FastTrWP/PhaseSpace/IAs/snIa_0.57_30.00_-0.01_-0.03.csv
# %ECSV 0.9
# ---
# datatype:
# - {name: time-rel, datatype: float64}
# - {name: g, datatype: float64}
# - {name: i, datatype: float64}
# schema: astropy-2.0
time-rel g i
[from data line 1443]
857.8958333333334 24.231776985631157 22.397549837459316
858.3958333333334 24.233781354574795 22.397950572249187
858.8958333333333 24.235794901059244 22.39835069833201
859.3958333333334 24.237809663864347 22.398749357945448
859.8958333333334 24.239809572236176 22.39915664578705
860.3958333333333 24.241834771344692 22.399556067060928
860.8958333333334 24.24385247711662 22.39995596214518
861.3958333333334 24.24585514347854 22.400364241803842
861.8958333333333 24.24786890665687 22.40076750379645
862.3958333333334 24.249886579925025 22.40117223919912
862.8958333333334 24.251893970726933 22.40158272623718
863.3958333333333 24.2539058854813 22.401989139663563
863.8958333333334 24.255926537280935 22.402403546997498
864.3958333333334 24.25794658961083 22.402808005849476
864.8958333333333 24.259961565502614 22.403225059126687
865.3958333333334 24.26196703692224 22.403632443939298
865.8958333333334 24.26399522410253 22.4040427971909
866.3958333333333 24.266002702042915 22.404456491214493
866.8958333333334 24.26801166911809 22.404870309119985
867.3958333333334 24.270020900978636 22.40529106004978
867.8958333333333 24.272029066839465 22.405702557752655
868.3958333333334 24.27406479878678 22.406117803137576
868.8958333333334 24.27606635052868 22.40653746616939
869.3958333333333 24.278071113952983 22.40695418860827
869.8958333333334 24.280069016559963 22.407375556161142
870.3958333333334 24.282094434355873 22.407795667030523
870.8958333333333 24.284097550086052 22.408213485214915
871.3958333333334 24.286100374772076 22.408640401940595
871.8958333333334 24.28812445421225 22.409068709322753
872.3958333333333 24.290131372917052 22.409487968360956
872.8958333333334 24.29214300878815 22.409911372246807
873.3958333333334 24.294135330442597 22.410341495728183
873.8958333333333 24.29615021955631 22.41076426958573
874.3958333333334 24.29817215803891 22.41119744382377
874.8958333333334 24.300165935892295 22.411615268235394
875.3958333333333 24.30218471082285 22.41205291845846
875.8958333333334 24.304168256041795 22.41246991523078
876.3958333333334 24.306182582300615 22.41290106720255
876.8958333333333 24.308203227041957 22.413329887083528
877.3958333333334 24.310199625648682 22.413767800324344
877.8958333333334 24.31219343584269 22.414193851572023
878.3958333333333 24.314198768783285 22.41463141338887
878.8958333333334 24.316213875945877 22.41506807290637
879.3958333333334 24.318199774658392 22.415499638840647
879.8958333333333 24.320188051742235 22.415933878026078
880.3958333333334 24.322192184043896 22.416367011637046
880.8958333333334 24.32420955289328 22.416807225880078
881.3958333333333 24.326187457575372 22.41724249316946
881.8958333333334 24.328199677664095 22.417679761782743
882.3958333333334 24.330192621177673 22.418115404116406
882.8958333333333 24.332187578606337 22.418553954111854
883.3958333333334 24.334169865925723 22.418993775725298
883.8958333333334 24.33616231974232 22.419435794060668
884.3958333333333 24.338160867621834 22.419875775012205
884.8958333333334 24.340158372430317 22.42031194484952
885.3958333333334 24.3421397444315 22.420759061931438
885.8958333333333 24.344121273428456 22.421199391392296
886.3958333333334 24.346114654205316 22.421648148053116
886.8958333333334 24.348099409153548 22.422095633265002
887.3958333333333 24.350081440826287 22.422539095570578
887.8958333333334 24.352066942979636 22.422980505503027
888.3958333333334 24.35404757110661 22.42343102180152
888.8958333333333 24.35603280279491 22.423879208677285
889.3958333333334 24.357998364744372 22.42432889819677
889.8958333333334 24.359990394253632 22.424777375439984
890.3958333333333 24.361966585531036 22.425233167996726
890.8958333333334 24.363938878881243 22.425687363781233
891.3958333333334 24.365902623033953 22.426135982915646
891.8958333333333 24.367880950504734 22.426589728261675
892.3958333333334 24.369871843958123 22.427043189200514
892.8958333333334 24.3718291561364 22.427497217780857
893.3958333333333 24.373808740210492 22.42795799019193
893.8958333333334 24.375776053417443 22.42841125055684
894.3958333333334 24.37775073917149 22.428872259976597
894.8958333333333 24.37971653800391 22.429322626777154
895.3958333333334 24.381669340827944 22.429788215355
895.8958333333334 24.38364920249365 22.43024615287858
896.3958333333333 24.385593393440693 22.430708225307118
896.8958333333334 24.387569961635283 22.431167164757866
897.3958333333334 24.38953819965497 22.431632265983275
897.8958333333333 24.391495475261333 22.43208950787396
898.3958333333334 24.39345830046885 22.43256775193359
898.8958333333334 24.395425351252634 22.433025618361953
899.3958333333333 24.39737309546402 22.43349327471278
899.8958333333334 24.39933245048072 22.43396146696066
900.3958333333334 24.4012853839774 22.434426798684306
900.8958333333333 24.403248383793198 22.434898489135072
901.3958333333334 24.405189335233786 22.43536620093594
901.8958333333334 24.407154104949473 22.4358398938673
902.3958333333333 24.40911392790231 22.436303482090146
902.8958333333334 24.411046091936047 22.436778597202913
903.3958333333334 24.413026388724045 22.43725371046665
903.8958333333333 24.414942869294244 22.437720690333048
904.3958333333334 24.416901832613085 22.43819658655569
904.8958333333334 24.418849048265578 22.43867009373181
905.3958333333333 24.420805086765235 22.439157183216878
905.8958333333334 24.42274855886081 22.43963176859966
906.3958333333334 24.424700978914245 22.44010686791424
906.8958333333333 24.426623306774363 22.44058916708848
907.3958333333334 24.42856027583131 22.441064345348902
907.8958333333334 24.430526700447295 22.44154571073054
908.3958333333333 24.432472470943033 22.44202241912424
908.8958333333334 24.434399298452067 22.442505846853873
909.3958333333334 24.43633855534072 22.442992533893875
909.8958333333333 24.43829556509219 22.443469051441873
910.3958333333334 24.440212450648886 22.44395338956344
910.8958333333334 24.44215936945312 22.44444195745877
911.3958333333333 24.444099802047138 22.444922528733894
911.8958333333334 24.446020540704385 22.44541114897418
912.3958333333334 24.44796064322238 22.445905359587847
912.8958333333333 24.449911544831654 22.446391349047406
913.3958333333334 24.45182973349432 22.44688412773691
913.8958333333334 24.453761572780714 22.447371938312042
914.3958333333333 24.455696264494993 22.447861659712686
914.8958333333334 24.457630758514647 22.44834222229069
915.3958333333334 24.459560254370388 22.44883923413606
915.8958333333333 24.461486986810918 22.449331630457152
916.3958333333334 24.463415979988703 22.44982562194572
916.8958333333334 24.465369448362274 22.45032904997812
917.3958333333333 24.467277312672916 22.450815816205193
917.8958333333334 24.469191021433193 22.451314641209954
918.3958333333334 24.471142589258097 22.451811487037414
918.8958333333333 24.473056080254885 22.452309789658983
919.3958333333334 24.47496092568273 22.452801166469925
919.8958333333334 24.476893119995182 22.453305158983817
920.3958333333333 24.478841082160937 22.453804089980032
920.8958333333334 24.480736977251652 22.454298148475516
921.3958333333334 24.482686011173268 22.45480862654006
921.8958333333333 24.484593464502765 22.45530266761047
922.3958333333334 24.486527495728183 22.45581573931227
922.8958333333334 24.48842023740479 22.456311959573164
923.3958333333333 24.490350465272183 22.456823023263148
923.8958333333334 24.49226134881505 22.45731944707771
924.3958333333334 24.49418879100473 22.457832374388147
924.8958333333333 24.496096734924144 22.45834101101351
925.3958333333334 24.498021078676974 22.45884685780949
925.8958333333334 24.49993131112246 22.45936126117347
926.3958333333333 24.50183246297058 22.45986188510697
926.8958333333334 24.503742262113427 22.460378447691873
927.3958333333334 24.505642353239367 22.460884974671714
927.8958333333333 24.507558827812378 22.461403013675877
928.3958333333334 24.509458260319214 22.46190830724238
928.8958333333334 24.511379626675087 22.462420551752793
929.3958333333333 24.513264232016926 22.46294306049503
929.8958333333334 24.515165609167546 22.463452580789962
930.3958333333334 24.517063580870598 22.46397344559298
930.8958333333333 24.518973566591175 22.464489745334497
931.3958333333334 24.520852110075943 22.465005000677056
931.8958333333334 24.522738136067062 22.465524683164677
932.3958333333333 24.524635875199685 22.466042243951016
932.8958333333334 24.526522358015235 22.466567558372653
933.3958333333334 24.528421381592906 22.46708622908784
933.8958333333333 24.530310609936482 22.467612699478465
934.3958333333334 24.532197025692383 22.46813269009224
934.8958333333334 24.53407441156198 22.468656291511188
935.3958333333333 24.535955220678467 22.4691778716103
935.8958333333334 24.537820254631857 22.469711205656175
936.3958333333334 24.53971918018705 22.470232154157365
936.8958333333333 24.54160954057514 22.470768847285502
937.3958333333334 24.543467912393325 22.471295259292006
937.8958333333334 24.54536922429897 22.471815709318548
938.3958333333333 24.54723791834499 22.47234947556521
938.8958333333334 24.54908783305693 22.472875367044516
939.3958333333334 24.550973891096653 22.473413379083528
939.8958333333333 24.5528506003306 22.47394367721914
940.3958333333334 24.55469838935646 22.474478380247938
940.8958333333334 24.556569465818935 22.475010841299145
941.3958333333333 24.558443485908764 22.475550946766077
941.8958333333334 24.56031835839071 22.476082034879393
942.3958333333334 24.562164858726042 22.476621393082542
942.8958333333333 24.56405011213642 22.477157541039915
943.3958333333334 24.56590060381481 22.47769832293845
943.8958333333334 24.567778824428615 22.47824489835253
944.3958333333333 24.5696257702982 22.47877667773519
944.8958333333334 24.5714749262062 22.47931824615943
945.3958333333334 24.573338537045025 22.479861472376044
945.8958333333333 24.575196644391557 22.480399463006098
946.3958333333334 24.57704858220368 22.480941913469678
946.8958333333334 24.578902224249433 22.481488308190304
947.3958333333333 24.58076066053133 22.482036109867177
947.8958333333334 24.58260429839894 22.482577242531498
948.3958333333334 24.584452636433195 22.483125275491837
948.8958333333333 24.58630028444005 22.483666254182218
949.3958333333334 24.588147221113097 22.484224367793676
949.8958333333334 24.589988514713838 22.484776245721
950.3958333333333 24.591833139285654 22.485324041927292
950.8958333333334 24.593685424952838 22.485875578371648
951.3958333333334 24.59550743879719 22.486424975075224
951.8958333333333 24.597357871869832 22.48698237091476
952.3958333333334 24.59919925617253 22.487538999439238
952.8958333333334 24.601033439503034 22.4880889934578
953.3958333333333 24.602878416150283 22.488643093207333
953.8958333333334 24.604710790146097 22.489201071398565
954.3958333333334 24.606542610526645 22.489753397127814
954.8958333333333 24.60838971875034 22.490317858558644
955.3958333333334 24.610211758418483 22.49087390589208
955.8958333333334 24.612048137859052 22.491434229467963
956.3958333333333 24.61388408332107 22.491995747591787
956.8958333333334 24.615714156933414 22.49255666140649
957.3958333333334 24.617545905958277 22.493111015062
957.8958333333333 24.619351526139965 22.493682413626566
958.3958333333334 24.621194818078656 22.494246258374055
958.8958333333334 24.623023026421915 22.494810964918997
959.3958333333333 24.62484073104205 22.495374594384778
959.8958333333334 24.62667969526974 22.495941634694404
960.3958333333334 24.628511187214606 22.49650811696819
960.8958333333333 24.630311783735984 22.497077307268334
961.3958333333334 24.63213377962831 22.497648773008105
961.8958333333334 24.63396313358089 22.498212650653528
962.3958333333333 24.635772317798047 22.498790044992532
962.8958333333334 24.637566996152835 22.499355897049234
963.3958333333334 24.63939529943168 22.499932858498553
963.8958333333333 24.6411764669681 22.500505157933848
964.3958333333334 24.6429774887023 22.501086086789854
964.8958333333334 24.644780327650558 22.501660053328916
965.3958333333333 24.6465679791116 22.502238478879132
965.8958333333334 24.648360601272167 22.502811689017182
966.3958333333334 24.65014816733173 22.503388403844866
966.8958333333333 24.65195236679785 22.503977233344944
967.3958333333334 24.653737574005817 22.504553631050776
967.8958333333334 24.65550973407411 22.505142522293745
968.3958333333333 24.6572749916027 22.505726009401762
968.8958333333334 24.65905687056658 22.506311735559628
969.3958333333334 24.66083707038241 22.50688866492588
969.8958333333333 24.662606732189293 22.507477760741082
970.3958333333334 24.664374204427094 22.508077035173287
970.8958333333334 24.666145224169643 22.508651202873367
971.3958333333333 24.66791599234556 22.509243835037868
971.8958333333334 24.66967962985216 22.509840366854522
972.3958333333334 24.671445682910907 22.510427173028077
972.8958333333333 24.673194262928646 22.511016646298934
973.3958333333334 24.674958378738832 22.511610229603946
973.8958333333334 24.676708899380202 22.51220281575916
974.3958333333333 24.678465449087426 22.512796298233972
974.8958333333334 24.680208638989164 22.51339462932342
975.3958333333334 24.681964180259605 22.513989077150278
975.8958333333333 24.683713751763115 22.51458748646354
976.3958333333334 24.685462904806535 22.51518283927087
976.8958333333334 24.687217508716103 22.515784605781818
977.3958333333333 24.688948274959685 22.516385309662308
977.8958333333334 24.69069936549284 22.516986630356115
978.3958333333334 24.692430575238944 22.517587326894237
978.8958333333333 24.69419422237791 22.518196936944076
979.3958333333334 24.695927000663428 22.518792563945528
979.8958333333334 24.697669851696258 22.51939640139026
980.3958333333333 24.699384375539914 22.519998315499457
980.8958333333334 24.701133192706116 22.520614756423164
981.3958333333334 24.702861337264224 22.52121408920413
981.8958333333333 24.704615758038116 22.52181750184651
982.3958333333334 24.706343417810007 22.522433465759
982.8958333333334 24.708076763028522 22.523044785570775
983.3958333333333 24.70979290898925 22.52365613500347
983.8958333333334 24.711539103577593 22.524267631162566
984.3958333333334 24.713268030572454 22.524878945139115
984.8958333333333 24.715013960089497 22.52548194521647
985.3958333333334 24.716728793953887 22.526101434359592
985.8958333333334 24.71845614648906 22.526717813061342
986.3958333333333 24.720187093711594 22.527323993453322
986.8958333333334 24.72192159271945 22.527943859541107
987.3958333333334 24.723652117696304 22.52855126462716
987.8958333333333 24.725381210461403 22.52917262574246
988.3958333333334 24.727111754189558 22.52979113376997
988.8958333333334 24.728841934367757 22.530409615472422
989.3958333333333 24.73056942231733 22.53102946920229
989.8958333333334 24.73231609752261 22.531645886355058
990.3958333333334 24.734031323438174 22.532262775790343
990.8958333333333 24.73577528006853 22.532880270793733
991.3958333333334 24.73751455775804 22.533505619239044
991.8958333333334 24.739239594133014 22.534128901933528
992.3958333333333 24.740981872918976 22.534749235202625
992.8958333333334 24.742701955817186 22.535374785861233
993.3958333333334 24.74442653402704 22.53600363450989
993.8958333333333 24.74617903506178 22.536623730238947
994.3958333333334 24.747916820536155 22.537244550764033
994.8958333333334 24.74963025323122 22.537870247557553
995.3958333333333 24.751377407219593 22.538495799242774
995.8958333333334 24.75311663082975 22.53911955134587
996.3958333333334 24.754855926870004 22.53974792671339
996.8958333333333 24.75660525841866 22.540375415091276
997.3958333333334 24.758355459774876 22.541001840761773
997.8958333333334 24.760096012280194 22.541630612625802
998.3958333333333 24.761828257571594 22.542264196126368
998.8958333333334 24.763597967614714 22.54289053519781
999.3958333333334 24.76533127572385 22.543521769539478
999.8958333333333 24.7670793460686 22.54415593768939
1000.3958333333334 24.76880662567742 22.544779197324452
1000.8958333333334 24.770554788475483 22.545426716607963
1001.3958333333334 24.772290439330206 22.546055375248688
1001.8958333333334 24.774024705093993 22.546696855545658
