FastTrWP/PhaseSpace/IAs/snIa_0.57_30.00_-1.03_-0.05.csv
# %ECSV 0.9
# ---
# datatype:
# - {name: time-rel, datatype: float64}
# - {name: g, datatype: float64}
# - {name: i, datatype: float64}
# schema: astropy-2.0
time-rel g i
-349.5 26.994988952168516 24.94650863812959
-349.0 26.976913375880542 24.939025759029697
-348.5 26.958946058916034 24.9315630567467
-348.0 26.94122100206917 24.924136438685537
-347.5 26.92367666674338 24.916731773400514
-347.0 26.906375949967632 24.909377547350395
-346.5 26.88929610977401 24.902046530229647
-346.0 26.872332186193823 24.89474785674611
-345.5 26.855582709474362 24.887460499445098
-345.0 26.83899720989432 24.880209630295248
-344.5 26.822553406623463 24.87299352979694
-344.0 26.80632496799187 24.865810234464377
-343.5 26.790219627397537 24.858667840980196
-343.0 26.77425450014645 24.85152223886097
-342.5 26.75853563699862 24.844426184429715
-342.0 26.742848932963522 24.837334181945494
-341.5 26.727377544297507 24.83032793480728
-341.0 26.712012905420583 24.823292518684955
-340.5 26.696834703808754 24.81628214221814
-340.0 26.681752339627348 24.80934319322348
-339.5 26.666753802223585 24.8023800077811
-339.0 26.651965414028055 24.795477555423453
-338.5 26.63727575186372 24.78861519192669
-338.0 26.622747826073248 24.781752996924023
-337.5 26.608270467720327 24.774919320061485
-337.0 26.593965972368633 24.768128916405864
-336.5 26.579723289311147 24.761348988590246
-336.0 26.565587789102217 24.75460687340071
-335.5 26.551541743433752 24.747875102896874
-335.0 26.537681971388857 24.741168666319297
-334.5 26.523894638484098 24.73448949021489
-334.0 26.510148625477783 24.727856772085044
-333.5 26.49656318379773 24.721239017629326
-333.0 26.483078207602738 24.714636341196634
-332.5 26.46970247785631 24.708073501159742
-332.0 26.456413709618147 24.70153152444548
-331.5 26.443153421051136 24.694999859192844
-331.0 26.430042504217063 24.688500446294746
-330.5 26.41698513399578 24.68203425358062
-330.0 26.404111510208853 24.67559017192712
-329.5 26.39135030816118 24.669163475904668
-329.0 26.37863644963636 24.6627523944476
-328.5 26.366089426882287 24.6563637922989
-328.0 26.35366142588493 24.650042225984276
-327.5 26.341353600184505 24.64368774851103
-327.0 26.329048975997914 24.637362073660434
-326.5 26.31691728164876 24.631095237242057
-326.0 26.30488848349883 24.62481605694733
-325.5 26.292886074851587 24.61857221867848
-325.0 26.281012177443767 24.61235797723342
-324.5 26.26923223764994 24.60616228384356
-324.0 26.257512130119526 24.599952533888505
-323.5 26.245993252186217 24.593819176985328
-323.0 26.234440585955504 24.58765265909439
-322.5 26.22293733128099 24.581562582274312
-322.0 26.21157306505451 24.57547060732487
-321.5 26.20032133011118 24.569382053202506
-321.0 26.18911987380869 24.5633041271443
-320.5 26.177951167421018 24.55728135877657
-320.0 26.166881110872353 24.551267079872186
-319.5 26.155900833848136 24.54527054122096
-319.0 26.145020055556365 24.539295228022013
-318.5 26.134107915819932 24.533347490408403
-318.0 26.123304100664203 24.527390137422778
-317.5 26.112568822224684 24.52147638073596
-317.0 26.101893579471664 24.515569505328536
-316.5 26.091279383785206 24.509674383517073
-316.0 26.080725947280555 24.503809945321766
-315.5 26.070229138254643 24.497956355614985
-315.0 26.059751521573933 24.492134922646578
-314.5 26.0493587720455 24.486325773304753
-314.0 26.039026485613668 24.480523406325247
-313.5 26.028759761125112 24.474757742323618
-313.0 26.018491157804526 24.468997433214057
-312.5 26.0083628756103 24.463258322198666
-312.0 25.998224719693965 24.457524191445703
-311.5 25.988116472574553 24.451826797426182
-311.0 25.978090176091445 24.446108889819573
-310.5 25.968074720967135 24.440456014614114
-310.0 25.95817524818775 24.43478410755268
-309.5 25.94822738779587 24.42915417648893
-309.0 25.93836206760868 24.42351356459405
-308.5 25.928506261543554 24.417929156678625
-308.0 25.918768801376263 24.41233020913458
-307.5 25.909028608853628 24.40674078485891
-307.0 25.899346746173983 24.401195985746128
-306.5 25.889665511555272 24.395628923940503
-306.0 25.880066146300777 24.390106555259568
-305.5 25.870460881149008 24.384591886415144
-305.0 25.860907745952456 24.3790796347063
-304.5 25.851388613237173 24.373598925003968
-304.0 25.84191721654927 24.368125575889835
-303.5 25.832458434570114 24.362662690403653
-303.0 25.82304316121727 24.357218058891874
-302.5 25.81367807482969 24.35179668976356
-302.0 25.80432668265184 24.34638909360444
-301.5 25.795008233148103 24.34099787284444
-301.0 25.785709172288588 24.335606473260512
-300.5 25.7764615184161 24.330225772463287
-300.0 25.76723643202373 24.32487018788862
-299.5 25.75802968516085 24.319538435192154
-299.0 25.748855320509968 24.31421607534416
-298.5 25.739747256001372 24.308894952604398
-298.0 25.730619639815817 24.303592236135387
-297.5 25.72152567016277 24.298307844142222
-297.0 25.71246457199196 24.29302414516153
-296.5 25.70341106354224 24.28776275177366
-296.0 25.69444010662294 24.28253027429802
-295.5 25.685408192182294 24.277296209352016
-295.0 25.676485839683703 24.272075148761726
-294.5 25.667563124900482 24.266879284857236
-294.0 25.65864206905255 24.26167345349564
-293.5 25.649754652163203 24.256490714107507
-293.0 25.640905511904585 24.251308128236374
-292.5 25.632059315043886 24.246153467905526
-292.0 25.623277880489038 24.24102856187376
-291.5 25.614528219530634 24.235871879296123
-291.0 25.60576691603185 24.230766384277842
-290.5 25.597075988081283 24.22566071841382
-290.0 25.58842824680006 24.220576768783744
-289.5 25.57977103442579 24.21550378078305
-289.0 25.571174199360502 24.21043486893346
-288.5 25.562618075683623 24.20539058830064
-288.0 25.554049210916997 24.200354198608025
-287.5 25.545568611748255 24.19533958219042
-287.0 25.537082959613443 24.190323881441902
-286.5 25.528649364020644 24.185318992758535
-286.0 25.520250730767472 24.180339319435014
-285.5 25.511834997236036 24.17537880634918
-285.0 25.503496114338553 24.170410013892297
-284.5 25.49516400815427 24.165448067175134
-284.0 25.486878735995017 24.160520810967625
-283.5 25.478639820009636 24.155603153415413
-283.0 25.47036298570664 24.150681100694563
-282.5 25.462155248328248 24.145780780230005
-282.0 25.45396816555822 24.140910842719464
-281.5 25.445839446280697 24.136017094787032
-281.0 25.437695582497902 24.131153767623076
-280.5 25.42964697302764 24.126293611353336
-280.0 25.421546697235698 24.121462958725452
-279.5 25.413561588485422 24.116620409376253
-279.0 25.405532718034376 24.111811836721444
-278.5 25.39754027417071 24.107000140275282
-278.0 25.38960796475395 24.102217326496138
-277.5 25.381677185326307 24.097429556740874
-277.0 25.373783169511977 24.09265233804412
-276.5 25.36593129642697 24.08789160275013
-276.0 25.358077544521358 24.083132544369654
-275.5 25.35025592517151 24.078414715342124
-275.0 25.342487287650798 24.073669236477823
-274.5 25.334724567798826 24.068945065501524
-274.0 25.326948561228694 24.064249548651535
-273.5 25.319289467614286 24.059550796834937
-273.0 25.31158954834259 24.054864708290182
-272.5 25.303910714884367 24.05019763480402
-272.0 25.296290290071433 24.045528722236654
-271.5 25.28869140418843 24.04086735288987
-271.0 25.281097065350853 24.03621285730892
-270.5 25.273547849152447 24.03158226020128
-270.0 25.266015762999228 24.026959622064574
-269.5 25.258512452793383 24.022350428774047
-269.0 25.251033572755084 24.017736696461945
-268.5 25.243566306788896 24.013151777329533
-268.0 25.236098317448096 24.008560542457893
-267.5 25.228723093724362 24.00398074088539
-267.0 25.221322442230395 23.999423546664005
-266.5 25.213982837054413 23.994864027174394
-266.0 25.206663003080493 23.990312150553812
-265.5 25.199344167362632 23.985788578216045
-265.0 25.192048098150437 23.98124964948269
-264.5 25.184792934990092 23.976733348659252
-264.0 25.177542184391903 23.97224018610094
-263.5 25.170342433671614 23.9677350158216
-263.0 25.163131192125707 23.963237383408696
-262.5 25.155952140638274 23.958759730047724
-262.0 25.148803844787587 23.954286965975665
-261.5 25.14166186672388 23.949823637620675
-261.0 25.134594899482746 23.945370630894796
-260.5 25.1275116346335 23.940927123821197
-260.0 25.12044319581819 23.93649211186208
-259.5 25.11340088512472 23.93206799462582
-259.0 25.10638864818609 23.927641808537082
-258.5 25.099374815682282 23.923242897037852
-258.0 25.092420964134917 23.91885350561457
-257.5 25.085464309789497 23.914469378770708
-257.0 25.078541076871627 23.910074386301282
-256.5 25.07163854730031 23.905695105685417
-256.0 25.064739469889396 23.901337285296638
-255.5 25.057883673678496 23.89698739203956
-255.0 25.05104572593208 23.8926483671599
-254.5 25.04424403108913 23.888305167595053
-254.0 25.037419085100975 23.883963536874496
-253.5 25.030642319582064 23.87965424930482
-253.0 25.023876638446456 23.875346963003274
-252.5 25.01715395603427 23.871048218019734
-252.0 25.010454379763804 23.866760645934555
-251.5 25.003743216953865 23.862484367021885
-251.0 24.99704957115437 23.85820867276916
-250.5 24.990425120418713 23.853950141613204
-250.0 24.983786875683755 23.849693007217322
-249.5 24.977167313008092 23.84545836302889
-249.0 24.970567016736883 23.841216493005483
-248.5 24.964003124801767 23.83698013856435
-248.0 24.95746103072323 23.83277804156328
-247.5 24.950917179639795 23.828567894060694
-247.0 24.944403141145596 23.824361891945237
-246.5 24.93793316595451 23.820167346196357
-246.0 24.93144484448457 23.815990146985925
-245.5 24.92497422730733 23.8118101076429
-245.0 24.9185307891686 23.80764928230596
-244.5 24.912111566555172 23.80347866701159
-244.0 24.90571785325192 23.799333922976736
-243.5 24.89932990982535 23.79519295758275
-243.0 24.892976548309914 23.79105519900742
-242.5 24.886618814963413 23.78692668297028
-242.0 24.880305236824025 23.782803309041817
-241.5 24.87399793607755 23.77869448412511
-241.0 24.867706464726574 23.774597231369615
-240.5 24.861410970728073 23.770497432509657
-240.0 24.85513353115674 23.766409214373603
-239.5 24.84892629118783 23.762324508674908
-239.0 24.842676049918712 23.758268514073055
-238.5 24.8364732620418 23.75419967826066
-238.0 24.830287201809824 23.750130582175224
-237.5 24.824099848072663 23.746082281339056
-237.0 24.817961669383525 23.742041351586394
-236.5 24.81181179434989 23.738002828306538
-236.0 24.805678943319826 23.733981691426745
-235.5 24.799578991433084 23.729953686984445
-235.0 24.79348842508806 23.725932835591735
-234.5 24.787412024405672 23.721923912919447
-234.0 24.781325168055382 23.71793230034632
-233.5 24.775310956689825 23.713946304501018
-233.0 24.769261240288714 23.709949692530408
-232.5 24.763249983434626 23.70595988278165
-232.0 24.75723474470692 23.7020013992818
-231.5 24.751268654392646 23.69803211580715
-231.0 24.745270727968972 23.694067225423254
-230.5 24.739345340470983 23.690119194856045
-230.0 24.733397261697093 23.686172292505464
-229.5 24.727486292035373 23.68222746861897
-229.0 24.721554438387756 23.67830345783414
-228.5 24.715636762673228 23.67436689260236
-228.0 24.70978800117861 23.670442467042953
-227.5 24.70391114689798 23.66654568438011
-227.0 24.698075424122834 23.662623332619948
-226.5 24.692223958003208 23.65872427289282
-226.0 24.686410385777688 23.654828870591842
-225.5 24.68059514801091 23.650936692599274
-225.0 24.674800436514662 23.647060905063448
-224.5 24.66903061980888 23.643166766054435
-224.0 24.663241334775606 23.639296009447147
-223.5 24.65750538281934 23.635439783344214
-223.0 24.651747469863032 23.63157982959672
-222.5 24.646030003209756 23.62772452159824
-222.0 24.640300185299573 23.62387122545686
-221.5 24.63462564858078 23.620051786343677
-221.0 24.628915729692956 23.616208693071794
-220.5 24.623243141045673 23.612368151704537
-220.0 24.61757800526201 23.60854988220651
-219.5 24.611942170068364 23.604735942298877
-219.0 24.606295536063513 23.600915119022538
-218.5 24.60067894035358 23.59710344746854
-218.0 24.595071057116268 23.593294290469725
-217.5 24.58949113411159 23.58950708008343
-217.0 24.583870716992948 23.585708411540583
-216.5 24.57829382637876 23.58194460386533
-216.0 24.572763743687652 23.578152873321258
-215.5 24.567225959015204 23.574390735251573
-215.0 24.561694154775672 23.570635860991178
-214.5 24.55618701119755 23.566874211473557
-214.0 24.550679307703753 23.56312780685846
-213.5 24.545182174978187 23.55938077547352
-213.0 24.53971984382835 23.55564630163085
-212.5 24.53425757094617 23.551914288768486
-212.0 24.528814491671845 23.548187195724132
-211.5 24.523369836683138 23.544469086993928
-211.0 24.517956708467207 23.540754773247905
-210.5 24.512548651276816 23.537056581732763
-210.0 24.507154816781757 23.533355702162908
-209.5 24.50178179688229 23.529661208482842
-209.0 24.496400339864373 23.525977815168734
-208.5 24.49104754006941 23.522281417894074
-208.0 24.48570230836185 23.518599999983355
-207.5 24.480359206563655 23.51494473971353
-207.0 24.475047335808284 23.511280794840967
-206.5 24.469745904632944 23.507627937011193
-206.0 24.464435325627697 23.50397659893083
-205.5 24.459141025821335 23.50033768972834
-205.0 24.453872790737208 23.49667818679023
-204.5 24.448619547355793 23.493052511702576
-204.0 24.443360837736797 23.489415398306907
-203.5 24.438134191697337 23.485789704079384
-203.0 24.432905430403295 23.48217115700191
-202.5 24.42768769948553 23.478560796152376
-202.0 24.422503714353326 23.474942805469926
-201.5 24.417296673542978 23.47135454267329
-201.0 24.412115415611964 23.467750084331126
-200.5 24.406959654089178 23.4641643848558
-200.0 24.401811307308982 23.460573742826078
-199.5 24.39666210607344 23.456992366148537
-199.0 24.39153847521876 23.45341900732652
-198.5 24.38640717905748 23.449838946656925
-198.0 24.381284553086825 23.44628154049417
-197.5 24.376183622855333 23.442726921442357
-197.0 24.371101207401313 23.43917476997616
-196.5 24.36602387894785 23.4356209709351
-196.0 24.36094540896501 23.432073168111277
-195.5 24.355890321713495 23.42852689801516
-195.0 24.35084603848621 23.425002223944627
-194.5 24.345821570421965 23.42147310476104
-194.0 24.340787954963737 23.417950281058797
-193.5 24.335766249500807 23.414413945478213
-193.0 24.33075892047151 23.410909646378045
-192.5 24.32577195490655 23.407403233865786
-192.0 24.320795054352207 23.403894466584333
-191.5 24.315832559595624 23.400386315063532
-191.0 24.310861994359442 23.396890521085997
-190.5 24.305920612138365 23.39340072993688
-190.0 24.300962588295572 23.389928122030213
-189.5 24.296038890072076 23.38644188515947
-189.0 24.291123517971215 23.38296298513852
-188.5 24.28619603248066 23.37949706289555
-188.0 24.2812962686709 23.376019212563335
-187.5 24.276396799730687 23.372554750593537
-187.0 24.27152698862663 23.369097348005216
-186.5 24.26664624030487 23.365636849297555
-186.0 24.261783582649738 23.362187516450295
-185.5 24.256954448850227 23.358748290625332
-185.0 24.25209272744948 23.35530492889541
-184.5 24.24725832430818 23.351872437021775
-184.0 24.24243545684249 23.34843993176994
-183.5 24.2376194664806 23.34502032269483
-183.0 24.232815464330724 23.341585291883437
-182.5 24.228019698880637 23.338176578199715
-182.0 24.223229159953064 23.334756650995306
-181.5 24.21844780156349 23.33134316858748
-181.0 24.213689295636218 23.327931380774103
-180.5 24.20893815286444 23.32453463618869
-180.0 24.204149104500793 23.321131709304154
-179.5 24.199399559212953 23.317725530681592
-179.0 24.194624931100158 23.314322938113033
-178.5 24.189842561417233 23.310925706958294
-178.0 24.18505840846192 23.30750878755138
-177.5 24.180259494731494 23.30410452702655
-177.00000000000006 24.17548289249045 23.30069835313772
-176.5 24.170659257163326 23.29728173245254
-176.0 24.16586928429183 23.29387292035679
-175.50000000000006 24.1610860975622 23.290471454970294
-175.0 24.156282514500205 23.287061839883766
-174.5 24.15149670024708 23.283662042169183
-174.00000000000006 24.146690572233847 23.280254736702993
-173.5 24.14191395079534 23.276852239019405
-173.0 24.1371105923566 23.273454444189632
-172.50000000000006 24.132330432627317 23.270053150676237
-172.0 24.127543399482153 23.266663480149916
-171.5 24.12275457225407 23.263266515657158
-171.00000000000006 24.117994249440407 23.259884779888992
-170.5 24.113225526679045 23.256489083409683
