FastTrWP/PhaseSpace/IAs/snIa_0.4_20_1_-0.1.csv
# %ECSV 0.9
# ---
# datatype:
# - {name: time-rel, datatype: float64}
# - {name: g, datatype: float64}
# - {name: i, datatype: float64}
# schema: astropy-2.0
time-rel g i
[from data line 2226]
1097.9583333333333 -25.072240709333798 -26.727848525288618
1098.4583333333333 -25.070254889578386 -26.727219072266358
1098.9583333333333 -25.068321715267388 -26.72660524418612
1099.4583333333333 -25.066335482974242 -26.725979380639338
1099.9583333333333 -25.064375345365676 -26.725351027432346
1100.4583333333333 -25.062402102025864 -26.724726527414706
1100.9583333333333 -25.060449395830528 -26.724101144780683
1101.4583333333333 -25.058453126285585 -26.723493743119842
1101.9583333333333 -25.056495758897533 -26.72286273636072
1102.4583333333333 -25.05453114185679 -26.722245610038936
1102.9583333333333 -25.052561171125852 -26.72162508500163
1103.4583333333333 -25.050583988767077 -26.721003943447666
1103.9583333333333 -25.048638628004895 -26.720372854878384
1104.4583333333333 -25.046645536604025 -26.71975361782569
1104.9583333333333 -25.044691307478114 -26.719129838620134
1105.4583333333333 -25.04271326757193 -26.718509229734586
1105.9583333333333 -25.040737072308477 -26.71788157850009
1106.4583333333333 -25.038770691874387 -26.717264545608536
1106.9583333333333 -25.036793751276775 -26.71664325851236
1107.4583333333333 -25.034828222078247 -26.716028390867976
1107.9583333333333 -25.032846230259715 -26.715403754707708
1108.4583333333333 -25.030861800740606 -26.714776846518706
1108.9583333333333 -25.028882753324666 -26.714154717413393
1109.4583333333333 -25.026923037480127 -26.713545946092356
1109.9583333333333 -25.024930506926285 -26.712915657955673
1110.4583333333333 -25.022953028502066 -26.71230353007377
1110.9583333333333 -25.021000854309705 -26.71168085593699
1111.4583333333333 -25.019014266832052 -26.71106159011661
1111.9583333333333 -25.017048723051683 -26.710435800401356
1112.4583333333333 -25.0150790439236 -26.709812759511074
1112.9583333333333 -25.013070699337995 -26.70920860316565
1113.4583333333333 -25.01108350089361 -26.708582629283306
1113.9583333333333 -25.00912641652643 -26.70796656440421
1114.4583333333333 -25.007141326816658 -26.707346379953968
1114.9583333333333 -25.00514484653739 -26.706727927265916
1115.4583333333333 -25.003164785060747 -26.706092487469487
1115.9583333333333 -25.00119046903645 -26.705485199681075
1116.4583333333333 -24.99921781793465 -26.704871697352953
1116.9583333333333 -24.99722338129237 -26.704244040707668
1117.4583333333333 -24.995225551039887 -26.70363296680484
1117.9583333333333 -24.99327506012746 -26.70300446090652
1118.4583333333333 -24.99130239489842 -26.70238437189226
1118.9583333333333 -24.98929843324445 -26.701774597145874
1119.4583333333333 -24.98731952902128 -26.701152461303135
1119.9583333333333 -24.98532772517031 -26.700539799673685
1120.4583333333333 -24.983367453159353 -26.699930476500878
1120.9583333333333 -24.98135780008564 -26.69930886224602
1121.4583333333333 -24.979403274191814 -26.6986839588499
1121.9583333333333 -24.977413394726327 -26.69807239300377
1122.4583333333333 -24.975417577715874 -26.697459816089978
1122.9583333333333 -24.973441043429165 -26.69685149876147
1123.4583333333333 -24.971473962793688 -26.69623171147218
1123.9583333333333 -24.9694871023457 -26.695614053788592
1124.4583333333333 -24.96750464056944 -26.695005672035723
1124.9583333333333 -24.965521570283574 -26.694379810420354
1125.4583333333333 -24.963525566964147 -26.693767523666597
1125.9583333333333 -24.961564052243634 -26.69315082631567
1126.4583333333333 -24.959572287238615 -26.692542658386927
1126.9583333333333 -24.957597296871505 -26.691925646684812
1127.4583333333333 -24.955599568469623 -26.691321212576433
1127.9583333333333 -24.95365122903442 -26.690708757266194
1128.4583333333333 -24.951672376624607 -26.690091196214034
1128.9583333333333 -24.94967913298439 -26.689476017993105
1129.4583333333333 -24.947693392289573 -26.688864375073745
1129.9583333333333 -24.945692900867723 -26.6882645407558
1130.4583333333333 -24.94373962927042 -26.687647438027412
1130.9583333333333 -24.94177854131131 -26.68703412630142
1131.4583333333333 -24.93978593491692 -26.686428478415067
1131.9583333333333 -24.93781678609009 -26.685814880476137
1132.4583333333333 -24.935836056887005 -26.685209592705785
1132.9583333333333 -24.933872750753604 -26.684599090766653
1133.4583333333333 -24.931884678889848 -26.68399549409208
1133.9583333333333 -24.929905485269646 -26.683380097825452
1134.4583333333333 -24.927935495650946 -26.682763202224812
1134.9583333333333 -24.925965819454376 -26.682171931648693
1135.4583333333333 -24.923999949733773 -26.68156850234451
1135.9583333333333 -24.92201294952148 -26.680960065370556
1136.4583333333333 -24.920069632074615 -26.68035060594912
1136.9583333333333 -24.918107606950677 -26.679745306356587
1137.4583333333333 -24.916121985284544 -26.67913591879835
1137.9583333333333 -24.91415979358196 -26.678533814111184
1138.4583333333333 -24.912182683090897 -26.677930891998702
1138.9583333333333 -24.910215622127403 -26.677326299310103
1139.4583333333333 -24.90825802610103 -26.676735397095843
1139.9583333333333 -24.90626835326799 -26.67612370983532
1140.4583333333333 -24.90431782855787 -26.67552299589697
1140.9583333333333 -24.902349908520836 -26.674916519450946
1141.4583333333333 -24.900390671148923 -26.6743126106512
1141.9583333333333 -24.89844379782413 -26.673719127666764
1142.4583333333333 -24.896478557871433 -26.673112979123133
1142.9583333333333 -24.894476609062217 -26.67252128684308
1143.4583333333333 -24.892542802434058 -26.671917506105146
1143.9583333333333 -24.890596313722327 -26.671320692528894
1144.4583333333333 -24.88861248060949 -26.67071901337558
1144.9583333333333 -24.88663625645281 -26.670116383761176
1145.4583333333333 -24.88468985278921 -26.66952504401159
1145.9583333333333 -24.8827377723612 -26.668925613287826
1146.4583333333333 -24.880770712199435 -26.668337770954214
1146.9583333333333 -24.878832285110054 -26.667737283210396
1147.4583333333333 -24.87686841071584 -26.667140156466488
1147.9583333333333 -24.874894396485253 -26.666537129449598
1148.4583333333333 -24.872944997551873 -26.665947051309793
1148.9583333333333 -24.870967396560243 -26.665344371510763
1149.4583333333333 -24.869036648521273 -26.66474551264485
1149.9583333333333 -24.867077040637916 -26.664156426430353
1150.4583333333333 -24.86512349209721 -26.663565555440037
1150.9583333333333 -24.863191344533632 -26.662977084576344
1151.4583333333333 -24.861204138392708 -26.662380795521116
1151.9583333333333 -24.85926489038437 -26.661788521919632
1152.4583333333333 -24.85729486458891 -26.661191627668014
1152.9583333333333 -24.855351209620345 -26.660604278925646
1153.4583333333333 -24.853426095646004 -26.660005454714742
1153.9583333333333 -24.85146495341351 -26.659423269225968
1154.4583333333333 -24.849518437922633 -26.658831831381825
1154.9583333333333 -24.84757752791607 -26.658234597861114
1155.4583333333333 -24.845624307654965 -26.65764634939989
1155.9583333333333 -24.843675349623453 -26.657055152052497
1156.4583333333333 -24.84174395770216 -26.656460083858576
1156.9583333333333 -24.839800928545866 -26.655877147707802
1157.4583333333333 -24.83786772604015 -26.655276589063067
1157.9583333333333 -24.835897678085182 -26.654686655666616
1158.4583333333333 -24.833957645284404 -26.654110444208705
1158.9583333333333 -24.83202368887352 -26.653506944317286
1159.4583333333333 -24.830097288726662 -26.652911287286297
1159.9583333333333 -24.828169946886955 -26.652338337343437
1160.4583333333333 -24.826209344582423 -26.65174974270089
1160.9583333333333 -24.82428489414666 -26.651154918128405
1161.4583333333333 -24.822345784763694 -26.650569228863038
1161.9583333333333 -24.820424241013708 -26.649976547531082
1162.4583333333333 -24.8184922858656 -26.649391166304714
1162.9583333333333 -24.816575377759875 -26.648796654831287
1163.4583333333333 -24.81462533846182 -26.648212636803056
1163.9583333333333 -24.812705433803124 -26.647614673534065
1164.4583333333333 -24.810793031558227 -26.647033557663175
1164.9583333333333 -24.808834367524963 -26.646451109617587
1165.4583333333333 -24.80692083593305 -26.64586295375837
1165.9583333333333 -24.8050247589536 -26.645263260076728
1166.4583333333333 -24.803104073297085 -26.644672449448194
1166.9583333333333 -24.801189717352045 -26.64408281338279
1167.4583333333333 -24.79928294144414 -26.64349792898665
1167.9583333333333 -24.797358097423587 -26.642926684107238
1168.4583333333333 -24.795424498445016 -26.64232713581457
1168.9583333333333 -24.79351738283979 -26.641742513831055
1169.4583333333333 -24.791598041414602 -26.641153011241766
1169.9583333333333 -24.78965449371038 -26.640562599332146
1170.4583333333333 -24.78777685043817 -26.639980653051914
1170.9583333333333 -24.785873690031508 -26.63939490734238
1171.4583333333333 -24.783970984892218 -26.638796375119256
1171.9583333333333 -24.78208813118918 -26.638202083035566
1172.4583333333333 -24.780175387351015 -26.637620427415673
1172.9583333333333 -24.77827857680534 -26.637040390860804
1173.4583333333333 -24.776374483056465 -26.636446281585307
1173.9583333333333 -24.774454146437858 -26.635860380283116
1174.4583333333333 -24.772591636869507 -26.635276926184748
1174.9583333333333 -24.770669716417004 -26.63468842904701
1175.4583333333333 -24.768780018218358 -26.63409900422602
1175.9583333333333 -24.766912959548286 -26.633524707197473
1176.4583333333333 -24.765006970777126 -26.632933877685314
1176.9583333333333 -24.763120659934643 -26.63234447390005
1177.4583333333333 -24.76124592812203 -26.63176302886862
1177.9583333333333 -24.759348236524445 -26.63117983428696
1178.4583333333333 -24.757474827275807 -26.630593270518183
1178.9583333333333 -24.755584319746312 -26.63001878494586
1179.4583333333333 -24.753708072862167 -26.629429479291694
1179.9583333333333 -24.751831776114365 -26.628844873273295
1180.4583333333333 -24.74996583181367 -26.628263516147733
1180.9583333333333 -24.748066996464082 -26.62767572373889
1181.4583333333333 -24.746199799827686 -26.627091231875557
1181.9583333333333 -24.744312426891902 -26.626519844415796
1182.4583333333333 -24.742470210777768 -26.625925384600798
1182.9583333333333 -24.74060751089652 -26.62533693388206
1183.4583333333333 -24.738742570622094 -26.62475657680268
1183.9583333333333 -24.73686718072073 -26.62418439460119
1184.4583333333333 -24.734976959082783 -26.62360224303186
1184.9583333333333 -24.733119842851874 -26.623019937494593
1185.4583333333333 -24.731264194271215 -26.62243299090802
1185.9583333333333 -24.72943507238358 -26.621862013447597
1186.4583333333333 -24.72758271274527 -26.621267891434137
1186.9583333333333 -24.72570000557991 -26.62069859422331
1187.4583333333333 -24.723877471673227 -26.6201013578016
1187.9583333333333 -24.721981841890383 -26.61952470589505
1188.4583333333333 -24.72016963643042 -26.618948521212523
1188.9583333333333 -24.718325204825824 -26.618373220794087
1189.4583333333333 -24.71647143247607 -26.617793103801827
1189.9583333333333 -24.714623675098522 -26.617195656887368
1190.4583333333333 -24.712768977339227 -26.616628976825343
1190.9583333333333 -24.710927596838847 -26.616037526177383
1191.4583333333333 -24.7091034485376 -26.61546667968183
1191.9583333333333 -24.707269079255628 -26.614879031279127
1192.4583333333333 -24.705422353889862 -26.61430251433807
1192.9583333333333 -24.70359977432087 -26.613725144634152
1193.4583333333333 -24.70177301114507 -26.61314090014286
1193.9583333333333 -24.699945451699218 -26.612564168620757
1194.4583333333333 -24.698144149873308 -26.611984120422598
1194.9583333333333 -24.696266993561412 -26.61140891071816
1195.4583333333333 -24.694489587047023 -26.610830660660014
1195.9583333333333 -24.692668785925953 -26.61025090792918
1196.4583333333333 -24.69083859219753 -26.609674400490192
1196.9583333333333 -24.689001232873743 -26.609096980212623
1197.4583333333333 -24.687223764946072 -26.608517826579465
1197.9583333333333 -24.68540370148917 -26.607933332001128
1198.4583333333333 -24.683596298851715 -26.60735896140598
1198.9583333333333 -24.681772456443852 -26.60677532613449
1199.4583333333333 -24.679985802029684 -26.606204317830375
1199.9583333333333 -24.678189930260267 -26.6056162084504
1200.4583333333333 -24.67636444761626 -26.605037525929312
1200.9583333333333 -24.674594227832685 -26.604459274328697
1201.4583333333333 -24.672792210385968 -26.60388594966978
1201.9583333333333 -24.67099570888692 -26.60330359894255
1202.4583333333333 -24.669199303002753 -26.602733933301526
1202.9583333333333 -24.667422620765894 -26.602149651648595
1203.4583333333333 -24.66562898721879 -26.601572374573745
1203.9583333333333 -24.663829693698197 -26.600990305144805
1204.4583333333333 -24.66204301501087 -26.6004168838839
1204.9583333333333 -24.66029032125995 -26.599836312365774
1205.4583333333333 -24.658485813774465 -26.599260556557
1205.9583333333333 -24.65670324384839 -26.598684722951905
1206.4583333333333 -24.65494791175719 -26.59810279153296
1206.9583333333333 -24.65319895292573 -26.597525518556036
1207.4583333333333 -24.651418290704367 -26.596944259980255
1207.9583333333333 -24.649657037180926 -26.596372023005024
1208.4583333333333 -24.64790795176581 -26.59579857157258
1208.9583333333333 -24.646137991355396 -26.59522045832634
1209.4583333333333 -24.644367031722375 -26.59463649370394
1209.9583333333333 -24.642607762709762 -26.59405557830422
1210.4583333333333 -24.640868195073065 -26.59348689014644
1210.9583333333333 -24.63912622972432 -26.592904073674966
1211.4583333333333 -24.637370705567214 -26.592326070451243
1211.9583333333333 -24.635635800006167 -26.591756429006047
1212.4583333333333 -24.63387723479096 -26.591175001227928
1212.9583333333333 -24.63213305098772 -26.590610645324713
1213.4583333333333 -24.630403849514288 -26.59002567296371
1213.9583333333333 -24.62868642637615 -26.58944901590298
1214.4583333333333 -24.626972844507762 -26.588874411714333
1214.9583333333333 -24.625220983601587 -26.58829182267869
1215.4583333333333 -24.623514281060306 -26.58771413398977
1215.9583333333333 -24.621803054561887 -26.58713724647579
1216.4583333333333 -24.620077763563714 -26.58656217905905
1216.9583333333333 -24.6183531385686 -26.585989663751914
1217.4583333333333 -24.616642973228345 -26.585413767378938
1217.9583333333333 -24.614910137452803 -26.58483229761125
1218.4583333333333 -24.613212904150817 -26.584263602802032
1218.9583333333333 -24.611512321264666 -26.583687459817224
1219.4583333333333 -24.609812740246554 -26.58311775083989
1219.9583333333333 -24.60811334409042 -26.582545994124107
1220.4583333333333 -24.606403047916963 -26.581969799534413
1220.9583333333333 -24.604719103770506 -26.58138725611266
1221.4583333333333 -24.603025277479496 -26.580810954317478
1221.9583333333333 -24.60133817439733 -26.58024937340976
1222.4583333333333 -24.599640563376134 -26.57965592733312
1222.9583333333333 -24.597977388024344 -26.57909989705097
1223.4583333333333 -24.59626671991497 -26.57851697465073
1223.9583333333333 -24.59461514270795 -26.57794345521389
1224.4583333333333 -24.592958917913744 -26.577376968597864
1224.9583333333333 -24.591276480311457 -26.576790259834524
1225.4583333333333 -24.589603309728627 -26.57621291728269
1225.9583333333333 -24.587941853810797 -26.575646701790863
1226.4583333333333 -24.58625940997777 -26.575077845306048
1226.9583333333333 -24.58461750768592 -26.57450952371823
1227.4583333333333 -24.582922282778053 -26.573940541850703
1227.9583333333333 -24.5813024361399 -26.57337094002007
1228.4583333333333 -24.579632500416068 -26.572781149053462
1228.9583333333333 -24.57798569099248 -26.57221650709307
1229.4583333333333 -24.576321660818543 -26.571654713214805
1229.9583333333333 -24.57471672586671 -26.57107970449378
1230.4583333333333 -24.573022433278556 -26.570509574479765
1230.9583333333333 -24.571407290437403 -26.569942765649213
1231.4583333333333 -24.56977105776934 -26.569355764054066
1231.9583333333333 -24.568145488692558 -26.568796537080548
1232.4583333333333 -24.56649414647931 -26.56823074134808
1232.9583333333333 -24.56489310649669 -26.567656399403813
1233.4583333333333 -24.563289407679264 -26.56708778251119
1233.9583333333333 -24.561616067736246 -26.56651873901694
1234.4583333333333 -24.560019737828288 -26.56595055815859
