FastTrWP/PhaseSpace/IAs/snIa_0.33_30.00_-0.99_0.01.csv
# %ECSV 0.9
# ---
# datatype:
# - {name: time-rel, datatype: float64}
# - {name: g, datatype: float64}
# - {name: i, datatype: float64}
# schema: astropy-2.0
time-rel g i
[from data line 1158]
814.9583333333334 23.154453602843645 22.522253829396494
815.4583333333334 23.155940515368634 22.522649705809048
815.9583333333333 23.157431520409645 22.52306541969894
816.4583333333334 23.158908227681305 22.523477522898638
816.9583333333334 23.160394095225584 22.523897378207153
817.4583333333333 23.161877831912566 22.52430967381397
817.9583333333334 23.16336487643671 22.52473765015298
818.4583333333334 23.164852384587075 22.52516008773645
818.9583333333333 23.166344785847134 22.525589128733596
819.4583333333334 23.16783106053661 22.526023703764434
819.9583333333334 23.169317226299277 22.526460152513273
820.4583333333333 23.170819805130186 22.526906947120704
820.9583333333334 23.172306574373344 22.52734420485373
821.4583333333334 23.173785893986153 22.52779282499221
821.9583333333333 23.17529451350989 22.528242788857312
822.4583333333334 23.17679269461721 22.528695985062825
822.9583333333334 23.178286582366848 22.529152854577568
823.4583333333333 23.179798440822008 22.52961597730511
823.9583333333334 23.18129874546413 22.53007404503416
824.4583333333334 23.182811634363567 22.53054433333137
824.9583333333333 23.184325365293425 22.531015188760367
825.4583333333334 23.18583394862585 22.53148631205623
825.9583333333334 23.187346771831947 22.53196527044966
826.4583333333333 23.188866361658697 22.53243591500299
826.9583333333334 23.19038932307447 22.532930940097412
827.4583333333334 23.191924519866692 22.533406783554206
827.9583333333333 23.193440718680215 22.53389343759652
828.4583333333334 23.194951001352756 22.534395507953988
828.9583333333334 23.196483431433585 22.534896527108437
829.4583333333333 23.198017464390613 22.53538729440793
829.9583333333334 23.19955564468705 22.535892921752637
830.4583333333334 23.20109292639364 22.536398135340345
830.9583333333333 23.202628564076278 22.536907650069583
831.4583333333334 23.204165332659365 22.537416294954895
831.9583333333334 23.205703739545534 22.537932879245556
832.4583333333333 23.20725235599528 22.53844425664958
832.9583333333334 23.208790153572224 22.53897312004499
833.4583333333334 23.210350878479517 22.539494902099566
833.9583333333333 23.211892038154993 22.5400192301803
834.4583333333334 23.213439807859718 22.54055424369108
834.9583333333334 23.214997104274705 22.541085962364534
835.4583333333333 23.216555930387056 22.54162897927809
835.9583333333334 23.21811529469509 22.5421720017972
836.4583333333334 23.219678638998467 22.54271773931047
836.9583333333333 23.221236451469892 22.543260887922393
837.4583333333334 23.222792298867333 22.543810372691727
837.9583333333334 23.22436478642453 22.544367597864472
838.4583333333333 23.225922686269072 22.544928474112155
838.9583333333334 23.227501169140425 22.545483391702717
839.4583333333334 23.229071918614785 22.546043518130805
839.9583333333333 23.23063802770927 22.546608334304572
840.4583333333334 23.23220753532803 22.54719243768335
840.9583333333334 23.233780271533618 22.547760503771308
841.4583333333333 23.235356702961447 22.548334535904473
841.9583333333334 23.236948202699953 22.548919630798604
842.4583333333334 23.23852107985077 22.549494926806055
842.9583333333333 23.240099711543554 22.55007615976902
843.4583333333334 23.241683694795277 22.550673072665944
843.9583333333334 23.243270034877916 22.551263934471542
844.4583333333333 23.24484906382617 22.55185776909191
844.9583333333334 23.246452819675252 22.552452840292403
845.4583333333334 23.248032963564178 22.55306067811695
845.9583333333333 23.249608820655947 22.55365836422472
846.4583333333334 23.251214566674157 22.554269426826437
846.9583333333334 23.252805746494538 22.554887887606935
847.4583333333333 23.254391306826136 22.55550089178466
847.9583333333334 23.255982349818048 22.55611849559528
848.4583333333334 23.25758871748983 22.55673887811428
848.9583333333333 23.259191943800563 22.55736804080877
849.4583333333334 23.26078934091857 22.55799518728981
849.9583333333334 23.26239131959867 22.558621113985787
850.4583333333333 23.263991122396533 22.55925348917114
850.9583333333334 23.2655847898995 22.559896381255868
851.4583333333334 23.26720203674188 22.56053400686373
851.9583333333333 23.268807732848856 22.561177135723746
852.4583333333334 23.270405230971235 22.56183001584003
852.9583333333334 23.272011721016476 22.56248689441756
853.4583333333333 23.273634293175544 22.56312998492231
853.9583333333334 23.275242369808325 22.563796851310368
854.4583333333334 23.27685116155996 22.564460492522652
854.9583333333333 23.278474274203273 22.565116257306702
855.4583333333334 23.28008414640502 22.565789287589762
855.9583333333334 23.28171463133547 22.566463101399137
856.4583333333333 23.28332742033329 22.567141352191843
856.9583333333334 23.284949396000883 22.56781037263241
857.4583333333334 23.28657446130792 22.568499901050142
857.9583333333333 23.288198842071942 22.569190335446674
858.4583333333334 23.28982927419576 22.569880789571034
858.9583333333334 23.29144756130992 22.570575079283117
859.4583333333333 23.29307924465846 22.571271528582066
859.9583333333334 23.294716253512917 22.571973729150372
860.4583333333334 23.29634586672328 22.572673879806004
860.9583333333333 23.297984776013468 22.573381223694525
861.4583333333334 23.299622573527383 22.57409446438739
861.9583333333334 23.30126230945271 22.57480971905002
862.4583333333333 23.30290185199447 22.575531691330227
862.9583333333334 23.30455150028623 22.576256263404986
863.4583333333334 23.306190702504644 22.576973169574327
863.9583333333333 23.307830620952036 22.577704600734293
864.4583333333334 23.309488790614697 22.578436473238867
864.9583333333334 23.311134106385865 22.579173128603216
865.4583333333333 23.312787567977885 22.579911175532075
865.9583333333334 23.314443817917567 22.580658899569265
866.4583333333334 23.31610108757826 22.581404460020416
866.9583333333333 23.317753679514205 22.582147492423623
867.4583333333334 23.31941440617548 22.582897575768964
867.9583333333334 23.32107894990032 22.583660596339392
868.4583333333333 23.32274682885364 22.584418400512114
868.9583333333334 23.324401342252546 22.585176591083368
869.4583333333334 23.326063884537128 22.58594767659362
869.9583333333333 23.327741002275467 22.58670885154958
870.4583333333334 23.329401237495926 22.587492537844476
870.9583333333334 23.331078412056602 22.588264552245004
871.4583333333333 23.332752076351028 22.589041974445617
871.9583333333334 23.334439229838964 22.589837481720814
872.4583333333334 23.33610919367219 22.590610750678906
872.9583333333333 23.337794010034912 22.59140517450488
873.4583333333334 23.33947537553221 22.592202248589885
873.9583333333334 23.34115518899567 22.592987142930227
874.4583333333333 23.342843927468266 22.59379079502201
874.9583333333334 23.34453068118693 22.594595681776553
875.4583333333334 23.34621804229769 22.59539544287579
875.9583333333333 23.34791219034178 22.59620807914824
876.4583333333334 23.3496138332883 22.597019225153492
876.9583333333334 23.351304942439125 22.597838006318867
877.4583333333333 23.353006798827206 22.598653313155772
877.9583333333334 23.354712537672025 22.59948001179529
878.4583333333334 23.356408172120624 22.600306264145452
878.9583333333333 23.358109612335735 22.60114033110566
879.4583333333334 23.359820486843518 22.60196818998006
879.9583333333334 23.36152525976963 22.602806113972203
880.4583333333333 23.363229171906465 22.60363642315403
880.9583333333334 23.36495041835921 22.60448478664184
881.4583333333334 23.36667582676002 22.60532749078481
881.9583333333333 23.368375812089216 22.606176316488774
882.4583333333334 23.37010410045206 22.607030612865522
882.9583333333334 23.371816377258043 22.607874846119675
883.4583333333333 23.37354818661006 22.60873930549114
883.9583333333334 23.375264272875434 22.60959673413252
884.4583333333334 23.37699531459887 22.610460343131553
884.9583333333333 23.378728882069765 22.61131906252052
885.4583333333334 23.38045695092759 22.612191679794677
885.9583333333334 23.38218596922438 22.61306914920722
886.4583333333333 23.383917432518952 22.613950718748633
886.9583333333334 23.385660210182873 22.614837089997106
887.4583333333334 23.387407290511483 22.615722813586437
887.9583333333333 23.389130085198907 22.61661039115795
888.4583333333334 23.390888087314416 22.617504903046594
888.9583333333334 23.392630345986895 22.618395202567005
889.4583333333333 23.39438332966511 22.61930565041204
889.9583333333334 23.39612773002966 22.62020940839591
890.4583333333334 23.39788128849918 22.62111537442316
890.9583333333333 23.399640149973617 22.6220341339577
891.4583333333334 23.401397365150572 22.622945170220937
891.9583333333334 23.403145851618895 22.623864625063348
892.4583333333333 23.404912096336897 22.62478529773778
892.9583333333334 23.406669253689625 22.62570782599572
893.4583333333334 23.408449753350972 22.626640815818337
893.9583333333333 23.410199892921533 22.627574726859688
894.4583333333334 23.41197362616848 22.628509562650354
894.9583333333334 23.41375402585577 22.629454218477253
895.4583333333333 23.41551688757397 22.630394559669227
895.9583333333334 23.41729362762883 22.631352005515986
896.4583333333334 23.419074735643612 22.6322958936067
896.9583333333333 23.420857840231513 22.633255356239758
897.4583333333334 23.42263277988055 22.634209323178887
897.9583333333334 23.424417781014974 22.635177635604762
898.4583333333333 23.42621070032233 22.636140374966423
898.9583333333334 23.42799493515048 22.637112953482248
899.4583333333334 23.429793300103018 22.638077544874445
899.9583333333333 23.43158711750768 22.63905702557326
900.4583333333334 23.433391367224544 22.640045200844018
900.9583333333334 23.435178176192508 22.641032006730462
901.4583333333333 23.436975695599266 22.64201244825424
901.9583333333334 23.438784358008835 22.643004993590917
902.4583333333334 23.440594173519457 22.644002834283413
902.9583333333333 23.4424029669017 22.64499153985809
903.4583333333334 23.44420278848038 22.645998029276427
903.9583333333334 23.446025215162216 22.647005406837422
904.4583333333333 23.44783189532789 22.648015416388777
904.9583333333334 23.449663756517953 22.64903388723287
905.4583333333334 23.4514760927655 22.65004482860006
905.9583333333333 23.4533022378851 22.6510667723726
906.4583333333334 23.45512065957468 22.652087341176003
906.9583333333334 23.45695681902013 22.653122497902558
907.4583333333333 23.458780234169872 22.65415163970711
907.9583333333334 23.46061149822468 22.655186352985982
908.4583333333334 23.46244246900841 22.656222212758816
908.9583333333333 23.464290273373503 22.65726541458421
909.4583333333334 23.46613160367562 22.658312386436194
909.9583333333334 23.467983151201224 22.65935386624262
910.4583333333333 23.4698271698552 22.66041765062111
910.9583333333334 23.471678780852223 22.661464137110418
911.4583333333334 23.473520778119585 22.662520202542
911.9583333333333 23.47537652957471 22.663580932576153
912.4583333333334 23.477232248130623 22.664658459554467
912.9583333333334 23.47910077263637 22.66571921277822
913.4583333333333 23.480951020062058 22.666791563348212
913.9583333333334 23.482821884475644 22.66787311813264
914.4583333333334 23.484703483961134 22.668948689916096
914.9583333333333 23.486559596197104 22.670037766820933
915.4583333333334 23.488427313513913 22.67111893715537
915.9583333333334 23.490301724372934 22.672220194694063
916.4583333333333 23.492192613601055 22.673316199153163
916.9583333333334 23.494076259610097 22.674423754903266
917.4583333333334 23.495966146552444 22.675536874439874
917.9583333333333 23.497855621813272 22.67665652262872
918.4583333333334 23.499740779984727 22.67778421665527
918.9583333333334 23.5016486695634 22.67892759880006
919.4583333333333 23.503553137231513 22.68006051954961
919.9583333333334 23.50546414916146 22.681205149659576
920.4583333333334 23.50736791653384 22.682357812827604
920.9583333333333 23.509287248218563 22.68351340663687
921.4583333333334 23.511197561924444 22.68467329081623
921.9583333333334 23.51312125671294 22.68584084448131
922.4583333333333 23.515040958148 22.68701460935501
922.9583333333334 23.51697142960584 22.68819924172248
923.4583333333334 23.51889642855911 22.689380476429164
923.9583333333333 23.520826299388304 22.690566797140495
924.4583333333334 23.522759929783625 22.69175975743064
924.9583333333334 23.52469680568634 22.69296248495324
925.4583333333333 23.526640437725064 22.694161476700682
925.9583333333334 23.528594729523427 22.695365685371478
926.4583333333334 23.530526662231583 22.69658440313181
926.9583333333333 23.532484662447782 22.69779272855496
927.4583333333334 23.534434267107578 22.699016136439553
927.9583333333334 23.536397713543554 22.700226986275375
928.4583333333333 23.53835664305609 22.701462980611183
928.9583333333334 23.54031939133801 22.70268695996437
929.4583333333334 23.54227080206553 22.703921645742298
929.9583333333333 23.544241170667796 22.70515260171281
930.4583333333334 23.546216701971076 22.706393874192475
930.9583333333334 23.548182150235718 22.707636002397162
931.4583333333333 23.550151234414578 22.70887579226889
931.9583333333334 23.552125370979642 22.710116847873955
932.4583333333334 23.554109930003705 22.711371224506962
932.9583333333333 23.556087546640576 22.71261948980627
933.4583333333334 23.55807443087005 22.71387545789521
933.9583333333334 23.560057625876443 22.71513080587786
934.4583333333333 23.562048785411083 22.716385066415455
934.9583333333334 23.564034049021952 22.717641068760916
935.4583333333334 23.56603008190443 22.718898976446717
935.9583333333333 23.568009669244468 22.72014985304373
936.4583333333334 23.570021438243014 22.72141921531679
936.9583333333334 23.572022170343804 22.72267852073071
937.4583333333333 23.574010876656807 22.723940707978578
937.9583333333334 23.57600038073659 22.72520039013388
938.4583333333334 23.578006590302756 22.726469111131262
938.9583333333333 23.580014686235774 22.7277243107038
939.4583333333334 23.582009476562803 22.72898770183101
939.9583333333334 23.584011876711735 22.730252731740332
940.4583333333333 23.58602785865743 22.731511581716678
940.9583333333334 23.588035908734835 22.73277414004458
941.4583333333334 23.59003778649413 22.734038834764455
941.9583333333333 23.59205279387641 22.735291850611507
942.4583333333334 23.594063872673196 22.736557005668008
942.9583333333334 23.59607368787783 22.73781091100262
943.4583333333333 23.598090188983424 22.73906913030271
943.9583333333334 23.60009516350033 22.740316945437687
944.4583333333334 23.60212572574543 22.74156836019197
944.9583333333333 23.604140051334316 22.742814868516177
945.4583333333334 23.606156046696842 22.744064178913455
945.9583333333334 23.608164942637497 22.745316012962743
946.4583333333333 23.61018983083997 22.74654963015189
946.9583333333334 23.61220451373251 22.747798427583383
947.4583333333334 23.614228311384423 22.749029752309422
947.9583333333333 23.616249462947806 22.75027112728612
948.4583333333334 23.618272804850896 22.75151064272613
948.9583333333334 23.62029305739968 22.752749573199313
949.4583333333333 23.62233522148705 22.753994807161007
949.9583333333334 23.624357403841184 22.755251137260952
950.4583333333334 23.62639056737622 22.75649991302682
950.9583333333333 23.628426277159935 22.75775565268532
951.4583333333334 23.630475420151665 22.759017971628754
951.9583333333334 23.632512468692994 22.7602666812055
952.4583333333333 23.634545995680774 22.761525255861873
952.9583333333334 23.636583179568134 22.7627883986303
953.4583333333334 23.63864626277771 22.764057212845856
953.9583333333333 23.640680001177728 22.765315277707963
954.4583333333334 23.64273666597045 22.76658296400305
954.9583333333334 23.644770640978237 22.767844945583775
955.4583333333333 23.646838116915415 22.769126668337847
955.9583333333334 23.648906140403483 22.770393865597445
956.4583333333334 23.650951538603998 22.771665036876605
956.9583333333333 23.65301337612047 22.772928304763667
957.4583333333334 23.655076352389198 22.7741960334506
957.9583333333334 23.65714231498522 22.775481998316167
958.4583333333333 23.659210234365414 22.776749690681797
958.9583333333334 23.661274789201556 22.778024489686505
