FastTrWP/PhaseSpace/IAs/snIa_0.61_30.00_0.68_-0.08.csv
# %ECSV 0.9
# ---
# datatype:
# - {name: time-rel, datatype: float64}
# - {name: g, datatype: float64}
# - {name: i, datatype: float64}
# schema: astropy-2.0
time-rel g i
[from data line 1775]
417.0 24.48637301356122 22.47647732762453
417.5 24.488297313219626 22.477083654282417
417.9999999999999 24.49021570844859 22.477697992269228
418.5 24.49214251911501 22.478308268617862
419.0 24.49404421534872 22.478918118299482
419.4999999999999 24.495982189460147 22.479531420250915
420.0 24.497913922541315 22.4801434968977
420.5 24.499840777624012 22.48075420293503
420.9999999999999 24.50177563069932 22.481380346784814
421.5 24.503694139277982 22.481992412885422
422.0 24.50563546425471 22.482612672460544
422.4999999999999 24.507579834152054 22.483231474107185
423.0 24.509504731245553 22.483858983025925
423.5 24.51145155232082 22.484478966704394
423.9999999999999 24.513403002014208 22.485100759199863
424.5 24.515352964484613 22.485731300665318
425.0 24.517302099677217 22.486349715393406
425.4999999999999 24.51926428304228 22.486984620216106
426.0 24.521214943734776 22.487606589314638
426.5 24.523168588015963 22.48824278751831
426.9999999999999 24.52513007629399 22.488880508998275
427.5 24.527100290959464 22.489501477089874
428.0 24.529066510698524 22.490135552345105
428.4999999999999 24.531030471931427 22.490771875454744
429.0 24.532992593039552 22.49140639332436
429.5 24.534975603103092 22.49204299599963
429.9999999999999 24.53693407665428 22.49267823413752
430.5 24.538911645764607 22.49332408433356
431.0 24.540879403609456 22.493962070415773
431.4999999999999 24.54286503111582 22.49460659107422
432.0 24.544841462218972 22.49524756214864
432.5 24.546830408225055 22.49589115517
432.9999999999999 24.548802411460805 22.496526215710144
433.5 24.550790988811393 22.497176918050855
434.0 24.55276972571871 22.4978219111147
434.4999999999999 24.554751243050266 22.498463432154757
435.0 24.556746274576525 22.499112432979217
435.5 24.558732190301434 22.499765117631757
435.9999999999999 24.56071992036396 22.50041921589332
436.5 24.562705179900455 22.501069458186027
437.0 24.56470697230184 22.501726368366974
437.4999999999999 24.566709061765003 22.502372331005848
438.0 24.568695952554656 22.50302805333559
438.5 24.57068689251106 22.50368051195561
438.9999999999999 24.57267164420496 22.504337006537835
439.5 24.574659502258495 22.504992007181556
440.0 24.576652694770967 22.505652667419337
440.4999999999999 24.578678765949412 22.506308547102257
441.0 24.580648761032414 22.506966611460406
441.5 24.582630736547586 22.507626728218607
441.9999999999999 24.584661104067116 22.50828817561321
442.5 24.58664032964714 22.508954465572767
443.0 24.588631903202423 22.509613331399425
443.4999999999999 24.59063302028301 22.51027074978691
444.0 24.592631382646953 22.510942476108582
444.5 24.594639496625668 22.511607269409236
444.9999999999999 24.596610196369987 22.512268118953024
445.5 24.59862311462263 22.512937526872886
446.0 24.60060184722469 22.51360496435406
446.4999999999999 24.60260405256641 22.514273008388116
447.0 24.604603237825398 22.514930238719792
447.5 24.60659918173075 22.515606794717694
447.9999999999999 24.608599234237527 22.51627466749733
448.5 24.610586312561438 22.51694245687783
449.0 24.612570894631798 22.517619838732426
449.4999999999999 24.61456729474994 22.518288291136752
450.0 24.616567308769355 22.518957492132255
450.5 24.618558894253177 22.519633030077348
450.9999999999999 24.620540477685296 22.520311384148144
451.5 24.622518015463175 22.520982525002854
452.0 24.624510951500746 22.521650270585724
452.4999999999999 24.62648978942674 22.522326588377595
453.0 24.628469178973333 22.52300464248604
453.5 24.630474135201506 22.523682644393944
454.0 24.632432128006982 22.524353323191214
454.5 24.634412465663043 22.525034825957533
455.0 24.636398040952475 22.52571194843608
455.5 24.638387053510673 22.526394574733896
456.0 24.640336502109697 22.527075247440767
456.5 24.642310549337015 22.527753381423246
457.0 24.644293436496874 22.528436400157684
457.5 24.646260899701137 22.529113508080446
458.0 24.64819587316875 22.529795568495516
458.5 24.650180886158317 22.530472366073973
459.0 24.652161187318235 22.531163199033877
459.5 24.654113033240442 22.531848858419284
460.0 24.65608259779181 22.53252550397844
460.5 24.658064539714427 22.533213716036467
461.0 24.66003649793742 22.533894187923064
461.5 24.661999350320308 22.534588465248145
462.0 24.6639416962798 22.535273627490206
462.5 24.665922119743833 22.535966653130227
463.0 24.667886449400072 22.536661332307403
463.5 24.669853527506444 22.537347526092827
464.0 24.67180732656322 22.538036899782256
464.5 24.67379299497013 22.538726833074204
465.0 24.67576729349397 22.539422155272753
465.5 24.677744990852567 22.540117978488897
466.0 24.679691709935344 22.54081362118605
466.5 24.68167677834512 22.541509477149827
467.0 24.68362906940689 22.542205315675435
467.5 24.685608323697483 22.542909196116106
468.0 24.687586121482873 22.543607306328582
468.5 24.6895203415845 22.544307401740163
469.0 24.691522082962642 22.545012312690854
469.5 24.693471500693065 22.54570253228885
470.0 24.695411826129035 22.546403648017534
470.5 24.69739398491602 22.547111350582625
471.0 24.699365786552512 22.54781153342499
471.5 24.7013306204828 22.548514446464303
472.0 24.703273523220854 22.54922434178632
472.5 24.705247260615344 22.549932883615984
473.0 24.70719442463622 22.55063482878539
473.5 24.709156051217253 22.551344111676816
474.0 24.7111193014999 22.552054212932365
474.5 24.71307646414783 22.552760853701738
475.0 24.71503049043468 22.553474226455247
475.5 24.7169897148558 22.55418612906967
476.0 24.718938030256435 22.554890986244928
476.5 24.720887304659207 22.55560509784106
477.0 24.722847878178037 22.556320047202654
477.5 24.72478053593204 22.557028197527266
478.0 24.72672940715679 22.557748823798192
478.5 24.72869585633997 22.558464520996303
479.0 24.7306412906434 22.55918216979682
479.5 24.73254781475006 22.559893734871007
480.0 24.734511530131748 22.56060900914036
480.5 24.736451736419674 22.561326097275067
481.0 24.738389280265366 22.56205007716252
481.5 24.740308744601165 22.562772213711458
482.0 24.74225963112461 22.56349069995631
482.5 24.744190885222054 22.56420917985165
483.0 24.74612587121509 22.564929891366624
483.5 24.748031855232004 22.565653043900014
484.0 24.74998029694413 22.5663744719862
484.5 24.751874264879596 22.567099747212747
485.0 24.753820239253223 22.56782650962924
485.5 24.755740935368124 22.568548440933306
486.0 24.75765506501165 22.56927122292854
486.5 24.75958826773992 22.57000106363915
487.0 24.761491744964886 22.57072692827029
487.5 24.76338286817981 22.571450650341802
488.0 24.765295142899625 22.572176397480845
488.5 24.76719680903548 22.572907905858216
489.0 24.76909753955784 22.57363198318253
489.5 24.770985895716258 22.5743695071337
490.0 24.772901683369632 22.57509804333562
490.5 24.774787238309784 22.575832139468
491.0 24.776681469277243 22.576565686801242
491.5 24.778574206174532 22.577288104846744
492.0 24.78044323861717 22.57802340339447
492.5 24.78232403508123 22.57875907155752
493.0 24.784226819649643 22.57950107358912
493.5 24.786089807618893 22.580227874743194
494.0 24.78795003546997 22.58096274486876
494.5 24.789817448135164 22.58169926424799
495.0 24.791681001271396 22.582434905874628
495.5 24.793517936738546 22.583157166470006
496.0 24.79540766662369 22.583901380440384
496.5 24.79724448448906 22.58464076310783
497.0 24.79910106077039 22.58537995995451
497.5 24.800946674909937 22.586117537731877
498.0 24.8028009971045 22.586854946575322
498.5 24.804629320914323 22.587603860321806
499.0 24.806491392470207 22.588337769061816
499.5 24.808302020358536 22.58908118110989
500.0 24.810141819042464 22.589822445333173
500.5 24.811963020860567 22.59056513160538
501.0 24.813792246037764 22.59130721566304
501.5 24.81561111339305 22.592046199854167
502.0 24.81744252393828 22.592798120045465
502.5 24.819250504313356 22.59354467338219
503.0 24.82106109078819 22.594278040817034
503.5 24.822867881271115 22.595039553436994
504.0 24.82467875499614 22.595777828758052
504.5 24.826492225123115 22.59653338251092
505.0 24.82829359726812 22.597276986603294
505.5 24.830087704059515 22.598019359450472
506.0 24.831877175058477 22.598779821173125
506.5 24.833672344772143 22.599529531178835
507.0 24.835483785625158 22.600278657523134
507.5 24.837249768760557 22.601026071382755
508.0 24.839034924562036 22.60178073666069
508.5 24.84080691478266 22.602533705645452
509.0 24.842608961592674 22.60328771871354
509.5 24.844362543734295 22.604036724131397
510.0 24.846144247314783 22.604797496303547
510.5 24.847890675588356 22.60554861546542
511.0 24.849638535769564 22.606315978477276
511.5 24.85141712126002 22.6070655654193
512.0 24.85316709398083 22.607833625814088
512.5 24.85492736239779 22.608582321554927
513.0 24.856705357952272 22.609346634258497
513.5 24.858440514355323 22.610102147882834
514.0 24.860178780370212 22.61086780953342
514.5 24.861936143056912 22.611633191310425
515.0 24.863679518233994 22.612390714964135
515.5 24.865413266012123 22.613152195888055
516.0 24.8671350388259 22.613923864097618
516.5 24.868858130937145 22.614680467063728
517.0 24.87060218371925 22.615451523301495
517.5 24.87230949961997 22.616217367744433
518.0 24.87404462867575 22.61698642377437
518.5 24.875747258876544 22.617754922649453
519.0 24.87747757538608 22.61852328509805
519.5 24.879178780381103 22.619296372108188
520.0 24.880893159045065 22.620066297297797
520.5 24.88258221891182 22.620843157550112
521.0 24.884286755029514 22.62159997352532
521.5 24.885978041620675 22.622381806769887
522.0 24.887677362725753 22.62315462144028
522.5 24.88936282904472 22.623929258111314
523.0 24.89105558192014 22.624709945407083
523.5 24.8927467832207 22.62548359752519
524.0 24.89443521836889 22.62625693368616
524.5 24.896094016996084 22.62703850080355
525.0 24.897773831721437 22.627808402551715
525.5 24.899442913008546 22.6285983441349
526.0 24.901127859498434 22.629378331244254
526.5 24.90279012780948 22.630156383853812
527.0 24.904439687600863 22.630942169449373
527.5 24.906100150721564 22.631726446642983
528.0 24.907745482787217 22.63250771791535
528.5 24.90939754404302 22.633290281172073
529.0 24.911066273314823 22.634077726592807
529.5 24.912712259197637 22.634871118812274
530.0 24.91434230883567 22.6356515169825
530.5 24.915971680836513 22.63644802636084
531.0 24.91761689972153 22.637225562386583
531.5 24.91924485166094 22.638023531686684
532.0 24.920874351019755 22.63882116090106
532.5 24.922481353493037 22.639611353612214
533.0 24.924139291119015 22.64039951135233
533.5 24.92573461736224 22.64119051135885
534.0 24.92734537670571 22.641989502843703
534.5 24.92894566052652 22.642788733116245
535.0 24.930571363034858 22.64357873459405
535.5 24.9321531033231 22.64437694484586
536.0 24.933770650651482 22.64518294594003
536.5 24.93534337912569 22.64597619525714
537.0 24.936973367298204 22.646781695079138
537.5 24.938560103689444 22.647577912632872
538.0 24.94012944337011 22.64838090841392
538.5 24.94170670760409 22.64918500499002
539.0 24.943294712424876 22.64998758090167
539.5 24.94485380391342 22.650790652032285
540.0 24.94641535368246 22.651592674766754
540.5 24.947979856243254 22.652398566981923
541.0 24.9495454419747 22.653210152671154
541.5 24.95108643341193 22.65401702543648
542.0 24.95264707146837 22.654823119278205
542.5 24.954179861623913 22.65563073539621
543.0 24.955738641435016 22.656442771806695
543.5 24.95726292093815 22.657260104336668
544.0 24.958803283946388 22.65806350491094
544.5 24.960344053917524 22.65887860599591
545.0 24.96186917588158 22.65969497089757
545.5 24.96338626314312 22.6605106836097
546.0 24.964895303081462 22.661315750152774
546.5 24.96641171026549 22.6621277511461
547.0 24.967934884040073 22.662954258729613
547.5 24.969431581781862 22.663780995049247
548.0 24.970924599749896 22.664592308990137
548.5 24.972424482058884 22.665408058066916
549.0 24.973909476704733 22.666233894971818
549.5 24.975408743705174 22.667054778725607
550.0 24.976877665160725 22.66787128016958
550.5 24.97836506305599 22.668694958360778
551.0 24.979850814952318 22.66952741340962
551.5 24.981311436610824 22.670348829572326
552.0 24.982788948368363 22.671176028238822
552.5 24.98423813484969 22.671995758827563
553.0 24.985693539238284 22.67282363562392
553.5 24.98713649818713 22.673653220502146
554.0 24.988584725265767 22.674489642125444
554.5 24.9900225659988 22.67531882403609
555.0 24.991469356127464 22.676145746076777
555.5 24.99290828409256 22.6769824017639
556.0 24.994324833338993 22.677815090638305
556.5 24.9957629958355 22.678651123601465
557.0 24.997172100728115 22.67948532576712
557.5 24.998607133481443 22.68031965164034
558.0 25.000010398978606 22.68116110402179
558.5 25.00141916079686 22.681999877707675
559.0 25.002790013001388 22.68284466110776
559.5 25.004219599386538 22.68368424687673
560.0 25.005605734344524 22.684520841844773
560.5 25.007002147883917 22.685370942387134
561.0 25.008377399763546 22.68620484169391
561.5 25.009754010258316 22.687059527041924
562.0 25.01113817366511 22.68790426314402
562.5 25.012497750198136 22.688752326530025
563.0 25.013870307152 22.689600821370355
563.5 25.015221715319264 22.690445396389972
564.0 25.016581288873795 22.691293943158335
564.5 25.017952091841327 22.692155336287904
565.0 25.019292689627438 22.693005238357998
565.5 25.02061552272099 22.693856081106286
566.0 25.02197741552418 22.694714914301315
566.5 25.023297844685565 22.69556476201647
567.0 25.024634423945447 22.696427824177707
567.5 25.02594102596082 22.697285918289253
568.0 25.02726527558022 22.698141647285194
568.5 25.02857199265592 22.69899864697262
569.0 25.029883374468746 22.699867188482855
569.5 25.031175872046056 22.70072544242189
570.0 25.032490989011166 22.70159186264578
570.5 25.033766300141075 22.702456152445556
571.0 25.03504628335339 22.70331667783211
571.5 25.036348835956414 22.7041904314656
572.0 25.03763145775668 22.705053694651372
572.5 25.038886178946886 22.70592889648436
573.0 25.040155588429705 22.706794271140183
573.5 25.041409216219282 22.707665585405582
574.0 25.04266188669941 22.708543872878643
574.5 25.043900202952226 22.70941685086271
575.0 25.045175328603374 22.710288635230004
575.5 25.046389950472157 22.711169059637157
576.0 25.04763982798279 22.712048999591023
576.5 25.048858503064846 22.712927236104964
577.0 25.050088327167252 22.71381157876741
577.5 25.051303559034896 22.71468634917271
578.0 25.05250462502091 22.71556777085868
578.5 25.053697352167312 22.716450802828717
579.0 25.05488781481712 22.717341484416774
579.5 25.05609569644723 22.718223583357883
580.0 25.057285214784734 22.719105355762068
580.5 25.058458809985336 22.72000041556735
581.0 25.059605934980723 22.72088709683419
581.5 25.060784392872343 22.72177558252981
582.0 25.061935394207197 22.722666350364182
582.5 25.063092123757016 22.72355914081949
583.0 25.064249276851566 22.724452648053628
583.5 25.065415467044684 22.725350017004136
584.0 25.06650837492012 22.726246151914733
584.5 25.067652930051057 22.727137412777772
585.0 25.068786532097498 22.72804497751736
585.5 25.069882212921392 22.728939628142584
586.0 25.070996726260812 22.72984325086024
586.5 25.07210416961465 22.7307505782936
587.0 25.07321385538556 22.73164774572777
587.5 25.07430760325448 22.732558337411977
588.0 25.075388768330733 22.733452806564195
588.5 25.076489628882467 22.734364994562352
589.0 25.077558177437894 22.735265662801027
589.5 25.078640261487138 22.73617913566458
590.0 25.079709547468063 22.737100264161896
590.5 25.080756877538096 22.73800151165931
591.0 25.081809333763555 22.738911782252586
591.5 25.08288326707236 22.739829951048414
592.0 25.083895118086218 22.740738594591686
592.5 25.08496043808566 22.74165555762046
593.0 25.086005254225384 22.74255900824428
593.5 25.087020217518198 22.74348920424331
594.0 25.08805108678672 22.744412479449316
594.5 25.089065151073644 22.74533800138083
595.0 25.090094171685507 22.746248855256596
595.5 25.09108042690158 22.74717184771166
596.0 25.09208483641968 22.748107384152682
596.5 25.093096914114426 22.749020708339973
597.0 25.094096218802463 22.749949895166402
597.5 25.095106630689852 22.75087333984702
598.0 25.096089385053304 22.751797641696513
