FastTrWP/PhaseSpace/IAs/snIa_0.55_30.00_0.05_-0.16.csv
# %ECSV 0.9
# ---
# datatype:
# - {name: time-rel, datatype: float64}
# - {name: g, datatype: float64}
# - {name: i, datatype: float64}
# schema: astropy-2.0
time-rel g i
[from data line 1430]
298.0 23.66485074384812 22.508467687673075
298.4999999999999 23.666856453667407 22.508848426891156
299.0 23.668882809554987 22.50921816934583
299.5 23.670900154702643 22.509591139582398
299.9999999999999 23.6729095709314 22.50996983266954
300.5 23.674935501059664 22.510347702628607
301.0 23.676944733188982 22.510708364230897
301.4999999999999 23.67895308210074 22.511090342618143
302.0 23.680948203786187 22.511466569431335
302.5 23.682949904589556 22.511843288145887
302.9999999999999 23.684941218321143 22.512221447125796
303.5 23.68695429911027 22.512592475813328
304.0 23.688964380263595 22.51297650071414
304.4999999999999 23.69096746934087 22.513353553650816
305.0 23.692967366970628 22.51372996526566
305.5 23.694966521456564 22.514117799659672
305.9999999999999 23.6969787958564 22.514495937413784
306.5 23.69897742286533 22.514884087025784
307.0 23.700985668811253 22.515264719377367
307.4999999999999 23.702992990618267 22.515649578175534
308.0 23.704988073899585 22.516039931604034
308.5 23.70700621488735 22.51643030542503
308.9999999999999 23.709023842247166 22.51681503383604
309.5 23.711014828511153 22.517203274084032
310.0 23.71302669371571 22.517592524569974
310.4999999999999 23.715037268844217 22.517981616057018
311.0 23.717046352436594 22.518382698875
311.5 23.719064921548792 22.518780212419852
311.9999999999999 23.72108498620271 22.519170910547338
312.5 23.7230765670291 22.519561294255304
313.0 23.72509850830469 22.51996669651362
313.4999999999999 23.72711047752686 22.520356459388744
314.0 23.729117850195436 22.520755979437183
314.5 23.731133221262684 22.52115290804906
314.9999999999999 23.733142468582223 22.521551519745643
315.5 23.73515230678158 22.521958016211144
316.0 23.737170903301287 22.522358662676464
316.4999999999999 23.739177638999053 22.522756573442074
317.0 23.741201268772624 22.523163343800412
317.5 23.7432058484174 22.52357252808974
317.9999999999999 23.745230781801784 22.523976235438198
318.5 23.747244946034144 22.5243866443735
319.0 23.749235659438416 22.524788683467264
319.4999999999999 23.751268175750006 22.52519593456099
320.0 23.75326653482816 22.525605621011046
320.5 23.755285675622236 22.526015499885833
320.9999999999999 23.75731117393974 22.526432626315163
321.5 23.759310976894056 22.526840813947576
322.0 23.761325800996374 22.52724503299674
322.4999999999999 23.763343403649834 22.527663296045553
323.0 23.765357829504374 22.528082262980178
323.5 23.767364466988834 22.52849137662217
323.9999999999999 23.769388540187904 22.528903805187408
324.5 23.771404475662827 22.52932227313883
325.0 23.773406422978702 22.529743982702577
325.4999999999999 23.77540814314457 22.530156838256904
326.0 23.777428253855568 22.530577952494333
326.5 23.77944176126873 22.530999417264518
326.9999999999999 23.781460974543783 22.531412448173896
327.5 23.78344440163122 22.531839504827804
328.0 23.7854663690846 22.532260160576083
328.4999999999999 23.787481887126102 22.53268514594074
329.0 23.7894815787619 22.53310392213635
329.5 23.79150678406897 22.533529632726715
329.9999999999999 23.793515608211916 22.53394991578055
330.5 23.795516829120757 22.534379280519357
331.0 23.797522696868455 22.534807291817774
331.4999999999999 23.799522110622434 22.535225513507726
332.0 23.80153869848256 22.535661309165643
332.5 23.80353655004342 22.53607782272052
332.9999999999999 23.805533669134583 22.536515769412425
333.5 23.80753972772417 22.536939380493465
334.0 23.80954668951484 22.537372463857142
334.4999999999999 23.81154576378739 22.537797468000758
335.0 23.813547449064245 22.53823362449903
335.5 23.815544518133773 22.538670633876237
335.9999999999999 23.817536998121938 22.53909246837833
336.5 23.81953374616436 22.539528720276735
337.0 23.821548209177777 22.539965236776442
337.4999999999999 23.82353806688108 22.540397481172995
338.0 23.825523466089358 22.54083426760209
338.5 23.82751887950286 22.541269373610433
338.9999999999999 23.829507448324204 22.54170737703161
339.5 23.831494643816388 22.542139247110406
340.0 23.833491895026636 22.54257349897297
340.4999999999999 23.83548598661976 22.543014862882647
341.0 23.83746407806398 22.543457723536715
341.5 23.83944610768556 22.54388540374655
341.9999999999999 23.841440729716858 22.544330545481376
342.5 23.843428169242152 22.544778023740093
343.0 23.84539001433174 22.545213388574506
343.4999999999999 23.847380522605903 22.545655247471963
344.0 23.849377337295614 22.546096356181668
344.5 23.85133590555936 22.546542565241943
344.9999999999999 23.853320182613068 22.546987736267994
345.5 23.85527705645437 22.54742966137296
346.0 23.857276879223566 22.547871804023973
346.4999999999999 23.859251993684186 22.54832782635486
347.0 23.861219724883 22.548773974214605
347.5 23.8632059787834 22.549227357000007
347.9999999999999 23.865159756534723 22.54967088670732
348.5 23.867137783438785 22.550121559877773
349.0 23.86911104323503 22.55056875657184
349.4999999999999 23.87106954800327 22.551021844633425
350.0 23.87304618563416 22.551473331044352
350.5 23.8749922363769 22.5519305238534
350.9999999999999 23.876973323828288 22.55238041624468
351.5 23.878948485291115 22.552839853753564
352.0 23.880897305072114 22.55328977226041
352.4999999999999 23.882869638246632 22.553755394681435
353.0 23.884817184835 22.55420820490766
353.5 23.886784562210067 22.554664202047576
353.9999999999999 23.888726239049593 22.55512069609706
354.5 23.890694241729612 22.555581202105387
355.0 23.892644021711874 22.55603333081976
355.4999999999999 23.894601172774507 22.55649922047168
356.0 23.89654116098706 22.556963662345403
356.5 23.89852568280159 22.557426603661142
356.9999999999999 23.900469011788033 22.55789116371631
357.5 23.90241734471114 22.558352840263893
358.0 23.904372809845803 22.558818992685275
358.4999999999999 23.90631436634212 22.559280443873647
359.0 23.908269605132347 22.559753293825175
359.5 23.9102178772902 22.56021366835961
359.9999999999999 23.912169246126 22.560680646347592
360.5 23.91411780183021 22.56114827557475
361.0 23.91604340116104 22.56161604002004
361.4999999999999 23.917988513851725 22.562087908033718
362.0 23.91993180158933 22.56256346340234
362.5 23.92188966292518 22.56303260491878
362.9999999999999 23.923817000085982 22.563508787481755
363.5 23.925774132336983 22.563974100706755
364.0 23.927714663002728 22.56445066460244
364.4999999999999 23.929630516367673 22.564926258666862
365.0 23.931570064811115 22.56540229945329
365.5 23.933520789517342 22.565872150732496
365.9999999999999 23.935447028946264 22.566348118938322
366.5 23.93738191935479 22.566825020869665
367.0 23.93932840423402 22.567306843806566
367.4999999999999 23.941243066898185 22.5677828287403
368.0 23.94318841835029 22.568259574564863
368.5 23.945113211037157 22.56874187295583
368.9999999999999 23.947058394727083 22.569228482624357
369.5 23.948984143333696 22.569706712442
370.0 23.950910104942746 22.57017941205717
370.4999999999999 23.952843168561387 22.570667392114075
371.0 23.95477222147597 22.57114817709091
371.5 23.956699891292175 22.571635960914087
371.9999999999999 23.958633265803012 22.57212459566761
372.5 23.960554852613086 22.572609273942774
373.0 23.962480570269587 22.573101404896114
373.4999999999999 23.964388115693055 22.573583007706638
374.0 23.966319402177866 22.574066126871326
374.5 23.968251637112836 22.57455481270422
374.9999999999999 23.97016257141033 22.57504775340418
375.5 23.97208866182217 22.57553490207667
376.0 23.974012930494645 22.576029729404397
376.4999999999999 23.975944165796797 22.576519153126767
377.0 23.977863309798177 22.577006557037787
377.5 23.979784835364917 22.57750684161085
377.9999999999999 23.981692890644535 22.577989795607095
378.5 23.983615161261245 22.578485868242176
379.0 23.98551499386651 22.578980194112773
379.4999999999999 23.987440875483273 22.579482061903388
380.0 23.989365562872166 22.57997417552528
380.5 23.991262804699936 22.580468484338333
380.9999999999999 23.993178679151463 22.58097443431091
381.5 23.99507738256996 22.58148085802937
382.0 23.99699385848561 22.581969905795102
382.4999999999999 23.998904063393177 22.58247197228424
383.0 24.00079663239851 22.582971761411017
383.5 24.002697571634805 22.583479231451157
383.9999999999999 24.00461707008326 22.583979486790273
384.5 24.006500900677338 22.58447927481162
385.0 24.008381002351427 22.584990467087266
385.4999999999999 24.01028540566536 22.58548998778449
386.0 24.01217859898541 22.58599945987898
386.5 24.014077441673592 22.586501593804066
386.9999999999999 24.015973179311786 22.58701112434837
387.5 24.017855119725972 22.587520966832216
388.0 24.019741295990702 22.588030765564135
388.4999999999999 24.021626984981793 22.588535977837132
389.0 24.023515954732027 22.589053593611727
389.5 24.025397241826994 22.589564731656402
389.9999999999999 24.027291180272904 22.590070896059974
390.5 24.029169080301504 22.59058804320293
391.0 24.031033705859794 22.591101635804645
391.4999999999999 24.03291415018706 22.591615366506463
392.0 24.034800075080163 22.592129789514296
392.5 24.03667686254309 22.59264399460372
392.9999999999999 24.038559568094673 22.593163508234703
393.5 24.040424596583932 22.593682203157414
394.0 24.04230152165766 22.59419517293566
394.4999999999999 24.04415791259624 22.59472086631334
395.0 24.046025381800806 22.595234669506393
395.5 24.047892590585764 22.595760481161832
395.9999999999999 24.049752452856854 22.596284804990315
396.5 24.051639078473382 22.596794262787764
397.0 24.053488185676827 22.597324513734954
397.4999999999999 24.055356494416547 22.597846385830618
398.0 24.057218601109295 22.598369627757364
398.5 24.059068064331438 22.598897149297446
398.9999999999999 24.060936155483024 22.599422299276277
399.5 24.06278238562164 22.599946203927075
400.0 24.064635246291278 22.60046943535679
400.4999999999999 24.06650536709025 22.601005624777795
401.0 24.06834092081088 22.601539306014644
401.5 24.0701888536011 22.602063213335846
401.9999999999999 24.07204547630831 22.60259119817716
402.5 24.073890542341395 22.60312494633496
403.0 24.075745921342527 22.603661029847682
403.4999999999999 24.07758767190725 22.60419182516076
404.0 24.079457507970293 22.604723867512636
404.5 24.081285027730782 22.605260192139593
404.9999999999999 24.083125195005493 22.605792021346282
405.5 24.084949886105154 22.60633111275483
406.0 24.086812453123088 22.6068714436855
406.4999999999999 24.08865420238078 22.607411012463775
407.0 24.090492989913738 22.607937528223495
407.5 24.092338266614245 22.608490933427937
407.9999999999999 24.094163300267603 22.609018055599876
408.5 24.096007917501755 22.60956506801729
409.0 24.097841670397216 22.610108779326787
409.4999999999999 24.099677397215594 22.610641902184856
410.0 24.101516494791614 22.611185280572208
410.5 24.10333645549938 22.61174370438355
410.9999999999999 24.1051728823038 22.612283506747268
411.5 24.106995825042567 22.61281840883243
412.0 24.10882991608991 22.61336634554203
412.4999999999999 24.11064510086666 22.61391627346752
413.0 24.112485570454048 22.61446478859662
413.5 24.114308253535622 22.615012247186357
413.9999999999999 24.11612579139948 22.615565127976808
414.5 24.117942299652974 22.6161137223415
415.0 24.119769627529113 22.616657195941677
415.4999999999999 24.12158561670591 22.61721944016202
416.0 24.12340607087497 22.617765536182674
416.5 24.125220455931967 22.61832191232014
416.9999999999999 24.12702678733774 22.618873009703805
417.5 24.1288436037063 22.61943303330888
418.0 24.130639639383617 22.619987527472816
418.4999999999999 24.132426497488773 22.62055461085476
419.0 24.134237579171828 22.62109938497566
419.5 24.136036745585272 22.621656692827425
419.9999999999999 24.13783295213927 22.622227217283466
420.5 24.139627093179197 22.622788854176598
421.0 24.141407438029884 22.623341461341667
421.4999999999999 24.143196270473794 22.62391152985409
422.0 24.144974080774702 22.62447425088157
422.5 24.146751171392022 22.625035178122275
422.9999999999999 24.148532618611295 22.625599075203304
423.5 24.15029976437114 22.626168430587803
424.0 24.152076252669712 22.62673454448139
424.4999999999999 24.15384871991472 22.6272971729548
425.0 24.15562220535433 22.62787561537919
425.5 24.157384797802187 22.62843847144394
425.9999999999999 24.159144221672697 22.629016657067137
426.5 24.160918353287705 22.629582791971835
427.0 24.162677018934637 22.63016040039988
427.4999999999999 24.164442082046243 22.63072908049516
428.0 24.166191824817016 22.631303440401087
428.5 24.16795534711333 22.631885559455867
428.9999999999999 24.169718801555344 22.632456466064262
429.5 24.171469080159422 22.633031006924448
430.0 24.17321974055707 22.633612708773036
430.4999999999999 24.174963964499163 22.634186764296715
431.0 24.17670561956691 22.634768819465222
431.5 24.178449243581184 22.635347339895013
431.9999999999999 24.180195814292 22.635924907384577
432.5 24.181936409863695 22.636508464295293
433.0 24.18367559765384 22.637087395860377
433.4999999999999 24.185428662285663 22.637673417068314
434.0 24.187155893919563 22.63824844683439
434.5 24.18891596849894 22.63883644775221
434.9999999999999 24.19063157781721 22.63942250588292
435.5 24.192379438440756 22.640013645853983
436.0 24.19410884538172 22.64059286138383
436.4999999999999 24.195851777919138 22.641180402668454
437.0 24.19757555330795 22.6417680195968
437.5 24.19931489857506 22.64235489758622
437.9999999999999 24.201059469174155 22.642950779254253
438.5 24.202787991827577 22.643536319774245
439.0 24.20451253183684 22.644127266800197
439.4999999999999 24.20625069447715 22.644720515434113
440.0 24.207975763387157 22.645312939117453
440.5 24.20971998213457 22.645904348710864
440.9999999999999 24.21143926690704 22.646495429352626
441.5 24.21317061883713 22.64709064416342
442.0 24.21491856567089 22.647690306767707
442.4999999999999 24.21663847359989 22.64828853466224
443.0 24.218368557520606 22.648881297868133
443.5 24.22011857073263 22.64947726033714
443.9999999999999 24.221834052794225 22.65007213533813
444.5 24.223577812674634 22.65067417523277
445.0 24.225297807446324 22.65127219180482
445.4999999999999 24.227034030622058 22.651866912013343
446.0 24.228765931716595 22.652466740813367
446.5 24.230516020342012 22.653063964923447
446.9999999999999 24.232242705083014 22.653665716738296
447.5 24.23397081532462 22.654270635878987
448.0 24.235705735967304 22.654871407958122
448.4999999999999 24.23745735561113 22.65547400555787
449.0 24.239187343390213 22.656072314685765
449.5 24.240924861040703 22.656687975773686
449.9999999999999 24.242673277290578 22.657282949764156
450.5 24.24442012808106 22.65789337530546
451.0 24.246170559321495 22.658497357994527
451.4999999999999 24.247906480591833 22.659100336614845
452.0 24.249637276780103 22.659709173773823
452.5 24.251386030584612 22.66032081761103
452.9999999999999 24.25314012850396 22.66092453655122
453.5 24.25487385525686 22.66154043605839
454.0 24.25662691068526 22.662153469465864
454.4999999999999 24.258377898742374 22.662749813576717
455.0 24.260101737635114 22.663361674406055
455.5 24.261828058921306 22.663979570995174
455.9999999999999 24.263572057829933 22.664594123708973
456.5 24.26529691180932 22.665213278557097
457.0 24.26704256570849 22.665820315381858
457.4999999999999 24.268767074624463 22.66643937402355
458.0 24.270501601922003 22.667052795257025
458.5 24.272226563890236 22.66766973122226
459.0 24.273960887884098 22.66828397367601
459.5 24.275694111014474 22.668893017069887
460.0 24.277421919019876 22.669520367559155
460.5 24.279132294082277 22.6701306123562
461.0 24.28087235694951 22.670762706056735
461.5 24.282589383681874 22.671374251631832
462.0 24.284310991302437 22.672007528084638
462.5 24.28601888678717 22.672623519758467
463.0 24.287758977515548 22.673252400931663
463.5 24.289470150260133 22.673863097773133
464.0 24.291180087950192 22.674499495282458
464.5 24.29291715971779 22.67512722119868
465.0 24.29462629958969 22.675753368538253
465.5 24.29634547084018 22.6763786891647
466.0 24.29805727373248 22.676996075213513
466.5 24.299781307542577 22.677636774621
467.0 24.301502778134463 22.678263289363535
