FastTrWP/PhaseSpace/IAs/snIa_0.68_30.00_-0.61_0.13.csv
# %ECSV 0.9
# ---
# datatype:
# - {name: time-rel, datatype: float64}
# - {name: g, datatype: float64}
# - {name: i, datatype: float64}
# schema: astropy-2.0
time-rel g i
160.47916666666666 26.999005118341156 24.461729545940038
160.97916666666666 26.9946020622942 24.45528904395755
161.47916666666666 26.990215656680295 24.448833920053396
161.97916666666666 26.98584201454288 24.44244704998468
162.47916666666666 26.98144348882176 24.436079433588617
162.97916666666666 26.976998791553903 24.42973455012625
163.47916666666666 26.972539819273422 24.42340279176549
163.97916666666666 26.968133707086007 24.417129207891094
164.47916666666666 26.96369561606405 24.41084118727047
164.97916666666666 26.95929266690368 24.40459625577725
165.47916666666666 26.954739077202255 24.398380541067777
165.97916666666666 26.95031634118896 24.392190092691347
166.47916666666666 26.945855529625913 24.386027564472002
166.97916666666666 26.941297518833288 24.379874326263984
167.47916666666666 26.936780981033 24.37375301083812
167.97916666666666 26.932263828349605 24.36764457692251
168.47916666666666 26.927727854183857 24.361575687692056
168.97916666666666 26.923156261707867 24.355536148188264
169.47916666666663 26.918665892599805 24.349534088666577
169.97916666666666 26.91404764557921 24.34352140862149
170.47916666666666 26.90943131711952 24.337556813164362
170.97916666666663 26.904823143267215 24.33160780545017
171.47916666666666 26.900277061547758 24.325695971838574
171.97916666666666 26.895625877088783 24.31977314729693
172.47916666666663 26.89097790482647 24.31390587265893
172.97916666666666 26.886351574243257 24.30806634907158
173.47916666666666 26.881696214859776 24.302229329223
173.97916666666663 26.877033033563656 24.29642518663073
174.47916666666666 26.872513933403496 24.29062311781474
174.97916666666666 26.8678256427706 24.28485902041761
175.47916666666663 26.86327035296817 24.279100183933263
175.97916666666666 26.85870657110773 24.273344208286275
176.47916666666666 26.854166462232367 24.267629817672855
176.97916666666663 26.84964078774093 24.26193929437089
177.47916666666666 26.84509092049193 24.25624713774054
177.97916666666666 26.840530832620864 24.25058687606361
178.47916666666663 26.83603194937856 24.244932266744257
178.97916666666666 26.83155722575347 24.239296747417654
179.47916666666666 26.82703747262726 24.233684229508555
179.97916666666663 26.822593623652157 24.228074611952984
180.47916666666666 26.818086522118065 24.222516859438457
180.97916666666666 26.813662467070003 24.216953211311065
181.47916666666663 26.80915929190824 24.2114169383798
181.97916666666666 26.804707980136136 24.20589008613127
182.47916666666666 26.800297287238894 24.20039206582789
182.97916666666663 26.795787294586958 24.19489242363005
183.47916666666666 26.791349955479355 24.189421085696644
183.97916666666666 26.786930232518806 24.183979236158734
184.47916666666663 26.782470839777808 24.178536611849584
184.97916666666666 26.77803075627757 24.173114991002205
185.47916666666666 26.77357274754418 24.16771915151625
185.97916666666663 26.769192881019386 24.162328421590992
186.47916666666666 26.76475744930057 24.156965071728102
186.97916666666666 26.760261262432998 24.15161934818519
187.47916666666663 26.755765087520167 24.146291441256302
187.97916666666666 26.751349896469865 24.140969867167605
188.47916666666666 26.74692317027105 24.13566103517082
188.97916666666663 26.742457395241534 24.13038107904861
189.47916666666666 26.738001867195628 24.12512230689634
189.97916666666666 26.733606380071016 24.119860880722616
190.47916666666663 26.72906518699182 24.11463295555464
190.97916666666666 26.724661555393414 24.109416855251457
191.47916666666666 26.720185979335756 24.10420496318428
191.97916666666663 26.715719541364784 24.09902007572515
192.47916666666666 26.71124875382973 24.09386670310907
192.97916666666666 26.706766249368037 24.088715807391115
193.47916666666663 26.702231968061852 24.083574223740584
193.97916666666666 26.697807393830473 24.078456663977597
194.47916666666666 26.693193390414038 24.07334872165581
194.97916666666663 26.688719373362396 24.06826899963636
195.47916666666666 26.68421169435794 24.06320276523793
195.97916666666666 26.67964858471747 24.05813833867889
196.47916666666663 26.675161588885693 24.05308590287595
196.97916666666666 26.670548516384137 24.048075403240187
197.47916666666666 26.6660255122923 24.043071879283456
197.97916666666663 26.66145450009588 24.038090097769576
198.47916666666666 26.656849044147982 24.033098518911142
198.97916666666666 26.652246630081958 24.02813887517904
199.47916666666663 26.647636768407512 24.02319236929438
199.97916666666666 26.643030919499434 24.018261545307432
200.47916666666666 26.638400341369696 24.013344697453544
200.97916666666663 26.63376249974901 24.008445531866318
201.47916666666666 26.629097029830405 24.003559956093973
201.97916666666666 26.62441270873235 23.99871088992863
202.47916666666663 26.61971300262045 23.99384150328855
202.97916666666666 26.61501296481203 23.989011916330554
203.47916666666666 26.610366489714657 23.984171194182426
203.97916666666663 26.60559395370592 23.979363608387917
204.47916666666666 26.600865789118238 23.974573540421943
204.97916666666666 26.596104661371058 23.969802676174552
205.47916666666663 26.591326037860618 23.965026902556797
205.97916666666666 26.586575619694766 23.960279837341165
206.47916666666666 26.581772081926168 23.95554628994304
206.97916666666663 26.576968178040875 23.950832715786603
207.47916666666666 26.57218092412108 23.94612395341766
207.97916666666666 26.567296953393118 23.941443200648436
208.47916666666663 26.56245181541218 23.936756785345704
208.97916666666666 26.5575328010395 23.932093956215045
209.47916666666666 26.552646107665442 23.927442204615925
209.97916666666663 26.54774341606003 23.922811957205216
210.47916666666666 26.542837777621028 23.918222021006894
210.97916666666666 26.537846897066736 23.91360258015152
211.47916666666663 26.532909344942517 23.90900517108105
211.97916666666666 26.527979276272944 23.904436929192457
212.47916666666666 26.522933112401724 23.89988060321857
212.97916666666663 26.517920762178264 23.895334651520706
213.47916666666666 26.512910804074853 23.890789803661256
213.97916666666666 26.50786354136516 23.886277510654676
214.47916666666663 26.502884487185128 23.881777624482762
214.97916666666666 26.497767952573895 23.87727282345711
215.47916666666666 26.492733359161154 23.872793521880524
215.97916666666663 26.487714979671257 23.868322034984995
216.47916666666666 26.48263894016297 23.863864356101736
216.97916666666666 26.477578751887208 23.859446609637466
217.47916666666663 26.472516384228456 23.854997093376845
217.97916666666666 26.467451263327572 23.8505912722054
218.47916666666666 26.462366311524118 23.846187999313596
218.97916666666663 26.457339952209907 23.84178065813718
219.47916666666666 26.452262192670013 23.83739793710319
219.97916666666666 26.447158224507188 23.83303384277226
220.47916666666663 26.44209039171332 23.82868930387344
220.97916666666666 26.437044480806634 23.82433938175465
221.47916666666666 26.43196337222108 23.82000851092068
221.97916666666663 26.426839963744506 23.815678309527357
222.47916666666666 26.421745126439205 23.81137480567885
222.97916666666666 26.41666078931076 23.80707377452233
223.47916666666663 26.411576356745343 23.80279707539607
223.97916666666666 26.406495983839076 23.79851667795002
224.47916666666666 26.401379522600173 23.794238504953622
224.97916666666663 26.39630619923929 23.78999122518213
225.47916666666666 26.391197598320794 23.78575017772192
225.97916666666666 26.386115135617704 23.78151875995648
226.47916666666663 26.381025052748882 23.77730032218661
226.97916666666666 26.375889084128584 23.773097830374628
227.47916666666666 26.370858161661815 23.768901908815376
227.97916666666663 26.36569997699992 23.76470594999568
228.47916666666666 26.36057043187869 23.760524074645907
228.97916666666666 26.355498999574166 23.756346705763868
229.47916666666663 26.350399640310496 23.752209248694204
229.97916666666666 26.345301013584333 23.748060971606417
230.47916666666666 26.340221059061708 23.743926879587
230.97916666666663 26.335091590128652 23.739791818502756
231.47916666666666 26.330009186314175 23.73566832794659
231.97916666666666 26.32489919106138 23.731583049084275
232.47916666666663 26.319805434448323 23.72749049009231
232.97916666666666 26.314741568203903 23.723395336342442
233.47916666666666 26.309620958895387 23.71931571047986
233.97916666666666 26.304533454905727 23.715256378914894
234.47916666666666 26.299413250574318 23.711200374280725
234.97916666666666 26.29432175636959 23.707146729727167
235.47916666666666 26.289265490245704 23.703116500622432
235.97916666666666 26.284161913699727 23.69908645517684
236.47916666666666 26.27905943511395 23.695059636882668
236.97916666666666 26.27398241565036 23.69105729251015
237.47916666666666 26.268875318618782 23.6870482454478
237.97916666666666 26.263819997245697 23.68306686442758
238.47916666666666 26.25871375387788 23.67908483449639
238.97916666666666 26.253681194700867 23.675106753242105
239.47916666666666 26.24858796585631 23.671146181844126
239.97916666666666 26.243516583480538 23.667188879325877
240.47916666666666 26.2384611128072 23.66323436712037
240.97916666666666 26.233367529084198 23.659299067975752
241.47916666666666 26.22829872951524 23.65537301227632
241.97916666666666 26.22328078305019 23.6514575292828
242.47916666666666 26.21819080112619 23.647542221642226
242.97916666666666 26.213137487803337 23.643639131713385
243.47916666666666 26.20808683880465 23.639745242346926
243.97916666666666 26.203054525990762 23.635867294829662
244.47916666666666 26.197984098467394 23.631974005905334
244.97916666666666 26.192936504269305 23.62810669778685
245.47916666666666 26.187890260729766 23.624241181299233
245.97916666666666 26.182857741274304 23.620400266684733
246.47916666666666 26.17784156342259 23.6165390046687
246.97916666666666 26.17279917841286 23.612706092480863
247.47916666666666 26.16773818184479 23.608877540058625
247.97916666666666 26.162734997690848 23.605056933121865
248.47916666666666 26.157755815912324 23.60123693900071
248.97916666666666 26.152695555095406 23.597435778684787
249.47916666666666 26.147749281400298 23.59365179288034
249.97916666666666 26.1427325636809 23.58985175539658
250.47916666666666 26.13772576948294 23.586058640219335
250.97916666666666 26.132696760515742 23.582283809802057
251.47916666666666 26.12771210806364 23.57851971602136
251.97916666666666 26.122705560117314 23.574762235885483
252.47916666666666 26.11771103509596 23.571011789540556
252.97916666666666 26.11273762749307 23.567254639381055
253.47916666666666 26.107766876758692 23.56353333329652
253.97916666666666 26.10273742685171 23.559798637849283
254.47916666666666 26.09780653618789 23.55607972023578
254.97916666666666 26.09285999341128 23.5523621563186
255.47916666666666 26.087892047155474 23.54865817209921
255.97916666666666 26.082953232606126 23.54496573696764
256.4791666666667 26.07802958685781 23.54128166490112
256.9791666666667 26.073031649260958 23.53759250122984
257.4791666666667 26.06812035995715 23.533910999398838
257.9791666666667 26.063165663339444 23.530259230151337
258.4791666666667 26.058253945131348 23.526597222810675
258.9791666666667 26.053333364950863 23.52295127381278
259.4791666666667 26.04843950510833 23.519320772738013
259.9791666666667 26.04345863652606 23.515673102585684
260.4791666666667 26.038578623455507 23.512051263510987
260.9791666666667 26.033717248174334 23.508438856873898
261.4791666666667 26.028785893717007 23.504833999896896
261.9791666666667 26.023893940760956 23.501219915434216
262.4791666666667 26.018982463357126 23.497626979250164
262.9791666666667 26.014112333266283 23.49403873409017
263.4791666666667 26.009231008925582 23.490469693284787
263.9791666666667 26.004353885459103 23.486888133651192
264.4791666666667 25.999485010505534 23.483324280045995
264.9791666666667 25.994614881185388 23.479752244604285
265.4791666666667 25.98976689148957 23.476199205190444
265.9791666666667 25.98490291633604 23.472657584672007
266.4791666666667 25.980055132756338 23.469118079485895
266.9791666666667 25.97522423223671 23.465596285847784
267.4791666666667 25.97037878089384 23.462075962941075
267.9791666666667 25.96555152506264 23.458558117065973
268.4791666666667 25.96068825489428 23.45503939736718
268.9791666666667 25.955890110291783 23.451534968970257
269.4791666666667 25.951054956220982 23.448030020866646
269.9791666666667 25.94624190992596 23.4445558805046
270.4791666666667 25.941442598431678 23.441063539751248
270.9791666666667 25.936629330362454 23.43758644374769
271.4791666666667 25.93182815990398 23.434118377064713
271.9791666666667 25.927026354707902 23.430647368503855
272.4791666666667 25.922262578881302 23.427192063613727
272.9791666666667 25.917489141036217 23.423737204733875
273.4791666666667 25.912684860649104 23.42028429229126
273.9791666666667 25.907905501832662 23.416851963701664
274.4791666666667 25.903173581733945 23.413412463386244
274.9791666666667 25.898391432815334 23.409980782209804
275.4791666666667 25.893597275622078 23.406565315215154
275.9791666666667 25.88890415604125 23.4031475034284
276.4791666666667 25.884124628554318 23.399738096662702
276.9791666666667 25.879369964331698 23.396331297246373
277.4791666666667 25.874635726882694 23.392935639227975
277.9791666666667 25.8699361913364 23.389532323565717
278.4791666666667 25.86519192398097 23.386161774769988
278.9791666666667 25.860465607485352 23.38276166412883
279.4791666666667 25.85572371220745 23.37939489393556
279.9791666666667 25.851033368578634 23.376035506163724
280.4791666666667 25.846317172684167 23.372652536473062
280.9791666666667 25.841630521004113 23.369306497968488
281.4791666666667 25.83689208202462 23.36594769355539
281.9791666666667 25.83223317285691 23.3626084111744
282.4791666666667 25.82752041911723 23.359251742640843
282.9791666666667 25.822848448340117 23.355920838500683
283.4791666666667 25.818148704303777 23.35259852195907
283.9791666666667 25.8134821819287 23.349268831648864
284.4791666666667 25.808837610030416 23.345942640847266
284.9791666666667 25.804165196831065 23.34263342389989
285.4791666666667 25.799522304534122 23.33932808735223
285.9791666666667 25.79486224837892 23.336012005890154
286.4791666666667 25.790213098230524 23.33271907850076
286.9791666666667 25.78555260510449 23.32940778002415
287.4791666666667 25.780906548389233 23.326122917841246
287.9791666666667 25.776267082419942 23.322844710048145
288.4791666666667 25.771685542441173 23.319561381139362
288.9791666666667 25.767026503523955 23.316280406284204
289.4791666666667 25.762404842428236 23.313010767398993
289.9791666666667 25.757819695401423 23.309749994525845
290.4791666666667 25.75320559035333 23.306489678730337
290.9791666666667 25.748595492576882 23.303233599397956
291.4791666666667 25.74399916223097 23.29998085240861
291.9791666666667 25.739402170136895 23.29673287675623
292.4791666666667 25.73480667971993 23.293496289125205
292.9791666666667 25.7302271040628 23.290252313119044
293.4791666666667 25.72566314339799 23.28702779140391
293.9791666666667 25.72111548284161 23.283796699566693
294.4791666666667 25.71652664664866 23.28057866242365
294.9791666666667 25.711950194814996 23.277361042341326
295.4791666666667 25.70741740079454 23.27414366991032
295.9791666666667 25.702818571764606 23.27093260598392
296.4791666666667 25.698293713550964 23.26773740559843
296.9791666666667 25.6937720809 23.264536544374753
297.4791666666667 25.689238296846852 23.261342592480144
297.9791666666667 25.684713678730713 23.258186879618428
298.4791666666667 25.6801804712749 23.254986057996867
298.9791666666667 25.67567710910223 23.251809361912006
299.4791666666667 25.6711579435661 23.248640538516653
299.9791666666667 25.666668440832304 23.245484648014415
300.4791666666667 25.662179861761118 23.24233010661779
300.9791666666667 25.657693949426495 23.23917463964875
301.4791666666667 25.653195484585698 23.236026617570577
301.9791666666667 25.648728519690586 23.23287594366846
302.4791666666667 25.64427831448799 23.229747513730675
302.9791666666667 25.639769023663916 23.22661156234954
