FastTrWP/PhaseSpace/IAs/snIa_0.45_30.00_0.83_-0.09.csv
# %ECSV 0.9
# ---
# datatype:
# - {name: time-rel, datatype: float64}
# - {name: g, datatype: float64}
# - {name: i, datatype: float64}
# schema: astropy-2.0
time-rel g i
[from data line 1734]
1026.8958333333333 24.020493787581817 22.720151624005823
1027.3958333333333 24.022215500768965 22.72093040618556
1027.8958333333333 24.023962679508088 22.72170357376048
1028.3958333333333 24.025704197622698 22.722474111858
1028.8958333333333 24.027446120149463 22.723242295483956
1029.3958333333333 24.0291794137569 22.724022036429467
1029.8958333333333 24.03092710005582 22.72479576978174
1030.3958333333333 24.032667976251993 22.72556686033613
1030.8958333333333 24.034415402287372 22.72634329255147
1031.3958333333333 24.036161742004904 22.727131452376167
1031.8958333333333 24.037896791738188 22.72789788460344
1032.3958333333333 24.03965501379519 22.72867989412612
1032.8958333333333 24.041391829895687 22.729460815945096
1033.3958333333333 24.04313970419691 22.73024944835968
1033.8958333333333 24.044883602724735 22.731023953120733
1034.3958333333333 24.046632465917725 22.731806653075953
1034.8958333333333 24.048381489954295 22.732593914702992
1035.3958333333333 24.050137932311223 22.733372846993362
1035.8958333333333 24.051878861518077 22.734163819449673
1036.3958333333333 24.05362775103125 22.734955206687314
1036.8958333333333 24.05539637018044 22.73574682726155
1037.3958333333333 24.057145620378027 22.736536586665743
1037.8958333333333 24.05889721054461 22.737325400305657
1038.3958333333333 24.060662415866453 22.738114714619474
1038.8958333333333 24.06240386484565 22.738900800447027
1039.3958333333333 24.06416601920013 22.739698401402674
1039.8958333333333 24.065935286102437 22.740500940965795
1040.3958333333333 24.067681806254623 22.74129218597093
1040.8958333333333 24.06945186321735 22.742092730026883
1041.3958333333333 24.0712181138853 22.742882965643645
1041.8958333333333 24.07297224242484 22.743690125377594
1042.3958333333333 24.07474081246886 22.74448421422835
1042.8958333333333 24.076504907548177 22.745295186289045
1043.3958333333333 24.078268297088922 22.746091195986917
1043.8958333333333 24.080035036474232 22.7468981300635
1044.3958333333333 24.081816004144592 22.747695551116994
1044.8958333333333 24.083551084764593 22.748506856637214
1045.3958333333333 24.08534322571216 22.749305921285064
1045.8958333333333 24.087109696946534 22.75010776027181
1046.3958333333333 24.088864862868128 22.750924926404718
1046.8958333333333 24.090630029296968 22.751733036684204
1047.3958333333333 24.092404266908037 22.752543194365344
1047.8958333333333 24.09417931037951 22.753350418742876
1048.3958333333333 24.0959465311239 22.754160287256695
1048.8958333333333 24.097719033958313 22.754973178871367
1049.3958333333333 24.099491266361493 22.75578309402328
1049.8958333333333 24.1012721024229 22.756602306343275
1050.3958333333333 24.103051711006202 22.75741873648404
1050.8958333333333 24.104820125330896 22.758242264611745
1051.3958333333333 24.10659164224345 22.7590560032265
1051.8958333333333 24.108377976751765 22.759863164439057
1052.3958333333333 24.110145865457273 22.760686641675086
1052.8958333333333 24.11193398864252 22.761512176625583
1053.3958333333333 24.113704740946886 22.762327579258383
1053.8958333333333 24.11548347853855 22.76315250734005
1054.3958333333333 24.117265972944296 22.76398022650401
1054.8958333333333 24.119043808767827 22.764803545336708
1055.3958333333333 24.12083257341289 22.765628859143465
1055.8958333333333 24.12261307364843 22.76646169754672
1056.3958333333333 24.124386674909026 22.767288662053943
1056.8958333333333 24.126179098098092 22.768111529811875
1057.3958333333333 24.12795420641689 22.76893701628845
1057.8958333333333 24.129745564194174 22.769773178540994
1058.3958333333333 24.13153897446644 22.770607374334904
1058.8958333333333 24.133314390297823 22.77143778777471
1059.3958333333333 24.135102000484142 22.772266767661545
1059.8958333333333 24.136893792802784 22.7731105615964
1060.3958333333333 24.138694732894077 22.773950935614916
1060.8958333333333 24.14047413849432 22.774781156443645
1061.3958333333333 24.1422726318783 22.775621226131836
1061.8958333333333 24.144055893614123 22.776463166646323
1062.3958333333333 24.145867884927643 22.777309516967733
1062.8958333333333 24.14764794024357 22.778143002427118
1063.3958333333333 24.14943416497493 22.778990958107116
1063.8958333333333 24.151225326872392 22.779828382847732
1064.3958333333333 24.153024640682123 22.780678845474483
1064.8958333333333 24.15482143047967 22.781524067313434
1065.3958333333333 24.15662555350906 22.78236773404557
1065.8958333333333 24.15842486004078 22.783224071274226
1066.3958333333333 24.16021922481345 22.78406590648638
1066.8958333333333 24.162018229790267 22.7849329971809
1067.3958333333333 24.16383849468158 22.785783747650292
1067.8958333333333 24.165631232464424 22.786629508922488
1068.3958333333333 24.167419466240755 22.7874899563199
1068.8958333333333 24.169223240834103 22.788342268177914
1069.3958333333333 24.1710483157524 22.78920243615869
1069.8958333333333 24.172862096282046 22.7900615678479
1070.3958333333333 24.174669482622978 22.790927493915486
1070.8958333333333 24.176464960559578 22.79178178629417
1071.3958333333333 24.17829028805885 22.79264440980812
1071.8958333333333 24.180091377214296 22.79350839420299
1072.3958333333333 24.181904184845216 22.794373424144418
1072.8958333333333 24.18372155472578 22.795244139258056
1073.3958333333333 24.18554148219406 22.79611208246548
1073.8958333333333 24.187351076236553 22.796980992536838
1074.3958333333333 24.18917382981696 22.797848207088364
1074.8958333333333 24.190983858703945 22.798724224807465
1075.3958333333333 24.192815591596286 22.79960157616503
1075.8958333333333 24.194618102374612 22.800474408181337
1076.3958333333333 24.196451707521188 22.80135413430397
1076.8958333333333 24.19827437230927 22.80222826521168
1077.3958333333333 24.200094060642066 22.803100193688547
1077.8958333333333 24.20193552263101 22.803989876633842
1078.3958333333333 24.203747147000584 22.804863831797793
1078.8958333333333 24.20557464554868 22.80575766422671
1079.3958333333333 24.207404885393796 22.806638750634825
1079.8958333333333 24.209236503728626 22.807525911405527
1080.3958333333333 24.21106865853028 22.80840967816683
1080.8958333333333 24.21289269659323 22.809295998024524
1081.3958333333333 24.214724946682054 22.810191443669666
1081.8958333333333 24.216545794874897 22.81108280882502
1082.3958333333333 24.218391919855335 22.81196553945697
1082.8958333333333 24.220210009306676 22.81286033423273
1083.3958333333333 24.222063617107892 22.81376356586562
1083.8958333333333 24.223888204925412 22.814664746108363
1084.3958333333333 24.225731273120825 22.815555500858437
1084.8958333333333 24.22756548646072 22.816466462026153
1085.3958333333333 24.229413196517537 22.817357122134894
1085.8958333333333 24.231243555602383 22.818249794907643
1086.3958333333333 24.233064693569087 22.819158577509114
1086.8958333333333 24.234923839948188 22.82005574372153
1087.3958333333333 24.236767831569622 22.820973065104457
1087.8958333333333 24.23860864249271 22.821872742449916
1088.3958333333333 24.240459859439227 22.822786199241985
1088.8958333333333 24.242286274704334 22.823698642333245
1089.3958333333333 24.24414768783774 22.824608930109925
1089.8958333333333 24.24599141367629 22.82550823025369
1090.3958333333333 24.247845302129555 22.826424716659417
1090.8958333333333 24.24968105797125 22.82734433366697
1091.3958333333333 24.25153672605235 22.828261666689396
1091.8958333333333 24.25339393124686 22.829181193270898
1092.3958333333333 24.25523748055074 22.830107680297242
1092.8958333333333 24.25709746969069 22.831019709584975
1093.3958333333333 24.258949413213962 22.831938912570862
1093.8958333333333 24.260804682025867 22.832866326744224
1094.3958333333333 24.262649522661064 22.833792094595285
1094.8958333333333 24.26451591335098 22.83471897298767
1095.3958333333333 24.266365945766452 22.83564534421815
1095.8958333333333 24.26824386755314 22.83656791370216
1096.3958333333333 24.270088404292224 22.83750619352142
1096.8958333333333 24.271950404562872 22.83842355054286
1097.3958333333333 24.273809708291637 22.839364897841506
1097.8958333333333 24.275678418977662 22.84029516246166
1098.3958333333333 24.27754701671406 22.84122982613535
1098.8958333333333 24.279380619646385 22.842162307870424
1099.3958333333333 24.281260590062168 22.84309709802131
1099.8958333333333 24.283151077717335 22.844030375835484
1100.3958333333333 24.28500088563681 22.844969885741556
1100.8958333333333 24.286878881104652 22.845911703691186
1101.3958333333333 24.288750791611534 22.84686142672733
1101.8958333333333 24.29062081481824 22.847800871937164
1102.3958333333333 24.2924941632673 22.848742086912267
1102.8958333333333 24.29435123176968 22.84968770964403
1103.3958333333333 24.296222963973907 22.850638891291318
1103.8958333333333 24.298113089617885 22.85158802404861
1104.3958333333333 24.299986952449114 22.852542037230258
1104.8958333333333 24.301865836877177 22.853489786734926
1105.3958333333333 24.303742977194993 22.854439614054094
1105.8958333333333 24.30562367463758 22.85539167535953
1106.3958333333333 24.307521932181743 22.85634237521589
1106.8958333333333 24.30938516943759 22.857303659958866
1107.3958333333333 24.311280568076533 22.85825235413986
1107.8958333333333 24.313146558308997 22.85920883132663
1108.3958333333333 24.315037472935717 22.86017659432488
1108.8958333333333 24.316941601056683 22.861133334686812
1109.3958333333333 24.31883859332502 22.862096310405022
1109.8958333333333 24.3207195499534 22.863062379762376
1110.3958333333333 24.322608773248014 22.8640186820868
1110.8958333333333 24.324486356624305 22.864985650965735
1111.3958333333333 24.326389970711148 22.865949132720715
1111.8958333333333 24.328293221143042 22.86692438570917
1112.3958333333333 24.330175677004245 22.867886885183246
1112.8958333333333 24.332081825247958 22.868869318991084
1113.3958333333333 24.333979870997503 22.86983532859509
1113.8958333333333 24.335882905271937 22.870819289136595
1114.3958333333333 24.33778328931085 22.871794729725835
1114.8958333333333 24.339671184723347 22.87277849706922
1115.3958333333333 24.341581506582376 22.87376630387374
1115.8958333333333 24.3434890211581 22.874755762725812
1116.3958333333333 24.34538582930336 22.87574709264816
1116.8958333333333 24.347283172437 22.87675053790394
1117.3958333333333 24.349207055268273 22.877735926301803
1117.8958333333333 24.351113970370474 22.878735714704206
1118.3958333333333 24.353024775565647 22.879738732919485
1118.8958333333333 24.354948778989566 22.88073855640318
1119.3958333333333 24.356859437071495 22.8817406587053
1119.8958333333333 24.358763833720715 22.882748160281217
1120.3958333333333 24.360683840851635 22.88375840588256
1120.8958333333333 24.362579704226416 22.884767752342604
1121.3958333333333 24.36452962491035 22.885769471530025
1121.8958333333333 24.36644928946643 22.88679155494483
1122.3958333333333 24.368350910708717 22.88780797421402
1122.8958333333333 24.370274127203743 22.888824536133207
1123.3958333333333 24.37219368769916 22.889835518990452
1123.8958333333333 24.37411915659759 22.890856201987376
1124.3958333333333 24.376037610396114 22.891881670923198
1124.8958333333333 24.377994437442638 22.892903858245838
1125.3958333333333 24.37988877314232 22.893922441045554
1125.8958333333333 24.38181489072698 22.894952079733212
1126.3958333333333 24.383761415118403 22.895980538256005
1126.8958333333333 24.385666261660898 22.897012211196856
1127.3958333333333 24.387604193001064 22.89802955388973
1127.8958333333333 24.389549872972655 22.899069786227265
1128.3958333333333 24.39147131628433 22.900081665191976
1128.8958333333333 24.393409386221375 22.901116722156218
1129.3958333333333 24.395342878172123 22.90215154350222
1129.8958333333333 24.397258548011166 22.90317109733508
1130.3958333333333 24.39921713537903 22.90421274849158
1130.8958333333333 24.401164079783335 22.905236472009637
1131.3958333333333 24.40308823145388 22.90627025043621
1131.8958333333333 24.405047902391047 22.907308097741392
1132.3958333333333 24.406952800653077 22.908333471164376
1132.8958333333333 24.40891826491303 22.909358875047694
1133.3958333333333 24.410850825648787 22.91040349283866
1133.8958333333333 24.41279389979597 22.91143583308574
1134.3958333333333 24.414741171546417 22.912458220317955
1134.8958333333333 24.4166771743591 22.91348621681301
1135.3958333333333 24.4186360350799 22.914517519443503
1135.8958333333333 24.4205648847909 22.915548354379453
1136.3958333333333 24.422514570729916 22.916578816131732
1136.8958333333333 24.42446916181675 22.9176065989372
1137.3958333333333 24.426405761893598 22.918640231532542
1137.8958333333333 24.428379391152916 22.919668522191756
1138.3958333333333 24.430306110226958 22.920694968935692
1138.8958333333333 24.43227181328109 22.921718463889384
1139.3958333333333 24.43421511076034 22.922738266102158
1139.8958333333333 24.436172685068335 22.923766708420995
1140.3958333333333 24.4381234956219 22.924793393841917
1140.8958333333333 24.440074702327554 22.9258065084384
1141.3958333333333 24.44202815581629 22.92683215756764
1141.8958333333333 24.44398539671286 22.927847249692455
1142.3958333333333 24.445942704738933 22.928873434926942
1142.8958333333333 24.447887196135838 22.929881724815612
1143.3958333333333 24.449844018859128 22.93090193415452
1143.8958333333333 24.451819482735257 22.93191542567142
1144.3958333333333 24.4537591931584 22.93291551849357
1144.8958333333333 24.45572779262117 22.933933746643007
1145.3958333333333 24.457692571224207 22.934931544914384
1145.8958333333333 24.459633007290932 22.935952011226824
1146.3958333333333 24.46159043749249 22.936948359864292
1146.8958333333333 24.463562382640383 22.937956369923707
1147.3958333333333 24.46552058873464 22.938954218037935
1147.8958333333333 24.46748084896879 22.93994901341989
1148.3958333333333 24.46944535402917 22.940951389062132
1148.8958333333333 24.471425569184465 22.94196690975071
1149.3958333333333 24.473373011264457 22.942966866929222
1149.8958333333333 24.475345111439218 22.943962859011357
1150.3958333333333 24.477318221164317 22.944960043427308
1150.8958333333333 24.479277019563433 22.945976752741082
1151.3958333333333 24.481263271495788 22.946970532273134
1151.8958333333333 24.483216660023153 22.947972644141565
1152.3958333333333 24.485191551442007 22.948973006022587
1152.8958333333333 24.4871606216002 22.949976815633832
1153.3958333333333 24.489134342868194 22.950981380201014
1153.8958333333333 24.491112350448766 22.95196786617729
1154.3958333333333 24.49307143122686 22.9529790225698
1154.8958333333333 24.495049035139388 22.953979723792962
1155.3958333333333 24.49702107267585 22.95497533861401
1155.8958333333333 24.499007752910803 22.955976991068106
1156.3958333333333 24.500972991876342 22.95697533088438
1156.8958333333333 24.502953842221174 22.957971096397728
1157.3958333333333 24.5049389570486 22.9589707027383
1157.8958333333333 24.506911226680455 22.959969473175224
1158.3958333333333 24.508892757672847 22.96097642589935
1158.8958333333333 24.51087548474703 22.961968728099226
1159.3958333333333 24.512859193582763 22.962966519301556
1159.8958333333333 24.514843245747947 22.9639602636969
1160.3958333333333 24.51681427426637 22.964950575536488
1160.8958333333333 24.518795385289977 22.965949792295742
1161.3958333333333 24.520789001230575 22.966944445287986
1161.8958333333333 24.522779618970358 22.967932481994623
1162.3958333333333 24.52475342262282 22.968930375525854
1162.8958333333333 24.526742830297973 22.96991903683692
1163.3958333333333 24.52872406829615 22.970910221457828
1163.8958333333333 24.53071163149227 22.971899517739015
1164.3958333333333 24.53269440010721 22.972904592569904
1164.8958333333333 24.5346818278332 22.973889326381816
1165.3958333333333 24.536681040703595 22.974876697374125
1165.8958333333333 24.538683566321197 22.975865660751996
1166.3958333333333 24.540635217066658 22.97685606795656
1166.8958333333333 24.542641009803585 22.977843947174268
1167.3958333333333 24.54465248284842 22.97882335615895
1167.8958333333333 24.546626091733348 22.97981207969113
1168.3958333333333 24.548631837220803 22.980800209565135
