FastTrWP/PhaseSpace/IAs/snIa_0.51_30.00_0.49_0.03.csv
# %ECSV 0.9
# ---
# datatype:
# - {name: time-rel, datatype: float64}
# - {name: g, datatype: float64}
# - {name: i, datatype: float64}
# schema: astropy-2.0
time-rel g i
[from data line 2302]
1298.7083333333333 25.585397356073635 23.07961223088508
1299.2083333333333 25.586942496474073 23.080309217378236
1299.7083333333333 25.58844979640839 23.081006625446978
1300.2083333333333 25.590005196811283 23.08170119963986
1300.7083333333333 25.59156356305927 23.082412094813108
1301.2083333333333 25.593082714680328 23.083113084978688
1301.7083333333333 25.594620228643844 23.083811430512853
1302.2083333333333 25.596220330569835 23.084510630767863
1302.7083333333333 25.597714958565952 23.085215148618325
1303.2083333333333 25.599271203016873 23.085926065877867
1303.7083333333333 25.60080020553732 23.086611107585963
1304.2083333333333 25.602356090741637 23.087313578240373
1304.7083333333333 25.603875199606343 23.088015696776797
1305.2083333333333 25.60540230402951 23.088723967500314
1305.7083333333333 25.606968562675473 23.089420720474617
1306.2083333333333 25.60845787766768 23.090123085663336
1306.7083333333333 25.61003217165446 23.090824686917856
1307.2083333333333 25.61157092838946 23.09152585935321
1307.7083333333333 25.61313464370556 23.092230531392715
1308.2083333333333 25.61466546873668 23.092936917930285
1308.7083333333333 25.616185837610498 23.093631225292263
1309.2083333333333 25.617745416060423 23.09433337990111
1309.7083333333333 25.619287821799794 23.09502363452758
1310.2083333333333 25.620864724991698 23.095740226983335
1310.7083333333333 25.622421539670693 23.096453015045725
1311.2083333333333 25.623972214472985 23.097163331782106
1311.7083333333333 25.625490552903976 23.09785970878755
1312.2083333333333 25.627058341498007 23.098576709725638
1312.7083333333333 25.628607886431904 23.099276898061255
1313.2083333333333 25.630140904780173 23.09998112300194
1313.7083333333333 25.63172979639586 23.10069205012865
1314.2083333333333 25.6332790669624 23.101409387801134
1314.7083333333333 25.634829611390767 23.10211399447485
1315.2083333333333 25.636407177403697 23.102811369657218
1315.7083333333333 25.637966511166756 23.103526356408487
1316.2083333333333 25.63948155950051 23.10422578142112
1316.7083333333333 25.641018452459843 23.104924742824263
1317.2083333333333 25.64255189922217 23.105634679492045
1317.7083333333333 25.644096291215828 23.106337989474856
1318.2083333333333 25.645638919834198 23.107036471939306
1318.7083333333333 25.64717237884723 23.10773086820185
1319.2083333333333 25.648691582634967 23.10843100402126
1319.7083333333333 25.650214109540602 23.109131678421274
1320.2083333333333 25.6517414827381 23.109824834428036
1320.7083333333333 25.653267168353896 23.11052267923918
1321.2083333333333 25.654789704077203 23.11122039538205
1321.7083333333333 25.656295380153665 23.111920125628895
1322.2083333333333 25.657824070484267 23.11261829205891
1322.7083333333333 25.65931155957213 23.113311677398038
1323.2083333333333 25.66082304263441 23.1139956234996
1323.7083333333333 25.662344941016805 23.114691748999935
1324.2083333333333 25.66382775684489 23.115392655970076
1324.7083333333333 25.66534079395168 23.116085446991463
1325.2083333333333 25.666866189756185 23.116778432859988
1325.7083333333333 25.66837854756168 23.117471517433437
1326.2083333333333 25.669865304912086 23.118159716138877
1326.7083333333333 25.671369432764415 23.118854693860925
1327.2083333333333 25.672870636398667 23.119542149263978
1327.7083333333333 25.67437301950703 23.120235842543945
1328.2083333333333 25.67588314142092 23.12092750251045
1328.7083333333333 25.677378758513477 23.121615045658224
1329.2083333333333 25.67886982010605 23.122318821465505
1329.7083333333333 25.680382843555563 23.122997836914383
1330.2083333333333 25.68185565177314 23.123698484841334
1330.7083333333333 25.683380217482316 23.12438236038929
1331.2083333333333 25.68487244417087 23.125074072725877
1331.7083333333333 25.68635614884904 23.12576485362541
1332.2083333333333 25.687844282291028 23.126454335059854
1332.7083333333333 25.689369732630553 23.127150997150686
1333.2083333333333 25.69084977974425 23.127849198227203
1333.7083333333333 25.69235542227716 23.12853740825354
1334.2083333333333 25.69388757025731 23.129221883239644
1334.7083333333333 25.695339449825433 23.129923369922327
1335.2083333333333 25.69685548673116 23.130612361864962
1335.7083333333333 25.69834834067809 23.131304805402873
1336.2083333333333 25.699851022864898 23.132000387959813
1336.7083333333333 25.701340781312112 23.13269504026428
1337.2083333333333 25.702869863854367 23.13338218566361
1337.7083333333333 25.704371744531404 23.134084875930295
1338.2083333333333 25.705889369939484 23.134776075693427
1338.7083333333333 25.707399786550624 23.135483844934498
1339.2083333333333 25.70890522330588 23.136165079791468
1339.7083333333333 25.71041447988907 23.136866655454433
1340.2083333333333 25.71190120066129 23.137577620720894
1340.7083333333333 25.713424058624256 23.13826849944438
1341.2083333333333 25.71498432672366 23.13896436580077
1341.7083333333333 25.71650471941819 23.139673304217823
1342.2083333333333 25.718004210829864 23.14037403723666
1342.7083333333333 25.719524115204635 23.1410715997408
1343.2083333333333 25.72101986623708 23.141775528662578
1343.7083333333333 25.72258268758752 23.142480253486404
1344.2083333333333 25.7240747590002 23.143186024980842
1344.7083333333333 25.725635067460694 23.14389101738092
1345.2083333333333 25.72715906608981 23.14459938574724
1345.7083333333333 25.728733101968416 23.145309276781475
1346.2083333333333 25.730287642323955 23.146018618383653
1346.7083333333333 25.7317841956444 23.146731084602692
1347.2083333333333 25.73336090676136 23.147431511121326
1347.7083333333333 25.734904870518957 23.148159997416343
1348.2083333333333 25.736485808823705 23.14886653664424
1348.7083333333333 25.738056084712856 23.14959053775157
1349.2083333333333 25.73958392924371 23.150298836513628
1349.7083333333333 25.74120233676937 23.151019635436384
1350.2083333333333 25.742720226814697 23.151744983187704
1350.7083333333333 25.744321585401803 23.15245276360391
1351.2083333333333 25.745892827591412 23.153177652839226
1351.7083333333333 25.747478189166767 23.153902388058558
1352.2083333333333 25.749057784305812 23.15462186612659
1352.7083333333333 25.75063768723193 23.155352686099025
1353.2083333333333 25.752189116643326 23.156070920415157
1353.7083333333333 25.753781660700103 23.156793389785392
1354.2083333333333 25.755379362231352 23.15751983961107
1354.7083333333333 25.756944175260173 23.15823914317649
1355.2083333333333 25.758561792862714 23.158964046091413
1355.7083333333333 25.76010432764467 23.159693083064433
1356.2083333333333 25.7617374341388 23.160421649753356
1356.7083333333333 25.763325774228157 23.161150864193235
1357.2083333333333 25.764881811008827 23.16187546076918
1357.7083333333333 25.76647968008421 23.162605709292276
1358.2083333333333 25.768105994688717 23.16334373122977
1358.7083333333333 25.769689707745705 23.164062428616425
1359.2083333333333 25.771334560441556 23.164794670535418
1359.7083333333333 25.772897025364504 23.165535744099294
1360.2083333333333 25.774518525051345 23.16625850132287
1360.7083333333333 25.776139340542606 23.16699161849651
1361.2083333333333 25.777706637946128 23.167732745381024
1361.7083333333333 25.779314910577202 23.168461420989143
1362.2083333333333 25.780924770119785 23.16920351329236
1362.7083333333333 25.78253258812805 23.169928139856466
1363.2083333333333 25.784156253889638 23.170661761006357
1363.7083333333333 25.78579630536671 23.171399920126724
1364.2083333333333 25.78737859441008 23.172142544463135
1364.7083333333333 25.788993816646464 23.172877500087758
1365.2083333333333 25.79063364610669 23.173620721227085
1365.7083333333333 25.792251097757433 23.174349690162362
1366.2083333333333 25.79388560006434 23.175088862862992
1366.7083333333333 25.795494199265207 23.175829969484948
1367.2083333333333 25.79714234814174 23.17657712585522
1367.7083333333333 25.79870687242801 23.177309012555043
1368.2083333333333 25.800347046996635 23.178054099609433
1368.7083333333333 25.80196838423825 23.17880286776238
1369.2083333333333 25.80361463162212 23.179540865008388
1369.7083333333333 25.805240431637518 23.180271702937212
1370.2083333333333 25.806864581774633 23.181021969765748
1370.7083333333333 25.8085127977624 23.18177308072045
1371.2083333333333 25.81015196323943 23.18251546876777
1371.7083333333333 25.81177043893595 23.183254718259207
1372.2083333333333 25.813438343901414 23.183996846905224
1372.7083333333333 25.815015126307763 23.18474091967744
1373.2083333333333 25.816690361832848 23.185489877308054
1373.7083333333333 25.818352641471883 23.18624076839211
1374.2083333333333 25.819957913615077 23.18698375104875
1374.7083333333333 25.821624691791705 23.187731687886206
1375.2083333333333 25.823279984408956 23.188478827744404
1375.7083333333333 25.824927862706332 23.189219269923875
1376.2083333333333 25.8265445344733 23.189978380879857
1376.7083333333333 25.82817949192071 23.19072566450352
1377.2083333333333 25.829847611816362 23.191481660930634
1377.7083333333333 25.831499673912287 23.19222497597596
1378.2083333333333 25.8331500647494 23.19296884478614
1378.7083333333333 25.83481480716989 23.19372863673051
1379.2083333333333 25.836459693262942 23.194480753538667
1379.7083333333333 25.83810247174754 23.195237692017308
1380.2083333333333 25.83977950241051 23.19598506114363
1380.7083333333333 25.84141687644717 23.196737219719918
1381.2083333333333 25.84307909043917 23.19749339869276
1381.7083333333333 25.844743311634623 23.19824371811853
1382.2083333333333 25.8464180259354 23.198987809977783
1382.7083333333333 25.848053540419183 23.19975341308051
1383.2083333333333 25.84970799591089 23.20050046647092
1383.7083333333333 25.85140585919426 23.201260941483692
1384.2083333333333 25.85305496668947 23.202016752964106
1384.7083333333333 25.854699549845243 23.20278096434882
1385.2083333333333 25.856383723900272 23.203526278862476
1385.7083333333333 25.858036233805525 23.204284826857954
1386.2083333333333 25.859702542192522 23.20505054211839
1386.7083333333333 25.86142024736374 23.20580599412564
1387.2083333333333 25.86307520134852 23.206558188033114
1387.7083333333333 25.864739690136247 23.20731735586428
1388.2083333333333 25.866397685687232 23.20807641073261
1388.7083333333333 25.86807890251813 23.208835805748194
1389.2083333333333 25.8697948598507 23.209601106754036
1389.7083333333333 25.871442022271324 23.21036768974581
1390.2083333333333 25.873135945769423 23.211111360849003
1390.7083333333333 25.874816798092137 23.21187760759406
1391.2083333333333 25.87651559335661 23.21264966195201
1391.7083333333333 25.87819344619925 23.21340448084596
1392.2083333333333 25.879878344170617 23.21417589766724
1392.7083333333333 25.881571599643742 23.21494426772953
1393.2083333333333 25.883242853885598 23.215696125086538
1393.7083333333333 25.884893495917215 23.216467236318895
1394.2083333333333 25.886627882196297 23.2172374708313
1394.7083333333333 25.88830119230414 23.21800292753155
1395.2083333333333 25.890015451279975 23.21878104003044
1395.7083333333333 25.891692028854116 23.219538613970894
1396.2083333333333 25.893396313557634 23.22031359136672
1396.7083333333333 25.895101518783537 23.221076538492614
1397.2083333333333 25.89680547636853 23.221854020803864
1397.7083333333333 25.89853101366184 23.22262073465211
1398.2083333333333 25.900193498995897 23.22338526778242
1398.7083333333333 25.901913366283843 23.22415703383465
1399.2083333333333 25.903647382150123 23.224936547868623
1399.7083333333333 25.90532306027827 23.225710308464983
1400.2083333333333 25.907042801401417 23.22647150543179
1400.7083333333333 25.908730244255786 23.227245033721537
1401.2083333333333 25.91046076136311 23.22801357903797
1401.7083333333333 25.912177346100258 23.22879705544527
1402.2083333333333 25.91389152932325 23.229575078498634
1402.7083333333333 25.915596045004552 23.230357784306772
1403.2083333333333 25.917315180463532 23.231127519491398
1403.7083333333333 25.919017820242555 23.231900737541586
1404.2083333333333 25.92078289417554 23.232672505477115
1404.7083333333333 25.92243477163034 23.233447231619504
1405.2083333333333 25.924184300083954 23.234224585060165
1405.7083333333333 25.925950519706834 23.235001889628222
1406.2083333333333 25.92762454481114 23.235783616145245
1406.7083333333333 25.929372970717964 23.23656054953569
1407.2083333333333 25.93108203468995 23.237345478736803
1407.7083333333333 25.932807492624374 23.238127406958043
1408.2083333333333 25.934544044146914 23.238897028147697
1408.7083333333333 25.936257407346854 23.239687002164402
1409.2083333333333 25.938015543000752 23.240466950934685
1409.7083333333333 25.93974081741416 23.241243802442565
1410.2083333333333 25.941512810156627 23.242026174216114
1410.7083333333333 25.943198876006257 23.242807693620687
1411.2083333333333 25.944916525828372 23.243598127735897
1411.7083333333333 25.946682374417634 23.24436488576366
1412.2083333333333 25.948397217296648 23.24514513706127
1412.7083333333333 25.950159711874615 23.245931991773297
1413.2083333333333 25.951878972203932 23.24672089224392
1413.7083333333333 25.953602283393575 23.247503793265434
1414.2083333333333 25.955354172144123 23.24828359979028
1414.7083333333333 25.9571105605714 23.249066519221614
1415.2083333333333 25.95884836795637 23.249847645199374
