FastTrWP/PhaseSpace/IAs/snIa_0.6_20_0.0_0.0.csv
# %ECSV 0.9
# ---
# datatype:
# - {name: time-rel, datatype: float64}
# - {name: g, datatype: float64}
# - {name: i, datatype: float64}
# schema: astropy-2.0
time-rel g i
[from data line 329]
150.8125 -25.859487630660883 -27.145064910599093
151.3125 -25.862593275693193 -27.147382990599294
151.8125 -25.86569424191618 -27.149707083987117
152.3125 -25.868772618826988 -27.15202515196037
152.8125 -25.871818782911614 -27.154341451604612
153.3125 -25.874874782134157 -27.156639602525544
153.8125 -25.87790147300018 -27.158932020578735
154.3125 -25.880903336456655 -27.161203047398526
154.8125 -25.88389480575256 -27.163482642545066
155.3125 -25.88685642497815 -27.165755268604073
155.8125 -25.889823135014524 -27.168007767534142
156.3125 -25.892757599438262 -27.170268563774798
156.8125 -25.8956816792255 -27.172500560894225
157.3125 -25.898576731557306 -27.174729954961276
157.8125 -25.90143524538359 -27.17695507288626
158.3125 -25.904301624330177 -27.179157553908748
158.8125 -25.907129781188736 -27.18137141040602
159.3125 -25.909946677973377 -27.183562276108965
159.8125 -25.912772044001628 -27.1857543038533
160.3125 -25.91557094589301 -27.18793819898184
160.8125 -25.9183656213821 -27.190124338874607
161.3125 -25.921154010824946 -27.19229717449786
161.8125 -25.92394328940969 -27.194475049872583
162.3125 -25.926705331114917 -27.196646574439058
162.8125 -25.929476449952347 -27.1988068620986
163.3125 -25.932242958601 -27.200967622346326
163.8125 -25.934992257258976 -27.203124987206987
164.3125 -25.937720960893706 -27.20527955914305
164.8125 -25.940467393131797 -27.207423760185925
165.3125 -25.943185158914915 -27.20957405045978
165.8125 -25.94591511965792 -27.211707332818982
166.3125 -25.94863170031128 -27.213854243944784
166.8125 -25.951327173271395 -27.215969380451085
167.3125 -25.95401860675868 -27.218096208019492
167.8125 -25.95669260907693 -27.220219326351184
168.3125 -25.95938565132127 -27.22233149141884
168.8125 -25.962050763907285 -27.22445039284269
169.3125 -25.964722579002792 -27.2265543847896
169.8125 -25.96735992474042 -27.228661075372813
170.3125 -25.97000589983547 -27.230753835582853
170.8125 -25.972638726401563 -27.23283841360908
171.3125 -25.975245311002823 -27.234923843225907
171.8125 -25.97786265656142 -27.2370013531189
172.3125 -25.98046278086224 -27.239079390878253
172.8125 -25.98305327428657 -27.241153505441055
173.3125 -25.98565557809833 -27.243212667834523
173.8125 -25.988204461850092 -27.24527220640425
174.3125 -25.990770832200596 -27.24732001751064
174.8125 -25.993307154025644 -27.24936983102735
175.3125 -25.995856611527067 -27.251419065121336
175.8125 -25.998393728841158 -27.253453421147533
176.3125 -26.0008954647543 -27.255485571057626
176.8125 -26.003415392577924 -27.25751283727584
177.3125 -26.00590813997971 -27.25953263233376
177.8125 -26.008389665070087 -27.261550840294532
178.3125 -26.010852466993484 -27.263556993748992
178.81249999999997 -26.013335536726117 -27.2655650076939
179.3125 -26.015769969953432 -27.267552053832045
179.8125 -26.018210137127102 -27.269551765910084
180.31249999999997 -26.02063517183616 -27.271533444539617
180.8125 -26.02305091168041 -27.27351500741154
181.3125 -26.0254556024371 -27.275482281788936
181.81249999999997 -26.027846802867813 -27.277453459876533
182.3125 -26.030220988694104 -27.27941384376942
182.8125 -26.03259176028923 -27.281369142214906
183.31249999999997 -26.03494776228341 -27.28331582880716
183.8125 -26.037278943607678 -27.28525920683975
184.3125 -26.039620803818963 -27.287196205940432
184.81249999999997 -26.041939921704493 -27.289124471870586
185.3125 -26.044242943299054 -27.291049386343825
185.8125 -26.046533821524633 -27.292967140955618
186.31249999999997 -26.04881002500363 -27.29487288595733
186.8125 -26.05107790330954 -27.2967806185895
187.3125 -26.05331332028673 -27.298678557424267
187.81249999999997 -26.055559361111435 -27.30057096624887
188.3125 -26.057778981448596 -27.302457595231793
188.8125 -26.05999754323593 -27.304328509698912
189.31249999999997 -26.062188009411432 -27.306199477968022
189.8125 -26.064382536529113 -27.30806414761307
190.3125 -26.066554365950296 -27.309927839368434
190.81249999999997 -26.068718546011198 -27.311779745012316
191.3125 -26.07086203203439 -27.31361824709143
191.8125 -26.072983946070217 -27.315459775025246
192.31249999999997 -26.07510936700883 -27.317290157503855
192.8125 -26.0772097697512 -27.31911348751245
193.3125 -26.079297136533825 -27.320925271049408
193.81249999999997 -26.08136208735782 -27.322731468461473
194.3125 -26.083431266660085 -27.324538176050726
194.8125 -26.085481511794946 -27.32633149026414
195.31249999999997 -26.087502895147633 -27.328121834834157
195.8125 -26.0895144069819 -27.329907763322296
196.3125 -26.091525802663092 -27.331666931062454
196.81249999999997 -26.09349288766709 -27.333444760739955
197.3125 -26.095472905782202 -27.335200878208916
197.8125 -26.097438955104494 -27.336954165234477
198.31249999999997 -26.099368033859875 -27.338707122068318
198.8125 -26.101315167346133 -27.34044423889501
199.3125 -26.103234873950267 -27.342173353120618
199.81249999999997 -26.10515716477853 -27.343911190885958
200.3125 -26.107060183437486 -27.345629943769403
200.8125 -26.108972042136518 -27.347355088429456
201.31249999999997 -26.11084707235676 -27.34906806996195
201.8125 -26.11272548272099 -27.350775242287742
202.3125 -26.11459411642621 -27.352483985447684
202.81249999999997 -26.11644476777264 -27.354187982619784
203.3125 -26.118281968161078 -27.355871587309622
203.8125 -26.120119533367276 -27.35756271451795
204.31249999999997 -26.12194691730117 -27.359234968408348
204.8125 -26.12376886661884 -27.360919402707033
205.3125 -26.125563520976325 -27.36258845791187
205.81249999999997 -26.12736362647107 -27.364263266732323
206.3125 -26.129155305212084 -27.365928740417694
206.8125 -26.130937078079643 -27.36758154869873
207.31249999999997 -26.132690044871527 -27.369227627415015
207.8125 -26.13445560747264 -27.37087047285112
208.3125 -26.136197230056357 -27.372527915070002
208.81249999999997 -26.1379551324592 -27.37415267671313
209.3125 -26.139672309943606 -27.375784942032833
209.8125 -26.14139030923225 -27.3774139838598
210.31249999999997 -26.143105121484304 -27.37902851511795
210.8125 -26.144789323609125 -27.380648122346347
211.3125 -26.14647625460929 -27.382261758699276
211.81249999999997 -26.148153269741044 -27.383867903308182
212.3125 -26.149820987110072 -27.38546153900948
212.8125 -26.151490921420052 -27.3870665385748
213.31249999999997 -26.15313297207418 -27.38865372907529
213.8125 -26.154784348565162 -27.39023799806832
214.3125 -26.156406526120236 -27.391815861474296
214.81249999999997 -26.15803377657384 -27.393395944763085
215.3125 -26.159641062125985 -27.394964673337782
215.8125 -26.161237420211418 -27.396531696703637
216.31249999999997 -26.162830627680137 -27.39808408381554
216.8125 -26.164414397964325 -27.399642360218106
217.3125 -26.16598548398651 -27.40118557395773
217.81249999999997 -26.1675513353453 -27.402742659126144
218.3125 -26.16910454423411 -27.404273843367633
218.8125 -26.17063603438791 -27.40581683000899
219.31249999999997 -26.172180906319 -27.40734532971599
219.8125 -26.17370222876373 -27.408863798773723
220.3125 -26.17521694497038 -27.41039054010951
220.81249999999997 -26.17672446317783 -27.411914350153236
221.3125 -26.178228337569443 -27.41341110652204
221.8125 -26.17970880053437 -27.4149225304647
222.31249999999997 -26.181180723534073 -27.416420067139317
222.8125 -26.182652003176656 -27.41791906503291
223.3125 -26.184104498585157 -27.419408027955527
223.81249999999997 -26.185556555604734 -27.42089555783805
224.3125 -26.186996021795252 -27.42237036650839
224.8125 -26.188428351333787 -27.42385069475242
225.31249999999997 -26.18985868817785 -27.425322456226375
225.8125 -26.19126349090743 -27.426786986542968
226.3125 -26.192657678176218 -27.428247173808362
226.81249999999997 -26.194054570338672 -27.429705496062887
227.3125 -26.195426837331667 -27.4311626832607
227.8125 -26.196806342108893 -27.432603199055713
228.31249999999997 -26.198165285010372 -27.434046138279147
228.8125 -26.199520550928412 -27.43548152127783
229.3125 -26.2008748203452 -27.43691793955527
229.81249999999997 -26.202209458014096 -27.43835191106505
230.3125 -26.203518248036573 -27.439773646083985
230.8125 -26.204849385049368 -27.44118718926415
231.31249999999997 -26.2061577020639 -27.442597942757438
231.8125 -26.207448950418012 -27.444013094266925
232.3125 -26.208734248600546 -27.445417093542343
232.81249999999997 -26.210008396569027 -27.446811132665765
233.3125 -26.211295057218614 -27.44820496064277
233.8125 -26.212547776700337 -27.449603518722014
234.31249999999997 -26.213797924091217 -27.450984657505547
234.8125 -26.215045753685487 -27.452367035148008
235.3125 -26.216271345277033 -27.45373389416095
235.81249999999997 -26.21749709386602 -27.45510946301946
236.3125 -26.218715417126436 -27.45646894509935
236.8125 -26.219915368410515 -27.457838413442293
237.31249999999997 -26.221114968371488 -27.459200811332614
237.8125 -26.2223051242987 -27.460551073175353
238.3125 -26.223481641147416 -27.461905249617402
238.81249999999997 -26.224637522102338 -27.463249175387165
239.3125 -26.225823521295574 -27.464586926731908
239.8125 -26.22698861333773 -27.465929335442574
240.31249999999997 -26.228138537848974 -27.467266910756635
240.8125 -26.229293559072357 -27.46859009851967
241.3125 -26.230419933028806 -27.469916200908138
241.81249999999997 -26.231551884488987 -27.47123672061841
242.3125 -26.232659048789934 -27.47255176245495
242.8125 -26.233772009263806 -27.473861739519556
243.3125 -26.23487812038381 -27.475176082468966
243.8125 -26.23596838058691 -27.476474959915443
244.3125 -26.237063166878876 -27.477784955980376
244.8125 -26.23814671207925 -27.479074021492977
245.3125 -26.2392071148167 -27.48036472286421
245.8125 -26.24027162340257 -27.481663006166773
246.3125 -26.241335333082688 -27.48294361674192
246.8125 -26.242385183536182 -27.48421079473697
247.3125 -26.243418379545467 -27.485494097627438
247.8125 -26.2444670245387 -27.48677278069533
248.3125 -26.24548086234617 -27.488028746920836
248.8125 -26.246507860113873 -27.489297301551634
249.3125 -26.247509432665108 -27.49055611976454
249.8125 -26.24851693100932 -27.491810218195663
250.3125 -26.24949935063149 -27.493062484226254
250.8125 -26.250484048243557 -27.494309500359844
251.3125 -26.25145822211071 -27.49554742515999
251.8125 -26.252421021771145 -27.496788264325282
252.3125 -26.2533890162938 -27.498027635210175
252.8125 -26.254338103041782 -27.499252044854636
253.3125 -26.255291680831284 -27.500480933679874
253.8125 -26.256225193198077 -27.5017014047082
254.3125 -26.257152067508365 -27.502919639723814
254.8125 -26.258067611618735 -27.504133178929177
255.3125 -26.25897565781507 -27.505344558961514
255.8125 -26.25988713202986 -27.50655754568371
256.3125 -26.260776588177727 -27.507754761071777
256.8125 -26.26165927887459 -27.508950209696494
257.3125 -26.26254093817377 -27.5101446358607
257.8125 -26.263401588670305 -27.511325270683503
258.3125 -26.26426508489526 -27.512516204100134
258.8125 -26.26512184375741 -27.513691551990632
259.3125 -26.265963285115056 -27.514871590362123
259.8125 -26.26680071446204 -27.5160445209348
260.3125 -26.26761157275466 -27.517207337762706
260.8125 -26.268437477684408 -27.518367977221093
261.3125 -26.269255058152066 -27.519534349205443
261.8125 -26.27005062759202 -27.52069301208257
262.3125 -26.270846619080295 -27.521843761382293
262.8125 -26.271635421899514 -27.52298611562455
263.3125 -26.272399887385927 -27.52413349299371
263.8125 -26.273178486458125 -27.525267199030164
264.3125 -26.273943243325423 -27.526405041959134
264.8125 -26.27470665820151 -27.527533060257532
265.3125 -26.275427345677414 -27.528663778968525
265.8125 -26.276158508237014 -27.52978427103216
266.3125 -26.276893395692134 -27.530904031923598
266.8125 -26.27760686564068 -27.532020621280097
267.3125 -26.27831046353542 -27.53312312155196
267.8125 -26.2790176134541 -27.53423175278089
268.3125 -26.279712172972065 -27.535335537456653
268.8125 -26.28039051699239 -27.536424745359973
269.3125 -26.281071393796648 -27.537523574728482
269.8125 -26.281731915427148 -27.53860897411488
270.3125 -26.28238647547914 -27.539692011992184
270.8125 -26.28304440111239 -27.540771414582096
271.3125 -26.283669689514188 -27.54185395976927
271.8125 -26.284295061148917 -27.54292605012016
272.3125 -26.284928254841745 -27.54399021204451
272.8125 -26.285530903761973 -27.545062733288784
273.3125 -26.286133682255496 -27.546121731802984
273.8125 -26.28672509755674 -27.547172186893572
274.3125 -26.287312311102884 -27.548220475338823
274.8125 -26.287897967587238 -27.549270245568135
275.3125 -26.28846648120847 -27.550309548279404
275.8125 -26.28901588195081 -27.551351066069543
276.3125 -26.28957963823045 -27.552382469605618
276.8125 -26.290103272718866 -27.553421502388325
277.3125 -26.29063714889312 -27.554445938758093
277.8125 -26.291154805705727 -27.555468998943663
278.3125 -26.29168126791617 -27.556489323258454
278.8125 -26.292178601970054 -27.557510041185218
279.3125 -26.292679865740038 -27.55851823829614
279.8125 -26.293172959298545 -27.559526945625752
280.3125 -26.293640247774242 -27.56052914592376
280.8125 -26.294116796786646 -27.56152892115518
281.3125 -26.29457621072752 -27.562530053602075
281.8125 -26.29503771960447 -27.563523454739705
282.3125 -26.295466098295176 -27.564514159343258
282.8125 -26.295915379275442 -27.565502919737508
283.3125 -26.296345645494892 -27.566484574913478
283.8125 -26.29676491552931 -27.56746003462673
284.3125 -26.297178149161198 -27.56843470397673
284.8125 -26.297574600437144 -27.569408208789415
285.3125 -26.29797910568331 -27.570374949693193
285.8125 -26.298372583475604 -27.571341892654942
286.3125 -26.298752290647755 -27.572296648849974
286.8125 -26.299122766180627 -27.573258279773867
287.3125 -26.299489290149133 -27.57420646945661
287.8125 -26.299831549764484 -27.575165959618488
288.3125 -26.30019720430614 -27.576106255727453
288.8125 -26.30053558689482 -27.57704932552418
289.3125 -26.300872803745175 -27.577992014995196
289.8125 -26.301198499009626 -27.578928084512082
290.3125 -26.3015153435162 -27.57985312669186
290.8125 -26.301814298722377 -27.580779663009785
291.3125 -26.302125509744076 -27.581705687877466
291.8125 -26.302433078396163 -27.582628397771103
292.3125 -26.302721219837977 -27.583546564817265
292.8125 -26.3029947064516 -27.584456946220545
293.3125 -26.30327288327227 -27.585367113413998
293.8125 -26.30352808503222 -27.586276138034975
294.3125 -26.303809351449164 -27.587176863269526
294.8125 -26.304072499598515 -27.588079738707055
295.3125 -26.304311679510608 -27.588970932362926
295.8125 -26.30454127077879 -27.58986734383822
296.3125 -26.304775070497442 -27.59075582784069
296.8125 -26.305006025911702 -27.59164578279258
297.3125 -26.305215107868097 -27.592520587008575
297.8125 -26.30543715097277 -27.59340092507224
298.3125 -26.305655554214006 -27.594277474486688
298.8125 -26.30584129710148 -27.595153065461332
299.3125 -26.306034933001655 -27.596020500732543
299.8125 -26.306237440812097 -27.59688453633613
300.3125 -26.306415736808656 -27.59774646839787
300.8125 -26.30658019857272 -27.598610790450827
301.3125 -26.30675252381238 -27.599465255887235
301.8125 -26.3069115854713 -27.60031451082294
302.3125 -26.307075406977262 -27.601161860034004
302.8125 -26.30720816005106 -27.602016395165347
303.3125 -26.307358808499313 -27.6028509785961
303.8125 -26.307495543311514 -27.60369164421234
304.3125 -26.307633277217363 -27.604528473721093
304.8125 -26.307751742802164 -27.605358085940097
305.3125 -26.30786990297628 -27.606191406724907
305.8125 -26.308001392709066 -27.607009420043024
306.3125 -26.308093682069092 -27.60784143894429
306.8125 -26.30819566849029 -27.608650784021748
307.3125 -26.308286433713345 -27.6094686326822
307.8125 -26.308383120112197 -27.610289566658786
308.3125 -26.308464415472535 -27.611094773666828
308.8125 -26.308535808227983 -27.611898519262624
309.3125 -26.30861524289677 -27.612701261400225
309.8125 -26.308684840256515 -27.613506904726485
310.3125 -26.30874924290633 -27.614300471483595
310.8125 -26.30879291420362 -27.615094191863086
311.3125 -26.30884905181892 -27.615884903166986
