FastTrWP/PhaseSpace/IAs/snIa_0.64_30.00_-0.79_0.19.csv
# %ECSV 0.9
# ---
# datatype:
# - {name: time-rel, datatype: float64}
# - {name: g, datatype: float64}
# - {name: i, datatype: float64}
# schema: astropy-2.0
time-rel g i
[from data line 707]
11.5 24.57612148982044 22.26078057847367
12.0 24.576279086254512 22.259918252856394
12.5 24.57645547841539 22.259049994448127
13.0 24.57661593770642 22.25819693302708
13.5 24.576778881810483 22.257339476597654
14.0 24.57696063544317 22.25648395019772
14.5 24.577147484142934 22.255629936031113
15.0 24.577348063013716 22.25478216285241
15.5 24.577547840933963 22.25393825161978
16.0 24.577735467636263 22.253105714266205
16.5 24.577943399110946 22.2522695044141
17.0 24.57816005729038 22.25143510900329
17.5 24.57839866528547 22.250605042944038
18.0 24.578622125062992 22.249782157184384
18.5 24.578844877405153 22.248959752140355
19.0 24.579065800634503 22.248145344115514
19.5 24.579317779486843 22.24732609305811
20.0 24.579547050703674 22.24651632035366
20.5 24.57978030236315 22.245713240484566
21.0 24.58003381897205 22.244907998189433
21.5 24.580298799996868 22.244104689450992
22.0 24.580541784391443 22.243317344838175
22.5 24.580805790793505 22.242517437879677
23.0 24.581065075336177 22.241738438204518
23.5 24.581313995305724 22.240948317182617
24.0 24.581591331315774 22.24016877457002
24.5 24.581860691570462 22.239392782201058
25.0 24.582149535278152 22.2386247014774
25.5 24.582422800982147 22.237846521274363
26.0 24.582708507522003 22.237075831248674
26.5 24.582973720653637 22.236318029201897
27.0 24.583265412164714 22.23556105834374
27.5 24.583573968484252 22.234808830340803
28.0 24.583849295187434 22.234059268456157
28.5 24.584160266190246 22.233306620216332
29.0 24.584432124429057 22.23256794372597
29.5 24.58473797149288 22.231824990798383
30.0 24.58503966336798 22.231092200871704
30.5 24.585340149210605 22.230360605882456
31.0 24.585636842256275 22.229636641210394
31.5 24.5859637847374 22.228911579586388
32.0 24.58624941279706 22.2281902208149
32.5 24.586568464852753 22.22747692569805
33.0 24.58688014908352 22.226763495991356
33.5 24.587182001455265 22.22605075444151
34.0 24.58749356227136 22.2253516149709
34.5 24.58779535932532 22.224653106981485
35.0 24.58810963769252 22.223953679056635
35.5 24.58842653627707 22.22326039449312
36.0 24.58875330277911 22.22256892152465
36.5 24.589086717361667 22.22187961905223
37.0 24.589414487441253 22.22119873927582
37.5 24.589753607355846 22.220513692976425
38.0 24.590083434057345 22.219831509794957
38.5 24.590450730585975 22.219164435482533
39.0 24.590778646475275 22.218484872523007
39.5 24.591136012484508 22.217815798110845
40.0 24.59148186230413 22.217153838449264
40.5 24.591827355271278 22.21649624100771
41.0 24.592212987570083 22.215836783777867
41.5 24.59255280634118 22.215179592635632
42.0 24.5929309003603 22.2145240133203
42.5 24.5933021756688 22.213868968948503
43.0 24.593686867299745 22.21322629848317
43.5 24.59404615722502 22.21258739543122
44.0 24.594434813201673 22.21194997093482
44.5 24.594843862029624 22.211308041696434
45.0 24.595216662005605 22.21067837053397
45.5 24.59561604223599 22.210052259479664
46.0 24.596011312695893 22.209422285106413
46.5 24.596400987763637 22.208796186023577
47.0 24.596844822895363 22.20817988909582
47.5 24.59725970880738 22.207558096440284
48.0 24.597645604954096 22.20694610071896
48.5 24.598072508330212 22.20633989771781
49.0 24.598491832107783 22.205731547658964
49.5 24.598934042937238 22.205130106511564
50.0 24.599359195477597 22.204525542160674
50.5 24.599797082948534 22.203929510238037
51.0 24.60022954664229 22.203339755277092
51.5 24.600681010572725 22.202753478141023
52.0 24.601130848745548 22.202166172970188
52.5 24.601588761504487 22.20158007452099
53.0 24.602037628160197 22.20099932493961
53.5 24.602514057240043 22.200426043723724
54.0 24.602957228886847 22.19985759357439
54.5 24.60341409412401 22.1992927911934
55.0 24.603893837101857 22.198721900509177
55.5 24.604374584303976 22.19815029029117
56.0 24.604857831477695 22.197594974733335
56.5 24.605339359949568 22.19704503463653
57.0 24.605858591142102 22.196490964682283
57.5 24.60632301519623 22.195940403669848
58.0 24.606837782411528 22.195398788037206
58.5 24.60732305320777 22.194857630018884
59.0 24.607836911596024 22.194320557145947
59.5 24.608355824594746 22.193784891588617
60.0 24.608873409264614 22.19325210801027
60.5 24.609379254385626 22.192733210642622
61.0 24.609905275773485 22.1922027059177
61.5 24.610447449382242 22.191688078057375
62.0 24.61098058210604 22.191167396047355
62.5 24.611516066824002 22.190653980692595
63.0 24.612059905069053 22.190151155069742
63.5 24.612603701182447 22.189641420499843
64.0 24.613143723382024 22.18914037414073
64.5 24.613716811547825 22.188652764043873
65.0 24.61425892654882 22.188149883396413
65.5 24.614831971129153 22.187662246691676
66.0 24.61540997062614 22.187167886474487
66.5 24.61597592339077 22.186688827328013
67.0 24.616535929769306 22.18620440654767
67.5 24.617132492486018 22.18572932084527
68.0 24.61772902637003 22.185257035162
68.5 24.618308511905962 22.184788677319766
69.0 24.618918447888667 22.18432256251947
69.5 24.619514779982843 22.18386097192016
70.0 24.62012376496894 22.183402030268226
70.5 24.620718916448258 22.182952841889048
71.0 24.621330969240546 22.18249747005505
71.5 24.62195924623922 22.182057536589372
72.0 24.622593619433424 22.181612536068677
72.5 24.623213147329267 22.18117674163917
73.0 24.623871524067418 22.18073730363151
73.5 24.6245035246322 22.18030125801821
74.0 24.62514291793951 22.179875234693093
74.5 24.625780194296496 22.17945580749886
75.0 24.626437658992874 22.179030621350503
75.5 24.62709370368988 22.178614355961024
76.0 24.62776706782426 22.178198185793818
76.5 24.62841865226263 22.177786167211124
77.0 24.629080984549002 22.17737112048122
77.5 24.629771119008105 22.17696842662648
78.0 24.63044908822034 22.176567700923606
78.5 24.631134679423944 22.17616777158768
79.0 24.631826611396246 22.175771013583475
79.5 24.632516112348682 22.17538102669339
80.0 24.633219140576973 22.17499112502676
80.5 24.633919647202177 22.17460889141313
81.0 24.634622754147276 22.174227275458623
81.5 24.63534959754384 22.17384369240326
82.0 24.636072013166462 22.173465682168384
82.5 24.636791518223824 22.173096285452218
83.0 24.637518459794183 22.1727299575983
83.5 24.63823357876832 22.17236082367978
84.0 24.638970866154096 22.17199428202899
84.5 24.639738632782144 22.17163522612839
85.0 24.640459018983634 22.171279881277535
85.5 24.641201959427733 22.170918969030836
86.0 24.641973265894887 22.170573580694246
86.5 24.64271555298229 22.17023311509221
87.0 24.64348880064623 22.169888246731656
87.5 24.644265870670708 22.16954742307032
88.0 24.64503545546791 22.169215082963824
88.5 24.645803464077822 22.168881671829276
89.0 24.64659587537875 22.168549162014962
89.5 24.647388192339065 22.168221330603544
90.0 24.64817692738281 22.167901201788233
90.5 24.64896426421707 22.16758241605166
91.0 24.64977573277931 22.167264069453346
91.5 24.65057520249893 22.16695307518802
92.0 24.65140565516744 22.166638664368513
92.5 24.65221676277625 22.16633732617769
93.0 24.65303341584997 22.166030156747976
93.5 24.653869819753847 22.165736943229646
94.0 24.654697479719587 22.16544441362972
94.5 24.655554173665596 22.165145731706446
95.0 24.656378672437 22.164857311402614
95.5 24.657229586097525 22.16457313473887
96.0 24.658080863986278 22.164291361481126
96.5 24.658931956932072 22.164015962961223
97.0 24.6598111032096 22.163737082477684
97.5 24.66065840089971 22.163462455181588
98.0 24.661545278459233 22.16320241808331
98.5 24.662438574806394 22.162940770591113
99.0 24.66328053654638 22.16268134499416
99.5 24.664187985225258 22.162412948688406
100.0 24.665082406245272 22.1621608585706
100.5 24.665986083573163 22.16191739242351
101.0 24.666874183094233 22.16166581759132
101.5 24.667800390307526 22.161417522488144
102.0 24.66871508588234 22.161183335532417
102.5 24.669633664080166 22.160944724278707
103.0 24.670569632869274 22.160712447988278
103.5 24.671482776452635 22.16048251452164
104.0 24.672420434384243 22.160257642268615
104.5 24.673352799138893 22.16003386536055
105.0 24.674311334656878 22.15981981687733
105.5 24.675272604174424 22.159604596430672
106.0 24.67621613560938 22.159396224941
106.5 24.677179772336096 22.159189454390983
107.0 24.678153556056056 22.158989664879588
107.5 24.67910936536583 22.158784892760423
108.0 24.68011923581758 22.15858292345285
108.5 24.681090117512014 22.158392115239465
109.0 24.682070936763495 22.158204413565798
109.5 24.683071713352284 22.158012071947862
110.0 24.68407114552337 22.157829745357777
110.5 24.685080649000184 22.15765962543692
111.0 24.686081172849548 22.157475471501193
111.5 24.6871135753017 22.157306334001596
112.0 24.68813641202152 22.157144726425713
112.5 24.689154963260414 22.156981109755268
113.0 24.69020242911781 22.156815576223686
113.5 24.691233907003237 22.15666206477078
114.0 24.69230482952192 22.156509850708357
114.5 24.69334972990657 22.156361540213155
115.0 24.69442459781078 22.156222169976516
115.5 24.69548242250041 22.156084158044393
116.0 24.696576597059952 22.155948964086317
116.5 24.697661943054598 22.15581554234751
117.0 24.69878421551784 22.155698072576556
117.5 24.69988344673528 22.155568363906806
118.0 24.700987915120894 22.1554582550148
118.5 24.702104713766776 22.155343401473097
119.0 24.70322805847204 22.155234418224246
119.5 24.704374336086488 22.15513287962444
120.0 24.70551304864465 22.155031478143815
120.5 24.70664790698018 22.15493158242755
121.0 24.70780506275362 22.15484525869583
121.5 24.70897811599133 22.154753551148268
122.0 24.71013570788977 22.154664831695683
122.5 24.711322203248276 22.15458709339622
123.0 24.712491554599637 22.154506172818582
123.5 24.713678679370727 22.15443348866604
124.0 24.714878930629443 22.154367319568887
124.5 24.716108259279533 22.154295237066208
125.0 24.717298227799965 22.154236139384228
125.5 24.71849867680328 22.15417551939634
126.0 24.719728885483867 22.154119181913398
126.5 24.72096930507037 22.154064713342393
127.0 24.722177985659233 22.15401071388785
127.5 24.723431613519832 22.153967503187253
128.0 24.724670926481082 22.153923388000226
128.5 24.72591705839894 22.15388665665378
129.0 24.72718567375165 22.153848363727974
129.5 24.72842931037951 22.15381599477443
130.0 24.72968694727298 22.153779705390896
130.5 24.730958768420596 22.15375637142489
131.0 24.732232243111525 22.15373099317407
131.5 24.73352646394193 22.153716487442434
132.0 24.73481870910417 22.15370130641314
132.5 24.736109863711754 22.153676027495628
133.0 24.737404560043096 22.153662806009905
133.5 24.73870062717694 22.15366163461273
134.0 24.740011390102097 22.15364153558143
134.5 24.741328259100722 22.153646868631238
135.0 24.74262557670332 22.153648421412484
135.5 24.74393076078347 22.153648522652315
136.0 24.745257494501004 22.153651442200683
136.5 24.746605405336695 22.153654489594462
137.0 24.747944322546655 22.153662392565423
137.5 24.749280804462053 22.153672649059
138.0 24.750602177786625 22.15369432489934
138.5 24.751968726139367 22.153705323122416
139.0 24.75330378640487 22.15372250183919
139.5 24.75467612142087 22.15374751160798
140.0 24.756005068925433 22.153772841578544
140.5 24.75736419706759 22.153801386632313
141.0 24.758735758485404 22.153820485464927
141.5 24.76009830951929 22.15385484832548
142.0 24.761464832008965 22.15388780473734
142.5 24.762855455810914 22.153917593254285
143.0 24.764210660043247 22.15396283057199
143.5 24.76558393571373 22.153993307865992
144.0 24.76698504124611 22.15402668370014
144.5 24.768357250060934 22.154076735410115
145.0 24.76974392619929 22.154116541527245
145.5 24.771132922213827 22.154165030436154
146.0 24.772530719051158 22.154212489000315
146.5 24.77390924131056 22.15426098589582
147.0 24.775322247050468 22.15431242526284
147.5 24.77672182541945 22.154360506076557
148.0 24.77812159924534 22.154421140068536
148.5 24.779522812556007 22.154477859744667
149.0 24.78093155945105 22.15453264818722
149.5 24.782322175349726 22.154591540958716
150.0 24.783752322004034 22.154644136345027
150.5 24.785149142626533 22.154709231985986
151.0 24.786565794298802 22.15477293710812
151.5 24.787969528959124 22.154836879016667
152.0 24.78938076717785 22.154900581963915
152.5 24.790798237581214 22.15497433121388
153.0 24.792226832093633 22.155040164769375
153.5 24.793666421022863 22.155118689272207
154.0 24.795076207748316 22.15519534024112
154.5 24.796521001682716 22.155269730947893
155.0 24.79797446365918 22.155358599483556
155.5 24.799443434731035 22.155442708918628
156.0 24.800880257572324 22.155530669312174
156.5 24.802359262913072 22.15562721997315
157.0 24.803810577274472 22.15572060176862
157.5 24.805278748241896 22.15582184140924
158.0 24.806785077362264 22.155916034484097
158.5 24.808280206375343 22.156019508885294
159.0 24.809748808888948 22.15612975778695
159.5 24.81123613962734 22.156237718235086
160.0 24.812752734873385 22.15634768560346
160.5 24.814244364675325 22.156464435330705
161.0 24.815763381578783 22.15658424353766
161.5 24.81729741097198 22.156698114704618
162.0 24.818805768448584 22.156826156436964
162.5 24.820334041660317 22.1569488490982
163.0 24.821872899843413 22.15707784920617
163.5 24.82339104880479 22.157211224618976
164.0 24.82494681462498 22.15733775879321
164.5 24.826481258431976 22.157474251134623
165.0 24.828036894888577 22.157611837067765
165.5 24.829605746640524 22.157748750718227
166.0 24.83114155507981 22.157893539714845
166.5 24.832719766387434 22.158040026432033
167.0 24.834270972024377 22.158187429889928
167.5 24.835847609187095 22.158328784216543
168.0 24.837413345843903 22.158487051670587
168.5 24.83899759238072 22.158639659244542
169.0 24.840584757363516 22.15879022971997
169.5 24.842157341695525 22.158949732925876
170.0 24.843757140263353 22.159112748381457
170.5 24.845360721867404 22.159270016574986
171.0 24.84695701560936 22.159435473630932
171.5 24.848545708141792 22.159601542311886
172.0 24.850156017433058 22.159770617818296
172.5 24.851777618719318 22.159938836753653
173.0 24.853385869933923 22.160109511841956
173.5 24.85501155611854 22.16029055219648
174.0 24.856602283313627 22.160459606540208
174.5 24.858229351672026 22.160638057522355
175.0 24.8598546004238 22.160810438853925
175.5 24.86149124081461 22.16099068172842
176.0 24.863112403622424 22.161169325142268
176.5 24.864747889975295 22.161357286351517
177.0 24.866377672594094 22.161539759682974
177.5 24.86802644185454 22.16173531060102
178.0 24.869672861438772 22.16191555403539
178.5 24.871299359262146 22.162101116373165
179.0 24.87296007054846 22.16230044526555
179.5 24.87460779796359 22.162492180682953
180.0 24.87625337786348 22.16268956007003
180.5 24.87789567820925 22.1628821681003
181.0 24.87955363072163 22.163077594912547
181.5 24.88121567483973 22.163271373578553
182.0 24.882859283099812 22.163475833230404
182.5 24.884543720114237 22.16367851594404
183.0 24.886213237472973 22.163879133105695
183.5 24.887885866698287 22.164080047080578
184.0 24.88955556419924 22.164287180743088
184.5 24.891202783273293 22.164488974186977
185.0 24.8928805897248 22.164693076636155
185.5 24.894548007855217 22.16490965955021
186.0 24.896200741590945 22.165116295242964
186.5 24.89787171065489 22.16532354186782
187.0 24.89955512043656 22.165529366306586
187.5 24.901235826260105 22.165741297369213
188.0 24.90288010637208 22.16595562574982
188.5 24.90455658979112 22.166165161474183
189.0 24.906243377322184 22.166381842838835
189.5 24.907900682550483 22.166593968364573
190.0 24.909605804879202 22.166807971950163
190.5 24.91127831441997 22.167027450522703
191.0 24.91295528481698 22.16724448948737
191.5 24.914625117173873 22.16746437311815
192.0 24.916331653430717 22.167685017141878
192.5 24.918004010134247 22.16790101169646
193.0 24.91965837800956 22.16812316111142
193.5 24.921365796708233 22.168349443894154
194.0 24.923051291591026 22.168573589507968
194.5 24.9247535057118 22.16880197694065
195.0 24.926454540066118 22.169031070847822
195.5 24.928147734549576 22.169257826435114
196.0 24.92984761492246 22.169493515304715
196.5 24.93155862035213 22.169729982011663
197.0 24.93325975660241 22.16995958030873
197.5 24.934982946517714 22.170198264610935
198.0 24.93668223287603 22.170439929252183
