FastTrWP/PhaseSpace/IAs/snIa_0.46_30.00_-1.32_0.02.csv
# %ECSV 0.9
# ---
# datatype:
# - {name: time-rel, datatype: float64}
# - {name: g, datatype: float64}
# - {name: i, datatype: float64}
# schema: astropy-2.0
time-rel g i
[from data line 1733]
1130.9791666666667 25.181259492747138 22.925523552684798
1131.4791666666667 25.183511159816234 22.926439731764123
1131.9791666666667 25.18573636174245 22.92735559072568
1132.4791666666667 25.187979641105436 22.928263623191853
1132.9791666666667 25.19020744272379 22.929179470208222
1133.4791666666667 25.19242630327249 22.930098198431637
1133.9791666666667 25.194692042031285 22.931012209486536
1134.4791666666667 25.196922807866343 22.931916106933777
1134.9791666666667 25.19914630774693 22.932829925632703
1135.4791666666667 25.201375178261625 22.933742307586314
1135.9791666666667 25.203598895624406 22.934655887095417
1136.4791666666667 25.20586643239097 22.935565433958757
1136.9791666666667 25.20811382499987 22.93647341742604
1137.4791666666667 25.210334368105926 22.937395293337683
1137.9791666666667 25.212554584487755 22.938311289285323
1138.4791666666667 25.21480130230382 22.93921854814115
1138.9791666666667 25.217050850015546 22.9401256300825
1139.4791666666667 25.219299195069993 22.941043324374544
1139.9791666666667 25.221502469943538 22.941950727205
1140.4791666666667 25.223722329148764 22.942859040950303
1140.9791666666667 25.225978912291318 22.943773090357737
1141.4791666666667 25.228221844788155 22.94468229332979
1141.9791666666667 25.230479067872835 22.945599011585138
1142.4791666666667 25.232657895114066 22.94650371430082
1142.9791666666667 25.234907434941533 22.94741019834969
1143.4791666666667 25.237162621741597 22.948323215583248
1143.9791666666667 25.239382761560627 22.949232383531687
1144.4791666666667 25.241610004402947 22.950149686140534
1144.9791666666667 25.243852927808557 22.9510560452549
1145.4791666666667 25.24609469134681 22.95195819290145
1145.9791666666667 25.248314902352178 22.95287326115155
1146.4791666666667 25.250534836580755 22.95378214312536
1146.9791666666667 25.252801751885734 22.954707213521793
1147.4791666666667 25.255026523170812 22.955606943931265
1147.9791666666667 25.257261524883955 22.956518637397746
1148.4791666666667 25.25950848479971 22.95743274806954
1148.9791666666667 25.26173786693164 22.95834480842993
1149.4791666666667 25.26394088890026 22.959254257608936
1149.9791666666667 25.266196263499406 22.960162359536618
1150.4791666666667 25.26839962063483 22.961064593202387
1150.9791666666667 25.27064075171396 22.961978936231215
1151.4791666666667 25.2728505466464 22.962893725625232
1151.9791666666667 25.275134714436263 22.96379526858569
1152.4791666666667 25.277329748073385 22.964711745773847
1152.9791666666667 25.279579613952734 22.965625587076097
1153.4791666666667 25.2818152383825 22.966518723912586
1153.9791666666667 25.284027679696685 22.96744002841601
1154.4791666666667 25.286255518194324 22.96834580268441
1154.9791666666667 25.288504628585745 22.96925425035271
1155.4791666666667 25.290734949580035 22.970163837583367
1155.9791666666667 25.292953752345433 22.97107144860997
1156.4791666666667 25.295191870693454 22.971977464713763
1156.9791666666667 25.2974215525469 22.972885832917566
1157.4791666666667 25.299645494977106 22.97380384646605
1157.9791666666667 25.30185988034375 22.9746970775349
1158.4791666666667 25.30408036397864 22.975604089760786
1158.9791666666667 25.306315669277687 22.97651380575845
1159.4791666666667 25.30852952502697 22.97741606099907
1159.9791666666667 25.310747668696454 22.97833500795177
1160.4791666666667 25.312983742098055 22.979241164314455
1160.9791666666667 25.315217237118755 22.980133489338343
1161.4791666666667 25.317465658067952 22.98104604163349
1161.9791666666667 25.319673189133916 22.981946674300367
1162.4791666666667 25.321881932523198 22.9828557853654
1162.9791666666667 25.32413306294227 22.98376443610767
1163.4791666666667 25.32632858008685 22.98466552558419
1163.9791666666667 25.328563241158726 22.985569212334767
1164.4791666666667 25.330771504929444 22.986467839246465
1164.9791666666667 25.332996130937147 22.98737817330132
1165.4791666666667 25.33522609052229 22.988285210997983
1165.9791666666667 25.337434576013727 22.989187120918114
1166.4791666666667 25.339661079576814 22.990088358350928
1166.9791666666667 25.3418449875568 22.990993050422155
1167.4791666666667 25.344057635877824 22.991879201902155
1167.9791666666667 25.346287929148772 22.99279051947437
1168.4791666666667 25.348513267142437 22.99369510428809
1168.9791666666667 25.350712075532616 22.994596954674993
1169.4791666666667 25.352928227259323 22.995495306818945
1169.9791666666667 25.355139523089093 22.996400640603817
1170.4791666666667 25.35735149507169 22.997301916320666
1170.9791666666667 25.35956071380309 22.998199691742386
1171.4791666666667 25.3617481045113 22.999103590367746
1171.9791666666667 25.36399437705508 23.000004359479256
1172.4791666666667 25.36616202198565 23.000904872574097
1172.9791666666667 25.368367049716344 23.001805290653024
1173.4791666666667 25.370586429481325 23.0026999541098
1173.9791666666667 25.372777075052298 23.00360580283241
1174.4791666666667 25.374977746453396 23.004504203254662
1174.9791666666667 25.37719720664688 23.005405416384868
1175.4791666666667 25.379372804660335 23.006308037922306
1175.9791666666667 25.38158952210889 23.007199363071745
1176.4791666666667 25.383751309838807 23.00809609033257
1176.9791666666667 25.385981157537657 23.00900005769649
1177.4791666666667 25.388149945892486 23.00990184577801
1177.9791666666667 25.39035394306567 23.010798907278975
1178.4791666666667 25.392537595558572 23.011693672464038
1178.9791666666667 25.394720360016173 23.012597622166005
1179.4791666666667 25.396891283642237 23.013490861968307
1179.9791666666667 25.399119382348204 23.014394656888374
1180.4791666666667 25.40129700442725 23.015290772015213
1180.9791666666667 25.40347573615568 23.016181560070976
1181.4791666666667 25.40565782598232 23.017082606284255
1181.9791666666667 25.407833183727067 23.01797414399992
1182.4791666666667 25.410011658788875 23.018874216038117
1182.9791666666667 25.412203639195184 23.019775828779395
1183.4791666666667 25.41435244526532 23.020660760902096
1183.9791666666667 25.416534288317365 23.021560171405078
1184.4791666666667 25.418695312784404 23.02245762242853
1184.9791666666667 25.42087767831675 23.02335391814822
1185.4791666666667 25.423036344970534 23.024250759947673
1185.9791666666667 25.425215701669643 23.02513699116345
1186.4791666666667 25.4273699187532 23.02604184706453
1186.9791666666667 25.429551525693338 23.02693743627009
1187.4791666666667 25.431712818470483 23.027835315559194
1187.9791666666667 25.43389017307238 23.02872330371056
1188.4791666666667 25.43604404774776 23.029617601377442
1188.9791666666667 25.43822834060468 23.030515191607922
1189.4791666666667 25.440353441941927 23.031398017072547
1189.9791666666667 25.44249347292267 23.032301039099366
1190.4791666666667 25.444670493812325 23.03318836715826
1190.9791666666667 25.446807606469672 23.03407970223626
1191.4791666666667 25.448985460095223 23.03498467271946
1191.9791666666667 25.45112953667968 23.035875186974373
1192.4791666666667 25.45327780587437 23.03676883656677
1192.9791666666667 25.45544311563615 23.037654354038803
1193.4791666666667 25.457571137434478 23.038545236424678
1193.9791666666667 25.459719140949773 23.039450545498017
1194.4791666666667 25.461821465178417 23.040342243131235
1194.9791666666667 25.464010561788445 23.041226251750935
1195.4791666666667 25.466151809021184 23.04211297673095
1195.9791666666667 25.468272939685107 23.043006169426633
1196.4791666666667 25.470419738828227 23.043905838799937
1196.9791666666667 25.47252439492691 23.044793716804733
1197.4791666666667 25.474666805657762 23.045688282033545
1197.9791666666667 25.476791272994586 23.046575158462595
1198.4791666666667 25.478916099112425 23.04745297428337
1198.9791666666667 25.48106285300321 23.048356165986405
1199.4791666666667 25.48316258988654 23.049242616317834
1199.9791666666667 25.485303995406937 23.05013373987385
1200.4791666666667 25.48740721163377 23.051022251771037
1200.9791666666667 25.489533460288406 23.051898636643756
1201.4791666666667 25.49165927952761 23.05279226541179
1201.9791666666667 25.49376168964311 23.053682448878348
1202.4791666666667 25.495856002251198 23.05456874774706
1202.9791666666667 25.497971764875192 23.05545407947049
1203.4791666666667 25.5000697250643 23.05634811115445
1203.9791666666667 25.502173335566912 23.0572272910021
1204.4791666666667 25.50426427191438 23.05811621417002
1204.9791666666667 25.50637376533721 23.059000166884296
1205.4791666666667 25.508467102313688 23.059890840770226
1205.9791666666667 25.51055041443093 23.060772591337724
1206.4791666666667 25.512628432254125 23.061667774398398
1206.9791666666667 25.514757010964118 23.062552693626365
1207.4791666666667 25.51683272473568 23.063431113976463
1207.9791666666667 25.518878207738673 23.064323451396277
1208.4791666666667 25.520992310177284 23.065200636599045
1208.9791666666667 25.52304398627111 23.066089224961324
1209.4791666666667 25.525103674015757 23.06696615811959
1209.9791666666667 25.52716168845705 23.067841079569426
1210.4791666666667 25.52922273199463 23.068724356949723
1210.9791666666667 25.531294262866552 23.06961238446103
1211.4791666666667 25.53336196687789 23.070493037543493
1211.9791666666667 25.535402154719833 23.07136993701804
1212.4791666666667 25.5374757753641 23.072256882297513
1212.9791666666667 25.539504533996823 23.073144348235978
1213.4791666666667 25.541558178361093 23.07400806259503
1213.9791666666667 25.543596659553003 23.074893832028245
1214.4791666666667 25.54563981859817 23.075772887456743
1214.9791666666667 25.547655433830304 23.07664568404428
1215.4791666666667 25.549700708913523 23.077534589872574
1215.9791666666667 25.55170975906441 23.078410624890363
1216.4791666666667 25.553760926252718 23.079287778771928
1216.9791666666667 25.55573889573013 23.08016225516482
1217.4791666666667 25.557742832650305 23.081048392885922
1217.9791666666667 25.55977334020026 23.081913376084874
1218.4791666666667 25.561809549771862 23.08279134177002
1218.9791666666667 25.563815434248745 23.083665448364513
1219.4791666666667 25.565824320975253 23.08454274200846
1219.9791666666667 25.567784794094983 23.08542340534754
1220.4791666666667 25.56978062644744 23.086291702629985
1220.9791666666667 25.571746111185742 23.087172238672125
1221.4791666666667 25.573755576608093 23.088040907748223
1221.9791666666667 25.5757387522253 23.08891100123023
1222.4791666666667 25.57771750952525 23.089779944912365
1222.9791666666667 25.579706692828562 23.09066193400762
1223.4791666666667 25.58165044162361 23.091525252346386
1223.9791666666667 25.583628861544003 23.09240513064243
1224.4791666666667 25.58561602156734 23.09327190438531
1224.9791666666667 25.587550975030567 23.094150504135726
1225.4791666666667 25.58950959260097 23.095022373439797
1225.9791666666667 25.591488161742397 23.09589553276087
1226.4791666666667 25.59343010976669 23.09675536223839
1226.9791666666667 25.595372395807978 23.097630838218382
1227.4791666666667 25.597328736439103 23.09849675643415
1227.9791666666667 25.599273505306734 23.0993630270026
1228.4791666666667 25.60117869898356 23.10023395194065
1228.9791666666667 25.603144876299282 23.10110157585415
1229.4791666666667 25.605054148844296 23.10197658035281
1229.9791666666667 25.60697813718637 23.102839420693723
1230.4791666666667 25.60894383333707 23.103708465487813
1230.9791666666667 25.610836746238842 23.104578087104798
1231.4791666666667 25.61273575230508 23.105444641007516
1231.9791666666667 25.61465219858807 23.10630751246133
1232.4791666666667 25.616547630997598 23.107176368338433
1232.9791666666667 25.6184439450163 23.108038351437035
1233.4791666666667 25.620357603134988 23.108907088361033
1233.9791666666667 25.622254473323874 23.109775697398554
1234.4791666666667 25.624131754779967 23.11064048461673
1234.9791666666667 25.62600840653625 23.11148667771384
1235.4791666666667 25.627884580438103 23.112361618296035
1235.9791666666667 25.6297427150023 23.11321695657817
1236.4791666666667 25.631651492323773 23.114083433639298
1236.9791666666667 25.63349263801623 23.114944736082133
1237.4791666666667 25.635341677189395 23.115810230423534
1237.9791666666667 25.63721789128895 23.11667135609451
1238.4791666666667 25.63904811926575 23.11752004553762
1238.9791666666667 25.64087149537933 23.11837928589105
1239.4791666666667 25.642730815998615 23.119241255748605
1239.9791666666667 25.644552222527075 23.120099414564635
1240.4791666666667 25.64638017289546 23.120966692573994
1240.9791666666667 25.648199051048735 23.121824158034244
1241.4791666666667 25.650023707705447 23.1226794994682
1241.9791666666667 25.6518479883878 23.123533369336506
1242.4791666666667 25.653663478875302 23.124390645659542
1242.9791666666667 25.655468726166486 23.1252521984081
1243.4791666666667 25.657248380124138 23.126102091453138
1243.9791666666667 25.659049449068846 23.12694801732465
1244.4791666666667 25.66082119571714 23.127813400810204
1244.9791666666667 25.66260787999225 23.12866175140218
1245.4791666666667 25.664369263009533 23.129517099857996
1245.9791666666667 25.66615024498006 23.130364573455417
1246.4791666666667 25.66789046203171 23.13121480390909
1246.9791666666667 25.669652143870948 23.132060704434178
1247.4791666666667 25.671425928466395 23.132916406143437
1247.9791666666667 25.673148842409827 23.13376858887218
1248.4791666666667 25.67487839438726 23.134618784293203
1248.9791666666667 25.676622517156208 23.135463717463878
1249.4791666666667 25.678358688267153 23.136315606576673
1249.9791666666667 25.680037817071472 23.137153047426455
1250.4791666666667 25.68175383271285 23.138005370783816
1250.9791666666667 25.683519791888898 23.138851658830557
1251.4791666666667 25.685164634153104 23.13969495237583
1251.9791666666667 25.686854685202295 23.14053502569586
1252.4791666666667 25.688562860472295 23.141378342273637
1252.9791666666667 25.690236016511324 23.142218838750765
1253.4791666666667 25.691860149582475 23.14306129063576
1253.9791666666667 25.693574997864808 23.143910715411163
1254.4791666666667 25.695215490354407 23.144740531423427
1254.9791666666667 25.696875148788244 23.145588050022283
1255.4791666666667 25.69847206010207 23.146427082960255
1255.9791666666667 25.700125239505446 23.14726172383446
1256.4791666666667 25.701756599706957 23.14810147963562
1256.9791666666667 25.703329335708997 23.148926108553553
1257.4791666666667 25.704928599506104 23.149769710802275
1257.9791666666667 25.70651672192353 23.15060106555913
1258.4791666666667 25.708100363362632 23.15143177671738
1258.9791666666667 25.709636217568907 23.15226800338721
1259.4791666666667 25.711184823844345 23.153086104256086
1259.9791666666667 25.71271986671277 23.153921811220016
1260.4791666666667 25.714226903104453 23.15475006001055
1260.9791666666667 25.715781844633202 23.15558016508495
1261.4791666666667 25.71729206771268 23.1564023573107
1261.9791666666667 25.71876588502529 23.157222294527962
1262.4791666666667 25.72026646213256 23.158052801763517
1262.9791666666667 25.7217490075396 23.158863152941716
1263.4791666666667 25.72320593815965 23.15969253915279
1263.9791666666667 25.724690004507423 23.16052161100768
1264.4791666666667 25.7260814080524 23.161338140416376
1264.9791666666667 25.727576523788912 23.16215268495714
1265.4791666666667 25.728999882924242 23.162960656247662
1265.9791666666667 25.73044632202642 23.163780038199032
1266.4791666666667 25.73184197298612 23.164606728849485
1266.9791666666667 25.73324604033528 23.165416192720777
1267.4791666666667 25.734680647836292 23.16624705170275
1267.9791666666667 25.7360398238998 23.16705595702072
1268.4791666666667 25.737467308287346 23.167864885328548
1268.9791666666667 25.73884126008542 23.16868104730466
1269.4791666666667 25.740243599160692 23.169494280789046
1269.9791666666667 25.741603774622355 23.170312261671416
1270.4791666666667 25.7429864479679 23.171119244664716
1270.9791666666667 25.744313933416805 23.17193227716826
1271.4791666666667 25.745698582370075 23.172751509453626
1271.9791666666667 25.746997465964917 23.173554961254275
1272.4791666666667 25.74839873878711 23.174363415878535
