FastTrWP/PhaseSpace/IAs/snIa_0.33_30.00_0.54_0.11.csv
# %ECSV 0.9
# ---
# datatype:
# - {name: time-rel, datatype: float64}
# - {name: g, datatype: float64}
# - {name: i, datatype: float64}
# schema: astropy-2.0
time-rel g i
[from data line 1769]
448.5 23.899556831340746 22.78654578898811
449.0 23.901478338820176 22.787479361411116
449.5 23.90339761450347 22.788421037401996
450.0 23.90531308766761 22.789362721982634
450.5 23.907243640841557 22.790309859927515
451.0 23.909166474536562 22.791251433974345
451.5 23.91109553039832 22.79219054715265
452.0 23.913029024830234 22.79313579644512
452.5 23.91496449873682 22.79407246896483
453.0 23.916899059569097 22.795012205909465
453.5 23.91884472904497 22.795955068112388
454.0 23.920778970614673 22.796893272049456
454.5 23.92272864878194 22.79783160181416
455.0 23.92468413091254 22.798777559872214
455.5 23.926638953322815 22.799711617557136
456.0 23.92858582460625 22.800651044468996
456.5 23.930541917046078 22.801590617233963
457.0 23.93250254714654 22.80253226136312
457.5 23.934462149395706 22.80347618092921
458.0 23.936419829945123 22.804410727766268
458.5 23.938398746331345 22.805341766087555
459.0 23.94038000303121 22.80629578756223
459.5 23.942368090573435 22.807227894985257
460.0 23.944348115494343 22.8081712167802
460.5 23.946343171259997 22.809121108371464
461.0 23.948328836269855 22.810060703928983
461.5 23.95033279696897 22.811008924206252
462.0 23.952347612334457 22.811947488087707
462.5 23.95435319386195 22.812896047532163
463.0 23.95637402100408 22.813835260421158
463.5 23.958388221785558 22.81478160296823
464.0 23.96040977284981 22.815730744399026
464.5 23.96243313686444 22.816682350461484
465.0 23.964477628172403 22.817622073983554
465.5 23.966503577766073 22.818570346473624
466.0 23.96855435262319 22.819517578767254
466.5 23.970581732131638 22.820464999423077
467.0 23.972629273196716 22.821410009389062
467.5 23.974665922789523 22.822355027282747
468.0 23.976713784036612 22.823304756666793
468.5 23.978780605109137 22.824254171933983
469.0 23.980841080597273 22.825196964727322
469.5 23.982912997481655 22.826142736811423
470.0 23.984983664734735 22.827086988662675
470.5 23.987051638667385 22.828042807038585
471.0 23.989131779648712 22.828991926461125
471.5 23.991204590228147 22.82993524410333
472.0 23.993279255223943 22.83087457464006
472.5 23.99535576343576 22.831824257309133
473.0 23.997446591385398 22.832763786935093
473.5 23.99953423537212 22.833709856641356
474.0 24.001622270879075 22.834652317924036
474.5 24.003706221278446 22.83559952395698
475.0 24.00579829774811 22.836540168214942
475.5 24.007887376741003 22.837477360916616
476.0 24.00998755824018 22.838417379701088
476.5 24.0120867288694 22.8393607454337
477.0 24.014194921814234 22.84030569213234
477.5 24.016290096945504 22.841235924840127
478.0 24.01839367398461 22.842170920507115
478.5 24.02050325960483 22.843108196276493
479.0 24.022610048042907 22.844047919408943
479.5 24.024712334423274 22.844978672603915
480.0 24.026816494583795 22.845911954181126
480.5 24.028908506034597 22.846841122408648
481.0 24.031027022098257 22.847776452241987
481.5 24.03313029081026 22.848703659063546
482.0 24.035253937535245 22.84963469742289
482.5 24.037351719903064 22.85055671759729
483.0 24.03947324760162 22.851489754035864
483.5 24.041577577913806 22.852410304784854
484.0 24.04369657763169 22.853331895443958
484.5 24.04580867747521 22.854252165238908
485.0 24.04790265399469 22.855170905310395
485.5 24.050017805064485 22.856082448558027
486.0 24.05213119527062 22.857003766843363
486.5 24.054250685167283 22.857917338575717
487.0 24.056343136629405 22.858834828880845
487.5 24.058448783552112 22.85973885025153
488.0 24.06055566109876 22.860650670270775
488.5 24.0626603540951 22.861555892984082
489.0 24.064762028454112 22.862460174468325
489.5 24.06685965049615 22.863358829428066
490.0 24.06898064109795 22.864266832375023
490.5 24.07107586758339 22.865163946143475
491.0 24.07317267128448 22.866062069186952
491.5 24.075286017916838 22.866958566495246
492.0 24.077374411456965 22.867850485296763
492.5 24.079490909214655 22.86873910527369
493.0 24.08160216161584 22.86964070949478
493.5 24.083705303973225 22.870530468517348
494.0 24.085815641248416 22.871425307595707
494.5 24.087927417075857 22.872323134017837
495.0 24.09005013532945 22.873209706268177
495.5 24.09215131489683 22.874097737540374
496.0 24.094278315097377 22.874985747910465
496.5 24.09639443535674 22.875866112355745
497.0 24.098526231135583 22.876759841913795
497.5 24.10063927839607 22.87764312656404
498.0 24.102755165347634 22.878528237186902
498.5 24.104870807511 22.87940791719256
499.0 24.106999835351854 22.880288415347213
499.5 24.109123519848595 22.88117209057397
500.0 24.111247185012537 22.882041704345788
500.5 24.113359866998472 22.882921743117194
501.0 24.115494549911073 22.88380015071315
501.5 24.117615616895232 22.884681316761718
502.0 24.119754222430316 22.885547432860022
502.5 24.12187698029211 22.886430441836062
503.0 24.12400690588754 22.88729266675314
503.5 24.126132520480237 22.88816804651717
504.0 24.12825765453651 22.88903578090384
504.5 24.130396195837353 22.889899442139022
505.0 24.132520548412767 22.890766424697663
505.5 24.134665325582787 22.891625370932204
506.0 24.13680499514657 22.892492453106243
506.5 24.13892949947014 22.89335158453442
507.0 24.141049738146805 22.894203908736472
507.5 24.143192109649263 22.89507077409866
508.0 24.145325024665006 22.89592758937148
508.5 24.14745312507329 22.896785667298833
509.0 24.149593893430325 22.89763597654438
509.5 24.151744803377074 22.898486150247756
510.0 24.153849703324475 22.899339609844937
510.5 24.155999267299734 22.900186805292613
511.0 24.158135163179573 22.901030740196937
511.5 24.16028314005896 22.9018827205133
512.0 24.162401627879646 22.902734189014783
512.5 24.164545101896202 22.903570630998562
513.0 24.16668027368688 22.90440847458314
513.5 24.168804507677976 22.905246433625997
514.0 24.170946108121967 22.906086117298493
514.5 24.173086479261976 22.906920168014796
515.0 24.17522668666433 22.907754103280386
515.5 24.177364328173347 22.90858488194042
516.0 24.17949165297843 22.90940981985979
516.5 24.18163197490226 22.910234953635523
517.0 24.183761971597253 22.911068165518756
517.5 24.18591301238081 22.911888346764275
518.0 24.188030184112318 22.912709431612384
518.5 24.1901752666531 22.91354843897893
519.0 24.19228320237783 22.914355981752976
519.5 24.194421731926457 22.915178367908197
520.0 24.196555175810666 22.915990273590175
520.5 24.198678232174586 22.91680623311239
521.0 24.20081646811504 22.917622145059045
521.5 24.202958348575237 22.91842886065161
522.0 24.205081183465378 22.919229639943524
522.5 24.207207910063715 22.920048525693662
523.0 24.209345296505802 22.92084487188402
523.5 24.21148254370097 22.92164830615048
524.0 24.21359692096633 22.92245270519277
524.5 24.215717813561426 22.923248997269226
525.0 24.21786769442501 22.92404848702693
525.5 24.2199998719817 22.924845817791308
526.0 24.222124328322366 22.925643531713806
526.5 24.224249626645495 22.926430583775552
527.0 24.226371272409843 22.927222945455185
527.5 24.228519602083168 22.92802464964954
528.0 24.23063077198026 22.92880250494352
528.5 24.2327852722368 22.92958957722419
529.0 24.234906144502574 22.93037713138764
529.5 24.237023330661422 22.93116405037366
530.0 24.239158343371496 22.931941061082412
530.5 24.241287618663712 22.93272230286768
531.0 24.24342238547719 22.93350246660967
531.5 24.245549761294814 22.934273791884667
532.0 24.247676170736096 22.935047847207706
532.5 24.24980615519444 22.93582234754883
533.0 24.251914944621138 22.93659714749721
533.5 24.254045565213577 22.937367755543008
534.0 24.256180639438053 22.93813190152641
534.5 24.258303682182046 22.938894667521474
535.0 24.260444464611073 22.939668812758853
535.5 24.262563403593823 22.940418791574004
536.0 24.26469817277428 22.941186318217547
536.5 24.266828586758674 22.941949461070237
537.0 24.26894639938859 22.942689563235486
537.5 24.271069083974805 22.94344695082613
538.0 24.273182364028546 22.944204693110738
538.5 24.2753157056702 22.944943468136017
539.0 24.277442366679757 22.945695547282483
539.5 24.279561805763876 22.946451343798977
540.0 24.28169061970437 22.947196602309887
540.5 24.283809274702822 22.947935414364267
541.0 24.285937559651845 22.948677512155378
541.5 24.28805287771646 22.949413045318824
542.0 24.29015865015211 22.950152277376525
542.5 24.292280290037603 22.950879917180686
543.0 24.29440765469865 22.95161815593618
543.5 24.29650503164931 22.952350588106306
544.0 24.29863712228552 22.953070694876697
544.5 24.300757427865648 22.9538004203798
545.0 24.30286362865781 22.954522331148848
545.5 24.30496164034715 22.9552506481652
546.0 24.307080424149476 22.955965745765774
546.5 24.309196201758795 22.95668424529272
547.0 24.311281687297402 22.957399043222154
547.5 24.31341331982027 22.958113985421264
548.0 24.315512606320503 22.9588219210175
548.5 24.317616896125532 22.959532959212716
549.0 24.319729021855654 22.96023684046083
549.5 24.321831491579495 22.960944462901807
550.0 24.32394348373211 22.961647770423852
550.5 24.32603939570573 22.962342858648658
551.0 24.32814409074355 22.963038952335037
551.5 24.330239395632955 22.963741834279574
552.0 24.332333150906997 22.96443762562565
552.5 24.334430094822714 22.96512106237129
553.0 24.33651859170215 22.9658050245174
553.5 24.338625806041758 22.96650041610139
554.0 24.340704590004876 22.96717982154915
554.5 24.342788058201904 22.96785839797233
555.0 24.344889395678333 22.968530949495253
555.5 24.346991126569158 22.96922182907659
556.0 24.349064725133612 22.96988545070684
556.5 24.351146614068597 22.970566453278742
557.0 24.35324385274891 22.971243215802623
557.5 24.355329018051886 22.97190570586473
558.0 24.35740225646424 22.97256925424756
558.5 24.35950306213877 22.973241094534313
559.0 24.361576699197677 22.973902900030964
559.5 24.36365937961449 22.974563263130538
560.0 24.365739345734223 22.975218261782206
560.5 24.367831629090027 22.975878766194008
561.0 24.3698886252511 22.976537693036914
561.5 24.371981125034424 22.977186183504067
562.0 24.374047523115394 22.977834073744106
562.5 24.37612215236883 22.97848412674029
563.0 24.378188592240846 22.97912687104948
563.5 24.380280069537903 22.97977491612029
564.0 24.382337370734938 22.980416655285303
564.5 24.38441852638062 22.98106133712098
565.0 24.386493222820484 22.981704956170333
565.5 24.388546371837695 22.982325878112867
566.0 24.390614128474187 22.982955319698345
566.5 24.392678663087295 22.983589463891573
567.0 24.394730150514015 22.984214008302956
567.5 24.396784299810275 22.984844894215577
568.0 24.39885116043972 22.985467087732857
568.5 24.400911460282263 22.986090145625212
569.0 24.402972898057705 22.98670319026661
569.5 24.40502262756231 22.987327457481683
570.0 24.407057686819883 22.98793350252123
570.5 24.409112688803223 22.988548974920242
571.0 24.41116275532217 22.9891554463476
571.5 24.413211707937876 22.98975893942999
572.0 24.415250721827032 22.99036873796274
572.5 24.417295555400184 22.990959220150636
573.0 24.419330710504127 22.99156251422587
573.5 24.42136040325524 22.99215963720996
574.0 24.423396839530863 22.992758703447475
574.5 24.425433298644144 22.99333573196588
575.0 24.42745699563906 22.993931644663924
575.5 24.42948456733702 22.994512964470914
576.0 24.431514113967246 22.995095153250155
576.5 24.433540581128327 22.995682818421898
577.0 24.435562056204336 22.99625683032184
577.5 24.437579435832397 22.99683032874171
578.0 24.43958967545226 22.997403448643404
578.5 24.441600364063802 22.99797228333119
579.0 24.44360105666295 22.998545630737603
579.5 24.44563359067122 22.999117460307076
580.0 24.447629929580977 22.99966670327798
580.5 24.449613629512296 23.000230563848397
581.0 24.45161621298689 23.000790685544494
581.5 24.453602753901226 23.00133874685828
582.0 24.455604282142577 23.001882988801672
582.5 24.45760363192033 23.00243959371491
583.0 24.459577033930643 23.002976721839907
583.5 24.46155189418073 23.00351900122365
584.0 24.463536885200867 23.004063673851984
584.5 24.465511029750413 23.004600023859783
585.0 24.46747013784288 23.005135699541746
585.5 24.46946472335338 23.00565877527913
586.0 24.47143337415907 23.006178999787462
586.5 24.473391489772 23.006712449607303
587.0 24.47533077541621 23.007231768156352
587.5 24.47727908854183 23.007739696821787
588.0 24.47921671276155 23.00825798804493
588.5 24.48115084276504 23.00875434763273
589.0 24.483096514544506 23.0092667231721
589.5 24.485016984237173 23.00975728679752
590.0 24.486930025701298 23.01025267269546
590.5 24.48886051999189 23.01073483132644
591.0 24.490790919150726 23.011230004478666
591.5 24.492692586587083 23.01171328972799
592.0 24.494604490773956 23.01219663584189
592.5 24.49651115830155 23.01265871034274
593.0 24.498396833918193 23.013132296370035
593.5 24.500285652555867 23.013596113263404
594.0 24.502176267606437 23.014066353490445
594.5 24.504062147009783 23.014536528733643
595.0 24.5059272319388 23.014992496247007
595.5 24.507814642821263 23.01543990847998
596.0 24.509674314424338 23.015891878491136
596.5 24.511549674714775 23.016349517172607
597.0 24.513421068973706 23.016794342150906
597.5 24.515281508815875 23.017242208634713
598.0 24.51715076174594 23.017682149748957
598.5 24.519005724041108 23.01811308425345
599.0 24.5208553672568 23.01856110843902
599.5 24.522710842738068 23.018997706635357
600.0 24.524549694295054 23.019424642787314
600.5 24.526393741457863 23.019855455537297
601.0 24.52824763630717 23.02028634514368
601.5 24.530077418653953 23.02071710840195
602.0 24.531905605143848 23.021132716679983
602.5 24.53373536667078 23.021562496521682
603.0 24.53557721663659 23.021976337960513
603.5 24.53741571992564 23.022389040162427
604.0 24.539245712030358 23.02281244688526
604.5 24.541081439573254 23.02323868125502
605.0 24.54290237076136 23.023649501616067
605.5 24.544727582388287 23.024053444536428
606.0 24.54656163015087 23.024466978022495
606.5 24.54837874883765 23.024885304560932
607.0 24.550199223690544 23.025295273184557
607.5 24.552000344600554 23.025707842127797
608.0 24.55382028536777 23.026114434777554
608.5 24.555659319426443 23.026517759140077
609.0 24.557491938692753 23.026924643192345
609.5 24.559294874395455 23.027335528902512
610.0 24.561116640355422 23.02773033541373
610.5 24.562925129854598 23.028143113640436
611.0 24.564749093107668 23.0285446634719
611.5 24.566581488017462 23.02895132323147
612.0 24.568379073018104 23.029351349823592
612.5 24.57020936367511 23.029765151963776
613.0 24.572018496802656 23.030161502931023
613.5 24.573851760268806 23.030567529021067
614.0 24.575672429048545 23.03097427559574
614.5 24.57749068291256 23.031376337786924
615.0 24.579316778680585 23.031782255606483
615.5 24.581138497262835 23.032183227391393
616.0 24.582959521965677 23.03259020940185
616.5 24.584797847134887 23.03299024518868
617.0 24.586621589566867 23.0333975265998
617.5 24.58846811249365 23.033802384607895
618.0 24.590293973555116 23.034209684790152
618.5 24.592124676171455 23.034626572792014
619.0 24.59393625171581 23.035019431648674
619.5 24.59576150956198 23.035417507253975
620.0 24.597618478089988 23.03581666781321
620.5 24.599410624788792 23.036225233996923
621.0 24.601232403110124 23.036616388453815
621.5 24.603048645821968 23.037005081508966
622.0 24.604862970857717 23.03739656149411
622.5 24.606670338614663 23.03778917530622
623.0 24.608479456973843 23.038171352901365
623.5 24.610283710276555 23.038557794314258
624.0 24.612072400555757 23.038943935323015
624.5 24.61388686452354 23.039330843853598
625.0 24.615676383140954 23.039712502561787
625.5 24.61745816601535 23.040089620372804
626.0 24.619279453001877 23.040477402368435
626.5 24.62106271356651 23.040847316456258
627.0 24.622865821036548 23.041225293710724
627.5 24.62463012089346 23.041583721319412
628.0 24.626434557705164 23.04198162683498
628.5 24.628225660530045 23.042347412727114
629.0 24.63000120026271 23.042718942811117
629.5 24.63180099225525 23.043086344137357
630.0 24.633613727492705 23.04345647009244
630.5 24.63537867155672 23.043829967241596
631.0 24.637143846451067 23.044193441925106
631.5 24.638933448458978 23.04456950176116
632.0 24.64070459424437 23.044929860420467
632.5 24.64249557507642 23.045293386458937
