FastTrWP/PhaseSpace/IAs/snIa_0.35_30.00_0.78_-0.10.csv
# %ECSV 0.9
# ---
# datatype:
# - {name: time-rel, datatype: float64}
# - {name: g, datatype: float64}
# - {name: i, datatype: float64}
# schema: astropy-2.0
time-rel g i
-430.5 26.99556055186687 25.88293030298981
-430.0 26.976485485472406 25.87227187872034
-429.5 26.95724924066321 25.861617719222558
-429.0 26.93786153502707 25.850920598461215
-428.5 26.918297933315557 25.840216408397445
-428.0 26.898656335940206 25.829523140125374
-427.5 26.878722835651267 25.818799868505966
-427.0 26.85877646416109 25.80805935424371
-426.5 26.838676551540992 25.79733998030255
-426.0 26.818357354694836 25.786546591204377
-425.5 26.797946308582326 25.7757778073506
-425.0 26.777434493063204 25.76495487330233
-424.5 26.756825517946375 25.754140266997467
-424.0 26.736092961051355 25.743302758039768
-423.5 26.715313054630883 25.73248379262802
-423.0 26.69460367831027 25.721682092085757
-422.5 26.674010229905896 25.710857710117864
-422.0 26.653320658685544 25.700051369279635
-421.5 26.632749529081543 25.68925024457867
-421.0 26.612326122380658 25.67845298301328
-420.5 26.59185595459388 25.667680032524526
-420.0 26.571498588425815 25.65690851700705
-419.5 26.551201680275845 25.646140800240843
-419.0 26.531041728010067 25.635396504029686
-418.5 26.51089169705665 25.624702363901335
-418.0 26.49088495184484 25.614021182752662
-417.5 26.470944907680934 25.603315446076458
-417.0 26.451154490864322 25.592660008513995
-416.5 26.431471180299553 25.582046286571707
-416.0 26.41189926482457 25.57142472042735
-415.5 26.392416740755138 25.560866923739482
-415.0 26.373009980942758 25.550317697700223
-414.5 26.35374150406491 25.53979611946398
-414.0 26.334599385874196 25.529300665271894
-413.5 26.315586760084205 25.518797849396062
-413.0 26.296703394226654 25.508386097234094
-412.5 26.277928712153276 25.497992637671224
-412.0 26.259249648775693 25.487625829513554
-411.5 26.240757984573516 25.477266432584234
-411.0 26.222336656165773 25.466977534628995
-410.5 26.204024019702885 25.45671886176686
-410.0 26.18589778779502 25.44648889416482
-409.5 26.16789575477409 25.436285497349846
-409.0 26.150028975329448 25.426115642523108
-408.5 26.132272954633322 25.415987250174837
-408.0 26.11465338636018 25.40588280888918
-407.5 26.097184421505183 25.3958776635864
-407.0 26.07977959072123 25.385837905036176
-406.5 26.06249271060376 25.375886302323075
-406.0 26.045449854112217 25.365974930089628
-405.5 26.028463352557985 25.356081548148897
-405.0 26.011617563306125 25.34623611353318
-404.5 25.994862812270743 25.33640551092461
-404.0 25.97829859744895 25.326671057925203
-403.5 25.961819247217612 25.31692405811096
-403.0 25.945492426121103 25.30726242341144
-402.5 25.929261670735887 25.297613708846356
-402.0 25.91317870680883 25.28802645548101
-401.5 25.897228921124533 25.278462477554953
-401.0 25.881393278982255 25.268970865368914
-400.5 25.865690215358754 25.259508721177948
-400.0 25.85012960555417 25.250069295384364
-399.5 25.83462230882332 25.240679455256704
-399.0 25.81931694050908 25.231365332552144
-398.5 25.80408674830222 25.222068579907898
-398.0 25.788989465542773 25.212823435243166
-397.5 25.774013720353057 25.203628828559932
-397.0 25.759188561317984 25.194479020039395
-396.5 25.744457869434502 25.18536036355757
-396.0 25.729833599879793 25.17629293095326
-395.5 25.715300525501085 25.1672487516618
-395.0 25.700945138437223 25.158296897261042
-394.5 25.68665550780175 25.14935734972122
-394.0 25.672522627038383 25.140444038947074
-393.5 25.658482459402364 25.131618792436683
-393.0 25.64454034561544 25.122848017871895
-392.5 25.63072884947086 25.1140779648519
-392.0 25.617029155833066 25.105359598135625
-391.5 25.603400299892435 25.096694433291184
-391.0 25.589852840502108 25.088063048271103
-390.5 25.576415358011893 25.079453683141498
-390.0 25.562958343353266 25.070863546684766
-389.5 25.549608369619165 25.062291751612108
-389.0 25.53635510924847 25.053745074793696
-388.5 25.52312777746744 25.045219605142712
-388.0 25.50997153024217 25.036728746964908
-387.5 25.496917950972858 25.02826971916361
-387.0 25.483906301379868 25.01983947427791
-386.5 25.47094708144205 25.011446526931355
-386.0 25.45811733480802 25.0030839918838
-385.5 25.445315388836182 24.994732890709948
-385.0 25.432582847634926 24.986378483439946
-384.5 25.41995535019394 24.978114487789632
-384.0 25.407345532744763 24.969863480690915
-383.5 25.39483142609777 24.96164024134064
-383.0 25.382384656161232 24.953419982196444
-382.5 25.37000553561007 24.94521572797144
-382.0 25.35767506863202 24.93709699509607
-381.5 25.345434483425255 24.92898429011815
-381.0 25.33330392341845 24.920875958572243
-380.5 25.32120625371666 24.912836092654263
-380.0 25.309192217652317 24.90480411059247
-379.5 25.29722902106364 24.896808899332008
-379.0 25.285331764898938 24.888856443902583
-378.5 25.27350814818517 24.88089982957579
-378.0 25.261783717671115 24.873020852385398
-377.5 25.25007225789166 24.865145398188083
-377.0 25.238471260517183 24.85731349754972
-376.5 25.226927727431267 24.849484005772865
-376.0 25.215471970667537 24.841691655509706
-375.5 25.204044873341317 24.83393876216362
-375.0 25.192730889338442 24.826214204679935
-374.5 25.18146026061665 24.818536641975
-374.0 25.170255825995767 24.810866961407818
-373.5 25.15910262059865 24.80325840951526
-373.0 25.14804306645412 24.795639880900243
-372.5 25.137046390570852 24.78808355665363
-372.0 25.12612293930461 24.780528599033936
-371.5 25.115242394566664 24.773043282397104
-371.0 25.104419707582963 24.765565284368023
-370.5 25.093720693609658 24.758137115340155
-370.0 25.08300698831082 24.750722967524705
-369.5 25.07241690532798 24.743344886107952
-369.0 25.06186195485878 24.736002131538925
-368.5 25.05138516521943 24.72866082895657
-368.0 25.04097469478792 24.721390570467236
-367.5 25.030622440607257 24.71413547269386
-367.0 25.020328524551452 24.706893747230595
-366.5 25.0101207983923 24.699727774716393
-366.0 24.999936321284245 24.692552723896863
-365.5 24.989829034729457 24.68542383025016
-365.0 24.979817044253384 24.67833235491545
-364.5 24.96983905043936 24.671259493205703
-364.0 24.959923344631886 24.664224956378476
-363.5 24.95003887719247 24.65720502689921
-363.0 24.940300262486808 24.650231847686413
-362.5 24.930548522366696 24.64328901426258
-362.0 24.920863683849653 24.63638463650478
-361.5 24.911277357666563 24.629497716413866
-361.0 24.9017155255404 24.62264465296783
-360.5 24.892212266309826 24.61582433244321
-360.0 24.882786250639043 24.609023435651494
-359.5 24.873389157081718 24.602269808082
-359.0 24.864069902751737 24.595517284396117
-358.5 24.85475718551118 24.588798696769953
-358.0 24.8454798346792 24.582093835733506
-357.5 24.836238050980604 24.575413650991212
-357.0 24.82704298467196 24.5687232205192
-356.5 24.817849448208186 24.562054778821015
-356.0 24.808737350870395 24.55542111085691
-355.5 24.799648723959113 24.548825832645615
-355.0 24.790580846643774 24.54221680256672
-354.5 24.78154513167916 24.535641944743656
-354.0 24.772568702036274 24.52909516618866
-353.5 24.763626583640693 24.522529632377335
-353.0 24.754710063047636 24.51603722791404
-352.5 24.745833944808524 24.50954793098775
-352.0 24.737022513805137 24.50304269742624
-351.5 24.72819686362268 24.49658653422047
-351.0 24.719454362823154 24.49016012495079
-350.5 24.710719650904707 24.48373207100673
-350.0 24.70204837421957 24.477356825474924
-349.5 24.69340393789954 24.470997008466455
-349.0 24.68482167690866 24.46462974312037
-348.5 24.676261317801327 24.458302913831
-348.0 24.667738273623968 24.452011791906124
-347.5 24.659255151741455 24.44572733686588
-347.0 24.65082078721146 24.43944534731824
-346.5 24.642423762887404 24.43321614804085
-346.0 24.63407298197515 24.427015923129392
-345.5 24.625751245730967 24.420818341292488
-345.0 24.617490592171976 24.414660121332517
-344.5 24.6092717053152 24.40849729955027
-344.0 24.60104565621624 24.40237845879707
-343.5 24.592906353400604 24.39628204497993
-343.0 24.58478738046267 24.39019531566402
-342.5 24.576727581233655 24.384145923307624
-342.0 24.568713805480694 24.378137482857817
-341.5 24.56070996795159 24.37210444579209
-341.0 24.552760818498847 24.36612917277877
-340.5 24.54487399974916 24.360179138805606
-340.0 24.53701440138972 24.354248121354956
-339.5 24.52920625589507 24.348329209103934
-339.0 24.521442205901764 24.34243818934555
-338.5 24.513688339953205 24.336583346921774
-338.0 24.50599993726778 24.330775301762024
-337.5 24.49834829998001 24.324942544084788
-337.0 24.490749432161717 24.319156241495598
-336.5 24.483158921639863 24.313404589782174
-336.0 24.47565327429154 24.307667208261886
-335.5 24.468163177952565 24.301948957967937
-335.0 24.46072658101247 24.296260228387318
-334.5 24.45334281504401 24.290601626275517
-334.0 24.445954499634727 24.284973686206023
-333.5 24.438641353067318 24.27935408345867
-333.0 24.43138220612078 24.27376706645383
-332.5 24.424152293348158 24.26820275205764
-332.0 24.41694154230174 24.262674472663885
-331.5 24.409823749961852 24.257164682727293
-331.0 24.402710993515097 24.251667614372174
-330.5 24.395642072268803 24.246218838886794
-330.0 24.388615934544994 24.240762969694476
-329.5 24.381629666512584 24.23535625316574
-329.0 24.374688536417118 24.22998929973017
-328.5 24.367783663151563 24.22461441154407
-328.0 24.36092562581311 24.219278207530625
-327.5 24.35409840511995 24.2139755137369
-327.0 24.347321687285337 24.20868724469117
-326.5 24.340558361700936 24.203423514084527
-326.0 24.333848488083394 24.198176213230106
-325.5 24.327122611579313 24.192916364861624
-325.0 24.32044419540738 24.187692928852048
-324.5 24.313777961969528 24.182473783522
-324.0 24.30714130795156 24.17729131387931
-323.5 24.300540625497952 24.172117316317312
-323.0 24.29392322578911 24.166966667702635
-322.5 24.287372866976206 24.161791298220937
-322.0 24.280842561569074 24.156680015095738
-321.5 24.274325366107266 24.15154672702238
-321.0 24.267833234482165 24.146444461376557
-320.5 24.26138122373419 24.141374324518075
-320.0 24.254928533783215 24.13630993419886
-319.5 24.248522678795837 24.131248406129128
-319.0 24.242138847657536 24.126214209004416
-318.5 24.235770153959862 24.121189524706793
-318.0 24.22944971933482 24.11619344364649
-317.5 24.223141463246485 24.111219241331057
-317.0 24.216836740966862 24.106252974303523
-316.5 24.21060224094915 24.101289524136277
-316.0 24.204361487664933 24.09636022735188
-315.5 24.19816465202199 24.091451565053127
-315.0 24.191985602542246 24.08653557739531
-314.5 24.185858290628083 24.08165096345285
-314.0 24.179718822963423 24.076791575422895
-313.5 24.173629263969538 24.071946081653863
-313.0 24.167564561721925 24.06711600274935
-312.5 24.161513199550015 24.062305405378915
-312.0 24.155499502813143 24.057505782139472
-311.5 24.149515098771474 24.052729204313454
-311.0 24.143551157874164 24.047966261993956
-310.5 24.137622326326856 24.043220569752744
-310.0 24.13170843195172 24.038521705015206
-309.5 24.12583411742538 24.033801156935596
-309.0 24.11998321373833 24.029108357435213
-308.5 24.11415679264545 24.024448824302816
-308.0 24.108358752706266 24.019797815477745
-307.5 24.10259809526131 24.015174839247074
-307.0 24.096860419593206 24.010543801275332
-306.5 24.091139710238384 24.00595648187954
-306.0 24.085462930084024 24.001371790467193
-305.5 24.079796267749543 23.996812610554233
-305.0 24.074179569261158 23.992268403447753
-304.5 24.068569880610504 23.9877557699004
-304.0 24.062996280142485 23.98325993692613
-303.5 24.05744869838006 23.97876032103463
-303.0 24.051935215597958 23.974298723266976
-302.5 24.046438988565583 23.9698518921443
-302.0 24.040965358411427 23.96542359843943
-301.5 24.035522549985252 23.961009426691117
-301.0 24.030139936533992 23.95661229143392
-300.5 24.0247367879173 23.952239524439882
-300.0 24.0193945902052 23.94786928795856
-299.5 24.01406070659555 23.943556237873423
-299.0 24.008762295326783 23.939237331775413
-298.5 24.003489703128196 23.934928994929997
-298.0 23.998256364001328 23.9306754376901
-297.5 23.9930393030067 23.92641218899413
-297.0 23.987846477238996 23.922150981544178
-296.5 23.982682457007655 23.917939668236322
-296.0 23.977562897507845 23.91373144338393
-295.5 23.972469633939895 23.909545290663043
-295.0 23.967379552988678 23.905370952321338
-294.5 23.96233880237967 23.901229981224567
-294.0 23.957306251183184 23.897099260452382
-293.5 23.95229105429003 23.892989028610117
-293.0 23.94731408891807 23.88889091351382
-292.5 23.942355163064512 23.884797589191354
-292.0 23.93741129014458 23.880735848219604
-291.5 23.932493632460485 23.876689460583
-291.0 23.927599749079036 23.872641468905687
-290.5 23.92272094888853 23.868620358888975
-290.0 23.917870635743142 23.864606300356016
-289.5 23.913040995697767 23.860623356160424
-289.0 23.908222546854173 23.856650188077026
-288.5 23.903431393831713 23.852679321909754
-288.0 23.89866681914121 23.848719233799436
-287.5 23.893906387021264 23.844785596635596
-287.0 23.889167587430396 23.840863630939655
-286.5 23.884457952259297 23.836948238185514
-286.0 23.879768374917308 23.83305830015564
-285.5 23.875077520232782 23.82916067565645
-285.0 23.870423812780167 23.82530283913617
-284.5 23.86577957230303 23.82144989841569
-284.0 23.861160352664427 23.817600862561292
-283.5 23.85656046749611 23.8137721087599
-283.0 23.851975076012767 23.809969238336674
-282.5 23.847410522241603 23.806158111360464
-282.0 23.84285968883345 23.80236746386506
-281.5 23.838328294363862 23.798581613301174
-281.0 23.833811333054875 23.794803817890088
-280.5 23.829314968798855 23.791053553501058
-280.0 23.824816964112287 23.787311084644855
-279.5 23.820363269079067 23.783571647657386
-279.0 23.81591392253021 23.779864653256126
-278.5 23.811477709363572 23.776141395330114
-278.0 23.807041963182932 23.772455848897454
-277.5 23.802656564291958 23.768767659321615
-277.0 23.79825619854758 23.76509919074151
-276.5 23.793893250217618 23.761439864372434
-276.0 23.789542732184984 23.75778413821545
-275.5 23.785202708008025 23.75414734887334
-275.0 23.780851205074764 23.75050613656111
-274.5 23.776553964057605 23.74689057211252
-274.0 23.77226052751498 23.743277111891278
-273.5 23.76797023352608 23.739678445885176
-273.0 23.76370565176082 23.73608248099076
-272.5 23.759441475931247 23.7325121535191
-272.0 23.755207465677884 23.72894432124116
-271.5 23.750983602849566 23.725373327476728
-271.0 23.746770255699165 23.72183101873802
-270.5 23.742567974082704 23.718287909463854
-270.0 23.738382054321534 23.714761325589926
-269.5 23.734210937301278 23.711244840918873
-269.0 23.730052058585933 23.707727305025838
-268.5 23.72590908893146 23.704228100470704
-268.0 23.72178491295141 23.70074205128244
-267.5 23.71765127476541 23.697262979203217
-267.0 23.7135488021284 23.693772666679997
-266.5 23.709455946421564 23.69031520935218
-266.0 23.705358895506066 23.686852276978925
-265.5 23.701291946860557 23.683414956060048
-265.0 23.697229077860555 23.679966843924692
-264.5 23.693185034872464 23.676536553218988
-264.0 23.689143055561512 23.67312835700345
-263.5 23.685114244325067 23.669706438419023
-263.0 23.68110989095562 23.666305650975985
-262.5 23.677114496583542 23.662909038013083
-262.0 23.673110842803023 23.659529799462724
-261.5 23.66914021786849 23.656140831178107
-261.0 23.66518004294324 23.652785395918418
-260.5 23.661228345886286 23.64942107665719
-260.0 23.657305353704242 23.646088428663106
-259.5 23.653371232194033 23.64274832014243
-259.0 23.649457290142507 23.639404304326042
-258.5 23.64556628408795 23.636090698251188
-258.0 23.641683010690745 23.632772915495167
-257.5 23.637798028072673 23.629478005477562
-257.0 23.633931781332546 23.626186187079213
-256.5 23.630096088364642 23.62290145409038
-256.0 23.626249660294167 23.619630439650003
-255.5 23.62243171345041 23.61636671331155
-255.0 23.61860298364872 23.613111772679105
-254.5 23.61480719562401 23.609855072831174
-254.0 23.61101070777696 23.60662344302309
-253.5 23.607235904134818 23.60339033680193
-253.0 23.603459787493705 23.600167981900935
-252.5 23.599690211637213 23.596948374831904
-252.0 23.595946004800133 23.593732191278885
-251.5 23.592220485322663 23.59054867378567
-251.0 23.58847987931895 23.587354489457866
-250.5 23.584764832932834 23.584174813922807
