FastTrWP/PhaseSpace/IAs/snIa_0.68_30.00_-0.61_0.13.csv
# %ECSV 0.9
# ---
# datatype:
# - {name: time-rel, datatype: float64}
# - {name: g, datatype: float64}
# - {name: i, datatype: float64}
# schema: astropy-2.0
time-rel g i
[from data line 2304]
1365.4791666666667 26.915394084767303 23.388382212652846
1365.9791666666667 26.913425875210265 23.38956403639958
1366.4791666666667 26.911532013359476 23.39074862738864
1366.9791666666667 26.909630346729916 23.39193302108466
1367.4791666666667 26.907701388870443 23.393131861327433
1367.9791666666667 26.905759204082933 23.394312105387417
1368.4791666666667 26.903781734755235 23.395512921116378
1368.9791666666667 26.901892741685167 23.396689078820152
1369.4791666666667 26.900012934773176 23.397887527525633
1369.9791666666667 26.898138927369022 23.399061297414363
1370.4791666666667 26.896204063366515 23.400249813551074
1370.9791666666667 26.89433203575105 23.401439322038684
1371.4791666666667 26.892456965719695 23.402615686220013
1371.9791666666667 26.890570687178155 23.403815100053432
1372.4791666666667 26.888710929797 23.40500358781744
1372.9791666666667 26.88688714135698 23.406195112227124
1373.4791666666667 26.885041248104663 23.407380911566523
1373.9791666666667 26.883198002624145 23.408565861615685
1374.4791666666667 26.88145915160151 23.40974792843802
1374.9791666666667 26.879642347880086 23.410943709186867
1375.4791666666667 26.877902804137253 23.412129516369404
1375.9791666666667 26.876104101514397 23.41331233990711
1376.4791666666667 26.87436344292304 23.414499522436437
1376.9791666666667 26.872592663852657 23.415684495266966
1377.4791666666667 26.870895564421282 23.41689274325185
1377.9791666666667 26.869206239484576 23.418075597863528
1378.4791666666667 26.867562536144803 23.419269096032927
1378.9791666666667 26.86591072791081 23.420461384937926
1379.4791666666667 26.86432018533077 23.42163285010875
1379.9791666666667 26.86265121217662 23.42283526921679
1380.4791666666667 26.861139993875895 23.424026809674316
1380.9791666666667 26.85949587291041 23.42522153065105
1381.4791666666667 26.858042766974307 23.42641266754301
1381.9791666666667 26.856463713390703 23.427605227398182
1382.4791666666667 26.854930186143044 23.428801318007476
1382.9791666666667 26.85348747649444 23.430001898176187
1383.4791666666667 26.851954231108582 23.43119196394116
1383.9791666666667 26.85049925521586 23.432387217274922
1384.4791666666667 26.849004745015883 23.433572781936398
1384.9791666666667 26.847454031289946 23.43476117658993
1385.4791666666667 26.845913542287867 23.435960492852498
1385.9791666666667 26.844432594853814 23.43715749292892
1386.4791666666667 26.842868462452646 23.438341936855956
1386.9791666666667 26.841351763916972 23.439534754042374
1387.4791666666667 26.839761105273794 23.44072066133346
1387.9791666666667 26.838312356286682 23.4419025204801
1388.4791666666667 26.83673153333398 23.443087861108793
1388.9791666666667 26.835222014465 23.444278993847583
1389.4791666666667 26.833633113900074 23.445464906870765
1389.9791666666667 26.83210571763265 23.446663131239088
1390.4791666666667 26.83049523677227 23.447834392124598
1390.9791666666667 26.82898367196289 23.449030816566783
1391.4791666666667 26.827407852392504 23.450207763261247
1391.9791666666667 26.825901715367454 23.45139577886702
1392.4791666666667 26.82437180546277 23.452576410345642
1392.9791666666667 26.822769934384073 23.453758602494194
1393.4791666666667 26.82124250732922 23.454954082322047
1393.9791666666667 26.819664743581207 23.45612840368996
1394.4791666666667 26.81816905079024 23.45731057317345
1394.9791666666667 26.81661926437834 23.45849474632783
1395.4791666666667 26.815098983940903 23.459672222288418
1395.9791666666667 26.81359294515171 23.46086023634269
1396.4791666666667 26.81202778156623 23.462042692465346
1396.9791666666667 26.810536192071744 23.46321978523052
1397.4791666666667 26.809037394046623 23.46439825318596
1397.9791666666667 26.807525703375724 23.46558158957095
1398.4791666666667 26.806013858598355 23.466780393877112
1398.9791666666667 26.804533358283138 23.467938759793128
1399.4791666666667 26.80306843199258 23.46912934893944
1399.9791666666667 26.801608482517793 23.470307264358503
1400.4791666666667 26.800100537547557 23.47148541633007
1400.9791666666667 26.798688054274905 23.472664597456465
1401.4791666666667 26.797220051746024 23.473852286421785
1401.9791666666667 26.795794196806455 23.475035784310926
1402.4791666666667 26.794374818614028 23.476204323539346
1402.9791666666667 26.792927586646513 23.477384216691817
1403.4791666666667 26.791599476481615 23.478562224742888
1403.9791666666667 26.79016663496689 23.4797536995214
1404.4791666666667 26.788820086396484 23.48092594695929
1404.9791666666667 26.78745510822067 23.482106617199925
1405.4791666666667 26.786104549561315 23.48328961437523
1405.9791666666667 26.784743292475373 23.484473177465212
1406.4791666666667 26.783422176439554 23.485642197005294
1406.9791666666667 26.782133275377422 23.486829242737365
1407.4791666666667 26.78083345477507 23.48801750621826
1407.9791666666667 26.779545241129554 23.489185629544494
1408.4791666666667 26.778323746437135 23.490377681970887
1408.9791666666667 26.7770603447179 23.49156353119597
1409.4791666666667 26.77583740532088 23.492739358034456
1409.9791666666667 26.774671497693387 23.493916036444258
1410.4791666666667 26.77340607617529 23.495097317952947
1410.9791666666667 26.772274301274457 23.496281239179282
1411.4791666666667 26.77112429397221 23.49745565061347
1411.9791666666667 26.769931654916498 23.498643094143794
1412.4791666666667 26.768861010012223 23.49982818124564
1412.9791666666667 26.767703302547954 23.501004883282043
1413.4791666666667 26.766680366322035 23.502206614521334
1413.9791666666667 26.765593606874095 23.503392295240634
1414.4791666666667 26.764564321529583 23.50456096390355
1414.9791666666667 26.76359187228008 23.50574922068536
1415.4791666666667 26.76255475155202 23.506943195255886
1415.9791666666667 26.76153549115658 23.508124554522077
1416.4791666666667 26.76064916464022 23.509312566854085
