FastTrWP/PhaseSpace/IAs/snIa_0.36_30.00_-0.18_-0.21.csv
# %ECSV 0.9
# ---
# datatype:
# - {name: time-rel, datatype: float64}
# - {name: g, datatype: float64}
# - {name: i, datatype: float64}
# schema: astropy-2.0
time-rel g i
193.5 26.98421720621659 25.86274661030309
194.0 26.953893749615037 25.85155488546317
194.49999999999997 26.924157902866636 25.84041310200441
195.0 26.89490318079654 25.829332271694906
195.5 26.866310925936602 25.818314646285042
195.99999999999997 26.838151624227685 25.807345236936555
196.5 26.8105508808914 25.796443752734493
197.0 26.783340921777373 25.785605601716203
197.49999999999997 26.756632701045696 25.774798086559038
198.0 26.730340824179585 25.764053927067657
198.5 26.70454797546266 25.753378873543383
198.99999999999997 26.679124188389626 25.742781366471323
199.5 26.654148747974396 25.73222406345728
200.0 26.629513743967923 25.72171150181081
200.49999999999997 26.60528002760859 25.7112820910872
201.0 26.58148442332444 25.700886796998667
201.5 26.558005405808398 25.6905263844061
201.99999999999997 26.534847034895343 25.68027251264159
202.5 26.51210589147627 25.67006419329257
203.0 26.489599893383552 25.659899919703637
203.49999999999997 26.46745949701947 25.649788565009153
204.0 26.445689525427284 25.639748685904202
204.5 26.42415071262971 25.6297919506357
204.99999999999997 26.402917618924096 25.61983954410141
205.5 26.381892837769882 25.609927122491726
206.0 26.36105929009684 25.6000320122368
206.49999999999997 26.340461893284655 25.59019272619095
207.0 26.320064019257664 25.58040451754815
207.5 26.299897186201456 25.570587813852008
207.99999999999997 26.27988135148869 25.560835931771727
208.5 26.260083667015692 25.55115977525244
209.0 26.240503573560943 25.541477801007527
209.49999999999997 26.221102787116752 25.531819483237687
210.0 26.20189158385881 25.522231684880673
210.5 26.182888596179815 25.512624547543936
210.99999999999997 26.164058494384147 25.503114803118848
211.5 26.145401505876997 25.493585420536213
212.0 26.126952223193292 25.48414261573095
212.49999999999997 26.10861995898318 25.4747001814926
213.0 26.090535892315515 25.465303647972863
213.5 26.072602371473298 25.455964925163713
213.99999999999997 26.054822200203404 25.446631689872568
214.5 26.037240948861534 25.437359226324375
215.0 26.0198281744532 25.428131922343876
215.49999999999997 26.00257956795055 25.418912432266154
216.0 25.985469260964543 25.409742881849034
216.5 25.96852404095127 25.40061398942873
216.99999999999997 25.95171300353237 25.391529866857123
217.5 25.93507805642842 25.3824653450633
218.0 25.918659706009976 25.373446184002923
218.49999999999997 25.902334171884895 25.364475681934234
219.0 25.88614828196347 25.35555922768678
219.5 25.870134562022777 25.346638577440693
219.99999999999997 25.854254545729574 25.33778402782943
220.5 25.838544465286127 25.328963288767152
221.0 25.82294962671302 25.320152013789304
221.49999999999997 25.807513787089405 25.311441546437678
222.0 25.792167649613727 25.302743658005387
222.5 25.77699663564802 25.294049369423213
222.99999999999997 25.761991425079547 25.285422870577037
223.5 25.747072608619828 25.27685478805863
224.0 25.73231137033977 25.268307488717554
224.49999999999997 25.71766736418602 25.25978696407648
225.0 25.703130665838138 25.251311587680817
225.5 25.688746283111588 25.242869917960068
225.99999999999997 25.674493046152588 25.23448739643928
226.5 25.660363064984804 25.22613646085661
227.0 25.646328033389494 25.217825277541365
227.49999999999997 25.632430632723388 25.209530781349393
228.0 25.61865914334627 25.20131015933658
228.5 25.605006646029235 25.193110626518028
228.99999999999997 25.5914613460953 25.184952565550116
229.5 25.578019139523196 25.176804802426766
230.0 25.564708472695177 25.16871658529984
230.5 25.55150408893973 25.16070042089239
231.0 25.538421840531246 25.15269123736831
231.5 25.525421139195018 25.14469771040354
232.0 25.51256745219117 25.136769036170783
232.5 25.499825231344158 25.128892148569975
233.0 25.48714930100123 25.121025511891148
233.5 25.474575765117535 25.11322139499906
234.0 25.46214642446323 25.10544287182213
234.5 25.4497990070342 25.097718041596902
235.0 25.437518909140742 25.09000349778971
235.5 25.425381301354108 25.08233692040885
236.0 25.413313764192367 25.07469187848638
236.5 25.401363991679716 25.067136006065482
237.0 25.389528638692003 25.059586551147483
237.5 25.377746958447304 25.05205326800613
238.0 25.366057352243217 25.04456954498551
238.5 25.354418172600308 25.037105310340717
239.0 25.342843949226136 25.029665194903963
239.5 25.33137762224826 25.022205685347867
240.0 25.31996823425875 25.014820042762924
240.5 25.308612732703466 25.00744856120102
241.0 25.297348698977302 25.000111771583214
241.5 25.286120691855153 24.992774705371286
242.0 25.274975421264784 24.985481575581385
242.5 25.26390995687865 24.978190581376857
243.0 25.25288709663224 24.970978150606623
243.5 25.24195674609866 24.963734559860868
244.0 25.231076902680233 24.9565546856231
244.5 25.22026470467829 24.949377806385602
245.0 25.20953933411761 24.94222646076213
245.5 25.19882923902411 24.935122853755836
246.0 25.188217340791024 24.928050764465794
246.5 25.177656724949685 24.920980551045616
247.0 25.167170712376752 24.913918725320883
247.5 25.156741128453092 24.906910425264037
248.0 25.14636734117042 24.899936082459785
248.5 25.136023125739047 24.89295109534681
249.0 25.12578326939977 24.8860191723722
249.5 25.11556808149158 24.879108608040106
250.0 25.105458433562124 24.872209500931266
250.5 25.09539590388147 24.86537387750751
251.0 25.085367837496047 24.858554396025273
251.5 25.075403703243175 24.851740683514954
252.0 25.06548713374302 24.8449691827305
252.5 25.055639547433387 24.83820179322258
253.0 25.045873016083434 24.831488922270985
253.5 25.036120154567286 24.824774230151142
254.0 25.02643805255842 24.81810995410423
254.5 25.016829738909287 24.811450332179227
255.0 25.0072526533369 24.80483795145057
255.5 24.997725543876147 24.79823324540913
256.0 24.988264854553925 24.791683803434186
256.5 24.978863456018367 24.785113601848593
257.0 24.969511811756192 24.778610597810186
257.5 24.960217698800985 24.772113681491597
258.0 24.950953564618153 24.765657262032473
258.5 24.941769805841293 24.759210077159892
259.0 24.932600255056173 24.75280042568222
259.5 24.923504184586687 24.74640879033143
260.0 24.914453460490243 24.740059953152805
260.5 24.905450671618024 24.73372318938641
261.0 24.896488426061026 24.72742177019982
261.5 24.887606761221658 24.721133223015798
262.0 24.878771210135575 24.714879611943516
262.5 24.869947689020076 24.70864525515621
263.0 24.86118326706231 24.7024394222179
263.5 24.852480068276318 24.696272300309875
264.0 24.843806474096098 24.69013919630493
264.5 24.835218617443324 24.68397425321273
265.0 24.826634410638345 24.677888372675042
265.5 24.818099293934853 24.67179653589694
266.0 24.809642763841424 24.66576013333683
266.5 24.801209164754123 24.65976557586412
267.0 24.79284579763203 24.653747441571984
267.5 24.784474021122787 24.647751260464318
268.0 24.77617066113109 24.641820968693416
268.5 24.767929065282214 24.635893726682376
269.0 24.759722735699814 24.629998267946082
269.5 24.75157735404215 24.6241246541094
270.0 24.743446745319755 24.618292289304016
270.5 24.735353373136956 24.612468242642077
271.0 24.727315809855487 24.60664644331899
271.5 24.71931664443586 24.600853883097113
272.0 24.71132910880535 24.595074219759844
272.5 24.70337704117522 24.589311449700762
273.0 24.695501140632388 24.583599819714937
273.5 24.687604427248463 24.57786491501063
274.0 24.679781034866174 24.572159009633964
274.5 24.671984430827216 24.566489367623632
275.0 24.664233726747916 24.56081984575372
275.5 24.656491579612453 24.55517862918839
276.0 24.64880968370395 24.549545826550265
276.5 24.641143283762872 24.54393894739947
277.0 24.633509672181347 24.538347152508486
277.5 24.625936869520345 24.532774548766994
278.0 24.618367551085996 24.527223704186948
278.5 24.61082267528751 24.52169473939156
279.0 24.603348277956762 24.516171528986224
279.5 24.59587233672819 24.51068672507034
280.0 24.588441807385934 24.505213669405535
280.5 24.58103208743557 24.49971825648753
281.0 24.573658680276075 24.4942781210846
281.5 24.566326959361877 24.488838583183753
282.0 24.55904881786965 24.483447684977463
282.5 24.551741414190083 24.478044357051377
283.0 24.544514739745175 24.472688519218302
283.5 24.537289588861594 24.467328362165908
284.0 24.530093794775137 24.46199119849244
284.5 24.522945482555762 24.456666605468875
285.0 24.51580418502484 24.45136013426135
285.5 24.50872540036425 24.4460883649197
286.0 24.501654837292733 24.44082814038282
286.5 24.494613605622856 24.435560097546084
287.0 24.487593411716485 24.430339399108828
287.5 24.4806182814053 24.42513178414229
288.0 24.47366906673809 24.41993163726615
288.5 24.466744641605626 24.414740209100643
289.0 24.459847548923165 24.40959969763218
289.5 24.452966217030756 24.40444092759861
290.0 24.44611718415547 24.399320573476835
290.5 24.43930752153921 24.394228361141646
291.0 24.43250434512702 24.389154222196655
291.5 24.425747750084817 24.38407695301473
292.0 24.41900960058441 24.3790054644869
292.5 24.41228195694306 24.373972333649554
293.0 24.405587918287136 24.36895475933977
293.5 24.398936407174755 24.36395639431343
294.0 24.39230244771008 24.358978749948562
294.5 24.385690868613864 24.35399535784727
295.0 24.379110980245244 24.349042868787603
295.5 24.37255878741187 24.344115245444872
296.0 24.366028257390226 24.339200751634394
296.5 24.359515061320366 24.334318077077143
297.0 24.35301866734816 24.32942158256733
297.5 24.346575153289407 24.32455874121805
298.0 24.34011402554948 24.319710797915892
298.5 24.333725599500976 24.314893091476534
299.0 24.327340499127168 24.310073314584145
299.5 24.320973129820914 24.305274120146795
300.0 24.314611211522504 24.3004807527273
300.5 24.30831951886054 24.295732744254735
301.0 24.302020615103054 24.290983746418014
301.5 24.29575044105643 24.286254569078277
302.0 24.28950186542128 24.281546611178836
302.5 24.283275427640213 24.276844271230253
303.0 24.27707268494845 24.272160970627638
303.5 24.27089073702911 24.267504527270876
304.0 24.26473662086559 24.262844176335413
304.5 24.258587039981215 24.258207494579707
305.0 24.252484388423554 24.25361327820689
305.5 24.246396049570194 24.248985581979795
306.0 24.240322685690067 24.244418811523254
306.5 24.234278665922385 24.239820800752337
307.0 24.228234834568987 24.235264117219945
307.5 24.2222379761562 24.230722826281376
308.0 24.21624902862021 24.226189085595756
308.5 24.21028364247085 24.221679031329103
309.0 24.20435525480901 24.217171414497788
309.5 24.19841882530146 24.21266511389645
310.0 24.192487847327268 24.208205124323804
310.5 24.18663885392922 24.203739774944765
311.0 24.180771178881248 24.199301848328023
311.5 24.174901221859713 24.194855901761358
312.0 24.169096882903467 24.190419692929915
312.5 24.16327609347458 24.186009642241466
313.0 24.1574863696831 24.181615840415848
313.5 24.151710275989377 24.177218422172622
314.0 24.145953072415757 24.172851954475718
314.5 24.140216695974086 24.1684983761966
315.0 24.134511459076386 24.164155764143082
315.5 24.128811024163397 24.15980906331481
316.0 24.123138397095914 24.155486207504488
316.5 24.117474564024292 24.15116739175644
317.0 24.11184017206366 24.146876984915618
317.5 24.106208915774893 24.142566162221215
318.0 24.10057910318653 24.13829801827937
318.5 24.094999956889 24.134028820910686
319.0 24.08941333969491 24.129780796719626
319.5 24.083854268105668 24.12553192218196
320.0 24.078317300870165 24.12129821284854
320.5 24.072792137375668 24.117088990252643
321.0 24.067271130204496 24.11286677274741
321.5 24.061774542026342 24.108668426419328
322.0 24.05631346706916 24.1044759694434
322.5 24.05083134510825 24.100301871528984
323.0 24.045398523246032 24.096134659790863
323.5 24.039957488904072 24.091971778344924
324.0 24.034527787473063 24.087837163288363
324.5 24.029132875497794 24.08368792503129
325.0 24.023757726208558 24.079568031074633
325.5 24.01838189090517 24.075443688808505
326.0 24.0130329184284 24.07136056016811
326.5 24.007685320705875 24.067240659875175
327.0 24.00235742596356 24.06315924910843
327.5 23.997048296572203 24.059093530329612
328.0 23.991778742913827 24.055026162118423
328.5 23.986477769582564 24.050961716291273
329.0 23.981208676278523 24.04692239282337
329.5 23.975953257296766 24.042873095925884
330.0 23.970713916729732 24.038837022623945
330.5 23.965492681041212 24.034824816476863
331.0 23.960271553175353 24.030806704643567
331.5 23.955073798361354 24.02680919827997
332.0 23.94988481024344 24.02281388514233
332.5 23.944723454319117 24.018821116249903
333.0 23.939564472561088 24.014859299181236
333.5 23.934413708058948 24.010893102578265
334.0 23.92928755338342 24.006933344266447
334.5 23.924176835708582 24.00298197499298
335.0 23.9190630358978 23.999028296048536
335.5 23.91396954148949 23.995108289870842
336.0 23.908898079315172 23.991191206757307
336.5 23.903819232846253 23.98726906634872
337.0 23.89879513710263 23.983364385737964
337.5 23.893750482058355 23.9794823785843
338.0 23.888733449472788 23.9756037558241
338.5 23.883726322621648 23.971732461195167
339.0 23.87873676329984 23.9678492483131
339.5 23.873755575292293 23.964008385662137
340.0 23.868788765099453 23.96016520662371
340.5 23.863834338623278 23.956324496104667
341.0 23.858903829824243 23.952492712776884
341.5 23.85397924655218 23.948680628927473
342.0 23.849062473445013 23.944873457407443
342.5 23.844154520598934 23.94107434103326
343.0 23.839280754779143 23.937267148633104
343.5 23.83438591010468 23.93350701507429
344.0 23.82953954512206 23.929720480823438
344.5 23.82468689736672 23.925955190144073
345.0 23.819839455865978 23.922210409266576
345.5 23.8150153158011 23.918449560495198
346.0 23.81020976021587 23.914705523013513
346.5 23.80540665045393 23.910960598280834
347.0 23.800611127980314 23.907264401356393
347.5 23.7958354105934 23.903538177718033
348.0 23.79106521163322 23.899808875288166
348.5 23.78631420500923 23.896113806262797
349.0 23.781579136043966 23.892423154316052
349.5 23.776843655509996 23.88873252600377
350.0 23.772116912355862 23.885055079872167
350.5 23.767403424972457 23.88139200183351
351.0 23.762680843719327 23.877731306975228
351.5 23.758019114853795 23.87407678569003
352.0 23.753336745853517 23.870431969318922
352.5 23.748667633388063 23.866780530039474
353.0 23.744010650494687 23.863151462586522
353.5 23.73936708099056 23.85951836264819
354.0 23.734712887544696 23.855911635518172
354.5 23.730090479984494 23.852288985570024
355.0 23.72548435567944 23.84867698189464
355.5 23.720864336054696 23.845092947063286
356.0 23.716284483806437 23.841474343522396
356.5 23.711686043423366 23.837905122957487
357.0 23.70710788854749 23.83432182388789
357.5 23.702556964514727 23.830753828597896
358.0 23.697985299828904 23.827177189442704
358.49999999999994 23.693442561265307 23.823619560351467
359.0 23.688897233039636 23.820078027528503
359.5 23.684358352352316 23.816521198688836
359.99999999999994 23.679853635638388 23.812984816680263
360.5 23.675335729393694 23.809458232383985
361.0 23.67083732812524 23.805915072144032
361.49999999999994 23.66634244136676 23.802392133309226
362.0 23.66186893910055 23.79888202863053
362.5 23.657375765316214 23.795362036771245
362.99999999999994 23.652919258170158 23.79185777998856
363.5 23.648456121405843 23.788346009119593
364.0 23.64401254383567 23.78486973871702
364.49999999999994 23.639561115467767 23.78137452318045
365.0 23.635136351683666 23.77790008266747
365.5 23.6307171202615 23.774409845235297
365.99999999999994 23.626308605382718 23.77096125192378
366.5 23.62189253740638 23.76748178159257
367.0 23.617495418584685 23.764028234965195
367.49999999999994 23.61309932236989 23.7605716701378
368.0 23.608727256384224 23.757120246828624
368.5 23.60434516649761 23.75367169789401
368.99999999999994 23.59998560307449 23.750238185182205
369.5 23.595637302606058 23.746812116701463
370.0 23.591295974135534 23.74339692725261
370.49999999999994 23.58695915286681 23.739970444452023
371.0 23.582629042520278 23.73657056529025
371.5 23.578314314193275 23.733156796884906
371.99999999999994 23.574002342038035 23.72975919882835
372.5 23.569707068049333 23.726362551849697
373.0 23.56542012811401 23.7229876352931
