FastTrWP/PhaseSpace/IAs/snIa_0.37_30.00_-0.40_0.01.csv
# %ECSV 0.9
# ---
# datatype:
# - {name: time-rel, datatype: float64}
# - {name: g, datatype: float64}
# - {name: i, datatype: float64}
# schema: astropy-2.0
time-rel g i
[from data line 1733]
1070.1041666666667 24.130015794841334 22.885408590403152
1070.6041666666667 24.13206002002066 22.886301916733366
1071.1041666666667 24.134107467498293 22.887188833770583
1071.6041666666667 24.136151593532386 22.88808040878039
1072.1041666666667 24.138185209567247 22.888970889004533
1072.6041666666667 24.140253264580885 22.889861735596714
1073.1041666666667 24.142305016451672 22.890748806804716
1073.6041666666667 24.14437188446804 22.891644291236737
1074.1041666666667 24.146424281658238 22.892525520889997
1074.6041666666667 24.148478073201357 22.893416955129027
1075.1041666666667 24.15052573129293 22.89430239851418
1075.6041666666667 24.15262898257864 22.895188209054346
1076.1041666666667 24.15468412935853 22.896084817328102
1076.6041666666667 24.156760140477548 22.896967262900407
1077.1041666666667 24.15882633071032 22.897852983331425
1077.6041666666667 24.160907959888828 22.898749984279178
1078.1041666666667 24.162970058071163 22.899637399139525
1078.6041666666667 24.165063404076463 22.900519805017822
1079.1041666666667 24.16715914070417 22.901415174935757
1079.6041666666667 24.169244628073404 22.902292391114685
1080.1041666666667 24.17132439287624 22.903186761063523
1080.6041666666667 24.17342803233676 22.904074991670814
1081.1041666666667 24.17551298922968 22.90496241859615
1081.6041666666667 24.177616238953988 22.90585816986848
1082.1041666666667 24.179712853465126 22.90674502750218
1082.6041666666667 24.181817565534477 22.9076335105916
1083.1041666666667 24.183919283830143 22.908519075706625
1083.6041666666667 24.186031720012263 22.90941173649511
1084.1041666666667 24.18815109116276 22.910296004812253
1084.6041666666667 24.19025091181494 22.911175603754405
1085.1041666666667 24.192373667676407 22.91207086046386
1085.6041666666667 24.1944775596022 22.912954547853985
1086.1041666666667 24.196608407701184 22.913845448634618
1086.6041666666667 24.198727888763084 22.91472692459655
1087.1041666666667 24.200859606673397 22.9156181691423
1087.6041666666667 24.202998426394032 22.916507881462415
1088.1041666666667 24.205131953877647 22.917397095859467
1088.6041666666667 24.20726252590663 22.918279815388132
1089.1041666666667 24.209417906454554 22.919165178223558
1089.6041666666667 24.211569389857228 22.920059745915147
1090.1041666666667 24.2137247390054 22.920941897390797
1090.6041666666667 24.215873127911426 22.921842170867247
1091.1041666666667 24.218041161431778 22.922718539254095
1091.6041666666667 24.22019240802884 22.923613060560307
1092.1041666666667 24.222367287753393 22.924501523587963
1092.6041666666667 24.2245543278068 22.925395560790903
1093.1041666666667 24.226723633296746 22.926276573206582
1093.6041666666667 24.228896353842103 22.927166481566317
1094.1041666666667 24.231085249761826 22.928055710466925
1094.6041666666667 24.233270716165052 22.92894722652492
1095.1041666666667 24.235469957667725 22.929829219352
1095.6041666666667 24.237662458501816 22.930728818257542
1096.1041666666667 24.239853380814477 22.931604957161426
1096.6041666666667 24.242043885807124 22.93250477118277
1097.1041666666667 24.244249163573276 22.933390472164383
1097.6041666666667 24.246461685584904 22.934282562620922
1098.1041666666667 24.248677702204326 22.935171914997035
1098.6041666666667 24.250875298681596 22.936059687717755
1099.1041666666667 24.25310750024468 22.93694105991788
1099.6041666666667 24.255318218847613 22.93782953203406
1100.1041666666667 24.257538117465852 22.93871692278847
1100.6041666666667 24.2597540725929 22.93961281395958
1101.1041666666667 24.261984907321455 22.940501921730842
1101.6041666666667 24.264216378049227 22.941386900367526
1102.1041666666667 24.26644312526335 22.942276394952067
1102.6041666666667 24.268677155264875 22.943158872441
1103.1041666666667 24.270917382338297 22.94404355975633
1103.6041666666667 24.273146200989395 22.9449422495667
1104.1041666666667 24.2753840009849 22.945827067620893
1104.6041666666667 24.27761353733802 22.946705628537885
1105.1041666666667 24.27985568594327 22.94759075023476
1105.6041666666667 24.282109426812365 22.94847908826739
1106.1041666666667 24.284357065385947 22.949362018733765
1106.6041666666667 24.286612380175903 22.950241759960683
1107.1041666666667 24.28884072434886 22.95113164804041
1107.6041666666667 24.29111267330333 22.95200288701396
1108.1041666666667 24.293342528615543 22.95289743360946
1108.6041666666667 24.295599688095628 22.95377142202119
1109.1041666666667 24.297858072311726 22.954654432308885
1109.6041666666667 24.30011087734213 22.955546443395228
1110.1041666666667 24.30236048778401 22.956418746285976
1110.6041666666667 24.30461642798889 22.957298526939947
1111.1041666666667 24.306875289455547 22.958178956169046
1111.6041666666667 24.309134517107395 22.959057335257718
1112.1041666666667 24.311386197347243 22.959938937184333
1112.6041666666667 24.313661228018514 22.960798709582395
1113.1041666666667 24.3158954533647 22.96169013253803
1113.6041666666667 24.318166423396903 22.962565060132807
1114.1041666666667 24.320420664530417 22.963441253231295
1114.6041666666667 24.322681576661147 22.964315469819674
1115.1041666666667 24.324943549222475 22.965186395876387
1115.6041666666667 24.327185115984552 22.966070984760325
1116.1041666666667 24.32944529715556 22.9669448713978
1116.6041666666667 24.33169279247133 22.967813175464823
1117.1041666666667 24.33395567866418 22.968681009769696
1117.6041666666667 24.33620557888817 22.969551221561982
1118.1041666666667 24.33846072999769 22.970420721888118
1118.6041666666667 24.34072837784896 22.971289131505415
1119.1041666666667 24.34297561460702 22.972159480809097
1119.6041666666667 24.345212116259496 22.973025622509414
1120.1041666666667 24.347480421341622 22.973889828793816
1120.6041666666667 24.349740059983844 22.97476272086068
1121.1041666666667 24.35197480492134 22.975628373540466
1121.6041666666667 24.354252905838845 22.976492669438407
1122.1041666666667 24.356484067983786 22.977355926980817
1122.6041666666667 24.35874409088017 22.97821193499643
1123.1041666666667 24.36099193796748 22.979086219031856
1123.6041666666667 24.363273658623473 22.979947120647687
1124.1041666666667 24.365536100847223 22.980812200597907
1124.6041666666667 24.367802317914315 22.981672179772573
1125.1041666666667 24.37007529792812 22.98252759024216
1125.6041666666667 24.372325707314204 22.98339502592562
1126.1041666666667 24.37457876374621 22.98424947075441
1126.6041666666667 24.376857264008386 22.98511443333791
1127.1041666666667 24.379112265878323 22.985976880817685
1127.6041666666667 24.381388943975626 22.98682882201437
1128.1041666666667 24.383663194378396 22.98768947433841
1128.6041666666667 24.385934268685062 22.98855171929262
1129.1041666666667 24.388192849499628 22.989409012146
1129.6041666666667 24.390469112859684 22.990257393294044
1130.1041666666667 24.39274414559982 22.991117143512767
1130.6041666666667 24.39501142030547 22.991966959506883
1131.1041666666667 24.39729581819959 22.992834730385713
1131.6041666666667 24.399564041694312 22.993687442732668
1132.1041666666667 24.401851927404408 22.99454226339194
1132.6041666666667 24.404118270011065 22.995392049366213
1133.1041666666667 24.406394293829543 22.996243276731278
1133.6041666666667 24.40868038976771 22.997093275171178
1134.1041666666667 24.41096014525307 22.997938113836046
1134.6041666666667 24.413236053272026 22.998795436736646
1135.1041666666667 24.41552530260263 22.999648201477726
1135.6041666666667 24.417806154257317 23.00049656403246
1136.1041666666667 24.42008381992018 23.001341444802573
1136.6041666666667 24.42234313567048 23.002188238493197
1137.1041666666667 24.424659544387627 23.003039099097883
1137.6041666666667 24.426918046811785 23.00387738624292
1138.1041666666667 24.429201370242858 23.004736546894705
1138.6041666666667 24.431469629913764 23.00558152486531
1139.1041666666667 24.43376781813674 23.00642662813591
1139.6041666666667 24.436047350513796 23.00726911203032
1140.1041666666667 24.438329852471497 23.008107247235408
1140.6041666666667 24.440624343891738 23.008947711578802
1141.1041666666667 24.442900224788026 23.00979769326426
1141.6041666666667 24.445174237532168 23.010636365520007
1142.1041666666667 24.447462606197856 23.01147911988845
1142.6041666666667 24.44973592295449 23.012316889630114
1143.1041666666667 24.45202154477892 23.013145648760045
1143.6041666666667 24.454310332525285 23.01398833473342
1144.1041666666667 24.45660503967348 23.01483633776965
1144.6041666666667 24.45887693441251 23.01566140688413
1145.1041666666667 24.461139286771974 23.016511060365012
1145.6041666666667 24.463439008633628 23.017336414957263
1146.1041666666667 24.465716853072447 23.01816645959299
1146.6041666666667 24.4679920921126 23.018999266145364
1147.1041666666667 24.470277079771286 23.01984361652994
1147.6041666666667 24.47257047983936 23.020663309101263
1148.1041666666667 24.47483896542139 23.02150093827369
1148.6041666666667 24.477136233761932 23.022320908173242
1149.1041666666667 24.479409540836905 23.02315312891872
1149.6041666666667 24.481685246749937 23.023980808037923
1150.1041666666667 24.48395512966185 23.02481310096724
1150.6041666666667 24.486234541992616 23.02563338214974
1151.1041666666667 24.4885053668011 23.026463824381075
1151.6041666666667 24.490766264357973 23.02728782751307
1152.1041666666667 24.493047935639872 23.028108912549996
1152.6041666666667 24.495328954982366 23.028942657746075
1153.1041666666667 24.4975991430167 23.02976319746394
1153.6041666666667 24.49988235227025 23.030585580554863
1154.1041666666667 24.502137796750084 23.031399643781413
1154.6041666666667 24.504421922423035 23.032227819462733
1155.1041666666667 24.506690041524873 23.03303845390806
1155.6041666666667 24.508975490296315 23.033857449520923
1156.1041666666667 24.51123484423078 23.034679875989333
1156.6041666666667 24.513500084168758 23.035497261356053
1157.1041666666667 24.515801010531433 23.036320581472566
1157.6041666666667 24.518055868982085 23.037139391131735
1158.1041666666667 24.520333545754948 23.0379434915815
1158.6041666666667 24.52261748698193 23.038760803619475
1159.1041666666667 24.524895540086035 23.039565862666294
1159.6041666666667 24.527146930288914 23.040376737885136
1160.1041666666667 24.52943411190031 23.041192069505676
1160.6041666666667 24.531713979877058 23.042007975352842
1161.1041666666667 24.53397359139174 23.042818010077838
1161.6041666666667 24.53624846857306 23.043618085714538
1162.1041666666667 24.538524360628987 23.044434615877456
1162.6041666666667 24.540788515260928 23.0452512816466
1163.1041666666667 24.543047318242817 23.046050239810224
1163.6041666666667 24.545335250087913 23.046856719291057
1164.1041666666667 24.547600244766596 23.04766659912435
1164.6041666666667 24.549863674931075 23.0484680790563
1165.1041666666667 24.55212982401449 23.049279023169934
1165.6041666666667 24.5543946470724 23.050072794936227
1166.1041666666667 24.556666270960644 23.050883179296186
1166.6041666666667 24.558941292377327 23.051676647268508
1167.1041666666667 24.561178266339503 23.05248020315735
1167.6041666666667 24.563458965294185 23.05326985371358
1168.1041666666667 24.56571633492084 23.054069750101192
1168.6041666666667 24.568005423716272 23.054867491953352
1169.1041666666667 24.570253609628235 23.05566423558222
1169.6041666666667 24.572511770491325 23.05646687036876
1170.1041666666667 24.574774685384654 23.057258781636477
1170.6041666666667 24.577033219227467 23.05805858812026
1171.1041666666667 24.579316520398514 23.058839013473147
1171.6041666666667 24.581552625380873 23.059644598965896
1172.1041666666667 24.583796114974156 23.060434451324866
1172.6041666666667 24.586044763583192 23.061215833755963
1173.1041666666667 24.58831594476649 23.061998161745613
1173.6041666666667 24.590561639267165 23.06279396862365
1174.1041666666667 24.592812600470403 23.063587183297862
1174.6041666666667 24.595068023058225 23.064370965142654
1175.1041666666667 24.597332146399214 23.06515315044168
1175.6041666666667 24.599553822093192 23.065951921012946
1176.1041666666667 24.60180474217197 23.06672205182903
1176.6041666666667 24.60405211697094 23.067511579329572
1177.1041666666667 24.60631057559069 23.068282546551938
1177.6041666666667 24.608539566719855 23.069062343863695
1178.1041666666667 24.61077335798576 23.069843047922042
1178.6041666666667 24.613034374512704 23.070625061872335
1179.1041666666667 24.615258149051403 23.071403066881373
1179.6041666666667 24.61749266951639 23.072177630054796
1180.1041666666667 24.619728922443453 23.072952158205414
1180.6041666666667 24.621963345667584 23.073724889762126
1181.1041666666667 24.624178357255033 23.074488993144996
1181.6041666666667 24.626416661126523 23.07526405348737
1182.1041666666667 24.62865053069155 23.07604614462288
1182.6041666666667 24.63086125359185 23.07680491856743
1183.1041666666667 24.633102909553507 23.07756680102779
1183.6041666666667 24.63532536474224 23.078336518181967
1184.1041666666667 24.637550792430982 23.07911366512434
1184.6041666666667 24.639761986600952 23.079875751720603
1185.1041666666667 24.641961329455487 23.080642600991133
1185.6041666666667 24.64418950813109 23.081399311626512
1186.1041666666667 24.646391236161648 23.08216094045962
1186.6041666666667 24.64861151631171 23.082924808297868
1187.1041666666667 24.65080805341948 23.083680628188176
1187.6041666666667 24.65301816839757 23.084438751106976
1188.1041666666667 24.6552387037061 23.085185601430958
1188.6041666666667 24.6574475805391 23.085958966317854
1189.1041666666667 24.659632106620457 23.086702620850957
1189.6041666666667 24.661847971913215 23.087469564871704
1190.1041666666667 24.66404092701062 23.08822436167873
1190.6041666666667 24.666261423165885 23.088979177538587
1191.1041666666667 24.668458346674143 23.08972114892797
1191.6041666666667 24.67066756565723 23.090467954467314
1192.1041666666667 24.672822176707 23.091234499992733
1192.6041666666667 24.675046564060928 23.091977502211265
1193.1041666666667 24.67723386489872 23.092718028435723
1193.6041666666667 24.679441662274005 23.093466511173823
1194.1041666666667 24.681602502624436 23.09421057292412
1194.6041666666667 24.683798150359316 23.094956489144607
1195.1041666666667 24.685971262894036 23.095706965734173
1195.6041666666667 24.688151940348252 23.09644168869042
1196.1041666666667 24.690339179781738 23.097185140036657
1196.6041666666667 24.692527482350748 23.097930695124372
1197.1041666666667 24.694711674788394 23.098662661020747
1197.6041666666667 24.696875750289493 23.099409582840572
1198.1041666666667 24.699067989723726 23.10013751985951
1198.6041666666667 24.70123035328654 23.10087589493444
1199.1041666666667 24.703386230599193 23.10161069766214
1199.6041666666667 24.7055724751184 23.102339625212636
1200.1041666666667 24.70771357539382 23.103075022109802
1200.6041666666667 24.70987371022411 23.103809790258683
1201.1041666666667 24.71203533963399 23.104537517064415
1201.6041666666667 24.714200273407588 23.10526286380885
1202.1041666666667 24.716345455648977 23.105992693017576
1202.6041666666667 24.71848900070805 23.106717215384514
1203.1041666666667 24.72066479541093 23.107443913449952
1203.6041666666667 24.722788867553945 23.10816823025782
1204.1041666666667 24.72493378234278 23.10889865339558
1204.6041666666667 24.72705701324388 23.10960838944519
1205.1041666666667 24.729206449465533 23.110340815181676
1205.6041666666667 24.731335915469664 23.111055612548537
1206.1041666666667 24.733477873443807 23.11177056770173
1206.6041666666667 24.735593455952475 23.112479532617233
1207.1041666666667 24.73771158743018 23.11319559924639
1207.6041666666667 24.739827021151072 23.113920695980994
1208.1041666666667 24.741958625762642 23.114628303024425
1208.6041666666667 24.744066689736314 23.115340379139756
1209.1041666666667 24.746182428174862 23.116049157558663
1209.6041666666667 24.748282104061616 23.116750603862222
1210.1041666666667 24.750394619173427 23.11746315800642
1210.6041666666667 24.752498076846983 23.118170910641695
1211.1041666666667 24.754570608828146 23.118871840593652
1211.6041666666667 24.756676447843805 23.119582607770294
