FastTrWP/PhaseSpace/IAs/snIa_0.50_30.00_-2.54_0.01.csv
# %ECSV 0.9
# ---
# datatype:
# - {name: time-rel, datatype: float64}
# - {name: g, datatype: float64}
# - {name: i, datatype: float64}
# schema: astropy-2.0
time-rel g i
[from data line 338]
-115.0 23.660065255619266 22.82457692600053
-114.5 23.65781374388026 22.82241930084098
-114.0 23.655550500707978 22.8202739221148
-113.5 23.65331760271562 22.81812219952734
-113.0 23.651082522775138 22.815997590693442
-112.5 23.648868250557136 22.81386427284133
-112.0 23.64666950663638 22.811749719945375
-111.5 23.644485875645387 22.809634489891117
-111.0 23.6423146078733 22.80753258955842
-110.5 23.640158236596683 22.80543528003932
-110.0 23.638012800833252 22.803346740505738
-109.5 23.635894667617418 22.80126296483656
-109.0 23.633787766002555 22.799199806822713
-108.5 23.63168461701011 22.797124304375064
-108.0 23.629593977599196 22.79506678651191
-107.5 23.627521212005327 22.793018726199946
-107.0 23.625477920410955 22.790973579044206
-106.5 23.623427708826227 22.788936501076968
-106.0 23.621397849361845 22.786909462267865
-105.5 23.61939475605526 22.784889939342623
-105.0 23.617397898702674 22.782881633997953
-104.5 23.615395284682158 22.780870043022404
-104.0 23.613442831192867 22.77886487932453
-103.5 23.611469521733362 22.776871299378403
-103.0 23.60953329762054 22.774890892850863
-102.5 23.60759188915821 22.772914802875412
-102.0 23.60569169398065 22.77094068432615
-101.5 23.603783729789143 22.768974443662188
-101.0 23.601897136978987 22.767023159147215
-100.5 23.600021064968985 22.765073257620397
-100.0 23.598162336487345 22.763132017502407
-99.5 23.59631879694448 22.7611964512916
-99.0 23.594485617319517 22.759267579482856
-98.5 23.59267003378006 22.757353487385302
-98.0 23.590864979738406 22.755433595500353
-97.5 23.589067740402832 22.753527117962253
-97.0 23.587290073205352 22.75162695597155
-96.5 23.585532313205366 22.74973968683575
-96.0 23.583786162294086 22.747851571124123
-95.5 23.58204975434945 22.745967463936672
-95.0 23.580330970711643 22.744104937039182
-94.5 23.578610189784193 22.74224540180839
-94.0 23.576924616228666 22.740378726740403
-93.5 23.57523692075613 22.73854112417871
-93.0 23.573588540287126 22.736693658817913
-92.5 23.57194018063464 22.734857263175595
-92.0 23.57029188175495 22.733029171471877
-91.5 23.568669929004912 22.731209670127818
-91.0 23.567056440094007 22.72939279281509
-90.5 23.565455086540325 22.727584588684373
-90.0 23.563875813812004 22.725783492910026
-89.5 23.562291593243803 22.723982380215034
-89.0 23.560726408767295 22.72219435897171
-88.5 23.559189646123055 22.72040122509636
-88.0 23.557654365553994 22.718621581576244
-87.5 23.55612561469275 22.716856061564915
-87.0 23.554621324614224 22.715090647577128
-86.5 23.553121958026956 22.71332810290755
-86.0 23.551634750085626 22.711578959246495
-85.5 23.55015827628219 22.70983525479068
-85.0 23.548699310117133 22.708089079799446
-84.5 23.547248943527297 22.706344962248256
-84.0 23.54580413121206 22.704626194331986
-83.5 23.544375142671647 22.70290235706848
-83.0 23.542973459870137 22.701177989973125
-82.5 23.541579048022005 22.69946286795307
-82.0 23.540188704255964 22.697752678292424
-81.5 23.53881485238996 22.696059467198747
-81.0 23.53745094876075 22.694367953336165
-80.5 23.536085283419975 22.692680044185728
-80.0 23.534744579448944 22.690991280592176
-79.5 23.533409290872427 22.689320768914854
-79.0 23.532093178764512 22.687649193906342
-78.5 23.530783689936655 22.685985747068006
-78.0 23.529495575776906 22.684326201589688
-77.5 23.52820356028154 22.682677439641115
-77.0 23.52692059591901 22.681019250840645
-76.5 23.525669757409965 22.679387046732383
-76.0 23.524408726845287 22.67774703326755
-75.5 23.52316541864603 22.67612187436683
-75.0 23.521933427037695 22.674502374331674
-74.5 23.520720463458172 22.67288135261241
-74.0 23.51951208106042 22.671277594257315
-73.5 23.518300947230397 22.669674012049565
-73.0 23.517126098601715 22.668069794987126
-72.5 23.51593744921808 22.666470867883813
-72.0 23.514777108285912 22.66488271266855
-71.5 23.513626501523387 22.663303942262193
-71.0 23.512468120651505 22.661724015528183
-70.5 23.51134007982631 22.660157971084097
-70.0 23.510206274623787 22.658590691214897
-69.5 23.509096322769377 22.65703661953788
-69.0 23.507980498080727 22.655484491924135
-68.5 23.506908136735195 22.65393660184056
-68.0 23.50580883982987 22.652398725123454
-67.5 23.504741498198772 22.650857235689816
-67.0 23.503677257123027 22.649326643258142
-66.5 23.502628892464685 22.647799455169775
-66.0 23.50158021860146 22.646281670539278
-65.5 23.500551580559367 22.644768610852854
-65.0 23.499524637685553 22.643261510508097
-64.5 23.498511300050254 22.641763609714175
-64.0 23.497510080559884 22.640266531746043
-63.5 23.496504727036704 22.638782819694086
-63.0 23.49552585886277 22.637292960473534
-62.5 23.494549680797935 22.635813873304052
-62.0 23.493573158066088 22.634343925170562
-61.5 23.492624397402217 22.63287117681321
-61.0 23.491678881665297 22.631407823901554
-60.5 23.490741585736636 22.6299546069643
-60.0 23.48980234908254 22.628510402405084
-59.5 23.488893671060232 22.627061872260185
-59.0 23.487990301975728 22.625627809795862
-58.5 23.48708302732911 22.624194239632494
-58.0 23.4861937404578 22.622761181552118
-57.5 23.48531536912114 22.621340162719584
-57.0 23.48442876279854 22.61992885557919
-56.5 23.48357059796306 22.618521094677963
-56.0 23.48272300741921 22.617109773348822
-55.5 23.48187062809934 22.615707598678682
-55.0 23.48104700330588 22.61431718933325
-54.5 23.4802125084204 22.61293221622763
-54.0 23.479397272798966 22.611538923908828
-53.5 23.47859905710898 22.610166211782253
-53.0 23.477807943928934 22.60879153745688
-52.5 23.477028093264558 22.60742908652988
-52.0 23.476260832633315 22.606061839291236
-51.5 23.475502572237183 22.60470992628802
-51.0 23.474764850474237 22.603349988474587
-50.5 23.474012550959806 22.602001091305084
-50.0 23.473299311300696 22.600657738151007
-49.5 23.472568292975843 22.59931824979752
-49.0 23.47185681070406 22.597992471258046
-48.5 23.471175646956056 22.596654288125965
-48.0 23.470481200060664 22.59532559353232
-47.5 23.469803344707355 22.594008198803422
-47.0 23.469133238240765 22.592697840683083
-46.5 23.468487884844592 22.59138853745627
-46.0 23.46783534387881 22.590086496458476
-45.5 23.467199078762533 22.588775063387313
-45.0 23.46656721754612 22.587493282972538
-44.5 23.465938060419486 22.586202548138875
-44.0 23.465332043108404 22.58491313012573
-43.5 23.46472882601249 22.583635862242602
-43.0 23.464142905200124 22.58235444283339
-42.5 23.463570101984644 22.5810898322853
-42.0 23.46298401085351 22.57982001668077
-41.5 23.46242374122276 22.57856045470096
-41.0 23.461861707810332 22.57730656835689
-40.5 23.46131488335821 22.576052562246446
-40.0 23.460778482879014 22.574811497968852
-39.5 23.460242495147284 22.573570309500152
-39.0 23.459713650142916 22.572325796137275
-38.5 23.459205446858483 22.57109291034672
-38.0 23.458693777945907 22.569869811325777
-37.5 23.45819892997806 22.568652719869696
-37.0 23.457703587312313 22.567433886219476
-36.5 23.457219142997427 22.56622443097961
-36.0 23.456742479842116 22.56501696504458
-35.5 23.45626781072398 22.56381827340158
-35.0 23.455813915940546 22.562622775839838
-34.5 23.45536149289224 22.561418234368475
-34.0 23.454917511431272 22.560240949170073
-33.5 23.454481497126668 22.559050503740146
-33.0 23.454052759227373 22.557874367264844
-32.5 23.453630035608 22.556702653389202
-32.0 23.45320672975903 22.555536866037578
-31.5 23.452792850520158 22.5543794957522
-31.0 23.452383402552872 22.55321864820349
-30.5 23.451994337484866 22.552058232074224
-30.0 23.451610674549734 22.550916403264342
-29.5 23.45122532920952 22.54976577458903
-29.0 23.45084188574925 22.548623525510834
-28.5 23.450465321286277 22.547493168721754
-28.0 23.450102951709386 22.54636121732632
-27.5 23.449756155192038 22.54523631367398
-27.0 23.449411064823774 22.54411950562115
-26.5 23.449045953792723 22.542995960210227
-26.0 23.44870872193519 22.541892721070916
-25.5 23.448379304276372 22.5407864513085
-25.0 23.44805968225657 22.539679191511176
-24.5 23.447735019308684 22.538590714145418
-24.0 23.447411569988983 22.537500159295362
-23.5 23.447101752959462 22.536416726179574
-23.0 23.44680126640249 22.535331928262533
-22.5 23.44650510646261 22.534252931230085
-22.0 23.446205611719243 22.533176174777132
-21.5 23.445918882005632 22.532112478850046
-21.0 23.445621916128715 22.53105150572216
-20.5 23.445353527291882 22.529991820310386
-20.0 23.445077651580917 22.528944999665196
-19.5 23.444819953897852 22.52789331112593
-19.0 23.444547377373425 22.526852473330486
-18.5 23.444297626750593 22.525818174337168
-18.0 23.444041380644517 22.52477420333125
-17.5 23.44378529066123 22.52374006590598
-17.0 23.44356710131982 22.522712580468202
-16.5 23.443327064313735 22.521693226843272
-16.0 23.44310121958003 22.520673113971807
-15.5 23.4428860897733 22.519659879319466
-15.0 23.442669534893568 22.518644224749153
-14.5 23.442466229558182 22.517640434270184
-14.0 23.44225745231848 22.516633736362873
-13.5 23.442063475655182 22.515639282930803
-13.0 23.44187256989233 22.51464032255487
-12.5 23.44170264638271 22.513650696256917
-12.0 23.441527261278665 22.51266486270911
-11.5 23.441356911358252 22.51168433915346
-11.0 23.441183138126547 22.510701104022978
-10.5 23.441047488615446 22.50973303877676
-10.0 23.440877596675612 22.508765602554163
-9.5 23.440758427940473 22.507794705313913
-9.0 23.44060215265188 22.50683334773996
-8.5 23.440476848368185 22.50587998103064
-8.0 23.440352944917944 22.504927965225285
-7.5 23.440228465094744 22.503982802293248
-7.0 23.440132355780612 22.503036432829113
-6.5 23.440024754689112 22.502090538943726
-6.0 23.439931752255603 22.501155203759286
-5.5 23.439838375822948 22.500228210958273
-5.0 23.439755688133737 22.499309406000577
-4.5 23.43968381284046 22.49837842344369
-4.0 23.43961458852142 22.49745490602853
-3.5 23.43954442846728 22.49654882606511
-3.0 23.439501314141754 22.495641238458447
-2.5 23.43943941017578 22.494731723178173
-2.0 23.43940513894163 22.493828485777957
-1.5 23.43937173733829 22.492935238174393
-1.0 23.439341744894246 22.492037430044427
-0.5 23.439327772208497 22.491151053049705
0.0 23.439299419535043 22.490266878020808
0.5 23.439309827586385 22.489387295658446
1.0 23.43930582758577 22.488511374309404
1.5 23.43931682404881 22.48764357859462
2.0 23.439319507800636 22.486778314793302
2.5 23.43933359703851 22.485915061664166
3.0 23.43937544871708 22.485059057422628
3.5 23.439420666070696 22.48420697516126
4.0 23.439451663104222 22.483354897894493
4.5 23.439507712809554 22.482517519142277
5.0 23.43956462950409 22.481667762590266
5.5 23.439624588928858 22.480840510727145
6.0 23.439705345955353 22.480009128595423
6.5 23.439774719455876 22.479187136913872
7.0 23.43986194121807 22.47836387145309
7.5 23.43995748617725 22.47754142549146
8.0 23.4400561906439 22.476737522365212
8.5 23.440165988428056 22.475927894658984
9.0 23.440285697994334 22.475119806225866
9.5 23.440396144256702 22.474322651470327
10.0 23.44053763137705 22.473525936355113
10.5 23.44067898793324 22.47273809830689
11.0 23.44082521523054 22.47195662572966
11.5 23.440972320380894 22.4711766686943
12.0 23.44113734399819 22.470397980273937
12.5 23.44130730813427 22.46962951188462
13.0 23.44149085602387 22.468856167794605
13.5 23.441669966905636 22.468094860111698
14.0 23.441861476084846 22.467337794607598
14.5 23.44206324375498 22.46658569768915
15.0 23.44226205081975 22.46583086884875
15.5 23.442488875644155 22.465086958696723
16.0 23.442720187590158 22.46434673674908
16.5 23.442938464301207 22.463618087009543
17.0 23.443183463073257 22.462888419778796
17.5 23.443430381343738 22.462164804015508
18.0 23.443677274478723 22.461442349104956
18.5 23.443934111402726 22.460726893419142
19.0 23.444197683508648 22.46001544618037
19.5 23.444470975220703 22.45929856112241
20.0 23.444760727917725 22.45858523688273
20.5 23.445039713711758 22.45788860325542
21.0 23.44533988036543 22.457195157115933
21.5 23.4456476036527 22.45648857606359
22.0 23.44595462204969 22.455802707257313
22.5 23.446277689092025 22.455117761332488
23.0 23.44659008392461 22.454433315678454
23.5 23.44692492091848 22.45375110557738
24.0 23.44726732390304 22.453083917596693
24.5 23.447604970020365 22.452413985585903
25.0 23.44795298766336 22.451741655733027
25.5 23.448317431181678 22.45107969995675
26.0 23.448691170058005 22.450424698113522
26.5 23.44905986838978 22.44977202844727
27.0 23.449440246169804 22.449121460620802
27.5 23.449844685844536 22.4484725018714
28.0 23.450234241856368 22.447827094857512
28.5 23.45064794218104 22.447199864516932
29.0 23.451053161240033 22.446555875414372
29.5 23.45146926965645 22.445920925608775
30.0 23.451889406460012 22.445301583364888
30.5 23.45233427997844 22.444680637611913
31.0 23.4527773685966 22.44405905691934
31.5 23.4532251968845 22.44345056932827
32.0 23.453671490396154 22.442838295373782
32.5 23.45414045368516 22.442228581862214
33.0 23.45460835867018 22.441630845998915
33.5 23.455092130105616 22.44102747905734
34.0 23.455576351156413 22.44043475184121
34.5 23.456080060147073 22.439844537040155
35.0 23.456581194179954 22.439266222737253
35.5 23.457085697478156 22.43868923371446
36.0 23.45761675974146 22.438102021019905
36.5 23.458140115677452 22.437535465862496
37.0 23.45867459931053 22.436956989087786
37.5 23.45921601695476 22.436398828200677
38.0 23.45977788466336 22.435839646182902
38.5 23.460330717036765 22.435275492932426
39.0 23.46089257872689 22.434733756183466
39.5 23.461466197203652 22.434187613951057
40.0 23.46204741868043 22.43364069568529
40.5 23.4626384238203 22.433101282275224
41.0 23.4632444029076 22.432563357440586
41.5 23.463833327503366 22.432033719917346
42.0 23.464455239944378 22.431512628646356
42.5 23.46507949349658 22.43098637639938
43.0 23.465709975383653 22.43046646882343
43.5 23.46634540390258 22.42995634612226
44.0 23.466990954821355 22.429444555693316
44.5 23.467657017053078 22.42893976641868
45.0 23.468316008329474 22.42843775321413
45.5 23.468986043875873 22.42794901463479
46.0 23.469670482078484 22.427455948032264
46.5 23.470350881996616 22.426967987456237
47.0 23.471044742076273 22.426484838764313
47.5 23.47177153354306 22.426005442365764
48.0 23.472477630191744 22.42553115153321
48.5 23.473187863571173 22.425064761025965
49.0 23.47393619521729 22.424591225446086
49.5 23.47466779039348 22.424126375684267
50.0 23.47541345643462 22.423671409037354
50.5 23.476162605120724 22.423217253789907
51.0 23.476938686189808 22.422769387812128
51.5 23.477713564660615 22.422328183986945
52.0 23.478491797732566 22.42188380323869
52.5 23.47927112895734 22.421451591169333
53.0 23.480091746870094 22.421019167768673
53.5 23.480894542041053 22.42059951567679
54.0 23.48172786870348 22.42018127277035
54.5 23.48256643780354 22.419763243593923
55.0 23.483412654472517 22.41934779309393
55.5 23.48427948492823 22.41893966638033
56.0 23.485142380136455 22.418536907082395
56.5 23.486030713855655 22.418138904070737
57.0 23.48692619602034 22.417752227928492
57.5 23.487842825220895 22.417360988215197
58.0 23.488743503030744 22.416977287701158
58.5 23.489684912349816 22.416599839941096
59.0 23.490622040846645 22.416223075464966
59.5 23.491572866638343 22.415859398571627
60.0 23.49252076953868 22.415493294263417
60.5 23.49349821005587 22.415133574260796
61.0 23.49447807912312 22.414776680581664
61.5 23.495471315128412 22.414424487313262
62.0 23.49647496710608 22.414087810745933
62.5 23.497469562189277 22.413729713327257
63.0 23.498499577716988 22.413394098125963
63.5 23.499528111269186 22.413061815174803
64.0 23.50055575001548 22.41273084425337
64.5 23.501610688026418 22.41240569784764
65.0 23.502667429955338 22.412084553452445
65.5 23.50373331586376 22.4117550389329
66.0 23.50481090105879 22.41144342270175
66.5 23.505889083078024 22.411137873130613
67.0 23.506979403705532 22.410826802326834
67.5 23.508074853938822 22.41051965518695
68.0 23.509179470502637 22.41022174508439
68.5 23.510312658902706 22.409931559540674
69.0 23.511431948674577 22.409632915779504
69.5 23.512557076549584 22.409344084572712
70.0 23.51369044188089 22.409058158639752
70.5 23.51483975283362 22.408779431332096
