FastTrWP/PhaseSpace/IAs/snIa_0.49_30.00_-1.01_0.08.csv
# %ECSV 0.9
# ---
# datatype:
# - {name: time-rel, datatype: float64}
# - {name: g, datatype: float64}
# - {name: i, datatype: float64}
# schema: astropy-2.0
time-rel g i
[from data line 1413]
332.5 24.484546326615305 22.492165151889857
333.0 24.486668157702127 22.492972231571645
333.4999999999999 24.48878925202333 22.493775823848424
334.0 24.49090413706431 22.49459075422303
334.5 24.493042807308115 22.495393890574373
334.9999999999999 24.495169118284256 22.49621490052907
335.5 24.497295880103383 22.49702840860657
336.0 24.49942341581021 22.497848612103546
336.4999999999999 24.501553953661777 22.498671908312975
337.0 24.503683969296727 22.499493548652943
337.5 24.505825977602974 22.500308857526143
337.9999999999999 24.50796137385915 22.50114388572613
338.5 24.510084279559585 22.501968246012048
339.0 24.512207234161245 22.502799085252896
339.4999999999999 24.514349551155803 22.503632516087436
340.0 24.516507812548177 22.504478762250216
340.5 24.51862048322948 22.50531574248244
340.9999999999999 24.520747432846782 22.506172083503813
341.5 24.52290107517282 22.50701731563702
342.0 24.525032020386384 22.507858991768405
342.4999999999999 24.527158920890024 22.5087212564145
343.0 24.529287984914117 22.509587415800674
343.5 24.531427575402347 22.510448398998996
343.9999999999999 24.533569909408378 22.51131281689308
344.5 24.53569656667962 22.512182544611157
345.0 24.53783777546944 22.513055708556493
345.4999999999999 24.539966973819958 22.513924927622423
346.0 24.54210993473376 22.514799757737634
346.5 24.544245465134118 22.515679216549604
346.9999999999999 24.546393116634167 22.51656732413643
347.5 24.548540963961678 22.51745212031713
348.0 24.550649615553837 22.51834757715457
348.4999999999999 24.552801513045694 22.51923117152929
349.0 24.55495524449241 22.520123686351777
349.5 24.55708897279793 22.52101578557959
349.9999999999999 24.559220044939124 22.521919441889228
350.5 24.561366644269356 22.52282028475886
351.0 24.563487271752024 22.523719027608948
351.4999999999999 24.56564751229625 22.524624028417687
352.0 24.567784748538983 22.52553271115458
352.5 24.56991955463419 22.526442764600702
352.9999999999999 24.572062889631678 22.527353677946728
353.5 24.574213923082308 22.52826305717918
354.0 24.57635608946013 22.52918114197849
354.4999999999999 24.578492981851664 22.530097439872176
355.0 24.580637343850135 22.53101433684644
355.5 24.582778690800453 22.531928389582944
355.9999999999999 24.584935808168595 22.532853556049805
356.5 24.58707730582736 22.53377990716686
357.0 24.58923781051141 22.534703352638953
357.4999999999999 24.591369254500272 22.535624552366716
358.0 24.593493465038826 22.536546821359057
358.5 24.59566718577472 22.537481885784857
358.9999999999999 24.59780596131597 22.538414193542245
359.5 24.599960750262962 22.539338522022383
360.0 24.602100377231203 22.540275558112693
360.4999999999999 24.604262950203314 22.54120768027779
361.0 24.60641005553986 22.542137199206277
361.5 24.608548358078007 22.543075914512674
361.9999999999999 24.610707125435226 22.544019640281142
362.5 24.612869343173102 22.544951386567007
363.0 24.615012962614067 22.54588923892999
363.4999999999999 24.617171216710013 22.54682726344326
364.0 24.61932120136135 22.547762615214268
364.5 24.621491241228867 22.54869841517703
364.9999999999999 24.623638942918575 22.54964284445691
365.5 24.62579261157831 22.55058650784123
366.0 24.627942023747842 22.55151994920626
366.4999999999999 24.630105377274507 22.55246800257572
367.0 24.63226225225782 22.553407411866424
367.5 24.634431184613817 22.5543410810204
367.9999999999999 24.636590435497858 22.555284814707704
368.5 24.638744812286312 22.55622512797622
369.0 24.64091306054027 22.557163169403438
369.4999999999999 24.643060670939626 22.55810676914416
370.0 24.645229859515663 22.559047328099457
370.5 24.64738725732373 22.559983713990917
370.9999999999999 24.649550721069172 22.56092301312296
371.5 24.65173526444158 22.56186541580636
372.0 24.653888625626287 22.56279621787638
372.4999999999999 24.65605007631906 22.563737270167067
373.0 24.65823182992485 22.564673306978822
373.5 24.66039849531701 22.56560713951717
373.9999999999999 24.6625552451159 22.56655428567226
374.5 24.6647448248666 22.567480687995975
375.0 24.666904802201614 22.568431441037347
375.4999999999999 24.669071490082395 22.569369257735318
376.0 24.671243767621686 22.570308160200018
376.5 24.673424134265233 22.571245362343877
376.9999999999999 24.675578647308136 22.572192735000364
377.5 24.67775414456467 22.573137352342822
378.0 24.67993622909045 22.574093343990505
378.4999999999999 24.682116780249427 22.575041261808224
379.0 24.684286618593738 22.57598691469001
379.5 24.686424359353232 22.57694556393055
379.9999999999999 24.688634548749384 22.577906127739734
380.5 24.690774840208846 22.57885668379657
381.0 24.692982952280765 22.57980849104243
381.4999999999999 24.695133597929086 22.580763652393394
382.0 24.69732103650726 22.581728416336794
382.5 24.699488327585556 22.582687468978882
382.9999999999999 24.701684751856412 22.583643304760464
383.5 24.70384202473678 22.58461368269218
384.0 24.70601751102666 22.585571021549498
384.4999999999999 24.708210129002577 22.5865334558793
385.0 24.710377112739813 22.587502271514687
385.5 24.712536851919186 22.58846889803058
385.9999999999999 24.714737936334096 22.589430317630192
386.5 24.716904322187013 22.590404545433053
387.0 24.719083597936276 22.591368647498804
387.4999999999999 24.72126416365265 22.592337861336777
388.0 24.723433655787428 22.593306405964448
388.5 24.725621598099078 22.59427530348833
388.9999999999999 24.727790435126224 22.595250297495546
389.5 24.729950558302946 22.59622366754996
390.0 24.732161434479476 22.5971927706065
390.4999999999999 24.734320960042258 22.59816364113346
391.0 24.736510052051464 22.599143716884175
391.5 24.73868483897388 22.600110072398692
392.0 24.74087414583839 22.60108391562961
392.5 24.743046364663655 22.602059704217222
393.0 24.74523962894478 22.603031340876385
393.5 24.74741966788639 22.60401030978583
394.0 24.749626782270852 22.60498441654652
394.5 24.75177840408238 22.6059636144344
395.0 24.753975258017284 22.606936398736643
395.5 24.756142392518488 22.607912361147893
396.0 24.758351455668667 22.608883490883322
396.5 24.760526432616036 22.609864916448945
397.0 24.76272854169309 22.610837414915608
397.5 24.764909326610717 22.611809532329403
398.0 24.76709300631621 22.61278906002739
398.5 24.769275649788206 22.61376602477149
399.0 24.771464873806647 22.614741244249046
399.5 24.773663251175705 22.61572311470494
400.0 24.77585782565114 22.616701418936096
400.5 24.77804227428421 22.61766555139851
401.0 24.780220726148812 22.618642613684372
401.5 24.78241418317353 22.619616657707628
402.0 24.784629785435893 22.620587327428826
402.5 24.78679758427884 22.621560290798783
403.0 24.789013441158513 22.622536295167723
403.5 24.791206363741193 22.623502974065275
404.0 24.793410432513316 22.624470033681916
404.5 24.795612241603674 22.625438091527098
405.0 24.797799032763194 22.62641604193226
405.5 24.79999433293131 22.62738384839818
406.0 24.802203138012974 22.628357068080458
406.5 24.804387537962718 22.629319059630607
407.0 24.80659888671115 22.630282585399705
407.5 24.808801217125716 22.63124932636227
408.0 24.811023124948328 22.632217083040402
408.5 24.81321878678964 22.633175591041667
409.0 24.815409280174205 22.634145268904483
409.5 24.8176115570142 22.635106418115853
410.0 24.819823911223114 22.63606460529691
410.5 24.82202267514252 22.637024124279932
411.0 24.82424374093613 22.63798161230119
411.5 24.826449671649804 22.63893802823538
412.0 24.8286611018122 22.639898131841072
412.5 24.830861965669087 22.640862923935924
413.0 24.833087497595034 22.641814904225583
413.5 24.835286090373422 22.642778859008775
414.0 24.83747106251133 22.643741016016996
414.5 24.839690027320994 22.64469668824794
415.0 24.84186965954195 22.64565516821419
415.5 24.844115744559247 22.6466070882159
416.0 24.846289769170802 22.647570028565376
416.5 24.848515089093638 22.64853144849686
417.0 24.850692633135324 22.649482529615565
417.5 24.852935546512317 22.650447193612216
418.0 24.85513831264697 22.651395756512933
418.5 24.85734084810911 22.652346062058037
419.0 24.859568514184023 22.653309360113457
419.5 24.86175293170613 22.654265853050436
420.0 24.863993495316514 22.65521691687413
420.5 24.866202367878408 22.656168338804573
421.0 24.868387037677522 22.657127870955694
421.5 24.870631008794074 22.658083381203028
422.0 24.87282820973718 22.659045452986042
422.5 24.875030467599952 22.659988641797348
423.0 24.877268318240983 22.660946892461556
423.5 24.87945291661205 22.661897665126194
424.0 24.88166785989199 22.66285379702323
424.5 24.88388970005246 22.663804073579374
425.0 24.8861034637592 22.6647600748769
425.5 24.888311088298714 22.665711196742272
426.0 24.890516928579057 22.666670006332524
426.5 24.89272610240377 22.667609935664778
427.0 24.894966413992453 22.66857361861778
427.5 24.897176882602807 22.669536873420647
428.0 24.899387309952093 22.670473560839483
428.5 24.90159496584329 22.671431269496654
429.0 24.90381562331983 22.672385171131587
429.5 24.906014102988504 22.673341577541354
430.0 24.90825584127294 22.674287002356056
430.5 24.910481979308308 22.675238484726016
431.0 24.91269701636401 22.67620105241921
431.5 24.914918146048425 22.67714753746352
432.0 24.917111868895855 22.67809378165094
432.5 24.91934479139919 22.67904549130573
433.0 24.921564349811298 22.68000355326265
433.5 24.923793318867098 22.680946465591067
434.0 24.92601799201319 22.681891477554515
434.5 24.928225712982773 22.682849419449198
435.0 24.93045098986292 22.683800872792894
435.5 24.932679975050746 22.68475114309101
436.0 24.934888317799107 22.685709559132526
436.5 24.9371157690342 22.686656967891036
437.0 24.93934628915374 22.687606504495243
437.5 24.94155802211321 22.68856213051505
438.0 24.94380058467324 22.689509159265526
438.5 24.94604592475422 22.69046607257114
439.0 24.94824644376997 22.69140856168146
439.5 24.950494289368784 22.692360256160534
440.0 24.952710439464568 22.693314132057342
440.5 24.954938701041065 22.69425916931866
441.0 24.957165006697757 22.69521009232685
441.5 24.95939616888254 22.69615458252762
442.0 24.961618828333727 22.69711566969853
442.5 24.96386743983288 22.698063535390215
443.0 24.966109342675843 22.699015558397065
443.5 24.968307199336603 22.69997063684152
444.0 24.97056675762167 22.70091108660887
444.5 24.972781190640134 22.701871991416542
445.0 24.97501720438557 22.702815505141132
445.5 24.9772702533714 22.703771701216642
446.0 24.979490134319555 22.70472085392518
446.5 24.981711542741778 22.7056788261377
447.0 24.983977972189948 22.706623086630007
447.5 24.986204024246653 22.707573856132917
448.0 24.988456615805976 22.70851605399953
448.5 24.99068073023301 22.709475829915608
449.0 24.992911799095925 22.71042233621618
449.5 24.995153527204614 22.71137496873972
450.0 24.997397662128193 22.712323089453996
450.5 24.99963230861663 22.71327079615263
451.0 25.001874931766793 22.714222725856384
451.5 25.004095767951217 22.71516939775008
452.0 25.006339004069794 22.71611966002032
452.5 25.00859419399839 22.717054952763426
453.0 25.010824131649517 22.718012435788072
453.5 25.013076758546056 22.718962115726903
454.0 25.015301268596666 22.719908409690014
454.5 25.017543371753007 22.720855260351822
455.0 25.019788092584236 22.72181110249651
455.5 25.02201740986708 22.72274650463099
456.0 25.024252472352412 22.723692537982195
456.5 25.026529380000746 22.724649281362844
457.0 25.028738346213522 22.725593867187076
457.5 25.03098224247777 22.726539704736794
458.0 25.033217527202286 22.72748688880546
458.5 25.03546998620831 22.72843328058525
459.0 25.03769303592592 22.72937746064841
459.5 25.039948244174745 22.730318328956727
460.0 25.04220141726644 22.73127385751875
460.5 25.044426258207665 22.732210383524603
461.0 25.04668265523906 22.733155079426012
461.5 25.048924116012753 22.73411337882953
462.0 25.05115474097169 22.735053954886272
462.5 25.053397221635286 22.736004652437686
463.0 25.055648030960317 22.736945883793148
463.5 25.057895246191006 22.737885182030876
464.0 25.06012612826983 22.7388402235498
464.5 25.06238304970744 22.73978496434601
465.0 25.064624822797306 22.740724449593102
465.5 25.06685306418749 22.74167492338873
466.0 25.069106774893037 22.742619658256544
466.5 25.071356267992183 22.743560662233833
467.0 25.07357589275486 22.744513474024735
467.5 25.07583845643804 22.745456285852402
468.0 25.078081232552734 22.74639917014745
468.5 25.08032121517485 22.74734505601866
469.0 25.082565715304007 22.74829020156028
469.5 25.084807820057993 22.74924164358787
470.0 25.087068457738262 22.75018401836799
470.5 25.08931246589448 22.751125623563368
471.0 25.09154204562057 22.752069405164356
471.5 25.093816143293036 22.753014374062094
472.0 25.09605359440181 22.75396554014351
472.5 25.09828527847635 22.754906408342602
473.0 25.10055790883669 22.755851400856542
473.5 25.102796975397013 22.75679478975423
474.0 25.10503854703284 22.757738625663105
474.5 25.10730296086908 22.75869069933644
475.0 25.10955989712147 22.759625619361948
475.5 25.111771027903277 22.760577086676964
476.0 25.114047638230957 22.761523842829607
476.5 25.116288589776 22.76245737403569
477.0 25.118547387415866 22.76340396795591
477.5 25.120784237649385 22.764352561478415
478.0 25.123045747153682 22.765304292221735
478.5 25.125276738603134 22.766244068895286
479.0 25.12756315305206 22.767190583559742
479.5 25.12981255738771 22.768137965797077
480.0 25.13207553202151 22.769080799216844
480.5 25.13431308804887 22.770021926338828
481.0 25.136560809049435 22.770977438990503
481.5 25.138824664751567 22.771915668701595
482.0 25.14107568309749 22.772863630539103
482.5 25.143315365172533 22.773809008087866
483.0 25.145564142889558 22.77474864446735
483.5 25.147812247716487 22.775700342050932
484.0 25.150071867685423 22.77664146271136
484.5 25.152325915285303 22.77758588758951
485.0 25.154600908173848 22.778533004002995
485.5 25.156834173103185 22.77947677493617
486.0 25.159090995589573 22.780422750509253
486.5 25.16134484839653 22.781359355544936
487.0 25.1635882005353 22.782309606110694
487.5 25.16581696237965 22.783255909277816
488.0 25.168105331703007 22.784201888562873
488.5 25.170370844480438 22.785146027394237
489.0 25.172607321031432 22.786087745590685
489.5 25.17484684554873 22.78702816718851
490.0 25.177120725955145 22.78797637365635
490.5 25.17936088637542 22.788913476251253
491.0 25.181597774179643 22.78986467045872
491.5 25.18385182552442 22.790802536980678
492.0 25.186102550656216 22.791742201171367
492.5 25.18835898983042 22.792694377779362
493.0 25.190633539483876 22.7936359612849
493.5 25.19283168386258 22.794576937843573
494.0 25.19510364376369 22.795525005860938
494.5 25.197373895324265 22.796466930521824
495.0 25.199622854059683 22.79740581094451
495.5 25.20186186415559 22.79834760770724
496.0 25.204137959448374 22.7992922906736
496.5 25.206360008472487 22.800236941831983
497.0 25.208609259376363 22.80117478742291
497.5 25.210877554615525 22.802121729402316
498.0 25.21310664828669 22.803062959202528
498.5 25.21536740897662 22.803998109765978
499.0 25.217624147038656 22.804942366966976
499.5 25.219849868087884 22.80589072436417
500.0 25.22213067289183 22.806831291573758
500.5 25.22435132171143 22.807778731041243
501.0 25.22661860719008 22.8087190587161
501.5 25.228860878110137 22.809662587098885
502.0 25.231100792155576 22.81059819483118
502.5 25.2333453177965 22.81154894551023
503.0 25.235597347173663 22.812488956122188
503.5 25.237865271647447 22.81342809377322
504.0 25.240104628328247 22.81437157660978
504.5 25.242350503946653 22.815313899938285
505.0 25.244596241824414 22.81625572506574
505.5 25.246862262269584 22.81720403324956
506.0 25.24906809145015 22.81814181898583
506.5 25.251313316725792 22.819085204004985
507.0 25.25356737757879 22.820026553341233
507.5 25.25580820106901 22.82096774684881
508.0 25.258064005222145 22.821911234446496
508.5 25.260312437850097 22.822855128247312
509.0 25.26254396354016 22.823799671839502
509.5 25.264806115553217 22.824739596004786
510.0 25.2670577868631 22.82567413520813
510.5 25.2693014671553 22.826619839134594
511.0 25.271551103222365 22.827569288445645
