FastTrWP/PhaseSpace/IAs/snIa_0.39_30.00_-0.76_-0.15.csv
# %ECSV 0.9
# ---
# datatype:
# - {name: time-rel, datatype: float64}
# - {name: g, datatype: float64}
# - {name: i, datatype: float64}
# schema: astropy-2.0
time-rel g i
[from data line 1446]
931.4166666666666 23.593387786317944 22.769803527780155
931.9166666666666 23.595165537729294 22.77066864755774
932.4166666666665 23.596947056483486 22.77154021762962
932.9166666666666 23.598720985171376 22.772401495941217
933.4166666666666 23.600507457836592 22.77327355968106
933.9166666666665 23.60228982456309 22.77414587000967
934.4166666666666 23.604066090283922 22.77502919816422
934.9166666666666 23.605853850184793 22.77590802109357
935.4166666666665 23.607639319319116 22.776802198659787
935.9166666666666 23.609427895346013 22.77768402553777
936.4166666666666 23.61121348748639 22.778575345024166
936.9166666666665 23.613000966337587 22.77946348521609
937.4166666666666 23.614786648071583 22.7803586896939
937.9166666666666 23.616585042085028 22.781261336457163
938.4166666666665 23.618385252688615 22.78215681756551
938.9166666666666 23.620169345493927 22.783057680979052
939.4166666666666 23.621972789552803 22.78396994547382
939.9166666666665 23.62378171129224 22.784875668039035
940.4166666666666 23.625569839230124 22.785783265728302
940.9166666666666 23.62736542320239 22.786692887799536
941.4166666666665 23.629167141035996 22.787610580009098
941.9166666666666 23.63097788763353 22.788514052597215
942.4166666666666 23.6327877112176 22.789441154866914
942.9166666666665 23.63457338812555 22.790360683826645
943.4166666666666 23.636385844334633 22.791278000728
943.9166666666666 23.638193658566102 22.792209707419087
944.4166666666665 23.639993514505942 22.79312480209005
944.9166666666666 23.6418063375299 22.794054760794857
945.4166666666666 23.64361880086568 22.794985553108056
945.9166666666665 23.645420886667882 22.79590841317532
946.4166666666666 23.6472375066215 22.7968407734992
946.9166666666666 23.649043985533208 22.79777579089577
947.4166666666665 23.650873280446753 22.79871218155514
947.9166666666666 23.652687378627157 22.799652358675946
948.4166666666666 23.654497296521 22.800574780686347
948.9166666666665 23.656316265341957 22.80151492130681
949.4166666666666 23.65813679529483 22.802444457421434
949.9166666666666 23.659954743235225 22.80338435285467
950.4166666666665 23.661776804559352 22.804317313015652
950.9166666666666 23.66360388002814 22.8052696416183
951.4166666666666 23.66542028398193 22.806203985795822
951.9166666666665 23.66725090184902 22.8071357540485
952.4166666666666 23.669076607196406 22.808085989268672
952.9166666666666 23.67090742316915 22.809025869586605
953.4166666666665 23.672719771123344 22.80996022868502
953.9166666666666 23.67455509062634 22.810912332699274
954.4166666666666 23.676384321567625 22.811846491400072
954.9166666666665 23.678219495555325 22.812784415944506
955.4166666666666 23.68005980856788 22.813736709304457
955.9166666666666 23.681876099096115 22.814667382215216
956.4166666666665 23.683721729446173 22.815617875782856
956.9166666666666 23.685554573093906 22.816551570984164
957.4166666666666 23.687390731517077 22.81749210988345
957.9166666666665 23.68922672098205 22.818429605546434
958.4166666666666 23.691065836813948 22.81937756171944
958.9166666666666 23.692905319252787 22.82032117810395
959.4166666666665 23.694733083045328 22.82125712168909
959.9166666666666 23.69658111950737 22.822190635480723
960.4166666666666 23.698423435004855 22.82312596020811
960.9166666666665 23.700265857355202 22.82406905901552
961.4166666666666 23.702108584674583 22.825004216153296
961.9166666666666 23.703940548647516 22.82595134512928
962.4166666666665 23.705799449286378 22.82689989092415
962.9166666666666 23.707645712428423 22.827839542044586
963.4166666666666 23.709504127791735 22.82878439698743
963.9166666666665 23.71134041693908 22.82973012880298
964.4166666666666 23.713198563565705 22.83068869445931
964.9166666666666 23.715062059318925 22.831634294068216
965.4166666666665 23.716901558093696 22.83258221486343
965.9166666666666 23.71874787548917 22.833539756909186
966.4166666666666 23.720610652099943 22.83449884959675
966.9166666666665 23.722471987346367 22.835456587250732
967.4166666666666 23.724311213022116 22.836416284696984
967.9166666666666 23.726182188832247 22.837380838536067
968.4166666666665 23.728049216192012 22.83834041106468
968.9166666666666 23.729908977630135 22.839296210039052
969.4166666666666 23.73175754732332 22.840263482393066
969.9166666666665 23.733626993192722 22.84122893779201
970.4166666666666 23.73548457662643 22.84219829719384
970.9166666666666 23.737351379378453 22.84315986166343
971.4166666666665 23.739221185480616 22.84412499085316
971.9166666666666 23.741097219846864 22.845094008896076
972.4166666666666 23.74295276638072 22.84606348543587
972.9166666666665 23.744827521818067 22.847032200971597
973.4166666666666 23.746699173648512 22.847996588945513
973.9166666666666 23.748571399774004 22.848971493540887
974.4166666666665 23.7504296759163 22.849947906708493
974.9166666666666 23.75231451353104 22.850921472513853
975.4166666666666 23.7541961508729 22.851889688386663
975.9166666666665 23.75607168710603 22.85287171515122
976.4166666666666 23.757940184396563 22.853831079648167
976.9166666666666 23.75982986327783 22.854816003487763
977.4166666666665 23.761699809503476 22.855794698221317
977.9166666666666 23.76358479735788 22.856761976393145
978.4166666666666 23.765460684516203 22.857741537715093
978.9166666666665 23.76735111760575 22.858721782787157
979.4166666666666 23.769231305854266 22.859699738218513
979.9166666666666 23.771118005063823 22.86067744778618
980.4166666666665 23.77300111452985 22.861656255327382
980.9166666666666 23.774897053399556 22.862624591087005
981.4166666666666 23.776778624220892 22.863606191155373
981.9166666666665 23.77868045101792 22.864586925355468
982.4166666666666 23.78055469991866 22.86556057560263
982.9166666666666 23.782445988455073 22.866539665413722
983.4166666666665 23.78434009434846 22.867516528654775
983.9166666666666 23.786237641783742 22.86848296864936
984.4166666666666 23.78813254857215 22.869459149945392
984.9166666666665 23.790031664368897 22.87044499005095
985.4166666666666 23.791920300079905 22.87142051716332
985.9166666666666 23.793818224836794 22.872393592583677
986.4166666666665 23.795720875468753 22.873370294440093
986.9166666666666 23.797626474287018 22.87435036785455
987.4166666666666 23.799524149309804 22.87531973889386
987.9166666666665 23.801436280070636 22.87629672271526
988.4166666666666 23.80334463489192 22.877280907511995
988.9166666666666 23.80525001126664 22.87824033529531
989.4166666666665 23.807140553931518 22.879215255008127
989.9166666666666 23.80905621368811 22.880185423216215
990.4166666666666 23.810957663300073 22.8811596660073
990.9166666666665 23.812875620045062 22.882131667143092
991.4166666666666 23.814782905669883 22.883095545405713
991.9166666666666 23.816691074136678 22.88406037547936
992.4166666666665 23.818603570172435 22.885030466803205
992.9166666666666 23.820513541101857 22.885995995809857
993.4166666666666 23.822442986590303 22.886966054804724
993.9166666666665 23.824348965805044 22.887924873008615
994.4166666666666 23.826272568163652 22.888884731017257
994.9166666666666 23.828199091699254 22.88985153818399
995.4166666666665 23.830108900601363 22.89081181221536
995.9166666666666 23.832029423128212 22.891777828051637
996.4166666666666 23.83394270241608 22.89274139610115
996.9166666666665 23.835871809245816 22.893706484667206
997.4166666666666 23.837803401691474 22.89466556036208
997.9166666666666 23.839715052411847 22.895620256427524
998.4166666666666 23.841651889728226 22.896589120992207
998.9166666666666 23.843564707892362 22.897547373905013
999.4166666666666 23.845498308578673 22.89850499471113
999.9166666666666 23.84742884547782 22.8994754927712
1000.4166666666666 23.849367150649194 22.900430641793296
1000.9166666666666 23.85128468262216 22.90139978299179
1001.4166666666666 23.853226697764562 22.902352930239008
1001.9166666666666 23.85513646060953 22.903304813542196
1002.4166666666666 23.857065793421107 22.904267430662138
1002.9166666666666 23.859003806355727 22.905246970117524
1003.4166666666666 23.860942060871913 22.90619075735028
1003.9166666666666 23.862878409139917 22.907156876688035
1004.4166666666666 23.86482279883907 22.908107710789125
1004.9166666666666 23.866764171222687 22.909081346906675
1005.4166666666666 23.868684900635024 22.910033981115376
1005.9166666666666 23.870631836921106 22.91099142063193
1006.4166666666666 23.87257199130721 22.911955264259028
1006.9166666666666 23.8745141545483 22.91290884658533
1007.4166666666666 23.876453319727847 22.91386839258269
1007.9166666666666 23.878406853121007 22.914829291666976
1008.4166666666666 23.880348206475958 22.91578195980915
1008.9166666666666 23.88229221872393 22.916740832438194
1009.4166666666666 23.884251255240553 22.91769539595468
1009.9166666666666 23.886187825001215 22.91866591106247
1010.4166666666666 23.88813896237693 22.91961063765749
1010.9166666666666 23.890099362280207 22.92057187450546
1011.4166666666666 23.892050690002545 22.921531140750446
1011.9166666666666 23.89401038867446 22.9224867355882
1012.4166666666666 23.89595513456852 22.923456496147377
1012.9166666666666 23.89792088144443 22.924408031990943
1013.4166666666666 23.899881674251176 22.925355875453146
1013.9166666666666 23.90184185114418 22.92631400663272
1014.4166666666666 23.9037960360173 22.92727384383829
1014.9166666666666 23.905759284313568 22.928232168749304
1015.4166666666666 23.90773352555851 22.92919393362627
1015.9166666666666 23.90968909445391 22.93015235032524
1016.4166666666666 23.911662335171346 22.93111030093499
1016.9166666666666 23.913622345076888 22.93206200287387
1017.4166666666666 23.915595518311722 22.933008883342634
1017.9166666666666 23.917574078742213 22.933975651751926
1018.4166666666666 23.91953897574851 22.934931512152176
1018.9166666666666 23.921507138238788 22.935887380025257
1019.4166666666666 23.92348606745 22.936853386480834
1019.9166666666666 23.925468363719425 22.93781011013776
1020.4166666666666 23.92745734156835 22.93876302949892
1020.9166666666666 23.929425800270803 22.939716660759974
1021.4166666666666 23.931414578936952 22.940678907450966
1021.9166666666666 23.9333986533001 22.941635873292615
1022.4166666666666 23.935398817478223 22.942593591333914
1022.9166666666666 23.93736808089716 22.94354767687348
1023.4166666666666 23.939362718941698 22.94451235567607
1023.9166666666666 23.94134608146512 22.94545739772385
1024.4166666666667 23.943347708775015 22.9464236722762
1024.9166666666667 23.94533651862039 22.947380913536865
1025.4166666666667 23.94733205286137 22.948344258328376
1025.9166666666667 23.94933984993161 22.949300539529837
1026.4166666666667 23.951339059991987 22.950255257564642
1026.9166666666667 23.953328702668145 22.95121107040446
1027.4166666666667 23.955332606727534 22.952160426739447
1027.9166666666667 23.9573398130908 22.95313586083953
1028.4166666666667 23.959332763658225 22.954087995169147
1028.9166666666667 23.961341163881574 22.955042793537025
1029.4166666666667 23.963359766105615 22.955999933711276
1029.9166666666667 23.965371167162395 22.956955063378377
1030.4166666666667 23.96738152344254 22.95791621811421
1030.9166666666667 23.96938949508712 22.95887161784322
1031.4166666666667 23.971405594025057 22.959836572893995
1031.9166666666667 23.973404410824028 22.960795217969952
1032.4166666666667 23.975435608116715 22.961750234981963
1032.9166666666667 23.977439693343626 22.962703155497387
1033.4166666666667 23.979454273901286 22.96365710908214
1033.9166666666667 23.981482459343578 22.964613047614048
1034.4166666666667 23.983506348443488 22.96557429036341
1034.9166666666667 23.985532690782915 22.96652119489908
1035.4166666666667 23.987535433158698 22.967480315145785
1035.9166666666667 23.989576149841877 22.96844426463547
1036.4166666666667 23.991596318433658 22.969394526814277
1036.9166666666667 23.993639744313946 22.97034249677427
1037.4166666666667 23.995658612999982 22.971315954253804
1037.9166666666667 23.99769202318687 22.972264514785444
1038.4166666666667 23.99972567644201 22.973223314865972
1038.9166666666667 24.001735390012506 22.97417071035147
1039.4166666666667 24.003795723395413 22.97513325486742
1039.9166666666667 24.00582584330018 22.97607956797947
1040.4166666666667 24.007883096500613 22.977040876905868
1040.9166666666667 24.00991755450848 22.978000134528415
1041.4166666666667 24.01193935522919 22.97895415696044
1041.9166666666667 24.014008765866485 22.979909623284904
1042.4166666666667 24.016039130312606 22.980866037212984
1042.9166666666667 24.01809534510914 22.981823966507736
1043.4166666666667 24.02012641953408 22.982775392987374
1043.9166666666667 24.022176006712463 22.983727547935363
1044.4166666666667 24.024233489272152 22.984682888782643
1044.9166666666667 24.02628058763373 22.985640840472765
1045.4166666666667 24.028355867782633 22.986607420029937
1045.9166666666667 24.030400434396164 22.98755273636754
1046.4166666666667 24.032454279497838 22.98851505463165
1046.9166666666667 24.034503907668018 22.98946871239426
1047.4166666666667 24.036579721480507 22.99041692042134
1047.9166666666667 24.03863718254872 22.99138445301512
1048.4166666666667 24.04070098942219 22.99233257455215
1048.9166666666667 24.04277466172796 22.993289274711366
1049.4166666666667 24.044842412083668 22.994248486424375
1049.9166666666667 24.046932282162047 22.995193898598792
1050.4166666666667 24.048992052177802 22.996159593967825
1050.9166666666667 24.05106983954029 22.99710292351749
1051.4166666666667 24.053144814575738 22.99806525888796
1051.9166666666667 24.05522156192677 22.999023672960597
1052.4166666666667 24.05730064336217 22.999982019274327
1052.9166666666667 24.05938113111032 23.00093758219478
1053.4166666666667 24.061455946961686 23.001894546749643
1053.9166666666667 24.06355253872637 23.002852551298467
1054.4166666666667 24.06564356313065 23.003810940942145
1054.9166666666667 24.067720154839183 23.004767222754033
1055.4166666666667 24.069809800325793 23.005718197476615
1055.9166666666667 24.071909066928654 23.006678249743047
1056.4166666666667 24.074005465127918 23.007635787581684
1056.9166666666667 24.076098100873264 23.008594725495986
1057.4166666666667 24.078207202183435 23.00955821210158
1057.9166666666667 24.080302617330716 23.010499459214216
1058.4166666666667 24.082414226998733 23.01145788908231
1058.9166666666667 24.084517606361562 23.01242050688046
1059.4166666666667 24.086636062324832 23.013377866294043
1059.9166666666667 24.0887287083865 23.014336299871324
1060.4166666666667 24.09085865140237 23.01530024925462
1060.9166666666667 24.092958153842318 23.016248487760173
1061.4166666666667 24.095067802438766 23.01721259775308
1061.9166666666667 24.097178815850487 23.01817751804778
1062.4166666666667 24.099315470190405 23.01913516759942
1062.9166666666667 24.101440940953797 23.02008155326699
1063.4166666666667 24.103553198976385 23.021037352685912
1063.9166666666667 24.105683457974845 23.02200899530027
1064.4166666666667 24.107822938560574 23.02295940267357
1064.9166666666667 24.109944053353438 23.023920215452875
1065.4166666666667 24.112063929875106 23.024883652171418
1065.9166666666667 24.114212838739938 23.025832239465597
1066.4166666666667 24.116342434711655 23.02679593155196
1066.9166666666667 24.118481635795565 23.02775453552799
1067.4166666666667 24.12062217357164 23.02870190394384
1067.9166666666667 24.122762148211926 23.029667082455532
1068.4166666666667 24.124909636638385 23.030623795944457
1068.9166666666667 24.127057388013995 23.031589131598448
1069.4166666666667 24.129199134288708 23.032552890287793
1069.9166666666667 24.13135977452788 23.03350626918556
1070.4166666666667 24.133498100445877 23.03446559347542
1070.9166666666667 24.135645267894485 23.035433265742178
1071.4166666666667 24.13781840550967 23.03637998226938
1071.9166666666667 24.139969217983985 23.037341191274656
1072.4166666666667 24.14213115709153 23.038302896557624
1072.9166666666667 24.144292685521155 23.03926386065193
1073.4166666666667 24.146454363642373 23.040219028481985
1073.9166666666667 24.14861755722489 23.041182030144462
1074.4166666666667 24.15079065553426 23.042132936037017
