FastTrWP/PhaseSpace/IAs/snIa_0.57_30.00_-0.01_-0.03.csv
# %ECSV 0.9
# ---
# datatype:
# - {name: time-rel, datatype: float64}
# - {name: g, datatype: float64}
# - {name: i, datatype: float64}
# schema: astropy-2.0
time-rel g i
[from data line 575]
423.8958333333333 23.687590349559603 22.763231423278963
424.39583333333326 23.685318470961963 22.76132369473934
424.8958333333333 23.683037196499207 22.759435531163092
425.3958333333333 23.680796115350766 22.757560670524228
425.89583333333326 23.67856970005116 22.755684505529665
426.3958333333333 23.67633899482805 22.75381132044462
426.8958333333333 23.674130615446593 22.751954981072476
427.39583333333326 23.67194162063937 22.75009525950679
427.8958333333333 23.66976780107904 22.748254152128958
428.3958333333333 23.66760527275167 22.74640977175968
428.89583333333326 23.665469132195646 22.744575481639583
429.3958333333333 23.663329318025106 22.74275226117895
429.8958333333333 23.661224956851946 22.74094404538751
430.39583333333326 23.659139625245004 22.73912926283563
430.8958333333333 23.657038136574222 22.737320094912295
431.3958333333333 23.65498829562312 22.735533655982692
431.89583333333326 23.652945279761767 22.733743092122527
432.3958333333333 23.650908027928743 22.731957745025106
432.8958333333333 23.64888769149539 22.73019052618954
433.39583333333326 23.646876089013517 22.728411831263923
433.8958333333333 23.644895149021593 22.7266521640614
434.3958333333333 23.642908164107613 22.724890566767662
434.89583333333326 23.640940428067832 22.72313931686575
435.3958333333333 23.638979074337993 22.721384333578712
435.8958333333333 23.637026260171858 22.71964451457432
436.39583333333326 23.635086283055085 22.717912322786134
436.8958333333333 23.63315341114738 22.716185400598153
437.3958333333333 23.6312400707832 22.71445401197365
437.89583333333326 23.629332856658376 22.712736171180914
438.3958333333333 23.627424913982797 22.71102820080887
438.8958333333333 23.62555414512685 22.70931350863476
439.39583333333326 23.623664489281538 22.707604173862382
439.8958333333333 23.62181296513906 22.70590330627035
440.3958333333333 23.619959016283325 22.704220845092856
440.89583333333326 23.618112283428164 22.702521838537933
441.3958333333333 23.616289329331615 22.700850809310467
441.8958333333333 23.614466679435353 22.699169669225135
442.39583333333326 23.61266320139994 22.69749797055931
442.8958333333333 23.610850380149774 22.69582938501593
443.3958333333333 23.60906630479571 22.694174487334593
443.89583333333326 23.607281965734863 22.69251840781314
444.3958333333333 23.605520516280514 22.690861735238784
444.8958333333333 23.603765504934927 22.6892163796574
445.39583333333326 23.602016348680905 22.68758612933791
445.8958333333333 23.600274920956046 22.685947482027814
446.3958333333333 23.598555646919653 22.68431057156022
446.89583333333326 23.596846604025057 22.682685685866723
447.3958333333333 23.59513744077658 22.68106852286532
447.8958333333333 23.593440615238784 22.679454710665297
448.39583333333326 23.59175541976331 22.677848992776077
448.8958333333333 23.590085630113723 22.67624726731694
449.3958333333333 23.588418492112062 22.674636350451635
449.89583333333326 23.586770284712642 22.67305044105541
450.3958333333333 23.585126512337006 22.67145819208498
450.8958333333333 23.583497644010933 22.669875049199717
451.39583333333326 23.58188049133531 22.66830230060648
451.8958333333333 23.580277204406084 22.66672715232703
452.3958333333333 23.578669918962582 22.6651524507663
452.89583333333326 23.577080795746568 22.663588051389016
453.3958333333333 23.575512666924677 22.662036600852502
453.8958333333333 23.573933455034197 22.66048181423966
454.39583333333326 23.572382048873042 22.658935969439618
454.8958333333333 23.570850805804028 22.6573874625969
455.3958333333333 23.569304757889384 22.655854953612014
455.89583333333326 23.567779995523285 22.654327321162107
456.3958333333333 23.566257877686017 22.652795895940052
456.8958333333333 23.564758116577956 22.65126979277941
457.39583333333326 23.56326410477786 22.649754547419008
457.8958333333333 23.561771000996057 22.648241902919754
458.3958333333333 23.56030210778028 22.646735845852213
458.89583333333326 23.55883932409249 22.645231502601618
459.3958333333333 23.557385936053844 22.64373672136537
459.8958333333333 23.55593258855805 22.642240764526708
460.39583333333326 23.554501691655943 22.640757107986328
460.8958333333333 23.553080886786766 22.63927632764192
461.3958333333333 23.551667208856987 22.637795188958947
461.89583333333326 23.55026757153599 22.636317587490975
462.3958333333333 23.548869208420705 22.634862809320417
462.8958333333333 23.547492025482217 22.633390167520297
463.39583333333326 23.546114172199623 22.631935271120586
463.8958333333333 23.544757242594365 22.630481251656953
464.3958333333333 23.54340689960811 22.629037538773996
464.89583333333326 23.542075454853773 22.627593883505877
465.3958333333333 23.540731902829464 22.626152032476043
465.8958333333333 23.53941490644771 22.62471770929323
466.39583333333326 23.53811535874851 22.623289944548837
466.8958333333333 23.536814118849865 22.621867076779367
467.3958333333333 23.53551643389778 22.620451655552234
467.89583333333326 23.53424241247625 22.61904025138381
468.3958333333333 23.532971319228327 22.617624808022455
468.8958333333333 23.531705002009915 22.61621986064025
469.39583333333326 23.530461039116087 22.614820750448942
469.8958333333333 23.52922314782998 22.61343168414287
470.3958333333333 23.52799310437486 22.61203533322112
470.89583333333326 23.5267738504532 22.610652197648527
471.3958333333333 23.52556233838216 22.609266515380565
471.8958333333333 23.524369762343056 22.607899976585763
472.39583333333326 23.523162228256243 22.606525686925284
472.8958333333333 23.52197895141789 22.605146327130974
473.3958333333333 23.520786939456922 22.603789698151022
473.89583333333326 23.519633680835202 22.60243279527795
474.3958333333333 23.518467562359252 22.60107544594557
474.8958333333333 23.51731444657976 22.599719245368483
475.39583333333326 23.516173103557364 22.598376865103923
475.8958333333333 23.515035796085954 22.5970318411326
476.3958333333333 23.513914956753815 22.595686311343904
476.89583333333326 23.512791258093166 22.5943573177137
477.3958333333333 23.511682290357513 22.59303230572018
477.8958333333333 23.510583702438943 22.59169615238185
478.39583333333326 23.509498324854693 22.590375137286635
478.8958333333333 23.50840875100506 22.589060831731707
479.3958333333333 23.507331686112785 22.587748160035027
479.89583333333326 23.5062845435585 22.586429666283244
480.3958333333333 23.50521939177362 22.585128043536198
480.8958333333333 23.504164178512134 22.583830492111055
481.39583333333326 23.503129455939376 22.582533772137992
481.8958333333333 23.502087386174658 22.581243527951003
482.3958333333333 23.50106936957573 22.579951567476336
482.89583333333326 23.500053396895755 22.57867155305732
483.3958333333333 23.49905226478389 22.57739030677529
483.8958333333333 23.49805608119595 22.576114845764277
484.39583333333326 23.49706997087191 22.57484434168676
484.8958333333333 23.49608718672927 22.573577136929195
485.3958333333333 23.495119103850666 22.572310060080305
485.89583333333326 23.49416202423167 22.571058431845653
486.3958333333333 23.49320857767555 22.56979601136646
486.8958333333333 23.492268530710298 22.568548138610993
487.39583333333326 23.49133541825452 22.567304003115957
487.8958333333333 23.490420828536394 22.56606392971087
488.3958333333333 23.489490894380708 22.56482792237572
488.8958333333333 23.488587809718425 22.563591987283417
489.3958333333333 23.48769133713605 22.562362445990743
489.8958333333333 23.486793625854602 22.561140406727326
490.3958333333333 23.485916299590606 22.559914670345066
490.8958333333333 23.485060506549715 22.558701849815535
491.3958333333333 23.484184113650215 22.557490653222942
491.8958333333333 23.483332888518017 22.556284562107724
492.3958333333333 23.48249815022195 22.55507785028285
492.8958333333333 23.481659584653606 22.55388494764782
493.3958333333333 23.48082894047188 22.55269058916213
493.8958333333333 23.480017713322706 22.551492444629954
494.3958333333333 23.47920158743246 22.55030788987518
494.8958333333333 23.478399938329424 22.549124067914374
495.3958333333333 23.477620887406253 22.547949177397783
495.8958333333333 23.47684503526637 22.54677369167259
496.3958333333333 23.476072009505703 22.54560142724969
496.8958333333333 23.475305009831015 22.544434568073534
497.3958333333333 23.47454981204058 22.543281263079162
497.8958333333333 23.473799753733203 22.542124933706607
498.3958333333333 23.47308644680927 22.540970302312452
498.8958333333333 23.472348900376545 22.539826144420037
499.3958333333333 23.47163034663659 22.53867870903022
499.8958333333333 23.470942475244676 22.537544465605748
500.3958333333333 23.47023272149588 22.536403152331967
500.8958333333333 23.469547492693174 22.535270363021063
501.3958333333333 23.46888051998125 22.534143494451055
501.8958333333333 23.468206334440353 22.53302045240478
502.3958333333333 23.467552488660278 22.53191129333004
502.8958333333333 23.466894413081324 22.530796157643667
503.3958333333333 23.46625803243141 22.529681396307843
503.8958333333333 23.465635786993168 22.528577826001857
504.3958333333333 23.46500475676266 22.527477959993742
504.8958333333333 23.464410586592443 22.526375612788122
505.3958333333333 23.463792781119235 22.525289329823295
505.8958333333333 23.463206803197473 22.52419467932466
506.3958333333333 23.462627173842204 22.523117110504298
506.8958333333333 23.462063263038395 22.522036807414963
507.3958333333333 23.461502901640156 22.520958608138187
507.8958333333333 23.46094442897857 22.519893873516928
508.3958333333333 23.46039185123443 22.518827370419924
508.8958333333333 23.45987127034484 22.517759134953845
509.3958333333333 23.45935399776183 22.51669768596665
509.8958333333333 23.45884180889336 22.515652857259475
510.3958333333333 23.45833087873541 22.514595528330247
510.8958333333333 23.457840600212506 22.513551017572418
511.3958333333333 23.45735426306888 22.512507858968686
511.8958333333333 23.456885004631815 22.511476751401865
512.3958333333334 23.45642482619386 22.51043328099638
512.8958333333334 23.455983495112687 22.509402373942976
513.3958333333334 23.455535050261645 22.50837384504123
513.8958333333334 23.455100059087354 22.507350501279877
514.3958333333334 23.454664130496138 22.506330624684047
514.8958333333334 23.454263641388344 22.50531450497502
515.3958333333334 23.453858572855918 22.504301553820696
515.8958333333334 23.453468571150907 22.50329480812653
516.3958333333334 23.453073278449462 22.502296082055633
516.8958333333334 23.452697858119723 22.501289065169374
517.3958333333334 23.452332091012316 22.50029776789908
517.8958333333334 23.45197873346296 22.49930457772779
518.3958333333334 23.45161343507296 22.49831700721739
518.8958333333334 23.45126696234707 22.497329883135446
519.3958333333334 23.450948403075923 22.496349299173826
519.8958333333334 23.450609234912044 22.49537091690517
520.3958333333334 23.450301623945045 22.494390958004576
520.8958333333334 23.449999892035443 22.49342885497605
521.3958333333334 23.449700091558068 22.492451697413152
521.8958333333334 23.44940003763499 22.491502370639612
522.3958333333334 23.449112142327692 22.490531562369252
522.8958333333334 23.448842842347712 22.489577227544622
523.3958333333334 23.448586200164222 22.48863291341045
523.8958333333334 23.448327590442275 22.48767631690917
524.3958333333334 23.448075043520053 22.486737174523146
524.8958333333334 23.447832739437864 22.48579444531853
525.3958333333334 23.447596300890844 22.4848534698555
525.8958333333334 23.4473716522541 22.48391963061216
526.3958333333334 23.44714824498984 22.482992580545297
526.8958333333334 23.446934207868765 22.48206548556757
527.3958333333334 23.44673798613841 22.481149109354238
527.8958333333334 23.446551038126074 22.48022718844449
528.3958333333334 23.44636377837507 22.479306532015364
528.8958333333334 23.446176908985784 22.47839641861773
529.3958333333334 23.446007605421464 22.477488247569802
529.8958333333334 23.445838042480524 22.476576303206407
530.3958333333334 23.44568968242401 22.475674782878343
530.8958333333334 23.445524766604922 22.474783902066086
531.3958333333334 23.445387013564098 22.47388692893296
531.8958333333334 23.44524538344563 22.472996905772355
532.3958333333334 23.445111275869586 22.47209965223834
532.8958333333334 23.444999192695768 22.471221671334234
533.3958333333334 23.444883321173684 22.470346420297314
533.8958333333334 23.444765863785207 22.46946519660094
534.3958333333334 23.444674340143152 22.468591316408872
534.8958333333334 23.444567495070668 22.46771760285582
535.3958333333334 23.44447982872099 22.46684855724943
535.8958333333334 23.44440910750223 22.465984463030374
536.3958333333334 23.444317711072436 22.465124015795617
536.8958333333334 23.44425763578876 22.464270259778928
537.3958333333334 23.444195874368784 22.463427038670815
537.8958333333334 23.444134106165578 22.462565312440756
538.3958333333334 23.44408235358584 22.461717927740956
538.8958333333334 23.444042540786562 22.46087309429265
539.3958333333334 23.444008740599433 22.46003947811779
539.8958333333334 23.443966574550714 22.459198863868778
540.3958333333334 23.44394889808133 22.45836256094941
540.8958333333334 23.443918400043017 22.457534277150405
541.3958333333334 23.443903547201245 22.456705554160926
541.8958333333334 23.443908333325375 22.455880424233044
542.3958333333334 23.443912425989375 22.455064122582158
542.8958333333334 23.443898201400085 22.45425022784586
543.3958333333334 23.443906401699838 22.45344031801366
543.8958333333334 23.443926563027087 22.45261982312169
544.3958333333334 23.443947942472455 22.451815040323947
544.8958333333334 23.44397481419001 22.451010642015298
545.3958333333334 23.444004566556572 22.450211109320463
545.8958333333334 23.444046022541727 22.449412910776108
546.3958333333334 23.444089867706687 22.448612336092513
546.8958333333334 23.444151462463616 22.447830668275863
547.3958333333334 23.444213406429853 22.447035981499646
547.8958333333334 23.4442969946787 22.44624929267953
548.3958333333334 23.44438718190211 22.445478753512734
548.8958333333334 23.444481219121567 22.444698560442564
549.3958333333334 23.444589061220086 22.44392403770254
549.8958333333334 23.44470356821986 22.44316029788568
550.3958333333334 23.444831507615213 22.442389810994104
550.8958333333334 23.444948773551907 22.441626512067856
551.3958333333334 23.445108682712814 22.4408726747812
551.8958333333334 23.445261192822468 22.440115336929516
552.3958333333334 23.445424959603226 22.439362216457674
552.8958333333334 23.445594291203665 22.43860775703559
553.3958333333334 23.445774542861773 22.43786879304336
553.8958333333334 23.445956461008734 22.43712618514046
554.3958333333334 23.446151791368205 22.436385482761118
554.8958333333334 23.446341620676773 22.435654099243386
555.3958333333334 23.446567528409936 22.434915054514455
555.8958333333334 23.446776969998886 22.434189282707724
556.3958333333334 23.44700394338226 22.43346231091758
556.8958333333334 23.447256733673374 22.432734723341667
557.3958333333334 23.44747671976687 22.432021871003723
557.8958333333334 23.447732373699278 22.43130308896395
558.3958333333334 23.44798877805637 22.43059054058258
558.8958333333334 23.448253428722442 22.42988352933551
559.3958333333334 23.448513430194563 22.429173491943203
559.8958333333334 23.448802995523398 22.4284629946624
560.3958333333334 23.44908396961532 22.427766458320452
560.8958333333334 23.449360192810854 22.427068742363033
561.3958333333334 23.449653269214426 22.426371440125127
561.8958333333334 23.449959412232985 22.42567664651152
562.3958333333334 23.45026321575083 22.424990201451624
562.8958333333334 23.450573115553258 22.42430405450198
563.3958333333334 23.45090264548103 22.423624217006378
563.8958333333334 23.451213370409736 22.422935151650087
564.3958333333334 23.4515552164604 22.422260696294963
564.8958333333334 23.451883764070885 22.421584697018893
565.3958333333334 23.45221148519585 22.420915273425223
565.8958333333334 23.452558931027614 22.4202444630639
566.3958333333334 23.45291091128628 22.41958277752468
566.8958333333334 23.453260148777886 22.418910977858772
567.3958333333334 23.453614070542663 22.418251921167037
