FastTrWP/PhaseSpace/IAs/snIa_0.45_30.00_0.83_-0.09.csv
# %ECSV 0.9
# ---
# datatype:
# - {name: time-rel, datatype: float64}
# - {name: g, datatype: float64}
# - {name: i, datatype: float64}
# schema: astropy-2.0
time-rel g i
[from data line 287]
303.3958333333333 24.058037091089286 23.540889283107283
303.8958333333333 24.05377463513853 23.53766181317593
304.3958333333333 24.049504864681094 23.53444098446527
304.8958333333333 24.045232600710303 23.531227885044096
305.3958333333333 24.04099697337545 23.528027631866063
305.8958333333333 24.036764548740614 23.52483485512067
306.3958333333333 24.032559606054676 23.521650525148694
306.8958333333333 24.02835707123662 23.51846859483231
307.3958333333333 24.02416417211353 23.515294658007875
307.8958333333333 24.01999974016158 23.512135088262227
308.3958333333333 24.01582373451999 23.508977873888185
308.8958333333333 24.01167256873844 23.50582879290835
309.3958333333333 24.007547925739555 23.502681297053392
309.8958333333333 24.0034119949641 23.49956000099366
310.3958333333333 23.999304933992352 23.49643241980769
310.8958333333333 23.9951959660947 23.493313674626506
311.3958333333333 23.99111423423569 23.490200234163478
311.8958333333333 23.98704183679974 23.487092517532343
312.3958333333333 23.9829720504445 23.48399119692294
312.8958333333333 23.978927341687704 23.48090396088352
313.3958333333333 23.974885125362924 23.47781772859556
313.8958333333333 23.970843785445567 23.47473542177047
314.3958333333333 23.96683297144908 23.471671814620066
314.8958333333333 23.962838443769208 23.4686097625914
315.3958333333333 23.9588538577449 23.465576832536684
315.8958333333333 23.954875582820527 23.462519507531585
316.3958333333333 23.950921869694355 23.45949324806774
316.8958333333333 23.94696083517716 23.456459893450155
317.3958333333333 23.9430384722493 23.453443926611204
317.8958333333333 23.939126893052794 23.450436052081862
318.3958333333333 23.93519223747546 23.447415286958602
318.8958333333333 23.931292042424317 23.444432997165116
319.3958333333333 23.927401668809903 23.44143098279659
319.8958333333333 23.923524885103504 23.438442376109613
320.3958333333333 23.91966465854358 23.435480261191994
320.8958333333333 23.915814661238986 23.43250338160686
321.3958333333333 23.911981197078077 23.42954686148552
321.8958333333333 23.908137955786565 23.426599925022714
322.3958333333333 23.904333510194 23.423638467981487
322.8958333333333 23.900520061951404 23.42071285473518
323.3958333333333 23.89672147319988 23.417780460704556
323.8958333333333 23.892946741913242 23.41485365660772
324.3958333333333 23.889165900437128 23.411935085366483
324.8958333333333 23.885405283374403 23.409021847878506
325.3958333333333 23.881645421048596 23.406109952929945
325.8958333333333 23.877892999534982 23.40323080927615
326.3958333333333 23.87418107810751 23.400330203636337
326.8958333333333 23.87044662940651 23.397434992808353
327.3958333333333 23.866748657397387 23.39456310695324
327.8958333333333 23.863034851946114 23.391690020991852
328.3958333333333 23.85934576806308 23.388824237062295
328.8958333333333 23.855665037959064 23.38596380669378
329.3958333333333 23.851981687620505 23.383107477857102
329.8958333333333 23.84833380646232 23.3802579677899
330.3958333333333 23.844674029201194 23.377422552510442
330.8958333333333 23.84104554459983 23.37457610335126
331.3958333333333 23.83740752278735 23.3717584441596
331.8958333333333 23.83378922404651 23.36893041252557
332.3958333333333 23.830165611116513 23.36611363532611
332.8958333333333 23.826573525612496 23.363301047907754
333.3958333333333 23.822965678221234 23.36048813930173
333.8958333333333 23.819380789187452 23.357686734103346
334.3958333333333 23.815795208468373 23.354893668569172
334.8958333333333 23.812234684646082 23.352104323442457
335.3958333333333 23.808675456828155 23.34931684308501
335.8958333333333 23.805130523930828 23.346545415170485
336.3958333333333 23.801580587625498 23.343770672229752
336.8958333333333 23.798055956438645 23.3410045360074
337.3958333333333 23.79452011141543 23.338241461107803
337.8958333333333 23.791014826521547 23.33548118189363
338.3958333333333 23.787511570845467 23.332721014853615
338.8958333333333 23.784003645984775 23.329990570042934
339.3958333333333 23.78051472857285 23.32724114831151
339.8958333333333 23.777026296707206 23.324511580010324
340.3958333333333 23.773547146712716 23.32177152205731
340.8958333333333 23.770075548745496 23.319053000700393
341.3958333333333 23.766612699429626 23.316326345126676
341.8958333333333 23.7631730186374 23.31361635590847
342.3958333333333 23.759720713131962 23.31089923953485
342.8958333333333 23.75627805006832 23.30817879719136
343.3958333333333 23.752843854139428 23.305490305269196
343.8958333333333 23.749434013004347 23.30280066714554
344.3958333333333 23.74602008210473 23.300090405347937
344.8958333333333 23.742608574902913 23.29740768840335
345.3958333333333 23.739207451604265 23.294725156066896
345.8958333333333 23.73580868041584 23.29204058632756
346.3958333333333 23.732431906324244 23.28937059486592
346.8958333333333 23.729060785273028 23.286694622841782
347.3958333333333 23.725673702310495 23.284028559796617
347.8958333333333 23.722313218134193 23.28136868405721
348.3958333333333 23.71895924523151 23.278714085949158
348.8958333333333 23.71562330065352 23.276061859027955
349.3958333333333 23.71226991137863 23.27341208281983
349.8958333333333 23.70894620246895 23.270773933463786
350.3958333333333 23.705615515111628 23.26813646411415
350.8958333333333 23.702292836887295 23.265511743039447
351.3958333333333 23.69898264320171 23.262878991883618
351.8958333333333 23.69568868780549 23.260260010368956
352.3958333333333 23.69238306604251 23.257642261942944
352.8958333333333 23.68910650515804 23.255035285862597
353.3958333333333 23.685819763514825 23.252429671488382
353.8958333333333 23.68256191358129 23.249830975147493
354.3958333333333 23.67929153608906 23.247232284010938
354.8958333333333 23.67603266904963 23.24464525849443
355.3958333333333 23.67278356850193 23.24205544164005
355.8958333333333 23.669541331723142 23.239480120643808
356.3958333333333 23.666314691578748 23.23689071283601
356.8958333333333 23.663090039020133 23.23433366622583
357.3958333333333 23.659860449685187 23.23175645442459
357.8958333333333 23.656650316320583 23.22919071867937
358.3958333333333 23.653428926539206 23.22663245488457
358.8958333333333 23.650230694144977 23.22408191019882
359.3958333333333 23.647047586718635 23.221532993464578
359.89583333333326 23.643849321787208 23.218988540501755
360.3958333333333 23.640668970999037 23.216448959645803
360.8958333333333 23.63750192715294 23.2139070617357
361.39583333333326 23.634349614227766 23.211391133146755
361.8958333333333 23.63117373649019 23.208844450692887
362.3958333333333 23.62802902377925 23.20632268951861
362.89583333333326 23.624878444323162 23.20380746102233
363.3958333333333 23.621741240814774 23.201296670574436
363.8958333333333 23.61860157876061 23.19878411677719
364.39583333333326 23.615483089512157 23.19627978094358
364.8958333333333 23.612351703432775 23.193779481955325
365.3958333333333 23.60922943870129 23.19128465842128
365.89583333333326 23.606127231976902 23.188782550949902
366.3958333333333 23.603032846866437 23.18629514341498
366.8958333333333 23.59993525484382 23.18381046213935
367.39583333333326 23.596837384064337 23.18133731625651
367.8958333333333 23.593759180035747 23.178858774627535
368.3958333333333 23.590679157457267 23.176377290851462
368.89583333333326 23.587607642303567 23.173912969289958
369.3958333333333 23.58452694764459 23.171442518761882
369.8958333333333 23.58148452800038 23.168988604969726
370.39583333333326 23.578422584818814 23.166525419278212
370.8958333333333 23.5753863214767 23.16407544290943
371.3958333333333 23.57232579590964 23.16161889842325
371.89583333333326 23.569296866880617 23.159175112565876
372.3958333333333 23.56625592997744 23.15672500778942
372.8958333333333 23.563227528164333 23.154296822122657
373.39583333333326 23.560225791754448 23.15185237180004
373.8958333333333 23.557211697355513 23.149415461144265
374.3958333333333 23.55419854280495 23.146990078097105
374.89583333333326 23.551203830826744 23.14456279407649
375.3958333333333 23.548194291487693 23.142142345719584
375.8958333333333 23.545208687838297 23.139725912197036
376.39583333333326 23.54221846723805 23.137307621138778
376.8958333333333 23.539235036834736 23.13489967954187
377.3958333333333 23.53625780411836 23.132485688622925
377.89583333333326 23.533282071675558 23.130089523756926
378.3958333333333 23.530321607957447 23.127691582487916
378.8958333333333 23.527358205141912 23.125290698821097
379.39583333333326 23.524412628858986 23.122896039943484
379.8958333333333 23.52144515535525 23.120496524271754
380.3958333333333 23.518498972697213 23.11810799560215
380.89583333333326 23.51556900898542 23.11572711185235
381.3958333333333 23.512627089981848 23.113347465240516
381.8958333333333 23.509699056668243 23.11096460905535
382.39583333333326 23.506767239997682 23.108590405359806
382.8958333333333 23.503848220087164 23.106210854494197
383.3958333333333 23.500916453356115 23.103840929931316
383.89583333333326 23.497988742492293 23.101465936268223
384.3958333333333 23.495063733539606 23.099090868266366
384.8958333333333 23.49214286543212 23.096725435537323
385.39583333333326 23.4892025731453 23.094346344423073
385.8958333333333 23.486287978842704 23.091988013817193
386.3958333333333 23.483356701574767 23.089603956149453
386.89583333333326 23.480440949238517 23.087239746644897
387.3958333333333 23.477497593095684 23.08486374156729
387.8958333333333 23.47457948822298 23.08250215070702
388.39583333333326 23.471652574652957 23.080134203990013
388.8958333333333 23.468733427962757 23.077774236907214
389.3958333333333 23.46582007902819 23.075403968527496
389.89583333333326 23.462894704865946 23.073044728208494
390.3958333333333 23.459987775236858 23.070687839774507
390.8958333333333 23.457072840035593 23.068326755162566
391.39583333333326 23.454171628501662 23.065984470335998
391.8958333333333 23.451270672794088 23.06363150726672
392.3958333333333 23.44837911559867 23.06127928827081
392.89583333333326 23.445465260974636 23.058935689173975
393.3958333333333 23.44258448357438 23.056600550601615
393.8958333333333 23.439705092227285 23.0542643325248
394.39583333333326 23.436820117369518 23.05192589059233
394.8958333333333 23.433953575611397 23.049594543787943
395.3958333333333 23.431081032984036 23.047264181118933
395.89583333333326 23.428211597288726 23.044941520556634
396.3958333333333 23.425359118421916 23.042624660211814
396.8958333333333 23.422507787845262 23.040311203673618
397.39583333333326 23.41966529652318 23.037989715141993
397.8958333333333 23.416836593365108 23.035690369647874
398.3958333333333 23.413994111889963 23.033379554189022
398.89583333333326 23.411179996454866 23.03108253803658
399.3958333333333 23.40836725365211 23.028794771200978
399.8958333333333 23.405562340867498 23.02650676735707
400.39583333333326 23.402771587125997 23.024223510506047
400.8958333333333 23.399979083606546 23.021944920014587
401.3958333333333 23.39720346282675 23.019671968183584
401.89583333333326 23.394409700308888 23.017401061424746
402.3958333333333 23.39166042176002 23.0151425877158
402.8958333333333 23.38890646265054 23.012882400414668
403.39583333333326 23.386169804127416 23.01062761011726
403.8958333333333 23.38342796150466 23.00839517204446
404.3958333333333 23.380702712392456 23.006146063536548
404.89583333333326 23.37799841701562 23.003924705759186
405.3958333333333 23.375295335872647 23.001688054300182
405.8958333333333 23.37259030308497 22.9994729331467
406.39583333333326 23.369929802365373 22.99725610008647
406.8958333333333 23.367241562649333 22.995061900833463
407.3958333333333 23.364596798712007 22.99284923094504
407.89583333333326 23.361933847595875 22.990659662089232
408.3958333333333 23.35930171036649 22.98847796983523
408.8958333333333 23.35667099765063 22.986285445310905
409.39583333333326 23.354071579171013 22.984128504265648
409.8958333333333 23.351470607327176 22.981960374681062
410.3958333333333 23.34888231242934 22.97979015725655
410.89583333333326 23.346309369388933 22.97765571896571
411.3958333333333 23.343738379299587 22.975508244679915
411.8958333333333 23.34119293207767 22.97337695520142
412.39583333333326 23.33865084756583 22.971254732133623
412.8958333333333 23.33613136424033 22.96912915129022
413.3958333333333 23.333622516447463 22.967022947448967
413.89583333333326 23.331128058469737 22.96492424194655
414.3958333333333 23.328646805342007 22.962823356225748
414.8958333333333 23.32617950447065 22.96074201284254
415.39583333333326 23.32372743595171 22.958670677964168
415.8958333333333 23.32128301686226 22.95659759061159
416.3958333333333 23.318865624265868 22.954533265875288
416.89583333333326 23.316454328327243 22.95248827242801
417.3958333333333 23.31406172936242 22.950441031310955
417.8958333333333 23.311667582571964 22.948404843750033
418.39583333333326 23.30927785370697 22.94636733137697
418.8958333333333 23.306908576930457 22.94433855022377
419.3958333333333 23.304534260748287 22.942315440697037
419.89583333333326 23.302180654917223 22.940290211225992
420.3958333333333 23.299816696511726 22.938270401145694
420.8958333333333 23.29746314045117 22.936255931623325
421.39583333333326 23.29511779010508 22.93424995011032
421.8958333333333 23.29277728949379 22.932245648497833
422.3958333333333 23.290440307686477 22.930246818828653
422.89583333333326 23.288116841464685 22.92824149880051
423.3958333333333 23.285811976928073 22.926250759521253
423.8958333333333 23.28350143898964 22.924270615805803
424.39583333333326 23.281194274529057 22.92228282741858
424.8958333333333 23.27890320008585 22.920311174752513
425.3958333333333 23.27661191066143 22.918335065990565
425.89583333333326 23.274324063004745 22.91636667385125
426.3958333333333 23.272051530636055 22.914409217040216
426.8958333333333 23.269796072936746 22.91244478934193
427.39583333333326 23.26753964195692 22.910484683811248
427.8958333333333 23.26528932289159 22.908542848159588
428.3958333333333 23.263038355692842 22.906601458706625
428.89583333333326 23.26080837377298 22.904661435378657
429.3958333333333 23.25858772810564 22.90273522876243
429.8958333333333 23.256368262780555 22.900801381929643
430.39583333333326 23.25414598170625 22.89887913285974
430.8958333333333 23.251951368877826 22.89696547429884
431.3958333333333 23.249766321585735 22.89505912521485
431.89583333333326 23.247583010853845 22.893147087233295
432.3958333333333 23.245418559555976 22.891251452956034
432.8958333333333 23.24324576648394 22.889348734304967
433.39583333333326 23.241089495483536 22.887465417072818
433.8958333333333 23.23894096504001 22.885587268059414
434.3958333333333 23.236803460391577 22.88369021794788
434.89583333333326 23.234676973865028 22.88182693331692
435.3958333333333 23.23255535449801 22.879966115067734
435.8958333333333 23.230448688895507 22.87810170952811
436.39583333333326 23.22836068876603 22.87625242405459
436.8958333333333 23.226250530019218 22.874398515819394
437.3958333333333 23.224183550928885 22.872561742055456
437.89583333333326 23.222102872313343 22.870726185898466
438.3958333333333 23.220043601307765 22.868889049518167
438.8958333333333 23.21799388480059 22.86706691366416
439.39583333333326 23.215947233505574 22.86524945675989
439.8958333333333 23.213920101209386 22.863428676465173
440.3958333333333 23.211895091816125 22.861625551139092
440.89583333333326 23.209878329706587 22.859834417975307
441.3958333333333 23.20788223624589 22.85804020388727
441.8958333333333 23.205890305323127 22.85625139650754
442.39583333333326 23.203915467391777 22.854468875849424
442.8958333333333 23.20193856092248 22.852693865865593
443.3958333333333 23.199990214298705 22.85092424459245
443.89583333333326 23.19803823479617 22.849166104549262
444.3958333333333 23.196093224691214 22.84741240953178
444.8958333333333 23.194166927957752 22.845657176810423
445.39583333333326 23.192256324612437 22.84391775231695
445.8958333333333 23.190352207591438 22.842193976650247
446.3958333333333 23.188448372491123 22.840464245444668
446.89583333333326 23.18658088681111 22.838744254063926
