FastTrWP/PhaseSpace/IAs/snIa_0.62_30.00_-0.98_-0.14.csv
# %ECSV 0.9
# ---
# datatype:
# - {name: time-rel, datatype: float64}
# - {name: g, datatype: float64}
# - {name: i, datatype: float64}
# schema: astropy-2.0
time-rel g i
-377.0 26.986596283128335 25.266290080198605
-376.5 26.963326692353412 25.257580308091416
-376.0 26.94048435740538 25.24890399746186
-375.5 26.917941166667326 25.240281222630433
-375.0 26.895905848914285 25.231717767729553
-374.5 26.874079402553544 25.223185242406334
-374.0 26.852727346726923 25.21468647201298
-373.5 26.83163670355025 25.20621341345862
-373.0 26.81091291751805 25.1978386874214
-372.5 26.790512166222385 25.18948940722765
-372.0 26.770445944153476 25.181158074390968
-371.5 26.750582900476935 25.17289661429318
-371.0 26.73111353353203 25.164687273507937
-370.5 26.711820596635306 25.156509425080202
-370.0 26.692906069537013 25.148350353564062
-369.5 26.674234151392415 25.14024632187975
-369.0 26.65581121139571 25.132193011831973
-368.5 26.6376203795706 25.124181963106082
-368.0 26.619725209655655 25.116216564877156
-367.5 26.602037493488574 25.10830321764654
-367.0 26.584559565806018 25.100406906390845
-366.5 26.56725061341556 25.09253381934692
-366.0 26.550116767558258 25.084713149474403
-365.5 26.533225843322104 25.07691166225183
-365.0 26.516503196994247 25.069147279826353
-364.5 26.499903435898307 25.0614323847177
-364.0 26.48356291747898 25.05370632252127
-363.5 26.467337664319217 25.046026268054867
-363.0 26.45126933156356 25.03838066105238
-362.5 26.435428852358406 25.030794189460753
-362.0 26.419715746203796 25.02319007652733
-361.5 26.40409252472449 25.01566931175895
-361.0 26.388726974352473 25.008163227272526
-360.5 26.373464193288054 25.000672706577912
-360.0 26.358377013541098 24.99319345600228
-359.5 26.343426459668507 24.98577359326708
-359.0 26.328608302274674 24.978356047432754
-358.5 26.313918656897886 24.971004321284042
-358.0 26.29943352087496 24.963669792423904
-357.5 26.285011315437895 24.9563487631857
-357.0 26.270733282082578 24.949060771523367
-356.5 26.256575589407582 24.941810684271815
-356.0 26.242611632433942 24.934583029970586
-355.5 26.22873793976227 24.927396662644796
-355.0 26.21493967602223 24.920237981076223
-354.5 26.201286098064294 24.913084826104892
-354.0 26.187796416444698 24.905948977842222
-353.5 26.174382758900823 24.898880945530873
-353.0 26.1611473096327 24.89179809789363
-352.5 26.147948839904092 24.884771882056658
-352.0 26.13489525140874 24.877749063284394
-351.5 26.12196446823897 24.87077034221343
-351.0 26.109129477949917 24.863816720732245
-350.5 26.096399393139524 24.856894061202762
-350.0 26.08376430468249 24.84997805954457
-349.5 26.07125400077583 24.843095187793352
-349.0 26.058843750370993 24.836244538996894
-348.5 26.046517461299423 24.829435928304633
-348.0 26.034340750702928 24.822613485635486
-347.5 26.022209556685123 24.815828392253756
-347.0 26.010209182579395 24.809100435636683
-346.5 25.99825762570399 24.802367413720397
-346.0 25.986462561160405 24.795639668207095
-345.5 25.974693856261005 24.788964458841384
-345.0 25.96299897392982 24.782304010627687
-344.5 25.951469670170578 24.77568193158959
-344.0 25.939994638726667 24.76909234597686
-343.5 25.928593241020963 24.76250875599822
-343.0 25.91731524369594 24.755915207038434
-342.5 25.906097845150992 24.7493975901971
-342.0 25.894983746836004 24.742880929469436
-341.5 25.883921297335743 24.73636632866944
-341.0 25.872940745255008 24.72992269512716
-340.5 25.862091077974373 24.723489714426723
-340.0 25.851293081405796 24.717078296684896
-339.5 25.84053975646027 24.71066483927546
-339.0 25.82993791791479 24.70427482628329
-338.5 25.819381502357896 24.697903798677498
-338.0 25.808857553365083 24.69158316090009
-337.5 25.798422129382175 24.685283714839823
-337.0 25.788085395561943 24.678984880202783
-336.5 25.777784324566476 24.67272850719974
-336.0 25.767605799883015 24.666465791348998
-335.5 25.757467261863788 24.660252293589476
-335.0 25.747399857210816 24.654048318362236
-334.5 25.737425530360657 24.64785332231161
-334.0 25.727514428044746 24.64170287208709
-333.5 25.717647548089985 24.635554171061038
-333.0 25.70785179283927 24.629445225452717
-332.5 25.69814021199999 24.62333697037845
-332.0 25.68849179304629 24.617255476117958
-331.5 25.67888832590958 24.61121391744063
-331.0 25.66939115455793 24.60517284399983
-330.5 25.659898191781995 24.59914230033002
-330.0 25.65050742375121 24.59314416635085
-329.5 25.641134341503736 24.587187011016603
-329.0 25.63186542789532 24.581234525998916
-328.5 25.62267097317775 24.575286085730678
-328.0 25.613512553995676 24.569370993682927
-327.5 25.604407084176675 24.563469570862942
-327.0 25.595338314047527 24.55759639236139
-326.5 25.58630614822778 24.551751229105765
-326.0 25.57733313572935 24.54588633481309
-325.5 25.568410771462066 24.540063222530748
-325.0 25.559561086345568 24.534282278809286
-324.5 25.55074238176859 24.52850036376061
-324.0 25.541944524313585 24.52271895530277
-323.5 25.533251844962397 24.51698272740693
-323.0 25.52454707769911 24.511253454294327
-322.5 25.515929517326548 24.505566642533235
-322.0 25.507335779839636 24.499841495762055
-321.5 25.498817190571287 24.494189475969502
-321.0 25.490317594414233 24.488522737204566
-320.5 25.48185506900618 24.48287463640196
-320.0 25.47344830198117 24.477268929628803
-319.5 25.465108448024786 24.471669134106318
-319.0 25.45677643199623 24.466075338806927
-318.5 25.448484068151807 24.46050652984026
-318.0 25.440258753813612 24.454947808644746
-317.5 25.43206302360663 24.449412813777194
-317.0 25.42390292184372 24.44389233190391
-316.5 25.415808798357325 24.43838422797708
-316.0 25.407729488089814 24.432890496565726
-315.5 25.39968929743358 24.427428088784843
-315.0 25.39171548222577 24.421976024534864
-314.5 25.38375709660147 24.416524955484974
-314.0 25.375871541687488 24.41110185429073
-313.5 25.367990277468234 24.405673611707954
-313.0 25.36014299647578 24.40027413687529
-312.5 25.352351638439146 24.394913684741375
-312.0 25.344572918329476 24.389552378662614
-311.5 25.33686590635422 24.384174546392394
-311.0 25.329207171498204 24.378853123584484
-310.5 25.321536100253965 24.373529570006838
-310.0 25.31392631017484 24.368216891808174
-309.5 25.306348497979307 24.362935465572754
-309.0 25.29881215874113 24.357650297889574
-308.5 25.291320868618286 24.352367399117362
-308.0 25.28385351186063 24.34712556575825
-307.5 25.27641951907988 24.34188602367623
-307.0 25.269015217174804 24.33667335810938
-306.5 25.26164964627291 24.33144910399804
-306.0 25.25430247092856 24.3262442196982
-305.5 25.247008929332942 24.32104980568954
-305.0 25.23975864134058 24.315894647784482
-304.5 25.23253337115373 24.310729484771826
-304.0 25.225326406342088 24.305588857905175
-303.5 25.218192138612746 24.30045163084403
-303.0 25.211051774111738 24.295340588863652
-302.5 25.203945193153675 24.290229078455305
-302.0 25.196894069781393 24.285135947153094
-301.5 25.189830591754596 24.28004049296868
-301.0 25.182842624488877 24.274973600564635
-300.5 25.175857353085625 24.269914006171852
-300.0 25.168906397457825 24.26486946687327
-299.5 25.161992240573724 24.25983108612388
-299.0 25.155111071993524 24.25481180750321
-298.5 25.148268914281893 24.249807208900105
-298.0 25.141465662368276 24.244798196888144
-297.5 25.134645715673535 24.239809859033514
-297.0 25.127899860464687 24.2348352055207
-296.5 25.1211583894493 24.229873066913015
-296.0 25.114454008409478 24.224916938413827
-295.5 25.107778281418195 24.219967766613266
-295.0 25.10111859904026 24.215047267766113
-294.5 25.094522880697316 24.210116341019855
-294.0 25.087920544964124 24.205213815157226
-293.5 25.081371445488188 24.200305437131597
-293.0 25.074809293152363 24.195416267881342
-292.5 25.0683201569627 24.190551557905433
-292.0 25.06183218480373 24.18568903137672
-291.5 25.05536727629395 24.180825853183485
-291.0 25.048961424439852 24.175984002325833
-290.5 25.042534645999087 24.171137353014068
-290.0 25.036194598863087 24.166316088356126
-289.5 25.029833381352816 24.161509488396984
-289.0 25.023489480309195 24.156722546174628
-288.5 25.017192018012388 24.15190503356331
-288.0 25.01095771154279 24.147121062703153
-287.5 25.004675687773208 24.142376127900953
-287.0 24.99848141025754 24.13762402775965
-286.5 24.99227173052761 24.132872589421332
-286.0 24.98610866559263 24.128121325070833
-285.5 24.97994010916273 24.12340268904718
-285.0 24.973820120829156 24.1186974841968
-284.5 24.96770633394219 24.114011213302945
-284.0 24.96163738663743 24.1093093048479
-283.5 24.955573858554313 24.104630630623348
-283.0 24.949550576312372 24.099954129949317
-282.5 24.943500239907884 24.09529399190038
-282.0 24.93751690142295 24.090648093934746
-281.5 24.93155140514862 24.08602447904353
-281.0 24.925604174453543 24.081388736575136
-280.5 24.919671404082596 24.076759481782673
-280.0 24.913779608744676 24.07215994341593
-279.5 24.907877861782897 24.06757549758845
-279.0 24.902035429426217 24.062989020597946
-278.5 24.896189325513994 24.05840533556716
-278.0 24.89037565624375 24.053827499222912
-277.5 24.8845826933904 24.04928761962511
-277.0 24.878770298664143 24.04474211932253
-276.5 24.87301253619503 24.04021062918641
-276.0 24.86728669426857 24.035687640037708
-275.5 24.861552846772316 24.031166147047976
-275.0 24.855850987210488 24.02665477326837
-274.5 24.850167913476085 24.022158431417374
-274.0 24.84449551577881 24.017678351397077
-273.5 24.83887061007546 24.01318754953326
-273.0 24.833252453389754 24.00872997900994
-272.5 24.827628349363412 24.0042605588723
-272.0 24.822033709652935 23.99982552178939
-271.5 24.816450613616222 23.995378047750748
-271.0 24.81092453345898 23.990958054882483
-270.5 24.80538670270556 23.986524186728
-270.0 24.79985364511153 23.982118056597017
-269.5 24.794360323623707 23.977698717462708
-269.0 24.788883860777208 23.973301108991
-268.5 24.783422976367397 23.9689200745557
-268.0 24.7779701212393 23.964556152117545
-267.5 24.772563474392154 23.960173162651508
-267.0 24.76712282872522 23.95582234430786
-266.5 24.761744625329083 23.951472769671682
-266.0 24.7563704332334 23.947140721829644
-265.5 24.750982882449772 23.94279024852306
-265.0 24.745635608956977 23.93845363744606
-264.5 24.740318188021526 23.934155885382058
-264.0 24.73499045103051 23.929839572466793
-263.5 24.729694934212738 23.92553055467454
-263.0 24.724411331449403 23.92125408960704
-262.5 24.719151646637783 23.91695792680421
-262.0 24.713893807928034 23.912701018057266
-261.5 24.70867967138402 23.90842350869027
-261.0 24.703464346947474 23.904174095983052
-260.5 24.69824059637013 23.899907027281856
-260.0 24.693051839149966 23.895670599451545
-259.5 24.687884694703307 23.89142776150814
-259.0 24.682708996734828 23.887214420462918
-258.5 24.67759117245755 23.882996615237392
-258.0 24.672459632807843 23.878786649518034
-257.5 24.667337817482604 23.874579874457037
-257.0 24.66223051413119 23.870392872529187
-256.5 24.657148821478746 23.86619613415355
-256.0 24.65205716327722 23.862032656266166
-255.5 24.6469965431828 23.857855353130727
-255.0 24.641975463010137 23.85367853483638
-254.5 24.636943181220047 23.849532008248232
-254.0 24.631908568258595 23.845387688624072
-253.5 24.62690130947738 23.841251950453604
-253.0 24.62194630270355 23.837114725165414
-252.5 24.61695417800187 23.832980942583333
-252.0 24.611979032875183 23.828869094035166
-251.5 24.60702929067516 23.824750461625328
-251.0 24.602113043602195 23.820652050260623
-250.5 24.597186854022794 23.816550974563675
-250.0 24.592290348765708 23.812460747361865
-249.5 24.587386863687904 23.808393245411562
-249.0 24.582517449610513 23.804320926930306
-248.5 24.577632206247387 23.800266055684656
-248.0 24.57278470007806 23.796202210647355
-247.5 24.5679596425717 23.792151945916604
-247.0 24.563127164613174 23.788117762933474
-246.5 24.55831856728033 23.784093590738628
-246.0 24.553509430125278 23.780065336012576
-245.5 24.54874522286277 23.77604367956769
-245.0 24.543963959481246 23.772037983532876
-244.5 24.53921368734377 23.768033107210712
-244.0 24.5344587574088 23.764043802140353
-243.5 24.52971888075899 23.760063958615312
-243.0 24.52501582379965 23.756099024863673
-242.5 24.52029508795104 23.752125872920256
-242.0 24.5156159137291 23.748144862576094
-241.5 24.510938732192148 23.744212026817134
-241.0 24.506268569144485 23.74024792290365
-240.5 24.501600759984616 23.73632406430008
-240.0 24.49697013149443 23.732385591036987
-239.5 24.4923444500349 23.728458210219866
-239.0 24.487702934484016 23.72454058367362
-238.5 24.483113160699496 23.720634011322268
-238.0 24.4785073798467 23.716725276632662
-237.5 24.47393064447613 23.712828035154985
-237.0 24.469351917597603 23.70894219280883
-236.5 24.464780390822565 23.705056179912702
-236.0 24.460221583269288 23.701179649411447
-235.5 24.45568912221143 23.697300325924253
-235.0 24.451159964519928 23.693430499787564
-234.5 24.44663477019583 23.68959294650262
-234.0 24.4421446598147 23.685739304594353
-233.5 24.437628487592526 23.68189724532956
-233.0 24.43315627410994 23.67804934948979
-232.5 24.428679293569175 23.674233086403788
-232.0 24.424220284904912 23.670389581912854
-231.5 24.41977832112496 23.666579670934375
-231.0 24.415314352679932 23.66275276370387
-230.5 24.410892624670353 23.65895826103483
-230.0 24.406453795431986 23.65516631774012
-229.5 24.402058896868276 23.651363111398748
-229.0 24.39765403901842 23.647579347566456
-228.5 24.393264256221258 23.643795628861135
-228.0 24.38888109534195 23.640032225144942
-227.5 24.384497876515 23.636257415495766
-227.0 24.380135536666554 23.63248845310702
-226.5 24.375789495918056 23.62874095172218
-226.0 24.37142960729389 23.624971464058575
-225.5 24.367112239704632 23.621225297311334
-225.0 24.362774034508522 23.617492837286985
-224.5 24.358465955660357 23.613767953905395
-224.0 24.354162407847298 23.610033114432053
-223.5 24.349868517225637 23.606311299613814
-223.0 24.345587097465398 23.602577542362987
-222.5 24.341315555762286 23.59886315971176
-222.0 24.337022431169657 23.595177631966187
-221.5 24.33277937943314 23.591471937945897
-221.0 24.328510230313825 23.58778505511377
-220.5 24.324273870720603 23.584092938927835
-220.0 24.320038568101662 23.580403813033463
-219.5 24.315815379086665 23.576719144244418
-219.0 24.311604260973443 23.57305121450878
-218.5 24.307386318354055 23.569385531308626
-218.0 24.303200209423757 23.565715998101822
-217.5 24.29898152911843 23.562062029420638
-217.0 24.294811630069077 23.55842076441639
-216.5 24.290653887383606 23.554764005702037
-216.0 24.28647732813756 23.55112051761605
-215.5 24.28231986288326 23.54748101662784
-215.0 24.278162856380852 23.54385194527643
-214.5 24.27402900414465 23.54023030224525
-214.0 24.26989304384825 23.536596943828968
-213.5 24.265761188287783 23.532976673609582
-213.0 24.261659929259704 23.529364236656146
-212.5 24.257530262498108 23.525762778512558
-212.0 24.253437109453955 23.522160591877082
-211.5 24.24932526970109 23.518566844138814
-211.0 24.245245520604612 23.514975235809565
-210.5 24.241191039869413 23.5113820686856
-210.0 24.237108515124 23.507799429287147
-209.5 24.23305130094151 23.504232981686755
-209.0 24.22900379237468 23.500667724057433
-208.5 24.224957455014533 23.497095227585053
-208.0 24.220931951318995 23.493546170321338
-207.5 24.2168886293995 23.489990794032522
-207.0 24.21287428438211 23.48644415555325
-206.5 24.208876503292977 23.482908399922948
-206.0 24.20486487014278 23.479371106646454
-205.5 24.200878497147272 23.475838352822088
-205.0 24.196876403498663 23.47231240585023
-204.5 24.192906740811853 23.46879822346263
-204.0 24.188943323393694 23.465287782460198
-203.5 24.18498644576477 23.46177687144181
-203.0 24.181012374953802 23.458277813784193
-202.5 24.1770774538221 23.45477181357388
-202.0 24.173151251113826 23.45127385380421
-201.5 24.169210403623225 23.44779644626701
-201.0 24.16529199897811 23.444310133048496
-200.5 24.161381908372384 23.44083992139016
-200.0 24.15747965293744 23.43736109437573
-199.5 24.153584321595748 23.433902998852794
-199.0 24.149669942761783 23.430437696924
-198.5 24.145798963629655 23.426984179586256
-198.0 24.14191839557794 23.42353518183336
-197.5 24.138061202479705 23.420088206991636
-197.0 24.13418883300587 23.416653189195884
-196.5 24.13034665799199 23.413215765189925
