FastTrWP/PhaseSpace/IAs/snIa_0.34_30.00_-1.31_0.05.csv
# %ECSV 0.9
# ---
# datatype:
# - {name: time-rel, datatype: float64}
# - {name: g, datatype: float64}
# - {name: i, datatype: float64}
# schema: astropy-2.0
time-rel g i
[from data line 2142]
686.0 25.436056097271724 23.26005863068616
686.5 25.4380049099403 23.260782598105088
687.0 25.43993760790297 23.261518800348146
687.5 25.44188645444069 23.26223416955515
688.0 25.443821062921653 23.262969270081904
688.5 25.445766500071933 23.26369589739823
689.0 25.44766398958007 23.264433815964285
689.5 25.449639864167885 23.26514805379403
690.0 25.451563372894892 23.265884919803867
690.5 25.453508341291865 23.266615980798868
691.0 25.45546241035559 23.267338932002872
691.5 25.457365727050345 23.268081428882077
692.0 25.459290885418767 23.2688241891158
692.5 25.461253272175036 23.269553425664668
693.0 25.463167447956533 23.270291138972077
693.5 25.465095906184608 23.271038208264898
694.0 25.467025254524756 23.27178134562118
694.5 25.46895423241267 23.272511831076052
695.0 25.470911175315464 23.273256398094805
695.5 25.472800639241534 23.273995194961547
696.0 25.474713879314198 23.27474070223893
696.5 25.476646795830113 23.27547787206885
697.0 25.47857031453251 23.276226711436294
697.5 25.480471505727365 23.27697138631326
698.0 25.48238000813806 23.277719100316606
698.5 25.484309796302284 23.278469917400386
699.0 25.48622330559981 23.27922504278583
699.5 25.48813481985612 23.279971974778157
700.0 25.490051301005057 23.28072290903325
700.5 25.49192118915515 23.28148577769834
701.0 25.493813978315877 23.282233156268106
701.5 25.495748061827157 23.282991755659484
702.0 25.497683153947598 23.283746437898746
702.5 25.499553756622223 23.284493675888626
703.0 25.501449360190207 23.285257749598888
703.5 25.50336080339182 23.28601290932212
704.0 25.505249372338305 23.28677199237157
704.5 25.507144725802824 23.287532828354433
705.0 25.50901879568301 23.288295103581497
705.5 25.510932678012498 23.289064017249167
706.0 25.512844807538396 23.289823418495466
706.5 25.51470083707474 23.290584319720352
707.0 25.516577286728545 23.291360491030453
707.5 25.51847987063362 23.29212089993337
708.0 25.520376670756455 23.292888973950575
708.5 25.522269819380597 23.293662291086534
709.0 25.52413747751244 23.29443347128858
709.5 25.52603151569281 23.295196759980715
710.0 25.527904642511583 23.29597710954193
710.5 25.529804386937357 23.296743059548316
711.0 25.53163862650679 23.297514217285553
711.5 25.533521382532378 23.298286945227183
712.0 25.53540849822828 23.299067375587924
712.5 25.537278779572308 23.299850785228088
713.0 25.539141376725638 23.30062761336719
713.5 25.54097893813488 23.301410294436767
714.0 25.542912526271323 23.302190168618495
714.5 25.544758662051997 23.302969177098852
715.0 25.546610807176858 23.303747107136243
715.5 25.548448648047607 23.304525468953013
716.0 25.550318690549993 23.305324822615564
716.5 25.552190235894884 23.3061212415732
717.0 25.55404594138694 23.306893730427966
717.5 25.555908893551276 23.30768762516658
718.0 25.55773096076785 23.308475745637583
718.5 25.55960825079977 23.309273921430467
719.0 25.56145216945758 23.310065619034155
719.5 25.56326525022376 23.31086048427137
720.0 25.56515529832644 23.311645597941578
720.5 25.56695111830544 23.31244528348598
721.0 25.568821059737704 23.31325552973003
721.5 25.57065201765831 23.314052143770198
722.0 25.57245626545504 23.314847963753763
722.5 25.574329527769144 23.31564946520266
723.0 25.57616024959412 23.316442529249322
723.5 25.577942395344543 23.317261702467924
724.0 25.579782394151202 23.318063406364598
724.5 25.58160138089292 23.318862403748582
725.0 25.58344224636443 23.319670839872437
725.5 25.58525299986566 23.32049146354588
726.0 25.587053244075257 23.321289983639325
726.5 25.58887231441556 23.322108087971834
727.0 25.590694500621677 23.322922647176973
727.5 25.59250258684639 23.323732042046235
728.0 25.594293325647772 23.32454582901687
728.5 25.596098833651745 23.32536495038921
729.0 25.597881794985685 23.32619308018964
729.5 25.599678092968393 23.327013297691618
730.0 25.60146612961052 23.327829477664498
730.5 25.603247510213293 23.32865106534377
731.0 25.605048584483946 23.329485076153418
731.5 25.606822183327115 23.330314455111115
732.0 25.60856545835389 23.331139151731715
732.5 25.610370054898077 23.33196033859253
733.0 25.612147439884637 23.332795681898602
733.5 25.613902326852823 23.333627667283935
734.0 25.615665503953263 23.334467085927617
734.5 25.617439428459473 23.335297800779923
735.0 25.61920569449442 23.336129273706177
735.5 25.620958785599655 23.336974945765682
736.0 25.622704099494232 23.337813382013994
736.5 25.62446717617246 23.338645222717535
737.0 25.626182060438506 23.33949019045017
737.5 25.627937838194107 23.34033493966774
738.0 25.62967716662242 23.341187121346316
738.5 25.631384903911677 23.342029340220133
739.0 25.633160054535796 23.342879825428348
739.5 25.63485341162512 23.34372397135501
740.0 25.63660363341124 23.344585129670293
740.5 25.638325071834092 23.345436581058543
741.0 25.640062220468714 23.34628382129729
741.5 25.641723585306927 23.347130906099594
742.0 25.643526217172056 23.347993580577047
742.5 25.645205355338142 23.34886240418286
743.0 25.646899869751174 23.349719009686503
743.5 25.648626359824505 23.35057354526068
744.0 25.650324294412464 23.35144277799353
744.5 25.65198378993514 23.352305462682565
745.0 25.65370310172846 23.35316723662009
745.5 25.655405596968958 23.354025090738247
746.0 25.657065601119733 23.354903119598077
746.5 25.658768898105038 23.355776116901417
747.0 25.660454178867212 23.356637578603042
747.5 25.662139391821878 23.357517159644882
748.0 25.66381117656991 23.35838860061582
748.5 25.665483210008748 23.3592691552034
749.0 25.66715729219532 23.36013793074017
749.5 25.668807138827276 23.36101942932582
750.0 25.67046478479126 23.36189405545941
750.5 25.672133071281653 23.362780021551117
751.0 25.673807322519377 23.363659263771144
751.5 25.675446143401977 23.364550010070527
752.0 25.677082231566782 23.365431443845072
752.5 25.678714047299312 23.366310732570014
753.0 25.680370052103363 23.367208625177508
753.5 25.681982198964985 23.36810361493315
754.0 25.683632592089168 23.36899520325806
754.5 25.68526726592969 23.369876985916257
755.0 25.686909537854046 23.370780696259807
755.5 25.68851112585769 23.371669141768223
756.0 25.690116289310954 23.37256748653966
756.5 25.69175286036357 23.37346906185275
757.0 25.693351371239885 23.374370680352307
757.5 25.694983224000154 23.375263242962898
758.0 25.69656936600998 23.376169451043822
758.5 25.69815661424392 23.377071217225257
759.0 25.6997217444949 23.37797657527316
759.5 25.7013096543766 23.378886016072403
760.0 25.702910227067413 23.379779505695197
760.5 25.70450494934294 23.38069991873634
761.0 25.706060044021058 23.381606345732855
761.5 25.70763692025392 23.382517868885856
762.0 25.709224731895574 23.383438436196986
762.5 25.710794402548956 23.38435633905032
763.0 25.712343148228534 23.38526726384988
763.5 25.713910067942393 23.38618839478688
764.0 25.715452070203362 23.387101366435733
764.5 25.71699524892372 23.388024031298404
765.0 25.718555481258527 23.388951713846794
765.5 25.72008866851823 23.389869779796864
766.0 25.721643943642015 23.390797918142816
766.5 25.723182129825325 23.39173131623147
767.0 25.72469137877227 23.3926521209405
767.5 25.72620609364315 23.393576296194638
768.0 25.727752701516167 23.3945247090779
768.5 25.729241054680372 23.395439514090512
769.0 25.730736274830697 23.39638582725343
769.5 25.73226249150889 23.39732842795079
770.0 25.73374807266878 23.398264144608994
770.5 25.735273750729476 23.39919727562746
771.0 25.736756914742266 23.40013113687935
771.5 25.738252168193988 23.401088604046556
772.0 25.73971304600391 23.40203401037214
772.5 25.74120448246568 23.40297253895903
773.0 25.74264796502898 23.403920602462065
773.5 25.744109263777496 23.40487031792486
774.0 25.74558652343749 23.40582257795947
774.5 25.747053739659652 23.40677474259117
775.0 25.74851436432525 23.40772927990113
775.5 25.74995234475795 23.4086863026552
776.0 25.75140772008441 23.409649880638103
776.5 25.752847647182527 23.410602280490295
777.0 25.754274124108 23.411569646803997
777.5 25.75570232594723 23.412538044624988
778.0 25.75713661844403 23.413491100178327
778.5 25.758516791095758 23.41446048318253
