FastTrWP/PhaseSpace/IAs/snIa_0.46_30.00_0.84_0.08.csv
# %ECSV 0.9
# ---
# datatype:
# - {name: time-rel, datatype: float64}
# - {name: g, datatype: float64}
# - {name: i, datatype: float64}
# schema: astropy-2.0
time-rel g i
[from data line 700]
-71.5 23.3748225241478 22.49068123874536
-71.0 23.374005723182762 22.489661064574776
-70.5 23.373192691567724 22.488654549612903
-70.0 23.372385996559473 22.48763961430747
-69.5 23.371596504011173 22.486638429247332
-69.0 23.370810422834158 22.485630346318594
-68.5 23.370022921409014 22.484645081778332
-68.0 23.369253938530854 22.48364796174698
-67.5 23.36848537736314 22.482666473340736
-67.0 23.367727737830258 22.481680611408006
-66.5 23.366977890859914 22.480708461396496
-66.0 23.36622379020954 22.47973268383429
-65.5 23.36549237077573 22.478761339605164
-65.0 23.36476731581312 22.477796619648576
-64.5 23.36404915443852 22.476842482308545
-64.0 23.363330652764816 22.475884326704026
-63.5 23.362618767645827 22.474929552708165
-63.0 23.3619176277006 22.473988425405768
-62.5 23.36122805347194 22.473046593075246
-62.0 23.360540988098716 22.472110739645803
-61.5 23.35986127235232 22.471178332756942
-61.0 23.35918240536275 22.470249497454237
-60.5 23.35851705460704 22.46932998533171
-60.0 23.35786296437807 22.46840950546829
-59.5 23.35721533655893 22.467498892505972
-59.0 23.356566279760184 22.466586491035784
-58.5 23.35593701364479 22.465673317539565
-58.0 23.35530296661139 22.464780316551153
-57.5 23.354674585003256 22.463885974824827
-57.0 23.354063352779498 22.462982998948288
-56.5 23.35344739803487 22.462099115987293
-56.0 23.352849577236682 22.46120368979096
-55.5 23.352248938612384 22.460321737936052
-55.0 23.351662023353782 22.45944506067901
-54.5 23.35107494447115 22.458574234846402
-54.0 23.35050087146531 22.457712332657632
-53.5 23.349940498323186 22.456838640610613
-53.0 23.349364214433454 22.455987144627073
-52.5 23.348799416157288 22.45512060048613
-52.0 23.34825667788816 22.45426761467011
-51.5 23.347705710094544 22.453417723467126
-51.0 23.34716665151511 22.452569462727677
-50.5 23.346637140644766 22.45172684217315
-50.0 23.34611005971574 22.450888697771433
-49.5 23.345588011627868 22.45004942381232
-49.0 23.34507616437669 22.449218160328492
-48.5 23.344564896616884 22.44839473240593
-48.0 23.344063292941684 22.447566956870247
-47.5 23.343556837335818 22.44674414433835
-47.0 23.343082193636683 22.445932269725017
-46.5 23.34259349973857 22.445120294682877
-46.0 23.342115043127176 22.44430734064658
-45.5 23.341640771874154 22.443501283648096
-45.0 23.341182189178934 22.442701526011636
-44.5 23.340723110785753 22.441899546703596
-44.0 23.34027191495165 22.441109541551366
-43.5 23.33982865863154 22.440316490246737
-43.0 23.339376905738266 22.439519204276564
-42.5 23.338939892004042 22.438730830938706
-42.0 23.338506248153735 22.437953584364152
-41.5 23.338093313693975 22.43716867566764
-41.0 23.337669757778485 22.43640095512033
-40.5 23.337251471402304 22.43562835695428
-40.0 23.33685041209284 22.434856488635035
-39.5 23.336444734965585 22.434084111032323
-39.0 23.336057066771083 22.433323132000208
-38.5 23.3356619154539 22.432559529216913
-38.0 23.335274402653408 22.4318058847727
-37.5 23.334900967821987 22.431050281584763
-37.0 23.33452312277114 22.430302178896543
-36.5 23.334152117217197 22.4295514233223
-36.0 23.333793728195506 22.428813803443504
-35.5 23.333437396666806 22.42806695288449
-35.0 23.3330734495072 22.427334394029728
-34.5 23.33273014798622 22.426589769956166
-34.0 23.332396816787302 22.425860098799024
-33.5 23.33204381105719 22.42512676606286
-33.0 23.331721709495437 22.424403847799823
-32.5 23.33140115914358 22.423678274136257
-32.0 23.331082609923477 22.42295575008729
-31.5 23.33076114857601 22.422244569802807
-31.0 23.330456426693516 22.421525987084227
-30.5 23.330140860261398 22.420812557898188
-30.0 23.329841500384383 22.42010335311379
-29.5 23.329561767142547 22.41939548014591
-29.0 23.329270758790347 22.418698465497787
-28.5 23.328996704133395 22.418001607000445
-28.0 23.328720933703124 22.417314719154273
-27.5 23.32845985126135 22.416617772659574
-27.0 23.32821442022899 22.41593737815681
-26.5 23.327959200794844 22.41524974731238
-26.0 23.327707975181614 22.414580919031543
-25.5 23.327485049079844 22.41390478754174
-25.0 23.327252664319097 22.413235874853306
-24.5 23.32702116723279 22.412572374196642
-24.0 23.326809149424967 22.411903736845012
-23.5 23.32659952319876 22.411247138813405
-23.0 23.326391022719637 22.41059759985601
-22.5 23.326189685146474 22.409943482677566
-22.0 23.326001544670824 22.40928912790435
-21.5 23.325815957836266 22.408644084980253
-21.0 23.325629716518534 22.4080072657117
-20.5 23.32545668264538 22.40736725854387
-20.0 23.325285835360607 22.406735398876847
-19.5 23.325127411070344 22.406098239138746
-19.0 23.324973569087906 22.405473639496947
-18.5 23.324809852203586 22.404846374848546
-18.0 23.324665839764663 22.40422347855693
-17.5 23.324520485836867 22.403601852243863
-17.0 23.32438176828667 22.402985055886745
-16.5 23.324264765819052 22.402373626741223
-16.0 23.324137065121935 22.40175674253829
-15.5 23.32400507386156 22.401149178916825
-15.0 23.3238976689003 22.400548327437143
-14.5 23.323788461042582 22.399939675773687
-14.0 23.32367921304168 22.399337635608955
-13.5 23.323573841767157 22.398737352656365
-13.0 23.32347701624097 22.398137940589823
-12.5 23.323388429310526 22.39755230215037
-12.0 23.323309469912626 22.396964739252738
-11.5 23.32322708777764 22.396369812291923
-11.0 23.323159564681845 22.39578221463937
-10.5 23.323067759702237 22.39520562367408
-10.0 23.32300029809678 22.394615897043934
-9.5 23.32294166929195 22.394032880287142
-9.0 23.322881330866352 22.39345846464687
-8.5 23.322822404831957 22.392881074792854
-8.0 23.32276861600333 22.39231461290922
-7.5 23.322718231491308 22.391734378791757
-7.0 23.32267504072588 22.391167979656657
-6.5 23.322632640493218 22.390596502096432
-6.0 23.32260860938257 22.390029628897853
-5.5 23.322568364193298 22.389473411667066
-5.0 23.32255435082743 22.38889609419771
-4.5 23.32251871301622 22.38833545445473
-4.0 23.32249058633874 22.38777519507769
-3.5 23.32247953846109 22.387213776653994
-3.0 23.322458449119296 22.386657571232114
-2.5 23.32244091744443 22.386105018283807
-2.0 23.322438264548353 22.38554922185955
-1.5 23.322438285344248 22.384996948643668
-1.0 23.322433800360308 22.384441131421063
-0.5 23.322433963561938 22.38389984771146
0.0 23.32242658806892 22.383342056820972
0.5 23.32244397309475 22.382798517286847
1.0 23.32245373508031 22.382245052715184
1.5 23.322460733979153 22.38170073233578
2.0 23.3224816848338 22.381158776614303
2.5 23.322504518564486 22.38061412212732
3.0 23.322509893251695 22.38007403755843
3.5 23.322540998882396 22.37952029287181
4.0 23.322570253309223 22.37898210431918
4.5 23.322595179469538 22.37844756375634
5.0 23.322631893401283 22.377899407655825
5.5 23.32266391670361 22.377355956208504
6.0 23.322699242363537 22.376825096403593
6.5 23.322745924727904 22.376289834332404
7.0 23.322785969956527 22.375761325595725
7.5 23.322844250455162 22.375228806675153
8.0 23.322885975458817 22.37469815821681
8.5 23.322957883681322 22.374165217789997
9.0 23.323015377531085 22.373641932666573
9.5 23.323079382169553 22.373114216482307
10.0 23.323131390816464 22.37259391432169
10.5 23.323221470767614 22.372071881898087
11.0 23.3232952591964 22.37155477394569
11.5 23.323367542398366 22.371032206579326
12.0 23.32345405263565 22.37051780793452
12.5 23.32354262072296 22.370007335020333
13.0 23.323627330645106 22.369482669341984
13.5 23.323725251674368 22.36897700448218
14.0 23.323826707730127 22.368463326234206
14.5 23.32393978957417 22.367960450527434
15.0 23.32404246176251 22.36745394993722
15.5 23.32415115789003 22.366944679694278
16.0 23.324261599878923 22.36644263615417
16.5 23.32438730321399 22.36594860372078
17.0 23.32450654655326 22.36544163332325
17.5 23.324637456951997 22.36495304165657
18.0 23.32477070840584 22.364451589782423
18.5 23.32489266815014 22.36396031228539
19.0 23.325039255995108 22.36346831020392
19.5 23.325188401898416 22.36297663819945
20.0 23.325324726509923 22.362488711910757
20.5 23.325480804704544 22.362002599000242
21.0 23.325625648293254 22.361510974375584
21.5 23.325794463671457 22.36102707631565
22.0 23.325962088635414 22.360546919469865
22.5 23.326128143033586 22.360072933071734
23.0 23.326297064588573 22.359586333729517
23.5 23.326473015168204 22.35911678600146
24.0 23.326649250046543 22.358637904903198
24.5 23.326841285847017 22.358166781132827
25.0 23.327031496544524 22.357691722999633
25.5 23.327218903422047 22.357233821896703
26.0 23.32741826933915 22.356768909624286
26.5 23.327623884075148 22.356295227326232
27.0 23.32782356306013 22.355835296245722
27.5 23.328035585881036 22.35536923322733
28.0 23.3282463660216 22.354914114971592
28.5 23.328461308997518 22.354457398595283
29.0 23.328688350070784 22.353996207535324
29.5 23.328923636664896 22.35355064341261
30.0 23.329139891263626 22.353094778342086
30.5 23.329377273661763 22.352645860803992
31.0 23.32962038283794 22.352197142766986
31.5 23.329864863240218 22.351750928271397
32.0 23.330108784554106 22.351303452293617
32.5 23.330357203287342 22.350865923648783
33.0 23.330621837384232 22.350425170985588
33.5 23.330888706620275 22.34999460229996
34.0 23.33115454238335 22.34954930901513
34.5 23.331423761837872 22.349107885195462
35.0 23.33170158824742 22.348681033064288
35.5 23.331975962822593 22.34825334511317
36.0 23.332263398331207 22.347824567421007
36.5 23.332560010126407 22.347399841554964
37.0 23.332845172055872 22.346978359176497
37.5 23.33314587345202 22.346548978885554
38.0 23.333450827999663 22.34613318096331
38.5 23.333762952085515 22.345709595686753
39.0 23.33407563621707 22.34529864730267
39.5 23.334400294900153 22.344885845475538
40.0 23.334709615270498 22.34446838378563
40.5 23.33504826319345 22.344059923670017
41.0 23.335371821928565 22.34365200214438
41.5 23.335697844524912 22.343243297958175
42.0 23.3360429811474 22.34284197769121
42.5 23.33638704719721 22.342431335555574
43.0 23.336736528224836 22.34202794571937
43.5 23.337087226070818 22.341632306414382
44.0 23.337442004139128 22.341234766946695
44.5 23.337803329699543 22.340832698777554
45.0 23.338163228525012 22.340442508509348
45.5 23.338544500573025 22.340040629394544
46.0 23.33891159935626 22.33964184290688
46.5 23.339279781725924 22.339256508872076
47.0 23.33967915201924 22.338873979795583
47.5 23.3400650175818 22.338486362622945
48.0 23.340442932650486 22.33809627945024
48.5 23.34084477734361 22.33771033581472
49.0 23.34124951418743 22.337327788954436
49.5 23.34164043285795 22.33695584512847
50.0 23.342061035030742 22.336570891190412
50.5 23.34246645577696 22.336201147689717
51.0 23.342881469077433 22.335825345948955
51.5 23.343321568892293 22.335451359646413
52.0 23.343738515935627 22.335079968720457
52.5 23.34416632196319 22.33471020443927
53.0 23.344605205586436 22.334342194457108
53.5 23.345041191066723 22.333979124699688
54.0 23.34548621060137 22.333613500167395
54.5 23.345944697392767 22.333256079320236
55.0 23.346393448715958 22.33289006998222
55.5 23.346856540267428 22.332536072328253
56.0 23.347324329320458 22.33217552113161
56.5 23.34778122235172 22.33182623431738
57.0 23.34825823014824 22.33147502448151
57.5 23.348729797518534 22.331117989571236
58.0 23.349221085901167 22.330775294927623
58.5 23.349697631060437 22.330424844210903
59.0 23.350189151522855 22.330077191977207
59.5 23.35069202204106 22.329730489206145
60.0 23.351192576267323 22.329395036700316
60.5 23.351698884801955 22.329056617637573
61.0 23.352215633373365 22.32872036468975
61.5 23.352734291760054 22.32837963449484
62.0 23.353245965497088 22.328048302820953
62.5 23.35376705696462 22.327711360928294
63.0 23.354289520241526 22.327381961169053
63.5 23.354834324054792 22.327057256899288
64.0 23.355368776080642 22.326727839894993
64.5 23.355911400846384 22.32640698023793
65.0 23.356459238678017 22.32608244337268
65.5 23.35700378394389 22.325763465739485
66.0 23.357563355545246 22.32544309030292
66.5 23.358138311593905 22.32512681556882
67.0 23.358702588110226 22.324813954239918
67.5 23.359277062112454 22.324505388548772
68.0 23.35985232388287 22.3241895762796
68.5 23.36042835977452 22.323883724812763
69.0 23.361022888983143 22.32357118769198
69.5 23.361613471253783 22.32326183446776
70.0 23.36220946370179 22.3229708887898
70.5 23.362803868497025 22.32266009922025
71.0 23.36342773129634 22.32236335300993
71.5 23.36403804317721 22.322066507899486
72.0 23.36466485155896 22.32177753862659
72.5 23.365274608681496 22.321487609487374
73.0 23.36590642602674 22.321185858258637
73.5 23.366532080039846 22.320902922064274
74.0 23.36718015472259 22.32061629561104
74.5 23.367824253863706 22.320338693074476
75.0 23.368471576487234 22.32005355637904
75.5 23.36913136723059 22.31977883044963
76.0 23.3697990061709 22.31948785289009
76.5 23.370466403206663 22.31921219983424
77.0 23.37115080878842 22.318940425248353
77.5 23.371852706125225 22.318664850778497
78.0 23.372539876733885 22.318389229168538
78.5 23.37323485161642 22.31812293033088
79.0 23.37393741588347 22.317849212344235
79.5 23.374659968389228 22.317585597269847
80.0 23.37536771813765 22.317312223839604
80.5 23.37611807291406 22.317054905549284
81.0 23.376843595497753 22.316786893598678
81.5 23.37757840519427 22.316533862722533
82.0 23.37832032227591 22.31627656510824
82.5 23.379076790793505 22.316018243094117
83.0 23.37983296268355 22.31576389182438
83.5 23.380596277803697 22.315510865304724
84.0 23.381375911499713 22.315257888204833
84.5 23.382140894777656 22.31500556106844
85.0 23.382925106954442 22.31476462394802
85.5 23.38371207185839 22.31451649022552
86.0 23.384503568497163 22.314263661210315
86.5 23.38528560131636 22.31403031796929
87.0 23.38610058141981 22.31378676533941
87.5 23.386903408362706 22.3135468229301
88.0 23.387721982501155 22.313313194059234
88.5 23.388536042326884 22.31307790114105
89.0 23.389349125690902 22.312846128545807
89.5 23.39017827731013 22.31261916659317
90.0 23.39100054499577 22.31238705141965
90.5 23.391829294969078 22.312156342922048
91.0 23.392673631685085 22.311933690020076
91.5 23.393516210172997 22.311711083973282
92.0 23.394371609006246 22.311490838345144
92.5 23.395212507680494 22.311279874796295
93.0 23.396066386294734 22.311052401023854
93.5 23.396914226980414 22.310836120442556
94.0 23.397778920554675 22.31063014819529
94.5 23.398658673569614 22.310417742160503
95.0 23.399533715379967 22.31020544224026
95.5 23.400395431419486 22.31000149067665
96.0 23.401263617993152 22.309797982995615
96.5 23.402146646690454 22.30959314616161
97.0 23.403033772652645 22.309382115477675
97.5 23.403918286592077 22.30919128295346
98.0 23.404804439108723 22.308992204052906
98.5 23.405688187855453 22.30879015206093
99.0 23.406578653130797 22.308600769229976
99.5 23.40747865198026 22.30840951527467
100.0 23.408375535864163 22.30821755808134
100.5 23.409271005437912 22.308039191346573
101.0 23.41017612482739 22.307849447501393
101.5 23.411078104051995 22.30766910558813
102.0 23.41199132358467 22.307484245803458
102.5 23.41289306850648 22.307309309988504
103.0 23.41380116231037 22.307131855629585
103.5 23.414719379642705 22.3069558604529
104.0 23.41562467545421 22.306784529933328
104.5 23.416536940655988 22.30661530553285
105.0 23.41745014145284 22.306440555816852
105.5 23.41836723487543 22.306272914391023
106.0 23.41928808843816 22.3061150773703
106.5 23.420209152306562 22.305955196078063
107.0 23.42112111856227 22.305793004818746
107.5 23.42204986947238 22.305635747513865
108.0 23.42295818648022 22.3054760342219
108.5 23.42388176244382 22.305327283156174
109.0 23.424801952972203 22.305170665277103
109.5 23.42573856097674 22.305027681577606
110.0 23.426661005853305 22.304876970591923
110.5 23.427591297031782 22.304732284561645
111.0 23.428531603424897 22.304584801340553
111.5 23.429471782909744 22.30444929948947
112.0 23.430419815943022 22.304314526088387
112.5 23.431366544899834 22.30417391452141
113.0 23.432318062875183 22.304039655670135
113.5 23.433298272448578 22.30389796595425
114.0 23.43425482335948 22.303772802867048
114.5 23.435231972304287 22.303640060474077
115.0 23.436201535751678 22.30350886373173
115.5 23.437179050358743 22.30337993372407
