FastTrWP/PhaseSpace/IAs/snIa_0.63_30.00_-0.86_0.23.csv
# %ECSV 0.9
# ---
# datatype:
# - {name: time-rel, datatype: float64}
# - {name: g, datatype: float64}
# - {name: i, datatype: float64}
# schema: astropy-2.0
time-rel g i
[from data line 868]
649.2083333333334 24.76705444234184 22.144245375070764
649.7083333333334 24.768016383028566 22.144015172708617
650.2083333333334 24.76901520408238 22.14379153011656
650.7083333333334 24.769992897579385 22.143571154079314
651.2083333333334 24.77099046066281 22.143351117756694
651.7083333333334 24.771981995535526 22.14313385028412
652.2083333333334 24.773012223014863 22.14292067605279
652.7083333333334 24.774025990608976 22.142718715203856
653.2083333333334 24.775010822680393 22.142515852949938
653.7083333333334 24.776049232928496 22.142319920901183
654.2083333333334 24.77707361629035 22.142127028782458
654.7083333333334 24.778123231136824 22.14193559044063
655.2083333333334 24.779160221112875 22.14174296765372
655.7083333333334 24.780228195614484 22.141556797742595
656.2083333333334 24.781264437892645 22.141376337109342
656.7083333333334 24.782324497459914 22.1411994907291
657.2083333333334 24.783383749659038 22.14102860284402
657.7083333333334 24.78446049928797 22.140859206986967
658.2083333333334 24.785549066243156 22.140697586576476
658.7083333333334 24.786671293460827 22.140545421034716
659.2083333333334 24.787741227713713 22.140388190888665
659.7083333333334 24.78885622878634 22.140234613793805
660.2083333333334 24.789968545252293 22.140093228420056
660.7083333333334 24.79108747855733 22.139948524486172
661.2083333333334 24.79225322968745 22.139809790189304
661.7083333333334 24.79338871696283 22.13968180721935
662.2083333333334 24.794520568105906 22.139550802243523
662.7083333333334 24.79567863911587 22.139428316800497
663.2083333333334 24.796865695914114 22.139308485588607
663.7083333333334 24.798011176306694 22.13918376999953
664.2083333333334 24.79921687599147 22.13907684878516
664.7083333333334 24.800401334871083 22.138968957158013
665.2083333333334 24.801606348193673 22.138868007103
665.7083333333334 24.80280220507087 22.138775554595647
666.2083333333334 24.804051328703327 22.13867740034139
666.7083333333334 24.805248198323454 22.13858294565497
667.2083333333334 24.806472893968703 22.13849522898616
667.7083333333334 24.807703699635873 22.138413017042907
668.2083333333334 24.808928350877267 22.138330932107195
668.7083333333334 24.81020195139925 22.13825292097084
669.2083333333334 24.811452282625737 22.138181143757937
669.7083333333334 24.812699616156102 22.138108036926223
670.2083333333334 24.813975917228397 22.138044601828888
670.7083333333334 24.81526094417678 22.137980889134653
671.2083333333334 24.81654130064498 22.137922637272954
671.7083333333334 24.81781727888429 22.13786311878998
672.2083333333334 24.81912328352111 22.137810651561605
672.7083333333334 24.820418193262512 22.137763590071557
673.2083333333334 24.821738460612632 22.13771766427699
673.7083333333334 24.8230506306574 22.13767967738272
674.2083333333334 24.824356811312054 22.13763806078912
674.7083333333334 24.82569038672426 22.137596760901005
675.2083333333334 24.82702169936434 22.13756966372354
675.7083333333334 24.82833585947834 22.137537290739427
676.2083333333334 24.829697225048854 22.137516591873236
676.7083333333334 24.831032192084393 22.13748971039445
677.2083333333334 24.832385491084345 22.13747035502147
677.7083333333334 24.833757187145377 22.13745130873574
678.2083333333334 24.83511693430377 22.137426233766824
678.7083333333334 24.83648371060887 22.13742151945445
679.2083333333334 24.837855511584074 22.137410412673468
679.7083333333334 24.839221696973407 22.137402260065674
680.2083333333334 24.84060704477772 22.13740242978386
680.7083333333334 24.841980066710512 22.137398939761823
681.2083333333334 24.843373079716315 22.137399456384035
681.7083333333334 24.844773069876837 22.13740289983805
682.2083333333334 24.84617587219697 22.137406986827443
682.7083333333334 24.847562409120137 22.13741184613426
683.2083333333334 24.84899523760452 22.13742547923637
683.7083333333334 24.85038699747486 22.13744034433646
684.2083333333334 24.851798769791404 22.137453476524072
684.7083333333334 24.853243729247584 22.137469176139323
685.2083333333334 24.854655332664105 22.137492019778335
685.7083333333334 24.856075595638124 22.137515781311837
686.2083333333334 24.857499737032718 22.137541374776035
686.7083333333334 24.85893013720348 22.137566307821753
687.2083333333334 24.86032949776235 22.13759406756396
687.7083333333334 24.861779281987907 22.13762302969584
688.2083333333334 24.86322019161372 22.137656261801204
688.7083333333334 24.864664245707615 22.13769000221925
689.2083333333334 24.86611943685105 22.13772619873492
689.7083333333334 24.867548565457103 22.137758673292602
690.2083333333334 24.869026115271822 22.137801958035773
690.7083333333334 24.8704648052238 22.137843482209433
691.2083333333334 24.871908607094475 22.137887707873265
691.7083333333334 24.873369057845895 22.137932056116064
692.2083333333334 24.874803292939717 22.13797742122051
692.7083333333334 24.876285820763883 22.138024593119482
693.2083333333334 24.877742812860664 22.138075772676938
693.7083333333334 24.879199376053442 22.138131453387018
694.2083333333334 24.880676671783135 22.138187596910836
694.7083333333334 24.88211622879259 22.138238001240673
695.2083333333334 24.883594697588624 22.13829132068618
695.7083333333334 24.885070674192818 22.138345421708046
