FastTrWP/PhaseSpace/IAs/snIa_0.58_30.00_-1.78_-0.06.csv
# %ECSV 0.9
# ---
# datatype:
# - {name: time-rel, datatype: float64}
# - {name: g, datatype: float64}
# - {name: i, datatype: float64}
# schema: astropy-2.0
time-rel g i
[from data line 700]
574.25 23.503544818346654 22.45493395123492
574.75 23.504142580979686 22.453847787567575
575.25 23.50474406655613 22.452774722693082
575.75 23.50536551927874 22.451698675560557
576.25 23.50595154753546 22.45062428199901
576.75 23.50658249874253 22.449557576394827
577.25 23.507183511592945 22.44848516847216
577.75 23.50780014099389 22.44743594189095
578.25 23.50841000620505 22.446385510418683
578.75 23.50901375561733 22.445336001684957
579.25 23.509620615182783 22.444294222085123
579.75 23.510230908725735 22.4432654720218
580.25 23.510826450174584 22.4422260557141
580.75 23.511441849823512 22.44120382352544
581.25 23.512042303154615 22.44019043467216
581.75 23.51265429961934 22.439173500133688
582.25 23.513252436101236 22.43815535096402
582.75 23.513845619188025 22.437166383530396
583.25 23.51445585651286 22.43615628422603
583.75 23.515051911363294 22.435168154420747
584.25 23.5156647850166 22.4341803370524
584.75 23.516263767079394 22.433186841143872
585.25 23.51688261828608 22.432212183312377
585.75 23.517503778239714 22.431229418780177
586.25 23.518127400769284 22.43025362406769
586.75 23.518744646200513 22.429285706484468
587.25 23.519370642544697 22.42832192148134
587.75 23.51999182285692 22.427348654824048
588.25 23.52062950634491 22.426396532683512
588.75 23.52126460555239 22.425446188305695
589.25 23.5219044464503 22.424492888169063
589.75 23.52254612798837 22.42354326801648
590.25 23.52318744637829 22.42260602096501
590.75 23.523848859034832 22.42166948646299
591.25 23.524503448506504 22.420732226500952
591.75 23.525155015201037 22.41980575460225
592.25 23.5258201179016 22.41887807987663
592.75 23.52647987346736 22.417955863206775
593.25 23.52713806157302 22.417040907864653
593.75 23.52780808792156 22.416127388111022
594.25 23.52848889658751 22.415213377062003
594.75 23.52915991141703 22.414312483539362
595.25 23.529840704553486 22.4134105793999
595.75 23.530536325423945 22.412521712705285
596.25 23.531212883877437 22.411627301862378
596.75 23.531917728294335 22.410736591246852
597.25 23.532614839653373 22.40986055589012
597.75 23.533308725410183 22.408975801532655
598.25 23.534009719714323 22.408102048068308
598.75 23.53472554606566 22.407230172120936
599.25 23.535432280832666 22.40636241765898
599.75 23.536137014577395 22.405494118123578
600.25 23.536860225241114 22.404641616812665
600.75 23.53758419978956 22.40378802734904
601.25 23.538300887553145 22.402939437083006
601.75 23.53903342795865 22.402087467598747
602.25 23.539762929226875 22.40125775811159
602.75 23.540494085007975 22.400421369138837
603.25 23.5412468459469 22.399586494777285
603.75 23.541984388341458 22.398757309171597
604.25 23.542721741094542 22.397926544962246
604.75 23.543476282394842 22.397114916394457
605.25 23.54424644988656 22.39630079076077
605.75 23.544993738363775 22.39549293777992
606.25 23.545753522603302 22.394685734893088
606.75 23.546518750047696 22.393877754908388
607.25 23.547287230594236 22.393087229587437
607.75 23.54804555976219 22.39229716952835
608.25 23.548834902560873 22.391498947175265
608.75 23.549615162511323 22.390726697688734
609.25 23.550399665434 22.389940683228268
609.75 23.551196060592655 22.389163896352965
610.25 23.551995937240683 22.3883961667745
610.75 23.552786238165137 22.387626736715198
611.25 23.55357905006261 22.3868682184651
611.75 23.554385854947483 22.38611096497708
612.25 23.55519668721505 22.385353308661866
612.75 23.556003027023834 22.384611449008545
613.25 23.556837480853407 22.383860058276927
613.75 23.557644225479265 22.383125444761394
614.25 23.558454894190312 22.382388458581993
614.75 23.55929277352754 22.38165598451658
615.25 23.560137399979656 22.38093752248039
615.75 23.560964626150984 22.380219779775427
616.25 23.561813315977645 22.379493404624696
616.75 23.56263980326545 22.378792219505574
617.25 23.563498338480187 22.37808217054291
617.75 23.564354511543712 22.37737615094373
618.25 23.565203166992283 22.376678884023384
618.75 23.566060198629497 22.37598189230694
619.25 23.566939304922762 22.375292827178473
619.75 23.56779698722439 22.37461313362453
620.25 23.56866618462047 22.37393337995548
620.75 23.569551916943617 22.373254381536753
621.25 23.57042273783769 22.372577972409626
621.75 23.571309586371683 22.37191604855785
622.25 23.572199307053133 22.3712551688025
622.75 23.573089224318984 22.370597328829813
623.25 23.573995294307764 22.369940259219252
623.75 23.57488554908372 22.36929440123758
624.25 23.575801829694527 22.368639934700347
624.75 23.576697300068954 22.3680036340747
625.25 23.577616724722837 22.36735701456788
625.75 23.578532618439354 22.36672371525881
626.25 23.579457198284995 22.366095121492428
626.75 23.580385051976297 22.365466484574796
627.25 23.581311468084877 22.364839790208272
627.75 23.582247865687354 22.364223128951252
628.25 23.58318609720065 22.36360533298578
628.75 23.584122295736336 22.36299248051887
629.25 23.585079262468263 22.362385803859897
629.75 23.586019246266943 22.361785730351414
630.25 23.586982639813343 22.361190036586798
630.75 23.587942175348132 22.360586426252134
631.25 23.58890708013483 22.35999792596668
631.75 23.58985848404251 22.359409164706424
632.25 23.590837385953254 22.358828284028334
632.75 23.59180770705351 22.358247125107393
633.25 23.592790223676904 22.357663200060554
633.75 23.59377763904813 22.357099992842105
634.25 23.594782949234165 22.35652777067091
634.75 23.595762277107113 22.355965020293187
635.25 23.596767362300554 22.355413681125448
635.75 23.59777208468739 22.354851622327885
636.25 23.598768653336993 22.354300570494402
636.75 23.599778069621834 22.353752202906666
637.25 23.60079086393015 22.35320395628561
637.75 23.601814302588046 22.352673707583918
638.25 23.60283520412034 22.352137531095057
638.75 23.60385674531646 22.35160279065909
639.25 23.604907445349728 22.351070704015793
639.75 23.605937346578642 22.350553799180737
640.25 23.60698207534428 22.350031101416718
640.75 23.608018031967063 22.349514183640213
641.25 23.609062391928436 22.3490113396235
641.75 23.610132020838236 22.348497441153228
642.25 23.611197836152648 22.347999814928126
642.75 23.612257171330704 22.3475075152861
643.25 23.6133179534928 22.347005088168125
643.75 23.614390149454366 22.34652201895271
644.25 23.615479035125517 22.34602795411522
644.75 23.61654612993872 22.345554914843014
645.25 23.617644949302306 22.34507987554858
645.75 23.61873965291846 22.344603372804816
646.25 23.6198396152616 22.34413297801702
646.75 23.62093919838896 22.34366718038656
647.25 23.622035569961568 22.343213154669762
647.75 23.623152689411793 22.342753437777404
648.25 23.624262593246236 22.3423004641867
648.75 23.625384931906037 22.341855971418344
649.25 23.626506359039517 22.341404858224266
649.75 23.627639597569253 22.340969211460603
650.25 23.628780844160126 22.3405391886048
650.75 23.629912242025686 22.340103378274648
651.25 23.63104158388336 22.339671849609488
651.75 23.63219190381261 22.33924882333359
652.25 23.63335256697121 22.33884179117052
652.75 23.63450981828674 22.33842121824205
653.25 23.635679285112914 22.33801461638157
653.75 23.63683629465326 22.33760968522589
654.25 23.638021882503445 22.337209493799342
654.75 23.639184451439355 22.336812827984623
655.25 23.640371165589755 22.336423711196506
655.75 23.641555485382455 22.336028384527204
656.25 23.642740559997378 22.335649943074884
656.75 23.643945167271937 22.335266092788558
657.25 23.645146816616776 22.334895586286386
657.75 23.64635312289265 22.3345311662652
658.25 23.647563727050283 22.334154040296443
658.75 23.64878453599883 22.333794669773354
659.25 23.650008546368944 22.333437644544297
659.75 23.651228461495148 22.333085950404204
660.25 23.65247129720757 22.332740965245815
660.75 23.653706454119003 22.33239708016257
661.25 23.654960484332328 22.33205779662196
661.75 23.656211490958835 22.33172909641401
662.25 23.657479184765478 22.331398628114194
662.75 23.658748950872766 22.331075792555488
663.25 23.66001323099677 22.33075383959871
663.75 23.661299471163147 22.330443255586047
664.25 23.662581255012995 22.33013401842552
664.75 23.66387697787562 22.329826296307857
665.25 23.665162555165193 22.32952914757211
665.75 23.666485755309715 22.329244087765648
666.25 23.667786682287314 22.328943185954596
666.75 23.66910174994482 22.328653219290473
667.25 23.670425223609616 22.32837422892384
667.75 23.67175501056206 22.32810397754075
668.25 23.673083601218824 22.327829700151103
668.75 23.67442941298192 22.32755676604198
669.25 23.67578566840137 22.327297500058663
669.75 23.677120344869728 22.327029826835894
670.25 23.67848068480546 22.32676707108409
670.75 23.67984226965141 22.326514783241617
671.25 23.681215861228484 22.32627621090526
671.75 23.682590681596043 22.32602509733619
672.25 23.683959934014954 22.3257837055672
672.75 23.68535496606022 22.32554788795344
673.25 23.68673884646423 22.32531033579449
673.75 23.688126445767214 22.3250883805048
674.25 23.689542429118728 22.32485772302851
674.75 23.690944659473885 22.3246393668949
675.25 23.692344753245187 22.324424103163626
675.75 23.693774189927325 22.32420662601594
676.25 23.695190835900803 22.323992975721506
676.75 23.696606328366236 22.323791492445473
677.25 23.69804667837681 22.323587715789838
677.75 23.699483430388266 22.32338398715757
678.25 23.700918272659273 22.323188268657592
678.75 23.70236176866435 22.322997640284683
679.25 23.703810932883616 22.322808945710694
679.75 23.705277665439976 22.322620850337763
680.25 23.706728385109553 22.322438361667054
680.75 23.70819262954003 22.322260445487757
681.25 23.709655717940468 22.3220786606254
681.75 23.711139131905984 22.32190860546688
682.25 23.712613708248934 22.321744180812782
682.75 23.714085668804433 22.32157415189697
683.25 23.715577116273696 22.321410531950526
683.75 23.71706594800726 22.321254157614163
684.25 23.718566589519263 22.321092985829424
684.75 23.720055610750634 22.320940756633295
685.25 23.72155161891682 22.32078884037749
685.75 23.723075282122423 22.32063588248591
686.25 23.72457604581275 22.320490804276826
686.75 23.72608972999363 22.320351897751998
687.25 23.72760454210805 22.320212511500582
687.75 23.72913122789322 22.320075557812707
688.25 23.730656677496334 22.319937192955905
688.75 23.732189568803644 22.3198098524903
689.25 23.73371818791632 22.31967715252231
689.75 23.735250148294806 22.319548249916004
690.25 23.73679603932068 22.31942162503655
690.75 23.738339104936742 22.319306460762903
691.25 23.73989694848879 22.319182628627267
691.75 23.74143745776373 22.31906717664074
692.25 23.742979215311472 22.318949888987127
692.75 23.744552083286305 22.318842866779267
693.25 23.746103203959812 22.318732311684872
693.75 23.747658370039623 22.31862663020856
694.25 23.749234902633873 22.318517964714964
694.75 23.750807493305533 22.31841498430078
695.25 23.75237472020238 22.3183132424905
695.75 23.753936786807948 22.318210412319118
696.25 23.75552193737718 22.318118565875174
