FastTrWP/PhaseSpace/IAs/snIa_0.69_30.00_-1.12_-0.25.csv
# %ECSV 0.9
# ---
# datatype:
# - {name: time-rel, datatype: float64}
# - {name: g, datatype: float64}
# - {name: i, datatype: float64}
# schema: astropy-2.0
time-rel g i
[from data line 574]
377.6458333333333 22.99817480659996 23.0024574025869
378.14583333333326 22.997627347196428 22.999705175973837
378.6458333333333 22.997100271743225 22.996966233703557
379.1458333333333 22.996556752487948 22.994236762619384
379.64583333333326 22.99603190626394 22.991511796688066
380.1458333333333 22.995513324551354 22.988788156531395
380.6458333333333 22.994995127043598 22.986077912951373
381.14583333333326 22.9944900123393 22.983360723286932
381.6458333333333 22.993977105911068 22.98066570653024
382.1458333333333 22.99348171829927 22.977972146824698
382.64583333333326 22.99298582285319 22.97527069891936
383.1458333333333 22.992486452983336 22.97259227532855
383.6458333333333 22.99201588934249 22.969904256702588
384.14583333333326 22.991519068557764 22.967233694342664
384.6458333333333 22.991052598043794 22.964570604296895
385.1458333333333 22.99058041742473 22.96190482677646
385.64583333333326 22.9901162018106 22.959259748877567
386.1458333333333 22.989652656884438 22.956607296666856
386.6458333333333 22.989201121548362 22.953964635782114
387.14583333333326 22.988742142411965 22.95132015514314
387.6458333333333 22.98830585965834 22.94870163974001
388.1458333333333 22.987866650178642 22.946076746985856
388.64583333333326 22.987421436791475 22.94346348388336
389.1458333333333 22.986989199363954 22.940850504537032
389.6458333333333 22.98657208524785 22.93824686865008
390.14583333333326 22.986150732893314 22.93565750235555
390.6458333333333 22.985735767776838 22.933058757072175
391.1458333333333 22.985321951441676 22.930483834022443
391.64583333333326 22.984921889667184 22.92791139583318
392.1458333333333 22.984521140753472 22.925339631221977
392.6458333333333 22.984122934006606 22.922790914698204
393.14583333333326 22.983727490860876 22.920232154587694
393.6458333333333 22.983343049861865 22.917698482918645
394.1458333333333 22.98296277049731 22.915159160296163
394.64583333333326 22.98258359837776 22.912622901820733
395.1458333333333 22.982228427594727 22.91009131565015
395.6458333333333 22.981854815805978 22.907578033253095
396.14583333333326 22.9815055773925 22.905078993543633
396.6458333333333 22.981146139197183 22.902575367038107
397.1458333333333 22.98079394938369 22.900084167852775
397.64583333333326 22.98044158003411 22.89760248116686
398.1458333333333 22.980101848796078 22.895116180522386
398.6458333333333 22.97976536194374 22.892649686815997
399.14583333333326 22.97943809275134 22.89018444809438
399.6458333333333 22.97911045879875 22.88773840180376
400.1458333333333 22.978786916109186 22.885285497202766
400.64583333333326 22.978470650756357 22.88285106227297
401.1458333333333 22.978160913058613 22.88041160435023
401.6458333333333 22.977855635169888 22.87799793717681
402.14583333333326 22.977550931354926 22.875580413836886
402.6458333333333 22.97725841717053 22.87317450530178
403.1458333333333 22.976969964558137 22.87077780043902
403.64583333333326 22.97667702569786 22.868389221870128
404.1458333333333 22.976396110398817 22.86601145321781
404.6458333333333 22.976113069026773 22.863639415479348
405.14583333333326 22.975853571374394 22.86127284952796
405.6458333333333 22.97558656890661 22.858918621066525
406.1458333333333 22.97532743968651 22.856570154035065
406.64583333333326 22.97506218246491 22.854231204525046
407.1458333333333 22.974810610796208 22.851907087989993
407.6458333333333 22.974564019202752 22.84958303230638
408.14583333333326 22.974320167234303 22.847268727327254
408.6458333333333 22.974084589181032 22.84496406211953
409.1458333333333 22.97385201754157 22.84266572916888
409.64583333333326 22.97362040886806 22.840380167201072
410.1458333333333 22.973407366180787 22.838104245850467
410.6458333333333 22.97318227604881 22.835820287891902
411.14583333333326 22.972977413513448 22.833572700728514
411.6458333333333 22.972765148281606 22.83131836732094
412.1458333333333 22.97256374633708 22.829072424346673
412.64583333333326 22.972369431122218 22.826842219839875
413.1458333333333 22.972172357497666 22.824615927722146
413.6458333333333 22.97198319844839 22.822403739048443
414.14583333333326 22.971806053072292 22.82019743382417
414.6458333333333 22.971618957079194 22.81799160495883
415.1458333333333 22.97144720499043 22.815809176007082
415.64583333333326 22.97127179721056 22.81362941722856
416.1458333333333 22.971124127278706 22.811460418997648
416.6458333333333 22.970959458361463 22.80929341252611
417.14583333333326 22.970812629139065 22.807144792407055
417.6458333333333 22.970655247275293 22.80499918296877
418.1458333333333 22.970511778244823 22.802865206631008
418.64583333333326 22.970372911631184 22.800734498756242
419.1458333333333 22.970244531215307 22.79861255396824
419.6458333333333 22.970099447059887 22.796510422318633
420.14583333333326 22.969979254237387 22.794390250058964
420.6458333333333 22.969861225759644 22.79228789420801
421.1458333333333 22.96974677009521 22.79018930831842
421.64583333333326 22.969619034677102 22.78809819459965
422.1458333333333 22.96951850724809 22.786022706386934
422.6458333333333 22.96941211853161 22.78394754053908
423.14583333333326 22.969313881967555 22.781880298567962
423.6458333333333 22.96921910312642 22.779820975941668
424.1458333333333 22.96912201454349 22.77775703736172
424.64583333333326 22.96903911639008 22.77571463075557
425.1458333333333 22.968953565336353 22.77366929821058
425.6458333333333 22.968884363743047 22.77163509993628
426.14583333333326 22.968805294051048 22.76960901751147
426.6458333333333 22.968734017811457 22.76758452113342
427.1458333333333 22.968671951283255 22.765561766685106
427.64583333333326 22.96861088716961 22.76356525028159
428.1458333333333 22.96855954420595 22.761552850260642
428.6458333333333 22.96850828329906 22.759550480205345
429.14583333333326 22.968465674200903 22.75756965362312
429.6458333333333 22.968423100998038 22.755576311194858
430.1458333333333 22.96838875302711 22.753606737116378
430.64583333333326 22.96836239817925 22.751628152222064
431.1458333333333 22.968330788951686 22.74966734052122
431.6458333333333 22.968308719227135 22.747710184669586
432.14583333333326 22.96830597268829 22.74576133175042
432.6458333333333 22.968287399662305 22.74381405238215
433.1458333333333 22.968280470855596 22.74186899001197
433.64583333333326 22.968277289985146 22.739947419185924
434.1458333333333 22.968282395393356 22.73801070984639
434.6458333333333 22.968291494684205 22.736084669689554
435.14583333333326 22.96830704930756 22.734170863431295
435.6458333333333 22.96832686381206 22.732268493532793
436.1458333333333 22.968348591609633 22.73035944068168
436.64583333333326 22.96837927928269 22.728470244937146
437.1458333333333 22.968421177215312 22.72657585398504
437.6458333333333 22.9684472645991 22.724683947889766
438.14583333333326 22.968497984659557 22.72280720621727
438.6458333333333 22.968542176037097 22.72093108872498
439.1458333333333 22.968596772606446 22.719078288614476
439.64583333333326 22.968654923339336 22.717211206276126
440.1458333333333 22.96871912539177 22.715358918962107
440.6458333333333 22.968787005408263 22.71350468209934
441.14583333333326 22.968876608430875 22.711666055522898
441.6458333333333 22.968940523068046 22.709829880682413
442.1458333333333 22.96903207968323 22.7080021045446
442.64583333333326 22.969118930303072 22.70617298287879
443.1458333333333 22.969217959062377 22.704359627178704
443.6458333333333 22.969325186341596 22.70254980419883
444.14583333333326 22.96942461500838 22.700741439625848
444.6458333333333 22.969534585511244 22.69894286459021
445.1458333333333 22.96965234233683 22.69714280070953
445.64583333333326 22.96978312577516 22.695355022859868
446.1458333333333 22.96990563510009 22.693566697366965
446.6458333333333 22.970048491150052 22.69178871619345
447.14583333333326 22.970179277221913 22.690024891922818
447.6458333333333 22.97032525953881 22.688248187047144
448.1458333333333 22.970475718280813 22.686489667014513
448.64583333333326 22.97063954423264 22.684734284434654
449.1458333333333 22.97079002407503 22.682987852590077
449.6458333333333 22.970966742273045 22.68124432943235
450.14583333333326 22.971129381679663 22.679510823975097
450.6458333333333 22.97130693572913 22.677775944771827
451.1458333333333 22.971493324111655 22.67604246872898
451.64583333333326 22.971684095633265 22.67432134699181
452.1458333333333 22.97188517847705 22.672612468377366
452.6458333333333 22.972083159565173 22.670909487219024
453.14583333333326 22.972293308026465 22.669197089356064
453.6458333333333 22.972502807329086 22.667500614368194
454.1458333333333 22.97272547258071 22.665814368809162
454.64583333333326 22.97294039983487 22.6641194976297
455.1458333333333 22.973174858450214 22.66244315205207
455.6458333333333 22.9734074202649 22.660766216872126
456.14583333333326 22.973651569276704 22.65909462840802
456.6458333333333 22.973899536970816 22.657429276088443
457.1458333333333 22.97415167666388 22.655759361554853
457.64583333333326 22.974422081328242 22.654109717493874
458.1458333333333 22.974682853996345 22.65245482471826
458.6458333333333 22.974952695921136 22.650823847752267
459.14583333333326 22.97522756882421 22.649180137515536
459.6458333333333 22.975505270265735 22.647550577328648
460.1458333333333 22.975789334068683 22.64592276918471
460.64583333333326 22.97607666802834 22.644290873127893
461.1458333333333 22.97637586460027 22.642679529689474
461.6458333333333 22.97668459585269 22.641066513851776
462.14583333333326 22.976983263729565 22.63945849628285
462.6458333333333 22.977297527193322 22.637847083928257
463.1458333333333 22.977607011696442 22.636249885691228
463.64583333333326 22.977927783075902 22.63465503638365
464.1458333333333 22.978255568576344 22.633070235327338
464.6458333333333 22.978574616352894 22.631477862456165
465.14583333333326 22.978915657158645 22.62989735283488
465.6458333333333 22.979257625027497 22.628321306788287
466.1458333333333 22.97960531174795 22.62675115444793
466.64583333333326 22.97995688505852 22.625180973767097
467.1458333333333 22.980313628105794 22.623623783267462
467.6458333333333 22.980674674034567 22.622062890221525
468.14583333333326 22.981051076276245 22.62051910160968
468.6458333333333 22.981423431051788 22.618969983893912
469.1458333333333 22.981787968565868 22.617431730142496
469.64583333333326 22.98218433662442 22.615889294304047
470.1458333333333 22.982559635089718 22.614359950274803
470.6458333333333 22.982965906610744 22.6128282790766
471.14583333333326 22.983363442779137 22.611304007601333
471.6458333333333 22.983766921931124 22.609781679557656
472.1458333333333 22.984175702295033 22.60827057998646
472.64583333333326 22.984594046890944 22.606766471509307
473.1458333333333 22.985017830847827 22.60525892535567
473.6458333333333 22.985453879090944 22.603753312293883
474.14583333333326 22.9858874214303 22.602266124918234
474.6458333333333 22.986324492561078 22.60077411903104
475.1458333333333 22.986756868819555 22.599289837442885
475.64583333333326 22.98721894312207 22.597814330856956
476.1458333333333 22.987678228820894 22.59633388646886
476.6458333333333 22.988142060782245 22.594856682786958
477.14583333333326 22.988609298070905 22.593394499753522
477.6458333333333 22.989083661836762 22.59193047597874
478.1458333333333 22.989571795286693 22.59047248225388
478.64583333333326 22.990044775303147 22.589021970146387
479.1458333333333 22.990556661325492 22.587577111134905
479.6458333333333 22.99104604526244 22.586130936791058
480.14583333333326 22.99155367290649 22.584690540176794
480.6458333333333 22.992063182813467 22.583259881702112
481.1458333333333 22.992584395314644 22.581830433292183
481.64583333333326 22.99311450394284 22.58041368464071
482.1458333333333 22.993636938343627 22.57899078752953
482.6458333333333 22.994172992998983 22.57757755389402
483.14583333333326 22.994715808520006 22.57616439775735
483.6458333333333 22.995266129603674 22.57475533689698
484.1458333333333 22.995824227123162 22.573361636278612
484.64583333333326 22.996391899727154 22.57195951606803
485.1458333333333 22.996953944138255 22.570572126245054
485.6458333333333 22.99753526294019 22.569181826558808
486.14583333333326 22.998113296950137 22.567802710495457
486.6458333333333 22.998692182238834 22.56642123335341
487.1458333333333 22.999296076703487 22.565048243813052
487.64583333333326 22.999900131384805 22.56367868757203
488.1458333333333 23.000506348029024 22.562318778402908
488.6458333333333 23.00112325357022 22.56096172675493
489.14583333333326 23.001740172548377 22.55960531688554
489.6458333333333 23.00236091458613 22.558259320239294
490.1458333333333 23.003010576075916 22.556920918469526
490.64583333333326 23.00366523389046 22.555568340779505
491.1458333333333 23.004304921240525 22.554232649536118
491.6458333333333 23.00495340542377 22.552904608100928
492.14583333333326 23.005612886028977 22.55157621639835
492.6458333333333 23.006296813382278 22.55025493340113
493.1458333333333 23.0069692521964 22.548937637499606
493.6458333333333 23.00764735415705 22.547625819032508
494.1458333333333 23.008341156941782 22.54631616247973
494.6458333333333 23.0090368134106 22.545015537445934
495.1458333333333 23.009745104300883 22.543717569990417
495.6458333333333 23.010463463097572 22.542416311591168
496.1458333333333 23.01117625141034 22.54113247000228
496.6458333333333 23.01191707380472 22.53984527199552
497.1458333333333 23.012655492542336 22.538561825826715
497.6458333333333 23.013389267155855 22.537288292024247
498.1458333333333 23.014138053936833 22.53601449642515
498.6458333333333 23.01489983306017 22.53474988038675
499.1458333333333 23.015670113267007 22.53348334855683
499.6458333333333 23.01644531685291 22.532227348141195
500.1458333333333 23.01722929130715 22.530974728235414
500.6458333333333 23.01802890274166 22.529715152838445
501.1458333333333 23.018837348581226 22.52847254331273
501.6458333333333 23.019657068885607 22.527241604769095
502.1458333333333 23.02048781024302 22.52599532801532
502.6458333333333 23.021319780918155 22.524762347797846
503.1458333333333 23.022169935293366 22.523526391935814
503.6458333333333 23.02302388746858 22.522303534263514
504.1458333333333 23.023887252281384 22.521086045991503
504.6458333333333 23.024763513074824 22.51986495759406
505.1458333333333 23.025645431469467 22.518649886463002
505.6458333333333 23.0265433857313 22.51743662121477
506.1458333333333 23.027433435805122 22.516231329048928
506.6458333333333 23.028348626899895 22.51502786650041
507.1458333333333 23.029260991477972 22.513829808880597
507.6458333333333 23.03019093380485 22.512634977013835
508.1458333333333 23.031133884875253 22.51144314964467
508.6458333333333 23.032074825071938 22.510258357468473
509.1458333333333 23.033035892000658 22.509079788214358
509.6458333333333 23.033985538369283 22.507898605941715
510.1458333333333 23.034957884509378 22.506727499246743
510.6458333333333 23.035925221961694 22.50555148447202
511.1458333333333 23.03691021970454 22.504388415141214
511.6458333333333 23.037909366471993 22.503223517103365
512.1458333333334 23.038908974263425 22.50206884508397
512.6458333333334 23.039908521990704 22.50091301661341
513.1458333333334 23.0409282859396 22.49975948601176
513.6458333333334 23.041931019819806 22.498610877245007
514.1458333333334 23.04296683882467 22.49747040581775
514.6458333333334 23.044001339768393 22.496328830305895
515.1458333333334 23.045029282626672 22.495198329456166
515.6458333333334 23.046083024666583 22.494060955231546
516.1458333333334 23.047136838016474 22.492931447439982
516.6458333333334 23.04820103340116 22.491812658583385
517.1458333333334 23.049265885181814 22.490697261659236
517.6458333333334 23.050336995623685 22.489571419458958
518.1458333333334 23.05141192704618 22.48847124233258
518.6458333333334 23.052501067890393 22.487357331053822
519.1458333333334 23.053593098925553 22.48625583573348
519.6458333333334 23.05468332295532 22.485153666962606
520.1458333333334 23.055779925837715 22.484052333431137
520.6458333333334 23.05689918817069 22.48296450004809
521.1458333333334 23.05800386838975 22.48187483906896
