FastTrWP/PhaseSpace/IAs/snIa_0.57_30.00_-0.37_-0.13.csv
# %ECSV 0.9
# ---
# datatype:
# - {name: time-rel, datatype: float64}
# - {name: g, datatype: float64}
# - {name: i, datatype: float64}
# schema: astropy-2.0
time-rel g i
[from data line 1444]
864.1458333333334 24.01528801662605 22.466106604998263
864.6458333333334 24.017538803224355 22.466551848666114
865.1458333333333 24.01978510150755 22.466998791361227
865.6458333333334 24.022016362126873 22.467445385823886
866.1458333333334 24.02426586052588 22.46788867039905
866.6458333333333 24.026497498319447 22.4683394244395
867.1458333333334 24.028737550315235 22.46878834718627
867.6458333333334 24.030976745367543 22.469240505817826
868.1458333333333 24.033215908216796 22.469684815373405
868.6458333333334 24.03544714664793 22.47013284867126
869.1458333333334 24.037695035695073 22.47058651363475
869.6458333333333 24.039917031831138 22.47103910491915
870.1458333333334 24.042158137883497 22.471494219076845
870.6458333333334 24.044390714676137 22.471949195542
871.1458333333333 24.04663705125516 22.472402227627523
871.6458333333334 24.04883429785724 22.472860619052636
872.1458333333334 24.051071329027167 22.47331023812246
872.6458333333333 24.053310878591493 22.473770572912088
873.1458333333334 24.055527169454013 22.474227894534287
873.6458333333334 24.057752683501676 22.474680590606965
874.1458333333333 24.05997654948183 22.47514797442119
874.6458333333334 24.06220038650057 22.47560289402739
875.1458333333334 24.06441863894805 22.47606472926885
875.6458333333333 24.066636657328395 22.476533515085613
876.1458333333334 24.068852422075054 22.47699171120436
876.6458333333334 24.071056993565705 22.47745133178471
877.1458333333333 24.0732755705543 22.477904469096398
877.6458333333334 24.07548267611302 22.478386852792536
878.1458333333334 24.077694777530056 22.478851180345817
878.6458333333333 24.079891580180043 22.479313881764273
879.1458333333334 24.082107937575522 22.479781196055455
879.6458333333334 24.084303582671094 22.480247767870107
880.1458333333333 24.086503591388585 22.480713991898536
880.6458333333334 24.08870751329184 22.481181957804157
881.1458333333334 24.090908594284215 22.481658281593766
881.6458333333333 24.09310391934039 22.482115348554732
882.1458333333334 24.095288507891333 22.48259025877229
882.6458333333334 24.09748938371875 22.48306532790922
883.1458333333333 24.09967387060523 22.483534014621632
883.6458333333334 24.101852457152106 22.48400719633142
884.1458333333334 24.104035368598815 22.484479169670138
884.6458333333333 24.106216445744103 22.484952820539004
885.1458333333334 24.108370352733424 22.485434392427734
885.6458333333334 24.11056067195564 22.485903264966577
886.1458333333333 24.112734344360106 22.48637593190772
886.6458333333334 24.114907069789894 22.486851008862505
887.1458333333334 24.117068787809053 22.487332631660806
887.6458333333333 24.119228636520713 22.487807511199883
888.1458333333334 24.121380722386565 22.488278587364977
888.6458333333334 24.12354355818995 22.48876609515964
889.1458333333333 24.125703288812268 22.489246352496952
889.6458333333334 24.127864355158128 22.48972333934191
890.1458333333334 24.13001773116209 22.490208964293554
890.6458333333333 24.132159803195595 22.49069020378115
891.1458333333334 24.13428582201769 22.491178936091963
891.6458333333334 24.136444101288113 22.491647714172387
892.1458333333333 24.138581463679056 22.49214839168147
892.6458333333334 24.14071286470188 22.492636611438634
893.1458333333334 24.142848390995034 22.493117782684145
893.6458333333333 24.144979387707934 22.493606795857097
894.1458333333334 24.147115177256854 22.4940999762808
894.6458333333334 24.149264241221058 22.494586945276858
895.1458333333333 24.15136955278754 22.495076014630705
895.6458333333334 24.15349097271443 22.495565812609755
896.1458333333334 24.155618064442574 22.496067013129334
896.6458333333333 24.157737607301502 22.49655515408594
897.1458333333334 24.159846058496672 22.497043876523936
897.6458333333334 24.161959469973286 22.497533621536657
898.1458333333333 24.16408347912249 22.49803070650385
898.6458333333334 24.16618113812014 22.49852967042589
899.1458333333334 24.168291088272078 22.49902720637209
899.6458333333333 24.170384929981154 22.49952418735367
900.1458333333334 24.172493297305525 22.500026070550074
900.6458333333334 24.1746023092122 22.500530490479555
901.1458333333333 24.17668075284046 22.501021762030994
901.6458333333334 24.17878161101704 22.501531460127048
902.1458333333334 24.18084476964207 22.502026701498888
902.6458333333333 24.182955019401252 22.502533862720412
903.1458333333334 24.185033586881573 22.503030751119507
903.6458333333334 24.18712248726715 22.503532699559887
904.1458333333333 24.189209557471653 22.504040544299716
904.6458333333334 24.19128926577764 22.504548831674004
905.1458333333334 24.19336664525187 22.505054403972743
905.6458333333333 24.19543583605313 22.505556962271562
906.1458333333334 24.197510039876427 22.506072047338762
906.6458333333334 24.199566790689175 22.506580605603247
907.1458333333333 24.201636930981387 22.507085991127184
907.6458333333334 24.203707920345295 22.507600500913497
908.1458333333334 24.20576422248846 22.508111464738768
908.6458333333333 24.207827113644328 22.508611566784637
909.1458333333334 24.209876177682773 22.509138531912882
909.6458333333334 24.21193019646499 22.509648205783435
910.1458333333333 24.213984899974058 22.510164535629208
910.6458333333334 24.216052199634927 22.510670535221887
911.1458333333334 24.21809087045849 22.511193288003163
911.6458333333333 24.220129335429128 22.511711440043754
912.1458333333334 24.222176222884922 22.51223165512238
912.6458333333334 24.224222164647827 22.512747301230117
913.1458333333333 24.226262650650664 22.513266376475944
913.6458333333334 24.228284709313513 22.513788784467252
914.1458333333334 24.23032468458889 22.514304283155706
914.6458333333333 24.232356426606884 22.514825227232066
915.1458333333334 24.234370087260242 22.515347634825066
915.6458333333334 24.23640848447114 22.515866543985723
916.1458333333333 24.23843247542523 22.516392650833073
916.6458333333334 24.240449992912204 22.516920850039043
917.1458333333334 24.242489301110158 22.51744692941412
917.6458333333333 24.244497591686816 22.5179776594786
918.1458333333334 24.246507256260095 22.518494804136413
918.6458333333334 24.248514243813283 22.519024161457892
919.1458333333333 24.250543158518315 22.51955553469809
919.6458333333334 24.25254438876619 22.520082731743045
920.1458333333334 24.25455814285838 22.520618661822024
920.6458333333333 24.256551993143056 22.521144639864982
921.1458333333334 24.25855052369939 22.521671653587877
921.6458333333334 24.26056271089655 22.522201151917667
922.1458333333333 24.262555612724917 22.52273279564743
922.6458333333334 24.264572227536693 22.523266459925306
923.1458333333334 24.26655507107889 22.523804950472297
923.6458333333333 24.268530987378995 22.524340710079382
924.1458333333334 24.27052535291173 22.524879639210123
924.6458333333334 24.27250318948502 22.525414543492296
925.1458333333333 24.27446848946495 22.52595406824996
925.6458333333334 24.276462726874772 22.526487420481395
926.1458333333334 24.27844870524953 22.527031395040538
926.6458333333333 24.2804089829777 22.527565944581426
927.1458333333334 24.282367860804598 22.528108014010527
927.6458333333334 24.28433760944361 22.528650512696537
928.1458333333333 24.286296271192924 22.529194459543668
928.6458333333334 24.28826157600907 22.529735485813806
929.1458333333334 24.29020800034229 22.53028125463894
929.6458333333333 24.292140624779233 22.530826648321188
930.1458333333334 24.29410848733879 22.531371931981674
930.6458333333334 24.29604011613219 22.531925234627504
931.1458333333333 24.29797982754647 22.53246486501039
931.6458333333334 24.29991696562825 22.533012808772924
932.1458333333334 24.30184893692086 22.533564830253226
932.6458333333333 24.303764624748972 22.534117703313797
933.1458333333334 24.305701064152835 22.534664456607644
933.6458333333334 24.30760207014924 22.53520792103493
934.1458333333333 24.309538890335208 22.535769507428757
934.6458333333334 24.31145194865289 22.536321601363227
935.1458333333334 24.313359951092064 22.536879356517083
935.6458333333333 24.315255642203375 22.537433215708354
936.1458333333334 24.317156127103118 22.537986263473048
936.6458333333334 24.319063375568028 22.538545847268253
937.1458333333333 24.32094514488898 22.53910136299246
937.6458333333334 24.32284774174329 22.53966866397452
938.1458333333334 24.324737134742882 22.540219035572395
938.6458333333333 24.326634453168246 22.540782637156976
939.1458333333334 24.32850552391173 22.541333408266013
939.6458333333334 24.33039415213928 22.54190440606125
940.1458333333333 24.33227641722201 22.54246643145674
940.6458333333334 24.334140131133054 22.54302809518791
941.1458333333334 24.33602170386351 22.54359342894137
941.6458333333333 24.33787552077806 22.54415893273857
942.1458333333334 24.339744610773906 22.54471664983094
942.6458333333334 24.34157420701343 22.54528919217166
943.1458333333333 24.343444907012667 22.545851355740094
943.6458333333334 24.34530735140902 22.546432041699283
944.1458333333334 24.34715508393066 22.546996882631497
944.6458333333333 24.348987872956023 22.547557946812585
945.1458333333334 24.350830175142924 22.548131334242644
945.6458333333334 24.35266443263106 22.54871206781091
946.1458333333333 24.35450165387886 22.54928608949527
946.6458333333334 24.356355784750807 22.549848085333217
947.1458333333334 24.35816967307104 22.550429307615197
947.6458333333333 24.3599965682178 22.55100392754233
948.1458333333334 24.361830424682726 22.551576322685204
948.6458333333334 24.36362920180338 22.552157086268743
949.1458333333333 24.365453267820875 22.552730477527085
949.6458333333334 24.36726219025539 22.553302406158462
950.1458333333334 24.36905356417808 22.55388873113199
950.6458333333333 24.370867577772714 22.5544646588145
951.1458333333334 24.37268473786669 22.555052746652198
951.6458333333334 24.374477674057395 22.555626899324707
952.1458333333333 24.376285260111338 22.556219211474044
952.6458333333334 24.378084710822048 22.556793364930687
953.1458333333334 24.37987028567774 22.557383627831868
953.6458333333333 24.38164085948631 22.557968811002176
954.1458333333334 24.383437455619585 22.55855363566955
954.6458333333334 24.385218460745826 22.55914486352728
955.1458333333333 24.38696289683406 22.5597309440138
955.6458333333334 24.388754496827186 22.560306983389737
956.1458333333334 24.3905183216852 22.56090873074575
956.6458333333333 24.392295928565296 22.561498710049047
957.1458333333334 24.39406175241058 22.56209001031936
957.6458333333334 24.39583582188266 22.562675192906482
958.1458333333333 24.397577022624656 22.56327643045183
958.6458333333334 24.399336669064283 22.563864611843396
959.1458333333334 24.401088273782527 22.56445860110892
959.6458333333333 24.40283926835027 22.565052664791093
960.1458333333334 24.404584896224012 22.565654094144016
960.6458333333334 24.406330210706418 22.566243642405666
961.1458333333333 24.408074220488594 22.566848550450935
961.6458333333334 24.409794392687914 22.567442948074905
962.1458333333334 24.41150998965415 22.568047023075483
962.6458333333333 24.413221712707127 22.56865154064945
963.1458333333334 24.41493996617872 22.569251736273145
963.6458333333334 24.41663046006966 22.569845688856496
964.1458333333333 24.41832430204532 22.570454989451694
964.6458333333334 24.42001292747282 22.571064475337153
965.1458333333334 24.421700639273336 22.571666978311477
965.6458333333333 24.423365629494334 22.572274385203382
966.1458333333334 24.425012750066315 22.572884645971726
966.6458333333334 24.426680803906848 22.57348925091083
967.1458333333333 24.428323351171283 22.574094540744632
967.6458333333334 24.429990559986088 22.57471156562723
968.1458333333334 24.431631592865138 22.575323328249652
968.6458333333333 24.433246298374943 22.575937321685725
969.1458333333334 24.43489180486191 22.576554817586064
969.6458333333334 24.436514562067615 22.57716727171632
970.1458333333333 24.438110873087133 22.577779260463736
970.6458333333334 24.439737802652417 22.578397231419242
971.1458333333334 24.441334503494154 22.57901852473974
971.6458333333333 24.44293702762762 22.579628544836908
972.1458333333334 24.444529654945146 22.580253433150517
972.6458333333334 24.446110055321412 22.580874546176272
973.1458333333333 24.447722756974876 22.58149022404335
973.6458333333334 24.449293180749653 22.582114301351737
974.1458333333334 24.450858530497655 22.582740373191264
974.6458333333333 24.452457444966736 22.583360526678522
975.1458333333334 24.454018464852876 22.58398405562446
975.6458333333334 24.455577706802522 22.5846150867082
976.1458333333333 24.45714063734367 22.585235919983475
976.6458333333334 24.45870953587547 22.585870615673052
977.1458333333334 24.460267116260614 22.58649765207528
977.6458333333333 24.461810228666394 22.58712563969759
978.1458333333334 24.46335020064033 22.58775415305712
978.6458333333334 24.464913541965796 22.588388227198564
979.1458333333333 24.466433465027663 22.589024127969374
979.6458333333334 24.467981008020885 22.589651160973027
980.1458333333334 24.46951382962886 22.590284598850403
980.6458333333333 24.471071180207772 22.590915848658554
981.1458333333334 24.472591730416532 22.59155188205837
981.6458333333334 24.474116496433314 22.592188090986383
982.1458333333333 24.475655546814924 22.592828130742262
982.6458333333334 24.477178117472768 22.593469638004112
983.1458333333334 24.478717848351792 22.594092368757032
983.6458333333333 24.480243983888357 22.594746573037717
984.1458333333334 24.481757536433765 22.59538031031412
984.6458333333334 24.483264821149024 22.59601834145944
985.1458333333333 24.48479377113227 22.596656935796716
985.6458333333334 24.4863184920069 22.597302807174103
986.1458333333334 24.487814070759292 22.597945037842994
986.6458333333333 24.489340859582725 22.598589321744768
987.1458333333334 24.490867170641906 22.599228225737377
987.6458333333334 24.49240043143112 22.599873350729467
988.1458333333333 24.493901054926948 22.600512632771284
988.6458333333334 24.49541864956315 22.60116629247218
989.1458333333334 24.496937381310993 22.601811288605536
989.6458333333333 24.498468236795524 22.602465104906987
990.1458333333334 24.50000568665429 22.603110647461925
990.6458333333334 24.501508349837696 22.60375785123104
991.1458333333333 24.50303082652904 22.60440976434834
991.6458333333334 24.50454969889237 22.605057884710334
992.1458333333334 24.506067635284232 22.60570728185465
992.6458333333333 24.50761653727112 22.606362694448578
993.1458333333334 24.509125005366684 22.607011898253404
993.6458333333334 24.510684561438048 22.607664043318543
994.1458333333333 24.512194163780592 22.608319351221482
994.6458333333334 24.513730593670925 22.608969112872998
995.1458333333334 24.515270402502765 22.6096200147104
995.6458333333333 24.516846315937105 22.610282577930466
996.1458333333334 24.518346882258708 22.61093280869971
996.6458333333334 24.51990068873296 22.6115912227802
997.1458333333333 24.52146488939693 22.612251333964927
997.6458333333334 24.52298825586135 22.612908134568272
998.1458333333334 24.524564406892118 22.613563228122892
998.6458333333333 24.526119495689933 22.614222257501133
999.1458333333334 24.527669787720797 22.614884257461437
999.6458333333334 24.52925669419173 22.61554241718227
1000.1458333333333 24.53075915608577 22.61620564352996
1000.6458333333334 24.532332157801303 22.616862975480064
1001.1458333333334 24.533856713431437 22.61752833085765
1001.6458333333334 24.53540034650514 22.618192081513616
1002.1458333333334 24.536940304260785 22.618853561540824
1002.6458333333334 24.53846923018493 22.619519882038126
1003.1458333333334 24.539988579553622 22.62018842221387
1003.6458333333334 24.541509999423482 22.620855943265855
1004.1458333333334 24.543038989088792 22.62151837015758
1004.6458333333334 24.544565943342533 22.622190488949773
1005.1458333333334 24.54609608637377 22.622859933844556
1005.6458333333334 24.547602326672813 22.62353192830941
1006.1458333333334 24.549133280557932 22.6242071543852
1006.6458333333334 24.55065811581674 22.624874986426807
1007.1458333333334 24.552187298840884 22.625545948904502
1007.6458333333334 24.553661331984532 22.62621818526338
