FastTrWP/PhaseSpace/IAs/snIa_0.62_30.00_-0.57_-0.13.csv
# %ECSV 0.9
# ---
# datatype:
# - {name: time-rel, datatype: float64}
# - {name: g, datatype: float64}
# - {name: i, datatype: float64}
# schema: astropy-2.0
time-rel g i
128.08333333333334 26.989599619772985 25.22963783043821
128.58333333333334 26.970357077075626 25.220759204092793
129.08333333333334 26.95140768282532 25.21185970370275
129.58333333333334 26.93263310314751 25.203027900159718
130.08333333333334 26.91410280847938 25.194235460733545
130.58333333333334 26.8958586460259 25.185447133942024
131.08333333333334 26.87770172700647 25.17674499979842
131.58333333333334 26.859790283892142 25.168037980212684
132.08333333333334 26.842072078635884 25.1594014525754
132.58333333333334 26.824594682969895 25.15080778374034
133.08333333333334 26.80730366669904 25.142213179558436
133.58333333333334 26.790178093191944 25.13366106288826
134.08333333333334 26.77320941372367 25.125165163628274
134.58333333333334 26.756515004827545 25.11671213850915
135.08333333333334 26.739903937533178 25.10828641645789
135.58333333333334 26.7235508143293 25.099920439659314
136.08333333333334 26.707347776884426 25.09157554409281
136.58333333333334 26.69126093288801 25.083241185976174
137.08333333333334 26.675416506822813 25.074989070008122
137.58333333333334 26.65968265539427 25.066728091859485
138.08333333333334 26.64405116792142 25.058557411305333
138.58333333333334 26.628720575854047 25.050370723337984
139.08333333333334 26.61346957221035 25.042248936034234
139.58333333333334 26.598368043630103 25.034187545798577
140.08333333333334 26.583405113715088 25.026117366676388
140.58333333333334 26.568586838255698 25.018115417407934
141.08333333333334 26.553914430710396 25.010141861542348
141.58333333333334 26.53947913869621 25.00217966756777
142.08333333333334 26.52509380901978 24.99426508003436
142.58333333333334 26.510848067938237 24.986403705897953
143.08333333333334 26.49671923793789 24.97857236749717
143.58333333333334 26.482734416310297 24.970775313389815
144.08333333333334 26.46892406640017 24.963020852098573
144.58333333333334 26.455169558830555 24.955298429035246
145.08333333333334 26.441560029099964 24.947604341108413
145.58333333333334 26.428109655748596 24.939950192766496
146.08333333333334 26.41477006579258 24.932336670728183
146.58333333333334 26.401605029095162 24.92474577922733
147.08333333333334 26.38848558692283 24.91720490765595
147.58333333333334 26.37548263534288 24.9097019315835
148.08333333333334 26.362604316301624 24.90221687291742
148.58333333333334 26.349897474349323 24.894781040503577
149.08333333333334 26.337239771496883 24.88737930992069
149.58333333333334 26.32468142097845 24.880004630667322
150.08333333333334 26.312245165572644 24.87266228704858
150.58333333333334 26.299959668885485 24.86535460168976
151.08333333333334 26.287741199945994 24.85808361980129
151.58333333333334 26.27559175573311 24.850874703504886
152.08333333333334 26.26357937403318 24.843670354275513
152.58333333333334 26.25168239705348 24.836495287236705
153.08333333333334 26.239859322296635 24.829325867439714
153.58333333333334 26.228117260833905 24.8222178433957
154.08333333333334 26.2164379245786 24.815122286513983
154.58333333333334 26.204793855429326 24.80806519812092
155.08333333333334 26.19333083469794 24.800993856115376
155.58333333333334 26.181893858592517 24.793960817482983
156.08333333333334 26.17052128547577 24.786978198594923
156.58333333333334 26.15919746121183 24.77997929042641
157.08333333333334 26.148005008089847 24.773014973642805
157.58333333333334 26.136892775558213 24.76609390270915
158.08333333333334 26.12581224170381 24.759190244316258
158.58333333333334 26.1148040414478 24.752292964406458
159.08333333333334 26.103888318802163 24.745428351794793
159.58333333333334 26.093031889289694 24.73861527590433
160.08333333333334 26.082222780208536 24.731783085684235
160.58333333333334 26.07152451000907 24.72500796429307
161.08333333333334 26.060851602772495 24.718226230295357
161.58333333333334 26.050282540678896 24.711462295244786
162.08333333333334 26.03978720370104 24.70477252886026
162.58333333333334 26.02929159835323 24.69807591514109
163.08333333333334 26.018903550951556 24.69139705444894
163.58333333333334 26.008560803661148 24.68475196288969
164.08333333333334 25.998304687756765 24.678114713262055
164.58333333333334 25.98810027095365 24.671515041689354
165.08333333333334 25.977970109267474 24.66493143888679
165.58333333333334 25.967862918922254 24.65837337577574
166.08333333333334 25.95787606478011 24.651824324547515
166.58333333333334 25.947901570890455 24.645316808325507
167.08333333333334 25.93799209738343 24.63883005788835
167.58333333333334 25.928146579331518 24.632368857975475
168.08333333333334 25.918346377261656 24.625928595475983
168.58333333333334 25.908608678718817 24.619512172859057
169.08333333333334 25.89892547105594 24.613104643654285
169.58333333333331 25.889356647991725 24.606737724529676
170.08333333333334 25.879745015624472 24.600366844112507
170.58333333333334 25.870214484389695 24.594051195458647
171.08333333333331 25.860788597567222 24.58775112102459
171.58333333333334 25.851392152477146 24.581465036528126
172.08333333333334 25.842007796404594 24.57519938025335
172.58333333333331 25.83272623781117 24.568950505550088
173.08333333333334 25.823439785488805 24.562731274261207
173.58333333333334 25.814266907996387 24.5565269788046
174.08333333333331 25.805112134580295 24.55035664058366
174.58333333333334 25.796032516239155 24.54419673899922
175.08333333333334 25.78698867861091 24.538080869515305
175.58333333333331 25.778008632616057 24.531981727612656
176.08333333333334 25.769012911800672 24.5258854198798
176.58333333333334 25.760142268475477 24.51980731054101
177.08333333333331 25.751295099922032 24.51377902376839
177.58333333333334 25.74244603970889 24.507740995731588
178.08333333333334 25.73368680976387 24.501745452144213
178.58333333333331 25.724995219340506 24.495769714123522
179.08333333333334 25.716327028433206 24.489810334194864
179.58333333333334 25.707686498598893 24.4838786480997
180.08333333333331 25.699105498007157 24.477958713615166
180.58333333333334 25.69059850667168 24.472060861177315
181.08333333333334 25.682100280189314 24.466195774204202
181.58333333333331 25.673644849606482 24.460335775714114
182.08333333333334 25.66525911149373 24.45450688293002
182.58333333333334 25.656903006250694 24.44868449080875
183.08333333333331 25.648546398166182 24.44292355718234
183.58333333333334 25.6402948943311 24.437122934765334
184.08333333333334 25.632063293753827 24.431382059297917
184.58333333333331 25.62388678108398 24.42566139186217
185.08333333333334 25.615711553781807 24.41996278889478
185.58333333333334 25.607617833014015 24.41427753172555
186.08333333333331 25.59953812307411 24.408615866774817
186.58333333333334 25.591539920822086 24.402949917565834
187.08333333333334 25.58352826861349 24.397329478971862
187.58333333333331 25.575572508232977 24.39171828618126
188.08333333333334 25.567671000390362 24.386148023656705
188.58333333333334 25.559804023523093 24.380579007109773
189.08333333333331 25.551937817551202 24.375022013910424
189.58333333333334 25.54415157956207 24.369502286517466
190.08333333333334 25.536414537674727 24.364012367327916
190.58333333333331 25.52866694066364 24.358511944135795
191.08333333333334 25.52098564945051 24.353040404873138
191.58333333333334 25.51337095193038 24.34760394231499
192.08333333333331 25.50573026775571 24.342161980615966
192.58333333333334 25.49815234885837 24.336743435757654
193.08333333333334 25.4906066635634 24.331344814353745
193.58333333333331 25.48310907274777 24.325959142911906
194.08333333333334 25.475613521230475 24.320583586128457
194.58333333333334 25.468174061785234 24.315231562496898
195.08333333333331 25.460765153295853 24.309904568440594
195.58333333333334 25.45336403760311 24.304582316103442
196.08333333333334 25.44602048941161 24.299279206105822
196.58333333333331 25.43868826677384 24.293995158871816
197.08333333333334 25.431405194800206 24.288720741227824
197.58333333333334 25.424171635372602 24.283466607866124
198.08333333333331 25.416906907999483 24.27822457198579
198.58333333333334 25.40974095390418 24.27299467484401
199.08333333333334 25.402582112801255 24.267781519807873
199.58333333333331 25.395423946610002 24.262581095411335
200.08333333333334 25.38830159136055 24.257418952282656
200.58333333333334 25.381260694368564 24.25223390991939
201.08333333333331 25.374200199925646 24.247088347129075
201.58333333333334 25.36717465485014 24.24194496739456
202.08333333333334 25.360190087157637 24.236826621752673
202.58333333333331 25.353226449678985 24.231727744961034
203.08333333333334 25.34626510418404 24.226636105876715
203.58333333333334 25.33933149607918 24.221557298974844
204.08333333333331 25.332475302230314 24.216495889139612
204.58333333333334 25.325602542287605 24.21144882953808
205.08333333333334 25.318779916281745 24.20642514394272
205.58333333333331 25.311983948327196 24.2013887423891
206.08333333333334 25.30522133239029 24.196400402588427
206.58333333333334 25.298451878983627 24.19139828081379
207.08333333333331 25.291716570486493 24.18642687650007
207.58333333333334 25.285037910974893 24.181463022348186
208.08333333333334 25.278347973182143 24.176522755534414
208.58333333333331 25.27168097296542 24.171598434299185
209.08333333333334 25.265079401263407 24.166672152117204
209.58333333333334 25.258439972621396 24.161757719564292
210.08333333333331 25.25190900763348 24.156874659861217
210.58333333333334 25.245347999848846 24.151994790545217
211.08333333333334 25.23880638875134 24.147126675531393
211.58333333333331 25.232305515681794 24.142272566500917
212.08333333333334 25.22582871709612 24.13744677271989
212.58333333333334 25.219364017216648 24.132618829797245
213.08333333333331 25.21291918045057 24.127816431997573
213.58333333333334 25.206521179998997 24.12301730875302
214.08333333333334 25.20012679723433 24.118229180470998
214.58333333333331 25.19377556443615 24.113474127721666
215.08333333333334 25.18741990064767 24.108711076909024
215.58333333333334 25.181069559295214 24.103981124258233
216.08333333333331 25.174794010316283 24.099252682209553
216.58333333333334 25.168502449052923 24.094532928671995
217.08333333333334 25.162266023717564 24.08983002083882
217.58333333333331 25.156009929512074 24.085142669319065
218.08333333333334 25.149790741281866 24.080465273588434
218.58333333333334 25.143598415090818 24.075792338803094
219.08333333333331 25.13741911346166 24.071147403501435
219.58333333333334 25.13126589040397 24.06648454682736
220.08333333333334 25.12515962508253 24.06188364953657
220.58333333333331 25.119033193762732 24.057276051285502
221.08333333333334 25.112919244459732 24.052674729130352
221.58333333333334 25.106854593735477 24.048078140791986
222.08333333333331 25.10078913277091 24.04352001787076
222.58333333333334 25.09475614558732 24.03895089060805
223.08333333333334 25.088763920740295 24.034406884895052
223.58333333333331 25.08276562233496 24.029861620438894
224.08333333333334 25.076780451188945 24.025337464524284
224.58333333333334 25.070854557877198 24.020829376617407
225.08333333333331 25.06487169687414 24.016320274826978
225.58333333333334 25.058976153156536 24.011833405243642
226.08333333333334 25.05307771165063 24.007357481196614
226.58333333333331 25.047189924831166 24.002898492832152
227.08333333333334 25.041335300368623 23.99845071202606
227.58333333333334 25.035472184995076 23.99400349224008
228.08333333333331 25.029655248613068 23.98957552528894
228.58333333333334 25.023843436288892 23.98516608991518
229.08333333333334 25.018056010726536 23.980762551272612
229.58333333333331 25.0122794361855 23.976357698457207
230.08333333333334 25.00651412714875 23.97199624569734
230.58333333333334 25.000778528309475 23.967626061086435
231.08333333333331 24.99508165630194 23.963263984521433
231.58333333333334 24.98935505187143 23.958926476974334
232.08333333333334 24.983687979837814 23.954586632642226
232.58333333333331 24.97801498195453 23.950275207561646
233.08333333333334 24.97238808520169 23.94595246611491
233.58333333333334 24.96673963497349 23.94165575736009
234.08333333333334 24.961140909854734 23.93736856287887
234.58333333333334 24.95550405088272 23.933103232897803
235.08333333333334 24.94995859282385 23.928828403096787
235.58333333333334 24.944399349080687 23.924581004073453
236.08333333333334 24.938843898532944 23.92031857279589
236.58333333333334 24.933324763229002 23.9160995201793
237.08333333333334 24.92779790113382 23.911881980930186
237.58333333333334 24.922308169688357 23.907659569818165
238.08333333333334 24.91681077760607 23.903437325810266
238.58333333333334 24.911355082238007 23.899250709787626
239.08333333333334 24.905909139584193 23.89508886470205
239.58333333333334 24.900477431610895 23.89090098258485
240.08333333333334 24.895057028862794 23.886755877920322
240.58333333333334 24.88968236912728 23.882585907361815
241.08333333333334 24.884259224281568 23.878449929765925
241.58333333333334 24.878900354902175 23.874310469808172
242.08333333333334 24.873548975784104 23.8702045973317
242.58333333333334 24.868221409560473 23.866088490782545
243.08333333333334 24.86288102288644 23.861986430319533
243.58333333333334 24.85756430806793 23.857876009080428
244.08333333333334 24.85228533591512 23.853802853128528
244.58333333333334 24.84699761407526 23.849731615500485
245.08333333333334 24.84174506201746 23.84567012923181
245.58333333333334 24.836489264134375 23.841622206550678
246.08333333333334 24.831233968132974 23.837558370188297
246.58333333333334 24.826038415604955 23.833533590732976
247.08333333333334 24.820829349669026 23.829498494535514
247.58333333333334 24.81559977575646 23.825489227348747
248.08333333333334 24.810444825738728 23.821469907185346
248.58333333333334 24.805297577439504 23.817470555353
249.08333333333334 24.800122918215344 23.813476176218565
249.58333333333334 24.794983193547893 23.809494412460253
250.08333333333334 24.789853788062178 23.805520858407988
250.58333333333334 24.784748591510557 23.801554363524048
251.08333333333334 24.779654741569285 23.79759473312275
251.58333333333334 24.77455611590717 23.79364538668691
252.08333333333334 24.76950026701571 23.78969157847318
252.58333333333334 24.764441658978544 23.7857659421126
253.08333333333334 24.759392137074702 23.78185173625685
253.58333333333334 24.7543425593366 23.777936377528075
254.08333333333334 24.74934725181501 23.77401868488375
254.58333333333334 24.74434054359837 23.770115793928493
255.08333333333334 24.739351446091398 23.766231367645393
255.58333333333334 24.7343396855942 23.762350808992593
256.0833333333333 24.72938381391254 23.758464976990066
256.5833333333333 24.724421095610758 23.754613224129493
257.0833333333333 24.719489894963672 23.750748140491226
257.5833333333333 24.7145729324721 23.74688878227163
258.0833333333333 24.709612070251026 23.743050798987404
258.5833333333333 24.704734196272824 23.739210674751362
259.0833333333333 24.699830705892477 23.735374124908176
259.5833333333333 24.694974142434525 23.73156460499166
260.0833333333333 24.69007705910851 23.72775782521765
260.5833333333333 24.685231771465848 23.723941166609475
261.0833333333333 24.680377282104583 23.720155825810906
261.5833333333333 24.675524648157165 23.716359044982056
262.0833333333333 24.6707205694565 23.712577036022342
262.5833333333333 24.66589122762376 23.708808917479335
263.0833333333333 24.661094946681004 23.70502650576369
263.5833333333333 24.656298324761664 23.701260662684312
264.0833333333333 24.651515892783813 23.697501338473078
264.5833333333333 24.646758205675056 23.693754341351134
265.0833333333333 24.641980281202684 23.690018948195224
265.5833333333333 24.637239300853384 23.686291279266072
266.0833333333333 24.632506346061117 23.682554357113194
266.5833333333333 24.627777420586416 23.678829814681464
267.0833333333333 24.62308875846578 23.675116849650372
267.5833333333333 24.618368007082974 23.671410003593284
268.0833333333333 24.613668046799763 23.66772051559485
268.5833333333333 24.60897771513432 23.664029697099522
269.0833333333333 24.604316338773884 23.660342371670737
269.5833333333333 24.599658738802333 23.656660045202393
270.0833333333333 24.595021134237168 23.652992987020998
