FastTrWP/PhaseSpace/IAs/snIa_0.61_30.00_3.31_0.07.csv
# %ECSV 0.9
# ---
# datatype:
# - {name: time-rel, datatype: float64}
# - {name: g, datatype: float64}
# - {name: i, datatype: float64}
# schema: astropy-2.0
time-rel g i
[from data line 2305]
1172.8541666666667 25.185998353379937 22.565327750853797
1173.3541666666667 25.185131930274757 22.566101985422392
1173.8541666666667 25.1842512653393 22.56687362697039
1174.3541666666667 25.183375904744207 22.567650828154836
1174.8541666666667 25.18244658647513 22.568419316522142
1175.3541666666667 25.18154949542381 22.569204048642423
1175.8541666666667 25.18065182464019 22.569974785922863
1176.3541666666667 25.179758683154112 22.570749557284135
1176.8541666666667 25.178828627633422 22.571525388937875
1177.3541666666667 25.177917487202045 22.572312477982138
1177.8541666666667 25.17702362734463 22.573083688835194
1178.3541666666667 25.17612907123462 22.573863118576053
1178.8541666666667 25.17519106399597 22.574644818708673
1179.3541666666667 25.174293090332473 22.575423813236682
1179.8541666666667 25.173372445265457 22.576204701624945
1180.3541666666667 25.17247751539241 22.576983902026694
1180.8541666666667 25.171568237486987 22.577771009557175
1181.3541666666667 25.1707143720786 22.578544339398704
1181.8541666666667 25.16982713906912 22.579334209770657
1182.3541666666667 25.168925536738996 22.580112150696433
1182.8541666666667 25.168064761023604 22.580892491538094
1183.3541666666667 25.167215579487742 22.58167753364768
1183.8541666666667 25.16633736360469 22.582455614928318
1184.3541666666667 25.165498639043996 22.58323714764277
1184.8541666666667 25.16468203558007 22.584019213223105
1185.3541666666667 25.163852440198195 22.584802225744
1185.8541666666667 25.163031931963268 22.58558453377233
1186.3541666666667 25.1622343903473 22.586367595136863
1186.8541666666667 25.161461847554612 22.58714962586374
1187.3541666666667 25.160665991979666 22.587928768997827
1187.8541666666667 25.159942566357753 22.588708742371743
1188.3541666666667 25.159217698471398 22.58948440184605
1188.8541666666667 25.158467196861857 22.590266419336405
1189.3541666666667 25.157789497524 22.591039577105324
1189.8541666666667 25.157107800753916 22.591824869745768
1190.3541666666667 25.156426469181753 22.59260013874637
1190.8541666666667 25.15579647331721 22.593378161687234
1191.3541666666667 25.155166135344796 22.594160508566688
1191.8541666666667 25.15455625630785 22.594928603940858
1192.3541666666667 25.15396750305883 22.59570065100718
1192.8541666666667 25.15341462143708 22.59647679074568
1193.3541666666667 25.152845128225927 22.59725031195023
1193.8541666666667 25.152361630902647 22.598022333935013
1194.3541666666667 25.151859315511317 22.598791169569843
1194.8541666666667 25.151432144169014 22.59955670833978
1195.3541666666667 25.150980760015344 22.600323487455256
1195.8541666666667 25.15057371473737 22.601088775979115
1196.3541666666667 25.15019600867951 22.601858254148244
1196.8541666666667 25.14983456308626 22.60262214345738
1197.3541666666667 25.14948525201618 22.603380901544377
1197.8541666666667 25.149205063404594 22.604136101948967
1198.3541666666667 25.148937048167195 22.604901456252936
1198.8541666666667 25.148677580574102 22.60567033912112
1199.3541666666667 25.148411113508047 22.606412349295187
1199.8541666666667 25.148139671685577 22.607183713345755
1200.3541666666667 25.14789188758882 22.60794090659937
1200.8541666666667 25.14763347967213 22.60870451677004
1201.3541666666667 25.14741072926029 22.60946240838155
1201.8541666666667 25.1471959574502 22.61022492023376
1202.3541666666667 25.146964382048083 22.610980496249418
1202.8541666666667 25.146727467691974 22.61173827034149
1203.3541666666667 25.146574040038224 22.612495168438205
1203.8541666666667 25.146346410203797 22.613265183013496
1204.3541666666667 25.146162075103575 22.61401662699683
1204.8541666666667 25.145970160527668 22.614784852815436
1205.3541666666667 25.14579860555312 22.615544792196197
1205.8541666666667 25.145658854005926 22.616297232313766
1206.3541666666667 25.145494869129696 22.617057669788103
1206.8541666666667 25.145330945841877 22.61781748487727
1207.3541666666667 25.14519580010148 22.61857418104663
1207.8541666666667 25.145087597245777 22.619332432295135
1208.3541666666667 25.144948325117518 22.620092671031415
1208.8541666666667 25.144860580025387 22.620857962741834
1209.3541666666667 25.14476258502374 22.621613314860063
1209.8541666666667 25.14469180435767 22.622368511673514
1210.3541666666667 25.144623654621267 22.623130730650583
1210.8541666666667 25.144528053343148 22.62388091236337
1211.3541666666667 25.144464562965297 22.624636877481027
1211.8541666666667 25.144455865526453 22.625399421184472
1212.3541666666667 25.14440286069343 22.62615671439283
1212.8541666666667 25.14436913269744 22.626913902570493
1213.3541666666667 25.14436969107251 22.62767809396072
1213.8541666666667 25.14437569868431 22.628428143205785
1214.3541666666667 25.14439934152918 22.629179158743323
1214.8541666666667 25.144406528965174 22.629937846714107
1215.3541666666667 25.144458057106057 22.630692437083088
1215.8541666666667 25.144487250400992 22.631449257114507
1216.3541666666667 25.144557845739648 22.6322050361024
1216.8541666666667 25.144647312591623 22.632954970783665
1217.3541666666667 25.14475558841381 22.633708911914056
1217.8541666666667 25.14482700502183 22.634466179454478
1218.3541666666667 25.14493795455992 22.6352211146634
1218.8541666666667 25.145071232350077 22.635962469015055
1219.3541666666667 25.145179824569787 22.63671694343782
1219.8541666666667 25.14536234798665 22.637473739742006
1220.3541666666667 25.14557155804541 22.638224396909948
1220.8541666666667 25.145703249708113 22.638975604316762
1221.3541666666667 25.145923044597737 22.63972350029285
1221.8541666666667 25.146135172017615 22.64047035945992
1222.3541666666667 25.146350071943566 22.64122106653418
1222.8541666666667 25.14659189069206 22.64197142754297
1223.3541666666667 25.146835448916708 22.642724498121055
1223.8541666666667 25.147132353907203 22.643474433936504
1224.3541666666667 25.147424847697227 22.64421278250174
1224.8541666666667 25.14773063176021 22.644962570383463
1225.3541666666667 25.148038745290407 22.645705260585874
1225.8541666666667 25.14839304943704 22.646460411824656
1226.3541666666667 25.148751570228033 22.647197961847134
1226.8541666666667 25.149090888258936 22.647945975359942
1227.3541666666667 25.14949961046097 22.648689046619754
1227.8541666666667 25.14987248554243 22.649427705145424
1228.3541666666667 25.150319735079293 22.65016413056193
1228.8541666666667 25.150759799163612 22.650908026288672
1229.3541666666667 25.151178847885536 22.651647460417593
1229.8541666666667 25.1516799703479 22.652392249388292
1230.3541666666667 25.152169512120505 22.653131296917625
1230.8541666666667 25.152685390362898 22.653874271502783
1231.3541666666667 25.15318801026303 22.65460788401189
1231.8541666666667 25.153743854076936 22.655351996677396
1232.3541666666667 25.154315738009622 22.656082811384618
1232.8541666666667 25.154908377073685 22.65681761548098
1233.3541666666667 25.1554728115514 22.657554130098426
1233.8541666666667 25.156126876546452 22.658285144954256
1234.3541666666667 25.15676445976771 22.659020500233108
1234.8541666666667 25.157428390694676 22.65975219782686
1235.3541666666667 25.15811630133229 22.66048708932474
1235.8541666666667 25.15880190346313 22.661216916061484
1236.3541666666667 25.159534769011454 22.66194774100049
1236.8541666666667 25.16028209690786 22.662667762882045
1237.3541666666667 25.161036352917595 22.66340440402516
1237.8541666666667 25.16179968083632 22.664133615346245
1238.3541666666667 25.162609269368154 22.66485843584663
1238.8541666666667 25.163385757976798 22.665590144756035
1239.3541666666667 25.164203791402414 22.666306040771108
1239.8541666666667 25.165060915274662 22.667031052536064
1240.3541666666667 25.165891416591677 22.66776290303488
1240.8541666666667 25.166743360323625 22.668485699007626
1241.3541666666667 25.167641804292046 22.66920951270782
1241.8541666666667 25.1685035454528 22.669932128626566
1242.3541666666667 25.169445896369375 22.67065506545763
1242.8541666666667 25.1703707540883 22.671376615247087
1243.3541666666667 25.1712922343882 22.672101341036324
1243.8541666666667 25.17227974737419 22.67282533212849
1244.3541666666667 25.173241639402622 22.673544636323367
1244.8541666666667 25.174246310563383 22.67425570724663
1245.3541666666667 25.175232047619957 22.67497753178258
1245.8541666666667 25.17625146401892 22.67570248360962
1246.3541666666667 25.177278662582104 22.676417475175974
1246.8541666666667 25.178345828382717 22.677132983570857
1247.3541666666667 25.179413092207238 22.67785227973814
1247.8541666666667 25.180496014920646 22.67857209179268
1248.3541666666667 25.18160419883391 22.679290385200176
1248.8541666666667 25.182719341766997 22.679999096730196
1249.3541666666667 25.183872898399756 22.68071643555953
1249.8541666666667 25.185017838542162 22.68143036109178
1250.3541666666667 25.186188459290317 22.682147600648506
1250.8541666666667 25.187378370868146 22.682855115334913
1251.3541666666667 25.188615607439665 22.68357158904861
1251.8541666666667 25.18980948004549 22.68428132914667
1252.3541666666667 25.191088392486055 22.684997951872298
1252.8541666666667 25.192345351971195 22.68569577530329
1253.3541666666667 25.193603760411026 22.68640782138986
1253.8541666666667 25.194907182141137 22.687119379570426
1254.3541666666667 25.196232417519454 22.687821904470837
1254.8541666666667 25.19755060581484 22.688531882051922
1255.3541666666667 25.198898847073057 22.68923880500397
1255.8541666666667 25.20028802183166 22.68994493242424
1256.3541666666667 25.20166060747018 22.690658775470226
1256.8541666666667 25.203079441530125 22.69136148715806
1257.3541666666667 25.204489066382898 22.692065938647687
1257.8541666666667 25.205940844967675 22.692761473553595
1258.3541666666667 25.207419453971198 22.693461182694577
1258.8541666666667 25.2088836766313 22.69416763864205
1259.3541666666667 25.210415183131012 22.69487214180665
1259.8541666666667 25.21194954186822 22.695569954026816
1260.3541666666667 25.21346639080781 22.696267867033004
1260.8541666666667 25.215033197274913 22.696967925256615
1261.3541666666667 25.21660063967133 22.69767508220008
1261.8541666666667 25.218204897662936 22.698367395106025
1262.3541666666667 25.219840056922024 22.699058655827496
1262.8541666666667 25.22148172894205 22.6997598379865
1263.3541666666667 25.223147776762236 22.700445555367715
1263.8541666666667 25.22484312383431 22.701143789958294
1264.3541666666667 25.22656391700322 22.70184098214546
1264.8541666666667 25.228268122050302 22.702528474190757
1265.3541666666667 25.230020843350008 22.70322056142659
1265.8541666666667 25.231804852223433 22.703913128572793
1266.3541666666667 25.233555021209927 22.704609574230894
1266.8541666666667 25.23539611331484 22.70529519063127
1267.3541666666667 25.23723269315576 22.70598499227525
1267.8541666666667 25.239069740587592 22.70666777273505
1268.3541666666667 25.240959170610758 22.707358413113358
1268.8541666666667 25.242872007385078 22.70805473154318
1269.3541666666667 25.24480672756715 22.708731872773733
1269.8541666666667 25.246725989766468 22.709410474680986
1270.3541666666667 25.248679403041155 22.71009995935596
1270.8541666666667 25.25070267927909 22.71077726784387
1271.3541666666667 25.252721764834657 22.71146577801896
1271.8541666666667 25.254747066320405 22.712147903261425
1272.3541666666667 25.256812495642215 22.712831592221523
1272.8541666666667 25.258912104763027 22.71350829997433
1273.3541666666667 25.261017235179246 22.714185489277092
1273.8541666666667 25.263141244294918 22.71486249033678
1274.3541666666667 25.265309522191917 22.715541290908202
1274.8541666666667 25.267492024446256 22.7162198239264
1275.3541666666667 25.269700564017946 22.716895421342013
1275.8541666666667 25.271929072583763 22.71756861006867
1276.3541666666667 25.274188021580134 22.71824400396533
1276.8541666666667 25.27645634971995 22.71890786080587
1277.3541666666667 25.2787656890198 22.71959071750084
1277.8541666666667 25.281045023264483 22.720255116283003
1278.3541666666667 25.28341469774126 22.720931070150414
1278.8541666666667 25.28578357745561 22.72159684675313
1279.3541666666667 25.288184848114494 22.722268885537915
1279.8541666666667 25.290580917407624 22.722937332796562
1280.3541666666667 25.293030992522034 22.723606949169564
1280.8541666666667 25.295484843284726 22.724269790235134
1281.3541666666667 25.297955487435992 22.724943390358384
1281.8541666666667 25.30047073914265 22.72560423620323
1282.3541666666667 25.303004199255884 22.72627424830268
1282.8541666666667 25.305556448460926 22.726934934373016
1283.3541666666667 25.308160773908924 22.72760003151052
1283.8541666666667 25.310789187418273 22.72826671979226
1284.3541666666667 25.313375226587674 22.7289261991072
1284.8541666666667 25.316025029385703 22.729580305141145
1285.3541666666667 25.318735301412353 22.73024118173026
1285.8541666666667 25.321450139826744 22.73090546923654
1286.3541666666667 25.32419791367243 22.73156466372894
1286.8541666666667 25.326962284404466 22.732214781645105
1287.3541666666667 25.329721088456022 22.73287526226982
1287.8541666666667 25.332548991939245 22.733530212069986
1288.3541666666667 25.33539656018616 22.734189004743158
1288.8541666666667 25.338291181413734 22.734840677558694
1289.3541666666667 25.341179670459326 22.735493774440883
1289.8541666666667 25.344117313940902 22.73615030154406
1290.3541666666667 25.34707301329821 22.736798721743888
1290.8541666666667 25.350027715960863 22.737453574972903
1291.3541666666667 25.353082124063423 22.738102651237597
1291.8541666666667 25.356100668232887 22.738745224907145
1292.3541666666667 25.35918383613891 22.739398058896867
1292.8541666666667 25.362267456055655 22.7400424525727
1293.3541666666667 25.36541484103518 22.740690533231263
1293.8541666666667 25.36856751678835 22.741345566670187
1294.3541666666667 25.371773385785232 22.741977851965927
1294.8541666666667 25.37500058602998 22.742625435896944
1295.3541666666667 25.378265420930678 22.743275494580747
1295.8541666666667 25.381532034284078 22.743913475831054
1296.3541666666667 25.384877928278122 22.744545229224347
1296.8541666666667 25.388216910604328 22.745191121202026
1297.3541666666667 25.391601527403132 22.74583088542167
1297.8541666666667 25.39504587768697 22.746463858916744
1298.3541666666667 25.398471756268552 22.747108228251427
1298.8541666666667 25.401940998771046 22.74773815297442
1299.3541666666667 25.405489926845192 22.7483737060503
1299.8541666666667 25.40902688204312 22.749009177249285
1300.3541666666667 25.412605438128043 22.749644302720395
1300.8541666666667 25.41622252494483 22.750281980952973
1301.3541666666667 25.419901169762245 22.750910826616078
1301.8541666666667 25.423549242992088 22.7515384395781
1302.3541666666667 25.427299524788452 22.75216407066867
1302.8541666666667 25.431077345857695 22.752795299052053
1303.3541666666667 25.43487973877335 22.75341910411462
1303.8541666666667 25.43871719227749 22.75405148528129
1304.3541666666667 25.44258350780904 22.75467073943828
1304.8541666666667 25.446515591213164 22.75529527334786
1305.3541666666667 25.45044976747424 22.755922211514054
1305.8541666666667 25.45444047233163 22.7565385814664
1306.3541666666667 25.458453943095645 22.757169501908795
1306.8541666666667 25.46252949670319 22.757786237519973
1307.3541666666667 25.466658080011314 22.75839992055991
1307.8541666666667 25.470821864674647 22.759012630642026
1308.3541666666667 25.47502550483328 22.759637041534376
1308.8541666666667 25.4792403023046 22.76025248584947
1309.3541666666667 25.483527069632068 22.760865105264664
1309.8541666666667 25.487853852008623 22.761480368033116
1310.3541666666667 25.492200311953223 22.762089823240643
1310.8541666666667 25.49663374239821 22.762705948981292
1311.3541666666667 25.501065624365822 22.763317613614916
1311.8541666666667 25.50556550135301 22.76391847831992
1312.3541666666667 25.510116333692338 22.76452439073339
1312.8541666666667 25.514703896133287 22.765136020854953
1313.3541666666667 25.519356003732053 22.765733387262223
1313.8541666666667 25.52398948219073 22.766332912932587
