FastTrWP/PhaseSpace/IAs/snIa_0.44_30.00_-0.80_0.00.csv
# %ECSV 0.9
# ---
# datatype:
# - {name: time-rel, datatype: float64}
# - {name: g, datatype: float64}
# - {name: i, datatype: float64}
# schema: astropy-2.0
time-rel g i
[from data line 289]
364.27083333333326 24.374727734223306 23.38603755050547
364.7708333333333 24.369455653264453 23.382534329441143
365.2708333333333 24.364230648273626 23.37903110709149
365.77083333333326 24.358987632820636 23.375538219207584
366.2708333333333 24.35375254576949 23.372032314679842
366.7708333333333 24.348549507984654 23.36854089707938
367.27083333333326 24.34335458230629 23.365054140685455
367.7708333333333 24.338158473214815 23.36158062836209
368.2708333333333 24.332973287185553 23.358105350075174
368.77083333333326 24.327802398221063 23.35464262504717
369.2708333333333 24.32264004639591 23.351177467763485
369.7708333333333 24.31750243666228 23.347720141813205
370.27083333333326 24.312357791229182 23.344259008703766
370.7708333333333 24.307248175986626 23.340804436126056
371.2708333333333 24.30212037212195 23.337368153277495
371.77083333333326 24.297016873884797 23.33393419979188
372.2708333333333 24.291946729469966 23.330489127147715
372.7708333333333 24.286857444721 23.327063967191968
373.27083333333326 24.28179846112634 23.323639025070918
373.7708333333333 24.27672546282733 23.32021570484198
374.2708333333333 24.271672933346785 23.31680653450103
374.77083333333326 24.266624357350967 23.31340031082871
375.2708333333333 24.261613477011366 23.3099995102561
375.7708333333333 24.256590124516944 23.306597556983697
376.27083333333326 24.251570620777898 23.30319357510607
376.7708333333333 24.246578455620117 23.29979798653224
377.2708333333333 24.241586517716726 23.296420189941934
377.77083333333326 24.23662101321225 23.29302978074646
378.2708333333333 24.23163287697784 23.28965590873733
378.7708333333333 24.22668629861898 23.286288774018594
379.27083333333326 24.221734867715014 23.2829157206786
379.7708333333333 24.216787255356063 23.279555932517646
380.2708333333333 24.211870176930862 23.27619371757644
380.77083333333326 24.20692619977431 23.27282616276847
381.2708333333333 24.20202272169871 23.269485917554917
381.7708333333333 24.197121889118925 23.26613517449097
382.27083333333326 24.192239579971236 23.26279634546564
382.7708333333333 24.187348792188228 23.25945357585853
383.2708333333333 24.182452278074237 23.256102868241825
383.77083333333326 24.177557755473245 23.252760257570323
384.2708333333333 24.172656610668156 23.24941574159521
384.7708333333333 24.16775275148913 23.24607086935996
385.27083333333326 24.162845357375403 23.24271601967456
385.7708333333333 24.157937020301105 23.23937712687741
386.2708333333333 24.15304619261689 23.236036448562665
386.77083333333326 24.14811827126335 23.232672927335205
387.2708333333333 24.14322454964887 23.229331277149537
387.7708333333333 24.138309361511663 23.2259763889776
388.27083333333326 24.133401553409506 23.222641683943568
388.7708333333333 24.12850856778813 23.21929658116854
389.2708333333333 24.12361757272648 23.215960695489297
389.77083333333326 24.118732878847375 23.212628357180822
390.2708333333333 24.11384702281868 23.20928791628639
390.7708333333333 24.10896911324975 23.20594932123513
391.27083333333326 24.104097328889836 23.20263056755055
391.7708333333333 24.099222598762896 23.199306057107624
392.2708333333333 24.094375797584952 23.19598183270902
392.77083333333326 24.089531627007304 23.192664260234928
393.2708333333333 24.08471121363693 23.1893590639855
393.7708333333333 24.079846744619076 23.18605300707706
394.27083333333326 24.07503486394321 23.18274101442912
394.7708333333333 24.07024622093937 23.179436942133243
395.2708333333333 24.0654434909565 23.176154108392275
395.77083333333326 24.0606693273269 23.172867430016083
396.2708333333333 24.05591106348091 23.169584912037436
396.7708333333333 24.05114946373697 23.166303050177017
397.27083333333326 24.046396695471515 23.163043358966362
397.7708333333333 24.041677814356195 23.15977955739124
398.2708333333333 24.03696637013548 23.156518588061942
398.77083333333326 24.032254345000453 23.153271862026088
399.2708333333333 24.02758124724498 23.150031534508017
399.7708333333333 24.022915726759194 23.14679117477356
400.27083333333326 24.01826270929318 23.14356789722495
400.7708333333333 24.013643854771697 23.140350557219833
401.2708333333333 24.009029716905186 23.137131510299813
401.77083333333326 24.00443324009029 23.133930797356488
402.2708333333333 23.999848749355046 23.13074789757645
402.7708333333333 23.99528577817047 23.127554033082532
403.27083333333326 23.99075230462674 23.124388643122423
403.7708333333333 23.986230556379308 23.121218650893738
404.2708333333333 23.98174237161065 23.11807701334745
404.77083333333326 23.9772603538881 23.11492314720974
405.2708333333333 23.972805114301025 23.11179043998587
405.7708333333333 23.96837208009066 23.108664006780046
406.27083333333326 23.96397028066188 23.10554509675759
406.7708333333333 23.959573267410722 23.10244438584163
407.2708333333333 23.955207711761215 23.099348727140267
407.77083333333326 23.950843413227524 23.09626746817016
408.2708333333333 23.94652599465676 23.093194533093392
408.7708333333333 23.942234323152558 23.090132159226822
409.27083333333326 23.937961336350256 23.087087438453736
409.7708333333333 23.933705458459738 23.084037353680344
410.2708333333333 23.92946639767912 23.08101548457001
410.77083333333326 23.92527602978729 23.078002870661773
411.2708333333333 23.921104663015406 23.075003846287157
411.7708333333333 23.916946563830003 23.072014282600506
412.27083333333326 23.912823320627 23.069033235083026
412.7708333333333 23.908726021503092 23.06607605801186
413.2708333333333 23.904655747902545 23.063122114698295
413.77083333333326 23.900612901877764 23.060180800812276
414.2708333333333 23.896584845964888 23.057251184020902
414.7708333333333 23.89261653197227 23.054347257480504
415.27083333333326 23.888629835912333 23.05145472558831
415.7708333333333 23.884710244159958 23.048566650366304
416.2708333333333 23.880788148123877 23.04568926309227
416.77083333333326 23.876913939135807 23.04283920170743
417.2708333333333 23.873053452939285 23.039999658377464
417.7708333333333 23.869214943545266 23.03715370719209
418.27083333333326 23.865376729690094 23.034319811727535
418.7708333333333 23.861558133058587 23.031493050927416
419.2708333333333 23.85774154880596 23.02866565818767
419.77083333333326 23.853949049464774 23.02585306662932
420.2708333333333 23.850152820242776 23.023039557879716
420.7708333333333 23.846365529212996 23.020246528772738
421.27083333333326 23.842605040189685 23.017454022333474
421.7708333333333 23.838854592512217 23.014664072318467
422.2708333333333 23.83511308011919 23.011870466522293
422.77083333333326 23.831367756205463 23.009103022558413
423.2708333333333 23.827663223095982 23.006328461916567
423.7708333333333 23.823961945414986 23.003566254415485
424.27083333333326 23.820269171733777 23.000810072325866
424.7708333333333 23.81659843178122 22.9980637918596
425.2708333333333 23.81292171559061 22.99532207443923
425.77083333333326 23.809291154033964 22.992585409337288
426.2708333333333 23.80562877227028 22.989862448375643
426.7708333333333 23.802027396271747 22.987135823818157
427.27083333333326 23.79841029478172 22.984423738055767
427.7708333333333 23.794819396981485 22.981711893358806
428.2708333333333 23.791247303223425 22.979019037770986
428.77083333333326 23.787664859555612 22.97632764643099
429.2708333333333 23.784126026331936 22.97364904185047
429.7708333333333 23.780582624737914 22.97097116205296
430.27083333333326 23.777069138951358 22.968303018814524
430.7708333333333 23.773540373952713 22.965648409857167
431.2708333333333 23.770069588368838 22.963004138657666
431.77083333333326 23.766588841743953 22.96035449291178
432.2708333333333 23.76312361378385 22.95772566068429
432.7708333333333 23.759687625705578 22.95509841710686
433.27083333333326 23.756255340493052 22.9524816625013
433.7708333333333 23.75284668969211 22.949869267866305
434.2708333333333 23.749454857868063 22.947263784440366
434.77083333333326 23.74607098390936 22.94467591831479
435.2708333333333 23.742701252980293 22.942097045567994
435.7708333333333 23.73935089727818 22.93951742021794
436.27083333333326 23.736035128303254 22.93696069177328
436.7708333333333 23.732711865620622 22.93439540419854
437.2708333333333 23.729417152636238 22.93184478491197
437.77083333333326 23.726131214769023 22.929311631701943
438.2708333333333 23.72286200630586 22.926784086858497
438.7708333333333 23.71963065901923 22.9242684123031
439.27083333333326 23.716390476621942 22.92173978773647
439.7708333333333 23.713191995760727 22.919246411172942
440.2708333333333 23.709974034674985 22.91675804430527
440.77083333333326 23.706808907936562 22.91427469093189
441.2708333333333 23.70365422198497 22.911791451489066
441.7708333333333 23.700494850807083 22.909332873523876
442.27083333333326 23.69738384593806 22.906878406991304
442.7708333333333 23.694277104366623 22.904428890812312
443.2708333333333 23.69118692872863 22.901990944612752
443.77083333333326 23.688121985235174 22.89956404722872
444.2708333333333 23.685048357625703 22.897151213082203
444.7708333333333 23.682041210870114 22.89474520444097
445.27083333333326 23.679014121450113 22.892343429053273
445.7708333333333 23.67601741829838 22.889964144832735
446.2708333333333 23.673036161080503 22.887583435315804
446.77083333333326 23.6700718097618 22.8852142468224
447.2708333333333 23.6671410447545 22.88286109677767
447.7708333333333 23.66421431349498 22.880516562175796
448.27083333333326 23.661314539912265 22.87818822201917
448.7708333333333 23.65843880860175 22.875850319392967
449.2708333333333 23.655561053541966 22.87353580049388
449.77083333333326 23.652723416066404 22.871232949830393
450.2708333333333 23.649896766203533 22.86893357036709
450.7708333333333 23.64708491683544 22.866651509953844
451.27083333333326 23.64431233099872 22.864377554606463
451.7708333333333 23.641534873025336 22.862104613069985
452.2708333333333 23.638787482635877 22.859852124078543
452.77083333333326 23.63604776728447 22.85761542469665
453.2708333333333 23.633311927817783 22.855374215427627
453.7708333333333 23.630605674894145 22.853136808086475
454.27083333333326 23.62789456549415 22.850907248334693
454.7708333333333 23.6252147985233 22.848692620721774
455.2708333333333 23.622543968808817 22.846490583114118
455.77083333333326 23.619888587770966 22.844280259624824
456.2708333333333 23.61724734486376 22.842089086117067
456.7708333333333 23.614611197678606 22.83990025567501
457.27083333333326 23.611982141625766 22.837723098550025
457.7708333333333 23.60937455018124 22.83554790340814
458.2708333333333 23.60678768094288 22.83338760731249
458.77083333333326 23.604208071178657 22.831230030496172
459.2708333333333 23.601636348199456 22.829074426268775
459.7708333333333 23.599091897461175 22.826935055287617
460.27083333333326 23.596560386195936 22.824807120099223
460.7708333333333 23.594030340918334 22.82267305840643
461.2708333333333 23.591514834667898 22.82055546787721
461.77083333333326 23.589006865319185 22.81844564407528
462.2708333333333 23.586526940449794 22.81633874364473
462.7708333333333 23.58404140653054 22.81423903073465
463.27083333333326 23.581583893537218 22.812147499636666
463.7708333333333 23.57912466398424 22.810066907751555
464.2708333333333 23.576694301606175 22.807993216080817
464.77083333333326 23.57426936005883 22.80591716580863
465.2708333333333 23.5718514176134 22.803862986264086
465.7708333333333 23.56944975294601 22.801816182018015
466.27083333333326 23.567060039922456 22.799762682938585
466.7708333333333 23.564693598635245 22.797715711633757
467.2708333333333 23.56234167315509 22.795688624344983
467.77083333333326 23.55998249108287 22.79365608168493
468.2708333333333 23.557641145045714 22.791644902542533
468.7708333333333 23.55531585386438 22.78963423426452
469.27083333333326 23.55300009340736 22.78762371778577
469.7708333333333 23.550694944655895 22.785627412219583
470.2708333333333 23.54841347783301 22.78363769256621
470.77083333333326 23.54613791859109 22.781650201480744
471.2708333333333 23.543880048081768 22.779680710437944
471.7708333333333 23.5416102267246 22.777701247669174
472.27083333333326 23.539374179311512 22.77575553828434
472.7708333333333 23.537154173982525 22.77378451553877
473.2708333333333 23.53492922483644 22.771832182732986
473.77083333333326 23.53272198087968 22.769894574454078
474.2708333333333 23.530540559386196 22.767958814595964
474.7708333333333 23.528355889554664 22.766026592535738
475.27083333333326 23.526182523618324 22.764113933131902
475.7708333333333 23.52402847190287 22.76219334645257
476.2708333333333 23.52188377232523 22.760286031677808
476.77083333333326 23.519741003582787 22.758385941452506
477.2708333333333 23.517624213503115 22.756485350253662
477.7708333333333 23.515520880115265 22.754609291965643
478.27083333333326 23.513416970175243 22.752723429590947
478.7708333333333 23.511325184185022 22.75085281100479
479.2708333333333 23.50923869982759 22.748974064395433
479.77083333333326 23.507184536785026 22.74711756122025
480.2708333333333 23.50513605298176 22.745261132340833
480.7708333333333 23.503077717758337 22.743412499865574
481.27083333333326 23.50105765812994 22.741573139563492
481.7708333333333 23.49903718659295 22.739738863949263
482.2708333333333 23.497030618500556 22.737913762114637
482.77083333333326 23.495034165755687 22.736093373864005
483.2708333333333 23.49304068193814 22.734277480218196
483.7708333333333 23.491072646967286 22.732463617765806
484.27083333333326 23.48910948790302 22.730658656706115
484.7708333333333 23.487158922087396 22.72886739651874
485.2708333333333 23.485224827215447 22.727084113349456
485.7708333333333 23.48330180357934 22.725297233561108
486.2708333333333 23.48137466975237 22.723513578853446
486.7708333333333 23.479482272623105 22.721748503078715
487.2708333333333 23.477572553943915 22.719979613130462
487.7708333333333 23.4756823111929 22.71822154804176
488.2708333333333 23.473803561333607 22.716470089335647
488.7708333333333 23.47194372888351 22.71472007723153
489.2708333333333 23.470077221025765 22.712974161976835
489.7708333333333 23.46822845452089 22.711235351300264
490.2708333333333 23.466379460027017 22.70950311989488
490.7708333333333 23.46455265666237 22.707788596873026
491.2708333333333 23.4627260770821 22.706067275076485
491.7708333333333 23.46092040728662 22.70434668104439
492.2708333333333 23.459114525633723 22.702640912934594
492.7708333333333 23.457323516651478 22.700944816828986
493.2708333333333 23.455535330248104 22.69924533404282
493.7708333333333 23.453764002827988 22.697551218049483
494.2708333333333 23.452002711582907 22.69586540797396
494.7708333333333 23.450247867324777 22.694185425479553
495.2708333333333 23.448503573583935 22.692508141799603
495.7708333333333 23.446770651833923 22.690838438826148
496.2708333333333 23.445050584018944 22.68918173227422
496.7708333333333 23.443322984784402 22.687526552089214
497.2708333333333 23.441630756587607 22.685873899970666
497.7708333333333 23.439919933336885 22.68422987852577
498.2708333333333 23.438230399205125 22.682587505221903
498.7708333333333 23.436561034600807 22.68095603231608
499.2708333333333 23.434887039647677 22.679316408863606
499.7708333333333 23.43321937325183 22.67769996373984
500.2708333333333 23.431571835206256 22.676075109680095
500.7708333333333 23.4299399569353 22.674467998283458
501.2708333333333 23.42830543938345 22.67285930992383
501.7708333333333 23.426684815428796 22.671256568071033
502.2708333333333 23.42507888923297 22.669664950954612
502.7708333333333 23.42347177649223 22.66807136439761
503.2708333333333 23.421878262102396 22.666490840273163
503.7708333333333 23.42029904515919 22.664909590868042
504.2708333333333 23.418721101460193 22.663338124745497
504.7708333333333 23.41715529877245 22.661772763639952
505.2708333333333 23.415598800464426 22.660207256516635
505.7708333333333 23.414052927871424 22.658642905082168
506.2708333333333 23.41252017320585 22.657100902458353
506.7708333333333 23.41099064788932 22.655552249768228
507.2708333333333 23.409476163836036 22.654011847297685
507.7708333333333 23.407973292432192 22.652484601108277
