FastTrWP/PhaseSpace/IAs/snIa_0.32_30.00_0.73_-0.02.csv
# %ECSV 0.9
# ---
# datatype:
# - {name: time-rel, datatype: float64}
# - {name: g, datatype: float64}
# - {name: i, datatype: float64}
# schema: astropy-2.0
time-rel g i
[from data line 1394]
872.75 23.152095841223623 22.61476274406968
873.25 23.15334870253691 22.615372293757407
873.7499999999999 23.154591283468903 22.615987491057247
874.25 23.15583323878565 22.61660424877286
874.75 23.157092970235293 22.61722376350058
875.2499999999999 23.1583338977976 22.61784091047125
875.75 23.15957634483412 22.618462495142335
876.25 23.160836891755466 22.619093563001506
876.7499999999999 23.1620819207015 22.61972288732112
877.25 23.16334709150851 22.620355239820885
877.75 23.164594079054798 22.620979919975422
878.2499999999999 23.16584883223414 22.62161529477919
878.75 23.167102492429876 22.622249333429988
879.25 23.1683621140606 22.622885395410897
879.7499999999999 23.169624096457134 22.623523065891213
880.25 23.17088679100162 22.624176759297292
880.75 23.172143818227234 22.624816045088863
881.2499999999999 23.173406433612588 22.625474477516057
881.75 23.174668274341887 22.626112090776154
882.25 23.17593666799325 22.626766140250115
882.7499999999999 23.177195020331027 22.62742390236592
883.25 23.178470595514757 22.62808956745914
883.75 23.179737987943053 22.628739873838022
884.2499999999999 23.180998597600045 22.62939868116447
884.75 23.18227400643562 22.630056337912684
885.25 23.183531443097543 22.630726534817427
885.7499999999999 23.184813257622906 22.631400503565832
886.25 23.18609040227542 22.632072912333733
886.75 23.18735652534548 22.63274194773239
887.2499999999999 23.188635937688563 22.63341695449572
887.75 23.189908979002336 22.63408937548723
888.25 23.191178592331916 22.634780070454088
888.7499999999999 23.192453787752754 22.635460923945057
889.25 23.193745752135683 22.63614128642985
889.75 23.195018731810798 22.636834346960676
890.2499999999999 23.196303316502977 22.637524664873805
890.75 23.197572883164916 22.63822458761173
891.25 23.1988694581799 22.638919569070822
891.7499999999999 23.20014129119172 22.63961600193268
892.25 23.20143387273097 22.64031706799443
892.75 23.20272019011261 22.641025923828675
893.2499999999999 23.2040082971741 22.641730852681402
893.75 23.205290301378287 22.642441531805538
894.25 23.206584160220242 22.643150187389857
894.7499999999999 23.207870157439892 22.64386453858453
895.25 23.20915957436066 22.644578794800296
895.75 23.210458723012394 22.645299024699522
896.2499999999999 23.211759340146617 22.646021560229812
896.75 23.213048571290763 22.646745083967346
897.25 23.214348610499748 22.647471743290595
897.7499999999999 23.21564759899045 22.648205593980425
898.25 23.216945202236673 22.648924938759386
898.75 23.21824504493444 22.649670757647897
899.2499999999999 23.219543955369524 22.650402560928438
899.75 23.220851222700848 22.651139801266176
900.25 23.22215297589588 22.65188224753672
900.7499999999999 23.223448811870085 22.652625609081134
901.25 23.224750715589195 22.653370187839343
901.75 23.226065309251545 22.65412398153014
902.2499999999999 23.227375044174465 22.654878991424795
902.75 23.22868065033976 22.655632175985826
903.25 23.22999264642401 22.65638140112617
903.7499999999999 23.231306351129227 22.657139801867704
904.25 23.232608160629272 22.657902870977146
904.75 23.23393231877482 22.65866560635201
905.2499999999999 23.2352459089645 22.65943232775108
905.75 23.23656792177082 22.66020385161766
906.25 23.23787864018484 22.660973352598642
906.7499999999999 23.239202899125196 22.661743910991223
907.25 23.24052255385721 22.662517932432664
907.75 23.241842096385042 22.66329802188419
908.2499999999999 23.243174452509564 22.664081266897426
908.75 23.24449385291291 22.664866723099518
909.25 23.245816172488816 22.665647722427437
909.7499999999999 23.247141763476634 22.66643559918432
910.25 23.248460773526233 22.66722552723564
910.75 23.24980525743605 22.66801354361791
911.2499999999999 23.25113818784269 22.668813534490674
911.75 23.25246796586475 22.66960805686084
912.25 23.25380720582171 22.670409379245456
912.7499999999999 23.255144254259935 22.67121819049269
913.25 23.256478314022424 22.67201115969923
913.75 23.257822325363477 22.672821211890508
914.2499999999999 23.259153094494756 22.673630039047772
914.75 23.26049299239633 22.67444581509598
915.25 23.261845190634993 22.675253383522765
915.7499999999999 23.263187217560223 22.676081213011166
916.25 23.264535417999696 22.676895311000465
916.75 23.265879356329467 22.677715921754896
917.2499999999999 23.267224155895164 22.67853827546526
917.75 23.268582191857856 22.679381586920755
918.25 23.269924452148278 22.68021767182569
918.7499999999999 23.271277877378648 22.681051824927785
919.25 23.272642442845658 22.68189488213656
919.75 23.273984578481585 22.68274456069885
920.2499999999999 23.275344609511844 22.683597262559594
920.75 23.27671219145859 22.684464575124682
921.25 23.27806767772127 22.68530917870507
921.7499999999999 23.27942948002744 22.68617593469905
922.25 23.280800727797182 22.687027674905615
922.75 23.282157563451275 22.687912292399236
923.2499999999999 23.283531298546755 22.68878468529145
923.75 23.284889246907706 22.689654570197128
924.25 23.286265147469976 22.690530370385723
924.7499999999999 23.287634075615248 22.691414487068666
925.25 23.289008379297652 22.692292948282486
925.75 23.290383600576405 22.693184716074924
926.2499999999999 23.291744581666283 22.694077698164783
926.75 23.29313254670599 22.69496721551658
927.25 23.294511371919327 22.695858576423337
927.7499999999999 23.29588738179652 22.696760246306248
928.25 23.297275092016356 22.69766168820423
928.75 23.298651592986403 22.698567654174298
929.2499999999999 23.300030026050223 22.699471677282645
929.75 23.30142012865783 22.70037594748419
930.25 23.302800992664526 22.7012835201607
930.7499999999999 23.304197824526284 22.702201089215563
931.25 23.30558304011634 22.703107383377837
931.75 23.306977051986184 22.704021261378227
932.2499999999999 23.308362607819255 22.704935107178102
932.75 23.309764181001967 22.70585334287101
933.25 23.31114895423141 22.706778845125108
933.7499999999999 23.312545089962953 22.707697483156615
934.25 23.31394977045735 22.708621633794813
934.75 23.31535383606689 22.70955080891777
935.2499999999999 23.316744171560785 22.710472911804665
935.75 23.31814219903152 22.711404491662705
936.25 23.31955198437236 22.712326194668222
936.7499999999999 23.320942702435744 22.713263173370777
937.25 23.32235000335003 22.71419267063127
937.75 23.32376519073478 22.71511964896751
938.2499999999999 23.3251667876608 22.716052228864164
938.75 23.326579250190214 22.716992836963954
939.25 23.32798066953646 22.71792379774192
939.7499999999999 23.329394664528603 22.71886381729869
940.25 23.33080512024969 22.71979734762275
940.75 23.332226411935014 22.720729505595262
941.2499999999999 23.33362777884647 22.7216708893704
941.75 23.335058508448235 22.722611309839706
942.25 23.336464470553466 22.72353946541928
942.7499999999999 23.33787700678186 22.724470132531714
943.25 23.33931275089785 22.725412995324422
943.75 23.34072506920395 22.72634877737781
944.2499999999999 23.3421488672939 22.727284722138933
944.75 23.343564746456277 22.728213497218338
945.25 23.344990651103586 22.7291597498566
945.7499999999999 23.346422521597514 22.730090733686858
946.25 23.347847991801764 22.731023298337142
946.75 23.349281831317157 22.731967824345038
947.2499999999999 23.350714016441035 22.732887506501022
947.75 23.352130940113348 22.73382161496196
948.25 23.35356180792095 22.734758203128045
948.7499999999999 23.35499393361621 22.735699318340124
949.25 23.35643169993918 22.73663411005331
949.75 23.357857324312317 22.737573712220666
950.2499999999999 23.35930722695794 22.738522708050798
950.75 23.360743555743852 22.739469083217738
951.25 23.362188565335217 22.740408030313045
951.7499999999999 23.36362678833077 22.741351341493072
952.25 23.3650625295217 22.742311002758342
952.75 23.366508229124708 22.74325308909018
953.2499999999999 23.367947093733164 22.744208267907965
953.75 23.369399079579615 22.745160597044748
954.25 23.370842123677992 22.746123665076574
954.7499999999999 23.372299718053924 22.747075787324786
955.25 23.37375061955526 22.748035509325526
955.75 23.37520375492675 22.748994308927962
956.2499999999999 23.376645860974392 22.749949520845213
956.75 23.378103865629136 22.750917166839958
957.25 23.379564842889415 22.751880460066257
957.7499999999999 23.381017523194927 22.75284016737252
958.25 23.38247809161375 22.75381033327656
958.75 23.38393015375118 22.754770770993268
959.2499999999999 23.385399461190918 22.755745996587834
959.75 23.38685452857396 22.75670523381162
960.25 23.38832999253122 22.75767489189493
960.7499999999999 23.38978901799841 22.758655200108308
961.25 23.391259893131064 22.759622445391283
961.75 23.39273339051107 22.76058857121251
962.2499999999999 23.39420459826805 22.761564146886315
962.75 23.395666697519843 22.762543198244813
963.25 23.397136369436215 22.763511607693037
963.7499999999999 23.398617465159216 22.76448684403993
964.25 23.400093331799006 22.765463813651966
964.75 23.401564952523977 22.766441870381446
965.2499999999999 23.40304658960315 22.76741020145313
965.75 23.404522729942588 22.768388413104383
966.25 23.406009898317066 22.769368514816634
966.7499999999999 23.407500917376808 22.77034025038568
967.25 23.408971931579043 22.771312419460642
967.75 23.410462446404306 22.772294188097714
968.2499999999999 23.411948012525556 22.77327581291777
968.75 23.41343843698988 22.77424956040774
969.25 23.414931520986766 22.7752226871413
969.7499999999999 23.416409119096425 22.776203743355502
970.25 23.417910792054975 22.777182782070724
970.75 23.41940613295491 22.778157827233283
971.2499999999999 23.420892778607847 22.77913054135641
971.75 23.422396812390108 22.780103024597146
972.25 23.423888008575982 22.781083339134316
972.7499999999999 23.425396271851483 22.78206513351566
973.25 23.426899233586678 22.783034350460852
973.75 23.428394263253978 22.78401080338817
974.2499999999999 23.429896669332905 22.784979649469634
974.75 23.43140482381252 22.785957741006424
975.25 23.432921178593485 22.786926192528853
975.7499999999999 23.434422230337915 22.78789741229513
976.25 23.435941152765224 22.788878824477344
976.75 23.437432261210603 22.789841949949242
977.2499999999999 23.43895161508858 22.790805657228624
977.75 23.4404718631351 22.79178478463062
978.25 23.441984196937085 22.792752587678887
978.7499999999999 23.443490793545273 22.793713926436627
979.25 23.445017414807005 22.79467904989286
979.75 23.446536043969004 22.795642395234058
980.2499999999999 23.448061051076312 22.79660706447988
980.75 23.449581164038534 22.79756931389786
981.25 23.451102368493785 22.79854240000517
981.7499999999999 23.4526280795386 22.799500090785358
982.25 23.454145099305194 22.80046428225436
982.75 23.455682432212935 22.801424741943773
983.2499999999999 23.457210994846648 22.802392814253185
983.75 23.45873802205871 22.80335921279967
984.25 23.46027052990452 22.804317640216926
984.7499999999999 23.461799137481915 22.80528755105891
985.25 23.463355216041464 22.806248342681283
985.75 23.464874848252222 22.807217279889976
986.2499999999999 23.466402512831518 22.808168964940343
986.75 23.467937315537355 22.809130069960766
987.25 23.469492481624208 22.81009790373396
987.7499999999999 23.471022413455263 22.81105934367393
988.25 23.47258790983726 22.812018817561924
988.75 23.474114416959267 22.81298106345715
989.2499999999999 23.475660802647692 22.81394753603967
989.75 23.47721380396798 22.814908534778628
990.25 23.478761137050096 22.81586334424315
990.7499999999999 23.480306572039726 22.81683804716758
991.25 23.481850330145747 22.81778918817245
991.75 23.48341312891572 22.81875678207351
992.2499999999999 23.48496999465057 22.819717043553702
992.75 23.48652954637609 22.82067110965762
993.25 23.48807705838196 22.82164757636413
993.7499999999999 23.48963808422844 22.822610015840333
994.25 23.491201852449045 22.823570147383716
994.75 23.492769768423152 22.824524202800973
995.2499999999999 23.494334189270944 22.82548147982466
995.75 23.49590911034404 22.826450232906964
996.25 23.4974687729305 22.82741162817753
996.7499999999999 23.49903529013064 22.828373847993365
997.25 23.50060676263852 22.82933839889666
997.75 23.502181432966545 22.830291195380124
998.25 23.503763407517294 22.831256234506068
998.75 23.50534086464223 22.83221991078655
999.25 23.506921430811968 22.833183322989157
999.75 23.50849389508515 22.834148090528707
1000.25 23.510075011338426 22.835108812160072
1000.75 23.51166410133436 22.83606545701698
1001.25 23.513245515651175 22.837025245603595
1001.75 23.514831403608692 22.83799826370288
1002.25 23.516425804056595 22.838953639804643
1002.75 23.518012156444954 22.839909048633032
1003.25 23.519616204884137 22.840889630491738
1003.75 23.521203168115786 22.84183803165588
1004.25 23.522808007371015 22.84279729025895
1004.75 23.52439783493324 22.843772302847256
1005.25 23.526009009095535 22.84473119994097
1005.75 23.527622279448348 22.84568897536319
1006.25 23.52922341336869 22.846668439371083
1006.75 23.53082599893787 22.84761789678591
1007.25 23.532443963299826 22.848582336367492
1007.75 23.534050466827466 22.84954741294134
1008.25 23.535664096839458 22.85051204250078
1008.75 23.537278378936875 22.85148105542675
1009.25 23.538893554815715 22.852450554697114
1009.75 23.5405136823969 22.853409425194048
1010.25 23.542139469949138 22.854363552744886
1010.75 23.543763793976108 22.855338109791084
1011.25 23.54539743753902 22.856302271244427
1011.75 23.54702262243474 22.857270019817022
1012.25 23.548650202690126 22.858234392119265
1012.75 23.55027456836676 22.85919639083568
1013.25 23.551910853494405 22.860166851515793
1013.75 23.55354805879434 22.86112294546689
1014.25 23.555183524947164 22.86208866702703
1014.75 23.556831699016243 22.863049366196364
1015.25 23.55846916021048 22.86402161860012
1015.75 23.560111500526215 22.864984081459557
1016.25 23.56175447211647 22.86594768929165
1016.75 23.56340134125984 22.86690679813824
1017.25 23.56504848948951 22.867877244804063
1017.75 23.566693571377385 22.868840627604573
1018.25 23.56834314219226 22.869815490809174
1018.75 23.570014081594124 22.870772231430912
1019.25 23.571677160866006 22.871733023111695
1019.75 23.57332181582507 22.87270753420094
1020.25 23.574988052579005 22.873666548034524
1020.75 23.576661233281765 22.874626081692462
1021.25 23.578312763262915 22.875598787265538
1021.75 23.57997661739622 22.876562698853963
1022.25 23.5816481934516 22.87752960044112
1022.75 23.58331845130668 22.87849020553788
1023.25 23.584994362277452 22.879451297641097
1023.75 23.586670172315124 22.88042350231177
1024.25 23.5883551819496 22.88138257153506
1024.75 23.590025363306957 22.88235242935757
1025.25 23.59170454489532 22.883319201285914
1025.75 23.593392155086637 22.884271818133985
1026.25 23.595073292494234 22.88524537130438
1026.75 23.596768236770846 22.88620914023428
1027.25 23.598468927130615 22.88718517539924
1027.75 23.6001468592164 22.888145440973933
1028.25 23.60185047108276 22.889113835159
1028.75 23.603534404392768 22.890076514759347
1029.25 23.605240118059704 22.891040304075357
1029.75 23.60695380478522 22.892011152404503
1030.25 23.608642338173116 22.89297280225521
1030.75 23.610366376762812 22.893937042491434
1031.25 23.612069862513486 22.894911807954923
1031.75 23.61377131081221 22.89587262046539
1032.25 23.61548312056666 22.896842451595603
1032.75 23.617215577559275 22.897808438944036
1033.25 23.618930446136993 22.89878035225341
1033.75 23.620648456954658 22.899743804613895
1034.25 23.622380854784794 22.90071610675041
1034.75 23.62410133854823 22.901690917466503
1035.25 23.625838729079867 22.90264988611815
1035.75 23.627564325468576 22.903615398978868
1036.25 23.629286245317537 22.90458129655657
1036.75 23.63103022636527 22.90555449726454
1037.25 23.63277806400902 22.906518818349216
1037.75 23.634514088537223 22.90748899727933
1038.25 23.63626427690027 22.908463752025693
1038.75 23.638006415196603 22.9094191048277
1039.25 23.639757711626398 22.910392541555964
1039.75 23.64150912540812 22.911364817146158
1040.25 23.643259832847733 22.91234090011761
1040.75 23.645015014723857 22.913314199689175
1041.25 23.646782096276997 22.91428784447421
1041.75 23.648534494939774 22.915258244691735
