FastTrWP/PhaseSpace/IAs/snIa_0.55_30.00_0.17_0.10.csv
# %ECSV 0.9
# ---
# datatype:
# - {name: time-rel, datatype: float64}
# - {name: g, datatype: float64}
# - {name: i, datatype: float64}
# schema: astropy-2.0
time-rel g i
[from data line 1427]
318.0 24.46855993005393 22.354634793644298
318.5 24.470431230638674 22.355028436414393
318.9999999999999 24.47230716366484 22.35542014758394
319.5 24.47417921216582 22.35582268104362
320.0 24.476049463205346 22.35622448986127
320.4999999999999 24.477939727382157 22.3566208319003
321.0 24.479825013089524 22.357019987972254
321.5 24.481691487655727 22.357415918033933
321.9999999999999 24.483573117758347 22.357821770042253
322.5 24.48545279378067 22.358218498335294
323.0 24.487331417034113 22.358621477900783
323.4999999999999 24.489191970349058 22.35902863409271
324.0 24.491098362904744 22.359434184517376
324.5 24.49294510213177 22.3598404418334
324.9999999999999 24.494824576391807 22.360234147024617
325.5 24.496694621608203 22.360649034124794
326.0 24.49859287924373 22.3610493626447
326.4999999999999 24.500464061544953 22.36145742898422
327.0 24.502343176975714 22.361862265589686
327.5 24.504210623422114 22.36226392590055
327.9999999999999 24.506087007523824 22.36268877109671
328.5 24.507959566563308 22.363088798476333
329.0 24.509850491603657 22.363506349196488
329.4999999999999 24.51170973871024 22.36391466748211
330.0 24.513595880540485 22.364330064456958
330.5 24.51546908928097 22.364740816629403
330.9999999999999 24.517346478597595 22.36515098878613
331.5 24.519235191897128 22.365562387022887
332.0 24.52110206635588 22.36598434947767
332.4999999999999 24.52296322418111 22.366392297822678
333.0 24.524848859828666 22.366815851391234
333.5 24.526719545683754 22.367226045125573
333.9999999999999 24.528601477565655 22.367637242113506
334.5 24.530451342923612 22.368063151018134
335.0 24.53234939443183 22.368474631005885
335.4999999999999 24.53419807078108 22.368897128576094
336.0 24.536074524593854 22.36931613157305
336.5 24.5379574042556 22.36973563468122
336.9999999999999 24.539813037593813 22.3701569632695
337.5 24.54169776810207 22.37057984644978
338.0 24.54356052421186 22.371002037511012
338.4999999999999 24.54543043166754 22.371420526271194
339.0 24.547303149820998 22.371843815884716
339.5 24.549181394793884 22.37226595336255
339.9999999999999 24.551041790124476 22.3726905430021
340.5 24.55289121142512 22.373122670597535
341.0 24.554787460904024 22.373548682412565
341.4999999999999 24.556640799060084 22.37398007425208
342.0 24.558500792785395 22.37440147533888
342.5 24.560363475007595 22.374836817112296
342.9999999999999 24.562229046181155 22.375261941395944
343.5 24.56409290993299 22.375685501009603
344.0 24.565963688689507 22.37612465615028
344.4999999999999 24.56782967918207 22.376556668360102
345.0 24.56967394767869 22.376994030574235
345.5 24.571550010971638 22.377426575849633
345.9999999999999 24.573414102535924 22.37785406647675
346.5 24.57528140110621 22.378286911284757
347.0 24.577146156604304 22.378722091756266
347.4999999999999 24.578995332351752 22.379165812111232
348.0 24.580865397827807 22.379600668748544
348.5 24.58271573552608 22.3800352618455
348.9999999999999 24.584588824936674 22.380483277684206
349.5 24.58644110785545 22.38092180734415
350.0 24.58831525498863 22.3813573320418
350.4999999999999 24.590156881255453 22.381802400514694
351.0 24.59203456712775 22.38224329308275
351.5 24.59389130599808 22.38268959159494
351.9999999999999 24.59573371749352 22.383127696684255
352.5 24.59759061914887 22.383570537167003
353.0 24.59946277375 22.384023832993805
353.4999999999999 24.601313667696076 22.384466800127804
354.0 24.603188430467657 22.384913277149305
354.5 24.60502054823546 22.385360016433772
354.9999999999999 24.606872828768182 22.385805336822727
355.5 24.60874452817475 22.386259787011053
356.0 24.61059277487871 22.38670563259452
356.4999999999999 24.61246127428462 22.38716003886281
357.0 24.614294162534307 22.38760757130423
357.5 24.61615898403563 22.38805629444444
357.9999999999999 24.618023229275256 22.388512890347748
358.5 24.619879447062495 22.388974597889984
359.0 24.621750335639078 22.3894148541757
359.4999999999999 24.623594311111475 22.38987907427824
360.0 24.625441168031 22.39033101469588
360.5 24.62728655652289 22.39078876621199
360.9999999999999 24.629143063643973 22.391237345187776
361.5 24.630994433127327 22.39170151407436
362.0 24.632863394350743 22.392158075300795
362.4999999999999 24.634715832905982 22.392616804605375
363.0 24.636549054544542 22.3930748866804
363.5 24.63842574151343 22.393533636650673
363.9999999999999 24.640286965296735 22.39399449936203
364.5 24.642130640369707 22.39446021491245
365.0 24.643990927359233 22.394926169796754
365.4999999999999 24.64583077403396 22.395391636781923
366.0 24.647686766056935 22.39584509756698
366.5 24.64953735440973 22.396317287181347
366.9999999999999 24.651394869923923 22.396786087722198
367.5 24.653247295811923 22.397246931657588
368.0 24.655108754776744 22.397715090645235
368.4999999999999 24.656969311148785 22.398182341568997
369.0 24.658800128144783 22.398651365727545
369.5 24.660653258146095 22.399119586610375
369.9999999999999 24.66251907568848 22.399596026024817
370.5 24.664358595370977 22.400055464882463
371.0 24.666214855465753 22.40053083549498
371.4999999999999 24.668075944934138 22.401000275312853
372.0 24.669927616944236 22.401480917596505
372.5 24.671766252146497 22.401948127596754
372.9999999999999 24.673626542813373 22.40242913368079
373.5 24.675477695508597 22.402903191316227
374.0 24.677346448482194 22.40337921787933
374.4999999999999 24.67919325807835 22.403849484742835
375.0 24.681054246170255 22.40433053688186
375.5 24.682891281299767 22.404802067465234
375.9999999999999 24.68475967728654 22.405284431368294
376.5 24.68660031412079 22.405763653784625
377.0 24.68846430908553 22.406243707824494
377.4999999999999 24.69029274308147 22.40672543020728
378.0 24.692152499475647 22.407205455293933
378.5 24.694008815225224 22.4076909336598
378.9999999999999 24.695835031271542 22.408169609177264
379.5 24.697691355710944 22.408657084479916
380.0 24.699540925213952 22.409142913974755
380.4999999999999 24.701388120209433 22.409624446484408
381.0 24.703224259325065 22.41011484012629
381.5 24.705059573095912 22.410598355115848
381.9999999999999 24.706906960051093 22.411083850687646
382.5 24.708781653852515 22.411568134076795
383.0 24.710614807877505 22.412066261162806
383.4999999999999 24.712437359370078 22.41255334049589
384.0 24.714295672882486 22.41304916000424
384.5 24.716149519171175 22.413542706979758
384.9999999999999 24.717971876532392 22.41403113423564
385.5 24.71981788392722 22.414521017952048
386.0 24.721671660538846 22.41501680118674
386.4999999999999 24.723489300791933 22.4155097389073
387.0 24.725334997882538 22.41601166730068
387.5 24.72718199831136 22.41650611650686
387.9999999999999 24.729011224722317 22.41699779791842
388.5 24.73085772947499 22.417505651792776
389.0 24.732696089166666 22.417993646639722
389.4999999999999 24.734533250216227 22.418498036003083
390.0 24.736362954202512 22.41899388636332
390.5 24.738204956234963 22.419493495444037
390.9999999999999 24.740027619817898 22.420005954775174
391.5 24.741881832689714 22.42049925636821
392.0 24.74370324778176 22.42100360894103
392.4999999999999 24.745546607406407 22.421502515055074
393.0 24.74737351030006 22.422009916752735
393.5 24.74921437245245 22.422520299396986
393.9999999999999 24.751053986619908 22.423022293109298
394.5 24.752879436624763 22.423532742470563
395.0 24.754708320259606 22.42403691393732
395.4999999999999 24.756540515767153 22.424541210238573
396.0 24.75835417293622 22.425054574309733
396.5 24.76022292508143 22.42556973682133
396.9999999999999 24.76205253575817 22.426071480142767
397.5 24.763849256774108 22.42659042636901
398.0 24.765685937050055 22.42710317255586
398.4999999999999 24.76751131123725 22.427616359711262
399.0 24.769373709095305 22.428123965688755
399.5 24.77119603523025 22.428652183647802
399.9999999999999 24.773028810956973 22.429158363944154
400.5 24.774843973272134 22.429675547681565
401.0 24.776688998523003 22.43019158544053
401.4999999999999 24.7785013427727 22.43070751441526
402.0 24.780343111203507 22.43122737081624
402.5 24.782164518945372 22.43175431867041
402.9999999999999 24.784004432452544 22.432272813914835
403.5 24.78581850772651 22.43278714734158
404.0 24.78766119900923 22.433315405393444
404.4999999999999 24.789493653252936 22.43383353767729
405.0 24.791330422953294 22.43435830035366
405.5 24.79315799033663 22.434878480254227
405.9999999999999 24.794970479593218 22.435409568301576
406.5 24.79681239470822 22.435930546178724
407.0 24.79863245322433 22.43645922973279
407.4999999999999 24.80045816582502 22.436981313437812
408.0 24.802290752784124 22.437512413593886
408.5 24.804114822637082 22.438037976130847
408.9999999999999 24.805940120547024 22.438563812365878
409.5 24.80777607795908 22.439092946188893
410.0 24.809607996431605 22.43962665338617
410.4999999999999 24.81143330991358 22.440165476340532
411.0 24.81327435603597 22.440697969709383
411.5 24.81507824951336 22.441223835087413
411.9999999999999 24.816914863855033 22.44175897500631
412.5 24.818738270816958 22.44229229210947
413.0 24.8205717296048 22.44282828743067
413.4999999999999 24.822394042229877 22.44336968162861
414.0 24.824213826744412 22.44390213484961
414.5 24.826046057458626 22.444444233678045
414.9999999999999 24.82785410565122 22.44499048815216
415.5 24.829675196737632 22.445529794867944
416.0 24.831493378895622 22.446061955010133
416.4999999999999 24.833300008946146 22.4466140106291
417.0 24.835141880547035 22.44715240142252
417.5 24.836928887398926 22.447701486887482
417.9999999999999 24.83875962381884 22.448241800186793
418.5 24.84058116766279 22.448782979665353
419.0 24.842376225895933 22.44933148390928
419.4999999999999 24.84420337454822 22.44987678389455
420.0 24.846006004397474 22.450429754284443
420.5 24.8478218914259 22.450977350105724
420.9999999999999 24.849633833286823 22.451533065323893
421.5 24.8514360832094 22.452076909521985
422.0 24.85326057417582 22.452626012868258
422.4999999999999 24.855038426844644 22.45318440616652
423.0 24.8568588965639 22.453741206351133
423.5 24.858660826247295 22.45428629123071
423.9999999999999 24.86047955344034 22.45484615468792
424.5 24.86227398431602 22.455403464124647
425.0 24.86408724936294 22.45595409624554
425.4999999999999 24.865883293498392 22.45652220020956
426.0 24.867686976678147 22.457080264816035
426.5 24.86948883244338 22.457638307930807
426.9999999999999 24.871300102529865 22.458199990783505
427.5 24.873087190786222 22.45875343011786
428.0 24.87489797982945 22.459314557017763
428.4999999999999 24.876716056291947 22.459881837725447
429.0 24.878503997099347 22.460443570040315
429.5 24.88030892175886 22.461008925709265
429.9999999999999 24.882082206558568 22.461572590871025
430.5 24.883921784130898 22.46213888081478
431.0 24.885716015296055 22.462702208855276
431.4999999999999 24.88750665299877 22.46327160128535
432.0 24.889323068803073 22.46383966040103
432.5 24.891094121619307 22.46440589359837
432.9999999999999 24.892901918678728 22.464978802083714
433.5 24.894709507951237 22.465537149263838
434.0 24.8965082766626 22.46611625906684
434.4999999999999 24.898322242020456 22.466689509604016
435.0 24.900102134263 22.467263106229257
435.5 24.901894620428227 22.467825796473267
435.9999999999999 24.90370452759759 22.4684005402198
436.5 24.9055106345762 22.468978913442733
437.0 24.907312055006912 22.46955454383217
437.4999999999999 24.90911849076591 22.470125196069088
438.0 24.910925638112396 22.470702892507934
438.5 24.91268322981206 22.47128636550599
438.9999999999999 24.9145084265793 22.471858191609385
439.5 24.916312835784566 22.47243549794424
440.0 24.918119650576656 22.47301126768132
440.4999999999999 24.919904591559874 22.473596336434227
441.0 24.921728533449308 22.474179471357722
441.5 24.923530501246244 22.474755858886578
441.9999999999999 24.925310990097536 22.47533051516936
442.5 24.9271265748294 22.475917437041787
443.0 24.928929608490577 22.47649873902322
443.4999999999999 24.930743986469924 22.477080607869276
444.0 24.932559673718856 22.47766687810524
444.5 24.934344382714443 22.478244994283962
444.9999999999999 24.9361696556238 22.47883235654705
445.5 24.93795765251893 22.47941274100714
446.0 24.93978478940932 22.480000168876447
446.4999999999999 24.941600976535035 22.480585556721632
447.0 24.94339229108308 22.481162936813597
447.5 24.945202114527216 22.481761824131468
447.9999999999999 24.947020412903825 22.482346902765492
448.5 24.94883523265601 22.48293912926462
449.0 24.95065205448574 22.483528310889493
449.4999999999999 24.952467156540564 22.484122650830308
450.0 24.95426166772196 22.48470468569035
450.5 24.95609341051513 22.485297159045313
450.9999999999999 24.957884497862935 22.485897272172117
451.5 24.9597083256983 22.486484559930858
452.0 24.96151308390843 22.48708228013448
452.4999999999999 24.96332080439292 22.487669618814273
453.0 24.965152715358787 22.48826760472133
453.5 24.966956739741057 22.488870663984688
453.9999999999999 24.968742266893234 22.489471200005113
454.5 24.970538192156265 22.490053402278605
455.0 24.97234950302275 22.490659345219317
455.5 24.974159818337323 22.49125652807193
456.0 24.975971954681555 22.491850789090787
456.5 24.977795167325347 22.492457686221186
457.0 24.97959743802391 22.493055756855437
457.5 24.981403364315845 22.493661674798574
458.0 24.983197799063724 22.494266438891856
458.5 24.984984687355126 22.49486732386061
459.0 24.986805712896572 22.4954715812007
459.5 24.988615173179905 22.49607593503779
460.0 24.990402265979093 22.4966811389039
460.5 24.99222112801143 22.49729032983083
461.0 24.994029252796935 22.497894387198457
461.5 24.995822456443864 22.49850219384287
462.0 24.99764866254086 22.499109729440438
462.5 24.999451369297855 22.499719898651836
463.0 25.001241372061372 22.500329013154015
463.5 25.003049890044863 22.50094046178129
464.0 25.00486048509572 22.50155091700516
464.5 25.006666503896028 22.502167666107873
465.0 25.008480262041672 22.502776844661653
465.5 25.010250416361014 22.503394562633087
466.0 25.01207066467876 22.504000303582554
466.5 25.01389348008862 22.504627305682096
467.0 25.015691680240764 22.505241023108393
467.5 25.01749350868467 22.505850869190247
468.0 25.01929768379788 22.506472190486924
468.5 25.02110232041369 22.507090835616225
469.0 25.022892473586 22.507712942661048
469.5 25.024725513252484 22.50832704831026
470.0 25.026505290333706 22.508949205632
470.5 25.028326589707266 22.50957063403344
471.0 25.030123213567745 22.51018949861129
471.5 25.031957658937017 22.51081169750575
472.0 25.033752491489658 22.51142734972482
472.5 25.03554316316876 22.512053082629137
473.0 25.03734844826998 22.512683365158544
473.5 25.039187426377083 22.513305374119845
474.0 25.04097522335004 22.513932898523873
474.5 25.04279081525203 22.514561989444015
475.0 25.044590901540914 22.51518579530805
475.5 25.04641940795349 22.515811901618758
476.0 25.04820076780694 22.516440906917495
476.5 25.050035872007925 22.517070258210662
477.0 25.05183875260094 22.517700181139716
477.5 25.053655072080474 22.51831861559477
478.0 25.055474793113596 22.518958938441514
478.5 25.057303643092595 22.519590833636627
479.0 25.059101063325983 22.520220064753445
479.5 25.060919187324625 22.520847751305617
480.0 25.062758165828463 22.52148979877323
480.5 25.064563387678103 22.522125185145093
481.0 25.066352024339146 22.52275451822152
481.5 25.068204940059886 22.523391179285376
482.0 25.07003472314362 22.52402929013212
482.5 25.071852212317182 22.524666135070547
483.0 25.07365321261076 22.525308043515615
483.5 25.075473746942137 22.525941812606565
484.0 25.077306526132375 22.52657619583074
484.5 25.079145286565122 22.527216503997547
485.0 25.080975578399567 22.52785470629877
485.5 25.082801624986622 22.528500568181524
486.0 25.084618394118078 22.529138159747806
486.5 25.086464352990717 22.52978605056484
487.0 25.088281739697344 22.530418522456408
487.5 25.090108056560783 22.53106841228034
488.0 25.091950017358936 22.531710687856204
488.5 25.09376969866335 22.532356602502013
489.0 25.09559656972963 22.533000963121562
489.5 25.097445732163017 22.533642468379604
