FastTrWP/PhaseSpace/IAs/snIa_0.57_30.00_-2.24_-0.07.csv
# %ECSV 0.9
# ---
# datatype:
# - {name: time-rel, datatype: float64}
# - {name: g, datatype: float64}
# - {name: i, datatype: float64}
# schema: astropy-2.0
time-rel g i
[from data line 349]
-105.5 23.67791845310739 23.125983063001918
-105.00000000000006 23.674771789877077 23.122754909752345
-104.5 23.671645994739944 23.119550010179854
-104.0 23.668558816597525 23.116352758074537
-103.50000000000006 23.665500577434248 23.113182604063418
-103.0 23.662465105361917 23.11001096953854
-102.5 23.659450615349144 23.106865019793634
-102.00000000000006 23.656478572081582 23.103735992583026
-101.5 23.653523107747766 23.10060582107466
-101.0 23.650577537028468 23.09750181337971
-100.50000000000006 23.64769343643513 23.09441146212596
-100.0 23.644813264024364 23.091331829365895
-99.5 23.64195726337208 23.088264861280972
-99.00000000000006 23.63911914618717 23.085207759351896
-98.5 23.636295369026882 23.082163132525388
-98.0 23.633497639171605 23.079129365954124
-97.50000000000006 23.630716613370222 23.076113620075454
-97.0 23.62794331129367 23.073100724198625
-96.5 23.625214976410724 23.070096808719924
-96.00000000000006 23.62247313800752 23.067099290565505
-95.5 23.619771622410855 23.06412521219255
-95.0 23.61708223028107 23.061156079652918
-94.50000000000006 23.614408867268104 23.058199082876424
-94.0 23.611748268852498 23.05526053657243
-93.5 23.60911038841334 23.05231622099268
-93.00000000000006 23.606496779753208 23.0493833858999
-92.5 23.603899924051785 23.046472989995518
-92.0 23.601316954471617 23.043570732343728
-91.50000000000006 23.598740295333712 23.04066553840717
-91.0 23.59619834550866 23.037780921436966
-90.5 23.593669286906056 23.03490979618081
-90.00000000000006 23.59115939776307 23.03205224311917
-89.5 23.588663537225774 23.0291869076532
-89.0 23.58618497072242 23.02634291422644
-88.50000000000006 23.58373538775508 23.023511232230227
-88.0 23.581274027770498 23.02068639643285
-87.5 23.57885141086826 23.017873989698053
-87.00000000000006 23.576440031473886 23.01506973570315
-86.5 23.57405445601711 23.01227095292696
-86.0 23.57167066177301 23.00948405959325
-85.50000000000006 23.569313086720797 23.006707209868967
-85.0 23.56698534692567 23.00393745920971
-84.5 23.564654859469066 23.00119494205471
-84.00000000000006 23.562361635584203 22.998437710420106
-83.5 23.560062923151044 22.995705230547905
-83.0 23.557787305910153 22.992971441384157
-82.50000000000006 23.5555311073459 22.99025119625703
-82.0 23.55329173372636 22.987547773144577
-81.5 23.551072135824835 22.984848036577073
-81.00000000000006 23.548866178232256 22.982162187981334
-80.5 23.54667113816039 22.979474221170683
-80.0 23.54450709472755 22.976795807634666
-79.50000000000006 23.54234605661822 22.97414178061556
-79.0 23.540213023687958 22.971480723572924
-78.5 23.538086411195426 22.96883999967442
-78.00000000000006 23.535970182729024 22.96620893575083
-77.5 23.533902158824397 22.963575879106376
-77.0 23.531816688289346 22.96095430439161
-76.50000000000006 23.529748338634842 22.958350528671147
-76.0 23.527715756547806 22.955749541651794
-75.5 23.525688121191656 22.953145675614877
-75.00000000000006 23.523670361434412 22.95057115898483
-74.5 23.521681338254382 22.948002287095164
-74.0 23.519716469235846 22.945426188541582
-73.50000000000006 23.517748739573573 22.942877008342005
-73.0 23.5158003511093 22.940315847565216
-72.5 23.51386152772824 22.937776223856076
-72.00000000000006 23.5119586889179 22.93525646155294
-71.5 23.51006160368826 22.932719709435684
-71.0 23.508182925857884 22.93021218130185
-70.50000000000006 23.506322577109326 22.9277055268442
-70.0 23.504457010387906 22.92520303051444
-69.5 23.50262667480714 22.922715020434865
-69.00000000000006 23.50080259441838 22.920236478687627
-68.5 23.499008096539896 22.91775472796402
-68.0 23.49722576247138 22.915296059783053
-67.50000000000006 23.49545984972965 22.91284206200254
-67.0 23.493693613761334 22.910393854057457
-66.5 23.491958486524137 22.907948486406525
-66.00000000000006 23.490246594427312 22.90551582681371
-65.5 23.48852283419891 22.90309273631838
-65.0 23.486831325842775 22.900678898848565
-64.50000000000006 23.485148271795076 22.898269091050928
-64.0 23.483500245652017 22.895863907846792
-63.5 23.481838347875307 22.8934774250717
-63.00000000000006 23.480207887315313 22.891082708553192
-62.5 23.478597037801187 22.888711623994553
-62.0 23.47699528893449 22.88634434210247
-61.50000000000006 23.475398452372968 22.883970236126387
-61.0 23.473823210948357 22.88162079445998
-60.5 23.4722613331426 22.87927376964751
-60.00000000000006 23.470702211388804 22.876937128399586
-59.5 23.469167381933417 22.87459053774716
-59.0 23.467645554462603 22.872267052642453
-58.50000000000006 23.46612691521896 22.86995034982336
-58.0 23.464620433658393 22.867632315599508
-57.5 23.463130328965903 22.865332164395795
-57.00000000000006 23.461667146507402 22.863030305192634
-56.5 23.46019344387055 22.860737920193124
-56.0 23.458748423435786 22.858451858993817
-55.50000000000006 23.457319096350403 22.85617737330371
-55.0 23.45588490563629 22.853906841624763
-54.5 23.4544690209602 22.851651110401406
-54.00000000000006 23.453086051499277 22.849391776022117
-53.5 23.451706040463097 22.847135427219342
-53.0 23.45032850114951 22.84488885685073
-52.50000000000006 23.448969876460065 22.84266147121119
-52.0 23.44761861438652 22.840430041326847
-51.5 23.446279138104753 22.83820088969931
-51.00000000000006 23.44496647029986 22.835987486647177
-50.5 23.443673066728955 22.833779135612442
-50.0 23.442372110811963 22.831576952352094
-49.50000000000006 23.441095155259845 22.829384998435856
-49.0 23.439811603361065 22.82719048088336
-48.5 23.438565074578193 22.825011732211067
-48.00000000000006 23.43732159130948 22.82284318893861
-47.5 23.43608537557597 22.820674338743416
-47.0 23.434868702777006 22.818509514656135
-46.50000000000006 23.433686289287174 22.81635642334915
-46.0 23.432494925757744 22.814199962621522
-45.5 23.431310113318023 22.812065589928423
-45.0 23.430152182719 22.809923795024574
-44.5 23.42900994024727 22.807796305590955
-44.0 23.42787723087577 22.805678450017005
-43.5 23.426746224374373 22.803558917589424
-43.0 23.42563009272276 22.801456998470613
-42.5 23.424548296130325 22.799352455148416
-42.0 23.423456088011477 22.797250532310585
-41.5 23.42239608083421 22.79516124688986
-41.0 23.421329349936187 22.793075075275418
-40.5 23.42028898097713 22.791003738469072
-40.0 23.41925702503525 22.788932389719157
-39.5 23.418253464797285 22.786872174861088
-39.0 23.417235509781896 22.784808873313224
-38.5 23.416247712403685 22.782763224641126
-38.0 23.415269521686653 22.78070861215968
-37.5 23.414320882532536 22.778671194691324
-37.0 23.41336183565587 22.77664687419388
-36.5 23.41242988083377 22.77462363005116
-36.0 23.411508711783277 22.77259724729664
-35.5 23.41060580275229 22.770579301802204
-35.0 23.409715231142098 22.768575065017814
-34.5 23.40882003669818 22.766576261604744
-34.0 23.407958881978207 22.764576954395213
-33.5 23.407101342548323 22.762589498331618
-33.0 23.406272193308332 22.760601910966862
-32.5 23.4054394777152 22.758630727347796
-32.0 23.404635521640852 22.756663051161524
-31.5 23.403827828274917 22.754704070262186
-31.0 23.40304849980843 22.752745867948242
-30.5 23.40227462720781 22.750784616018926
-30.0 23.40151846412393 22.74884468889104
-29.5 23.400776112716855 22.74690225934038
-29.0 23.400039157336042 22.744973404497802
-28.5 23.39933670194348 22.743050236729268
-28.0 23.398624373722225 22.741126211988405
-27.5 23.397931942772377 22.73921433996875
-27.0 23.39727153791771 22.73730174712068
-26.5 23.396601680433314 22.73539267547846
-26.0 23.395970805058496 22.733503331150665
-25.5 23.395337880379724 22.731607087731554
-25.0 23.394699890355902 22.72971045992055
-24.5 23.39411673481685 22.727835971301044
-24.0 23.3935304364274 22.725960008383023
-23.5 23.392948548489642 22.724082656311705
-23.0 23.3924037279356 22.722218193194834
-22.5 23.391856814134222 22.72036097789546
-22.0 23.39134192782077 22.718506396419645
-21.5 23.39082624259547 22.716653409881392
-21.0 23.390326150880846 22.714804673290455
-20.5 23.38984088943217 22.71295837062409
-20.0 23.38937772339214 22.711130122002064
-19.5 23.38892021276923 22.70929059335216
-19.0 23.388490991832512 22.70746166156401
-18.5 23.388062586069385 22.705645772299864
-18.0 23.3876476227003 22.703826495068085
-17.5 23.38725375270615 22.70201113484824
-17.0 23.386861886599817 22.70020398462206
-16.5 23.38649626362896 22.69840801822161
-16.0 23.38613121761216 22.696605458929064
-15.5 23.385791994116502 22.6948090849557
-15.0 23.385459320243655 22.6930248691086
-14.5 23.385142773542455 22.691233824983037
-14.0 23.38483433985649 22.689463898480717
-13.5 23.384542725991246 22.687685700808412
-13.0 23.384253700063482 22.68592818656954
-12.5 23.383997443395835 22.68416792108255
-12.0 23.383744042094662 22.682398648855443
-11.5 23.383493847059285 22.680658982730236
-11.0 23.38327094512966 22.67891157467604
-10.5 23.383035560924665 22.677165426901084
-10.0 23.3828284927325 22.675431200603462
-9.5 23.382640345096384 22.67369746674767
-9.0 23.38245273659369 22.671971291718393
-8.5 23.382274173817343 22.670249724542273
-8.0 23.382109622262067 22.668537368636947
-7.5 23.381954803733677 22.66682975460111
-7.0 23.381837218838317 22.6651226339807
-6.5 23.381686603691996 22.663424750951307
-6.0 23.381577344348734 22.66172730089842
-5.5 23.381463951908287 22.660046471021815
-5.0 23.381361057251354 22.65835531321291
-4.5 23.381286489285436 22.656678821123304
-4.0 23.381205652600364 22.655007854347073
-3.5 23.38114232126354 22.653337550754852
-3.0 23.381089707792654 22.651678725982293
-2.5 23.381035339203752 22.6500231163557
-2.0 23.38100985398137 22.648368091955014
-1.5 23.380976854008708 22.646733642126875
-1.0 23.380950173622956 22.645086868148915
-0.5 23.380950788273385 22.64345218235084
0.0 23.380949259694578 22.641821923634993
0.5 23.38096143557457 22.640199854293968
1.0 23.380979560947566 22.63858683805795
1.5 23.381008131659055 22.636962116607904
2.0 23.38104211795524 22.63535561563948
2.5 23.381079572977825 22.633755744713945
3.0 23.381152581593643 22.63216751189168
3.5 23.381223420364524 22.63057515552702
4.0 23.381287196965687 22.62898400896516
4.5 23.381368651801044 22.627405096863264
5.0 23.38145955691197 22.625833158770327
5.5 23.381559170030954 22.624274485810815
6.0 23.381665839838753 22.62269886051285
6.5 23.381780184240423 22.62114853510225
7.0 23.381900702572697 22.619602609830448
7.5 23.38202376573292 22.618044565846436
8.0 23.38217354751718 22.616507809706473
8.5 23.382309615392202 22.614968455268677
9.0 23.382468924595642 22.613446841826892
9.5 23.38262363317419 22.611917107170637
10.0 23.382786658812343 22.61039719872494
10.5 23.382966116202113 22.608889645546057
11.0 23.383136168506425 22.607382950658756
11.5 23.38333108822927 22.605883274436458
12.0 23.383523779381093 22.604381110761217
12.5 23.383718563973726 22.602901159150534
13.0 23.383940094176108 22.6014131210613
13.5 23.38416954452923 22.599931621875527
14.0 23.38441581063002 22.598450569519027
14.5 23.384686520661816 22.596982619990623
15.0 23.38495763593292 22.595512090097184
15.5 23.385251219694045 22.594045443049467
16.0 23.385563148714766 22.592582819806672
16.5 23.385880298882036 22.591123947555225
17.0 23.38621602450875 22.589666648481685
17.5 23.386559819576533 22.588208896337246
18.0 23.38692634053782 22.58676963075283
18.5 23.387303987733663 22.58532667466325
19.0 23.387686197008787 22.583890087338553
19.5 23.38808687595248 22.58246475224588
20.0 23.388490572894813 22.581026157293756
20.5 23.388924647765705 22.579606928785594
21.0 23.389355431866235 22.578180577673812
21.5 23.389797767028753 22.576765215360783
22.0 23.390255080383874 22.57535819085751
22.5 23.39072262198638 22.573954360886496
23.0 23.391206959448326 22.57254687539904
23.5 23.391706014988355 22.571151428930843
24.0 23.392207932233596 22.569750941026445
24.5 23.392711397354947 22.568370106109118
25.0 23.39323081836636 22.566981428485107
25.5 23.393769996098555 22.565593803527946
26.0 23.394307234613375 22.56422415425808
26.5 23.394846607035582 22.562857600368247
27.0 23.395413618286092 22.561484838285946
27.5 23.395984343954158 22.560127422679535
28.0 23.39655350624848 22.55877289753043
28.5 23.3971469431355 22.557409315047572
29.0 23.39773337579212 22.556065488883966
29.5 23.398317866932437 22.554727023868168
30.0 23.398929760862934 22.553384232350183
30.5 23.399547419533256 22.55204996623248
31.0 23.400170280671336 22.55072016766203
31.5 23.40079553709138 22.549399487587216
32.0 23.401430383850403 22.54808576907584
32.5 23.40206724777571 22.54677273022056
33.0 23.402717058582482 22.545468119567555
33.5 23.403360338903887 22.544161068880992
34.0 23.4040086937592 22.542864790722298
34.5 23.404679370836842 22.541569611390614
35.0 23.405338489925068 22.540282294211956
35.5 23.40601153279899 22.539004821593483
36.0 23.406690259204428 22.53772759061501
36.5 23.40735805033379 22.536454736488327
37.0 23.408040293388268 22.535189059536258
37.5 23.408731126538168 22.533922239191625
38.0 23.40941764427579 22.53267229082816
38.5 23.41010934417568 22.531423309399678
39.0 23.41079201623497 22.530180922830937
39.5 23.411497392835475 22.528937117442425
40.0 23.412205751840382 22.52770405916025
40.5 23.412895139968658 22.526479462546046
41.0 23.41360594708279 22.525253694471555
41.5 23.41430482425647 22.52403120682893
42.0 23.415004616770922 22.52282283997446
42.5 23.415707111464638 22.521620898308676
43.0 23.416424695041478 22.52041300747689
43.5 23.417113445204173 22.519220924012075
44.0 23.417825263852965 22.51803640522281
44.5 23.41854484000133 22.51685464558213
45.0 23.419244347086426 22.515676328631802
45.5 23.419953495109564 22.51450913995331
46.0 23.420656413834283 22.513337000621622
46.5 23.42134643819331 22.512174380407423
47.0 23.422048985094854 22.511027601944228
47.5 23.422741934644407 22.509872453224496
48.0 23.42344156263358 22.508728316588346
48.5 23.42414856692446 22.50759512349445
49.0 23.424829269911935 22.50646818281831
49.5 23.42553043786821 22.505340245568256
50.0 23.426203449043697 22.504219418697616
50.5 23.426902480092586 22.50311026611904
51.0 23.42758799565399 22.502002886435534
51.5 23.428282347021508 22.500895049130932
52.0 23.428970692221792 22.499795373282844
52.5 23.42969338203549 22.498697863032074
53.0 23.430390534746294 22.497606952967374
53.5 23.431088571491557 22.49651660914726
54.0 23.431807867484626 22.495432263626004
54.5 23.432531349491295 22.494360282406834
55.0 23.43324064756311 22.493290249630974
55.5 23.433959535047144 22.492214417920955
56.0 23.43469240020859 22.491146723907267
56.5 23.435413035863704 22.490091741508074
57.0 23.436146060368507 22.489035829675675
57.5 23.436882343913478 22.487980222330265
58.0 23.43762688818687 22.486935967535658
58.5 23.43836343957031 22.485893640822834
59.0 23.43910275365722 22.484854479677825
59.5 23.439866298765093 22.483825014783196
60.0 23.440627863202824 22.48279208644501
60.5 23.4413702560567 22.48177209292963
61.0 23.442143063082636 22.48075675022718
61.5 23.44289609690596 22.47973902160656
62.0 23.443670430051775 22.47872866500292
62.5 23.444435408599755 22.477722309034597
63.0 23.445219475710758 22.476722909790638
63.5 23.445993012085324 22.475727317776837
64.0 23.446778385254344 22.474731866476006
64.5 23.447554033274276 22.473744915140678
65.0 23.448348328753823 22.4727702654638
65.5 23.44913711390451 22.47178369220853
66.0 23.449941807995607 22.47081695029186
66.5 23.450743341693 22.469848557479025
67.0 23.451543750732505 22.468885182233677
67.5 23.452338434747666 22.467920655208665
68.0 23.453147463688055 22.46697128611642
68.5 23.453970137854682 22.46602827111353
69.0 23.45478406217677 22.46507081344069
69.5 23.45561077251539 22.46413485448446
70.0 23.456435693973443 22.463194687766155
70.5 23.457267557571075 22.46226795958476
71.0 23.458086820916137 22.46134172779788
71.5 23.458928762360706 22.460419326814723
72.0 23.45976778861106 22.459512225461417
72.5 23.460621512937678 22.45858614940303
73.0 23.461462831007744 22.45768532444707
73.5 23.462307453500554 22.456787730941485
74.0 23.46316351351193 22.455886310526694
74.5 23.464030887190773 22.454994853434584
