FastTrWP/PhaseSpace/IAs/snIa_0.33_30.00_0.54_0.11.csv
# %ECSV 0.9
# ---
# datatype:
# - {name: time-rel, datatype: float64}
# - {name: g, datatype: float64}
# - {name: i, datatype: float64}
# schema: astropy-2.0
time-rel g i
[from data line 700]
-86.0 22.968671804453813 22.559844233052466
-85.5 22.967796618577324 22.55870931189793
-85.0 22.966922789885263 22.55758539944909
-84.5 22.966066805268945 22.556443307142917
-84.0 22.965214176643983 22.55532804906663
-83.5 22.96437105765673 22.554213667796766
-83.0 22.96353442740631 22.553101331219484
-82.5 22.96271074443152 22.55198976626637
-82.0 22.96188750832883 22.550893776024985
-81.5 22.961080750638054 22.54980631546885
-81.0 22.9602827710723 22.548716544324222
-80.5 22.959479374958786 22.547631245573516
-80.0 22.95869603127319 22.54654915655145
-79.5 22.957915939421902 22.545478012979046
-79.0 22.957137833390654 22.544412571418718
-78.5 22.95637762920276 22.543351726826103
-78.0 22.95562948084894 22.542295170121122
-77.5 22.954873287877216 22.541240647338427
-77.0 22.954127056869282 22.540190649218058
-76.5 22.953389633862248 22.539153827321506
-76.0 22.952672020880378 22.538116259079516
-75.5 22.95194931206129 22.537079841231886
-75.0 22.951233252638268 22.53606432298192
-74.5 22.950537244816903 22.535039355672637
-74.0 22.949831760419805 22.53401701982357
-73.5 22.949142050573613 22.53300309132506
-73.0 22.948461898017882 22.53199872394632
-72.5 22.94777876153479 22.530994893278233
-72.0 22.947104447579598 22.529998282376418
-71.5 22.94645021665065 22.529007756197075
-71.0 22.94578718899059 22.52802161502442
-70.5 22.945134122990805 22.52703583338507
-70.0 22.944498048807557 22.526052797063283
-69.5 22.943851301029024 22.525089289468223
-69.0 22.9432232702448 22.524112348669405
-68.5 22.94261169362018 22.523143834646024
-68.0 22.941991456089358 22.52218497257042
-67.5 22.94138291440003 22.52123580366296
-67.0 22.940779032885846 22.52027965461977
-66.5 22.940176101645598 22.51933325621128
-66.0 22.939579063561503 22.51838630513759
-65.5 22.939001710385504 22.517445795649934
-65.0 22.93841791356272 22.51651432846918
-64.5 22.937855530908205 22.515583334103365
-64.0 22.937281301457553 22.514658120434227
-63.5 22.936717737813908 22.51373393563894
-63.0 22.936174644693477 22.512815307306404
-62.5 22.935613754055936 22.511899329597085
-62.0 22.93507631827488 22.510992321221494
-61.5 22.93453927288763 22.510086931739522
-61.0 22.934007419409802 22.509185957869796
-60.5 22.933483739346094 22.508281600313623
-60.0 22.932975313740243 22.507384043968383
-59.5 22.932446612392916 22.506502843930708
-59.0 22.93194336550577 22.50561967683388
-58.5 22.931443185920518 22.50473340260133
-58.0 22.930945539058282 22.503851103090923
-57.5 22.930457016025997 22.50298203830349
-57.0 22.929968430994286 22.502108628521125
-56.5 22.929493021577233 22.501229029144536
-56.0 22.929019852671274 22.50037373943306
-55.5 22.928545853140108 22.499511526043406
-55.0 22.928077805138656 22.49865313750727
-54.5 22.927624516477316 22.497805998177732
-54.0 22.927166592629145 22.496955753783958
-53.5 22.926714173639652 22.496110252280793
-53.0 22.926273345077 22.49526451877972
-52.5 22.92584151427303 22.494419620967577
-52.0 22.925404902931696 22.493595682954886
-51.5 22.924991686373858 22.49276620618605
-51.0 22.924577921363966 22.491943273593563
-50.5 22.92417250383191 22.49112785636943
-50.0 22.923775222597346 22.490317541058545
-49.5 22.9233856330101 22.489506771365022
-49.0 22.92299640254727 22.488711999042096
-48.5 22.922633053196137 22.48790133475587
-48.0 22.922266297627214 22.487108529642402
-47.5 22.92189904434013 22.486320097600686
-47.0 22.92155127303674 22.48554168478701
-46.5 22.92120144853679 22.484761299313227
-46.0 22.920857211736532 22.483978259870725
-45.5 22.92051912670494 22.48320853126429
-45.0 22.92019584639742 22.48244308545782
-44.5 22.91986956659494 22.481673189477767
-44.0 22.919557673774676 22.480921543156562
-43.5 22.919246721643752 22.48016038201941
-43.0 22.918944778686274 22.47941157486963
-42.5 22.91864510756572 22.478667073995414
-42.0 22.91835281038263 22.477915457485697
-41.5 22.918071234891553 22.47717103570107
-41.0 22.91779781200102 22.47644299084902
-40.5 22.917512023681 22.47570635293954
-40.0 22.917239574891575 22.47497832261915
-39.5 22.916974279920886 22.474257434325683
-39.0 22.91671127765489 22.473521312345618
-38.5 22.916455760116158 22.472809322959453
-38.0 22.916208836130423 22.472090338997496
-37.5 22.91596604439671 22.471375645208482
-37.0 22.915719098306475 22.47066589850528
-36.5 22.91546977172464 22.46996759068278
-36.0 22.915247865480314 22.469254718495186
-35.5 22.915022593934616 22.468555936003316
-35.0 22.914804151867116 22.467850969964204
-34.5 22.9145752867216 22.46715840516991
-34.0 22.91437500303391 22.46646566139665
-33.5 22.914162700161267 22.46576952586883
-33.0 22.91393920453952 22.46508540984856
-32.5 22.91373701660818 22.46439660776317
-32.0 22.913548721319692 22.463713611753725
-31.5 22.913346424829896 22.46303100927138
-31.0 22.913158966268057 22.46235578325851
-30.5 22.91296538397741 22.461677682568357
-30.0 22.9127743590311 22.461002187736145
-29.5 22.912593730257708 22.46033091165113
-29.0 22.912410376369586 22.459657664574273
-28.5 22.91223252119204 22.458990534396406
-28.0 22.91205663919132 22.458321322525777
-27.5 22.911891603002136 22.45766255866162
-27.0 22.9117247061739 22.45699656361854
-26.5 22.911545430490836 22.456343956571377
-26.0 22.911393087063825 22.455674924706003
-25.5 22.91122132278954 22.45501567085816
-25.0 22.911069073160615 22.454361313183647
-24.5 22.910908175933756 22.45370366298504
-24.0 22.9107479207395 22.453049432961404
-23.5 22.91059546932184 22.45240185564928
-23.0 22.910440557445796 22.451757938277378
-22.5 22.910289196484996 22.45110043148966
-22.0 22.910144351162888 22.450456602926675
-21.5 22.909988503735107 22.449801082352838
-21.0 22.909844698846584 22.449155631685702
-20.5 22.909697988962176 22.448515449579087
-20.0 22.909566049516435 22.447875421825565
-19.5 22.909423412567435 22.447226259117574
-19.0 22.909298586599085 22.44659240362845
-18.5 22.90916553995502 22.445958376468585
-18.0 22.909028541868338 22.445328990272117
-17.5 22.908912568427553 22.44469670612755
-17.0 22.90879657661767 22.444067583657844
-16.5 22.908681837592525 22.443439533140143
-16.0 22.908563445994293 22.442811036763747
-15.5 22.908452485188317 22.44219317035053
-15.0 22.908349185241256 22.4415704178276
-14.5 22.908245873796925 22.440956965045956
-14.0 22.9081429258203 22.440327812647098
-13.5 22.908036891151493 22.439717362380005
-13.0 22.90795285969608 22.439103599335127
-12.5 22.907862602873138 22.4385018357054
-12.0 22.907773382646756 22.437885880860335
-11.5 22.90768825379495 22.43727955439902
-11.0 22.907605900334577 22.43668057617557
-10.5 22.907536939559865 22.43607635357825
-10.0 22.907453543199992 22.43547701129691
-9.5 22.907388827733488 22.434876801971654
-9.0 22.907319617885836 22.43428333322594
-8.5 22.90726675278207 22.43369550153037
-8.0 22.907199881629126 22.433098660556972
-7.5 22.907149513815227 22.432515644055798
-7.0 22.90709773631763 22.431932295284923
-6.5 22.907042731867776 22.431338775959805
-6.0 22.90701037756915 22.43076519106679
-5.5 22.906957949867326 22.430182265162347
-5.0 22.906927359638605 22.42960153825728
-4.5 22.90689466602455 22.429031397887577
-4.0 22.906859392179474 22.428459031697496
-3.5 22.906837409774727 22.427885485263733
-3.0 22.906811813932364 22.427325227185896
-2.5 22.906796620686677 22.426755985543373
-2.0 22.9067813054641 22.42619349229531
-1.5 22.906767058740293 22.4256302118213
-1.0 22.906747936396535 22.425070634000473
-0.5 22.906748823156015 22.42451458843457
0.0 22.906747177896378 22.42396133276253
0.5 22.90674983563258 22.423413307504863
1.0 22.906756896775956 22.42286014181196
1.5 22.90676661868082 22.422314695264998
2.0 22.906790253626955 22.421769751011638
2.5 22.906808097155235 22.421239475379142
3.0 22.906820456534348 22.420691955527264
3.5 22.906843981027304 22.42015592272917
4.0 22.90687685184214 22.419624674070228
4.5 22.90690793248066 22.41909199026456
5.0 22.906949375843425 22.418558984117567
5.5 22.906994678229605 22.41803547559645
6.0 22.90704041513321 22.417513656539874
6.5 22.90709101244048 22.41699036476254
7.0 22.90714209228023 22.416473555534647
7.5 22.907197545477366 22.415956397467973
8.0 22.907254776506782 22.41544379007533
8.5 22.90732441942926 22.41492736110422
9.0 22.90738530176243 22.414416314934623
9.5 22.907463232167164 22.413910254442353
10.0 22.907538511400716 22.41341032035599
10.5 22.907618657150998 22.412914367335254
11.0 22.90771008989506 22.412409073852647
11.5 22.90779488814852 22.41191233776216
12.0 22.907882414680817 22.411416941780974
12.5 22.907984304453297 22.410922673056998
13.0 22.90807780167638 22.41042964456888
13.5 22.908184756309172 22.409944910983228
14.0 22.90829323368665 22.40945226804312
14.5 22.908396563314106 22.40896622853033
15.0 22.908519763840786 22.408492888383872
15.5 22.90862709732259 22.408010000425023
16.0 22.908757337550895 22.407537898463872
16.5 22.90888064689397 22.407057784602866
17.0 22.909005077084753 22.406581399671563
17.5 22.90913174485054 22.406113862845118
18.0 22.90927302683609 22.40564298509692
18.5 22.909421021393182 22.405173936680043
19.0 22.90955741943703 22.40472147975072
19.5 22.909695053051887 22.40425039007438
20.0 22.909852504791953 22.403797006441163
20.5 22.91000775086887 22.40332892039891
21.0 22.910167384447696 22.402874370450327
21.5 22.91032217438169 22.40241704345071
22.0 22.910495303436672 22.401973845695238
22.5 22.910657135498276 22.40152449808342
23.0 22.910834593381864 22.40107743466597
23.5 22.91101820848828 22.400628704915185
24.0 22.911196605824664 22.400188745149656
24.5 22.911374714405333 22.399754498387694
25.0 22.91156698241838 22.399311606322104
25.5 22.911766257189257 22.39887791357287
26.0 22.91196529331634 22.398442802068892
26.5 22.912154604943993 22.398017340121186
27.0 22.912366459848666 22.39759104748691
27.5 22.912570602754435 22.397159207607743
28.0 22.91279704295129 22.396737438774927
28.5 22.912999242085313 22.39631650783219
29.0 22.91321574727639 22.395899128102737
29.5 22.91344846150774 22.395481098801454
30.0 22.913669043453613 22.39506434695446
30.5 22.913900210986768 22.394656915095652
31.0 22.91414412587985 22.394249268843662
31.5 22.914380195807894 22.39383879285189
32.0 22.914623384400798 22.393434022720054
32.5 22.91487798823228 22.393035617059155
33.0 22.915130182548232 22.392632119811637
33.5 22.915378755149742 22.392233453603538
34.0 22.915644308776784 22.391840150104514
34.5 22.91590389887942 22.39145011071084
35.0 22.91616945872885 22.391054568994267
35.5 22.916449066968177 22.3906760155251
36.0 22.916719495834222 22.39028686473622
36.5 22.91700091395289 22.389900868045647
37.0 22.91728748977143 22.3895242422553
37.5 22.917573126624468 22.38914968871709
38.0 22.917867937739107 22.388773617040812
38.5 22.918162519991693 22.388397822833078
39.0 22.918469587118757 22.388029048121993
39.5 22.918772457622254 22.38765746277665
40.0 22.91908999323065 22.38729310523994
40.5 22.919391637503175 22.38693680693897
41.0 22.919719997005785 22.386576141659127
41.5 22.9200355953841 22.38621559612448
42.0 22.92035766189153 22.385862223184233
42.5 22.920682820394642 22.385507511925372
43.0 22.92102906577885 22.38516272544093
43.5 22.92136825574332 22.384806530656892
44.0 22.92171843529897 22.384465888236058
44.5 22.922066884558983 22.384127754139683
45.0 22.92242452455879 22.383784819454423
45.5 22.92278012630689 22.383440645654424
46.0 22.92315363821789 22.38310958217493
46.5 22.923527749080893 22.382776374938405
47.0 22.92390061559464 22.382444920195603
47.5 22.92427841156168 22.382119158174277
48.0 22.924664970990158 22.381789958096967
48.5 22.925054804189845 22.381460023303603
49.0 22.92545605880533 22.381137889544384
49.5 22.925852117728816 22.380819818331375
50.0 22.926256696193093 22.38049931108288
50.5 22.92666532763313 22.380183818743905
51.0 22.92707357112322 22.37987185589919
51.5 22.927496590575366 22.37956011090113
52.0 22.92791496680502 22.37924577926353
52.5 22.928343652907973 22.378946175663614
53.0 22.928787682583682 22.378634335541356
53.5 22.929211827441748 22.378336175775758
54.0 22.929651411899194 22.378041611078775
54.5 22.930093560534452 22.37773914244891
55.0 22.930542396271175 22.37744290582672
55.5 22.930991880630515 22.377152867236973
56.0 22.931450085684197 22.3768586322754
56.5 22.931910862275238 22.376570987115162
57.0 22.932367808785518 22.376286721117484
57.5 22.932838692369963 22.376002887139087
58.0 22.93332191366984 22.375718363095913
58.5 22.93378661675463 22.37544573295377
59.0 22.934259447177133 22.375167246480657
59.5 22.934744047534497 22.374892180173486
60.0 22.935235231376993 22.3746202716829
60.5 22.935711972121734 22.374359599635824
61.0 22.93620791489847 22.374087483705438
61.5 22.9367104417484 22.373825599126405
62.0 22.937199724948872 22.37356146033482
62.5 22.937705851593808 22.373296681447506
63.0 22.938204127134988 22.37304102745375
63.5 22.93871570122962 22.372784310156902
64.0 22.939227426902455 22.37254026055718
64.5 22.93974974480345 22.37228494895963
65.0 22.94025628723172 22.372045076966987
65.5 22.94078279665289 22.371798358200905
66.0 22.941305701649842 22.371552664876127
66.5 22.941822124737847 22.37130858953308
67.0 22.942352554265216 22.371069453388376
67.5 22.942892356701062 22.37083789858214
68.0 22.94342407623754 22.37060097823024
68.5 22.943949427511235 22.370365637705373
69.0 22.94449267200247 22.370142476632964
69.5 22.945027062278026 22.36992806406463
70.0 22.94557070979419 22.369690792472507
70.5 22.946118901237217 22.369471845913655
71.0 22.94666699314437 22.36925654978497
71.5 22.947216865024224 22.369035688236156
72.0 22.94776718573133 22.368824621632424
72.5 22.948333158244772 22.368614000530407
73.0 22.948885493031746 22.36840072253373
73.5 22.949441662647303 22.368200244929003
74.0 22.949996535471623 22.367994149755383
74.5 22.950571086331195 22.367796908505447
75.0 22.951125212324808 22.36759567142531
75.5 22.951698227707876 22.367399469714012
76.0 22.952270686991014 22.36719898910063
76.5 22.952845717397704 22.36700555947443
77.0 22.953423986959365 22.366816744912136
77.5 22.954009700895334 22.366635194362388
78.0 22.954594547634702 22.366451241729813
78.5 22.955205054726285 22.366266058677994
79.0 22.955791729366233 22.36608070516946
79.5 22.956392558798598 22.365913054993673
80.0 22.95699226461325 22.365734255597488
80.5 22.95759376181994 22.365562052120495
81.0 22.958211948180427 22.36539101242524
81.5 22.958821626096935 22.365219874743353
82.0 22.959439323556758 22.36505989538093
82.5 22.960066698356467 22.36489402819845
83.0 22.960694700321 22.364727595294696
83.5 22.96131901766429 22.364573768673665
84.0 22.9619606718544 22.364416936937257
84.5 22.962591183623445 22.364259539921633
85.0 22.96322247954246 22.364111826812177
85.5 22.96386416048157 22.363961620667723
86.0 22.964513493009132 22.36381370724324
86.5 22.96517211407585 22.363676724351144
87.0 22.965811870911608 22.363526588641488
87.5 22.96646123842956 22.36338708837952
88.0 22.967119749844144 22.363244923092847
88.5 22.967789063313045 22.363112159392557
89.0 22.96845120244192 22.362979181164594
89.5 22.96911144954356 22.36285270865528
90.0 22.96977957319797 22.362717634046938
90.5 22.970453194292606 22.36259726093252
91.0 22.97112533722826 22.362469571842407
91.5 22.971810209224593 22.362347781649
92.0 22.97249041087823 22.362237220758544
92.5 22.97315796093666 22.362109937060556
93.0 22.97385693728968 22.3619995824467
93.5 22.974538526656474 22.361884935727588
94.0 22.975227489464338 22.36178308198586
94.5 22.9759142353737 22.361668050816085
95.0 22.976618331695533 22.361570373077765
95.5 22.97731548454297 22.361461254705045
96.0 22.97800521304243 22.36136434999274
96.5 22.978711408837285 22.361265078187014
97.0 22.979420697885114 22.36116180613387
97.5 22.98011671363134 22.361074803669112
98.0 22.980832312201166 22.360975676432318
98.5 22.981531343979505 22.36089415671112
99.0 22.982247060516045 22.360803972997378
99.5 22.98295863489401 22.360723479807696
100.0 22.9836785824514 22.36064366878336
100.5 22.984392916038058 22.360555564906868
101.0 22.985114743143495 22.36048092794343
