FastTrWP/PhaseSpace/IAs/snIa_0.41_30.00_0.72_0.12.csv
# %ECSV 0.9
# ---
# datatype:
# - {name: time-rel, datatype: float64}
# - {name: g, datatype: float64}
# - {name: i, datatype: float64}
# schema: astropy-2.0
time-rel g i
[from data line 2140]
662.5 25.042733912499223 22.931803305828904
663.0 25.04461031345552 22.932543151948543
663.5 25.046484490743865 22.93327818278446
664.0 25.04836185875822 22.934009628024445
664.5 25.050189838176525 22.934749246967673
665.0 25.052069965455708 22.935486792805428
665.5 25.053917516550023 22.936205920787014
666.0 25.05578028215325 22.936934625660527
666.5 25.057640827729553 22.93764839975784
667.0 25.05950111859736 22.938384326148253
667.5 25.061339148048894 22.939099148500098
668.0 25.06319471334798 22.939819942962757
668.5 25.0650183920825 22.94053650177224
669.0 25.06688703144932 22.941257077557342
669.5 25.06870064906988 22.94196655611188
670.0 25.070579735331904 22.942678031737444
670.5 25.072398019932557 22.943385480733333
671.0 25.074256193911204 22.944104737455852
671.5 25.07607868119537 22.944812108720928
672.0 25.077933533049922 22.945517684349838
672.5 25.07973925891885 22.946216967348366
673.0 25.081592519091345 22.94692169688371
673.5 25.083402690570836 22.947625980947087
674.0 25.085261869232205 22.948326942036445
674.5 25.087078860862867 22.949025644542846
675.0 25.088881630081584 22.949738340836742
675.5 25.09075219506356 22.950427645047583
676.0 25.092573678492368 22.9511251746167
676.5 25.09439977619959 22.95182108227529
677.0 25.096232159461213 22.952522204381914
677.5 25.098063256888686 22.95321239419032
678.0 25.09989763105766 22.953912259034812
678.5 25.10172422050999 22.954605670971723
679.0 25.10356191931864 22.9553035745885
679.5 25.105400398030557 22.95599000935917
680.0 25.107225593844884 22.95668402411453
680.5 25.109058090626597 22.957376309501893
681.0 25.11090416558367 22.958062456653096
681.5 25.11271280742735 22.958753175708946
682.0 25.114547856713628 22.95945022186039
682.5 25.116379444477257 22.960149431698518
683.0 25.118227127241646 22.9608366274796
683.5 25.120065839925427 22.96153463764238
684.0 25.121911216889792 22.962211130674643
684.5 25.123747592689057 22.96290565738377
685.0 25.125561526021265 22.963602873209123
685.5 25.127412762190033 22.964290694411282
686.0 25.1292625904512 22.964989324270565
686.5 25.131112753745377 22.965679824244468
687.0 25.132936756087002 22.966367086751692
687.5 25.134795734340386 22.967060697152725
688.0 25.136614806489614 22.96775795235525
688.5 25.138504420038466 22.968438775892245
689.0 25.140334096213785 22.969134310185403
689.5 25.14218031743219 22.969820668241198
690.0 25.143992837846795 22.970496406326966
690.5 25.14586306270999 22.971178463067265
691.0 25.147684573800646 22.971861783540206
691.5 25.14951781585912 22.972535146538092
692.0 25.151343520000378 22.973212771300823
692.5 25.153184353062727 22.973895086312908
693.0 25.155023795809903 22.97457049159597
693.5 25.156836261788005 22.975237974421074
694.0 25.15865457217178 22.975906901498323
694.5 25.16049293081011 22.976581445053075
695.0 25.162324119031233 22.977247239240754
695.5 25.164153924375377 22.97792346389158
696.0 25.16595237331075 22.978588812052543
696.5 25.16780269404123 22.97924582781431
697.0 25.16959998849724 22.979908612022115
697.5 25.17142402864412 22.980577763965137
698.0 25.173245600556008 22.98123508086587
698.5 25.175069383649603 22.981899009336253
699.0 25.176877858531924 22.982558485120848
699.5 25.17870607559043 22.98321618202049
700.0 25.180533687215195 22.983882083278097
700.5 25.18234352767014 22.984529295459595
701.0 25.184168918494677 22.985190678216494
701.5 25.185984114063412 22.985852021900183
702.0 25.187795327128715 22.986503274919478
702.5 25.189597292181155 22.987161705050433
703.0 25.19143054230541 22.987812167000527
703.5 25.19323881636695 22.98846751765624
704.0 25.195059787806542 22.989111457673378
704.5 25.19687754931837 22.989768547702127
705.0 25.19869602883578 22.99042333202133
705.5 25.200503025289656 22.991075788714248
706.0 25.20229564005801 22.99172411392017
706.5 25.20413164849289 22.992379039188307
707.0 25.20594176255659 22.99302364127375
707.5 25.207763655641386 22.993678727334764
708.0 25.209581038897966 22.99432906820027
708.5 25.21140144765858 22.994975496857876
709.0 25.21321966256832 22.99562313314668
709.5 25.215019169097147 22.996270428703284
710.0 25.216846046743647 22.9969174477256
710.5 25.2186792566518 22.99757351903795
711.0 25.220499517981597 22.99821948962059
711.5 25.222309338435327 22.998879779263028
712.0 25.224133981018685 22.99952882929133
712.5 25.22596430544647 23.00015978891624
713.0 25.227813210813714 23.000817610460537
713.5 25.229643097672295 23.00147204563437
714.0 25.23148015868298 23.002127828826865
714.5 25.233273812235065 23.002766295106674
715.0 25.235106734928404 23.00342431211937
715.5 25.23695244181418 23.004073899379907
716.0 25.238779080735654 23.004715894946774
716.5 25.240609812840145 23.00537516265496
717.0 25.242421481664472 23.006024383856044
717.5 25.244278548178944 23.006676723200982
718.0 25.246137202728654 23.007336173669533
718.5 25.2479673766315 23.00798319731753
719.0 25.24984333129904 23.00864577830145
719.5 25.25166466342334 23.009301462262282
720.0 25.25350749838171 23.00994964069823
720.5 25.25535435722532 23.010610682385895
721.0 25.25720143232025 23.011269282431304
721.5 25.259081827673207 23.011929915955047
722.0 25.260911127752212 23.012580901608715
722.5 25.262755992978597 23.013241068170515
723.0 25.26462321980686 23.013900249162205
723.5 25.26650510484639 23.014556066140713
724.0 25.26835433320393 23.015219633926975
724.5 25.270217535736997 23.015865511707872
725.0 25.272086451039147 23.016525165981644
725.5 25.273946030039113 23.017187795481185
726.0 25.27581135680115 23.017845856812315
726.5 25.27766297316713 23.018500180508244
727.0 25.2795400548316 23.019163023194928
727.5 25.281406363763317 23.019815679995222
728.0 25.28329577829382 23.020470816645226
728.5 25.28512102002884 23.021138722389235
729.0 25.28699869731345 23.021786951733908
729.5 25.288876659029054 23.02244034717905
730.0 25.29075328283978 23.023105435570738
730.5 25.29261483471659 23.023768872146416
731.0 25.294489185608032 23.024419236412847
731.5 25.296368343659488 23.02508170816116
732.0 25.298253489278814 23.02574726719274
732.5 25.30011019437595 23.026392364445385
733.0 25.301974833838457 23.02705661844309
733.5 25.30387486935901 23.02770554925108
734.0 25.30575114845189 23.028362215529697
734.5 25.307613438226397 23.029013777567577
735.0 25.309489650279847 23.02967629711606
735.5 25.311349943988773 23.03033171511633
736.0 25.313227675622674 23.030985215646492
736.5 25.31512084081065 23.031638962070392
737.0 25.317003674021233 23.03229490101643
737.5 25.31891248724131 23.03295856861002
738.0 25.32076716822981 23.033607575302888
738.5 25.322633517208576 23.034264972310517
739.0 25.324540547289867 23.034916614598544
739.5 25.326418714315636 23.035581662175627
740.0 25.328285929004842 23.036227800060175
740.5 25.330173250262163 23.036879191340425
741.0 25.332082079473054 23.03753872195469
741.5 25.33395253474556 23.03819795207389
742.0 25.335840879227295 23.038845843510273
742.5 25.337733070347618 23.039503369723633
743.0 25.339605948452252 23.040148851593724
743.5 25.34147786484809 23.040810252108862
744.0 25.34333908513706 23.041464281600476
744.5 25.345261588137742 23.0421158837678
745.0 25.347135974866923 23.042758446182802
745.5 25.349031708063347 23.043407797570318
746.0 25.350887733149953 23.044074600139286
746.5 25.352801465380352 23.044719924482024
747.0 25.354667053690445 23.045365282832833
747.5 25.35655361666064 23.04603004204513
748.0 25.3584524791766 23.04667356376853
748.5 25.360318577918527 23.04731609464763
749.0 25.36222817916107 23.047968483148335
749.5 25.364106749002985 23.048627396183235
750.0 25.36599426673881 23.04927571277006
750.5 25.36787473342993 23.04991618781003
751.0 25.369770810462654 23.050566150550612
751.5 25.37164159920417 23.05121716138349
752.0 25.3735456191327 23.051864369105584
752.5 25.37540936432616 23.052511063208428
753.0 25.377289211395244 23.053164019182564
753.5 25.379192624463638 23.05380184469413
754.0 25.38108671840725 23.05444835763805
754.5 25.38292671812893 23.055102272992638
755.0 25.38482614117209 23.055749856868474
755.5 25.386707033831293 23.056387607403238
756.0 25.388595123471198 23.057035776640085
756.5 25.390463541796287 23.05768047604893
757.0 25.392371796992443 23.058323697465877
757.5 25.394253276398906 23.058966044012706
758.0 25.396129696915025 23.05962133496035
758.5 25.39801465543414 23.06025914857895
759.0 25.399903108702407 23.060901897750895
759.5 25.401789801798266 23.061541348588605
760.0 25.403679944543484 23.062196643525837
760.5 25.405556878477853 23.06283558909422
761.0 25.407443604916256 23.063482327628705
761.5 25.4093309685967 23.064125039659746
762.0 25.41120488395082 23.064750325721608
762.5 25.41310462611408 23.06540393989835
763.0 25.414986930400346 23.066052535456862
763.5 25.416851445993828 23.066692984563005
764.0 25.418769623759903 23.06733148239885
764.5 25.42065441545337 23.06798265693174
765.0 25.42253041522715 23.06861714681656
765.5 25.42440474401304 23.069245605404177
766.0 25.42631245547449 23.06989159576956
766.5 25.428188879852996 23.07053772787608
767.0 25.43009411040503 23.071187475853282
767.5 25.431970675762425 23.071827611030855
768.0 25.433859319619614 23.072462051745145
768.5 25.435735981199336 23.073092714185933
769.0 25.437608041963426 23.073736528475116
769.5 25.439519913845444 23.07437921553563
770.0 25.44142716952017 23.075015434920687
770.5 25.443285142000125 23.075649404484643
771.0 25.445153099875935 23.07629337606086
771.5 25.447061673787083 23.07692539017054
772.0 25.448946214426265 23.077569365383802
772.5 25.45082894343523 23.07820575488488
773.0 25.452679129568526 23.078829000109657
773.5 25.454602698449943 23.079474126057953
774.0 25.456451793658093 23.080111773429106
774.5 25.458335753136048 23.080744992220964
775.0 25.46024858915967 23.08138057691691
775.5 25.462108367904307 23.082004316096235
776.0 25.463993697155676 23.082648904797903
776.5 25.46588720584964 23.083281713275344
777.0 25.467763459427083 23.08392150169976
777.5 25.469615059961363 23.084547950561106
778.0 25.471525446126027 23.085183570294628
778.5 25.473420133663303 23.085820551729547
779.0 25.475254750646904 23.08644865350448
779.5 25.4771362852647 23.087070350557298
780.0 25.479048030866565 23.08770505576652
780.5 25.480868563442787 23.088331210587253
781.0 25.482783814203643 23.088969591109574
781.5 25.48464969732404 23.089597450174814
782.0 25.48651636937652 23.090224367960964
782.5 25.48840656863621 23.09084759635747
783.0 25.49027121209302 23.091476125437392
783.5 25.492121454589203 23.09211008614801
784.0 25.494052001653085 23.09273906768016
784.5 25.495889166797205 23.09335928888789
785.0 25.49776080958889 23.0939831617508
785.5 25.49959515454073 23.094602580517595
786.0 25.50150302071615 23.095227681320853
786.5 25.50333929581706 23.095858269570854
787.0 25.505218185335888 23.096480782976975
787.5 25.507082128359816 23.097103162842355
788.0 25.508932445599058 23.097727978600382
788.5 25.510779223583754 23.098345632712352
789.0 25.512633372161257 23.098968327974244
789.5 25.51448886300843 23.099593110826607
790.0 25.516367737932683 23.100211190491088
790.5 25.518221895307427 23.10082656929207
791.0 25.520047615473224 23.10145243091679
791.5 25.52191611140572 23.102062704075905
792.0 25.52378117756706 23.102678059387575
792.5 25.525644242166816 23.103295542587993
793.0 25.527470763202874 23.103906521421266
793.5 25.52933329179501 23.10452253203303
794.0 25.5311951562509 23.10514899543837
794.5 25.53301633389421 23.105758321505583
795.0 25.534866402450266 23.106358929374778
795.5 25.536717268927326 23.106983560888747
796.0 25.538546205015237 23.107591225091447
796.5 25.540411926748735 23.108200699018223
797.0 25.54222895942344 23.108804731551334
797.5 25.544046930853888 23.109425552049956
798.0 25.54591587495791 23.110020408938322
798.5 25.547748467113497 23.11064184381211
799.0 25.549609264236363 23.111246668993903
799.5 25.5514377442517 23.11186194690648
800.0 25.553277557234352 23.112458546028524
800.5 25.555102341590164 23.113065484512592
801.0 25.55694614986709 23.113680599492923
801.5 25.558772456148056 23.114279322601163
802.0 25.560581519259983 23.114887203567413
802.5 25.56243493126822 23.11549532895792
803.0 25.564250137896952 23.116096720081885
803.5 25.566045435405506 23.116709430220787
804.0 25.56787757792145 23.11730616376089
804.5 25.569735789285872 23.1179106902143
805.0 25.5715392634073 23.118521654617318
805.5 25.57336368038753 23.119113117516733
806.0 25.57519801866252 23.119714255700533
806.5 25.57702266693713 23.120327282006684
807.0 25.57883771069819 23.1209177869227
807.5 25.580650931342326 23.12153532055416
808.0 25.58249213202346 23.12213233945456
808.5 25.58430780982959 23.122724443656058
809.0 25.586124750256303 23.12333763387028
809.5 25.5879210447894 23.12392694615875
810.0 25.589725992167388 23.124528756435087
810.5 25.591546791883776 23.12513854660672
811.0 25.593370034683506 23.125728312810526
811.5 25.595170938357967 23.126330817246007
812.0 25.597000171887263 23.126937478303994
812.5 25.598796915511105 23.12752665194038
813.0 25.600607658643977 23.128134623026526
813.5 25.602409970689276 23.128738212090163
814.0 25.604214493726257 23.129330945068848
814.5 25.60604807224592 23.12993042487442
815.0 25.607831826675643 23.130537020749692
815.5 25.60967082207345 23.131136162860674
816.0 25.611448899726557 23.131723677847297
816.5 25.613270351740418 23.132328541338932
817.0 25.615065526766298 23.132924919619175
817.5 25.61685000478732 23.13352058241353
818.0 25.618669635242806 23.13412742183164
818.5 25.620487797712173 23.134725157837007
819.0 25.62227289369786 23.13532902100264
819.5 25.62404916933412 23.13591950072859
820.0 25.62586622422632 23.136527274639974
820.5 25.627687583533344 23.13712287875656
821.0 25.629489163367726 23.137720024254516
821.5 25.63128830950212 23.138316622288876
822.0 25.633067445128237 23.13892298884307
822.5 25.63488169926333 23.139526896048245
823.0 25.63666991762601 23.140118698158997
823.5 25.638457260667508 23.140727245892144
824.0 25.64022606741183 23.141320071246415
824.5 25.642020258826506 23.14192676382752
825.0 25.643822937222794 23.142525281768393
825.5 25.645614972080836 23.143121509133753
826.0 25.64739658711483 23.143716841370782
826.5 25.64919861075736 23.14432292465302
827.0 25.65098090727532 23.144919783118205
827.5 25.65276132631558 23.145504503865343
828.0 25.654554940833357 23.146102324451185
828.5 25.65633471805824 23.146697873730506
829.0 25.658095623129746 23.147297972436156
829.5 25.659862290267604 23.147896068778323
830.0 25.66166249996291 23.148486297663318
830.5 25.66342762558415 23.14908055574406
831.0 25.66519747522671 23.149681841518447
