FastTrWP/PhaseSpace/IAs/snIa_0.63_30.00_-0.86_0.23.csv
# %ECSV 0.9
# ---
# datatype:
# - {name: time-rel, datatype: float64}
# - {name: g, datatype: float64}
# - {name: i, datatype: float64}
# schema: astropy-2.0
time-rel g i
[from data line 1447]
938.7083333333334 25.863543817127645 22.353880586357416
939.2083333333334 25.86548347122706 22.354645128041252
939.7083333333333 25.867478051029433 22.355412316428986
940.2083333333334 25.869463794509425 22.356178123294246
940.7083333333334 25.87147906765076 22.356952981152617
941.2083333333333 25.873409499789478 22.357723039935998
941.7083333333334 25.875361806958644 22.358497421986932
942.2083333333334 25.877370517878933 22.359266596488926
942.7083333333333 25.87930333779873 22.36004655281934
943.2083333333334 25.881268900815527 22.360824564374457
943.7083333333334 25.88325210376905 22.36160217867583
944.2083333333333 25.885189743590665 22.362379700276346
944.7083333333334 25.887124358545975 22.363165384070346
945.2083333333334 25.889080446617786 22.36394306310247
945.7083333333333 25.89102978642797 22.36472874751715
946.2083333333334 25.892951391605543 22.36551647057597
946.7083333333334 25.894893188059388 22.36629833061162
947.2083333333333 25.896830453711814 22.367090098104768
947.7083333333334 25.898771803868044 22.367880039992425
948.2083333333334 25.90069678880686 22.368661336598727
948.7083333333333 25.902620968589996 22.36946376060834
949.2083333333334 25.904523149475057 22.370258446781186
949.7083333333334 25.906451871563135 22.37105311633475
950.2083333333333 25.90838641140483 22.371846084401184
950.7083333333334 25.910293982732817 22.372648146664133
951.2083333333334 25.91220353473506 22.373442657662046
951.7083333333333 25.91413042296056 22.374242254026697
952.2083333333334 25.916016465756016 22.375046890588635
952.7083333333334 25.91790232646046 22.37585315822621
953.2083333333333 25.919811218376886 22.37666007854031
953.7083333333334 25.92167459782766 22.377463775619283
954.2083333333334 25.92359650816459 22.378272294530408
954.7083333333333 25.92549946730978 22.379078999562342
955.2083333333334 25.927380988547508 22.379893757185584
955.7083333333334 25.92927966318878 22.380707223910157
956.2083333333333 25.931153115350725 22.381514938738178
956.7083333333334 25.933025469463512 22.382330948321485
957.2083333333334 25.934900687059404 22.38314679592257
957.7083333333333 25.93675800559419 22.383969989312156
958.2083333333334 25.938637569447835 22.384790449194533
958.7083333333334 25.940488037006414 22.385609713686712
959.2083333333333 25.942335665467343 22.386431251129455
959.7083333333334 25.944200148698503 22.38725517369724
960.2083333333334 25.946058052712107 22.388081695663935
960.7083333333333 25.94790163948195 22.388899524369155
961.2083333333334 25.949777488684234 22.389728976107964
961.7083333333334 25.951587763707256 22.390554570941905
962.2083333333333 25.953474681241516 22.391389476131707
962.7083333333334 25.955333476407525 22.392219860706973
963.2083333333334 25.957131840338334 22.393047586823066
963.7083333333333 25.958995603125437 22.393885068352695
964.2083333333334 25.960806554894432 22.39472056571509
964.7083333333334 25.962650310763905 22.39555875720255
965.2083333333333 25.964445473700074 22.396396715088855
965.7083333333334 25.966312978872615 22.397233621774575
966.2083333333334 25.96812494929539 22.398074820315728
966.7083333333333 25.969945000000507 22.398918321989413
967.2083333333334 25.97172135731752 22.399768706909427
967.7083333333334 25.973543599227334 22.400610825713546
968.2083333333333 25.975364582449956 22.401455029639557
968.7083333333334 25.977179425846245 22.402314104278762
969.2083333333334 25.978976562094502 22.40316171074102
969.7083333333333 25.980810341019072 22.40401028467725
970.2083333333334 25.982575094191848 22.40486755852404
970.7083333333334 25.984360272613 22.405717051353783
971.2083333333333 25.986160616363666 22.40657143113917
971.7083333333334 25.987939351291445 22.407435152792484
972.2083333333334 25.989745546206944 22.408299494544224
972.7083333333333 25.991536580713923 22.409160220296535
973.2083333333334 25.99326769166923 22.410015770980834
973.7083333333334 25.99498849508511 22.410884765494345
974.2083333333333 25.996747997996607 22.411762738116728
974.7083333333334 25.998526977802406 22.412632792800284
975.2083333333334 26.000225701515944 22.41349736305407
975.7083333333333 26.001974300402473 22.414371592092497
976.2083333333334 26.003704906652562 22.415247719057238
976.7083333333334 26.005410091523927 22.416129092909628
977.2083333333333 26.007100105925325 22.417011880824962
977.7083333333334 26.00880930062371 22.417888526173748
978.2083333333334 26.01050187068159 22.41877744348742
978.7083333333333 26.01220356458038 22.419667624697922
979.2083333333334 26.013889498897363 22.4205492584035
979.7083333333334 26.015576761714406 22.421443387286697
980.2083333333333 26.01725839424376 22.422336264998975
980.7083333333334 26.018934150930335 22.423230880488365
981.2083333333334 26.020564889250775 22.424123574993516
981.7083333333333 26.022262817552996 22.425022854760734
982.2083333333334 26.02388793464833 22.425920476276673
982.7083333333334 26.025527171509445 22.426823356635236
983.2083333333333 26.027187340011007 22.42771813179271
983.7083333333334 26.028834505747113 22.428620870616378
984.2083333333334 26.030472089947317 22.42953124563913
984.7083333333333 26.032082607775546 22.430444063963485
985.2083333333334 26.033739634543586 22.431343325122654
985.7083333333334 26.035354485244433 22.432255665402568
986.2083333333333 26.036975189126874 22.43316963031614
986.7083333333334 26.038575729401966 22.43407848791886
987.2083333333334 26.040214143411088 22.434996785806547
987.7083333333333 26.04179916076231 22.43590774066481
988.2083333333334 26.043430832571516 22.436825430744463
988.7083333333334 26.04504808599938 22.43774076172486
989.2083333333333 26.046646676474317 22.438668088450026
989.7083333333334 26.048218644038265 22.43958131061865
990.2083333333334 26.049816841946782 22.440508837087428
990.7083333333333 26.05138802842766 22.441430753768206
991.2083333333334 26.053021864735744 22.442351186513086
991.7083333333334 26.05460342243919 22.443276458559225
992.2083333333333 26.05618477563255 22.444211742590877
992.7083333333334 26.05780027464974 22.445134675083132
993.2083333333334 26.059360870539194 22.446063479975017
993.7083333333333 26.060954676287512 22.446993436483602
994.2083333333334 26.062543595595564 22.447926787966537
994.7083333333334 26.06411408782258 22.4488559799661
995.2083333333333 26.0656907422598 22.449792559303127
995.7083333333334 26.067287503229505 22.450724075408818
996.2083333333334 26.068851508850273 22.451656040711093
996.7083333333333 26.070406224787618 22.452597087049725
997.2083333333334 26.071986975580792 22.45353382049085
997.7083333333334 26.073567602524182 22.45447315498167
998.2083333333333 26.07511845254743 22.455411835240913
998.7083333333334 26.076733726828113 22.456351575942485
999.2083333333334 26.078296575522156 22.457295978948007
999.7083333333333 26.079847671286267 22.458233261750927
1000.2083333333334 26.081453657587353 22.459174316465553
1000.7083333333334 26.08303034070986 22.460118302809903
1001.2083333333334 26.084637065142473 22.46105513974035
1001.7083333333334 26.08619374546666 22.46200395667141
1002.2083333333334 26.087788594535528 22.46294746420487
1002.7083333333334 26.089361078804004 22.463891225601106
1003.2083333333334 26.090954733614048 22.464840476559438
1003.7083333333334 26.09254234479706 22.465790157326598
1004.2083333333334 26.094113131050367 22.46673236631924
1004.7083333333334 26.095707255378926 22.46768204766863
1005.2083333333334 26.097336057306197 22.468625232133842
1005.7083333333334 26.09893336026481 22.46957021958002
1006.2083333333334 26.100535610829315 22.47052393301175
1006.7083333333334 26.10210272564742 22.4714706637823
1007.2083333333334 26.10368893294506 22.47242027975934
1007.7083333333334 26.10534134962498 22.473370462545333
1008.2083333333334 26.106973617402613 22.474312375599006
1008.7083333333334 26.10859147602081 22.47526674939539
1009.2083333333334 26.1101869081433 22.476219993091533
1009.7083333333334 26.111800835959965 22.477176976770036
1010.2083333333334 26.113454935877392 22.47811837457572
1010.7083333333334 26.115044153942222 22.479074839102108
1011.2083333333334 26.11669116379311 22.480024474681272
1011.7083333333334 26.11830464490985 22.480978759992453
1012.2083333333334 26.119916826179033 22.48193482259268
1012.7083333333334 26.121528441684152 22.482895201164403
1013.2083333333334 26.123169854513193 22.48385699827763
1013.7083333333334 26.124778279919592 22.484808730866085
1014.2083333333334 26.126379362964393 22.48577146944584
1014.7083333333334 26.1279889492059 22.48673632513034
1015.2083333333334 26.129572563315957 22.48769538126942
1015.7083333333334 26.13116245627748 22.48865848538462
1016.2083333333334 26.132775046901784 22.489623891006396
1016.7083333333334 26.134398886231157 22.490586522967924
1017.2083333333334 26.136001714574807 22.491560607923585
1017.7083333333334 26.137548383348253 22.492522647785947
1018.2083333333334 26.139164214036317 22.493498332747013
1018.7083333333334 26.140737430944387 22.494463138128843
1019.2083333333334 26.14232697807774 22.495439997251236
1019.7083333333334 26.143933943956533 22.49641754697173
1020.2083333333334 26.14553239012055 22.497387318375146
1020.7083333333334 26.14709561895861 22.498362180087952
1021.2083333333334 26.148682863911553 22.499340245628904
1021.7083333333334 26.150271957878928 22.500321222396774
1022.2083333333334 26.151863981070793 22.501297000175967
1022.7083333333334 26.153408913887137 22.502273799910636
1023.2083333333334 26.155005139288008 22.50326080537736
1023.7083333333334 26.15659088267634 22.504237681318134
1024.2083333333333 26.158186446479775 22.50522185899158
1024.7083333333333 26.15976096365088 22.50620060999095
1025.2083333333333 26.161295399379753 22.507187082070438
1025.7083333333333 26.162939620280365 22.50817281953065
1026.2083333333333 26.1644785392469 22.509160912145333
1026.7083333333333 26.16607411925591 22.510142494581267
1027.2083333333333 26.167677290415394 22.51113426211425
1027.7083333333333 26.169233119069077 22.51212598611396
1028.2083333333333 26.170843924623256 22.513109010777846
1028.7083333333333 26.17239793202675 22.514101249465185
1029.2083333333333 26.173974572400112 22.515090348333228
1029.7083333333333 26.175556234008468 22.51608778461673
1030.2083333333333 26.177178254566154 22.51707287870036
1030.7083333333333 26.178733566895772 22.518073948305435
1031.2083333333333 26.18035218564012 22.5190593222953
1031.7083333333333 26.181922009013423 22.52005745349618
1032.2083333333333 26.18356787664844 22.521052146592297
1032.7083333333333 26.185133064736583 22.52204610126971
1033.2083333333333 26.186724250124307 22.523046490846266
1033.7083333333333 26.18832552981469 22.52404714352756
1034.2083333333333 26.18987226669582 22.525042229069893
1034.7083333333333 26.191540496817357 22.52604277634817
1035.2083333333333 26.19307040715432 22.527043704764314
1035.7083333333333 26.194675742526478 22.528039304402366
1036.2083333333333 26.196298743619483 22.529043683693825
1036.7083333333333 26.197922758218635 22.53004231581506
1037.2083333333333 26.1995227301699 22.531047385764523
1037.7083333333333 26.201174424027233 22.532043000066754
1038.2083333333333 26.20274323373564 22.533044216450495
1038.7083333333333 26.204403350725876 22.534046916797056
1039.2083333333333 26.206016298694653 22.535054726683494
1039.7083333333333 26.20766395801626 22.536065215731487
1040.2083333333333 26.209252892496426 22.53705802095412
1040.7083333333333 26.21088887353362 22.53805884731921
1041.2083333333333 26.212561172518054 22.53906452109634
1041.7083333333333 26.21422217794941 22.540078403351785
1042.2083333333333 26.215875213038842 22.54107940550281
1042.7083333333333 26.217510251200014 22.542090327507157
1043.2083333333333 26.21914546230029 22.543092058710513
1043.7083333333333 26.220834692525145 22.544097447246074
1044.2083333333333 26.22243509788351 22.545104995049318
1044.7083333333333 26.224137770836254 22.5461134107475
1045.2083333333333 26.22588283565698 22.547124750651818
1045.7083333333333 26.227527154400782 22.548127759137223
1046.2083333333333 26.22919352101713 22.549142576276793
1046.7083333333333 26.230916034779685 22.55014666954311
1047.2083333333333 26.232573500975036 22.55115728631351
1047.7083333333333 26.234294520984665 22.552166607496243
1048.2083333333333 26.23599532202833 22.55317629446633
1048.7083333333333 26.237685215804575 22.554188490648535
1049.2083333333333 26.239402094058097 22.555194538388143
1049.7083333333333 26.241121095434128 22.556205360091163
1050.2083333333333 26.242857821953656 22.55721564279302
1050.7083333333333 26.244586536955726 22.558228466353395
1051.2083333333333 26.246301867927414 22.559240551132376
1051.7083333333333 26.248065528482464 22.560244392751496
1052.2083333333333 26.249786490684027 22.561261267176004
1052.7083333333333 26.251540924339203 22.562272610202815
1053.2083333333333 26.25327224275072 22.5632862805683
1053.7083333333333 26.25502964942872 22.56429858444538
1054.2083333333333 26.256764618452802 22.565308578628027
1054.7083333333333 26.258514063792553 22.56632514959896
1055.2083333333333 26.26030561714878 22.56733929805915
1055.7083333333333 26.26205881035527 22.568350550292404
1056.2083333333333 26.26380040872427 22.56937576424619
1056.7083333333333 26.26552972089997 22.5703868342468
1057.2083333333333 26.26734774816854 22.57140568153464
1057.7083333333333 26.269101668664206 22.572422328508672
1058.2083333333333 26.270883380728836 22.573438647979735
1058.7083333333333 26.272628002238218 22.57445645603383
1059.2083333333333 26.27441989323744 22.575481887841164
1059.7083333333333 26.276194510697405 22.576500723761207
1060.2083333333333 26.2779804660417 22.577512632443298
1060.7083333333333 26.279751258234132 22.578539352556724
1061.2083333333333 26.281561272853835 22.579554723006815
1061.7083333333333 26.283354042269206 22.580583948291437
1062.2083333333333 26.28513697470909 22.581602504535066
1062.7083333333333 26.286916427752203 22.582622346697185
1063.2083333333333 26.288730024805833 22.58365305197191
1063.7083333333333 26.29057055635748 22.584668966953707
1064.2083333333333 26.292371523843737 22.585697795405043
1064.7083333333333 26.294169667044436 22.586729923998913
1065.2083333333333 26.295994472756057 22.587755927781068
1065.7083333333333 26.29776644863822 22.588775461169437
1066.2083333333333 26.299672399448323 22.589801671336836
1066.7083333333333 26.30149085121247 22.590829271492886
1067.2083333333333 26.303311250169777 22.59184884785568
1067.7083333333333 26.305125831416724 22.5928851593159
1068.2083333333333 26.306989632062777 22.593919712621123
1068.7083333333333 26.3088151179228 22.594944630707076
1069.2083333333333 26.310654081616217 22.595979193745855
1069.7083333333333 26.312520335409605 22.597010672722586
1070.2083333333333 26.314341237642562 22.5980403892925
1070.7083333333333 26.316185279810785 22.599075517756454
1071.2083333333333 26.318063012456584 22.600102869343353
1071.7083333333333 26.31994502992811 22.601143513657473
1072.2083333333333 26.32181217001601 22.602177028319947
1072.7083333333333 26.323645389252906 22.60321739504534
1073.2083333333333 26.325519035303873 22.604248272245933
1073.7083333333333 26.32739885194757 22.605289128430584
1074.2083333333333 26.32928372504618 22.60632268210451
1074.7083333333333 26.33116492278598 22.60736681945293
1075.2083333333333 26.333043775745463 22.60840580469668
1075.7083333333333 26.33496287734479 22.609439678644026
1076.2083333333333 26.336827024319085 22.610482847730093
1076.7083333333333 26.338795119670767 22.611525259612165
1077.2083333333333 26.34065053394568 22.612568320296287
1077.7083333333333 26.3425385229184 22.613611420211445
1078.2083333333333 26.344491266801832 22.61465448736128
1078.7083333333333 26.346365616414694 22.615691763558566
1079.2083333333333 26.34825038893212 22.616737848627437
1079.7083333333333 26.350244104201618 22.617788038627932
1080.2083333333333 26.352126335087547 22.618840530627253
1080.7083333333333 26.354069743695216 22.619883070810776
