FastTrWP/PhaseSpace/IAs/snIa_0.69_30.00_-1.13_0.02.csv
# %ECSV 0.9
# ---
# datatype:
# - {name: time-rel, datatype: float64}
# - {name: g, datatype: float64}
# - {name: i, datatype: float64}
# schema: astropy-2.0
time-rel g i
[from data line 344]
281.875 25.401482456804057 23.565323623032313
282.375 25.396931394180903 23.561417759890336
282.875 25.392400925944067 23.557524388548142
283.375 25.387898696566467 23.553634830430195
283.875 25.383360693142336 23.549735412568722
284.375 25.37882980043515 23.545856037335145
284.875 25.374329499283206 23.541999734985424
285.375 25.36984313021565 23.538122488316034
285.875 25.36533323477871 23.534269404304386
286.375 25.36083315075585 23.530414592797516
286.875 25.35634428866991 23.526559939535936
287.375 25.35184827345807 23.52272497057653
287.875 25.347346201730886 23.518889180823045
288.375 25.34287355066194 23.515059221130578
288.875 25.338394681065747 23.51124974756553
289.375 25.333930119792136 23.50743188961119
289.875 25.32948505508984 23.50361511925167
290.375 25.325021154413232 23.499818069375525
290.875 25.32054220593971 23.49602974887206
291.375 25.316098332253524 23.492234744525298
291.875 25.311671123660172 23.488455501303662
292.375 25.307204927558274 23.484673409560536
292.875 25.302773254856966 23.48090042444939
293.375 25.298350741590674 23.47712798354671
293.875 25.293888033744953 23.473383679413182
294.375 25.289495468177577 23.46962345833203
294.875 25.285051019253842 23.46587244222016
295.375 25.280638325652394 23.462130617133106
295.875 25.27622643314826 23.458409103450663
296.375 25.27182868944275 23.45467565502501
296.875 25.267443257105114 23.450960940950377
297.375 25.263059031615406 23.44725069957471
297.875 25.258679378655597 23.443533056934783
298.375 25.25428646696261 23.439846811967122
298.875 25.249909136718106 23.436154377566382
299.375 25.245528130936776 23.432470970324722
299.875 25.241153889268006 23.42879078640216
300.375 25.236812829839742 23.425116868445368
300.875 25.23245506341299 23.421456740864343
301.375 25.228103259134784 23.41778891781603
301.875 25.223730579234704 23.41413859875637
302.375 25.219427200071777 23.4104870701637
302.875 25.21508922175141 23.40684834596265
303.375 25.210768037783723 23.403219430974154
303.875 25.206439579406826 23.399582184098364
304.375 25.20211703546869 23.395967860049094
304.875 25.197813489239202 23.392353161151526
305.375 25.193503587542175 23.38872764838216
305.875 25.189211452667895 23.385135689085015
306.375 25.184914267101615 23.38153410567763
306.875 25.1806042804484 23.377946160894766
307.375 25.17632699129303 23.374350816249144
307.875 25.17205607118328 23.37077387469607
308.375 25.16777455560296 23.367193862199414
308.875 25.163495107562177 23.363627747311746
309.375 25.159231278702347 23.360066076756667
309.875 25.15499978726648 23.356498343585336
310.375 25.150727628365473 23.352942270769187
310.875 25.146479152813917 23.349394522399663
311.375 25.142220889345758 23.345858665114804
311.875 25.137985872995728 23.34232482666936
312.375 25.133743272254193 23.338796509765942
312.875 25.129539514459132 23.33528842871177
313.375 25.125300984516663 23.3317562916174
313.875 25.12108630063375 23.328236174330744
314.375 25.116878039767595 23.324722684768272
314.875 25.11267878953309 23.321229681394144
315.375 25.10846548568686 23.31772672019664
315.875 25.1042633468575 23.314227820587234
316.375 25.10005727656429 23.310744572032213
316.875 25.09588451357427 23.307256898762745
317.375 25.09170838752569 23.303787845857308
317.875 25.08753178528883 23.300319735381226
318.375 25.08336229706223 23.296845239888405
318.875 25.079181692666822 23.293377382553423
319.375 25.075013772223635 23.28994050728347
319.875 25.07087366606359 23.286482726655848
320.375 25.066717327835132 23.28303680711479
320.875 25.062569223463115 23.27959986174179
321.375 25.058424608928874 23.276155558313366
321.875 25.054279044081 23.27272122832401
322.375 25.050157155939253 23.269305075898647
322.875 25.046012173935488 23.265871342229897
323.375 25.041905171252413 23.262456231424828
323.875 25.037779113913366 23.25904713642869
324.375 25.03368433722221 23.25563578553715
324.875 25.02955074421621 23.25223134828355
325.375 25.025448589543036 23.24884236211181
325.875 25.021383348380898 23.245442281452654
326.375 25.017256577887817 23.24205244273226
326.875 25.013172773778237 23.238670300006753
327.375 25.009082693029818 23.235300683194858
327.875 25.00502787146037 23.231916983988143
328.375 25.00095065319527 23.22854989129428
328.875 24.996874538498417 23.225191214023774
329.375 24.99279518724412 23.2218216105891
329.875 24.98874768041414 23.218471933473012
330.375 24.98470008946959 23.21511285973399
330.875 24.980650988118885 23.211766020135244
331.375 24.97659036612109 23.208428150117353
331.875 24.972555990337906 23.20507663627943
332.375 24.96853183557842 23.201755658463497
332.875 24.964490097797135 23.198419882165652
333.375 24.960473433402505 23.195088623752817
333.875 24.956472000793653 23.191773016994336
334.375 24.95242035210464 23.188440911619654
334.875 24.948386259875775 23.185127249319166
335.375 24.944333865908504 23.181798606026053
335.875 24.940255220904376 23.178471216904985
336.375 24.93618671730041 23.175144473918397
336.875 24.932120369962078 23.171817149714187
337.375 24.92806362478076 23.16848222126439
337.875 24.923967914130714 23.165163602783426
338.375 24.919875921207364 23.16183008281939
338.875 24.915772378902012 23.15851331582936
339.375 24.91166574782447 23.155170607146953
339.875 24.907564963198936 23.151851183943993
340.375 24.90346088844834 23.148536434144745
340.875 24.899375231566943 23.14521286727038
341.375 24.895272378310473 23.141897623603363
341.875 24.891157269592714 23.13857996986226
342.375 24.887047948134246 23.135265247950784
342.875 24.882961911934444 23.131955785099663
343.375 24.878853430635765 23.128647631832994
343.875 24.874762793127125 23.1253363320762
344.375 24.87066710921454 23.122039399980665
344.875 24.866577475793797 23.11873930878765
345.375 24.86248828388544 23.11544895234634
345.875 24.858396852938345 23.112158646626337
346.375 24.854315513372057 23.10887900650649
346.875 24.850242693436563 23.105595587423217
347.375 24.8461586893849 23.10231505394325
347.875 24.842091150833944 23.099039203138368
348.375 24.838038015867014 23.09577682040695
348.875 24.834004630060708 23.092516281884606
349.375 24.82996241568495 23.089267565686352
349.875 24.825941854809276 23.086013113389466
350.375 24.821913536710255 23.08277673116379
350.875 24.817888348336183 23.07952996959171
351.375 24.813888304459585 23.076309354118546
351.875 24.80989886484492 23.073082492792448
352.375 24.80591206592858 23.069867013238277
352.875 24.80196605361241 23.066650837208233
353.375 24.797991163845662 23.06345443654394
353.875 24.794065109637398 23.060255895449778
354.375 24.790122734445134 23.057063757401323
354.875 24.786211001818955 23.053883916028784
355.375 24.782306044333275 23.0507148230039
355.875 24.778411121698632 23.047547558255825
356.375 24.774523957205787 23.04438403033892
356.875 24.770673537574368 23.041252808584044
357.375 24.76682465477785 23.038102594707212
357.875 24.762999916876485 23.03496290678311
358.375 24.75919130677722 23.031839630195662
358.875 24.755387522891702 23.028738821805632
359.375 24.751584843743196 23.025623269102
359.875 24.747856368626685 23.02253035112558
360.375 24.744090911300802 23.01943862528092
360.875 24.740372142840442 23.016378143233396
361.375 24.73666263249719 23.013304878134193
361.875 24.732968110231933 23.010243353397158
362.375 24.729294172281264 23.007196053909745
362.87499999999994 24.725633032724033 23.0041613246797
363.375 24.721998002428 23.00113307432119
363.875 24.718388360235434 22.998111160272714
364.37499999999994 24.714779881936124 22.99511637895695
364.875 24.711217334654414 22.992119123791028
365.375 24.70765853321828 22.98913845206123
365.87499999999994 24.70414073583833 22.98616000044191
366.375 24.700623984573152 22.983199636405857
366.875 24.697131396943544 22.98025745587223
367.37499999999994 24.69366481398228 22.977312174213296
367.875 24.690226217707693 22.974383447694592
368.375 24.68679989220388 22.971467962676797
368.87499999999994 24.683391377503273 22.9685691517126
369.375 24.680032131134514 22.96567202731002
369.875 24.67666446584371 22.96279478269989
370.37499999999994 24.673348804670745 22.959917851450285
370.875 24.67003751295502 22.957065749125604
371.375 24.66675387700014 22.954222040108434
371.87499999999994 24.663510717508004 22.95138648848979
372.375 24.660282443145967 22.948574409562713
372.875 24.65707897556832 22.94576366690775
373.37499999999994 24.653889084296114 22.942970467615396
373.875 24.650727252627235 22.940191244269496
374.375 24.64761056783972 22.9374187887948
374.87499999999994 24.644482916995575 22.934655522773113
375.375 24.641364689533177 22.931903856457943
375.875 24.638263704798366 22.92915969861724
376.37499999999994 24.635165342125237 22.9264018105826
376.875 24.6320800688126 22.923670464521003
377.375 24.628990377459942 22.920934362031563
377.87499999999994 24.62590717675337 22.918202697452354
378.375 24.622850265309797 22.9154781861588
378.875 24.619771142206176 22.912748440809757
379.37499999999994 24.616739938048045 22.91004287399032
379.875 24.61367632376994 22.9073378427541
380.375 24.6106749238279 22.904653204489733
380.87499999999994 24.607645356850924 22.901946269836596
381.375 24.6046351250314 22.899266546325027
381.875 24.601637630775723 22.89657975760012
382.37499999999994 24.598633780032905 22.893907609610842
382.875 24.59567556764914 22.89123835676959
383.375 24.59269664470488 22.888573265800293
383.87499999999994 24.589733570487255 22.885921993776268
384.375 24.58677414011333 22.88326817786851
384.875 24.5838392773286 22.880623819490783
385.37499999999994 24.58092276347465 22.87798436345199
385.875 24.578026697843036 22.875354827631806
386.375 24.575121478983878 22.8727423837949
386.87499999999994 24.57222471591788 22.870121677412616
387.375 24.569364889153178 22.867516745223433
387.875 24.566484492498436 22.86491527772487
388.37499999999994 24.563625632601283 22.862328291966875
388.875 24.560785514202422 22.85974047670077
389.375 24.55795368635373 22.85715838999494
389.87499999999994 24.555139812121126 22.854588036239857
390.375 24.55233473544791 22.852025613259308
390.875 24.54953202818441 22.84946372725791
391.37499999999994 24.546750796214187 22.84690579736088
391.875 24.543984211579737 22.844369381671036
392.375 24.541242095013583 22.84184015322768
392.87499999999994 24.53850571710177 22.83930385749411
393.375 24.535772952190488 22.836784861785393
393.875 24.533083629959943 22.834279957615017
394.37499999999994 24.530361007050576 22.83176914375786
394.875 24.52769061283051 22.82927984806831
395.375 24.525011358288225 22.82677597141828
395.87499999999994 24.52234458593473 22.824299735633176
396.375 24.519694590844445 22.82182191280031
396.875 24.51707688320841 22.819361967590886
397.37499999999994 24.514463520524785 22.81690571033923
397.875 24.511847540906075 22.814458621952962
398.375 24.509270645145122 22.812016490685103
398.87499999999994 24.50670448877666 22.809579036137126
399.375 24.50414691647324 22.80715553606013
399.875 24.50162887590286 22.80474345845331
400.37499999999994 24.499103222772685 22.80233072739977
400.875 24.496579876809385 22.79992644102924
401.375 24.494093758788267 22.797530342676406
401.87499999999994 24.49159791796264 22.79515594335777
402.375 24.48916059862818 22.792778677398818
402.875 24.486698864915034 22.790407666106912
403.37499999999994 24.48427378028834 22.788060739360457
403.875 24.481858494052968 22.785700600322713
404.375 24.479452878928115 22.78336042609832
404.87499999999994 24.477074822419276 22.781024598532355
405.375 24.47472335138251 22.778706824098695
405.875 24.472369512773827 22.776395591115524
406.37499999999994 24.470034420164396 22.77408538635964
406.875 24.467716711416877 22.771790642768423
407.375 24.46542770543655 22.76949942886835
407.87499999999994 24.463131618321647 22.767222296448082
408.375 24.460878959224537 22.764948993980898
408.875 24.458625350921498 22.7626836355152
409.37499999999994 24.456395901260702 22.760437246807804
409.875 24.45419353915542 22.758190782038827
410.375 24.451994595717 22.755957583934965
410.87499999999994 24.44982486973453 22.753735623108646
411.375 24.44766051064541 22.75152097961098
411.875 24.445524570392486 22.749313094927306
412.37499999999994 24.443397768326758 22.74710233404297
412.875 24.4412749231712 22.744921807072576
413.375 24.439185445727446 22.74274273136266
413.87499999999994 24.43712130104052 22.74057451358501
414.375 24.435072940750253 22.738411615814435
414.875 24.433045366585333 22.73626576322026
415.37499999999994 24.43103611414827 22.73411486457356
415.875 24.428999310089665 22.731978163574777
416.375 24.42701321604528 22.729840894025028
416.87499999999994 24.425017810387804 22.727725659568357
417.375 24.423048435136486 22.72560775571261
417.875 24.421101343518078 22.723500669885468
418.37499999999994 24.419131386718806 22.72139570599883
418.875 24.417198101343658 22.71928734818337
419.375 24.41526955759204 22.71720691545388
419.87499999999994 24.41336129312309 22.71512799622395
420.375 24.41146840940689 22.713055634128132
420.875 24.40956811725821 22.710981242684788
421.37499999999994 24.40769706204284 22.70891273346455
421.875 24.405821513391196 22.706857712121057
422.375 24.403975296658444 22.70480810165069
422.87499999999994 24.402128278469434 22.702763884897568
423.375 24.40030366578304 22.70073122439024
423.875 24.398462282659843 22.698695747247744
424.37499999999994 24.396673261000274 22.696673305443262
424.875 24.39487791312807 22.694659458476334
425.375 24.393080533319317 22.692649198490813
425.87499999999994 24.391305584776234 22.690649144028928
426.375 24.389554696287654 22.688648717789995
426.875 24.38778173945883 22.68665298356957
427.37499999999994 24.386075426976788 22.684675668904237
427.875 24.384330154938887 22.682690699427475
428.375 24.382620647178616 22.680720879225035
428.87499999999994 24.380919005530693 22.678754594596388
429.375 24.37923010531997 22.6767973294616
429.875 24.37754636003906 22.674843015430497
430.37499999999994 24.375885956340806 22.672892673982588
430.875 24.374219109848234 22.670957726804424
431.375 24.37256942208422 22.669015943712726
431.87499999999994 24.370928085304424 22.667090341772237
432.375 24.369310834966114 22.66517123064268
432.875 24.367698095542856 22.663253547631612
433.37499999999994 24.366104927338625 22.66134933934792
433.875 24.364515477368393 22.65944670312424
434.375 24.362951373689494 22.657550817480438
434.87499999999994 24.361374056285516 22.65565522495652
435.375 24.359811126905406 22.653769088404676
435.875 24.358282032467425 22.65189300028854
436.37499999999994 24.35673071274175 22.65002397468674
436.875 24.355201191923253 22.648161443067345
437.375 24.353705133132042 22.64629647303525
437.87499999999994 24.352198044519046 22.644441664943304
438.375 24.350707445054965 22.642591922876314
438.875 24.34924567163896 22.64074353384089
439.37499999999994 24.347786696044974 22.638916538329465
439.875 24.34633754542127 22.63708685575199
440.375 24.344900832016606 22.635263403412896
440.87499999999994 24.343450731549474 22.63344827421441
441.375 24.342049745837315 22.63163227513173
441.875 24.340628864665174 22.629824074213907
442.37499999999994 24.33924262470223 22.628029841194856
442.875 24.337858320260843 22.626231878584278
443.375 24.336471636023738 22.624434311039025
443.87499999999994 24.33510661913308 22.622653763785657
444.375 24.33375731150968 22.620879547718964
444.875 24.332416436644117 22.619103412872228
445.37499999999994 24.331088518894326 22.61734114077186
445.875 24.329773273046076 22.61558261179011
446.375 24.328470945146204 22.613828935214176
446.87499999999994 24.32717453869489 22.61208204297928
447.375 24.3258923288175 22.61034139409116
447.875 24.324617735640274 22.608602952207363
448.37499999999994 24.323350009463113 22.606873875932962
448.875 24.322110758075613 22.605150822119818
449.375 24.32087033217765 22.603415356239786
449.87499999999994 24.31962757853231 22.601712354755254
450.375 24.3184167981818 22.600001086562806
450.875 24.317205533940815 22.5983025380272
