FastTrWP/PhaseSpace/IAs/snIa_0.52_30.00_-0.18_-0.05.csv
# %ECSV 0.9
# ---
# datatype:
# - {name: time-rel, datatype: float64}
# - {name: g, datatype: float64}
# - {name: i, datatype: float64}
# schema: astropy-2.0
time-rel g i
[from data line 666]
491.4375 23.289759857846974 22.66275770778722
491.9375 23.288651355311657 22.661463007469624
492.4375 23.287560767784342 22.66016657946102
492.9375 23.286478829977547 22.658878582605986
493.4375 23.285411091151055 22.657596656487392
493.9375 23.284329692216538 22.656313331363084
494.4375 23.28327216817231 22.655033337962273
494.9375 23.282222953268782 22.65377465613303
495.4375 23.281196902551336 22.652507876202858
495.9375 23.280168064051956 22.651244692769644
496.4375 23.279151843331718 22.64998744903881
496.9375 23.278147264109144 22.648737064285726
497.4375 23.277143949431867 22.647490786136466
497.9375 23.276151060134683 22.646250995010373
498.4375 23.275171992381676 22.645014021937286
498.9375 23.27420817049697 22.643793038741798
499.4375 23.273245208404386 22.64255984178738
499.9375 23.272298293681473 22.641340593835455
500.4375 23.271363067778623 22.64011712674799
500.9375 23.270425729891507 22.638911285773247
501.4375 23.269507527807917 22.63770470113956
501.9375 23.268606746772043 22.636498753293758
502.4375 23.267698256994596 22.63530408402569
502.9375 23.266813053933628 22.63410387255828
503.4375 23.265940215636206 22.632918425280607
503.9375 23.265063087650255 22.631739238577634
504.4375 23.264197634562073 22.630561064137545
504.9375 23.26335838183619 22.629383758731425
505.4375 23.26252132285571 22.628219249596636
505.9375 23.261685490877916 22.62704661141228
506.4375 23.260859542853606 22.625889578839875
506.9375 23.260062854632043 22.624739244772
507.4375 23.25924754914251 22.62358566469855
507.9375 23.258466010213837 22.622442729853702
508.4375 23.257688329973767 22.621300157842867
508.9375 23.25691616737813 22.620175002437808
509.4375 23.256158322731242 22.61904182639548
509.9375 23.255411406744784 22.617912800734604
510.4375 23.254686361380056 22.616793373183675
510.9375 23.25394742145845 22.61567272871949
511.4375 23.253230634107865 22.614572801858827
511.9375 23.252525970674448 22.613459299086927
512.4375 23.25182532206391 22.61236400145227
512.9375 23.251134415517 22.611269393254794
513.4375 23.250467544595356 22.610179681352605
513.9375 23.24979034608512 22.609092140351905
514.4375 23.24913431105849 22.608010126816744
514.9375 23.248495439505497 22.606933773270814
515.4375 23.247865341416514 22.605859768327292
515.9375 23.247232378631427 22.60479025686203
516.4375 23.246627444357383 22.603735027847996
516.9375 23.24602392409835 22.602673577317894
517.4375 23.245427385041914 22.60161322106111
517.9375 23.2448516738341 22.600571387660562
518.4375 23.244278625022396 22.599527542065324
518.9375 23.24372466966562 22.59847954413576
519.4375 23.243167988640394 22.597441830511844
519.9375 23.242629451336178 22.596418220173945
520.4375 23.2420925105587 22.59539451504559
520.9375 23.241572173042023 22.594369171568836
521.4375 23.241058631850148 22.593352064473162
521.9375 23.240561876481728 22.592341189561417
522.4375 23.240060315799834 22.59132917380981
522.9375 23.239585959718454 22.59032779545286
523.4375 23.239106309284743 22.5893221492952
523.9375 23.23863671340312 22.588329632522957
524.4375 23.238187990775753 22.58733876008765
524.9375 23.237747832448626 22.586352491926178
525.4375 23.237301175520173 22.58536688735907
525.9375 23.236874526298294 22.58438862121665
526.4375 23.236442507427366 22.583413241243928
526.9375 23.23604523415506 22.5824411466437
527.4375 23.235637570123522 22.581473687941013
527.9375 23.23524505089907 22.580516019076388
528.4375 23.234859672203584 22.579554134016284
528.9375 23.234485221164668 22.578594889799348
529.4375 23.23411650288584 22.57765282013319
529.9375 23.233756091863803 22.576705104173623
530.4375 23.23340365664862 22.575761078672226
530.9375 23.23305463353572 22.574818935145338
531.4375 23.232725447663952 22.57388709317771
531.9375 23.232394908528796 22.572957967773306
532.4375 23.232077822030142 22.57203401790171
532.9375 23.23176252794226 22.571108407077386
533.4375 23.231460883122914 22.57018841990518
533.9375 23.231171274415775 22.5692688103052
534.4375 23.230875400510946 22.56836064443935
534.9375 23.230600078449935 22.56745063255906
535.4375 23.23032545255989 22.56654537025915
535.9375 23.230067051348563 22.565646250808207
536.4375 23.229801742556266 22.56476232579228
536.9375 23.229545958238727 22.563857803450652
537.4375 23.229312100316363 22.56296721749619
537.9375 23.229064877881626 22.56208677693905
538.4375 23.22884065996408 22.561202591837368
538.9375 23.22862042023789 22.56032234961416
539.4375 23.228400099443483 22.559444566079257
539.9375 23.228194750281617 22.558583557330643
540.4375 23.2279995923277 22.557714551942965
540.9375 23.22780801423985 22.556843511166615
541.4375 23.227628061890428 22.555984517520745
541.9375 23.227437258825677 22.555136038832696
542.4375 23.227257507186998 22.5542790482616
542.9375 23.227091442528035 22.55342751929384
543.4375 23.22693179264511 22.552585417123005
543.9375 23.226777696402845 22.55173732250529
544.4375 23.22661657868629 22.550892176028906
544.9375 23.226491618853046 22.550063952348182
545.4375 23.226349435680564 22.549233018247396
545.9375 23.226217765409956 22.548397137346214
546.4375 23.226099640316022 22.54757802880389
546.9375 23.225976637627326 22.546750744376816
547.4375 23.22586303200035 22.54593144546139
547.9375 23.225755572501985 22.545103480626224
548.4375 23.225664598744405 22.54429359603902
548.9375 23.22555987585843 22.543497822765044
549.4375 23.225483565341676 22.54269099936409
549.9375 23.22539912629273 22.541874750438055
550.4375 23.22532492461427 22.541087888660133
550.9375 23.22526963773804 22.540287740834003
551.4375 23.225212582881973 22.539494359683083
551.9375 23.225176797699444 22.538706005755827
552.4375 23.22514790730084 22.53793233263879
552.9375 23.2251163439039 22.537146113965264
553.4375 23.225113902381555 22.536382100983772
553.9375 23.225114319456523 22.53561080460824
554.4375 23.225118417120015 22.534840475657294
554.9375 23.22515098825757 22.53407704324505
555.4375 23.225171190787222 22.533314655566574
555.9375 23.22521890437089 22.532563416478762
556.4375 23.225263339414774 22.531811547151328
556.9375 23.225309985844753 22.531070819954017
557.4375 23.225376392591567 22.53032309953422
557.9375 23.225448975614817 22.52958543686802
558.4375 23.22552900238639 22.528842482223435
558.9375 23.22561904140537 22.52811860462819
559.4375 23.225714838047757 22.52738922017356
559.9375 23.225818536161533 22.526663472960927
560.4375 23.225939814022574 22.525947467382387
560.9375 23.22605295879722 22.52522031263289
561.4375 23.226169662187218 22.524506912670144
561.9375 23.226312511118937 22.523792449534174
562.4375 23.226458355118538 22.523091108708755
562.9375 23.22661235490823 22.522384605063323
563.4375 23.2267588851488 22.5216846275422
563.9375 23.226921885258292 22.520987944397643
564.4375 23.227099373922723 22.520285999827664
564.9375 23.227266302193392 22.519590392822533
565.4375 23.2274602296212 22.51890296461886
565.9375 23.22763977012649 22.51821738977327
566.4375 23.22782317755799 22.517535130956364
566.9375 23.228026406067794 22.516853587209823
567.4375 23.228227777223882 22.516172464549644
567.9375 23.22844227300102 22.515497796347876
568.4375 23.228666552617835 22.51482805533408
568.9375 23.22888109394984 22.514155781690942
569.4375 23.229113287342024 22.5134932227674
569.9375 23.229344598074626 22.51283019473022
570.4375 23.229574021040847 22.512164584054965
570.9375 23.229817260377526 22.511509621360695
571.4375 23.230054133502215 22.510852724648434
571.9375 23.230302609928117 22.510199978524412
572.4375 23.23055900361172 22.509545941482266
572.9375 23.230811335046816 22.50890790251891
573.4375 23.23106877258558 22.50825439560051
573.9375 23.231332842297675 22.50761049013494
574.4375 23.231600559463708 22.50696410181021
574.9375 23.231873570955823 22.506322136063716
575.4375 23.23214321652118 22.505690833824833
575.9375 23.23242490249926 22.505060580133804
576.4375 23.232708799895576 22.504425188326167
576.9375 23.232994267682535 22.503794887080794
577.4375 23.233275629618277 22.503166237079697
577.9375 23.233558159700802 22.50253639346922
578.4375 23.233848411275765 22.501917266225185
578.9375 23.234132387496032 22.501293033292875
579.4375 23.234427227666423 22.500672302526713
579.9375 23.234722404472635 22.500052358676808
580.4375 23.23501081460516 22.49943584482835
580.9375 23.235316724796572 22.49882298370852
581.4375 23.23561961691247 22.49820597951207
581.9375 23.23592302642876 22.49759614819971
582.4375 23.23622681770881 22.49698548394409
582.9375 23.236523465703524 22.496377184332776
583.4375 23.236829427304627 22.4957712089591
583.9375 23.237133439965582 22.49516827826636
584.4375 23.237424067477193 22.49456847133668
584.9375 23.23773358698427 22.49396489288995
585.4375 23.238043728029748 22.493368653079298
585.9375 23.238349484478682 22.492765437480323
586.4375 23.238644798503778 22.492171554539343
586.9375 23.238963703829704 22.491578936247368
587.4375 23.239273996034925 22.490984283600618
587.9375 23.239586517744414 22.490389427516725
588.4375 23.239896650182047 22.489802963356556
588.9375 23.240217652013534 22.48922113474013
589.4375 23.240548753209556 22.488634243452697
589.9375 23.240872155200666 22.48805161802974
590.4375 23.241200070478527 22.487469750518795
590.9375 23.2415381615232 22.48688514875711
591.4375 23.241877902951057 22.486313001239985
591.9375 23.24220731039384 22.485734540821145
592.4375 23.24255499393576 22.485156395356025
592.9375 23.24290770531467 22.48459316712117
593.4375 23.243261404442595 22.484026567314523
593.9375 23.243614398115223 22.483464765265502
594.4375 23.24396766380081 22.482899565877382
594.9375 23.24433313563498 22.482342244059886
595.4375 23.244699794142623 22.48177797888127
595.9375 23.245067397577603 22.481216874088737
596.4375 23.245434009654126 22.480657256584877
596.9375 23.245816454561265 22.480110712531026
597.4375 23.246192512485372 22.479556876776986
597.9375 23.246575974035643 22.47901137551934
598.4375 23.246965962529057 22.478461093000973
598.9375 23.24735464064327 22.477917124856873
599.4375 23.247746028327825 22.47737278858873
599.9375 23.24814430679823 22.476835269715348
600.4375 23.248548380794176 22.476293037819932
600.9375 23.248952357379082 22.475762578534912
601.4375 23.24934941687294 22.475228723431123
601.9375 23.24976822615075 22.474693277688257
602.4375 23.250181753454537 22.47417013844216
602.9375 23.250598563167433 22.473637910251938
603.4375 23.251022077368965 22.473113050150992
603.9375 23.25144554798178 22.47259195104582
604.4375 23.251881935972165 22.472068626372625
604.9375 23.252314740076873 22.471551170637767
605.4375 23.25275418827012 22.471038969201565
605.9375 23.253186131964917 22.47052601948401
606.4375 23.25363694911662 22.470014728498427
606.9375 23.25408907542152 22.46950614296702
607.4375 23.254538325208067 22.46899703149326
607.9375 23.254999020211976 22.468489026228745
608.4375 23.255453518830713 22.46799221549987
608.9375 23.255911839210107 22.467498806545567
609.4375 23.256397588077917 22.466999202487294
609.9375 23.256861162426894 22.466507545390538
610.4375 23.25733250632051 22.466005839468632
610.9375 23.25781365526722 22.46551896051226
611.4375 23.258293533210246 22.465032229503755
611.9375 23.2587783369703 22.46453985238437
612.4375 23.259268075606258 22.464058409999804
612.9375 23.259769613263824 22.463572563637232
613.4375 23.260271973466597 22.463098779457606
613.9375 23.260769345545008 22.462624434578128
614.4375 23.261272255424878 22.462149036834617
614.9375 23.261782088099178 22.461672834996477
615.4375 23.26230841360974 22.461211671292997
615.9375 23.262819735715805 22.460742329606845
616.4375 23.263339859050916 22.460281587230053
616.9375 23.263867284272578 22.459815646480802
617.4375 23.264409478027094 22.459361093945386
617.9375 23.264929737975997 22.45889539607594
618.4375 23.26547109921147 22.45844501703749
618.9375 23.266023328989217 22.45799533688535
619.4375 23.266569808281965 22.45754441909909
619.9375 23.267118084600973 22.457100566981744
620.4375 23.267669769896692 22.45664993325753
620.9375 23.26822308475385 22.45620653448386
621.4375 23.26878706353893 22.455768146168126
621.9375 23.269366264903763 22.45533173551017
622.4375 23.26994275044381 22.454896184021006
622.9375 23.27050691063127 22.454473214834568
623.4375 23.271084609165325 22.454035021614295
623.9375 23.271675534312134 22.453607997384
624.4375 23.27226408663257 22.453184729457863
624.9375 23.272846362508414 22.452755741119358
625.4375 23.273450492487605 22.452341603964573
625.9375 23.274048888193178 22.45191746809667
626.4375 23.27465189022043 22.451497876246933
626.9375 23.275263518739845 22.451079773285283
627.4375 23.275863643957678 22.450669538726654
627.9375 23.27648409354556 22.450264471366573
628.4375 23.277103216613682 22.44985003758327
628.9375 23.27774087924719 22.449440280624295
629.4375 23.278354045871147 22.449042082214973
629.9375 23.278994818090382 22.44863279428624
630.4375 23.279634127004524 22.448234868706347
630.9375 23.280274634309652 22.44784311086113
631.4375 23.280917611414583 22.44743877866634
631.9375 23.281563316105704 22.44704475423475
632.4375 23.282210147361493 22.44664362792786
632.9375 23.282870975254255 22.446264464886916
633.4375 23.283530456247668 22.445877730680056
633.9375 23.28420120735546 22.44549087140851
634.4375 23.2848652370673 22.445101271630694
634.9375 23.285532497197188 22.444726085917637
635.4375 23.28621438397853 22.44434591079026
635.9375 23.28690069202477 22.443975379383232
636.4375 23.287576252523642 22.44359602672693
636.9375 23.288273179946994 22.443219863261707
637.4375 23.288961838967566 22.442858574696608
637.9375 23.289662084334267 22.4424903605142
638.4375 23.29036196499661 22.44212007313181
638.9375 23.29107486102341 22.44175790203126
639.4375 23.291782692888923 22.441399568395116
639.9375 23.29250254469038 22.441034665022528
640.4375 23.293214453413572 22.440674972080117
640.9375 23.293942575253514 22.440328559155034
641.4375 23.294673920961117 22.439975889975294
641.9375 23.29540077449142 22.439626421779337
642.4375 23.29615001990581 22.43927629417643
642.9375 23.29687790888888 22.438937488125138
643.4375 23.29762564199797 22.438590210735473
643.9375 23.298377614960675 22.438251993610425
644.4375 23.299141393158948 22.437908483970425
644.9375 23.299899881275646 22.437578938359376
645.4375 23.300653984055415 22.437243571359367
645.9375 23.30142844105356 22.436911606919708
646.4375 23.302194211536296 22.436580395118597
646.9375 23.302971116550356 22.43626161801242
647.4375 23.303766031916574 22.4359283299292
647.9375 23.30453330985153 22.435611136207143
648.4375 23.305330336335658 22.43528996166749
648.9375 23.306114722948912 22.43497660902787
649.4375 23.306921069803387 22.434663820880477
649.9375 23.307728865939982 22.43434734098884
650.4375 23.308532049340553 22.434034779171263
650.9375 23.30934157357263 22.433730706663226
651.4375 23.31016083327555 22.433427036213402
651.9375 23.3109877086275 22.433128955297157
652.4375 23.311825355226624 22.43281823431871
652.9375 23.312648510580686 22.43252189129628
653.4375 23.313483805182074 22.432228021420947
653.9375 23.314310258636723 22.431933043036278
654.4375 23.315167748511854 22.431649113983553
654.9375 23.31601446241939 22.431355280182963
655.4375 23.316865485712096 22.43107190771314
655.9375 23.31773927988147 22.43077850291214
656.4375 23.31860133480349 22.430505637667334
656.9375 23.319461398980245 22.430224490001677
657.4375 23.32033643007189 22.429950902513763
657.9375 23.321211550432185 22.429678493032526
658.4375 23.32209890836982 22.42941233853457
658.9375 23.322977394928714 22.429142441996195
659.4375 23.323879462165984 22.428871965449805
659.9375 23.32477198212999 22.428602957362678
660.4375 23.325683956730984 22.428344515970167
660.9375 23.326587212818723 22.42809027654269
661.4375 23.327509883510782 22.427836964326037
661.9375 23.32843474108269 22.4275782349098
662.4375 23.32937020584703 22.427329191480105
662.9375 23.330298134758603 22.427071524310776
663.4375 23.331243416380424 22.426829965987526
