FastTrWP/PhaseSpace/IAs/snIa_0.33_30.00_-0.99_0.01.csv
# %ECSV 0.9
# ---
# datatype:
# - {name: time-rel, datatype: float64}
# - {name: g, datatype: float64}
# - {name: i, datatype: float64}
# schema: astropy-2.0
time-rel g i
[from data line 1771]
488.0 24.40269212568035 23.085194926334065
488.5 24.405156987297843 23.085839875488542
489.0 24.407672321731816 23.086474465339798
489.5 24.410172376821325 23.087112196526142
490.0 24.41268466222812 23.087756708285166
490.5 24.41517906188908 23.088395472880524
491.0 24.417668348349512 23.0890173623918
491.5 24.420170234518807 23.089672758493837
492.0 24.42267091558017 23.090297199913856
492.5 24.425164558635565 23.09093753653317
493.0 24.42766826286304 23.091572725686067
493.5 24.430154179351685 23.09219735647745
494.0 24.432661700172158 23.0928346597506
494.5 24.43517007155148 23.09345979259725
495.0 24.43767023222574 23.094096271625148
495.5 24.440159240675868 23.09472869611422
496.0 24.442681838100672 23.095356862806188
496.5 24.445163044514597 23.095979891700885
497.0 24.447657116888564 23.096601175900858
497.5 24.45014888954876 23.097234736256617
498.0 24.452656966892764 23.097864802710447
498.5 24.455153733036617 23.098483147206927
499.0 24.457659580094706 23.099113314910184
499.5 24.46015287257159 23.099741726187123
500.0 24.462662693381468 23.100360607771265
500.5 24.465152379884458 23.100987661954775
501.0 24.46764933315357 23.101605595898235
501.5 24.470146349002118 23.102230150636274
502.0 24.47264678188709 23.102845733400834
502.5 24.475139648280823 23.10347271771111
503.0 24.477619378510916 23.10409459160652
503.5 24.480119831233715 23.104716669190537
504.0 24.482619515357822 23.105327575327497
504.5 24.4851099407457 23.105950055340298
505.0 24.48761437359563 23.10656924031109
505.5 24.490083959435964 23.107175952269703
506.0 24.492600354859448 23.107795807899464
506.5 24.495102402977 23.108415076430106
507.0 24.497587256056597 23.10903760525973
507.5 24.50007895142025 23.109653423800033
508.0 24.502578048560718 23.110255543572926
508.5 24.505067123261863 23.110874422809108
509.0 24.50753738196774 23.111484129252204
509.5 24.510046913504375 23.11209770561976
510.0 24.51255541669258 23.112705966407553
510.5 24.515038910817918 23.11331673265192
511.0 24.51753194806762 23.113925746923446
511.5 24.520018596522096 23.114534637363974
512.0 24.522510742721536 23.115144079257508
512.5 24.525000385141283 23.115747581785513
513.0 24.527488881090243 23.1163437787276
513.5 24.529990459515645 23.11696441175327
514.0 24.53248253239596 23.117563972927822
514.5 24.534992850369072 23.11817067992739
515.0 24.53745706516667 23.118774825926177
515.5 24.53995209318063 23.119369214684276
516.0 24.542433625414667 23.119977021891987
516.5 24.544943949246214 23.12057434442332
517.0 24.54743177199478 23.121179100316315
517.5 24.54991059664355 23.12177563445583
518.0 24.552392760282476 23.122373231201323
518.5 24.554869690128243 23.12296624926967
519.0 24.55734650177803 23.123562517667516
519.5 24.559855601668477 23.124163163664196
520.0 24.562324545453396 23.12474449410056
520.5 24.564810016186378 23.125349680048824
521.0 24.567277623324348 23.125946181224304
521.5 24.56977004908921 23.126540277560565
522.0 24.572255697630034 23.12711954463237
522.5 24.574717541396915 23.127712773606078
523.0 24.577203136630086 23.12829946422775
523.5 24.579673501748786 23.128896270869035
524.0 24.58215640516994 23.12946772242061
524.5 24.584627806823054 23.130056330476428
525.0 24.5870777976525 23.13064345879745
525.5 24.589574407463775 23.1312339451881
526.0 24.592028144955545 23.13181618417846
526.5 24.594497167378027 23.132401146215933
527.0 24.596967600705902 23.13297512011455
527.5 24.599431093654793 23.133561235853435
528.0 24.601887144821188 23.134142865504856
528.5 24.604352460245952 23.134719670821937
529.0 24.606807818939807 23.13529459087366
529.5 24.609268790432523 23.135872364934116
530.0 24.611710452821395 23.13644783723361
530.5 24.614169126785686 23.137020919926535
531.0 24.616622503130454 23.137602548366424
531.5 24.619071523203658 23.13816724233986
532.0 24.621536963751932 23.138735758671128
532.5 24.623966129712866 23.13931012002151
533.0 24.62641896454216 23.139879929824694
533.5 24.628856442763997 23.140449334327556
534.0 24.631285682910967 23.14101231675323
534.5 24.6337330819077 23.141590345183047
535.0 24.63617168880923 23.142150921963935
535.5 24.638609167800603 23.14271792393519
536.0 24.6410357749263 23.14327429857784
536.5 24.643461018949978 23.143837609294575
537.0 24.645879245613035 23.144406487073358
537.5 24.64830610138451 23.144961957397886
538.0 24.65071404530345 23.145529300343306
538.5 24.6531662320948 23.14608175159302
539.0 24.655595059327556 23.146633070601915
539.5 24.65798005584954 23.147190850774226
540.0 24.66040842885874 23.14775438880773
540.5 24.662803980183448 23.148307284812443
541.0 24.665226091046137 23.148853952709793
541.5 24.667632159118345 23.14941468155412
542.0 24.670026074934857 23.14997137361381
542.5 24.672448279682865 23.150515954098374
543.0 24.674846781841072 23.151060732495598
543.5 24.677254878418356 23.15161278540495
544.0 24.6796611771251 23.15216779143441
544.5 24.682039652098794 23.152708681142457
545.0 24.68444631824735 23.153265182761565
545.5 24.68684687933173 23.153806322420557
546.0 24.689227755243802 23.154342545735904
546.5 24.69160717982185 23.154890521745173
547.0 24.693992120085202 23.155429322141366
547.5 24.696396858905693 23.15597915680152
548.0 24.698761262452873 23.156507691100696
548.5 24.701143622726697 23.15705703499504
549.0 24.703534031938435 23.157601380317942
549.5 24.705890501604152 23.158132406878828
550.0 24.708258564269737 23.158665845221034
550.5 24.710639042249806 23.159203658463273
551.0 24.712995611946823 23.1597401589827
551.5 24.71535735737953 23.16027239365589
552.0 24.717727416880738 23.160797496947016
552.5 24.720092566320524 23.16133527514433
553.0 24.72243084478123 23.16186490653393
553.5 24.72476692247914 23.162392380200735
554.0 24.72712226216582 23.162927748228398
554.5 24.729463275239038 23.163450832860846
555.0 24.731799494066557 23.16398101871885
555.5 24.734132403301643 23.164483721788223
556.0 24.736466752757543 23.165019170996743
556.5 24.73877935796242 23.165543664071677
557.0 24.741116836094825 23.166053875441293
557.5 24.743444576293435 23.16658444516373
558.0 24.745731994722945 23.16710985035813
558.5 24.748058076794152 23.16761510904908
559.0 24.750374634349566 23.168143592161034
559.5 24.752664393889138 23.16865265715412
560.0 24.75498088995387 23.16916273230109
560.5 24.757253000556414 23.169689955738704
561.0 24.759543527201515 23.170191763683935
561.5 24.761835960535482 23.170702315942783
562.0 24.764130614150645 23.171207217356617
562.5 24.766406639950375 23.171718464932376
563.0 24.768672213048024 23.17222099138512
563.5 24.770941098686123 23.17273981803085
564.0 24.773190275354384 23.173229498202595
564.5 24.775457275005287 23.173741629986303
565.0 24.77770814270665 23.17423373011726
565.5 24.779959345689242 23.17473430967454
566.0 24.78220302261007 23.175241797951934
566.5 24.78441632574166 23.175731408053597
567.0 24.786655058377093 23.176226719318947
567.5 24.78887562448837 23.176722333998523
568.0 24.79110746090383 23.177213189474138
568.5 24.79329419027584 23.177709713539755
569.0 24.79552783085381 23.178202318479304
569.5 24.797735052102023 23.17868633350149
570.0 24.799911720850684 23.179180899553387
570.5 24.80209002316352 23.179657077624253
571.0 24.804275812958686 23.180139174558782
571.5 24.80643763730841 23.18060814352268
572.0 24.80858446486255 23.181097216523323
572.5 24.81072345449881 23.181570773969487
573.0 24.81287688290113 23.18203596592275
573.5 24.815024189659848 23.182520598741586
574.0 24.81713939148902 23.1829806669214
574.5 24.819281046901892 23.183446030350755
575.0 24.821363690873607 23.18392130427613
575.5 24.823463953140884 23.184378513621443
576.0 24.825556198688123 23.184835642776562
576.5 24.827652358051818 23.185309083343473
577.0 24.829734014866055 23.185758459519977
577.5 24.83183100691552 23.18621279591241
578.0 24.833866888618516 23.186676762982117
578.5 24.83590567934796 23.18712431710854
579.0 24.83798200753872 23.187573214381775
579.5 24.840027625709176 23.188024947782417
580.0 24.8420806783964 23.188481440215142
580.5 24.84413054988396 23.188924502872798
581.0 24.846146105052984 23.189372196345715
581.5 24.848161528101652 23.189820883048764
582.0 24.85017996374384 23.190255072402497
582.5 24.852227242378756 23.1907173025086
583.0 24.85422386412118 23.191158289634476
583.5 24.856226218400202 23.19160655928751
584.0 24.85822903576811 23.192035832679544
584.5 24.860220158114032 23.192476910524917
585.0 24.86222218120769 23.19292102111355
585.5 24.864211562617008 23.193362186866395
586.0 24.866213273268272 23.193807232476722
586.5 24.868188915674807 23.194243836674598
587.0 24.870165814759076 23.19468250472002
587.5 24.872135425075076 23.19512375721004
588.0 24.874127213508267 23.19555566112633
588.5 24.876075497747255 23.195995884245143
589.0 24.878043941431834 23.196435917531268
589.5 24.88002771910128 23.196874832995668
590.0 24.8819864367324 23.197309156608178
590.5 24.883957657153033 23.197745973048196
591.0 24.885913537288296 23.19819462970176
591.5 24.887890757577992 23.19862934269494
592.0 24.889831977892676 23.199071924631802
592.5 24.891790103408887 23.19949790691922
593.0 24.89375092996695 23.19994046294056
593.5 24.89570464820904 23.2003810930049
594.0 24.897649765131312 23.200817201344627
594.5 24.899608233943603 23.20126692359745
595.0 24.9015434297598 23.201701327919075
595.5 24.903524533495165 23.202142087109188
596.0 24.90548280794041 23.20258948525624
596.5 24.907432037159566 23.203032841941116
597.0 24.90939007065377 23.203469813790342
597.5 24.91135002116988 23.203915892802772
598.0 24.913331429377955 23.204365990838312
598.5 24.915285727106014 23.204819521920463
599.0 24.917220399731107 23.205263183832372
599.5 24.919238779411316 23.205719095685943
600.0 24.92117576488099 23.206159400402562
600.5 24.923133532582455 23.206619344189257
601.0 24.925123075278055 23.207062078543434
601.5 24.92709289661713 23.207515446110722
602.0 24.929041544283432 23.20796405809994
602.5 24.931007558445216 23.208419231706962
603.0 24.93293836631296 23.208878071980152
603.5 24.93488719646644 23.20930589257232
604.0 24.936848465481486 23.209772661615837
604.5 24.938751405009995 23.21020875188402
605.0 24.94069973245404 23.21066287642672
605.5 24.942618188948515 23.21109981796322
606.0 24.944562359370856 23.21155927823942
606.5 24.946465645333525 23.21199997657663
607.0 24.94837731139615 23.212444809358892
607.5 24.95028129446791 23.212893590060762
608.0 24.95220071610897 23.213328488107056
608.5 24.954106147960506 23.21377896065254
609.0 24.956000328172244 23.214222318847177
609.5 24.957893564416118 23.21466064919935
610.0 24.95978899326684 23.215105352110438
610.5 24.96168948096323 23.21556022963721
611.0 24.96357179449214 23.21600344740416
611.5 24.965462114311244 23.216444243670495
612.0 24.96735963805657 23.216883232265314
612.5 24.969236767456223 23.217321893493835
613.0 24.9711060297776 23.217770491588613
613.5 24.972984792687726 23.21821230603794
614.0 24.974863028259172 23.218662060588017
614.5 24.976739892856568 23.219117652301225
615.0 24.978615524982267 23.219549289610978
615.5 24.980477465818666 23.22000044907119
616.0 24.982350731811703 23.220438887955734
616.5 24.984228426471212 23.220894319302275
617.0 24.986084620059394 23.221337571646462
617.5 24.98795916526168 23.221791649671278
618.0 24.989809497613116 23.22224085409581
618.5 24.9916787754399 23.222686161809392
619.0 24.993543009476294 23.22312400064029
619.5 24.99542472982272 23.22358865670718
620.0 24.997252177668674 23.224032098873106
620.5 24.999135645963385 23.224485471140355
621.0 25.001002830970187 23.224933373789085
621.5 25.002857655941778 23.225387567445857
622.0 25.004724750523685 23.22584421536146
622.5 25.006585698057716 23.22630008333276
623.0 25.00845782467465 23.226755676949054
623.5 25.01033817813276 23.22720402614694
624.0 25.012182599400525 23.22766055711356
624.5 25.01405939577046 23.22813329929626
625.0 25.015924027964964 23.228585561620676
625.5 25.017803873019027 23.229058747444114
626.0 25.019676091560086 23.229519908910987
626.5 25.021554425274587 23.229975695438657
627.0 25.023433786635078 23.230445924654376
627.5 25.025332415283117 23.230920689458138
628.0 25.027186747297662 23.231381833067214
628.5 25.029080184380675 23.231846893481762
629.0 25.03098280224539 23.232318772370476
629.5 25.0328664951435 23.232785180991996
630.0 25.034748986196547 23.2332752413377
630.5 25.036637725470015 23.23375112927136
631.0 25.03854597932372 23.23423026084062
631.5 25.04045319313862 23.234703749161547
632.0 25.042335272900505 23.235188816938003
632.5 25.04426957374658 23.235668568826767
633.0 25.046172864045605 23.23615379609754
633.5 25.048088712807328 23.236650380826468
634.0 25.050003481429396 23.237133061460472
634.5 25.05190642680509 23.237620303388454
635.0 25.05384693998305 23.238108151378594
635.5 25.05576933430347 23.23859878483145
636.0 25.057685337551952 23.239095147019402
636.5 25.05960721082117 23.239580139329753
637.0 25.061520677821584 23.24007771516193
637.5 25.063419490515727 23.240569506963638
638.0 25.06536654567059 23.241059218769706
638.5 25.06729633508872 23.241557067163665
639.0 25.069197984931968 23.242050682860015
639.5 25.0711330606382 23.242552659017747
640.0 25.07305981309138 23.243042443245017
640.5 25.074984780311485 23.243552139946665
641.0 25.07691632843884 23.24404804976046
641.5 25.07885890482814 23.244557735466636
642.0 25.080778894008972 23.245062800930945
642.5 25.082700495635034 23.245557704450185
643.0 25.084657766755598 23.246061627705473
643.5 25.086557342807637 23.246570512460654
644.0 25.088496755788583 23.247072514934995
644.5 25.090433885546048 23.2475847731669
645.0 25.092342795149825 23.248092897226023
645.5 25.094314599525003 23.248603480295497
646.0 25.09623556649843 23.249108161900146
646.5 25.09815557648974 23.249631783205253
647.0 25.100081766747596 23.25014163616398
647.5 25.102029686666416 23.250643569587606
648.0 25.103966843975417 23.251164750983342
648.5 25.10587137770125 23.251684963138196
649.0 25.107845834609943 23.25220179656214
649.5 25.109756214893824 23.252721874469128
650.0 25.111684876541215 23.253235136182493
650.5 25.11364645882521 23.25375702099198
651.0 25.115566649661435 23.254284024887177
651.5 25.11752319844456 23.2547983752237
652.0 25.119450740314832 23.25532162695322
652.5 25.121368631151853 23.255851354536624
653.0 25.123295657570942 23.256356223485824
653.5 25.12523987625955 23.256900321292022
654.0 25.127152879318885 23.25742575217094
654.5 25.129110261897534 23.257938647910997
655.0 25.131033949420992 23.258474198740462
655.5 25.132979444981572 23.25900122020306
656.0 25.134906688930876 23.259533913752335
656.5 25.136860728257258 23.260059373550078
657.0 25.13878643550076 23.260604701686894
657.5 25.14071121890748 23.261132603867125
658.0 25.142649046789955 23.261664692002213
658.5 25.144558450827553 23.26220454505951
659.0 25.14650753161961 23.26274058132224
659.5 25.14843376126909 23.2632666985047
660.0 25.150377613652537 23.2638052894551
660.5 25.152316882221047 23.26434904906057
661.0 25.154240516691146 23.264895936060213
661.5 25.15618738424471 23.265429091914438
662.0 25.158106327889328 23.26596639967825
662.5 25.16001078506354 23.266511404457937
663.0 25.161975747677428 23.267066104965338
663.5 25.16389084718824 23.26758969080386
664.0 25.165813650444754 23.268138154972743
664.5 25.167746373617284 23.268690092657746
665.0 25.169660230351525 23.269243369751035
665.5 25.171595391253312 23.269777919239353
666.0 25.173519094543295 23.270332862442014
666.5 25.17545861646187 23.27088897182025
667.0 25.177376469194698 23.27143704313451
667.5 25.179286213715493 23.271982709954262
668.0 25.18124923258256 23.272532299185986
668.5 25.183137548223765 23.273096801048343
669.0 25.185090700039936 23.273649473553938
669.5 25.1870143029874 23.274207146830584
670.0 25.188937385373997 23.27475837025471
670.5 25.190860273592573 23.275319666329377
671.0 25.192815720927854 23.275876886815666
671.5 25.194717497875807 23.27643871628834
672.0 25.19668185738712 23.27699695493117
