FastTrWP/PhaseSpace/IAs/snIa_0.55_30.00_2.69_0.02.csv
# %ECSV 0.9
# ---
# datatype:
# - {name: time-rel, datatype: float64}
# - {name: g, datatype: float64}
# - {name: i, datatype: float64}
# schema: astropy-2.0
time-rel g i
[from data line 714]
-136.00000000000006 23.616836201927676 22.47568064982401
-135.5 23.615337838068186 22.474603354168295
-135.0 23.613864915802072 22.473534841348002
-134.50000000000006 23.612369059958816 22.47246670498727
-134.0 23.610917324578267 22.47139259376397
-133.5 23.60943781615824 22.4703397068986
-133.00000000000006 23.607975826083177 22.46928372398434
-132.5 23.606527994577387 22.468229102488422
-132.0 23.605080301500664 22.467176987502874
-131.50000000000006 23.603637148722495 22.46613028177562
-131.0 23.602203082316233 22.465090911559216
-130.5 23.60077363402152 22.46404873758701
-130.00000000000006 23.599342905355954 22.463019283958108
-129.5 23.597921794355052 22.461991293960153
-129.0 23.596511518996547 22.460955433531666
-128.50000000000006 23.595107074525764 22.459940038616672
-128.0 23.593696747975173 22.458917648325553
-127.5 23.592314482540807 22.45791304404147
-127.00000000000006 23.59091124831707 22.456900142399682
-126.5 23.589553674237994 22.45589259495012
-126.0 23.588163726896603 22.454890774981312
-125.50000000000006 23.58680506908081 22.45389516297459
-125.0 23.585440764070036 22.452904347744187
-124.5 23.584077926793153 22.451918047280643
-124.00000000000006 23.58273052232638 22.450937482542813
-123.5 23.581392686656567 22.449958227716746
-123.0 23.580057313614073 22.44897546086733
-122.50000000000006 23.578738268357956 22.448013771446675
-122.0 23.577417243890764 22.447044141894935
-121.5 23.576097997706317 22.44607853668624
-121.00000000000006 23.57480387995419 22.445126042341464
-120.5 23.573496036403373 22.444166662065918
-120.0 23.57220802281237 22.443212428508602
-119.50000000000006 23.570928282686204 22.442273693278956
-119.0 23.569635174781425 22.441329061929135
-118.5 23.568385939178302 22.440393283645655
-118.00000000000006 23.567116662842473 22.43946312934252
-117.5 23.565857196067487 22.438534273064054
-117.0 23.564604789863722 22.437613283556
-116.50000000000006 23.563356257516446 22.43668996974796
-116.0 23.56213639937389 22.4357801053784
-115.5 23.560913252755388 22.434867028075104
-115.00000000000006 23.55969128677709 22.43396537671024
-114.5 23.558479133999608 22.433059257085613
-114.0 23.55728213590694 22.432157904524907
-113.50000000000006 23.556076290537916 22.431274705370747
-113.0 23.554888425620533 22.430386947836322
-112.5 23.55370982499727 22.429494540144855
-112.00000000000006 23.552522858133976 22.42862232512152
-111.5 23.551339021797023 22.427742035237713
-111.0 23.550182720376483 22.426867005085263
-110.50000000000006 23.549029403114222 22.425993009690846
-110.0 23.54785629758529 22.42512766576004
-109.5 23.54670896544039 22.424261195430315
-109.00000000000006 23.5455579132322 22.42340729503035
-108.5 23.544416317237562 22.422544718383456
-108.0 23.543291887296228 22.421695442729664
-107.50000000000006 23.542157308092303 22.420844776889005
-107.0 23.541025137616224 22.42000457562981
-106.5 23.53990714742163 22.419152443302952
-106.00000000000006 23.538802247773877 22.418321788084107
-105.5 23.53769405811351 22.417482033473593
-105.0 23.53658560502759 22.416660772793744
-104.50000000000006 23.53549449195863 22.4158266677006
-104.0 23.534386035034828 22.415008270068356
-103.5 23.533306233296578 22.414184427893957
-103.00000000000006 23.532227849464917 22.413370611488922
-102.5 23.53114673270639 22.412552137920514
-102.0 23.530079525690372 22.411745302382485
-101.50000000000006 23.52902657866053 22.410936326154186
-101.0 23.52795850920272 22.410140446460005
-100.5 23.52690379742103 22.409338296186117
-100.00000000000006 23.525857064339935 22.408549154991913
-99.5 23.524822837232918 22.407756168056245
-99.0 23.52378551568185 22.406973373796802
-98.50000000000006 23.522757033397586 22.406187094687965
-98.0 23.521736007843636 22.40540476924493
-97.5 23.52071422875764 22.404631119866302
-97.00000000000006 23.51969467244534 22.403860993756723
-96.5 23.51868502263466 22.403093452203954
-96.0 23.517687100961876 22.40233182983916
-95.50000000000006 23.51668370014056 22.401570008172932
-95.0 23.515682322448384 22.400814672740918
-94.5 23.51469757280615 22.400057440276406
-94.00000000000006 23.513723955011926 22.399307008754732
-93.5 23.512749148950874 22.39856326927373
-93.0 23.51178036453684 22.397819270888185
-92.50000000000006 23.510810158706082 22.397086590238228
-92.0 23.509855221572266 22.396349307114328
-91.5 23.508901594109616 22.395626561700382
-91.00000000000006 23.507951539853487 22.39489526752259
-90.5 23.507029409760108 22.394175224501026
-90.0 23.506083653343786 22.39345378098028
-89.50000000000006 23.505158657200806 22.392745226869263
-89.0 23.50422485380374 22.39202595224991
-88.5 23.503315643038633 22.3913211113752
-88.00000000000006 23.502401325774418 22.39061442087181
-87.5 23.501493181635176 22.389915344021777
-87.0 23.50058924858097 22.38922402985557
-86.50000000000006 23.49969106960937 22.38853212043468
-86.0 23.498811129638444 22.387837754048682
-85.5 23.497924454480756 22.38715640538851
-85.00000000000006 23.497054735926007 22.386475931762874
-84.5 23.49616454938504 22.385807198189326
-84.0 23.495307823071037 22.38512742870403
-83.50000000000006 23.494437339568638 22.38446182126005
-83.0 23.493587987622945 22.383794601578813
-82.5 23.49273813079933 22.38313178511622
-82.00000000000006 23.491901857273866 22.382480926837047
-81.5 23.491058631127544 22.38182701464966
-81.0 23.49022557015884 22.38117122560924
-80.50000000000006 23.489403868706802 22.38053085054643
-80.0 23.48857794363111 22.37988509829912
-79.5 23.487750641566105 22.379252435288215
-79.00000000000006 23.486956786797876 22.378623811765014
-78.5 23.48614621429232 22.377990492174806
-78.0 23.485346032381514 22.377368992808982
-77.50000000000006 23.484560899296852 22.37674248051725
-77.0 23.483766315702546 22.376124362041235
-76.5 23.48299075797213 22.375512381369095
-76.00000000000006 23.48221179558014 22.374904586634674
-75.5 23.48144578676303 22.374292409333464
-75.0 23.4806695928153 22.373692744156322
-74.50000000000006 23.479903607158725 22.3730870267336
-74.0 23.479136959193724 22.37249720739157
-73.5 23.4783991213909 22.371897470880747
-73.00000000000006 23.477650783467297 22.371308713302124
-72.5 23.476925370876415 22.370725438577182
-72.0 23.476160640186727 22.37013412860562
-71.50000000000006 23.475442903714324 22.36955773734509
-71.0 23.474706131169807 22.36898392931398
-70.5 23.473991717097253 22.368407745908723
-70.00000000000006 23.47327574433549 22.367838246384263
-69.5 23.472557671931437 22.36726600225742
-69.0 23.47184175755799 22.366701784277595
-68.50000000000006 23.47115284023382 22.366143538383156
-68.0 23.47045531364184 22.36558481071835
-67.5 23.469755243271834 22.365030221306654
-67.00000000000006 23.46905604284361 22.36448422323392
-66.5 23.46837543051706 22.36394454153368
-66.0 23.467706951304024 22.363401773890942
-65.50000000000006 23.467031397956184 22.362848847005704
-65.0 23.46636285410493 22.362314741747184
-64.5 23.46570372189523 22.36178241789799
-64.00000000000006 23.46504234044128 22.36125366002357
-63.5 23.464388326904427 22.36073315962607
-63.0 23.463746139854255 22.36020713251238
-62.50000000000006 23.463100812555773 22.3596945777011
-62.0 23.46246125064002 22.359180240990483
-61.5 23.461828188111266 22.358666403001585
-61.0 23.461198413633962 22.358157773929985
-60.5 23.460588839314923 22.357657114997643
-60.0 23.459974668736688 22.35715425497152
-59.5 23.45935084633 22.35665349936721
-59.0 23.458745722275776 22.356158570490745
-58.5 23.4581490489661 22.355678055719853
-58.0 23.45754702033471 22.355193379424843
-57.5 23.45695873402402 22.35471138826147
-57.0 23.456369362295327 22.35422558085315
-56.5 23.455793194794715 22.353757094453783
-56.0 23.455227449129946 22.353277365529458
-55.5 23.454652399617203 22.352816026453727
-55.0 23.454091013274706 22.352357760644587
-54.5 23.453532482167386 22.351891630057608
-54.0 23.452988647005938 22.35143390169838
-53.5 23.452440378138853 22.350986269260567
-53.0 23.451885378990106 22.35054009163975
-52.5 23.451361825621042 22.350098373070214
-52.0 23.45082540641411 22.34965432290698
-51.5 23.45029849409797 22.349205958792794
-51.0 23.449786885619 22.348786240940456
-50.5 23.449261447265176 22.348357549097532
-50.0 23.448756986591945 22.34793147371064
-49.5 23.44824820111182 22.347507901851547
-49.0 23.447763150945903 22.347089137350977
-48.5 23.447259832329152 22.346673719995085
-48.0 23.446779614156902 22.346266960006318
-47.5 23.44630237425845 22.34584892980574
-47.0 23.44581597582634 22.34545956138778
-46.5 23.44535914732965 22.345061505016286
-46.0 23.444886340457973 22.344664873599484
-45.5 23.444426815825206 22.34427252929435
-45.0 23.443982657762213 22.343893190817244
-44.5 23.4435309434809 22.34350647881936
-44.0 23.443099661838403 22.34313084946105
-43.5 23.442659998806885 22.34275804465487
-43.0 23.442234444054748 22.3423842420215
-42.5 23.441800170678277 22.342015478167365
-42.0 23.44138328994442 22.341659573007266
-41.5 23.44097232191194 22.341301127269148
-41.0 23.440563397898153 22.340946209397927
-40.5 23.440167284299676 22.34059606523807
-40.0 23.439770411895104 22.3402482509914
-39.5 23.439381191483207 22.33990898744251
-39.0 23.439001003464583 22.339577927810236
-38.5 23.438615774932305 22.33924163870295
-38.0 23.43825579031668 22.338908973280475
-37.5 23.437890381087648 22.33859121058781
-37.0 23.437521370860857 22.33827288875329
-36.5 23.437165728160153 22.33796356789235
-36.0 23.43683200319937 22.337652045925182
-35.5 23.43649509303104 22.33734799823879
-35.0 23.436158237937043 22.337046536639946
-34.5 23.435812739381426 22.336748107015552
-34.0 23.435498977931616 22.336457208806756
-33.5 23.435185681617522 22.336166737876944
-33.0 23.43487105074996 22.33588559734468
-32.5 23.434559802086035 22.33561098486147
-32.0 23.434252839557907 22.335327625908484
-31.5 23.433967227333838 22.335061458535517
-31.0 23.433668302085408 22.334791493268344
-30.5 23.433380704273073 22.33452434813492
-30.0 23.4331081476107 22.33427153410636
-29.5 23.432833626023132 22.334021799767566
-29.0 23.432557326125803 22.333767772695325
-28.5 23.432291772066467 22.333523376443893
-28.0 23.432036838391987 22.333274937044504
-27.5 23.431787807684902 22.333032884739264
-27.0 23.431539705248852 22.332798476932503
-26.5 23.431295360124444 22.33256210942477
-26.0 23.43104869161065 22.332337163366994
-25.5 23.43083102974958 22.332110849536278
-25.0 23.43060111988928 22.33189182137599
-24.5 23.430374273728184 22.331671361270654
-24.0 23.430167049537822 22.331455542288552
-23.5 23.429943774005654 22.331244025031115
-23.0 23.429732419577903 22.33102882432144
-22.5 23.429528395828857 22.330821985994117
-22.0 23.429336319259733 22.330628247259025
-21.5 23.429141070912465 22.330421444544424
-21.0 23.428949502504853 22.33022485913358
-20.5 23.428773871309243 22.330037000612315
-20.0 23.428588770314846 22.329844697004937
-19.5 23.42841650251218 22.32965443535759
-19.0 23.42824434010548 22.329475987534497
-18.5 23.42809474657997 22.32928934097791
-18.0 23.427925612338477 22.329116366174016
-17.5 23.42776468094856 22.328943040349923
-17.0 23.427622279335118 22.328768618267848
-16.5 23.427465840379796 22.32859706350399
-16.0 23.427321586358765 22.328435108377512
-15.5 23.427191705377474 22.328268491375738
-15.0 23.427057656471916 22.32811110256629
-14.5 23.42692265281261 22.327949375487353
-14.0 23.426802512953813 22.32779149479697
-13.5 23.426690961769122 22.327642728146234
-13.0 23.426578994522202 22.327485827379093
-12.5 23.426465667490834 22.327336017649102
-12.0 23.426352169036978 22.32719161757918
-11.5 23.426255172306337 22.327044770005674
-11.0 23.426142847717053 22.3269024053922
-10.5 23.426057953049302 22.32676325495148
-10.0 23.425974249951672 22.3266244631882
-9.5 23.42589118518779 22.326489238152455
-9.0 23.425795366997978 22.326357609528085
-8.5 23.425722844496054 22.32621961300123
-8.0 23.42565120106643 22.326098640807245
-7.5 23.425573569905232 22.325967473069905
-7.0 23.425514237355614 22.325846040736504
-6.5 23.425453280278795 22.325723386269143
-6.0 23.425390729802217 22.32559554327832
-5.5 23.42533994313301 22.325469022877154
-5.0 23.425293840671053 22.325363351670553
-4.5 23.425243172584132 22.32524174100792
-4.0 23.42519837672183 22.32513333236041
-3.5 23.42516387354964 22.325018058854837
-3.0 23.4251222238423 22.324906172172383
-2.5 23.425095173987604 22.32479110374724
-2.0 23.425064198521127 22.32469036859985
-1.5 23.42504145900659 22.32458734504823
-1.0 23.425031922447886 22.32449142133634
-0.5 23.425017326426058 22.32439148459035
0.0 23.425015482669686 22.324308238480974
0.5 23.425017813969063 22.324224211262443
1.0 23.425021712078088 22.324139580904795
1.5 23.42503956324858 22.324062489325872
2.0 23.4250604618168 22.32399020902553
2.5 23.425089064085615 22.3239241807114
3.0 23.425127418539418 22.323855400521833
3.5 23.42515763156635 22.323798507216356
4.0 23.425202604637363 22.323742702043347
4.5 23.42523952105897 22.32369477207842
5.0 23.425299697589303 22.323645603992333
5.5 23.42536122767814 22.32359596902914
6.0 23.425424715894067 22.32354833298964
6.5 23.42549932635545 22.32351758036096
7.0 23.42555634195948 22.323475647494355
7.5 23.425638727643715 22.32344472979065
8.0 23.425722093540603 22.323414407982757
8.5 23.42580803756844 22.323382778831544
9.0 23.425901981541877 22.32336094387653
9.5 23.425996014326476 22.323338344101575
10.0 23.4261001640045 22.323322247127145
10.5 23.42620488071191 22.323303886557145
11.0 23.42631901460749 22.32329213938614
11.5 23.42642925198577 22.323277697403494
12.0 23.426547960882097 22.32327084149842
12.5 23.4266675237648 22.323266041776794
13.0 23.426796914277872 22.323257350863678
13.5 23.42691776716881 22.323249057410113
14.0 23.427058379892024 22.323249592593267
14.5 23.42719600473785 22.32325152475928
15.0 23.42733356349364 22.323250728405746
15.5 23.427472073299036 22.323257180253208
16.0 23.427627126120456 22.323268160046283
16.5 23.427773879460293 22.323273339437794
17.0 23.42793431799408 22.323273993357027
17.5 23.428091955407595 22.32328125545316
18.0 23.42825416912776 22.323294829814557
18.5 23.42843059495463 22.323309159307648
19.0 23.42858825182606 22.323313046344154
19.5 23.428758475813257 22.32333433155901
20.0 23.428933649346362 22.323349493927548
20.5 23.429105817178932 22.32336245058289
21.0 23.42929385807262 22.32337652413683
21.5 23.42947834451667 22.323397357860948
22.0 23.42964867505441 22.32341848456233
22.5 23.429846697014423 22.323431297063827
23.0 23.430040956067696 22.323447880422766
23.5 23.43023784840586 22.323464126152967
24.0 23.430431347539987 22.323484437615978
24.5 23.430638031446797 22.32349694315345
25.0 23.43083132467998 22.323516522371797
25.5 23.431024011531566 22.323531417497577
26.0 23.431226041250284 22.3235435316975
26.5 23.43145277462731 22.323570177597787
27.0 23.43164989283523 22.323581293845585
27.5 23.431857709461184 22.32359296450053
28.0 23.432068628230148 22.323610015950635
28.5 23.432286095467234 22.323623586740773
29.0 23.432499154969626 22.323641716376894
29.5 23.432725662742676 22.323648415409053
30.0 23.432934233439386 22.323660105981205
30.5 23.43315201468471 22.323675116207053
31.0 23.433378400790538 22.323681283416875
31.5 23.433601079152567 22.323697019208296
32.0 23.433822916712135 22.323698518837585
32.5 23.43404564128901 22.32370280388939
33.0 23.434284279663448 22.323704629308203
33.5 23.434488470239607 22.32370270177395
34.0 23.434731303108624 22.323705294945952
34.5 23.434961978435386 22.32370404705336
35.0 23.43518761012936 22.323703437123772
35.5 23.435416685765844 22.323701336978488
36.0 23.435664065872885 22.32369422372596
36.5 23.43589583361064 22.323696166104334
37.0 23.436133941514008 22.323682226711906
37.5 23.436368708808256 22.32368849567244
38.0 23.436617922782407 22.32368621430838
38.5 23.43685800010885 22.3236882185057
39.0 23.43710837390698 22.323682173344835
39.5 23.437352159065853 22.323678668845307
40.0 23.437613477088327 22.3236735538314
40.5 23.437871284283492 22.323679680711578
41.0 23.43813416120945 22.32368249080686
