FastTrWP/PhaseSpace/IAs/snIa_0.47_30.00_-0.38_0.08.csv
# %ECSV 0.9
# ---
# datatype:
# - {name: time-rel, datatype: float64}
# - {name: g, datatype: float64}
# - {name: i, datatype: float64}
# schema: astropy-2.0
time-rel g i
[from data line 2302]
1356.4166666666667 25.84841807170295 23.195481584667434
1356.9166666666667 25.850040828371075 23.196211763190952
1357.4166666666667 25.85169537954805 23.196945389907548
1357.9166666666667 25.85331430385168 23.197675584932735
1358.4166666666667 25.854981233891245 23.198406346445147
1358.9166666666667 25.856601585738645 23.199145317208053
1359.4166666666667 25.858276846727833 23.199875036355785
1359.9166666666667 25.859934704912654 23.20060331739123
1360.4166666666667 25.86156065282875 23.20135060234504
1360.9166666666667 25.863222519602047 23.202083062589157
1361.4166666666667 25.86490940042212 23.202821585084827
1361.9166666666667 25.86655610119552 23.203555225484177
1362.4166666666667 25.868226141075993 23.204283640588596
1362.9166666666667 25.86987295361339 23.205020107165314
1363.4166666666667 25.871516855806185 23.205755067240297
1363.9166666666667 25.873193115210672 23.206485244171574
1364.4166666666667 25.874851700729884 23.207223691262406
1364.9166666666667 25.876522415235943 23.20795160825655
1365.4166666666667 25.878180608160818 23.208686884947905
1365.9166666666667 25.879872901922667 23.20942525773457
1366.4166666666667 25.881539852707505 23.21016572070489
1366.9166666666667 25.88324134853639 23.210897114676886
1367.4166666666667 25.884873675937673 23.211637549269888
1367.9166666666667 25.886584539403085 23.212371310277263
1368.4166666666667 25.888271840181435 23.213118485056903
1368.9166666666667 25.889955238904975 23.21384214392217
1369.4166666666667 25.89164621473318 23.214575242703823
1369.9166666666667 25.893338851639506 23.215313414424507
1370.4166666666667 25.895012725358995 23.216052621280294
1370.9166666666667 25.896701823160946 23.216789499268472
1371.4166666666667 25.898365541825683 23.21752422139069
1371.9166666666667 25.90007377370272 23.218268002925655
1372.4166666666667 25.901765186410923 23.219002136635027
1372.9166666666667 25.903488654511943 23.219748065165973
1373.4166666666667 25.905182556763386 23.22047649623469
1373.9166666666667 25.906876829421254 23.221212161869666
1374.4166666666667 25.90857547640304 23.221951832754097
1374.9166666666667 25.910302902738426 23.222691225187987
1375.4166666666667 25.912044851908213 23.223411970571345
1375.9166666666667 25.91372448106606 23.224168859351305
1376.4166666666667 25.91545005302603 23.22490369832192
1376.9166666666667 25.917183135749294 23.225643958261124
1377.4166666666667 25.918915072448222 23.22637841325116
1377.9166666666667 25.920599566703864 23.22712255047297
1378.4166666666667 25.922336407395274 23.22785312822046
1378.9166666666667 25.92403252506074 23.22860031947907
1379.4166666666667 25.925800142570456 23.22933910078206
1379.9166666666667 25.92751660274746 23.230075961230597
1380.4166666666667 25.929241977168438 23.23081866110975
1380.9166666666667 25.93094814607835 23.231541251866084
1381.4166666666667 25.932691518795107 23.232292971800202
1381.9166666666667 25.93441485461311 23.23302764302714
1382.4166666666667 25.936166126809663 23.233768490186463
1382.9166666666667 25.93790400704537 23.234507073257177
1383.4166666666667 25.93962398843295 23.23524680774858
1383.9166666666667 25.94135384696379 23.23599250908011
1384.4166666666667 25.943102309313495 23.23673305250808
1384.9166666666667 25.944823378508055 23.237459059176487
1385.4166666666667 25.94659501707777 23.23820064201493
1385.9166666666667 25.948335773743132 23.238942572485538
1386.4166666666667 25.95007556127983 23.239682009963687
1386.9166666666667 25.951832132224204 23.24042820360317
1387.4166666666667 25.95355597885146 23.24115582599612
1387.9166666666667 25.955331366754884 23.241899842475178
1388.4166666666667 25.957101389714552 23.242638239503314
1388.9166666666667 25.9588409726563 23.243368736056418
1389.4166666666667 25.960600381521925 23.244113246167935
1389.9166666666667 25.96234938180571 23.244845848224127
1390.4166666666667 25.964113116772786 23.245587131502113
1390.9166666666667 25.9658673295116 23.246332416643476
1391.4166666666667 25.967625726032665 23.24706839187845
1391.9166666666667 25.96941030109975 23.24780755265074
1392.4166666666667 25.971170047058063 23.2485439582195
1392.9166666666667 25.97292537580186 23.249274172599055
1393.4166666666667 25.974719456260303 23.25001445656845
1393.9166666666667 25.976462600218788 23.250755903973396
1394.4166666666667 25.978240993487255 23.25149142935882
1394.9166666666667 25.980004941518846 23.252239021192423
1395.4166666666667 25.981796913510337 23.25296895564876
1395.9166666666667 25.983575071552764 23.25371052905327
1396.4166666666667 25.985320393251605 23.254442565642243
1396.9166666666667 25.987109829028917 23.255180698914415
1397.4166666666667 25.988910790587752 23.255915139392478
1397.9166666666667 25.990678003938477 23.25665681676112
1398.4166666666667 25.992455397387594 23.257385915084843
1398.9166666666667 25.99424633969481 23.258122220537153
1399.4166666666667 25.996039652238547 23.258865596147942
1399.9166666666667 25.997834594340734 23.25958677479732
1400.4166666666667 25.99960922937333 23.26032628335939
1400.9166666666667 26.001382868726274 23.261063966150317
1401.4166666666667 26.00323711994855 23.261790862032313
1401.9166666666667 26.004998870317987 23.262527862744797
1402.4166666666667 26.00681544483884 23.263265524900326
1402.9166666666667 26.0086439470393 23.263998269571783
1403.4166666666667 26.010420724992688 23.26472506152062
1403.9166666666667 26.0122462031745 23.265472735244987
1404.4166666666667 26.01405758068711 23.266199639046366
1404.9166666666667 26.01586801452823 23.266923559412884
1405.4166666666667 26.01769675608572 23.267662398091286
1405.9166666666667 26.019506828395752 23.268392545299527
1406.4166666666667 26.021332908193298 23.269126281931474
1406.9166666666667 26.02319332521091 23.269852933430705
1407.4166666666667 26.025043823325312 23.270590608167954
1407.9166666666667 26.026860960895355 23.27132087646101
1408.4166666666667 26.028691298545795 23.272047294281162
1408.9166666666667 26.030543325163976 23.272780738121035
1409.4166666666667 26.032375760346284 23.273520196448366
1409.9166666666667 26.034195708149923 23.27424000244424
1410.4166666666667 26.036030324100764 23.27497600073793
1410.9166666666667 26.03788485943028 23.275710287074624
1411.4166666666667 26.03973017014561 23.276436219127557
1411.9166666666667 26.041587298969894 23.277167473743287
1412.4166666666667 26.04343988192206 23.277900494208104
1412.9166666666667 26.045305128432478 23.27862419860267
