FastTrWP/PhaseSpace/IAs/snIa_0.4_25_1_0.1.csv
# %ECSV 0.9
# ---
# datatype:
# - {name: time-rel, datatype: float64}
# - {name: g, datatype: float64}
# - {name: i, datatype: float64}
# schema: astropy-2.0
time-rel g i
[from data line 2583]
1271.3125 -24.6036092506869 -26.881298066544474
1271.8125 -24.601809963815192 -26.880714251087955
1272.3125 -24.599979625076635 -26.880141420865318
1272.8125 -24.598163386511573 -26.879550043946704
1273.3125 -24.596369639013467 -26.878962438090262
1273.8125 -24.594570909734315 -26.878386097385757
1274.3125 -24.592747775168494 -26.877803985915072
1274.8125 -24.59094573177643 -26.877220968411436
1275.3125 -24.589131501721937 -26.876645812851287
1275.8125 -24.587332146614692 -26.876064662087813
1276.3125 -24.58552337895864 -26.875492914366077
1276.8125 -24.58374356889811 -26.874897086904742
1277.3125 -24.581950565809127 -26.874317016398738
1277.8125 -24.580102815794703 -26.873738968856934
1278.3125 -24.578318979550218 -26.87315980834356
1278.8125 -24.57650471266023 -26.872581536202937
1279.3125 -24.574697580169715 -26.871997612753407
1279.8125 -24.57291954164573 -26.871420842969705
1280.3125 -24.571106357992768 -26.870836166861398
1280.8125 -24.56931823227444 -26.870262845891496
1281.3125 -24.567510730946566 -26.86968010716734
1281.8125 -24.565740906866044 -26.86909913196224
1282.3125 -24.563915026526033 -26.868529841553762
1282.8125 -24.562121900499683 -26.867941730845544
1283.3125 -24.56030088152643 -26.867358314017512
1283.8125 -24.55849546460724 -26.86677971962557
1284.3125 -24.556721969364645 -26.866199765374365
1284.8125 -24.554901194189803 -26.86561918392608
1285.3125 -24.553129051269828 -26.865046330054238
1285.8125 -24.55130996284116 -26.864456411440973
1286.3125 -24.549530988041877 -26.86388605884513
1286.8125 -24.547734630446293 -26.863310691110417
1287.3125 -24.54594564970687 -26.86273048097638
1287.8125 -24.54417419684711 -26.862146618806815
1288.3125 -24.542370498053057 -26.861576860728775
1288.8125 -24.54057774295076 -26.86099794015995
1289.3125 -24.5387875406565 -26.860414521645176
1289.8125 -24.53703374600936 -26.8598402330232
1290.3125 -24.53524825639773 -26.859265456726547
1290.8125 -24.533414359379968 -26.85868365308137
1291.3125 -24.53167376778064 -26.858109534779683
1291.8125 -24.52989957453515 -26.85752976013369
1292.3125 -24.528114730119277 -26.85695645704781
1292.8125 -24.52633201310645 -26.85637678162331
1293.3125 -24.52455321856938 -26.855804666781104
1293.8125 -24.522771490706653 -26.855223056353324
1294.3125 -24.52101029550024 -26.85464945329506
1294.8125 -24.519211513204308 -26.854076044412125
1295.3125 -24.517470129911526 -26.85348970149585
1295.8125 -24.51568780571069 -26.852926510005346
1296.3125 -24.513927445868006 -26.852351115963316
1296.8125 -24.512163469624987 -26.85177948709984
1297.3125 -24.510379808190667 -26.851204977049967
1297.8125 -24.50863316722367 -26.850634229096165
1298.3125 -24.506851154066677 -26.850058048805877
1298.8125 -24.505112678433925 -26.849475375044115
1299.3125 -24.503332574735687 -26.848902539461967
1299.8125 -24.501586366357397 -26.848329282651093
1300.3125 -24.49981749977054 -26.847752273850954
1300.8125 -24.498056894905645 -26.847178910131465
1301.3125 -24.49629141246344 -26.8466150850004
1301.8125 -24.49457187642018 -26.846032402191845
1302.3125 -24.49280306839597 -26.845464729772335
1302.8125 -24.491048124943788 -26.844893038459205
1303.3125 -24.489296004116937 -26.844324007919262
1303.8125 -24.48753771392497 -26.84374722680071
1304.3125 -24.485796948836224 -26.843178756234845
1304.8125 -24.484052441560557 -26.84260604881571
1305.3125 -24.482310260265404 -26.842035748267882
1305.8125 -24.480557135808773 -26.841454954530622
1306.3125 -24.478800118774018 -26.84087425249146
1306.8125 -24.477055561166956 -26.840324692669775
1307.3125 -24.475298810209654 -26.839743074959678
1307.8125 -24.473578880282147 -26.839169121901367
1308.3125 -24.47183216629789 -26.838604474883038
1308.8125 -24.470070435008044 -26.83802722350611
1309.3125 -24.468358251726453 -26.83746501906771
1309.8125 -24.466598460996607 -26.83689484068253
1310.3125 -24.46483657430268 -26.836317949426917
1310.8125 -24.463104189546144 -26.835745336683313
1311.3125 -24.46136409934793 -26.835182963295686
1311.8125 -24.459642473336764 -26.834607210710356
1312.3125 -24.45790490748339 -26.834043661198837
1312.8125 -24.456170196375723 -26.83347278798537
1313.3125 -24.45440456136791 -26.832898905991364
1313.8125 -24.452696341267583 -26.832328561695324
1314.3125 -24.450953844017185 -26.831762421350128
1314.8125 -24.449235878820144 -26.831194634629497
1315.3125 -24.447487160001536 -26.830623285273013
1315.8125 -24.445750099544092 -26.830049523401293
1316.3125 -24.444017849049704 -26.8294883085944
1316.8125 -24.442305328417845 -26.82891648602518
1317.3125 -24.44054196573372 -26.82834899677647
1317.8125 -24.438802084155245 -26.827775261187988
1318.3125 -24.437106233451797 -26.827203318153238
1318.8125 -24.43535068698214 -26.82663990701706
1319.3125 -24.433654809718647 -26.826080197333503
1319.8125 -24.431943587826286 -26.825509266817775
1320.3125 -24.4301862164396 -26.824929081982006
1320.8125 -24.428469000224588 -26.824368669720418
1321.3125 -24.42673914536966 -26.82380562647424
1321.8125 -24.424984216740377 -26.823227130428503
1322.3125 -24.42329506397257 -26.82265930084632
1322.8125 -24.421566396025455 -26.822091682241577
1323.3125 -24.41985652851479 -26.821522198082967
1323.8125 -24.418143462790557 -26.820956056337018
1324.3125 -24.41643253419447 -26.820392716313147
1324.8125 -24.414692086869792 -26.819820160886895
1325.3125 -24.413028451838525 -26.819253868902457
1325.8125 -24.411286974715605 -26.818676549679704
1326.3125 -24.409562768182255 -26.818114675607802
1326.8125 -24.407850333631576 -26.81754493751812
1327.3125 -24.406133178217758 -26.81698293441589
1327.8125 -24.404422478152107 -26.81641185723464
1328.3125 -24.402725466707835 -26.815845595738534
1328.8125 -24.40105162266019 -26.81528494109049
1329.3125 -24.399303698640182 -26.814718164255392
1329.8125 -24.397599338311498 -26.814147117400708
1330.3125 -24.395939308680546 -26.813572526437603
1330.8125 -24.394240082222147 -26.813011355601567
1331.3125 -24.39252772315286 -26.81245033770963
1331.8125 -24.390826999040346 -26.81188486734166
1332.3125 -24.389124412607437 -26.811321079411222
1332.8125 -24.387439039958487 -26.810759263415594
1333.3125 -24.385739763446818 -26.810194806103365
1333.8125 -24.384046824634893 -26.80962271474593
1334.3125 -24.382346478196773 -26.809060708561503
1334.8125 -24.380674916944194 -26.80849311172176
1335.3125 -24.378955417762675 -26.80793011153837
1335.8125 -24.377301350028624 -26.807358834748513
1336.3125 -24.375576561595608 -26.80679736687521
1336.8125 -24.373899416267424 -26.80622675208138
1337.3125 -24.372212572496807 -26.80565986435225
1337.8125 -24.370546229573876 -26.80511619670984
1338.3125 -24.368847983766404 -26.804541015462952
1338.8125 -24.36717959527407 -26.80397524925842
1339.3125 -24.365495321850442 -26.80341251347167
1339.8125 -24.363836863944766 -26.802853540461662
1340.3125 -24.36214944894966 -26.8022949749723
1340.8125 -24.360489047995124 -26.801729708643173
1341.3125 -24.358775891605404 -26.80117132096082
1341.8125 -24.357130565865262 -26.800600132746833
1342.3125 -24.355460606830057 -26.800040886154548
1342.8125 -24.35375914309214 -26.799474720792645
1343.3125 -24.352121278418743 -26.79892302480027
1343.8125 -24.35043554846585 -26.798353728454924
1344.3125 -24.34878926611136 -26.797795135502046
1344.8125 -24.347118825911416 -26.797233670399763
1345.3125 -24.345436952583572 -26.79667040549313
1345.8125 -24.34376985889296 -26.796115833365043
1346.3125 -24.34215206601256 -26.795548794160943
1346.8125 -24.340487648711445 -26.794997489520135
1347.3125 -24.338817840177256 -26.794440820489456
1347.8125 -24.33717607194273 -26.793879609307293
1348.3125 -24.335512432719955 -26.793313600755223
1348.8125 -24.333856786406244 -26.792753954957593
1349.3125 -24.332223561719715 -26.79220117187981
1349.8125 -24.330550493414854 -26.791639090666738
1350.3125 -24.328912392176104 -26.791086566912902
1350.8125 -24.32725324872856 -26.790525843553823
1351.3125 -24.325626558372655 -26.78995989006674
1351.8125 -24.323979019112887 -26.78941154622077
1352.3125 -24.32233875638445 -26.78885047090734
1352.8125 -24.32066508483053 -26.78829518110223
1353.3125 -24.319045689019752 -26.78773872602175
1353.8125 -24.317402054673348 -26.787177729289343
1354.3125 -24.31578679443266 -26.786626304216448
1354.8125 -24.314134637827234 -26.78608144892834
1355.3125 -24.31250354799785 -26.78551102229113
1355.8125 -24.31089354217374 -26.78496001802155
1356.3125 -24.309244526081688 -26.78440590134997
1356.8125 -24.307629648436162 -26.783851275116692
1357.3125 -24.305986460054605 -26.783289933533382
1357.8125 -24.304383642007828 -26.78273775726266
1358.3125 -24.302751434394267 -26.782175245016305
1358.8125 -24.30112445074876 -26.78164057549764
1359.3125 -24.299512424469665 -26.78106826421295
1359.8125 -24.29792395156675 -26.780521533513046
1360.3125 -24.296310427949802 -26.77996839008159
1360.8125 -24.29469567948562 -26.77941475512781
1361.3125 -24.293069782273644 -26.778877702628165
1361.8125 -24.291440228439516 -26.778308268273175
1362.3125 -24.2898221876422 -26.77776332360437
1362.8125 -24.288261284891902 -26.777201165694102
1363.3125 -24.286638617080424 -26.77665107676996
1363.8125 -24.285069726449954 -26.77610051202446
1364.3125 -24.28344960526717 -26.775543367101278
1364.8125 -24.28185484457768 -26.775001922378877
1365.3125 -24.280257754604804 -26.774445304650047
1365.8125 -24.27867739434841 -26.773895510256054
1366.3125 -24.27704589567498 -26.773341733416366
1366.8125 -24.275497150216772 -26.77279289559322
1367.3125 -24.273909394124242 -26.772242475101624
1367.8125 -24.272290887741867 -26.771701474235723
1368.3125 -24.270718522130913 -26.771148887068968
1368.8125 -24.269118782789615 -26.770597703603126
1369.3125 -24.26756008571744 -26.770040565765978
1369.8125 -24.266003187746033 -26.7694948027644
1370.3125 -24.26438223246852 -26.768947723839013
1370.8125 -24.26282765634678 -26.768400506108318
1371.3125 -24.261240851091145 -26.767853416619822
1371.8125 -24.259689989801494 -26.76730308452692
1372.3125 -24.258132028140274 -26.766765052461466
1372.8125 -24.256556688015767 -26.76621587617044
1373.3125 -24.254984445473756 -26.765654862186913
1373.8125 -24.25341172393702 -26.765119313273587
1374.3125 -24.25186085425398 -26.764571417286835
1374.8125 -24.25025909154312 -26.7640316762772
1375.3125 -24.24871590082744 -26.76348415650405
1375.8125 -24.24714760635133 -26.76293184204144
1376.3125 -24.24562900784414 -26.76238941397305
1376.8125 -24.24406020826887 -26.761847985622044
1377.3125 -24.242518604488204 -26.761291680321158
1377.8125 -24.24094804010968 -26.760754105447177
1378.3125 -24.239426402513278 -26.76021012232048
1378.8125 -24.237847804941794 -26.75966626290546
1379.3125 -24.236334004703394 -26.75912095461477
1379.8125 -24.234788520139467 -26.758576078441546
1380.3125 -24.233223768193433 -26.75803726697729
1380.8125 -24.23170885221441 -26.75748534807529
1381.3125 -24.230151986842134 -26.756952292534386
1381.8125 -24.22861959792653 -26.75640354279381
1382.3125 -24.227076643905463 -26.75585779441498
1382.8125 -24.225561078202354 -26.755324756427616
1383.3125 -24.223992081731627 -26.754789889887597
1383.8125 -24.222492101946354 -26.754237550370128
1384.3125 -24.22097100335863 -26.753701847819155
1384.8125 -24.21944291366827 -26.753154200106568
1385.3125 -24.217890632307718 -26.752611702698637
1385.8125 -24.216375347171905 -26.752086638999355
1386.3125 -24.21484750157822 -26.75154238469915
1386.8125 -24.21332204107165 -26.750993904629148
1387.3125 -24.21180843381046 -26.750454307995724
1387.8125 -24.21028589664401 -26.749921480577026
1388.3125 -24.208768856249762 -26.749383569411712
1388.8125 -24.20729968482256 -26.748843432371103
1389.3125 -24.205797856685443 -26.74831254431476
1389.8125 -24.204272883113763 -26.74777978001119
1390.3125 -24.202755363788096 -26.74723848107398
1390.8125 -24.201261352100097 -26.746713484617693
1391.3125 -24.199784787974412 -26.746178158763833
1391.8125 -24.198290757116744 -26.745640245943683
1392.3125 -24.19678757257589 -26.7451162182472
1392.8125 -24.19530289960676 -26.744568159141267
1393.3125 -24.193805448219344 -26.74403742701103
1393.8125 -24.192321246052487 -26.74350923853534
1394.3125 -24.190829154120536 -26.742979288552576
1394.8125 -24.189333416749122 -26.74244667004361
1395.3125 -24.187892494657618 -26.741921353467642
1395.8125 -24.186379990656818 -26.741394998556906
1396.3125 -24.18492250209257 -26.740856775655438
1396.8125 -24.183469726199384 -26.74031780838813
1397.3125 -24.181993325939924 -26.7398079894412
1397.8125 -24.18054026575909 -26.73927714044894
1398.3125 -24.17908108678985 -26.73873579988449
1398.8125 -24.177613689717955 -26.738217430993117
1399.3125 -24.176163433824264 -26.737703781907438
1399.8125 -24.17466393336312 -26.7371599065384
1400.3125 -24.17321324274792 -26.7366411707898
1400.8125 -24.17179666175196 -26.7361041307413
1401.3125 -24.17031971964118 -26.73558318598909
1401.8125 -24.16887316274213 -26.735059586536956
1402.3125 -24.167419635393507 -26.73453004791401
1402.8125 -24.16599414024504 -26.734001392369834
1403.3125 -24.164545279210756 -26.733463047693867
1403.8125 -24.16311157824857 -26.732948077392425
1404.3125 -24.16165457264926 -26.732417726361145
1404.8125 -24.160255091863576 -26.731898201798852
1405.3125 -24.158792016338392 -26.731365015805324
1405.8125 -24.15736582046226 -26.730835973443433
1406.3125 -24.155933874095034 -26.73030563748888
1406.8125 -24.15449165038567 -26.72978716129995
1407.3125 -24.153091828898198 -26.729262801691156
1407.8125 -24.15164002459909 -26.72873481087233
1408.3125 -24.15021435123169 -26.728200470332624
1408.8125 -24.148791319086076 -26.72767383995965
1409.3125 -24.14735535866269 -26.727162376783745
1409.8125 -24.145937089619313 -26.726637742812308
1410.3125 -24.144540870439393 -26.726105447133918
1410.8125 -24.14315818152115 -26.725582773580502
1411.3125 -24.141730349385185 -26.72504791507214
1411.8125 -24.140327475509768 -26.72451826645804
1412.3125 -24.138913312957566 -26.723990595003528
1412.8125 -24.137515084039087 -26.723470721512207
1413.3125 -24.1360507473063 -26.72293470874855
1413.8125 -24.13468767744684 -26.722409702665036
1414.3125 -24.13329059079315 -26.721881966113706
1414.8125 -24.131908713662913 -26.721357223814444
1415.3125 -24.1304824924679 -26.72081602241314
1415.8125 -24.129083550480917 -26.720293386230868
1416.3125 -24.12768576774756 -26.719762887968542
1416.8125 -24.12628975033861 -26.719229204996623
1417.3125 -24.124902424525843 -26.718703086039156
1417.8125 -24.123532761619405 -26.718178042657144
1418.3125 -24.122107789242506 -26.717641477044825
1418.8125 -24.12073501797217 -26.71711805477379
1419.3125 -24.119305502822197 -26.71656996577973
