FastTrWP/PhaseSpace/IAs/snIa_0.66_30.00_0.46_0.04.csv
# %ECSV 0.9
# ---
# datatype:
# - {name: time-rel, datatype: float64}
# - {name: g, datatype: float64}
# - {name: i, datatype: float64}
# schema: astropy-2.0
time-rel g i
[from data line 864]
539.7916666666666 24.035273749132546 22.300546129821367
540.2916666666666 24.0352063735464 22.299954149537733
540.7916666666666 24.03515852609104 22.299379931286545
541.2916666666666 24.03511330736166 22.298801286968093
541.7916666666666 24.035081386160776 22.298224061245904
542.2916666666666 24.035032151659973 22.297653994693555
542.7916666666666 24.035012841838792 22.297087985625236
543.2916666666666 24.035013609983892 22.29652081469804
543.7916666666666 24.034996266420695 22.295953539975642
544.2916666666666 24.034998596066277 22.295390571525115
544.7916666666666 24.034981782700278 22.294831526187373
545.2916666666666 24.034979723661895 22.294284454970107
545.7916666666666 24.03499161894166 22.29373626816592
546.2916666666666 24.03501365025493 22.293183896174543
546.7916666666666 24.035037938080137 22.29264255843197
547.2916666666666 24.03507001311569 22.292096505221387
547.7916666666666 24.035105945689338 22.29156069929123
548.2916666666666 24.035137258517075 22.29102296394606
548.7916666666666 24.035203201103975 22.290491757905148
549.2916666666666 24.03525059126739 22.289955158373505
549.7916666666666 24.03529574784132 22.289432554613825
550.2916666666666 24.03535471484826 22.28890816299323
550.7916666666666 24.035446941248363 22.28838353468138
551.2916666666666 24.035506683320577 22.287857924159553
551.7916666666666 24.035596031291607 22.28735094926804
552.2916666666666 24.035673243016685 22.28683776024903
552.7916666666666 24.035769101596482 22.286319862215784
553.2916666666666 24.035859828850214 22.285813719371667
553.7916666666666 24.03595446964446 22.285310466360407
554.2916666666666 24.03607472565353 22.284803182117237
554.7916666666666 24.036173853425243 22.284308811891883
555.2916666666666 24.03629374482607 22.283803077666605
555.7916666666666 24.03640225164427 22.283306045926427
556.2916666666666 24.036536840025718 22.28281647157312
556.7916666666666 24.036656248718934 22.282331986118713
557.2916666666666 24.03679297111033 22.281836883627136
557.7916666666666 24.036934580119848 22.281350017398502
558.2916666666666 24.03709581468331 22.280865406993357
558.7916666666666 24.03724335720693 22.280387882395996
559.2916666666666 24.03739546889156 22.27990896656115
559.7916666666666 24.037546583995336 22.279428393465174
560.2916666666666 24.037708713318274 22.278952762211386
560.7916666666666 24.037870167122364 22.278475861796537
561.2916666666666 24.038049789934036 22.278006421309286
561.7916666666666 24.038216013497763 22.277539077776296
562.2916666666666 24.038408388370822 22.27707370395081
562.7916666666666 24.03857946703355 22.276602417036372
563.2916666666666 24.03877105805786 22.276146894521798
563.7916666666666 24.03896674172986 22.275682485870693
564.2916666666666 24.039153106283834 22.275220266897662
564.7916666666666 24.039357657454353 22.274764809562463
565.2916666666666 24.039563444882685 22.274314412174885
565.7916666666666 24.039757360213567 22.273859620211127
566.2916666666666 24.039972799812794 22.27340438757777
566.7916666666666 24.040189994429152 22.272958107740134
567.2916666666666 24.04039290986845 22.27250721898978
567.7916666666666 24.040612438884395 22.27206492090689
568.2916666666666 24.040845141927907 22.27162459665616
568.7916666666666 24.041066615112193 22.27118497123537
569.2916666666666 24.041287501831302 22.27073654023863
569.7916666666666 24.041526132211338 22.270299870368518
570.2916666666666 24.041757126717997 22.2698593312763
570.7916666666666 24.042011022462336 22.269420821964626
571.2916666666666 24.042246409728705 22.26899677683878
571.7916666666666 24.04248950158027 22.268561117297065
572.2916666666666 24.042740817969626 22.268127746629926
572.7916666666666 24.042971937160033 22.267695620192196
573.2916666666666 24.043236512199414 22.267276159654035
573.7916666666666 24.043494755312047 22.26685114671852
574.2916666666666 24.04375087955802 22.266418435435945
574.7916666666666 24.04401035505554 22.265997365740212
575.2916666666666 24.044267845738116 22.265575474904956
575.7916666666666 24.044537195318814 22.26514840535306
576.2916666666666 24.04481540728062 22.264738478720005
576.7916666666666 24.045079262649157 22.264310261112104
577.2916666666666 24.045350716604005 22.26389535633514
577.7916666666666 24.045625189606604 22.263484017589516
578.2916666666666 24.045901412700992 22.263072190212462
578.7916666666666 24.046193160551937 22.262656961136873
579.2916666666666 24.046494486539434 22.262245295319506
579.7916666666666 24.046780434373897 22.261836505868477
580.2916666666666 24.047063764037656 22.261432844599906
580.7916666666666 24.04735739056385 22.26102670782985
581.2916666666666 24.047653253912284 22.260625148921335
581.7916666666666 24.047973518621614 22.26022372090894
582.2916666666666 24.048290058592098 22.259824132640567
582.7916666666666 24.048598580922608 22.259426812026728
583.2916666666666 24.048916369658468 22.259032302502618
583.7916666666666 24.04923616667606 22.25863217330437
584.2916666666666 24.04958185884062 22.258244860225446
584.7916666666666 24.049896511793797 22.257852656223392
585.2916666666666 24.05023656455924 22.257462984025473
585.7916666666666 24.050566675114013 22.257069992697303
586.2916666666666 24.050886392990336 22.256691724060577
586.7916666666666 24.051250533899633 22.256306062880387
587.2916666666666 24.05160954501211 22.255925823460203
587.7916666666666 24.051955061023634 22.255544892430493
588.2916666666666 24.052310613031477 22.2551731004541
588.7916666666666 24.05266177970862 22.254792484217816
589.2916666666666 24.053023246172014 22.25442298191232
589.7916666666666 24.053403103812276 22.254053495056056
590.2916666666666 24.05377158085524 22.253679983850372
590.7916666666666 24.054144077016232 22.253306438133844
591.2916666666666 24.05452461970698 22.25294324650948
591.7916666666666 24.05491002911134 22.252580732988836
592.2916666666666 24.055294837073692 22.252221585681685
592.7916666666666 24.055684282564428 22.251858467956506
593.2916666666666 24.05607569085394 22.251495275232426
593.7916666666666 24.05650500556234 22.2511415691954
594.2916666666666 24.05689326482365 22.25078611646369
594.7916666666666 24.057301666284523 22.25043450991833
595.2916666666666 24.05772636934269 22.250089218092217
595.7916666666666 24.058132001738297 22.249733061935487
596.2916666666666 24.058562557193465 22.24939217122519
596.7916666666666 24.05899012264744 22.24903611263638
597.2916666666666 24.05941415548185 22.248693292081864
597.7916666666666 24.059847533893468 22.248355617998822
598.2916666666666 24.060293385702725 22.24801623345247
598.7916666666666 24.060737306848946 22.247679883327557
599.2916666666666 24.061170968856864 22.247347276726707
599.7916666666666 24.0616275981821 22.24700895986117
600.2916666666666 24.062087734623674 22.24667528496657
600.7916666666666 24.062534013171994 22.246353244010404
601.2916666666666 24.062995706121182 22.246015004173195
601.7916666666666 24.063467097824557 22.245701011110725
602.2916666666666 24.06393688485624 22.245366497667803
602.7916666666666 24.06441417255816 22.245046614726295
603.2916666666666 24.064901236677517 22.244731786751537
603.7916666666666 24.065402446108667 22.244416269012483
604.2916666666666 24.065879350301593 22.244099646467106
604.7916666666666 24.066376800116856 22.243782383661443
605.2916666666666 24.06687770649167 22.243480213234367
605.7916666666666 24.067376316554725 22.243165996031784
606.2916666666666 24.067883625312415 22.242861447677594
606.7916666666666 24.068397944911762 22.242553795031515
607.2916666666666 24.06892624616688 22.24225177644003
607.7916666666666 24.069436300613827 22.241947216728537
608.2916666666666 24.069976668263283 22.241648520409
608.7916666666666 24.07049800530668 22.24135766240054
609.2916666666666 24.071032444006804 22.24105884113788
609.7916666666666 24.07156469025605 22.24075774241093
610.2916666666666 24.07212281129845 22.240478973353206
610.7916666666666 24.07266685736055 22.240179825403843
611.2916666666666 24.07323148784468 22.239898887785174
611.7916666666666 24.07378547292045 22.23961630837786
612.2916666666666 24.07434651905835 22.23933136584147
612.7916666666666 24.07491814650273 22.23905049290911
613.2916666666666 24.075496426475816 22.238775220921283
613.7916666666666 24.07607142468876 22.238501208675583
614.2916666666666 24.076640042027904 22.238221381159967
614.7916666666666 24.077239221344552 22.23795451493409
615.2916666666666 24.07783632919194 22.237694032925294
615.7916666666666 24.078426825268338 22.237419625488958
616.2916666666666 24.079036054558614 22.237151605986895
616.7916666666666 24.07965416930544 22.23688597460408
617.2916666666666 24.080248669481676 22.236628044797342
617.7916666666666 24.080867192030873 22.236374158725766
618.2916666666666 24.08148406188605 22.236116965530268
618.7916666666666 24.082122724937243 22.23585933584281
619.2916666666666 24.082737448239154 22.235603987444044
619.7916666666666 24.08336818037132 22.23534974308446
620.2916666666666 24.08399648513867 22.235107653577558
620.7916666666666 24.084663680194623 22.234860042029595
621.2916666666666 24.08530958657646 22.234605300089
621.7916666666666 24.085954669394024 22.234362702669436
622.2916666666666 24.08661334981668 22.234129043637317
622.7916666666666 24.087270898278838 22.233883091657397
623.2916666666666 24.087936728885783 22.23364704522829
623.7916666666666 24.088605660585806 22.23341353200698
624.2916666666666 24.089279717924434 22.233172330208323
624.7916666666666 24.08995963665142 22.23293993520041
625.2916666666666 24.09066640064708 22.23271335343799
625.7916666666666 24.09134599635747 22.23248077958154
626.2916666666666 24.092036427714145 22.232252927162072
626.7916666666666 24.09273594022151 22.232031073910576
627.2916666666666 24.093442089315555 22.23180489307445
627.7916666666666 24.09413690848283 22.2315851874648
628.2916666666666 24.094859708752452 22.23136341535353
628.7916666666666 24.095588647516358 22.23114963688578
629.2916666666666 24.096309579097053 22.230936546716684
629.7916666666666 24.09703369111561 22.230721663772787
630.2916666666666 24.097752427052228 22.230508006493196
630.7916666666666 24.098499473481056 22.230297958990874
631.2916666666666 24.09924496598252 22.230086428111434
631.7916666666666 24.099984515187902 22.229878620230746
632.2916666666666 24.10074437254199 22.229679140798353
632.7916666666666 24.101492615210386 22.229481751472832
633.2916666666666 24.102269537456923 22.229283828504038
633.7916666666666 24.103028114582905 22.22908232878737
634.2916666666666 24.10379616345974 22.22888831627406
634.7916666666666 24.104577691102605 22.228689824282284
635.2916666666666 24.10535361514369 22.228503994807593
635.7916666666666 24.106141628614633 22.228308702830123
636.2916666666666 24.106928835347226 22.228119548551646
636.7916666666666 24.10772036449092 22.227934456510845
637.2916666666666 24.10853498349607 22.227752478428577
637.7916666666666 24.109345379149353 22.22757411660548
638.2916666666666 24.110140280563364 22.227391060274755
638.7916666666666 24.11097152314845 22.227211300794856
639.2916666666666 24.111784907757507 22.22703791628036
639.7916666666666 24.112620176172037 22.2268702434257
640.2916666666666 24.11345120921853 22.226694034741175
640.7916666666666 24.114285512775076 22.22652778108668
641.2916666666666 24.115117341376656 22.226357737037425
641.7916666666666 24.115971149569514 22.22619457220114
642.2916666666666 24.116839437434464 22.226024011740357
642.7916666666666 24.117688364952233 22.22586537148141
643.2916666666666 24.118559216111546 22.225706509306725
643.7916666666666 24.11940148166289 22.225545501857976
644.2916666666666 24.1202957231559 22.225395709560555
644.7916666666666 24.121152799977864 22.22524226077305
645.2916666666666 24.12204099657211 22.225093590630433
645.7916666666666 24.122938017241566 22.224942328030878
646.2916666666666 24.123845060050883 22.224794545180476
646.7916666666666 24.124726952745302 22.224657689790934
647.2916666666666 24.12563679595486 22.22450748055853
647.7916666666666 24.126544652566086 22.224367187659027
648.2916666666666 24.127482926114325 22.224226470608436
648.7916666666666 24.12838838672535 22.224099325163277
649.2916666666666 24.129316485299665 22.223959637053685
649.7916666666666 24.130242584700046 22.223823252712982
650.2916666666666 24.13117569719836 22.223699591430034
650.7916666666666 24.132121716695707 22.22357484613186
651.2916666666666 24.13306906282811 22.223449731696135
651.7916666666666 24.134016808855385 22.223314814106672
652.2916666666666 24.134989610484002 22.22319873876641
652.7916666666666 24.135942196891975 22.223076823483918
653.2916666666666 24.13691178416411 22.222961560519202
653.7916666666666 24.137898045079208 22.222845945963883
654.2916666666666 24.13888346046804 22.222735212867626
654.7916666666666 24.13985728923636 22.222628272175772
655.2916666666666 24.140863608831005 22.222523044147714
655.7916666666666 24.14185364692489 22.222408296135086
656.2916666666666 24.142875679717374 22.222313167550844
656.7916666666666 24.143880544536213 22.222202115548978
657.2916666666666 24.144887645029165 22.222103997478722
657.7916666666666 24.14592830409277 22.22200922659729
658.2916666666666 24.146959747889007 22.22191337712931
658.7916666666666 24.147996247768575 22.22182563726124
659.2916666666666 24.14906884442617 22.221732025394584
659.7916666666666 24.15012085800192 22.221639450618493
660.2916666666666 24.151188458260737 22.221554754870674
660.7916666666666 24.152260822405523 22.22147383451887
661.2916666666666 24.15335174117526 22.22139758602434
661.7916666666666 24.154463401881202 22.221311633808376
662.2916666666666 24.155553100069366 22.2212377560632
662.7916666666666 24.156663420417075 22.221163061263105
663.2916666666666 24.15778736190304 22.22109002524927
663.7916666666666 24.15891092727362 22.221015114733234
664.2916666666666 24.160037700184603 22.220944520556863
664.7916666666666 24.161185572312323 22.22087787993958
665.2916666666666 24.162336371126614 22.220810667831845
665.7916666666666 24.16348036875633 22.220757326063392
666.2916666666666 24.164645439485398 22.220690592284868
666.7916666666666 24.165801772308395 22.220634791939094
667.2916666666666 24.166995248297734 22.220578108949134
667.7916666666666 24.16815716593741 22.22052450512011
668.2916666666666 24.169361776289012 22.220475441194235
668.7916666666666 24.170543092169105 22.220421449819277
669.2916666666666 24.171760493965948 22.220378262196704
669.7916666666666 24.172961052345716 22.220332535255242
670.2916666666666 24.174165147829978 22.220284315714707
670.7916666666666 24.17537645531437 22.220244858471748
671.2916666666666 24.17660202590648 22.220206016644376
671.7916666666666 24.177853697147146 22.220163411342423
672.2916666666666 24.179074573135395 22.2201335087321
672.7916666666666 24.18031767044225 22.220092149013325
673.2916666666666 24.181578416817526 22.220058415792963
673.7916666666666 24.182815409266336 22.220033336044118
674.2916666666666 24.184081733819824 22.220010779766536
674.7916666666666 24.18534600852997 22.219983932487114
675.2916666666666 24.186604510826413 22.219953332096676
675.7916666666666 24.187890925955013 22.21993710803752
676.2916666666666 24.189176636086458 22.219915153323598
676.7916666666666 24.19044812373219 22.21989450935039
677.2916666666666 24.191737692024972 22.219878539742396
677.7916666666666 24.19301434607522 22.21986669302928
678.2916666666666 24.19432289261487 22.219856777875314
678.7916666666666 24.195614493671588 22.219840268651907
679.2916666666666 24.196928456213524 22.2198367097415
679.7916666666666 24.198239607694553 22.21982800410803
680.2916666666666 24.199535971998202 22.21981993094537
680.7916666666666 24.200858854287315 22.21981953519784
681.2916666666666 24.202160437635 22.21981656403753
681.7916666666666 24.20350176963452 22.21982133979559
682.2916666666666 24.204822647581175 22.21982173523753
682.7916666666666 24.206157943650414 22.21982484325465
683.2916666666666 24.207491452429764 22.219841094213887
