FastTrWP/PhaseSpace/IAs/snIa_0.43_30.00_0.45_0.08.csv
# %ECSV 0.9
# ---
# datatype:
# - {name: time-rel, datatype: float64}
# - {name: g, datatype: float64}
# - {name: i, datatype: float64}
# schema: astropy-2.0
time-rel g i
[from data line 2011]
1183.3125 24.935737483700574 22.865153689655422
1183.8125 24.937789055554667 22.866102409004366
1184.3125 24.93986714255346 22.867053758962665
1184.8125 24.941936056286366 22.868002237348573
1185.3125 24.943977057944533 22.868952891491617
1185.8125 24.94604460129978 22.869897892026817
1186.3125 24.948094053258778 22.870850211069044
1186.8125 24.95014923530399 22.871802005867806
1187.3125 24.952203111386492 22.87274058048103
1187.8125 24.95426625722747 22.873684872152108
1188.3125 24.956316651107894 22.874624050345954
1188.8125 24.95838086348268 22.875580107877127
1189.3125 24.96042989595113 22.876512429919735
1189.8125 24.962496883527443 22.877451717863444
1190.3125 24.96455113488734 22.878403368879574
1190.8125 24.966623664640345 22.87933866481734
1191.3125 24.968664965124127 22.88027124754542
1191.8125 24.970711336627996 22.8812140406416
1192.3125 24.972759837865087 22.882147982440337
1192.8125 24.974833026663088 22.883076029260568
1193.3125 24.97687227516904 22.88400941220024
1193.8125 24.97894854117899 22.88493965412528
1194.3125 24.980995176895362 22.88587761292289
1194.8125 24.983050347248906 22.88680708642878
1195.3125 24.985078888504447 22.887732046644494
1195.8125 24.987142152917727 22.8886589746568
1196.3125 24.98918171357781 22.889585090559457
1196.8125 24.99123202604475 22.89051547905617
1197.3125 24.99329054430092 22.891433835401056
1197.8125 24.99534598528581 22.892354689797173
1198.3125 24.997396451017107 22.893277479696028
1198.8125 24.99943927151289 22.894197223184747
1199.3125 25.00148232835714 22.895107391986883
1199.8125 25.003516433124066 22.896031315924507
1200.3125 25.005580861239306 22.896946209164675
1200.8125 25.007631408097257 22.897870603128247
1201.3125 25.00969967532999 22.898771516719705
1201.8125 25.011720221104884 22.89968217234624
1202.3125 25.0137622700049 22.90060306330298
1202.8125 25.015795938293174 22.901506000773765
1203.3125 25.017829582340696 22.902418152165673
1203.8125 25.019870596736233 22.903331875844426
1204.3125 25.02192660254311 22.90423995134487
1204.8125 25.02396719377312 22.905137179878995
1205.3125 25.02601562061237 22.906040806821053
1205.8125 25.028034977996295 22.90693395477444
1206.3125 25.030058982795254 22.907835405338677
1206.8125 25.032102943142178 22.908731419446916
1207.3125 25.034146881516296 22.909628542829985
1207.8125 25.03617545304746 22.910535211889048
1208.3125 25.03820168608703 22.911431878090475
1208.8125 25.040242864148578 22.912320566348328
1209.3125 25.042271612873574 22.91320951413613
1209.8125 25.044279367554022 22.914106796902285
1210.3125 25.046326026043953 22.91498858446349
1210.8125 25.04835709910409 22.915888139521424
1211.3125 25.05036863196655 22.91676607325641
1211.8125 25.05240262331094 22.917656101061535
1212.3125 25.05441232527039 22.918538634093608
1212.8125 25.05645960856699 22.919420137731812
1213.3125 25.0584722116735 22.920306009602793
1213.8125 25.060498242199873 22.921182051071305
1214.3125 25.06252582592112 22.92207023435834
1214.8125 25.064541186835733 22.922943289399246
1215.3125 25.066563855633106 22.923815726772368
1215.8125 25.068583879686194 22.92469356053603
1216.3125 25.070605178020884 22.925566780098098
1216.8125 25.072618190239684 22.926438088677664
1217.3125 25.07464889587125 22.92731697677276
1217.8125 25.07665131596561 22.92818056997737
1218.3125 25.078665782729747 22.929046439418794
1218.8125 25.08068246938858 22.929920991231853
1219.3125 25.082678239645904 22.930794960468152
1219.8125 25.08469761703225 22.931655553319565
1220.3125 25.08671834624637 22.932522436710315
1220.8125 25.08872798229708 22.933378635862447
1221.3125 25.090731873119662 22.93424129889162
1221.8125 25.09272294781826 22.935107186866436
1222.3125 25.094751545610134 22.935958254382427
1222.8125 25.09675810407281 22.936817118100272
1223.3125 25.09876881945322 22.937676477730818
1223.8125 25.100752927495225 22.93853378705225
1224.3125 25.102753187308352 22.93938077596314
1224.8125 25.10476661008397 22.940231335323425
1225.3125 25.106760023047087 22.941087038057436
1225.8125 25.10877031124672 22.94192837967287
1226.3125 25.110757716797178 22.942778075962536
1226.8125 25.112750156980283 22.943619008647556
1227.3125 25.11472724907187 22.944470002990887
1227.8125 25.116770976870292 22.945307004204736
1228.3125 25.118700648620795 22.946144235680524
1228.8125 25.120731470625337 22.946979828037012
1229.3125 25.122689308568354 22.947823763597704
1229.8125 25.12466874781913 22.948659998465274
1230.3125 25.12665179301697 22.949497930393807
1230.8125 25.128630843131525 22.950321283535466
1231.3125 25.130616334618573 22.95114860747635
1231.8125 25.132581041471912 22.951990269543142
1232.3125 25.13458204040285 22.95280783449162
1232.8125 25.1365279719896 22.953631886416858
1233.3125 25.1385010066452 22.95446622415025
1233.8125 25.140472038356844 22.955281961148284
1234.3125 25.142433044928268 22.95610390066554
1234.8125 25.14440502898284 22.95692321445212
1235.3125 25.146365624242158 22.957747066453635
1235.8125 25.14832329446928 22.95855608621638
1236.3125 25.15029338750358 22.95935981767494
1236.8125 25.152238129590092 22.960177724304085
1237.3125 25.154192282561695 22.960992943281408
1237.8125 25.15613447774953 22.961801464536737
1238.3125 25.158093392313766 22.962601489189144
1238.8125 25.160029764103427 22.963413073916993
1239.3125 25.16197468100679 22.964214998265163
1239.8125 25.16390871715922 22.965013010788788
1240.3125 25.165835232917104 22.96580860498141
1240.8125 25.16776643670454 22.966612021404053
1241.3125 25.16971105220755 22.96739139899149
1241.8125 25.17161936161973 22.968188736060256
1242.3125 25.17355664068145 22.96898219665338
1242.8125 25.1754840099732 22.969764730144966
1243.3125 25.17741214503612 22.97056259293591
1243.8125 25.179349888325824 22.971337689788026
1244.3125 25.181224877355547 22.972124071468635
1244.8125 25.18314046702177 22.972905769313673
1245.3125 25.18505849013513 22.973679732838924
1245.8125 25.18692619653057 22.9744510833193
1246.3125 25.188854038378977 22.975221208321162
1246.8125 25.190731651823562 22.975989633468128
1247.3125 25.192617150268227 22.976756887352565
1247.8125 25.194488354623136 22.97752027609548
1248.3125 25.19638303365424 22.978278701098013
1248.8125 25.1982557797119 22.979029115572175
1249.3125 25.200108549757033 22.979788132226897
1249.8125 25.20196356640412 22.980537074446346
1250.3125 25.203846154365163 22.981287046856615
1250.8125 25.205678074724787 22.9820453795017
1251.3125 25.20752938040953 22.982785111755184
1251.8125 25.209366528869083 22.983529152404124
1252.3125 25.2112218844739 22.984265693304945
1252.8125 25.213075000170146 22.98500894921531
1253.3125 25.214884891465207 22.98573660979443
1253.8125 25.216741187152863 22.986480271204044
1254.3125 25.218563376568518 22.987211850340422
1254.8125 25.22039385639677 22.98794027743485
1255.3125 25.222217326926724 22.988667348417437
1255.8125 25.224051761550808 22.989398737511657
1256.3125 25.22587286904045 22.990118063972517
1256.8125 25.22766746946598 22.990834332635636
1257.3125 25.22947845143372 22.991559799339875
1257.8125 25.231287122414674 22.992284165065833
1258.3125 25.233097700430335 22.99300335305903
1258.8125 25.234900620694702 22.99371809631563
1259.3125 25.236716839954248 22.994429760990837
1259.8125 25.238492023486888 22.995140933717295
1260.3125 25.240314012273835 22.995848464680314
1260.8125 25.24213702588171 22.99656524273814
1261.3125 25.243937607829764 22.997270807720703
1261.8125 25.245696925931558 22.997984963454297
1262.3125 25.247501876905005 22.998691351930837
1262.8125 25.24928251603694 22.999382992686815
1263.3125 25.25107149436133 23.000092480216985
1263.8125 25.252843844875464 23.00079234175861
1264.3125 25.254643106017763 23.001495832535586
1264.8125 25.256414674830758 23.00219348178039
1265.3125 25.258213005842087 23.002888603633735
1265.8125 25.259992251571628 23.00359890518743
1266.3125 25.26178805330026 23.004290447512137
1266.8125 25.26355895482524 23.0049847428323
1267.3125 25.2653486227363 23.005685656809312
1267.8125 25.26712191402034 23.00638178468997
1268.3125 25.268880812202518 23.00706540025179
1268.8125 25.27067012619462 23.007763712378384
1269.3125 25.272472985514835 23.008465459856687
1269.8125 25.274230882685945 23.0091578362872
1270.3125 25.2760177668188 23.009852621630532
1270.8125 25.277784247394926 23.010538062773165
1271.3125 25.27955851476198 23.011228097716746
1271.8125 25.281330189805843 23.011927300788685
1272.3125 25.283136826194212 23.012618028164965
1272.8125 25.28490315315027 23.0133023146915
1273.3125 25.2866967361096 23.01400092233112
1273.8125 25.288489588500028 23.01469126040715
1274.3125 25.29026552445589 23.015384247884306
1274.8125 25.292042676768737 23.01607235816068
1275.3125 25.293847024248947 23.016760930677602
1275.8125 25.295632657901027 23.01744953542347
1276.3125 25.29741354116804 23.01814236347766
1276.8125 25.299213800925862 23.01883233055864
1277.3125 25.301012675855198 23.01952846356745
1277.8125 25.302810670381767 23.020224413880527
1278.3125 25.30458672016113 23.020911134024466
1278.8125 25.306382582029954 23.021610574250666
1279.3125 25.308188093711706 23.022299495912335
1279.8125 25.309967315882478 23.022983277514008
1280.3125 25.311729117947905 23.023671824326406
1280.8125 25.313518871349867 23.024361038110115
1281.3125 25.315328096561153 23.025042271690207
1281.8125 25.31710983955154 23.025732348105553
1282.3125 25.318861032540255 23.02640286587911
1282.8125 25.32066734286271 23.02708573711921
1283.3125 25.322407835911708 23.0277580612281
1283.8125 25.324197952517167 23.028449766762566
1284.3125 25.32597286696204 23.029115348211327
1284.8125 25.32772032322301 23.029797753138862
1285.3125 25.329500093812175 23.03047366676537
1285.8125 25.33127124051504 23.031144401115277
1286.3125 25.33303480293651 23.031812466728645
1286.8125 25.33479740333988 23.03248230123811
1287.3125 25.336537522301782 23.033152699168674
1287.8125 25.338318788704477 23.033810142651863
1288.3125 25.340058150376787 23.034492554119726
1288.8125 25.341846055682083 23.035158265454093
1289.3125 25.343576017466688 23.0358254510626
1289.8125 25.345334896720967 23.03648676919208
1290.3125 25.34710579000017 23.037146698769998
1290.8125 25.34883870886474 23.037810666546346
1291.3125 25.35059268348614 23.03847146189375
1291.8125 25.35236738873425 23.039144411190016
1292.3125 25.354111067092326 23.03980109573589
1292.8125 25.35585282060282 23.040452051795604
1293.3125 25.35763202191442 23.041133103201975
1293.8125 25.35935381006359 23.04178104304625
1294.3125 25.36109739807833 23.042440832824322
1294.8125 25.362854310399634 23.043093575206832
1295.3125 25.36458340352302 23.04375413912259
1295.8125 25.366370097046158 23.04441466202015
1296.3125 25.368083306533208 23.045067725466346
1296.8125 25.369837055457776 23.045723843182692
1297.3125 25.371597186141244 23.046380241540376
1297.8125 25.373321703561416 23.047036888036164
1298.3125 25.375087911128993 23.0476932206454
1298.8125 25.376856243398883 23.04835632455159
1299.3125 25.37857634279201 23.049003672069016
1299.8125 25.38033144663316 23.049666272972328
1300.3125 25.38210604480146 23.05031616101218
1300.8125 25.383826664071645 23.050973014835495
1301.3125 25.385603384877587 23.05162542430793
1301.8125 25.387339234341173 23.052292455913296
1302.3125 25.389084685176737 23.052937979162493
1302.8125 25.390840199293173 23.053590592706044
1303.3125 25.392608573167593 23.054244389432654
1303.8125 25.394378758363843 23.054902388816426
1304.3125 25.396126160501836 23.055559876840995
1304.8125 25.397881576049567 23.056215635462173
1305.3125 25.399651891766723 23.05687677350358
1305.8125 25.401418499870225 23.05752217174629
1306.3125 25.403161067776757 23.058184239458846
1306.8125 25.404951798878095 23.05883596645699
1307.3125 25.40667481595468 23.05948779682366
1307.8125 25.408469007675272 23.06015449498666
1308.3125 25.410230808086318 23.06080795600334
1308.8125 25.412033416608576 23.06146706515134
1309.3125 25.41378556826972 23.062126327960456
1309.8125 25.415571750570443 23.062795835918834
1310.3125 25.417365264418596 23.06343803065886
1310.8125 25.419138163257053 23.064119727211555
1311.3125 25.42091436764222 23.0647709860126
1311.8125 25.422692066126793 23.065423737177227
1312.3125 25.424503268287836 23.06609523822564
1312.8125 25.426292141456663 23.066750358352568
1313.3125 25.4280851546353 23.06741393617948
1313.8125 25.429897062261123 23.06808506140412
1314.3125 25.431691870458344 23.06874314102796
1314.8125 25.433470531246456 23.069408022977953
1315.3125 25.435285159449343 23.07007925418889
1315.8125 25.437080929553574 23.070738800997002
1316.3125 25.43889758384434 23.071404457026752
1316.8125 25.440689118814525 23.072073302539117
1317.3125 25.442483722309788 23.072732422535314
1317.8125 25.444320605481018 23.073393298644454
1318.3125 25.446112931585855 23.07405634577676
1318.8125 25.447872285096356 23.0747228739625
1319.3125 25.44970095165921 23.075385355152495
1319.8125 25.451529536490053 23.076051333480507
1320.3125 25.4533330443803 23.07670994827827
1320.8125 25.45513111971566 23.07737810938596
1321.3125 25.45694002364162 23.078045119406635
1321.8125 25.45876150380971 23.078715888463073
1322.3125 25.460584811379896 23.07936994371804
1322.8125 25.462406710722817 23.080035160673326
1323.3125 25.464199255703768 23.080708010029053
1323.8125 25.466013972714574 23.081365228044017
1324.3125 25.46782705385891 23.08202843995618
1324.8125 25.469660262628466 23.082688435432136
1325.3125 25.471482062660428 23.083349716015697
1325.8125 25.47329696930334 23.084013027937562
1326.3125 25.47513243274301 23.08467877678776
1326.8125 25.47693481311203 23.08534323879713
1327.3125 25.478760363280966 23.08601504410621
1327.8125 25.480573634328536 23.086676203577696
1328.3125 25.48242277608352 23.08733370121885
1328.8125 25.484234985264788 23.08799762535278
1329.3125 25.486081616683602 23.088666770159385
1329.8125 25.48789363019456 23.089326359423982
1330.3125 25.489702653320304 23.089988166080346
1330.8125 25.49151329285982 23.09066233705337
1331.3125 25.493343790374094 23.091317168203158
1331.8125 25.495215007714407 23.09197284516694
1332.3125 25.497017000884014 23.092630149544533
1332.8125 25.498815331242994 23.09329901880279
1333.3125 25.500656908907896 23.09396709683606
1333.8125 25.502501579089607 23.094624382571105
1334.3125 25.504322698642994 23.09529156141599
1334.8125 25.506158491769835 23.09595573668672
1335.3125 25.507986145033094 23.09660730327691
1335.8125 25.509837082243784 23.097272769573657
1336.3125 25.511654927902967 23.097933210608566
1336.8125 25.5134901731132 23.09858829482036
1337.3125 25.515308243607713 23.099250623790034
1337.8125 25.51712480309491 23.099923807093475
1338.3125 25.518950198533048 23.100574476148456
1338.8125 25.520822970715358 23.10124453267564
1339.3125 25.522648927820065 23.101896035916646
1339.8125 25.524474831222665 23.102558081949113
1340.3125 25.526301736394835 23.103209866650452
1340.8125 25.528159867958166 23.10386739570078
1341.3125 25.529973854408148 23.104531030631726
1341.8125 25.531799448216304 23.105185616892037
1342.3125 25.533637291342476 23.105842413906984
1342.8125 25.535490667846755 23.106507692960875
1343.3125 25.537308578443564 23.10715915009533
1343.8125 25.53914159404986 23.1078124154364
1344.3125 25.54097244108595 23.108480548881417
1344.8125 25.54279788098921 23.10913937776713
1345.3125 25.544642986404497 23.10978410719008
1345.8125 25.54647617421102 23.11044782008529
1346.3125 25.548313154688405 23.111097735923323
1346.8125 25.55011783692253 23.111757115358817
1347.3125 25.55195122783891 23.11240222802833
1347.8125 25.553811710360854 23.113060428505108
1348.3125 25.555654451124123 23.113724748026293
1348.8125 25.557461979744108 23.114369497945685
1349.3125 25.55931593385305 23.11502342412515
1349.8125 25.56114568137845 23.115683008578035
1350.3125 25.562985451430094 23.116343347443046
1350.8125 25.564831709293262 23.116996921928056
1351.3125 25.56665806920568 23.117647837768864
1351.8125 25.568486026155675 23.118289383338166
