FastTrWP/PhaseSpace/IAs/snIa_0.57_30.00_-0.37_-0.13.csv
# %ECSV 0.9
# ---
# datatype:
# - {name: time-rel, datatype: float64}
# - {name: g, datatype: float64}
# - {name: i, datatype: float64}
# schema: astropy-2.0
time-rel g i
[from data line 1077]
143.0 23.33683680452885 22.392022302169035
143.5 23.338114611864867 22.391923271459437
144.0 23.339400097655513 22.391812195919716
144.5 23.340690557644184 22.3917111305574
145.0 23.341982941219094 22.39160717243721
145.5 23.34327703951656 22.391509545529207
146.0 23.344580392272434 22.39140990778406
146.5 23.345876925648295 22.391312745971327
147.0 23.347197525468477 22.391224016433682
147.5 23.34849920711765 22.391132353912376
148.0 23.3498126691082 22.391041346276875
148.5 23.351122750684915 22.390955996804287
149.0 23.352454910365434 22.390873565744837
149.5 23.35375802070327 22.39078439260396
150.0 23.355092468042198 22.390705054390338
150.5 23.3564117348519 22.39063059396659
151.0 23.35775552228195 22.390548093602206
151.5 23.35908386396817 22.390478149759005
152.0 23.360422509323993 22.390405405978044
152.5 23.36175805776834 22.39032936857056
153.0 23.36311104319321 22.390261445911285
153.5 23.364446477653548 22.39018462592169
154.0 23.36579079596531 22.390131827314978
154.5 23.367146019898705 22.390059455136168
155.0 23.36849294267042 22.390003507309434
155.5 23.369844323712144 22.389940875241994
156.0 23.371198369741645 22.38988006793349
156.5 23.37256221634854 22.38982933894421
157.0 23.37392911016686 22.389767377659204
157.5 23.375285626401173 22.389712633237284
158.0 23.376636035256265 22.38965925817968
158.5 23.378018049591482 22.38960733843275
159.0 23.37937616123326 22.38956410286322
159.5 23.380748721888803 22.38951198771401
160.0 23.382106267493683 22.389470751956164
160.5 23.383498958526054 22.38942635680006
161.0 23.384879604309358 22.389383677045966
161.5 23.386274667427035 22.38935280942471
162.0 23.387659711451725 22.38931971540039
162.5 23.38907366101221 22.389281433492712
163.0 23.390475210328233 22.389256482297505
163.5 23.391873603785307 22.38922155279927
164.0 23.393298050681178 22.38920253202828
164.5 23.39471232946124 22.389179359401076
165.0 23.39613727219591 22.38916159909571
165.5 23.397560766204325 22.38914816247722
166.0 23.39900645568129 22.389130526522145
166.5 23.40041762334843 22.389115452851847
167.0 23.40186819357346 22.3891041527996
167.5 23.40331470620608 22.38910757116297
168.0 23.40476906438287 22.38909760823799
168.5 23.406222214909015 22.389096425306818
169.0 23.407681644040757 22.389087145536386
169.5 23.409145790800178 22.38909488669924
170.0 23.410602245348308 22.389100590794953
170.5 23.412075189497962 22.389100071184522
171.0 23.413544826244745 22.389110073496866
171.5 23.415033480612575 22.38912343879199
172.0 23.416502319675295 22.38913259609356
172.5 23.417993232387794 22.38914489868246
173.0 23.419488404335695 22.389167467693873
173.5 23.42097914704375 22.389184019626505
174.0 23.422476081235043 22.389206284223366
174.5 23.423973682024442 22.38922434305108
175.0 23.425466739036107 22.389250577059702
175.5 23.42699204784566 22.389278059672144
176.0 23.428505641266067 22.389305248761495
176.5 23.43002672728671 22.389346285888998
177.0 23.43153088817026 22.38937403245277
177.5 23.43304280658849 22.389404480509253
178.0 23.434572737686267 22.38943967471338
178.5 23.43611043009541 22.389481036201513
179.0 23.437643168765263 22.38952113150858
179.5 23.439189577771778 22.389554323747298
180.0 23.440713567551896 22.38960718338003
180.5 23.442253285950343 22.38965202366699
181.0 23.4437953401684 22.389699034519914
181.5 23.445348679650238 22.389742620218737
182.0 23.446903236315087 22.389792103622952
182.5 23.448443199061803 22.38984618954291
183.0 23.450004391146372 22.389898918154678
183.5 23.451563710125964 22.38996141374954
184.0 23.453108851644448 22.39001449092878
184.5 23.454678148951867 22.390066438051424
185.0 23.456240027402067 22.39013301305334
185.5 23.45781560413429 22.3901929515634
186.0 23.45938347467339 22.39026087642706
186.5 23.460964575719665 22.390326263008127
187.0 23.462530593058474 22.390384863485288
187.5 23.46411342448443 22.39045781132034
188.0 23.46569886757218 22.390520940603285
188.5 23.467281421034684 22.39059605289986
189.0 23.468865304944806 22.390667815171508
189.5 23.47044594299184 22.390736880158872
190.0 23.472031921245783 22.39082465188371
190.5 23.473624811040654 22.390896503313353
191.0 23.475214771820813 22.390972134156932
191.5 23.4768162434858 22.39105127495987
192.0 23.478401271587828 22.39112433165114
192.5 23.480004074755662 22.39121279253071
193.0 23.481616989132167 22.39129178055996
193.5 23.483206571935366 22.391380505005646
194.0 23.48481227330605 22.391462335623856
194.5 23.48642124886094 22.391545742881213
195.0 23.48800909992947 22.39163423974558
195.5 23.48961544760509 22.391727041738257
196.0 23.491228847035458 22.391810575861626
196.5 23.49283894772163 22.39190766878429
197.0 23.494449044526796 22.391992799065882
197.5 23.496061724244836 22.392085195570584
198.0 23.497674431142045 22.392180406647434
198.5 23.499293578847805 22.392277041099216
199.0 23.500920956912168 22.39237925217957
199.5 23.502541968823124 22.39247880463705
200.0 23.504166354588016 22.392578576180856
200.5 23.505794884565212 22.392682148872176
201.0 23.507431805040827 22.392791637715106
201.5 23.509070850916828 22.392894236866603
202.0 23.51070935683058 22.393000696266967
202.5 23.5123570741792 22.39311043370932
203.0 23.514007173081808 22.393223971251338
203.5 23.51565144117586 22.39333369163547
204.0 23.517307303659113 22.393449294448637
204.5 23.51895646258393 22.39357230638185
205.0 23.52062474963056 22.39369179669953
205.5 23.522288295331144 22.39380445397416
206.0 23.523952896328716 22.39392812200197
206.5 23.525610714646703 22.394046780127148
207.0 23.527276506617607 22.394181730812747
207.4999999999999 23.528958575500965 22.394299418073608
208.0 23.530628971373517 22.39443577217091
208.5 23.53232218901965 22.394560987014096
208.9999999999999 23.53399169197601 22.394686832294894
209.5 23.535676113785517 22.394818302273322
210.0 23.537370131640163 22.39495741888954
210.4999999999999 23.539066699006376 22.395092853639845
211.0 23.54076088612551 22.395231604153775
211.5 23.542457883410197 22.395370919254386
211.9999999999999 23.54415961454688 22.395509572782693
212.5 23.545852587742097 22.395651536930984
213.0 23.547565501792555 22.395793927570942
213.4999999999999 23.549273975735822 22.395946325805802
214.0 23.550980072187038 22.396090484498647
214.5 23.552696694088663 22.39623893357733
214.9999999999999 23.55441465048377 22.39638748365251
215.5 23.55613154908881 22.396541444566793
216.0 23.557866582082482 22.39669497113838
216.4999999999999 23.559587449413847 22.396850719970374
217.0 23.561309131649764 22.39701420305904
217.5 23.563047952008024 22.397171593220683
217.9999999999999 23.564774607020503 22.397328190283233
218.5 23.566526292412277 22.397485572574837
219.0 23.56827353539287 22.397651626125075
219.4999999999999 23.570009072180113 22.397812313361882
220.0 23.57176052652624 22.39798187960702
220.5 23.57352315771468 22.398147400731638
220.9999999999999 23.575275211375065 22.398312758269554
221.5 23.577025432095574 22.398481941557606
222.0 23.578786418926846 22.398653714777048
222.4999999999999 23.580538999367832 22.39882534957925
223.0 23.582312617341298 22.399000757476806
223.5 23.58408410540897 22.399176098031333
223.9999999999999 23.585862787030607 22.39935493079562
224.5 23.587621845340397 22.399541000669085
225.0 23.589403361325893 22.39972264060221
225.4999999999999 23.59119735698836 22.399893547205508
226.0 23.592970130432715 22.400087814555107
226.5 23.59475397573377 22.400267345277744
226.9999999999999 23.596544630814066 22.400457600211
227.5 23.598334735920197 22.400651377367453
228.0 23.60013967685882 22.400837725005637
228.4999999999999 23.601922022739494 22.401023166403608
229.0 23.60372876662502 22.401222781173335
229.5 23.605533217088887 22.40141547608083
229.9999999999999 23.60734535783441 22.401607994533897
230.5 23.60914927126074 22.401808562703355
231.0 23.61095040237961 22.40200974123946
231.4999999999999 23.61278211818627 22.402209775413475
232.0 23.614587297861227 22.40240912847188
232.5 23.6164253816845 22.40260251461296
232.9999999999999 23.618238424553834 22.402811403512494
233.5 23.620068966688706 22.403015811351796
234.0 23.621896737551783 22.403225385124735
234.4999999999999 23.623734770654753 22.403433993603805
235.0 23.625573494738525 22.403646940278552
235.5 23.627410473617026 22.40386112457957
235.9999999999999 23.62925426079559 22.404067689507606
236.5 23.63110188419003 22.404288649730702
237.0 23.632956754018196 22.404498702601295
237.4999999999999 23.634810760731323 22.40472224353399
238.0 23.6366670164173 22.404937226909148
238.5 23.63853823947265 22.405156963117655
238.9999999999999 23.64039311806836 22.405387047322026
239.5 23.64227085414855 22.40561191837138
240.0 23.644136663109315 22.40583746793103
240.4999999999999 23.64601947999703 22.4060650835538
241.0 23.64789460363451 22.406299816480196
241.5 23.649777414328362 22.406533933542256
241.9999999999999 23.65165966911913 22.40677357213656
242.5 23.653563414156004 22.407001433962265
243.0 23.65544927629136 22.40723136883178
243.4999999999999 23.657354343674484 22.407473669382917
244.0 23.65925372162235 22.407713319012604
244.5 23.66115706029813 22.407949353157907
244.9999999999999 23.663065149929565 22.408201574308805
245.5 23.664982128448102 22.408441930725065
246.0 23.66689284093472 22.408686091304695
246.4999999999999 23.668812781903647 22.40894052808607
247.0 23.670735202735344 22.40918460139668
247.5 23.672669948738 22.409438521153454
247.9999999999999 23.674597261580608 22.409694594003224
248.5 23.676536214782352 22.40994382471097
249.0 23.67847928719362 22.410198809633467
249.4999999999999 23.680406107098545 22.410460952942728
250.0 23.682352959239616 22.410722947239393
250.5 23.684295641953874 22.410973758131775
250.9999999999999 23.686240672665765 22.41123349190444
251.5 23.68820969828969 22.41150918416757
252.0 23.690163053446405 22.41177054531398
252.4999999999999 23.692130864335915 22.412030437516425
253.0 23.694094860150834 22.41229950044652
253.5 23.69605974634629 22.412571791583552
253.9999999999999 23.698018911931346 22.412836916310006
254.5 23.700014370028843 22.413119307218835
255.0 23.70198783303715 22.413393405218823
255.4999999999999 23.703959371786386 22.41366475684714
256.0 23.70594645023338 22.413941682927764
256.5 23.70794232962038 22.414217454420463
256.9999999999999 23.70992511016812 22.41449500451224
257.5 23.711929929393527 22.414780692135615
258.0 23.71390655894706 22.415065546161426
258.4999999999999 23.715939055255248 22.415346723582232
259.0 23.717926095650746 22.415635797582073
259.5 23.719941781852974 22.415918729300376
259.9999999999999 23.721956270714056 22.416204177507858
260.5 23.723969568660785 22.4164911905674
261.0 23.725987718250448 22.416788981896474
261.4999999999999 23.727997423921188 22.417073085000517
262.0 23.73003956750295 22.417362364048397
262.5 23.732062648721758 22.417664612292253
262.9999999999999 23.73409247426479 22.41795576149539
263.5 23.73613364741852 22.418256982458175
264.0 23.738165551764805 22.41855428083483
264.4999999999999 23.740217174822526 22.418852158899575
265.0 23.74224110516005 22.419155536743034
265.5 23.74430213017049 22.41945193662498
265.9999999999999 23.746345954785536 22.419772152849543
266.5 23.74839831617519 22.420066225113192
267.0 23.750459860113367 22.420384246673173
267.4999999999999 23.752518473378274 22.420686441488847
268.0 23.754585118848052 22.42098697440497
268.5 23.75665357909336 22.421305309449675
268.9999999999999 23.758724381022255 22.421614106546404
269.5 23.76079137411105 22.421929044892952
270.0 23.762860423453024 22.422240850803394
270.4999999999999 23.764932576866382 22.422558779360134
271.0 23.767016539450744 22.422877644617056
271.5 23.769107355393267 22.423192324688543
271.9999999999999 23.771193474311232 22.423514404713
272.5 23.77328238167359 22.423829947381762
273.0 23.775374847566116 22.424154422364403
273.4999999999999 23.777485699071175 22.424481260228454
274.0 23.779598274990384 22.424809362807473
274.5 23.781723840359646 22.425135401441025
274.9999999999999 23.783844703212488 22.425466111740032
275.5 23.785989747060007 22.4257985768604
276.0 23.78811583451981 22.42613548685409
276.4999999999999 23.790252209819087 22.426474467321103
277.0 23.79240833480305 22.426810411743567
277.5 23.794571873660683 22.42714642011277
277.9999999999999 23.796732002560486 22.427483151586884
278.5 23.798907345428617 22.427828406896097
279.0 23.80106986120773 22.428172856248764
279.4999999999999 23.80324888719247 22.42851866561008
280.0 23.805445746235442 22.428867034259827
280.5 23.80763656580975 22.42922480016133
280.9999999999999 23.809821012052183 22.42956816545377
281.5 23.81201618062117 22.429922038781452
282.0 23.814223974227367 22.430280828300813
282.4999999999999 23.816450776803066 22.430641077660486
283.0 23.818659326048085 22.430997145614757
283.5 23.820879963003804 22.431353248547644
283.9999999999999 23.82310143156157 22.43171117917749
284.5 23.825347285968228 22.432075356533886
285.0 23.827564675210784 22.432442572325108
285.4999999999999 23.829784761078866 22.432803849616295
286.0 23.83203536541446 22.433169440063374
286.5 23.834293180468205 22.43353631777911
286.9999999999999 23.836530553247677 22.433912058844676
287.5 23.838781197401786 22.434276839434887
288.0 23.841036252217492 22.434653553928054
288.4999999999999 23.843288471830355 22.435028601686163
289.0 23.845551869134674 22.435396783471045
289.5 23.84781652201708 22.435774265624666
289.9999999999999 23.850071352987516 22.43615444712284
290.5 23.85234193438456 22.43653310920854
291.0 23.854611604011417 22.436913578355743
291.4999999999999 23.856890136610062 22.43729087535732
292.0 23.859156769441302 22.43767817324843
292.5 23.861447658616164 22.438058566038848
292.9999999999999 23.863723388582805 22.438439501667816
293.5 23.8660005286668 22.438825332810556
294.0 23.86828933508047 22.43922181588921
294.4999999999999 23.870566357537385 22.439607235733625
295.0 23.87284602555725 22.439987131700924
295.5 23.8751390767858 22.440380336010026
295.9999999999999 23.877430107399732 22.440770084828333
296.5 23.879712553520832 22.441162490367933
297.0 23.88200463585056 22.44155943414843
297.4999999999999 23.884292057916824 22.441947018968904
298.0 23.88658420208163 22.442338024420824
298.5 23.888885413422265 22.442733665104456
298.9999999999999 23.89115759942175 22.44313606153165
299.5 23.89345269683968 22.44353082505594
300.0 23.89573742438325 22.44392812294763
300.4999999999999 23.898026189029498 22.444328731407047
301.0 23.900311106492296 22.444722449259547
301.5 23.902599961717797 22.445117847174455
301.9999999999999 23.90488626515466 22.44552601253007
302.5 23.907168835125457 22.445926212897902
303.0 23.909454646931994 22.446329768852795
303.4999999999999 23.911726840945057 22.44672835288899
304.0 23.914016589841395 22.447136555153712
304.5 23.916286644523886 22.447539533705246
304.9999999999999 23.918561904276572 22.44794208863582
305.5 23.92085502694545 22.448351741975973
306.0 23.923107201285685 22.44875273368187
306.4999999999999 23.925371105495405 22.449161322436577
307.0 23.927637665852895 22.449567639930304
307.5 23.929895394927474 22.449969413051477
307.9999999999999 23.932163663081212 22.450377329770088
308.5 23.93441107668741 22.450782414896167
309.0 23.93665749345282 22.45119464151471
309.4999999999999 23.93890414692364 22.451608663628146
310.0 23.941136751620324 22.45201180230086
310.5 23.943391441093137 22.45242368370704
310.9999999999999 23.945627524258875 22.45283795415864
311.5 23.947878100790657 22.453249449136376
312.0 23.950125795714 22.45366144781764
312.4999999999999 23.95236039301103 22.454082196869322
313.0 23.954613851714214 22.45449773384331
313.5 23.956857453908043 22.454907745155328
313.9999999999999 23.95912091709559 22.455328346333463
314.5 23.961345398582417 22.455743210214337
315.0 23.963616338979527 22.456171020629405
315.4999999999999 23.965848254077923 22.456585936917982
316.0 23.96810593155779 22.45701048220971
316.5 23.970353595398027 22.457435552737355
316.9999999999999 23.972587923775542 22.457856315755183
