FastTrWP/PhaseSpace/IAs/snIa_0.55_30.00_0.17_0.10.csv
# %ECSV 0.9
# ---
# datatype:
# - {name: time-rel, datatype: float64}
# - {name: g, datatype: float64}
# - {name: i, datatype: float64}
# schema: astropy-2.0
time-rel g i
[from data line 864]
582.2916666666666 23.739875231602813 22.353192943529073
582.7916666666666 23.740280052758077 22.352670910554654
583.2916666666666 23.74067438975377 22.352150809455203
583.7916666666666 23.741080968392517 22.351636631496596
584.2916666666666 23.741479904305713 22.351114680429482
584.7916666666666 23.74187756202427 22.35060622570518
585.2916666666666 23.74227140253693 22.350085366580373
585.7916666666666 23.74268304449415 22.349583079010422
586.2916666666666 23.743075500391164 22.349073533583308
586.7916666666666 23.74348161227011 22.34856607996235
587.2916666666666 23.74389663871682 22.34805608819403
587.7916666666666 23.74431611184903 22.347555997830966
588.2916666666666 23.744721535846548 22.347048005813587
588.7916666666666 23.74514882166619 22.34655140337029
589.2916666666666 23.745573239695958 22.346052149847104
589.7916666666666 23.746000685821947 22.34555677315354
590.2916666666666 23.74644046033132 22.345064244427345
590.7916666666666 23.746867387891374 22.344572393997687
591.2916666666666 23.74729667365134 22.344081993752816
591.7916666666666 23.74774876705863 22.34359759879624
592.2916666666666 23.748171533989684 22.343106399492655
592.7916666666666 23.74864187021402 22.342624598932574
593.2916666666666 23.74907474505351 22.342139261702773
593.7916666666666 23.74954205740274 22.341659783967263
594.2916666666666 23.749980181174273 22.34117706618903
594.7916666666666 23.750460085864912 22.34070601030851
595.2916666666666 23.750911733806003 22.340229491763942
595.7916666666666 23.751374168610987 22.339752919318787
596.2916666666666 23.751843546755104 22.33928846847366
596.7916666666666 23.752328296159572 22.338817026246463
597.2916666666666 23.75278698270749 22.338351357344088
597.7916666666666 23.753270944876554 22.337890775978696
598.2916666666666 23.753759701714742 22.337428585261247
598.7916666666666 23.754235283541206 22.336965442064916
599.2916666666666 23.75472709093707 22.33650849000179
599.7916666666666 23.755222881946814 22.33605294306114
600.2916666666666 23.755711350754012 22.33559605293766
600.7916666666666 23.75621220301982 22.335148965865027
601.2916666666666 23.75670314593508 22.334697216202024
601.7916666666666 23.757229230420478 22.334251111369596
602.2916666666666 23.757734714150438 22.333795936722957
602.7916666666666 23.75825427845036 22.333354496840215
603.2916666666666 23.758770345596627 22.332912345130744
603.7916666666666 23.759288945138298 22.332475770295886
604.2916666666666 23.759805099930617 22.33204152931815
604.7916666666666 23.760328321825458 22.33160625907432
605.2916666666666 23.76085220978198 22.331171654300764
605.7916666666666 23.761396446444945 22.33074018875132
606.2916666666666 23.76193302772659 22.330312916595144
606.7916666666666 23.76247389667153 22.32988727605468
607.2916666666666 23.763027260842755 22.329460912110996
607.7916666666666 23.763570079771277 22.329037078282006
608.2916666666666 23.76411572540396 22.328618504620913
608.7916666666666 23.764669524030538 22.32820356424718
609.2916666666666 23.765228309818216 22.327779847717185
609.7916666666666 23.765800726653403 22.32736683532852
610.2916666666666 23.766352608140515 22.32696366521256
610.7916666666666 23.76693546948058 22.326550453171166
611.2916666666666 23.76749934519063 22.32613679917886
611.7916666666666 23.76808154158878 22.32574226247912
612.2916666666666 23.76866316287117 22.32533035495775
612.7916666666666 23.769235834251177 22.324930270155605
613.2916666666666 23.76983330741512 22.32453793078824
613.7916666666666 23.77041686668436 22.324137427356185
614.2916666666666 23.77100434466838 22.323747472495306
614.7916666666666 23.771600736761567 22.32335433948017
615.2916666666666 23.772211661640018 22.322963433309017
615.7916666666666 23.77281172227107 22.322577647179784
616.2916666666666 23.7734292110667 22.322198174883813
616.7916666666666 23.774039816659432 22.321813893028168
617.2916666666666 23.774652061292215 22.321434523996576
617.7916666666666 23.77527381233161 22.32105143837437
618.2916666666666 23.775902801503385 22.320683893680254
618.7916666666666 23.77653439586513 22.32030373392073
619.2916666666666 23.77716462307604 22.319936876974843
619.7916666666666 23.777783831913485 22.31956895037328
620.2916666666666 23.7784263293376 22.319199943770393
620.7916666666666 23.779075285825826 22.318836682717404
621.2916666666666 23.779725495000275 22.318474058366892
621.7916666666666 23.780383247517804 22.318105657489802
622.2916666666666 23.781036575897776 22.317756172641097
622.7916666666666 23.78169053785626 22.317403988092433
623.2916666666666 23.78234307657152 22.317055348030266
623.7916666666666 23.783025445615287 22.31669854795465
624.2916666666666 23.783689081155316 22.316349198495512
624.7916666666666 23.784369023911864 22.316002528640656
625.2916666666666 23.7850447219345 22.3156565588748
625.7916666666666 23.785716587522106 22.31531538250661
626.2916666666666 23.786403493740895 22.3149751478671
626.7916666666666 23.78709634923425 22.314631050391746
627.2916666666666 23.787789991406306 22.314299125344455
627.7916666666666 23.788479855249804 22.313962691450165
628.2916666666666 23.78918975050173 22.313629702744173
628.7916666666666 23.78988172963496 22.313293704368956
629.2916666666666 23.790595843536874 22.312970453495943
629.7916666666666 23.791293363243803 22.312641820954155
630.2916666666666 23.792028947439945 22.312312612546755
630.7916666666666 23.79274057950207 22.311989213162523
631.2916666666666 23.793459785440483 22.311671164937227
631.7916666666666 23.79419243448664 22.311354799051077
632.2916666666666 23.794917200626177 22.311030918778407
632.7916666666666 23.795657949809083 22.310717959797152
633.2916666666666 23.796395732972762 22.310406728337398
633.7916666666666 23.797140323444147 22.310101396250065
634.2916666666666 23.79788998694802 22.309783650857597
634.7916666666666 23.798632454807233 22.30947852670615
635.2916666666666 23.799386072403358 22.309182255824386
635.7916666666666 23.800138942721688 22.308871935024985
636.2916666666666 23.800893927106188 22.308573779544542
636.7916666666666 23.801664281584976 22.30828281407127
637.2916666666666 23.802440607919042 22.307984106281545
637.7916666666666 23.80319651655853 22.307683930970235
638.2916666666666 23.803988751497588 22.307397670620546
638.7916666666666 23.804779541287427 22.307107058975234
639.2916666666666 23.805558494999346 22.30681885636468
639.7916666666666 23.806341732581938 22.306536940579008
640.2916666666666 23.807134100545454 22.306252201329908
640.7916666666666 23.80793329088901 22.305972002919695
641.2916666666666 23.808732353818286 22.305684627074683
641.7916666666666 23.809541556297695 22.305414141493696
642.2916666666666 23.81035427435203 22.30514283513983
642.7916666666666 23.811162728559992 22.30487181733273
643.2916666666666 23.811982425836323 22.304603917943084
643.7916666666666 23.812800190072522 22.304322475374356
644.2916666666666 23.81363466776234 22.304063803138252
644.7916666666666 23.814458480780353 22.30380110654788
645.2916666666666 23.815298788877385 22.303536641213256
645.7916666666666 23.816144074523212 22.3032727940897
646.2916666666666 23.8169801803648 22.303020123377504
646.7916666666666 23.81782162155032 22.302775785427368
647.2916666666666 23.81866405492934 22.302519807212157
647.7916666666666 23.819527410649776 22.302262395581216
648.2916666666666 23.820400246869653 22.302014458439498
648.7916666666666 23.82124531970271 22.301775198213846
649.2916666666666 23.822115780623413 22.301529373638893
649.7916666666666 23.822991232374513 22.301284500568826
650.2916666666666 23.82387198400439 22.301043819056382
650.7916666666666 23.82474058839835 22.300806936224472
651.2916666666666 23.825635405273896 22.300579184718202
651.7916666666666 23.826526378989833 22.300337214945486
652.2916666666666 23.827409226876224 22.300113030339293
652.7916666666666 23.828303596365505 22.299882990688673
653.2916666666666 23.829221394160363 22.2996589253935
653.7916666666666 23.830123139552768 22.29943412968302
654.2916666666666 23.831035694633634 22.299207317372847
654.7916666666666 23.83194799014528 22.298990242698583
655.2916666666666 23.832859726377276 22.298775731858548
655.7916666666666 23.833786116194773 22.298568087099426
656.2916666666666 23.834714130424352 22.29834943016321
656.7916666666666 23.83565607928503 22.298141619654835
657.2916666666666 23.83658186460558 22.297934469732734
657.7916666666666 23.837534142519324 22.297726203342172
658.2916666666666 23.83848408035584 22.297526285330115
658.7916666666666 23.83942864552443 22.297324342330953
659.2916666666666 23.84038048723766 22.29713090450907
659.7916666666666 23.841335145697723 22.296931496653407
660.2916666666666 23.842307913844515 22.29674441751447
660.7916666666666 23.843283728396145 22.29654751534791
661.2916666666666 23.844266004121604 22.29636356016995
661.7916666666666 23.845247903109318 22.29617345217332
662.2916666666666 23.846244624880583 22.295998217970514
662.7916666666666 23.847240467566383 22.29581266129905
663.2916666666666 23.84824387500505 22.29563124618055
663.7916666666666 23.84925310661057 22.295461927532763
664.2916666666666 23.8502773612348 22.295289892557054
664.7916666666666 23.851288868959415 22.29511786700362
665.2916666666666 23.852327547665947 22.29493936202188
665.7916666666666 23.853360904519004 22.294781220472565
666.2916666666666 23.854395953614663 22.2946093784298
666.7916666666666 23.855439787394662 22.294454040112534
667.2916666666666 23.856494960966565 22.2942931085071
667.7916666666666 23.857539895148633 22.294136611871657
668.2916666666666 23.85860466532648 22.29398732091522
668.7916666666666 23.859678629890702 22.293827742624362
669.2916666666666 23.860744073948297 22.29367882833013
669.7916666666666 23.861814723512374 22.29353213222765
670.2916666666666 23.862901934442387 22.29338740476922
670.7916666666666 23.86399503931091 22.29324143079439
671.2916666666666 23.86507118732254 22.293100425416952
671.7916666666666 23.866171314393377 22.292960752859447
672.2916666666666 23.86727462076366 22.29282399821326
672.7916666666666 23.868374910205144 22.29268750180287
673.2916666666666 23.869477002370495 22.292548281249886
673.7916666666666 23.870609811512566 22.292421644245664
674.2916666666666 23.87172195588075 22.292291875454545
674.7916666666666 23.872838761856343 22.292162537969197
675.2916666666666 23.873961724852464 22.292042764236946
675.7916666666666 23.875090948213455 22.291917066398877
676.2916666666666 23.87623095818342 22.291799227141958
676.7916666666666 23.877366636684947 22.29168264098466
677.2916666666666 23.87851276763743 22.29156338987494
677.7916666666666 23.879662222441578 22.29144643230446
678.2916666666666 23.88081444485717 22.29133264223169
678.7916666666666 23.881966253691438 22.29122762396436
679.2916666666666 23.883131698947476 22.291112156308234
679.7916666666666 23.884292158514068 22.29100801641293
680.2916666666666 23.885445316935737 22.29090398592623
680.7916666666666 23.886614922368118 22.290799156952033
681.2916666666666 23.887791687910656 22.290695807430335
681.7916666666666 23.888973262860524 22.290598718889424
682.2916666666666 23.890157671871712 22.29050165832073
682.7916666666666 23.891329870190404 22.290402124149775
683.2916666666666 23.89253015665249 22.290313206798828
683.7916666666666 23.893722208865057 22.29022349943218
684.2916666666666 23.89490580442596 22.290126149350048
684.7916666666666 23.896088529836863 22.290037791530818
685.2916666666666 23.897290347047058 22.289957879952816
685.7916666666666 23.89848987539576 22.28987059970669
686.2916666666666 23.899697150663602 22.289784876428605
686.7916666666666 23.900909777032254 22.289707761470474
687.2916666666666 23.902116930327395 22.289628563025733
687.7916666666666 23.90331429464464 22.289547581514224
688.2916666666666 23.90454610015514 22.289471503167345
688.7916666666666 23.90575450268625 22.289393690223115
689.2916666666666 23.90696634025423 22.289325395924806
689.7916666666666 23.908195742759478 22.28924784746652
690.2916666666666 23.909412376702544 22.28918292723189
690.7916666666666 23.910634823665564 22.28911144814171
691.2916666666666 23.91186474881808 22.289048561847057
691.7916666666666 23.913090616792402 22.288980433257834
692.2916666666666 23.91431238354482 22.28891609785802
692.7916666666666 23.915555652961892 22.288861220656557
693.2916666666666 23.9167873007661 22.288803660598813
693.7916666666666 23.91801438360983 22.288742475896626
694.2916666666666 23.919257224477334 22.28867585891461
694.7916666666666 23.92048129166287 22.28861951311893
695.2916666666666 23.92171024868972 22.288566337275192
695.7916666666666 23.922974470572846 22.28852213613711
