FastTrWP/PhaseSpace/IAs/snIa_0.61_30.00_0.68_-0.08.csv
# %ECSV 0.9
# ---
# datatype:
# - {name: time-rel, datatype: float64}
# - {name: g, datatype: float64}
# - {name: i, datatype: float64}
# schema: astropy-2.0
time-rel g i
76.72916666666667 26.99857016972032 25.607355140308545
77.22916666666667 26.98792797589698 25.597347184423143
77.72916666666666 26.977310885927363 25.5873369221432
78.22916666666667 26.96663813714491 25.577234417178826
78.72916666666667 26.955865430819053 25.567163950852194
79.22916666666666 26.945062024158894 25.55702680606299
79.72916666666667 26.93431536944733 25.54688182228332
80.22916666666667 26.923521027981188 25.536730605381898
80.72916666666666 26.912756639983026 25.52661223609689
81.22916666666667 26.901960993495866 25.5164740568804
81.72916666666667 26.89115553337877 25.506350196911455
82.22916666666666 26.880409453336455 25.496193985069617
82.72916666666667 26.86962559065693 25.486064520111242
83.22916666666667 26.858903569274677 25.475925958708157
83.72916666666666 26.84810440496269 25.465821380367277
84.22916666666667 26.837359100082764 25.455711238925854
84.72916666666667 26.826587284341528 25.445603573451564
85.22916666666666 26.81583955169254 25.43553177384048
85.72916666666667 26.805158228279403 25.42545886184398
86.22916666666667 26.794417397620023 25.415387037359515
86.72916666666666 26.783711241314293 25.4053401429467
87.22916666666667 26.773101783715468 25.395294866360175
87.72916666666667 26.76242335956914 25.385277122532838
88.22916666666666 26.751773176561127 25.37531184268936
88.72916666666667 26.74115843302178 25.365326408083106
89.22916666666667 26.730572312938357 25.355350948301062
89.72916666666666 26.719992523118997 25.345419842912783
90.22916666666667 26.709428569032422 25.335502811207043
90.72916666666667 26.698957005603607 25.325626233983233
91.22916666666666 26.688418739023234 25.315755423557786
91.72916666666667 26.67794631997864 25.305893050670818
92.22916666666667 26.66752143708709 25.296070043172385
92.72916666666666 26.65711591320393 25.286272863272814
93.22916666666667 26.646761073356025 25.27652118340006
93.72916666666667 26.636388603034558 25.266796843663055
94.22916666666666 26.6260608422775 25.25705683641686
94.72916666666667 26.615809508041444 25.247363132493277
95.22916666666667 26.60554135195141 25.237698480348282
95.72916666666666 26.59533732808459 25.22809300932399
96.22916666666667 26.585126040400038 25.218491179032565
96.72916666666667 26.574934387563893 25.208941533228945
97.22916666666666 26.56482574952247 25.19938101088703
97.72916666666667 26.554739434785883 25.18985922696444
98.22916666666667 26.5447065981702 25.180407896287747
98.72916666666666 26.5346656821178 25.170971622003364
99.22916666666667 26.524708446342906 25.161570246981135
99.72916666666667 26.514772185344885 25.15218141156883
100.22916666666666 26.504832965852344 25.142823943654598
100.72916666666667 26.49495867895608 25.133535208535278
101.22916666666667 26.48514340082454 25.124246355274185
101.72916666666666 26.475365392442352 25.115010083637085
102.22916666666667 26.465626899199208 25.10579299806299
102.72916666666667 26.455893526357954 25.09661970258209
103.22916666666666 26.446245900543104 25.087472724543524
103.72916666666667 26.436595305760548 25.07837560271701
104.22916666666667 26.426973502053073 25.069310485464662
104.72916666666667 26.41747829034202 25.0602351834385
105.22916666666667 26.40793465755803 25.051265336931902
105.72916666666667 26.398405965520272 25.042315285650126
106.22916666666667 26.389001844777987 25.03340475399762
106.72916666666667 26.379609414036494 25.024501732804506
107.22916666666667 26.37026800719937 25.01565345732512
107.72916666666667 26.36093811870967 25.006831352650494
108.22916666666667 26.351665952755717 24.9980631683939
108.72916666666667 26.34242078742172 24.989322282781888
109.22916666666667 26.333253441537497 24.980617387147174
109.72916666666667 26.324125702848416 24.97196193650248
110.22916666666667 26.314950612737164 24.96329747421816
110.72916666666667 26.305882949593013 24.954723548027925
111.22916666666667 26.296909707585023 24.946180996883417
111.72916666666667 26.2878616162292 24.93765463072166
112.22916666666667 26.279000700594466 24.929183536793946
112.72916666666667 26.270075440998575 24.920749345844804
113.22916666666667 26.26120430990806 24.91234712627787
113.72916666666667 26.25237514840662 24.903972229263317
114.22916666666667 26.24359866803698 24.895639694892363
114.72916666666667 26.23487533626408 24.887351031343997
115.22916666666667 26.226163450781023 24.879122975033358
115.72916666666667 26.217535796515467 24.870890327158538
116.22916666666667 26.208934342339806 24.86271378636442
116.72916666666667 26.200380065326414 24.854563595432158
117.22916666666667 26.191853461067286 24.846469733268165
117.72916666666667 26.183384204313292 24.838416406167248
118.22916666666667 26.17491767309732 24.830362393526055
118.72916666666667 26.166472606136878 24.82236766148116
119.22916666666667 26.15805720926685 24.81436412230485
119.72916666666667 26.14968006984057 24.806415396004788
120.22916666666667 26.14136205941105 24.798450254770685
120.72916666666667 26.13300558417359 24.7905270969626
121.22916666666667 26.124688980591344 24.78263375417395
121.72916666666667 26.116396917340214 24.774732035934555
122.22916666666667 26.108136022878238 24.766867539686295
122.72916666666667 26.099906487554556 24.75902774001299
123.22916666666667 26.091665151634178 24.75121750818447
123.72916666666667 26.08348322915701 24.743437572068547
124.22916666666667 26.07531419518919 24.735643043213646
124.72916666666667 26.067207392244715 24.727904091473278
125.22916666666667 26.05908197760907 24.7201838912595
125.72916666666667 26.050966226872756 24.712488585357782
126.22916666666667 26.042955002846654 24.70479702708613
126.72916666666667 26.034891351117942 24.697149565700247
127.22916666666667 26.026910056040265 24.68951224509396
127.72916666666667 26.018896818143006 24.681899741018
128.22916666666666 26.010950530733407 24.674342559445517
128.72916666666666 26.003019211971925 24.666774458084465
129.22916666666666 25.995129445316216 24.65924324008308
129.72916666666666 25.987312688419877 24.651731751820563
130.22916666666666 25.97943038341567 24.644249477517267
130.72916666666666 25.971618743220468 24.63677772465108
131.22916666666666 25.963800072761664 24.629367118482293
131.72916666666666 25.956065721293726 24.621969246723275
132.22916666666666 25.948330171077124 24.61457266123753
132.72916666666666 25.94062918625873 24.607210863875682
133.22916666666666 25.932922481151763 24.599893614884998
133.72916666666666 25.925286847837828 24.592589429880547
134.22916666666666 25.917637685027685 24.585282376757505
134.72916666666666 25.91006319990303 24.578033831236752
135.22916666666666 25.902449865247675 24.570804524393406
135.72916666666666 25.894935355862305 24.563596482453235
136.22916666666666 25.887447077559692 24.55640048962254
136.72916666666666 25.8799518962888 24.54926576761796
137.22916666666666 25.87248050134948 24.54213182163421
137.72916666666666 25.865050108358684 24.5350281815379
138.22916666666666 25.857633734364 24.527948237145093
138.72916666666666 25.850261068340732 24.52088517720407
139.22916666666666 25.842923448579423 24.513859160670542
139.72916666666666 25.835601154859916 24.50684946924907
140.22916666666666 25.828308543553145 24.499902147604317
140.72916666666666 25.821024090090148 24.492948417002545
141.22916666666666 25.813810312069382 24.486012502729636
141.72916666666666 25.806595549572403 24.479116699438684
142.22916666666666 25.799393833409464 24.472263726553006
142.72916666666666 25.79226889806474 24.465404542767576
143.22916666666666 25.785146815257672 24.458569459887652
143.72916666666666 25.778067347438824 24.451760393048296
144.22916666666666 25.770984972931362 24.445039014340352
144.72916666666666 25.763924716246226 24.438274367770955
145.22916666666666 25.75693878159081 24.431560940819427
145.72916666666666 25.749934679930927 24.424856433977315
146.22916666666666 25.742994688314553 24.418194448245004
146.72916666666666 25.736075138944475 24.411559187873134
147.22916666666666 25.72915220495526 24.40492311844214
147.72916666666666 25.72229407571755 24.39836093771153
148.22916666666666 25.71543271577438 24.39177561884383
148.72916666666666 25.708639754502485 24.38524479165968
149.22916666666666 25.701839569295334 24.3787154253464
149.72916666666666 25.695069767439445 24.372247280606313
150.22916666666666 25.688339032688802 24.365772435477624
150.72916666666666 25.68165153369266 24.35934721012603
151.22916666666666 25.674949113913698 24.352937899312806
151.72916666666666 25.668299347281053 24.346536156123953
152.22916666666666 25.66168680970025 24.340187901091277
152.72916666666666 25.655078189804872 24.33384152322479
153.22916666666666 25.64851903887623 24.327532141279484
153.72916666666666 25.641972669887924 24.321242484077416
154.22916666666666 25.6354641211615 24.315001202705105
154.72916666666666 25.62898192718066 24.308751579291588
155.22916666666666 25.62253143558539 24.302547210323183
155.72916666666666 25.616123030676086 24.296352956292644
156.22916666666666 25.609666088438132 24.290182717506763
156.72916666666666 25.60332063240356 24.284069890951592
157.22916666666666 25.59693897132427 24.277922302851334
157.72916666666666 25.59059974118284 24.271820404900666
158.22916666666666 25.58426134645301 24.265722988126974
158.72916666666666 25.57799566606521 24.259650119985036
159.22916666666666 25.571711884844063 24.253559160714833
159.72916666666666 25.56544725359448 24.247500286771675
160.22916666666666 25.559227680382044 24.241467737927177
160.72916666666666 25.5530443427245 24.235439916668152
161.22916666666666 25.546850229585935 24.22941815946364
161.72916666666666 25.540658565878726 24.223427997907226
162.22916666666666 25.5345027460525 24.21745436568748
162.72916666666666 25.528362907241142 24.211493224126084
163.22916666666666 25.522270330003202 24.205521682986046
163.72916666666666 25.516165476943907 24.199608345020742
164.22916666666666 25.510120762897955 24.193655450492358
164.72916666666666 25.50405707508122 24.18777558324962
165.22916666666666 25.498037258502777 24.18188280160917
165.72916666666666 25.49201524751638 24.17604204988375
166.22916666666666 25.48602482939128 24.170177739760035
166.72916666666666 25.480073168351048 24.164335294121
167.22916666666666 25.474098034196512 24.1585030306636
167.72916666666666 25.4681546309468 24.152704797492962
168.22916666666666 25.46224316307984 24.146931492663
168.72916666666663 25.456325950135454 24.141176481871597
169.22916666666666 25.450450773794486 24.13541710434488
169.72916666666666 25.444587470043885 24.129663200528533
170.22916666666663 25.438727949224113 24.12397971367481
170.72916666666666 25.43292669534881 24.11828128618747
171.22916666666666 25.427112779408624 24.112582070553753
171.72916666666663 25.421307848580575 24.106930151973277
172.22916666666666 25.415557381358948 24.101305442793347
172.72916666666666 25.409766681551666 24.09569361834912
173.22916666666663 25.404028949223413 24.090074324686746
173.72916666666666 25.39832744882396 24.084501719925132
174.22916666666666 25.39262521228582 24.078921729147016
174.72916666666663 25.3869281072871 24.073388655280358
175.22916666666666 25.38123929588519 24.06784714676536
175.72916666666666 25.375580104130677 24.062347486960252
176.22916666666663 25.369967851344292 24.056853946652943
176.72916666666666 25.36431471652405 24.05139449699053
177.22916666666666 25.358738927884104 24.04595623454354
177.72916666666663 25.353166546650492 24.040521134960983
178.22916666666666 25.347570825500206 24.035091167358004
178.72916666666666 25.342014081113877 24.029726878371633
179.22916666666663 25.33646053928812 24.024350993719583
179.72916666666666 25.330970799338598 24.018991193491463
180.22916666666666 25.325441973401905 24.013662942343682
180.72916666666663 25.31992262042489 24.00834816831814
181.22916666666666 25.3144829629081 24.003063878298004
181.72916666666666 25.309016990198483 23.997786206199745
182.22916666666663 25.303572704899864 23.992521766119275
182.72916666666666 25.298169559440904 23.987319969046013
183.22916666666666 25.29271088491744 23.982100628188032
183.72916666666663 25.28731723820129 23.976898553043334
184.22916666666666 25.28193076901959 23.971737214026987
184.72916666666666 25.276591123314688 23.966582384207662
185.22916666666663 25.271211087713162 23.961448492793245
185.72916666666666 25.265876662030035 23.956348122904352
186.22916666666666 25.260555964543624 23.951259594155083
186.72916666666663 25.255257115090217 23.94617697560257
187.22916666666666 25.249948384439346 23.941142511856892
187.72916666666666 25.24468581947489 23.93611594904941
188.22916666666663 25.239410500186153 23.931103164315076
188.72916666666666 25.234167275920306 23.92611769231553
189.22916666666666 25.228914636440088 23.921162593604556
189.72916666666663 25.22371487181017 23.916211033815298
190.22916666666666 25.218491885361697 23.91127958329834
190.72916666666666 25.21329817114722 23.906388584400624
191.22916666666663 25.208098792138614 23.901501172906325
191.72916666666666 25.20295813240523 23.896644473031238
192.22916666666666 25.197805075401632 23.89179620858629
192.72916666666663 25.192652695664584 23.88698708476277
193.22916666666666 25.187516557053385 23.88218061208319
193.72916666666666 25.182401146696645 23.877407612720233
194.22916666666663 25.177299175221634 23.87265162035376
194.72916666666666 25.17222027433558 23.867913561872424
195.22916666666666 25.16715750515511 23.863196401147935
195.72916666666663 25.162106791829466 23.858489086500416
196.22916666666666 25.157061128041377 23.853789837744785
196.72916666666666 25.151991255242176 23.849122435399703
197.22916666666663 25.14700351216931 23.84445138870475
197.72916666666666 25.142041476359736 23.83977385794413
198.22916666666666 25.1370336745849 23.83513898833046
198.72916666666663 25.13205158726247 23.830474682126997
199.22916666666666 25.127099479655666 23.825881747236384
199.72916666666666 25.122155744170698 23.821264793241443
200.22916666666663 25.11721028974811 23.81666088805831
200.72916666666666 25.1123097226849 23.812080780707706
201.22916666666666 25.107394243493903 23.807508807147308
201.72916666666663 25.102514863448448 23.802947846575538
202.22916666666666 25.09763865264687 23.798400351787862
202.72916666666666 25.092775316604204 23.793849763449533
203.22916666666663 25.08791066310042 23.78933962772908
203.72916666666666 25.083086131756613 23.784812691154812
204.22916666666666 25.07825473658237 23.780322942367846
204.72916666666663 25.073407088066787 23.77584804489295
205.22916666666666 25.068636952934536 23.771369626369626
205.72916666666666 25.063832250582102 23.766914095233297
206.22916666666663 25.059060338352953 23.76246321844649
206.72916666666666 25.054297685005558 23.75803815545273
207.22916666666666 25.04952072150377 23.753608594344755
207.72916666666663 25.04478247034045 23.749228835718476
208.22916666666666 25.04007617102427 23.74482795709679
208.72916666666666 25.035342146284357 23.74044706360058
209.22916666666663 25.03060868336195 23.736074654521797
209.72916666666666 25.02589287547147 23.731727193785254
210.22916666666666 25.021232744488252 23.727393685009247
210.72916666666663 25.01653722352305 23.723078205263963
211.22916666666666 25.011890578521353 23.718775610278207
211.72916666666666 25.007219397139217 23.71447544204198
212.22916666666663 25.002581094391786 23.71019605655203
212.72916666666666 24.997920526293246 23.705936129139253
213.22916666666666 24.993325738020783 23.701673188944028
213.72916666666663 24.988714102527474 23.697442100600384
214.22916666666666 24.984077094171383 23.69323335583161
214.72916666666666 24.979492292898534 23.68899913848887
215.22916666666663 24.97491046661359 23.68482619589779
215.72916666666666 24.970348011518016 23.680648263885523
216.22916666666666 24.96577071811137 23.676476313586697
216.72916666666663 24.961222530966403 23.67232695838529
217.22916666666666 24.956681196888553 23.66819401789059
217.72916666666666 24.952144289646693 23.66407347028119
218.22916666666663 24.94760056121084 23.65996430222982
218.72916666666666 24.943066902689356 23.655871709835104
