FastTrWP/PhaseSpace/IAs/snIa_0.36_30.00_1.62_0.04.csv
# %ECSV 0.9
# ---
# datatype:
# - {name: time-rel, datatype: float64}
# - {name: g, datatype: float64}
# - {name: i, datatype: float64}
# schema: astropy-2.0
time-rel g i
[from data line 575]
439.41666666666663 23.120133427518297 22.82871491341018
439.9166666666667 23.11825172228135 22.826868008125274
440.4166666666667 23.116370330428616 22.825033012237213
440.91666666666663 23.11448205592322 22.82319871812408
441.4166666666667 23.112624487435788 22.82136986754796
441.9166666666667 23.11074410572308 22.819546102266415
442.41666666666663 23.108891164704907 22.81772212936321
442.9166666666667 23.107048702584425 22.815914923186075
443.4166666666667 23.105193394443635 22.81410745831531
443.91666666666663 23.103358036128256 22.81229465146297
444.4166666666667 23.101529618796523 22.81049858023863
444.9166666666667 23.09969687288514 22.808708878716082
445.41666666666663 23.097890734418623 22.806919127838047
445.9166666666667 23.09607307818147 22.805137555331815
446.4166666666667 23.0942609188034 22.803358273175277
446.91666666666663 23.0924704451297 22.80158736635783
447.4166666666667 23.09067825306387 22.799825437828154
447.9166666666667 23.088902747517515 22.79805925227718
448.41666666666663 23.087135020467592 22.796298826451853
448.9166666666667 23.085359770891742 22.794550107632606
449.4166666666667 23.083607099193337 22.79279986429501
449.91666666666663 23.08185579672861 22.791059694035077
450.4166666666667 23.080107192853667 22.78932983604287
450.9166666666667 23.078370092919837 22.78760832440629
451.41666666666663 23.076634847512697 22.785885814184894
451.9166666666667 23.074923487966203 22.784160845901038
452.4166666666667 23.073212343666935 22.782459615227673
452.91666666666663 23.071497789348953 22.780760042286516
453.4166666666667 23.06980475905094 22.779048533139907
453.9166666666667 23.068120388814897 22.77736219198191
454.41666666666663 23.06643169363354 22.775673456535202
454.9166666666667 23.064765486816093 22.77399711680836
455.4166666666667 23.063099409665963 22.772321056029774
455.91666666666663 23.061443444358897 22.770652766889476
456.4166666666667 23.059800186474288 22.76899002237578
456.9166666666667 23.058159025445995 22.767324704566505
457.41666666666663 23.056531357007998 22.765675225216334
457.9166666666667 23.054906328527586 22.764034052027565
458.4166666666667 23.053295168685715 22.762394677105313
458.91666666666663 23.051692027857626 22.76076169088075
459.4166666666667 23.050095264562948 22.75914018408239
459.9166666666667 23.048507962970884 22.757521924054917
460.41666666666663 23.046930770648366 22.755914531998545
460.9166666666667 23.04536666681461 22.754307843599996
461.4166666666667 23.043802591073916 22.752712067857225
461.91666666666663 23.042257330978842 22.75111626175143
462.4166666666667 23.040723006114735 22.749538595463378
462.9166666666667 23.03918073695379 22.747946793455476
463.41666666666663 23.037661378840866 22.74637956441634
463.9166666666667 23.036142377446662 22.744807041275436
464.4166666666667 23.034637283595686 22.74325373103617
464.91666666666663 23.033147401606122 22.741695387544105
465.4166666666667 23.031666414442846 22.740161450077206
465.9166666666667 23.03018795940257 22.738612414909753
466.41666666666663 23.02872074463567 22.73708983477401
466.9166666666667 23.027268457485846 22.735567249508954
467.4166666666667 23.025825642794043 22.73404454343684
467.91666666666663 23.024395100627373 22.732531578338538
468.4166666666667 23.022953550535927 22.731024578994926
468.9166666666667 23.0215210682346 22.729522688792173
469.41666666666663 23.02010919410776 22.72802011650633
469.9166666666667 23.018702839105675 22.726533281973495
470.4166666666667 23.017295324701095 22.725046986076368
470.91666666666663 23.015897813591376 22.72356760303223
471.4166666666667 23.014513390752516 22.72208521417072
471.9166666666667 23.013126844768244 22.7206237123238
472.41666666666663 23.011761623994307 22.71914790659283
472.9166666666667 23.01038860157952 22.717697813454173
473.4166666666667 23.009023886654752 22.71624083599287
473.91666666666663 23.00768210299782 22.714796306880846
474.4166666666667 23.00633359806286 22.713358651981693
474.9166666666667 23.00499111371382 22.711915142634048
475.41666666666663 23.003660588482102 22.71048341058229
475.9166666666667 23.002331997831355 22.709049997594665
476.4166666666667 23.001017789666726 22.70762518679423
476.91666666666663 22.999702856096647 22.70620230875238
477.4166666666667 22.99840329351611 22.70480140074905
477.9166666666667 22.99710408675892 22.703390652232255
478.41666666666663 22.995820585614123 22.701993391978483
478.9166666666667 22.99454090055098 22.7005939447304
479.4166666666667 22.9932664850877 22.699204776665706
479.91666666666663 22.99200479721453 22.69781462403237
480.4166666666667 22.990737469972203 22.696431426586507
480.9166666666667 22.989485396927524 22.695052387349016
481.41666666666663 22.988235432350375 22.693687345691238
481.9166666666667 22.986995366046322 22.69232231575622
482.4166666666667 22.985768765015578 22.690960243009357
482.91666666666663 22.98454252986196 22.689606762580414
483.4166666666667 22.983330031638012 22.68826097243547
483.9166666666667 22.982125651838274 22.686916024477625
484.41666666666663 22.980918669652315 22.68557118015493
484.9166666666667 22.979724015836158 22.68424393325902
485.4166666666667 22.978535041443827 22.68291676138947
485.91666666666663 22.977357145568437 22.68159330183731
486.4166666666667 22.97617793414912 22.68026843869258
486.9166666666667 22.9750243609088 22.678954745060768
487.4166666666667 22.973855345343054 22.67763744500322
487.9166666666667 22.97269853834754 22.67635134108485
488.4166666666667 22.971554852888115 22.67505682365528
488.9166666666667 22.970426217726168 22.673754399938723
489.4166666666667 22.9692948580254 22.672469004714742
489.9166666666667 22.968180043436863 22.671190762730333
490.4166666666667 22.967057205883414 22.669907717770887
490.9166666666667 22.965956084377403 22.66863822511025
491.4166666666667 22.96484854809603 22.667374700057017
491.9166666666667 22.96375209316554 22.666113012896396
492.4166666666667 22.962673213016398 22.66484936241874
492.9166666666667 22.96159707882614 22.663598081286047
493.4166666666667 22.960519745069114 22.662351209129653
493.9166666666667 22.959460897621135 22.661116660184394
494.4166666666667 22.95840432345492 22.65988528392323
494.9166666666667 22.957357097387543 22.658643324617415
495.4166666666667 22.95630565310342 22.65741828582982
495.9166666666667 22.955274210897358 22.656203952104732
496.4166666666667 22.95424510794078 22.65498670698564
496.9166666666667 22.953233969077473 22.653774188145086
497.4166666666667 22.952223578239924 22.652574393888756
497.9166666666667 22.951214389932687 22.651376311594955
498.4166666666667 22.95021590773166 22.650172696617098
498.9166666666667 22.949229739823537 22.64899714804983
499.4166666666667 22.948242957753422 22.64780437803712
499.9166666666667 22.947260139889014 22.646626733560677
500.4166666666667 22.946288795016745 22.645460005927948
500.9166666666667 22.94532964518167 22.64427946370767
501.4166666666667 22.94437092834091 22.643105598314893
501.9166666666667 22.94342151398013 22.641947624735735
502.4166666666667 22.942481357668566 22.640798744388167
502.9166666666667 22.941544998219477 22.639640100664277
503.4166666666667 22.94060854444913 22.63849323279456
503.9166666666667 22.939679572280745 22.637350588237094
504.4166666666667 22.938764502442094 22.63621417939592
504.9166666666667 22.937847923321396 22.635071660801902
505.4166666666667 22.93693845555527 22.633942758889667
505.9166666666667 22.936042022016075 22.632811618823464
506.4166666666667 22.93513841097619 22.63169890356671
506.9166666666667 22.934259464963475 22.630584559089847
507.4166666666667 22.93337366314287 22.629466337131777
507.9166666666667 22.932498362221455 22.628362093740616
508.4166666666667 22.931627246279778 22.627250238387315
508.9166666666667 22.930761845268982 22.626159089076733
509.4166666666667 22.929901097628335 22.625062675062914
509.9166666666667 22.929060006502393 22.623969803777136
510.4166666666667 22.928216229499775 22.62288582701521
510.9166666666667 22.92736920225538 22.62180959676346
511.4166666666667 22.926542194644167 22.620725568567263
511.9166666666667 22.92571815273614 22.61965741619178
512.4166666666666 22.924902266133355 22.618596947794867
512.9166666666666 22.924090580531768 22.617528679828325
513.4166666666666 22.923292588374377 22.616475168863953
513.9166666666666 22.922487939637865 22.615420775770097
514.4166666666666 22.9216933553521 22.614367069060073
514.9166666666666 22.920921175681237 22.613327039001273
515.4166666666666 22.920133990000082 22.612286105259727
515.9166666666666 22.919365373225546 22.611250471595255
516.4166666666666 22.918599465005023 22.610224214608493
516.9166666666666 22.91784213139065 22.609195647197
517.4166666666666 22.917092628154165 22.60818086836203
517.9166666666666 22.916342434437375 22.607153884143678
518.4166666666666 22.915611119242865 22.60614534036906
518.9166666666666 22.9148740807087 22.605137940252323
519.4166666666666 22.914152317738697 22.604128285751557
519.9166666666666 22.91343205640235 22.603141100384896
520.4166666666666 22.912723661797955 22.602151657132566
520.9166666666666 22.91202412596157 22.601159083340157
521.4166666666666 22.911335474065076 22.6001711487871
521.9166666666666 22.910645010700698 22.599192853212315
522.4166666666666 22.909957778612544 22.598220849391446
522.9166666666666 22.909284143728293 22.597261342493105
523.4166666666666 22.9086056546763 22.59628489947584
523.9166666666666 22.907950626086055 22.595333661993138
524.4166666666666 22.90729995458658 22.59437537022832
524.9166666666666 22.90664988913187 22.593421231049827
525.4166666666666 22.906008485134826 22.592480509961916
525.9166666666666 22.90537229689587 22.591540030326996
526.4166666666666 22.904761966298576 22.59059869803523
526.9166666666666 22.904126360144367 22.589674628308842
527.4166666666666 22.903517481875095 22.588748761769107
527.9166666666666 22.9029178848143 22.587825145122288
528.4166666666666 22.902313999786088 22.586917347138893
528.9166666666666 22.901732338686646 22.585997850935804
529.4166666666666 22.9011456737038 22.58509838616654
529.9166666666666 22.900578969562005 22.58419038377837
530.4166666666666 22.90000179128227 22.58329733692985
530.9166666666666 22.89944739752063 22.58240094445883
531.4166666666666 22.898886753096296 22.58152326586364
531.9166666666666 22.898345408300663 22.580633611384147
532.4166666666666 22.897803723515967 22.579757305868952
532.9166666666666 22.897272676281393 22.578883229122383
533.4166666666666 22.896750047789475 22.57800621004876
533.9166666666666 22.896235595469122 22.577148266518876
534.4166666666666 22.895732454194825 22.57629740682613
534.9166666666666 22.895226824986054 22.57544290950961
535.4166666666666 22.89473511005909 22.57459163512554
535.9166666666666 22.894251779959678 22.573756075850454
536.4166666666666 22.893779660405013 22.57290907692131
536.9166666666666 22.893301888453482 22.572084191826537
537.4166666666666 22.892837978910432 22.571254264701864
537.9166666666666 22.89238530340169 22.570431894111454
538.4166666666666 22.891935231394783 22.56960965151023
538.9166666666666 22.89148534473098 22.56879195610476
539.4166666666666 22.891059190005734 22.567978775958206
539.9166666666666 22.890628267320146 22.5671713495133
540.4166666666666 22.89021038527711 22.56638178439111
540.9166666666666 22.889792913791688 22.565574505974347
541.4166666666666 22.889381152234286 22.56478579296477
541.9166666666666 22.88898479837016 22.564004835295542
542.4166666666666 22.88858538191985 22.56321926930449
542.9166666666666 22.888200092416522 22.56243244679378
543.4166666666666 22.8878223637337 22.561658617402
543.9166666666666 22.887437928246236 22.560885440011837
544.4166666666666 22.88707633084201 22.560123979727813
544.9166666666666 22.88670954081993 22.55935957103405
545.4166666666666 22.886352451789882 22.558593263437533
545.9166666666666 22.886001194917583 22.5578415877864
546.4166666666666 22.885662575713948 22.557094648426506
546.9166666666666 22.885324501561485 22.556347090451307
547.4166666666666 22.884991651991903 22.555608264965773
547.9166666666666 22.884674147423997 22.554869937136083
548.4166666666666 22.884348314983104 22.5541343426146
548.9166666666666 22.88403690520424 22.553404981707686
549.4166666666666 22.883733207042543 22.55268059335931
549.9166666666666 22.883421684605885 22.551949710947298
550.4166666666666 22.883121368831866 22.551230847656555
550.9166666666666 22.882836031594238 22.550523392664882
551.4166666666666 22.88255335870991 22.549807449445627
551.9166666666666 22.88226507174395 22.54909782163274
552.4166666666666 22.881995834847146 22.548400254635293
552.9166666666666 22.881730539789213 22.547698079590653
553.4166666666666 22.88145860114532 22.54699583642896
553.9166666666666 22.881201191179215 22.54630975487278
554.4166666666666 22.880953549200353 22.545616090141394
554.9166666666666 22.880700866998275 22.54492831366017
555.4166666666666 22.880455036915034 22.54425264867846
555.9166666666666 22.88022551628619 22.543562719814666
556.4166666666666 22.879983086716216 22.542891202792866
556.9166666666666 22.879765807996204 22.54222541547925
557.4166666666666 22.879544165410085 22.54154738870968
557.9166666666666 22.879319742170665 22.54089036773493
558.4166666666666 22.879108317808736 22.540231623210257
558.9166666666666 22.878897403590898 22.539561489806403
559.4166666666666 22.87869675438624 22.53891256912827
559.9166666666666 22.878504265582205 22.538260545221895
560.4166666666666 22.878306767847892 22.537616242002105
560.9166666666666 22.878128663199217 22.53696043298516
561.4166666666666 22.87793155078083 22.53631635549601
561.9166666666666 22.877754252126113 22.535680079310566
562.4166666666666 22.877573485539063 22.535048179535554
562.9166666666666 22.877399165020634 22.534406371965755
563.4166666666666 22.877237128726176 22.53377870716943
563.9166666666666 22.877076753810254 22.533144671664573
564.4166666666666 22.87691193798223 22.532525503989966
564.9166666666666 22.87675429000235 22.531912241232895
565.4166666666666 22.876609017842206 22.531294001811304
565.9166666666666 22.87647327586197 22.53067790319658
566.4166666666666 22.876340105409405 22.530068315749908
566.9166666666666 22.876220406706963 22.529462441398245
567.4166666666666 22.87609888973153 22.528862179685984
567.9166666666666 22.875989901323187 22.528273402965524
568.4166666666666 22.87588465851746 22.527681746887307
568.9166666666666 22.875789235944897 22.52710193482795
569.4166666666666 22.875697712620294 22.526512753697496
569.9166666666666 22.875615100295335 22.52593557566943
570.4166666666666 22.875538595058607 22.525360640532966
570.9166666666666 22.875474132349755 22.524786870322355
571.4166666666666 22.875405922170344 22.52422066520641
571.9166666666666 22.875352342564664 22.523666647825827
572.4166666666666 22.875303521013546 22.52310495071317
572.9166666666666 22.8752572571766 22.522547669028636
573.4166666666666 22.87521665838075 22.52199557094603
573.9166666666666 22.875187310141104 22.521457604772394
574.4166666666666 22.8751530886761 22.520913794588218
574.9166666666666 22.875137427205722 22.520376233359528
575.4166666666666 22.87511757637404 22.519835507819316
575.9166666666666 22.875098266149166 22.519302852638084
576.4166666666666 22.875098465878278 22.51877084766459
576.9166666666666 22.875093032827493 22.51824805025279
577.4166666666666 22.875096366309222 22.51772615846043
577.9166666666666 22.87510938479699 22.5172012109619
578.4166666666666 22.875117376216785 22.516677189525467
578.9166666666666 22.875135031366565 22.516164878141915
579.4166666666666 22.87515633697744 22.51565666042557
579.9166666666666 22.875184523031432 22.51514872709243
580.4166666666666 22.87521797107667 22.514637451828747
580.9166666666666 22.87523975965625 22.514137804852528
581.4166666666666 22.875280605320675 22.51363540912032
581.9166666666666 22.875321774820026 22.513139002223156
582.4166666666666 22.87537576300268 22.512636970355015
582.9166666666666 22.87541789058874 22.512149181883746
