FastTrWP/PhaseSpace/IAs/snIa_0.33_30.00_-0.16_-0.06.csv
# %ECSV 0.9
# ---
# datatype:
# - {name: time-rel, datatype: float64}
# - {name: g, datatype: float64}
# - {name: i, datatype: float64}
# schema: astropy-2.0
time-rel g i
[from data line 701]
-71.5 22.79566723765536 22.756243356747774
-71.0 22.79492247524224 22.755168765473496
-70.5 22.794184629978265 22.75411119480678
-70.0 22.79346291500607 22.75305001567336
-69.5 22.79274396873406 22.752007238804456
-69.0 22.792030959396442 22.75095923546283
-68.5 22.791317006373024 22.749917280169228
-68.0 22.790618149695327 22.7488783658302
-67.5 22.789928566192792 22.74783786147648
-67.0 22.78923058947977 22.74681097977315
-66.5 22.78855682717465 22.745787420429075
-66.0 22.787880520779243 22.744765709815997
-65.5 22.787214284815718 22.74374877344076
-65.0 22.786547711375068 22.74273370860203
-64.5 22.78589621664778 22.741725688031657
-64.0 22.78524659650457 22.740730042564827
-63.5 22.78460640284547 22.739733587003585
-63.0 22.783972537363788 22.73873534432619
-62.5 22.78334594176911 22.73774430846249
-62.0 22.782717701438816 22.73675111781809
-61.5 22.78210594954798 22.735773909551355
-61.0 22.781495567307775 22.734790726441023
-60.5 22.780892613526262 22.733817747574875
-60.0 22.78029712314764 22.732852222746203
-59.5 22.77970133595675 22.731876639618417
-59.0 22.77912687368538 22.73092669302485
-58.5 22.778543267377618 22.729974633978824
-58.0 22.77797604791514 22.729020661053575
-57.5 22.777424391807656 22.728078101834836
-57.0 22.776873365433154 22.72714086189973
-56.5 22.776328506379517 22.72619956104745
-56.0 22.775794024248658 22.72528046773312
-55.5 22.775278833724197 22.724357226748275
-55.0 22.774759855060406 22.723436434180122
-54.5 22.774243369084314 22.722527057324854
-54.0 22.77374050387275 22.721611942093535
-53.5 22.773245919495334 22.720713059165845
-53.0 22.772755278045654 22.719814136638657
-52.5 22.772281496837813 22.718922761310605
-52.0 22.771807140805155 22.718038461118844
-51.5 22.771343057473526 22.71714754347487
-51.0 22.7708810931296 22.71626346223408
-50.5 22.77042981770558 22.715386969478324
-50.0 22.769973940018367 22.714518573111924
-49.5 22.76954304279611 22.71365587374421
-49.0 22.769103921189554 22.712782427699004
-48.5 22.768679959693863 22.711931436305562
-48.0 22.76825869726615 22.711063342812334
-47.5 22.767842011076986 22.710223397398273
-47.0 22.767429494623745 22.709365994924525
-46.5 22.767029389896166 22.708535000392715
-46.0 22.766635833250383 22.707689862974
-45.5 22.76623967372182 22.706848583972302
-45.0 22.76585695488911 22.70602689301979
-44.5 22.7654752606905 22.705189076107853
-44.0 22.765099870406978 22.704370943100315
-43.5 22.76473209884712 22.70354106133251
-43.0 22.76437214150484 22.702717727156234
-42.5 22.76401024034813 22.701902423063594
-42.0 22.763657068738738 22.701094220217335
-41.5 22.763312501475852 22.700290705635382
-41.0 22.762961984114376 22.69948139264418
-40.5 22.762622331413272 22.69868502654647
-40.0 22.762294661250092 22.69787378034827
-39.5 22.76195741762764 22.697079820542502
-39.0 22.761636304405503 22.69628566601455
-38.5 22.761318745579953 22.695498952649963
-38.0 22.76099707648331 22.694716438870056
-37.5 22.760688058245574 22.693929558620543
-37.0 22.760380195170775 22.69314262870504
-36.5 22.760075261118065 22.692360217771487
-36.0 22.759783297908292 22.691586466536002
-35.5 22.75948606054633 22.690814040154592
-35.0 22.75918998297742 22.690046833060535
-34.5 22.758905018548752 22.68927246162493
-34.0 22.75861793191035 22.68850024744855
-33.5 22.758336995964157 22.687738500116218
-33.0 22.758061118752558 22.686979366199026
-32.5 22.75778538172301 22.686222009905336
-32.0 22.757517581534636 22.685465466385786
-31.5 22.757248123400963 22.684703903676024
-31.0 22.7569874497271 22.683950422254824
-30.5 22.756727309737354 22.68319682269174
-30.0 22.756460097371914 22.68244995529497
-29.5 22.756207474277744 22.681691619723846
-29.0 22.75595852550453 22.68095292486132
-28.5 22.755707755378253 22.680207873817054
-28.0 22.755457764078276 22.67946463351329
-27.5 22.75522026795876 22.678725553211123
-27.0 22.754969104556253 22.677982822384216
-26.5 22.75474630469423 22.677252161289893
-26.0 22.754506475576118 22.676524643675954
-25.5 22.754288635623436 22.67578417890167
-25.0 22.754067118282894 22.675062786969637
-24.5 22.753837340900983 22.674337920799445
-24.0 22.75362978578176 22.67361063380966
-23.5 22.753419625276745 22.672893396164426
-23.0 22.753206120182 22.672179076347536
-22.5 22.753005837478252 22.67146912978933
-22.0 22.752816663090115 22.67074663261557
-21.5 22.752623053894325 22.67004100318927
-21.0 22.752425745454914 22.66933603374813
-20.5 22.752237590053582 22.668627944939438
-20.0 22.75205336423534 22.667928995685745
-19.5 22.751881686978944 22.667221393044052
-19.0 22.75171119955113 22.666528751026878
-18.5 22.751548847378732 22.665827568333068
-18.0 22.751382011991353 22.665145355075484
-17.5 22.75122581881408 22.664456953341187
-17.0 22.75106921077699 22.663771567341186
-16.5 22.750921037579932 22.66308730542249
-16.0 22.750767547357746 22.662411445479105
-15.5 22.750625625418664 22.661729313426417
-15.0 22.750493146831904 22.66104976350291
-14.5 22.750364044881714 22.660375339656802
-14.0 22.750229212931842 22.65970849650113
-13.5 22.750108022279814 22.659039527359162
-13.0 22.74998896807142 22.65838285816338
-12.5 22.749871084108392 22.657714143958437
-12.0 22.749761358064056 22.657058228582855
-11.5 22.749660060519304 22.656401991611112
-11.0 22.74955997066701 22.65575242586891
-10.5 22.74946209533102 22.65510512525016
-10.0 22.74936297968729 22.65445814155686
-9.5 22.749275389066877 22.653814786294355
-9.0 22.749193959052135 22.65317697132319
-8.5 22.749119755848497 22.65253021224447
-8.0 22.74904330358199 22.651892139616734
-7.5 22.748970144557266 22.651256371150264
-7.0 22.74890886324947 22.650626729684006
-6.5 22.748849385709615 22.650002058619346
-6.0 22.748797121664186 22.649370619396578
-5.5 22.748748314226887 22.64875603229202
-5.0 22.74870478106247 22.648132629803772
-4.5 22.748665608614914 22.64751987495621
-4.0 22.748623439241562 22.64691136769011
-3.5 22.748597524370282 22.64629549598856
-3.0 22.748563392489526 22.645686401844003
-2.5 22.748546052154484 22.645095191543515
-2.0 22.74853688244576 22.64448830493293
-1.5 22.74852123738668 22.643883097963716
-1.0 22.748516295794666 22.64329169395634
-0.5 22.74851729596627 22.64270180415629
0.0 22.74851285109202 22.64211403982664
0.5 22.74852638016304 22.641526197340692
1.0 22.74854161485253 22.640944544371308
1.5 22.748554725444148 22.640370359638485
2.0 22.748590345557155 22.639791171318578
2.5 22.748606777374867 22.639215898719442
3.0 22.74864356949613 22.63864513986924
3.5 22.748678878928867 22.638068874801192
4.0 22.748725479086552 22.637511393672263
4.5 22.748777947370815 22.63695387503121
5.0 22.748829366937777 22.636387053095422
5.5 22.748881573500054 22.635831429532484
6.0 22.748950479794413 22.635284413172183
6.5 22.749018801306406 22.634730091967835
7.0 22.74908367359322 22.63417492633848
7.5 22.74915753339878 22.63363101782497
8.0 22.749240332529116 22.633080544837426
8.5 22.74932035454141 22.63254157030303
9.0 22.74941243398679 22.632008045874286
9.5 22.74950129646364 22.631466689662677
10.0 22.74960023077888 22.63094008095722
10.5 22.74971459061497 22.6304044701183
11.0 22.74981322488776 22.629870835178664
11.5 22.7499217772327 22.629344705751674
12.0 22.750037118253708 22.62882997925411
12.5 22.750165027217257 22.62830543160165
13.0 22.750297291096473 22.627784752269456
13.5 22.750421180035147 22.62727004413521
14.0 22.750560102278058 22.62676314575273
14.5 22.750700284650197 22.6262502274526
15.0 22.750847694292936 22.62573952447331
15.5 22.750999646868166 22.625242223762463
16.0 22.751144616205714 22.624733554369936
16.5 22.751307570283927 22.62423735695971
17.0 22.751475188002864 22.623738263397122
17.5 22.751647510233898 22.623252799550784
18.0 22.75181669215243 22.622765226039068
18.5 22.75199804001868 22.62226780956244
19.0 22.752187671298675 22.621782907970317
19.5 22.752368464803475 22.621306204547867
20.0 22.75255609455694 22.620823095806454
20.5 22.752757223738783 22.62034680334012
21.0 22.752959213687053 22.619866377223484
21.5 22.753171489374118 22.61939782906299
22.0 22.753386637406106 22.618928657613637
22.5 22.75360414114081 22.618466160625445
23.0 22.753827904580895 22.617997085117327
23.5 22.754048233018565 22.617545904835566
24.0 22.75429547644358 22.617084571281325
24.5 22.754527130962714 22.616633549596248
25.0 22.754755197638872 22.61617835313045
25.5 22.755013724056475 22.615735239312357
26.0 22.755268114286697 22.615284331297836
26.5 22.755527766856897 22.614842351839265
27.0 22.755794789402128 22.614404576374092
27.5 22.7560549951823 22.61396774392471
28.0 22.756329059248863 22.6135416715678
28.5 22.756616279986538 22.613101010827208
29.0 22.756893698071515 22.612683000980613
29.5 22.757183761666568 22.612258162848544
30.0 22.7574785441388 22.611837097669873
30.5 22.75778082632144 22.61140927688517
31.0 22.758085898539427 22.610993402124908
31.5 22.758388438256514 22.610585783220642
32.0 22.7587025763085 22.610175250960054
32.5 22.75903022249823 22.60976345880404
33.0 22.759346074848988 22.60936626555779
33.5 22.759683119145645 22.608962801204395
34.0 22.76001673643442 22.608561084086055
34.5 22.760361666982334 22.608174687868207
35.0 22.760712643954115 22.607780894012485
35.5 22.761066545412266 22.607389322263973
36.0 22.76143025117677 22.607001344076906
36.5 22.76178247226276 22.606618849850804
37.0 22.76215543426732 22.606239703510877
37.5 22.76254321791278 22.605856410913766
38.0 22.762926865900717 22.605484130351247
38.5 22.763319427705287 22.605109846765735
39.0 22.763710605192806 22.604749669461505
39.5 22.764122940038185 22.604381568267165
40.0 22.764530395252933 22.60401260801966
40.5 22.764952687309084 22.603647827117026
41.0 22.76537295767854 22.603294607480045
41.5 22.765802803384346 22.602943122410643
42.0 22.76624329576784 22.602584643246107
42.5 22.766673264594736 22.60223546474231
43.0 22.767122369846554 22.601897269276616
43.5 22.76758012815206 22.601541655480347
44.0 22.76803719104581 22.601210599568855
44.5 22.76849849119322 22.600864390209967
45.0 22.768964679856794 22.600534153313756
45.5 22.769446523460243 22.600192776648043
46.0 22.76992787479663 22.599870590717764
46.5 22.770413762928783 22.599545838386227
47.0 22.7708996032861 22.59922249853661
47.5 22.771391116228852 22.598894150353356
48.0 22.77189003435972 22.598571807407048
48.5 22.772404018163968 22.59826279256756
49.0 22.772907304211113 22.597943314129903
49.5 22.773428815833547 22.597638138195446
50.0 22.773942363039367 22.597324990021733
50.5 22.77446867998527 22.59702185053495
51.0 22.775003078655956 22.59671351519286
51.5 22.77553548519664 22.59640982643298
52.0 22.77606829284722 22.596118722535486
52.5 22.776607876372587 22.595821728808527
53.0 22.77716035410382 22.595541079451202
53.5 22.777704370091385 22.595234147798685
54.0 22.77827015401789 22.59495761506926
54.5 22.77882282442878 22.594670808496996
55.0 22.779385599429634 22.5943900558768
55.5 22.77995078833882 22.594111216675156
56.0 22.780513696439964 22.593831240691387
56.5 22.78110102045155 22.59356091962443
57.0 22.781673315279253 22.59329588296668
57.5 22.782252619509826 22.593021900894694
58.0 22.782839169706378 22.592762250385373
58.5 22.78342027897258 22.592492052145797
59.0 22.784014797165298 22.59223106906385
59.5 22.784606660477532 22.59197402426625
60.0 22.785201445182093 22.59172206282659
60.5 22.785813971367222 22.591470760683578
61.0 22.78641116528017 22.591218323488814
61.5 22.787018933771105 22.590975294457756
62.0 22.787628071862336 22.590734157050207
62.5 22.788230338586498 22.59048663331336
63.0 22.78884840779803 22.590242929910165
63.5 22.78946772395406 22.590002086272484
64.0 22.79009843517258 22.589778697713825
64.5 22.79070817243135 22.589546069300308
65.0 22.791336975286846 22.589314138011105
65.5 22.791955993774977 22.589094996039076
66.0 22.792581585367596 22.58887131540571
66.5 22.793216239491542 22.588652382308805
67.0 22.793848733684325 22.588432176124996
67.5 22.794485788530103 22.588214823469045
68.0 22.795129436023394 22.588002275468952
68.5 22.79577962960979 22.58779453960691
69.0 22.796421796059704 22.587589061324742
69.5 22.797087772337164 22.58738743905556
70.0 22.79774442153229 22.58717533456209
70.5 22.798408460836782 22.58697405925805
71.0 22.79908981637902 22.58678393316149
71.5 22.79975577964351 22.586596439971363
72.0 22.80044549692395 22.586397420295686
72.5 22.801124231190435 22.58621104830004
73.0 22.80181576995462 22.58602177485843
73.5 22.80251374316304 22.585848961570637
74.0 22.8032065248369 22.58565538766497
74.5 22.803907667604978 22.585483574498188
75.0 22.804618148074475 22.58530828131544
75.5 22.805325664346043 22.585139625396046
76.0 22.806039644214678 22.584972839621884
76.5 22.806764702106122 22.584798065693597
77.0 22.80749088712161 22.584636442280363
77.5 22.80822006618156 22.584475682077144
78.0 22.808949370222223 22.5843215494579
78.5 22.8096811038828 22.584163916613935
79.0 22.81041822129028 22.58400857871583
79.5 22.81116625583666 22.583852322599547
80.0 22.811913227500945 22.58370178436958
80.5 22.81266178530707 22.58356303378385
81.0 22.81341434974912 22.58341895873319
81.5 22.814168807952356 22.583270043494934
82.0 22.81493250208196 22.583135807325302
82.5 22.815691526706857 22.582998140429666
83.0 22.81646606076127 22.58286786327515
83.5 22.817235875878872 22.58273748867473
84.0 22.81800706128798 22.582606006836194
84.5 22.818787346064603 22.582479653680416
85.0 22.819556718753805 22.582354294621624
85.5 22.820345943254488 22.582233715923216
86.0 22.82113593879576 22.58211869662944
86.5 22.821916711140876 22.582003312934678
87.0 22.822713901768303 22.581885346362625
87.5 22.82350059506864 22.58178498470338
88.0 22.82430331453766 22.581670227139487
88.5 22.825096214763853 22.581563165708882
89.0 22.825897594407287 22.581455532450395
89.5 22.826708303531262 22.581359407289774
90.0 22.827507056385357 22.581262400072525
90.5 22.82832038794439 22.581159830948675
91.0 22.82912737664581 22.581068338893697
91.5 22.82994619632117 22.580984014184374
92.0 22.830761503031574 22.580890662369097
92.5 22.831569384609075 22.580799253707173
93.0 22.832396819788197 22.580724016672832
93.5 22.8332154171298 22.58064445273884
94.0 22.83403974794905 22.58056034922538
94.5 22.83486649521369 22.580474672872892
95.0 22.835694295907363 22.580403308869013
95.5 22.836516040854868 22.58033498370787
96.0 22.8373462286196 22.580266675314512
96.5 22.838181866109895 22.580192034596585
97.0 22.839014591663194 22.580123694871084
97.5 22.83984798350369 22.580066135519694
98.0 22.84067860340525 22.580003663826815
98.5 22.841512663620257 22.579954771306006
99.0 22.842352970489934 22.579897321560342
99.5 22.843195417001894 22.579842427719118
100.0 22.844041057878115 22.579793278520015
100.5 22.844886798230736 22.57974573219193
101.0 22.845736820483644 22.579696119048922
101.5 22.846591865265424 22.579656837690806
102.0 22.847444103879674 22.57961800753236
102.5 22.848297859102136 22.57957218084109
103.0 22.849162144479035 22.579535197355234
103.5 22.850025750727916 22.579507163237636
104.0 22.850891254169046 22.57948532175348
104.5 22.851765315032516 22.579450067028922
105.0 22.85263155263245 22.579426528714933
105.5 22.853507573873515 22.579408291611934
106.0 22.854383746219927 22.579389384511067
106.5 22.855276231885377 22.57935984674132
107.0 22.856150901166295 22.579352013983055
107.5 22.857027395402536 22.579329655560386
108.0 22.85792509445097 22.579332685832835
108.5 22.85881953220038 22.5793204658221
109.0 22.8597137681718 22.579313674505535
109.5 22.860608712635266 22.579313015582755
110.0 22.861507474342886 22.57931533951522
110.5 22.8624090165532 22.579313289499066
111.0 22.863314659343885 22.57931379461457
111.5 22.864222174181563 22.579320433028983
112.0 22.86513858985408 22.57933077750601
112.5 22.866046634339966 22.57934441591061
113.0 22.86696495995265 22.579357273661277
113.5 22.86788683507169 22.579375471944356
114.0 22.86880727528188 22.57939123232728
114.5 22.869741908473813 22.579419568360603
115.0 22.87066545465195 22.579439884317324
