FastTrWP/PhaseSpace/IAs/snIa_0.45_30.00_0.83_-0.09.csv
# %ECSV 0.9
# ---
# datatype:
# - {name: time-rel, datatype: float64}
# - {name: g, datatype: float64}
# - {name: i, datatype: float64}
# schema: astropy-2.0
time-rel g i
[from data line 865]
592.3958333333334 22.96510826106963 22.537419037220076
592.8958333333334 22.96521178304383 22.536869283596744
593.3958333333334 22.965311728953 22.53632499704326
593.8958333333334 22.96542058400115 22.53578269409703
594.3958333333334 22.965533155248977 22.535237655652868
594.8958333333334 22.965648013214974 22.534706016406005
595.3958333333334 22.96576338295035 22.534169493256115
595.8958333333334 22.965885670873405 22.53362762552587
596.3958333333334 22.966010916401245 22.53309482435292
596.8958333333334 22.966134284194084 22.532553998359198
597.3958333333334 22.966270358865437 22.532026447996564
597.8958333333334 22.966410412881295 22.531492568614905
598.3958333333334 22.96655471551822 22.530961854960584
598.8958333333334 22.96669704005646 22.530440169915934
599.3958333333334 22.966844501188092 22.529915968163618
599.8958333333334 22.96699683806473 22.529385348423297
600.3958333333334 22.967153273494596 22.528868351686015
600.8958333333334 22.967310206033854 22.528346850435707
601.3958333333334 22.967478866254464 22.52782782252679
601.8958333333334 22.967655425189104 22.52731680186031
602.3958333333334 22.96781639602168 22.52679728366306
602.8958333333334 22.96798597315739 22.52628940777129
603.3958333333334 22.968179219896946 22.525768534996452
603.8958333333334 22.968358652701575 22.52526765141628
604.3958333333334 22.96855100353217 22.524753502058235
604.8958333333334 22.968733005361727 22.524254496741047
605.3958333333334 22.9689328405562 22.523756388796457
605.8958333333334 22.96912602643715 22.52325015021292
606.3958333333334 22.969335413963833 22.522751369787258
606.8958333333334 22.969543466732265 22.522254301946035
607.3958333333334 22.969757898824923 22.521755581364697
607.8958333333334 22.969981234273416 22.521266046221562
608.3958333333334 22.970190178502413 22.520768802012043
608.8958333333334 22.970409382451162 22.52027981350828
609.3958333333334 22.97064624415122 22.519784889769284
609.8958333333334 22.97087612595955 22.51930545413139
610.3958333333334 22.971119574589665 22.51881848631259
610.8958333333334 22.971350497158667 22.51833648534923
611.3958333333334 22.971598735309314 22.517851911146906
611.8958333333334 22.971848324618964 22.517376096723595
612.3958333333334 22.972105881396626 22.51690289170542
612.8958333333334 22.972370992039465 22.516423140532087
613.3958333333334 22.97262852288589 22.515953958916242
613.8958333333334 22.972889819003623 22.515483185800168
614.3958333333334 22.973164701990765 22.51500920312758
614.8958333333334 22.97344498669467 22.51454791629631
615.3958333333334 22.97371713814413 22.514076245227198
615.8958333333334 22.974001355319587 22.51361509210636
616.3958333333334 22.974295742640948 22.5131562592078
616.8958333333334 22.974591422926117 22.512689349177933
617.3958333333334 22.974889528193636 22.51223397227641
617.8958333333334 22.97518301672762 22.51178322778771
618.3958333333334 22.97549177575636 22.511328094539067
618.8958333333334 22.97580210631546 22.510881451322348
619.3958333333334 22.976125958941708 22.51043349379108
619.8958333333334 22.976448829710748 22.50998023336225
620.3958333333334 22.976768301776453 22.509538331048983
620.8958333333334 22.977091383019722 22.509098334170595
621.3958333333334 22.97742410333767 22.508654196567285
621.8958333333334 22.977772162368936 22.50821540805305
622.3958333333334 22.97810878258234 22.507782857389266
622.8958333333334 22.978456863539975 22.507351288177674
623.3958333333334 22.97879897965188 22.50691420420118
623.8958333333334 22.979166883800243 22.506482560736117
624.3958333333334 22.979526131821668 22.506052038718014
624.8958333333334 22.979887424748977 22.505634554618858
625.3958333333334 22.980257778569694 22.505198852436234
625.8958333333334 22.98064136093234 22.504784093468622
626.3958333333334 22.981008939917164 22.50436233288972
626.8958333333334 22.98139924956075 22.503942227943952
627.3958333333334 22.98178710627329 22.503523457351513
627.8958333333334 22.982178843654843 22.503109681513607
628.3958333333334 22.982572746907643 22.502694616732004
628.8958333333334 22.982975657173178 22.502287062101605
629.3958333333334 22.983382880625832 22.501872988711845
629.8958333333334 22.983786783863565 22.501469250207116
630.3958333333334 22.98420926347901 22.50105748623358
630.8958333333334 22.984623501044968 22.50065461644877
631.3958333333334 22.985047255244734 22.50024909889042
631.8958333333334 22.98547667898199 22.49985143676924
632.3958333333334 22.985903708004386 22.49944761538041
632.8958333333334 22.986338862314028 22.499058458191993
633.3958333333334 22.98678173769215 22.4986634894711
633.8958333333334 22.987229955755208 22.498269848882288
634.3958333333334 22.987674796258013 22.497869517684293
634.8958333333334 22.98813101598498 22.49748828162689
635.3958333333334 22.988584585166613 22.49709071894828
635.8958333333334 22.989053662019025 22.49670675586721
636.3958333333334 22.989516495795872 22.496322341950872
636.8958333333334 22.989988165911058 22.495928892289832
637.3958333333334 22.990474142036433 22.495555324364894
637.8958333333334 22.990954076542202 22.495179088817075
638.3958333333334 22.99143286812089 22.49480726982117
638.8958333333334 22.991920451993884 22.49442755566311
639.3958333333334 22.992416436716958 22.494061008016043
639.8958333333334 22.992915000604274 22.49367545408245
640.3958333333334 22.993434117484952 22.49331747316893
640.8958333333334 22.99392483793313 22.49294940759654
641.3958333333334 22.99443736663666 22.492581794113
641.8958333333334 22.994956100730256 22.492218843704382
642.3958333333334 22.99548145168496 22.491854032535382
642.8958333333334 22.996011580551393 22.49149207852014
643.3958333333334 22.996542729960055 22.491136678203446
643.8958333333334 22.99706912680954 22.490784635106674
644.3958333333334 22.99761986104107 22.49043111807228
644.8958333333334 22.998170144654843 22.490072349018227
645.3958333333334 22.998717770865106 22.48972653545119
645.8958333333334 22.999267728186258 22.48937233390074
646.3958333333334 22.999833786423054 22.48903121128827
646.8958333333334 23.000399998245115 22.488684631250795
647.3958333333334 23.00096346937201 22.48833568985524
647.8958333333334 23.00154119299308 22.488002515520094
648.3958333333334 23.002123605149514 22.48766068174082
648.8958333333334 23.002705322129188 22.487328343306142
649.3958333333334 23.003298155416058 22.486988380132683
649.8958333333334 23.003883249262188 22.486659629060412
650.3958333333334 23.004488341615893 22.486325955916577
650.8958333333334 23.005086943616057 22.485996853182716
651.3958333333334 23.005701369132016 22.485673392857777
651.8958333333334 23.00630761419887 22.485339646602093
652.3958333333334 23.00692146798466 22.485025099572606
652.8958333333334 23.007552241114983 22.48470551010165
653.3958333333334 23.008180960343203 22.48438549082192
653.8958333333334 23.00881018639691 22.484065933659494
654.3958333333334 23.0094530813003 22.48375710383366
654.8958333333334 23.01009168404073 22.483447871149117
655.3958333333334 23.01074547457346 22.48313346333669
655.8958333333334 23.01139575110969 22.482824993616344
656.3958333333334 23.012050528050377 22.482521352259965
656.8958333333334 23.012717629681863 22.482214112282026
657.3958333333334 23.013383120471932 22.481912836986787
657.8958333333334 23.01406444115557 22.481618387875493
658.3958333333334 23.014737130393584 22.481318320466084
658.8958333333334 23.015423561962223 22.48101819592143
659.3958333333334 23.016112664664213 22.480723175849505
659.8958333333334 23.016803934621954 22.48043373451093
660.3958333333334 23.017503302452546 22.480145978175997
660.8958333333334 23.018218985183296 22.47984816192302
661.3958333333334 23.018928761717426 22.479573964738147
661.8958333333334 23.01965186431172 22.479287466787966
662.3958333333334 23.02038066019801 22.479005690291384
662.8958333333334 23.021119099907565 22.478728019591397
663.3958333333334 23.021867348978788 22.478446489806885
663.8958333333334 23.0226076948628 22.47817108297891
664.3958333333334 23.023368146939504 22.477894508413584
664.8958333333334 23.02413387986477 22.477621525638035
665.3958333333334 23.024909599665527 22.47736074634512
665.8958333333334 23.025674653249414 22.477083691152902
666.3958333333334 23.026461676964537 22.476821756648263
666.8958333333334 23.027251928243146 22.476559122193343
667.3958333333334 23.02804914045641 22.476293485779387
667.8958333333334 23.02885753652088 22.4760233186907
668.3958333333334 23.029665177574394 22.47577443388957
668.8958333333334 23.03048089430113 22.475514642569138
669.3958333333334 23.031301179329628 22.47525585722436
669.8958333333334 23.032121155991227 22.475007380510736
670.3958333333334 23.032961954424486 22.47475487641743
670.8958333333334 23.033791850895252 22.474494789882996
671.3958333333334 23.034645402812657 22.474256495613318
671.8958333333334 23.03548271139823 22.47401394887747
672.3958333333334 23.03633649473223 22.473765130573273
672.8958333333334 23.037200434104097 22.473513811622922
673.3958333333334 23.038064736008906 22.47328359376099
673.8958333333334 23.038934554696354 22.473037455736502
674.3958333333334 23.039811047398334 22.472806399568878
674.8958333333334 23.040694085068246 22.4725642754732
675.3958333333334 23.04157153625352 22.472338090222518
675.8958333333334 23.042464806215513 22.47210998422551
676.3958333333334 23.043358680830288 22.47187881431668
676.8958333333334 23.044255030018157 22.471651602480648
677.3958333333334 23.04515491407596 22.471432645317137
677.8958333333334 23.04606326415631 22.471207234504625
678.3958333333334 23.046967647227664 22.470984136789202
678.8958333333334 23.047881511921542 22.470767351001584
679.3958333333334 23.048802774790115 22.470547725088114
679.8958333333334 23.04972334146523 22.470335677299886
680.3958333333334 23.050659260412473 22.470122477150678
680.8958333333334 23.051582174129386 22.46990128975768
681.3958333333334 23.052506795492246 22.469697414531275
681.8958333333334 23.05344010533142 22.469491812183158
682.3958333333334 23.054375429145647 22.469298118036065
682.8958333333334 23.05532046576173 22.46907824953138
683.3958333333334 23.056267515446727 22.468884980102008
683.8958333333334 23.05721326831588 22.46869005017996
684.3958333333334 23.058165208967974 22.468488088631023
684.8958333333334 23.059123072619954 22.468304567229534
685.3958333333334 23.060067580262537 22.468101229635987
685.8958333333334 23.061026233458044 22.46791412323804
686.3958333333334 23.061991899429813 22.467725951770863
686.8958333333334 23.06295478149345 22.467540063166545
687.3958333333334 23.06391804114684 22.467357482752192
687.8958333333334 23.064884170562074 22.467165416626376
688.3958333333334 23.06584945083907 22.466989773658167
688.8958333333334 23.06682444098921 22.466809563324944
689.3958333333334 23.067792562105566 22.466634809852465
689.8958333333334 23.068778610926813 22.46646076669463
690.3958333333334 23.06973873770034 22.466289231883575
690.8958333333334 23.07071014582008 22.46611864525198
691.3958333333334 23.071696660941306 22.46594748774923
691.8958333333334 23.07267205144037 22.465790045464736
692.3958333333334 23.073658493352337 22.465619332007417
692.8958333333334 23.074629145812715 22.465454730345552
693.3958333333334 23.075612821444736 22.46529579598201
693.8958333333334 23.076590869875538 22.465145102753482
694.3958333333334 23.07758035494333 22.464985636401234
