FastTrWP/PhaseSpace/IAs/snIa_0.46_30.00_-1.32_0.02.csv
# %ECSV 0.9
# ---
# datatype:
# - {name: time-rel, datatype: float64}
# - {name: g, datatype: float64}
# - {name: i, datatype: float64}
# schema: astropy-2.0
time-rel g i
[from data line 346]
-184.00000000000006 23.910336136951713 22.94310406575316
-183.5 23.906674402614712 22.940482799808922
-183.0 23.90301827024521 22.937883375540128
-182.50000000000006 23.89940271199483 22.935287994515154
-182.0 23.895777357714802 22.932716920730837
-181.5 23.892192116908536 22.930138685122277
-181.00000000000006 23.88862906353806 22.92758122407799
-180.5 23.88508505041579 22.925034274740604
-180.0 23.88155462152504 22.92249121249057
-179.50000000000006 23.87806897689977 22.919974587195902
-179.0 23.874595441053742 22.917450642742814
-178.5 23.871143605921688 22.914952024193944
-178.00000000000006 23.86771421680663 22.91245944970648
-177.5 23.864296323270054 22.90997764933158
-177.0 23.860905201025137 22.907501423488256
-176.50000000000006 23.857549994181845 22.905064811858423
-176.0 23.85419697914806 22.90260096168399
-175.5 23.850885038072352 22.90016801938776
-175.00000000000006 23.847583228619218 22.897749356007544
-174.5 23.84432248056349 22.89533959368223
-174.0 23.841065497138665 22.892945049809768
-173.50000000000006 23.837825721788825 22.890559146925597
-173.0 23.834612711609907 22.88818363554587
-172.5 23.831417666354604 22.88580732841051
-172.00000000000006 23.828233235412956 22.883446039354027
-171.5 23.825066211716003 22.881083078594617
-171.0 23.82190941880956 22.878738337933374
-170.50000000000006 23.818777019505397 22.876417339963258
-170.0 23.81564787855876 22.874081537743884
-169.5 23.812536276215255 22.871755612538095
-169.00000000000006 23.809470700350843 22.86945024317528
-168.5 23.80637447801227 22.867140021491444
-168.0 23.80332686772547 22.864850486054365
-167.50000000000006 23.800285940531424 22.86255457279499
-167.0 23.797260318419397 22.86027987161426
-166.5 23.794257638423467 22.858020306551566
-166.00000000000006 23.79125390377861 22.855749745167714
-165.5 23.788279125783166 22.85349484295327
-165.0 23.78530512908624 22.85125049060989
-164.50000000000006 23.782367624645214 22.849009152689142
-164.0 23.779422037161304 22.846787206091676
-163.5 23.776503743140026 22.844566810707118
-163.00000000000006 23.773600320421792 22.842344896813962
-162.5 23.770710265425095 22.840154421768855
-162.0 23.767826877616983 22.83796362576458
-161.50000000000006 23.764967163181492 22.83576997593997
-161.0 23.762125758363585 22.83358963831155
-160.5 23.759295066048015 22.831421987543486
-160.00000000000006 23.75647281418955 22.82925869072308
-159.5 23.753673504782597 22.82709516206404
-159.0 23.750887584652226 22.82494865246733
-158.50000000000006 23.74809734655491 22.822812908873264
-158.0 23.74533460475569 22.82067141852995
-157.5 23.74259504787084 22.81854802477937
-157.00000000000006 23.739859778479726 22.816441713412246
-156.5 23.737143035374913 22.814329557685475
-156.0 23.734444128723528 22.812231031442245
-155.50000000000006 23.73176157101286 22.810127776302554
-155.0 23.729079915483545 22.80805348827517
-154.5 23.726404401896556 22.805967594101027
-154.00000000000006 23.72377247589197 22.80390349529832
-153.5 23.721121918409303 22.801834928830253
-153.0 23.71850609053189 22.799783529475395
-152.50000000000006 23.715903446168912 22.797750303393286
-152.0 23.71331051417797 22.795699254976576
-151.5 23.71072364013484 22.793669917427273
-151.00000000000006 23.708148878993395 22.791643458712436
-150.5 23.70561299403287 22.789632491268684
-150.0 23.70306539787928 22.787623167295635
-149.50000000000006 23.70054536129874 22.78562295603902
-149.0 23.698020109957913 22.783626884780737
-148.5 23.69552631198807 22.781640306691692
-148.00000000000006 23.69304161113555 22.779657867082225
-147.5 23.69055948863895 22.777689203396015
-147.0 23.68810575903443 22.775721904836978
-146.50000000000006 23.685656748063018 22.77376384816417
-146.0 23.683205384358462 22.77181226145579
-145.5 23.68078247698317 22.76987270396606
-145.00000000000006 23.678375907695916 22.76792979533104
-144.5 23.67597762016201 22.76600784138202
-144.0 23.67359809598725 22.764092255296802
-143.50000000000006 23.67122429252089 22.762176389830877
-143.0 23.66886490704729 22.760272280931247
-142.5 23.66652851436873 22.758365472828448
-142.00000000000006 23.664186570572696 22.756492072164708
-141.5 23.661854951111362 22.754588265782306
-141.0 23.659550726081072 22.752725500445322
-140.50000000000006 23.65725900572018 22.750850699428405
-140.0 23.65496629100292 22.748992082732016
-139.5 23.65269595105491 22.74713207699175
-139.00000000000006 23.650432318378826 22.74528836831471
-138.5 23.64820189708702 22.74344192141138
-138.0 23.645959878577397 22.741601441212126
-137.50000000000006 23.643735585113074 22.739775239470355
-137.0 23.64151341946828 22.73795802838307
-136.5 23.639307577207795 22.736130811421617
-136.0 23.63711716477647 22.73432137765933
-135.5 23.634922267091035 22.732516226527725
-135.0 23.632745526229428 22.7307219701023
-134.5 23.63057751439535 22.7289307843046
-134.0 23.628435846223546 22.727143729904682
-133.5 23.626290615869166 22.725358792082773
-133.0 23.624155831381714 22.723592004061874
-132.5 23.62203619626708 22.721818210341887
-132.0 23.619941631512503 22.720062075302284
-131.5 23.617826406482934 22.718304611798857
-131.0 23.615742153523914 22.716557326994437
-130.5 23.61365850409728 22.71481340605989
-130.0 23.61158640177343 22.713075713225507
-129.5 23.609539897843177 22.711349656425433
-129.0 23.607478153940505 22.7096229235333
-128.5 23.605445383200028 22.707899443197434
-128.0 23.603413526104102 22.70619370966747
-127.5 23.601398036981053 22.70448487092482
-127.0 23.599394312675873 22.702787016801736
-126.5 23.597401717822546 22.701105825241207
-126.0 23.59541717599473 22.699402955759453
-125.5 23.593435166817798 22.697728326544553
-125.0 23.591467822054515 22.69605356170262
-124.5 23.58951681708072 22.694386046066903
-124.0 23.58758465304566 22.69272879869057
-123.5 23.585640280950464 22.691068687497786
-123.0 23.58371109024779 22.689413552866768
-122.5 23.581800718993637 22.68777421699894
-122.0 23.579909805604157 22.68613710430307
-121.5 23.578007099033037 22.684501205311236
-121.0 23.57612249545335 22.682873085928016
-120.5 23.574241451919768 22.681255697308963
-120.0 23.572382442366006 22.679642106293315
-119.5 23.57053576023235 22.678032741333716
-119.0 23.56869149271901 22.676438681570218
-118.5 23.566858928652977 22.67483867236551
-118.0 23.56503795916042 22.67325723917282
-117.5 23.563232328671916 22.671665674426436
-117.0 23.561423066731017 22.67009705203662
-116.5 23.55963010981028 22.66852630773828
-116.0 23.557850854696433 22.66695684831731
-115.5 23.55607698903384 22.665393524244266
-115.0 23.554322253240873 22.663844585596543
-114.5 23.552566367226678 22.662300721603167
-114.0 23.550825206744936 22.660760131918725
-113.5 23.549102429018163 22.659225886045704
-113.0 23.54738264192924 22.65769801188336
-112.5 23.54566949876557 22.65617261456038
-112.0 23.543962927779184 22.654654974642053
-111.5 23.54227317980741 22.653140567405536
-111.0 23.540602591881132 22.6516367901873
-110.5 23.53892979695526 22.650139860087663
-110.0 23.53726215783038 22.648647960471475
-109.5 23.535608057172208 22.647161498600727
-109.0 23.533976586360687 22.645683474560663
-108.5 23.532339199566692 22.64420198946673
-108.0 23.530718712716077 22.642744002465424
-107.5 23.52910833745165 22.641281187360967
-107.0 23.527499614750894 22.639821965033278
-106.5 23.525918183933783 22.63837051351436
-106.0 23.52434484898612 22.636921067537745
-105.5 23.52276573731585 22.635490567879827
-105.0 23.52119524137464 22.63405711594228
-104.5 23.51965726053429 22.632634821476792
-104.0 23.51810847745834 22.631213847345638
-103.5 23.516585035695687 22.629787141467563
-103.0 23.515056880590762 22.628382629925838
-102.5 23.513544233637273 22.62698284791969
-102.0 23.51202568155977 22.62558316386454
-101.5 23.51053084162592 22.624192036712742
-101.0 23.509054296986854 22.622803945332596
-100.5 23.507578658923425 22.621424126665634
-100.0 23.506101176989343 22.620051427774467
-99.5 23.504634279125682 22.61867483925665
-99.0 23.503181330817966 22.617307226377203
-98.5 23.50173941153923 22.61594992932379
-98.0 23.500297752767626 22.614599204723064
-97.5 23.498863013867847 22.61324369145828
-97.0 23.497445410540564 22.611898854826403
-96.5 23.496046043526427 22.610569526947415
-96.0 23.494641821614714 22.6092335863174
-95.5 23.49324763360077 22.607907374435754
-95.0 23.491845867713256 22.606585983083388
-94.5 23.490492956157574 22.605266053735612
-94.0 23.489118794333148 22.603954155607312
-93.5 23.487755585571204 22.602642597100825
-93.0 23.486398690848045 22.60134216685385
-92.5 23.485057047803046 22.600051846083456
-92.0 23.483725903828944 22.59875731874047
-91.5 23.48238466614475 22.597470814033173
-91.0 23.48106918676953 22.596186143475542
-90.5 23.479761845054306 22.594916454303785
-90.0 23.47845764652898 22.59364501153558
-89.5 23.477170246963798 22.592374455044634
-89.0 23.475885534613035 22.59112230430665
-88.5 23.474611484044203 22.589863754825906
-88.0 23.473335848183936 22.588606663695646
-87.5 23.4720816742232 22.587361273423166
-87.0 23.47082042494797 22.586119509872418
-86.5 23.46958304724053 22.584889037779195
-86.0 23.468357203047447 22.583659519816315
-85.5 23.4671194294938 22.582427384854626
-85.0 23.465894043833337 22.581202440873586
-84.5 23.46468723744082 22.579984684108435
-84.0 23.46347795104416 22.578787271877893
-83.5 23.462285348080925 22.5775781220623
-83.0 23.461109350631176 22.576363013230157
-82.5 23.45992941344339 22.575172268422385
-82.0 23.458749965201868 22.573974201312122
-81.5 23.45759724060304 22.57279317142601
-81.0 23.456426442098927 22.571606865928683
-80.5 23.455293921560138 22.570429643485586
-80.0 23.45416357192107 22.569251313423617
-79.5 23.453033476274282 22.568084024479123
-79.0 23.45190481071711 22.566919480056878
-78.5 23.45079046376749 22.565758242906774
-78.0 23.449691096773382 22.564604601955743
-77.5 23.44859132211585 22.563450475425377
-77.0 23.4475000190817 22.562297879306143
-76.5 23.44642995631423 22.56116462154408
-76.0 23.445350275527947 22.560030774773576
-75.5 23.44428023498221 22.558892688565653
-75.0 23.443230428677097 22.557768429449943
-74.5 23.442180025108264 22.55664327064374
-74.0 23.4411459187598 22.555520758860887
-73.5 23.44011031942662 22.554411685980035
-73.0 23.43909201025471 22.553294644966787
-72.5 23.43806436619877 22.552188122824056
-72.0 23.437061175838497 22.551089905595468
-71.5 23.436063966208494 22.54999359049529
-71.0 23.43507652774361 22.548902796104755
-70.5 23.434080833634276 22.547818327558716
-70.0 23.433105993207857 22.546723460946396
-69.5 23.43212833310584 22.545647542383943
-69.0 23.431179408987845 22.544570222024017
-68.5 23.430221414932486 22.543497060056865
-68.0 23.42929096016546 22.542434549200433
-67.5 23.42833552787458 22.54137088774251
-67.0 23.427408927313817 22.54031852644376
-66.5 23.426489761151736 22.539265141856276
-66.0 23.425581942318857 22.538217107921987
-65.5 23.424671595683563 22.537168405071327
-65.0 23.423781081754814 22.536132681844073
-64.5 23.42288618414571 22.535103560705455
-64.0 23.422000660595536 22.5340767215258
-63.5 23.421122376631494 22.533053256579162
-63.0 23.420243690537962 22.532031035563612
-62.5 23.4193815877485 22.53101515652951
-62.0 23.418537188348182 22.530010019914805
-61.5 23.417693632755118 22.529001106292274
-61.0 23.416846505918386 22.528005610942984
-60.5 23.41601438742103 22.52700832993231
-60.0 23.415198715329776 22.526003415288503
-59.5 23.414371921213846 22.52501861687559
-59.0 23.413556923751 22.52403372629955
-58.5 23.41276087157699 22.523052761385102
-58.0 23.411954437033064 22.522081431296165
-57.5 23.41116935849746 22.521101061691567
-57.0 23.41038791150959 22.52013507608949
-56.5 23.409613627638663 22.51917669504828
-56.0 23.40884560543691 22.518214709088454
-55.5 23.408090345958446 22.517260885286863
-55.0 23.40733595117314 22.516313341363713
-54.5 23.40658203960973 22.51536190878951
-54.0 23.405854710473506 22.514407759822138
-53.5 23.405121409372214 22.51347425655222
-53.0 23.404389783898537 22.512551788227775
-52.5 23.40367759004138 22.51160800327423
-52.0 23.402965846052062 22.510682760595632
-51.5 23.40226882207071 22.509756817295766
-51.0 23.401564395241877 22.50883175775057
-50.5 23.400881653744147 22.507916654102686
-50.0 23.400199923204926 22.507004546052723
-49.5 23.399522065250107 22.506094032192436
-49.0 23.398842634991738 22.505187925578664
-48.5 23.39819685124732 22.50428228450831
-48.0 23.397534911526545 22.503389347529733
-47.5 23.396891433898187 22.50249974782512
-47.0 23.39625351360883 22.50160254351443
-46.5 23.39562213349911 22.500709068839942
-46.0 23.39499428129387 22.499828044152878
-45.5 23.39437448267546 22.498944210749823
-45.0 23.393757844924092 22.49806684799203
-44.5 23.39314829238923 22.497191559240623
-44.0 23.392545143267633 22.496324106195754
-43.5 23.391961374568943 22.495449678372538
-43.0 23.391370530831672 22.4945915685148
-42.5 23.390795081996384 22.49372304573643
-42.0 23.390214402204936 22.492864694930937
-41.5 23.38964777471148 22.492006008841496
-41.0 23.389097696879713 22.491154029432145
-40.5 23.388554665330197 22.490312815568984
-40.0 23.388007895889352 22.48946242969991
-39.5 23.387466922487818 22.48862194368126
-39.0 23.386934334481836 22.487778973570794
-38.5 23.38640568273409 22.486941035605433
-38.0 23.385894749651463 22.486107551046505
-37.5 23.3853802290545 22.48527457606985
-37.0 23.384875614242418 22.48444834427984
-36.5 23.384381777669837 22.483622381924327
-36.0 23.38387797044343 22.482797775695783
-35.5 23.383409419088927 22.481988635208264
-35.0 23.382920707539547 22.48116394358695
-34.5 23.382461243997646 22.480346701812728
-34.0 23.38199446498125 22.479538945207217
-33.5 23.38153561691835 22.47872845828327
-33.0 23.3810795071673 22.477925575698777
-32.5 23.380638617090447 22.477119168739847
-32.0 23.38019365615412 22.476327608144842
-31.5 23.379758623663804 22.47552477270299
-31.0 23.379327344070504 22.474727356537922
-30.5 23.37890961395679 22.47394198711921
-30.0 23.378496361666194 22.473153853909338
-29.5 23.378086812215948 22.472372543559874
-29.0 23.37767931537732 22.471586566107874
-28.5 23.377284353820738 22.47081157484892
-28.0 23.37688735339335 22.470029064653758
-27.5 23.376503933284653 22.469259641907495
-27.0 23.376148087491057 22.468489846151087
-26.5 23.37576715399195 22.467719565214598
-26.0 23.37540171491277 22.466959384517722
-25.5 23.37504272603068 22.46619918711357
-25.0 23.374691512953312 22.465439053476146
-24.5 23.374335010250217 22.464684540625
-24.0 23.373995743824242 22.463930253163188
-23.5 23.373659385271402 22.463187161425413
-23.0 23.373334383512297 22.462436416559388
-22.5 23.373021668930377 22.461699165758382
-22.0 23.37270433626351 22.46095915544805
-21.5 23.372388284547903 22.4602188210919
-21.0 23.372098092406436 22.45947671952413
-20.5 23.371802552406074 22.458750101843037
-20.0 23.37150763481446 22.4580261721872
-19.5 23.37122481649155 22.4573037031932
-19.0 23.370955555744352 22.4565768779204
-18.5 23.370680297981643 22.45586542151536
-18.0 23.370423794552316 22.455144232745376
-17.5 23.370174235448737 22.454434790287454
-17.0 23.36992271880583 22.453723944306994
-16.5 23.36968129275511 22.45302157161469
-16.0 23.369438813326116 22.452325322717215
-15.5 23.369218409438936 22.451618364508267
-15.0 23.36899466296807 22.450926544209647
-14.5 23.368784184503344 22.45023168506846
-14.0 23.368576587246665 22.449539351799935
-13.5 23.368371594445744 22.448859566929755
-13.0 23.368182345048286 22.44817150752987
-12.5 23.36799189954318 22.44749286245119
-12.0 23.36780809717462 22.446815380136794
-11.5 23.367635121592294 22.446144524086105
-11.0 23.367479105601312 22.445478649827592
-10.5 23.367314092178567 22.444809056948586
-10.0 23.367160406372115 22.44414413803472
-9.5 23.367016511314624 22.443483648784053
-9.0 23.366884912246057 22.44282993294103
-8.5 23.366747979029462 22.4421711995669
-8.0 23.366632413350036 22.441523913756303
-7.5 23.36651283279633 22.440877379854676
-7.0 23.36639171789921 22.44022834098476
-6.5 23.36629548304954 22.439598340340265
