FastTrWP/PhaseSpace/IAs/snIa_0.56_30.00_-0.58_0.24.csv
# %ECSV 0.9
# ---
# datatype:
# - {name: time-rel, datatype: float64}
# - {name: g, datatype: float64}
# - {name: i, datatype: float64}
# schema: astropy-2.0
time-rel g i
-345.0 26.989858007766202 24.353377206734336
-344.5 26.97814510928449 24.347212852739617
-344.0 26.96658217862055 24.34107115039928
-343.5 26.95506620540396 24.33495473655117
-343.0 26.943645280452596 24.328866426893697
-342.5 26.932296637482374 24.32281867759487
-342.0 26.92099348629514 24.31675675335694
-341.5 26.909805128370582 24.310757833281382
-341.0 26.89867004710119 24.304750198139622
-340.5 26.887563718671238 24.298768797651235
-340.0 26.87656935504455 24.29283017006189
-339.5 26.865678206739144 24.286897818889976
-339.0 26.85479202829976 24.28098902173503
-338.5 26.843984735141152 24.2751072708191
-338.0 26.833253515630847 24.269249274823366
-337.5 26.822545765094095 24.263416873257345
-337.0 26.811984219758685 24.257588184229284
-336.5 26.80141569589285 24.25180058244628
-336.0 26.790932344351308 24.246047471810233
-335.5 26.78050644604123 24.24030399128554
-335.0 26.770092725059612 24.23456415514607
-334.5 26.759814545912274 24.228856432119947
-334.0 26.749617192269692 24.22316403037097
-333.5 26.73944439560957 24.21749845438793
-333.0 26.729359604884575 24.211854596320407
-332.5 26.719312149656616 24.206217186173603
-332.0 26.70934952954662 24.2005925914391
-331.5 26.69941595507759 24.194993607057658
-331.0 26.689603042689885 24.18941077710211
-330.5 26.67983161044663 24.183861981249567
-330.0 26.670119874681617 24.17829171723354
-329.5 26.66043696493622 24.17275553276903
-329.0 26.65083857471498 24.167235730379097
-328.5 26.64123499968715 24.161754032234086
-328.0 26.63179889303096 24.156268966440216
-327.5 26.622320761679656 24.150801077349623
-327.0 26.612913273806083 24.145358713706003
-326.5 26.603588266269025 24.139928919975056
-326.0 26.59427623014853 24.134505762656108
-325.5 26.58505476959133 24.12910835048832
-325.0 26.57584740337366 24.123749487662913
-324.5 26.566679043642246 24.118366878002128
-324.0 26.557582157374643 24.113027755728297
-323.5 26.54854135096665 24.107703136006677
-323.0 26.539563535473437 24.102393706916722
-322.5 26.530557580047102 24.097081752262266
-322.0 26.52169691653618 24.09181830664916
-321.5 26.512791243280777 24.086551570907716
-321.0 26.503926443958157 24.081297773522515
-320.5 26.49515366392164 24.0760690966917
-320.0 26.48641991776588 24.070834063748702
-319.5 26.477674205167098 24.06565572826867
-319.0 26.469041660007242 24.060461583591536
-318.5 26.460375525722167 24.055292120391
-318.0 26.451817137767378 24.050133230851248
-317.5 26.4431962946221 24.04500252331921
-317.0 26.434711807939095 24.03988244151652
-316.5 26.426226074275707 24.034774754872767
-316.0 26.417765142459793 24.02969446761684
-315.5 26.409344809822137 24.02459631076696
-315.0 26.400985026677198 24.019547767023617
-314.5 26.392639257584495 24.014509395362552
-314.0 26.384295156804583 24.009473593842095
-313.5 26.376013437259616 24.00444857751664
-313.0 26.36778334658432 23.999476681317795
-312.5 26.35956478955007 23.994483846412386
-312.0 26.351355674093778 23.98950610648027
-311.5 26.343220703313047 23.984568634432204
-311.0 26.335110823317706 23.979619332865838
-310.5 26.327000760276565 23.97469024984531
-310.0 26.31895973512929 23.969788693852927
-309.5 26.310869063202116 23.9648961054397
-309.0 26.30291971430517 23.960030854155747
-308.5 26.294918951364203 23.95514969728355
-308.0 26.28698450468527 23.950309178202783
-307.5 26.279040942355966 23.945467324617855
-307.0 26.271123498927423 23.940649241417287
-306.5 26.26327237196291 23.935848306271357
-306.0 26.2554108416497 23.931056605588658
-305.5 26.247617982824877 23.92627430504596
-305.0 26.239824373974265 23.92150811246045
-304.5 26.232022524361366 23.916767230417722
-304.0 26.224277713922266 23.91203294455034
-303.5 26.216549379708077 23.907301936841783
-303.0 26.208903448611565 23.90260773159949
-302.5 26.20121799459282 23.897922744989984
-302.0 26.193504848821068 23.893237424587358
-301.5 26.18585680228414 23.88856439628164
-301.0 26.178307167781547 23.883911494274944
-300.5 26.170689981544935 23.87929347284178
-300.0 26.16315973122546 23.874665338523364
-299.5 26.15560229707764 23.87006544847401
-299.0 26.148055592493854 23.865467760671084
-298.5 26.140591705032683 23.86088329873429
-298.0 26.133117234966893 23.856309671633053
-297.5 26.125621516683786 23.851763033925685
-297.0 26.11820938781235 23.84722467989571
-296.5 26.11080746044194 23.842692479480867
-296.0 26.103428627602373 23.838169195554233
-295.5 26.096048069157526 23.833664567994873
-295.0 26.088708428433897 23.82918572478046
-294.5 26.08142889982524 23.824704548780705
-294.0 26.07414660363249 23.820244620259917
-293.5 26.066905643154172 23.815773049446673
-293.0 26.059698696187347 23.81134566074898
-292.5 26.05247223118517 23.80692479886179
-292.0 26.045286526015225 23.802496295520893
-291.5 26.038086319291097 23.798104848630256
-291.0 26.03098859174135 23.793707757743082
-290.5 26.023865279964188 23.78932497182396
-290.0 26.016748033745927 23.78496184644286
-289.5 26.009697759838915 23.780602112546497
-289.0 26.002634117248697 23.77625863313616
-288.5 25.995630936714697 23.77192456301499
-288.0 25.98861470303257 23.76760196899683
-287.5 25.98162471942768 23.76328394038371
-287.0 25.974668065572637 23.75900117126847
-286.5 25.967734588357114 23.754701718468965
-286.0 25.96085372457128 23.750422155469924
-285.5 25.95393117584642 23.746168829011868
-285.0 25.94708257588614 23.741900577032066
-284.5 25.940247292965562 23.737653444772917
-284.0 25.933416842077968 23.733424952501206
-283.5 25.926586618934767 23.72919120020652
-283.0 25.919819204110745 23.72498479129131
-282.5 25.91305492753228 23.720762991538734
-282.0 25.90632331078038 23.71658566089338
-281.5 25.89958448039347 23.712406270381862
-281.0 25.892911085543837 23.708220605139267
-280.5 25.886199902236143 23.70406873092169
-280.0 25.87956397981933 23.69990732684243
-279.5 25.872903382457018 23.695759992315374
-279.0 25.866321612969294 23.6916298621962
-278.5 25.859746403947664 23.687512355855414
-278.0 25.85312034493001 23.68339136516374
-277.5 25.846580478221416 23.67928729866425
-277.0 25.84004313266305 23.675177885322462
-276.5 25.833534743088194 23.671111630034694
-276.0 25.82699480124976 23.667023147495975
-275.5 25.820526990844005 23.662956560551706
-275.0 25.81406872788662 23.658910668394043
-274.5 25.807631260198796 23.654853484519144
-274.0 25.801186011037064 23.650816355435236
-273.5 25.794784990886384 23.64678220604396
-273.0 25.788397293513384 23.642769593732172
-272.5 25.78201438416576 23.63874709080235
-272.0 25.77566785319048 23.634737301641398
-271.5 25.769365072735248 23.630746660895305
-271.0 25.76303007768043 23.626759500658277
-270.5 25.756728337815638 23.62278253476761
-270.0 25.750457762079833 23.618807245408973
-269.5 25.744204613209284 23.614847083138486
-269.0 25.737971128165146 23.61089365815715
-268.5 25.731724258651706 23.606955018825644
-268.0 25.725534817112337 23.602991402458656
-267.5 25.719332918634258 23.59908093145898
-267.0 25.713164981648042 23.59517273802055
-266.5 25.707009609748674 23.591252368188805
-266.0 25.700856837725176 23.587346258646214
-265.5 25.694756885768278 23.583455155309295
-265.0 25.68863706796581 23.57955379375076
-264.5 25.682557963795077 23.575668726199034
-264.0 25.67650516721112 23.57180319242167
-263.5 25.670430701558637 23.567943098312618
-263.0 25.664392150086606 23.564082015901754
-262.5 25.658369590109697 23.560234299552512
-262.0 25.65234343763374 23.556397620319917
-261.5 25.646366881921313 23.552538616169283
-261.0 25.640400963803614 23.54872276362519
-260.5 25.634451733032183 23.54491206380898
-260.0 25.628518358474167 23.541096195576934
-259.5 25.62257974036335 23.53729770356574
-259.0 25.616651904140642 23.53349369791719
-258.5 25.610798287241696 23.52970467976619
-258.0 25.604933701958153 23.525932329755292
-257.5 25.59910220406071 23.522154350045245
-257.0 25.59322831766988 23.518403958950213
-256.5 25.587415522501193 23.514655821326148
-256.0 25.581574903412815 23.51090527442723
-255.5 25.57578943995418 23.50717316735586
-255.0 25.57003704407218 23.50344233538437
-254.5 25.56427092292463 23.499709504939755
-254.0 25.55849521830013 23.49601217921999
-253.5 25.552776099081758 23.49229923551075
-253.0 25.547075095181405 23.488601641425486
-252.5 25.54136986337423 23.484909569873626
-252.0 25.535707281107513 23.48123030697327
-251.5 25.530039187696303 23.477553613698163
-251.0 25.52436482217708 23.473895015033005
-250.5 25.518740666727787 23.47022851595575
-250.0 25.51313457416688 23.466580010141172
-249.5 25.507510397223623 23.462936612502627
-249.0 25.501919639077858 23.459291321916545
-248.5 25.496338227756112 23.45566043162504
-248.0 25.490789556238234 23.452032378315018
-247.5 25.485210164952857 23.448411593926263
-247.0 25.47965850270714 23.444805402340737
-246.5 25.47413677816237 23.441198009710824
-246.0 25.46865720046117 23.437606337019034
-245.5 25.46314176608744 23.434021885753733
-245.0 25.45765660050946 23.430439821332914
-244.5 25.45218020566161 23.42685813392544
-244.0 25.446726977539043 23.423300074660773
-243.5 25.441301838376482 23.41973491787256
-243.0 25.43584977254904 23.416176133637187
-242.5 25.43042507796999 23.41262868188196
-242.0 25.42504117246466 23.40908528340083
-241.5 25.4196211013781 23.40554256794059
-241.0 25.41424273969577 23.40200777152685
-240.5 25.408904269626532 23.39848786506287
-240.0 25.403524949009512 23.394969100714835
-239.5 25.39819984416928 23.39145481871062
-239.0 25.392872606114132 23.38796083442446
-238.5 25.38754319924621 23.384452859200223
-238.0 25.382254766412302 23.380947043783074
-237.5 25.376940278986446 23.377460259086355
-237.0 25.371690805627935 23.37399213332279
-236.5 25.366394156169875 23.370501403916816
-236.0 25.36112964062268 23.3670338648069
-235.5 25.35590220744052 23.363567599434386
-235.0 25.35066705648409 23.360113297378305
-234.5 25.34544637796499 23.356665428267167
-234.0 25.340202331747737 23.35321333817305
-233.5 25.3350312628084 23.34976580542655
-233.0 25.329849029345507 23.34632814919653
-232.5 25.324657991227348 23.3428975941677
-232.0 25.319485782131753 23.339480594157244
-231.5 25.314317817967126 23.336048203376297
-231.0 25.309196294593388 23.332635416234602
-230.5 25.304080311905143 23.329231213657668
-230.0 25.298959942433786 23.325825504108174
-229.5 25.293832803987893 23.32241954713474
-229.0 25.288727456355197 23.31902992518822
-228.5 25.28362600671943 23.315632648150203
-228.0 25.278546916988663 23.312249392147937
-227.5 25.27348911374863 23.308878499030516
-227.0 25.26843286774527 23.30550134076293
-226.5 25.26339082575564 23.302121294415624
-226.0 25.258344158733536 23.298768181937163
-225.5 25.25333139340993 23.295412831065402
-225.0 25.248266797104527 23.292050383413297
-224.5 25.243310781446347 23.288712793973723
-224.0 25.238304119227422 23.285359662891256
-223.5 25.233322654852948 23.282020533152647
-223.0 25.22833120747937 23.27868143472469
-222.5 25.223405213434607 23.275346054863263
-222.0 25.21844260518693 23.272044453608945
-221.5 25.21346130905597 23.2687059870024
-221.0 25.208549745261575 23.265400684788496
-220.5 25.203635034447952 23.262092551863955
-220.0 25.19870676384393 23.258784844549595
-219.5 25.193804633346776 23.255491000279328
-219.0 25.188921236182367 23.252200588943587
-218.5 25.184035956313924 23.248918287300036
-218.0 25.179169022839037 23.245644033835184
-217.5 25.174306281515225 23.2423643616557
-217.0 25.169455764028594 23.239091780129137
-216.5 25.164627679309987 23.235831972448032
-216.0 25.159805640555494 23.232566716289295
-215.5 25.154984634717763 23.229323273224015
-215.0 25.15015151913232 23.22608109895555
-214.5 25.14538251540995 23.22282510370019
-214.0 25.140591581884784 23.219589046137582
-213.5 25.135825787374912 23.21636330437056
-213.0 25.131055224998708 23.213142870172938
-212.5 25.126307520058017 23.209912403935537
-212.0 25.1215285711878 23.20669110187204
-211.5 25.11679943012226 23.203477656505584
-211.0 25.112074981500065 23.200264591817586
-210.5 25.107369851749123 23.197079232921855
-210.0 25.102657149084706 23.193875411999084
-209.5 25.097974363495467 23.190678506429517
-209.0 25.093255336155128 23.18749268692602
-208.5 25.088603676342963 23.184311126857114
-208.0 25.083908969312212 23.1811314086244
-207.5 25.079258231751247 23.17795782285028
-207.0 25.07462294814414 23.17479629277026
-206.5 25.06997976573104 23.171625521162376
-206.0 25.065329311907718 23.16845696608962
-205.5 25.060717204027366 23.16530870408105
-205.0 25.05610860796693 23.162158061880742
-204.5 25.051481978649804 23.159003580447198
-204.0 25.046914147068478 23.15587601893334
-203.5 25.042305919297277 23.152729101557867
-203.0 25.037745789397047 23.149595531685527
-202.5 25.03315494130955 23.14647553967003
-202.0 25.028616754481444 23.14334219703555
-201.5 25.024038558250346 23.14022643519984
-201.0 25.019515446183647 23.1371037634447
-200.5 25.014958854111438 23.133991761031652
-200.0 25.01043990753899 23.13088995516773
-199.5 25.005917514289298 23.127795290539822
-199.0 25.00142040854742 23.12467723467079
-198.5 24.99690863049259 23.121590710124664
-198.0 24.99240765032324 23.118499572634313
-197.5 24.987927768826047 23.115408829948784
-197.0 24.983461837302233 23.112331608538113
-196.5 24.978981499698747 23.10925492746717
-196.0 24.974537546856254 23.106177464345727
-195.5 24.970078456678145 23.103101628138518
-195.0 24.965649132649848 23.100045343653292
-194.5 24.961189172848602 23.096973756466056
-194.0 24.956786432046574 23.09391762084762
-193.5 24.952363627844754 23.090870036110562
-193.0 24.947956181192154 23.087816917380735
-192.5 24.943527869680054 23.084776109745743
-192.0 24.93915083203361 23.08172303636634
-191.5 24.934760871212468 23.07868152690758
-191.0 24.930386855158595 23.075647211295156
-190.5 24.92600254389021 23.072614524145344
-190.0 24.921653925557486 23.069590560734238
-189.5 24.917288530112003 23.066563452929326
-189.0 24.912945535546605 23.06354353473894
-188.5 24.908599908318667 23.060525591055928
-188.0 24.904272961252065 23.057514084502092
-187.5 24.899940512340834 23.054502834138923
-187.0 24.895622670735346 23.05149999361411
-186.5 24.891304657137837 23.04849703265907
-186.0 24.887011401855194 23.045496018021158
-185.5 24.882698196658595 23.042493527718904
-185.0 24.87840177557642 23.039494961449694
-184.5 24.874099731320392 23.036508266106665
-184.00000000000006 24.86979834870404 23.03349881211034
-183.5 24.865458291200284 23.030499226406764
-183.0 24.86114998550415 23.027499153840164
-182.50000000000006 24.856813137448043 23.024497912909364
-182.0 24.85248525191874 23.02149743561649
-181.5 24.84812349671092 23.018495298665464
-181.00000000000006 24.843792642974158 23.015495587148955
-180.5 24.839466470139495 23.012490012804506
-180.0 24.835131859550902 23.00948980728905
-179.50000000000006 24.830798775013378 23.00649886091086
-179.0 24.826464011004965 23.003488646494276
-178.5 24.82215835660523 23.00049585747319
-178.00000000000006 24.81781135830417 22.997509705287356
-177.5 24.813497178856654 22.994509834701407
-177.0 24.809175931352843 22.991511247289665
-176.50000000000006 24.80484300030593 22.98853314966269
-176.0 24.80052680348217 22.98554973817685
-175.5 24.7962356704822 22.98256424722657
-175.00000000000006 24.79192274564663 22.979585194947877
-174.5 24.787616301961837 22.97660885926605
-174.0 24.78334100543861 22.973633422388666
-173.50000000000006 24.779053105596706 22.97066531806124
-173.0 24.774794359838936 22.967703894396646
-172.5 24.77050782236337 22.964748180337956
-172.00000000000006 24.7662592048528 22.961781136866787
-171.5 24.76202458545813 22.95883059771873
-171.0 24.75777086971627 22.95588435308888
-170.50000000000006 24.753568980853103 22.952934171662733
-170.0 24.74936214764159 22.950002265105947
-169.5 24.745150421923906 22.947067998034054
-169.00000000000006 24.740964406345203 22.944146997870156
-168.5 24.73678128543401 22.94122622632262
-168.0 24.732622444189673 22.938310932457384
-167.50000000000006 24.728491023448193 22.935404119876132
-167.0 24.72433070877524 22.93249800855117
-166.5 24.720198293921484 22.929598060897124
