FastTrWP/PhaseSpace/IAs/snIa_0.44_30.00_0.35_-0.04.csv
# %ECSV 0.9
# ---
# datatype:
# - {name: time-rel, datatype: float64}
# - {name: g, datatype: float64}
# - {name: i, datatype: float64}
# schema: astropy-2.0
time-rel g i
[from data line 701]
-66.0 23.126514887607186 22.611258052243834
-65.5 23.12573199893429 22.61016078251695
-65.0 23.124960557237173 22.60906847659264
-64.5 23.124189679864937 22.60798232688313
-64.0 23.12343304684854 22.6068992185577
-63.5 23.122690213616433 22.60581835660772
-63.0 23.12194621089629 22.604745183930596
-62.5 23.12121612807868 22.60367257232648
-62.0 23.120483306428675 22.602607969534432
-61.5 23.11976898880465 22.601545398251453
-61.0 23.119056403852525 22.600485922455928
-60.5 23.118352791023383 22.599430711951463
-60.0 23.117660873063958 22.598381390634966
-59.5 23.11697245306021 22.597331864228796
-59.0 23.116289122007935 22.596300404500667
-58.5 23.115610359729217 22.59526381116475
-58.0 23.11494030323352 22.594233544736557
-57.5 23.114288052074837 22.593203613277147
-57.0 23.11361911612543 22.59217808452181
-56.5 23.112979249742104 22.591159206328136
-56.0 23.11235128118964 22.590141019827982
-55.5 23.111715092355215 22.589124097883474
-55.0 23.11108718373264 22.588127126162565
-54.5 23.11048051354895 22.58711396919672
-54.0 23.109863047193674 22.586124096900978
-53.5 23.109265736444335 22.585135179085253
-53.0 23.10867297880439 22.584134142291102
-52.5 23.10807652692176 22.583157151377833
-52.0 23.107502927483864 22.582166717895575
-51.5 23.10692429411513 22.581187522229325
-51.0 23.10634939361574 22.580212475688928
-50.5 23.105791252596262 22.579242259793453
-50.0 23.105242523521497 22.57827892516259
-49.5 23.10468559181819 22.57731195321921
-49.0 23.104141833759986 22.57635360962244
-48.5 23.1036221499317 22.57539574239617
-48.0 23.10306769894588 22.574441923580025
-47.5 23.102557768075087 22.57349386902505
-47.0 23.102033377099204 22.57255642088012
-46.5 23.10152699747786 22.571608523860558
-46.0 23.101029088326012 22.570676448880263
-45.5 23.1005224254453 22.569738159841435
-45.0 23.100028983048322 22.568808098728937
-44.5 23.099560868773736 22.567886994628413
-44.0 23.099069697744948 22.566964681594833
-43.5 23.09860685757367 22.566052732367396
-43.0 23.098138435942364 22.56513354142189
-42.5 23.097681782757977 22.564227737653887
-42.0 23.097227135602513 22.56331570514091
-41.5 23.096785531500625 22.562407886039203
-41.0 23.096338539342774 22.561509106087083
-40.5 23.095912911474464 22.560616448688723
-40.0 23.09547845796631 22.559716547267538
-39.5 23.095051383815353 22.5588369348475
-39.0 23.09464176419432 22.557950199535306
-38.5 23.094228308070477 22.55706097021095
-38.0 23.093815195518133 22.55618441488657
-37.5 23.09342312661908 22.555309934283763
-37.0 23.093020524524842 22.554430310385378
-36.5 23.09264076589232 22.553569879368386
-36.0 23.09225822089294 22.55270291777274
-35.5 23.09188962686042 22.551849075706514
-35.0 23.091502552547848 22.550979189396084
-34.5 23.09114828363739 22.550122239941444
-34.0 23.090796888449763 22.54927954954585
-33.5 23.090440464631747 22.548428811684957
-33.0 23.090089297834275 22.547581453940847
-32.5 23.08974854373492 22.54674194340982
-32.0 23.08941811351705 22.545913636186384
-31.5 23.089101807846312 22.545080097913615
-31.0 23.088785181164546 22.54424918137274
-30.5 23.088482900541443 22.543423250155517
-30.0 23.0881765963398 22.542605542864436
-29.5 23.08788570599087 22.541788762156948
-29.0 23.08759971346244 22.540980093652102
-28.5 23.08732032737251 22.540171759740673
-28.0 23.087057274086117 22.539365674304477
-27.5 23.08679101734629 22.53856466087164
-27.0 23.08653803987142 22.537768903222442
-26.5 23.086296895080757 22.536976649029707
-26.0 23.0860396491381 22.536188155536614
-25.5 23.085804447601763 22.535405820362925
-25.0 23.085574376932204 22.534621536158447
-24.5 23.08535759261037 22.533842347195442
-24.0 23.08512822262108 22.53307109854901
-23.5 23.084921971258133 22.532293420678343
-23.0 23.084723834927626 22.5315264935712
-22.5 23.084515743031115 22.530759673872993
-22.0 23.084330142853467 22.52999799740229
-21.5 23.084135621622764 22.529244532199474
-21.0 23.083963055262885 22.528492526577413
-20.5 23.083789098808367 22.527735480308465
-20.0 23.083605208468345 22.526992654159024
-19.5 23.08345040904851 22.526244302448234
-19.0 23.08329560866296 22.525494568651023
-18.5 23.08314522730329 22.52476572618065
-18.0 23.082998910210065 22.5240207695299
-17.5 23.0828582147045 22.523298552240888
-17.0 23.08271944705501 22.522561488667264
-16.5 23.082581003127423 22.521834101101593
-16.0 23.082454473177073 22.521115637521135
-15.5 23.082346272178768 22.520392295234416
-15.0 23.08222652574544 22.519677404717125
-14.5 23.08211482409845 22.51895124402846
-14.0 23.082011484869916 22.518247485653994
-13.5 23.081909285597124 22.517540244889105
-13.0 23.081815425683324 22.516832207811092
-12.5 23.081719075491485 22.516123148693048
-12.0 23.08164344133729 22.515424617030963
-11.5 23.08155222002696 22.514724237524003
-11.0 23.081478531868896 22.51403084714753
-10.5 23.08140903944438 22.513333754803444
-10.0 23.081330039040637 22.512641620318753
-9.5 23.081267542287417 22.51194870506889
-9.0 23.081203586023733 22.51127084223212
-8.5 23.081142847097432 22.510583784460167
-8.0 23.08108947353079 22.50989611134417
-7.5 23.08104790599313 22.509226312008014
-7.0 23.08099706469053 22.508543480810843
-6.5 23.080951508355145 22.507870162910756
-6.0 23.080916080530805 22.507194487375713
-5.5 23.0808871615817 22.50652621203709
-5.0 23.080850260376696 22.50586142688036
-4.5 23.08082483889063 22.50519751218864
-4.0 23.080804352925423 22.50452240313924
-3.5 23.080782729936775 22.503866308126995
-3.0 23.080762862550994 22.50320441253475
-2.5 23.080750973481305 22.50255544957819
-2.0 23.080738641168807 22.501901031556798
-1.5 23.080730601415823 22.501242811778358
-1.0 23.080726149512564 22.50059143438243
-0.5 23.080719753245667 22.499941821533437
0.0 23.080713927703936 22.499289282183025
0.5 23.08072339317604 22.498647286033844
1.0 23.080731137504387 22.49801413302441
1.5 23.080745350322232 22.497366586527615
2.0 23.080753016519935 22.496727442313933
2.5 23.080765606331987 22.4960817360692
3.0 23.08079419738391 22.495448139893092
3.5 23.08081410342906 22.49481428288083
4.0 23.080852826206062 22.494184148852728
4.5 23.080878485545796 22.493557854559228
5.0 23.08091528477035 22.492933708161523
5.5 23.080955088187984 22.492302857105475
6.0 23.08102104178133 22.491687242273088
6.5 23.081062574653956 22.491070869836385
7.0 23.081118202865497 22.49045118271055
7.5 23.0811672284841 22.48983538614123
8.0 23.081229308112448 22.489220960892457
8.5 23.08131123757841 22.48861530748662
9.0 23.081374194426868 22.488002627063672
9.5 23.081452848429258 22.487402354310543
10.0 23.08152632506247 22.486791057537623
10.5 23.081613340866124 22.486198826175503
11.0 23.081703365607062 22.485593253222795
11.5 23.081798543062813 22.484993675805267
12.0 23.081895664803973 22.484400943425946
12.5 23.081998771973865 22.483806304306945
13.0 23.08209793862572 22.48322496265645
13.5 23.08220970570848 22.482635026712337
14.0 23.082316743850356 22.482060298627644
14.5 23.082452135933682 22.481466815756228
15.0 23.082561414851565 22.480889824493104
15.5 23.08269808368724 22.480314980405463
16.0 23.082836478694972 22.47973943409129
16.5 23.08296314706166 22.47917175198365
17.0 23.08310514513333 22.47859379887389
17.5 23.08325347046399 22.478024491606533
18.0 23.083405150434274 22.477469200473422
18.5 23.083554271864855 22.476911189589423
19.0 23.083720924180167 22.476348210421214
19.5 23.08387552971425 22.475788383107385
20.0 23.08404698233541 22.475239007607755
20.5 23.084227487555033 22.474680038020516
21.0 23.08439977684252 22.474130162981375
21.5 23.084579952560706 22.47358756321287
22.0 23.084770335884876 22.473041583203894
22.5 23.084956724240392 22.47249856826855
23.0 23.085154597759846 22.47195715716827
23.5 23.085356108571826 22.471420485551498
24.0 23.08556265986546 22.470887151446775
24.5 23.085761871358695 22.470350463448323
25.0 23.085983656585974 22.469821820153662
25.5 23.08620828514372 22.469298038391116
26.0 23.086431795538985 22.46877698706641
26.5 23.086664430054597 22.468247546620855
27.0 23.08690124631752 22.46773238472317
27.5 23.087129564600875 22.467215450463378
28.0 23.08737692861641 22.466700027723185
28.5 23.087632366220426 22.466189482376716
29.0 23.087888651540798 22.465682861301424
29.5 23.088146469889583 22.46516990243807
30.0 23.08840618702288 22.464666444990137
30.5 23.088672655477353 22.46416599113762
31.0 23.088951395891925 22.463673944634152
31.5 23.089228668127163 22.463174671977555
32.0 23.089509498721124 22.46268832399305
32.5 23.08979570025084 22.462189348279637
33.0 23.090096521249915 22.461711727058017
33.5 23.090391109993554 22.461221910495915
34.0 23.090689596960377 22.460735674042077
34.5 23.091000782334618 22.46026199544318
35.0 23.091327182361503 22.459784045387327
35.5 23.0916379846162 22.459310180370732
36.0 23.091963983932494 22.458839680585456
36.5 23.09229257267298 22.458372776016855
37.0 23.092620812481528 22.457911537630622
37.5 23.0929674993109 22.4574374885634
38.0 23.09330665453198 22.45697546824463
38.5 23.09364543275787 22.45652036219515
39.0 23.094007014279367 22.456057243599382
39.5 23.09435447524985 22.455605632761046
40.0 23.09472830111816 22.455150245139706
40.5 23.09509125666066 22.454699483513693
41.0 23.095457734119815 22.45425329630598
41.5 23.095842234041033 22.453810736678967
42.0 23.09622176500101 22.453364766987576
42.5 23.096605473547193 22.452916501453956
43.0 23.09699106956478 22.452478927218877
43.5 23.097399543763455 22.45204208454333
44.0 23.097783458010145 22.451612225747738
44.5 23.09818861264339 22.451173161138975
45.0 23.098605055587285 22.450749869877672
45.5 23.099012521327108 22.45032893646165
46.0 23.099435678653318 22.44989591087799
46.5 23.09985732190171 22.449468523706276
47.0 23.10028772277395 22.449060009952753
47.5 23.10072729321086 22.448637573751206
48.0 23.101161929820645 22.448222352646713
48.5 23.101612077821763 22.447811285546923
49.0 23.102058930338938 22.447391917616354
49.5 23.102508306046055 22.446999525483257
50.0 23.102960915515016 22.446587964995913
50.5 23.10343134367134 22.446184972776315
51.0 23.103899236549445 22.445780711545723
51.5 23.104372306335886 22.445385272056576
52.0 23.10484628956075 22.444986176084704
52.5 23.105336715385924 22.44459775346182
53.0 23.105824127062895 22.44420762169991
53.5 23.106318235921428 22.443821048765894
54.0 23.10682542548016 22.443432021492633
54.5 23.107321787743416 22.44304459094979
55.0 23.10782574530037 22.442670202795384
55.5 23.108346210822713 22.442289978484556
56.0 23.10886701184257 22.441916778693297
56.5 23.109389816286345 22.441543540365565
57.0 23.109918415855827 22.441175928057895
57.5 23.110460793545244 22.440805251515954
58.0 23.111003493493772 22.440438658712676
58.5 23.111551546964918 22.440076388577673
59.0 23.11209413669815 22.43971285684967
59.5 23.112657632138088 22.439357538914273
60.0 23.113217137635917 22.43901173756243
60.5 23.113787843672874 22.438651706779492
61.0 23.11435863345592 22.43830108209673
61.5 23.114947711745266 22.437949989978137
62.0 23.115517118293955 22.437607808847527
62.5 23.11610948809793 22.43727231574278
63.0 23.11671041112 22.43692764372883
63.5 23.11731675140554 22.436587375726475
64.0 23.11790942012276 22.436257470056734
64.5 23.11851401419375 22.435930155918204
65.0 23.119133750356184 22.435597769636033
65.5 23.119757926581848 22.435271929392297
66.0 23.120383683826002 22.434947408274798
66.5 23.121013530474617 22.434628204699845
67.0 23.121657616765457 22.434307532547557
67.5 23.12229653509916 22.43399519469852
68.0 23.122938855540887 22.433685957858273
68.5 23.12360007273863 22.433369626884584
69.0 23.12425672051567 22.433061599875572
69.5 23.124929754369226 22.432755017718474
70.0 23.1256048777397 22.43245348200619
70.5 23.12627867405809 22.432156434446824
71.0 23.126978503036906 22.43185354447387
71.5 23.12767216335022 22.43157041661021
72.0 23.128374065909462 22.43127361340873
72.5 23.129084201633606 22.430990644395447
73.0 23.129812504519364 22.43069678035046
73.5 23.130531494210782 22.430416865460174
74.0 23.131270123367287 22.430133677819
74.5 23.132006001999006 22.429856071381977
75.0 23.132756095275106 22.429590159785754
75.5 23.13352015393132 22.429312618413263
76.0 23.134280639165308 22.429041781886234
76.5 23.135047781664415 22.428779612870912
77.0 23.135825139825275 22.428512742177922
77.5 23.1366020490392 22.42825134617856
78.0 23.137396080198368 22.427991958306027
78.5 23.138187685627823 22.42773476327782
79.0 23.138990683561286 22.427486535244185
79.5 23.139801978304952 22.4272260464299
80.0 23.14061637516928 22.42698186723363
80.5 23.141441704361263 22.426734433121858
81.0 23.14226863134263 22.426487234978797
81.5 23.143104444253517 22.42624534551561
82.0 23.14392727478438 22.4260117955873
82.5 23.144775589141226 22.425770619842517
83.0 23.145622831109797 22.425536614285853
83.5 23.14648891481568 22.42529973823027
84.0 23.147334196328675 22.425067342793618
84.5 23.14820183634094 22.42484559902519
85.0 23.149062170864777 22.424621467278946
85.5 23.149951812292162 22.424399933132637
86.0 23.15082683118559 22.424180390953094
86.5 23.151708480283837 22.423959497968244
87.0 23.15259956246164 22.423738828409505
87.5 23.15349429532471 22.423532036170464
88.0 23.154388838652956 22.42332298791979
88.5 23.155294659562266 22.42311475688419
89.0 23.15619086046903 22.42290026506875
89.5 23.157106389961577 22.422696367428095
90.0 23.15802590172676 22.422497309818628
90.5 23.158927470137186 22.422292593953074
91.0 23.159854118718574 22.422104818907997
91.5 23.1607821517403 22.421910017110996
92.0 23.161710420449822 22.421717436570006
92.5 23.16264274794007 22.42152153842889
93.0 23.16357353487522 22.42133109422818
93.5 23.1645127826366 22.4211487245355
94.0 23.165461370851354 22.420963934028396
94.5 23.1664127986842 22.420775987365072
95.0 23.167353175897198 22.42060029381648
95.5 23.16829473913944 22.420427463033064
96.0 23.16924872736616 22.42024827474891
96.5 23.17020675088257 22.420072989494713
97.0 23.171162813356755 22.41990285084141
97.5 23.17211775281377 22.419727206105616
98.0 23.173082683186323 22.41956114018993
98.5 23.174050429592935 22.41939481785892
99.0 23.175008830524813 22.419234848588335
99.5 23.175975142021716 22.419071034031465
100.0 23.17693446038581 22.41890897830403
100.5 23.177916909864614 22.41875489740652
101.0 23.178895807227484 22.418597400563193
101.5 23.179863762930143 22.41844095463965
102.0 23.180838610493424 22.418288612292493
102.5 23.181812120165965 22.41814729955668
103.0 23.182780114501508 22.41799784639289
103.5 23.183756050000554 22.4178473036176
104.0 23.18473771789599 22.417698426692453
104.5 23.185709253015347 22.417561578993094
105.0 23.1866984170128 22.41742304518659
105.5 23.187688252448627 22.417284143477637
106.0 23.18868372470093 22.417150167275
106.5 23.189694435780876 22.417021729934163
107.0 23.190704580894405 22.41688284088145
107.5 23.191713758216352 22.416751268178793
108.0 23.19272215786444 22.416632641490303
108.5 23.19374944605483 22.416511409602297
109.0 23.19476865439404 22.416386780616932
109.5 23.195801479077566 22.416268945800883
110.0 23.196843273023564 22.41615091350021
110.5 23.19787538863781 22.41603449536161
111.0 23.19892406509358 22.415922311394382
111.5 23.199972040571236 22.415813872397447
112.0 23.201030232372524 22.415704660735774
112.5 23.202079916483065 22.41560338143489
113.0 23.20314200936835 22.415504362406537
113.5 23.204206079476087 22.41539933104415
114.0 23.205272111001985 22.41529963953481
114.5 23.20635256080818 22.415209962230513
115.0 23.207426509847778 22.415112265310793
115.5 23.208507184676023 22.415016158155755
116.0 23.209592603804964 22.41492742385802
116.5 23.21068606440925 22.41483945852975
117.0 23.211769549857845 22.414750516544238
117.5 23.212883457688932 22.41467481895707
118.0 23.213971388519077 22.414587921088795
118.5 23.21507546203888 22.414507983300872
119.0 23.216171999606075 22.414425031013273
119.5 23.217282073529383 22.414356269886436
120.0 23.218390825899 22.41428106439924
120.5 23.219506078383624 22.414204690195273
121.0 23.220621052667276 22.41413692713406
