FastTrWP/PhaseSpace/IAs/snIa_0.38_30.00_1.59_-0.15.csv
# %ECSV 0.9
# ---
# datatype:
# - {name: time-rel, datatype: float64}
# - {name: g, datatype: float64}
# - {name: i, datatype: float64}
# schema: astropy-2.0
time-rel g i
[from data line 665]
487.6875 22.77265744808065 22.834337039939413
488.1875 22.771582444841357 22.833086527246202
488.6875 22.770520500509967 22.831847053462315
489.1875 22.76946455828011 22.830601050155458
489.6875 22.768409498416435 22.829362227609778
490.1875 22.76736948021203 22.828124821352628
490.6875 22.766336188542738 22.826901847721746
491.1875 22.76532122197104 22.825673058150826
491.6875 22.76428843959012 22.82446183242228
492.1875 22.763284574544848 22.82323652571504
492.6875 22.762276721158106 22.822040600772056
493.1875 22.761278420816616 22.82083412227707
493.6875 22.760286245112532 22.819635252908775
494.1875 22.759303806305503 22.81842800359478
494.6875 22.75832877795901 22.817237868556106
495.1875 22.757361079339216 22.816058339048595
495.6875 22.756400958939494 22.81487210956832
496.1875 22.75545433428311 22.813697080714622
496.6875 22.754499106172684 22.812526106755033
497.1875 22.753560916163774 22.811357173921554
497.6875 22.752623128346762 22.810197373535335
498.1875 22.751691473333317 22.80903590948208
498.6875 22.750768697582853 22.807880122324264
499.1875 22.74985436249579 22.806726661306712
499.6875 22.748949619495203 22.805578466112877
500.1875 22.748037786567377 22.80442835283357
500.6875 22.74714077049459 22.803293055992256
501.1875 22.746252343891406 22.80215801419442
501.6875 22.745365029486166 22.801020823014582
502.1875 22.74448565172206 22.799893536291144
502.6875 22.743615596824167 22.798777158109566
503.1875 22.742744426111784 22.797654317414434
503.6875 22.741877223135987 22.79653965553901
504.1875 22.741030676142696 22.795435598261893
504.6875 22.740174034406575 22.794324115294586
505.1875 22.739340045575638 22.793220537901306
505.6875 22.738502212233023 22.79212522554614
506.1875 22.737680685928915 22.791027279183652
506.6875 22.736858682401223 22.789936949627222
507.1875 22.736040478254548 22.78884585809065
507.6875 22.73522922546166 22.78776573921445
508.1875 22.734429665815682 22.78669301122433
508.6875 22.733634245821964 22.785622958768354
509.1875 22.732839510603554 22.784542617736125
509.6875 22.73205838250265 22.783485041627664
510.1875 22.73128470367841 22.782424428153107
510.6875 22.73051934150518 22.78136685322221
511.1875 22.729750279857175 22.780322417659956
511.6875 22.728996359025682 22.77927151322472
512.1875 22.72824696320214 22.778232835246214
512.6875 22.727505915978085 22.777188032130805
513.1875 22.726763237642555 22.776150594926573
513.6875 22.72604865575481 22.775122760766298
514.1875 22.7253165916124 22.77409336964459
514.6875 22.724608195191234 22.773073643128438
515.1875 22.723895984760702 22.772060637919147
515.6875 22.72319470091759 22.7710430123213
516.1875 22.722497580543894 22.770031522120256
516.6875 22.72180994852593 22.76902722837443
517.1875 22.721126174330358 22.76802371954663
517.6875 22.720452042039998 22.76702999914987
518.1875 22.719787713916894 22.76603887836368
518.6875 22.719134663296817 22.765054411262454
519.1875 22.71847178091178 22.764072367928453
519.6875 22.717831257521034 22.763090143079488
520.1875 22.717186002263574 22.76212128354871
520.6875 22.716553121539313 22.76114660608958
521.1875 22.715924831347657 22.760180550528034
521.6875 22.71530677928944 22.759220779913576
522.1875 22.71470448507764 22.758266117413697
522.6875 22.714088513983857 22.757310450231362
523.1875 22.71349138146271 22.75635844950201
523.6875 22.71290326387428 22.755417189941394
524.1875 22.712326582972644 22.754470139299116
524.6875 22.71174685655755 22.753551548444847
525.1875 22.711184336734846 22.75261671400751
525.6875 22.71062492647851 22.75169444302138
526.1875 22.71006124713505 22.750767189438715
526.6875 22.70952239947727 22.749847983892213
527.1875 22.70897945085689 22.748941170142754
527.6875 22.70845049663173 22.748033114344743
528.1875 22.70792172560792 22.747135177106248
528.6875 22.707401571971634 22.746223453853744
529.1875 22.706896407686944 22.745332745295073
529.6875 22.706390098117573 22.744445580548145
530.1875 22.705900968156065 22.743553154381875
530.6875 22.705413617107144 22.742671975082388
531.1875 22.70493155967941 22.7417937845717
531.6875 22.704460768942397 22.740922427431165
532.1875 22.703995247781155 22.740058095228743
532.6875 22.703538673184998 22.739189718735602
533.1875 22.70308442827624 22.73832724571633
533.6875 22.702660252650595 22.737478622579275
534.1875 22.702212558481968 22.736623199012417
534.6875 22.70178002698683 22.73578159824764
535.1875 22.70136833390683 22.734934375576962
535.6875 22.700940653727727 22.73409551279974
536.1875 22.700539271563773 22.73325628596104
536.6875 22.70013726438918 22.732430146409456
537.1875 22.69974507126353 22.73159946310967
537.6875 22.699354967448528 22.7307705664037
538.1875 22.69897898963075 22.72995309749881
538.6875 22.698616728321944 22.72913628269768
539.1875 22.69824210180402 22.728332685584228
539.6875 22.697884278271214 22.727529416164973
540.1875 22.697527600303978 22.72670629962978
540.6875 22.697176974025716 22.725913081422068
541.1875 22.696839635513477 22.725123308303697
541.6875 22.696501900250826 22.72433406513474
542.1875 22.69618213270401 22.72354187692744
542.6875 22.695856347808526 22.722754172806617
543.1875 22.695544249263424 22.721968793676535
543.6875 22.695239524028192 22.721196844539055
544.1875 22.69492668173486 22.72042887850249
544.6875 22.694635894957138 22.71965249634445
545.1875 22.6943441982962 22.718889536817176
545.6875 22.694057663073583 22.718136914420594
546.1875 22.693785024559972 22.717376535854736
546.6875 22.693511378913584 22.716622954826093
547.1875 22.69324214166607 22.715865595198864
547.6875 22.692975053402588 22.71511499452049
548.1875 22.6927286205275 22.714382377809805
548.6875 22.69248012360839 22.713638331295222
549.1875 22.692228786432615 22.712894395520564
549.6875 22.6919982866991 22.712166250667003
550.1875 22.691758357193166 22.711431807924715
550.6875 22.69152729037232 22.710712130499253
551.1875 22.691304353887208 22.709994904088436
551.6875 22.691090101613863 22.709272641103407
552.1875 22.690884786000506 22.708565417974107
552.6875 22.690679922643593 22.70785604871394
553.1875 22.69047909746403 22.7071384849722
553.6875 22.69027872191273 22.706429658610734
554.1875 22.690089587478308 22.705736263715167
554.6875 22.689905465783905 22.70503954748646
555.1875 22.689735277310938 22.70433793590529
555.6875 22.689554611609516 22.703644952004804
556.1875 22.689382121455278 22.702959947848743
556.6875 22.689213717256745 22.702283702362067
557.1875 22.689053772787524 22.70159441773835
557.6875 22.688896971988637 22.700921442357927
558.1875 22.68875419470957 22.700240494408888
558.6875 22.688602262474333 22.69957587563672
559.1875 22.688460904545124 22.698903896420184
559.6875 22.688331126768674 22.698245770571354
560.1875 22.688195287908215 22.697576976794153
560.6875 22.688068564465667 22.696926260629574
561.1875 22.687941535704855 22.6962725055869
561.6875 22.68782437138851 22.695604073534604
562.1875 22.68771721676611 22.69496497122343
562.6875 22.687601849839368 22.69431720516836
563.1875 22.687498490632578 22.69368254229736
563.6875 22.687407129180727 22.693042470691704
564.1875 22.687324785965032 22.692414165766355
564.6875 22.687239160336937 22.691782968765505
565.1875 22.687174951129055 22.691158128383904
565.6875 22.68711017956307 22.690529951750733
566.1875 22.68705728974676 22.689920660995078
566.6875 22.687004208266373 22.689303580835407
567.1875 22.686970112151315 22.68868543196688
567.6875 22.68691950306205 22.68807963270543
568.1875 22.686894373312192 22.687480378181974
568.6875 22.68687310617686 22.686878964100323
569.1875 22.68685737524974 22.686294488630217
569.6875 22.686845165347158 22.68569183254487
570.1875 22.68684387445643 22.68510591618992
570.6875 22.686840303583597 22.68452309423466
571.1875 22.686855672245084 22.683935202987954
571.6875 22.68686390287794 22.683364787956286
572.1875 22.68688766724513 22.682791682719294
572.6875 22.686906508737607 22.682220150987938
573.1875 22.686940270107236 22.681652625992346
573.6875 22.686977483538012 22.681088029179335
574.1875 22.68701321742173 22.68052884736982
574.6875 22.687064859084497 22.6799726099556
575.1875 22.68711187399358 22.67941122452108
575.6875 22.68717795030138 22.678859510172433
576.1875 22.687228716396422 22.67831410512564
576.6875 22.68729644085521 22.67776624690663
577.1875 22.687365651884317 22.67722756393361
577.6875 22.687448269301687 22.67668366977386
578.1875 22.687516248904693 22.676144733411526
578.6875 22.687602456200302 22.67561824031402
579.1875 22.68768991790969 22.675084068805774
579.6875 22.68778179151141 22.67455681897363
580.1875 22.687875770058593 22.674034708753762
580.6875 22.687984435845053 22.673505953600262
581.1875 22.688082412814307 22.67297398260147
581.6875 22.688192154878184 22.67246723693028
582.1875 22.68829374640064 22.67195180541737
582.6875 22.688409595443876 22.67143528403966
583.1875 22.688527858848353 22.670922751089968
583.6875 22.68864399863852 22.670421459476092
584.1875 22.688772153059432 22.66991970561861
584.6875 22.688896662806734 22.66941519138941
585.1875 22.68903100499132 22.66891194724966
585.6875 22.689152429715524 22.66841037208514
586.1875 22.689286781630024 22.66792031759225
586.6875 22.689430567720024 22.66742503437403
587.1875 22.68956815665971 22.666931801125187
587.6875 22.68970112725821 22.666451679958023
588.1875 22.689842550102156 22.66595788679009
588.6875 22.68998900910935 22.66548005819429
589.1875 22.690136426357476 22.664984827778007
589.6875 22.69028819666857 22.664507037361744
590.1875 22.6904371932117 22.66403103411518
590.6875 22.690594214115364 22.663560724201606
591.1875 22.690741829096797 22.66308514620021
591.6875 22.69089495227963 22.662604759137714
592.1875 22.691054645096486 22.662133134384472
592.6875 22.69121598769502 22.66166428989169
593.1875 22.69137373654334 22.6612022573212
593.6875 22.69153178318406 22.660733756798468
594.1875 22.691691931661445 22.660269532768883
594.6875 22.691849902229492 22.659811581216907
595.1875 22.692015624988976 22.659348779787116
595.6875 22.69217059458591 22.658890968943147
596.1875 22.692339427276362 22.65843234109749
596.6875 22.692500304167883 22.657969872514183
597.1875 22.6926768480249 22.65752276189204
597.6875 22.69284704533781 22.657072456352413
598.1875 22.693015343029113 22.65663126354017
598.6875 22.69319868333593 22.65617526511905
599.1875 22.69338703757984 22.655737559854426
599.6875 22.69356874203769 22.655291928770463
600.1875 22.693748894711746 22.654854291798404
600.6875 22.69393859031116 22.654414973613413
601.1875 22.694131545083774 22.653983876712328
601.6875 22.694329173708926 22.65354703172695
602.1875 22.694517032974563 22.653114975290464
602.6875 22.694724553544354 22.652683252293485
603.1875 22.69492727682119 22.652257679635554
603.6875 22.695131136977906 22.65182852919265
604.1875 22.695337444274422 22.651410301040222
604.6875 22.695545339739045 22.650985971486968
605.1875 22.69577075349346 22.650576238160607
605.6875 22.69598219138507 22.650153988153
606.1875 22.69619979511409 22.649745870851028
606.6875 22.696421936194614 22.649327499579897
607.1875 22.696656411455155 22.648928626056506
607.6875 22.696883087920465 22.648512255273126
608.1875 22.69711641240847 22.648104954615036
608.6875 22.69735028029239 22.64771112992002
609.1875 22.697593773941684 22.64731161252881
609.6875 22.697826939201256 22.64691582637404
610.1875 22.698078684966898 22.64651791241083
610.6875 22.69831096220184 22.64612439061766
611.1875 22.69857014336987 22.645739745956092
611.6875 22.698816871945375 22.645353060794776
612.1875 22.69907580330421 22.644962156640347
612.6875 22.69933870221179 22.644581186611713
613.1875 22.699597350273393 22.64419386844033
613.6875 22.699862114499698 22.643819531097208
614.1875 22.700128072783787 22.643439894070355
614.6875 22.700401551838603 22.64307276683525
615.1875 22.700673909256565 22.6426967438047
615.6875 22.7009555641466 22.642333271515135
616.1875 22.701234664401177 22.64196694544969
616.6875 22.701524591522407 22.641598095997505
617.1875 22.701799525922223 22.641240112416256
617.6875 22.70209555312736 22.64087869468241
618.1875 22.702387750437808 22.64052043444872
618.6875 22.702686910024653 22.640166076545555
619.1875 22.702988628933575 22.639812701087905
619.6875 22.703289053301503 22.63947138929462
620.1875 22.70359431407168 22.63911882986084
620.6875 22.70390165347047 22.638782715140223
621.1875 22.704223214476652 22.638432338602858
621.6875 22.70453140157581 22.63809792623498
622.1875 22.704850136977424 22.637758636114413
622.6875 22.70517568348575 22.637422699594204
623.1875 22.70549887478776 22.63709108810012
623.6875 22.705825874861922 22.636768075812906
624.1875 22.706154140939464 22.636441795712116
624.6875 22.706491281477334 22.63611650998158
625.1875 22.70683001722587 22.635792752449923
625.6875 22.70717164758022 22.63547833017963
626.1875 22.70751540487217 22.63516064041302
626.6875 22.707864555303665 22.634845578217767
627.1875 22.708226893421745 22.634535644749583
627.6875 22.708570279976644 22.634227212419976
628.1875 22.708932709967165 22.63392117134821
628.6875 22.70929001097379 22.633625283923106
629.1875 22.709662881027413 22.633318879198487
629.6875 22.71003214202723 22.63302130457127
630.1875 22.710392758483167 22.63272850915344
630.6875 22.710773213989693 22.63243298656254
631.1875 22.711147463151654 22.6321410521245
631.6875 22.711528868253072 22.63185484280172
632.1875 22.711913383557707 22.631567937621067
632.6875 22.712297667871162 22.631280265686804
633.1875 22.71269165382321 22.631004380146123
633.6875 22.713082495631994 22.630725088689783
634.1875 22.71347880669074 22.630445039399497
634.6875 22.713888982101743 22.630170576604147
635.1875 22.71428100069828 22.629894838031568
635.6875 22.714695966155716 22.629626655168646
636.1875 22.715102346818984 22.629357393326757
636.6875 22.715514767491605 22.629090139320166
637.1875 22.715925802293842 22.62882180746268
637.6875 22.716351310121418 22.628576857545845
638.1875 22.71677454595678 22.628311152205963
638.6875 22.717195717985422 22.62805723266103
639.1875 22.717624925941976 22.627802654792717
639.6875 22.718063742813207 22.627545349980267
640.1875 22.71849812355493 22.62729816799821
640.6875 22.71893982076859 22.627046940388993
641.1875 22.719372706895985 22.62680469463842
641.6875 22.719828356087657 22.626570389766755
642.1875 22.720274034390687 22.62632433467388
642.6875 22.72072058045985 22.626086373105583
643.1875 22.72117148881918 22.62584949108289
643.6875 22.721640146758013 22.625618382208916
644.1875 22.72210133567136 22.625387200103987
644.6875 22.722567288753254 22.625160862542707
645.1875 22.723033158420982 22.62493114371123
645.6875 22.72350891076835 22.624715561653215
646.1875 22.72398796475619 22.624493473148778
646.6875 22.724464227610575 22.624277584652347
647.1875 22.72494607820352 22.6240575828768
647.6875 22.72542509719755 22.62384210145905
648.1875 22.725921604626645 22.623637756131274
648.6875 22.726419074997036 22.62343447208363
649.1875 22.726911326611543 22.623229472592783
649.6875 22.727413886284214 22.62302532349664
650.1875 22.727915945485563 22.62282694352872
650.6875 22.72842351412834 22.62261870954005
651.1875 22.72894230895178 22.622430515937815
651.6875 22.729446431109363 22.62223477593448
652.1875 22.729963832580225 22.622048265696595
652.6875 22.730484066913306 22.62186137891326
653.1875 22.731011020351183 22.621668179510873
653.6875 22.73152937250517 22.621489179777168
654.1875 22.732072895398552 22.621305136999297
654.6875 22.732609770445798 22.62113582199216
655.1875 22.733139912367875 22.620957324904836
655.6875 22.733681383276195 22.620780717391614
656.1875 22.734224721980382 22.62061083796744
656.6875 22.734776264128488 22.620451855881896
657.1875 22.735330762030884 22.620276861077564
657.6875 22.735878368605213 22.620118073559965
658.1875 22.73644086108787 22.61995638373225
658.6875 22.73701659980166 22.619798499847516
659.1875 22.73758566101591 22.619655149499994
659.6875 22.73814254900592 22.619501055305694
660.1875 22.738717322514873 22.61935163352063
