FastTrWP/PhaseSpace/IAs/snIa_0.52_30.00_-0.51_0.06.csv
# %ECSV 0.9
# ---
# datatype:
# - {name: time-rel, datatype: float64}
# - {name: g, datatype: float64}
# - {name: i, datatype: float64}
# schema: astropy-2.0
time-rel g i
[from data line 1393]
880.7499999999999 24.267094603771486 22.42602502011485
881.25 24.269033515233026 22.426525862202755
881.75 24.27096095864738 22.427025972802113
882.2499999999999 24.27291231690115 22.42752951561171
882.75 24.274836351234256 22.428030223487895
883.25 24.276776058591327 22.428535758668136
883.7499999999999 24.278715966720227 22.4290365175878
884.25 24.280652839471067 22.429551348418542
884.75 24.282596265818825 22.430055051508045
885.2499999999999 24.284530673532068 22.430565789606383
885.75 24.286466891401393 22.431073900784394
886.25 24.288399358430304 22.43158297955505
886.7499999999999 24.290345733854096 22.432101821092942
887.25 24.29229402804946 22.432609460661368
887.75 24.294227589174685 22.433128854353576
888.2499999999999 24.296161346514857 22.433643400544852
888.75 24.298104093004078 22.434164721334845
889.25 24.30004292942144 22.434680862310472
889.7499999999999 24.301988554303673 22.435203138458462
890.25 24.303927601064082 22.435719438239204
890.75 24.30585948011993 22.436242196462306
891.2499999999999 24.307797831374643 22.4367675344632
891.75 24.30975589692202 22.437296855792233
892.25 24.31168564576042 22.437819500106823
892.7499999999999 24.313639944718872 22.438343675919626
893.25 24.31556370910139 22.43887647102847
893.75 24.31750688348492 22.43940644110891
894.2499999999999 24.319439166824427 22.439938335354945
894.75 24.321397255626632 22.440469853529375
895.25 24.32333857728793 22.441005306013587
895.7499999999999 24.325288126630404 22.441536881853985
896.25 24.32720741460068 22.442080851797467
896.75 24.329166579114926 22.442616896330883
897.2499999999999 24.3311099231928 22.44315590762288
897.75 24.333072486893844 22.44370013013564
898.25 24.335010137991084 22.444241035001387
898.7499999999999 24.336969011430863 22.444777281715403
899.25 24.338904185895505 22.4453234223221
899.75 24.34084577357476 22.44586891656847
900.2499999999999 24.34278525444948 22.446414161609198
900.75 24.34474591757665 22.446960528510928
901.25 24.346695719262517 22.447504955163744
901.7499999999999 24.348638299193645 22.448061087464257
902.25 24.350588139974878 22.448606362987043
902.75 24.352527045760034 22.44915788692046
903.2499999999999 24.35449171381418 22.449712762833904
903.75 24.356428505680125 22.450266910846956
904.25 24.358372448039283 22.45082074191955
904.7499999999999 24.36034586742852 22.45137448372729
905.25 24.36230339811447 22.451940461081506
905.75 24.3642343953834 22.45249270006713
906.2499999999999 24.366198161959133 22.453061551968766
906.75 24.368140556054247 22.45361830231285
907.25 24.370109212654334 22.454177904953475
907.7499999999999 24.372050037984707 22.454744043676662
908.25 24.374010892433915 22.455308523422126
908.75 24.375985649300556 22.455868216401246
909.2499999999999 24.377934826621708 22.456443671550165
909.75 24.37987387858633 22.457013942478277
910.25 24.38184346154168 22.457587576392246
910.7499999999999 24.383792549561996 22.45814812262571
911.25 24.385767310504242 22.458728635633037
911.75 24.38772280826135 22.459299488771173
912.2499999999999 24.38967393094312 22.459869398993444
912.75 24.391635905365195 22.46044466892725
913.25 24.39359475697195 22.46102038640003
913.7499999999999 24.395563352609315 22.46160236713137
914.25 24.397527055026615 22.46218082585271
914.75 24.399484869789596 22.462757997367675
915.2499999999999 24.401455530512983 22.463342493105863
915.75 24.40339784973481 22.463926796533844
916.25 24.40537302496095 22.464514715290605
916.7499999999999 24.40734727012318 22.465094831719348
917.25 24.409302594198465 22.465681266033872
917.75 24.411268093490964 22.466266415050796
918.2499999999999 24.413247351183628 22.466863400673986
918.75 24.41521496467075 22.467443501723178
919.25 24.417172601587197 22.46803051441432
919.7499999999999 24.4191404484366 22.468630257234995
920.25 24.421117443339075 22.46922480757247
920.75 24.423065762956348 22.469819490259137
921.2499999999999 24.42504239427707 22.470416758089794
921.75 24.42698331741733 22.471014484436704
922.25 24.42897018638551 22.471617292267464
922.7499999999999 24.430934040539075 22.472213554839197
923.25 24.432888640330106 22.47282391037004
923.75 24.434881338180197 22.473416030034148
924.2499999999999 24.43685013491185 22.474020665776642
924.75 24.43879168028166 22.47462854285796
925.25 24.4407736932386 22.475242136701773
925.7499999999999 24.44272985617682 22.47584287081182
926.25 24.44471830232356 22.476450453840023
926.75 24.446664882451206 22.477067136110286
927.2499999999999 24.44865095716787 22.47767856158123
927.75 24.450611390457656 22.478284192338734
928.25 24.452565945262926 22.478904230130677
928.7499999999999 24.454540895325742 22.479519496832815
929.25 24.456522585718588 22.48013747488956
929.75 24.458479402110164 22.48074900863308
930.2499999999999 24.460439966229217 22.481373929576787
930.75 24.462413660224428 22.48199058209488
931.25 24.464386600489604 22.482615621309698
931.7499999999999 24.466358453620515 22.48324066017159
932.25 24.46833963749002 22.483867854635726
932.75 24.470309130853778 22.484488988308655
933.2499999999999 24.472289357458283 22.48511469717556
933.75 24.474239962863763 22.48574474187926
934.25 24.476215762450472 22.48637016289671
934.7499999999999 24.478192720121406 22.48701455385288
935.25 24.480172014689906 22.487642209044168
935.75 24.482138894802745 22.48827140978088
936.2499999999999 24.484126791982103 22.488908157605366
936.75 24.486091964364263 22.48954488617182
937.25 24.488071563280045 22.49017792482207
937.7499999999999 24.490038804160857 22.490828424215024
938.25 24.492037802808248 22.491462432161473
938.75 24.49400745253015 22.492098362811422
939.2499999999999 24.495988276510463 22.49273913009216
939.75 24.49795899321037 22.4933914998483
940.25 24.499959787692728 22.49402832048368
940.7499999999999 24.501925295846814 22.494678672006373
941.25 24.503892170966406 22.495321559609867
941.75 24.505873522978852 22.495966655325187
942.2499999999999 24.50787370206429 22.496620142455285
942.75 24.509850640321442 22.497275382725785
943.25 24.51181799718972 22.49792313690543
943.7499999999999 24.513821104200773 22.498582006256946
944.25 24.51578660620197 22.49923528459903
944.75 24.517781118344473 22.499895323504088
945.2499999999999 24.51976779239432 22.50054640215226
945.75 24.521761403200692 22.50121285996729
946.25 24.52373710647116 22.501874039105108
946.7499999999999 24.52572757556147 22.502530148538117
947.25 24.527719306953223 22.503188767209323
947.75 24.529714556681984 22.503850217434046
948.2499999999999 24.53167707058258 22.504517682413297
948.75 24.533694866577314 22.505186873561453
949.25 24.535689634725113 22.505858582115998
949.7499999999999 24.53767677074168 22.506518616604062
950.25 24.539651598070833 22.507198806083892
950.75 24.54164675633531 22.507864077995055
951.2499999999999 24.543666708104478 22.50853894737508
951.75 24.54565987068362 22.509209007489915
952.25 24.54764966026832 22.509893600991635
952.7499999999999 24.549645653042983 22.510570686903925
953.25 24.551638383842498 22.51124944626209
953.75 24.553632122093045 22.51192518335681
954.2499999999999 24.555646184688896 22.51260939322941
954.75 24.55764233051076 22.51329911247369
955.25 24.559631343543998 22.51398226161402
955.7499999999999 24.56163264846142 22.51466811326994
956.25 24.563619018689412 22.515364434209477
956.75 24.565624487923632 22.516052288681333
957.2499999999999 24.567632878328425 22.51674931895888
957.75 24.569627565327036 22.517448555172088
958.25 24.571624691509136 22.518138434270952
958.7499999999999 24.573620148602306 22.518840870623883
959.25 24.575604172025017 22.519537421149693
959.75 24.577613827824933 22.520238288207132
960.2499999999999 24.579624089636614 22.520943828802213
960.75 24.581633482726257 22.52165321411517
961.25 24.583623522296246 22.522361238758478
961.7499999999999 24.585621171665967 22.52307160580887
962.25 24.58760629937741 22.523772897893203
962.75 24.589614968430844 22.524492474162233
963.2499999999999 24.591625873177087 22.525203054079302
963.75 24.593623738189017 22.525918977734428
964.25 24.595621400992833 22.526632215834752
964.7499999999999 24.59762538398861 22.52735415724083
965.25 24.599627229127883 22.528064982455103
965.75 24.601628051852487 22.52879054176433
966.2499999999999 24.603624011634373 22.52950378217943
966.75 24.605655185431395 22.530227382220648
967.25 24.607652721974482 22.530960223150522
967.7499999999999 24.609647669110434 22.531678526336275
968.25 24.611662945068748 22.532401724028762
968.75 24.613661074814672 22.533129453558992
969.2499999999999 24.615657002481512 22.533867113964916
969.75 24.617682437398418 22.53458843309155
970.25 24.619685666234755 22.535318276135854
970.7499999999999 24.621695430920887 22.536050751438765
971.25 24.623698394550445 22.536783079573706
971.75 24.625704254988037 22.537512764974853
972.2499999999999 24.62771022315396 22.53824249559425
972.75 24.629734866423938 22.53898817566128
973.25 24.63173679685825 22.53971997028134
973.7499999999999 24.633757212878976 22.540456398788052
974.25 24.635753012527974 22.541195515788313
974.75 24.637788452968117 22.541931066928548
975.2499999999999 24.639783204644235 22.542667576561108
975.75 24.641818259882765 22.543411283931285
976.25 24.643809662201317 22.54414954188484
976.7499999999999 24.645843072821087 22.544894261273658
977.25 24.647845917351624 22.54562728124407
977.75 24.649884213248 22.546380045568107
978.2499999999999 24.651886411173173 22.54711895147105
978.75 24.653896694492804 22.547867314190917
979.25 24.655941548420248 22.548610609267413
979.7499999999999 24.657962471674875 22.549359596736114
980.25 24.65995789753185 22.5501012785588
980.75 24.66200213504272 22.550845810518553
981.2499999999999 24.664015912349647 22.551589335848057
981.75 24.666042831128635 22.552336776138763
982.25 24.66804412632282 22.55309098104615
982.7499999999999 24.670103911826118 22.553832029416473
983.25 24.67211304910829 22.554575345720078
983.75 24.674136316610994 22.55533782797692
984.2499999999999 24.67616534447076 22.556071654449667
984.75 24.678196772465732 22.55682528853049
985.25 24.680234355722185 22.55757669068226
985.7499999999999 24.68225272712472 22.558322413414583
986.25 24.684293375931837 22.559076396851484
986.75 24.68632064605068 22.5598261441136
987.2499999999999 24.688349609621906 22.560570654969958
987.75 24.690394047546317 22.561321593224623
988.25 24.692422053018646 22.562073476610607
988.7499999999999 24.694475394454454 22.562827751547673
989.25 24.696503834763185 22.56357230858873
989.75 24.698544213201732 22.564333493362675
990.2499999999999 24.700585294120643 22.565087277408008
990.75 24.702604531768962 22.565842222810588
991.25 24.704667741040325 22.566596494715153
991.7499999999999 24.706682821322318 22.56735258263212
992.25 24.70871635694369 22.5681143236512
992.75 24.71077849097163 22.568876831882623
993.2499999999999 24.712811509642787 22.569639918194962
993.75 24.71483601739196 22.570396065463125
994.25 24.716881585165233 22.571164267867346
994.7499999999999 24.718936034652927 22.571926658315945
995.25 24.720968271834998 22.572695918223552
995.75 24.723027645294486 22.573455240248315
996.2499999999999 24.725030371680695 22.574221926295067
996.75 24.72709384745756 22.574993832788
997.25 24.72914722495674 22.57576203074175
997.7499999999999 24.731186631100872 22.576528108435458
998.25 24.733209193939185 22.57730124931639
998.75 24.735266098628138 22.578067058227877
999.2499999999999 24.73732389354123 22.57883950881695
999.75 24.73937499716775 22.579617818870513
1000.25 24.741385694927235 22.58038897492228
1000.75 24.743450643731713 22.58116559804339
1001.25 24.745507779544894 22.58193699280339
1001.75 24.74754698840115 22.582715289460843
1002.25 24.749600801319076 22.583485648765066
1002.75 24.75165044313045 22.584269420835852
1003.25 24.753688910247398 22.58504487154952
1003.75 24.755730661631876 22.58581914854123
1004.25 24.757780476250467 22.586607327965243
1004.75 24.75983953577625 22.587384887660203
1005.25 24.761874921637457 22.588162757761747
1005.75 24.763943642008925 22.588953829323778
1006.25 24.7660045444324 22.589734518684775
1006.75 24.768039272260708 22.590509492315725
1007.25 24.770096926169145 22.591295311880476
1007.75 24.77215310288459 22.592073471584378
1008.25 24.774182292440354 22.592854863770867
1008.75 24.776266290156904 22.593639676928817
1009.25 24.778310863477394 22.59442989555939
1009.75 24.780381527710862 22.595223561729583
1010.25 24.78243942888666 22.596000190887228
1010.75 24.784500588326978 22.596789425879507
1011.25 24.786554658743782 22.597580284322536
1011.75 24.7886363045026 22.598369830004664
1012.25 24.79068351465721 22.599159341190173
1012.75 24.79273937361778 22.59993888487696
1013.25 24.794797436120504 22.600723101582325
1013.75 24.796862028321268 22.601525448570253
1014.25 24.798938020790004 22.602309827004376
1014.75 24.801007949536448 22.6030976845021
1015.25 24.80306866299881 22.603885938171196
1015.75 24.805141646256853 22.604679872313234
1016.25 24.807218240916846 22.605474456466318
1016.75 24.80927673160401 22.606263593564364
1017.25 24.811344901943286 22.607058151205315
1017.75 24.813432952799353 22.607850861778303
1018.25 24.815497678834497 22.608641053731894
1018.75 24.817564429702095 22.60942986007642
1019.25 24.819648479670768 22.61022103148527
1019.75 24.821712669269154 22.611017754470634
1020.25 24.823797503776802 22.611814306193292
1020.75 24.825861012357386 22.612606092425175
1021.25 24.827961103114472 22.613397289115195
1021.75 24.830036180800853 22.614189841884084
1022.25 24.83212554009284 22.61498652957784
1022.75 24.834198269810717 22.615778314089834
1023.25 24.836271630195267 22.616576045776977
1023.75 24.838362784497185 22.617371845881298
1024.25 24.840448941174458 22.618161798184403
1024.75 24.842567204615875 22.618957132136984
1025.25 24.84461817817205 22.61975339392944
1025.75 24.8467247798013 22.620537432370547
1026.25 24.848799797853175 22.621343488982237
1026.75 24.850883875420124 22.622132806537184
1027.25 24.852978499851446 22.622928392332962
1027.75 24.85507937714427 22.62372550893663
1028.25 24.857151711442338 22.624520541460804
1028.75 24.859256217026804 22.625318341102926
1029.25 24.86133950021785 22.62611594401884
1029.75 24.86343518768514 22.62691115262458
1030.25 24.86551398402807 22.627706043400696
1030.75 24.86760547462832 22.62851214444273
1031.25 24.86970062264197 22.62930902325325
1031.75 24.871795276092982 22.63010354243455
1032.25 24.873879494649735 22.630909443784063
1032.75 24.875983174794058 22.631702892855863
1033.25 24.87810687205366 22.63251026599143
1033.75 24.88017417600043 22.63330737009642
1034.25 24.882296974326987 22.63410693658502
1034.75 24.884383333725914 22.634912898486398
1035.25 24.886478539646767 22.635715469343253
1035.75 24.88859187866501 22.63651737839976
1036.25 24.890683306159676 22.637315401762635
1036.75 24.89277755061845 22.638113550893365
1037.25 24.894888843036405 22.638923221533357
1037.75 24.89700156725689 22.639732585637354
1038.25 24.89910813948611 22.640535862871573
1038.75 24.901208965727406 22.64134149325352
1039.25 24.90332244316918 22.64213761735902
1039.75 24.90539657175666 22.642948386527145
1040.25 24.907533149400763 22.64375551641959
1040.75 24.909632633281586 22.6445660581469
1041.25 24.911741866032436 22.645368332344347
1041.75 24.91383053796686 22.646179292611933
1042.25 24.91593772378117 22.64698547570459
1042.75 24.918044574271665 22.647790513987765
1043.25 24.920173904350005 22.648598855484202
1043.75 24.922262215210537 22.64940872310223
1044.25 24.92437237619425 22.650229097125187
1044.75 24.926498850155483 22.651036757696573
1045.25 24.928588168115674 22.651838224045132
1045.75 24.930715411590548 22.65265983716617
1046.25 24.932837811426687 22.653472674796777
1046.75 24.934956198905102 22.654279147607248
1047.25 24.937067151463058 22.655099398362587
1047.75 24.939177617152293 22.655907504202663
1048.25 24.941302301402985 22.65672441772108
1048.75 24.943449074171657 22.65753635152398
1049.25 24.945543321875817 22.6583561096081
