FastTrWP/PhaseSpace/IAs/snIa_0.54_30.00_0.53_-0.02.csv
# %ECSV 0.9
# ---
# datatype:
# - {name: time-rel, datatype: float64}
# - {name: g, datatype: float64}
# - {name: i, datatype: float64}
# schema: astropy-2.0
time-rel g i
[from data line 2510]
833.5 25.9460262539622 23.176494055783255
834.0 25.947974581652716 23.17735392507022
834.5 25.949976818174846 23.178226951714972
835.0 25.951912476392067 23.179095915183442
835.5 25.953858137446314 23.17997124192508
836.0 25.95578934917588 23.1808373658179
836.5 25.95769679038662 23.18172161391888
837.0 25.959656573987353 23.182591032652603
837.5 25.96166012603615 23.183462368010524
838.0 25.963560843847144 23.184339558066632
838.5 25.965542235580333 23.185223542664446
839.0 25.967469929631424 23.186099065767486
839.5 25.96935704004227 23.186985248825582
840.0 25.97129802780657 23.187852363891533
840.5 25.973255874122575 23.188736245686144
841.0 25.97517215029779 23.189621362383605
841.5 25.977107418226257 23.190505109073282
842.0 25.979012282768224 23.19137399283236
842.5 25.980963828826372 23.192264208009448
843.0 25.982898718987624 23.193150228834554
843.5 25.98479727463147 23.194036753075515
844.0 25.986750487815627 23.194923732786226
844.5 25.988684767314556 23.195800387036975
845.0 25.990622485088526 23.196688705322405
845.5 25.992498316750332 23.19758058763235
846.0 25.994404706151343 23.198471730989418
846.5 25.996309639585945 23.199362234900576
847.0 25.99823911559836 23.20024652376827
847.5 26.000164287551364 23.20114225873092
848.0 26.002068971632962 23.202035713319656
848.5 26.003968256263313 23.20292128693863
849.0 26.005880978509683 23.203818370905154
849.5 26.00779078631856 23.204710295567352
850.0 26.009710529137912 23.205593687292293
850.5 26.011612212078514 23.206481606969923
851.0 26.013469456677996 23.207397605538777
851.5 26.015396430927243 23.208282709147177
852.0 26.01725743821836 23.209176293991746
852.5 26.019165313756922 23.210079751338174
853.0 26.021059396763814 23.210980165222
853.5 26.022947769955103 23.211873939959187
854.0 26.02484221309018 23.21277540176603
854.5 26.02670312175811 23.213680088372488
855.0 26.028604202789673 23.214574450657818
855.5 26.030479899929972 23.21548439708181
856.0 26.03236868841615 23.21638730796606
856.5 26.034232315771373 23.217295670235746
857.0 26.03612076039721 23.218192910415706
857.5 26.03797566833642 23.21910580397367
858.0 26.039862704393826 23.220012835373627
858.5 26.041762140636674 23.220917591129204
859.0 26.043605306841535 23.22183291988347
859.5 26.04546355846932 23.222737055760287
860.0 26.04732990275837 23.223652440804663
860.5 26.049211703674693 23.224555250276367
861.0 26.05105707381452 23.225474522392542
861.5 26.052928864021062 23.226381791549965
862.0 26.05477228529104 23.227299466745677
862.5 26.056634953814406 23.22820917989266
863.0 26.05849017967165 23.229137166311837
863.5 26.060338436401942 23.230055452568095
864.0 26.06217986387002 23.23096850263312
864.5 26.06406293566774 23.231883909592305
865.0 26.065872763002822 23.232802000037776
865.5 26.067726803599392 23.23372516505469
866.0 26.069538641040214 23.234645556112632
866.5 26.07141867270489 23.235559989074048
867.0 26.073231293772714 23.236490419512407
867.5 26.075087588217404 23.237411830754397
868.0 26.076938794394135 23.23833243587824
