FastTrWP/PhaseSpace/IAs/snIa_0.32_30.00_-0.80_0.09.csv
# %ECSV 0.9
# ---
# datatype:
# - {name: time-rel, datatype: float64}
# - {name: g, datatype: float64}
# - {name: i, datatype: float64}
# schema: astropy-2.0
time-rel g i
[from data line 1446]
951.3541666666666 23.654470101382763 22.646426844458922
951.8541666666666 23.656449250505638 22.647673969224336
952.3541666666665 23.658418047785695 22.648918164689697
952.8541666666666 23.660400014185385 22.65017306621405
953.3541666666666 23.662353259058634 22.651421048044504
953.8541666666665 23.664334785732684 22.65266588851224
954.3541666666666 23.666308738660558 22.65392247413712
954.8541666666666 23.668289399525445 22.655181644351956
955.3541666666665 23.670269347815495 22.656433430988567
955.8541666666666 23.672251062088936 22.657688958169686
956.3541666666666 23.67424053870908 22.658949554059433
956.8541666666665 23.676220506537227 22.660200965046236
957.3541666666666 23.678211534803175 22.661463726424916
957.8541666666666 23.680207342826456 22.662723025323913
958.3541666666665 23.682188315446133 22.66398025475103
958.8541666666666 23.684184610546527 22.665240461750543
959.3541666666666 23.686173940184723 22.666499365850605
959.8541666666665 23.688183885937974 22.667762543241462
960.3541666666666 23.690175916694955 22.669030158263574
960.8541666666666 23.692189894787962 22.67029526094859
961.3541666666665 23.69417040576634 22.671546935803683
961.8541666666666 23.69618680749518 22.672801997853597
962.3541666666666 23.698195217601107 22.67406290949633
962.8541666666665 23.70019916185283 22.675326441066698
963.3541666666666 23.70219637902298 22.676586851461877
963.8541666666666 23.704204870781204 22.677855085653817
964.3541666666665 23.706213821008873 22.679107558069038
964.8541666666666 23.708226271825193 22.68037582173499
965.3541666666666 23.710238255770037 22.681622696259957
965.8541666666665 23.71226390030732 22.682885130566962
966.3541666666666 23.714268156571528 22.684135371828987
966.8541666666666 23.716286955039084 22.685397596471425
967.3541666666665 23.718298575407687 22.686645487210654
967.8541666666666 23.720336552347987 22.68789803763677
968.3541666666666 23.722342738066207 22.689148582013097
968.8541666666665 23.724378522563114 22.690387576049545
969.3541666666666 23.72639089152821 22.691649124143034
969.8541666666666 23.728406650221288 22.692885265780415
970.3541666666665 23.73043545962634 22.69412982062086
970.8541666666666 23.732467652120917 22.695365516244973
971.3541666666666 23.73448211082179 22.696603642484835
971.8541666666665 23.736514237273788 22.697848956462575
972.3541666666666 23.738532387996592 22.69908327464421
972.8541666666666 23.74057329640129 22.700314608349128
973.3541666666665 23.742601811752657 22.701536282538697
973.8541666666666 23.744629418942942 22.702763817922435
974.3541666666666 23.746648855088917 22.703988698848583
974.8541666666665 23.748687890848622 22.705212273389918
975.3541666666666 23.750723699652795 22.70643204734923
975.8541666666666 23.752753205419495 22.707643950204396
976.3541666666665 23.75478612691163 22.70885710034853
976.8541666666666 23.756823189948495 22.710064737158227
977.3541666666666 23.758839626203745 22.711264557853113
977.8541666666665 23.760882423124222 22.71246169770988
978.3541666666666 23.762919323922137 22.713662713306938
978.8541666666666 23.764946026699363 22.714853930552184
979.3541666666665 23.766985286079073 22.716044178626582
979.8541666666666 23.769028760954996 22.717231680221133
980.3541666666666 23.771060193619963 22.71842148605924
980.8541666666665 23.77309582055394 22.71960487678829
981.3541666666666 23.77514365027858 22.720789325180483
981.8541666666666 23.777180373925976 22.72196901580741
982.3541666666665 23.779216628216968 22.72315465245523
982.8541666666666 23.781257623647896 22.7243323255041
983.3541666666666 23.78329318265228 22.725501673578815
983.8541666666665 23.785346676059174 22.72668659110678
984.3541666666666 23.787380480907416 22.727853973184146
984.8541666666666 23.789424764487833 22.729019722130744
985.3541666666665 23.791472125366383 22.730197628814533
985.8541666666666 23.793518179548677 22.731355286847
986.3541666666666 23.79557385563677 22.73252428683593
986.8541666666665 23.79760941085724 22.733684433155574
987.3541666666666 23.79965552941958 22.734846749683037
987.8541666666666 23.801712056055166 22.736009972478385
988.3541666666665 23.803762517014672 22.737160182265498
988.8541666666666 23.805798778422936 22.73831421554634
989.3541666666666 23.807863131174653 22.739469790203103
989.8541666666665 23.809915456632794 22.74062588415628
990.3541666666666 23.811971833387897 22.741775925331105
990.8541666666666 23.81403067145093 22.742922367826925
991.3541666666665 23.816083568774324 22.744074577572484
991.8541666666666 23.818146371709684 22.74520914272273
992.3541666666666 23.820185229436873 22.74636419473414
992.8541666666665 23.82226022625392 22.747493700770637
993.3541666666666 23.8243275528376 22.7486324284914
993.8541666666666 23.82638174699248 22.749776840813247
994.3541666666665 23.828451000293796 22.750908091126114
994.8541666666666 23.830503864672643 22.752041505209498
995.3541666666666 23.832576116360514 22.75316973088373
995.8541666666665 23.834640080142467 22.75430151887474
996.3541666666666 23.83671426772212 22.755433522835208
996.8541666666666 23.838784598261526 22.75655976927455
997.3541666666666 23.8408648827609 22.757689268233143
997.8541666666666 23.842915469370123 22.758796550451823
998.3541666666666 23.844990057506067 22.759928261175972
998.8541666666666 23.84707136141155 22.76104258935757
999.3541666666666 23.849147698625806 22.76215806091056
999.8541666666666 23.85121179587609 22.76327442474755
1000.3541666666666 23.85330768890377 22.764396252080296
1000.8541666666666 23.855377747276755 22.765496969228714
1001.3541666666666 23.85745626621473 22.766616715655598
1001.8541666666666 23.85954009592465 22.767724457036444
1002.3541666666666 23.86162785249679 22.76882540318489
1002.8541666666666 23.863709296314617 22.76993139150941
1003.3541666666666 23.865799496938397 22.771033203611417
1003.8541666666666 23.867882200990177 22.77213830910554
1004.3541666666666 23.869976480035874 22.77324094670601
1004.8541666666666 23.87207405784032 22.774339480761284
1005.3541666666666 23.874158956868943 22.775431042300106
1005.8541666666666 23.876247458277064 22.77653063432252
1006.3541666666666 23.878345376582367 22.77762194596102
1006.8541666666666 23.88044198830272 22.778714859840363
1007.3541666666666 23.88254606643256 22.77979698223733
1007.8541666666666 23.88464392032031 22.780888719286224
1008.3541666666666 23.886751094409565 22.7819824163055
1008.8541666666666 23.888858936963835 22.783055794932014
1009.3541666666666 23.890959458002513 22.7841516691256
1009.8541666666666 23.893063386415854 22.785232181953198
1010.3541666666666 23.89518341011748 22.786306963243888
1010.8541666666666 23.897280159295885 22.78738479495988
1011.3541666666666 23.899396132791104 22.788460627116187
1011.8541666666666 23.90150400285949 22.78953736506135
1012.3541666666666 23.903627726925293 22.79060297184383
1012.8541666666666 23.90573854508032 22.79167905365902
1013.3541666666666 23.907850736279403 22.79273788582628
1013.8541666666666 23.909960626588962 22.793812776780122
1014.3541666666666 23.912089597782572 22.794866868978453
1014.8541666666666 23.914200690410254 22.79592674816992
1015.3541666666666 23.916325511906024 22.7969946797077
1015.8541666666666 23.91845266151053 22.79804380678399
1016.3541666666666 23.920577635181832 22.799109426957934
1016.8541666666666 23.92270071507326 22.800155518473314
1017.3541666666666 23.92481718805556 22.80121829746818
1017.8541666666666 23.92694838143473 22.802263945119968
1018.3541666666666 23.929079661795246 22.803300752777773
1018.8541666666666 23.931208354060942 22.804352175237142
1019.3541666666666 23.933349365616895 22.8053957946857
1019.8541666666666 23.935469085615665 22.806431814574275
1020.3541666666666 23.937593544542516 22.807476352284034
1020.8541666666666 23.93973362593794 22.80851570976666
1021.3541666666666 23.941872801526625 22.809540911129517
1021.8541666666666 23.94399956077369 22.810585827613245
1022.3541666666666 23.946145754457042 22.811616027034766
1022.8541666666666 23.948286147199155 22.81264279985425
1023.3541666666666 23.950433093540475 22.81366243016774
1023.8541666666666 23.95258336134525 22.814687294383567
1024.3541666666667 23.954715740021012 22.815712589016172
1024.8541666666667 23.956850918006836 22.816738104633323
1025.3541666666667 23.958991620095883 22.817763794026963
1025.8541666666667 23.96115870466371 22.818770855436096
1026.3541666666667 23.963305429875916 22.819786776453263
1026.8541666666667 23.96545443702805 22.82079726628817
1027.3541666666667 23.967609715443572 22.821805291343807
1027.8541666666667 23.969757156241357 22.822818460818866
1028.3541666666667 23.971916751242603 22.823824806621253
1028.8541666666667 23.974072116186807 22.82482308696508
1029.3541666666667 23.976234978033748 22.825831124188195
1029.8541666666667 23.97839807468854 22.826836477086587
1030.3541666666667 23.980546595129898 22.827820763292806
1030.8541666666667 23.98271963566475 22.828827770345143
1031.3541666666667 23.984886734330043 22.829820295594555
1031.8541666666667 23.98704769006634 22.830816754680523
1032.3541666666667 23.989221706939222 22.831793883978722
1032.8541666666667 23.991387456284325 22.832784040654474
1033.3541666666667 23.99357891298682 22.8337768528461
1033.8541666666667 23.995734369420497 22.8347562478414
1034.3541666666667 23.997919360239592 22.83573898152923
1034.8541666666667 24.00009258074423 22.83671601500844
1035.3541666666667 24.002262999781905 22.837711882093
1035.8541666666667 24.00445316838242 22.8386768307464
1036.3541666666667 24.006641094469977 22.839649296996207
1036.8541666666667 24.00881303564787 22.840624716750078
1037.3541666666667 24.010998412370483 22.84159179930792
1037.8541666666667 24.013184878793442 22.84256379861318
1038.3541666666667 24.015375544688414 22.843524114243642
1038.8541666666667 24.017583986880076 22.844484531838532
1039.3541666666667 24.019759047176258 22.845449191369624
1039.8541666666667 24.021969800154146 22.846408780742067
1040.3541666666667 24.024169823335466 22.847360067061587
1040.8541666666667 24.026370582590204 22.848324687933605
1041.3541666666667 24.028574901982708 22.84927098812796
1041.8541666666667 24.030765459072818 22.850228575552567
1042.3541666666667 24.032979059072346 22.851181626771535
1042.8541666666667 24.035184375426184 22.852119892478377
1043.3541666666667 24.03738607130849 22.853072226019556
1043.8541666666667 24.03960295036244 22.854014022290002
1044.3541666666667 24.041823235650167 22.854946882406637
1044.8541666666667 24.044033124245992 22.85588421707977
1045.3541666666667 24.046242758840375 22.856822117848495
1045.8541666666667 24.048455239347795 22.85775051033875
1046.3541666666667 24.050683314778695 22.858690694260474
1046.8541666666667 24.0529010001238 22.859609529133593
1047.3541666666667 24.055112569745397 22.860539894702153
1047.8541666666667 24.057344443528457 22.861462817478696
1048.3541666666667 24.059560109979788 22.862379622253286
1048.8541666666667 24.061803483315927 22.863302258508522
1049.3541666666667 24.06402470475929 22.86421756841076
1049.8541666666667 24.066246867075304 22.865131356959903
1050.3541666666667 24.06848665402157 22.866042089126253
1050.8541666666667 24.07072160411164 22.866955782692834
1051.3541666666667 24.072942206180908 22.86786274495268
1051.8541666666667 24.075187845156 22.86877345808619
1052.3541666666667 24.077445476406435 22.869662278794323
1052.8541666666667 24.079677555077033 22.870562953131607
1053.3541666666667 24.08192065259677 22.87146050957263
1053.8541666666667 24.084153679249496 22.87235815538766
1054.3541666666667 24.0864014826705 22.87325315006094
1054.8541666666667 24.088650301016838 22.874140514034224
1055.3541666666667 24.09088739706176 22.875030134403055
1055.8541666666667 24.093157064118923 22.87591572303465
1056.3541666666667 24.095404197176865 22.876799130173715
1056.8541666666667 24.09765951914811 22.877680462387865
1057.3541666666667 24.09990555253669 22.878563402513876
1057.8541666666667 24.102180007743463 22.879440299824193
1058.3541666666667 24.104419949833435 22.880318479263764
1058.8541666666667 24.106701878566806 22.881187052809633
1059.3541666666667 24.108955629735558 22.882057678463028
1059.8541666666667 24.111216560662076 22.882925887658384
1060.3541666666667 24.11348829240559 22.88378552409709
1060.8541666666667 24.11575624747133 22.884643363697986
1061.3541666666667 24.118022142295693 22.885510889205595
1061.8541666666667 24.120285180169034 22.88637477912149
1062.3541666666667 24.122569974571128 22.88722962819477
1062.8541666666667 24.124848688289777 22.888082737194935
1063.3541666666667 24.127127950511262 22.88893782775125
1063.8541666666667 24.12940290311075 22.88978854186705
1064.3541666666667 24.131681659274108 22.89063028347472
1064.8541666666667 24.133964637507205 22.891480116731252
1065.3541666666667 24.13625943175317 22.892334158387868
1065.8541666666667 24.13852640283676 22.89316724138441
1066.3541666666667 24.140826482869002 22.894015781564434
1066.8541666666667 24.143126792086736 22.894843939587687
1067.3541666666667 24.14541661473889 22.89567606964514
1067.8541666666667 24.14770352377948 22.89651465770642
1068.3541666666667 24.149995898296545 22.897343393678177
1068.8541666666667 24.15231189761617 22.89817966466579
1069.3541666666667 24.15459943396472 22.899004247966687
1069.8541666666667 24.156899378686273 22.899821399370403
1070.3541666666667 24.15921905686372 22.900644996522615
1070.8541666666667 24.161511634926526 22.90146518924398
1071.3541666666667 24.163822441769295 22.902288683069006
1071.8541666666667 24.166134186782088 22.903103462194103
1072.3541666666667 24.168431058662865 22.903909234382645
1072.8541666666667 24.170743596687597 22.90472940012129
1073.3541666666667 24.173078705666562 22.905547610521637
1073.8541666666667 24.17538270866625 22.906353897150584
1074.3541666666667 24.177706699071955 22.90715281947382
1074.8541666666667 24.180043029266333 22.907954999011206
1075.3541666666667 24.182359353924813 22.90875455820415
1075.8541666666667 24.18468854437743 22.909543067817502
1076.3541666666667 24.18701237857393 22.910336978412357
1076.8541666666667 24.189345749398775 22.911121306846518
1077.3541666666667 24.19168787074689 22.91191543733197
1077.8541666666667 24.194023965170874 22.91268940322081
1078.3541666666667 24.196362811445038 22.913466872345264
1078.8541666666667 24.198720333668998 22.914245277873103
1079.3541666666667 24.201063982913197 22.915014073111692
1079.8541666666667 24.20341077028098 22.91578268598276
1080.3541666666667 24.205769787450308 22.91654805882432
1080.8541666666667 24.208111031391475 22.917307782218458
1081.3541666666667 24.21045687984339 22.918065060103878
1081.8541666666667 24.212813076629857 22.918824282760614
1082.3541666666667 24.215177098311 22.91957152950349
1082.8541666666667 24.217545767727326 22.92032635089575
1083.3541666666667 24.21989686953181 22.921076836600655
1083.8541666666667 24.2222655475979 22.921823358845646
1084.3541666666667 24.22463812262356 22.92256554613976
1084.8541666666667 24.22700864627752 22.923302452644016
1085.3541666666667 24.22936954702795 22.924041455972922
1085.8541666666667 24.231747880912696 22.92477359662022
1086.3541666666667 24.2341293880275 22.925515455392222
1086.8541666666667 24.23648959661481 22.92625120493244
1087.3541666666667 24.23888261512777 22.926981012161857
1087.8541666666667 24.241253693481497 22.92770710768049
1088.3541666666667 24.243624656794474 22.92843200791209
1088.8541666666667 24.246020653203587 22.929156467084965
1089.3541666666667 24.248404894492154 22.92987478202231
1089.8541666666667 24.250777200663748 22.93060547853539
1090.3541666666667 24.253192147079762 22.931321049711336
1090.8541666666667 24.255561708253374 22.932036436596732
1091.3541666666667 24.25796205201836 22.93274290720006
1091.8541666666667 24.260349245358448 22.93345997970693
1092.3541666666667 24.262732063767764 22.934172256866347
1092.8541666666667 24.265146071673907 22.934880868537583
1093.3541666666667 24.267537456858847 22.93559205810211
