FastTrWP/PhaseSpace/IAs/snIa_0.41_30.00_0.72_0.12.csv
# %ECSV 0.9
# ---
# datatype:
# - {name: time-rel, datatype: float64}
# - {name: g, datatype: float64}
# - {name: i, datatype: float64}
# schema: astropy-2.0
time-rel g i
[from data line 1770]
477.5 24.32544176052768 22.575328304210526
478.0 24.327178063752545 22.576226726675156
478.5 24.32893627439913 22.577128120156257
479.0 24.33066570375543 22.578041286011896
479.5 24.332420901821365 22.578942195796728
480.0 24.334173947376165 22.57984834523349
480.5 24.33592710565255 22.580757169516595
481.0 24.33765948979058 22.5816673177936
481.5 24.339434000244754 22.582578488050594
482.0 24.34117602039909 22.583485094035197
482.5 24.342941743644403 22.58440332107174
483.0 24.344699117029187 22.585313154457985
483.5 24.34646025171212 22.586235183306577
484.0 24.348218633370276 22.587150837710013
484.5 24.349983127511532 22.588064773365467
485.0 24.35174725436307 22.588987397429108
485.5 24.353532147360376 22.589909995315942
486.0 24.35528000721432 22.590839989396546
486.5 24.357061144522838 22.591760959425574
487.0 24.35884012306643 22.59268401287069
487.5 24.360601072988164 22.593620287950063
488.0 24.362376963715246 22.594535692815278
488.5 24.364154641859386 22.59547120345456
489.0 24.365935402995554 22.596410189629644
489.5 24.367703606758727 22.59734861374955
490.0 24.369489616579585 22.598272910499926
490.5 24.37127317353702 22.59921610611722
491.0 24.373054514188915 22.60014971531639
491.5 24.37484359173463 22.60109725325117
492.0 24.376643406597545 22.602043815612486
492.5 24.37841259382125 22.60298232236964
493.0 24.380216408698377 22.603926782215144
493.5 24.382004106316224 22.60486379786714
494.0 24.3837911828556 22.605810108789175
494.5 24.385597116773774 22.606765645024545
495.0 24.387396659771127 22.60771806450718
495.5 24.389186698834905 22.608659753237447
496.0 24.390989196891976 22.609619045370874
496.5 24.39278185065076 22.610576788332946
497.0 24.394587226864953 22.611525868327377
497.5 24.396384056704754 22.61248400583049
498.0 24.39821144993092 22.61344040113879
498.5 24.40000774965425 22.614405939213405
499.0 24.40182703881583 22.615365873039156
499.5 24.403628860605778 22.616323972123983
500.0 24.40545412760208 22.61728958596205
500.5 24.407253838268087 22.618255376915315
501.0 24.409079984071997 22.619227900766653
501.5 24.410889589253145 22.620193838976107
502.0 24.412720274782586 22.621163228599098
502.5 24.414552916925068 22.622133941695957
503.0 24.41636301132533 22.623106544456743
503.5 24.418185880903472 22.624078315543294
504.0 24.4200110334485 22.625055134219313
504.5 24.421829490558046 22.626031144287914
505.0 24.423651089185206 22.627007992350965
505.5 24.425515535316507 22.627983737302607
506.0 24.427332637090274 22.628967008896467
506.5 24.429177215756766 22.62994105426193
507.0 24.431019375412713 22.630930806483427
507.5 24.432832480001245 22.631915749226252
508.0 24.43468566723447 22.63289863354366
508.5 24.436516384278455 22.63388196959294
509.0 24.438378320617847 22.63487335545236
509.5 24.440209270791296 22.635864814471567
510.0 24.442050666772758 22.636852503281858
510.5 24.44390027550776 22.63784295987252
511.0 24.445761222456174 22.63884150524651
511.5 24.447598343280962 22.639840079261813
512.0 24.44946110575423 22.64083551882348
512.5 24.451316840275943 22.641830127721022
513.0 24.45318395441333 22.642835666173468
513.5 24.455029779448463 22.643833147090426
514.0 24.456910428855284 22.644837664326566
514.5 24.458773007256582 22.645836482884324
515.0 24.460618576307063 22.64684096290411
515.5 24.46250410929911 22.647845188381265
516.0 24.464355483694817 22.648855872186985
516.5 24.466225284402746 22.649866182463402
517.0 24.468108800045037 22.65086557508432
517.5 24.469956638280635 22.65188408170897
518.0 24.471848637540383 22.652890351192255
518.5 24.473727848437036 22.65391207028128
519.0 24.475615857377967 22.654929811131726
519.5 24.47749735407992 22.655950924148836
520.0 24.479371222160342 22.656973376411422
520.5 24.481258551804736 22.658002471039133
521.0 24.483165761188033 22.65903094765545
521.5 24.485057855449632 22.66006426047374
522.0 24.486943736795936 22.66109949193945
522.5 24.488845746848327 22.66213558641866
523.0 24.490751252827398 22.663176702425353
523.5 24.49265874061766 22.664226447658237
524.0 24.494541293232828 22.66526969875988
524.5 24.496485570836786 22.66631716575648
525.0 24.49838691075758 22.667365505140825
525.5 24.50030131972582 22.668418973411548
526.0 24.502212345404995 22.669472111899523
526.5 24.504136423203065 22.670522854169167
527.0 24.506048254785107 22.67158712731642
527.5 24.507968462950494 22.672648006874546
528.0 24.509899467994387 22.67370870623929
528.5 24.511817806477826 22.67476833930693
529.0 24.513733915000454 22.67583548391714
529.5 24.5156820473818 22.676896053366544
530.0 24.51760744823886 22.67796592825567
530.5 24.519560799632792 22.679040391480882
531.0 24.521482519570416 22.680113988871557
531.5 24.523408438416546 22.68118116816361
532.0 24.52533511551278 22.682257109627173
532.5 24.527305461199973 22.683323333836935
533.0 24.529236374934648 22.684403788806705
533.5 24.531172200382606 22.68548274796812
534.0 24.533128081538745 22.68655858271366
534.5 24.535079157687733 22.687634440180013
535.0 24.537013783396453 22.68870705724094
535.5 24.53895854661464 22.689788158827223
536.0 24.54091712834627 22.690865088150268
536.5 24.54285841649589 22.69194339963745
537.0 24.544829706678616 22.69302553746561
537.5 24.546773212756356 22.69410127492444
538.0 24.548724685183934 22.695183976137848
538.5 24.550683056009447 22.696263376081752
539.0 24.55263459039228 22.697340774288257
539.5 24.55459757162466 22.698420439321957
540.0 24.556561833619035 22.69951036081209
540.5 24.558520382447337 22.700585352346557
541.0 24.56049404776756 22.701659100108984
541.5 24.562454691776246 22.702739233602287
542.0 24.56440524772487 22.703814730684947
542.5 24.56636384633006 22.70489901717148
543.0 24.56833867369959 22.70597953180694
543.5 24.570307715291896 22.70704541973852
544.0 24.572274102084734 22.708118638191014
544.5 24.574203582524255 22.709194568323166
545.0 24.576205835064954 22.71026906627149
545.5 24.578175752460645 22.711339281901758
546.0 24.580141532800226 22.712407988981525
546.5 24.582098056706275 22.713480444796744
547.0 24.584105258492613 22.714539999477413
547.5 24.58605089677006 22.715613164674764
548.0 24.58800359517558 22.716678785433906
548.5 24.58997308683381 22.71774523982693
549.0 24.591941732949266 22.718806960088553
549.5 24.593929492660212 22.719854942260508
550.0 24.595900910632867 22.72091907844198
550.5 24.597869078070893 22.7219736440154
551.0 24.599837453206582 22.72302240246823
551.5 24.601796277106708 22.72406813437227
552.0 24.603760603452297 22.725124908952203
552.5 24.60574955710546 22.72617813748811
553.0 24.60769328583815 22.72722159340241
553.5 24.60966724484741 22.728269634071804
554.0 24.611651015264723 22.729318132692473
554.5 24.61364014094531 22.73037396135618
555.0 24.615600571556197 22.731414109168092
555.5 24.617571658433203 22.732451741042908
556.0 24.619544929823476 22.733515363517004
556.5 24.621526553382488 22.734561308513573
557.0 24.623504454784264 22.735603291595798
557.5 24.62548745572854 22.73665135954928
558.0 24.627468605790494 22.73770513184501
558.5 24.629462727701533 22.7387471275358
559.0 24.631442498842127 22.739802455100495
559.5 24.633423980312212 22.74084481537109
560.0 24.635400250176378 22.74188864064547
560.5 24.637377470112206 22.74293616598026
561.0 24.639369530519552 22.74398832079589
561.5 24.641357326296543 22.745033493301854
562.0 24.643342729681343 22.746076106768463
562.5 24.645330850840512 22.74712183783209
563.0 24.647321890475308 22.74816125353992
563.5 24.649311459439083 22.74921087048996
564.0 24.65130730995847 22.75024689949952
564.5 24.653309562011245 22.751294095335606
565.0 24.655280992518197 22.752336667408926
565.5 24.6572812851818 22.753375525535795
566.0 24.659274342110102 22.754410269862994
566.5 24.66127229488439 22.755463999461746
567.0 24.66325425501383 22.756499126184877
567.5 24.665271909621712 22.757540160634054
568.0 24.66727451869927 22.758577560247165
568.5 24.669263186177584 22.759615109378032
569.0 24.67128276280264 22.760652312896042
569.5 24.67325493147605 22.761687499169305
570.0 24.675245217237986 22.762722881921658
570.5 24.677253717392453 22.76375683571708
571.0 24.6792679449109 22.764789526297832
571.5 24.681245094313983 22.765821386408525
572.0 24.683252995396412 22.766857119451682
572.5 24.685272442809307 22.76789187298875
573.0 24.687257010294772 22.768920048820075
573.5 24.689264850476484 22.769950728102145
574.0 24.69127432375597 22.770974221054022
574.5 24.69328041729586 22.772001192313
575.0 24.695264578568104 22.773035684324128
575.5 24.697279361406977 22.774056920057024
576.0 24.699285630039356 22.77507668460032
576.5 24.70128638330827 22.77610293516959
577.0 24.703289197756636 22.777132563103496
577.5 24.705275986307758 22.778155926788667
578.0 24.707298601943766 22.779170781224472
578.5 24.709308072122163 22.780181383227607
579.0 24.711308859384566 22.781208628600158
579.5 24.7133320394777 22.78221423110953
580.0 24.715327821211087 22.783234878292717
580.5 24.717345762213476 22.784245981082798
581.0 24.719321248443965 22.785264815113425
581.5 24.721364627784457 22.786282673974835
582.0 24.723359320751722 22.787288241198056
582.5 24.725357493285838 22.788296757324083
583.0 24.72737408165522 22.7892955132315
583.5 24.729381378451407 22.790308698230085
584.0 24.73136249663515 22.79131447526297
584.5 24.733377956236183 22.79232462702454
585.0 24.735399117728694 22.793325547493307
585.5 24.73741310363424 22.79432421996654
586.0 24.739401696727334 22.7953105649856
586.5 24.74142747314518 22.796318296302253
587.0 24.743432628187566 22.7973157067858
587.5 24.745417198722848 22.79831137539582
588.0 24.74745274820436 22.799301482071183
588.5 24.749456582880235 22.800305428766148
589.0 24.75144428435598 22.801288943798923
589.5 24.753484379177635 22.80229284189066
590.0 24.755478903577863 22.803281209452045
590.5 24.757518616539784 22.80427208194928
591.0 24.759510105901708 22.80525818302545
591.5 24.76153117382991 22.806247561060164
592.0 24.763549745042702 22.807238312689332
592.5 24.76554047397118 22.808217986483573
593.0 24.767564915256727 22.80920665914666
593.5 24.769581142989118 22.81019324516044
594.0 24.77158878458322 22.811179524019074
594.5 24.773591202446987 22.812163901779137
595.0 24.775620928715576 22.813132597458626
595.5 24.777616548235137 22.81412257013968
596.0 24.779642388647986 22.8151044404717
596.5 24.78164874822167 22.816076238422305
597.0 24.78365770461003 22.817051774823227
597.5 24.785703868984204 22.818028478024207
598.0 24.78772762732442 22.819001473599485
598.5 24.78971509322676 22.81997797296767
599.0 24.791741593477994 22.82094664655802
599.5 24.793745799779465 22.821917252865237
600.0 24.795755189944913 22.822886343710675
600.5 24.79777881696393 22.82386241515151
601.0 24.799797313935443 22.82482143798601
601.5 24.801832715906478 22.825781503804336
602.0 24.80385125166722 22.82675595232358
602.5 24.805836956651692 22.82771563510394
603.0 24.80786239529863 22.828678146853548
603.5 24.809867738321376 22.829640774222103
604.0 24.81189253173181 22.83059826701729
604.5 24.813897766421142 22.831554109000574
605.0 24.815926502542837 22.832509710793044
605.5 24.817947356907887 22.83346598860834
606.0 24.819949237670464 22.834425558532846
606.5 24.821963280616117 22.835373615009406
607.0 24.82398001724318 22.83632643969802
607.5 24.825977301483135 22.83727225725693
608.0 24.82801416793523 22.838226293884567
608.5 24.830022192895886 22.839170688292242
609.0 24.83205227979635 22.84011468267456
609.5 24.83404065368255 22.841065520554686
610.0 24.836050959446784 22.842011257322852
610.5 24.8380751718155 22.842945011787968
611.0 24.840080246458122 22.843886320920554
611.5 24.84210387093593 22.844825685408082
612.0 24.844098358589424 22.845767506391923
612.5 24.84612186798244 22.846700924131525
613.0 24.848109616004187 22.847640719826458
613.5 24.850144301120807 22.848572774209856
614.0 24.85214883797157 22.849493320397322
614.5 24.854137853031645 22.850424556916447
615.0 24.856161530449977 22.85136148034094
615.5 24.85815239837394 22.85228304910476
616.0 24.860170729321112 22.85321673788017
616.5 24.862176719122317 22.854129023608188
617.0 24.864186891665042 22.855048125364643
617.5 24.86619966027436 22.85597575708453
618.0 24.868198298720884 22.8568880636479
618.5 24.870196552129148 22.85781626851155
619.0 24.87220673690908 22.858721249550563
619.5 24.874197125030804 22.859640480573688
620.0 24.876217807035182 22.860547567132702
620.5 24.878204453725562 22.86146245651418
621.0 24.880202681531124 22.862373229470947
621.5 24.882213505523335 22.863288599940304
622.0 24.884225624294682 22.86419758459425
622.5 24.886240192694306 22.86509135018033
623.0 24.888214564507393 22.865997558003016
623.5 24.890220055249568 22.866905627295484
624.0 24.892214867891624 22.867806837561886
624.5 24.89421159831678 22.86870467309035
625.0 24.896212261432247 22.869601934806248
625.5 24.898208540563775 22.87050233312115
626.0 24.900206078021434 22.871403965078557
626.5 24.902206682640436 22.872300399373362
627.0 24.90420730683102 22.87318050298297
627.5 24.906212279275678 22.87407847525977
628.0 24.908211983493587 22.874963360417357
628.5 24.910206269583163 22.875854120291773
629.0 24.912202542547412 22.876752087580634
629.5 24.914182524265623 22.87762469858395
630.0 24.916190056370038 22.878515409822178
630.5 24.918175893216418 22.87940285641222
631.0 24.92018887445245 22.88027088863508
631.5 24.922172907339593 22.881154027115006
632.0 24.924161263457798 22.882030382632806
632.5 24.92615575059924 22.88291478304311
633.0 24.928134260735074 22.883785123311455
633.5 24.93013163423846 22.884663215660147
634.0 24.932127684139267 22.885533299594037
634.5 24.934118514036932 22.886393946047715
635.0 24.93608269968736 22.88726238600288
635.5 24.938095910915017 22.888126768876838
636.0 24.9400755967661 22.888992796541217
636.5 24.942040266082568 22.889859574430517
637.0 24.9440222146189 22.89071807023185
637.5 24.94601351311985 22.891584123129928
638.0 24.947978320416926 22.892432578327117
638.5 24.94998052263556 22.893286772571567
639.0 24.951932125114972 22.894149712353506
639.5 24.953920968997263 22.894994081105718
640.0 24.955911759876287 22.895841878299493
640.5 24.95787869645255 22.896691734327923
641.0 24.959873968925557 22.897537742252887
641.5 24.961814342793236 22.89838534372588
642.0 24.96378607624951 22.8992191667774
642.5 24.965744811471136 22.900063482147303
643.0 24.967718682656436 22.900905657336715
643.5 24.969701236683157 22.901735625710792
644.0 24.971654252708248 22.902571518154836
644.5 24.973620466855735 22.903404101148702
645.0 24.975596442120448 22.90423748102787
645.5 24.977533140516307 22.905066867338775
646.0 24.979492506887308 22.9058902049742
646.5 24.98144046829474 22.906709172115388
647.0 24.983416416894862 22.907541383615428
647.5 24.98535973479801 22.90835343035684
648.0 24.987320718074336 22.90917581967594
648.5 24.98926145155189 22.909998634389694
649.0 24.991206567220388 22.910809589661845
649.5 24.99314173431241 22.91161468619645
650.0 24.995089998616606 22.912430459115576
650.5 24.997036497687667 22.913233981006847
651.0 24.998962649014963 22.9140368258594
651.5 25.000910925713402 22.91484025157443
652.0 25.002850295314868 22.915642746974218
652.5 25.004766672098214 22.916448428549078
653.0 25.006717961734523 22.91724070629188
653.5 25.00862660642664 22.918029858906156
654.0 25.010550921920714 22.918813352860074
654.5 25.012487228379207 22.91961498129345
655.0 25.01438390260795 22.92039665096904
655.5 25.016295829799418 22.921178717861967
656.0 25.018232144816103 22.9219479332452
656.5 25.020134649885506 22.92271915873437
657.0 25.02200045391456 22.9234985320823
657.5 25.023918372250343 22.92425835809105
658.0 25.02582978481361 22.925032558197426
658.5 25.027724950482906 22.925792990994005
659.0 25.02961683320553 22.92655146589745
659.5 25.031487082204613 22.92730853932226
660.0 25.03338703974745 22.92807068323998
660.5 25.035256297282892 22.92881827316956
661.0 25.037128550021713 22.929559980314348
661.5 25.039018180061284 22.930316515806265
