FastTrWP/PhaseSpace/IAs/snIa_0.51_30.00_0.49_0.03.csv
# %ECSV 0.9
# ---
# datatype:
# - {name: time-rel, datatype: float64}
# - {name: g, datatype: float64}
# - {name: i, datatype: float64}
# schema: astropy-2.0
time-rel g i
[from data line 575]
435.2083333333333 23.589978787544787 22.727762284997496
435.70833333333326 23.587853432724188 22.72605341732024
436.2083333333333 23.585725606204306 22.724350224206
436.7083333333333 23.58360257129037 22.722652788458795
437.20833333333326 23.58150443849916 22.7209696715514
437.7083333333333 23.579438801801935 22.71927937214603
438.2083333333333 23.57735047808469 22.717614161853
438.70833333333326 23.575299979455863 22.71593878865108
439.2083333333333 23.573260350219442 22.71428498844118
439.7083333333333 23.57122829777048 22.712625190124847
440.20833333333326 23.56922231111401 22.71098706447786
440.7083333333333 23.567221568071027 22.70934787671549
441.2083333333333 23.565240907065174 22.70771474711176
441.70833333333326 23.563274142070338 22.706092724520847
442.2083333333333 23.561323642671734 22.704474151838745
442.7083333333333 23.55937964888449 22.702860430100888
443.20833333333326 23.55742463718457 22.701245020665915
443.7083333333333 23.555508203830374 22.699647162125057
444.2083333333333 23.553587323719082 22.698055965773186
444.70833333333326 23.55168300142558 22.696459868482364
445.2083333333333 23.549785957471517 22.694879728681485
445.7083333333333 23.547896077251966 22.693294061351196
446.20833333333326 23.546019622052423 22.691718681833244
446.7083333333333 23.544164315731784 22.69014773121965
447.2083333333333 23.542303372820047 22.68858119587413
447.70833333333326 23.540457804450124 22.687016887747134
448.2083333333333 23.538625685248945 22.68546793531634
448.7083333333333 23.536794349663687 22.683918248712768
449.20833333333326 23.534988754681866 22.682371601439584
449.7083333333333 23.53316391160437 22.680830684797332
450.2083333333333 23.531370163422032 22.679301558070488
450.70833333333326 23.529577202324653 22.677777692029053
451.2083333333333 23.527803206629407 22.67624449373061
451.7083333333333 23.526040703688818 22.674724032530477
452.20833333333326 23.524292276227538 22.67321084062293
452.7083333333333 23.52253951944205 22.671714516316946
453.2083333333333 23.520807235804128 22.670207187910698
453.70833333333326 23.519065903746682 22.668711763948973
454.2083333333333 23.517351212554228 22.66722312881842
454.7083333333333 23.51564807122259 22.665733966512075
455.20833333333326 23.513938283357028 22.664260824531794
455.7083333333333 23.51226206496822 22.66277067501198
456.2083333333333 23.510573351644123 22.661316094613927
456.70833333333326 23.508900664311 22.659838415780108
457.2083333333333 23.507244852084085 22.65837937505715
457.7083333333333 23.505605695315943 22.656927115756726
458.20833333333326 23.503963600566472 22.655479195704263
458.7083333333333 23.502328844249462 22.65403212155793
459.2083333333333 23.500708979866538 22.65259116248428
459.70833333333326 23.499091410233717 22.651161940073827
460.2083333333333 23.497495969737304 22.64972864475617
460.7083333333333 23.49590576879268 22.648300031119426
461.20833333333326 23.494321213634862 22.646877707246592
461.7083333333333 23.49275419005041 22.645464880059492
462.2083333333333 23.49119459712191 22.644064744829787
462.70833333333326 23.489632786371175 22.642657747085305
463.2083333333333 23.488089983229873 22.64125771297714
463.7083333333333 23.486552356028845 22.639860864163026
464.20833333333326 23.485025947750383 22.63847507304898
464.7083333333333 23.483517732748457 22.637087449838415
465.2083333333333 23.48201066753884 22.635710850728504
465.70833333333326 23.48051851360235 22.634341231619675
466.2083333333333 23.479040717815003 22.632970942518362
466.7083333333333 23.47754473117604 22.63160311549081
467.20833333333326 23.476074881916805 22.630252414784945
467.7083333333333 23.47463329584203 22.628895653433595
468.2083333333333 23.473182784330575 22.627548988449657
468.70833333333326 23.471744240267682 22.626202759409825
469.2083333333333 23.470315111597273 22.624871610862215
469.7083333333333 23.46888954065225 22.623544171332945
470.20833333333326 23.467492329013382 22.622210009915765
470.7083333333333 23.46609958313487 22.620884723822687
471.2083333333333 23.46469932689488 22.619570681652007
471.70833333333326 23.46330931779991 22.61826253313256
472.2083333333333 23.4619387078116 22.616944287382154
472.7083333333333 23.4605745013176 22.61564322418547
473.20833333333326 23.45922310598494 22.61434879917624
473.7083333333333 23.457882692748292 22.61305402963128
474.2083333333333 23.45654168271509 22.61176576354194
474.70833333333326 23.455222814034435 22.610484913187726
475.2083333333333 23.453901566928636 22.6092079590058
475.7083333333333 23.452597491005132 22.607934185444357
476.20833333333326 23.45130985234078 22.606666527336117
476.7083333333333 23.450028486079436 22.60540359322725
477.2083333333333 23.448743200512784 22.60415264724739
477.70833333333326 23.447480483480888 22.602891793048208
478.2083333333333 23.44621682973676 22.601649377100344
478.7083333333333 23.444968880351826 22.60039686883724
479.20833333333326 23.443722398530934 22.599157673978354
479.7083333333333 23.44249020302366 22.597923693987312
480.2083333333333 23.44125656607811 22.596692552244857
480.70833333333326 23.44004421819305 22.595471718897233
481.2083333333333 23.438822569854096 22.59424191152101
481.7083333333333 23.43762463281411 22.59302892276915
482.20833333333326 23.436422647076135 22.59181682607148
482.7083333333333 23.435244510408953 22.590604970186018
483.2083333333333 23.434063846254276 22.589398911859824
483.70833333333326 23.432890447842 22.588197328380772
484.2083333333333 23.43172837298358 22.587004092373064
484.7083333333333 23.430565651655435 22.585814635927107
485.20833333333326 23.429423923264878 22.584629194538707
485.7083333333333 23.42827711229873 22.58344066335592
486.2083333333333 23.427157644322428 22.582259980756906
486.70833333333326 23.426026722667483 22.58108647158537
487.2083333333333 23.424912761736614 22.579921695942822
487.7083333333333 23.42380518732586 22.578749205240477
488.2083333333333 23.42270684335712 22.577591338970144
488.7083333333333 23.421617613279537 22.576434577628728
489.2083333333333 23.420531479722282 22.575267690250325
489.7083333333333 23.419458587682243 22.574127660639704
490.2083333333333 23.418382762557144 22.572991883869452
490.7083333333333 23.417331950624174 22.57184505497525
491.2083333333333 23.416266990090584 22.57070698481186
491.7083333333333 23.415235479584055 22.569576954203292
492.2083333333333 23.414193364527065 22.568452094749524
492.7083333333333 23.413175826308567 22.567326916758766
493.2083333333333 23.412160308963475 22.566212015920343
493.7083333333333 23.411155677712358 22.565096876174668
494.2083333333333 23.4101398941104 22.563990714331347
494.7083333333333 23.409155812559202 22.562877316302732
495.2083333333333 23.408180171602346 22.5617814933619
495.7083333333333 23.40719182682762 22.56068652776516
496.2083333333333 23.406228348252856 22.55959528623368
496.7083333333333 23.405253426488176 22.558509676182837
497.2083333333333 23.404303650254107 22.557429623420223
497.7083333333333 23.403366026828294 22.556345403133502
498.2083333333333 23.402434184657302 22.555265913968114
498.7083333333333 23.40150949840723 22.554205859936282
499.2083333333333 23.40058742821708 22.553132231303405
499.7083333333333 23.399676647281183 22.55207658539206
500.2083333333333 23.398785148837522 22.55102371734118
500.7083333333333 23.39789494140976 22.549969278967644
501.2083333333333 23.39700103769558 22.54893009174758
501.7083333333333 23.396129628753847 22.5478856778988
502.2083333333333 23.39525077860692 22.54683973116944
502.7083333333333 23.394395482003265 22.545812565818384
503.2083333333333 23.393555108800953 22.544774810952024
503.7083333333333 23.39271955145464 22.54375163340257
504.2083333333333 23.39187605970302 22.542739145254718
504.7083333333333 23.391058592970438 22.541726361228772
505.2083333333333 23.390241336113917 22.540704832567563
505.7083333333333 23.38943035751025 22.539702321987694
506.2083333333333 23.38864019494247 22.53870308325848
506.7083333333333 23.3878487789107 22.537709369903205
507.2083333333333 23.38706937602659 22.536714867198242
507.7083333333333 23.386291583188967 22.53572031373139
508.2083333333333 23.385534771162252 22.534735969386787
508.7083333333333 23.3847697225753 22.53376029746142
509.2083333333333 23.384032141497183 22.53278363976484
509.7083333333333 23.383299406397292 22.531807812173025
510.2083333333333 23.382562975414253 22.53084691010112
510.7083333333333 23.381851081228895 22.52988993148218
511.2083333333333 23.381140312758472 22.528924259682718
511.7083333333333 23.38043677355533 22.527977113133385
512.2083333333334 23.379728364008145 22.527027151316222
512.7083333333334 23.379057106745613 22.526091701507085
513.2083333333334 23.378383713703258 22.52515011950468
513.7083333333334 23.377714262587503 22.524203532995905
514.2083333333334 23.377061128785897 22.523282937123305
514.7083333333334 23.37641275102436 22.522359507568275
515.2083333333334 23.375774563466273 22.5214337826306
515.7083333333334 23.375147732808426 22.520521322725386
516.2083333333334 23.37452970163918 22.519612767703453
516.7083333333334 23.37390846378423 22.51870553979475
517.2083333333334 23.373307283121754 22.517805488228376
517.7083333333334 23.372710662131247 22.51691255401152
518.2083333333334 23.372134284670576 22.516015298765627
518.7083333333334 23.371556670409596 22.51512584429639
519.2083333333334 23.370985727486723 22.51424681943423
519.7083333333334 23.370435553787114 22.513360680822252
520.2083333333334 23.369884848942636 22.51248783786716
520.7083333333334 23.369339206639587 22.511621372987165
521.2083333333334 23.368808357318336 22.510747263965687
521.7083333333334 23.36827533274135 22.509892469115194
522.2083333333334 23.36776445221874 22.509031768639474
522.7083333333334 23.36725143177702 22.50818341902408
523.2083333333334 23.366748665529013 22.5073270293052
523.7083333333334 23.366260482361653 22.50647901480029
524.2083333333334 23.36578672221776 22.505645994853282
524.7083333333334 23.3653073783778 22.50481050458938
525.2083333333334 23.364837834743554 22.503972899490904
525.7083333333334 23.364381222261656 22.503145117326714
526.2083333333334 23.363940024744036 22.5023194787115
526.7083333333334 23.363492308407178 22.501504543948965
527.2083333333334 23.36305336635125 22.50068243371253
527.7083333333334 23.362616334159835 22.49986206868972
528.2083333333334 23.36220250227032 22.499049151033567
528.7083333333334 23.36178266103915 22.498255448651708
529.2083333333334 23.361395498989843 22.497454787433192
529.7083333333334 23.36098690785783 22.496655608553304
530.2083333333334 23.360592567179733 22.495860142091058
530.7083333333334 23.360219161810885 22.495068505898217
531.2083333333334 23.359838559588873 22.494284544125644
531.7083333333334 23.359459377032078 22.493494105911125
532.2083333333334 23.359109260428973 22.492715166473015
532.7083333333334 23.358746384170747 22.49194343094194
533.2083333333334 23.358407594628336 22.49117926412154
533.7083333333334 23.358060702814015 22.490404056430556
534.2083333333334 23.357729801245114 22.489638706484023
534.7083333333334 23.357406750944506 22.488876728720513
535.2083333333334 23.357086629011448 22.48811943751185
535.7083333333334 23.356779623233933 22.487365999442467
536.2083333333334 23.356464536255327 22.486612862822348
536.7083333333334 23.356158126398896 22.48586632287772
537.2083333333334 23.355872162018695 22.48512247810568
537.7083333333334 23.355586422919345 22.484383948193756
538.2083333333334 23.355299053446945 22.483646428373454
538.7083333333334 23.355029492565997 22.48291152589273
539.2083333333334 23.354759701775507 22.482177282564706
539.7083333333334 23.35450080512731 22.481450987885033
540.2083333333334 23.35424754076119 22.48073343589497
540.7083333333334 23.35400232723888 22.48001058454234
541.2083333333334 23.353758403869133 22.479285162056026
541.7083333333334 23.353517409020785 22.47857053180404
542.2083333333334 23.353297091900078 22.477865741639157
542.7083333333334 23.35306457407396 22.47715485171784
543.2083333333334 23.352844819578486 22.476452478798137
543.7083333333334 23.35263564540647 22.475747179092732
544.2083333333334 23.35242891173783 22.475041007707055
544.7083333333334 23.35223368074618 22.474348463482016
545.2083333333334 23.352030977095662 22.473652574029156
545.7083333333334 23.351835950012667 22.472967677043858
546.2083333333334 23.35164942037632 22.472276696605658
546.7083333333334 23.351482566811054 22.47159222017407
547.2083333333334 23.35129722201752 22.470914113143287
547.7083333333334 23.351135237665652 22.47024187528792
548.2083333333334 23.350978372674188 22.469554391256686
548.7083333333334 23.350812828923626 22.468879025096026
549.2083333333334 23.35066537216055 22.468218788207732
549.7083333333334 23.350516111621154 22.467548621024193
550.2083333333334 23.350375940171663 22.46688426517396
550.7083333333334 23.35023628606798 22.466219494838594
551.2083333333334 23.350115079593145 22.465560468945554
551.7083333333334 23.34999197632711 22.464905856056554
552.2083333333334 23.349886139512954 22.464260607108606
552.7083333333334 23.349782474780017 22.46361472358227
553.2083333333334 23.34969621962677 22.462976607586917
553.7083333333334 23.349619246508304 22.462335157108573
554.2083333333334 23.349531581232824 22.46170137308993
554.7083333333334 23.349467540362845 22.461069115249398
555.2083333333334 23.34941874781913 22.46044674693367
555.7083333333334 23.34936839907922 22.459832068268998
556.2083333333334 23.349328572488858 22.459207360356963
556.7083333333334 23.349283116903514 22.45859107355104
557.2083333333334 23.349269137087774 22.457982914513323
557.7083333333334 23.349251886269293 22.457377300295896
558.2083333333334 23.349235351565728 22.456776009474034
558.7083333333334 23.34923105029131 22.456174400128894
559.2083333333334 23.34923483552339 22.455579616271642
559.7083333333334 23.34925266959889 22.454986115524797
560.2083333333334 23.349267489958436 22.454396102466468
560.7083333333334 23.349289084982626 22.45381614992987
561.2083333333334 23.349328487739967 22.453229050921344
561.7083333333334 23.349371274611954 22.452652370235157
562.2083333333334 23.349412588129333 22.452079282284167
562.7083333333334 23.34945556397393 22.45149800298816
563.2083333333334 23.349519585544847 22.4509226723559
563.7083333333334 23.34958259740562 22.45035974645285
564.2083333333334 23.349653833388665 22.44979326318907
564.7083333333334 23.349726187404762 22.449232919493912
565.2083333333334 23.349803957137617 22.44868041634941
565.7083333333334 23.349901050732722 22.448119467283153
566.2083333333334 23.349982078354508 22.44756585854326
566.7083333333334 23.350081725212792 22.447015214116025
567.2083333333334 23.35018322233921 22.446477425137054
567.7083333333334 23.350301323403162 22.445917049647445
568.2083333333334 23.350414514017345 22.445382206999692
568.7083333333334 23.350525960210074 22.44483530079123
569.2083333333334 23.350654529497334 22.444296152405254
569.7083333333334 23.35077998475523 22.44376366184278
570.2083333333334 23.35091428211614 22.44323137170289
570.7083333333334 23.351055176474134 22.44270271525577
571.2083333333334 23.351190748745605 22.442174645907524
571.7083333333334 23.35132855099544 22.44164180736563
572.2083333333334 23.35147756477379 22.441116518959213
572.7083333333334 23.35162374182827 22.440594517724165
573.2083333333334 23.351803152933858 22.440069563692667
573.7083333333334 23.351955151172508 22.43955171055211
574.2083333333334 23.352119459039184 22.439038552462883
574.7083333333334 23.35228609146926 22.438517543900424
575.2083333333334 23.352450593950813 22.438006346000723
575.7083333333334 23.352637933395073 22.437494382605827
576.2083333333334 23.352809806560625 22.436981250512996
576.7083333333334 23.352979677288896 22.436467487300934
577.2083333333334 23.353173373488744 22.435967840769496
577.7083333333334 23.353349389425 22.435456359298065
578.2083333333334 23.353544271982848 22.434955963889017
578.7083333333334 23.35372632947266 22.4344574797173
