FastTrWP/PhaseSpace/IAs/snIa_0.37_30.00_-1.02_0.01.csv
# %ECSV 0.9
# ---
# datatype:
# - {name: time-rel, datatype: float64}
# - {name: g, datatype: float64}
# - {name: i, datatype: float64}
# schema: astropy-2.0
time-rel g i
[from data line 1157]
805.8541666666665 23.324262460982865 22.4940882451804
806.3541666666666 23.325794124710825 22.49444391883329
806.8541666666666 23.327323726351302 22.494818841208442
807.3541666666665 23.32885395552953 22.495174109029406
807.8541666666666 23.33040621386948 22.495547619114546
808.3541666666666 23.331957926574134 22.495923781115454
808.8541666666665 23.333507623844266 22.49630182085181
809.3541666666666 23.335057916254183 22.496675555919513
809.8541666666666 23.33659872939871 22.497049149814497
810.3541666666665 23.33816601214822 22.497443914782597
810.8541666666666 23.33972072411566 22.497823295209383
811.3541666666666 23.341283851086224 22.498217655385897
811.8541666666665 23.34283900229505 22.49859629637923
812.3541666666666 23.344404772532307 22.498994355919145
812.8541666666666 23.34597096569603 22.49938739765004
813.3541666666665 23.34753798052301 22.49979027814867
813.8541666666666 23.349115963292686 22.500195321238348
814.3541666666666 23.350669249379052 22.500589034291245
814.8541666666665 23.352241236741076 22.500997344306644
815.3541666666666 23.353822737143606 22.501400084705207
815.8541666666666 23.355391409229938 22.501810409279326
816.3541666666665 23.35696329111126 22.502217139807406
816.8541666666666 23.3585381086872 22.50263161394677
817.3541666666666 23.360116739134344 22.503045965483896
817.8541666666665 23.361680043837467 22.503466990992745
818.3541666666666 23.36326706899333 22.50388864635953
818.8541666666666 23.364827984653125 22.504309764370745
819.3541666666665 23.366407715592562 22.50473037356717
819.8541666666666 23.36798294492256 22.505153140949762
820.3541666666666 23.36955604069461 22.50558317500181
820.8541666666665 23.371129741477354 22.506003425109537
821.3541666666666 23.37271089000309 22.50643964825
821.8541666666666 23.374287435914297 22.5068689827756
822.3541666666665 23.37585640663656 22.507298283104284
822.8541666666666 23.377421189151526 22.507738515652434
823.3541666666666 23.378995488675052 22.508173506226843
823.8541666666665 23.38056682006913 22.50861408377338
824.3541666666666 23.382135603658817 22.50904913940465
824.8541666666666 23.3836948942568 22.509488864503005
825.3541666666665 23.385271703316405 22.50993693457112
825.8541666666666 23.386846825939642 22.51037584728114
826.3541666666666 23.388413887640493 22.510823117114743
826.8541666666665 23.38999393227514 22.51127086576617
827.3541666666666 23.39157499824749 22.511729600001065
827.8541666666666 23.39315193348923 22.512189369820618
828.3541666666665 23.394729782719107 22.512652580200125
828.8541666666666 23.39630764685477 22.513102740443493
829.3541666666666 23.397890705174937 22.513575498177524
829.8541666666665 23.39947648466655 22.514047165416954
830.3541666666666 23.401072552001388 22.514509211407912
830.8541666666666 23.402658765372347 22.51498618212809
831.3541666666665 23.40425203622738 22.51544860695686
831.8541666666666 23.40583217698269 22.51593212807302
832.3541666666666 23.407442339898864 22.51641317399408
832.8541666666665 23.409023943542294 22.51689352866274
833.3541666666666 23.410622423278706 22.517382353314773
833.8541666666666 23.412225942324643 22.51785996794714
834.3541666666665 23.413827623051443 22.5183584419706
834.8541666666666 23.41542369552618 22.518844906429475
835.3541666666666 23.417040196700466 22.519339842730428
835.8541666666665 23.418638534039506 22.519841221211358
836.3541666666666 23.42024251081709 22.520332261960082
836.8541666666666 23.42184744033673 22.52083618922534
837.3541666666665 23.423454713627045 22.5213380927819
837.8541666666666 23.42506953600351 22.521845270484473
838.3541666666666 23.426682980242713 22.52235944480852
838.8541666666665 23.428283813843013 22.522869448412113
839.3541666666666 23.429900868130993 22.523380841130663
839.8541666666666 23.431514606237176 22.52389752040145
840.3541666666665 23.43313210983508 22.524418919575524
840.8541666666666 23.43476005191201 22.52492928685723
841.3541666666666 23.43637576736097 22.52545577363012
841.8541666666665 23.43799476698582 22.525983650450783
842.3541666666666 23.439608509405836 22.52650886914254
842.8541666666666 23.44122947353933 22.527035785475903
843.3541666666665 23.44286071638184 22.527574455773937
843.8541666666666 23.444485208102023 22.52809111368901
844.3541666666666 23.446104609368174 22.528632811994356
844.8541666666665 23.44773853545099 22.529171636722168
845.3541666666666 23.449352405975183 22.52971368622889
845.8541666666666 23.450972884288447 22.530250520922014
846.3541666666665 23.452604467049056 22.530789726254774
846.8541666666666 23.45423108360051 22.53133826595679
847.3541666666666 23.455874345278186 22.531884699454334
847.8541666666665 23.457493625678545 22.532444244714306
848.3541666666666 23.459128926364677 22.532989703112428
848.8541666666666 23.460762137548677 22.5335378446392
849.3541666666665 23.46238142456429 22.534097881772553
849.8541666666666 23.464021538776592 22.53465163365735
850.3541666666666 23.465660420420335 22.535211913978664
850.8541666666665 23.467298109013708 22.535774533537953
851.3541666666666 23.468918483453574 22.53633721857227
851.8541666666666 23.470555911667116 22.536900690581124
852.3541666666665 23.47218742115708 22.53746985877602
852.8541666666666 23.473832208854187 22.538037860371855
853.3541666666666 23.475476287151555 22.538608492447597
853.8541666666665 23.47710162625967 22.539178696044793
854.3541666666666 23.478724691115854 22.53975502345602
854.8541666666666 23.48037069114099 22.54033432199819
855.3541666666665 23.482003419912783 22.540898358196692
855.8541666666666 23.483633551557077 22.541484389417874
856.3541666666666 23.4852850099766 22.542070707804278
856.8541666666665 23.48692429366779 22.542654401283265
857.3541666666666 23.488561206008573 22.54323869714101
857.8541666666666 23.490184450418848 22.54382040034467
858.3541666666665 23.491833806905554 22.54441536372341
858.8541666666666 23.4934536851221 22.545000533433196
859.3541666666666 23.495100728656077 22.54558560955699
859.8541666666665 23.496748143207235 22.54619264761088
860.3541666666666 23.498381523854547 22.546787654802568
860.8541666666666 23.5000283451854 22.547388085543353
861.3541666666665 23.501670965365594 22.547991494490326
861.8541666666666 23.503312362630236 22.548588049120177
862.3541666666666 23.504949388323794 22.54919879535941
862.8541666666665 23.50659541989861 22.549813206495507
863.3541666666666 23.508247383993726 22.550420455130663
863.8541666666666 23.509874330062637 22.55102590471378
864.3541666666665 23.511519811262094 22.55165323413064
864.8541666666666 23.51316654427871 22.55226876824088
865.3541666666666 23.514819471563882 22.552891495697338
865.8541666666665 23.516460229526608 22.553507469766405
866.3541666666666 23.51810738729349 22.554130480576614
866.8541666666666 23.519757780788876 22.554763615726834
867.3541666666665 23.52141325645775 22.555385205762942
867.8541666666666 23.52305668314552 22.556015857077604
868.3541666666666 23.52469493985368 22.556653444870403
868.8541666666665 23.52634392097184 22.55728334775985
869.3541666666666 23.528013801091248 22.55792740754731
869.8541666666666 23.5296641238174 22.558562675855555
870.3541666666665 23.53131173051421 22.55920356277295
870.8541666666666 23.53295606028925 22.559845491270213
871.3541666666666 23.534616441354924 22.560494520574245
871.8541666666665 23.5362786507544 22.56114060105153
872.3541666666666 23.53792164925682 22.561798539068892
872.8541666666666 23.539584247233265 22.56243870359258
873.3541666666665 23.54123957192509 22.563092412692978
873.8541666666666 23.542906859557718 22.56375843718442
874.3541666666666 23.544556596341515 22.564419354628132
874.8541666666665 23.546214290827425 22.56507160028837
875.3541666666666 23.547879636064938 22.565742097780863
875.8541666666666 23.549541240914426 22.566401445707108
876.3541666666665 23.551214676264692 22.567069253776104
876.8541666666666 23.552873292028753 22.567744818755088
877.3541666666666 23.55452725486853 22.568409194192
877.8541666666665 23.55619862497854 22.569088313806617
878.3541666666666 23.557862605984067 22.569753954473313
878.8541666666666 23.559525787560865 22.57043484793597
879.3541666666665 23.561191345191258 22.571121708557715
879.8541666666666 23.562865676828913 22.571798854893807
880.3541666666666 23.564538317763876 22.572486511474565
880.8541666666665 23.566202955270708 22.573174514841213
881.3541666666666 23.567863763858522 22.573857815994955
881.8541666666666 23.569532261895013 22.5745440392034
882.3541666666665 23.571210357931875 22.575246068597643
882.8541666666666 23.57288584897447 22.575939687461947
883.3541666666666 23.574565184841664 22.576635158748893
883.8541666666665 23.5762412593556 22.577323589770767
884.3541666666666 23.577916507640392 22.57802881954364
884.8541666666666 23.57960013678455 22.57873094881541
885.3541666666665 23.581268847401287 22.579438300098026
885.8541666666666 23.582953096537732 22.580141545014342
886.3541666666666 23.58464311418242 22.58084704211772
886.8541666666665 23.58631152383041 22.581557052786657
887.3541666666666 23.58800099900959 22.58226913303073
887.8541666666666 23.589686587298498 22.582988859466973
888.3541666666665 23.59136815981236 22.58370635477106
888.8541666666666 23.59304518047033 22.584417168717238
889.3541666666666 23.59474470152807 22.5851397264922
889.8541666666665 23.596427863454636 22.58586145052189
890.3541666666666 23.598105885392535 22.5865899836149
890.8541666666666 23.59980976656764 22.58732335764988
891.3541666666665 23.601496963793466 22.588049598118687
891.8541666666666 23.60318858188634 22.588771624665366
892.3541666666666 23.604877670531685 22.589507180458178
892.8541666666665 23.60656261402805 22.590240217860828
893.3541666666666 23.608257234782876 22.590980684643235
893.8541666666666 23.609969602209745 22.591719658837704
894.3541666666665 23.61166562592862 22.592468410229593
894.8541666666666 23.613349997545477 22.59320684656352
895.3541666666666 23.615045666433446 22.593955460237595
895.8541666666665 23.616741199777742 22.594706830832084
896.3541666666666 23.618424274351028 22.595457522706877
896.8541666666666 23.6201382835548 22.596205801272987
897.3541666666665 23.621842866818273 22.59696597509501
897.8541666666666 23.623540415101623 22.597726716478732
898.3541666666666 23.625249733557354 22.59847733962555
898.8541666666665 23.626942950508752 22.59923890603723
899.3541666666666 23.628647349499584 22.600017900174024
899.8541666666666 23.630352057999783 22.600777923692753
900.3541666666665 23.632052250779132 22.601544402576504
900.8541666666666 23.633756836060517 22.60231981745171
901.3541666666666 23.635466497622986 22.603094763531566
901.8541666666665 23.63717308049332 22.603860525488606
902.3541666666666 23.638877529679256 22.604647311871503
902.8541666666666 23.640596249130862 22.605434020862983
903.3541666666665 23.64230362759841 22.606210373541256
903.8541666666666 23.644017971999908 22.60699188562557
904.3541666666666 23.645715728570885 22.607778049760707
904.8541666666665 23.647434724415163 22.608571811907446
905.3541666666666 23.64915790676987 22.609362367844305
905.8541666666666 23.650879955286435 22.61015640146224
906.3541666666665 23.652587599803283 22.610950776137724
906.8541666666666 23.654298321504555 22.61175054377253
907.3541666666666 23.656025677801956 22.612553498938066
907.8541666666665 23.65775006166187 22.613358526794805
908.3541666666666 23.659465582857667 22.614167154169888
908.8541666666666 23.66117784734856 22.614970506831472
909.3541666666665 23.662906519926914 22.61577881118113
909.8541666666666 23.664621153031757 22.61659134684947
910.3541666666666 23.66635768967145 22.61740388674843
910.8541666666665 23.668078330281745 22.618227600497537
911.3541666666666 23.66980786454295 22.61904169640313
911.8541666666666 23.67152726325429 22.61985657560697
912.3541666666665 23.673258780002353 22.620686206620526
912.8541666666666 23.67499267421112 22.621507784259094
913.3541666666666 23.676731549725428 22.622337286557222
913.8541666666665 23.678456831207466 22.623166652246482
914.3541666666666 23.68018786362186 22.623998094603518
914.8541666666666 23.6819193744047 22.624832702879544
915.3541666666665 23.68365821984966 22.62567089930625
915.8541666666666 23.685394102449298 22.62650413340812
916.3541666666666 23.687147720151476 22.627350111222633
916.8541666666665 23.688885635047647 22.628199254043864
917.3541666666666 23.690615665494473 22.62903182562926
917.8541666666666 23.69235822032104 22.62989275287395
918.3541666666665 23.694110677400722 22.630736124726685
918.8541666666666 23.695850125866894 22.631580845140718
919.3541666666666 23.697595288158354 22.63243876621019
919.8541666666665 23.699342298894504 22.633296177023098
920.3541666666666 23.701088093429448 22.63415712196759
920.8541666666666 23.70283282087204 22.63501555334227
921.3541666666665 23.704585307815073 22.635879300526742
921.8541666666666 23.70633529124031 22.636741099210873
922.3541666666666 23.708089616726337 22.63760650467009
922.8541666666665 23.709849769392907 22.638478027321725
923.3541666666666 23.711619384090493 22.639351528308733
923.8541666666666 23.713368898203218 22.640225690843824
924.3541666666665 23.715132395574017 22.641101170838173
924.8541666666666 23.71689739159617 22.64198488942501
925.3541666666666 23.718650020412063 22.642868638132686
925.8541666666665 23.72042226372285 22.643759664767778
926.3541666666666 23.722177138224918 22.644650526317477
926.8541666666666 23.723935362080066 22.64554405733478
927.3541666666665 23.72570556680546 22.646453571112083
927.8541666666666 23.727481975061416 22.64735338565693
928.3541666666666 23.729254307772965 22.648263104230626
928.8541666666665 23.73101863133664 22.649171060632444
929.3541666666666 23.732799535222373 22.650088324920766
929.8541666666666 23.734570661125332 22.65100867787917
930.3541666666665 23.736339265528457 22.651934600209984
930.8541666666666 23.738117467201654 22.652852144401507
931.3541666666666 23.739898418391444 22.653786186339524
931.8541666666665 23.741674875601287 22.65471388628217
932.3541666666666 23.743458047082914 22.65564065597179
932.8541666666666 23.745227392844946 22.656582065642613
933.3541666666665 23.747029966627103 22.657515151729577
933.8541666666666 23.748797044803137 22.658457919120814
934.3541666666666 23.75059553801578 22.659396769209145
934.8541666666665 23.752377144813053 22.660350399728202
935.3541666666666 23.75416408295246 22.661292578603337
935.8541666666666 23.755954291131687 22.662249242211338
936.3541666666665 23.75773190119141 22.663198875042035
936.8541666666666 23.759529811288886 22.664157877634665
937.3541666666666 23.761331636795436 22.665114777378594
937.8541666666665 23.76312161036993 22.66606964978486
938.3541666666666 23.7649129684446 22.667039348109064
938.8541666666666 23.766701605714893 22.66799611438177
939.3541666666665 23.768496168243544 22.66896200332082
939.8541666666666 23.770300921561333 22.66993523878398
940.3541666666666 23.772115672216444 22.670893889907045
940.8541666666665 23.773890395490437 22.671864433997047
941.3541666666666 23.775712388735954 22.67283851597692
941.8541666666666 23.777512129901098 22.673812961556308
942.3541666666665 23.779299658846554 22.67479028897217
942.8541666666666 23.78113252267648 22.675759798825403
943.3541666666666 23.782932694618964 22.6767344766378
943.8541666666665 23.78473601205823 22.677716248780506
944.3541666666666 23.786545337905757 22.678694982922156
944.8541666666666 23.788349761464968 22.67967780317955
945.3541666666665 23.790159090476347 22.68065497551006
945.8541666666666 23.791968943713474 22.68164219535652
946.3541666666666 23.793788133832084 22.682613318757156
946.8541666666665 23.795596289908808 22.683596287272746
947.3541666666666 23.797413123117078 22.6845823572922
947.8541666666666 23.79923392040574 22.68556201079686
948.3541666666665 23.801057836800624 22.686544507807454
948.8541666666666 23.802865110194297 22.687528666296583
949.3541666666666 23.80469461224337 22.6885098810213
949.8541666666665 23.80651748659794 22.689498104962297
