FastTrWP/PhaseSpace/IAs/snIa_0.45_30.00_0.83_-0.09.csv
# %ECSV 0.9
# ---
# datatype:
# - {name: time-rel, datatype: float64}
# - {name: g, datatype: float64}
# - {name: i, datatype: float64}
# schema: astropy-2.0
time-rel g i
[from data line 1445]
882.3958333333334 23.553912672777525 22.537076592398364
882.8958333333333 23.55537908274284 22.537544295532186
883.3958333333334 23.556836509075968 22.538019894735775
883.8958333333334 23.558294919021932 22.53849129036923
884.3958333333333 23.559743825323395 22.53896495419786
884.8958333333334 23.56119214576229 22.539442818813917
885.3958333333334 23.5626572199182 22.539917707332137
885.8958333333333 23.564117863649592 22.540402785551702
886.3958333333334 23.565587883515224 22.540878942292615
886.8958333333334 23.567046382074007 22.54135822319986
887.3958333333333 23.56850275917962 22.54183818197424
887.8958333333334 23.56997291574221 22.54232779988294
888.3958333333334 23.571422355842625 22.542810478491894
888.8958333333333 23.57290505253548 22.543290181836465
889.3958333333334 23.5743705896425 22.543778339562948
889.8958333333334 23.575821271121548 22.5442696606845
890.3958333333333 23.577293937388365 22.544761809437986
890.8958333333334 23.57877148530036 22.545253062946408
891.3958333333334 23.58024098683854 22.54573397457984
891.8958333333333 23.581708581690748 22.546239626185933
892.3958333333334 23.583177256526863 22.54672673478401
892.8958333333334 23.584659595745045 22.54722615632906
893.3958333333333 23.586128796099494 22.54772064005276
893.8958333333334 23.587607182625618 22.548213220151236
894.3958333333334 23.589089431010017 22.548713546523075
894.8958333333333 23.590567408878222 22.54920871019322
895.3958333333334 23.59203345935024 22.549712723881825
895.8958333333334 23.5935107320257 22.550217815762554
896.3958333333333 23.59500404718346 22.550720577481677
896.8958333333334 23.596470708518282 22.551215708687216
897.3958333333334 23.597965114721468 22.551726670366975
897.8958333333333 23.599456353896624 22.552231547655204
898.3958333333334 23.6009420550935 22.552740966305286
898.8958333333334 23.60242198927107 22.553247159630825
899.3958333333333 23.603914415599128 22.553755327562396
899.8958333333334 23.605395285055927 22.554268346207643
900.3958333333334 23.606888075563504 22.55477755379545
900.8958333333333 23.608385758888666 22.555291692464863
901.3958333333334 23.609872870300276 22.555810121666028
901.8958333333334 23.611366796428015 22.55631216297065
902.3958333333333 23.61286065602261 22.556838541855782
902.8958333333334 23.61435645695765 22.557356449046658
903.3958333333334 23.615855600130196 22.55787642797223
903.8958333333333 23.617348656881774 22.558387097258915
904.3958333333334 23.618841899829132 22.558910535306328
904.8958333333334 23.620363059911366 22.559431093281294
905.3958333333333 23.62185605609718 22.55995795602033
905.8958333333334 23.623357518610497 22.560481224688843
906.3958333333334 23.62486953338002 22.561000855371258
906.8958333333333 23.626359643642193 22.561534381518822
907.3958333333334 23.62786108142192 22.562059565465642
907.8958333333334 23.62938056940714 22.56258832443953
908.3958333333333 23.63088196624411 22.56312024454408
908.8958333333334 23.632391139729066 22.56365712285664
909.3958333333334 23.63389874609066 22.56418602473692
909.8958333333333 23.63539837972229 22.564718570312806
910.3958333333334 23.63690694920933 22.565254106667435
910.8958333333334 23.63843032792515 22.56579074743078
911.3958333333333 23.639940482696566 22.566328921355854
911.8958333333334 23.641449991059478 22.56686542781396
912.3958333333334 23.642966859605576 22.5674081802361
912.8958333333333 23.644479605883614 22.567940134886424
913.3958333333334 23.646000393459325 22.568488293448286
913.8958333333334 23.64751668796029 22.56903725624322
914.3958333333333 23.6490373710115 22.56957927828853
914.8958333333334 23.650561794167544 22.570126692614547
915.3958333333334 23.652083028057294 22.570673299254732
915.8958333333333 23.653602836457516 22.57122185628393
916.3958333333334 23.655128206396633 22.571771902132983
916.8958333333334 23.656661548522486 22.572324736974295
917.3958333333333 23.658179156355725 22.572881457500927
917.8958333333334 23.65970810774481 22.573426471293164
918.3958333333334 23.661244620404133 22.57398373824791
918.8958333333333 23.662764508555945 22.57453651443308
919.3958333333334 23.664297744835455 22.575100944158887
919.8958333333334 23.665823203735783 22.57565115931421
920.3958333333333 23.667364818665362 22.576208997620945
920.8958333333334 23.668894035547517 22.576774206527563
921.3958333333334 23.670429970862315 22.57733468173469
921.8958333333333 23.671975420129634 22.577897745768762
922.3958333333334 23.673509573126786 22.57846191785271
922.8958333333334 23.675038668711032 22.579028002783595
923.3958333333333 23.67659714309702 22.579593757487114
923.8958333333334 23.678126425450227 22.580160961363834
924.3958333333334 23.67967599277177 22.580722317244557
924.8958333333333 23.681226435978235 22.581304334818327
925.3958333333334 23.682760690578334 22.581876687802538
925.8958333333334 23.6843111016122 22.58244359799576
926.3958333333333 23.685857153817125 22.58302076655639
926.8958333333334 23.68740922429659 22.5835913021401
927.3958333333334 23.688953120605785 22.584173187239713
927.8958333333333 23.69050690157884 22.58475207001777
928.3958333333334 23.692061540228174 22.58532443007267
928.8958333333334 23.69360603931856 22.58590506906266
929.3958333333333 23.695178468874044 22.58648415345709
929.8958333333334 23.696740229070844 22.587062271293462
930.3958333333334 23.6982953807223 22.587648892950178
930.8958333333333 23.699847443229256 22.58822940195921
931.3958333333334 23.701415018923345 22.58881997300716
931.8958333333334 23.702971199382166 22.589407097133368
932.3958333333333 23.704542420814995 22.58999689355568
932.8958333333334 23.706116823264818 22.59058146438296
933.3958333333334 23.707667876401448 22.591177137029742
933.8958333333333 23.70924261494035 22.59177017417693
934.3958333333334 23.710814278850933 22.592364418135187
934.8958333333334 23.712388924733695 22.592953165099164
935.3958333333333 23.713963713586036 22.593542512155096
935.8958333333334 23.715540729902536 22.594136943526944
936.3958333333334 23.71710421973262 22.594737425106864
936.8958333333333 23.71869525778092 22.59533919498685
937.3958333333334 23.720264116477775 22.5959374435072
937.8958333333334 23.721862494214577 22.59654035764388
938.3958333333333 23.723435003141866 22.59714295599766
938.8958333333334 23.725017716640544 22.597744412678313
939.3958333333334 23.72659763240013 22.598346440897505
939.8958333333333 23.728194206353976 22.598961023809117
940.3958333333334 23.729778008512035 22.599567307971014
940.8958333333334 23.731373143621603 22.600176244754408
941.3958333333333 23.732979321628424 22.600789084056817
941.8958333333334 23.734563077270426 22.601400164110863
942.3958333333334 23.73616761927037 22.60201323008779
942.8958333333333 23.737764309760713 22.602631707043358
943.3958333333334 23.739370557007405 22.60324693131967
943.8958333333334 23.740966948396213 22.60386629346039
944.3958333333333 23.742569854338843 22.60449074962136
944.8958333333334 23.74417932839682 22.605106862714127
945.3958333333334 23.74577754259056 22.605730601297047
945.8958333333333 23.747387117183184 22.606354448759873
946.3958333333334 23.749004180136843 22.606987784890915
946.8958333333334 23.750612424543203 22.607606998770553
947.3958333333333 23.752230787768497 22.608240666366424
947.8958333333334 23.753846354904418 22.60886897124358
948.3958333333334 23.755458111004927 22.60950250040753
948.8958333333333 23.75708716161835 22.6101343137887
949.3958333333334 23.758702035431817 22.61077191368802
949.8958333333334 23.76032911922082 22.611406829824272
950.3958333333333 23.761950790667914 22.612041955319757
950.8958333333334 23.763577497574197 22.612678977937563
951.3958333333334 23.765203904078305 22.613318459861812
951.8958333333333 23.76682818185381 22.613955474059612
952.3958333333334 23.768463115334207 22.61459705591093
952.8958333333334 23.770083918474143 22.615246710603657
953.3958333333333 23.77171134163199 22.61588404377745
953.8958333333334 23.773348161294457 22.61652600468334
954.3958333333334 23.77499440701344 22.61718222500512
954.8958333333333 23.776623463992458 22.61782216581856
955.3958333333334 23.778262360352503 22.618471263957353
955.8958333333334 23.77990242838806 22.61913088449214
956.3958333333333 23.781535452623913 22.619772554874466
956.8958333333334 23.78317369672336 22.620430485303018
957.3958333333334 23.784818190104705 22.62108465011564
957.8958333333333 23.78645229873461 22.62173510666471
958.3958333333334 23.788092219463806 22.622389223441033
958.8958333333334 23.78975090509124 22.62304651661569
959.3958333333333 23.791376915035126 22.62369814442902
959.8958333333334 23.79303722436341 22.624358153279402
960.3958333333334 23.79467780882141 22.625014976494292
960.8958333333333 23.796331386212145 22.625676930644815
961.3958333333334 23.79799216396978 22.626335643252343
961.8958333333334 23.799642221297805 22.626998783491516
962.3958333333333 23.80128636366414 22.627660120700654
962.8958333333334 23.802946250932674 22.62832658272174
963.3958333333334 23.804580207590437 22.628984366678587
963.8958333333333 23.806240995812043 22.629648840291587
964.3958333333334 23.807906584156 22.630312937912574
964.8958333333334 23.809539679387512 22.630988396052377
965.3958333333333 23.811208883757722 22.631649589414874
965.8958333333334 23.812875358146776 22.632317976311853
966.3958333333334 23.81452394687112 22.63298829903829
966.8958333333333 23.81618212268912 22.633660649394617
967.3958333333334 23.817839149688538 22.634327381291826
967.8958333333334 23.81950717554353 22.63499774084814
968.3958333333333 23.821156443833488 22.635669435814222
968.8958333333334 23.822821799526462 22.63634830255979
969.3958333333334 23.82448435144047 22.63701942172942
969.8958333333333 23.826148464393352 22.63768664679212
970.3958333333334 23.827795840434874 22.638360183341902
970.8958333333334 23.829464911974124 22.639046285108755
971.3958333333333 23.831137146534044 22.639720343987687
971.8958333333334 23.832799142473235 22.64039003650698
972.3958333333334 23.834466242787336 22.64107183887763
972.8958333333333 23.836106471711034 22.641749424697796
973.3958333333334 23.837780009931308 22.642424862368514
973.8958333333334 23.83944736586162 22.643102651270752
974.3958333333333 23.84113259101484 22.643779857831312
974.8958333333334 23.842780017614512 22.644458887226676
975.3958333333334 23.844445768722345 22.645148485182816
975.8958333333333 23.846123557536693 22.645829064889544
976.3958333333334 23.84780762733574 22.646513776608707
976.8958333333334 23.849470619563206 22.64719873391558
977.3958333333333 23.85115300557123 22.647887420803855
977.8958333333334 23.852828536218055 22.648575745653226
978.3958333333334 23.854492974316813 22.649257425140213
978.8958333333333 23.856167036639647 22.649951969113594
979.3958333333334 23.85784952445119 22.650644623368844
979.8958333333334 23.859530104169547 22.651329595554913
980.3958333333333 23.86121925272189 22.65203067076871
980.8958333333334 23.862888362884938 22.65272046795495
981.3958333333334 23.864576195461392 22.653426985801836
981.8958333333333 23.866263369563452 22.654113335350768
982.3958333333334 23.86794860035124 22.65480322005186
982.8958333333334 23.869629414762095 22.65550569522312
983.3958333333333 23.87131981026404 22.656215591075757
983.8958333333334 23.872999793628487 22.656907678665362
984.3958333333334 23.874705659365617 22.657611350059188
984.8958333333333 23.87639367298703 22.65831326802126
985.3958333333334 23.878080820849362 22.659022449423322
985.8958333333334 23.879766257481492 22.65972503998163
986.3958333333333 23.8814659890641 22.660428100910114
986.8958333333334 23.88315408651847 22.661137843819795
987.3958333333334 23.884842942085925 22.661839677634845
987.8958333333333 23.88654332743581 22.66255194660927
988.3958333333334 23.888235607975954 22.663255553529314
988.8958333333334 23.8899404996085 22.66396714320837
989.3958333333333 23.89163341262359 22.66467799737901
989.8958333333334 23.893334492266426 22.665390020778332
990.3958333333334 23.895021527596015 22.66609919874903
990.8958333333333 23.896728505868793 22.66681872247282
991.3958333333334 23.89842769914974 22.667529419520278
991.8958333333334 23.900132649172324 22.66823696098183
992.3958333333333 23.90182931792079 22.66896071693249
992.8958333333334 23.90353456338481 22.669676087481285
993.3958333333334 23.905232999371044 22.670392810756365
993.8958333333333 23.906943109594096 22.671112453748346
994.3958333333334 23.90864115456576 22.671838435260533
994.8958333333334 23.910362461101254 22.672551961514777
995.3958333333333 23.912053689508053 22.673265786047125
995.8958333333334 23.91376573599702 22.67399155679252
996.3958333333334 23.91547077018398 22.674717999056742
996.8958333333333 23.91717699827042 22.675433038453576
997.3958333333334 23.918884725771164 22.676161184865393
997.8958333333334 23.920591382353457 22.6768909952634
998.3958333333333 23.92230635075368 22.677607780572092
998.8958333333334 23.924016328624987 22.67833836037239
999.3958333333334 23.925726729018976 22.67906783312293
999.8958333333334 23.92743797604057 22.679795391863955
1000.3958333333334 23.92915136664306 22.680523102595767
1000.8958333333334 23.930862437834417 22.681246756561535
1001.3958333333334 23.93257703911955 22.681981624033515
1001.8958333333334 23.93428951930186 22.68270477433266
1002.3958333333334 23.936007721099184 22.68343988203037
1002.8958333333334 23.93772838137295 22.684173551114437
1003.3958333333334 23.939433211545712 22.684905815039226
1003.8958333333334 23.94114522056786 22.68562991417813
1004.3958333333334 23.942858179469958 22.686375644932436
1004.8958333333334 23.94457808177691 22.68710499609859
1005.3958333333334 23.946294304468605 22.687837779443306
1005.8958333333334 23.94801520437303 22.688579596973128
1006.3958333333334 23.94973037820452 22.689316903607896
1006.8958333333334 23.95145104611354 22.69005548857132
1007.3958333333334 23.953158124294035 22.69078503047745
1007.8958333333334 23.954878707596663 22.691523083898343
1008.3958333333334 23.956603112416293 22.692262532020404
1008.8958333333334 23.95831665043907 22.693004961237925
1009.3958333333334 23.960025671493213 22.69374793471053
1009.8958333333334 23.961752320339485 22.694491184907058
1010.3958333333334 23.963481550034587 22.6952325924687
1010.8958333333334 23.965201603023818 22.695971490099346
1011.3958333333334 23.966916563825738 22.696715089798932
1011.8958333333334 23.96863614928432 22.697455817842943
1012.3958333333334 23.97035067101827 22.69820081423548
1012.8958333333334 23.972093444422345 22.69894146892261
1013.3958333333334 23.973797413991143 22.699699352793026
1013.8958333333334 23.975516116291544 22.700439592884408
1014.3958333333334 23.977241301190606 22.701197137772816
1014.8958333333334 23.97896362658514 22.701946049773746
1015.3958333333334 23.98069995930929 22.702685285316647
1015.8958333333334 23.982410652640624 22.70343934518925
1016.3958333333334 23.984143833111993 22.70419408210976
1016.8958333333334 23.985856392487435 22.70494006757271
1017.3958333333334 23.98761185250649 22.705690407239317
1017.8958333333334 23.989313573096172 22.706448831948812
1018.3958333333334 23.991055852582697 22.70719721865159
1018.8958333333334 23.992765472248465 22.707959395189153
1019.3958333333334 23.994499897490048 22.708719071117756
1019.8958333333334 23.996228161938742 22.70946172362497
1020.3958333333334 23.997957321283113 22.710228895045113
1020.8958333333334 23.99968010294068 22.710982067380172
1021.3958333333334 24.001414265276914 22.711746215851
1021.8958333333334 24.00315267559788 22.712510102655546
1022.3958333333334 24.00488117075262 22.713265491352097
1022.8958333333334 24.00661409578848 22.714031212038755
1023.3958333333334 24.00833803367705 22.714789847312037
1023.8958333333334 24.01008091319467 22.715553018239714
1024.3958333333333 24.01180854485814 22.71631159480191
1024.8958333333333 24.013542354551372 22.71708689336784
1025.3958333333333 24.015284149881104 22.71784430945909
1025.8958333333333 24.017016733920467 22.718621851597046
