FastTrWP/PhaseSpace/IAs/snIa_0.70_30.00_0.88_-0.22.csv
# %ECSV 0.9
# ---
# datatype:
# - {name: time-rel, datatype: float64}
# - {name: g, datatype: float64}
# - {name: i, datatype: float64}
# schema: astropy-2.0
time-rel g i
[from data line 693]
323.125 23.647443708746664 22.871094506351646
323.625 23.643630479948765 22.86904832548849
324.125 23.639821021775816 22.86701996993311
324.625 23.636015263758022 22.864985889188645
325.125 23.63222442235041 22.86296402633052
325.625 23.628406200626564 22.86093649643408
326.125 23.624609967261744 22.85891886508031
326.625 23.62082458005021 22.85689074011784
327.125 23.617033007121048 22.854882809401946
327.625 23.613243193926632 22.852862888295373
328.125 23.60946129547491 22.850838920662486
328.625 23.60567418592018 22.848834300116742
329.125 23.601903736927863 22.84682862098046
329.625 23.598112392419182 22.844822910468373
330.125 23.594346855716253 22.842826685081835
330.625 23.590548318603965 22.840826101944685
331.125 23.5867548711968 22.838816491866247
331.625 23.58295951200165 22.836819344502203
332.125 23.579134470107697 22.834811659769603
332.625 23.575315960820177 22.83282109522791
333.125 23.57148185460052 22.830811697494994
333.625 23.567651926726725 22.828812914488942
334.125 23.56381380424793 22.826828700779597
334.625 23.559971229346317 22.824824354490968
335.125 23.556114225415637 22.822830550239157
335.625 23.552267407224758 22.82083046534929
336.125 23.548407836021084 22.818844123638236
336.625 23.544542037461376 22.81685359225404
337.125 23.54069358186605 22.81486237195123
337.625 23.536830172206486 22.812871469658987
338.125 23.532961273947382 22.81087845787247
338.625 23.52910283030561 22.808900673903043
339.125 23.525240422917943 22.806924607535347
339.625 23.52137834969447 22.804934805067788
340.125 23.51751053956273 22.802960413728137
340.625 23.51365410188793 22.800981752322468
341.125 23.50979545438627 22.799002259963544
341.625 23.50594194003414 22.7970403876494
342.125 23.502076465438172 22.79506389236916
342.625 23.498251517664098 22.793098177850855
343.125 23.494391360417012 22.79113921146574
343.625 23.490560361746326 22.789173101143845
344.125 23.48672876449783 22.78721896828293
344.625 23.482893803144034 22.785260019415535
345.125 23.479067539571233 22.78330832659727
345.625 23.475255444389333 22.781354649399415
346.125 23.471434723211026 22.77941267094439
346.625 23.467646782353356 22.777462190956598
347.125 23.463840023612743 22.775525636508696
347.625 23.460058894466606 22.773591087636902
348.125 23.456287464861024 22.77165802830948
348.625 23.45251257821781 22.769731916841813
349.125 23.4487660884383 22.767808479102747
349.625 23.44499887592352 22.76588986471774
350.125 23.441254751626307 22.76396447084831
350.625 23.437536197813387 22.762050903220473
351.125 23.43381403651223 22.760144711906918
351.625 23.430105772874576 22.758233309924478
352.125 23.426412295036943 22.756324622853693
352.625 23.42272881705034 22.754432017897038
353.125 23.419061203165 22.752534715444895
353.625 23.415389368079587 22.750643575970418
354.125 23.411747420326602 22.748759134860865
354.625 23.408107232111362 22.74688317445507
355.125 23.4044886176371 22.744999536436346
355.625 23.400887934897703 22.74313113582634
356.125 23.39730037833787 22.741258013204302
356.625 23.393728706682076 22.739400744008854
357.125 23.39015437247823 22.737539505053604
357.625 23.38660373249976 22.73569542293272
358.125 23.38308392669136 22.73383715889365
358.625 23.379568326048982 22.731997875938564
359.125 23.376068389513705 22.730163288235904
359.625 23.372581641508667 22.728321926951462
360.125 23.36911853686685 22.726490883314163
360.625 23.365668314248296 22.72467326208543
361.125 23.362233824820695 22.72285357538329
361.62499999999994 23.358822690463583 22.721048207697972
362.125 23.35542194662341 22.719249706307313
362.625 23.352061353415998 22.717437678826894
363.12499999999994 23.348689265204705 22.7156346648407
363.625 23.345358352072708 22.713850780492542
364.125 23.34203452731234 22.712067042166993
364.62499999999994 23.33873421703057 22.7102887144039
365.125 23.335459537390943 22.708518073928012
365.625 23.332192718697897 22.706745274605716
366.12499999999994 23.32893511581521 22.704990200260774
366.625 23.32572680763096 22.703240039926662
367.125 23.322511817693197 22.701488211849092
367.62499999999994 23.31934023257229 22.699752081901572
368.125 23.31618814718386 22.69800845558679
368.625 23.31303688142476 22.696273754460968
369.12499999999994 23.309922488518943 22.69454821505487
369.625 23.306829795259837 22.69283932541624
370.125 23.30375623145021 22.691126560744706
370.62499999999994 23.300702103544133 22.68942247463634
371.125 23.297661192297273 22.68772417492592
371.625 23.29462678225735 22.68602588460434
372.12499999999994 23.29159370956242 22.68432632593968
372.625 23.288569577658173 22.68263788561109
373.125 23.28555099641216 22.68095010011219
373.62499999999994 23.282542986833477 22.67926413716491
374.125 23.279542124207943 22.677580972777246
374.625 23.276539751755013 22.675904275503882
375.12499999999994 23.27355909448135 22.674228484509964
375.625 23.270572443267667 22.672551765958985
376.125 23.267603913277966 22.67088686222753
376.62499999999994 23.264634270275973 22.669214596826833
377.125 23.261689760718074 22.667563490774132
377.625 23.258733540189155 22.665905367781505
378.12499999999994 23.25580594105969 22.664241881699027
378.625 23.252857211504843 22.662592597361538
379.125 23.24995182806955 22.660946725749156
379.62499999999994 23.24702578177467 22.659297173453194
380.125 23.244133024739206 22.657662265787728
380.625 23.241245746684378 22.656022915868718
381.12499999999994 23.238351859719536 22.654394275797824
381.625 23.23547840697282 22.652764140812426
382.125 23.23261150441985 22.651142084043087
382.62499999999994 23.229753964051735 22.649517810485026
383.125 23.226905061721396 22.647898318091055
383.625 23.224077025548787 22.646286227096347
384.12499999999994 23.2212420340808 22.64466135636779
384.625 23.21842479473998 22.64305914819664
385.125 23.21562109611746 22.64146499200029
385.62499999999994 23.212832085863944 22.639862691293153
386.125 23.210039519826857 22.638266490125112
386.625 23.207265458091534 22.63667067488079
387.12499999999994 23.20449761446863 22.635089987605816
387.625 23.201766320177 22.633507738541333
388.125 23.19901328227916 22.631926280967534
388.62499999999994 23.19628308018736 22.630351804660137
389.125 23.19358001722303 22.62877945214332
389.625 23.19087251592245 22.62722113257743
390.12499999999994 23.188170738561055 22.62565774647069
390.625 23.185482488438133 22.624098378276166
391.125 23.182809265090263 22.622541640205167
391.62499999999994 23.18015357562796 22.620993981898945
392.125 23.177509775099928 22.619447984468493
392.625 23.174877379313887 22.617908242366347
393.12499999999994 23.17224761951525 22.61637001591418
393.625 23.16963987849003 22.614835108608062
394.125 23.16704850274938 22.613318499439536
394.62499999999994 23.16445900234894 22.611794968599664
395.125 23.161883693440384 22.610271753056463
395.625 23.159338236236024 22.608750517956707
396.12499999999994 23.156777140010213 22.607245778750446
396.625 23.154249766573805 22.605742686301408
397.125 23.15173546590939 22.604246306041635
397.62499999999994 23.14922524823997 22.602751777495264
398.125 23.146737150973372 22.601261276990435
398.625 23.144259168189933 22.599770798890837
399.12499999999994 23.141780317659784 22.59829372486117
399.625 23.139334493262915 22.596818896081068
400.125 23.13689603818357 22.59534331585659
400.62499999999994 23.134475006076727 22.593881858715648
401.125 23.13205615438518 22.5924169003395
401.625 23.129665553785298 22.59095428499065
402.12499999999994 23.127280990350066 22.589511418517624
402.625 23.124915384545822 22.588057834328072
403.125 23.122566140634525 22.58661066317846
403.62499999999994 23.120220928727903 22.585180547929436
404.125 23.11789844163986 22.5837470920464
404.625 23.115589423094704 22.58231829301648
405.12499999999994 23.11329494781278 22.580893121311313
405.625 23.111009097733128 22.579474422032916
406.125 23.108748393465884 22.578068744731095
406.62499999999994 23.10648786957725 22.576652907519296
407.125 23.104252373294393 22.57526039012681
407.625 23.102030165114908 22.573853073553018
408.12499999999994 23.09982954957095 22.57246326498651
408.625 23.09764125952064 22.571079833337826
409.125 23.095463176244984 22.569698920823377
409.62499999999994 23.09331210693571 22.568315821107458
410.125 23.09116744329732 22.566954900967865
410.625 23.0890373295076 22.56557566781438
411.12499999999994 23.086930022664014 22.564215412519072
411.625 23.084837416824904 22.56285926485792
412.125 23.082735167588076 22.56152433281415
412.62499999999994 23.08066529773629 22.560160831044563
413.125 23.078604459177342 22.558821074281575
413.625 23.076541313284118 22.557478880827055
414.12499999999994 23.07449813089452 22.556146496579665
414.625 23.072459957629192 22.55481427130029
415.125 23.070430984513322 22.553486651299544
415.62499999999994 23.068422500943978 22.552166130923418
416.125 23.06642555706599 22.550843111550435
416.625 23.06442801732054 22.549528093077896
417.12499999999994 23.062444841889494 22.548214464834295
417.625 23.060477579812204 22.546910567400523
418.125 23.05850523902047 22.545604726800754
418.62499999999994 23.056553132750494 22.5443023052325
419.125 23.05461568856852 22.543006063419426
419.625 23.052684300957125 22.541714769713085
420.12499999999994 23.05075741143103 22.540428435478802
420.625 23.048847819344967 22.539140734659707
421.125 23.04694221239263 22.53786113240457
421.62499999999994 23.045059111455203 22.536583146491967
422.125 23.043173465797633 22.535312407491162
422.625 23.04129924018006 22.534041552535484
423.12499999999994 23.039434730675378 22.53277615131244
423.625 23.037585789274825 22.531513361766034
424.125 23.03574769271234 22.530262726326843
424.62499999999994 23.0339081463707 22.52899966719172
425.125 23.032082751163514 22.527757761156515
425.625 23.030271522239417 22.5265104795794
426.12499999999994 23.02846289108238 22.525267712121146
426.625 23.026680326712118 22.524025672423797
427.125 23.024901430875477 22.522798162420994
427.62499999999994 23.02311688846309 22.521562005223572
428.125 23.021365209609964 22.52033899684818
428.625 23.01960347491573 22.519115683352283
429.12499999999994 23.01787034417002 22.51789407851134
429.625 23.016139001582392 22.51667793351554
430.125 23.014408193987045 22.515475226022446
430.62499999999994 23.01268676806604 22.514267815914394
431.125 23.010987922264423 22.513055199064603
431.625 23.009299976164037 22.511859611005242
432.12499999999994 23.007620774312578 22.51066604601985
432.625 23.005930460953937 22.5094736742897
433.125 23.004261491952942 22.508277687175653
433.62499999999994 23.002617023607122 22.507099039322664
434.125 23.00097337270431 22.505922827469547
434.625 22.999333848612245 22.50474533540973
435.12499999999994 22.99770187221068 22.5035706224056
435.625 22.996084723081445 22.50240247793027
436.125 22.99448115763004 22.50123436103968
436.62499999999994 22.992879354622097 22.500078876195225
437.125 22.991298934843268 22.498913999989387
437.625 22.989714257457244 22.49776389848674
438.12499999999994 22.98814660395825 22.496618091930337
438.625 22.98657851491397 22.49546723670885
439.125 22.985025040818652 22.49432280631482
439.62499999999994 22.983490334348076 22.493184772389547
440.125 22.981956085380837 22.492051709300327
440.625 22.980439416438575 22.490922482646862
441.12499999999994 22.978927540027794 22.48979046535173
441.625 22.977415853486363 22.488667255397242
442.125 22.97593213217023 22.487561197948654
442.62499999999994 22.97444014165505 22.486438621884318
443.125 22.972975398695187 22.485321507997554
443.625 22.97150296895666 22.484225125447637
444.12499999999994 22.97004274923288 22.483111398233678
444.625 22.968599439226 22.482012204997446
445.125 22.967158800949512 22.4809148554724
445.62499999999994 22.96573426431395 22.479825118015427
446.125 22.964314209348352 22.478730898329935
446.625 22.962894939737218 22.47764353196739
447.12499999999994 22.961503529516886 22.47656483885732
447.625 22.960107106540818 22.4754834253897
448.125 22.958739391630637 22.474410541606954
448.62499999999994 22.957360261781904 22.473338820116076
449.125 22.955990557687834 22.472273546671836
449.625 22.95464312266874 22.47121353952877
450.12499999999994 22.953293233402036 22.47015859220503
450.625 22.95197292644435 22.46909532852888
451.125 22.9506309357069 22.46804603010627
451.62499999999994 22.949319418529015 22.46700338141494
452.125 22.9480161375982 22.465955706480983
452.625 22.94670201727975 22.464915598842428
453.12499999999994 22.945421356503765 22.463880958631744
453.625 22.94413175706049 22.462846679077963
454.125 22.94285545305048 22.46181602681486
454.62499999999994 22.94159361531632 22.46078798566859
455.125 22.940327376521246 22.459756288607764
455.625 22.93907693246195 22.45873813733614
456.12499999999994 22.937833542646118 22.457723999749316
456.625 22.936594290139432 22.456705557695756
457.125 22.935362640442488 22.455698640639117
457.62499999999994 22.93414062202256 22.454681879416597
458.125 22.932918630878078 22.45367922732989
458.625 22.93171780851003 22.45267423900552
459.12499999999994 22.930524165871123 22.451674037124864
459.625 22.929324051180437 22.450683155800036
460.125 22.928145547687386 22.44968795189871
460.62499999999994 22.926968309321655 22.448704235256383
461.125 22.92580444834797 22.44771364383252
461.625 22.92463730935929 22.4467365281193
462.12499999999994 22.923497387749975 22.44575347105288
462.625 22.92234810520325 22.444773759705484
463.125 22.921210280109904 22.443797014675127
463.62499999999994 22.9200792688613 22.442830387873887
464.125 22.918959907405352 22.441867439659315
464.625 22.917845448922893 22.440901850927833
465.12499999999994 22.91674650405652 22.439945651000507
465.625 22.9156464194335 22.43899724385908
466.125 22.91455974594392 22.438038630287352
466.62499999999994 22.91347728683935 22.437087025656925
467.125 22.91239954464674 22.436137927237606
467.625 22.911341692041788 22.43519539728849
468.12499999999994 22.910284795345955 22.434256847775245
468.625 22.909224901007153 22.433317345315267
469.125 22.908188667061452 22.432385538219744
469.62499999999994 22.907150880341135 22.43145500575465
470.125 22.906129636753874 22.430532047743455
470.625 22.90510823909811 22.429602671374358
471.12499999999994 22.904109140663262 22.428679243116196
471.625 22.903100208333132 22.427771383717378
472.125 22.90210214206395 22.4268590919353
472.62499999999994 22.901120833385207 22.42594492369725
473.125 22.900143907150508 22.42504224376698
473.625 22.899179399754026 22.424136855495618
474.12499999999994 22.898212253446605 22.423236320653942
474.625 22.897262055698594 22.42234259207278
475.125 22.89631390422779 22.42145024987434
475.62499999999994 22.895376389197285 22.420562234270555
476.125 22.894454784594366 22.419675676708046
476.625 22.893534342777762 22.418794604868665
477.12499999999994 22.89261119664171 22.417915579660153
477.625 22.891716617488953 22.417035128243494
478.125 22.890809985179033 22.41616046398708
478.62499999999994 22.88992380906361 22.41528826530014
479.125 22.88903986173734 22.414425817498618
479.625 22.888175787220103 22.413565170486738
480.12499999999994 22.88730689834924 22.412706273783513
480.625 22.886462604564663 22.41184748328355
481.125 22.885607516029726 22.410997270673654
481.62499999999994 22.884766277301086 22.410146597623744
482.125 22.8839318365468 22.409304748949815
482.625 22.883121821502257 22.408462411287793
483.12499999999994 22.88229540801273 22.407623176099634
483.625 22.881493873090434 22.406781847910246
484.125 22.880696078081332 22.4059600621057
484.62499999999994 22.87989154161211 22.40513192327278
485.125 22.879124928921748 22.40430236101689
485.625 22.878348781624254 22.40348140948756
486.12499999999994 22.877588004317616 22.40266655984938
486.625 22.876830370436082 22.401847588748332
487.125 22.87608357915119 22.401038572234103
487.62499999999994 22.87533796306098 22.40023707653268
488.125 22.87460948273521 22.399426525324394
488.625 22.873882378506046 22.39862406131222
