FastTrWP/PhaseSpace/IAs/snIa_0.6_20_-1_-0.1.csv
# %ECSV 0.9
# ---
# datatype:
# - {name: time-rel, datatype: float64}
# - {name: g, datatype: float64}
# - {name: i, datatype: float64}
# schema: astropy-2.0
time-rel g i
[from data line 2775]
1374.3958333333333 -23.247884946429718 -25.92343892090202
1374.8958333333333 -23.24678836384152 -25.92219226804888
1375.3958333333333 -23.24577409960686 -25.920934052674923
1375.8958333333333 -23.244845292233855 -25.919691849517466
1376.3958333333333 -23.243893909096393 -25.918427854459217
1376.8958333333333 -23.242992526520723 -25.917164925242382
1377.3958333333333 -23.242181449054957 -25.91589321174721
1377.8958333333333 -23.24140206717686 -25.914649580493414
1378.3958333333333 -23.2407189943669 -25.913384054636495
1378.8958333333333 -23.239981406993373 -25.912130061152713
1379.3958333333333 -23.239291829409176 -25.91086586516992
1379.8958333333333 -23.238720048509 -25.90961022375193
1380.3958333333333 -23.238102570459382 -25.908357275855124
1380.8958333333333 -23.237638242467543 -25.907085603719217
1381.3958333333333 -23.237178436531728 -25.905827355610676
1381.8958333333333 -23.236702162322345 -25.904585505907832
1382.3958333333333 -23.236311042492765 -25.903315218592585
1382.8958333333333 -23.235959549048403 -25.902044084553477
1383.3958333333333 -23.235677858923744 -25.900785792407454
1383.8958333333333 -23.235347509794014 -25.899513298625884
1384.3958333333333 -23.23512816408469 -25.89824457224858
1384.8958333333333 -23.234972127392368 -25.8969758118631
1385.3958333333333 -23.234816412416603 -25.89571229911372
1385.8958333333333 -23.23472701311082 -25.894456834596863
1386.3958333333333 -23.23464303245091 -25.893196849906257
1386.8958333333333 -23.2345764953825 -25.8919319291606
1387.3958333333333 -23.234578073126478 -25.89066752164344
1387.8958333333333 -23.23469377448022 -25.889391263110046
1388.3958333333333 -23.234808424610684 -25.888130420651784
1388.8958333333333 -23.234973064188935 -25.88685306345745
1389.3958333333333 -23.235128883515614 -25.885597346864042
1389.8958333333333 -23.23545802332621 -25.884314819790987
1390.3958333333333 -23.235753228358078 -25.883046324162326
1390.8958333333333 -23.236198920852516 -25.881771320589518
1391.3958333333333 -23.236752567282203 -25.88050792180436
1391.8958333333333 -23.237247881278766 -25.879224974602945
1392.3958333333333 -23.237887454805563 -25.877950501905712
1392.8958333333333 -23.23857319939689 -25.8766934140918
1393.3958333333333 -23.23934084621158 -25.875403824301983
1393.8958333333333 -23.240103039821474 -25.87412332028611
1394.3958333333333 -23.24095056050268 -25.87284654360101
1394.8958333333333 -23.24195983293398 -25.87156052996173
1395.3958333333333 -23.242919308041827 -25.87029197184936
1395.8958333333333 -23.243917999996853 -25.86900926422741
1396.3958333333333 -23.2450387648621 -25.86773295582196
1396.8958333333333 -23.24622592520167 -25.86645601159805
1397.3958333333333 -23.247410664808278 -25.865163635910896
1397.8958333333333 -23.248652856678994 -25.863878779295796
1398.3958333333333 -23.24996954409866 -25.86260402078205
1398.8958333333333 -23.251380646623424 -25.86130454649045
1399.3958333333333 -23.252785912254698 -25.86003112027282
1399.8958333333333 -23.254250546483842 -25.858738175555093
1400.3958333333333 -23.255729981626324 -25.857452934880676
1400.8958333333333 -23.25727002349154 -25.85617183024975
1401.3958333333333 -23.25886233906376 -25.85487944390411
1401.8958333333333 -23.26045922779858 -25.853601776329494
1402.3958333333333 -23.262157026711606 -25.852306412933928
1402.8958333333333 -23.263891719096286 -25.851018913027424
1403.3958333333333 -23.265597173914315 -25.849721548840748
1403.8958333333333 -23.267465318765538 -25.848446282494542
1404.3958333333333 -23.269284009949395 -25.84715764683765
1404.8958333333333 -23.27111543658478 -25.845861303502037
1405.3958333333333 -23.273059068865116 -25.844578717454443
1405.8958333333333 -23.274997944982662 -25.843283412043846
1406.3958333333333 -23.276945584221707 -25.841999516090613
1406.8958333333333 -23.27894550156815 -25.840703588842505
1407.3958333333333 -23.28103305589581 -25.83942679534893
1407.8958333333333 -23.283063916601368 -25.838120242986054
1408.3958333333333 -23.285160035684534 -25.836819510749677
1408.8958333333333 -23.287263604154482 -25.83553422206133
1409.3958333333333 -23.289386318862412 -25.834241025418162
1409.8958333333333 -23.29156172452616 -25.83295500620466
1410.3958333333333 -23.293751167581572 -25.83166211755669
1410.8958333333333 -23.29598297752907 -25.83036458784697
1411.3958333333333 -23.298171634616047 -25.82906940805826
1411.8958333333333 -23.300429149310506 -25.827779895939152
1412.3958333333333 -23.302715144344326 -25.82649348985905
1412.8958333333333 -23.30501497360793 -25.82518052474679
1413.3958333333333 -23.30731724187268 -25.823893034868686
1413.8958333333333 -23.309645489199596 -25.822603315546495
1414.3958333333333 -23.311956355024908 -25.821308921230045
1414.8958333333333 -23.314333010147273 -25.820024468692225
1415.3958333333333 -23.316670396076216 -25.81872672178978
1415.8958333333333 -23.31903728802953 -25.817440251941697
1416.3958333333333 -23.32148386926395 -25.81614219705518
1416.8958333333333 -23.323865370809465 -25.814848052964425
1417.3958333333333 -23.326262393724868 -25.813552731902885
1417.8958333333333 -23.328703849538467 -25.812263094001594
1418.3958333333333 -23.331123128711827 -25.81096484026508
1418.8958333333333 -23.333566906253328 -25.80967195281091
1419.3958333333333 -23.3360037970981 -25.808386361157094
1419.8958333333333 -23.338411550308898 -25.807103181812305
1420.3958333333333 -23.340849843111087 -25.80581747548335
1420.8958333333333 -23.343274666123133 -25.804526981535602
1421.3958333333333 -23.345790302211867 -25.803221015255332
1421.8958333333333 -23.348183613592678 -25.801936461972254
1422.3958333333333 -23.350642570433727 -25.800643389431972
1422.8958333333333 -23.353076340931732 -25.79936274404197
1423.3958333333333 -23.355553656791784 -25.798071111755814
1423.8958333333333 -23.35796063028973 -25.796784787193786
1424.3958333333333 -23.360405613439244 -25.79549032251162
1424.8958333333333 -23.362816134093052 -25.794227336086053
1425.3958333333333 -23.365207348694437 -25.792920596308477
1425.8958333333333 -23.36767377574097 -25.7916525087694
1426.3958333333333 -23.3700746659612 -25.79035730255423
