FastTrWP/PhaseSpace/IAs/snIa_0.36_30.00_0.69_-0.08.csv
# %ECSV 0.9
# ---
# datatype:
# - {name: time-rel, datatype: float64}
# - {name: g, datatype: float64}
# - {name: i, datatype: float64}
# schema: astropy-2.0
time-rel g i
[from data line 1419]
284.5 23.2649013321471 22.649892957970067
285.0 23.266170560822896 22.65038808221361
285.4999999999999 23.267419802609375 22.65087156861398
286.0 23.268687627094703 22.651377794728525
286.5 23.26995509488519 22.651879170642424
286.9999999999999 23.27121312349729 22.652380647622575
287.5 23.272475695404214 22.65287689965958
288.0 23.273741485673362 22.653388252473782
288.4999999999999 23.275005702560776 22.65389812310088
289.0 23.276273716494423 22.65439570335152
289.5 23.277542542181436 22.654919662150196
289.9999999999999 23.278822356892192 22.655424173545633
290.5 23.28008075026112 22.65593597623484
291.0 23.281361652658397 22.65645764908863
291.4999999999999 23.282627816447782 22.65696854348314
292.0 23.283903120111162 22.657494071378252
292.5 23.28516179548288 22.658004859288205
292.9999999999999 23.28643886194543 22.658522909023343
293.5 23.287713760302715 22.65905277662916
294.0 23.289000268910208 22.659570785928782
294.4999999999999 23.290271021750918 22.66010405182614
295.0 23.29154864842195 22.66062800033739
295.5 23.292824766031757 22.661159587809397
295.9999999999999 23.29410681048357 22.661699256541944
296.5 23.295389131062212 22.662231120001618
297.0 23.29667036608339 22.662763145874955
297.4999999999999 23.297940439682066 22.663310746082978
298.0 23.299227033609895 22.663852614746776
298.5 23.300503916843816 22.66438805797041
298.9999999999999 23.301786276385037 22.664935206024488
299.5 23.30307329878053 22.6654874461355
300.0 23.30436763605369 22.666037020773885
300.4999999999999 23.30564579071845 22.666579437855255
301.0 23.306930523990545 22.667137150622906
301.5 23.3082167154509 22.667685723898355
301.9999999999999 23.309503679035814 22.66823836767277
302.5 23.310785462587155 22.66879444335668
303.0 23.312080329165582 22.669359371114414
303.4999999999999 23.31337298372469 22.669923760903213
304.0 23.314668245437925 22.6704877166911
304.5 23.31594973560907 22.671052353416883
304.9999999999999 23.31725257964125 22.671619971453715
305.5 23.318545229953735 22.672191554111457
306.0 23.319836944803782 22.67275459793751
306.4999999999999 23.321135203563315 22.673328316188723
307.0 23.32242747771756 22.673911752415105
307.5 23.323730197311775 22.674482428781488
307.9999999999999 23.32502638298438 22.675056395053808
308.5 23.32631638684285 22.675639755402447
309.0 23.32763421817929 22.676221133129474
309.4999999999999 23.328922380418547 22.67680433044946
310.0 23.330229344211766 22.67739009778765
310.5 23.331536558463988 22.67796981979105
310.9999999999999 23.332832338934487 22.678557967840703
311.5 23.33414557697392 22.679155480943535
312.0 23.33544950266401 22.67974257757046
312.4999999999999 23.336750503458994 22.680343951883476
313.0 23.33805728727794 22.680935216020192
313.5 23.339364366371495 22.681538108841867
313.9999999999999 23.34068517601061 22.682138081900213
314.5 23.341998578189497 22.682742400318222
315.0 23.343306562333133 22.6833425561585
315.4999999999999 23.344618771071737 22.683951849010594
316.0 23.345933836871545 22.684547429660476
316.5 23.34725590150752 22.685172774475262
316.9999999999999 23.34856129008291 22.685778180741444
317.5 23.34988402739109 22.68639030843847
318.0 23.351204960156082 22.687004190158536
318.4999999999999 23.352526846463757 22.68761592835448
319.0 23.353834330003963 22.688232946771144
319.5 23.35516444528926 22.68885848170467
319.9999999999999 23.356485697499124 22.689481435675116
320.5 23.357807253652012 22.69009922113171
321.0 23.359137620476282 22.69072712217726
321.4999999999999 23.360463387637253 22.691358243569525
322.0 23.361784012712636 22.691990854918842
322.5 23.363101942869015 22.692614601603957
322.9999999999999 23.364431865063963 22.693244209817465
323.5 23.36577377377234 22.693879314165667
324.0 23.367103300847386 22.694522007902727
324.4999999999999 23.36843356143485 22.695149820534223
325.0 23.36977115409198 22.69579369710624
325.5 23.37110940413481 22.69642980396496
325.9999999999999 23.37244401257619 22.697082256518463
326.5 23.37377840557442 22.697716764397946
327.0 23.375118894857913 22.69837438850022
327.4999999999999 23.37645630240491 22.699022705969007
328.0 23.377800152559548 22.699684269525065
328.5 23.379140535296074 22.70033097914736
328.9999999999999 23.380478490403608 22.700996949217128
329.5 23.3818269671923 22.70166349076426
330.0 23.383163925977687 22.702330660710892
330.4999999999999 23.384517105626298 22.70300275495051
331.0 23.385860612801928 22.703667403656492
331.5 23.387214943953374 22.70433997692774
331.9999999999999 23.388564055127006 22.70500816209077
332.5 23.389905817546417 22.705697101203945
333.0 23.391262009702814 22.70637166376405
333.4999999999999 23.392616598733518 22.707055429719347
334.0 23.393962503472423 22.707745253748342
334.5 23.395315607784482 22.708422106302173
334.9999999999999 23.396677418167847 22.709118182385776
335.5 23.39802991609774 22.709806134579125
336.0 23.39938482663197 22.71049844415389
336.4999999999999 23.400750679087707 22.711193261235852
337.0 23.402104400905444 22.71189232408004
337.5 23.403468190837504 22.712574565825538
337.9999999999999 23.40482811255856 22.71327868856818
338.5 23.40618895467783 22.713979987443555
339.0 23.407562531873833 22.714682551970856
339.4999999999999 23.408920422675166 22.715395199469363
340.0 23.41028902429548 22.716104327078167
340.5 23.411656009788643 22.71681721613264
340.9999999999999 23.413020585493072 22.717516609669957
341.5 23.41439825181802 22.718230788741124
342.0 23.41577440192435 22.718946089116386
342.4999999999999 23.41713950328339 22.71965395855279
343.0 23.418511167148427 22.720379046404837
343.5 23.419880068620955 22.721086062159547
343.9999999999999 23.421266916970392 22.7218071722506
344.5 23.42262968210965 22.72252990729282
345.0 23.424015407797135 22.72325807418696
345.4999999999999 23.42539940730334 22.723968607968494
346.0 23.42677596899641 22.724700138101515
346.5 23.428151127273857 22.725419013650722
346.9999999999999 23.4295334015452 22.726139845600756
347.5 23.430918650523157 22.726869700130695
348.0 23.432294148653085 22.72759730562204
348.4999999999999 23.433697852437643 22.72832736577989
349.0 23.435074428973223 22.729054209570023
349.5 23.436467722019113 22.72978350147442
349.9999999999999 23.437860125286555 22.730508621111913
350.5 23.439245671867887 22.73124457087289
351.0 23.440632739231212 22.731977770019583
351.4999999999999 23.442033162085355 22.732714961303977
352.0 23.44342334623274 22.73344008610256
352.5 23.44481944657748 22.734176016399473
352.9999999999999 23.44621553304637 22.73490003718452
353.5 23.4476037087661 22.73563438531536
354.0 23.449011858641057 22.736362735962313
354.4999999999999 23.450397467877234 22.737109463037385
355.0 23.45181033791335 22.73784379250323
355.5 23.45321125755007 22.73858448169898
355.9999999999999 23.454605352829528 22.73931295188245
356.5 23.456005441017037 22.740048106162458
357.0 23.457418850311228 22.740788322928115
357.4999999999999 23.45882737771184 22.741522914063236
358.0 23.46022889229861 22.74225626114568
358.5 23.461641730135185 22.74299797786726
358.9999999999999 23.463052214335566 22.74373447688784
359.5 23.464460750818734 22.74447352688046
360.0 23.46587503882602 22.745209430660687
360.4999999999999 23.46728831305886 22.74595064877584
361.0 23.46870846237389 22.746700807289546
361.5 23.470123338525003 22.747440792496462
361.9999999999999 23.471547995866505 22.748197165413767
362.5 23.47295168138039 22.74894260989815
363.0 23.47436981746979 22.74969395778198
363.4999999999999 23.475791640266984 22.75043906971916
364.0 23.477204382823725 22.751195289804617
364.5 23.47863476166205 22.751950309115617
364.9999999999999 23.480059803850125 22.752700613405842
365.5 23.48148187911258 22.753460939361254
366.0 23.48289958547145 22.754220419549526
366.4999999999999 23.48432788852889 22.754969504560457
367.0 23.485772419641645 22.75572826001833
367.5 23.487197516321018 22.75649723845231
367.9999999999999 23.48862838412426 22.757263272656573
368.5 23.490048143437736 22.75802027083155
369.0 23.49148955469368 22.75878043160507
369.4999999999999 23.49292351118512 22.759548272923873
370.0 23.494368736869777 22.76031525981613
370.5 23.49579607685786 22.761081921667675
370.9999999999999 23.497227735472528 22.761856218382537
371.5 23.49868264055796 22.76261941773308
372.0 23.500117047404355 22.763380242608623
372.4999999999999 23.501566369959768 22.764164401563992
373.0 23.503004590688732 22.764927118990798
373.5 23.504444386194404 22.76570046208714
373.9999999999999 23.505882572375928 22.766476193033178
374.5 23.507331395687444 22.767247316921384
375.0 23.508778744872313 22.768029974756953
375.4999999999999 23.510245428345083 22.76880884376115
376.0 23.51167241355202 22.769570854277895
376.5 23.513133199434996 22.770349890373662
376.9999999999999 23.514598584973143 22.771135188010657
377.5 23.516052110434956 22.77190820818732
378.0 23.517500110469747 22.77269390483584
378.4999999999999 23.518959119321732 22.773458825856096
379.0 23.520423480736472 22.77424781268783
379.5 23.52188082748414 22.775023867698465
379.9999999999999 23.523338147592728 22.775800799929474
380.5 23.524804265706667 22.77658393917799
381.0 23.526254967616232 22.77736798642296
381.4999999999999 23.527733135034353 22.778151837096807
382.0 23.529196677783297 22.77893762798651
382.5 23.53066974210176 22.779714795791858
382.9999999999999 23.532129520607626 22.78050135776537
383.5 23.53361223703982 22.781282311528358
384.0 23.535081250758406 22.782060208946085
384.4999999999999 23.536554651740147 22.782854854090473
385.0 23.538043745861863 22.78362969876369
385.5 23.539511219311482 22.784422615760718
385.9999999999999 23.540988162721316 22.785201497334306
386.5 23.542459833008884 22.785987767267084
387.0 23.543956291238487 22.786770252644363
387.4999999999999 23.54544012796272 22.787554135695984
388.0 23.546922820100175 22.788342673965865
388.5 23.548409411666928 22.789122599410693
388.9999999999999 23.549898177562266 22.789912640237286
389.5 23.551375761154194 22.790694559401352
390.0 23.552870471694263 22.791475245624042
390.4999999999999 23.55436515943749 22.792260609591285
391.0 23.555853835644935 22.793048110103843
391.5 23.557352946135033 22.793820281802812
391.9999999999999 23.558848686556352 22.79461000084264
392.5 23.56034290698606 22.79539751937827
393.0 23.561845311437096 22.79617937619274
393.4999999999999 23.563346872374616 22.796958274225464
394.0 23.56484061390375 22.79774583027176
394.5 23.566346859005677 22.798534704242574
394.9999999999999 23.567848170765288 22.799330177431667
395.5 23.569354860832096 22.800111195805407
396.0 23.570853592381162 22.80089941816904
396.4999999999999 23.57236203465478 22.801693469859046
397.0 23.573876836481045 22.80247208306111
397.5 23.57539077685175 22.80325828838725
397.9999999999999 23.576895659009047 22.80405381657888
398.5 23.57841024552586 22.80484000623952
399.0 23.57992252334784 22.805624340225123
399.4999999999999 23.581437863816994 22.80642477614634
400.0 23.58295595834057 22.807210636754043
400.5 23.584477718135354 22.80800654307304
401.0 23.58599221212288 22.808797763762527
401.5 23.58751781432216 22.80959067447331
402.0 23.58904043943372 22.810381812987664
402.5 23.590566591127885 22.81118307014795
403.0 23.592088249323446 22.81197223146119
403.5 23.59362511587247 22.812758533564637
404.0 23.595147359710587 22.813555542860673
404.5 23.59668356466456 22.814352836640346
405.0 23.598208958567653 22.815142184592037
405.5 23.599748986781695 22.81594976235171
406.0 23.601279756613415 22.816736574392063
406.5 23.602813597604225 22.817542517120142
407.0 23.604361936618268 22.818329211605118
407.5 23.605901110895484 22.819133535828307
408.0 23.607434446820683 22.819931452568312
408.5 23.608988835327153 22.82073953327014
409.0 23.610523320608074 22.82153366248416
409.5 23.612079258190573 22.822332495316893
410.0 23.613634555781722 22.82313791878635
410.5 23.61517688570043 22.823938269859205
411.0 23.616723538502093 22.824741292420434
411.5 23.61827707594945 22.825543751432416
412.0 23.619839017269943 22.82634794174392
412.5 23.6213885072408 22.827150622298692
413.0 23.622956891075667 22.827944278485933
413.5 23.624521222582825 22.82875948498176
414.0 23.626085460970963 22.82956879931649
414.5 23.6276324414958 22.830367401876785
415.0 23.629216152645256 22.831173829159823
415.5 23.630785056866415 22.831983988191364
416.0 23.63235022023598 22.832791727051166
416.5 23.633924766196387 22.833592402397333
417.0 23.635501988349755 22.834412694287725
417.5 23.637077431269784 22.83521939674713
418.0 23.638657708214087 22.836035471797558
418.5 23.640234382647396 22.83684052888013
419.0 23.64180719352547 22.837656232207326
419.5 23.643402320625107 22.8384687262224
420.0 23.64498368968009 22.839278166001726
420.5 23.646579054675293 22.840093127582332
421.0 23.648167528341975 22.84090653802925
421.5 23.64976039232662 22.841725728013543
422.0 23.651355752176187 22.842538950179147
422.5 23.652940198191985 22.84335889381139
423.0 23.654542179625757 22.844171551284447
423.5 23.656150159185238 22.84499229607266
424.0 23.657748296523096 22.84581226467568
424.5 23.659352818949056 22.846632844714794
425.0 23.66096462993056 22.847451180510614
425.5 23.662566521953533 22.848273271308983
426.0 23.66417267448771 22.849089553603207
426.5 23.665783180468097 22.84990716308872
427.0 23.66740686869281 22.85073064277225
427.5 23.669021863914267 22.851556393201882
428.0 23.67062408854963 22.852384343004893
428.5 23.672250696607257 22.853205154548235
429.0 23.673875950178168 22.854022977752674
429.5 23.675493737601766 22.854848815874963
430.0 23.67711721207066 22.855679776332593
430.5 23.678749564373128 22.85649968812909
431.0 23.680367529772667 22.857321616904997
431.5 23.68199692334164 22.85815725171735
432.0 23.6836369821689 22.858983735474506
432.5 23.6852714855628 22.859807567003465
433.0 23.68688889998273 22.860635977671055
433.5 23.68853010737626 22.861466518196366
434.0 23.690174861016548 22.86229393627169
434.5 23.691811131374564 22.863131937577762
435.0 23.69346223849626 22.863958062093236
435.5 23.695101926111867 22.864792194497866
436.0 23.69675972453214 22.8656322755346
436.5 23.69841106682844 22.866453712451186
437.0 23.700049398127874 22.867284035574272
437.5 23.70170771175255 22.868119586717995
438.0 23.703366259460918 22.86896722142388
438.5 23.705021535401794 22.869790962469395
439.0 23.70668347136345 22.870638907676316
439.5 23.70834323296526 22.87147135160206
440.0 23.710020883119082 22.872307522941213
440.5 23.71166954939571 22.873142388032882
441.0 23.71332703964174 22.87398316756991
441.5 23.715021680152347 22.87482744707566
442.0 23.71669862812022 22.875664731304788
442.5 23.71837380810407 22.87650267750132
443.0 23.720056024783194 22.877345261557682
443.5 23.72173332783264 22.878199043184708
444.0 23.723410244962597 22.879034399456586
444.5 23.725092252281506 22.879883995445734
445.0 23.726786434169178 22.88071996063441
445.5 23.728456245793605 22.881572472952808
446.0 23.73016313941754 22.882415802261406
446.5 23.731860261557713 22.883264078342552
447.0 23.73355929974901 22.884107502812434
447.5 23.735253571563334 22.884957500080546
448.0 23.736959459779623 22.885813215980612
448.5 23.738656409709357 22.886664229097665
449.0 23.740364465647765 22.887518687798458
449.5 23.7420661589783 22.88836501535328
450.0 23.74378431822519 22.889211308431943
450.5 23.745501483650344 22.89007295357781
451.0 23.7472239844023 22.89092709748178
451.5 23.748926486489733 22.891785776774093
452.0 23.750650825038417 22.892640031918464
452.5 23.75236857716988 22.893500268893735
453.0 23.75411374882864 22.89435110046718
453.5 23.755843075995347 22.89521915870534
454.0 23.75757347798484 22.896075171154852
454.5 23.759309105059963 22.896938239369415
455.0 23.76104807563261 22.897796697901857
455.5 23.762784819237517 22.898661185941474
456.0 23.764526117239452 22.899520442871722
456.5 23.766271717913213 22.90038598077192
457.0 23.76803405143182 22.901252639222015
457.5 23.769775259858655 22.902121519665492
458.0 23.77151528581824 22.90298887081747
