FastTrWP/PhaseSpace/IAs/snIa_0.66_30.00_-0.87_0.00.csv
# %ECSV 0.9
# ---
# datatype:
# - {name: time-rel, datatype: float64}
# - {name: g, datatype: float64}
# - {name: i, datatype: float64}
# schema: astropy-2.0
time-rel g i
[from data line 703]
-39.5 24.04887842810238 22.500252875540212
-39.00000000000006 24.048116222425485 22.49888514534467
-38.5 24.047374357790435 22.497516239886785
-38.0 24.04664900243246 22.496141349829916
-37.50000000000006 24.045925778060354 22.494782479258994
-37.0 24.04520690161886 22.493424951658973
-36.5 24.04450785446215 22.492072416316983
-36.00000000000006 24.043807169180376 22.490723349470482
-35.5 24.04312760726969 22.489376668916883
-35.0 24.042474516891396 22.488042337469267
-34.50000000000006 24.041792188970447 22.486710152530144
-34.0 24.041132974007 22.485380257632865
-33.5 24.040475805679762 22.48404609956485
-33.00000000000006 24.03985568736186 22.482727099379627
-32.5 24.039236952883932 22.48141156913352
-32.0 24.03860821046846 22.48010270893522
-31.5 24.0380079509275 22.478785485291134
-31.0 24.037413946555667 22.477484732954384
-30.5 24.036808867609988 22.476194627849782
-30.0 24.036229399956373 22.47488754754684
-29.5 24.035665401305934 22.473606931535816
-29.0 24.035098768063776 22.472322099831985
-28.5 24.034558930408917 22.47104460255172
-28.0 24.03401511304377 22.469759695149317
-27.5 24.03348366002642 22.468494282180874
-27.0 24.03297266265455 22.46722468323059
-26.5 24.0324674199905 22.46596498744188
-26.0 24.031959959867045 22.464706433827573
-25.5 24.03147659771588 22.463458363654603
-25.0 24.030985823421208 22.46220436168094
-24.5 24.03051664871699 22.460962998561733
-24.0 24.030059197155857 22.45971613057936
-23.5 24.02961342218136 22.45848202612205
-23.0 24.02917613214926 22.45724955318851
-22.5 24.02874448320452 22.456029951049583
-22.0 24.0283298460065 22.454810044686933
-21.5 24.02791936390921 22.45358674945017
-21.0 24.027523332090684 22.452369128712295
-20.5 24.02714145158597 22.451160687457374
-20.0 24.026767888732294 22.44995227608211
-19.5 24.026407977640933 22.448755197087582
-19.0 24.026048505522613 22.44755304598359
-18.5 24.025719794510543 22.446359390936568
-18.0 24.025377280509275 22.445159323763978
-17.5 24.025062901476623 22.443979944005385
-17.0 24.02475075196762 22.442796268727243
-16.5 24.024460771786934 22.441607578475423
-16.0 24.024171006082298 22.440439737668317
-15.5 24.02388437289862 22.43926867829602
-15.0 24.023616162033548 22.438103399924202
-14.5 24.02336375645609 22.43693012816457
-14.0 24.023102979941264 22.435782333518453
-13.5 24.022870853946323 22.43461743409629
-13.0 24.02263437573055 22.433459976537545
-12.5 24.022412980822295 22.43231651131651
-12.0 24.022193158591914 22.431170096181454
-11.5 24.022008939367545 22.43003159389003
-11.0 24.0218091431046 22.42889479875752
-10.5 24.021619443523 22.42776543136269
-10.0 24.021449594026553 22.426630898273153
-9.5 24.021277402447744 22.42550410911076
-9.0 24.021133127915668 22.42439037315561
-8.5 24.02097509291886 22.42326833106823
-8.0 24.020831511537178 22.422146620851315
-7.5 24.02069599706376 22.42104122502379
-7.0 24.020578143887267 22.419939307670177
-6.5 24.02046055970952 22.41883610955529
-6.0 24.02035800061111 22.417743024391722
-5.5 24.020267298306898 22.416644260252895
-5.0 24.020187438270874 22.41555280272234
-4.5 24.020088370323812 22.41446713889728
-4.0 24.02003143115663 22.413386364456365
-3.5 24.019951256447108 22.41230546444447
-3.0 24.019901996614035 22.41122958247618
-2.5 24.01984829824215 22.410155852653908
-2.0 24.019810282725246 22.409087462595902
-1.5 24.019774241310664 22.408030740684044
-1.0 24.019747872469456 22.40696814311849
-0.5 24.01973966161328 22.405912083646445
0.0 24.019707752066985 22.404861824361856
0.5 24.019719444442376 22.403811497811667
1.0 24.019707880215996 22.402767269794563
1.5 24.019733840117524 22.401734301430416
2.0 24.019745880592517 22.400689526046122
2.5 24.01976501298211 22.399658459575814
3.0 24.01978374641246 22.39862492982121
3.5 24.019820405654535 22.39760453089641
4.0 24.01986381951339 22.396587964703997
4.5 24.019913763181545 22.39557064290294
5.0 24.019970048385623 22.394550759677003
5.5 24.020035535709326 22.39354194860466
6.0 24.02010952973101 22.3925399768935
6.5 24.020172697560398 22.391528371987526
7.0 24.020263203119146 22.390539613342163
7.5 24.020336992266213 22.389543440619157
8.0 24.020439054029197 22.388549970856005
8.5 24.020545976199333 22.38756449507217
9.0 24.020635082510164 22.386588484138656
9.5 24.02076478817623 22.385599341677388
10.0 24.020877867818466 22.384629204379216
10.5 24.020987913016306 22.38365662359696
11.0 24.021111060642646 22.382682028303105
11.5 24.021246462541285 22.38173118923732
12.0 24.021388483777745 22.380763339504497
12.5 24.021524432742446 22.37980980657064
13.0 24.02166294019279 22.37885676301874
13.5 24.02183006431415 22.377912625707182
14.0 24.02198631106009 22.376964848801638
14.5 24.02214312507436 22.37602814598677
15.0 24.022323058829265 22.375084326180527
15.5 24.022483046892216 22.374154422294744
16.0 24.02265782220358 22.37322092524621
16.5 24.022858345800827 22.372295981640946
17.0 24.02302521068187 22.37137373258613
17.5 24.02322138925214 22.3704491823052
18.0 24.023447533056736 22.369541406146375
18.5 24.023656120974923 22.36862954469695
19.0 24.02388598308662 22.36772421885499
19.5 24.024112319657995 22.366812770033732
20.0 24.024384040262166 22.365920258817518
20.5 24.02463932744066 22.365018707602026
21.0 24.024916933097337 22.364130544432154
21.5 24.025194854041644 22.36323841179024
22.0 24.025485222401052 22.362354770576317
22.5 24.025801271693155 22.361464978800715
23.0 24.026101366963672 22.360581481686488
23.5 24.026426999591205 22.3597050721137
24.0 24.026752716308923 22.358835701576485
24.5 24.027100494586826 22.3579686722441
25.0 24.02745036427965 22.3570956582116
25.5 24.02779779737144 22.356237608479784
26.0 24.028174528661474 22.355375574210473
26.5 24.028550406956633 22.35451916223633
27.0 24.028915144734583 22.353669672012355
27.5 24.029329013649722 22.35281373602714
28.0 24.02971382728675 22.351971040063177
28.5 24.03012263758185 22.351128360252638
29.0 24.030530823844845 22.350285976815606
29.5 24.030962815516084 22.34943960252496
30.0 24.031399394047742 22.348616645280025
30.5 24.031831376148368 22.34778777388566
31.0 24.032273962649704 22.346959022921773
31.5 24.032702272030164 22.346135192351916
32.0 24.03316535755733 22.34531769642374
32.5 24.03362092734958 22.34449778709279
33.0 24.03410398738091 22.34368590173256
33.5 24.034572560685447 22.342878165293154
34.0 24.03504522005788 22.34207249343224
34.5 24.035518787650823 22.341270583494143
35.0 24.036003614950726 22.340468211810276
35.5 24.03650123881095 22.339675907590447
36.0 24.03701284836331 22.338885842850544
36.5 24.037514116994604 22.338092320798587
37.0 24.038015633270252 22.33730503044249
37.5 24.038522491065226 22.336515798330275
38.0 24.039043332167587 22.335740860080726
38.5 24.03955813716907 22.334975099045998
39.0 24.040086249663347 22.334196243024245
39.5 24.0406218753252 22.33342385388978
40.0 24.041147847408844 22.332661517440844
40.5 24.041692538666396 22.331896943878515
41.0 24.042207934504695 22.331137472269198
41.5 24.042755794132113 22.33038324443438
42.0 24.043298012510803 22.32963772329482
42.5 24.043844272003255 22.328885257351445
43.0 24.044381610555348 22.328140758210427
43.5 24.044933284763466 22.32740441956934
44.0 24.04549021590985 22.326661365429963
44.5 24.04603294243146 22.325921297887852
45.0 24.04658866451086 22.32519536486889
45.5 24.04715409879006 22.32445669247937
46.0 24.04769953366735 22.323735817074322
46.5 24.048262666970746 22.323015148598046
47.0 24.048814096031723 22.322301003822705
47.5 24.0493787934875 22.32158362805282
48.0 24.049936228219714 22.32087336376546
48.5 24.050486602734658 22.32015951336823
49.0 24.051054979546976 22.319453938447648
49.5 24.051616799222725 22.318752825959344
50.0 24.05216255664711 22.318056906750492
50.5 24.05271464435254 22.31736263546572
51.0 24.053279131187214 22.31666462734686
51.5 24.0538289259148 22.315974238066268
52.0 24.05438597790368 22.31530109060479
52.5 24.054932950870867 22.31460991588399
53.0 24.055482411784517 22.313931254550525
53.5 24.056027215478082 22.31325620789314
54.0 24.056576795658966 22.312586391564242
54.5 24.05712362753568 22.311919843684343
55.0 24.05767172326405 22.311247278780574
55.5 24.058186827079467 22.31058425412882
56.0 24.058722881022142 22.309927682997404
56.5 24.059269871750804 22.309277019918884
57.0 24.05980735881461 22.308627643994985
57.5 24.060324178393913 22.307970937660343
58.0 24.06085825079839 22.307333706871425
58.5 24.061400716809725 22.306683155366983
59.0 24.061942071938258 22.30603924264503
59.5 24.06247348948435 22.305402865863535
60.0 24.063013337137992 22.304774391378352
60.5 24.063557339934295 22.30414079721267
61.0 24.064115889818307 22.303506399592997
61.5 24.064649289303116 22.302883376608506
62.0 24.06520989088797 22.30225572155282
62.5 24.065750732883178 22.30163486659677
63.0 24.06631710501156 22.30101982359586
63.5 24.066865324969044 22.300404163872297
64.0 24.06742444891534 22.29979061243114
64.5 24.06797408417255 22.29917404519497
65.0 24.068549351520154 22.298575326239472
65.5 24.069096660614008 22.297971038149385
66.0 24.06968030712054 22.297381210917244
66.5 24.070244283415555 22.29678646461943
67.0 24.070803737062082 22.29618100088626
67.5 24.071370041043266 22.29559868139331
68.0 24.071942097959077 22.2950058566399
68.5 24.072533176429978 22.29442706414723
69.0 24.073114023303688 22.293843731561704
69.5 24.07368857886945 22.293262462638836
70.0 24.074255119144006 22.29268581752956
70.5 24.074832302328737 22.292115253681793
71.0 24.07541882663668 22.29154916394036
71.5 24.07600454086115 22.29097441400272
72.0 24.076602162849355 22.290414130604002
72.5 24.077184936317337 22.289858004853095
73.0 24.077768958780258 22.289292956100873
73.5 24.07838141235791 22.28874254688956
74.0 24.07896939752112 22.288192009080685
74.5 24.079567921864793 22.287645366312603
75.0 24.08016911916311 22.287102251399862
75.5 24.080784127057456 22.286561342084696
76.0 24.081372161487316 22.28601541771027
76.5 24.081980628760324 22.285481864203568
77.0 24.082589981911305 22.284951342453454
77.5 24.08319560318195 22.284427166970957
78.0 24.083822729526965 22.28390056502021
78.5 24.08443535475366 22.2833719298973
79.0 24.085040853187113 22.282850298545434
79.5 24.085670272279632 22.282343331294136
80.0 24.086277635142466 22.281822421375196
80.5 24.086913633047974 22.2813142172423
81.0 24.087543920633475 22.280811941665903
81.5 24.088146697220804 22.280310552030215
82.0 24.088776650959595 22.279802066009175
82.5 24.08939622878399 22.27931348733843
83.0 24.09004213847853 22.27881251936884
83.5 24.090682265995564 22.278329372317977
84.0 24.091308154663018 22.277838471899724
84.5 24.091955707444438 22.27735448780951
85.0 24.092584469036943 22.276868044042676
85.5 24.093230585650993 22.276393277718615
86.0 24.093890696288206 22.27591966042396
86.5 24.094536254562883 22.27545371624169
87.0 24.09516178500677 22.27498343690838
87.5 24.095819921718963 22.274523114396946
88.0 24.09647095099356 22.27406250560495
88.5 24.09712676516072 22.27360409678991
89.0 24.097784479134496 22.273153028660886
89.5 24.098452009649197 22.272699096791747
90.0 24.09910353141868 22.272247180909744
90.5 24.099778276134494 22.271807228372342
91.0 24.100426851808578 22.271362690637492
91.5 24.101087573541573 22.270922990889353
92.0 24.101770538879315 22.27049613331326
92.5 24.10243502949743 22.270064759111996
93.0 24.10311681833386 22.26963470937294
93.5 24.103766920493 22.269217535138228
94.0 24.10447647810768 22.26878987119814
94.5 24.10513390950988 22.268375787203574
95.0 24.105827896675528 22.267964648954038
95.5 24.10650157926801 22.26755645998937
96.0 24.10718590968085 22.26714787877002
96.5 24.107884679472456 22.26674442845701
97.0 24.10857270877176 22.266343503709898
97.5 24.109268043752383 22.265947493025703
98.0 24.109950297580085 22.265558938099346
98.5 24.11064475746304 22.265168450903
99.0 24.111363055296586 22.26477327323121
99.5 24.112061744976174 22.26439561712844
100.0 24.112761306574235 22.264015217367202
100.5 24.113458109548937 22.2636309454072
101.0 24.114162846523847 22.263256645938306
101.5 24.114873663774425 22.26288220182656
102.0 24.115579292634237 22.262514080164927
102.5 24.116297860415415 22.262139397400148
103.0 24.116997443073235 22.261778322934333
103.5 24.11772565143586 22.261420314868893
104.0 24.118436110412045 22.26106251214634
104.5 24.119164240623707 22.260707389574033
105.0 24.119897394813687 22.26035752039465
105.5 24.12062054994944 22.260003632183484
106.0 24.121333127768693 22.259656215023654
106.5 24.122072730105195 22.259326516385002
107.0 24.12280145455383 22.258977015772693
107.5 24.1235461881148 22.258640433678746
108.0 24.12429234832115 22.25830531931866
108.5 24.125015091870026 22.257980265307147
109.0 24.12576059966975 22.25764820306874
109.5 24.126504342444306 22.257323017010474
110.0 24.127264933699657 22.257002076708197
110.5 24.128007116595956 22.25668208461584
111.0 24.128759551333445 22.256371787156684
111.5 24.129499358604193 22.256057817727196
112.0 24.130262730375712 22.25574146864917
112.5 24.13102555653807 22.25544425750774
113.0 24.13177928349554 22.25514255792214
113.5 24.13254563695961 22.254840842861796
114.0 24.133307305042578 22.254542934943093
114.5 24.134064558711593 22.254248806095063
115.0 24.134834240274383 22.253953591937016
115.5 24.135611902189137 22.253673647003453
116.0 24.136379590433933 22.2533885999415
116.5 24.1371577282924 22.253105575889226
117.0 24.137941167386945 22.25282799674933
117.5 24.13872008880951 22.252556752448026
118.0 24.13949523783171 22.252280955396625
118.5 24.14026712991291 22.252011877690027
119.0 24.14106242167078 22.251744270821852
119.5 24.141854279784376 22.251488772822313
120.0 24.142643532197937 22.25122501921339
120.5 24.143445434873104 22.250973752965205
121.0 24.144226629470964 22.25071940706076
121.5 24.145028878119525 22.25047043251548
122.0 24.14584095385049 22.250225313694486
122.5 24.146636109536665 22.249983762004746
123.0 24.14743533138724 22.249741806947444
123.5 24.148265956682586 22.249501141165965
124.0 24.149057599850366 22.249268711520635
124.5 24.149879478397366 22.249046789730492
125.0 24.150692328932838 22.24880775241091
125.5 24.15149258627277 22.248591347402456
126.0 24.152329856920304 22.248375939448792
126.5 24.153141409001513 22.248157706043976
127.0 24.153953465593098 22.247944445646258
127.5 24.154800994538515 22.247731145115925
128.0 24.155622648454337 22.24752283200163
128.5 24.156456638830818 22.247326494324984
129.0 24.15729428894629 22.247126854553482
129.5 24.15812538521138 22.24692370868052
130.0 24.15896029791931 22.246731839216576
130.5 24.159817445492024 22.246539423595774
131.0 24.160646489314743 22.246353142101412
131.5 24.16149381363791 22.24617362174451
132.0 24.162341572444458 22.245991926602077
132.5 24.163181857538206 22.245814600805545
133.0 24.16403068932649 22.245642430711847
133.5 24.164884310668015 22.245470180400865
134.0 24.16575039680665 22.245306938928366
134.5 24.166600256978885 22.245143014056453
135.0 24.16746194205288 22.24498209292122
135.5 24.168339059753116 22.244830366136217
136.0 24.169204683037982 22.24466868093588
136.5 24.170053987600276 22.244517111178517
137.0 24.170946526438797 22.244374707623663
137.5 24.171822072670437 22.24423643595319
138.0 24.172688772844715 22.24409818275504
138.5 24.173562778893334 22.243966617426928
139.0 24.174439971632896 22.24382772988068
139.5 24.17533099585691 22.24370614272351
140.0 24.176222190223356 22.243581659712138
140.5 24.17709472692533 22.2434668453917
141.0 24.17799033070368 22.24335105575872
141.5 24.17885904895874 22.243248195716475
142.0 24.1797629704198 22.24313453033691
142.5 24.180663957251166 22.24302824169584
143.0 24.181541857749398 22.24292644266039
143.5 24.182429863917243 22.242837895663392
144.0 24.18332488191679 22.242733274220505
144.5 24.184241398052777 22.242649355559262
145.0 24.18514747191445 22.242555927859446
145.5 24.18606362288791 22.242474329557353
146.0 24.186965975180783 22.242398162642978
146.5 24.187870199923694 22.242322767262603
147.0 24.188782689453838 22.242248029022775
