FastTrWP/PhaseSpace/IAs/snIa_0.55_30.00_-0.21_0.10.csv
# %ECSV 0.9
# ---
# datatype:
# - {name: time-rel, datatype: float64}
# - {name: g, datatype: float64}
# - {name: i, datatype: float64}
# schema: astropy-2.0
time-rel g i
[from data line 703]
-26.5 23.741387751907318 22.467010602837554
-26.0 23.740978763752004 22.465977943572817
-25.5 23.740589239451765 22.464956279604813
-25.0 23.74021404134674 22.463944265368532
-24.5 23.739830865060554 22.462923102345943
-24.0 23.739481802672127 22.461916190572886
-23.5 23.739125305944214 22.460915754102274
-23.0 23.738776855021236 22.459918369026983
-22.5 23.738451094676876 22.458920220913427
-22.0 23.7381145897035 22.457926478841458
-21.5 23.73780354162828 22.456940135021185
-21.0 23.737483741162357 22.455958524679268
-20.5 23.73720029180721 22.4549765683658
-20.0 23.73691167740383 22.454000805936882
-19.5 23.73662743859584 22.4530288718161
-19.0 23.736346075161507 22.45205752708211
-18.5 23.736086348864802 22.45109364468366
-18.0 23.735832593075557 22.45013926020173
-17.5 23.73558250853008 22.449177880127028
-17.0 23.735349682441125 22.448220074193934
-16.5 23.73511900177876 22.447279522964784
-16.0 23.73488967421872 22.446333390782076
-15.5 23.734676032419102 22.445395700010238
-15.0 23.73446870528899 22.4444518267309
-14.5 23.734261830722506 22.443513998623533
-14.0 23.73407265226706 22.442590804865894
-13.5 23.733892346363263 22.44166300986261
-13.0 23.733717826406867 22.44074182984216
-12.5 23.73355391185069 22.43981661668972
-12.0 23.73338532728667 22.43890358003288
-11.5 23.733239267688162 22.437993108563873
-11.0 23.733094762728303 22.43707722764436
-10.5 23.732935648861314 22.436176061560275
-10.0 23.7328154942889 22.435277609673005
-9.5 23.73268511316043 22.434375211770977
-9.0 23.73257820307581 22.433485853055313
-8.5 23.732464111333222 22.43259474566312
-8.0 23.73236551695653 22.431710646289098
-7.5 23.732268295584028 22.43082812168954
-7.0 23.732187292439818 22.429958803324507
-6.5 23.73210200493391 22.429068936674057
-6.0 23.732025580212927 22.428200450595078
-5.5 23.731951218744555 22.427332036677612
-5.0 23.73189308579386 22.426466278867597
-4.5 23.731832859900727 22.425608016715795
-4.0 23.731776588488025 22.42474365603765
-3.5 23.731729899431816 22.423887646915897
-3.0 23.73170975414346 22.42303821193197
-2.5 23.731675525516188 22.42219044054234
-2.0 23.731634798096472 22.421347755766753
-1.5 23.73162204609882 22.420510341743537
-1.0 23.73161365423207 22.419670357561145
-0.5 23.73161785980996 22.418831366020747
0.0 23.73161296639614 22.417999545892012
0.5 23.73161360965488 22.417166762137015
1.0 23.731634967017158 22.41634973541889
1.5 23.731654273604903 22.4155270108552
2.0 23.73164856789383 22.414709140896797
2.5 23.731693046225836 22.413893569046976
3.0 23.73174294547043 22.41308427562608
3.5 23.731786013772908 22.412272291770066
4.0 23.731849073923694 22.411472940428933
4.5 23.73192995565219 22.41067133616165
5.0 23.73200759868063 22.409881527820232
5.5 23.73209589493054 22.409092703595515
6.0 23.73220588589088 22.408302926696066
6.5 23.732306569745948 22.40751923431896
7.0 23.732449808899535 22.406731730653917
7.5 23.73257927299703 22.40596008339583
8.0 23.732728077610254 22.405192206073252
8.5 23.732890932301505 22.4044261989509
9.0 23.733047314326434 22.403655718980218
9.5 23.73321001332183 22.402898686039826
10.0 23.73338884169059 22.402134319172745
10.5 23.733572979139645 22.401382776334493
11.0 23.73377683921153 22.400632402776566
11.5 23.733982119878544 22.399885297770012
12.0 23.734193128480506 22.399138692156004
12.5 23.734426020271346 22.398402430992277
13.0 23.73464478985508 22.39766021997394
13.5 23.734885779526095 22.3969265369507
14.0 23.735137088942242 22.396191366616375
14.5 23.73537584460964 22.395468944784124
15.0 23.73564896065483 22.394748785395578
15.5 23.735908873627395 22.394028459566293
16.0 23.736180022061664 22.3933085549463
16.5 23.73646747744482 22.39259231685232
17.0 23.73675328100319 22.391882550094326
17.5 23.737042844676644 22.391167883758026
18.0 23.737350755302195 22.3904674165072
18.5 23.73766824513215 22.38976238292412
19.0 23.737970520911382 22.389059180584262
19.5 23.738275939538017 22.388372177695956
20.0 23.738605237490454 22.3876771564234
20.5 23.738931696257314 22.386982211988954
21.0 23.739264627641678 22.386301091910113
21.5 23.739610458352733 22.38561057656249
22.0 23.73995289737165 22.38493176116257
22.5 23.740302957590966 22.38425657403351
23.0 23.740668435367635 22.38358051123113
23.5 23.74100988125672 22.382898619434638
24.0 23.74138308792103 22.382233351546702
24.5 23.741752973150042 22.38156297259575
25.0 23.742122130569978 22.380902483895365
25.5 23.74250947555791 22.380234155625885
26.0 23.742888962083917 22.37957841233917
26.5 23.74327668054308 22.378921895279987
27.0 23.7436593560755 22.37827056179077
27.5 23.744043051130618 22.377617960958776
28.0 23.744444952911607 22.376959735733728
28.5 23.744840027311433 22.376316344108712
29.0 23.74524645031269 22.37567325759914
29.5 23.745638661471737 22.375024849453972
30.0 23.746050741252198 22.37439408003116
30.5 23.746456005016377 22.373753232293552
31.0 23.746865621738003 22.373110663546232
31.5 23.747281619204387 22.372483974618106
32.0 23.747692627562497 22.371852498280326
32.5 23.748101218191344 22.37122784130876
33.0 23.74850877882247 22.37059901260572
33.5 23.748941656433814 22.36998151739408
34.0 23.749358952957323 22.369352755561344
34.5 23.749783749667795 22.36873257927317
35.0 23.750206273557602 22.368115101058624
35.5 23.750624235904688 22.367503588288237
36.0 23.751040857383153 22.366886224139463
36.5 23.751465209885254 22.366274359874012
37.0 23.751889767031038 22.365666601626618
37.5 23.752316137084108 22.36505884611253
38.0 23.752722599076698 22.364448862002053
38.5 23.75315749885823 22.363850483700894
39.0 23.753583851007008 22.36324396712081
39.5 23.75400124757624 22.36265130161015
40.0 23.754425071357392 22.36204913714531
40.5 23.75485564004615 22.361453573053414
41.0 23.755285527191777 22.36085668399573
41.5 23.755715457479827 22.360270145821552
42.0 23.756157910828172 22.35968355184432
42.5 23.75659998566843 22.35909733595498
43.0 23.75703883186441 22.35851083228278
43.5 23.7574861897699 22.35793475641369
44.0 23.757939900483663 22.35734764244302
44.5 23.758391092143004 22.35677276860743
45.0 23.75883931442267 22.35619403721263
45.5 23.75931940088377 22.355626603221307
46.0 23.75977775153669 22.355056546415142
46.5 23.760243235213096 22.354485059726205
47.0 23.76071179530241 22.353918708844457
47.5 23.76118555622686 22.35335420490319
48.0 23.761667788332925 22.35279319270973
48.5 23.762146100054444 22.352230690834705
49.0 23.76262750301146 22.35167909696734
49.5 23.763130279937464 22.351125427241875
50.0 23.76361420940691 22.350576010002495
50.5 23.76411853110551 22.350017620599132
51.0 23.764611195658848 22.349475354904563
51.5 23.76510274315894 22.34892901265774
52.0 23.765610976567228 22.34838849524506
52.5 23.766128861918673 22.347844801218464
53.0 23.76663292255284 22.347311391088542
53.5 23.767155458902582 22.346766724732042
54.0 23.767685858918178 22.346237730438435
54.5 23.768203199465404 22.345706198827404
55.0 23.76872865514661 22.345176354704815
55.5 23.769254400496862 22.344652071260775
56.0 23.769780866737577 22.344121665880362
56.5 23.770318170809762 22.343608414017368
57.0 23.770875132668834 22.343088568426918
57.5 23.771430261819887 22.34257158606754
58.0 23.77196826017487 22.34205034071904
58.5 23.772510020169353 22.34154301182339
59.0 23.77307854785425 22.3410386575544
59.5 23.773626640226727 22.34053182603332
60.0 23.774197703557025 22.34002363065229
60.5 23.774754590682964 22.33952493474431
61.0 23.77533611900869 22.339025842582856
61.5 23.775917392110053 22.338524879392946
62.0 23.776485331415827 22.338031911304782
62.5 23.77708263458809 22.337546357922925
63.0 23.777661772387297 22.337051326346966
63.5 23.778241037625584 22.336563204183342
64.0 23.778835122042157 22.336081865005962
64.5 23.779434038149002 22.33559642975028
65.0 23.78004801610519 22.33512142628227
65.5 23.780631667524958 22.334638781999445
66.0 23.78125977994861 22.334172169916087
66.5 23.7818690784813 22.33370575041931
67.0 23.782493179395573 22.333229495417186
67.5 23.783114552411288 22.33276465290549
68.0 23.783725019423215 22.33229934529209
68.5 23.78435116784631 22.331840721940075
69.0 23.784974425295044 22.331383025877862
69.5 23.785620898799472 22.330919874761
70.0 23.786263863680183 22.33046913195986
70.5 23.786910623410126 22.330016301157492
71.0 23.7875457668516 22.329573936518198
71.5 23.788203872479347 22.329129250704494
72.0 23.788861354906192 22.328685120932946
72.5 23.789516431194677 22.328244472247572
73.0 23.790180377550826 22.327810216111068
73.5 23.79085017775821 22.327374108156928
74.0 23.791524915833193 22.32694201309335
74.5 23.792198819135862 22.326517178560394
75.0 23.79288698694362 22.326089225608587
75.5 23.793555397395 22.325656680368027
76.0 23.794249474175007 22.325237455849486
76.5 23.79495732914101 22.32481531645746
77.0 23.795640242578806 22.32439785340858
77.5 23.7963347163079 22.3239853175965
78.0 23.797040734652306 22.323582201722438
78.5 23.797763858769656 22.32316330115458
79.0 23.798479171072586 22.322764627851257
79.5 23.79917415687654 22.322353260835914
80.0 23.799898743240092 22.32195478834474
80.5 23.800636050532304 22.32155492189461
81.0 23.801354026400073 22.321156282173014
81.5 23.80210599293332 22.32075845018783
82.0 23.802818283301185 22.320362917115514
82.5 23.803572772206184 22.31997283623326
83.0 23.804319744219345 22.319588539002165
83.5 23.805060285572395 22.3192040920295
84.0 23.80581822806051 22.318815122632714
84.5 23.806570132282 22.318434624571715
85.0 23.80733278572531 22.31805483014235
85.5 23.808089971595358 22.317680618437596
86.0 23.8088755961847 22.317306106379732
86.5 23.809638987486682 22.31693204593269
87.0 23.8104063897495 22.31656340011324
87.5 23.811198139249857 22.316190006592112
88.0 23.81197501768237 22.315832571616106
88.5 23.81276082710947 22.31546805472053
89.0 23.81356065259869 22.315106514035378
89.5 23.814361959787085 22.31475169613001
90.0 23.815162754541316 22.314395287972225
90.5 23.815970982909693 22.314039570829202
91.0 23.816786756045087 22.31368490972947
91.5 23.81758925734578 22.313345093459755
92.0 23.81840672318097 22.312995986639805
92.5 23.819231497837077 22.312652165046405
93.0 23.82005514379392 22.312312403070745
93.5 23.820898050485862 22.311973791415156
94.0 23.82172259635153 22.311635801178493
94.5 23.82257083763578 22.311299256574678
95.0 23.8234155700129 22.310974141403882
95.5 23.824268310503435 22.31064574301701
96.0 23.82511556319426 22.310311900591895
96.5 23.825973162806775 22.309994446502905
97.0 23.826842605388542 22.309671520919025
97.5 23.827696763754037 22.309355810172864
98.0 23.82857293930085 22.30903531966493
98.5 23.829451559017983 22.30872113949877
99.0 23.830310099895144 22.308407133651706
99.5 23.831203318489308 22.30810204977564
100.0 23.832094207441358 22.307795636927498
100.5 23.83298787866792 22.307495459952445
101.0 23.833890712060878 22.307194223717396
101.5 23.83477319086676 22.306894806378608
102.0 23.835692588434153 22.306598151259614
102.5 23.836609528175995 22.306302451469264
103.0 23.83751638974692 22.30600907583131
103.5 23.8384337783708 22.30572350876035
104.0 23.839358397563824 22.305438969644598
104.5 23.840292142738136 22.305152694534833
105.0 23.841226982392083 22.304873823425595
105.5 23.842163322616898 22.304597342992185
106.0 23.843116082031614 22.304316788521227
106.5 23.844057784461782 22.304049682097936
107.0 23.84501794122925 22.303772251824917
107.5 23.845957374743545 22.303503752808197
108.0 23.84692701523729 22.303245833569836
108.5 23.847886476442234 22.302979793951522
109.0 23.84885451688509 22.302720227644954
109.5 23.84983857204441 22.302466052798025
110.0 23.850823012351494 22.30221095784643
110.5 23.851807779903602 22.30195624229403
111.0 23.852801228370954 22.301701542781608
111.5 23.853786954605365 22.301464548835185
112.0 23.854782182096983 22.301214010193796
112.5 23.855774249708773 22.30097272372252
113.0 23.85679358654544 22.300734257435163
113.5 23.857804095250373 22.30050165146845
114.0 23.858837116136648 22.30026169104392
114.5 23.8598523990811 22.30003699572503
115.0 23.860880792629974 22.299805333975836
115.5 23.861919954962815 22.29958006970531
116.0 23.862968917181707 22.2993580573338
116.5 23.864020929149326 22.29914105634425
117.0 23.8650853752776 22.29893184919025
117.5 23.866139165558078 22.298711410549124
118.0 23.867211651117977 22.298504519494596
118.5 23.86829411924132 22.298292270444897
119.0 23.86937869326207 22.298088681776484
119.5 23.87047006826868 22.297883968937455
120.0 23.8715538864638 22.297676629664302
120.5 23.872672053982317 22.297483229055835
121.0 23.873777743032527 22.29729236129089
121.5 23.874896383791828 22.297102694145558
122.0 23.876014083669034 22.29691647901849
122.5 23.87714589121614 22.29672223753948
123.0 23.878276498775016 22.296539819203275
123.5 23.879406378469618 22.29635659738621
124.0 23.88056676379927 22.296181210332172
124.5 23.881704195082186 22.2960022629565
125.0 23.882858328751524 22.295825484269102
125.5 23.884014114071825 22.2956616613823
126.0 23.88518974440508 22.295488370361177
126.5 23.886350260533007 22.295319164886664
127.0 23.887533390144053 22.295150015190863
127.5 23.88870996289988 22.294998917869254
128.0 23.889897318676397 22.294842298829497
128.5 23.89108579023639 22.294680961368112
129.0 23.89227513616384 22.294525803624552
129.5 23.89349032891176 22.29436533938406
130.0 23.894686467471633 22.29422607588014
130.5 23.895896525423737 22.29407325147559
131.0 23.897122961528666 22.293936343054636
131.5 23.89833330753717 22.29379220847404
132.0 23.89956199711149 22.293649491170775
132.5 23.90078779443494 22.293505952407266
133.0 23.90201140209487 22.29337379766356
133.5 23.9032524418123 22.29323983298412
134.0 23.904483958876877 22.29310818588919
134.5 23.905727997731617 22.292977401622306
135.0 23.906974503933043 22.292851252208923
135.5 23.908230571567234 22.292723964193158
136.0 23.909471200179453 22.29259987031035
136.5 23.910737223559376 22.292485144918043
137.0 23.9119996013698 22.292362258878256
137.5 23.91326999541164 22.292243082741813
138.0 23.914525122005664 22.292130139521547
138.5 23.91580876917221 22.29201392131431
139.0 23.91708028498592 22.291901864373393
139.5 23.918354819819708 22.291798985655223
140.0 23.919628505998112 22.29168647892608
140.5 23.920927568369894 22.291584027714855
141.0 23.922213471699337 22.291478024752355
141.5 23.923487546788046 22.291379739232646
142.0 23.924779601292677 22.29128725136104
142.5 23.92607066625024 22.29119030961103
143.0 23.927368055243228 22.29109505268142
143.5 23.92866655313898 22.29099826969901
144.0 23.92996696023954 22.290908852477394
144.5 23.931262814564022 22.290810344388852
145.0 23.93256143268873 22.290730860566192
145.5 23.933876264152683 22.290637970783447
146.0 23.93517994426883 22.29054805756981
146.5 23.93650042088037 22.290472157034138
147.0 23.937806334308828 22.290396727651853
147.5 23.939118417065757 22.29031017323934
148.0 23.94042052088336 22.290235583861296
148.5 23.941750864196145 22.290157493906896
149.0 23.943079520178546 22.29007829289268
149.5 23.94438996625951 22.29001560746255
150.0 23.94569795898015 22.28993464005375
150.5 23.94702824167628 22.289869850615123
151.0 23.94835481459253 22.289803368556825
151.5 23.949673740869848 22.289741117270538
152.0 23.95099462055 22.289675269443016
152.5 23.952320501717985 22.289612995543013
153.0 23.953675518692485 22.289556238076106
153.5 23.95499734973542 22.289503321139883
154.0 23.95636182485851 22.289448253198756
154.5 23.957708461900058 22.289393429844957
155.0 23.959068715835524 22.289336305888718
155.5 23.96043802048957 22.28929637256869
156.0 23.961798456886324 22.289248251444917
156.5 23.96317473182105 22.28920897061856
157.0 23.964571054029197 22.289169535109778
157.5 23.965929355559407 22.289127563168694
158.0 23.96731716111028 22.289097740816768
158.5 23.968700025086584 22.289058338362317
159.0 23.970101586449264 22.289028424669848
159.5 23.971511227130083 22.2889958944856
160.0 23.97290037138001 22.28896431389293
160.5 23.974302214803256 22.288945886719368
