FastTrWP/PhaseSpace/IAs/snIa_0.55_30.00_2.69_0.02.csv
# %ECSV 0.9
# ---
# datatype:
# - {name: time-rel, datatype: float64}
# - {name: g, datatype: float64}
# - {name: i, datatype: float64}
# schema: astropy-2.0
time-rel g i
[from data line 1437]
225.5 23.729031225937756 22.345643089080124
226.0 23.730252164255372 22.345773880547878
226.4999999999999 23.731480446266893 22.345912093664744
227.0 23.73272675858437 22.34604779800925
227.5 23.733959738694807 22.346179619502188
227.9999999999999 23.735217369796537 22.346323830492047
228.5 23.73645261382152 22.34646010044488
229.0 23.737687035947342 22.346592619012128
229.4999999999999 23.738942460633076 22.346734214896067
230.0 23.740194761979254 22.34687627889815
230.5 23.74143925498882 22.347008455671983
230.9999999999999 23.742699483465973 22.347154884289697
231.5 23.74396963118089 22.34729284820458
232.0 23.745230201225592 22.347431862850897
232.4999999999999 23.74648477015392 22.347571248373036
233.0 23.747757833602073 22.34771859549413
233.5 23.74903067031498 22.34786222540334
233.9999999999999 23.75029114797467 22.348003229184727
234.5 23.751551600647268 22.348149374460778
235.0 23.75283448335745 22.348290396390553
235.4999999999999 23.7541106555621 22.348432967124545
236.0 23.755399951882513 22.348574734366025
236.5 23.7566682564009 22.348722522126682
236.9999999999999 23.757939120671104 22.34886880238627
237.5 23.759236117889685 22.349013346661707
238.0 23.760518659907405 22.349154634605068
238.4999999999999 23.761797252482037 22.34930469182852
239.0 23.763092445403085 22.34945390703496
239.5 23.764390044078656 22.34959701426306
239.9999999999999 23.765677934347714 22.349748392765374
240.5 23.766984221366137 22.349906382435243
241.0 23.76829231951982 22.350044468148695
241.4999999999999 23.76959169478368 22.35019715619054
242.0 23.77088644074718 22.350343879745665
242.5 23.772200511604623 22.35049309967767
242.9999999999999 23.773508810757562 22.350648860211063
243.5 23.774808156532636 22.350788995240517
244.0 23.77611815689393 22.3509468411913
244.4999999999999 23.77743747728612 22.35109626797946
245.0 23.77875381331092 22.351249924001003
245.5 23.780082940027597 22.351404740852413
245.9999999999999 23.781401525118866 22.351565381515634
246.5 23.78272725744198 22.351710250135554
247.0 23.784039065927686 22.351862202977504
247.4999999999999 23.78536184481824 22.352020200129502
248.0 23.786692884522694 22.352171072914754
248.5 23.788033584030686 22.35232736762262
248.9999999999999 23.78936803237488 22.352483726368494
249.5 23.790697197978172 22.352643971825113
250.0 23.79203756527305 22.352797501018454
250.4999999999999 23.793372855131395 22.352953225983995
251.0 23.794716201516103 22.35310664539938
251.5 23.79606092034482 22.353264774426535
251.9999999999999 23.797401830810102 22.353425563882364
252.5 23.79874414417644 22.353585156686897
253.0 23.800095157561685 22.35374849100917
253.4999999999999 23.801450304191643 22.35390379561602
254.0 23.80280759477683 22.354066996188013
254.5 23.80415336697013 22.354224620902563
254.9999999999999 23.805509118744958 22.35438136321271
255.5 23.806874676201137 22.354547417541344
256.0 23.808228268466465 22.354700632489852
256.4999999999999 23.80959464047939 22.354866791883158
257.0 23.81095270372549 22.35502833453244
257.5 23.812318134393454 22.355193779111325
257.9999999999999 23.81368681748356 22.355352813073544
258.5 23.81504747826403 22.355522427741622
259.0 23.816441712161396 22.35568637806287
259.4999999999999 23.81780841665714 22.35585010608554
260.0 23.8191952769494 22.35601292773697
260.5 23.82056780176914 22.356168926859507
260.9999999999999 23.82195753800223 22.356340742174176
261.5 23.82334049305608 22.356500548675253
262.0 23.824733076332997 22.356665488596708
262.4999999999999 23.82613193819853 22.35683065626782
263.0 23.827544391498364 22.3569991862272
263.5 23.8289412484187 22.357168838842767
263.9999999999999 23.8303495457477 22.357325905200756
264.5 23.83176037357704 22.357496577217933
265.0 23.833171426706855 22.357657833372635
265.4999999999999 23.834602938921318 22.357825977599507
266.0 23.836010089504892 22.35799957945619
266.5 23.83743548192404 22.358167519198457
266.9999999999999 23.838861234219195 22.35833296943881
267.5 23.840284202421884 22.35849713565754
268.0 23.841708994753542 22.358664981826877
268.4999999999999 23.84313904819483 22.358837412912052
269.0 23.844583404648418 22.359003691534127
269.5 23.846032877883744 22.359175784267038
269.9999999999999 23.84746226749227 22.35934777965965
270.5 23.848908299994275 22.35951394360975
271.0 23.850359325739294 22.359687991895065
271.4999999999999 23.851796507800884 22.359854451675055
272.0 23.853257153142803 22.360035429019312
272.5 23.854699549900506 22.360201548967538
272.9999999999999 23.856158588082238 22.36038002136713
273.5 23.85760710060563 22.360551051644904
274.0 23.859061614395188 22.36072104687419
274.4999999999999 23.86053229644004 22.36089840518307
275.0 23.8619908859175 22.361067092350172
275.5 23.863451760779505 22.361244746766747
275.9999999999999 23.86493321994372 22.361420473680763
276.5 23.866405415961083 22.361596337529015
277.0 23.867872320464585 22.36177190492787
277.4999999999999 23.86933224560728 22.361956008527123
278.0 23.87080472619047 22.36213011052898
278.5 23.872288406761044 22.36231356824208
278.9999999999999 23.87376699736674 22.362486746243317
279.5 23.87523397147128 22.36266416065633
280.0 23.87672894164796 22.362846443416903
280.4999999999999 23.878191631242352 22.36303027809207
281.0 23.879676471321183 22.36320758415303
281.5 23.88115565561891 22.36339127615409
281.9999999999999 23.88265118494075 22.363579777737446
282.5 23.884135555911957 22.363760665452176
283.0 23.885611696782142 22.36394230305759
283.4999999999999 23.887101177144757 22.364122805470426
284.0 23.888595557934025 22.364314933863053
284.5 23.890083264611967 22.36449844942641
284.9999999999999 23.891558781914615 22.364689711084264
285.5 23.893060948702548 22.364875530258065
286.0 23.894550976446855 22.36506794166965
286.4999999999999 23.896041376518433 22.36524933336732
287.0 23.89753662322213 22.36544612866102
287.5 23.899017931593388 22.365637755153337
287.9999999999999 23.90050727021167 22.365830243074587
288.5 23.901992506718997 22.366013584453604
289.0 23.90350377406058 22.36621461742715
289.4999999999999 23.90498669246132 22.36641049794013
290.0 23.906484581547815 22.36660495764021
290.5 23.907962253893444 22.366799120838312
290.9999999999999 23.909465729077436 22.366999411273675
291.5 23.91095523502277 22.367196699179402
292.0 23.912449274527944 22.36739440036335
292.4999999999999 23.913943792169498 22.367592441765343
293.0 23.915441921575695 22.367790555865238
293.5 23.916929492403792 22.367990771473867
293.9999999999999 23.918409941384017 22.368196264111567
294.5 23.919918434337745 22.368397101434745
295.0 23.921402886464655 22.368599523905445
295.4999999999999 23.922886252085853 22.36880439481007
296.0 23.924374764729983 22.36900794823586
296.5 23.92586120828406 22.369220189733333
296.9999999999999 23.927348360865164 22.369424109991044
297.5 23.928841710333053 22.369631760531576
298.0 23.930350934929074 22.369843532128748
298.4999999999999 23.931839600577042 22.370047285886816
299.0 23.933327562097926 22.37026208758069
299.5 23.934815727979746 22.370468922202726
299.9999999999999 23.936322080488374 22.370677977060144
300.5 23.93783025095533 22.370895269710882
301.0 23.939326390656532 22.37109883264983
301.4999999999999 23.940830076482875 22.37132078809092
302.0 23.942332988936123 22.37152947889399
302.5 23.943828309736933 22.371750069325905
302.9999999999999 23.94533974874266 22.371958222818368
303.5 23.946852420991156 22.37217795637628
304.0 23.948348055889333 22.372398741533814
304.4999999999999 23.949864821395895 22.372617087671607
305.0 23.95136749748316 22.37282802303245
305.5 23.952876184158363 22.373045945187577
305.9999999999999 23.954375189956785 22.373269114105415
306.5 23.955898588873676 22.37349668540858
307.0 23.957414473251543 22.37371760402135
307.4999999999999 23.958920842880083 22.37393445718616
308.0 23.96044391491822 22.374157605348746
308.5 23.961948491773516 22.374376887850516
308.9999999999999 23.963473757514556 22.37460703804713
309.5 23.96498829814357 22.37483088574063
310.0 23.966513076466764 22.375053065078355
310.4999999999999 23.968015666326885 22.375279108915237
311.0 23.969542645509122 22.37551235058783
311.5 23.971064822144466 22.375737666751725
311.9999999999999 23.972586654663846 22.3759619218511
312.5 23.974096674939332 22.376198135631796
313.0 23.97563588030493 22.376428172246495
313.4999999999999 23.97716205006949 22.376657315447353
314.0 23.978682133727123 22.37688306966944
314.5 23.980205825038414 22.37711709894709
314.9999999999999 23.98173096043861 22.377351689567394
315.5 23.983249973053667 22.377579397869066
316.0 23.98479351436853 22.37781610049722
316.4999999999999 23.98631601491455 22.378049448801104
317.0 23.987839530183376 22.378282917300684
317.5 23.9893737534606 22.378521160140505
317.9999999999999 23.99090245660515 22.378756681590176
318.5 23.99243975631377 22.379003101149117
319.0 23.993967565517206 22.3792394088444
319.4999999999999 23.995475728575787 22.379475081460413
320.0 23.997030420097506 22.379716324879766
320.5 23.998547957186137 22.37995876149258
320.9999999999999 24.00008980644719 22.38019561641156
321.5 24.00161993790611 22.38043935858461
322.0 24.003156012642258 22.38068117290958
322.4999999999999 24.004692555402507 22.380927130467462
323.0 24.00623941318729 22.38117018417785
323.5 24.00777019249334 22.38141758344313
323.9999999999999 24.00930476100424 22.38165615019087
324.5 24.010832989917095 22.38190458070212
325.0 24.0123704881944 22.38215236608918
325.4999999999999 24.01390607224158 22.382403027814863
326.0 24.015455818929617 22.382652799503266
326.5 24.016990844435888 22.382904930750655
326.9999999999999 24.018531929810347 22.3831441207272
327.5 24.020064546144255 22.383399983862017
328.0 24.021599093416867 22.38365542187067
328.4999999999999 24.02313884653357 22.383909113013377
329.0 24.024685137210962 22.38416034385086
329.5 24.02622423988964 22.384418272104618
329.9999999999999 24.02776249900967 22.384667148448955
330.5 24.029307188968666 22.384918900892345
331.0 24.030845184764893 22.38518032424495
331.4999999999999 24.032383936524976 22.38543419429319
332.0 24.03392752809991 22.385693283838
332.5 24.03547015080239 22.38595030197075
332.9999999999999 24.03701620257404 22.386213441068897
333.5 24.038563026246408 22.38646802155024
334.0 24.040091991653483 22.386730610192316
334.4999999999999 24.04164161531935 22.386997840076862
335.0 24.043161918045325 22.38725823294655
335.5 24.044716548638448 22.387519636276426
335.9999999999999 24.046251639876107 22.387780955906337
336.5 24.047806492306737 22.388048419636082
337.0 24.04935075701303 22.38831463018165
337.4999999999999 24.05089285412885 22.388577619923513
338.0 24.052429889131673 22.38884867502332
338.5 24.05398248206953 22.389111921478847
338.9999999999999 24.055534755919194 22.389387740644892
339.5 24.057073839611398 22.389650017382166
340.0 24.05862066935886 22.389925164044765
340.4999999999999 24.06016650814464 22.39019428033243
341.0 24.06170138898727 22.390464895112757
341.5 24.063268628538378 22.39073697893747
341.9999999999999 24.064808780678643 22.391011798848815
342.5 24.066364608184085 22.391292414826296
343.0 24.067912372376682 22.391563358015063
343.4999999999999 24.06945244405311 22.391837364090613
344.0 24.070995927503688 22.392116651750737
344.5 24.072563686161853 22.392392256693267
344.9999999999999 24.074110106296462 22.392674798420824
345.5 24.075647926374508 22.392945038591176
346.0 24.077199019372443 22.39323105893288
346.4999999999999 24.078768177017395 22.393505560183677
347.0 24.08031215044907 22.393789496012253
347.5 24.08186206140534 22.394073328282285
347.9999999999999 24.083425506783385 22.39435701520447
348.5 24.0849842735657 22.394635914989045
349.0 24.08653150180467 22.394922303000516
349.4999999999999 24.08809871261849 22.395205450999338
350.0 24.089628644780955 22.395491264642008
350.5 24.09120336186877 22.395781762229948
350.9999999999999 24.0927554072315 22.396064335829013
351.5 24.09431081786583 22.396351497743243
352.0 24.095871378328923 22.396642445817317
352.4999999999999 24.097413925136543 22.396937990821264
353.0 24.0989884090795 22.397223743889917
353.5 24.100553491070965 22.397514103255446
353.9999999999999 24.10211167804812 22.397798799776588
354.5 24.10367507553535 22.39809492054294
355.0 24.10522552884016 22.39838835879644
355.4999999999999 24.106783838126205 22.39867535472459
356.0 24.108357403361506 22.39897118332636
356.5 24.109919461009284 22.39927258472717
356.9999999999999 24.111486018887774 22.399562374338796
357.5 24.113043039688765 22.399859627706725
358.0 24.114602511652382 22.4001586170506
358.4999999999999 24.116189099417667 22.400455475893185
359.0 24.11774925034511 22.400757911633853
359.5 24.119308959533164 22.401049952578
359.9999999999999 24.120887588255894 22.401352372625986
360.5 24.122447264571893 22.401652864498203
361.0 24.124028880371114 22.40195007833831
361.4999999999999 24.125585231165097 22.402256001467297
362.0 24.127153883392086 22.402561600888525
362.5 24.12872752353887 22.402861693831703
362.9999999999999 24.130294999421462 22.403168015863066
363.5 24.13186324781437 22.403470886346643
364.0 24.13345215645462 22.403774358348482
364.4999999999999 24.135014655480514 22.40408485621856
365.0 24.136603446150794 22.40438943263204
365.5 24.13817531853125 22.40469056495816
365.9999999999999 24.1397667858539 22.405003570849004
366.5 24.14131467456624 22.405314775706337
367.0 24.142899772092022 22.40561701717411
367.4999999999999 24.144497601643657 22.405933071450825
368.0 24.14605445207509 22.406243327101176
368.5 24.14763445759546 22.406556200681
368.9999999999999 24.14922225822574 22.406861884208396
369.5 24.150809664995137 22.407178149974246
370.0 24.152384695759096 22.40748989490236
370.4999999999999 24.15396943052793 22.407805622922723
371.0 24.155561765925576 22.408115432832
371.5 24.15713422023567 22.408439032378116
371.9999999999999 24.158724631590704 22.408752406177477
372.5 24.160310203763938 22.409071268838133
373.0 24.161892544640885 22.409388009513034
373.4999999999999 24.163474567734163 22.40970297832344
374.0 24.165062908829892 22.410027379091034
374.5 24.166661419939345 22.41034145018486
374.9999999999999 24.16823715466807 22.410663943993043
375.5 24.169838415747066 22.4109931237815
376.0 24.1714245915538 22.411310392476047
376.4999999999999 24.172997322004946 22.411630981120858
377.0 24.174594383469604 22.4119612402186
377.5 24.176188807794574 22.412276420869738
377.9999999999999 24.17777578807 22.412605068145336
378.5 24.179372541516173 22.412932908760027
379.0 24.180964082411613 22.413251966763564
379.4999999999999 24.18254946209117 22.413585411428308
380.0 24.184161658736926 22.413915219691695
380.5 24.185744984026798 22.414244233439383
380.9999999999999 24.187342566439334 22.41456767625244
381.5 24.18892919805876 22.41490222680215
382.0 24.19054006750614 22.41522212722668
382.4999999999999 24.192112244233957 22.415560184731376
383.0 24.19372441496268 22.4159036360949
383.5 24.195324893960745 22.416232166960025
383.9999999999999 24.1969239609319 22.416558042333598
384.5 24.19851132860288 22.416897129865525
385.0 24.200109416058556 22.417240551836727
385.4999999999999 24.20172382029287 22.417561434332356
386.0 24.203311102046186 22.417906218039455
386.5 24.20491489315852 22.418241985166528
386.9999999999999 24.206508482714323 22.41857073810456
387.5 24.208106891774342 22.418920843809516
388.0 24.20971703618254 22.41925944341787
388.4999999999999 24.21133137588134 22.419603859488543
389.0 24.212936301689147 22.419945488393346
389.5 24.21452413428574 22.42029076625296
389.9999999999999 24.21613268064299 22.420638521135196
390.5 24.217748186685576 22.42097015040182
391.0 24.21934179251545 22.42132108987024
391.4999999999999 24.220966435221712 22.42166220200479
392.0 24.222587881148 22.422002750509705
392.5 24.224177464031943 22.422352115024324
392.9999999999999 24.225801868469112 22.422701121217838
393.5 24.22740259585835 22.423047552958643
394.0 24.229015539167868 22.423403142017616
394.4999999999999 24.230628353091774 22.42374334966399
