FastTrWP/PhaseSpace/IAs/snIa_0.6_20_1_-0.1.csv
# %ECSV 0.9
# ---
# datatype:
# - {name: time-rel, datatype: float64}
# - {name: g, datatype: float64}
# - {name: i, datatype: float64}
# schema: astropy-2.0
time-rel g i
[from data line 986]
479.12499999999994 -26.474380266939495 -27.68253486494279
479.625 -26.472912243009425 -27.682492344849678
480.125 -26.471443610218305 -27.682441149096604
480.62499999999994 -26.4699749495251 -27.682392783983097
481.125 -26.468493247749052 -27.68233811046518
481.625 -26.46701763093677 -27.682291781007567
482.12499999999994 -26.465528307412516 -27.68223987497393
482.625 -26.464054893920405 -27.682183353672887
483.125 -26.462565476973815 -27.682130680604836
483.62499999999994 -26.461073533159677 -27.682077455449814
484.125 -26.459582963041896 -27.68201313626384
484.625 -26.45808684192317 -27.681958044825787
485.12499999999994 -26.456600720155254 -27.68189563342763
485.625 -26.45509987919287 -27.681837821429607
486.125 -26.453591130039143 -27.681772568266453
486.62499999999994 -26.45207826353945 -27.681705510472895
487.125 -26.450580617308113 -27.6816431051656
487.625 -26.44907092738153 -27.68157944848749
488.12499999999994 -26.44757249960023 -27.68150484975271
488.625 -26.446059715243322 -27.681443870763303
489.125 -26.444552781592172 -27.681372106771196
489.62499999999994 -26.443037318482293 -27.68130092681822
490.125 -26.441524188289357 -27.681230875861576
490.625 -26.44001484319045 -27.681148432712924
491.12499999999994 -26.438509335126316 -27.681081116621154
491.625 -26.436999856760806 -27.680997835560014
492.125 -26.435486286309406 -27.68092333761843
492.62499999999994 -26.433959044541268 -27.680845002326464
493.125 -26.432449285677727 -27.68076392055829
493.625 -26.430933603765578 -27.68067811157291
494.12499999999994 -26.42942320880733 -27.680606379575984
494.625 -26.427897745061127 -27.680518799845775
495.125 -26.426384487617373 -27.680434744870297
495.62499999999994 -26.424868366595856 -27.680349073323942
496.125 -26.423352472980802 -27.680260043130293
496.625 -26.42184323711561 -27.68017425804702
497.12499999999994 -26.420322707522036 -27.680091017012952
497.625 -26.41881307362336 -27.67999726128776
498.125 -26.417294417257686 -27.679896449046055
498.625 -26.415783675756153 -27.679815932638338
499.125 -26.41428303368101 -27.679719996023152
499.625 -26.412756344009196 -27.67963092968319
500.125 -26.411254632380047 -27.67952611310212
500.625 -26.409754523972847 -27.67944060515724
501.125 -26.408245727798683 -27.679339957473168
501.625 -26.406749997293495 -27.679243822795442
502.125 -26.405240600625454 -27.67914305065178
502.625 -26.403751281780433 -27.679045152600324
503.125 -26.402259706259773 -27.678938681682943
503.625 -26.400744630523402 -27.678839842172593
504.125 -26.39925954950117 -27.678735144393713
504.625 -26.39778391074288 -27.678639690293338
505.125 -26.396289831566285 -27.678528330317903
505.625 -26.39479755627797 -27.67842442348037
506.125 -26.393315338343214 -27.67831365585236
506.625 -26.391812229641396 -27.678205939743545
507.125 -26.39032169223718 -27.678097495932242
507.625 -26.38883359215206 -27.677987556761316
508.125 -26.387341586769626 -27.67787203353951
508.625 -26.38585662489742 -27.677763449365045
509.125 -26.384355762333843 -27.67764017667075
509.625 -26.38287249541829 -27.677526602694908
510.125 -26.38137678272123 -27.677406888964203
510.625 -26.37989151971995 -27.677292191335773
511.125 -26.37837996453523 -27.677169637400464
511.625 -26.37689096375711 -27.677052656885785
512.125 -26.37540512063883 -27.676929745169847
512.625 -26.373898264439013 -27.67680616236449
513.125 -26.37240305863207 -27.676679333025547
513.625 -26.37091061582754 -27.6765506786314
514.125 -26.369408054252975 -27.676433960919205
514.625 -26.367904505633568 -27.676303725812055
515.125 -26.366413963171983 -27.676170991146925
515.625 -26.36491818683637 -27.67603283810015
516.125 -26.36340797095152 -27.67590827907521
516.625 -26.361901180493263 -27.675773645108173
517.125 -26.36041682523121 -27.67563948678806
517.625 -26.358918312811753 -27.675503185669488
518.125 -26.35740772410732 -27.675370897834036
518.625 -26.355915609979018 -27.675229527921168
519.125 -26.354399995196978 -27.675092678829436
519.625 -26.352908114796495 -27.674948965567026
520.125 -26.35140724147483 -27.67480371974759
520.625 -26.349907068225775 -27.674664858738602
521.125 -26.348395119834926 -27.674519069808603
521.625 -26.346900330380635 -27.67437719576951
522.125 -26.345389734454745 -27.67423268972593
522.625 -26.343894474519836 -27.67408342596818
523.125 -26.34237552835737 -27.673932831127335
523.625 -26.340892939045318 -27.67378657065279
524.125 -26.339376604512662 -27.673633817760546
524.625 -26.337878064659762 -27.673483442997725
525.125 -26.336369487419184 -27.673331416649848
525.625 -26.334863040742974 -27.673174979765275
526.125 -26.333351874388807 -27.673021626108344
526.625 -26.331849797815376 -27.672861849501246
527.125 -26.330340722150396 -27.672707595766454
527.625 -26.32883742928495 -27.672544261902942
528.125 -26.327322516006223 -27.67238626144104
528.625 -26.32582147469741 -27.67222682572266
529.125 -26.324316018816212 -27.672065808265288
529.625 -26.32280222042784 -27.67190961062784
530.125 -26.321306060759966 -27.671732993616697
530.625 -26.31979337819212 -27.671573407581526
531.125 -26.318283667963982 -27.671409990186167
531.625 -26.316776138642844 -27.671239575807625
532.125 -26.315270056224527 -27.671067931082153
532.625 -26.313753034881053 -27.67090203859745
533.125 -26.312244541586438 -27.670729470179623
533.625 -26.31074550940347 -27.67055741988383
534.125 -26.30922598037887 -27.67038220706349
534.625 -26.30771417790152 -27.670209043113736
535.125 -26.306203540914343 -27.67003512126283
535.625 -26.304694766247827 -27.669857992545026
536.125 -26.303185479940954 -27.669682777770998
536.625 -26.301673138762034 -27.669499752521723
537.125 -26.300174239560462 -27.66932466731681
537.625 -26.29865638916009 -27.66914446530287
538.125 -26.29714640272931 -27.66895511827125
538.625 -26.295638363451154 -27.668773414217615
539.125 -26.29412865613635 -27.66859483385032
539.625 -26.29262277648955 -27.66840436562765
540.125 -26.2911009034691 -27.668224642507816
540.625 -26.28959742243998 -27.668035096019107
541.125 -26.288074954847023 -27.66784678603081
541.625 -26.28657965500817 -27.66765906350646
542.125 -26.285058270467772 -27.667471091955505
542.625 -26.283538664619567 -27.667277598364755
543.125 -26.282038354603333 -27.667079443405736
543.625 -26.280533184205105 -27.666889843059973
544.125 -26.279018296137927 -27.6666937399855
544.625 -26.27750766672542 -27.666499296198303
545.125 -26.27599424770592 -27.666306350106655
545.625 -26.274481983920076 -27.6660992092078
546.125 -26.272977960317597 -27.66589905588524
546.625 -26.27145991956002 -27.665705902650927
547.125 -26.269951935259247 -27.66549955990112
547.625 -26.268441736798962 -27.665300562447747
548.125 -26.266933406488757 -27.665097787219153
548.625 -26.265423992437643 -27.664883871298798
549.125 -26.2639109641825 -27.66468435327281
549.625 -26.262389957649358 -27.66447269655101
550.125 -26.260874548375362 -27.664263358139426
550.625 -26.25935950969673 -27.664053751312913
551.125 -26.25785668795433 -27.663844101595764
551.625 -26.256334021906582 -27.663625587516325
552.125 -26.254825925573165 -27.663420056366675
552.625 -26.253317188369067 -27.663204944930445
553.125 -26.251804168644135 -27.662985121266644
553.625 -26.25029798662815 -27.662765492737798
554.125 -26.248780504118816 -27.662542212223627
554.625 -26.247265809809658 -27.662327303302916
555.125 -26.245744581033193 -27.66210298857127
555.625 -26.24422519196344 -27.66188211746748
556.125 -26.24273034451189 -27.661665644244046
556.625 -26.24121812669967 -27.661434818190273
557.125 -26.239688039763422 -27.66121103405247
557.625 -26.2381836036811 -27.660980748118643
558.125 -26.236671859314527 -27.660752328740124
558.625 -26.235159951620375 -27.660526446697098
559.125 -26.233640745441235 -27.660298987201536
559.625 -26.232127240872476 -27.660064191959496
560.125 -26.230615544185095 -27.65983277989505
560.625 -26.229104867204075 -27.659602065723657
561.125 -26.227585547311545 -27.659367981375343
561.625 -26.226076192450552 -27.65912517275688
562.125 -26.224553586020008 -27.65889361739657
562.625 -26.223055856323505 -27.658647631742124
563.125 -26.221528446157784 -27.658415440214505
563.625 -26.22003168261502 -27.65818132232701
564.125 -26.2185089909711 -27.65793006790944
564.625 -26.21699241308301 -27.657690849610383
565.125 -26.21547682912372 -27.65744469820662
565.625 -26.21395804421201 -27.657201828330372
566.125 -26.212436372448444 -27.65696146741661
566.625 -26.21093019373058 -27.656714006132837
567.125 -26.209412183573832 -27.656470781234507
567.625 -26.207895447442837 -27.656221673683973
568.125 -26.20637492943294 -27.65596729564933
568.625 -26.204870510251762 -27.65571557638555
569.125 -26.203355088617922 -27.65546215696473
569.625 -26.201828422167104 -27.655215914264318
570.125 -26.200317521076897 -27.65496022383538
570.625 -26.19880361848142 -27.65470075565463
571.125 -26.19729677719664 -27.65444901893187
571.625 -26.19578826406179 -27.654188336193993
572.125 -26.19426935717717 -27.653931944913698
572.625 -26.192751687552352 -27.653677993675117
573.125 -26.19122648171586 -27.653417402694945
573.625 -26.18971141242772 -27.653154591104453
574.125 -26.188197234603354 -27.652887489943573
574.625 -26.18668446605854 -27.652630598030147
575.125 -26.185171941766292 -27.652364937859183
575.625 -26.1836586175799 -27.65210271944186
576.125 -26.18214241461814 -27.651832683061993
576.625 -26.180621898451978 -27.651570840202055
577.125 -26.179104700840305 -27.6512989015019
577.625 -26.177592885282618 -27.651031430858172
578.125 -26.176056506509976 -27.650761066526115
578.625 -26.174554985852318 -27.65048756306499
579.125 -26.173047970500715 -27.650219400879244
579.625 -26.171522265219195 -27.649945457688737
580.125 -26.170007480197857 -27.649672974016354
580.625 -26.168490690420075 -27.64939494313925
581.125 -26.16695966514241 -27.649121021755896
581.625 -26.165443092755076 -27.648844647109854
582.125 -26.16393557017727 -27.648575090481522
582.625 -26.162408871414904 -27.64828980940743
583.125 -26.160889222735356 -27.648011086182407
583.625 -26.159386320427075 -27.647729052695166
584.125 -26.157877058085617 -27.647445509918324
584.625 -26.15635858190009 -27.647161236823408
585.125 -26.15486151663591 -27.646884817166352
585.625 -26.153341673489066 -27.64659565621904
586.125 -26.151829045869338 -27.64630488612727
586.625 -26.150324998451705 -27.64601232488046
587.125 -26.148821710329475 -27.645728566220626
587.625 -26.147311679560996 -27.64544189709609
588.125 -26.145798075591337 -27.645144116220575
588.625 -26.14429355450019 -27.644845887756652
589.125 -26.142792725418914 -27.6445565667748
589.625 -26.141289596888853 -27.644260313175536
590.125 -26.139769468155283 -27.64396939986078
590.625 -26.138270194099064 -27.64367166201611
591.125 -26.13676963171585 -27.643370824795262
591.625 -26.135264140756682 -27.64307726512331
592.125 -26.13376480955246 -27.64277271246607
592.625 -26.132266826293247 -27.642467465771073
593.125 -26.13076125455661 -27.642167689564058
593.625 -26.12926736228035 -27.641861493130463
594.125 -26.127757464970895 -27.64155542185361
594.625 -26.126255303987158 -27.641247644665867
595.125 -26.124747588808688 -27.640941379048705
595.625 -26.12325328906342 -27.64062946623719
596.125 -26.12175278971253 -27.64032428081631
596.625 -26.120239728017822 -27.64000864074681
597.125 -26.11873870708775 -27.63970163791531
597.625 -26.11723768922072 -27.639384599724686
598.125 -26.115737957514114 -27.63906854797279
598.625 -26.114228866273482 -27.63875764248472
599.125 -26.112724278961153 -27.638442870574806
599.625 -26.111223615456897 -27.638127571901254
600.125 -26.109722632066582 -27.63781167043986
600.625 -26.10821858559891 -27.637499060959854
601.125 -26.106713904299976 -27.63716491657782
601.625 -26.1052072159702 -27.636846720176578
602.125 -26.103709425519153 -27.63652939818528
602.625 -26.10220518215286 -27.63620847468751
603.125 -26.100683336964497 -27.63588169387857
603.625 -26.099181504988213 -27.6355556705522
604.125 -26.09767166343479 -27.63523305643541
604.625 -26.096168577348998 -27.634900236030905
605.125 -26.09464418019918 -27.634581362611573
605.625 -26.093143371166946 -27.634251949929258
606.125 -26.091639907660657 -27.63391927415846
606.625 -26.090108267578298 -27.63358817077095
607.125 -26.08861133410672 -27.63325379507065
607.625 -26.087086230958295 -27.63291757914147
608.125 -26.085572632193422 -27.632599334810987
608.625 -26.084069752697236 -27.63225639063641
609.125 -26.08254918278924 -27.631920663752
609.625 -26.08102615682342 -27.631587569328143
610.125 -26.07950820132811 -27.631257978003934
610.625 -26.077985572706424 -27.630912095577926
611.125 -26.07646799029861 -27.630583353826648
611.625 -26.07495414912599 -27.630236381980385
612.125 -26.073411160018583 -27.62989730570043
612.625 -26.07189276500833 -27.62956011857223
613.125 -26.070351741522394 -27.629210034904062
613.625 -26.06881791319022 -27.628878299355893
614.125 -26.067306811849367 -27.628531327311702
614.625 -26.065774779955532 -27.628184864755696
615.125 -26.0642348639176 -27.627838358523547
615.625 -26.062704354940745 -27.627487938543954
616.125 -26.061149808955708 -27.627145891643746
616.625 -26.0596186615704 -27.62679422310928
617.125 -26.058080298318217 -27.626458053366672
617.625 -26.05653273103835 -27.62610577560922
618.125 -26.054990632644774 -27.62575363561676
618.625 -26.053443160259697 -27.625399427304163
619.125 -26.051899576466496 -27.62505193211061
619.625 -26.050343345302586 -27.624701447855298
620.125 -26.048772894006035 -27.624347713921935
620.625 -26.04722852649841 -27.62399097138377
621.125 -26.04568512614039 -27.623636759153207
621.625 -26.04411934874711 -27.6232785480647
622.125 -26.042576775320818 -27.622919308097554
622.625 -26.041011320081783 -27.62256506720716
623.125 -26.039444521671598 -27.622199547179633
623.625 -26.03789766237461 -27.62184330890633
624.125 -26.036333553230897 -27.621488016045134
624.625 -26.03477228379343 -27.621120983875898
625.125 -26.033212488930868 -27.620755895592602
625.625 -26.03164710559058 -27.620392135581916
626.125 -26.03008931273075 -27.620031681191467
626.625 -26.02852889892947 -27.619665664345163
627.125 -26.026958720595488 -27.61929464326405
627.625 -26.02539195423592 -27.6189237238283
628.125 -26.023830689259228 -27.61855800655291
628.625 -26.022254581502903 -27.618180363679738
629.125 -26.02069319537337 -27.617810983624697
629.625 -26.019123781300557 -27.617446168058173
630.125 -26.017553939329787 -27.61706790295467
630.625 -26.015977744899025 -27.616695582949376
631.125 -26.014413214780888 -27.61631571737585
631.625 -26.012843205238983 -27.615944447080896
632.125 -26.01126963039824 -27.61556801891677
632.625 -26.009684628128248 -27.615188615006435
633.125 -26.008102245455348 -27.61480920126963
633.625 -26.006531394402966 -27.614427085418804
634.125 -26.004956484421843 -27.614054243492987
634.625 -26.003383041849354 -27.613670179542215
635.125 -26.001795107793807 -27.613284862973533
635.625 -26.00021446853507 -27.612898681666653
636.125 -25.998637631266043 -27.61251522731935
636.625 -25.997042737693576 -27.612128088581706
637.125 -25.995465545800563 -27.61174001203246
637.625 -25.993876262663438 -27.61135216463591
638.125 -25.99229278010593 -27.610968564278274
638.625 -25.990705457895857 -27.610575268472218
639.125 -25.98910425224345 -27.610187381277314
639.625 -25.9875100418566 -27.60979450326326
640.125 -25.985934747568447 -27.6094015298612
640.625 -25.984319792255807 -27.609007580342187
641.125 -25.98274458850293 -27.608612374758366
641.625 -25.981127578761544 -27.608217143201408
642.125 -25.979531473793287 -27.60782701270614
642.625 -25.977944023697876 -27.60742710338849
643.125 -25.976336914847714 -27.607032132323862
643.625 -25.974743739080015 -27.606630691671896
644.125 -25.973134394095645 -27.606230818312426
644.625 -25.971533664692444 -27.60582998678728
645.125 -25.969913688433675 -27.605434226073477
645.625 -25.968325805408035 -27.605030566066866
646.125 -25.966691560070174 -27.604631307606663
