FastTrWP/PhaseSpace/IAs/snIa_0.39_30.00_-0.76_-0.15.csv
# %ECSV 0.9
# ---
# datatype:
# - {name: time-rel, datatype: float64}
# - {name: g, datatype: float64}
# - {name: i, datatype: float64}
# schema: astropy-2.0
time-rel g i
[from data line 2018]
1217.4166666666667 24.806926066165733 23.303652591878276
1217.9166666666667 24.809028418717574 23.30445654023668
1218.4166666666667 24.811141644523826 23.30524034260064
1218.9166666666667 24.813253971134518 23.306045205622222
1219.4166666666667 24.815335067542087 23.30684105655154
1219.9166666666667 24.81742379308227 23.307632421835205
1220.4166666666667 24.81951496362648 23.308429553123563
1220.9166666666667 24.821577848456027 23.309236210155767
1221.4166666666667 24.823653075638497 23.31001982324532
1221.9166666666667 24.825725259210266 23.31080471336504
1222.4166666666667 24.82781322674542 23.311593016916635
1222.9166666666667 24.82985575270896 23.312387471857598
1223.4166666666667 24.831918517243288 23.31318031162009
1223.9166666666667 24.833946030767166 23.313954708746067
1224.4166666666667 24.836003600552434 23.314738825538047
1224.9166666666667 24.8380412715137 23.31552654314499
1225.4166666666667 24.840080278263592 23.316290331422703
1225.9166666666667 24.84210546174172 23.31707741899431
1226.4166666666667 24.844117792064175 23.317867695893533
1226.9166666666667 24.846144937743524 23.318630742770416
1227.4166666666667 24.848140288071676 23.319408984140534
1227.9166666666667 24.85015064898523 23.32016599568537
1228.4166666666667 24.852148299678056 23.320941615808735
1228.9166666666667 24.85411370967404 23.3217091052797
1229.4166666666667 24.85610352795124 23.322476601415744
1229.9166666666667 24.858079627499418 23.323230445111648
1230.4166666666667 24.860016714470504 23.323988209250412
1230.9166666666667 24.861974692217522 23.324755644823128
1231.4166666666667 24.86389869189423 23.325512853646394
1231.9166666666667 24.865826889374016 23.32626557012114
1232.4166666666667 24.8677510367699 23.326999655172365
1232.9166666666667 24.86965311292199 23.327766191035778
1233.4166666666667 24.87158054780206 23.328513448163264
1233.9166666666667 24.87349117033378 23.329251186485273
1234.4166666666667 24.87536953681525 23.32999027053067
1234.9166666666667 24.877218782463718 23.33073613874697
1235.4166666666667 24.879125025169593 23.33148017101427
1235.9166666666667 24.880977079744856 23.33220320348666
1236.4166666666667 24.882832167522405 23.332944774680115
1236.9166666666667 24.884693800890748 23.33367871344379
1237.4166666666667 24.886538533646757 23.33441634686253
1237.9166666666667 24.888360446639922 23.33514862925162
1238.4166666666667 24.890206186651945 23.33586702974631
1238.9166666666667 24.892037463982398 23.33659457895578
1239.4166666666667 24.893875299977157 23.33732285927971
1239.9166666666667 24.89567981142297 23.33804991218516
1240.4166666666667 24.89749983534702 23.3387781797287
1240.9166666666667 24.899281763803533 23.339492311230842
1241.4166666666667 24.90108440468304 23.340211013620294
1241.9166666666667 24.90287859911888 23.340935163763262
1242.4166666666667 24.90469983209568 23.34165387326268
1242.9166666666667 24.906445855002566 23.34237618029014
1243.4166666666667 24.90824039554108 23.343094024198003
1243.9166666666667 24.910018567142814 23.343811953385867
1244.4166666666667 24.911782507498966 23.344521677517992
1244.9166666666667 24.913562983980274 23.345233556273598
1245.4166666666667 24.91533187820962 23.34594995590953
1245.9166666666667 24.91708772416478 23.34667402813263
1246.4166666666667 24.91883601266815 23.347376857671076
1246.9166666666667 24.920586131845536 23.34808609624818
1247.4166666666667 24.922362732829217 23.34879577686813
1247.9166666666667 24.92410437147653 23.34949904291114
1248.4166666666667 24.925850405864356 23.35020526202701
1248.9166666666667 24.92759775367105 23.350915968824655
1249.4166666666667 24.929311359505355 23.35162303701057
1249.9166666666667 24.931096890256445 23.35234701873202
1250.4166666666667 24.932834755743762 23.353046758878126
1250.9166666666667 24.93455484066624 23.353757911069685
1251.4166666666667 24.93629076563083 23.35446417108304
1251.9166666666667 24.938031065640747 23.355175267237442
1252.4166666666667 24.93977294827236 23.355879956321175
1252.9166666666667 24.941502888268793 23.356593563464727
1253.4166666666667 24.9432348786209 23.35730146877047
1253.9166666666667 24.94496461803047 23.35800858569516
1254.4166666666667 24.946733149992294 23.358705378026904
1254.9166666666667 24.948459394154213 23.359421807037407
1255.4166666666667 24.95019958610634 23.360132628252185
1255.9166666666667 24.951934839045546 23.360846543966947
1256.4166666666667 24.953656237308852 23.361559394148657
1256.9166666666667 24.955414344939683 23.362267100290865
1257.4166666666667 24.957147024407593 23.3629737506498
1257.9166666666667 24.958913248264842 23.36369029174508
1258.4166666666667 24.960634701493895 23.36440234474138
1258.9166666666667 24.962410104082306 23.365117339800374
1259.4166666666667 24.964151661683573 23.365824106472726
1259.9166666666667 24.96588999083135 23.36654203070969
1260.4166666666667 24.967630149255275 23.367255047571064
1260.9166666666667 24.969411335255096 23.36797444105916
1261.4166666666667 24.97116729386208 23.36868667088234
1261.9166666666667 24.97291173501175 23.3694004671357
1262.4166666666667 24.974658553108213 23.370116826526
1262.9166666666667 24.976420172076992 23.370823845735806
1263.4166666666667 24.978125226303206 23.371542289156476
1263.9166666666667 24.97986957121104 23.372252159801185
1264.4166666666667 24.98158429748152 23.37296323686045
1264.9166666666667 24.983309431161377 23.373676162048014
1265.4166666666667 24.98502111761949 23.374380111736258
1265.9166666666667 24.98673847196571 23.375082715617552
1266.4166666666667 24.988448597989294 23.375793713925297
1266.9166666666667 24.990166825857955 23.376508166379367
1267.4166666666667 24.991870895678368 23.377204291744548
1267.9166666666667 24.993584426924876 23.37790605943832
1268.4166666666667 24.99525726383176 23.378610337519106
1268.9166666666667 24.996953716183814 23.37930918963197
1269.4166666666667 24.99863562348854 23.38001408801626
1269.9166666666667 25.000310146847262 23.38072062351534
1270.4166666666667 25.002005140966375 23.38142188898203
1270.9166666666667 25.00367666736452 23.382113995039244
1271.4166666666667 25.00536097748792 23.382822399660675
1271.9166666666667 25.00703932102416 23.383524567215552
1272.4166666666667 25.00870159141659 23.384226762714487
1272.9166666666667 25.010377816074353 23.38492352264553
1273.4166666666667 25.012062628960116 23.38562024016894
1273.9166666666667 25.013727433187075 23.38632773928375
1274.4166666666667 25.015395429100323 23.38702670330602
1274.9166666666667 25.01706373041514 23.387722875879223
1275.4166666666667 25.018725261421437 23.388418281872543
1275.9166666666667 25.020413558627446 23.389123585257057
1276.4166666666667 25.02203602084785 23.389828682632007
1276.9166666666667 25.023706933120188 23.39052290710753
1277.4166666666667 25.025373503318825 23.3912261401621
1277.9166666666667 25.027037817755932 23.391909236468535
1278.4166666666667 25.02867080216668 23.39261730912898
1278.9166666666667 25.030340536909435 23.39332142297326
1279.4166666666667 25.032010093409912 23.39401317840061
1279.9166666666667 25.033661162590434 23.394722342177477
1280.4166666666667 25.035292569439914 23.395426673287805
1280.9166666666667 25.036987027553543 23.396122619290605
1281.4166666666667 25.038658131509894 23.396826183432722
1281.9166666666667 25.0403155498247 23.397523667017957
1282.4166666666667 25.04196894178381 23.39822088138614
1282.9166666666667 25.04363065893284 23.398924689773267
1283.4166666666667 25.045285807360674 23.39963098274247
1283.9166666666667 25.04697237914048 23.400332328043906
1284.4166666666667 25.048641392148802 23.40104953728448
1284.9166666666667 25.05029627592633 23.401743736017146
1285.4166666666667 25.051990980642 23.402460909797828
1285.9166666666667 25.053646346206374 23.403160103612088
1286.4166666666667 25.05531678436125 23.403860185347398
1286.9166666666667 25.056996109799947 23.40457369224314
1287.4166666666667 25.0586731223745 23.40529077477573
1287.9166666666667 25.060380904749042 23.405994331268584
1288.4166666666667 25.062044866515727 23.406706307746248
1288.9166666666667 25.06374457269675 23.407414273636512
1289.4166666666667 25.065426160665332 23.408129198691757
1289.9166666666667 25.067136725893768 23.408852457435557
1290.4166666666667 25.068826312963676 23.40956006162271
1290.9166666666667 25.07051901210732 23.410269502124102
1291.4166666666667 25.07225617006872 23.410982021568636
1291.9166666666667 25.073957754304814 23.41169990749688
1292.4166666666667 25.07567121875001 23.412421083260192
1292.9166666666667 25.077379434784568 23.413139854886897
1293.4166666666667 25.07912681827476 23.413864045794625
1293.9166666666667 25.080864769247356 23.41459197607267
1294.4166666666667 25.082600822455824 23.41531882076133
1294.9166666666667 25.08433798628609 23.416037187232156
1295.4166666666667 25.08609153183594 23.41677001218227
1295.9166666666667 25.087834099615442 23.417491674473293
1296.4166666666667 25.089562817363333 23.418214532366704
1296.9166666666667 25.091321868390025 23.418940838076864
1297.4166666666667 25.093064087009687 23.419678567730106
1297.9166666666667 25.094811490624373 23.420412222353942
1298.4166666666667 25.096554079775146 23.42112879072934
1298.9166666666667 25.098308481963556 23.421867120537225
1299.4166666666667 25.100064593541642 23.422593466269714
1299.9166666666667 25.101810356340856 23.42332248487201
1300.4166666666667 25.10357738403957 23.424058197041848
1300.9166666666667 25.10534265166525 23.42478610231489
1301.4166666666667 25.107101448211115 23.425530085273838
1301.9166666666667 25.10882421334842 23.426259039767583
1302.4166666666667 25.11063830748061 23.426996178388304
1302.9166666666667 25.112387065766434 23.427727934463483
1303.4166666666667 25.114151932583503 23.42846545917546
1303.9166666666667 25.115944743859046 23.42919876089805
1304.4166666666667 25.117699701222676 23.429932967807577
1304.9166666666667 25.119456520457145 23.430683553578437
1305.4166666666667 25.121244334876195 23.431409326903783
1305.9166666666667 25.123031736222465 23.43216418396945
1306.4166666666667 25.124806385134555 23.432890206819952
1306.9166666666667 25.126562150637778 23.433636310613096
1307.4166666666667 25.128368391047037 23.4343639885021
1307.9166666666667 25.130148073831613 23.435105438570414
1308.4166666666667 25.131938754469957 23.435850472485896
1308.9166666666667 25.133696449431966 23.436585465315424
1309.4166666666667 25.13547691418352 23.43732950703156
1309.9166666666667 25.13726026333977 23.438076590754996
1310.4166666666667 25.13905327079206 23.438821751464147
1310.9166666666667 25.14084522966955 23.43956893329996
1311.4166666666667 25.142621968580553 23.440305360788038
1311.9166666666667 25.144419843628363 23.441050145162286
1312.4166666666667 25.146203632235565 23.441785572413888
1312.9166666666667 25.14801338373661 23.442538163327356
1313.4166666666667 25.149805878878148 23.443295344900417
1313.9166666666667 25.151620778271315 23.444041429698117
1314.4166666666667 25.15341645929975 23.444782310411355
1314.9166666666667 25.155198430624427 23.445531873125343
1315.4166666666667 25.157009774434044 23.446279884891972
1315.9166666666667 25.15879588096925 23.44702927624324
1316.4166666666667 25.160629950429325 23.44777263957149
1316.9166666666667 25.162411813552218 23.44852264706641
1317.4166666666667 25.164225488154685 23.449275217630078
1317.9166666666667 25.166026146742908 23.450034868604224
1318.4166666666667 25.167825575886766 23.450769276131073
1318.9166666666667 25.16963723900355 23.451519723367184
1319.4166666666667 25.171434923969912 23.45227647428857
1319.9166666666667 25.173275004647316 23.453028894668584
1320.4166666666667 25.17505809498498 23.45377747847298
1320.9166666666667 25.176882494483618 23.45453921185426
1321.4166666666667 25.178709315100782 23.45529398686269
1321.9166666666667 25.180525044172203 23.45605016856801
1322.4166666666667 25.182322782376097 23.45679882511193
1322.9166666666667 25.18413568729832 23.457553538191164
1323.4166666666667 25.185953844928413 23.45830700435716
1323.9166666666667 25.18780256349452 23.459060080821885
1324.4166666666667 25.189620406470823 23.459821370762878
1324.9166666666667 25.191434588055436 23.460572709311727
1325.4166666666667 25.193233168809314 23.461316214403396
1325.9166666666667 25.195082008949598 23.462077176026412
1326.4166666666667 25.19690275994297 23.462838228017723
1326.9166666666667 25.1987289780784 23.463582617691145
1327.4166666666667 25.200533723279182 23.464356786896285
1327.9166666666667 25.202377885204356 23.465102452998178
1328.4166666666667 25.204205712490083 23.46585838508599
1328.9166666666667 25.206007384491677 23.466620987378594
1329.4166666666667 25.207844944201337 23.46738722077745
1329.9166666666667 25.209683977128368 23.46815146965554
1330.4166666666667 25.2115078181971 23.468910428236175
1330.9166666666667 25.213363152267707 23.469663321143845
1331.4166666666667 25.21519062124337 23.470430551813383
1331.9166666666667 25.217017208153653 23.471187929405467
1332.4166666666667 25.218857746446417 23.471949678359877
1332.9166666666667 25.220698510334284 23.472713432943856
1333.4166666666667 25.22255433961377 23.473491156269887
1333.9166666666667 25.224403540093636 23.474252396671524
1334.4166666666667 25.226224953764188 23.475000805053075
1334.9166666666667 25.228074528341278 23.475774177559874
1335.4166666666667 25.22994528572948 23.47653964935669
1335.9166666666667 25.231768786215227 23.477311119922646
1336.4166666666667 25.233638807355007 23.478073486235687
1336.9166666666667 25.23548393266792 23.47883721228442
1337.4166666666667 25.23735424039859 23.479608744757975
1337.9166666666667 25.239171088245136 23.480379800518598
1338.4166666666667 25.241050511331306 23.481139489780457
1338.9166666666667 25.242899610340288 23.481923765863012
1339.4166666666667 25.244751010718364 23.482684047373322
1339.9166666666667 25.2466003999662 23.483444999740655
1340.4166666666667 25.248486481690545 23.484226963825794
1340.9166666666667 25.25033700708895 23.48500201449301
1341.4166666666667 25.252202447036645 23.485760661872213
1341.9166666666667 25.25403562760114 23.48654522151567
1342.4166666666667 25.25592427013055 23.487315254182164
1342.9166666666667 25.25780370475712 23.48808099520693
1343.4166666666667 25.25966131283701 23.488859169786473
1343.9166666666667 25.261523272395074 23.48963998270535
1344.4166666666667 25.263374357282 23.49041692755323
1344.9166666666667 25.26525905909684 23.4911784141587
1345.4166666666667 25.267168344450702 23.49195274816466
1345.9166666666667 25.268995920909237 23.492734030164804
1346.4166666666667 25.270878687491347 23.493504097115228
1346.9166666666667 25.272729227690782 23.49428679204731
1347.4166666666667 25.274618516999034 23.495064129165193
1347.9166666666667 25.276512280937716 23.495829195429856
1348.4166666666667 25.278371503919367 23.496599405601415
1348.9166666666667 25.280244220333845 23.497387828581076
1349.4166666666667 25.282133559973502 23.498166981355663
1349.9166666666667 25.28398899346189 23.498956103432327
1350.4166666666667 25.285877459933488 23.499723977592133
1350.9166666666667 25.287771026271955 23.500499630602345
1351.4166666666667 25.289638050033666 23.501282252035587
1351.9166666666667 25.29150476392801 23.502052931467155
1352.4166666666667 25.293394210725495 23.502835045139136
1352.9166666666667 25.295280116351137 23.50361836452779
1353.4166666666667 25.29717249154219 23.504393695816024
1353.9166666666667 25.29905571469503 23.505180404117702
1354.4166666666667 25.30094195999215 23.505949230818082
1354.9166666666667 25.30283648971066 23.506741913283243
1355.4166666666667 25.304707448778665 23.507518451239108
1355.9166666666667 25.306587349673038 23.508304087732334
1356.4166666666667 25.308474497599313 23.509082659335576
1356.9166666666667 25.310400395325566 23.509864572559408
1357.4166666666667 25.3122753607413 23.510649777600243
1357.9166666666667 25.314165039978903 23.5114322401843
1358.4166666666667 25.31603008170514 23.512212553881024
1358.9166666666667 25.31792273489703 23.512995723536136
