FastTrWP/PhaseSpace/IAs/snIa_0.62_30.00_-0.98_-0.14.csv
# %ECSV 0.9
# ---
# datatype:
# - {name: time-rel, datatype: float64}
# - {name: g, datatype: float64}
# - {name: i, datatype: float64}
# schema: astropy-2.0
time-rel g i
[from data line 2009]
1146.9375 25.289927154159653 22.918751712532153
1147.4375 25.293845424202036 22.91991263394128
1147.9375 25.297771049365597 22.92108779866824
1148.4375 25.301743400572136 22.922265043423124
1148.9375 25.305709450988644 22.92343732513588
1149.4375 25.309733327175383 22.92461026802348
1149.9375 25.313753223852853 22.925791655463303
1150.4375 25.317824924604352 22.92696355186903
1150.9375 25.32190418881108 22.92814735751762
1151.4375 25.326027916885803 22.929320809443496
1151.9375 25.330190279575355 22.93050902214993
1152.4375 25.33436849395151 22.931704627512914
1152.9375 25.338581376175977 22.93287429052225
1153.4375 25.34276779378926 22.934062419417188
1153.9375 25.347044895526864 22.935250176762054
1154.4375 25.351316621384488 22.936441760253917
1154.9375 25.355627032499957 22.93761941951548
1155.4375 25.359947639753948 22.93882671087546
1155.9375 25.364367965761303 22.940013544087602
1156.4375 25.368736588460266 22.941203290516455
1156.9375 25.373173979207706 22.94239573284898
1157.4375 25.377609772334708 22.943584430834324
1157.9375 25.3820826184463 22.944785683790695
1158.4375 25.386600480689353 22.94597622078563
1158.9375 25.391125995824012 22.947184163870226
1159.4375 25.395703292803134 22.948385514239895
1159.9375 25.400298521227754 22.94957978253267
1160.4375 25.404901734996702 22.95078344029839
1160.9375 25.409551001110128 22.951996448952606
1161.4375 25.41425583868741 22.95319118684653
1161.9375 25.418956563146708 22.954395941601547
1162.4375 25.42370321828015 22.955600424771387
1162.9375 25.42844865695041 22.956819036781198
1163.4375 25.433268388127438 22.958030319026758
1163.9375 25.438075471262763 22.959245502774944
1164.4375 25.442936055824692 22.96044881302848
1164.9375 25.44781910540889 22.961662268577992
1165.4375 25.45272727679649 22.962877717067425
1165.9375 25.457728578907883 22.964095390886577
1166.4375 25.462786637634764 22.96531435576925
1166.9375 25.467892876211824 22.96653605242591
1167.4375 25.473091242738292 22.96775142730126
1167.9375 25.47836286810586 22.968982205887322
1168.4375 25.483701389895455 22.970209955116374
1168.9375 25.489096556031015 22.97143260332397
1169.4375 25.49458979443052 22.972660552268348
1169.9375 25.50011959504019 22.973888830964178
1170.4375 25.505743199511535 22.975126362066337
1170.9375 25.511446482072934 22.976356302461515
1171.4375 25.517153385582972 22.97759337818023
1171.9375 25.52295264265066 22.978829866426533
1172.4375 25.52885165016783 22.980059767556593
1172.9375 25.534788626526364 22.981299009831027
1173.4375 25.54082519585109 22.982548788685907
1173.9375 25.546842350386978 22.98378914222818
1174.4375 25.552983255468806 22.985033804508234
1174.9375 25.559170593319905 22.986287797223092
1175.4375 25.565437126748055 22.987531673200856
1175.9375 25.57172080461207 22.988778031353053
1176.4375 25.57808729801466 22.990036774825313
1176.9375 25.584503388754882 22.99129131202356
1177.4375 25.591019180088228 22.992537563346637
1177.9375 25.597534051582585 22.993789761560738
1178.4375 25.60413203488858 22.995059079752806
1178.9375 25.610821285736456 22.996310472227645
1179.4375 25.617501309217772 22.997570375250728
1179.9375 25.624262049998137 22.99881884076086
1180.4375 25.631037170183983 23.000088204166858
1180.9375 25.63786921266963 23.001353209223012
1181.4375 25.644800590614928 23.002615529526558
1181.9375 25.651736351546155 23.003874682474496
1182.4375 25.65875343692694 23.005145501310047
1182.9375 25.665800816231187 23.006416923383952
1183.4375 25.6728746936537 23.007687592558423
1183.9375 25.67998448566665 23.00895382357488
1184.4375 25.687202833604292 23.010230306010392
1184.9375 25.694381989763517 23.01149478005346
1185.4375 25.7016275083079 23.012770076779447
1185.9375 25.708908239186364 23.01404140178044
1186.4375 25.71628180962092 23.01531489581042
1186.9375 25.72359866141491 23.016596997900777
1187.4375 25.730992363713145 23.017872627788016
1187.9375 25.738378554787694 23.01915047794619
1188.4375 25.745875221296743 23.020435192557457
1188.9375 25.753337523737056 23.021711717108857
1189.4375 25.76083359283629 23.022987347794942
1189.9375 25.768355977102544 23.02427331512243
1190.4375 25.775889465042603 23.025555658001537
1190.9375 25.783514982981043 23.026838094035504
1191.4375 25.791102375104543 23.02812646497528
1191.9375 25.798688480141948 23.029412714538733
1192.4375 25.806319122462043 23.030699858181812
1192.9375 25.813933530116223 23.031975945097273
1193.4375 25.82160011885266 23.03327746269661
1193.9375 25.829252272010024 23.034563804057527
1194.4375 25.836924639527517 23.0358533351767
1194.9375 25.844551305652242 23.037135475001595
1195.4375 25.8522398551412 23.038424364136173
1195.9375 25.85989553934376 23.039724307407084
1196.4375 25.867546574529847 23.041019983489655
1196.9375 25.875202418559834 23.04231034444337
1197.4375 25.882846309908455 23.0435999787885
1197.9375 25.890453368972622 23.044889719384418
1198.4375 25.89808923655054 23.046189005296114
1198.9375 25.905665501883277 23.047480098109176
1199.4375 25.913223316926715 23.048773072346123
1199.9375 25.920768912429747 23.05006478005123
1200.4375 25.928303317007856 23.05136765720471
1200.9375 25.935768132755463 23.052660675569385
1201.4375 25.943214363390368 23.053964819012137
1201.9375 25.950655182080574 23.055255234997812
1202.4375 25.958047244438063 23.056545420012572
1202.9375 25.965358143852242 23.057850988020355
1203.4375 25.972608683707065 23.059140642990947
1203.9375 25.97986401508571 23.060446913193896
1204.4375 25.987040071782744 23.061738002374454
1204.9375 25.99421485729529 23.063039662689533
1205.4375 26.00139512523159 23.06433526909141
1205.9375 26.008623715165854 23.065635256034884
1206.4375 26.015885770429247 23.066945219808296
1206.9375 26.023145419955434 23.068246794662603
1207.4375 26.03038728555412 23.069545297553198
1207.9375 26.0377135624083 23.070849360303352
1208.4375 26.044964984164753 23.072163227357084
1208.9375 26.052311428105817 23.07346290113574
1209.4375 26.059623406287415 23.074774692300885
1209.9375 26.067007246454345 23.076087033565212
1210.4375 26.074365120434372 23.077386740339755
1210.9375 26.08168188587255 23.078689575937517
1211.4375 26.089047536402823 23.080013864858074
1211.9375 26.096467571630026 23.08131244366769
1212.4375 26.103868900120254 23.082630079694106
1212.9375 26.11126360550632 23.083940330022905
1213.4375 26.118708353403047 23.085258063726407
1213.9375 26.126148862741545 23.086575655383502
1214.4375 26.13352357972344 23.08789042192833
1214.9375 26.140996780538647 23.089206408657397
1215.4375 26.148419282744367 23.090522351343733
1215.9375 26.15588153789224 23.09185267125089
1216.4375 26.163282742847485 23.0931612582806
1216.9375 26.17075555996007 23.094479011185953
1217.4375 26.178215007786555 23.09579630623574
1217.9375 26.18567444906461 23.09712465180148
1218.4375 26.193124236526156 23.098444224777175
1218.9375 26.200572735650635 23.099774003932776
1219.4375 26.20798102237043 23.101090832003052
1219.9375 26.215427627780375 23.102420706989236
1220.4375 26.222839532879803 23.103745219012755
1220.9375 26.23030057425293 23.10507845026736
1221.4375 26.237710665305624 23.1063977276552
1221.9375 26.245121567538988 23.107730733746678
1222.4375 26.252524725694645 23.10905466483522
1222.9375 26.25990069474367 23.110384868634565
1223.4375 26.267267813351907 23.111726439265436
1223.9375 26.274627293707013 23.113048392875115
1224.4375 26.281978315462638 23.11437738117479
1224.9375 26.289257732739095 23.115720573621537
1225.4375 26.296596938802523 23.117054403269353
1225.9375 26.303847101524937 23.11838606997924
1226.4375 26.311099134845538 23.119721498650026
1226.9375 26.31836486570906 23.121059226932278
1227.4375 26.325597262242546 23.122396539980667
1227.9375 26.33276476939748 23.123744123178508
1228.4375 26.339910650699096 23.125071486496513
1228.9375 26.347039766199693 23.126422743772636
1229.4375 26.35410212256563 23.127756573603797
1229.9375 26.3611836311747 23.129099910424458
1230.4375 26.368189860630558 23.130440134854524
1230.9375 26.37516721931917 23.131783275623512
1231.4375 26.38212306159446 23.133118853859113
1231.9375 26.38899927640945 23.13446782404234
1232.4375 26.39588337807389 23.135805899765906
1232.9375 26.402668317657096 23.13716439208191
1233.4375 26.409451266922197 23.13850888138323
1233.9375 26.416148474908866 23.139850971767476
1234.4375 26.422828942338455 23.14119972728825
1234.9375 26.42945611041595 23.142551211144532
1235.4375 26.43601302265158 23.143899127801593
1235.9375 26.442487641539195 23.145248813420665
1236.4375 26.448910283332857 23.14659330595812
1236.9375 26.45531776702974 23.147944621612933
1237.4375 26.461630210917974 23.149305071998217
1237.9375 26.467802725142207 23.150652805721666
1238.4375 26.47404128419421 23.15201015751908
1238.9375 26.48014588774814 23.15337042778193
1239.4375 26.48618017533074 23.154719106024665
1239.9375 26.49212381382499 23.15608354455881
1240.4375 26.49799686788997 23.157430713321638
1240.9375 26.50380572539484 23.15879379199458
1241.4375 26.509494424885087 23.16014775429778
1241.9375 26.515133491440967 23.1615104293434
1242.4375 26.52068196146438 23.162861607837332
1242.9375 26.526108273029827 23.164225106065693
1243.4375 26.531474162870428 23.16558484100741
1243.9375 26.53677475919055 23.166960775893976
1244.4375 26.542025509991664 23.168311217368895
1244.9375 26.547188649884905 23.169675981160864
1245.4375 26.552250824452464 23.17103361411343
1245.9375 26.557292534134444 23.172409247373615
1246.4375 26.562269707674787 23.17376951214053
1246.9375 26.567182576464226 23.175141751344597
1247.4375 26.571994251872052 23.176500328822325
1247.9375 26.57672897032933 23.177873215007686
1248.4375 26.581404331080453 23.179241294482253
1248.9375 26.58602616932573 23.180611264750684
1249.4375 26.590512211823945 23.181971990832512
1249.9375 26.594987803148136 23.183357784984654
1250.4375 26.59932134920075 23.184726202649387
1250.9375 26.60363684075225 23.18608774238754
1251.4375 26.607847375720386 23.187473683326132
1251.9375 26.611918099855508 23.188842660411858
1252.4375 26.61595579732625 23.19022439450461
1252.9375 26.619926183268937 23.19159842194273
1253.4375 26.62379584317577 23.19296865158153
1253.9375 26.627567697953616 23.194344612842926
1254.4375 26.631247147049294 23.19572465457092
1254.9375 26.634829110658472 23.1970985809144
1255.4375 26.638339173978572 23.198484892594617
1255.9375 26.641742608800918 23.199865364263278
1256.4375 26.645062197677408 23.201252185762865
1256.9375 26.648268247787534 23.20262899611636
1257.4375 26.651339414844756 23.20400370576255
1257.9375 26.654380747442072 23.205395248330227
1258.4375 26.657263670121964 23.206787808806673
1258.9375 26.660076491127423 23.208175825402492
1259.4375 26.66280212498598 23.20955586406926
1259.9375 26.665412612466316 23.21094798222522
1260.4375 26.667925659715085 23.21232881013912
1260.9375 26.67033166985711 23.213726617601424
1261.4375 26.6726146428373 23.215097307753418
1261.9375 26.67474869438365 23.216504646710167
1262.4375 26.676851089107004 23.217896538544423
1262.9375 26.678794134070777 23.219284195399954
1263.4375 26.68064002413719 23.220682022739002
1263.9375 26.68235304997037 23.222064098985413
1264.4375 26.683959311206618 23.22345935076628
1264.9375 26.685444466072077 23.224855236668848
1265.4375 26.68685459363026 23.226259843134585
1265.9375 26.68817390795973 23.2276553181701
1266.4375 26.689346285911732 23.229046661954253
1266.9375 26.69034726059472 23.230444234686193
1267.4375 26.69127091944202 23.231848662060038
1267.9375 26.692053214234765 23.233242893573674
1268.4375 26.692756698800206 23.234644985365907
1268.9375 26.693264198146455 23.23603938154289
1269.4375 26.6937609525384 23.237446954894377
1269.9375 26.694060583782942 23.238847409537712
1270.4375 26.694256359461445 23.240258915244002
1270.9375 26.694339438618194 23.24166030303534
1271.4375 26.694295639845514 23.24306965626452
1271.9375 26.69416124899228 23.24446783955658
1272.4375 26.693811599976307 23.245862805037216
1272.9375 26.693378959750884 23.247283256772306
1273.4375 26.692861164808992 23.24868903647979
1273.9375 26.69219508646023 23.250109235429615
1274.4375 26.691435065259363 23.25151252739133
1274.9375 26.69048930540738 23.252929458841315
1275.4375 26.68951808724525 23.254337007789076
1275.9375 26.688346182370797 23.255740868760096
1276.4375 26.68704151537004 23.257149826350073
1276.9375 26.685641642182098 23.25857917356242
1277.4375 26.684097520944356 23.259995556775685
1277.9375 26.682401372002325 23.261404267453052
1278.4375 26.68066476017939 23.262826583482052
1278.9375 26.678757100926774 23.264231780459895
1279.4375 26.676725849377114 23.265648220857905
1279.9375 26.67461765891451 23.267063547416402
1280.4375 26.672253571211996 23.268488127132677
1280.9375 26.669914250067663 23.269910049814154
1281.4375 26.66739493373178 23.27132806358106
1281.9375 26.664767116680245 23.272749071808335
1282.4375 26.66199398280345 23.274164970297484
1282.9375 26.659201876673396 23.275599805526376
1283.4375 26.656146925021687 23.277019764715718
1283.9375 26.653115763502182 23.278447385056392
1284.4375 26.649891704605523 23.279875377440632
1284.9375 26.646706658516777 23.281290795169618
1285.4375 26.643326187756063 23.28271341014755
1285.9375 26.639860326397383 23.284141643030644
1286.4375 26.636327645966084 23.285581384814613
1286.9375 26.632678843437716 23.287004264290104
1287.4375 26.628939494013224 23.288437260094575
1287.9375 26.625080058453086 23.289879366062074
1288.4375 26.621176853894426 23.291310509099013
1288.9375 26.617110672143667 23.29273936463747
1289.4375 26.612950132220085 23.294161199512637
1289.9375 26.60874133083042 23.295612410270916
1290.4375 26.60445265939601 23.297033607902158
1290.9375 26.600045822921107 23.29847799351183
1291.4375 26.595582653372105 23.299912032871816
1291.9375 26.590967796673972 23.301344336038284
1292.4375 26.58625581527331 23.302795039367158
1292.9375 26.581559683179847 23.30423274754176
1293.4375 26.576702702865077 23.305682768060933
1293.9375 26.571744886300337 23.3071145536465
1294.4375 26.566789590680848 23.308553218682803
1294.9375 26.56164938856496 23.309991576078982
1295.4375 26.55644910206037 23.311441952169627
1295.9375 26.551188699790277 23.312890083231927
1296.4375 26.545843216474818 23.31433098625481
1296.9375 26.54042249864777 23.315782113679496
1297.4375 26.53491863068862 23.317237862830034
1297.9375 26.529319627048235 23.318682835755503
1298.4375 26.52365750851454 23.320129709925546
1298.9375 26.51796972389296 23.321569476136823
1299.4375 26.512104278038258 23.323037855270584
1299.9375 26.506235568819694 23.32447036928891
1300.4375 26.500280367286187 23.32592838914691
1300.9375 26.494291138422366 23.32738318313386
1301.4375 26.488207832900233 23.328835992362727
1301.9375 26.482006541244594 23.33028950431185
1302.4375 26.475772438067885 23.331740787116967
1302.9375 26.469504932358202 23.33320211369827
1303.4375 26.463131443074566 23.334659291101755
1303.9375 26.456714330976325 23.336110288664585
1304.4375 26.450193514323356 23.337570766264356
1304.9375 26.443633307083616 23.339032928455858
1305.4375 26.43701030657638 23.34048887029184
1305.9375 26.430335089959478 23.341945925277095
1306.4375 26.423614411667504 23.343418576943073
1306.9375 26.416821602225316 23.344872979038932
1307.4375 26.4099627250462 23.346329434050112
1307.9375 26.403037876954837 23.34779887360828
1308.4375 26.39605554213691 23.349259741176702
1308.9375 26.389060615616607 23.35072750212294
1309.4375 26.381977618785623 23.3521955760066
1309.9375 26.37484434316294 23.35364809227403
1310.4375 26.36763148044843 23.355117506818324
1310.9375 26.36042639248878 23.35658331268116
1311.4375 26.353145673483898 23.358057645953366
1311.9375 26.345811055791494 23.359523580813878
1312.4375 26.338443854410908 23.360997065589714
1312.9375 26.331042516345153 23.362458256018105
1313.4375 26.323553654762204 23.363928910773815
1313.9375 26.316054096716854 23.365405058475762
1314.4375 26.308535331308732 23.366877740552674
1314.9375 26.300926986705665 23.36834442487854
