FastTrWP/PhaseSpace/IAs/snIa_0.57_30.00_0.12_-0.05.csv
# %ECSV 0.9
# ---
# datatype:
# - {name: time-rel, datatype: float64}
# - {name: g, datatype: float64}
# - {name: i, datatype: float64}
# schema: astropy-2.0
time-rel g i
[from data line 574]
415.41666666666663 23.64568793045899 22.79659348513098
415.9166666666667 23.643235728355926 22.794656681778946
416.4166666666667 23.640762223477036 22.792704574153028
416.91666666666663 23.63830535380684 22.79077245773456
417.4166666666667 23.63586707401113 22.788835454187616
417.9166666666667 23.63344875651597 22.786910007487823
418.41666666666663 23.631030141269168 22.78499434484813
418.9166666666667 23.62863442745205 22.78307099541392
419.4166666666667 23.62625110705485 22.7811786566135
419.91666666666663 23.623874001515972 22.77926727807255
420.4166666666667 23.621516438856958 22.77737944092381
420.9166666666667 23.619170841511465 22.775490180853172
421.41666666666663 23.61683613478213 22.773604107565912
421.9166666666667 23.614517989343852 22.771729317881086
422.4166666666667 23.612213204970935 22.769864701739316
422.91666666666663 23.609928428797417 22.767998762280634
423.4166666666667 23.607636131703437 22.76614749443165
423.9166666666667 23.605387198446863 22.764288715680514
424.41666666666663 23.603136141333305 22.762445046225864
424.9166666666667 23.60089577461634 22.760614682305803
425.4166666666667 23.598682006647227 22.75879165350538
425.91666666666663 23.596469628901563 22.756959987514563
426.4166666666667 23.594284269184396 22.755138267759
426.9166666666667 23.592105616453978 22.753336882476436
427.41666666666663 23.589955919325636 22.75152965300078
427.9166666666667 23.587792367300434 22.749740403745278
428.4166666666667 23.585671823080933 22.747954669210305
428.91666666666663 23.583543575893447 22.746172878189
429.4166666666667 23.58146210495772 22.74439307973708
429.9166666666667 23.579370494683502 22.742620924023917
430.41666666666663 23.577296770739512 22.740866793569396
430.9166666666667 23.575242345370732 22.739117277886585
431.4166666666667 23.5732053111174 22.73736850109887
431.91666666666663 23.571192784360257 22.73562440878324
432.4166666666667 23.569176629121735 22.73389623583265
432.9166666666667 23.567186518125034 22.732167791709784
433.41666666666663 23.565213753510577 22.730445159994982
433.9166666666667 23.563246284781478 22.728730899916023
434.4166666666667 23.56128243765262 22.72702694662985
434.91666666666663 23.55934390003513 22.72532718866223
435.4166666666667 23.557407264602116 22.72363168136275
435.9166666666667 23.555478844454314 22.7219369429005
436.41666666666663 23.553567891325102 22.720248426455694
436.9166666666667 23.551668657052353 22.718576510488163
437.4166666666667 23.549779541048554 22.71688884072188
437.91666666666663 23.54789143595243 22.715225572337793
438.4166666666667 23.546030064763556 22.713561516584193
438.9166666666667 23.544163348854966 22.711895617362295
439.41666666666663 23.5423167145478 22.71024527233838
439.9166666666667 23.540472897490545 22.708594941299207
440.4166666666667 23.538641808888126 22.70694973981221
440.91666666666663 23.53683533412456 22.70531211671283
441.4166666666667 23.53502586398156 22.703676089938533
441.9166666666667 23.533233776276973 22.70205672559324
442.41666666666663 23.531453955807855 22.700434409887016
442.9166666666667 23.52967712812067 22.698808168034578
443.4166666666667 23.527900320945648 22.697196730257716
443.91666666666663 23.526144900146612 22.69558807350127
444.4166666666667 23.52439978156032 22.693980706422245
444.9166666666667 23.52266763149265 22.692383306097163
445.41666666666663 23.520950238545232 22.69079478440059
445.9166666666667 23.519240387049294 22.689202828252178
446.4166666666667 23.517536850926955 22.687626678668508
446.91666666666663 23.515842856710464 22.68604541246702
447.4166666666667 23.514167516999148 22.68448004776555
447.9166666666667 23.51248849601695 22.68291705812993
448.41666666666663 23.510825423769997 22.681348303406153
448.9166666666667 23.509175665037205 22.679792845122485
449.4166666666667 23.507530535578375 22.678242016242493
449.91666666666663 23.50589942591732 22.6766874269089
450.4166666666667 23.504289162795686 22.675150112773075
450.9166666666667 23.502681071248823 22.67361579281988
451.41666666666663 23.501083276043985 22.67208437091906
451.9166666666667 23.499477694175425 22.670556916423166
452.4166666666667 23.49790970287004 22.669038229344224
452.91666666666663 23.49634644553221 22.667525652529157
453.4166666666667 23.494792453579866 22.666012585507612
453.9166666666667 23.493234254449277 22.664499738039375
454.41666666666663 23.491700560303137 22.663001786272666
454.9166666666667 23.490169351675604 22.661503876995297
455.4166666666667 23.48865162448003 22.660016920979512
455.91666666666663 23.487155331397453 22.65853036987737
456.4166666666667 23.485649122921203 22.65704566336224
456.9166666666667 23.48415716817435 22.65556641247439
457.41666666666663 23.48267851224776 22.654095359232333
457.9166666666667 23.48121871550997 22.652625893177184
458.4166666666667 23.47977081607418 22.651170702707645
458.91666666666663 23.478309888447463 22.649713727331807
459.4166666666667 23.47687530699483 22.64826050477876
459.9166666666667 23.47544572633337 22.64681444043305
460.41666666666663 23.474039341043284 22.645377817900364
460.9166666666667 23.47263488986508 22.643937362825213
461.4166666666667 23.471233157136858 22.64250376785791
461.91666666666663 23.469841081677473 22.641073351826453
462.4166666666667 23.468480613946966 22.639656362167063
462.9166666666667 23.467106907523764 22.638233039270176
463.41666666666663 23.46574484068823 22.636824722041165
463.9166666666667 23.464410227604453 22.635418636018958
464.4166666666667 23.463069825728677 22.63400700638018
464.91666666666663 23.461745778627066 22.63260894682237
465.4166666666667 23.46042032461821 22.63121830682538
465.9166666666667 23.459127038147084 22.629831339466904
466.41666666666663 23.45783024424168 22.628445628955696
466.9166666666667 23.456543077172537 22.62706505786664
467.4166666666667 23.455265763156724 22.62569508623498
467.91666666666663 23.454013582568372 22.624327430472952
468.4166666666667 23.452744681819702 22.622959909351454
468.9166666666667 23.451504193314992 22.621597329706287
469.41666666666663 23.45027282336869 22.620242776268718
469.9166666666667 23.44905745223175 22.618897494535698
470.4166666666667 23.44783139141972 22.61754605836622
470.91666666666663 23.446627939825685 22.616208648150206
471.4166666666667 23.445428814341174 22.614868630873282
471.9166666666667 23.444246915911478 22.613541870586104
472.41666666666663 23.44306539029494 22.612205920653178
472.9166666666667 23.44188266914334 22.610894962732214
473.4166666666667 23.440722922884348 22.609562833210163
473.91666666666663 23.43957146493818 22.608243668507203
474.4166666666667 23.438427406657432 22.606944765088613
474.9166666666667 23.437283229187315 22.605629736273393
475.41666666666663 23.43615483635078 22.604327093939915
475.9166666666667 23.4350301428045 22.60302819253571
476.4166666666667 23.43390492874931 22.60173309255758
476.91666666666663 23.432814436199067 22.600446996558716
477.4166666666667 23.431725100770787 22.599152281731058
477.9166666666667 23.43063028250251 22.597870884733908
478.41666666666663 23.429544969354374 22.596597250556837
478.9166666666667 23.42847691784577 22.59532061927839
479.4166666666667 23.427418577290105 22.59405097751622
479.91666666666663 23.426357375703958 22.59278532766155
480.4166666666667 23.425312415084477 22.59152504107757
480.9166666666667 23.42427700071436 22.590260822778873
481.41666666666663 23.423247849760095 22.589015086135888
481.9166666666667 23.42223326177695 22.58776682011021
482.4166666666667 23.42123000615116 22.58651751947381
482.91666666666663 23.420213818507918 22.585274312477907
483.4166666666667 23.419222942575978 22.584039808062787
483.9166666666667 23.418241727291328 22.582802964758905
484.41666666666663 23.4172643741743 22.581577873899956
484.9166666666667 23.416298102115523 22.580354130991516
485.4166666666667 23.415336500057396 22.579139520284222
485.91666666666663 23.414393028791203 22.577924029835103
486.4166666666667 23.41343881010554 22.576703238135703
486.9166666666667 23.41251156675768 22.575499143817055
487.41666666666663 23.411589141147683 22.57429023710084
487.9166666666667 23.410669194371742 22.573102633996665
488.4166666666667 23.40976772742062 22.57190192911619
488.9166666666667 23.40886543613587 22.570705266303136
489.4166666666667 23.407965692624447 22.56952510654382
489.9166666666667 23.407096304126473 22.568338099145073
490.4166666666667 23.406224716804505 22.567164457250797
490.9166666666667 23.405356802623565 22.565989676357532
491.4166666666667 23.404504972254344 22.564825755576386
491.9166666666667 23.403666918125992 22.56365284840388
492.4166666666667 23.40283490288857 22.56250075005204
492.9166666666667 23.40200153135803 22.561346300074682
493.4166666666667 23.40118119833861 22.560185929186467
493.9166666666667 23.40038143019033 22.55904587055714
494.4166666666667 23.399579253133204 22.557896743688755
494.9166666666667 23.398783221160997 22.55675488102691
495.4166666666667 23.39799822849836 22.555618088257216
495.9166666666667 23.39722970619766 22.554486578674492
496.4166666666667 23.396477005269173 22.553360915183095
496.9166666666667 23.39571278092056 22.552237369793936
497.4166666666667 23.39497839194039 22.55111900703918
497.9166666666667 23.39423122907838 22.55001208791657
498.4166666666667 23.39351508446757 22.54889107274003
498.9166666666667 23.39279100180846 22.547787645904954
499.4166666666667 23.392079999553047 22.546690021050786
499.9166666666667 23.391379683910092 22.54558531534673
500.4166666666667 23.3906941771779 22.544497464361385
500.9166666666667 23.390013823421917 22.543409415062637
501.4166666666667 23.389342356706344 22.54231634613769
501.9166666666667 23.38867970073824 22.54123764381296
502.4166666666667 23.388024957655237 22.540160124061693
502.9166666666667 23.3873828804113 22.53909179035681
503.4166666666667 23.386753057617625 22.538026650317484
503.9166666666667 23.386126067561868 22.53696345983287
504.4166666666667 23.385498226013187 22.535895464054832
504.9166666666667 23.38490131838497 22.534846088456348
505.4166666666667 23.384306353380346 22.53379376782886
505.9166666666667 23.38372923627158 22.532747617811868
506.4166666666667 23.38313763809461 22.5317079251626
506.9166666666667 23.382574111630035 22.53066934557212
507.4166666666667 23.382021147341923 22.529637890646445
507.9166666666667 23.381479355182897 22.528603785826743
508.4166666666667 23.380940060724207 22.527583502494405
508.9166666666667 23.380399813838846 22.52655760907068
509.4166666666667 23.379879385596162 22.525542162217704
509.9166666666667 23.379363799261693 22.524528268939342
510.4166666666667 23.378874921983535 22.523524858087267
510.9166666666667 23.378387012628092 22.522512025894095
511.4166666666667 23.37791124202496 22.521516102069427
511.9166666666667 23.377443780302613 22.520523120354447
512.4166666666666 23.37698084142808 22.519532472009054
512.9166666666666 23.376530948384243 22.518546618910136
513.4166666666666 23.376087463368126 22.51755088389675
513.9166666666666 23.37565504553366 22.516573478991596
514.4166666666666 23.375237806295857 22.515596030632537
514.9166666666666 23.374823783310347 22.51462705542953
515.4166666666666 23.374411580297156 22.513656703385667
515.9166666666666 23.37403399231733 22.512687887582544
516.4166666666666 23.37362949399658 22.511726140715282
516.9166666666666 23.373265316091963 22.5107651081795
517.4166666666666 23.372897873430688 22.509812628423923
517.9166666666666 23.37253556488768 22.508866938686634
518.4166666666666 23.372193102608033 22.50792333717706
518.9166666666666 23.37184729717185 22.506981805848888
519.4166666666666 23.37152311662729 22.506031980400913
519.9166666666666 23.37121232428126 22.50509816278764
520.4166666666666 23.370880942522156 22.504170120472335
520.9166666666666 23.370580935579053 22.50323909089303
521.4166666666666 23.37027342067723 22.502314495713414
521.9166666666666 23.36999361393216 22.50139063946743
522.4166666666666 23.369703041798743 22.500477616863943
522.9166666666666 23.36943395300795 22.499570367106895
523.4166666666666 23.369156396962858 22.498655353434486
523.9166666666666 23.368904393644044 22.497748120747193
524.4166666666666 23.368660670085855 22.496849152617692
524.9166666666666 23.368416895346897 22.49595302953868
525.4166666666666 23.36818891463091 22.495054133019888
525.9166666666666 23.367961474877642 22.49416102427427
526.4166666666666 23.36774703485874 22.493282263853672
526.9166666666666 23.36752895531658 22.492389026767547
527.4166666666666 23.367327652303356 22.491512076450814
527.9166666666666 23.367131894502435 22.490635613304146
528.4166666666666 23.366942659373994 22.4897589678585
528.9166666666666 23.36676287172789 22.488889750108175
529.4166666666666 23.366593540679776 22.488026030765255
529.9166666666666 23.366429821721958 22.48715487050425
530.4166666666666 23.3662696690196 22.48629968452432
530.9166666666666 23.36611720548452 22.485443579908644
531.4166666666666 23.365990230303595 22.484592894817684
531.9166666666666 23.36584198995569 22.48374011027265
532.4166666666666 23.365707601284534 22.482895635931275
532.9166666666666 23.365585919050492 22.482053315309003
533.4166666666666 23.365469962930074 22.48121588193343
533.9166666666666 23.365363566173816 22.48037708949171
534.4166666666666 23.36526112404222 22.47954643766149
534.9166666666666 23.365170270001595 22.47871614044235
535.4166666666666 23.3650628361338 22.477889274284642
535.9166666666666 23.364994476193708 22.47706456853914
536.4166666666666 23.36491709639344 22.47624307349585
536.9166666666666 23.364846021310747 22.475430059811174
537.4166666666666 23.36477660136108 22.474617384690738
537.9166666666666 23.364717718419925 22.47380873578188
538.4166666666666 23.364665769801825 22.47300343177242
538.9166666666666 23.364628639213333 22.4721979414802
539.4166666666666 23.364579328200016 22.47140772868491
539.9166666666666 23.364553853087475 22.47060686883751
540.4166666666666 23.364519728183097 22.46981299570542
540.9166666666666 23.364511106383542 22.469031138990413
541.4166666666666 23.364496221724945 22.468242220058514
541.9166666666666 23.364480907313787 22.46745350126972
542.4166666666666 23.36446973492942 22.466669397731508
542.9166666666666 23.36447263816153 22.465895428425753
543.4166666666666 23.36448304610878 22.46512465572345
543.9166666666666 23.364507519866358 22.46435615373541
544.4166666666666 23.364527797288336 22.463587656589795
544.9166666666666 23.364551384770202 22.462823511674557
545.4166666666666 23.364572565281637 22.462058567300378
545.9166666666666 23.364619064292697 22.46130341181137
546.4166666666666 23.36464757294873 22.46054391048618
546.9166666666666 23.364710470715377 22.459799257037748
547.4166666666666 23.364776562638838 22.45904977389154
547.9166666666666 23.36483882223217 22.458304116090765
548.4166666666666 23.364913719197503 22.457564740578494
548.9166666666666 23.365018620941154 22.45682819341353
549.4166666666666 23.36512571398714 22.456095722575743
549.9166666666666 23.36524110986184 22.455363737675782
550.4166666666666 23.36535304009377 22.454643865657196
550.9166666666666 23.365486474814897 22.45391397422903
551.4166666666666 23.365631029329638 22.453195743288603
551.9166666666666 23.365775852378597 22.452481206534358
552.4166666666666 23.36593700782136 22.451768719852794
552.9166666666666 23.36609332028884 22.451060105148436
553.4166666666666 23.3662719013731 22.450351463338592
553.9166666666666 23.36645544558384 22.449653022542826
554.4166666666666 23.366634805655195 22.448957434882196
554.9166666666666 23.366847175510976 22.448261292983776
555.4166666666666 23.367049179929925 22.447570723062608
555.9166666666666 23.367255967413207 22.44688271758953
556.4166666666666 23.367482447003006 22.446192088317794
556.9166666666666 23.367714206799242 22.445509608152136
557.4166666666666 23.367957158196973 22.44482897344302
557.9166666666666 23.368182342889853 22.44415058564419
558.4166666666666 23.36843504219876 22.443483829962595
558.9166666666666 23.36870104323563 22.442816771241766
559.4166666666666 23.368966117415955 22.442137715913603
