FastTrWP/PhaseSpace/IAs/snIa_0.56_30.00_-1.12_-0.12.csv
# %ECSV 0.9
# ---
# datatype:
# - {name: time-rel, datatype: float64}
# - {name: g, datatype: float64}
# - {name: i, datatype: float64}
# schema: astropy-2.0
time-rel g i
[from data line 1156]
767.7083333333333 23.660995714947312 22.429855251601044
768.2083333333334 23.662938423698087 22.43005291030141
768.7083333333334 23.664866531799564 22.430257611913266
769.2083333333333 23.66682276873994 22.43046775760714
769.7083333333334 23.668761670476208 22.430675900156967
770.2083333333334 23.67071990249756 22.430891866652132
770.7083333333333 23.672679178842486 22.431102167591156
771.2083333333334 23.674638299685125 22.431323625990238
771.7083333333334 23.676604520113045 22.431536594103694
772.2083333333333 23.678577279230897 22.431763363557305
772.7083333333334 23.68054848999087 22.4319841802058
773.2083333333334 23.68253224647953 22.4322014069994
773.7083333333333 23.68450339247818 22.432429241540017
774.2083333333334 23.686505157111046 22.432659651290496
774.7083333333334 23.688491904830506 22.43288572483265
775.2083333333333 23.69049451099521 22.433119322468677
775.7083333333334 23.692489517426253 22.433350556411167
776.2083333333334 23.694489842391256 22.43359244363814
776.7083333333333 23.696512794218222 22.433823946922054
777.2083333333334 23.69852417543987 22.43406720879097
777.7083333333334 23.700546046266425 22.434308913544868
778.2083333333333 23.702577546045042 22.43455264175482
778.7083333333334 23.704594512901295 22.434809356828417
779.2083333333334 23.706616514851795 22.43504751049922
779.7083333333333 23.708677914884472 22.435307637239035
780.2083333333334 23.710723612241118 22.435563112394878
780.7083333333334 23.712768258254794 22.435814056483668
781.2083333333333 23.714803510787867 22.436078642202673
781.7083333333334 23.716863004479954 22.436332911992114
782.2083333333334 23.71893043405501 22.436588046472707
782.7083333333333 23.72100507123146 22.436854026214657
783.2083333333334 23.723069486970832 22.437126315128715
783.7083333333334 23.725141946647753 22.437391393233042
784.2083333333333 23.727224136529678 22.437656120694886
784.7083333333334 23.72930788493216 22.437933285227814
785.2083333333334 23.731390603100785 22.438203742469103
785.7083333333333 23.733483417758166 22.438472983323553
786.2083333333334 23.735585943948063 22.438754902765314
786.7083333333334 23.73768053897252 22.439037741106063
787.2083333333333 23.73980983097877 22.439314134311125
787.7083333333334 23.741899198820143 22.43959427693278
788.2083333333334 23.744013326063083 22.439886639823943
788.7083333333333 23.746140804559978 22.44016828944492
789.2083333333334 23.748260667050737 22.440455715829625
789.7083333333334 23.75039061716461 22.440746594401904
790.2083333333333 23.752504562451435 22.441037426647775
790.7083333333334 23.754650704898705 22.441331185504296
791.2083333333334 23.756793769983673 22.441620177342422
791.7083333333333 23.758941244747763 22.441914584082085
792.2083333333334 23.761088647047014 22.442223827645087
792.7083333333334 23.76324596620751 22.44253246422553
793.2083333333333 23.765406341881796 22.44282907144909
793.7083333333334 23.767562552725174 22.443136701784674
794.2083333333334 23.769708539883094 22.443443999996408
794.7083333333333 23.77190144238241 22.44374566517941
795.2083333333334 23.7740770798788 22.44405338686736
795.7083333333334 23.776272025516295 22.444371075043698
796.2083333333333 23.778435615120447 22.444684352107146
796.7083333333334 23.78062895511306 22.445004195120593
797.2083333333334 23.7828275709292 22.445318859964946
797.7083333333333 23.785027934497002 22.445632182952732
798.2083333333334 23.787215660493768 22.445952926843987
798.7083333333334 23.789434373459105 22.44627824737489
799.2083333333333 23.7916438219493 22.44659476083035
799.7083333333334 23.793847864055774 22.446933739402752
800.2083333333334 23.7960769358562 22.447258297663495
800.7083333333333 23.79828622189259 22.447577971527434
801.2083333333334 23.800506934001532 22.447921711434724
801.7083333333334 23.80273873975872 22.44824680959447
802.2083333333333 23.80498011763969 22.448580606495728
802.7083333333334 23.80721620893646 22.448919040894054
803.2083333333334 23.809458328125967 22.44925417299589
803.7083333333333 23.811709851819643 22.44959139009998
804.2083333333334 23.813957946682724 22.449934894557586
804.7083333333334 23.816203741386094 22.450278240848384
805.2083333333333 23.818475317858216 22.450625510246223
805.7083333333334 23.820736438871172 22.450964335126038
806.2083333333334 23.82299371063828 22.451306452323358
806.7083333333333 23.82525452219472 22.45165445532372
807.2083333333334 23.827546785833672 22.452006230526898
807.7083333333334 23.82983019495706 22.45236208938534
808.2083333333333 23.832098019047283 22.452707993240058
808.7083333333334 23.834380862867945 22.453061886082363
809.2083333333334 23.836682752830633 22.453426218413483
809.7083333333333 23.838985240591217 22.45378753455388
810.2083333333334 23.84127766188772 22.454143080810685
810.7083333333334 23.84361007556788 22.45451244369441
811.2083333333333 23.84593914171795 22.454874893719065
811.7083333333334 23.84827850060092 22.45524275138075
812.2083333333334 23.85060661918398 22.45562129063199
812.7083333333333 23.85296691604335 22.455997418266143
813.2083333333334 23.855339088559795 22.456360808338758
813.7083333333334 23.857708946188904 22.456743282695918
814.2083333333333 23.86007905571336 22.45713038269711
814.7083333333334 23.862471588578174 22.457511268767377
815.2083333333334 23.86486122725982 22.45789811845484
815.7083333333333 23.86724835539839 22.458287628348394
816.2083333333334 23.869664863461793 22.45867842099298
816.7083333333334 23.87208909761435 22.459071640012557
817.2083333333333 23.87450770365748 22.45946299525686
817.7083333333334 23.876951715467797 22.459859768606574
818.2083333333334 23.879379045804725 22.46025607406708
818.7083333333333 23.881816021771478 22.460665202591656
819.2083333333334 23.884260027560256 22.46107043841328
819.7083333333334 23.886713152175112 22.461471370925587
820.2083333333333 23.88917885661879 22.461879440563415
820.7083333333334 23.891639984577985 22.46229026126286
821.2083333333334 23.894109911254926 22.462698913503374
821.7083333333333 23.896598935778925 22.46311570335427
822.2083333333334 23.899077127182174 22.463523785144037
822.7083333333334 23.901554474813956 22.46394093819236
823.2083333333333 23.904048481084708 22.464361642397375
823.7083333333334 23.906550720209687 22.464783093429194
824.2083333333334 23.90905695071057 22.465208674599562
824.7083333333333 23.91154277184998 22.46562704712215
825.2083333333334 23.914072711772455 22.46605397138461
825.7083333333334 23.91657747374783 22.466470541821305
826.2083333333333 23.919099045355814 22.466902086222326
826.7083333333334 23.92161333246671 22.46733294535374
827.2083333333334 23.924145141393378 22.467761162468097
827.7083333333333 23.926676651273908 22.468196912529613
828.2083333333334 23.929218807021385 22.468636328176853
828.7083333333334 23.931748917692484 22.46906287500841
829.2083333333333 23.934282970026615 22.46949699467105
829.7083333333334 23.936821324093607 22.46993780939317
830.2083333333334 23.939368317503632 22.470381928956037
830.7083333333333 23.941912731153675 22.470815831153917
831.2083333333334 23.944457713349358 22.471263128245678
831.7083333333334 23.947000102587097 22.471693950053147
832.2083333333333 23.94955123403333 22.472144396303833
832.7083333333334 23.952104596074513 22.47258633609118
833.2083333333334 23.954645352690314 22.473022992748845
833.7083333333333 23.957203295855344 22.47348029999661
834.2083333333334 23.959759461790785 22.47392898868675
834.7083333333334 23.9623096606841 22.474374864045586
835.2083333333333 23.964868828632994 22.474815568260883
835.7083333333334 23.967418874873836 22.47526905107122
836.2083333333334 23.96996585913397 22.475715669943817
836.7083333333333 23.972521289777838 22.476171698460952
837.2083333333334 23.975083048297318 22.476626064452525
837.7083333333334 23.97762040546567 22.47707562155817
838.2083333333333 23.980168785657053 22.477533176855324
838.7083333333334 23.982721165288122 22.47797910301975
839.2083333333334 23.98526891267524 22.478441201153295
839.7083333333333 23.987811940078796 22.478896795295622
840.2083333333334 23.990354548694302 22.47935105189269
840.7083333333334 23.992895288565176 22.479814093835024
841.2083333333333 23.995430579352902 22.480256995418074
841.7083333333334 23.997975697282328 22.480717681435692
842.2083333333334 24.000493460244584 22.481182272266814
842.7083333333333 24.003031210038152 22.48163722945781
843.2083333333334 24.005544654596413 22.482086355515882
843.7083333333334 24.008067371335102 22.482541772560598
844.2083333333333 24.010585119852937 22.483002488108802
844.7083333333334 24.013089419701288 22.483463503554386
845.2083333333334 24.015596102183494 22.483920483720134
845.7083333333333 24.018090996577666 22.484380130126198
846.2083333333334 24.0205854022453 22.484838428523975
846.7083333333334 24.02308259433382 22.48530109520817
847.2083333333333 24.02557991935695 22.48575686183632
847.7083333333334 24.028075767947016 22.486223795294876
848.2083333333334 24.030569958069417 22.486682277987605
848.7083333333333 24.03305227820192 22.487142826096125
849.2083333333334 24.03555490266544 22.487611964501106
849.7083333333334 24.038065819903505 22.48807715945199
850.2083333333333 24.040549574562235 22.48854735793413
850.7083333333334 24.04305220790752 22.4890151239087
851.2083333333334 24.04553897777398 22.48948536881116
851.7083333333333 24.04805662085645 22.489953885524958
852.2083333333334 24.05054811880547 22.49042921822806
852.7083333333334 24.053056353506406 22.49090154658022
853.2083333333333 24.05555941498028 22.491379190570846
853.7083333333334 24.05805311751502 22.4918480780306
854.2083333333334 24.060554520592348 22.492326840286974
854.7083333333333 24.063047813380308 22.49280920124093
855.2083333333334 24.065546573198763 22.493283601676772
855.7083333333334 24.068057096520516 22.49376525668133
856.2083333333333 24.070565084028903 22.49423912670901
856.7083333333334 24.073059243819213 22.494719876545403
857.2083333333334 24.075559787909405 22.49520721359938
857.7083333333333 24.078061628638 22.4956946840404
858.2083333333334 24.0805605898722 22.496180725355295
858.7083333333334 24.083058108290704 22.496663766048254
859.2083333333333 24.085567615151575 22.49714937980918
859.7083333333334 24.08805688250308 22.497639041447318
860.2083333333334 24.09055607105358 22.498127915696205
860.7083333333333 24.093042723060982 22.498620816045527
861.2083333333334 24.0955528789511 22.499105840826076
861.7083333333334 24.09804793159327 22.499596814396114
862.2083333333333 24.100543232547324 22.50009105116912
862.7083333333334 24.10304580350402 22.50058018354448
863.2083333333334 24.105534086975247 22.501076570738533
863.7083333333333 24.108022996362326 22.50157832533796
864.2083333333334 24.11051534831271 22.50207712494153
864.7083333333334 24.11300660233742 22.50256145294881
865.2083333333333 24.115510107336075 22.5030694386707
865.7083333333334 24.11799427508317 22.503567667233856
866.2083333333334 24.120469178116053 22.50406068926663
866.7083333333333 24.1229538111374 22.504567498468727
867.2083333333334 24.125450949316935 22.505070589504733
867.7083333333334 24.12793179086913 22.50556760096757
868.2083333333333 24.130418647692427 22.5060728258762
868.7083333333334 24.13289445632845 22.506576368255313
869.2083333333334 24.135389168564622 22.507076171028014
869.7083333333333 24.137851601794136 22.50758499696067
870.2083333333334 24.14033446585556 22.508086650244508
870.7083333333334 24.14280208487294 22.508595068752776
871.2083333333333 24.14527147781989 22.509100632339916
871.7083333333334 24.147745624422118 22.509608662938902
872.2083333333334 24.15020619454308 22.510118098410544
872.7083333333333 24.152674409568043 22.51062824459118
873.2083333333334 24.15514238675855 22.511133706592222
873.7083333333334 24.15762072413289 22.511647003171902
874.2083333333333 24.160077629996138 22.51216589295469
874.7083333333334 24.162524114214122 22.512670506760752
875.2083333333334 24.164975636024337 22.513183671668347
875.7083333333333 24.167437091145963 22.513692688828364
876.2083333333334 24.169891683847048 22.51420679776608
876.7083333333334 24.172325120078423 22.51472854369904
877.2083333333333 24.174777039009886 22.51524506330854
877.7083333333334 24.17721977244263 22.515749454146995
878.2083333333334 24.179661364521266 22.516270998708695
878.7083333333333 24.182094858472837 22.516785345571254
879.2083333333334 24.184519242024813 22.517296788097934
879.7083333333334 24.186954485465666 22.51781749043625
880.2083333333333 24.18938317322994 22.51833259443093
880.7083333333334 24.191804354937034 22.518862645200507
881.2083333333334 24.1942284113562 22.51937585574283
881.7083333333333 24.196635787989358 22.519892393570267
882.2083333333334 24.199061891443236 22.520413940064827
882.7083333333334 24.20146715694257 22.52093846365492
883.2083333333333 24.203869332964423 22.52144939358527
883.7083333333334 24.20627524171859 22.521979643742803
884.2083333333334 24.208673322761697 22.522502893203207
884.7083333333333 24.211053575682012 22.523016790797623
885.2083333333334 24.21344516912475 22.5235415680319
885.7083333333334 24.215839145044605 22.524062574709838
886.2083333333333 24.21821707595598 22.524589602998372
886.7083333333334 24.22062194582849 22.525114277609045
887.2083333333334 24.22298665768702 22.525641707264782
887.7083333333333 24.225356872785756 22.526176424098303
888.2083333333334 24.227730848954067 22.526693715893433
888.7083333333334 24.23010076524762 22.52722418643898
889.2083333333333 24.23245570905607 22.527751945817013
889.7083333333334 24.23481740056953 22.52828220604198
890.2083333333334 24.23718340583287 22.52881743534565
890.7083333333333 24.23954597846141 22.529350656986637
891.2083333333334 24.241884314120867 22.529881679727893
891.7083333333334 24.24421957124786 22.530415961354542
892.2083333333333 24.24656554286267 22.53094823156325
892.7083333333334 24.248911778872607 22.5314833868053
893.2083333333334 24.251254307421824 22.532013593051023
893.7083333333333 24.25359704637083 22.532555088518077
894.2083333333334 24.25590797471036 22.533087562473785
894.7083333333334 24.25821754223393 22.53362419216842
895.2083333333333 24.26055153389568 22.53416857406535
895.7083333333334 24.262877117236638 22.534700073918884
896.2083333333334 24.265189428117246 22.53524735802528
896.7083333333333 24.267497277267267 22.535781224236967
897.2083333333334 24.269802552907947 22.536325584875435
897.7083333333334 24.272111079503375 22.536870725267754
898.2083333333333 24.2743952431827 22.537411325476533
898.7083333333334 24.276700349625674 22.537950313025465
899.2083333333334 24.279006375293584 22.53850033833459
899.7083333333333 24.28128335592913 22.539039939655744
900.2083333333334 24.283568313519275 22.539584551014975
900.7083333333334 24.2858651674712 22.540140445783177
901.2083333333333 24.288140291502533 22.54068151927958
901.7083333333334 24.290393137336892 22.54123345308048
902.2083333333334 24.292683390493547 22.541777319672484
902.7083333333333 24.2949394051494 22.542332394736135
903.2083333333334 24.297217026768593 22.54287995406567
903.7083333333334 24.299479124098614 22.543430007210148
904.2083333333333 24.301728770952966 22.543979589960212
904.7083333333334 24.303995525195763 22.544528060533896
905.2083333333334 24.306249422247923 22.545083082598943
905.7083333333333 24.30849136109297 22.545641156513557
906.2083333333334 24.31073716085441 22.546187667584064
906.7083333333334 24.312977370298636 22.546746571464755
907.2083333333333 24.315213101743982 22.54730185659714
907.7083333333334 24.317468975787374 22.54786066959675
908.2083333333334 24.319690822479487 22.548420298758675
908.7083333333333 24.32191143771209 22.54898057936621
909.2083333333334 24.32414518763172 22.54954218427581
909.7083333333334 24.3263570507489 22.550091359990247
910.2083333333333 24.32858051509344 22.550651565760123
910.7083333333334 24.330803191245593 22.55121392076907
911.2083333333334 24.33299062607498 22.551781430701677
911.7083333333333 24.335203449926873 22.552340089781204
