FastTrWP/PhaseSpace/IAs/snIa_0.57_30.00_0.12_-0.05.csv
# %ECSV 0.9
# ---
# datatype:
# - {name: time-rel, datatype: float64}
# - {name: g, datatype: float64}
# - {name: i, datatype: float64}
# schema: astropy-2.0
time-rel g i
[from data line 2018]
1137.4166666666667 25.158770234869788 22.75787881711723
1137.9166666666667 25.160601894696896 22.75875298071788
1138.4166666666667 25.16242916457049 22.75961574905036
1138.9166666666667 25.164278064110714 22.76048663786954
1139.4166666666667 25.16611009811172 22.761362797838373
1139.9166666666667 25.167943252436615 22.76223964996543
1140.4166666666667 25.169786674719315 22.763101616031726
1140.9166666666667 25.171621589520136 22.763975121436943
1141.4166666666667 25.17348692105001 22.764859721876164
1141.9166666666667 25.17531171082159 22.76573986833189
1142.4166666666667 25.17711810114408 22.766616436761637
1142.9166666666667 25.178988144383936 22.76750278442025
1143.4166666666667 25.180806954284986 22.768378169385688
1143.9166666666667 25.182668932743542 22.769270652084224
1144.4166666666667 25.184498954577297 22.770149327032435
1144.9166666666667 25.186364433717948 22.771043174789018
1145.4166666666667 25.188193326756206 22.771932351015614
1145.9166666666667 25.190006032383046 22.77281907970863
1146.4166666666667 25.191868587751873 22.773701010083123
1146.9166666666667 25.19371748711186 22.774590892234933
1147.4166666666667 25.19554709806122 22.775478069670932
1147.9166666666667 25.19739910118372 22.7763772199174
1148.4166666666667 25.199258280894135 22.777277340389062
1148.9166666666667 25.20110099113403 22.778160464113746
1149.4166666666667 25.202933080607103 22.77906873035823
1149.9166666666667 25.204781986018425 22.779964455077018
1150.4166666666667 25.206633325201615 22.780873628289786
1150.9166666666667 25.208460257767122 22.781769566863602
1151.4166666666667 25.210316660525717 22.7826866031756
1151.9166666666667 25.212173757621954 22.783586219161624
1152.4166666666667 25.2139983543291 22.784497873824154
1152.9166666666667 25.215880507381065 22.7854185410016
1153.4166666666667 25.217718522605367 22.786327618517866
1153.9166666666667 25.219574503340645 22.787243773197424
1154.4166666666667 25.22141326879131 22.788159497513995
1154.9166666666667 25.22325675044541 22.789078628988282
1155.4166666666667 25.225112139156597 22.790001089853796
1155.9166666666667 25.226967770178106 22.79093332908293
1156.4166666666667 25.22884021778358 22.791853486532816
1156.9166666666667 25.23069285835085 22.792773420770946
1157.4166666666667 25.232517541258645 22.79370948045152
1157.9166666666667 25.2343734851369 22.794637707995946
1158.4166666666667 25.23623156182203 22.795563087857502
1158.9166666666667 25.238079429048263 22.796498258062737
1159.4166666666667 25.239931030620735 22.797431997812716
1159.9166666666667 25.24179425542306 22.798368693322338
1160.4166666666667 25.24364671135965 22.799306046497637
1160.9166666666667 25.245477954439245 22.80024049753276
1161.4166666666667 25.247342709417218 22.80118935790467
1161.9166666666667 25.2491946410127 22.802121182827353
1162.4166666666667 25.251070707625814 22.803062977824045
1162.9166666666667 25.252902370182614 22.804004314927568
1163.4166666666667 25.254769979812277 22.804946089734983
1163.9166666666667 25.256617516717977 22.80589972128024
1164.4166666666667 25.25845094310998 22.80683610003169
1164.9166666666667 25.26032968872829 22.80778818405395
1165.4166666666667 25.26217956227972 22.80873880970606
1165.9166666666667 25.264024611722395 22.809683642013752
1166.4166666666667 25.265883214266395 22.810639621821487
1166.9166666666667 25.267752178110197 22.811587161595504
1167.4166666666667 25.269592476957975 22.81253305534006
1167.9166666666667 25.27144267055118 22.81349233551952
1168.4166666666667 25.27330836953615 22.81444414824581
1168.9166666666667 25.27513656680653 22.81540656352813
1169.4166666666667 25.277026640717036 22.816354490658718
1169.9166666666667 25.278851580209647 22.817312060180726
1170.4166666666667 25.280715239477264 22.818268703917845
1170.9166666666667 25.282584545741198 22.81923421310234
1171.4166666666667 25.284436787523774 22.820187315065958
1171.9166666666667 25.28628322104288 22.82113789139071
1172.4166666666667 25.288154441028283 22.822107038086532
1172.9166666666667 25.290004260170562 22.823060573025387
1173.4166666666667 25.29183538694403 22.824025691518752
1173.9166666666667 25.29370604361141 22.824986087353885
1174.4166666666667 25.295583537842106 22.825948635137117
1174.9166666666667 25.297443070397364 22.826902514998217
1175.4166666666667 25.29926019552295 22.827867784654025
1175.9166666666667 25.30114206411757 22.828832565154862
1176.4166666666667 25.302986452973656 22.829795203577426
1176.9166666666667 25.30485100204536 22.83074751634056
1177.4166666666667 25.306694071408753 22.83170927486807
1177.9166666666667 25.308569629755763 22.832678364039744
1178.4166666666667 25.310412706181992 22.833640033671717
1178.9166666666667 25.31225609353417 22.834602713443893
1179.4166666666667 25.314122115409575 22.83556758749874
1179.9166666666667 25.31598457766488 22.83653021641248
1180.4166666666667 25.317805338866073 22.837488767532758
1180.9166666666667 25.31966790728599 22.838448126309924
1181.4166666666667 25.321528408603342 22.83941423708836
1181.9166666666667 25.32339987164374 22.84037582051674
1182.4166666666667 25.325253211857014 22.841336978882193
1182.9166666666667 25.327084924439056 22.842296376890744
1183.4166666666667 25.328945588515815 22.843261342427134
1183.9166666666667 25.330793694140638 22.844224697782597
1184.4166666666667 25.332655511100263 22.8451906909913
1184.9166666666667 25.33449123964813 22.84614486313446
1185.4166666666667 25.33633097942357 22.847107984190032
1185.9166666666667 25.338180164555144 22.848057725336254
1186.4166666666667 25.34002847212699 22.84902463135321
1186.9166666666667 25.341886383180665 22.84997677725623
1187.4166666666667 25.343734825391206 22.850946592909555
1187.9166666666667 25.34558669724003 22.851902826232916
1188.4166666666667 25.34743304217709 22.852870397567667
1188.9166666666667 25.34926522894205 22.853825903284402
1189.4166666666667 25.351118301764185 22.854781242138454
1189.9166666666667 25.352992172999926 22.855749356085354
1190.4166666666667 25.354833654399304 22.856718937148802
1190.9166666666667 25.35665558137856 22.857685653617324
1191.4166666666667 25.358523132232826 22.858647527657865
1191.9166666666667 25.36037636700526 22.859615992694753
1192.4166666666667 25.36219360606068 22.86057467484108
1192.9166666666667 25.364048623450863 22.861546970054164
1193.4166666666667 25.365919074064106 22.86250913282359
1193.9166666666667 25.3677409245224 22.8634895648728
1194.4166666666667 25.36959856947325 22.86444737306319
1194.9166666666667 25.371458105353334 22.865411639848936
1195.4166666666667 25.373305791536723 22.866393778605172
1195.9166666666667 25.375108810660368 22.867357911382534
1196.4166666666667 25.376951276932243 22.868328452852413
1196.9166666666667 25.378818542286062 22.869295501169915
1197.4166666666667 25.380664457348136 22.870272045355613
1197.9166666666667 25.382505746460637 22.871241547000984
1198.4166666666667 25.384351245499023 22.87220523013097
1198.9166666666667 25.386175613335787 22.87318688176635
1199.4166666666667 25.38806002143061 22.874162532079445
1199.9166666666667 25.389888772191824 22.87513193588743
1200.4166666666667 25.391721503336882 22.876104252876278
1200.9166666666667 25.393549078849112 22.877071664890003
1201.4166666666667 25.3954282592129 22.87805782992355
1201.9166666666667 25.397268315812237 22.87902873858166
1202.4166666666667 25.399056242047074 22.88000451244024
1202.9166666666667 25.400920504530482 22.88098140675706
1203.4166666666667 25.40277848250952 22.881949805199305
1203.9166666666667 25.40461953073967 22.882935114807317
1204.4166666666667 25.406445640595607 22.88390917704321
1204.9166666666667 25.40830313623285 22.88488875763198
1205.4166666666667 25.41012508501982 22.885857819766862
1205.9166666666667 25.411946491899016 22.886840121022228
1206.4166666666667 25.41379952619211 22.887819308547034
1206.9166666666667 25.41563477493186 22.88878756329634
1207.4166666666667 25.417460480703078 22.88977778727167
1207.9166666666667 25.419288095822296 22.89075269013405
1208.4166666666667 25.421123803814353 22.891729396248948
1208.9166666666667 25.422964811534307 22.8927144411734
1209.4166666666667 25.424773022414495 22.893687389933362
1209.9166666666667 25.426624000395357 22.8946721010068
1210.4166666666667 25.428437278412332 22.895651471017267
1210.9166666666667 25.430263188075408 22.89663767599931
1211.4166666666667 25.432102778585502 22.897617317897133
1211.9166666666667 25.433922948184847 22.898596637339573
1212.4166666666667 25.435748751751795 22.899569524849955
1212.9166666666667 25.437585295662753 22.900560341705294
1213.4166666666667 25.43940124759766 22.901547170948348
1213.9166666666667 25.44123998039411 22.902523864258182
1214.4166666666667 25.44306012628202 22.90350508262282
1214.9166666666667 25.44484755944927 22.904488205486388
1215.4166666666667 25.446658707419907 22.905462417229256
1215.9166666666667 25.448505012940466 22.90645278311303
1216.4166666666667 25.450322543411573 22.907436683711552
1216.9166666666667 25.452179045366172 22.90842050733763
1217.4166666666667 25.453980445181756 22.909402624256842
1217.9166666666667 25.455803049678085 22.91038519060845
1218.4166666666667 25.45759725786763 22.91137494750351
1218.9166666666667 25.459396490223195 22.91234938024864
1219.4166666666667 25.46123532083373 22.91334278979692
1219.9166666666667 25.463040046685027 22.914325126345343
1220.4166666666667 25.46486065413046 22.91530547483973
1220.9166666666667 25.46667420464675 22.916289204787166
1221.4166666666667 25.468491091503708 22.917278472391942
1221.9166666666667 25.47026957409681 22.91827014366583
1222.4166666666667 25.472086371961296 22.919247779062985
1222.9166666666667 25.47386867999334 22.920232710951613
1223.4166666666667 25.475707844887303 22.921206046838098
1223.9166666666667 25.477510528789683 22.922202758553894
1224.4166666666667 25.479295446927356 22.92319125192368
1224.9166666666667 25.48110859055462 22.92417141173349
1225.4166666666667 25.482901491489777 22.92516078500226
1225.9166666666667 25.484703296912596 22.926137844624886
1226.4166666666667 25.486466628042894 22.92712814865773
1226.9166666666667 25.488320412855067 22.92811975172707
1227.4166666666667 25.490092310270352 22.929106518493892
1227.9166666666667 25.4918783246524 22.930093737652765
1228.4166666666667 25.493685989971215 22.931084069285475
1228.9166666666667 25.495488089996236 22.932065851131796
1229.4166666666667 25.497247690687267 22.933054453548802
1229.9166666666667 25.499076552057147 22.934048541046327
1230.4166666666667 25.500871747269404 22.935033157242536
1230.9166666666667 25.502625016317012 22.936026955402035
1231.4166666666667 25.504424546906748 22.93701006655379
1231.9166666666667 25.506227887701915 22.938005346356263
1232.4166666666667 25.50799886384125 22.93898498979045
1232.9166666666667 25.509814511039824 22.93998237332935
1233.4166666666667 25.511589975661938 22.940971338026422
1233.9166666666667 25.513374821850796 22.941958748251473
1234.4166666666667 25.51513751757126 22.942955364750084
1234.9166666666667 25.516926398573375 22.943945089252185
1235.4166666666667 25.518706147445545 22.944934208374054
1235.9166666666667 25.520459953988386 22.945930942201077
1236.4166666666667 25.522247896775827 22.94691746074396
1236.9166666666667 25.524043951982897 22.947917658151393
1237.4166666666667 25.525800966558716 22.948910020619397
1237.9166666666667 25.527572671099673 22.94990161149292
1238.4166666666667 25.52934770227605 22.95089074384565
1238.9166666666667 25.531167408555937 22.9518844660581
1239.4166666666667 25.532902380154727 22.952878502028327
1239.9166666666667 25.534634388164204 22.953859369255056
1240.4166666666667 25.536416273404527 22.954865409655273
1240.9166666666667 25.538207712105155 22.95586215219562
1241.4166666666667 25.539970950944696 22.95685434854622
1241.9166666666667 25.541705253949157 22.957841094629345
1242.4166666666667 25.543467207592464 22.95884012072877
1242.9166666666667 25.545218431339176 22.95983459128784
1243.4166666666667 25.546991186676422 22.96083724824696
1243.9166666666667 25.548772231822007 22.961833195892716
1244.4166666666667 25.550514373843775 22.96282149057855
1244.9166666666667 25.552268096710023 22.963820442115615
1245.4166666666667 25.554014494997467 22.964816779252647
1245.9166666666667 25.55573597981478 22.965819905771415
1246.4166666666667 25.557503435107183 22.966815890046526
1246.9166666666667 25.559237238896277 22.967804063699138
1247.4166666666667 25.56100914713643 22.968808429972093
1247.9166666666667 25.56273699429652 22.96979572820282
1248.4166666666667 25.56447954498762 22.97079413437627
1248.9166666666667 25.56620870287191 22.971801704978905
1249.4166666666667 25.56794562960928 22.97279821662055
1249.9166666666667 25.569701514237153 22.97379080070933
1250.4166666666667 25.57140770551152 22.974791349570303
1250.9166666666667 25.573113292040432 22.975790983986716
1251.4166666666667 25.57484403644446 22.976788782482803
1251.9166666666667 25.576577281710247 22.977786858709056
1252.4166666666667 25.57829765242488 22.978789631137047
1252.9166666666667 25.58003834174245 22.97978820990403
1253.4166666666667 25.581758116208203 22.98078609125305
1253.9166666666667 25.583486156359694 22.98178293737074
1254.4166666666667 25.58517611206012 22.982789859779558
1254.9166666666667 25.586893663568972 22.98377722313778
1255.4166666666667 25.588606598626697 22.984783449604524
1255.9166666666667 25.59030589174349 22.985789301825687
1256.4166666666667 25.5920084749506 22.986792070282704
1256.9166666666667 25.593701357013288 22.987783699018234
1257.4166666666667 25.595412517381526 22.98878168798516
1257.9166666666667 25.597104336498212 22.989793922551776
1258.4166666666667 25.598791409397684 22.990792981923875
1258.9166666666667 25.600480856446488 22.991795931821372
1259.4166666666667 25.60218959892422 22.99279716781255
1259.9166666666667 25.603891411062534 22.99379595607647
1260.4166666666667 25.605543540641875 22.99479585718253
1260.9166666666667 25.607237198238746 22.995805819653555
1261.4166666666667 25.608934925889805 22.996808597191468
1261.9166666666667 25.610571586775936 22.997811672276036
1262.4166666666667 25.612282015558485 22.99881574894732
1262.9166666666667 25.61394539680762 22.999819416363998
1263.4166666666667 25.61560139685313 23.000820859756168
1263.9166666666667 25.61731313911521 23.001826203078203
1264.4166666666667 25.618956261160548 23.002827401566385
1264.9166666666667 25.62062911665229 23.003836173848164
1265.4166666666667 25.622283093667363 23.004834345904314
1265.9166666666667 25.623921290402492 23.005841856628344
1266.4166666666667 25.625610542068614 23.006849388484802
1266.9166666666667 25.627249813364614 23.007854408864713
1267.4166666666667 25.628903241395218 23.00885957388456
1267.9166666666667 25.630567409691565 23.00986815653413
1268.4166666666667 25.632210305439102 23.010866939184712
1268.9166666666667 25.633843317214552 23.01188360722775
1269.4166666666667 25.63550897912264 23.012883278872028
1269.9166666666667 25.637141206878297 23.013898170247824
1270.4166666666667 25.638800225555013 23.014903836168862
1270.9166666666667 25.640428268922292 23.01591322830177
1271.4166666666667 25.642068705118927 23.0169238688897
1271.9166666666667 25.643669907815188 23.017919925731224
1272.4166666666667 25.645336744557355 23.01893161830803
1272.9166666666667 25.646955674646755 23.019943875444348
1273.4166666666667 25.648566413811483 23.020951714186744
1273.9166666666667 25.65021141387782 23.021958806301978
1274.4166666666667 25.65182522537647 23.022961894119412
1274.9166666666667 25.653454865179324 23.023973993948093
1275.4166666666667 25.65505567855224 23.024981120241257
1275.9166666666667 25.656675519822976 23.02599609037565
1276.4166666666667 25.65829791790387 23.02701029476172
1276.9166666666667 25.65989795760542 23.028021330439138
1277.4166666666667 25.661499737077875 23.02903411667501
1277.9166666666667 25.663089529288076 23.030034451330785
1278.4166666666667 25.664659195560844 23.031047335675385
