FastTrWP/PhaseSpace/IAs/snIa_0.45_30.00_0.05_0.09.csv
# %ECSV 0.9
# ---
# datatype:
# - {name: time-rel, datatype: float64}
# - {name: g, datatype: float64}
# - {name: i, datatype: float64}
# schema: astropy-2.0
time-rel g i
[from data line 865]
620.7291666666666 23.380307425248375 22.34420382161886
621.2291666666666 23.380484202896735 22.343685530592396
621.7291666666666 23.380656194139387 22.343187329412395
622.2291666666666 23.380831776034032 22.342688086914006
622.7291666666666 23.381012890531352 22.34219911843583
623.2291666666666 23.38121783652546 22.34170485333747
623.7291666666666 23.38141743028882 22.341206751802485
624.2291666666666 23.38160864778043 22.340725196825012
624.7291666666666 23.381824855185695 22.340234845714207
625.2291666666666 23.382035273327094 22.339757292516037
625.7291666666666 23.382252640574887 22.339269031064347
626.2291666666666 23.38248443645544 22.338796545140372
626.7291666666666 23.382700407395546 22.338316464503162
627.2291666666666 23.38293622143925 22.337846341611403
627.7291666666666 23.383178587233967 22.3373688319439
628.2291666666666 23.38342300213077 22.336904633784172
628.7291666666666 23.38367762900856 22.336434349280392
629.2291666666666 23.383924571927967 22.335966436322785
629.7291666666666 23.384183194558176 22.335505160444775
630.2291666666666 23.384454407059756 22.335045437356307
630.7291666666666 23.384713878422126 22.334583353731286
631.2291666666666 23.38499128939475 22.33413099722044
631.7291666666666 23.38528067495273 22.333672626759267
632.2291666666666 23.385555347607916 22.333229536725415
632.7291666666666 23.38584880437475 22.332776084329858
633.2291666666666 23.386139999587407 22.332330159319614
633.7291666666666 23.386449564017152 22.331887237694318
634.2291666666666 23.38675567324703 22.33144426691542
634.7291666666666 23.387064160515166 22.33100646261224
635.2291666666666 23.387372999059615 22.33057718742838
635.7291666666666 23.387695045386195 22.33013764162817
636.2291666666666 23.388035176502015 22.32970623485127
636.7291666666666 23.388364948874415 22.329275046409883
637.2291666666666 23.38868972306627 22.328849434348328
637.7291666666666 23.389044724503336 22.32842919009355
638.2291666666666 23.38939292779791 22.32800104825218
638.7291666666666 23.389749212116058 22.32758507626172
639.2291666666666 23.39010235565572 22.327168920115263
639.7291666666666 23.390463470271612 22.32675139232682
640.2291666666666 23.390840601652783 22.32634168391565
640.7291666666666 23.391214294024113 22.325932690822047
641.2291666666666 23.391594636931007 22.325520522904956
641.7291666666666 23.391977411194528 22.325121583511574
642.2291666666666 23.39238076057252 22.32472010727716
642.7291666666666 23.39277250925898 22.32431500819017
643.2291666666666 23.393182267631772 22.323919726102886
643.7291666666666 23.393587923350655 22.323526874168635
644.2291666666666 23.394008668988988 22.323134494310374
644.7291666666666 23.394422601383177 22.322744034901895
645.2291666666666 23.39485762678248 22.322356447977953
645.7291666666666 23.39527106152138 22.32197541999531
646.2291666666666 23.395706708673995 22.3215926901735
646.7291666666666 23.396154796791006 22.321212596163818
647.2291666666666 23.39659513601784 22.32083600047723
647.7291666666666 23.39706855977102 22.32045980225984
648.2291666666666 23.397513848892665 22.320083829983698
648.7291666666666 23.39798059522213 22.319717295108287
649.2291666666666 23.398447894358267 22.31935130336728
649.7291666666666 23.39891899416337 22.318988054256337
650.2291666666666 23.3994170836055 22.318629333158817
650.7291666666666 23.399901477282313 22.318268711408543
651.2291666666666 23.400392474785228 22.317912896518152
651.7291666666666 23.400898167455473 22.317561545714458
652.2291666666666 23.401403617852807 22.31721434321993
652.7291666666666 23.40191208296952 22.316860437087577
653.2291666666666 23.402424388286573 22.316518338723654
653.7291666666666 23.40294287682875 22.31617638370271
654.2291666666666 23.40347216866609 22.315835736312316
654.7291666666666 23.40401612966002 22.315496435187164
655.2291666666666 23.404551668685944 22.315163528656335
655.7291666666666 23.40509879685172 22.314830109856395
656.2291666666666 23.405650479413076 22.314502181730738
656.7291666666666 23.4062040950566 22.314169025673586
657.2291666666666 23.406769395523913 22.313847956551037
657.7291666666666 23.40735871686759 22.313520357708235
658.2291666666666 23.40791941944703 22.31320604171358
658.7291666666666 23.408506881856436 22.312888669112553
659.2291666666666 23.40910395473031 22.312575277950213
659.7291666666666 23.409694766373455 22.31226663297643
660.2291666666666 23.410301699559778 22.3119595806463
660.7291666666666 23.41092487808733 22.31165598806077
661.2291666666666 23.411534005607137 22.311348484971766
661.7291666666666 23.412167325661805 22.311056843742104
662.2291666666666 23.412813490170524 22.31075432608523
662.7291666666666 23.413456519423757 22.310461763924252
663.2291666666666 23.414114221294092 22.31017279042733
663.7291666666666 23.414776114382935 22.30988353996527
664.2291666666666 23.41544583918406 22.30958985733141
664.7291666666666 23.41612915897273 22.309309430259322
665.2291666666666 23.416808900157015 22.30902321429959
665.7291666666666 23.417503250851674 22.308749108597453
666.2291666666666 23.41820097312406 22.308476166307134
666.7291666666666 23.4189097470697 22.308204033441484
667.2291666666666 23.419614950441655 22.30793042624725
667.7291666666666 23.420337102970464 22.30766165907932
668.2291666666666 23.421060072872244 22.307402972510594
668.7291666666666 23.42179433162954 22.307133950685305
669.2291666666666 23.422536467243983 22.30686874125651
669.7291666666666 23.42328698619626 22.306617547823365
670.2291666666666 23.42404653615844 22.306355602964153
670.7291666666666 23.424805805783976 22.306109414407462
671.2291666666666 23.425562299154635 22.30586146276739
671.7291666666666 23.42632428973357 22.305609973625174
672.2291666666666 23.42711279272702 22.30535881033168
672.7291666666666 23.42788485871108 22.305115649993205
673.2291666666666 23.428692130315376 22.30487489377414
673.7291666666666 23.429477069924417 22.304637490859214
674.2291666666666 23.430278910816597 22.304399063134536
674.7291666666666 23.431083217975836 22.304162671206527
675.2291666666666 23.431886133735176 22.303931561199537
675.7291666666666 23.432711641954395 22.303702504352472
676.2291666666666 23.43352537076999 22.303473464103938
676.7291666666666 23.434355108099545 22.303260518629436
677.2291666666666 23.43518746737795 22.303030503915085
677.7291666666666 23.436016572955847 22.302814947203238
678.2291666666666 23.436852467781108 22.30259782519964
678.7291666666666 23.43770501492078 22.30238105313566
679.2291666666666 23.438553448967273 22.302159258687087
679.7291666666666 23.439405085795123 22.301956661475316
680.2291666666666 23.44026120997496 22.301744605732576
680.7291666666666 23.44112329861348 22.301540158355312
681.2291666666666 23.441992351515854 22.301342777832126
681.7291666666666 23.442855990481544 22.301133397562808
682.2291666666666 23.44372474689233 22.3009351404843
682.7291666666666 23.444604293617083 22.30074003874966
683.2291666666666 23.44548072134224 22.300542421603264
683.7291666666666 23.446369399400183 22.300347669366634
684.2291666666666 23.447258021008185 22.30015840310518
684.7291666666666 23.448140936373182 22.29996865555945
685.2291666666666 23.449040751400684 22.299783794084554
685.7291666666666 23.449930236164032 22.299602125660016
686.2291666666666 23.450835698393455 22.299414854508814
686.7291666666666 23.451731845332358 22.299232674709508
687.2291666666666 23.452643958958124 22.299062927179307
687.7291666666666 23.453536502384438 22.298885070336503
688.2291666666666 23.454453500488064 22.2987079340759
688.7291666666666 23.455368804785497 22.298539670343295
689.2291666666666 23.456272182845808 22.298364919639944
689.7291666666666 23.45719281503785 22.298201458241792
690.2291666666666 23.458095172521706 22.298037228270374
690.7291666666666 23.459024807036037 22.29786938654739
691.2291666666666 23.459946813344942 22.297710509386114
691.7291666666666 23.460861474453377 22.297549090579324
692.2291666666666 23.4617826423047 22.297397935072215
692.7291666666666 23.462703184328824 22.29723775186033
693.2291666666666 23.46362870879328 22.297085100278263
