FastTrWP/PhaseSpace/IAs/snIa_0.55_30.00_0.14_0.15.csv
# %ECSV 0.9
# ---
# datatype:
# - {name: time-rel, datatype: float64}
# - {name: g, datatype: float64}
# - {name: i, datatype: float64}
# schema: astropy-2.0
time-rel g i
[from data line 363]
-207.0 24.690050237607363 23.067393592420927
-206.5 24.686128391860525 23.06471511711965
-206.0 24.682212634718447 23.062040664546682
-205.5 24.678306487801915 23.059364061684388
-205.0 24.674368778781535 23.056701381185047
-204.5 24.670484720510114 23.054030147725307
-204.0 24.66658753412666 23.05138530405341
-203.5 24.662703816338713 23.048729634052965
-203.0 24.658810056379224 23.04607705374916
-202.5 24.654947096037883 23.04343022417125
-202.0 24.651069643565947 23.040788543456095
-201.5 24.647194156367473 23.03815217709575
-201.0 24.643328663786747 23.03552878452926
-200.5 24.639506897490083 23.03288835177726
-200.0 24.63565109164538 23.03026178720483
-199.5 24.63180583349898 23.027635523415057
-199.0 24.6279642406514 23.025026562556988
-198.5 24.624142609925556 23.02241451939632
-198.0 24.620318927067814 23.01979165775441
-197.5 24.61648606823557 23.01719294545162
-197.0 24.612666233185713 23.014593248641937
-196.5 24.60886170775913 23.011995142037115
-196.0 24.605079263527667 23.009392837304606
-195.5 24.601283937841664 23.006813186476936
-195.0 24.597495403780663 23.004222516400375
-194.5 24.59370856749117 23.00162949568783
-194.0 24.589921086016776 22.999059869816843
-193.5 24.586164578655865 22.99647374171459
-193.0 24.582386216588997 22.993898509401383
-192.5 24.57863128376811 22.99133135291568
-192.0 24.574855103497452 22.988774523236142
-191.5 24.57110819208554 22.986197211734876
-191.0 24.56736493526698 22.983656153385756
-190.5 24.56362418578472 22.98108594075851
-190.0 24.55988219531099 22.978540439730804
-189.5 24.556153497336588 22.975990465432147
-189.0 24.55242702908005 22.973443328674254
-188.5 24.548716533981043 22.970896676934238
-188.0 24.544997654571937 22.968356819140684
-187.5 24.541287486611026 22.965832655086572
-187.0 24.537599825962477 22.963293325150683
-186.5 24.533896684273685 22.960761277350446
-186.0 24.530196054762182 22.958234949806172
-185.5 24.526496414479094 22.95572001995444
-185.0 24.522823084532543 22.953189698068975
-184.5 24.51916412212805 22.9506749220598
-184.0 24.51546679188528 22.94815467234246
-183.50000000000006 24.51179801919032 22.94564352879297
-183.0 24.50812358704992 22.94313470808146
-182.5 24.504443033782483 22.940625016815886
-182.00000000000006 24.50074726881333 22.938106223877686
-181.5 24.4970518889483 22.935595178722956
-181.0 24.49333919104919 22.933082723371466
-180.50000000000006 24.489631332237835 22.930567106074417
-180.0 24.485911822427347 22.928056163134997
-179.5 24.482200675243014 22.925538772979795
-179.00000000000006 24.47849997641893 22.923036799152058
-178.5 24.47478125398471 22.92051552287377
-178.0 24.471069810398994 22.918002589229584
-177.50000000000006 24.467371273172205 22.915502591044632
-177.0 24.463634074431752 22.912996551865
-176.5 24.459942115664575 22.910496361079606
-176.00000000000006 24.4562181892589 22.907979047365465
-175.5 24.45249193457355 22.905484167712416
-175.0 24.448803424762584 22.90298146268347
-174.50000000000006 24.445099955238167 22.900498489282196
-174.0 24.44139111195032 22.89798608126787
-173.5 24.43767163533775 22.8955042176597
-173.00000000000006 24.43400447752719 22.893022034958825
-172.5 24.430319596495615 22.89053289732912
-172.0 24.42662551143474 22.888043289662683
-171.50000000000006 24.422940824961433 22.885572550069607
-171.0 24.419262579693694 22.883094953550923
-170.5 24.41559114508683 22.88061796011258
-170.00000000000006 24.411939429282775 22.87815596024498
-169.5 24.408291401231338 22.875693328404203
-169.0 24.404645591059477 22.873231129112554
-168.50000000000006 24.401009679975722 22.870781540733013
-168.0 24.397394642851417 22.86831911256086
-167.5 24.393766847270047 22.865870718049553
-167.00000000000006 24.39018090701603 22.863429907606445
-166.5 24.3865724049546 22.86098928862561
-166.0 24.382978615281857 22.858566492626665
-165.50000000000006 24.37937858797911 22.856127986405596
-165.0 24.37582629483841 22.853710170308304
-164.5 24.37227080245192 22.851295426498584
-164.00000000000006 24.368733179704975 22.84888027291936
-163.5 24.36519289605258 22.846473219538176
-163.0 24.361694390006484 22.844080077105854
-162.50000000000006 24.35818651414069 22.841688411574896
-162.0 24.35469178498913 22.83929515408982
-161.5 24.351205953458212 22.83690475631541
-161.00000000000006 24.34774329513358 22.834530952215676
-160.5 24.34429630757839 22.832160023817984
-160.0 24.340858371512432 22.8298018139687
-159.50000000000006 24.337423628028333 22.827446399918262
-159.0 24.33403603764432 22.825090980632044
-158.5 24.33064203436665 22.82275360685544
-158.00000000000006 24.327257702154213 22.82040266350655
-157.5 24.32388867637769 22.81807814597888
-157.0 24.320558236474486 22.815758763742124
-156.50000000000006 24.317235959409793 22.81344997021092
-156.0 24.313922877320998 22.8111350257253
-155.5 24.310638141695144 22.808838124119816
-155.00000000000006 24.307357717891534 22.80654894776747
-154.5 24.30411044676671 22.804265959592268
-154.0 24.300857481645455 22.80199089257672
-153.50000000000006 24.29764592057331 22.799723441333736
-153.0 24.294443845917932 22.797465119118492
-152.5 24.29127498850368 22.795206505524284
-152.00000000000006 24.28810044288562 22.79296490286862
-151.5 24.284950752696144 22.790732599310466
-151.0 24.28183432340112 22.78850003717433
-150.50000000000006 24.278740341324024 22.78628381821429
-150.0 24.275639092199725 22.78407367052397
-149.5 24.272577424141588 22.78187241218606
-149.00000000000006 24.2695517177669 22.7796785119485
-148.5 24.266537832663055 22.777502820835732
-148.0 24.2635321582094 22.775327802540325
-147.50000000000006 24.260546790104183 22.773164883267118
-147.0 24.257600914260188 22.771009168949675
-146.5 24.254658837223623 22.768867119610565
-146.00000000000006 24.251746430076757 22.766721324480844
-145.5 24.248800766968202 22.76457171710877
-145.0 24.245906528333883 22.76245445784476
-144.50000000000006 24.243020010574625 22.760317833812294
-144.0 24.24011322360672 22.758198825174205
-143.5 24.237223083579092 22.756072646735642
-143.00000000000006 24.23434667095911 22.75396022564128
-142.5 24.23146108405271 22.751847847486516
-142.0 24.228609961899153 22.749742739604287
-141.50000000000006 24.225767618529407 22.747632562509157
-141.0 24.222912080214467 22.745539205138353
-140.5 24.220071232400635 22.74344692128666
-140.00000000000006 24.217254320166774 22.741353557833364
-139.5 24.214425114141413 22.739274177806287
-139.0 24.211616812131147 22.737187198794842
-138.50000000000006 24.20881361332905 22.735115786139698
-138.0 24.20602103677798 22.733048884232257
-137.5 24.20323369656197 22.730978147975275
-137.00000000000006 24.200472675057835 22.728926608116367
-136.5 24.197724003997575 22.726868967459417
-136.0 24.194978268603062 22.72482289343547
-135.50000000000006 24.192225257800377 22.722767150715413
-135.0 24.189507567763812 22.720729759439138
-134.5 24.186787270086484 22.71870110565922
-134.00000000000006 24.18407122406807 22.716675671244978
-133.5 24.181360343893303 22.714658352182813
-133.0 24.178684321483548 22.712631611470783
-132.50000000000006 24.17602479767659 22.7106203975829
-132.0 24.173362545297227 22.708613563502112
-131.5 24.170714522246616 22.706609248001477
-131.00000000000006 24.16806103759842 22.704620540391495
-130.5 24.16542609429877 22.70262821446506
-130.0 24.16282552121293 22.700639889363426
-129.50000000000006 24.160215067347742 22.69866284214659
-129.0 24.157632134296726 22.696692837967156
-128.5 24.1550529777574 22.694717767653763
-128.00000000000006 24.152475709452382 22.6927662427183
-127.5 24.149926311154655 22.69080792272572
-127.0 24.14736425741485 22.688862225286805
-126.50000000000006 24.144858081645655 22.686912398006484
-126.0 24.14233259633182 22.6849776193907
-125.5 24.139822279435975 22.683048550888266
-125.00000000000006 24.137339664421773 22.681125075527845
-124.5 24.13486769163213 22.67920932519449
-124.0 24.132404634082008 22.67729707668291
-123.50000000000006 24.12995017707216 22.675390733621796
-123.0 24.12752371508055 22.673494932184507
-122.5 24.125098093678794 22.67159790040492
-122.00000000000006 24.12268090663367 22.6697100282918
-121.5 24.120303015644975 22.66783008679532
-121.0 24.117911199949468 22.665959613982515
-120.50000000000006 24.115534394520502 22.66409863657049
-120.0 24.113193462641718 22.662238570268038
-119.5 24.110863363041485 22.660384507672667
-119.00000000000006 24.10854857965454 22.658540029612947
-118.5 24.106224011307518 22.656695250244386
-118.0 24.103933801506745 22.65486224803222
-117.50000000000006 24.10165927284139 22.653033287455205
-117.0 24.099396573726285 22.65121994282319
-116.5 24.097148666722767 22.64941005434092
-116.00000000000006 24.09490531754638 22.647609071713035
-115.5 24.092679716095823 22.645803543356987
-115.0 24.090453272660124 22.64401803410903
-114.50000000000006 24.088283030963833 22.64222217543745
-114.0 24.086101826817455 22.640449415473878
-113.5 24.083952373051535 22.63868341871316
-113.00000000000006 24.08180784826436 22.636913574673883
-112.5 24.07967667489232 22.635164774757865
-112.0 24.077585780843638 22.633415792644932
-111.50000000000006 24.075487676416895 22.63167572244567
-111.0 24.07339952452094 22.629946057235703
-110.5 24.07134514339983 22.628221278325313
-110.00000000000006 24.0692860500058 22.626501213308586
-109.5 24.067254496332314 22.62478948807933
-109.0 24.06524189919463 22.62308448721347
-108.50000000000006 24.063245698711082 22.62138861188012
-108.0 24.061266620771228 22.61969033563114
-107.5 24.059267987698767 22.618005913219392
-107.00000000000006 24.05728453226503 22.616331357032774
-106.5 24.055330512093427 22.61464669744376
-106.0 24.053375028650052 22.612972482951932
-105.50000000000006 24.051446271456804 22.611304615404023
-105.0 24.04951994457506 22.609647666270504
-104.5 24.047611551394226 22.607998580561762
-104.00000000000006 24.04569405149899 22.60634742676332
-103.5 24.04380144543928 22.604701200378294
-103.0 24.04192901016699 22.603059956349192
-102.50000000000006 24.040047428244307 22.601427929801986
-102.0 24.038186750458532 22.59980648595782
-101.5 24.03631519326148 22.598182535391153
-101.00000000000006 24.034490363213216 22.596556759509212
-100.5 24.032669046764795 22.59494288129872
-100.0 24.030833299121817 22.593346954593827
-99.50000000000006 24.02901916720979 22.591742086689347
-99.0 24.027227434569426 22.590145154778845
-98.5 24.025452305600673 22.588549587256278
-98.00000000000006 24.023675246051862 22.586973678955218
-97.5 24.02190136203164 22.58539321189723
-97.0 24.02014495340412 22.58380699440407
-96.50000000000006 24.018410455490887 22.582246672791882
-96.0 24.01667935938952 22.580687259465684
-95.5 24.01495219725923 22.579126474853297
-95.00000000000006 24.013230871256198 22.577573211953194
-94.5 24.011535684492927 22.57602190465793
-94.0 24.009844135802616 22.574479825934063
-93.50000000000006 24.008165238000927 22.572939263775066
-93.0 24.006492475962844 22.571410966239945
-92.5 24.004835599161755 22.56988381850524
-92.00000000000006 24.003185585470348 22.568365775386322
-91.5 24.001552830768237 22.566843919856158
-91.0 23.999938557525642 22.56533521669244
-90.50000000000006 23.998310719201488 22.563828825840968
-90.0 23.99670906098223 22.562325500953474
-89.5 23.995112067225026 22.560832434253623
-89.00000000000006 23.993517871142657 22.559340398914514
-88.5 23.991942410650047 22.557854147870223
-88.0 23.990367729797217 22.556372814572484
-87.50000000000006 23.988833000795694 22.554903466067195
-87.0 23.987301770503137 22.553428421078657
-86.5 23.985750128898072 22.55196242876029
-86.00000000000006 23.98422966690926 22.55050002427958
-85.5 23.98270451997771 22.54904549853242
-85.0 23.98122385788115 22.547602245033612
-84.50000000000006 23.979720202953203 22.5461553894584
-84.0 23.978236092883392 22.54471385544293
-83.5 23.976770659073345 22.543278575783038
-83.00000000000006 23.975318769620657 22.541847491689285
-82.5 23.97385788334681 22.540421720012947
-82.0 23.97241462629381 22.53900966744853
-81.50000000000006 23.970987601578013 22.53759780601444
-81.0 23.969568447593197 22.5361802129025
-80.5 23.968165568249916 22.534778091887556
-80.00000000000006 23.96677072236646 22.53338425147173
-79.5 23.965373181327017 22.53198154725485
-79.0 23.963996337184756 22.530606112607646
-78.50000000000006 23.962653459746047 22.529216196090754
-78.0 23.96126727805262 22.52784306324168
-77.5 23.959920576479924 22.526463773522558
-77.00000000000006 23.958594807141846 22.525093584775195
-76.5 23.95726282974207 22.52373222946717
-76.0 23.95596016799546 22.522376517725466
-75.50000000000006 23.954652149199546 22.52101632554375
-75.0 23.953355370105378 22.519671339244184
-74.5 23.95206774911424 22.518317610828404
-74.00000000000006 23.950801549068363 22.51698352817264
-73.5 23.949525725324747 22.51565411676927
-73.0 23.948268769094593 22.51432959576954
-72.50000000000006 23.947035766586524 22.513000050870904
-72.0 23.945794707614713 22.511682021873305
-71.5 23.94458264530298 22.510366050104853
-71.00000000000006 23.943357823461188 22.50905324870141
-70.5 23.942152655912036 22.507749033982932
-70.0 23.940954791131745 22.506450299161052
-69.50000000000006 23.939767985933727 22.505154037878462
-69.0 23.938576262487004 22.50385643011964
-68.5 23.93741638980362 22.502566868701383
-68.00000000000006 23.936237289883984 22.501288813340572
-67.5 23.93508746146143 22.500006451862188
-67.0 23.933943300467742 22.4987332253114
-66.50000000000006 23.932793255854087 22.49746187591329
-66.0 23.931672655214527 22.49619217340239
-65.5 23.93055114147705 22.49493759271496
-65.00000000000006 23.9294355765357 22.493663930219384
-64.5 23.928338969637096 22.492420203397728
-64.0 23.92723624692995 22.491161091084034
-63.50000000000006 23.926156351844824 22.48992004213667
-63.0 23.925076525273454 22.488682353705837
-62.5 23.92400298374706 22.48744336262356
-62.00000000000006 23.922927238235925 22.486205257175783
-61.5 23.921889308374112 22.484972901900857
-61.0 23.920847014724494 22.483756587947102
-60.50000000000006 23.91981664653307 22.482537497719694
-60.0 23.91878737326442 22.481319309305388
-59.5 23.917782378686823 22.480110074308485
-59.00000000000006 23.91676899737928 22.478899208831432
-58.5 23.915768305493792 22.47770381319342
-58.0 23.91477314475242 22.47650577185141
-57.50000000000006 23.91380323134857 22.47531486807859
-57.0 23.912816588023542 22.474119296756285
-56.5 23.911860051283046 22.472938816625106
-56.0 23.91091255132618 22.471756870357154
-55.5 23.90996175181996 22.470586529921526
-55.0 23.909014143027832 22.469405138463102
-54.5 23.90809432644403 22.46824887470948
-54.0 23.907191607467574 22.46708047506906
-53.5 23.906270268457384 22.46592552104142
-53.0 23.90538110822237 22.464764972732656
-52.5 23.904481196318464 22.463615351883387
-52.0 23.90360399707848 22.462469329319855
-51.5 23.902729119069317 22.461328912080198
-51.0 23.901862532369353 22.46019547487801
-50.5 23.901003430206508 22.459066168760714
-50.0 23.90016337504459 22.45793197355722
-49.5 23.899326655483186 22.456808901778903
-49.0 23.898496270605463 22.45568930119939
-48.5 23.89767091930974 22.45458302934678
-48.0 23.896880024058675 22.453466650838752
-47.5 23.896084065222812 22.452360020695423
-47.0 23.89527598602729 22.45125598722351
-46.5 23.894508876241662 22.45016197156243
-46.0 23.893741947542743 22.44907208340065
-45.5 23.892970812554143 22.447978003546346
-45.0 23.892220360809286 22.4469016470101
-44.5 23.89148481130778 22.44581589063417
-44.0 23.890745812854647 22.444743788853735
-43.5 23.890021863588675 22.443672554180637
-43.0 23.889313876434354 22.44261080115953
-42.5 23.88859733070508 22.441548319570984
-42.0 23.887904889024007 22.440485797169146
-41.5 23.88722737456741 22.439434123314683
-41.0 23.886539034617602 22.438383065337387
-40.5 23.885876562860723 22.437341769420186
-40.0 23.885219651042952 22.436302137596318
-39.5 23.884567653348498 22.435268313253488
-39.0 23.883942583134726 22.434237351592103
-38.5 23.883310896484353 22.43321084885254
-38.0 23.8826806608893 22.432189903998292
