FastTrWP/PhaseSpace/IAs/snIa_0.57_30.00_0.12_-0.05.csv
# %ECSV 0.9
# ---
# datatype:
# - {name: time-rel, datatype: float64}
# - {name: g, datatype: float64}
# - {name: i, datatype: float64}
# schema: astropy-2.0
time-rel g i
[from data line 864]
560.4166666666666 23.36950455934347 22.440811042835513
560.9166666666666 23.369783392438933 22.440157959267673
561.4166666666666 23.37007258376801 22.439503147433882
561.9166666666666 23.370371411947982 22.43884887848141
562.4166666666666 23.370673288907664 22.438197780063398
562.9166666666666 23.370984155539162 22.43755130041906
563.4166666666666 23.371296996849225 22.436911555007736
563.9166666666666 23.371603467784077 22.43627378236591
564.4166666666666 23.37193746007625 22.43562772312426
564.9166666666666 23.372263732202683 22.434991921816952
565.4166666666666 23.37259239902768 22.43435727235774
565.9166666666666 23.372935586968193 22.433728668731426
566.4166666666666 23.37327943904188 22.43310281064272
566.9166666666666 23.373624946472958 22.432473107575856
567.4166666666666 23.373979458305154 22.431857023758248
567.9166666666666 23.374335871510038 22.431236533207418
568.4166666666666 23.374694570068478 22.430616764456556
568.9166666666666 23.375061112374933 22.43000694764085
569.4166666666666 23.37542712170109 22.429393615857286
569.9166666666666 23.3757957040364 22.428781906215086
570.4166666666666 23.376176543010715 22.428175572081198
570.9166666666666 23.376556613150793 22.42757350638405
571.4166666666666 23.376933464806633 22.426973687828422
571.9166666666666 23.377323823898482 22.42636875099948
572.4166666666666 23.37770446203531 22.425773668478154
572.9166666666666 23.37810462300109 22.425179851718834
573.4166666666666 23.378492517308853 22.424588859397897
573.9166666666666 23.37889257687344 22.423998820987997
574.4166666666666 23.37928824106049 22.423406254262922
574.9166666666666 23.379701959960613 22.422821394947494
575.4166666666666 23.38010316425084 22.422239868464843
575.9166666666666 23.380505429826183 22.42165056503896
576.4166666666666 23.38092429080659 22.42107967803904
576.9166666666666 23.381331629270413 22.420498602201462
577.4166666666666 23.38174363484248 22.419924928543907
577.9166666666666 23.38214820895089 22.419358958410243
578.4166666666666 23.38256506536618 22.41878391560065
578.9166666666666 23.382979134102303 22.418219232476734
579.4166666666666 23.383393188849332 22.417647387396308
579.9166666666666 23.383811223633664 22.41708649110948
580.4166666666666 23.384225752705166 22.416523645302412
580.9166666666666 23.384637681400715 22.415966637167806
581.4166666666666 23.385064020060675 22.415408778928956
581.9166666666666 23.38547839073845 22.414853643934887
582.4166666666666 23.385904428452324 22.414301554803263
582.9166666666666 23.38632200261618 22.413747372349047
583.4166666666666 23.386746015788344 22.41319543296327
583.9166666666666 23.387169652555354 22.41264919965942
584.4166666666666 23.387592101043417 22.41210235636752
584.9166666666666 23.388019732455028 22.41155286000568
585.4166666666666 23.38844503697723 22.411021773703634
585.9166666666666 23.388884393502288 22.410480022968848
586.4166666666666 23.389311641588932 22.409942179552207
586.9166666666666 23.389753875034987 22.409403212052933
587.4166666666666 23.390188922775593 22.408873985833647
587.9166666666666 23.390640752593438 22.408336419424266
588.4166666666666 23.391100209699726 22.407808202134166
588.9166666666666 23.39154371121923 22.40729183966755
589.4166666666666 23.39199857731261 22.40675317147748
589.9166666666666 23.392456157993806 22.40624044418968
590.4166666666666 23.392922892416436 22.40571935459972
590.9166666666666 23.393391196940136 22.4052013243547
591.4166666666666 23.39385651854616 22.404678271651512
591.9166666666666 23.394336560442262 22.404168189146137
592.4166666666666 23.394803557937603 22.40365913248549
592.9166666666666 23.395292319808135 22.403152361627473
593.4166666666666 23.395778059173896 22.40264129703647
593.9166666666666 23.396258027587827 22.40213162253375
594.4166666666666 23.396763172820418 22.401636428965176
594.9166666666666 23.397244561688936 22.401128561940858
595.4166666666666 23.397739124292624 22.400643799685646
595.9166666666666 23.398241625584998 22.400145226774146
596.4166666666666 23.398747091974034 22.399653744409115
596.9166666666666 23.39925345206048 22.399153531759687
597.4166666666666 23.39975714098703 22.398666320251582
597.9166666666666 23.400289025551903 22.398182831096975
598.4166666666666 23.400799342959164 22.397695310168146
598.9166666666666 23.40131383808309 22.397217409307757
599.4166666666666 23.401842323256517 22.39673753350967
599.9166666666666 23.40237447134794 22.396259930613695
600.4166666666666 23.40289858444915 22.395780479454977
600.9166666666666 23.403445684553358 22.39531124306302
601.4166666666666 23.403988224385536 22.394847606947845
601.9166666666666 23.404534023488146 22.394376361697258
602.4166666666666 23.405068162356798 22.393907374504025
602.9166666666666 23.405623888359774 22.393442004005223
603.4166666666666 23.406173312497295 22.392986199661845
603.9166666666666 23.40672863285899 22.39252772220712
604.4166666666666 23.40729318786515 22.39206974823211
604.9166666666666 23.40785880101841 22.3916228108558
605.4166666666666 23.408421344277283 22.391166595138156
605.9166666666666 23.408993775367808 22.390718102311084
606.4166666666666 23.409578277299058 22.39027057181405
606.9166666666666 23.410156322476105 22.38983030674823
607.4166666666666 23.41073275350057 22.389388464937248
607.9166666666666 23.4113239014739 22.388949877619897
608.4166666666666 23.411916022251052 22.38851764879938
608.9166666666666 23.412502943869683 22.388084323454173
609.4166666666666 23.413105076035123 22.38764941763555
609.9166666666666 23.413705064374618 22.38721975401864
610.4166666666666 23.414312541009533 22.386793620366344
610.9166666666666 23.414927593486524 22.386364542231654
611.4166666666666 23.415538156110742 22.38594941343381
611.9166666666666 23.416149944270703 22.38552698810169
612.4166666666666 23.41677789717673 22.385110682815498
612.9166666666666 23.417407077035985 22.384701231079006
613.4166666666666 23.418033967622463 22.384285183362
613.9166666666666 23.41866167434201 22.383877910435398
614.4166666666666 23.419304567094024 22.383474299002625
614.9166666666666 23.419943347717837 22.383072144760803
615.4166666666666 23.420597968087723 22.382667972747626
615.9166666666666 23.421238189589904 22.3822639445228
616.4166666666666 23.4218836434969 22.38187568144369
616.9166666666666 23.422558322857554 22.381475661777337
617.4166666666666 23.42320589033994 22.38108483735347
617.9166666666666 23.42387042619805 22.380702892370458
618.4166666666666 23.424544098403842 22.380314976506092
618.9166666666666 23.425211541927137 22.37992223018647
619.4166666666666 23.425889695846163 22.37955079711768
619.9166666666666 23.426568134763897 22.37917910929266
620.4166666666666 23.42726650632708 22.378802350963287
620.9166666666666 23.427946356972704 22.378424447620205
621.4166666666666 23.428633378869836 22.378059835126564
621.9166666666666 23.42934068187024 22.37767861093907
622.4166666666666 23.43003940790087 22.377315257848245
622.9166666666666 23.43074397476116 22.37695758952151
623.4166666666666 23.431449532549898 22.376592692954684
623.9166666666666 23.43215843374644 22.376230999163774
624.4166666666666 23.43288530188086 22.375879541449883
624.9166666666666 23.433609430289238 22.375523924251397
625.4166666666666 23.434330428806284 22.375173923708978
625.9166666666666 23.435061451645105 22.37481728462146
626.4166666666666 23.435798729783613 22.37446968234497
626.9166666666666 23.436524845863737 22.37413250390366
627.4166666666666 23.437268860631526 22.373785793260584
627.9166666666666 23.438019544762394 22.37344675142067
628.4166666666666 23.438761989429096 22.373106405343798
628.9166666666666 23.43951829979535 22.372772350205512
629.4166666666666 23.44027044291968 22.37243776856292
629.9166666666666 23.4410304032083 22.37209982868199
630.4166666666666 23.441807651332457 22.371778405838754
630.9166666666666 23.44257232391026 22.371448032187303
631.4166666666666 23.44333594254188 22.371119784063083
631.9166666666666 23.444123076425868 22.370800094233438
632.4166666666666 23.44489088341714 22.370477756133095
632.9166666666666 23.445683528893685 22.370161652205084
633.4166666666666 23.44647185627066 22.36984556145999
633.9166666666666 23.44726710458994 22.369530460048015
634.4166666666666 23.448070023081165 22.369221507950442
634.9166666666666 23.44887156959359 22.368912386060096
635.4166666666666 23.449673463983313 22.368602566341288
635.9166666666666 23.450484687141767 22.368299263001536
636.4166666666666 23.45130008489212 22.36800215733244
636.9166666666666 23.452125389173304 22.367703243050524
637.4166666666666 23.452946512745907 22.36740675346384
637.9166666666666 23.453765653568862 22.36710621480285
638.4166666666666 23.45460677646863 22.366822536614748
638.9166666666666 23.455434103171633 22.366527682249963
639.4166666666666 23.456262276100674 22.366243198022545
639.9166666666666 23.457126901935812 22.365954558479903
640.4166666666666 23.457968474860927 22.365669852373557
640.9166666666666 23.45882214229125 22.365389715992702
641.4166666666666 23.45967816957785 22.36512270356053
641.9166666666666 23.460544325752146 22.364843191706704
642.4166666666666 23.46139924277282 22.36456514287201
642.9166666666666 23.4622750343203 22.364299692075022
643.4166666666666 23.463161218301344 22.364029100445073
643.9166666666666 23.464026182443956 22.363767871813117
644.4166666666666 23.464921134381346 22.363501753919373
644.9166666666666 23.465799199806135 22.363239777054762
645.4166666666666 23.46670566852646 22.362985005801956
645.9166666666666 23.46759377446874 22.36272406413191
646.4166666666666 23.468498554685205 22.36247944973927
646.9166666666666 23.469389925933793 22.362225572942307
647.4166666666666 23.470320186439576 22.361979781827056
647.9166666666666 23.471225404603977 22.361733711677665
648.4166666666666 23.47214419050942 22.361488249484978
648.9166666666666 23.47306543045765 22.361246184010867
649.4166666666666 23.47399842109409 22.361006809750414
649.9166666666666 23.474917630282476 22.360769991576284
650.4166666666666 23.475869077510488 22.360536584052653
650.9166666666666 23.476810603966854 22.360302281511363
651.4166666666666 23.477749156958193 22.36008099260937
651.9166666666666 23.478704079333017 22.35985392786246
652.4166666666666 23.479653307189047 22.35963398989356
652.9166666666666 23.480619066576253 22.35941348488833
653.4166666666666 23.481581797678697 22.3591875638883
653.9166666666666 23.48255708062869 22.358976972035897
654.4166666666666 23.483527784056122 22.35876773806091
654.9166666666666 23.484511902526634 22.358549151307976
655.4166666666666 23.48548505681577 22.358342982635
655.9166666666666 23.486475612116987 22.35813611765222
656.4166666666666 23.487475461502353 22.357941136756278
656.9166666666666 23.488469133561782 22.35773391155174
657.4166666666666 23.48948152781089 22.3575423676405
657.9166666666666 23.490478868415998 22.357346525153087
658.4166666666666 23.491487342675406 22.357154837667824
658.9166666666666 23.492513502104803 22.356959938169286
659.4166666666666 23.493530397299956 22.35677592597243
659.9166666666666 23.494563717011733 22.356595618705455
660.4166666666666 23.495592939172592 22.356408300352435
660.9166666666666 23.496633744418517 22.356237757581788
661.4166666666666 23.497692088504685 22.356064870477933
661.9166666666666 23.498751777077306 22.355892307954193
662.4166666666666 23.49980780177075 22.355719763042615
662.9166666666666 23.500889923159576 22.355550336710778
663.4166666666666 23.50196042854009 22.3553872408089
663.9166666666666 23.503033558722034 22.355228049027474
664.4166666666666 23.5041272328448 22.35507215090189
664.9166666666666 23.505237401396567 22.354915841123866
665.4166666666666 23.506322993758253 22.354765127546656
665.9166666666666 23.507433204663364 22.354613251474717
666.4166666666666 23.508541598730904 22.354469167757532
666.9166666666666 23.509663312514224 22.3543187307769
667.4166666666666 23.51078638116071 22.354179712244438
667.9166666666666 23.5119223799826 22.35404195865697
668.4166666666666 23.513054074674045 22.353899677809864
668.9166666666666 23.514203476174586 22.353768499971757
669.4166666666666 23.515348110010635 22.353641479590685
669.9166666666666 23.516492051931973 22.353507370734434
670.4166666666666 23.517648434350967 22.353381875874607
670.9166666666666 23.518816279755455 22.353259748850547
671.4166666666666 23.519985486821273 22.353135469027087
671.9166666666666 23.521152110061582 22.35301218880158
672.4166666666666 23.522337331735457 22.352896604275124
672.9166666666666 23.52351570275094 22.35278774495157
673.4166666666666 23.524705171320875 22.352666780046103
673.9166666666666 23.525908893028014 22.352561236415113
674.4166666666666 23.52709261605608 22.35245377026285
674.9166666666666 23.52828768283437 22.35234785904632
675.4166666666666 23.529504370856795 22.352248997012104
675.9166666666666 23.530709080427105 22.35214984054426
676.4166666666666 23.531943146158095 22.352046863584285
676.9166666666666 23.53315827498488 22.351953643467972
677.4166666666666 23.53439368866939 22.35185455166605
677.9166666666666 23.5356205769188 22.35176459430111
678.4166666666666 23.53685006411538 22.351676826391518
678.9166666666666 23.538086989681254 22.35158970071003
679.4166666666666 23.53931973006941 22.35149306494781
679.9166666666666 23.540562051763864 22.35141405096448
680.4166666666666 23.541804753200314 22.351327875436585
680.9166666666666 23.54307043411216 22.351256221676614
681.4166666666666 23.544323478348623 22.351171596710316
681.9166666666666 23.54558992645491 22.351093640924475
682.4166666666666 23.546855590892804 22.351023166231947
682.9166666666666 23.54811934866197 22.35095413699868
683.4166666666666 23.5493890651879 22.350874365324728
683.9166666666666 23.550656667624512 22.35081147387283
684.4166666666666 23.551931607132136 22.350738303758078
684.9166666666666 23.553218870184786 22.35067470105283
685.4166666666666 23.554482699056773 22.350615702462076
685.9166666666666 23.555777107169757 22.350551630536557
686.4166666666666 23.557064722183835 22.350494641526396
686.9166666666666 23.55835315469512 22.35043681814821
687.4166666666666 23.559641479492015 22.350375877818717
687.9166666666666 23.560945335770995 22.350328175123508
688.4166666666666 23.56225258223624 22.350275505698054
688.9166666666666 23.563544041539345 22.350217932982844
689.4166666666666 23.564852259807573 22.350172740986054
689.9166666666666 23.5661479688712 22.3501227165036
690.4166666666666 23.567462430391615 22.35007950661045
690.9166666666666 23.56878158023718 22.350033972993764
691.4166666666666 23.57007893501013 22.349985559253305
691.9166666666666 23.57139602209138 22.34993602384821
692.4166666666666 23.572718116772414 22.34989685532698
692.9166666666666 23.57400993138842 22.34986543523401
693.4166666666666 23.57534499720533 22.34982457733638
693.9166666666666 23.57666196911754 22.349786513195525
694.4166666666666 23.57798682917212 22.349756258170586
694.9166666666666 23.57931495539447 22.349721664697956
695.4166666666666 23.580627193203938 22.34969534971544
695.9166666666666 23.581956977116697 22.349653675119974
