FastTrWP/PhaseSpace/IAs/snIa_0.46_30.00_0.84_0.08.csv
# %ECSV 0.9
# ---
# datatype:
# - {name: time-rel, datatype: float64}
# - {name: g, datatype: float64}
# - {name: i, datatype: float64}
# schema: astropy-2.0
time-rel g i
[from data line 865]
596.5833333333334 23.323292202273294 22.37155294665871
597.0833333333334 23.32336817938717 22.371029926748438
597.5833333333334 23.323451355861668 22.370516977139843
598.0833333333334 23.323543907264348 22.370003735847277
598.5833333333334 23.323638033495957 22.36948863802685
599.0833333333334 23.323724079264597 22.368975434140882
599.5833333333334 23.323842085353622 22.368473623758213
600.0833333333334 23.323937367853542 22.36795911566873
600.5833333333334 23.324044029133276 22.367458793303157
601.0833333333334 23.324149720075052 22.36695019282381
601.5833333333334 23.3242654998283 22.36644413325138
602.0833333333334 23.324388498586757 22.365948890720567
602.5833333333334 23.324500514177153 22.365440092848242
603.0833333333334 23.324644283777552 22.364953407807167
603.5833333333334 23.324765156906963 22.36445137948859
604.0833333333334 23.32490761328184 22.363965243472876
604.5833333333334 23.32504362849935 22.363461749999335
605.0833333333334 23.32517877421148 22.36297508272948
605.5833333333334 23.325333401760098 22.362482168184663
606.0833333333334 23.32547740266696 22.361996983434494
606.5833333333334 23.325632442177707 22.361515570532845
607.0833333333334 23.3258001840268 22.361033442463878
607.5833333333334 23.325949902685853 22.36055232346753
608.0833333333334 23.326136471954936 22.360068104069484
608.5833333333334 23.326295215332937 22.359588294566347
609.0833333333334 23.326472897982974 22.35911279642231
609.5833333333334 23.32665034646495 22.358641931869055
610.0833333333334 23.326836904354845 22.358171072654628
610.5833333333334 23.32702986069508 22.357698319789243
611.0833333333334 23.327221937736056 22.35723086305104
611.5833333333334 23.327417097129292 22.356767408653337
612.0833333333334 23.32760633741819 22.35629467676993
612.5833333333334 23.327819385410496 22.355832603610217
613.0833333333334 23.32802719575863 22.355370615463247
613.5833333333334 23.328248271106094 22.354919293759355
614.0833333333334 23.32846594477109 22.354453630688283
614.5833333333334 23.328682622608877 22.35399992821081
615.0833333333334 23.328909968046542 22.35354885533797
615.5833333333334 23.32913580214534 22.35309179945653
616.0833333333334 23.329381481769104 22.352648638233884
616.5833333333334 23.32962184383554 22.352199814225557
617.0833333333334 23.329865789892242 22.35175425383206
617.5833333333334 23.330116036820638 22.351309892539753
618.0833333333334 23.330371419925417 22.350863685557606
618.5833333333334 23.330623403354647 22.350429170869617
619.0833333333334 23.330885473930437 22.349996765584223
619.5833333333334 23.33115886115467 22.34955275816443
620.0833333333334 23.33143129956533 22.3491222158612
620.5833333333334 23.331703367663806 22.348679147744136
621.0833333333334 23.331988106096073 22.348258263514484
621.5833333333334 23.332263217735477 22.347826074456023
622.0833333333334 23.3325617462298 22.347401471255125
622.5833333333334 23.332854053828612 22.34697443272328
623.0833333333334 23.33315298904415 22.346552857188698
623.5833333333334 23.333451265266607 22.346134608867896
624.0833333333334 23.333750313882344 22.34570964115416
624.5833333333334 23.33407687172314 22.345291921717553
625.0833333333334 23.3343969802107 22.344883240805856
625.5833333333334 23.334710636995467 22.34447086794948
626.0833333333334 23.335037732120263 22.34405793677395
626.5833333333334 23.335376028046216 22.343651841829324
627.0833333333334 23.33570407916582 22.343248701086644
627.5833333333334 23.33604264135163 22.342833871914046
628.0833333333334 23.336379005235134 22.3424320170256
628.5833333333334 23.336738788244983 22.342029154488937
629.0833333333334 23.337085276361698 22.341630024807586
629.5833333333334 23.337453618570745 22.34123136783113
630.0833333333334 23.337804245976056 22.340830331284764
630.5833333333334 23.338168245055876 22.340435308884725
631.0833333333334 23.338531806733634 22.34004216204784
631.5833333333334 23.33891660744724 22.33964993627253
632.0833333333334 23.339300655439644 22.33925617501768
632.5833333333334 23.33967813900074 22.338870588887794
633.0833333333334 23.34006267892114 22.338484299898575
633.5833333333334 23.34044735885255 22.338099539805807
634.0833333333334 23.34084511232744 22.33771510158433
634.5833333333334 23.34124876701782 22.337333398419172
635.0833333333334 23.341647825157846 22.336955138175384
635.5833333333334 23.342063289248365 22.33657902344587
636.0833333333334 23.34247525435847 22.3362058047034
636.5833333333334 23.342897478020916 22.33582494877556
637.0833333333334 23.343316267311053 22.335451257629288
637.5833333333334 23.343742200498458 22.335080608011573
638.0833333333334 23.34417067347303 22.33470933508397
638.5833333333334 23.344609339622004 22.33434476686746
639.0833333333334 23.34505402936336 22.333975112082296
639.5833333333334 23.345494134414405 22.33361333238498
640.0833333333334 23.345948355856173 22.333248024351178
640.5833333333334 23.3463925308865 22.332897203433543
641.0833333333334 23.34685283143566 22.332535280408486
641.5833333333334 23.347318357131815 22.332174324066337
642.0833333333334 23.347775247290173 22.33182128793125
642.5833333333334 23.34825932153676 22.331474223069513
643.0833333333334 23.348738320744182 22.331119966745106
643.5833333333334 23.349217350464606 22.33077217390836
644.0833333333334 23.349697241044332 22.330424143614536
644.5833333333334 23.350189443786462 22.330076163942408
645.0833333333334 23.350682178915573 22.329731414511002
645.5833333333334 23.35119249019265 22.329391649897254
646.0833333333334 23.351692079510737 22.329050023288705
646.5833333333334 23.352204021841587 22.328713553562306
647.0833333333334 23.35272178318081 22.328375919501603
647.5833333333334 23.35324559332884 22.328050500036817
648.0833333333334 23.353764052478954 22.327712223295215
648.5833333333334 23.354298306069886 22.327385011395844
649.0833333333334 23.354834047701175 22.32706147383849
649.5833333333334 23.35536401486707 22.326732941310887
650.0833333333334 23.355915559236408 22.326406037954417
650.5833333333334 23.35645321595677 22.326084401897607
651.0833333333334 23.357014294718855 22.32576481734955
651.5833333333334 23.357575517173178 22.32544499767731
652.0833333333334 23.358138121767617 22.32512443995357
652.5833333333334 23.35870610775099 22.324804556158483
653.0833333333334 23.35927443340234 22.324495972674427
653.5833333333334 23.35985122580277 22.32418678139714
654.0833333333334 23.360430206875424 22.323880706266365
654.5833333333334 23.361018661078973 22.32357360637796
655.0833333333334 23.36161196957129 22.32326651693925
655.5833333333334 23.36221409492412 22.322965089341913
656.0833333333334 23.362813720715685 22.322663960972207
656.5833333333334 23.3634167386105 22.322367415931126
657.0833333333334 23.364032452423686 22.32206403951602
657.5833333333334 23.364656937252125 22.32177596452871
658.0833333333334 23.365277277437357 22.32148257281258
658.5833333333334 23.365901591638885 22.321192717833057
659.0833333333334 23.366545410946497 22.320902633776406
659.5833333333334 23.367175766660733 22.320614725147585
660.0833333333334 23.367826677235108 22.32033176573909
660.5833333333334 23.368468701754075 22.320051273526474
661.0833333333334 23.369139054922726 22.3197665012737
661.5833333333334 23.369800887330715 22.31948798364438
662.0833333333334 23.37047472705173 22.3192124296976
662.5833333333334 23.37115633600095 22.318941080614035
663.0833333333334 23.371843586450485 22.318661067824664
663.5833333333334 23.372543145496994 22.3183888020532
664.0833333333334 23.37324094343062 22.318121885063732
664.5833333333334 23.37393991386056 22.31784676754216
665.0833333333334 23.37465447202832 22.31758408181875
665.5833333333334 23.37536838982892 22.317318821105204
666.0833333333334 23.37611077508157 22.31705940379298
666.5833333333334 23.376838688534818 22.31679174443792
667.0833333333334 23.377578507293318 22.316531924478035
667.5833333333334 23.37832869912644 22.316274093349172
668.0833333333334 23.3790805043457 22.31601619072523
668.5833333333334 23.379836386075237 22.315765688244625
669.0833333333334 23.3806004572361 22.315504482923686
669.5833333333334 23.38136033042737 22.315253241335498
670.0833333333334 23.382143499530684 22.31500979775967
670.5833333333334 23.382921069666768 22.31475371659695
671.0833333333334 23.383713049800875 22.314512454365346
671.5833333333334 23.38450608664126 22.314270329668574
672.0833333333334 23.38529104021101 22.314023550309656
672.5833333333334 23.386094434010975 22.313790235249066
673.0833333333334 23.386908444312027 22.313553241025808
673.5833333333334 23.387719910104643 22.313317662132597
674.0833333333334 23.388529207030974 22.313083776744165
674.5833333333334 23.389342714540348 22.312850698814906
675.0833333333334 23.39018335358396 22.31261442960854
675.5833333333334 23.391002678638774 22.31239437011166
676.0833333333334 23.39183843993561 22.312157503049605
676.5833333333334 23.392670853980118 22.311935734749703
677.0833333333334 23.393515622571716 22.311714313914912
677.5833333333334 23.39435581890534 22.311489466153635
678.0833333333334 23.395214707521788 22.311270777413093
678.5833333333334 23.396070226781205 22.311055136931536
679.0833333333334 23.396924955981675 22.310843296057456
679.5833333333334 23.39779646171599 22.31063415209112
680.0833333333334 23.39864933077559 22.310412760173634
680.5833333333334 23.399521778649262 22.310203407251276
681.0833333333334 23.400394653381902 22.310000388802624
681.5833333333334 23.401267596545754 22.30979121072767
682.0833333333334 23.402154906765517 22.309592452472785
682.5833333333334 23.403030613806767 22.309385188354454
683.0833333333334 23.403914672167147 22.309181156095974
683.5833333333334 23.40479890787122 22.308988331053428
684.0833333333334 23.40568989153841 22.308797041961654
684.5833333333334 23.406585353185502 22.308608388268766
685.0833333333334 23.407474336426084 22.30841302633327
685.5833333333334 23.408363420992565 22.308228621588913
686.0833333333334 23.409271762950816 22.30803607459059
686.5833333333334 23.410181623796113 22.307852530568585
687.0833333333334 23.41107824892284 22.307664103194185
687.5833333333334 23.411985502110223 22.307487650185223
688.0833333333334 23.41288655337401 22.307312537715283
688.5833333333334 23.41380538672282 22.307132535697562
689.0833333333334 23.41471619918895 22.306956275974528
689.5833333333334 23.41562792280601 22.30678901934281
690.0833333333334 23.416535684702367 22.306613096465455
690.5833333333334 23.41744905566604 22.306441325435724
691.0833333333334 23.41836479478281 22.306276957869077
691.5833333333334 23.419281272799125 22.306108991941983
692.0833333333334 23.42021322883335 22.30595833517277
692.5833333333334 23.421115074066122 22.305795966167146
693.0833333333334 23.422045468675805 22.305634385183563
693.5833333333334 23.42296261669892 22.305476166373804
694.0833333333334 23.423880053373235 22.30532149132994
694.5833333333334 23.424801790604214 22.305172681548406
695.0833333333334 23.425722330522312 22.30502264021891
695.5833333333334 23.426659404848028 22.304880283911626
696.0833333333334 23.427595261410794 22.30472951911104
696.5833333333334 23.428525475842378 22.304590950211754
697.0833333333334 23.42945696430479 22.30445188061303
697.5833333333334 23.430415438738702 22.304310225669767
698.0833333333334 23.43136958039792 22.304173418680243
698.5833333333334 23.432324533080177 22.304031739445062
699.0833333333334 23.433284164846548 22.30389945463771
699.5833333333334 23.434246059107302 22.303767305950263
700.0833333333334 23.435227439109955 22.3036386074307
700.5833333333334 23.436196762836587 22.30351014068745
701.0833333333334 23.437175612471798 22.303393563336304
701.5833333333334 23.438155202395162 22.303256061111007
702.0833333333334 23.439138931917597 22.30314146292813
702.5833333333334 23.440127907533768 22.303024058942537
703.0833333333334 23.441116828241878 22.302903690324705
703.5833333333334 23.44211251143453 22.30278692360826
704.0833333333334 23.44310860172131 22.30267195170083
704.5833333333334 23.444122903337426 22.302561826506334
705.0833333333334 23.44512638550625 22.3024507326914
705.5833333333334 23.44614982073317 22.302336764604725
706.0833333333334 23.44715072032234 22.302235267983292
706.5833333333334 23.448172022716488 22.3021363045889
707.0833333333334 23.44918824756317 22.302032805670624
707.5833333333334 23.450214778289435 22.301931117771137
708.0833333333334 23.451246113268883 22.301830380149145
708.5833333333334 23.45226720537539 22.30173727126189
709.0833333333334 23.453304578358207 22.301641009715873
709.5833333333334 23.45433044002288 22.301547963378077
710.0833333333334 23.455363879202462 22.30145651200829
710.5833333333334 23.456405834133935 22.301367728411883
711.0833333333334 23.457440006743752 22.30128208251007
711.5833333333334 23.458488734754404 22.301194490803905
712.0833333333334 23.459535497089128 22.30111954790431
712.5833333333334 23.4605829432833 22.30103038370583
713.0833333333334 23.461641270401223 22.30096175766894
713.5833333333334 23.46269191435207 22.300885461997165
714.0833333333334 23.463737137259987 22.300803668035044
714.5833333333334 23.464797630844632 22.30073373654661
715.0833333333334 23.465852134347024 22.300663738301154
715.5833333333334 23.466918892474414 22.300592929858368
716.0833333333334 23.46797718328154 22.3005307537727
716.5833333333334 23.469034960511056 22.300462362480538
717.0833333333334 23.470107390157985 22.30040213507356
717.5833333333334 23.47116737873406 22.300336449478294
718.0833333333334 23.47223649404858 22.300284544269054
718.5833333333334 23.47330187396831 22.300225660366053
719.0833333333334 23.474373988937852 22.300173996752687
719.5833333333334 23.47545726123861 22.300124859078174
720.0833333333334 23.47652514685551 22.300072976952563
720.5833333333334 23.477588231045683 22.300022043641256
721.0833333333334 23.478660816576106 22.299978501740753
721.5833333333334 23.479728825431284 22.29993503452388
722.0833333333334 23.480796608783677 22.299892370229315
722.5833333333334 23.481893394220684 22.29985196062198
723.0833333333334 23.482954484117784 22.29981147007333
723.5833333333334 23.484029395511158 22.29977311005678
724.0833333333334 23.48509730416184 22.299746561424357
724.5833333333334 23.486176004632902 22.299712131143355
725.0833333333334 23.487254713761683 22.299681086614598
725.5833333333334 23.48832056289281 22.299649778722987
726.0833333333334 23.489404671289883 22.299634137558254
726.5833333333334 23.4904726204108 22.299600092556368
727.0833333333334 23.491535786305327 22.299580294366038
727.5833333333334 23.492625477597535 22.29956592235173
728.0833333333334 23.493702169757327 22.299550015822938
728.5833333333334 23.494764351043695 22.299533091786515
729.0833333333334 23.49584309442089 22.29951438635455
729.5833333333334 23.496908281467725 22.29950765125146
730.0833333333334 23.49797250535929 22.29950486941716
730.5833333333334 23.49905337571272 22.29949309319847
731.0833333333334 23.500119365297945 22.2994850462551
731.5833333333334 23.501188601711497 22.299479913122553
732.0833333333334 23.502270261236497 22.299481015965064
732.5833333333334 23.50334775969086 22.29948092848293
733.0833333333334 23.504419039613268 22.299488569639184
733.5833333333334 23.505509006621118 22.29948820494739
734.0833333333334 23.50658621183323 22.29950023807921
734.5833333333334 23.507675415218362 22.29950608214981
735.0833333333334 23.508755785824608 22.299517740301535
735.5833333333334 23.509834276653905 22.299538030176166
736.0833333333334 23.510934047316702 22.29955184060854
736.5833333333334 23.512020234553205 22.299564683634294
737.0833333333334 23.513109804046714 22.299583726808653
737.5833333333334 23.514196514894927 22.29960815298739
738.0833333333334 23.515272154208088 22.299636606818886
738.5833333333334 23.516384828135962 22.29966334703953
739.0833333333334 23.517482229489485 22.29968966460357
739.5833333333334 23.51856216338152 22.299716033675175
740.0833333333334 23.519671780722817 22.299755277758734
740.5833333333334 23.520763829236202 22.299785459483626
