FastTrWP/PhaseSpace/IAs/snIa_0.45_30.00_0.92_-0.23.csv
# %ECSV 0.9
# ---
# datatype:
# - {name: time-rel, datatype: float64}
# - {name: g, datatype: float64}
# - {name: i, datatype: float64}
# schema: astropy-2.0
time-rel g i
[from data line 362]
-239.5 23.473728998431113 23.468820823824252
-239.0 23.47021350638164 23.46609184502787
-238.5 23.466713723316612 23.46335082054303
-238.0 23.46323318408114 23.460626717006548
-237.5 23.459766884219423 23.4579167996227
-237.0 23.45628623691118 23.455204404389924
-236.5 23.4528333776213 23.452495569580442
-236.0 23.449389274517696 23.44978530692783
-235.5 23.44594280662595 23.447089521730856
-235.0 23.442501788070366 23.444400681884254
-234.5 23.439089930345173 23.441715371386916
-234.0 23.435659118407017 23.43903268272652
-233.5 23.4322573745037 23.436350616222708
-233.0 23.428849743391634 23.433688800596563
-232.5 23.4254547815044 23.43101233926411
-232.0 23.422075278146902 23.428351151238434
-231.5 23.41869387019201 23.42569720727652
-231.0 23.41532845599947 23.42304427743301
-230.5 23.41195996078842 23.420402409822376
-230.0 23.408617769356105 23.417755388030834
-229.5 23.40526267292983 23.41511128002272
-229.0 23.40191649162831 23.41247355733712
-228.5 23.398589056380402 23.409856074046758
-228.0 23.395262842425268 23.40722771590231
-227.5 23.39194390446108 23.404603402745764
-227.0 23.388624920891345 23.401988062451874
-226.5 23.38533355244564 23.39937273295532
-226.0 23.38202773619402 23.39677021914335
-225.5 23.378737759485247 23.39417808348442
-225.0 23.37545385985925 23.3915772577638
-224.5 23.372171985786004 23.38896628900027
-224.0 23.368918743246198 23.386386411843638
-223.5 23.365652859213284 23.383801019625764
-223.0 23.362407809261207 23.38123115167646
-222.5 23.359165571446866 23.378660544673924
-222.0 23.355929376576995 23.37608177069518
-221.5 23.35269123257019 23.37353473838511
-221.0 23.349474184283622 23.37096872508638
-220.5 23.346262337433643 23.36842206660417
-220.0 23.343059058363274 23.365867793864588
-219.5 23.33985903706013 23.363329634532974
-219.0 23.33666598587336 23.360779987631215
-218.5 23.333485244034826 23.35825113101654
-218.0 23.33030792405612 23.35573229720419
-217.5 23.32713355093409 23.353201926800974
-217.0 23.323972865211044 23.350682874336478
-216.5 23.32081780603003 23.348167253884377
-216.0 23.31766718610215 23.345665007493718
-215.5 23.314528957229356 23.34315965826647
-215.0 23.31140327800521 23.34065260492047
-214.5 23.308268182616956 23.338149429085433
-214.0 23.305151806586004 23.33566192670896
-213.5 23.302034962543203 23.333180981640773
-213.0 23.29892733936374 23.330692974759145
-212.50000000000006 23.295821706886862 23.328213578811724
-212.0 23.2927397175966 23.325743865476163
-211.5 23.289642276146743 23.32327567893874
-211.00000000000006 23.286571892539392 23.320811751457548
-210.5 23.283485291460572 23.318341828935324
-210.0 23.280422435150072 23.315894473180002
-209.50000000000006 23.27736119246573 23.313428159167504
-209.0 23.274301378062155 23.310978980315156
-208.5 23.271255113486113 23.308537312032147
-208.00000000000006 23.268211755796877 23.30608717732734
-207.5 23.265167458268216 23.303672609377294
-207.0 23.262137160363064 23.301226841240677
-206.50000000000006 23.25912498013981 23.29880628980839
-206.0 23.256103844016675 23.296374005747786
-205.5 23.253093290826765 23.293949345934394
-205.00000000000006 23.250082780852615 23.291535093472945
-204.5 23.24707946308941 23.289125707740897
-204.0 23.244088699631654 23.286710106623367
-203.50000000000006 23.241101804443637 23.284299267424622
-203.0 23.238116411025768 23.28189602751213
-202.5 23.23514205946299 23.27950774956196
-202.00000000000006 23.232170532686247 23.27710758607641
-201.5 23.229204766934572 23.274719351629823
-201.0 23.22624112309784 23.272327321841754
-200.50000000000006 23.223286979490915 23.269946050006027
-200.0 23.22033701341768 23.267569526962056
-199.5 23.217401050959484 23.2651880233389
-199.00000000000006 23.214450918568126 23.262812228056493
-198.5 23.211527317627848 23.26044827705974
-198.0 23.208601271710684 23.258083342436564
-197.50000000000006 23.20568361007041 23.255713305703907
-197.0 23.2027658458864 23.253355799621506
-196.5 23.19985126510489 23.250997979430387
-196.00000000000006 23.196948141482522 23.248655591496625
-195.5 23.194037400282483 23.24629840011687
-195.0 23.191144235760174 23.243950139539788
-194.50000000000006 23.188259407720857 23.241608789507797
-194.0 23.185375327946236 23.23927181789766
-193.5 23.182497937041845 23.236938795325827
-193.00000000000006 23.179624235870726 23.234603433522352
-192.5 23.176757220259383 23.23227251687908
-192.0 23.17388847116795 23.229951715361643
-191.50000000000006 23.17102356104119 23.227632259520202
-191.0 23.168171646588654 23.22530005005627
-190.5 23.16531440720874 23.222978787761434
-190.00000000000006 23.162465270289083 23.22066660097921
-189.5 23.159611611879527 23.21835413611261
-189.0 23.156748855044633 23.216036288144927
-188.50000000000006 23.153899500328773 23.213722070390588
-188.0 23.1510400190082 23.21140714732175
-187.5 23.148185398817688 23.209088789511867
-187.00000000000006 23.14533681908481 23.206766260266715
-186.5 23.14247500484424 23.20445244209205
-186.0 23.139624494747824 23.20214799637811
-185.50000000000006 23.136770840128293 23.19983640619143
-185.0 23.13391983565936 23.197523819282857
-184.5 23.131073289649883 23.195211198543475
-184.00000000000006 23.1282267261002 23.192907347102878
-183.5 23.1253852013837 23.190608669685233
-183.0 23.122545004690092 23.188297319444825
-182.50000000000006 23.119705687593346 23.185998725606677
-182.0 23.11687464022903 23.18369820151355
-181.5 23.11404727018217 23.181415729272942
-181.00000000000006 23.11121801550359 23.179115055912327
-180.5 23.10839605087886 23.176828304818105
-180.0 23.10557963791129 23.174544117437964
-179.50000000000006 23.10276754057029 23.172259931121047
-179.0 23.099948134326574 23.169973589166574
-178.5 23.097151555139842 23.167712756375714
-178.00000000000006 23.094357086718315 23.16543634485135
-177.5 23.091565486734 23.163164301395636
-177.0 23.08877863550405 23.160903948907936
-176.50000000000006 23.086001318425605 23.15864045757705
-176.0 23.08322608267304 23.156383248347584
-175.5 23.08046417173543 23.15413178754146
-175.00000000000006 23.07770581776831 23.151889736377292
-174.5 23.074954693848863 23.149641697740115
-174.0 23.072207435425973 23.147395628258344
-173.50000000000006 23.069471365046365 23.145167892854307
-173.0 23.0667465829208 23.142937130067146
-172.5 23.06403285971768 23.140701911625534
-172.00000000000006 23.06131494055615 23.13848475116808
-171.5 23.05861118055976 23.136273358695796
-171.0 23.055925191527606 23.13406400082326
-170.50000000000006 23.05322893904797 23.13186494652536
-170.0 23.050560202900108 23.129667456775337
-169.5 23.04788841644725 23.127470247189073
-169.00000000000006 23.045234331662034 23.125291373891315
-168.5 23.04259151249861 23.12311474045179
-168.0 23.03994833790655 23.120933416245965
-167.50000000000006 23.037307741132672 23.11876412115328
-167.0 23.03470825760079 23.116612701823193
-166.5 23.032095427866718 23.11444657325001
-166.00000000000006 23.02950062561152 23.11229482869662
-165.5 23.02692105427148 23.110164390765604
-165.0 23.02435090611531 23.108021112611304
-164.50000000000006 23.021784620535545 23.105886810479
-164.0 23.019235269747004 23.103775392624133
-163.5 23.016708363328032 23.101654390088715
-163.00000000000006 23.014181673795797 23.099553181050084
-162.5 23.011659938005295 23.09744758855136
-162.0 23.009167650280396 23.09535363457997
-161.50000000000006 23.00668012813427 23.093277038494797
-161.0 23.004203933867945 23.091188727790218
-160.5 23.00174172127308 23.0891253086645
-160.00000000000006 22.999291136158952 23.087061026806296
-159.5 22.99685566636434 23.085012014923663
-159.0 22.99443565879932 23.08296562671552
-158.50000000000006 22.992025687421496 23.080929970589796
-158.0 22.989634377194825 23.078890488294412
-157.5 22.987251475917905 23.07687339836468
-157.00000000000006 22.984886944593327 23.074864632581868
-156.5 22.982532749423644 23.072854842673536
-156.0 22.980191906132845 23.070857912735416
-155.50000000000006 22.97786006767581 23.068876400348447
-155.0 22.975538883179482 23.066884768636022
-154.5 22.97322152166215 23.06490943878603
-154.00000000000006 22.970913155435568 23.06292814043754
-153.5 22.96861283529367 23.060948688274358
-153.0 22.9663088877993 23.058988743667435
-152.50000000000006 22.96402602030174 23.05701088376749
-152.0 22.961729013914404 23.05505387320711
-151.5 22.95946063043758 23.053090898166193
-151.00000000000006 22.957186719223582 23.051139361103385
-150.5 22.9549162322793 23.04918857072661
-150.0 22.952655516501878 23.047242307269528
-149.50000000000006 22.950402037040533 23.045308546464454
-149.0 22.94816472943029 23.043370942769602
-148.5 22.94592487318653 23.041441635779883
-148.00000000000006 22.94368972039697 23.039513349656673
-147.5 22.94147218956066 23.037588487913943
-147.0 22.939248926512754 23.035673695121105
-146.50000000000006 22.937048024304445 23.033761712818475
-146.0 22.934844634963696 23.031848505762444
-145.5 22.93264994303528 23.029951046474704
-145.00000000000006 22.930472123165416 23.028050858426607
-144.5 22.92829449696429 23.02615790708442
-144.0 22.92612551912474 23.024276913430874
-143.50000000000006 22.923959700833425 23.02238841755351
-143.0 22.921801743894736 23.020517430597703
-142.5 22.919668279171653 23.018639302250307
-142.00000000000006 22.917523172050636 23.016770055381357
-141.5 22.915402395637116 23.01491089724058
-141.0 22.913283425625842 23.013047460443588
-140.50000000000006 22.911166373488506 23.011205742898646
-140.0 22.90906228184662 23.00935648695585
-139.5 22.906976626131804 23.007520023910818
-139.00000000000006 22.90489708574587 23.005689586497535
-138.5 22.902823961535915 23.003860520174474
-138.0 22.90074731510098 23.002038009783668
-137.50000000000006 22.89869141726274 23.00021805562073
-137.0 22.896641124245352 22.998402356117023
-136.5 22.89460746014443 22.99660065004521
-136.00000000000006 22.892582745213865 22.994805821871218
-135.5 22.890560565707343 22.993008479984383
-135.0 22.888552243469743 22.991209925997005
-134.50000000000006 22.8865500971161 22.98944610728219
-134.0 22.884561078781267 22.987659055885263
-133.5 22.88258334852467 22.985887384883693
-133.00000000000006 22.880607661033725 22.984129512334135
-132.5 22.878651294921863 22.9823671612128
-132.0 22.87669605658323 22.9806279789112
-131.50000000000006 22.874763698622157 22.978875297812536
-131.0 22.872834778597255 22.97713501022899
-130.5 22.87090587166241 22.975402622026756
-130.00000000000006 22.869009488361087 22.97368073838411
-129.5 22.867103335884554 22.971953015843376
-129.0 22.865206859181736 22.970245990548023
-128.50000000000006 22.86333264050896 22.968525907987495
-128.0 22.86146832453049 22.96683228053725
-127.5 22.859613516236767 22.965138799636815
-127.00000000000006 22.85776762299861 22.963445740608623
-126.5 22.855931503767742 22.961763906064068
-126.0 22.85411378505931 22.960091341001764
-125.50000000000006 22.852292048198887 22.958428634458595
-125.0 22.850495096389096 22.95677436986145
-124.5 22.848704463746074 22.95510414328146
-124.00000000000006 22.846923335840387 22.953471362309013
-123.5 22.845153118305124 22.951828757950366
-123.0 22.843401203285453 22.950193189727667
-122.50000000000006 22.84165317372676 22.948564349625528
-122.0 22.83991817797018 22.946942142393134
-121.5 22.838193989534386 22.945331750914853
-121.00000000000006 22.836481181804796 22.943721993289387
-120.5 22.83477733477069 22.94212708669971
-120.0 22.833090495123727 22.94053944853555
-119.50000000000006 22.831399280510926 22.938939113327777
-119.0 22.829727409005358 22.937348998502294
-118.5 22.828057627822904 22.935781795082146
-118.00000000000006 22.826387935423842 22.93420414116328
-117.5 22.824737844119873 22.932637402628394
-117.0 22.82309688371776 22.931073062368597
-116.50000000000006 22.82145782159973 22.929503276207473
-116.0 22.81982825062212 22.927955858919727
-115.5 22.818203461495884 22.926406842315753
-115.00000000000006 22.81659398243514 22.924869058408017
-114.5 22.81499084022121 22.923330483433805
-114.0 22.813406886984232 22.92179532192391
-113.50000000000006 22.81181285564411 22.92027326338754
-113.0 22.810225074034882 22.91875373652894
-112.5 22.80865434077358 22.91723016878302
-112.00000000000006 22.80709340877992 22.915708621616897
-111.5 22.80553524497286 22.91420834759165
-111.0 22.803989070382144 22.912707594994743
-110.50000000000006 22.80245381498738 22.91121118833604
-110.0 22.8009211679326 22.90972812642196
-109.5 22.799395594565457 22.908232843999127
-109.00000000000006 22.797878319230513 22.906755417903483
-108.5 22.796381466614832 22.905275064747826
-108.0 22.794880119609747 22.903804631661522
-107.50000000000006 22.79338247999889 22.902341648564324
-107.0 22.79191382061252 22.90087817361265
-106.5 22.790435893043927 22.89941622899196
-106.00000000000006 22.788964774709036 22.897970130592388
-105.5 22.787509418447446 22.89652277315553
-105.0 22.78605485081245 22.89507626557384
-104.50000000000006 22.784618857044386 22.89365178434256
-104.0 22.783188330673557 22.89222057545874
-103.5 22.781764920436327 22.89078868127669
-103.00000000000006 22.78034568572819 22.889372779351334
-102.5 22.77892662181444 22.887947048137573
-102.0 22.777520542787126 22.886543667528535
-101.50000000000006 22.77613635833236 22.885133052561372
-101.0 22.77475157152102 22.88373411440997
-100.5 22.77338065980595 22.88234299470595
-100.00000000000006 22.77199752008839 22.88095331612169
-99.5 22.770637745231042 22.8795671093496
-99.0 22.769298044496047 22.878182569209166
-98.50000000000006 22.767941491921157 22.876803477793164
-98.0 22.76660458519622 22.87543940900441
-97.5 22.765280414918653 22.87407273588024
-97.00000000000006 22.76395805147692 22.87270939564547
-96.5 22.762641987384317 22.871359422617644
-96.0 22.761330246696666 22.8700096609017
-95.50000000000006 22.76004221901582 22.868662978372264
-95.0 22.75874922310685 22.867323785552518
-94.5 22.7574714032207 22.865982638360286
-94.00000000000006 22.75619886125839 22.864657627933834
-93.5 22.754936074902723 22.863326149771623
-93.0 22.753675123287817 22.86200685920854
-92.50000000000006 22.752424029261217 22.860689296832454
-92.0 22.751194265109472 22.859380871893723
-91.5 22.749956404106136 22.85806510684575
-91.00000000000006 22.74872499731955 22.85677684413699
-90.5 22.74750838431178 22.855471989476136
-90.0 22.74630123276738 22.85418646657068
-89.50000000000006 22.745102207103596 22.852898279562677
-89.0 22.743905011655944 22.851611705393616
-88.5 22.74273366973629 22.85034050205715
-88.00000000000006 22.74154646956136 22.849064071006776
-87.5 22.740377276274405 22.847799947311188
-87.0 22.739216059393264 22.846540406547092
-86.50000000000006 22.738071697922486 22.845278878018295
-86.0 22.736925870420542 22.84402457338329
-85.5 22.735786894447312 22.842780253551776
-85.0 22.734646476769278 22.841534454304746
-84.5 22.733529417918863 22.840294338771756
-84.0 22.732411767619283 22.83905429308866
-83.5 22.73129802296241 22.837826199738352
-83.0 22.730190212839783 22.836599004077407
-82.5 22.729088152188247 22.83538107479044
-82.0 22.728003041136642 22.834160347003323
-81.5 22.726919478240177 22.832938221864445
-81.0 22.72583860595072 22.83174043939839
-80.5 22.724769371809913 22.83053328774029
-80.0 22.723700192841008 22.829319544710284
-79.5 22.722646148335706 22.82813339287535
-79.0 22.721601630194325 22.82693326094587
-78.5 22.720550343896893 22.8257476273486
-78.0 22.719510886441615 22.8245633019272
-77.5 22.718483697107814 22.823383623017367
-77.0 22.717460952786933 22.822202789153437
-76.5 22.716438486517028 22.82103712939609
-76.0 22.71543168004293 22.819863713567923
-75.5 22.714436739006256 22.81870541540583
-75.0 22.713443792558458 22.81754481215966
-74.5 22.712454078879002 22.816390853133946
-74.0 22.711465170103395 22.815240752651746
-73.5 22.710496186207756 22.814088418443195
-73.0 22.709522988761183 22.812957560484286
-72.5 22.7085705916246 22.81181468049742
-72.0 22.70761828364342 22.810685625102323
-71.5 22.706666451488246 22.80955733557931
-71.0 22.70572294789005 22.808431566101248
