FastTrWP/PhaseSpace/IAs/snIa_0.35_30.00_1.07_0.16.csv
# %ECSV 0.9
# ---
# datatype:
# - {name: time-rel, datatype: float64}
# - {name: g, datatype: float64}
# - {name: i, datatype: float64}
# schema: astropy-2.0
time-rel g i
[from data line 363]
-246.0 23.81518957438383 23.179406596128995
-245.5 23.811791672567253 23.176404070231705
-245.0 23.808405997791414 23.173418630141242
-244.5 23.805046699559792 23.170431345320836
-244.0 23.801663951653225 23.167465525041955
-243.5 23.798316309969202 23.16448726602645
-243.0 23.794968340915258 23.16154357675692
-242.5 23.79162277890718 23.158586251669448
-242.0 23.788301392563863 23.155643430655882
-241.5 23.784978841580603 23.152703304336978
-241.0 23.781672884465177 23.149776557497677
-240.5 23.778372072498144 23.14684328484697
-240.0 23.775085083730268 23.14393254797782
-239.5 23.7717911168046 23.141016477792547
-239.0 23.768520452473695 23.138115382790055
-238.5 23.765250935875592 23.135222083819983
-238.00000000000006 23.7619873272652 23.132324002098485
-237.5 23.758746267579042 23.129443295377634
-237.0 23.75551074104753 23.126567427120143
-236.50000000000006 23.752269253238065 23.123690213891088
-236.0 23.749039139758676 23.120818724477516
-235.5 23.745833876831732 23.117955008514542
-235.00000000000006 23.742619446998813 23.115109924366777
-234.5 23.73941910346843 23.112256803940625
-234.0 23.736227367968226 23.109416445734073
-233.50000000000006 23.73304396340409 23.106583792872154
-233.0 23.729856864964724 23.10374057162346
-232.5 23.726696881244518 23.100922529780608
-232.00000000000006 23.723546528318806 23.098112941353154
-231.5 23.720387281456937 23.095284009952458
-231.0 23.71722587584933 23.09247921979013
-230.50000000000006 23.714110299835454 23.089675654465786
-230.0 23.710970873929774 23.086884978581338
-229.5 23.70784297952958 23.0840922927908
-229.00000000000006 23.70473109150045 23.081313971096392
-228.5 23.701616130020543 23.078527189865493
-228.0 23.698512838447133 23.075747548128543
-227.50000000000006 23.695424181008427 23.072973942671684
-227.0 23.692331636702264 23.07020545079206
-226.5 23.68924110409024 23.067451480286728
-226.00000000000006 23.686178602781315 23.064703510972095
-225.5 23.683113459338166 23.061955368492292
-225.0 23.68004912189065 23.05921828442156
-224.50000000000006 23.6770066300313 23.05648240698988
-224.0 23.673971378504163 23.05375116535196
-223.5 23.67094407252939 23.051032438012847
-223.00000000000006 23.667909999285325 23.048310669141003
-222.5 23.664887305714952 23.045594302290787
-222.0 23.661872050326153 23.042899859376305
-221.50000000000006 23.658875145744368 23.040206844682114
-221.0 23.65588410023962 23.03751093185275
-220.5 23.6528969076329 23.03482140681751
-220.00000000000006 23.649916072291784 23.0321393207201
-219.5 23.6469408272865 23.029461733117707
-219.0 23.643974723673793 23.02679924661609
-218.50000000000006 23.641008077692376 23.024129522632954
-218.0 23.63805830933076 23.021469097524346
-217.5 23.635107534632805 23.018813806839667
-217.00000000000006 23.632171161573527 23.016162509526428
-216.5 23.629256338716978 23.013518039718065
-216.0 23.626308719984085 23.010884108248014
-215.50000000000006 23.623407029256143 23.008246781778865
-215.0 23.620477986298177 23.005623144256127
-214.5 23.61758009508838 23.00300309434434
-214.00000000000006 23.61468023767773 23.000380190886105
-213.5 23.61178593611303 22.99776453960356
-213.0 23.60890161474002 22.995161545528426
-212.50000000000006 23.606024790432414 22.99255379551227
-212.0 23.603159845249113 22.989958051503038
-211.5 23.600291662060222 22.98736517923824
-211.00000000000006 23.597425989885505 22.984777681944998
-210.5 23.59458265410554 22.98218876387477
-210.0 23.591728130383963 22.979611840889604
-209.50000000000006 23.588889308778555 22.977037286718772
-209.0 23.586048083424362 22.974462616331515
-208.5 23.58321525085076 22.9719062574712
-208.00000000000006 23.580395808829625 22.969348955833013
-207.5 23.57756875144395 22.966790280934276
-207.0 23.574765518407396 22.964235256953963
-206.50000000000006 23.571959682358568 22.961692224263643
-206.0 23.569169264470297 22.959152650091134
-205.5 23.566366503303332 22.956609668240734
-205.00000000000006 23.563573425353127 22.95409309277431
-204.5 23.560796326657236 22.95155267966285
-204.0 23.558030370494482 22.949022938528437
-203.50000000000006 23.55524583366257 22.946508612231735
-203.0 23.5524768116001 22.943984440379843
-202.5 23.549724471754885 22.941481813325343
-202.00000000000006 23.54697198681766 22.93897854478541
-201.5 23.54421249592413 22.93648021589933
-201.0 23.54148251855017 22.93396338557806
-200.50000000000006 23.53873154725254 22.931480511540578
-200.0 23.536002595297546 22.92898584609869
-199.5 23.53327532168717 22.926496539050845
-199.00000000000006 23.53056353129969 22.924012541161392
-198.5 23.527842789298603 22.921534664328803
-198.0 23.525125659279823 22.9190633780591
-197.50000000000006 23.522430356832782 22.916595214823772
-197.0 23.519729732070537 22.914122219900793
-196.5 23.51701746652685 22.911657703486483
-196.00000000000006 23.514331903232527 22.9092019511072
-195.5 23.511655476401756 22.906740180742993
-195.0 23.50895168724818 22.904293269878817
-194.50000000000006 23.506281632566107 22.90183634065705
-194.0 23.503597588566354 22.899382258202337
-193.5 23.500904052996574 22.896934160051323
-193.00000000000006 23.498231142167253 22.89449037071725
-192.5 23.49553679608966 22.89203341365015
-192.0 23.492862864062523 22.88958664280647
-191.50000000000006 23.49018501410822 22.887136648615027
-191.0 23.487509336730525 22.88469871135181
-190.5 23.484817101698127 22.882248941608097
-190.00000000000006 23.482138995546205 22.879813501917386
-189.5 23.47948422444638 22.877372907458234
-189.0 23.47681164943382 22.874935138127302
-188.50000000000006 23.474145236746587 22.872497702373224
-188.0 23.471484430347257 22.87006682692517
-187.5 23.46882210217032 22.86764134662821
-187.00000000000006 23.466155530500092 22.865207272093556
-186.5 23.463515757929002 22.862781678162328
-186.0 23.46086927122751 22.86035871699624
-185.50000000000006 23.458225172995736 22.857943834467736
-185.0 23.455584879124686 22.85552832555545
-184.5 23.452933374519333 22.853124967328363
-184.00000000000006 23.450320471301964 22.85071683992301
-183.5 23.447699363616117 22.848314563305937
-183.0 23.44508218863144 22.84592565365227
-182.50000000000006 23.44246387419218 22.84352949775595
-182.0 23.4398686695301 22.841138172460006
-181.5 23.437263457678487 22.838753544941778
-181.00000000000006 23.434674378364253 22.83637999781323
-180.5 23.43208268871512 22.83400955514128
-180.0 23.42949259067806 22.831648094884265
-179.50000000000006 23.426922814469325 22.82928516318805
-179.0 23.424361562243877 22.826919171903008
-178.5 23.421801913571212 22.824569083154994
-178.00000000000006 23.419239389083426 22.82222294413136
-177.5 23.416711182705903 22.819886192460807
-177.0 23.41417764410108 22.81755907994656
-176.50000000000006 23.41165907556302 22.815236417451807
-176.0 23.40913172247135 22.81290638919529
-175.5 23.406634172243116 22.81059957926443
-175.00000000000006 23.404137460696163 22.808288948030892
-174.5 23.401642033368756 22.805986489846756
-174.0 23.399163797583135 22.803691632671843
-173.50000000000006 23.396685384823105 22.801398832796473
-173.0 23.394237979023927 22.79912853484683
-172.5 23.39178724178209 22.796858237748513
-172.00000000000006 23.389343845292387 22.794590962567185
-171.5 23.386906782554846 22.792341048588725
-171.0 23.384499966377405 22.790090344020403
-170.50000000000006 23.38209056763764 22.787845544844384
-170.0 23.379691276455397 22.785613799686722
-169.5 23.377309773392497 22.783394074194284
-169.00000000000006 23.37492064511663 22.781175391867205
-168.5 23.372569687495094 22.7789721605096
-168.0 23.370219247133946 22.77676478054055
-167.50000000000006 23.36788179260038 22.774577858759415
-167.0 23.365557585556957 22.772393927311647
-166.5 23.363241892610493 22.770219601737942
-166.00000000000006 23.360929714649075 22.768047939359253
-165.5 23.35864021234611 22.765904231026383
-165.0 23.35636599147322 22.76374908536097
-164.50000000000006 23.35410528241137 22.76161855975504
-164.0 23.351857499010727 22.759483295337603
-163.5 23.349621512569534 22.757371503048383
-163.00000000000006 23.34738949008528 22.75527511278298
-162.5 23.345169108003123 22.753168499621225
-162.0 23.34296303075422 22.751077853681707
-161.50000000000006 23.340777876577544 22.74898372568931
-161.0 23.338576503448856 22.7469065751125
-160.5 23.33638679990309 22.744820018982903
-160.00000000000006 23.334199018512784 22.742741710699388
-159.5 23.332017259237748 22.74067340670029
-159.0 23.329861649276875 22.738594200780184
-158.50000000000006 23.327692210598098 22.73654160995587
-158.0 23.32553012587403 22.734489591045318
-157.5 23.32337929817575 22.732440342398185
-157.00000000000006 23.32124133707427 22.730387143394573
-156.5 23.319090637151753 22.728347533851153
-156.0 23.316969669221585 22.726313785357554
-155.50000000000006 23.3148468574326 22.72428600428361
-155.0 23.312731178363965 22.722255710358258
-154.5 23.310625099780516 22.720235671343993
-154.00000000000006 23.308518466835658 22.718227367931114
-153.5 23.306432243098783 22.716222797701523
-153.0 23.304341829567477 22.714213327197164
-152.50000000000006 23.30226124094675 22.712218166657973
-152.0 23.300186558912138 22.71022700713214
-151.5 23.29812136114834 22.708243076537634
-151.00000000000006 23.29607470933366 22.70625940039579
-150.5 23.294016588303172 22.70429005412349
-150.0 23.291983701580776 22.702320271277117
-149.50000000000006 23.289954115686534 22.700357643410634
-149.0 23.287929717376535 22.69840226493851
-148.5 23.285913969819248 22.69645245281002
-148.00000000000006 23.28390706126978 22.694506764176143
-147.5 23.281903839521476 22.692572572678287
-147.0 23.27991551337979 22.690637075730372
-146.50000000000006 23.277936385504052 22.688715125147244
-146.0 23.275959539156077 22.68680457074097
-145.5 23.27401132085328 22.684881478097722
-145.00000000000006 23.272042218910002 22.682987547566338
-144.5 23.270096571395893 22.681088292683498
-144.0 23.268166017627905 22.679190779461507
-143.50000000000006 23.266235807670075 22.67730993093852
-143.0 23.264313697735087 22.675434888428576
-142.5 23.26240354679736 22.673568710290816
-142.00000000000006 23.260505770571275 22.671701782281268
-141.5 23.258614371426933 22.66983988855948
-141.0 23.25674211080009 22.667988253449742
-140.50000000000006 23.254864731885366 22.666148182061214
-140.0 23.25299464224607 22.664308131462285
-139.5 23.251153272877417 22.662480233170545
-139.00000000000006 23.249309585057496 22.660665276496577
-138.5 23.247471405198947 22.658852723679857
-138.0 23.245654586713933 22.65704035614298
-137.50000000000006 23.243840245268117 22.65524871917457
-137.0 23.242038921362898 22.65345202484327
-136.5 23.24024807298457 22.651656871575952
-136.00000000000006 23.23847411786433 22.649884160192364
-135.5 23.236698844996123 22.648115256713783
-135.0 23.234950597341314 22.64635899208163
-134.50000000000006 23.233193251952024 22.644602912202778
-134.0 23.231443830025764 22.64285584440146
-133.5 23.22971696630085 22.64111441905456
-133.00000000000006 23.22800120345621 22.639384289942953
-132.5 23.22629049867615 22.637656293602674
-132.0 23.22460040450367 22.63594728400454
-131.50000000000006 23.22291455185743 22.634243248862237
-131.0 23.221245260961282 22.63253260857471
-130.5 23.219574917074553 22.630843675613765
-130.00000000000006 23.217918826983315 22.629160670702785
-129.5 23.216278119057453 22.6274861148335
-129.0 23.214627863538098 22.625811100109736
-128.50000000000006 23.21300641041106 22.62414574016067
-128.0 23.211395738164946 22.622480014311055
-127.5 23.2097722774578 22.620834057585718
-127.00000000000006 23.20816883869803 22.61917440863993
-126.5 23.2065767566945 22.617541814269174
-126.0 23.204986998567993 22.61589502193505
-125.50000000000006 23.203396037884115 22.614267059938587
-125.0 23.201837250039006 22.61264318037235
-124.5 23.200267596744716 22.61102932035676
-124.00000000000006 23.198709437264213 22.609410871005615
-123.5 23.19715411456037 22.607801519875604
-123.0 23.195610555740327 22.60620431133145
-122.50000000000006 23.194071141073604 22.60460770588047
-122.0 23.192556513963964 22.60301875199278
-121.5 23.19103334921689 22.60142821664106
-121.00000000000006 23.189527197981278 22.599859835586223
-120.5 23.18801359274842 22.598285000478672
-120.0 23.18653331731747 22.59672015059153
-119.50000000000006 23.18503512484932 22.595167715478077
-119.0 23.183570939645634 22.59361210266654
-118.5 23.182088916633145 22.59205746457014
-118.00000000000006 23.18062949211808 22.590515178214655
-117.5 23.179182375051404 22.588975648920645
-117.0 23.1777396134552 22.58744562567386
-116.50000000000006 23.17628740471188 22.585922445876268
-116.0 23.174860658859963 22.584401555973127
-115.5 23.173438406484237 22.582898298899735
-115.00000000000006 23.172019258744903 22.58137803221715
-114.5 23.17062140393211 22.579878150720024
-114.0 23.16922422606148 22.578385332868038
-113.50000000000006 23.167827291569267 22.576891287898686
-113.0 23.166436110254732 22.575406397031937
-112.5 23.165067425141494 22.573926375582918
-112.00000000000006 23.16369664043509 22.57245924664175
-111.5 23.162339163709444 22.570991816751757
-111.0 23.160985103015168 22.5695225807234
-110.5 23.159646578537178 22.568078942849183
-110.0 23.158301196398337 22.566628702554276
-109.5 23.156986449952935 22.56518158970596
-109.0 23.155661639969356 22.56374469987656
-108.5 23.154346485140202 22.562306709282925
-108.0 23.153038261888845 22.560876999808563
-107.5 23.151761137321802 22.559455346197566
-107.0 23.150464862232166 22.558035423805226
-106.5 23.149192026086325 22.556633371001595
-106.0 23.147908702462033 22.55522022314578
-105.5 23.146644184596823 22.553828761253747
-105.0 23.145393115229382 22.552431016993136
-104.5 23.144142894016152 22.55104922611411
-104.0 23.142908406553676 22.549669511348508
-103.5 23.141662818809543 22.5482914217555
-103.0 23.140437760596587 22.54692591107498
-102.5 23.13923426693677 22.54555749496038
-102.0 23.138011262396205 22.54419904005389
-101.5 23.1368215214429 22.54284486859637
-101.0 23.13561922171431 22.54150213253788
-100.5 23.134429344728634 22.540156863123272
-100.0 23.133260313705595 22.538821210620327
-99.5 23.132092561484292 22.53749511200104
-99.0 23.130928632104535 22.536167818528906
-98.5 23.12977237892113 22.534845582960912
-98.0 23.128631480407726 22.533540312780488
-97.5 23.127493383824273 22.53223311190389
-97.0 23.126354239317358 22.530925541554133
-96.5 23.125230959533223 22.529627429030082
-96.0 23.124118368357983 22.528333437422525
-95.5 23.123004104946613 22.52704152244233
-95.0 23.12189492354193 22.525753186492178
-94.5 23.12079978386044 22.52448134848107
-94.0 23.11971010757622 22.523210277341047
-93.5 23.118615414702674 22.521938203886673
-93.0 23.117556041276735 22.520674437686168
-92.5 23.116475330139913 22.519411711405507
-92.0 23.115407765377846 22.518159842878674
-91.5 23.114351477850484 22.516913158499033
-91.0 23.113310019307995 22.515665753979302
-90.5 23.11227127272328 22.514416619818466
-90.0 23.111218938656805 22.513192477880505
-89.5 23.110196503234523 22.5119580277039
-89.0 23.109159267063923 22.51073991384084
-88.5 23.108160295752942 22.509513840742272
-88.0 23.107138498875752 22.50830117426704
-87.5 23.10613919987076 22.50708782515513
-87.0 23.105139478747287 22.505885914437144
-86.5 23.10415512961976 22.504687457918997
-86.0 23.10316588438052 22.503489870136022
-85.5 23.10220316446189 22.50229724055558
-85.0 23.10122273563598 22.501112153554132
-84.5 23.100271002940893 22.49992945934693
-84.0 23.099303825559637 22.498752126650775
-83.5 23.098359547700504 22.497585326225504
-83.0 23.097427943901735 22.496421002885082
-82.5 23.096500556872783 22.495264008021106
-82.0 23.095565913266718 22.49410324356637
-81.5 23.094650862361238 22.492966882707396
-81.0 23.09374386190982 22.491813957884546
-80.5 23.092842270772636 22.490679391412534
-80.0 23.091938324541044 22.489534682785756
-79.5 23.09104459302524 22.48840919033374
-79.0 23.09016347817757 22.487289416379323
-78.5 23.08929105317832 22.486167810471166
