FastTrWP/PhaseSpace/IAs/snIa_0.61_30.00_-0.65_0.10.csv
# %ECSV 0.9
# ---
# datatype:
# - {name: time-rel, datatype: float64}
# - {name: g, datatype: float64}
# - {name: i, datatype: float64}
# schema: astropy-2.0
time-rel g i
[from data line 1734]
1046.2708333333333 25.63329832856983 22.559814831339846
1046.7708333333333 25.63500345564835 22.56069377034492
1047.2708333333333 25.636709375762265 22.56157744682582
1047.7708333333333 25.638416371601554 22.562457908023156
1048.2708333333333 25.64016487228699 22.563346127190652
1048.7708333333333 25.641848092674387 22.5642246594618
1049.2708333333333 25.64359220482512 22.56509905908404
1049.7708333333333 25.645324427696636 22.56599236046985
1050.2708333333333 25.64705158022202 22.566881005998965
1050.7708333333333 25.648766026913652 22.56776866855857
1051.2708333333333 25.65052857691517 22.56865030658176
1051.7708333333333 25.652249371201236 22.569536587147837
1052.2708333333333 25.653980532135428 22.57043235081244
1052.7708333333333 25.65576090491359 22.571312033945738
1053.2708333333333 25.657501155652863 22.572207340658824
1053.7708333333333 25.659237306870036 22.57309397520078
1054.2708333333333 25.660975765542485 22.57398710700947
1054.7708333333333 25.662726771819045 22.57487749953226
1055.2708333333333 25.664498660179753 22.575774488149282
1055.7708333333333 25.66626098742333 22.576668027214254
1056.2708333333333 25.66801304459235 22.577559890353022
1056.7708333333333 25.669787030576337 22.57845190199726
1057.2708333333333 25.671558054337247 22.579344058628745
1057.7708333333333 25.673329218206934 22.58024180736152
1058.2708333333333 25.675089997375224 22.58114457119141
1058.7708333333333 25.67687928292941 22.582044722744605
1059.2708333333333 25.678664361292878 22.582937547928815
1059.7708333333333 25.680441242136666 22.5838438460193
1060.2708333333333 25.682219557062112 22.584738104287226
1060.7708333333333 25.683997108603908 22.58563995932616
1061.2708333333333 25.68579885053577 22.586536633800726
1061.7708333333333 25.68759743463304 22.587448260062377
1062.2708333333333 25.689364597205252 22.588342496385167
1062.7708333333333 25.69118983848265 22.589248009313735
1063.2708333333333 25.6929800033584 22.590149500783564
1063.7708333333333 25.69477282711407 22.59105445160268
1064.2708333333333 25.696569419923282 22.591964171527046
1064.7708333333333 25.698393202054014 22.592873693657573
1065.2708333333333 25.700206702318535 22.593779421756235
1065.7708333333333 25.70201185268487 22.594694217427946
1066.2708333333333 25.703845333920214 22.595593940669552
1066.7708333333333 25.705661402537217 22.59651298826508
1067.2708333333333 25.70753341330684 22.5974177657293
1067.7708333333333 25.709342454881533 22.598332350244252
1068.2708333333333 25.711167451090866 22.599247144285307
1068.7708333333333 25.71300714580994 22.600159769745662
1069.2708333333333 25.714846961413677 22.601074637913538
1069.7708333333333 25.71668049001579 22.601990799459493
1070.2708333333333 25.718502509774176 22.60290790328698
1070.7708333333333 25.7203474931622 22.603822502493056
1071.2708333333333 25.72223938672172 22.604738747436688
1071.7708333333333 25.724063643678985 22.605658863664896
1072.2708333333333 25.72593262257363 22.606589462352048
1072.7708333333333 25.72779543776322 22.60750811444383
1073.2708333333333 25.72963693348153 22.60842666159097
1073.7708333333333 25.731517473526964 22.609348317256863
1074.2708333333333 25.73339088305953 22.610272479753284
1074.7708333333333 25.73524576370612 22.61119408181746
1075.2708333333333 25.73712649940513 22.612122017154995
1075.7708333333333 25.738999644447752 22.613045279584576
1076.2708333333333 25.740922496794106 22.613982063331193
1076.7708333333333 25.74279117812808 22.614907193517002
1077.2708333333333 25.744666039213946 22.61583919812091
1077.7708333333333 25.74658174812892 22.61676747511276
1078.2708333333333 25.748474096027472 22.61769574845657
1078.7708333333333 25.75036771599961 22.618630936258434
1079.2708333333333 25.752263719292763 22.619561644357496
1079.7708333333333 25.754189586442855 22.620498279945167
1080.2708333333333 25.756081312179447 22.62142812386902
1080.7708333333333 25.758001083975486 22.622378913948893
1081.2708333333333 25.759922602725133 22.62330970492188
1081.7708333333333 25.76186766521125 22.624258819036424
1082.2708333333333 25.763767777548615 22.625187270605398
1082.7708333333333 25.765724714467627 22.626127358134465
1083.2708333333333 25.76765048616234 22.62707131209401
1083.7708333333333 25.769590871603395 22.628016372321763
1084.2708333333333 25.771498649418092 22.628952881855945
1084.7708333333333 25.773453801858338 22.62990308776979
1085.2708333333333 25.775407852943854 22.630842439073326
1085.7708333333333 25.777358236396253 22.63179212922583
1086.2708333333333 25.779294399281834 22.632741506193565
1086.7708333333333 25.78127942717725 22.63368559896454
1087.2708333333333 25.783245889189686 22.634633201808132
1087.7708333333333 25.785197382664933 22.635585878117116
1088.2708333333333 25.78716839751706 22.63653140842594
1088.7708333333333 25.789154634565847 22.637488751411436
1089.2708333333333 25.791141764785422 22.638435202874724
1089.7708333333333 25.793102211114185 22.63938957671694
1090.2708333333333 25.79505062868753 22.64034801220828
1090.7708333333333 25.797052987489145 22.641297589009113
1091.2708333333333 25.79905287300557 22.64224875108247
1091.7708333333333 25.80105333837875 22.643203222381977
1092.2708333333333 25.803038097310626 22.64416821382277
1092.7708333333333 25.805064774466345 22.6451195489184
1093.2708333333333 25.80704096319479 22.646084543529412
1093.7708333333333 25.809072138801152 22.647042607311864
1094.2708333333333 25.8110819452829 22.64800083827798
1094.7708333333333 25.813098153800354 22.648965628401573
1095.2708333333333 25.815080171241945 22.649921986177176
1095.7708333333333 25.81711893595032 22.65089640825519
1096.2708333333333 25.81914758572253 22.651855058577013
1096.7708333333333 25.821198404578762 22.652817330775804
1097.2708333333333 25.823203080652526 22.65378618962149
1097.7708333333333 25.82528115416548 22.65476239387422
1098.2708333333333 25.827270914356447 22.655723055409354
1098.7708333333333 25.829371386431443 22.656698758879266
1099.2708333333333 25.831393341977325 22.657665992210113
1099.7708333333333 25.833428366511868 22.658635944512888
1100.2708333333333 25.83549924036528 22.65961640692133
1100.7708333333333 25.83759626172401 22.660592448315278
1101.2708333333333 25.839641570978145 22.66155864629082
1101.7708333333333 25.84169653437177 22.662535546896024
1102.2708333333333 25.843781903745956 22.66351611963241
1102.7708333333333 25.845860712044907 22.664499726334224
1103.2708333333333 25.847947458489685 22.66547693102276
1103.7708333333333 25.850038419238466 22.666452193988718
1104.2708333333333 25.852137900669558 22.66743238135608
1104.7708333333333 25.85422005186901 22.6684206446973
1105.2708333333333 25.85632406898112 22.66940422922344
1105.7708333333333 25.8584184177389 22.670384676606076
1106.2708333333333 25.86056492479826 22.67136859728989
1106.7708333333333 25.86267403263401 22.672360098871458
1107.2708333333333 25.864780282602684 22.673352117557908
1107.7708333333333 25.866906483539452 22.674334986607235
1108.2708333333333 25.869032725118256 22.675330596591476
1108.7708333333333 25.87117490258258 22.676311696720397
1109.2708333333333 25.873278819719733 22.677310030386288
1109.7708333333333 25.87540685478007 22.6783042272722
1110.2708333333333 25.877577635992544 22.679297863874005
1110.7708333333333 25.879731627120833 22.68030472673587
1111.2708333333333 25.881921917464613 22.681288696999438
1111.7708333333333 25.88408713680557 22.682288882933644
1112.2708333333333 25.886212664344907 22.683290595729645
1112.7708333333333 25.88836511139169 22.68430014071013
1113.2708333333333 25.890558796236597 22.685287929313507
1113.7708333333333 25.89273740809602 22.686298109312585
1114.2708333333333 25.894895193958742 22.687296995438345
1114.7708333333333 25.897063375514374 22.688302420531485
1115.2708333333333 25.899279234100597 22.689314454074143
1115.7708333333333 25.901486625974023 22.69031915073368
1116.2708333333333 25.90367594724206 22.691325922232544
1116.7708333333333 25.905872015277275 22.692340345237785
1117.2708333333333 25.908107892854638 22.693353650345
1117.7708333333333 25.91034998871978 22.694362758623612
1118.2708333333333 25.912568072029153 22.69538161767673
1118.7708333333333 25.91476006575237 22.696394831676884
1119.2708333333333 25.916970487465868 22.697414280327916
1119.7708333333333 25.919233074216194 22.698429259699626
1120.2708333333333 25.921466050216203 22.699453852549865
1120.7708333333333 25.923740596865752 22.70047495669808
1121.2708333333333 25.926008305151647 22.701495117584194
1121.7708333333333 25.92822849494159 22.70251532120268
1122.2708333333333 25.930494976971488 22.703545626011557
1122.7708333333333 25.9327764884992 22.70456268826758
1123.2708333333333 25.935055070589037 22.705588413171313
1123.7708333333333 25.93732513431813 22.706626990603624
1124.2708333333333 25.939618942489364 22.707651524739752
1124.7708333333333 25.941918195161048 22.70868207266402
1125.2708333333333 25.944238672415302 22.709714198344876
1125.7708333333333 25.946514918104636 22.7107507557186
1126.2708333333333 25.948836370992282 22.71177783301819
1126.7708333333333 25.951137879998928 22.712821433814145
1127.2708333333333 25.95347765584247 22.71384807080282
1127.7708333333333 25.95580839196745 22.714888323845454
1128.2708333333333 25.958118080126003 22.71593096008951
1128.7708333333333 25.960487251160707 22.716972391857926
1129.2708333333333 25.962806517306788 22.71801250702961
1129.7708333333333 25.965172085055983 22.71905689360402
1130.2708333333333 25.967560556147482 22.720100098531503
1130.7708333333333 25.96988798788044 22.7211439722192
1131.2708333333333 25.97224838732989 22.722187468292926
1131.7708333333333 25.97463550680594 22.723239345957612
1132.2708333333333 25.977024722790787 22.724293318814222
1132.7708333333333 25.979403589660564 22.725343217234283
1133.2708333333333 25.981794610557152 22.726390647222733
1133.7708333333333 25.984159784100843 22.72744334265537
1134.2708333333333 25.9866285746245 22.72850354514764
1134.7708333333333 25.98899594762584 22.729559031692176
1135.2708333333333 25.991464827515045 22.730612849159396
1135.7708333333333 25.993850977693498 22.73167168729654
1136.2708333333333 25.9962569674224 22.732724070000824
1136.7708333333333 25.998675036506413 22.733790953842792
1137.2708333333333 26.00113090778804 22.734858667872654
1137.7708333333333 26.003601846236556 22.735913236751365
1138.2708333333333 26.00603609790097 22.736983650472883
1138.7708333333333 26.00846980787052 22.738040819450855
1139.2708333333333 26.01096808818612 22.7391122270398
1139.7708333333333 26.013380299247174 22.740185223687327
1140.2708333333333 26.015899363124994 22.74125288670254
1140.7708333333333 26.018383792624533 22.74232758390335
1141.2708333333333 26.02085677814667 22.743397817002133
1141.7708333333333 26.023330069627534 22.744469555872826
1142.2708333333333 26.025845377785846 22.745547266010604
1142.7708333333333 26.02832323761346 22.7466179619309
1143.2708333333333 26.03083942765645 22.74770335682408
1143.7708333333333 26.033347092956717 22.74879483727318
1144.2708333333333 26.035852105674465 22.749861275006342
1144.7708333333333 26.038361543940596 22.750939647927396
1145.2708333333333 26.040904721702137 22.752024693083094
1145.7708333333333 26.043441095525772 22.753107689533447
1146.2708333333333 26.0459562594708 22.754196525005227
1146.7708333333333 26.04855014894186 22.755281960404098
1147.2708333333333 26.05104011824546 22.75637171308789
1147.7708333333333 26.053610383970387 22.75745923605418
1148.2708333333333 26.056160511667837 22.758552897651757
1148.7708333333333 26.05875260624131 22.75963889111256
1149.2708333333333 26.06134528311792 22.76073751658562
1149.7708333333333 26.06384518283541 22.76183616991991
1150.2708333333333 26.06647086816862 22.76292990948402
1150.7708333333333 26.069022073582047 22.764019394308328
1151.2708333333333 26.07162639351462 22.765124475941505
1151.7708333333333 26.07425429362761 22.766230469048196
1152.2708333333333 26.07686193524163 22.767332533054745
1152.7708333333333 26.07948701692999 22.768430000648618
1153.2708333333333 26.08208553742745 22.769531559274398
1153.7708333333333 26.084698482572822 22.770639618208932
1154.2708333333333 26.08731992749376 22.77174901758115
1154.7708333333333 26.08989305280098 22.772855206666
1155.2708333333333 26.092566092608287 22.773967226307548
1155.7708333333333 26.095206948265172 22.775075872212934
1156.2708333333333 26.097838846516392 22.77618628761175
1156.7708333333333 26.100480525374774 22.777305892650684
1157.2708333333333 26.10314809628179 22.77842045706616
1157.7708333333333 26.105812229246563 22.779540092078
1158.2708333333333 26.108471739101024 22.780660310002226
1158.7708333333333 26.111122571693315 22.781775565850026
1159.2708333333333 26.113839143848022 22.782903691278396
1159.7708333333333 26.116489828285342 22.784012522941754
1160.2708333333333 26.119197573594022 22.78514936863673
1160.7708333333333 26.1219083646834 22.786269556639486
1161.2708333333333 26.124583227995313 22.78740377669202
1161.7708333333333 26.12731773965797 22.788528784254037
1162.2708333333333 26.130098507104428 22.789669072977734
1162.7708333333333 26.13284037608271 22.79079773114342
1163.2708333333333 26.135625723297245 22.791942537067776
1163.7708333333333 26.138411912083033 22.79307387001913
1164.2708333333333 26.14114839424274 22.794213756588178
1164.7708333333333 26.14402147921897 22.795354571959926
1165.2708333333333 26.146787954920345 22.79650023873044
1165.7708333333333 26.149632477981317 22.797648057623682
1166.2708333333333 26.152495625160373 22.798798097730625
1166.7708333333333 26.155325395726287 22.799947107780415
1167.2708333333333 26.158153767185798 22.801101160286215
1167.7708333333333 26.161074517482717 22.802258588054038
1168.2708333333333 26.163975029184776 22.803410279381055
1168.7708333333333 26.166863180438533 22.804567456806396
1169.2708333333333 26.169763760024388 22.805732791006154
1169.7708333333333 26.172698561112846 22.806888526094294
1170.2708333333333 26.175577675978868 22.808056893087205
1170.7708333333333 26.1785593369611 22.809217182893008
1171.2708333333333 26.18150510892084 22.81038511510513
1171.7708333333333 26.18442775562977 22.811559599288067
1172.2708333333333 26.187449708415222 22.81272781350422
1172.7708333333333 26.19040125356232 22.813900287221642
1173.2708333333333 26.193347505189138 22.81507529826751
1173.7708333333333 26.196326411954438 22.816246142761386
1174.2708333333333 26.19935415301601 22.817414067600406
1174.7708333333333 26.20233555596195 22.818595729048955
1175.2708333333333 26.205323268320786 22.81977293068237
1175.7708333333333 26.208338004965327 22.820954935498644
1176.2708333333333 26.211353183396405 22.822136832615605
1176.7708333333333 26.21444690471207 22.8233149543966
1177.2708333333333 26.217440777282768 22.824499549608667
1177.7708333333333 26.220457929083047 22.82569388082453
1178.2708333333333 26.223500542408516 22.826877878124563
1178.7708333333333 26.226505071047 22.828059347709665
1179.2708333333333 26.229585499437626 22.829249543985505
1179.7708333333333 26.23257320123458 22.83043544384379
1180.2708333333333 26.235656512292593 22.83163783439326
1180.7708333333333 26.23868612916422 22.832834346793813
1181.2708333333333 26.241778226417626 22.834011838429706
1181.7708333333333 26.244826462700864 22.835213862663156
1182.2708333333333 26.247901616124217 22.836412938381997
1182.7708333333333 26.2509714116751 22.837599433474743
1183.2708333333333 26.254016066202567 22.83881081634683
1183.7708333333333 26.257083040688293 22.84000151195384
1184.2708333333333 26.260127640879276 22.84119183216919
1184.7708333333333 26.263171173390845 22.842389814840935
1185.2708333333333 26.26620315589603 22.84360340488626
1185.7708333333333 26.26928554627607 22.844803681183585
1186.2708333333333 26.272317866884443 22.846008044856788
1186.7708333333333 26.275375808168157 22.8471982134659
1187.2708333333333 26.278438353396126 22.848409742404243
1187.7708333333333 26.28145996453192 22.849614307067043
