FastTrWP/PhaseSpace/IAs/snIa_0.34_30.00_-0.08_0.08.csv
# %ECSV 0.9
# ---
# datatype:
# - {name: time-rel, datatype: float64}
# - {name: g, datatype: float64}
# - {name: i, datatype: float64}
# schema: astropy-2.0
time-rel g i
[from data line 683]
540.875 22.98581738351517 22.593731445454655
541.375 22.984940593217228 22.59259204357644
541.875 22.984066194902603 22.59144446869299
542.375 22.98319910177847 22.590308465148347
542.875 22.982348143718045 22.58917015969478
543.375 22.98149315223035 22.58804038805856
543.875 22.980647008766503 22.586920941160827
544.375 22.979820661812987 22.585809955930124
544.875 22.9789986564934 22.584696942896713
545.375 22.978177875892932 22.5835910591455
545.875 22.977376273968236 22.582492277384315
546.375 22.976566333071315 22.58139541716959
546.875 22.97577030875351 22.580306348637574
547.375 22.974982184003025 22.579219857141094
547.875 22.974200435701697 22.578141187144098
548.375 22.97342937804142 22.577067927215595
548.875 22.97266424926578 22.57600207279312
549.375 22.9719008562643 22.574925736238548
549.875 22.971145991235183 22.573870201830367
550.375 22.970401541828057 22.572809774713246
550.875 22.969673358775626 22.57175994148801
551.375 22.96893784397994 22.570711984647044
551.875 22.968215013172948 22.56966677123242
552.375 22.967489663845903 22.568639214068526
552.875 22.966787082866045 22.567606567808475
553.375 22.966084152226664 22.566576107920746
553.875 22.96538545531257 22.56555188575552
554.375 22.964691309791128 22.56453225924774
554.875 22.96400705581818 22.5635251728937
555.375 22.96333121836674 22.562506683857425
555.875 22.96267000471547 22.561498539897094
556.375 22.96200193928542 22.560507637668263
556.875 22.961341677994387 22.559499545169754
557.375 22.96069667488352 22.55850658970435
557.875 22.96004968131903 22.55752197966324
558.375 22.95940880940782 22.556542403060007
558.875 22.95878245570638 22.555564131360995
559.375 22.95815694242823 22.55458480277529
559.875 22.95753389014407 22.553613566795146
560.375 22.9569215560743 22.552645946315444
560.875 22.956322437911215 22.551678848713593
561.375 22.955714531308445 22.55072512643713
561.875 22.95512148579277 22.549771526049597
562.375 22.95453089285303 22.548820743915524
562.875 22.95394176485077 22.54787396732671
563.375 22.95337094727166 22.54692419641808
563.875 22.952796186288595 22.545986676178007
564.375 22.952222876021672 22.54505217311076
564.875 22.95167236243109 22.544129902029365
565.375 22.951124889714464 22.54319387679514
565.875 22.950583058988506 22.542277402505377
566.375 22.95003003381553 22.541358040216444
566.875 22.949510594962366 22.54044949001478
567.375 22.949007352361992 22.53954890989688
567.875 22.94848406720792 22.538638498457267
568.375 22.947988218510538 22.53775484162006
568.875 22.947487566820286 22.536862520795676
569.375 22.94699531848046 22.53598096179172
569.875 22.9465227296414 22.535095387606013
570.375 22.94604675841984 22.534220822377517
570.875 22.945575848885582 22.533360300150527
571.375 22.94512222048489 22.532490361492044
571.875 22.944677774213503 22.531633088974907
572.375 22.94422579919972 22.530779054196106
572.875 22.94379009897711 22.529927734505225
573.375 22.943360724511756 22.529080738741065
573.875 22.94293910060679 22.52823696619213
574.375 22.94251514919233 22.527396125324533
574.875 22.942109811448912 22.526562223430048
575.375 22.941701612555153 22.52573376352247
575.875 22.941309782360868 22.52491386691664
576.375 22.940919833874233 22.524089707203512
576.875 22.940526493753044 22.52326941642719
577.375 22.940150740334833 22.5224564338542
577.875 22.93977694403393 22.52165273853842
578.375 22.939407020955006 22.52084519888267
578.875 22.93904491566724 22.520043292629126
579.375 22.93867945112161 22.519236596808895
579.875 22.938335536972545 22.51843792013314
580.375 22.9379898234764 22.51764788394005
580.875 22.93765217628565 22.5168610547071
581.375 22.937305607462484 22.51607740932625
581.875 22.936985224798914 22.515289947408476
582.375 22.936648567564237 22.514511365137672
582.875 22.93632322215447 22.513734121269767
583.375 22.9360132015004 22.512964492766898
583.875 22.935696258388887 22.512193890021905
584.375 22.93539769965326 22.5114198940585
584.875 22.935090890866555 22.510657043469998
585.375 22.934796601470836 22.509900654132696
585.875 22.934506416540042 22.50913426940928
586.375 22.93420988735733 22.50838177782086
586.875 22.933927779436733 22.507631486520463
587.375 22.933647239013432 22.50687378597995
587.875 22.9333603516082 22.50613014273537
588.375 22.933087689532265 22.505385181360822
588.875 22.932829221838723 22.50463911573281
589.375 22.932552034009667 22.503895748294017
589.875 22.932286914565644 22.50315630744445
590.375 22.932033916254685 22.50241823238731
590.875 22.93177333232665 22.501681448798777
591.375 22.931520458510196 22.50094651992026
591.875 22.931261137115722 22.500220505877465
592.375 22.93102957970319 22.499493846221096
592.875 22.930774638621827 22.498761356288117
593.375 22.930533992299857 22.498030307004946
593.875 22.930292301206087 22.49730813500669
594.375 22.9300668095234 22.496584815443455
594.875 22.929828730900912 22.49586017599778
595.375 22.929595560581312 22.49514834211734
595.875 22.929360377204983 22.494423932101437
596.375 22.929137287559588 22.493710486079625
596.875 22.928906002705816 22.492995205739092
597.375 22.928687493536696 22.492286057298358
597.875 22.9284695022928 22.4915691391741
598.375 22.928264063242416 22.49086642125013
598.875 22.92804831809894 22.490152833547327
599.375 22.927835086507432 22.489446820817655
599.875 22.927642964803244 22.488748843550034
600.375 22.92744202968063 22.488038443351464
600.875 22.927247162163038 22.487342631130403
601.375 22.927056536703567 22.486643843904748
601.875 22.92687180388191 22.485952003749897
602.375 22.926684277620254 22.485264739479316
602.875 22.926506591545216 22.484576115638546
603.375 22.926332126453097 22.483890737637413
603.875 22.92616383163479 22.483203654277432
604.375 22.925997269488928 22.4825198781177
604.875 22.92582977660195 22.4818501596268
605.375 22.925670483977125 22.481169023833857
605.875 22.925519278496253 22.480496888386853
606.375 22.925370106325147 22.47981751972535
606.875 22.925213100122257 22.479149825216147
607.375 22.925071898255837 22.47848051599941
607.875 22.924931117838398 22.47782194156204
608.375 22.9248000107588 22.477161424943553
608.875 22.92467000864682 22.47650053250005
609.375 22.924543372942217 22.475840041881227
609.875 22.924422184962772 22.475186509516124
610.375 22.924293833708322 22.47454529847139
610.875 22.924182439021234 22.47389169594492
611.375 22.924066295313242 22.47322986405478
611.875 22.923966909740084 22.472595032269325
612.375 22.92386820122561 22.471954682127162
612.875 22.923767639379285 22.471314878883714
613.375 22.923675021043984 22.470678151809764
613.875 22.923579396187073 22.47004383707983
614.375 22.92348830790665 22.469412894907595
614.875 22.923419848536643 22.468779697940843
615.375 22.92334083607785 22.468155355018972
615.875 22.92326905246522 22.467530068922798
616.375 22.923194959885997 22.466905633249134
616.875 22.923142055273193 22.46628575424744
617.375 22.923075092119475 22.46567191413353
617.875 22.923013441554566 22.465057515584803
618.375 22.92296706383072 22.464442521822868
618.875 22.92292181564733 22.463834898988967
619.375 22.922884684039843 22.463223758255193
619.875 22.922853019671408 22.462628183083968
620.375 22.922815693668255 22.46202954678187
620.875 22.9227840930246 22.461431742345518
621.375 22.922761326065423 22.460836609554104
621.875 22.922735132448654 22.460244409894838
622.375 22.9227288980998 22.459652989147706
622.875 22.922712598317652 22.459065878064667
623.375 22.922709628141725 22.458474388860644
623.875 22.92270360854949 22.45789362744855
624.375 22.922707264846586 22.4573184603717
624.875 22.92271674165886 22.45674236815191
625.375 22.92272431643464 22.45616548984026
625.875 22.922746495650593 22.455595221006348
626.375 22.922759858744758 22.455034210039383
626.875 22.922792583971447 22.4544638969765
627.375 22.922823724203774 22.45389476805121
627.875 22.922863883402748 22.45334022088986
628.375 22.92289180724446 22.45278191163095
628.875 22.922936408921153 22.45222011805227
629.375 22.922995873236562 22.45167908388503
629.875 22.923044242316244 22.451125899642776
630.375 22.923105565487948 22.450581606665928
630.875 22.92316876521156 22.45003013222552
631.375 22.923231987190906 22.449485876250677
631.875 22.92330799653253 22.448946684202596
632.375 22.923383167445806 22.44841870710538
632.875 22.923461906463967 22.447871012872707
633.375 22.92354613806584 22.447345286007597
633.875 22.923629131972348 22.446810286597195
634.375 22.923721540800255 22.446281355490434
634.875 22.923821213803002 22.44575625161407
635.375 22.923904909856503 22.44523255531289
635.875 22.924020753808144 22.444716171641023
636.375 22.924134782466105 22.444188934296818
636.875 22.924235869470508 22.443672955199112
637.375 22.924365422845646 22.443153569106467
637.875 22.924474085019 22.442652104968246
638.375 22.92461603738991 22.44213550783048
638.875 22.92473918551659 22.441635563808028
639.375 22.924877476088547 22.44112950660694
639.875 22.925010478027477 22.440626814126045
640.375 22.92515015166064 22.440123064748132
640.875 22.925304981093092 22.43963600621558
641.375 22.925456701198197 22.43913168281127
641.875 22.925610317593303 22.438647346496488
642.375 22.925769032778355 22.438150864564186
642.875 22.92594472625496 22.437669285452895
643.375 22.926113602571668 22.437179066316915
643.875 22.926285567695246 22.436705936294707
644.375 22.926464743229605 22.436221628563384
644.875 22.926650679883394 22.435749965833875
645.375 22.926842577280333 22.435273333295264
645.875 22.927033086462437 22.43479832712568
646.375 22.92723688165132 22.434323951679218
646.875 22.9274362657352 22.43386140997992
647.375 22.92763768182357 22.433396156922328
647.875 22.927847874725337 22.432937740933912
648.375 22.928065467017802 22.432483579697244
648.875 22.928295621800817 22.432015889339027
649.375 22.92852377659551 22.431565098128978
649.875 22.928746487354637 22.431119745200775
650.375 22.928978759811542 22.4306726263467
650.875 22.929222459147795 22.430222836709547
651.375 22.92946228064007 22.42978153356685
651.875 22.929713062190462 22.42934255661906
652.375 22.929966884083402 22.42890108687982
652.875 22.93022062324583 22.428462132040927
653.375 22.930491391853263 22.42803202116098
653.875 22.93075242474368 22.427603436635316
654.375 22.931029386465585 22.427171070888136
654.875 22.931304096720137 22.426749661333425
655.375 22.931590604091355 22.426333613885824
655.875 22.9318716306771 22.425915298748418
656.375 22.93217381513459 22.42549624722942
656.875 22.932467114535235 22.425084168786068
657.375 22.93276355420215 22.424667285218547
657.875 22.933073877349642 22.424264383200256
658.375 22.933380284066025 22.423858078124272
658.875 22.93369324775319 22.423449787953537
659.375 22.934019950089137 22.423052269775937
659.875 22.934342988387083 22.422660175572084
660.375 22.934680164806952 22.422260512089203
660.875 22.935013227978892 22.421874797882243
661.375 22.935358961044532 22.421483563398226
661.875 22.93570866151252 22.421091174399912
662.375 22.936062359852812 22.420711391333164
662.875 22.936420701432034 22.4203260532199
663.375 22.936788211992717 22.41995548575383
663.875 22.93715700705554 22.419572980732276
664.375 22.9375361323013 22.419199659199172
664.875 22.937934525252352 22.418827174767113
665.375 22.938313361767534 22.41845012750023
665.875 22.938709907133287 22.418087502369662
666.375 22.939109236732623 22.41771966048826
666.875 22.939514509918148 22.417358771622933
667.375 22.939931531779877 22.417002488306537
667.875 22.940350448108262 22.416649085759644
668.375 22.940776144147964 22.416284560733274
668.875 22.94120328249734 22.415937691465913
669.375 22.94163209500717 22.41558577546956
669.875 22.94208677495732 22.415245842427936
670.375 22.9425204762744 22.414896706360572
670.875 22.94296564624168 22.414549164145896
671.375 22.943419319476966 22.41421583150915
671.875 22.943877232169623 22.413875149231718
672.375 22.944354117298047 22.413537572369794
672.875 22.944807390465726 22.413210638317654
673.375 22.945289887861968 22.412873018915608
673.875 22.945762213809026 22.412548418973927
674.375 22.94624839076051 22.41222930979646
674.875 22.946738109119657 22.41190325283452
675.375 22.9472249542321 22.411583501283758
675.875 22.947722033891445 22.411265756196286
676.375 22.948220625518477 22.41095551662998
676.875 22.948724609180054 22.410641744696562
677.375 22.949235873590297 22.410330430564663
677.875 22.9497492958826 22.410019172476442
678.375 22.95026334173531 22.40971742928853
678.875 22.950785765155874 22.40941802806884
679.375 22.951300413203263 22.40911925028886
679.875 22.95183540823494 22.4088198605076
680.375 22.952371944078017 22.408526167499943
680.875 22.952903336999448 22.408238854161503
681.375 22.953437151827544 22.407950832249096
681.875 22.95398464502217 22.407662196595695
682.375 22.954533989482723 22.407375924423988
682.875 22.955081941418584 22.40709727463915
683.375 22.955636047812767 22.406814416653162
683.875 22.956199299022657 22.40654112886405
684.375 22.956761819691927 22.40626814520189
684.875 22.95731931115577 22.406000232133678
685.375 22.957873385394485 22.405735324774454
685.875 22.958457419313003 22.40546798297297
686.375 22.95902779425163 22.405199303444732
686.875 22.959587928581225 22.404945230210163
687.375 22.96017516623732 22.4046840511561
687.875 22.96075261685257 22.404430807461623
688.375 22.961329214424918 22.404176045753754
688.875 22.96193060946365 22.403934841206606
689.375 22.962506583797186 22.40368209553573
689.875 22.963105035889946 22.40344121229569
690.375 22.963695541832188 22.40319590498016
690.875 22.964288166963822 22.402957419401698
691.375 22.964882604509288 22.402719443073607
691.875 22.96548195743995 22.40249461024984
692.375 22.966083034805806 22.40225724285315
