FastTrWP/PhaseSpace/IAs/snIa_0.52_30.00_-1.94_0.15.csv
# %ECSV 0.9
# ---
# datatype:
# - {name: time-rel, datatype: float64}
# - {name: g, datatype: float64}
# - {name: i, datatype: float64}
# schema: astropy-2.0
time-rel g i
[from data line 710]
58.5 23.79109779932037 22.316923913216474
59.0 23.791743204119346 22.316391490483586
59.5 23.792425389755977 22.315837603007562
60.0 23.793085702997146 22.315305289998566
60.5 23.79376569525263 22.314774162068606
61.0 23.794453016375613 22.314237294586647
61.5 23.79514782363659 22.313711963031515
62.0 23.79584360786474 22.31318838823199
62.5 23.79654797819444 22.312674355210177
63.0 23.797262941905153 22.312159254130744
63.5 23.797976863903394 22.311650663888187
64.0 23.798696023838495 22.311137801393215
64.5 23.799444223915746 22.310629181691834
65.0 23.800169376371322 22.310133693093164
65.5 23.800916378201148 22.309636896671876
66.0 23.80167571326639 22.30914891778277
66.5 23.8024245629057 22.308653513120376
67.0 23.803192137558845 22.30816594570754
67.5 23.80397260486135 22.30768919856056
68.0 23.80474314948224 22.307211121194264
68.5 23.80553618988217 22.306732222069225
69.0 23.80632708635963 22.306262444629468
69.5 23.807120313456625 22.3057984017367
70.0 23.80793374792313 22.305333068306616
70.5 23.808750949146948 22.304876261617856
71.0 23.809568710718374 22.304409907124843
71.5 23.81040444169733 22.303964702238442
72.0 23.811230698474468 22.303526655400404
72.5 23.812074403450595 22.303078010447503
73.0 23.812926577570543 22.302636203388403
73.5 23.813792009308106 22.302201007225765
74.0 23.814643365970877 22.30177017545381
74.5 23.815526825995903 22.30133816215902
75.0 23.816400243552675 22.300911878175647
75.5 23.817282582045394 22.30049383767411
76.0 23.81817072274 22.300078047185522
76.5 23.819075869368753 22.29965902083859
77.0 23.819995174603314 22.299257145679725
77.5 23.82091139837383 22.29885368210546
78.0 23.82181565731714 22.298452637124953
78.5 23.82275119976471 22.29804962711168
79.0 23.82369554847631 22.297661168357706
79.5 23.824641395517176 22.297268414800904
80.0 23.825597980025858 22.296885740957322
80.5 23.826558549847622 22.296502511219423
81.0 23.827538946361347 22.296125413282127
81.5 23.828529921819808 22.295756238681655
82.0 23.829536307231397 22.295396719868744
82.5 23.830551231405884 22.295030071183277
83.0 23.831564324405075 22.29467776931955
83.5 23.832580448539037 22.29431308356784
84.0 23.833634421342758 22.293967470235785
84.5 23.834687298273018 22.293622145503825
85.0 23.835746821940518 22.293271582281257
85.5 23.83681108337891 22.292930309640994
86.0 23.83788503119788 22.292598670827783
86.5 23.838982546670834 22.29227251758296
87.0 23.84007604864381 22.291937424722846
87.5 23.84118571479718 22.291614782242412
88.0 23.84230573134129 22.291302177271945
88.5 23.843414122744978 22.290986586307433
89.0 23.84455316231906 22.29067657110538
89.5 23.845707875089136 22.290364462068183
90.0 23.846825457265062 22.290061749511842
90.5 23.847992843808242 22.289762512743522
91.0 23.849168772756585 22.289463274188634
91.5 23.85033985477994 22.289172180342124
92.0 23.851524553858752 22.288880390246245
92.5 23.852712019583603 22.288597662955688
93.0 23.85390764315424 22.28831077453552
93.5 23.855107527204666 22.288034691730452
94.0 23.8563192384354 22.287758016381577
94.5 23.8575542992988 22.287487186402203
95.0 23.858763360235784 22.287211736607375
95.5 23.859993176726448 22.286951124642083
96.0 23.861228550019543 22.286687268207686
96.5 23.862472140765767 22.286425753043133
97.0 23.863739478563318 22.28617584798409
97.5 23.864986390024526 22.28591380515345
98.0 23.866246906327945 22.28566689117384
98.5 23.86752168614422 22.285423216881874
99.0 23.868807012149134 22.285178364063086
99.5 23.870081758371796 22.284936275675783
100.0 23.871374136105313 22.284703105180125
100.5 23.87266476845092 22.284471817022414
101.0 23.87395777533041 22.28424140831075
101.5 23.875253625277217 22.283997892474837
102.0 23.876576536110644 22.283782910638507
102.5 23.877890647637354 22.28355548845432
103.0 23.87920353077761 22.283338866451782
103.5 23.8805225901051 22.283116750921433
104.0 23.881848183425255 22.282902170306986
104.5 23.883172179218782 22.282694611150845
105.0 23.884497268455664 22.282482498216165
105.5 23.885857837428354 22.282275914985767
106.0 23.88719305349361 22.28207717219432
106.5 23.888545319140903 22.28187379241557
107.0 23.8898913351901 22.281672373766533
107.5 23.89124621861226 22.281472166420993
108.0 23.892602001760032 22.281284195760218
108.5 23.89394597617415 22.28109498701407
109.0 23.895329658333004 22.2809058573451
109.5 23.8966946916128 22.28071474086381
110.0 23.89805296401269 22.280535463668684
110.5 23.899428795410312 22.280352363736924
111.0 23.90080219841527 22.28017094936101
111.5 23.90216710538114 22.27999155366431
112.0 23.90354147181453 22.27981762395684
112.5 23.9049254328932 22.279646967057506
113.0 23.906299034794998 22.279477736785548
113.5 23.907688994580063 22.27930612528997
114.0 23.90906110365815 22.27914206189982
114.5 23.910451747995474 22.278979493684126
115.0 23.911826078466042 22.27881473196429
115.5 23.913202578078064 22.278658876117632
116.0 23.91460973381186 22.278498207405583
116.5 23.91600095815818 22.278346345063532
117.0 23.917411880018136 22.278190876664745
117.5 23.918822983713316 22.27804373830686
118.0 23.920224806990703 22.277899464486786
118.5 23.921666844198427 22.277765907572782
119.0 23.923108059112952 22.27762183918639
119.5 23.92454363578434 22.277487301782063
120.0 23.925977648254744 22.277355635589874
120.5 23.927439152456827 22.27722757372082
121.0 23.928897431169265 22.277101357134445
121.5 23.930364059496743 22.27698009605095
122.0 23.931830820569502 22.276860590724077
122.5 23.93331847847029 22.27674006880161
123.0 23.934801564216542 22.27662882837781
123.5 23.936292480635096 22.276521749687777
124.0 23.9377958337072 22.276411583244204
124.5 23.93930621217092 22.276308707821784
125.0 23.940807115066306 22.27620631371893
125.5 23.942324492609423 22.27610548930059
126.0 23.94385330604024 22.276014963847828
126.5 23.94538461744154 22.275920974701876
127.0 23.94691272881252 22.275829074083696
127.5 23.948451921002917 22.27573896635345
128.0 23.950013163337275 22.275655228198623
128.5 23.951548615135057 22.27557074033681
129.0 23.953099437688664 22.27548780639488
129.5 23.95466463222207 22.275416983965
130.0 23.956222939291038 22.275342366273406
130.5 23.95780255211723 22.275264793055065
131.0 23.95935657687913 22.275200740892895
131.5 23.960944538042813 22.27513085485547
132.0 23.962531272184677 22.275070082974857
132.5 23.964103897274406 22.275008505155412
133.0 23.965701201952307 22.274946411191618
133.5 23.96729059613287 22.274892816486073
134.0 23.96889776630077 22.274838451941118
134.5 23.97049241902838 22.274782716487657
135.0 23.97209478585384 22.274735398256897
135.5 23.973694233395484 22.274687240218647
136.0 23.975311352901898 22.27464373979958
136.5 23.97691766093375 22.274597623926333
137.0 23.97854248731459 22.27455123480309
137.5 23.98018105797459 22.274520888629805
138.0 23.981782565975603 22.2744796161156
138.5 23.983429025137227 22.274442433939576
139.0 23.985055069515354 22.2744182069126
139.5 23.986689160223555 22.274383257446093
140.0 23.988318543319235 22.274353121145325
140.5 23.989950185405004 22.27433142837799
141.0 23.991596385714136 22.274306112411146
141.5 23.99323770830831 22.274287442869
142.0 23.994875415191053 22.274264712757358
142.5 23.996514628510543 22.274245774380415
143.0 23.998169262535303 22.274228822386135
143.5 23.999819212058767 22.274214778032373
144.0 24.00145510864911 22.274203463678376
144.5 24.00309974338859 22.274196590997683
145.0 24.004759222764545 22.27418417826992
145.5 24.006393836676324 22.27417662312096
146.0 24.008062239042186 22.2741718881823
146.5 24.00971382053593 22.274169185259986
147.0 24.011362253246507 22.274161833975505
147.5 24.01302411935717 22.274165712492856
148.0 24.014670847001046 22.27416180786808
148.5 24.016323902832127 22.27416921521829
149.0 24.01798365193421 22.274172942065597
149.5 24.01962796701585 22.27418163329411
150.0 24.02128297762539 22.274180604243796
150.5 24.02294375309016 22.274198552199607
151.0 24.024578647509117 22.274209733636386
151.5 24.02624142118818 22.274221921485715
152.0 24.02787577233202 22.274232428911187
152.5 24.02954514813098 22.274249854501424
153.0 24.031201416587365 22.27426653784265
153.5 24.032855141524966 22.274279939067256
154.0 24.034509586764887 22.274314900125457
154.5 24.03616737557702 22.274338012346263
155.0 24.037835789299514 22.274361655075605
155.5 24.039504038447568 22.27439481834651
156.0 24.041162106306217 22.274425790558684
156.5 24.042832603265452 22.274449758959634
157.0 24.044528847283786 22.27449044050377
157.5 24.046197135953783 22.274525279575087
158.0 24.047877004519286 22.274561907328298
158.5 24.049553301905952 22.2746059488517
159.0 24.051240181503744 22.27465108723582
159.5 24.05292292107358 22.27469963469746
160.0 24.05461960844143 22.274745604809333
160.5 24.05630247563024 22.27479754306287
161.0 24.058001725492574 22.274839064811616
161.5 24.059709000159547 22.274897873287266
162.0 24.06139261102389 22.274959537425726
162.5 24.06310338387091 22.275011120981148
163.0 24.06479733512642 22.275074963608926
163.5 24.066503302008112 22.275137866906686
163.9999999999999 24.068227230573456 22.275194953393346
164.5 24.06993196996833 22.27526429899826
165.0 24.07164764411506 22.27533985695018
165.4999999999999 24.073361392511437 22.27540598411815
166.0 24.07508082952758 22.275484937870807
166.5 24.076795662325594 22.275553498730496
166.9999999999999 24.07853313819999 22.275632013301802
167.5 24.08025868332615 22.27571416426278
168.0 24.081982714035885 22.275786478418652
168.4999999999999 24.08372495591019 22.275870280607197
169.0 24.085450959359815 22.275950816333996
169.5 24.08720542764489 22.276040778930128
169.9999999999999 24.088923903715227 22.276136303006723
170.5 24.090685576476226 22.276219880761154
171.0 24.092414857795255 22.27632083260984
171.4999999999999 24.09417315838003 22.27641590264276
172.0 24.095917494071855 22.27650258298684
172.5 24.09766120074122 22.27660802449431
172.9999999999999 24.09941607836685 22.276710830101777
173.5 24.10117924842595 22.276814531986187
174.0 24.102929775824798 22.276913434505676
174.4999999999999 24.10469448934097 22.277018364925475
175.0 24.106457025361458 22.277130312089387
175.5 24.10822719764449 22.277245972331468
175.9999999999999 24.10997445171954 22.27735541110905
176.5 24.11174914109879 22.27746754891118
177.0 24.113538599524396 22.27757634722073
177.4999999999999 24.115312931260352 22.277700179133845
178.0 24.117093567676395 22.277825519320263
178.5 24.118870411534246 22.277938916802395
178.9999999999999 24.120663323501503 22.278067197856775
179.5 24.122431248560268 22.278197405127212
180.0 24.12422390558882 22.27832563873597
180.4999999999999 24.126028951271987 22.27845294071173
181.0 24.127805385770937 22.27858131184796
181.5 24.12961432395456 22.27871487928951
181.9999999999999 24.131375696455365 22.27886329456984
182.5 24.133204438112724 22.278994805118213
183.0 24.135018885536297 22.279131171383714
183.4999999999999 24.136808238040203 22.279276435108667
184.0 24.138618405218693 22.27941653059283
184.5 24.14043119160578 22.27956011138373
184.9999999999999 24.142238246363334 22.279714081602904
185.5 24.144045161021577 22.279854168466308
186.0 24.145868367615506 22.28000486470564
186.4999999999999 24.147682376378278 22.28016131504322
187.0 24.149502742417063 22.280315407934054
187.5 24.151337728560264 22.280476160647737
187.9999999999999 24.153137221471216 22.28063675581527
188.5 24.15497830700612 22.280793620840203
189.0 24.1568097154364 22.280950492669092
189.4999999999999 24.158634069053736 22.281113393714925
190.0 24.16047863846096 22.28128221497599
190.5 24.162321463434328 22.281452724180234
190.9999999999999 24.16415575855487 22.281625551179722
191.5 24.16599274637589 22.28179160899757
192.0 24.16784656858249 22.28196626631094
192.4999999999999 24.16969270582925 22.282143157524704
193.0 24.1715576958399 22.28232053583217
193.5 24.17339866295794 22.282506726329558
193.9999999999999 24.17526858584043 22.282689512301776
194.5 24.177134926972883 22.28287537505787
195.0 24.178989050975666 22.283062508498432
195.4999999999999 24.18086228679209 22.283252948624614
196.0 24.18272896780779 22.283444691848043
196.5 24.184590204247435 22.28363532429215
196.9999999999999 24.186483780576943 22.283830661392393
197.5 24.18836014017316 22.28403484719059
198.0 24.190250080173612 22.284230960054995
198.4999999999999 24.19212530968568 22.284429160104384
199.0 24.194001303462347 22.284633048714376
199.5 24.195894350744428 22.28484795056381
199.9999999999999 24.197784590206346 22.28504734244463
200.5 24.199688825182943 22.285252389982155
201.0 24.201586062451085 22.285470217400032
201.4999999999999 24.203478442145094 22.28568126264085
202.0 24.205385242280887 22.28589269551531
202.5 24.207299121874275 22.286112477841485
202.9999999999999 24.20921873185435 22.2863366402912
203.5 24.211128420954047 22.28655154088049
204.0 24.213040650349072 22.286779203228892
204.4999999999999 24.214955686546055 22.287007366515304
205.0 24.216880774194433 22.28722855936184
205.5 24.21881185793295 22.287457495549997
205.9999999999999 24.220714758884974 22.2876960772212
206.5 24.22264194006827 22.287932888389395
207.0 24.224589613319193 22.288164700262826
207.4999999999999 24.226506375810484 22.28839703771477
208.0 24.22845809422237 22.288640657206408
208.5 24.23038777952459 22.288886133437735
208.9999999999999 24.232337493536047 22.289115571075936
209.5 24.234274137785633 22.289362452611854
210.0 24.236241298641325 22.289614280939954
210.4999999999999 24.23818196844611 22.289852586620086
211.0 24.240130634834177 22.290107668992952
211.5 24.242083693788175 22.290354003874807
211.9999999999999 24.2440336055734 22.29061158421039
212.5 24.246003929268284 22.290866497761087
213.0 24.24796321692842 22.29112152048291
213.4999999999999 24.24993698806478 22.291390163480173
214.0 24.251890758538263 22.291639482144667
214.5 24.253877719428594 22.291910818799305
214.9999999999999 24.255842895952384 22.29217247339975
215.5 24.257821789455942 22.292438015996048
216.0 24.25979798915375 22.29270665911369
216.4999999999999 24.261797782239924 22.292981281585767
217.0 24.263776632955036 22.293251674214712
217.5 24.26574919599901 22.293532854986175
217.9999999999999 24.267758481125718 22.293803206904208
218.5 24.269737663017015 22.294079853958415
219.0 24.271739450025432 22.29435777890651
219.4999999999999 24.273737239952734 22.29464174220687
220.0 24.275736361786663 22.29491554918525
220.5 24.277732832741105 22.29520482989421
220.9999999999999 24.279747432136134 22.295495012191566
221.5 24.281736925814798 22.295776323697865
222.0 24.283763860856556 22.296066008483017
222.4999999999999 24.28578325637249 22.296355020285002
223.0 24.287795483450118 22.296648196531763
223.5 24.289797587833327 22.29693938895073
223.9999999999999 24.291836276852557 22.297241064320907
224.5 24.293861462778388 22.297541638526482
225.0 24.295888691490674 22.29783864733243
225.4999999999999 24.297904035591817 22.298136865581867
226.0 24.29994314686347 22.298444187825723
226.5 24.30198574496478 22.298750403541145
226.9999999999999 24.30402683143815 22.299065185151537
227.5 24.30607410971895 22.299363705893388
228.0 24.30812661345772 22.299682053531768
228.4999999999999 24.31019049166768 22.299992126720678
229.0 24.31225345909915 22.3003100828318
229.5 24.31430736366095 22.300625397488535
229.9999999999999 24.316376262515917 22.30094774958362
230.5 24.318457317289557 22.301270564096928
231.0 24.320518269450368 22.301592333152797
231.4999999999999 24.322604641909894 22.301915493613276
232.0 24.32468728636826 22.302238527353865
232.5 24.326787183706884 22.302572986810723
232.9999999999999 24.328853172495325 22.302902536586146
233.5 24.330952311268767 22.30324026229401
234.0 24.333054859699523 22.303571668050978
234.4999999999999 24.335144195220924 22.30391003033629
235.0 24.337250660896114 22.304253924355642
235.5 24.3393739353197 22.304591962654378
235.9999999999999 24.341459012049945 22.304932292462496
236.5 24.34358785191516 22.305275426072807
