FastTrWP/PhaseSpace/IAs/snIa_0.55_30.00_0.05_-0.16.csv
# %ECSV 0.9
# ---
# datatype:
# - {name: time-rel, datatype: float64}
# - {name: g, datatype: float64}
# - {name: i, datatype: float64}
# schema: astropy-2.0
time-rel g i
[from data line 863]
556.9166666666666 22.96359177047325 22.555582228599093
557.4166666666666 22.96383225932751 22.55490490391585
557.9166666666666 22.964088170159563 22.554233275997152
558.4166666666666 22.964357993352923 22.553553385036203
558.9166666666666 22.96462457721731 22.552888191665108
559.4166666666666 22.964909912783508 22.552224087297862
559.9166666666666 22.965203182211226 22.55156103151597
560.4166666666666 22.96548953237255 22.550903994659883
560.9166666666666 22.96578102244341 22.55025373240987
561.4166666666666 22.96608628045467 22.549595391263125
561.9166666666666 22.966402260984818 22.54893946792211
562.4166666666666 22.966712640189026 22.548297614066996
562.9166666666666 22.967038627131245 22.54765296024463
563.4166666666666 22.967377247873184 22.547012204886535
563.9166666666666 22.967719310681908 22.546372139785944
564.4166666666666 22.96805790332709 22.545733997586453
564.9166666666666 22.96840642350661 22.54510996978133
565.4166666666666 22.968770501443075 22.544476333685857
565.9166666666666 22.969124329646885 22.54385172378533
566.4166666666666 22.96948929097443 22.543228731206895
566.9166666666666 22.969862585300866 22.542609782649187
567.4166666666666 22.970236293848195 22.54199311416037
567.9166666666666 22.97061528847246 22.541375774459503
568.4166666666666 22.97099704791504 22.54075666212094
568.9166666666666 22.97138786078905 22.540150857488236
569.4166666666666 22.971780282938443 22.539534409997035
569.9166666666666 22.972172105640574 22.53892700635012
570.4166666666666 22.972580754436436 22.538332013177985
570.9166666666666 22.97298779026051 22.537728100922536
571.4166666666666 22.973402007811213 22.5371303331806
571.9166666666666 22.97380632032884 22.5365385583831
572.4166666666666 22.974221347462226 22.535944420571035
572.9166666666666 22.9746394367191 22.535348384418622
573.4166666666666 22.975062848239144 22.53476516782559
573.9166666666666 22.97548177036603 22.534180856389597
574.4166666666666 22.975912113465196 22.533594015831532
574.9166666666666 22.976345732017897 22.533009800927676
575.4166666666666 22.976777866119065 22.5324262452153
575.9166666666666 22.977211935713257 22.531849625340644
576.4166666666666 22.9776510268559 22.531274176717403
576.9166666666666 22.978085940610132 22.530707817632084
577.4166666666666 22.97852274282356 22.53012832532576
577.9166666666666 22.978961739602152 22.529561942181925
578.4166666666666 22.97941067471033 22.52899126562001
578.9166666666666 22.979846834545327 22.528419170739905
579.4166666666666 22.980293463660963 22.527866855637303
579.9166666666666 22.98073266157974 22.527297107259972
580.4166666666666 22.981170305627515 22.52673932358498
580.9166666666666 22.981625798882447 22.526182649180335
581.4166666666666 22.982074778374088 22.525627763397715
581.9166666666666 22.982522408077017 22.525074001460457
582.4166666666666 22.9829696852315 22.52451525164901
582.9166666666666 22.9834134722502 22.523963654703746
583.4166666666666 22.98385238383096 22.523420552295907
583.9166666666666 22.984306825618216 22.52286562779227
584.4166666666666 22.98474702091978 22.5223202126099
584.9166666666666 22.98518820635855 22.521776338245715
585.4166666666666 22.98564686138637 22.52123789512675
585.9166666666666 22.98608994313745 22.520691914485514
586.4166666666666 22.986549738140887 22.520147406819326
586.9166666666666 22.986997480709306 22.519620596674663
587.4166666666666 22.987461101141133 22.5190899562285
587.9166666666666 22.98791886871582 22.518548534584212
588.4166666666666 22.988390203766627 22.518020526021445
588.9166666666666 22.988858984578346 22.517486211278978
589.4166666666666 22.989333931263076 22.51696330675601
589.9166666666666 22.989794229927757 22.51643341201312
590.4166666666666 22.990285411288024 22.51591539597813
590.9166666666666 22.990764236771774 22.51539443546936
591.4166666666666 22.991253159321086 22.514882666284617
591.9166666666666 22.991739616670465 22.514362719064472
592.4166666666666 22.992229300403935 22.513841388908716
592.9166666666666 22.992720061099913 22.51333623201592
593.4166666666666 22.993222108591475 22.512825900083577
593.9166666666666 22.99372634650392 22.512321321231468
594.4166666666666 22.99422312533384 22.511814342523152
594.9166666666666 22.99473145218434 22.51130738793284
595.4166666666666 22.995241533584387 22.510815017818388
595.9166666666666 22.995751988929047 22.510309116759313
596.4166666666666 22.99627213200864 22.509813244173085
596.9166666666666 22.996797727573387 22.509317925825933
597.4166666666666 22.997310842793365 22.508821944109208
597.9166666666666 22.997842523890114 22.508334789670236
598.4166666666666 22.9983780925896 22.507843334094936
598.9166666666666 22.998913776289278 22.507355331647577
599.4166666666666 22.999444603286033 22.506873100551516
599.9166666666666 22.999981959959218 22.506393288827866
600.4166666666666 23.00053005770601 22.5059153171622
600.9166666666666 23.001078837515937 22.5054395196037
601.4166666666666 23.0016286479251 22.504965649964074
601.9166666666666 23.00218260958294 22.504495987159295
602.4166666666666 23.002748477533043 22.504020611924314
602.9166666666666 23.00330027171683 22.50355240644694
603.4166666666666 23.003863649514233 22.503085536209593
603.9166666666666 23.004430859711405 22.502619990058946
604.4166666666666 23.00499258860183 22.50216632111847
604.9166666666666 23.005567119574458 22.501699761718786
605.4166666666666 23.006157018114255 22.501248839154474
605.9166666666666 23.006735823403098 22.500792168260215
606.4166666666666 23.00731722580175 22.500335252171798
606.9166666666666 23.00791062207095 22.499883583829106
607.4166666666666 23.008496285022492 22.49943815806916
607.9166666666666 23.009100158865188 22.498994066703645
608.4166666666666 23.009691021721498 22.498554741269476
608.9166666666666 23.010299260598387 22.498118359273004
609.4166666666666 23.010911050183694 22.4976735453871
609.9166666666666 23.01150702883436 22.497248699441982
610.4166666666666 23.012125798431708 22.49680558723636
610.9166666666666 23.012747105130316 22.496369715294065
611.4166666666666 23.013353646139073 22.49594642006185
611.9166666666666 23.01398775889282 22.49551874438454
612.4166666666666 23.014618168631426 22.495093416685744
612.9166666666666 23.015255863790102 22.494676588232295
613.4166666666666 23.015886390791024 22.49425396443382
613.9166666666666 23.01651816189507 22.49383777074552
614.4166666666666 23.017159583882922 22.49342003724872
614.9166666666666 23.01781509742209 22.493012080168704
615.4166666666666 23.018456677995104 22.49260319713921
615.9166666666666 23.01910728379212 22.49219379868286
616.4166666666666 23.019777447985106 22.49178460219826
616.9166666666666 23.020431583028316 22.491385207154696
617.4166666666666 23.021096162276542 22.490990298143785
617.9166666666666 23.02176743198362 22.49058320964898
618.4166666666666 23.02244539920452 22.49019903079377
618.9166666666666 23.02311709634113 22.489799877294764
619.4166666666666 23.02379550851965 22.489415059205093
619.9166666666666 23.024477877077814 22.48902061096007
620.4166666666666 23.025163271835236 22.488637762031342
620.9166666666666 23.025849261264383 22.48825818914508
621.4166666666666 23.026555559208806 22.48788215282122
621.9166666666666 23.027246431964276 22.487500241285225
622.4166666666666 23.027952681262956 22.487123295199304
622.9166666666666 23.02865892834668 22.48674846268759
623.4166666666666 23.029376950585586 22.486386298442543
623.9166666666666 23.030090958078667 22.486014435822984
624.4166666666666 23.030808768364555 22.485648130637617
624.9166666666666 23.031525686452316 22.485277404964616
625.4166666666666 23.032249318270207 22.48491980348442
625.9166666666666 23.0329918994056 22.484555521762957
626.4166666666666 23.033708810159233 22.484196202007457
626.9166666666666 23.034454535211403 22.483844715708642
627.4166666666666 23.035197287194492 22.483491555591392
627.9166666666666 23.03594306626451 22.483141363662412
628.4166666666666 23.036681676955943 22.482790863621872
628.9166666666666 23.03743463857017 22.482442596713796
629.4166666666666 23.038186472347007 22.48209203246836
629.9166666666666 23.038950542845853 22.481752879674488
630.4166666666666 23.039708746808465 22.48141944479582
630.9166666666666 23.040478722935326 22.481066963158113
631.4166666666666 23.041256315636844 22.48074288577059
631.9166666666666 23.042017609037014 22.48040090650685
632.4166666666666 23.042805747980346 22.480064107278046
632.9166666666666 23.04359072532467 22.479734752917754
633.4166666666666 23.044365391588904 22.4794133322178
633.9166666666666 23.04517161340792 22.47908305826431
634.4166666666666 23.045952006088868 22.4787676733931
634.9166666666666 23.04675008345038 22.478440053353886
635.4166666666666 23.04755403754596 22.478123029395892
635.9166666666666 23.04837019621514 22.477806011010564
636.4166666666666 23.049170680918433 22.477494469191125
636.9166666666666 23.0499891894084 22.477182054176886
637.4166666666666 23.050808794082137 22.476874016277492
637.9166666666666 23.051634013014855 22.47656298564509
638.4166666666666 23.052458329727862 22.47625528679492
638.9166666666666 23.05328001394917 22.475951075853565
639.4166666666666 23.05411467695611 22.47565637509785
639.9166666666666 23.054960396371655 22.475358874168457
640.4166666666666 23.055792934489162 22.475062927379
640.9166666666666 23.056647176323708 22.474765950518353
641.4166666666666 23.05749906148295 22.47447901654151
641.9166666666666 23.058349418660743 22.47418434729032
642.4166666666666 23.059200050203632 22.473892716529033
642.9166666666666 23.060069572212797 22.473611652071273
643.4166666666666 23.060941449046073 22.473341002481085
643.9166666666666 23.061802023234446 22.47304573838065
644.4166666666666 23.06267754875502 22.47277388317938
644.9166666666666 23.063563619253568 22.47250438325082
645.4166666666666 23.0644468808085 22.472223026121632
645.9166666666666 23.06532227215634 22.471957816039332
646.4166666666666 23.06622500597921 22.471686926603166
646.9166666666666 23.0671167830804 22.47142447718218
647.4166666666666 23.0680220994649 22.47115608851296
647.9166666666666 23.06893298544717 22.470895036934113
648.4166666666666 23.069828286978854 22.470631263779232
648.9166666666666 23.07074226330542 22.47038344673294
649.4166666666666 23.071671493191644 22.470127884431243
649.9166666666666 23.072582774630888 22.469873321465673
650.4166666666666 23.073505158770885 22.469629918298505
650.9166666666666 23.07443315589873 22.46937783007477
651.4166666666666 23.075367595110606 22.46914035119903
651.9166666666666 23.07631015720784 22.468897238241286
652.4166666666666 23.077256579455103 22.468661204041986
652.9166666666666 23.078196793159243 22.46841830710144
653.4166666666666 23.079152570547393 22.46818790876551
653.9166666666666 23.080116127956522 22.46795137414045
654.4166666666666 23.081070396571643 22.46772254708374
654.9166666666666 23.082031072015052 22.46749396074813
655.4166666666666 23.08300328365444 22.46726718163061
655.9166666666666 23.083968199823598 22.467048896907905
656.4166666666666 23.08495058331578 22.46683576060381
656.9166666666666 23.08593333195368 22.46660886465145
657.4166666666666 23.086907231265087 22.46639378562329
657.9166666666666 23.087904190750304 22.46618329953632
658.4166666666666 23.088902075970488 22.465972490530216
658.9166666666666 23.089900920000733 22.46576529922671
659.4166666666666 23.090908603090394 22.46556342689513
659.9166666666666 23.09191163749047 22.465359215661334
660.4166666666666 23.092937236029435 22.465161635065822
660.9166666666666 23.09396141036376 22.46496146399837
661.4166666666666 23.094990263707167 22.464775921105165
661.9166666666666 23.09602311252612 22.46457560510067
662.4166666666666 23.097071423433434 22.46438922731899
662.9166666666666 23.09811728506309 22.464197866704254
663.4166666666666 23.099166351266316 22.46402094785838
663.9166666666666 23.1002241217588 22.46383956929588
664.4166666666666 23.101294907040835 22.463653234230335
664.9166666666666 23.102368814048727 22.463484242525546
665.4166666666666 23.103450831400014 22.46330636451642
665.9166666666666 23.104528742347892 22.46314016283124
666.4166666666666 23.105610622386635 22.462970630999163
666.9166666666666 23.106711097316847 22.462802616710086
667.4166666666666 23.107796496688277 22.46263752823976
667.9166666666666 23.108909955089626 22.462474305637933
668.4166666666666 23.110028177809877 22.462320393754585
668.9166666666666 23.111138911490325 22.46216623548778
669.4166666666666 23.112255251636267 22.462007388226155
669.9166666666666 23.11338053886192 22.46185571340705
670.4166666666666 23.1145036280812 22.461716077186068
670.9166666666666 23.115636579598366 22.46156069768402
671.4166666666666 23.116786863380007 22.46142015418424
671.9166666666666 23.117923188377276 22.461275169561674
672.4166666666666 23.119083516092047 22.46113205124468
672.9166666666666 23.12022417564379 22.460991121007208
673.4166666666666 23.121394834199855 22.460863351113467
673.9166666666666 23.12254697931094 22.46073430912933
674.4166666666666 23.12372551049262 22.460600631340995
674.9166666666666 23.12488742272855 22.460474253206513
675.4166666666666 23.12606555358315 22.460344718733893
675.9166666666666 23.127247712988247 22.460224320533435
676.4166666666666 23.12844103577591 22.460098032361635
676.9166666666666 23.129625109960962 22.459979436524932
677.4166666666666 23.13082412816374 22.459857095272554
677.9166666666666 23.132026516243094 22.459746167006934
678.4166666666666 23.133235915711374 22.459628361865835
678.9166666666666 23.134429593798885 22.459520939601706
679.4166666666666 23.13563861242985 22.459411738751452
679.9166666666666 23.13685289105627 22.45930382007117
680.4166666666666 23.13806789203216 22.45919145486145
680.9166666666666 23.139291698763444 22.459092201005255
681.4166666666666 23.140524472754592 22.458989657476582
681.9166666666666 23.14174320816575 22.45889306879905
682.4166666666666 23.14297396458826 22.45879104488918
682.9166666666666 23.144199198372988 22.45869301672437
683.4166666666666 23.145442254753107 22.45860356250741
683.9166666666666 23.1466835774383 22.45850960849924
684.4166666666666 23.147935467656474 22.458424409740392
684.9166666666666 23.14916619960693 22.458334770335725
685.4166666666666 23.150426503100107 22.458247351781377
685.9166666666666 23.151684971058213 22.458155138534075
686.4166666666666 23.152937493147476 22.458086634367813
686.9166666666666 23.154193404463925 22.457999641067275
687.4166666666666 23.15545697611466 22.457922337433942
687.9166666666666 23.156724600403802 22.45783984204458
688.4166666666666 23.157989241461014 22.45776772196706
688.9166666666666 23.159251498223256 22.457686887928986
689.4166666666666 23.160532321654795 22.457629810933586
689.9166666666666 23.161796053276873 22.457548329891104
690.4166666666666 23.163073045771306 22.4574835453896
690.9166666666666 23.16435195400142 22.45741366499994
691.4166666666666 23.165635979816386 22.45734930005822
691.9166666666666 23.166908789769977 22.457283631746222
692.4166666666666 23.16820695163637 22.457227955550763
692.9166666666666 23.169481709615688 22.457160227922945
693.4166666666666 23.17076840466248 22.457102274693504
693.9166666666666 23.172071498244033 22.45704236673429
694.4166666666666 23.1733542383623 22.456991803657868
694.9166666666666 23.174650571469336 22.45693712491812
695.4166666666666 23.175937964896352 22.456885284767797
695.9166666666666 23.177239547831896 22.456836292253474
