FastTrWP/PhaseSpace/IAs/snIa_0.35_30.00_0.78_-0.10.csv
# %ECSV 0.9
# ---
# datatype:
# - {name: time-rel, datatype: float64}
# - {name: g, datatype: float64}
# - {name: i, datatype: float64}
# schema: astropy-2.0
time-rel g i
170.87499999999997 26.99553299011171 25.88291885966637
171.375 26.976447520436764 25.872288705361267
171.875 26.9572478691651 25.861601502222516
172.37499999999997 26.937823608303304 25.850941492810342
172.875 26.918323454655066 25.840256868023094
173.375 26.89860661487472 25.82953439017894
173.87499999999997 26.878791884044006 25.81879597569205
174.375 26.85877543566289 25.808058932087302
174.875 26.83865328554736 25.7973524469246
175.37499999999997 26.818378766588516 25.786559625575094
175.875 26.79803608703208 25.775769665012007
176.375 26.777470250287717 25.764966910483267
176.87499999999997 26.75685324432246 25.754155300180216
177.375 26.736051507882085 25.743354419220378
177.875 26.71528538258555 25.732520060341912
178.37499999999997 26.69463564914548 25.721694966680403
178.875 26.673973203780342 25.710848040218703
179.375 26.653341441837497 25.700046910264067
179.87499999999997 26.632797441323284 25.689230345754865
180.375 26.61229004312321 25.678476196348107
180.875 26.591863571718754 25.66767240490023
181.37499999999997 26.571517397321788 25.656907375027455
181.875 26.55121134854803 25.64614560241104
182.375 26.530988763689077 25.635414997580746
182.87499999999997 26.510934263712336 25.62468229023985
183.375 26.490870282312123 25.61401972829507
183.875 26.470978145644132 25.603346632032853
184.37499999999997 26.451171563479075 25.59267330389115
184.875 26.431511251645578 25.582027532504945
185.375 26.41184659165657 25.571459071356163
185.87499999999997 26.39237859040573 25.560837259218687
186.375 26.372979265364222 25.550322908625496
186.875 26.35373374096814 25.53980568610094
187.37499999999997 26.334601352464205 25.52929059898044
187.875 26.315598937011675 25.518809660439537
188.375 26.29667338676534 25.508415673399874
188.87499999999997 26.277927093227472 25.498006571440538
189.375 26.2592827626022 25.487609362040008
189.875 26.24073043578513 25.477264898872818
190.37499999999997 26.222355459409634 25.466989805176677
190.875 26.204106332184907 25.456721786541706
191.375 26.185923522779 25.446469506466517
191.87499999999997 26.16790212733058 25.436285952942693
192.375 26.150045278169728 25.426115211010746
192.875 26.13225907236197 25.415991010128785
193.37499999999997 26.114622217559177 25.405922340326637
193.875 26.097086095543027 25.395843489306582
194.375 26.079762128223823 25.385851161726617
194.87499999999997 26.06251825195271 25.375879354549365
195.375 26.04545138332358 25.36595840230443
195.875 26.028475661981712 25.356079343874136
196.37499999999997 26.01161617351661 25.34622964905854
196.875 25.99486588185771 25.33643192048673
197.375 25.978314381854815 25.32666720681751
197.87499999999997 25.961783905586824 25.31691512020178
198.375 25.945494955083987 25.307226726820762
198.875 25.929279675975117 25.297602781713028
199.37499999999997 25.913170884963044 25.288017889217798
199.875 25.89723525151468 25.278460564069153
200.375 25.88137946294824 25.268952591904803
200.87499999999997 25.86568877901304 25.25948005817871
201.375 25.850113496634727 25.25008683640804
201.875 25.834643629927115 25.240686989057597
202.37499999999997 25.81927734850602 25.231353128305848
202.875 25.80409226124704 25.22205490928132
203.375 25.78900403731008 25.212819003181327
203.87499999999997 25.774020725929407 25.20361566330655
204.375 25.75915051445501 25.194464428022258
204.875 25.744415703716214 25.18533312378249
205.37499999999997 25.729826244354307 25.176277636556254
205.875 25.715339595352866 25.16725175922888
206.375 25.70092523557573 25.15828638386497
206.87499999999997 25.68665549260006 25.14933833886459
207.375 25.672534283375317 25.140440326983082
207.875 25.658449678132524 25.131616138556193
208.37499999999997 25.644582297700907 25.122843651396774
208.875 25.63072299125224 25.114063506570844
209.375 25.61703764423859 25.105378364593452
209.87499999999997 25.60341049979734 25.096705196078865
210.375 25.589882663787208 25.088072879598577
210.875 25.576365143581814 25.079451332853807
211.37499999999997 25.56296766593292 25.07086053332047
211.875 25.549631790137607 25.0622791693527
212.375 25.536360500392043 25.053759052788443
212.87499999999997 25.52313325276109 25.04521945672287
213.375 25.509998087995672 25.036735218985324
213.875 25.49692062463631 25.028263213203708
214.37499999999997 25.483900897635394 25.01986939517662
214.875 25.470967990441427 25.011463773252423
215.375 25.45810390944293 25.003070065834507
215.87499999999997 25.445289421295833 24.9947036427694
216.375 25.432584378246645 24.986405585012935
216.875 25.419928691412117 24.978108094126448
217.37499999999997 25.407353496523125 24.969838023504273
217.875 25.394826750685667 24.96161661357711
218.375 25.38239255983765 24.953402501801577
218.87499999999997 25.370023390705647 24.94525469502063
219.375 25.357729395507786 24.937095158839895
219.875 25.345455708615333 24.928958499641215
220.37499999999997 25.33327524371891 24.920888691140675
220.875 25.32118143537373 24.912828166738947
221.375 25.30916271807048 24.904816412487648
221.87499999999997 25.29721597796869 24.896819132614006
222.375 25.285326735314232 24.888841227610094
222.875 25.273529677836578 24.880907421330626
223.37499999999997 25.261780254922495 24.87300914631618
223.875 25.25007782458505 24.865113437958023
224.375 25.238480527037787 24.857281500954272
224.87499999999997 25.22691093177511 24.849462251808273
225.375 25.215451272782552 24.84168025548168
225.875 25.20405150648164 24.833940832728672
226.37499999999997 25.192713902060092 24.8262103784828
226.875 25.181438476992927 24.818541096923358
227.375 25.170254238347184 24.810874431598897
227.87499999999997 25.159106262479433 24.8032611799152
228.375 25.148047268461884 24.795655650212076
228.875 25.137043082543418 24.78808003414741
229.37499999999997 25.12611186520399 24.780561275963457
229.875 25.115233887473813 24.77305690674172
230.375 25.10442552036586 24.76557976668498
230.875 25.093703528935144 24.75812486427312
231.375 25.083031752437567 24.75072178050364
231.875 25.07240525173195 24.74335491441356
232.375 25.06187007767286 24.73599560838416
232.875 25.051383560599838 24.728690847116145
233.375 25.040974636931583 24.72139715820445
233.875 25.03061009528979 24.71413360463144
234.375 25.02034142852791 24.70689883247987
234.875 25.01011076586584 24.699727087778186
235.375 24.99995563565372 24.692552476697603
235.875 24.989844738963043 24.685432967822543
236.375 24.979815793193968 24.678315122248556
236.875 24.969858915605418 24.671256693178858
237.375 24.959905921705698 24.664221409291486
237.875 24.95007261934818 24.657214655685436
238.375 24.940278074495424 24.65024070414604
238.875 24.93053983452176 24.64328136821671
239.375 24.92089350214348 24.636393264989923
239.875 24.91125027994592 24.62948149566609
240.375 24.901711738991096 24.622621816697187
240.875 24.892222916941638 24.61582442366366
241.375 24.88277397643335 24.609022956580326
241.875 24.873396619274452 24.602245891756382
242.375 24.864068624520783 24.595523778513183
242.875 24.854744357091278 24.58879988958735
243.375 24.845480512544043 24.582087976917826
243.875 24.836239054032543 24.575395250509125
244.375 24.82704139014752 24.568720395837115
244.875 24.817864148761146 24.562082828497775
245.375 24.808735167160442 24.555443289124174
245.875 24.799638321857145 24.548824027422693
246.375 24.790588470571006 24.542223583478844
246.875 24.7815559134376 24.535641239929756
247.375 24.772566366893916 24.529094138605622
247.875 24.763627245016906 24.522549169763405
248.375 24.754715597440903 24.51602684802232
248.875 24.745821980587408 24.509532522558235
249.375 24.736979086784817 24.503053858205956
249.875 24.728202968452017 24.496601592104987
250.375 24.71944816599153 24.490172944082225
250.875 24.71072932799316 24.483763383655802
251.375 24.702055520972554 24.47736597786254
251.875 24.693426738307316 24.47097146784037
252.375 24.684809192975514 24.464634815057842
252.875 24.676247288420335 24.45830464782109
253.375 24.667736803028912 24.45201699560336
253.875 24.659241333556125 24.445724027063015
254.375 24.650824038427185 24.439457988953
254.875 24.642407159167625 24.433203947280326
255.375 24.634052852197847 24.426994051832654
255.875 24.625745947978572 24.420812140674585
256.375 24.61749108471805 24.414661767300704
256.875 24.609248508297135 24.408512172881697
257.375 24.601058427950807 24.402368481743327
257.875 24.592912551079642 24.396293677197725
258.375 24.584776445983675 24.39018994654775
258.875 24.57673414983094 24.38415232947209
259.375 24.56869550062907 24.378123180245332
259.875 24.56070737387207 24.37210145890806
260.375 24.5527810941136 24.36613017869405
260.875 24.54490535035889 24.360174682163635
261.375 24.537015804697063 24.35425446636777
261.875 24.52919472782522 24.348351346744423
262.375 24.521427507255776 24.342443000906663
262.875 24.513700682038213 24.336588357625168
263.375 24.505993416644124 24.330753411386826
263.875 24.498340828248132 24.32495584367703
264.375 24.49074592107148 24.319162716285764
264.875 24.483172732255113 24.31339283079554
265.375 24.4756631309765 24.307666777435813
265.875 24.468165590961814 24.301957772289814
266.375 24.460729288393523 24.29627496340489
266.875 24.45332544825113 24.29059351132718
267.375 24.445974426630865 24.28496542792879
267.875 24.438649181901937 24.27935722013845
268.375 24.431374628622006 24.273761329969886
268.875 24.42414999402422 24.268213566420872
269.375 24.416957635856505 24.26265705275224
269.875 24.409816472757523 24.25714443701514
270.375 24.402717858156187 24.25165734620286
270.875 24.39563935338265 24.246219635867213
271.375 24.388609672555535 24.240785910502108
271.875 24.381634596791354 24.23534835915782
272.375 24.374692149560808 24.229984323847873
272.875 24.367785387553834 24.224622463296328
273.375 24.360932209973186 24.2193050586032
273.875 24.354114288505137 24.213978022372658
274.375 24.347344567249515 24.20869447595896
274.875 24.340571834256806 24.203413576670997
275.375 24.333829465762395 24.198155520295405
275.875 24.32711183418325 24.192922066707307
276.375 24.320434797124804 24.187693407827755
276.875 24.313772771592724 24.182490620068442
277.375 24.30714071639897 24.17729704894053
277.875 24.30053607989735 24.172105011994432
278.375 24.293929236917407 24.166945374573608
278.875 24.287378051411107 24.16179818053784
279.375 24.280838054039858 24.156661348457064
279.875 24.2743165703555 24.15154345353225
280.375 24.26784387001023 24.146444602514798
280.875 24.26136955891014 24.14137032275709
281.375 24.254930250748664 24.136297351066407
281.875 24.24851805338623 24.13125787189901
282.375 24.24211576775559 24.12621355877427
282.875 24.235784082235018 24.121198842228004
283.375 24.229451034917133 24.11618600657224
283.875 24.223130961102548 24.111192918239063
284.375 24.216868663025053 24.106237672636325
284.875 24.210602312310012 24.10127790854574
285.375 24.204376652533544 24.096346668580566
285.875 24.198175989733315 24.09144926941267
286.375 24.191990326695034 24.086540104034707
286.875 24.18584869531307 24.081657181955766
287.375 24.179728880410913 24.07678793077944
287.875 24.173620898295027 24.071954715640214
288.375 24.16755592971702 24.067117493608265
288.875 24.16151317740711 24.062305895844847
289.375 24.155497523610812 24.05751110915338
289.875 24.149505565472754 24.052749675105396
290.375 24.14355505553737 24.047963834561507
290.875 24.137636060131243 24.043236699720865
291.375 24.13171634557083 24.03850674485641
291.875 24.12583978304065 24.033807580372542
292.375 24.11998973288493 24.029122846846377
292.875 24.114163936274068 24.024453120587694
293.375 24.1083620075505 24.0197835220808
293.875 24.102587432576517 24.01517085759911
294.375 24.096855284354888 24.010555523626206
294.875 24.091143115523764 24.005952727522384
295.375 24.08547308935337 24.001377597810407
295.875 24.079815987281926 23.996808280549786
296.375 24.074176831069508 23.992273514203994
296.875 24.068564529508 23.987753636780134
297.375 24.0629972346157 23.98324821404021
297.875 24.05744636943605 23.978760541221472
298.375 24.051927724609993 23.974296872092822
298.875 24.04644389655351 23.96984837607598
299.375 24.04097293577471 23.96541708308549
299.875 24.035531116573026 23.9610101355392
300.375 24.030130496831838 23.95662380664904
300.875 24.02474053246706 23.952249397165787
301.375 24.01937826014061 23.94788891355123
301.875 24.014053996532688 23.943538942247034
302.375 24.008772750376824 23.939229843988464
302.875 24.00349938435278 23.934951041958993
303.375 23.998265001606196 23.930654994359692
303.875 23.993038845549968 23.926397607179254
304.375 23.987834291484866 23.922150556705667
304.875 23.982684503433195 23.917935542404592
305.375 23.977558864256267 23.913722262454
305.875 23.972463967171787 23.909541785882134
306.375 23.967384106569952 23.905383963394765
306.875 23.962324887578387 23.90123476564942
307.375 23.957298409381874 23.897100361722188
307.875 23.9523026870742 23.892982589113082
308.375 23.947324558838794 23.888887360463045
308.875 23.94234102303158 23.884805260016435
309.375 23.937418057548307 23.880726472346637
309.875 23.932493409568423 23.87668392976838
310.375 23.92759880314083 23.872638874090498
310.875 23.922734138429668 23.868613984444064
311.375 23.91786889414114 23.864614705591883
311.875 23.91304213391156 23.86061935894279
312.375 23.908224517843415 23.856630637391948
312.875 23.903431536015255 23.852675313322834
313.375 23.898666098020215 23.84872654708567
313.875 23.893893965708088 23.844790314803298
314.375 23.889171767336308 23.84086258095289
314.875 23.884454789545284 23.836940680288265
315.375 23.879763375862613 23.833048154797368
315.875 23.87509239832335 23.829168000781678
316.375 23.870423479330128 23.825300161788
316.875 23.865785378440677 23.821448935103312
317.375 23.861166623062353 23.81761321024277
317.875 23.85656129627968 23.813788177628208
318.375 23.8519683886291 23.809964522342476
318.875 23.847402138625576 23.80615751485083
319.375 23.84285916548646 23.802367189750257
319.875 23.83832421915356 23.798586161604547
320.375 23.833799335337908 23.794815250987206
320.875 23.829306890557174 23.7910502850014
321.375 23.824810090783956 23.78733159373679
321.875 23.820351116910757 23.783578146199737
322.375 23.81590880298517 23.77985902522839
322.875 23.81146638927291 23.77614988668752
323.375 23.80703903803092 23.77246605115321
323.875 23.802654254610836 23.76876541508441
324.375 23.79826291868084 23.765106754912388
324.875 23.793893011893967 23.761441918575535
325.375 23.78953293532184 23.757772807293204
325.875 23.785187617356 23.75413508852924
326.375 23.780875914068986 23.750498903854602
326.875 23.77655887409878 23.74688618650132
327.375 23.772265093105137 23.74327330100188
327.875 23.7679709233428 23.739670346641756
328.375 23.763702536675467 23.736079664072655
328.875 23.75944974388669 23.732504951471995
329.375 23.75521456295744 23.72894855579187
329.875 23.75097995168098 23.72537300677638
330.375 23.74677020792302 23.721831932522818
330.875 23.742580108582384 23.718286862404717
331.375 23.73838535715665 23.714766538662037
331.875 23.734203952966993 23.711248086963565
332.375 23.730053654059855 23.70773410085104
332.875 23.725917784855692 23.70423402728777
333.375 23.721777337792492 23.70073295182905
333.875 23.71764640675969 23.69724990680733
334.375 23.71353210041569 23.693773935962263
334.875 23.70944889809165 23.690318265694387
335.375 23.705353734231707 23.686851796320212
335.875 23.701280994397568 23.683419160507423
336.375 23.69722912156351 23.679972418760965
336.875 23.693167509311298 23.67655037526387
337.375 23.689150281058936 23.673131591963973
337.875 23.685129041699696 23.669718793986377
338.375 23.681113813690374 23.666305704428027
338.875 23.677099227889144 23.66290453628816
339.375 23.673113662593764 23.659519795187425
339.875 23.669137009487443 23.656153502341066
340.375 23.665190430324657 23.65278394370194
340.875 23.661234603796682 23.649426875233633
341.375 23.657295538364338 23.646070001543457
341.875 23.65337791715518 23.642733585024907
342.375 23.649450287275123 23.639411086230705
