FastTrWP/PhaseSpace/IAs/snIa_0.37_30.00_-0.40_0.01.csv
# %ECSV 0.9
# ---
# datatype:
# - {name: time-rel, datatype: float64}
# - {name: g, datatype: float64}
# - {name: i, datatype: float64}
# schema: astropy-2.0
time-rel g i
[from data line 1769]
470.0 24.205124068768377 22.917406671784345
470.5 24.207268340018885 22.91828519661008
471.0 24.20940909215527 22.919162065923846
471.5 24.211554622017097 22.92006080754294
472.0 24.213719119414097 22.920941429537834
472.5 24.21586722639173 22.921835840818087
473.0 24.218034146836235 22.922724775795096
473.5 24.22018993806713 22.923609001326483
474.0 24.222362707349912 22.924508284378962
474.5 24.22452629607563 22.925400336792872
475.0 24.226704006947543 22.926283005227614
475.5 24.228888009713444 22.927161386650816
476.0 24.231071893885602 22.928056175501787
476.5 24.233251452456088 22.92895269960369
477.0 24.235455040133303 22.929835480622035
477.5 24.237654052564707 22.930721448437605
478.0 24.239846768558312 22.93162489782371
478.5 24.242053229126924 22.932507094263073
479.0 24.244241811271564 22.933386897453907
479.5 24.246454932235125 22.93428263293448
480.0 24.248670121390987 22.935169499122598
480.5 24.250876558931864 22.93606007499845
481.0 24.253099123321086 22.936946482977568
481.5 24.255322056251277 22.93783321061713
482.0 24.25753883041317 22.938718776883114
482.5 24.25975535237206 22.939609050988217
483.0 24.261990041838732 22.940502480255155
483.5 24.264207751247376 22.941386694695343
484.0 24.266438605216653 22.942276893437338
484.5 24.268686233470493 22.943162815835322
485.0 24.2708983195243 22.944046152798897
485.5 24.27315372539802 22.944933400948603
486.0 24.275386895040644 22.94582226675552
486.5 24.277631422995935 22.94669979031095
487.0 24.279868692186625 22.947594895701794
487.5 24.28210913692034 22.948478087855506
488.0 24.28435661172946 22.949362799743117
488.5 24.28662125729543 22.95024214448739
489.0 24.288857904466404 22.9511336730129
489.5 24.29111555341529 22.952010930432593
490.0 24.293362680095566 22.952890738078434
490.5 24.295613695328097 22.953774487985278
491.0 24.297863833695082 22.954663084533614
491.5 24.30009954051789 22.955545085746685
492.0 24.30236817774381 22.956421894766667
492.5 24.30462065691604 22.957302197304024
493.0 24.3068769184125 22.958190994832528
493.5 24.309135817563856 22.959061134652874
494.0 24.311383386944264 22.959936311324558
494.5 24.31363658873519 22.960813099785668
495.0 24.315900954661096 22.961694783317608
495.5 24.318165934463796 22.96256130878726
496.0 24.320422290889553 22.963454755700763
496.5 24.322682638257938 22.96432325148277
497.0 24.32492683060842 22.965195035802303
497.5 24.327197772246592 22.966062876523555
498.0 24.32944626360486 22.96694088313356
498.5 24.331714732336835 22.96780406211746
499.0 24.33395144579102 22.9686830350387
499.5 24.336217198906525 22.969550684441813
500.0 24.338475234237144 22.97041316647039
500.5 24.340716953183474 22.97128978104294
501.0 24.342972177820283 22.972152079271304
501.5 24.345216258555247 22.97303540926299
502.0 24.347472503966085 22.973891343398073
502.5 24.349731057646235 22.974756225183203
503.0 24.351981833122743 22.975627888946136
503.5 24.354240661614472 22.976487668054908
504.0 24.356491624045443 22.977348490680264
504.5 24.358744717149193 22.978221064222414
505.0 24.361008251967707 22.979091506354187
505.5 24.363255522041364 22.97994206400281
506.0 24.36554305027471 22.980809814861594
506.5 24.36780016406363 22.981670710492843
507.0 24.3700654425786 22.982527937615693
507.5 24.372330151578506 22.98339619577632
508.0 24.37457856377644 22.984254358799806
508.5 24.37685269470203 22.985104780925308
509.0 24.37911699300728 22.985967306521324
509.5 24.38137467198152 22.98682291750476
510.0 24.383678677426733 22.9876913903635
510.5 24.385946798285612 22.98855062455004
511.0 24.3881916858299 22.989403277481088
511.5 24.39049220880756 22.99026420806531
512.0 24.392746123028736 22.991109651754314
512.5 24.395030276923958 22.991974007480195
513.0 24.397301134083765 22.992828913180713
513.5 24.399567340677 22.993681477932306
514.0 24.401855103075377 22.99453516952521
514.5 24.40412477200162 22.995385526326135
515.0 24.406393635422667 22.99623929634719
515.5 24.40866225365214 22.997090476883407
516.0 24.410953389565478 22.997936216303057
516.5 24.413251996060655 22.99880080598558
517.0 24.415522814290096 22.999650394160156
517.5 24.417791646357042 23.00048919900449
518.0 24.42008208126463 23.00134291958487
518.5 24.422356564875113 23.002200293020092
519.0 24.424632204557895 23.003039505638476
519.5 24.42691162629861 23.003886357256064
520.0 24.429198302581252 23.004738237843213
520.5 24.4314927056036 23.005577594531594
521.0 24.433754974401865 23.00642080745734
521.5 24.436050653916187 23.007266520798094
522.0 24.438332064300724 23.0081102493132
522.5 24.440607641918493 23.00894750030221
523.0 24.44289521757062 23.009789868339077
523.5 24.445186166672283 23.01063674392502
524.0 24.447474347755552 23.011484815257766
524.5 24.449750937091355 23.012311935975987
525.0 24.45202511292804 23.013145653106495
525.5 24.454311447979332 23.014000212899546
526.0 24.456597671180063 23.014830656367185
526.5 24.45886297036971 23.015666726927684
527.0 24.46115336021056 23.0165067797881
527.5 24.463441478228788 23.0173350090204
528.0 24.465712490934166 23.01816690083223
528.5 24.467999753102113 23.01900088320197
529.0 24.470279971986393 23.019834996571404
529.5 24.472564362887084 23.020664471336772
530.0 24.47483856676682 23.021497803316457
530.5 24.477121188739 23.022339057996184
531.0 24.47940808467742 23.023151762945805
531.5 24.481663585075424 23.023980157655764
532.0 24.483944953185294 23.02480964128028
532.5 24.48622124513755 23.02563528158573
533.0 24.488521697154027 23.026464470597162
533.5 24.49078593170277 23.027285563475477
534.0 24.49305369046013 23.028116876814902
534.5 24.49532288915954 23.028932306159522
535.0 24.497599348510157 23.029761559940635
535.5 24.499890795595878 23.030591211600125
536.0 24.502143795013737 23.031393177678673
536.5 24.504426417173345 23.03221850925953
537.0 24.50670868717621 23.033043966611512
537.5 24.50896518479123 23.033864929514497
538.0 24.51124645013501 23.03467895934702
538.5 24.513520742198782 23.035501427633378
539.0 24.515791475941576 23.036310616600066
539.5 24.518079790653218 23.037131095236127
540.0 24.52033629605086 23.037949377504134
540.5 24.522617398265723 23.038759780772402
541.0 24.524888184169203 23.039569843768824
541.5 24.527163435353142 23.04038614329084
542.0 24.52942465986286 23.041194632563897
542.5 24.5316907055326 23.042009805836734
543.0 24.533972604936945 23.042821991631833
543.5 24.536252315032783 23.0436229830344
544.0 24.538516641436864 23.044435692587534
544.5 24.54080415919708 23.045242033884158
545.0 24.543067566260596 23.046056019725498
545.5 24.54533495895676 23.04685761738616
546.0 24.54759954394978 23.047661971246242
546.5 24.549863463946696 23.048465510615728
547.0 24.552129531612636 23.0492696472334
547.5 24.554403262974013 23.050078258761015
548.0 24.5566490159649 23.050874875175587
548.5 24.55893204097292 23.051682089684764
549.0 24.5612041738816 23.052483621807923
549.5 24.56346094145049 23.05328084370915
550.0 24.565701892005688 23.05407318056483
550.5 24.56798797144941 23.05487395362669
551.0 24.570257649967072 23.055676720171846
551.5 24.57250633295122 23.056465138402764
552.0 24.574783296647524 23.05725367250615
552.5 24.577029556423366 23.05805915118659
553.0 24.57927877765173 23.058834614272776
553.5 24.58155288480919 23.05963809350078
554.0 24.583808827616224 23.060430817260116
554.5 24.58603761109467 23.061222196882042
555.0 24.588303295190542 23.062002952160668
555.5 24.590552303554617 23.06279924834152
556.0 24.592814224436168 23.06358673380151
556.5 24.595074824611366 23.064372392047957
557.0 24.597298078209885 23.065147712147166
557.5 24.599549928283977 23.065943281098757
558.0 24.601780905656014 23.06672195544102
558.5 24.60405296455815 23.067499432186604
559.0 24.60628595975987 23.06827760552441
559.5 24.608519129613704 23.069060019270392
560.0 24.610770271117104 23.0698431891728
560.5 24.61302265724678 23.070621441378044
561.0 24.615251348219132 23.071392435467722
561.5 24.617499442621753 23.072173669782117
562.0 24.61973061087452 23.07295197276785
562.5 24.621950648371946 23.073725048093394
563.0 24.624187008010576 23.074492942667995
563.5 24.626426039143475 23.0752666509321
564.0 24.62864336140931 23.0760385655054
564.5 24.630877930703512 23.076808899573148
565.0 24.63309898487345 23.07757340387273
565.5 24.635315653281435 23.078334384022288
566.0 24.637554440577777 23.079098219778288
566.5 24.639756925517737 23.079878454554983
567.0 24.64197046544447 23.080632360473082
567.5 24.644177961701004 23.081396482572252
568.0 24.646396447032217 23.082167284125873
568.5 24.648606777982003 23.082926332411194
569.0 24.650830712049935 23.08368971821342
569.5 24.65303409757459 23.084441609905298
570.0 24.655237780637712 23.085202964775945
570.5 24.65744402716875 23.08595031740694
571.0 24.6596728548652 23.086713180539373
571.5 24.661853720284558 23.087457390220237
572.0 24.664048142510723 23.088223507111422
572.5 24.6662686059876 23.088973130259394
573.0 24.66844691629056 23.089720197452923
573.5 24.67064643152211 23.09047878861572
574.0 24.67285049577175 23.09122392103388
574.5 24.67504717199857 23.09196682430138
575.0 24.67723707456928 23.092728373092328
575.5 24.679417892836288 23.093469947881736
576.0 24.681632131165635 23.094222188281233
576.5 24.68381291337392 23.094956271118367
577.0 24.685993497895975 23.095707459245958
577.5 24.688180059539683 23.09643951703041
578.0 24.69034762513858 23.097187613264374
578.5 24.692538441734083 23.09793035199759
579.0 24.694708572612534 23.098667144898982
579.5 24.6969004772329 23.099407536514548
580.0 24.69904603662838 23.100139175835732
580.5 24.701228846953043 23.100879064721397
581.0 24.70339538659218 23.101612646989107
581.5 24.70554175500554 23.10235550618448
582.0 24.707715313000413 23.103079188784417
582.5 24.709872226297087 23.10380514511578
583.0 24.712054276766388 23.10453931756767
583.5 24.714198204854316 23.10527479208782
584.0 24.716347439016747 23.105995308045053
584.5 24.71850825696158 23.106727711678094
585.0 24.720630361499776 23.107443742133622
585.5 24.722787733488396 23.108170518030814
586.0 24.72492358495782 23.108891640903295
586.5 24.7270723459008 23.109618468637652
587.0 24.729200969639358 23.110327415543882
587.5 24.731344894786098 23.111058345129752
588.0 24.733454347920443 23.111764092776674
588.5 24.735580971001365 23.11248217291436
589.0 24.737716574362807 23.113201235461656
589.5 24.739849635090145 23.113918011537137
590.0 24.7419787175919 23.114623130077085
590.5 24.74406201457191 23.115347980064463
591.0 24.746178106835067 23.116053187234215
591.5 24.748270313448092 23.1167544594009
592.0 24.75039638552633 23.117458672587578
592.5 24.752495072612565 23.118170160046887
593.0 24.754585284157468 23.11887001624614
593.5 24.756665665141426 23.119570876540294
594.0 24.758758643259817 23.12027527540382
594.5 24.76082011773247 23.12097459552417
595.0 24.762930935328143 23.12166594014944
595.5 24.765003430547168 23.122369143146262
596.0 24.7670872488862 23.123064936788747
596.5 24.76914087081269 23.123752992627097
597.0 24.771199204760663 23.12445896463113
597.5 24.77327849235262 23.125140241375526
598.0 24.775323145377953 23.1258313584099
598.5 24.777366110531386 23.126519391694536
599.0 24.779423320574555 23.127205571887227
599.5 24.78147629841232 23.1278863859346
600.0 24.783508317072958 23.128563681486526
600.5 24.78553025476302 23.129252713144727
601.0 24.787539488884903 23.12992431372459
601.5 24.78956046617776 23.130607973287802
602.0 24.791585689005103 23.13128780000519
602.5 24.793572912475884 23.131950062404822
603.0 24.795570644945172 23.13261764104048
603.5 24.797560017334423 23.133285828614817
604.0 24.799554307049355 23.133946346665198
604.5 24.801536301936732 23.13460037740352
605.0 24.80349359179353 23.1352680051879
605.5 24.805457053915873 23.135934331412905
606.0 24.807410123995957 23.136585008726705
606.5 24.809368224525393 23.137237825808384
607.0 24.811296317037947 23.137891773846885
607.5 24.81324010444551 23.13853835131865
608.0 24.815176611686983 23.139186438074006
608.5 24.817104458418477 23.139834824283618
609.0 24.819039376213702 23.140486929768258
609.5 24.82095601932845 23.141123724654953
610.0 24.822868831528638 23.141769701457385
610.5 24.82476528570357 23.142396646877383
611.0 24.826683957867665 23.143046480814355
611.5 24.828566299449975 23.143687803674
612.0 24.83045244112084 23.144318840936865
612.5 24.83236059670225 23.14495184271841
613.0 24.834250029145174 23.145585719985554
613.5 24.836123605248797 23.146217941385032
614.0 24.83798675194833 23.146847016504456
614.5 24.839894820427357 23.14746736832816
615.0 24.841750084242836 23.148111046091245
615.5 24.843634517255204 23.148731582202014
616.0 24.845470067460624 23.1493591937185
616.5 24.847352228591546 23.14999041350759
617.0 24.849201132532485 23.150612550133406
617.5 24.8510644809993 23.1512328411321
618.0 24.85292571504978 23.15186587634404
618.5 24.85476226846831 23.152481508906916
619.0 24.85661818098674 23.15309419831889
619.5 24.858438681173617 23.15372117421632
620.0 24.86031115480934 23.1543447639025
620.5 24.862141850291273 23.154956070355126
621.0 24.863994524835018 23.155589226091024
621.5 24.865812099784492 23.156213359546424
622.0 24.867653122704848 23.156824824135988
622.5 24.869499061982197 23.157448332319003
623.0 24.87132749894341 23.158060903373464
623.5 24.873177140090487 23.15867691481403
624.0 24.875010607119577 23.159307902629532
624.5 24.876862295562518 23.159925796805865
625.0 24.87867187609249 23.160537760869182
625.5 24.88051163523709 23.16116045516482
626.0 24.882315313619394 23.161782980190036
626.5 24.88417105058804 23.162398282463418
627.0 24.886004870875862 23.163016817053208
627.5 24.88783042285916 23.163637143947163
628.0 24.88965913478129 23.164256334362015
628.5 24.891502346235328 23.164878340094354
629.0 24.8933275201032 23.16548926060429
629.5 24.895172690402042 23.166115999677434
630.0 24.897013529742868 23.16673920501898
630.5 24.898841377469264 23.16737193685679
631.0 24.900686301990326 23.167995746778573
631.5 24.90252682383231 23.16861458279223
632.0 24.90438898901035 23.169241280599557
632.5 24.906230482505695 23.169869317965187
633.0 24.908066005456458 23.170488255176878
633.5 24.90991829679654 23.171116184900136
634.0 24.91177440828457 23.171742298309606
634.5 24.913592236264414 23.17235304421455
635.0 24.915411190510227 23.172978786712058
635.5 24.917252526509422 23.17361422327853
636.0 24.919088701267324 23.174220355094526
636.5 24.920907074670005 23.17483648503398
637.0 24.92272499792783 23.175462773408363
637.5 24.924534689183282 23.176075541665327
638.0 24.9263577550877 23.1766976734897
638.5 24.92815520589252 23.177315258727397
639.0 24.929961846283785 23.17793135388984
639.5 24.93177096151979 23.178532610093292
640.0 24.93357277113136 23.179159891916438
640.5 24.935351843485748 23.17977647236921
641.0 24.9371630755906 23.180386017399446
641.5 24.938947402009283 23.18099120465572
642.0 24.940722452966245 23.181605663065447
642.5 24.942502757419028 23.18222110416253
643.0 24.94431081648022 23.182836286494478
643.5 24.946110401360396 23.183440973392596
644.0 24.947878869254204 23.18405586970141
644.5 24.949673855141935 23.184667778582856
645.0 24.951442394711414 23.185272788623948
645.5 24.953225542231095 23.185876047352707
646.0 24.95498536398347 23.18648868053447
646.5 24.956766443517534 23.187100433621282
647.0 24.958548914562193 23.18772007327447
647.5 24.960323611490914 23.18832233707514
648.0 24.962076209647293 23.1889335659326
648.5 24.96385489370966 23.18954957931814
649.0 24.96562499261634 23.190151232567136
649.5 24.967407719082747 23.19075457228356
650.0 24.969186391202523 23.191367610022233
650.5 24.970929812137307 23.191980166940667
651.0 24.972715255269406 23.192588882089993
651.5 24.974483956684352 23.193199585456412
652.0 24.976232096996117 23.193815755310908
652.5 24.977985972029096 23.194429281341115
653.0 24.979782229852596 23.195033007149632
653.5 24.981528671482323 23.195647744856473
654.0 24.98330353451198 23.19625515885565
