FastTrWP/PhaseSpace/IAs/snIa_0.62_30.00_-0.57_-0.13.csv
# %ECSV 0.9
# ---
# datatype:
# - {name: time-rel, datatype: float64}
# - {name: g, datatype: float64}
# - {name: i, datatype: float64}
# schema: astropy-2.0
time-rel g i
[from data line 864]
560.0833333333334 23.36792433211592 22.398474081143476
560.5833333333334 23.36838786387873 22.39764729451077
561.0833333333334 23.36885056344733 22.396817909307618
561.5833333333334 23.36930690686698 22.39598511846529
562.0833333333334 23.36977084366428 22.39518467795182
562.5833333333334 23.370247069406595 22.394353841453327
563.0833333333334 23.370724750303296 22.39355150625741
563.5833333333334 23.371200880835122 22.39274421048711
564.0833333333334 23.371694530123996 22.39193974891947
564.5833333333334 23.372181353859638 22.391138389857392
565.0833333333334 23.372664024069763 22.39033802499009
565.5833333333334 23.37316890167685 22.389540637459913
566.0833333333334 23.373664164172055 22.388754399131617
566.5833333333334 23.374154247834994 22.38795661464375
567.0833333333334 23.374656824534696 22.387171363748614
567.5833333333334 23.375170778522477 22.386395291536502
568.0833333333334 23.37568474330692 22.3856235999089
568.5833333333334 23.376183804239858 22.38484646070352
569.0833333333334 23.376697087998124 22.384079358771682
569.5833333333334 23.37722261505256 22.383308724801267
570.0833333333334 23.37772354262539 22.382547300698686
570.5833333333334 23.378239300915858 22.381788236859165
571.0833333333334 23.3787482555344 22.381027821331152
571.5833333333334 23.379279710597203 22.380274633525254
572.0833333333334 23.379801539405168 22.37952266197751
572.5833333333334 23.380319648151335 22.378779800541118
573.0833333333334 23.38084606521134 22.378040398471665
573.5833333333334 23.381367095616564 22.377294393408388
574.0833333333334 23.38189530205436 22.376562925014895
574.5833333333334 23.382418157044054 22.37583197274109
575.0833333333334 23.382940385774283 22.37509951434435
575.5833333333334 23.383457210609293 22.374380583166236
576.0833333333334 23.383984576977447 22.373658321027282
576.5833333333334 23.384502766742898 22.372938128935154
577.0833333333334 23.385036251903657 22.37222636437973
577.5833333333334 23.38555802771536 22.37151660862846
578.0833333333334 23.386064227790918 22.37080786818973
578.5833333333334 23.386591716117174 22.370102956527052
579.0833333333334 23.387103859748102 22.369408240672822
579.5833333333334 23.387624472905006 22.368704377628845
580.0833333333334 23.38813824024352 22.36802375262618
580.5833333333334 23.388659172863626 22.36733098540869
581.0833333333334 23.38916469015585 22.3666401097443
581.5833333333334 23.38968660579215 22.365960815858674
582.0833333333334 23.390208932268358 22.365279764933483
582.5833333333334 23.390715168251447 22.36460294495693
583.0833333333334 23.391250789925625 22.363928297980095
583.5833333333334 23.39177671793609 22.3632575638235
584.0833333333334 23.392312433859587 22.3625841204391
584.5833333333334 23.39284405047437 22.361921282481706
585.0833333333334 23.393374501602402 22.361259934762607
585.5833333333334 23.39391486182118 22.360600390089743
586.0833333333334 23.39445124464209 22.35995207345819
586.5833333333334 23.39500019908833 22.359297595109503
587.0833333333334 23.395536057119102 22.358642688532417
587.5833333333334 23.396086918768372 22.358003819703637
588.0833333333334 23.3966391745589 22.35735955687304
588.5833333333334 23.397197646814533 22.35671141003423
589.0833333333334 23.397755491387787 22.35607426253166
589.5833333333334 23.39832093560195 22.355439289002707
590.0833333333334 23.39887065657048 22.354813974171908
590.5833333333334 23.399423895766795 22.354176541839074
591.0833333333334 23.399997806119867 22.35355447526411
591.5833333333334 23.40056736083277 22.35293168253435
592.0833333333334 23.401136054057638 22.352307430794344
592.5833333333334 23.40172072200662 22.351698784633903
593.0833333333334 23.402292014869385 22.351088696281025
593.5833333333334 23.4028699524753 22.350476377188222
594.0833333333334 23.403442328353012 22.349873422312893
594.5833333333334 23.40402795549172 22.34926531656377
595.0833333333334 23.404617293432185 22.34866768623747
595.5833333333334 23.405199980378182 22.34806148813689
596.0833333333334 23.405799450286914 22.347470026542055
596.5833333333334 23.40638959946869 22.34688362333757
597.0833333333334 23.406978002458565 22.346298138599337
597.5833333333334 23.407583730373585 22.34570803773903
598.0833333333334 23.408187415081585 22.345125646748517
598.5833333333334 23.408801132577043 22.34454963997257
599.0833333333334 23.409406341786642 22.343979232441725
599.5833333333334 23.410019416988295 22.34340654622649
600.0833333333334 23.41063210920136 22.34283639730163
600.5833333333334 23.4112453427575 22.34227836361834
601.0833333333334 23.41186925665465 22.341716254651978
601.5833333333334 23.412477966339686 22.34114551065997
602.0833333333334 23.413100090884967 22.34059405876357
602.5833333333334 23.41372950773913 22.340052061341964
603.0833333333334 23.4143695846803 22.339494823177844
603.5833333333334 23.414992560152864 22.338950469559418
604.0833333333334 23.415627992654393 22.338411186742686
604.5833333333334 23.416267675298293 22.33787040099024
605.0833333333334 23.416905422829256 22.337339455990044
605.5833333333334 23.41754469005331 22.33680923584754
606.0833333333334 23.418200484804416 22.336273185099877
606.5833333333334 23.418846302556354 22.335757446590364
607.0833333333334 23.419499751575557 22.33522940125833
607.5833333333334 23.420150095218716 22.33470939968918
608.0833333333334 23.420802556378657 22.33419197512123
608.5833333333334 23.42146391355248 22.33368281037006
609.0833333333334 23.42213354093492 22.333174876949503
609.5833333333334 23.422794447724495 22.332672157343957
610.0833333333334 23.423462085266937 22.332163643408762
610.5833333333334 23.424125436643934 22.331663362694847
611.0833333333334 23.424803612936426 22.331177404787603
611.5833333333334 23.425478474953998 22.330691886295316
612.0833333333334 23.426168599428095 22.330199912628686
612.5833333333334 23.426851970047437 22.329710850073297
613.0833333333334 23.42752635820454 22.3292348711285
613.5833333333334 23.42822009073832 22.32875468103834
614.0833333333334 23.4289050766872 22.32827818226974
614.5833333333334 23.42960426442304 22.32781513882867
615.0833333333334 23.4302964912105 22.327344076419525
615.5833333333334 23.430998205466658 22.32688345211986
616.0833333333334 23.431698422204054 22.326423759145612
616.5833333333334 23.432412935306136 22.325967969863854
617.0833333333334 23.433114299242707 22.325516871166478
617.5833333333334 23.433831252663666 22.325062775685545
618.0833333333334 23.43454114735912 22.324617695973483
618.5833333333334 23.435256101295977 22.324178518026237
619.0833333333334 23.435978696166266 22.323738690730217
619.5833333333334 23.436706597981036 22.32330847441679
620.0833333333334 23.437433069473215 22.322872172998064
620.5833333333334 23.4381537596928 22.322445719797194
621.0833333333334 23.43888714679553 22.32202663006172
621.5833333333334 23.439624492239485 22.321591178799792
622.0833333333334 23.440351050108994 22.321176715124608
622.5833333333334 23.441106000151912 22.3207563257272
623.0833333333334 23.441853770587784 22.32034493737638
623.5833333333334 23.44259082462322 22.319938399435607
624.0833333333334 23.443344580574568 22.319530245529826
624.5833333333334 23.44409796626696 22.319120478400055
625.0833333333334 23.444839523057702 22.318725082940713
625.5833333333334 23.445607986145497 22.318317962472772
626.0833333333334 23.446370599470193 22.317925512759448
626.5833333333334 23.44712209640203 22.317532996532854
627.0833333333334 23.44789040492648 22.31714630087366
627.5833333333334 23.448658528778182 22.3167610545867
628.0833333333334 23.449433008286313 22.316377310161236
628.5833333333334 23.45022171523746 22.31599903156453
629.0833333333334 23.451005674539523 22.315614123632173
629.5833333333334 23.451786461476445 22.31524860430353
630.0833333333334 23.452562292756397 22.314874350669577
630.5833333333334 23.453354930921137 22.314509887890857
631.0833333333334 23.45414720209086 22.314147107303004
631.5833333333334 23.454937953049058 22.31378350718023
632.0833333333334 23.45573888125076 22.31342713085286
632.5833333333334 23.456541783769534 22.31307533812457
633.0833333333334 23.45734527194527 22.312721248308215
633.5833333333334 23.45814188593995 22.31237325833009
634.0833333333334 23.458960552901527 22.312029645586154
634.5833333333334 23.459770030958115 22.311683858282233
635.0833333333334 23.460575846991595 22.31134837147975
635.5833333333334 23.461402829873357 22.31101068836194
636.0833333333334 23.462225851717932 22.310679405394783
636.5833333333334 23.463060822171844 22.310352145899767
637.0833333333334 23.463881514840182 22.310019910044257
637.5833333333334 23.464716920260493 22.30970069164734
638.0833333333334 23.465546477822986 22.309382850678166
638.5833333333334 23.466389523625715 22.309066818406016
639.0833333333334 23.467219441860117 22.30875313211915
639.5833333333334 23.468064458842196 22.308438912853866
640.0833333333334 23.468907292090755 22.30813481216799
640.5833333333334 23.469769797152225 22.307831477535288
641.0833333333334 23.470620043064248 22.30753160674435
641.5833333333334 23.471472120491974 22.307239980665262
642.0833333333334 23.472339608371197 22.306940346089835
642.5833333333334 23.47320327261741 22.306650525901333
643.0833333333334 23.47407270700899 22.306362021615286
643.5833333333334 23.47492789414912 22.306086344522996
644.0833333333334 23.475818649363816 22.305796984957492
644.5833333333334 23.47667767039416 22.30552580030445
645.0833333333334 23.477547901122083 22.305248668347115
645.5833333333334 23.47845394611933 22.30497240767761
646.0833333333334 23.47933067229008 22.30471195974598
646.5833333333334 23.480213924484495 22.30444671461371
647.0833333333334 23.481106309596733 22.304188899762597
647.5833333333334 23.482009748661277 22.303929194368635
648.0833333333334 23.482905093319253 22.303680527287014
648.5833333333334 23.48380648500222 22.303425597533447
649.0833333333334 23.484714958724055 22.30318071516912
649.5833333333334 23.485618418192097 22.30293660264096
650.0833333333334 23.486535290903007 22.302699660468726
650.5833333333334 23.48744514289573 22.302456375265717
651.0833333333334 23.488368163429435 22.302227898495698
651.5833333333334 23.489291508634523 22.30199064972865
652.0833333333334 23.490214374687497 22.301768308790358
652.5833333333334 23.491144997159772 22.30154289467807
653.0833333333334 23.4920842200815 22.301320546091947
653.5833333333334 23.49302176189457 22.30111050734458
654.0833333333334 23.49395441180922 22.300901095610346
654.5833333333334 23.494894674273038 22.300685300927746
655.0833333333334 23.495841824167243 22.300486775847812
655.5833333333334 23.496794956887626 22.300277455179117
656.0833333333334 23.497742881180997 22.30008112271075
656.5833333333334 23.49870209707795 22.29988085122865
657.0833333333334 23.49965845524966 22.29969170642879
657.5833333333334 23.500615076248216 22.29950339200993
658.0833333333334 23.501589284146274 22.299313019302296
658.5833333333334 23.502554968684972 22.29913416170753
659.0833333333334 23.50352928913299 22.298958868445183
659.5833333333334 23.504507027846728 22.298783836808344
660.0833333333334 23.505478870598452 22.298614735500706
660.5833333333334 23.50646809541043 22.298450591707546
661.0833333333334 23.507462080810125 22.29829245815737
661.5833333333334 23.50845059497754 22.298134598813917
662.0833333333334 23.509446361817574 22.29797877352921
662.5833333333334 23.510446134725793 22.297830940674537
663.0833333333334 23.51145904949299 22.29768290355438
663.5833333333334 23.512460676161723 22.297548964060088
664.0833333333334 23.51347676515839 22.297408088359504
664.5833333333334 23.51448589598053 22.297274122248737
665.0833333333334 23.51551915412007 22.29714273692781
665.5833333333334 23.516537895348705 22.297019421169225
666.0833333333334 23.517555054305134 22.296892057352853
666.5833333333334 23.518584640558686 22.29677566444442
667.0833333333334 23.519621746584882 22.29665736280453
667.5833333333334 23.520671849038774 22.296544633602544
668.0833333333334 23.521711485158153 22.296439611634078
668.5833333333334 23.522758156464416 22.296336249649798
669.0833333333334 23.523802969215538 22.296232470776836
669.5833333333334 23.524848003227866 22.296136257597738
670.0833333333334 23.52590780646876 22.296041413719976
670.5833333333334 23.52697058901063 22.295954430385816
671.0833333333334 23.52803523299904 22.29585959404322
671.5833333333334 23.52910556690894 22.295774493462794
672.0833333333334 23.530179005284563 22.295696089821327
672.5833333333334 23.53125750289349 22.29561877253461
673.0833333333334 23.532335732497792 22.29553982737867
673.5833333333334 23.53341574769546 22.295471647743184
674.0833333333334 23.53449976073613 22.295399419914695
674.5833333333334 23.53559793258517 22.295329085388875
675.0833333333334 23.53669139677187 22.29526393095927
675.5833333333334 23.537785095523788 22.29521122007823
676.0833333333334 23.538882938676473 22.29514796443585
676.5833333333334 23.539998374409326 22.295092227568524
677.0833333333334 23.541092356184574 22.295040785161724
677.5833333333334 23.542201379122783 22.294991805578217
678.0833333333334 23.543330372929788 22.29494874997794
678.5833333333334 23.544442122611933 22.294897412651167
679.0833333333334 23.54557033618658 22.294862461770336
679.5833333333334 23.54669871770723 22.29482985187608
680.0833333333334 23.5478237542992 22.294788445660465
680.5833333333334 23.54895698939845 22.294756908589648
681.0833333333334 23.550084337027307 22.29472698834318
681.5833333333334 23.551247233327214 22.294697062327764
682.0833333333334 23.55237611865144 22.294672768483505
682.5833333333334 23.553519218006123 22.294650155747302
683.0833333333334 23.554686398246748 22.294629852939323
683.5833333333334 23.555841935677925 22.29460942029544
684.0833333333334 23.556997138451887 22.29459265001102
684.5833333333334 23.55815566148138 22.294575914433747
685.0833333333334 23.559322683941254 22.29457065892818
685.5833333333334 23.560493206297217 22.29456020547402
686.0833333333334 23.561663887925008 22.29454984339619
686.5833333333334 23.562840145142545 22.294542265206093
687.0833333333334 23.564013227782908 22.294538412878502
687.5833333333334 23.565197747586343 22.294543869209456
688.0833333333334 23.56638783258582 22.294538847447228
688.5833333333334 23.567573395136343 22.29454463579499
689.0833333333334 23.568783545865838 22.29454967213863
689.5833333333334 23.56997147977905 22.294549837438325
690.0833333333334 23.571179772236736 22.29456350545721
690.5833333333334 23.572381542645715 22.294569196250595
691.0833333333334 23.573594506498004 22.294588192771833
691.5833333333334 23.574799796075325 22.294591682734808
692.0833333333334 23.57601677029151 22.294615896780527
692.5833333333334 23.577222866517126 22.294633645631325
693.0833333333334 23.578445926201397 22.29465381355789
693.5833333333334 23.579671344414713 22.294667804517097
694.0833333333334 23.58090593074887 22.294687796707187
694.5833333333334 23.582126691239633 22.294719163825512
695.0833333333334 23.583367529256343 22.29474285861454
695.5833333333334 23.58461108858098 22.29476570536718
696.0833333333334 23.58584275642251 22.294791182025403
696.5833333333334 23.587093877439976 22.2948197079413
