FastTrWP/PhaseSpace/IAs/snIa_0.57_30.00_-0.01_-0.03.csv
# %ECSV 0.9
# ---
# datatype:
# - {name: time-rel, datatype: float64}
# - {name: g, datatype: float64}
# - {name: i, datatype: float64}
# schema: astropy-2.0
time-rel g i
136.39583333333334 26.995000649593738 25.10306302798724
136.89583333333334 26.979627578016675 25.09416541195625
137.39583333333334 26.96447648866556 25.085310070612334
137.89583333333334 26.94939390448578 25.07648133836211
138.39583333333334 26.934413573096066 25.067662154182862
138.89583333333334 26.91958985598401 25.05892864536073
139.39583333333334 26.904824005807015 25.050167525272947
139.89583333333334 26.89023047587925 25.041490998521006
140.39583333333334 26.875687400481205 25.032817064075875
140.89583333333334 26.86120129892987 25.024174080698344
141.39583333333334 26.84692427295973 25.015563625575066
141.89583333333334 26.832728796100234 25.006971226773334
142.39583333333334 26.8185854607963 24.998437798711542
142.89583333333334 26.80457367954024 24.989920079181967
143.39583333333334 26.790701952268897 24.9814535643185
143.89583333333334 26.776912374818632 24.973009858234995
144.39583333333334 26.763200927593616 24.964592050864244
144.89583333333334 26.749673277239584 24.956174296099643
145.39583333333334 26.736139174409864 24.94784019388986
145.89583333333334 26.722766334080944 24.939524907614153
146.39583333333334 26.70948173874404 24.93123284832714
146.89583333333334 26.69626464876593 24.92298352424602
147.39583333333334 26.683132199975184 24.914748140663132
147.89583333333334 26.67016561719661 24.90654905064881
148.39583333333334 26.65723365805398 24.89841613656054
148.89583333333334 26.64440191281613 24.890275604266186
149.39583333333334 26.63166393356317 24.882187705381348
149.89583333333334 26.619006381570102 24.8741257404086
150.39583333333334 26.606503996531572 24.86611191017078
150.89583333333334 26.593995216323126 24.858100053261715
151.39583333333334 26.58164165230225 24.850148461308088
151.89583333333334 26.569364118653983 24.84222714895481
152.39583333333334 26.557152832908844 24.834327404492313
152.89583333333334 26.545039905244437 24.826458570645762
153.39583333333334 26.533022480972384 24.818644570093483
153.89583333333334 26.521111985464664 24.81082742134739
154.39583333333334 26.5092517660392 24.80308953671691
154.89583333333334 26.497461494130135 24.79534692220816
155.39583333333334 26.485811406399293 24.78763227192931
155.89583333333334 26.474119380850887 24.779981478211642
156.39583333333334 26.462618469028627 24.772351941966043
156.89583333333334 26.451124248612157 24.764744428416854
157.39583333333334 26.43978166939179 24.757163876389676
157.89583333333334 26.428539635959673 24.74963195886508
158.39583333333334 26.417260090113555 24.742121053249207
158.89583333333334 26.406135934851946 24.734646312555753
159.39583333333334 26.395100196310366 24.72721399098375
159.89583333333334 26.384105802969348 24.719797973948605
160.39583333333334 26.373172777404193 24.712435279808034
160.89583333333334 26.362399769710805 24.705071124671232
161.39583333333334 26.351632331296962 24.697753315435236
161.89583333333334 26.340910795449922 24.690481921894715
162.39583333333334 26.330293764753097 24.683221100466334
162.89583333333334 26.319766706135354 24.676027705645932
163.39583333333334 26.309309482284412 24.6688426175033
163.89583333333334 26.29887666897298 24.661685238275986
164.39583333333334 26.28856040383318 24.65455321528893
164.89583333333334 26.278278886158247 24.64745918922929
165.39583333333334 26.268111483078947 24.640414254015145
165.89583333333334 26.257961948282357 24.63338565110306
166.39583333333334 26.2479306483398 24.626384400294143
166.89583333333334 26.237906214294004 24.619444980071133
167.39583333333334 26.2280095698727 24.61251016401384
167.89583333333334 26.218155024825954 24.605596172569612
168.39583333333334 26.20834267078038 24.59872553198785
168.89583333333331 26.198642184251177 24.591869640684205
169.39583333333334 26.18896919509457 24.585051374466996
169.89583333333334 26.17932114856112 24.57825867282701
170.39583333333331 26.169758478980086 24.571447648606146
170.89583333333334 26.16025398316953 24.564694248313003
171.39583333333334 26.150797033681535 24.557962126248967
171.89583333333331 26.141409645137358 24.551211309910105
172.39583333333334 26.13203933847048 24.544508497858818
172.89583333333334 26.122717463274512 24.537810697133683
173.39583333333331 26.11343366031455 24.53113958022201
173.89583333333334 26.104237237469185 24.524491070517954
174.39583333333334 26.0950690056687 24.517867288104252
174.89583333333331 26.0859728523023 24.511262592174205
175.39583333333334 26.07688067803344 24.504646675960444
175.89583333333334 26.067861176357443 24.498092157841008
176.39583333333331 26.058889893569855 24.491552474064783
176.89583333333334 26.04999267559463 24.485017442500453
177.39583333333334 26.041109573783807 24.478527208249453
177.89583333333331 26.032230723219843 24.472018423036175
178.39583333333334 26.023450964329854 24.46554349885739
178.89583333333334 26.01470584285787 24.459112794540985
179.39583333333331 26.006007056821517 24.45269925824727
179.89583333333334 25.997332514123176 24.446294005623997
180.39583333333334 25.988724923607577 24.439908785192106
180.89583333333331 25.980117537365572 24.433552585834523
181.39583333333334 25.971564944370066 24.42720609471869
181.89583333333334 25.9630567329573 24.420901503742943
182.39583333333331 25.954618213037875 24.41460053875748
182.89583333333334 25.94620459693829 24.40833185060854
183.39583333333334 25.937825130997012 24.402091606181536
183.89583333333331 25.929482280930504 24.395860742821327
184.39583333333334 25.9211457892542 24.38964173479914
184.89583333333334 25.912861303023533 24.383462765082623
185.39583333333331 25.90467415981511 24.377289883775035
185.89583333333334 25.896463545728587 24.371163880305154
186.39583333333334 25.888278859216598 24.365030973527666
186.89583333333331 25.88016889210428 24.358939685629963
187.39583333333334 25.87210673336621 24.352875590944173
187.89583333333334 25.863998752964697 24.346818492558427
188.39583333333331 25.85599208330556 24.34077917336682
188.89583333333334 25.848015104329235 24.33477164536976
189.39583333333334 25.84005738477203 24.328789021223155
189.89583333333331 25.83211821081569 24.322832324636536
190.39583333333334 25.82426800567809 24.31688734154927
190.89583333333334 25.81640584653187 24.310973446448713
191.39583333333331 25.80857837372286 24.30506116154358
191.89583333333334 25.80078238063092 24.299193677669408
192.39583333333334 25.793043523421176 24.293335600484937
192.89583333333331 25.785271932153428 24.28751819612197
193.39583333333334 25.777586475849436 24.281695886694862
193.89583333333334 25.76990890136638 24.2759236004894
194.39583333333331 25.7623266964322 24.270154688656127
194.89583333333334 25.754709221940168 24.264423762158845
195.39583333333334 25.74712491919047 24.258712205471472
195.89583333333331 25.73958520544143 24.253005716986003
196.39583333333334 25.732101280545248 24.247335167117193
196.89583333333334 25.724589857163828 24.241687615825708
197.39583333333331 25.717132818205293 24.23606149444264
197.89583333333334 25.709703254009312 24.23044700747169
198.39583333333334 25.70231702780535 24.22487856560067
198.89583333333331 25.694937768680262 24.21931995000975
199.39583333333334 25.687590502024328 24.213764955608003
199.89583333333334 25.680256182540873 24.208248493213276
200.39583333333331 25.672946362730332 24.20275554182549
200.89583333333334 25.665701422702256 24.19729084039956
201.39583333333334 25.658478739403677 24.191834559863302
201.89583333333331 25.651268775641828 24.18639243251605
202.39583333333334 25.64406826398517 24.180992960897125
202.89583333333334 25.636908588497906 24.175637646607967
203.39583333333331 25.629762415521498 24.17026207404018
203.89583333333334 25.622651821400066 24.164914095476334
204.39583333333334 25.615576017305845 24.15960314776391
204.89583333333331 25.608534060350777 24.154311662091846
205.39583333333334 25.601503445068047 24.149044334157125
205.89583333333334 25.594476331406298 24.143773189269556
206.39583333333331 25.58751624771544 24.13854731314235
206.89583333333334 25.580554027795475 24.133349774410288
207.39583333333334 25.573634084402098 24.128134511197324
207.89583333333331 25.566719987322365 24.122961439470064
208.39583333333334 25.559844005973513 24.117796824407915
208.89583333333334 25.553003606922143 24.112642857747044
209.39583333333331 25.546167424770694 24.107489753150652
209.89583333333334 25.539390116635794 24.102378969782205
210.39583333333334 25.53260455295179 24.097267409722484
210.89583333333331 25.525877203487713 24.09217242536159
211.39583333333334 25.51916112182461 24.087096165892955
211.89583333333334 25.512468238552458 24.082014241102513
212.39583333333331 25.505825219383023 24.076984590620306
212.89583333333334 25.499161035293692 24.071926646027
213.39583333333334 25.492556067338153 24.06691010245361
213.89583333333331 25.48596125696544 24.061909222861534
214.39583333333334 25.479387447670042 24.056912191919015
214.89583333333334 25.472814216829256 24.051930847591176
215.39583333333331 25.46633532282884 24.046965744830914
215.89583333333334 25.45983040681419 24.042019572678402
216.39583333333334 25.45334030763542 24.037096056531425
216.89583333333331 25.446891355186946 24.03216216292311
217.39583333333334 25.440465794096806 24.02726690032944
217.89583333333334 25.434057269457195 24.02235762525401
218.39583333333331 25.427649568014825 24.017508107591006
218.89583333333334 25.421296881838884 24.01264432205723
219.39583333333334 25.41492255018012 24.00778980638625
219.89583333333331 25.408596814292103 24.00297366393659
220.39583333333334 25.40229102300848 23.998150630076708
220.89583333333334 25.396021188811503 23.993355222915863
221.39583333333331 25.38972905436049 23.98857873382763
221.89583333333334 25.383470184899103 23.983811313315925
222.39583333333334 25.377225890567875 23.979058471763068
222.89583333333331 25.371003038867848 23.974314034663845
223.39583333333334 25.364803519583777 23.969598688329864
223.89583333333334 25.35860570968776 23.96487146984194
224.39583333333331 25.35245284279204 23.960199352000927
224.89583333333334 25.346344311060992 23.955528246017582
225.39583333333334 25.340204145220973 23.950879746189774
225.89583333333331 25.334081776219275 23.94622447475436
226.39583333333334 25.32799208027488 23.94158956975318
226.89583333333334 25.321907543612436 23.936977440121098
227.39583333333331 25.315820243428185 23.932380530707125
227.89583333333334 25.309774486300856 23.92779926473882
228.39583333333334 25.303793446253668 23.923221052529485
228.89583333333331 25.297723674731177 23.91866635457291
229.39583333333334 25.291749081237292 23.914127005043046
229.89583333333334 25.285727619330785 23.909604323914348
230.39583333333331 25.27980046818984 23.905098933571395
230.89583333333334 25.2738330612165 23.900601991658093
231.39583333333334 25.26791066254833 23.896125037811807
231.89583333333331 25.261970832482486 23.891665934197835
232.39583333333334 25.25607160614497 23.88722093079283
232.89583333333334 25.250172107121713 23.882786506768774
233.39583333333334 25.244295071897596 23.878354719315183
233.89583333333334 25.238402534720358 23.87395315267829
234.39583333333334 25.23255358482946 23.86959183680588
234.89583333333334 25.22672395901596 23.865199015010568
235.39583333333334 25.220888437479875 23.86084939829628
235.89583333333334 25.2150843618563 23.856511350762982
236.39583333333334 25.20928853159274 23.852166713671497
236.89583333333334 25.20349038911582 23.847874088021346
237.39583333333334 25.19770419818461 23.84357394076458
237.89583333333334 25.191938600835655 23.83930447346316
238.39583333333334 25.186181896110465 23.835036723674733
238.89583333333334 25.180448911348957 23.83076983406418
239.39583333333334 25.174744462862968 23.826537552949137
239.89583333333334 25.169011304630565 23.82232381196612
240.39583333333334 25.163312710533738 23.81812084920665
240.89583333333334 25.157614576427427 23.813937278105605
241.39583333333334 25.151920914942878 23.809746775839
241.89583333333334 25.146266755829085 23.805593229622342
242.39583333333334 25.140600922091437 23.80144750633194
242.89583333333334 25.134952047941592 23.797315981667584
243.39583333333334 25.12933862813717 23.793208672963875
243.89583333333334 25.123700938503912 23.78910627980172
244.39583333333334 25.118088198548314 23.785024260469317
244.89583333333334 25.112502486840423 23.780962077957376
245.39583333333334 25.10690839020903 23.776889403957924
245.89583333333334 25.101332486455938 23.772855716543745
246.39583333333334 25.09579037428885 23.768822017854735
246.89583333333334 25.09022172923165 23.764804772711088
247.39583333333334 25.08469239269619 23.76078251842895
247.89583333333334 25.079168166491375 23.756800092823518
248.39583333333334 25.073681369906314 23.752817859061814
248.89583333333334 25.068184560082948 23.74884213343631
249.39583333333334 25.062697358092638 23.744885879945965
249.89583333333334 25.057237718568754 23.740950811650862
250.39583333333334 25.051797769868124 23.737011530841986
250.89583333333334 25.046362773251744 23.733088098144997
251.39583333333334 25.040918439630936 23.7291736885468
251.89583333333334 25.03551013347103 23.725278798070395
252.39583333333334 25.03010296810546 23.72139898455567
252.89583333333334 25.02471857565148 23.71753124849488
253.39583333333334 25.01933386435074 23.713657678789883
253.89583333333334 25.013987076789512 23.70980322498731
254.39583333333334 25.008620053947894 23.70596008526967
254.89583333333334 25.003292828697305 23.70213199844393
255.39583333333334 24.99797716651182 23.698315571001952
255.89583333333334 24.99264305268783 23.69448992704084
256.3958333333333 24.98734353197015 23.690701928739948
256.8958333333333 24.982040860359113 23.68691504534111
257.3958333333333 24.97678606463523 23.683141129906776
257.8958333333333 24.971516411799936 23.67937222055376
258.3958333333333 24.966238848781135 23.675629379736293
258.8958333333333 24.96100395538164 23.67186671074224
259.3958333333333 24.955780836822488 23.668134714796594
259.8958333333333 24.950564183497622 23.664408616491762
260.3958333333333 24.945364062606288 23.660688360199615
260.8958333333333 24.940163443462254 23.656984030201013
261.3958333333333 24.93497102402913 23.653287865950453
261.8958333333333 24.929795429626033 23.649609209048897
262.3958333333333 24.92463845892907 23.6459257957868
262.8958333333333 24.919484055511884 23.642264583983955
263.3958333333333 24.914326518559164 23.638593546428275
263.8958333333333 24.909219756939848 23.634951830314336
264.3958333333333 24.90410881159687 23.631325224349922
264.8958333333333 24.898990711919208 23.627675972829365
265.3958333333333 24.893907499660358 23.624071228934383
265.8958333333333 24.88881745963683 23.620460823411726
266.3958333333333 24.88374266841676 23.616850112373417
266.8958333333333 24.878660391437432 23.61326851189237
267.3958333333333 24.873622606759213 23.609668446341132
267.8958333333333 24.868573085612912 23.60610392047715
268.3958333333333 24.863559259591096 23.602518874843877
268.8958333333333 24.85851497672408 23.59897067278824
269.3958333333333 24.85351991109176 23.5954148195988
269.8958333333333 24.848522410128467 23.591881406552503
270.3958333333333 24.843547916851477 23.588346241807614
270.8958333333333 24.83855402709922 23.584822975503723
271.3958333333333 24.833601242838338 23.58130842917541
271.8958333333333 24.82863578768955 23.57778605042388
272.3958333333333 24.823698001193346 23.574292426488604
272.8958333333333 24.818748049117673 23.570799853657455
273.3958333333333 24.813814861422976 23.56732525734538
273.8958333333333 24.808911621860798 23.56384660944503
274.3958333333333 24.803997092235498 23.560384577667755
274.8958333333333 24.799130844157425 23.556911445107232
275.3958333333333 24.79423609872015 23.55346468334487
275.8958333333333 24.789350368636022 23.55001170790196
276.3958333333333 24.784455990751432 23.546583262640475
276.8958333333333 24.779635284599117 23.543147794733613
277.3958333333333 24.774768415930524 23.539722357472492
277.8958333333333 24.769941153837376 23.536308525066268
278.3958333333333 24.765108620920007 23.532901429043807
