FastTrWP/PhaseSpace/IAs/snIa_0.57_30.00_-1.03_-0.05.csv
# %ECSV 0.9
# ---
# datatype:
# - {name: time-rel, datatype: float64}
# - {name: g, datatype: float64}
# - {name: i, datatype: float64}
# schema: astropy-2.0
time-rel g i
[from data line 1771]
536.0 25.1547258471787 22.707719650555998
536.5 25.15683197473862 22.708549355915654
537.0 25.158934498402566 22.70937476883993
537.5 25.16106759957397 22.71020295706083
538.0 25.163163369464705 22.71102711036976
538.5 25.165278597197908 22.711865797182135
539.0 25.167422213074623 22.712690413617118
539.5 25.169534127978302 22.713529307503233
540.0 25.171672864984295 22.714358824903623
540.5 25.173811799051144 22.715195407203662
541.0 25.175970436487212 22.716035443927783
541.5 25.178129734640223 22.71686155976177
542.0 25.18028569398281 22.71770414110765
542.5 25.182435909901322 22.718551389010013
543.0 25.184609423869723 22.71937649595571
543.5 25.186795009685344 22.720217887362452
544.0 25.18897896017885 22.721064485319367
544.5 25.1911584641396 22.72189752808614
545.0 25.193323600592308 22.722746675022464
545.5 25.195527416381744 22.723593216810674
546.0 25.197752366480355 22.724435414844937
546.5 25.199960134043543 22.725280458357076
547.0 25.202168006995443 22.726131157024074
547.5 25.204405411751512 22.72697599961685
548.0 25.206611668653707 22.7278277190489
548.5 25.20884182566908 22.72868347124073
549.0 25.211102746956946 22.729522468894796
549.5 25.21332757171768 22.730382721136785
550.0 25.215606675371443 22.73124197875906
550.5 25.217839717775963 22.732090679443818
551.0 25.22011814010627 22.732943600109717
551.5 25.222372616649626 22.733802060470957
552.0 25.224664019854725 22.734660562741254
552.5 25.22692046554151 22.735519755819283
553.0 25.229198393233787 22.73637446084586
553.5 25.23150007066046 22.737243812862836
554.0 25.233804657233772 22.738103063527518
554.5 25.23612283711891 22.738963534993566
555.0 25.238425220757964 22.739831381773797
555.5 25.240771614227885 22.740700155930607
556.0 25.24307882795968 22.7415598736022
556.5 25.245422009339485 22.742425498128867
557.0 25.24774921302729 22.743290603273888
557.5 25.250092821985007 22.744165659339792
558.0 25.252451550384826 22.745033080620807
558.5 25.254796527132235 22.74591093518763
559.0 25.257153973405835 22.74678505473633
559.5 25.25954173585156 22.747650837311085
560.0 25.26191890212031 22.748532690465954
560.5 25.26432562873265 22.74941225026161
561.0 25.266698244315933 22.750287849727933
561.5 25.26911771557934 22.751178165335656
562.0 25.271515389348163 22.75205114590537
562.5 25.273912553301887 22.75293832409313
563.0 25.276355742516678 22.753817957767737
563.5 25.27877067461577 22.754701533069444
564.0 25.28123091569123 22.755589289510517
564.5 25.283671001231905 22.756469660621107
565.0 25.286119314653202 22.757355583893926
565.5 25.28857623108125 22.758253280781485
566.0 25.291045981464222 22.75913426658026
566.5 25.293511033289423 22.76002685278857
567.0 25.296009175761643 22.760926907668182
567.5 25.29848530028316 22.761818814372642
568.0 25.30096738425692 22.76271704382447
568.5 25.30349180272367 22.763613913792256
569.0 25.306002485305935 22.764517869677768
569.5 25.308495921687168 22.76540759235594
570.0 25.3110403969442 22.766312446109453
570.5 25.313580976254894 22.767208777520295
571.0 25.31610724714649 22.768117191341133
571.5 25.318669500365502 22.769018722798585
572.0 25.321217875307717 22.76992413789351
572.5 25.323795125767564 22.770832266381888
573.0 25.326380072697503 22.77174129951378
573.5 25.328957164540267 22.77264759916283
574.0 25.33154379537063 22.77356824258891
574.5 25.33416751213753 22.77448471479301
575.0 25.336767292958704 22.775391554507095
575.5 25.339399799351625 22.776305987119457
576.0 25.342034918375727 22.77722066152627
576.5 25.34466275144052 22.778140701501435
577.0 25.34732672070674 22.779064496520295
577.5 25.349973414851984 22.77998328568215
578.0 25.352636536458313 22.7809056446469
578.5 25.35532252718662 22.78183054139547
579.0 25.35800920045648 22.782753258962146
579.5 25.36072907997948 22.783664964573237
580.0 25.363411704273776 22.784598611749956
580.5 25.366125103943624 22.785531894142412
581.0 25.36883202014685 22.786455726438838
581.5 25.371584299960066 22.78739104107003
582.0 25.37431892383717 22.788314085730853
582.5 25.377086403302588 22.789260657761904
583.0 25.379840540469726 22.790185496354155
583.5 25.382614663098735 22.791117783582415
584.0 25.385372625034258 22.79206394956511
584.5 25.38815948782872 22.79299286125912
585.0 25.390965781093776 22.793943248986647
585.5 25.393778643674835 22.794877312979303
586.0 25.396578339367757 22.795821603630042
586.5 25.399402264636283 22.796762916383642
587.0 25.402245328130174 22.797705275905656
587.5 25.405095335123494 22.798650725971346
588.0 25.407904174956776 22.79960377279998
588.5 25.410765908559007 22.800549906817146
589.0 25.4136278471287 22.801495169486557
589.5 25.416511870882527 22.802448700570288
590.0 25.419407622110874 22.80339488709913
590.5 25.422297249971276 22.804359657046774
591.0 25.42519910411594 22.80531446504819
591.5 25.428122114104525 22.806274844792874
592.0 25.431030107611736 22.80723109983636
592.5 25.43398918943858 22.80818384848338
593.0 25.436927014627702 22.809140157392033
593.5 25.43984238013126 22.810111675786267
594.0 25.442790254390957 22.81107019632724
594.5 25.445755632862216 22.812042563266704
595.0 25.448757889837307 22.8130042136627
595.5 25.451738794542965 22.813971670246094
596.0 25.45475227337194 22.814932200746966
596.5 25.457720877134097 22.815913589152213
597.0 25.46072007408044 22.81687934058005
597.5 25.46377620289409 22.81786340102681
598.0 25.466769986198585 22.81883251346691
598.5 25.469831125162706 22.81980957838624
599.0 25.47284472203804 22.82078781305065
599.5 25.475931741045873 22.821760396098654
600.0 25.478980912226437 22.822740454781368
600.5 25.482057811234696 22.82372578552957
601.0 25.485147561612095 22.824703175467285
601.5 25.488203362493923 22.82569620465333
602.0 25.49131064704148 22.826673898892494
602.5 25.49446710116846 22.82766430394492
603.0 25.497541385432086 22.82865490005105
603.5 25.500668055374952 22.829642732604796
604.0 25.503820860235642 22.830632301640208
604.5 25.50696882372509 22.831620239270304
605.0 25.51011715956704 22.832615784087356
605.5 25.513266835467412 22.83362096283884
606.0 25.516405394144783 22.834607227219838
606.5 25.519610372393814 22.835605179456703
607.0 25.522823144896527 22.836605769055872
607.5 25.52600508084925 22.837612110994566
608.0 25.52919525151555 22.838611563790217
608.5 25.53239980831922 22.83962327772047
609.0 25.535633520131586 22.840627286473083
609.5 25.538868591579202 22.841633553668817
610.0 25.542115873175465 22.842630700585023
610.5 25.545373002876847 22.843646279893505
611.0 25.548672843125694 22.84466171770392
611.5 25.55198948566087 22.84567760046948
612.0 25.55532410206777 22.846697805385645
612.5 25.558695908602537 22.847713984297368
613.0 25.562080466076345 22.848733203394648
613.5 25.565490804580357 22.84975208757786
614.0 25.56888912908618 22.850785930967493
614.5 25.572350181232487 22.851816479599837
615.0 25.575771862515204 22.852841357770334
615.5 25.579288190971358 22.853869473085293
616.0 25.582815736305825 22.854902146926758
616.5 25.586305997333348 22.855939935153984
617.0 25.58984932752532 22.856972467503308
617.5 25.593380184265946 22.858015263671945
618.0 25.596946026435972 22.85905257749055
618.5 25.600562819703615 22.860106574578975
619.0 25.604165893836242 22.86115175817763
619.5 25.607778159700423 22.862192267482314
620.0 25.61141302029643 22.86323520602355
620.5 25.615124503992938 22.86429089820618
621.0 25.618745165074692 22.86533695511418
621.5 25.622432730544155 22.86638779923846
622.0 25.626137066158012 22.86744394813315
622.5 25.62987660446955 22.868499095299903
623.0 25.633549105674376 22.869551217685775
623.5 25.637284241168295 22.870613007908155
624.0 25.641018170605847 22.87167049696699
624.5 25.644805524773076 22.872735267949725
625.0 25.648559258902665 22.87379991841645
625.5 25.6523552089429 22.874865407861712
626.0 25.656125594579628 22.875933025531126
626.5 25.65992251741254 22.876997385668503
627.0 25.663708484537032 22.87806380462196
627.5 25.667531346194103 22.879136675949788
628.0 25.671383715881568 22.880208250900765
628.5 25.675184657232002 22.881282793896137
629.0 25.679025147399393 22.882351875133565
629.5 25.68286211802103 22.88342795818817
630.0 25.686713885782204 22.884506289003706
630.5 25.690545968587916 22.885578261757896
631.0 25.694418068237116 22.886658457459674
631.5 25.698283519713808 22.88773348283824
632.0 25.702142603142416 22.888809659950994
632.5 25.705969428686704 22.88989077180631
633.0 25.709890456091156 22.89097600976035
633.5 25.71369320353584 22.892057265707436
634.0 25.71758923082931 22.893137790417217
634.5 25.721458169490965 22.894219639334757
635.0 25.725279885726422 22.89530543810011
635.5 25.72914835917461 22.896392227671694
636.0 25.733005249132297 22.897487666966455
636.5 25.736850133961305 22.89857505120206
637.0 25.740729229487197 22.899662610275406
637.5 25.744553959669485 22.900747331985368
638.0 25.748392745839737 22.901840056457047
638.5 25.752213923242863 22.90292963928036
639.0 25.756048758807065 22.90401474569396
639.5 25.759876357353015 22.905120278999718
640.0 25.763622508907016 22.906207206457616
640.5 25.767472843588607 22.907302608555735
641.0 25.771260254476882 22.908394859439728
641.5 25.77503192165434 22.909483139778896
642.0 25.778836016734225 22.910578970236433
642.5 25.78253517365017 22.911667565371733
643.0 25.78626485629964 22.9127656365791
643.5 25.789990416763953 22.91386181380018
644.0 25.793732097360778 22.914961787702023
644.5 25.79739161144518 22.916051299429995
645.0 25.801103656524297 22.917146812894956
645.5 25.80474530964637 22.91823837927579
646.0 25.808389508979033 22.919338713118012
646.5 25.81201571726078 22.920442075218666
647.0 25.815591426307666 22.92153459076275
647.5 25.819177963567356 22.92263222545231
648.0 25.822754207584786 22.92372939147537
648.5 25.82631345700034 22.924830101294535
649.0 25.82990448910824 22.925927423472704
649.5 25.833530045528104 22.927026789275104
650.0 25.837069097803585 22.928125111448104
650.5 25.840638351782484 22.92922470124438
651.0 25.844210070658352 22.930338421015364
651.5 25.847801825444044 22.931440761351496
652.0 25.851370237820927 22.932549239375447
652.5 25.854956114879776 22.933660184446047
653.0 25.858504117116325 22.93476545953392
653.5 25.862080450758175 22.93587958116524
654.0 25.86563656413782 22.936980881178624
654.5 25.869214043883257 22.938095557744226
655.0 25.872758332406406 22.939202909982896
655.5 25.876310881637103 22.940307812003798
656.0 25.879844528653507 22.941428417781893
656.5 25.883398517156053 22.94254069039104
657.0 25.88688773926586 22.94364838567156
657.5 25.890457815905958 22.94478033897557
658.0 25.893995079449827 22.945890071599724
658.5 25.897461975886856 22.94701004551517
659.0 25.901006328395454 22.948126817467134
659.5 25.90449007275921 22.94924564723271
660.0 25.908018996086245 22.950362352381042
660.5 25.91152805753753 22.95148364912613
661.0 25.914959943460563 22.952614384851806
661.5 25.91846211847992 22.953736700337647
662.0 25.92195623624777 22.954858959440504
662.5 25.925397215167926 22.955969667326045
663.0 25.92885092474301 22.95711119976865
663.5 25.932267566258247 22.958233454875106
664.0 25.935695761818355 22.95936621076237
664.5 25.939145155102953 22.960490340759208
665.0 25.94257588011957 22.96162961873027
665.5 25.946001105023676 22.962747416441292
666.0 25.949398736392514 22.96388951176024
666.5 25.952766800503912 22.965018480983588
667.0 25.956134096366206 22.966156228810583
667.5 25.959526136176958 22.967286074484214
668.0 25.962872542465597 22.968409516244638
668.5 25.966206272256123 22.969559524550597
669.0 25.969543190405105 22.97069371406898
669.5 25.97283827265268 22.971825768587614
670.0 25.976134462090815 22.972956622462902
670.5 25.97944761078114 22.974101679156952
671.0 25.982722667913496 22.97524104326362
671.5 25.986035671267764 22.976379006471106
672.0 25.989219767476914 22.97752953497141
672.5 25.99246595873527 22.97866204552633
673.0 25.995681869440283 22.979819050393022
673.5 25.998901006597354 22.980957310157354
674.0 26.002040769100784 22.9820929407893
674.5 26.005264037633772 22.98323799261325
675.0 26.00842147495388 22.984392325567118
675.5 26.011526973066402 22.985543856440316
676.0 26.01466756266259 22.98668757002354
676.5 26.017776354759295 22.987842315417247
677.0 26.020870222280408 22.988980375159475
677.5 26.02390724420013 22.990127114874674
678.0 26.026964269675886 22.991292070459526
678.5 26.029985070294693 22.992435450854014
679.0 26.03301450203093 22.993592914415547
679.5 26.035984098993037 22.99473948067034
680.0 26.038948239950773 22.995899219775453
680.5 26.04189802590328 22.99704646139856
681.0 26.044866504551916 22.99821066910312
681.5 26.047723371234998 22.999364111099872
682.0 26.050627520751725 23.00052141619522
682.5 26.053463322004056 23.00168040322449
683.0 26.056309083000272 23.002825368557325
683.5 26.059133762409274 23.003992858638167
684.0 26.061941858856894 23.005156138655124
684.5 26.064672005481427 23.006324676649037
685.0 26.067436548814726 23.007476404772042
685.5 26.07014201596156 23.008638343471105
686.0 26.07289230485655 23.009804620588493
686.5 26.07553350329224 23.010966795696483
687.0 26.078254404883054 23.01212594180904
687.5 26.08084553284362 23.013298308896417
688.0 26.083532145462055 23.01445656383834
688.5 26.08612532213849 23.015627134318564
689.0 26.088719777476122 23.01680156066057
689.5 26.09131490774387 23.01796774159591
690.0 26.09387798541558 23.019135422195966
690.5 26.096431460344995 23.02030953735292
691.0 26.098911584642703 23.02147805838937
691.5 26.10140898048906 23.022664033786544
692.0 26.103924987387973 23.023830942373035
692.5 26.106370334016585 23.025007798184134
693.0 26.108757889066414 23.02617970103999
693.5 26.111184308489932 23.027355157486685
694.0 26.113618832583562 23.028527169764796
694.5 26.11596701558416 23.029701527112678
695.0 26.118331120466287 23.030884785343254
695.5 26.120681970343696 23.032061854768806
696.0 26.122977657186585 23.03324959707872
696.5 26.125277426848996 23.03442718864066
697.0 26.12749579426363 23.035609137835763
697.5 26.12980090590333 23.03679319868771
698.0 26.132014197691728 23.037975314548124
698.5 26.13421233410962 23.03915855243845
699.0 26.13637002615347 23.04035228708134
699.5 26.13851797295069 23.041535396200295
700.0 26.140641602296185 23.04272872935302
700.5 26.14272784954175 23.043911506432515
701.0 26.14474110422014 23.04510178826344
701.5 26.146830222982107 23.046297239308288
702.0 26.148830367795327 23.04747904728609
702.5 26.15086045688298 23.048678074178003
703.0 26.15282899753374 23.04986844377347
703.5 26.15477386611641 23.051060110850155
704.0 26.156673176580444 23.052260736662554
704.5 26.15858184196263 23.05344558436889
705.0 26.160451177222455 23.054650860991607
705.5 26.162300563530767 23.05584552045252
706.0 26.164083722236523 23.05703996597597
706.5 26.165838496380363 23.058241031025474
707.0 26.167616754558964 23.059449691301314
707.5 26.169346078204363 23.06064408826372
708.0 26.171066256653916 23.061842948815844
708.5 26.172726291377305 23.063051336909915
709.0 26.174375901960502 23.06425410056601
709.5 26.17599882341708 23.06545909788342
710.0 26.177606919620796 23.06667917484851
710.5 26.17910025469882 23.067883139075253
711.0 26.180634264175385 23.0690823815327
711.5 26.182165503980347 23.07028315290132
712.0 26.183612748479238 23.071496952187548
712.5 26.185046318126794 23.07271140167075
713.0 26.186479617065785 23.073920856426767
713.5 26.187804394249476 23.07513409523668
714.0 26.189098615297013 23.076338124705146
714.5 26.19045321665211 23.07754697692191
715.0 26.191765968738217 23.078779505301675
715.5 26.193016281007353 23.079995610770695
716.0 26.194212563530158 23.081207703333725
716.5 26.195397272880143 23.082427411415214
717.0 26.1965719037835 23.083650082157185
717.5 26.197674392879172 23.084863194797695
718.0 26.1987679254253 23.08608660328953
718.5 26.199804717275406 23.087310913313143
719.0 26.200785726684607 23.088528149893563
719.5 26.201837166974432 23.089747939464495
720.0 26.202790585196816 23.090979842413397
