FastTrWP/PhaseSpace/IAs/snIa_0.42_30.00_0.24_0.06.csv
# %ECSV 0.9
# ---
# datatype:
# - {name: time-rel, datatype: float64}
# - {name: g, datatype: float64}
# - {name: i, datatype: float64}
# schema: astropy-2.0
time-rel g i
[from data line 1077]
126.0 23.39320921834262 22.309456221635102
126.5 23.39429347158096 22.30945266799019
127.0 23.395395518136965 22.30943260064983
127.5 23.396490949693195 22.30942635655721
128.0 23.39759118784688 22.309414833377335
128.5 23.398696939058233 22.30941412358265
129.0 23.39978868844582 22.309413203185784
129.5 23.400888895347315 22.309412134269316
130.0 23.4019938877548 22.30940225521012
130.5 23.403087045493308 22.30940374126609
131.0 23.404191451982122 22.309403614856453
131.5 23.405295786879023 22.309412434813666
132.0 23.406381738391012 22.309404146720322
132.5 23.40748821739834 22.309421265200942
133.0 23.40859303410273 22.309424497001974
133.5 23.40968977166736 22.309439429808037
134.0 23.410797715762484 22.309436439443118
134.5 23.411883241482258 22.30945523023173
135.0 23.41298236031403 22.30946414903542
135.5 23.41408515060025 22.309475272843343
136.0 23.41520155253269 22.309495433442375
136.5 23.41630133272041 22.309509611189043
137.0 23.41738763949539 22.309529943713542
137.5 23.418508691356475 22.309551570538282
138.0 23.419618842290788 22.309569672578338
138.5 23.42073589904173 22.309597071575848
139.0 23.42184611343604 22.30962394146241
139.5 23.422966908497045 22.30964842400099
140.0 23.42408068123492 22.309673193536366
140.5 23.425199580755276 22.30971365277847
141.0 23.42631527479002 22.30974012038338
141.5 23.4274433929556 22.30978174796394
142.0 23.42856530343336 22.309820571709864
142.5 23.429700560754053 22.309854718260954
143.0 23.430819884147375 22.309896755614787
143.5 23.43194453693843 22.309936239279256
144.0 23.433080108551852 22.309976404673556
144.5 23.434213256695426 22.31001940225349
145.0 23.43534650777681 22.31006861687693
145.5 23.436480780005645 22.310122780889653
146.0 23.437606719024025 22.310167241411207
146.5 23.438764052487358 22.310219887285342
147.0 23.439892916402272 22.31027605892254
147.5 23.441034161754505 22.310329073040887
148.0 23.442180191792353 22.31038631555157
148.4999999999999 23.443327489940774 22.310438186031853
149.0 23.44447332828819 22.310511158901804
149.5 23.445624790397837 22.310565301447017
149.9999999999999 23.44676805160049 22.31063427226179
150.5 23.44792406597528 22.310698111334197
151.0 23.449075510891035 22.310766303008144
151.4999999999999 23.45022763706989 22.31083159622292
152.0 23.451388561147056 22.31089901432005
152.5 23.45254844950795 22.31097298003202
152.9999999999999 23.453709037822513 22.311045249182712
153.5 23.454867414570423 22.311119391105116
154.0 23.456024329005217 22.311200834244012
154.4999999999999 23.4571900059264 22.311275352870936
155.0 23.458355732242232 22.31135526594672
155.5 23.45952514233014 22.311438016955044
155.9999999999999 23.460701467542453 22.311516175725693
156.5 23.461867280893305 22.31160266186746
157.0 23.463038008123 22.31169576952928
157.4999999999999 23.464216716429643 22.31177998581451
158.0 23.465378678145825 22.311864975935976
158.5 23.466562101150615 22.31196342632481
158.9999999999999 23.46773522826021 22.312053338758698
159.5 23.468910914606276 22.312145222285828
160.0 23.470096201273513 22.31224115054698
160.4999999999999 23.4712883031768 22.31233920917088
161.0 23.472462097525558 22.312445976026027
161.5 23.473643545334046 22.3125404948646
161.9999999999999 23.47483978044606 22.312647323760526
162.5 23.476022018996787 22.312742776365656
163.0 23.477215488101407 22.31285448010327
163.4999999999999 23.47841246642737 22.31296121842112
164.0 23.479593673905917 22.313067214425413
164.5 23.48079280475511 22.313172302400417
164.9999999999999 23.48197407774265 22.313289904010503
165.5 23.483179415033618 22.31340299021083
166.0 23.484384316978154 22.31351478336761
166.4999999999999 23.485575063797086 22.313637088780087
167.0 23.486765908484784 22.31375210107319
167.5 23.487976972518215 22.313871653449176
167.9999999999999 23.489171058641375 22.31399746339921
168.5 23.49036583120947 22.314112462670046
169.0 23.491591557687176 22.314234708619555
169.4999999999999 23.492789819663198 22.31436200025715
170.0 23.494006531641745 22.314490349413518
170.5 23.495229850497623 22.314618116280535
170.9999999999999 23.496428904794634 22.314750249596695
171.5 23.49764783341111 22.314885370296174
172.0 23.498864261745346 22.315008332812166
172.4999999999999 23.50008373193503 22.315148886460268
173.0 23.501296695598835 22.31529064496453
173.5 23.502530892324867 22.31542294594792
173.9999999999999 23.50376594328437 22.315561639202308
174.5 23.50497705385321 22.315709005864356
175.0 23.506196831829694 22.315857161995996
175.4999999999999 23.507428443425084 22.316003219393433
176.0 23.508669464454638 22.316144759655874
176.5 23.509885456996734 22.31629736451807
176.9999999999999 23.511134218810554 22.31644459392197
177.5 23.51236607491122 22.316603432968215
178.0 23.51360661170002 22.316751888896853
178.4999999999999 23.514834368030733 22.31690881020341
179.0 23.516082926242994 22.31706161027099
179.5 23.51733056742122 22.31722436480327
179.9999999999999 23.51857279483607 22.317390739923965
180.5 23.519806276242964 22.317553233545873
181.0 23.521057232006473 22.31771031028255
181.4999999999999 23.522313798347774 22.317879911669962
182.0 23.52355841634816 22.318047718841058
182.5 23.52481949345563 22.318217249782336
182.9999999999999 23.52606798403795 22.318383807652665
183.5 23.527323418615325 22.318551608320686
184.0 23.528579096714108 22.318726448192123
184.4999999999999 23.52984535194347 22.318905496782655
185.0 23.531102471181754 22.319082696853872
185.5 23.532369644110183 22.31926535306471
185.9999999999999 23.533630145574065 22.319440164803623
186.5 23.534892842707787 22.319617112395246
187.0 23.536153161215946 22.31980345546782
187.4999999999999 23.537426209075814 22.31999363649969
188.0 23.53870169436638 22.32017397931124
188.5 23.53996389457285 22.320366358628792
188.9999999999999 23.541256067015354 22.320550677351022
189.5 23.542519390387014 22.320743457337127
190.0 23.5437966091443 22.320934464165006
190.4999999999999 23.54507849922937 22.32112785767613
191.0 23.546357954932958 22.321328031283308
191.5 23.547637233739355 22.32151910287387
191.9999999999999 23.548913631934788 22.321717675631064
192.5 23.550197068982882 22.321913253834285
193.0 23.551490348378373 22.32211750173045
193.4999999999999 23.55277594431913 22.32232148413184
194.0 23.554065863078335 22.32252247052674
194.5 23.5553488786902 22.322725389189596
194.9999999999999 23.556648245183005 22.322936576632774
195.5 23.557935107093986 22.32314890433382
196.0 23.559221406978608 22.323354225337656
196.4999999999999 23.560528051723853 22.323567961820686
197.0 23.56181446995377 22.323777830968908
197.5 23.563121357112404 22.32399031120707
197.9999999999999 23.564420345188914 22.324210692872054
198.5 23.5657217586984 22.324428482830964
199.0 23.56703386355838 22.324649461139877
199.4999999999999 23.56833857903512 22.324866618512562
200.0 23.569629986391632 22.32508428218967
200.5 23.570936717324166 22.325308571334062
200.9999999999999 23.57224786632416 22.32553213157162
201.5 23.573548920563997 22.325764002220506
202.0 23.57486389348743 22.32598775022399
202.4999999999999 23.576177053190044 22.326216849243842
203.0 23.577498247673105 22.326446005487924
203.5 23.578804478711078 22.326681640359848
203.9999999999999 23.58012060948186 22.326911023692688
204.5 23.581437531597793 22.32714854478642
205.0 23.582766298935297 22.327374444338822
205.4999999999999 23.5840918601377 22.327616281788107
206.0 23.585422896450098 22.327858035547763
206.5 23.586745172622145 22.328099155343104
206.9999999999999 23.588082509233512 22.32833525233798
207.5 23.589421004221705 22.328587918581235
208.0 23.59074762158602 22.328830229482
208.4999999999999 23.592094710519387 22.329073340855146
209.0 23.593430684789066 22.329316185533344
209.5 23.594771738630925 22.329565768201036
209.9999999999999 23.596112493199502 22.329817492512674
210.5 23.59746721292495 22.330070868482625
211.0 23.59881705812289 22.330322164961444
211.4999999999999 23.600156342590545 22.330578284142327
212.0 23.601521617653628 22.3308410263008
212.5 23.602874709520734 22.331093413256568
212.9999999999999 23.604231564447915 22.331354156571265
213.5 23.605583225576453 22.33161777394146
214.0 23.60694072528753 22.331882484679262
214.4999999999999 23.608294366735088 22.332150792616858
215.0 23.609659756466623 22.332407358854276
215.5 23.611021854271698 22.33267959924345
215.9999999999999 23.61238063189798 22.33294978351452
216.5 23.613760274194213 22.333219889897798
217.0 23.615127522941854 22.333490890618172
217.4999999999999 23.61649117507069 22.333763617887787
218.0 23.617851765790952 22.334041146823587
218.5 23.61923962629254 22.33431833091491
218.9999999999999 23.620612125127543 22.334591229204385
219.5 23.62198196164404 22.334875962950814
220.0 23.623366303192004 22.335159596862553
220.4999999999999 23.62474911050716 22.335442554712305
221.0 23.626133199289146 22.335723022077936
221.5 23.627493231130817 22.3360119666047
221.9999999999999 23.628878732203088 22.336300580320344
222.5 23.630258894819846 22.336587250536134
223.0 23.63164058588918 22.336879175769475
223.4999999999999 23.63303284751011 22.337179279757184
224.0 23.634412454036756 22.33747497756173
224.5 23.635798559445526 22.33776134523429
224.9999999999999 23.6371894269028 22.338062251486402
225.5 23.638587539285044 22.338364217118716
226.0 23.639969737619936 22.33866530313788
226.4999999999999 23.641361869763177 22.338971898477954
227.0 23.64276052953631 22.339274794366297
227.5 23.644145390685352 22.339583034834423
227.9999999999999 23.645545856664377 22.33989440890415
228.5 23.64693728823761 22.340201578288873
229.0 23.648319129560385 22.340514371309325
229.4999999999999 23.64972797149921 22.3408213339004
230.0 23.651122928762067 22.341141339084114
230.5 23.65251630842888 22.341454499643596
230.9999999999999 23.65391203876806 22.341771457767265
231.5 23.655304704130007 22.342101213890878
232.0 23.65669884082012 22.34241767547077
232.4999999999999 23.658109625648617 22.34273774254514
233.0 23.659497068588678 22.343067210471602
233.5 23.66089727821651 22.34339153877288
233.9999999999999 23.66229129872705 22.343723679432102
234.5 23.663694935591902 22.344054146018717
235.0 23.665098829817627 22.344384510555734
235.4999999999999 23.666484608719816 22.34472569303517
236.0 23.667892236810317 22.345053534858014
236.5 23.66929341225013 22.34539410320108
236.9999999999999 23.670695964686978 22.345735146575638
237.5 23.672093497479565 22.346081405057262
238.0 23.673495248651637 22.346416440698093
238.4999999999999 23.674892591943625 22.346762361703455
239.0 23.676298257499944 22.347113311156907
239.5 23.67770754670895 22.347456210771625
239.9999999999999 23.67911719667919 22.34781713174388
240.5 23.68051679439891 22.348169214554883
241.0 23.681929756312456 22.348517215425957
241.4999999999999 23.683339574885714 22.34887585547377
242.0 23.684751515452543 22.349233546270412
242.5 23.68616313720771 22.34959153969563
242.9999999999999 23.68757650727346 22.3499538975342
243.5 23.688982850204177 22.35031226054481
244.0 23.69039039227204 22.350680284449368
244.4999999999999 23.691820776033367 22.351047716559606
245.0 23.693222175842713 22.351416195991135
245.5 23.694640736719546 22.35178909487719
245.9999999999999 23.69606385381911 22.352161161174795
246.5 23.69749462973044 22.35253680635865
247.0 23.698905365178465 22.3529012175424
247.4999999999999 23.700343880652866 22.353282509247553
248.0 23.70174612612946 22.353666872556804
248.5 23.703170816714064 22.35404279357175
248.9999999999999 23.704597454647605 22.35442323927943
249.5 23.70602257509034 22.35481068470282
250.0 23.70745392404997 22.355194580928362
250.4999999999999 23.70887696408525 22.355585798624524
251.0 23.710295319900627 22.35596956987088
251.5 23.711731534274683 22.35636486348217
251.9999999999999 23.713168621342046 22.356755637912432
252.5 23.714596815941583 22.357154777108814
253.0 23.71602297906128 22.357550387690942
253.4999999999999 23.717453855982534 22.357944211624815
254.0 23.718888683536047 22.35834892561443
254.5 23.720319294974107 22.358745593899776
254.9999999999999 23.721758455010736 22.35914801626027
255.5 23.723184107076364 22.35955219866197
256.0 23.72462357242115 22.35995937756797
256.4999999999999 23.726070945531674 22.360371979182688
257.0 23.72751778044888 22.360775507867764
257.5 23.72893405970067 22.361191344320567
257.9999999999999 23.730380278887292 22.361602120361695
258.5 23.73182024777723 22.36201611222186
259.0 23.733266470928616 22.36242852260359
259.4999999999999 23.734707723745913 22.362848269661633
260.0 23.736166544905146 22.36326259500261
260.5 23.73759642229257 22.36369553399838
260.9999999999999 23.739033966135157 22.36411985675445
261.5 23.740485293653023 22.36454486789972
262.0 23.74192961285381 22.364964960883718
262.4999999999999 23.74336894680555 22.36540128052492
263.0 23.74482604112462 22.365829735433593
263.5 23.746261698101748 22.366254275616306
263.9999999999999 23.74772033890352 22.36668870449714
264.5 23.749154027289276 22.367125121201312
265.0 23.75061452363201 22.36755771468153
265.4999999999999 23.752059469483658 22.3680079512978
266.0 23.75352297520886 22.36843368987592
266.5 23.754971582433807 22.3688797575316
266.9999999999999 23.75642034314521 22.36931962567465
267.5 23.757867234062463 22.369766109158018
268.0 23.7593290836446 22.37021321582061
268.4999999999999 23.760791098627024 22.370662714029656
269.0 23.762246824410077 22.371103881886473
269.5 23.763704861074824 22.37156170640953
269.9999999999999 23.765156375804246 22.372008080219075
270.5 23.766621993963454 22.37246904397658
271.0 23.768086064160595 22.372916904128182
271.4999999999999 23.76954008693251 22.373378378309752
272.0 23.77099790586908 22.373841200763927
272.5 23.77245195287258 22.37430220024435
272.9999999999999 23.773910595969706 22.3747608753511
273.5 23.775374561294683 22.375228571103158
274.0 23.776837168867363 22.375695069302605
274.4999999999999 23.778297654814832 22.376163806918004
275.0 23.779757396739928 22.37663353530865
275.5 23.781223407304903 22.377110849258504
275.9999999999999 23.782683139516692 22.377579182421453
276.5 23.78416543964914 22.378055529533256
277.0 23.7856264929928 22.378530347812678
277.4999999999999 23.78708542406705 22.379008979744334
278.0 23.788570201396 22.37950036630292
278.5 23.790025990673044 22.379976866117484
278.9999999999999 23.791496174357853 22.380462199545335
279.5 23.792970049168837 22.38095321889382
280.0 23.79443553766322 22.381437400930096
280.4999999999999 23.795903019899836 22.38193007580999
281.0 23.797382282446407 22.382419526783256
281.5 23.798844558487808 22.382918427341117
281.9999999999999 23.800340024929948 22.383409698835578
282.5 23.80180232944999 22.383906353965596
283.0 23.803273795552098 22.384403704963734
283.4999999999999 23.804759006496997 22.384903626082647
284.0 23.806232505811835 22.385405597525395
284.5 23.807710280470147 22.38591403610414
284.9999999999999 23.809189696937487 22.386419604184297
285.5 23.810671804372724 22.386926037829188
286.0 23.812157684093304 22.387444908975176
286.4999999999999 23.813637775944688 22.387946934153824
287.0 23.815106191126198 22.388463379416695
287.5 23.8165957364367 22.38898117155717
287.9999999999999 23.818073521907678 22.38949328715374
288.5 23.819558770626756 22.390015985397586
289.0 23.821054677059152 22.390532059899204
289.4999999999999 23.822536614396896 22.391057195399917
290.0 23.824019058046026 22.391576160413877
290.5 23.825530783472534 22.392103669474057
290.9999999999999 23.827000031163124 22.39263099367082
291.5 23.82849678986265 22.393155709649303
292.0 23.829982327184585 22.393685623707434
292.4999999999999 23.831486831131848 22.39421844866014
293.0 23.8329772314177 22.39475210273985
293.5 23.8344691017417 22.395290306384506
293.9999999999999 23.835958422832853 22.39582450713375
294.5 23.83746872277319 22.39636587781859
295.0 23.838938976571548 22.396902749870264
295.4999999999999 23.840452801662842 22.397447023401426
296.0 23.841944697230076 22.397992319089145
296.5 23.843447476059133 22.398532897997143
