FastTrWP/PhaseSpace/IAs/snIa_0.39_30.00_-0.14_-0.03.csv
# %ECSV 0.9
# ---
# datatype:
# - {name: time-rel, datatype: float64}
# - {name: g, datatype: float64}
# - {name: i, datatype: float64}
# schema: astropy-2.0
time-rel g i
-415.5 26.98394754309435 25.429092310949475
-415.0 26.95896297357089 25.419022422782884
-414.5 26.934387519221556 25.409052322380788
-414.0 26.910170254515243 25.39914581088336
-413.5 26.886425722506328 25.389249813355814
-413.0 26.862955459679945 25.379450726102842
-412.5 26.83994546775166 25.369673123438652
-412.0 26.817149512596004 25.35993833133858
-411.5 26.794629601500063 25.350264887378962
-411.0 26.77239608158142 25.34058086469503
-410.5 26.75039993814995 25.33089917548231
-410.0 26.7286659567071 25.321309150345463
-409.5 26.707122078930517 25.311744093646283
-409.0 26.685867984449555 25.302209165064188
-408.5 26.664840175745937 25.292698895051423
-408.0 26.644100443926906 25.283229585201276
-407.5 26.623529199123045 25.273772142226978
-407.0 26.603140326240084 25.264371286691436
-406.5 26.58307029069823 25.254978925700012
-406.0 26.563150738058244 25.245617411562925
-405.5 26.54348217898601 25.236346141944914
-405.0 26.523978214711246 25.22708575862167
-404.5 26.504716834176705 25.217819407828408
-404.0 26.485714060479314 25.208632634786888
-403.5 26.466738637405566 25.199467860814856
-403.0 26.44810416220468 25.190339237210615
-402.5 26.429579721428237 25.181238867285668
-402.0 26.411333185719528 25.172200438170883
-401.5 26.39319435094371 25.163176791491388
-401.0 26.375293325485604 25.154198752091435
-400.5 26.357536197923412 25.145227783262143
-400.0 26.339987331468024 25.136318447637116
-399.5 26.322579715905334 25.127436130713928
-399.0 26.305374895480057 25.11860507522499
-398.5 26.288311474403415 25.109794361251005
-398.0 26.27143292327919 25.101036581924355
-397.5 26.254727612112912 25.092281285893367
-397.0 26.238156009052748 25.08361418044601
-396.5 26.22173447102768 25.074953119454495
-396.0 26.205544197485047 25.06632252654577
-395.5 26.189438986156066 25.057759890106496
-395.0 26.17352103624618 25.049224680317398
-394.5 26.157739400116995 25.04068474357196
-394.0 26.14211726967715 25.0322316016206
-393.5 26.126584094030072 25.023794039869827
-393.0 26.111309144093457 25.01542060288205
-392.5 26.09610875358036 25.00704623358173
-392.0 26.081034004662968 24.998733769684975
-391.5 26.066137101793792 24.99046629934874
-391.0 26.05135594334523 24.98220895949903
-390.5 26.03667695436272 24.974002428816004
-390.0 26.022161440326666 24.96581880490217
-389.5 26.007773568700582 24.95769132097938
-389.0 25.993528337029318 24.9495885731953
-388.5 25.979410006154346 24.941551577267695
-388.0 25.965407650896395 24.933528460657687
-387.5 25.95150475777286 24.925520700755335
-387.0 25.937771443615457 24.917585045762802
-386.5 25.924103270590155 24.909673391582913
-386.0 25.910606002806187 24.901822122444596
-385.5 25.897219593333777 24.893960812756944
-385.0 25.883893281739606 24.886167865225946
-384.5 25.87072824464924 24.8784134072204
-384.0 25.857680310356482 24.87065133023974
-383.5 25.84472717613092 24.862985839900933
-383.0 25.831882876633173 24.855341637433966
-382.5 25.81915846988774 24.847712834231697
-382.0 25.806559824422294 24.840131192883703
-381.5 25.7940448680022 24.83258796836274
-381.0 25.781647127143255 24.825101295988453
-380.5 25.769316657292553 24.81761145122507
-380.0 25.757085972252188 24.810184259790535
-379.5 25.745014704867213 24.80278093115559
-379.0 25.7329970909843 24.795412121193948
-378.5 25.72108029207182 24.788059569344245
-378.0 25.70921482232957 24.78076184612049
-377.5 25.697450982232596 24.773451525013684
-377.0 25.685704185347294 24.76617421001834
-376.5 25.674077124117982 24.758910737593133
-376.0 25.66253777663304 24.75172145828089
-375.5 25.65101300448906 24.74450648769608
-375.0 25.639579278614097 24.737318298617687
-374.5 25.62822128155602 24.730189659721617
-374.0 25.616949416630035 24.723046823001773
-373.5 25.605735009728534 24.715937367529477
-373.0 25.594610389155456 24.708839196067466
-372.5 25.583507155222406 24.701787354223637
-372.0 25.572506575321793 24.694766919422232
-371.5 25.561556627487988 24.687746840622985
-371.0 25.550679444200842 24.68075287264012
-370.5 25.539881778587375 24.673813908367187
-370.0 25.529116733150047 24.666873694991494
-369.5 25.518452544798947 24.659966868369914
-369.0 25.507827237993318 24.653103439369737
-368.5 25.497271148455276 24.646253190906986
-368.0 25.486775043386256 24.639396932846104
-367.5 25.47636332337754 24.63259445691287
-367.0 25.46599282044466 24.625803303367903
-366.5 25.455728148947077 24.619057665308304
-366.0 25.445429596230706 24.612320213564004
-365.5 25.43530015176787 24.605610554778686
-365.0 25.425143753602065 24.598932870619844
-364.5 25.415091214146134 24.592274870882864
-364.0 25.405057916402285 24.585629558868835
-363.5 25.395166832841134 24.579035701833398
-363.0 25.385220196948836 24.572454013122407
-362.5 25.375420414068724 24.56588517070152
-362.0 25.36568241168629 24.559347817692068
-361.5 25.355947677920035 24.55286363897279
-361.0 25.346293913804494 24.546367426134115
-360.5 25.33670374381512 24.539920127200997
-360.0 25.327147600113562 24.53347722541444
-359.5 25.31764286107242 24.52708524773052
-359.0 25.308219533094814 24.520698401712213
-358.5 25.298838062067865 24.514347496195477
-358.0 25.289520752892066 24.508014234612105
-357.5 25.280254081745706 24.501697864518356
-357.0 25.27098623133994 24.495417028432872
-356.5 25.261858349642505 24.489162306825932
-356.0 25.25272861797655 24.482914292231513
-355.5 25.24366720514137 24.476738282153793
-355.0 25.2346516401751 24.470554999352224
-354.5 25.22570017885758 24.4643917186323
-354.0 25.216781039475848 24.458265646039163
-353.5 25.20793050207066 24.452153582530723
-353.0 25.199100726017857 24.44607558989059
-352.5 25.19033399980327 24.440029010952653
-352.0 25.18163417998403 24.433987482872524
-351.5 25.172987859824122 24.427988735552297
-351.0 25.164335425565717 24.422001000211754
-350.5 25.155793535401465 24.416042392830903
-350.0 25.147269711703597 24.410103885370248
-349.5 25.13879659138368 24.4041982630139
-349.0 25.13038090643931 24.39831539710225
-348.5 25.121995817388306 24.392454099795202
-348.0 25.113664054066255 24.386617979368257
-347.5 25.10537188778781 24.380825135154964
-347.0 25.097141263686595 24.37504076890881
-346.5 25.088935580735537 24.369265082114552
-346.0 25.080758906703235 24.36353121051573
-345.5 25.07266084541506 24.357821381056116
-345.0 25.064574006923447 24.35212428700528
-344.5 25.056553322746616 24.34643438598913
-344.0 25.04854237390026 24.34077156743053
-343.5 25.040577807151116 24.33513269439997
-343.0 25.032660969231557 24.329489802064074
-342.5 25.024777888186676 24.3238779407792
-342.0 25.016911330195157 24.31830099963709
-341.5 25.00908891447194 24.312713670329572
-341.0 25.00129501876941 24.307163011516995
-340.5 24.993538424110113 24.30161679370675
-340.0 24.985832069250932 24.296090520435435
-339.5 24.97815573675676 24.290575933528828
-339.0 24.970487030593148 24.285104920319363
-338.5 24.962889056588125 24.279630879495507
-338.0 24.955303437883032 24.27415088802755
-337.5 24.94775181273439 24.26873976157328
-337.0 24.940249165801326 24.263301014620883
-336.5 24.932775622735868 24.25790660976388
-336.0 24.925299660186525 24.2525272499062
-335.5 24.917896806522542 24.247145038206884
-335.0 24.91048250538163 24.24181171590371
-334.5 24.9031479081694 24.236485903169886
-334.0 24.89580723180189 24.231176937158825
-333.5 24.88853873804174 24.225888408318884
-333.0 24.88126730872151 24.220584418736784
-332.5 24.874042162782416 24.215328917863737
-332.0 24.866885529780433 24.21008728723786
-331.5 24.85964907717422 24.204852776475015
-331.0 24.852529747278265 24.19965087587936
-330.5 24.845432376459947 24.19446817405595
-330.0 24.83836003220752 24.189281024470837
-329.5 24.831302959041818 24.1841226152891
-329.0 24.824284195552607 24.178984138814535
-328.5 24.817301312417257 24.173853758533568
-328.0 24.810337667950595 24.168750015322114
-327.5 24.803422452173784 24.163653845850455
-327.0 24.7964904975303 24.158563577022846
-326.5 24.789619964127976 24.153532996911395
-326.0 24.782749786044818 24.14849114600313
-325.5 24.77596524408905 24.143461819254327
-325.0 24.76916252583843 24.138455324851723
-324.5 24.762407447515827 24.133460274137004
-324.0 24.75566294348353 24.1285054949751
-323.5 24.74895502105491 24.123534381094288
-323.0 24.74227075928472 24.118603712272723
-322.5 24.735620756038927 24.113693303572887
-322.0 24.729007513253332 24.10876960680788
-321.5 24.72239202205389 24.103889547947563
-321.0 24.715820261774667 24.09900639644603
-320.5 24.709275300082734 24.0941544933249
-320.0 24.70275840190026 24.089338398616825
-319.5 24.69625990775818 24.084499893087646
-319.0 24.689764282510673 24.0796962675224
-318.5 24.68334016157115 24.074888820927566
-318.0 24.67691494497151 24.07011889507144
-317.5 24.670532492617102 24.065365722024584
-317.0 24.66414317239529 24.060634641358387
-316.5 24.657798346149654 24.055895441884477
-316.0 24.651490857307014 24.05119372607274
-315.5 24.645176899294484 24.046488100040328
-315.0 24.638922381640022 24.041834700321537
-314.5 24.632673383286306 24.037159180098865
-314.0 24.626448154225166 24.03251599288705
-313.5 24.620253210727686 24.027926478461104
-313.0 24.614052886554767 24.023286758080985
-312.5 24.60792344720719 24.018697844397177
-312.0 24.601798660191946 24.014110495390767
-311.5 24.595686948721006 24.009536785044716
-311.0 24.589604666474152 24.00498594422245
-310.5 24.583553510268487 24.000457309282716
-310.0 24.5775289269257 23.995931008374086
-309.5 24.57148826556997 23.991426525492507
-309.0 24.5655263333158 23.986939651220776
-308.5 24.55952300241578 23.982462310042635
-308.0 24.55357011503713 23.977997390362248
-307.5 24.547652356721663 23.97355816875548
-307.0 24.541730429164712 23.969086020836173
-306.5 24.53584437486711 23.96467213900308
-306.0 24.529983268590485 23.960263506066752
-305.5 24.524144213449134 23.955870525376515
-305.0 24.518292659032035 23.951473492855698
-304.5 24.512516160185825 23.94709920958267
-304.0 24.506708682510645 23.942740932925442
-303.5 24.500938034056045 23.93839840655962
-303.0 24.49518559384878 23.93405897040732
-302.5 24.48946356151216 23.929740142479776
-302.0 24.483752682505365 23.925430373625304
-301.5 24.47803835421615 23.921131614415007
-301.0 24.472390670195328 23.91684773515879
-300.5 24.466712002016937 23.912576119397695
-300.0 24.46109278211706 23.90831294094227
-299.5 24.455460711847703 23.904068160684258
-299.0 24.449870480213896 23.8998277036389
-298.5 24.44428096522595 23.895594363131746
-298.0 24.438729127399235 23.89137653989124
-297.5 24.433164189170515 23.887170770018816
-297.0 24.427639238998072 23.8829650124306
-296.5 24.422144101499377 23.87879447979692
-296.0 24.41664712398648 23.874635947572955
-295.5 24.411148757813628 23.870466037778534
-295.0 24.405694672361463 23.86631977352963
-294.5 24.400229832307065 23.862172880042785
-294.0 24.39482552284304 23.858048229884055
-293.5 24.389390900297222 23.8539368301317
-293.0 24.384002708133146 23.8498243273241
-292.5 24.378610399067092 23.845736184706258
-292.0 24.373246500131103 23.841651498545207
-291.5 24.3678960363483 23.837567755957974
-291.0 24.36256569289183 23.833501047500143
-290.5 24.357256699173107 23.829437873508134
-290.0 24.351936087916922 23.82539931214609
-289.5 24.346653742194547 23.821352964977436
-289.0 24.34138195861025 23.817328349310692
-288.5 24.33611867010665 23.8133245168588
-288.0 24.330885582267552 23.8092912907302
-287.5 24.325643711284712 23.805301813500716
-287.0 24.32043478266586 23.801323903173813
-286.5 24.31524145565001 23.79733118880707
-286.0 24.3100456673059 23.793356855755437
-285.5 24.304871796043713 23.789404176639344
-285.0 24.29973127508907 23.785440709115512
-284.5 24.294574669882458 23.781490172541446
-284.0 24.289436998224833 23.777561678948132
-283.5 24.28433007235892 23.773640130232696
-283.0 24.279221821568044 23.769715475903958
-282.5 24.274138580853307 23.7658111283529
-282.0 24.269068623949188 23.761899722522916
-281.5 24.263999219185944 23.758006581720274
-281.0 24.25893853448807 23.754133113107883
-280.5 24.253919420993512 23.75024517259279
-280.0 24.24889783840434 23.74638834093256
-279.5 24.243879282577176 23.7425270357047
-279.0 24.238878639022015 23.738681248108286
-278.5 24.23391405198489 23.73483805619741
-278.0 24.22893582802656 23.730992454166064
-277.5 24.223972493369253 23.727183847560273
-277.0 24.219043338580903 23.72336621259678
-276.5 24.214110598451015 23.71956385744504
-276.0 24.209202419933558 23.71574869713392
-275.5 24.20428914045381 23.71198684476576
-275.0 24.19942145771135 23.70821527152327
-274.5 24.19456495928102 23.704437812114264
-274.0 24.18970808422785 23.700689580469387
-273.5 24.184861649536465 23.69693755511198
-273.0 24.180002725399888 23.693188593718997
-272.5 24.175203677503898 23.68944858292408
-272.0 24.170387594901158 23.685728656038165
-271.5 24.16560864810127 23.682021565610363
-271.0 24.160816145681487 23.67830151266539
-270.5 24.15603105969395 23.67460826749419
-270.0 24.15129220851446 23.670921538959714
-269.5 24.14655061545011 23.667227280889932
-269.0 24.141797062079444 23.663566144686172
-268.5 24.137110610964633 23.65990870772391
-268.0 24.132393672845854 23.656225906322742
-267.5 24.1276842910448 23.652585696839566
-267.0 24.123002221040895 23.648929157770937
-266.5 24.11831750119414 23.645304255243897
-266.0 24.113641025292946 23.641672262758387
-265.5 24.109008897379315 23.638051726218375
-265.0 24.104372544937217 23.634451559461706
-264.5 24.09972986603648 23.63082847401543
-264.0 24.095139962495406 23.627231241483813
-263.5 24.090514430511032 23.623639220090602
-263.0 24.085915557846533 23.62005593034975
-262.5 24.08133278074777 23.616469359018495
-262.0 24.076753031432155 23.612903528112223
-261.5 24.07219113206129 23.60934553196705
-261.0 24.06762716394868 23.605780235928396
-260.5 24.063100507607345 23.602232239317715
-260.0 24.058559673430395 23.598690464927643
-259.5 24.054026198564237 23.595157393219658
-259.0 24.04951564656578 23.59162898301275
-258.5 24.044999801037275 23.58809331743314
-258.0 24.04052017100303 23.584583784287044
-257.5 24.036033165783053 23.58106120618053
-257.0 24.03154659990603 23.577567918549637
-256.5 24.027088534371938 23.57407051844848
-256.0 24.022632359251975 23.57057613199176
-255.5 24.018181183717168 23.567086089872493
-255.0 24.013742141251377 23.56361690570354
-254.5 24.009316706853788 23.560143947236355
-254.0 24.004898334276508 23.55666882527955
-253.5 24.000472859959558 23.553216842764556
-253.0 23.996088130812588 23.549761558557705
-252.5 23.991685012430203 23.546311005556152
-252.0 23.98729543755656 23.542856514510365
-251.5 23.982917349239568 23.53941870851582
-251.0 23.978549776185325 23.535980759553915
-250.5 23.974206987871586 23.532559510708147
-250.0 23.969849388320288 23.529130621487447
-249.5 23.965503502649746 23.52571592364078
-249.0 23.96117571862652 23.522313790586562
-248.50000000000006 23.9568524769134 23.518892840944588
-248.0 23.952539820406137 23.51551104106005
-247.5 23.94823129917782 23.512100990247248
-247.00000000000006 23.943927002459727 23.508719868772662
-246.5 23.93963474765554 23.505336538787653
-246.0 23.935355619244888 23.501955128498633
-245.50000000000006 23.931066681116864 23.49858327162732
-245.0 23.926804585281012 23.495205740331244
-244.5 23.922569742664187 23.49185725176276
-244.00000000000006 23.91830977481082 23.48850193930748
-243.5 23.914077585648524 23.485150165860126
-243.0 23.90982880423921 23.481818506952415
-242.50000000000006 23.905622106871665 23.47846734325038
-242.0 23.901409544197463 23.475152051407427
-241.5 23.897207294427666 23.471825344546254
-241.00000000000006 23.893006923457534 23.468500708891117
-240.5 23.88882798107211 23.465186015217277
-240.0 23.884650641758242 23.461895892263055
-239.50000000000006 23.88048768968968 23.45859423828166
-239.0 23.87631684283978 23.455291367374592
-238.5 23.87218297280386 23.452005054233368
-238.00000000000006 23.86802502070175 23.448726196538857
-237.5 23.863909546050422 23.445464250507047
-237.0 23.859767765343527 23.442169106880172
-236.50000000000006 23.855661933728463 23.43890587538594
