FastTrWP/PhaseSpace/IAs/snIa_0.66_30.00_-0.87_0.00.csv
# %ECSV 0.9
# ---
# datatype:
# - {name: time-rel, datatype: float64}
# - {name: g, datatype: float64}
# - {name: i, datatype: float64}
# schema: astropy-2.0
time-rel g i
[from data line 1012]
636.3125 24.13483935030342 22.253957043259533
636.8125 24.135611237652487 22.253668466969053
637.3125 24.13638195864548 22.253386339991632
637.8125 24.13715361850082 22.253107637191416
638.3125 24.137934186771105 22.252824072838454
638.8125 24.13871588872235 22.25255320983136
639.3125 24.13949237583993 22.252278431670774
639.8125 24.140280894318717 22.252014544197113
640.3125 24.1410664645892 22.251747062601886
640.8125 24.141856903140265 22.2514872464826
641.3125 24.142655204300407 22.251225409032784
641.8125 24.143428587104392 22.250973290104945
642.3125 24.14423576475314 22.250720537340133
642.8125 24.145039855825367 22.250471846562036
643.3125 24.14583691615459 22.250230363389832
643.8125 24.14662842559941 22.249984095755412
644.3125 24.147443864264062 22.249747433909807
644.8125 24.148247950057655 22.24950935551345
645.3125 24.149064001084156 22.24928190014993
645.8125 24.149870414215453 22.24904976736605
646.3125 24.150687023473324 22.248816922426332
646.8125 24.15148670443342 22.248594681246153
647.3125 24.152322752447827 22.248372322819986
647.8125 24.15313752210221 22.248156935245827
648.3125 24.15396502648381 22.24794483823534
648.8125 24.154799580832215 22.247732589896124
649.3125 24.15561445032349 22.247524673226135
649.8125 24.156458128295526 22.247327486127183
650.3125 24.157285781031188 22.24711929917182
650.8125 24.158120880986438 22.246927979135553
651.3125 24.15895573290751 22.24672951444512
651.8125 24.159796485918356 22.24654128992858
652.3125 24.16065427868659 22.246355712529212
652.8125 24.161485878174336 22.24617262881624
653.3125 24.162332540663645 22.245990204591436
653.8125 24.163190717148012 22.24581314150701
654.3125 24.164048080404022 22.245643828546335
654.8125 24.164885174197224 22.245470410704673
655.3125 24.165741462656847 22.24530422880761
655.8125 24.166597535159294 22.245136537547054
656.3125 24.167461011223587 22.24498059950193
656.8125 24.16833156330206 22.244823526408535
657.3125 24.169204368337923 22.244673863904303
657.8125 24.170065349757394 22.244520130763856
658.3125 24.17093095284011 22.244371308157135
658.8125 24.171818333418923 22.244239846494764
659.3125 24.172687460869998 22.24409355453078
659.8125 24.173549876016963 22.243962079108943
660.3125 24.17444741109545 22.24383208151917
660.8125 24.175323638073753 22.243708347643746
661.3125 24.176208496282968 22.243584594593408
661.8125 24.177094000884548 22.243463915801396
662.3125 24.1779832794243 22.243350199811537
662.8125 24.17886904348782 22.243236977157377
663.3125 24.179758309404825 22.243133615139886
663.8125 24.180650678101443 22.24302557217577
664.3125 24.181539276567822 22.242931609751125
664.8125 24.18245351816934 22.242833134834328
665.3125 24.18334360911024 22.24273981708153
665.8125 24.18423610321872 22.242649601944755
666.3125 24.185149198642073 22.242563499731563
666.8125 24.186058833473048 22.242473645449095
667.3125 24.18695164673728 22.242399393886334
667.8125 24.187864916419123 22.242318291868415
668.3125 24.188785719961796 22.242246690102352
668.8125 24.189695605079997 22.242177742019006
669.3125 24.19062141922356 22.242122154332506
669.8125 24.191539574636227 22.24205161870184
670.3125 24.19244541320555 22.241991983163324
670.8125 24.193374897861936 22.24193567902617
671.3125 24.19432414114197 22.24188889882543
671.8125 24.195258747352458 22.241837813427114
672.3125 24.19618827391208 22.241789173027485
672.8125 24.197108043737067 22.24174652177151
673.3125 24.198058121646216 22.2416951589975
673.8125 24.199000068005546 22.241658050397255
674.3125 24.199936262023357 22.241631012113523
674.8125 24.200883687412205 22.241598017018124
675.3125 24.201846806031497 22.24157199711518
675.8125 24.2027849203035 22.24153781197154
676.3125 24.20374227900105 22.241519973203697
676.8125 24.204713146729105 22.24149485980522
677.3125 24.205665282834833 22.24148805305012
677.8125 24.20663411169658 22.24146973396588
678.3125 24.207591643865634 22.241456492846147
678.8125 24.208577560816984 22.24144241504132
679.3125 24.2095422725337 22.241442140963315
679.8125 24.210515920629476 22.241434778468303
680.3125 24.211500113840955 22.241434158430224
680.8125 24.212480260640696 22.241436355817612
681.3125 24.213478619452115 22.24143664528128
681.8125 24.21445990177307 22.241436428219913
682.3125 24.21544739323838 22.24145235235917
682.8125 24.216464519237995 22.241463471686217
683.3125 24.217460087643154 22.241480631621194
683.8125 24.218463137159503 22.241494342830947
684.3125 24.21946864511005 22.241502146536245
684.8125 24.220478672973947 22.241533702482453
685.3125 24.221495298622937 22.241553707976514
685.8125 24.22252054859538 22.24158178158573
686.3125 24.223541798225074 22.24160396541732
686.8125 24.22456158588031 22.241634622162245
687.3125 24.22559819750174 22.24166734507623
687.8125 24.22661697356803 22.241699153492426
688.3125 24.227651684335136 22.24173468310823
688.8125 24.228716302682813 22.24176785923877
689.3125 24.229737695108483 22.241807449210288
689.8125 24.230788022938874 22.241853980444777
690.3125 24.23183385407259 22.24190066806696
690.8125 24.232888534976887 22.241946249972543
691.3125 24.233963729436777 22.241987143328323
691.8125 24.235025954126513 22.242044527751435
692.3125 24.236094333429982 22.242097050533562
692.8125 24.237162365504183 22.24214678258185
693.3125 24.238235984295528 22.24220360438496
693.8125 24.23931805085548 22.242263553583218
694.3125 24.240395065605544 22.242316849290617
694.8125 24.241510074055874 22.242376857024478
695.3125 24.242582993668723 22.24244314676072
695.8125 24.243686734992835 22.24250226568159
696.3125 24.244790353748083 22.242573319656813
696.8125 24.245894496399192 22.24263573450555
697.3125 24.24699873152076 22.242704952856652
697.8125 24.2481094226967 22.24276893788277
698.3125 24.249239914646708 22.24284840565876
698.8125 24.250354026135593 22.242917938223094
699.3125 24.25148879915794 22.24300376256344
699.8125 24.252604827045595 22.24308742948113
700.3125 24.25374806921592 22.24317200225518
700.8125 24.25487398892095 22.243258554401358
701.3125 24.256033238273496 22.243349665724494
701.8125 24.257171128338918 22.243443989381213
702.3125 24.258298662281344 22.243541892222712
702.8125 24.259467258837564 22.243646805343367
703.3125 24.260625341225403 22.24374530688054
703.8125 24.261778044402664 22.243845969563843
704.3125 24.26293389297204 22.24395727731709
704.8125 24.26410261935076 22.244063148955476
705.3125 24.265280047548373 22.244176422082134
705.8125 24.266440382455347 22.244296261967158
706.3125 24.267616242186875 22.24441822649021
706.8125 24.26880967094577 22.244529421024062
707.3125 24.269990593563534 22.244659926670487
707.8125 24.27117333791206 22.2447872709428
708.3125 24.27236465868426 22.24491298535007
708.8125 24.27355578916093 22.245047340484767
709.3125 24.274766259119662 22.24517678500348
709.8125 24.27597797071296 22.245320357327067
710.3125 24.277176846659945 22.24545557355965
710.8125 24.27839391362401 22.245590780785548
711.3125 24.279613551434892 22.245730169789738
711.8125 24.280814761162258 22.24587983082821
712.3125 24.28205970762587 22.246029081307963
712.8125 24.283289976059876 22.246176849575356
713.3125 24.284504524689666 22.24632482207771
713.8125 24.285760933210952 22.246487772951223
714.3125 24.287004626949194 22.24664045808174
714.8125 24.288236297422717 22.246796339740445
715.3125 24.28949102557904 22.246954463223425
715.8125 24.290731792993906 22.24712662036511
716.3125 24.29200449686779 22.247286705344486
716.8125 24.293271451637377 22.247449268385928
717.3125 24.294531508592595 22.24762383769893
717.8125 24.295802263237242 22.247793487557143
718.3125 24.297082335554073 22.247973070368513
718.8125 24.298364329542185 22.248140783292335
719.3125 24.299652139647723 22.248319303316787
719.8125 24.300936611620088 22.24849716311688
720.3125 24.302247579257497 22.24868338050143
720.8125 24.303518137775857 22.248863149790456
721.3125 24.304837569230845 22.249049542589063
721.8125 24.306138138243945 22.24923048616812
722.3125 24.30745522819741 22.24941945735377
722.8125 24.308754136462213 22.249609386542495
723.3125 24.3101052457018 22.249806473079474
723.8125 24.311415530131946 22.250001857212833
724.3125 24.31274847916336 22.250195014897823
724.8125 24.314079177312642 22.250393172329552
725.3125 24.315420276554708 22.250589677371863
725.8125 24.316776564810233 22.25078493493765
726.3125 24.318132884539114 22.250991108418493
726.8125 24.319495131045045 22.251196615776216
727.3125 24.320832477143902 22.251400346112227
727.8125 24.32218759972264 22.251606316426738
728.3125 24.32357405405494 22.251816122431585
728.8125 24.324961992338938 22.25202720875813
729.3125 24.326331618725575 22.252238216139936
729.8125 24.32772118986999 22.252448599769515
730.3125 24.32910316583605 22.252652014123683
730.8125 24.330508569671196 22.252875069511834
731.3125 24.331902286314747 22.253090940260538
731.8125 24.33330761354489 22.253309567205044
732.3125 24.334731553997763 22.25352333673053
732.8125 24.336146051167276 22.253749878763223
733.3125 24.337578775582415 22.25396496387979
733.8125 24.338994333767523 22.254187713518775
734.3125 24.340429333554432 22.254414304101942
734.8125 24.341868967555914 22.254640605002592
735.3125 24.343323175881384 22.254868074302898
735.8125 24.34476792806773 22.255094792049906
736.3125 24.346238813509665 22.255320835538356
736.8125 24.347683330653194 22.25555406821598
737.3125 24.349149628767762 22.255787620228723
737.8125 24.35061184853125 22.256017301044313
738.3125 24.352101836181987 22.2562507281503
738.8125 24.353593559337074 22.25648530748674
739.3125 24.355085444433087 22.256720993495875
739.8125 24.356581519266097 22.256961806177298
740.3125 24.35805301987449 22.25720447093901
740.8125 24.359584315823795 22.25744705663974
741.3125 24.361088818918258 22.257690710311884
741.8125 24.36262083354486 22.257944103735138
742.3125 24.364119105821874 22.25819140209177
742.8125 24.36564978427079 22.258438874489418
743.3125 24.367197211912313 22.258689730973135
743.8125 24.368738100453665 22.258940423201143
744.3125 24.37027824476251 22.25919981454968
744.8125 24.371840029697655 22.25945989687944
745.3125 24.373399025684186 22.259723046665144
745.8124999999999 24.374982922028614 22.259980332729008
746.3125 24.37652819395922 22.260250632730667
746.8125 24.378107361972038 22.260510670389074
747.3124999999999 24.379699255847722 22.26077434130302
747.8125 24.381281887320473 22.261045015285138
748.3125 24.382848267666123 22.26131885148632
748.8124999999999 24.384476931186377 22.261588566496478
749.3125 24.38608410556247 22.261868603251195
749.8125 24.38768721376752 22.262140922096126
750.3124999999999 24.389290237891515 22.262422155274738
750.8125 24.390907570171805 22.2627007668084
751.3125 24.39254631934416 22.262977417126702
751.8124999999999 24.39417818968783 22.263256663679915
752.3125 24.395837245590087 22.263543751016044
752.8125 24.397467777202245 22.263830924833442
753.3124999999999 24.39910500556518 22.264107027775335
753.8125 24.400771972734297 22.26440229668094
754.3125 24.402418672681613 22.264702896710624
754.8124999999999 24.40409064575961 22.264992716778988
755.3125 24.40578040386688 22.265281134352072
755.8125 24.407455385975354 22.265586204858398
756.3124999999999 24.409138413484527 22.26588565595689
756.8125 24.4108265227618 22.266183727282215
757.3125 24.412528034454745 22.26648139572117
757.8124999999999 24.414230163933233 22.26678532094496
758.3125 24.41593740209307 22.267096849833603
758.8125 24.417671273174616 22.267398081782098
759.3124999999999 24.41937903695784 22.267705449001582
759.8125 24.4211036134466 22.26801456703837
760.3125 24.422838242352697 22.26832162521639
760.8124999999999 24.42458868242824 22.26864353249141
761.3125 24.426335410970434 22.26895679238515
761.8125 24.428079808639072 22.269274036668495
762.3124999999999 24.429834881496003 22.269595473442834
762.8125 24.431604703382902 22.269921213346127
763.3125 24.433374510699323 22.27023119421917
763.8124999999999 24.43514523359013 22.270560543394332
764.3125 24.43692142486 22.270881439826024
764.8125 24.438704342865066 22.271208592585857
765.3124999999999 24.440502682163437 22.271541463039405
765.8125 24.44230110271173 22.271868672407138
766.3125 24.444103888137416 22.272196845191672
766.8124999999999 24.445912099919784 22.27253161947163
767.3125 24.447737061871088 22.27287003121376
767.8125 24.449560491866343 22.273202711289663
768.3124999999999 24.451399798812975 22.273541573810355
768.8125 24.453224617065136 22.273877462601327
769.3125 24.455071213588795 22.27422697906941
769.8124999999999 24.456912412527455 22.27456988597816
770.3125 24.458780630532594 22.27490907902643
770.8125 24.460628562432504 22.275260299043108
771.3124999999999 24.462481053146043 22.27560883718119
771.8125 24.46436802580102 22.275959053814333
772.3125 24.46625261984034 22.276309666761524
772.8124999999999 24.4681324751917 22.276660677177187
773.3125 24.46999503256113 22.277017258871318
773.8125 24.471927644058944 22.27737136848813
774.3124999999999 24.47383377706924 22.277723807660035
774.8125 24.47572026903101 22.278084896583405
775.3125 24.4776444509726 22.278445651508626
775.8124999999999 24.47956279711334 22.27881262815387
776.3125 24.481485914206914 22.279176094457014
776.8125 24.48342350759178 22.27953721604761
777.3124999999999 24.48536428813879 22.27990446895381
777.8125 24.48731369171017 22.280275158719117
778.3125 24.489259620810827 22.280643992942288
778.8124999999999 24.49123141826112 22.281023093773026
779.3125 24.49320487756097 22.28139157996442
779.8125 24.495183703830506 22.281771047583643
780.3124999999999 24.49718266252176 22.28214938872803
780.8125 24.49915222694195 22.282527676376404
781.3125 24.50116495780791 22.282905346710038
781.8124999999999 24.503174244875087 22.283288112851366
782.3125 24.505203878414132 22.28367547737182
782.8125 24.507214368152077 22.284066784044118
783.3124999999999 24.50926712267774 22.2844543705853
783.8125 24.511304302396148 22.284850427872712
784.3125 24.51335208187367 22.285240792427082
784.8124999999999 24.51540352677715 22.285634991032307
785.3125 24.517470023702572 22.286027490733076
785.8125 24.519554553588865 22.286427651156913
786.3124999999999 24.52163234761266 22.286833159336314
786.8125 24.523714132852163 22.287234304831955
787.3125 24.52582467925902 22.287633029907724
787.8124999999999 24.527914800172983 22.288044991573077
788.3125 24.53003336282191 22.288445828895014
788.8125 24.532143072624365 22.288857344127265
789.3124999999999 24.534257795323477 22.289270237196718
789.8125 24.53641393428132 22.28968634520529
790.3125 24.53854310533409 22.29010136484094
790.8124999999999 24.540681364116942 22.29051876336316
791.3125 24.542843211081845 22.290929842899953
791.8125 24.545015762523605 22.291351363367657
792.3124999999999 24.54719009454436 22.291769606465053
792.8125 24.549367732579718 22.292196217649277
793.3125 24.55155501135986 22.29262170956417
793.8124999999999 24.553736705755664 22.29304294975712
794.3125 24.555967540299243 22.29346870318897
794.8125 24.55817074516379 22.293900695101367
795.3124999999999 24.560385504493972 22.294337827815344
795.8125 24.562600165910517 22.294768923442618
796.3125 24.564831780275732 22.29520515601109
796.8124999999999 24.567076303230152 22.29563603207842
797.3125 24.569315706711784 22.296082861152044
797.8125 24.571577585881617 22.29651764830923
798.3124999999999 24.57384763378812 22.29695934460615
798.8125 24.57610499189881 22.29740289116988
799.3125 24.578391277353454 22.29784729659926
799.8124999999999 24.58066113112445 22.298295753609395
800.3125 24.582948354912872 22.298744479507423
800.8125 24.585267900859563 22.299193191265203
801.3124999999999 24.58758139594466 22.299645193780226
801.8125 24.589905424680268 22.30009866352499
802.3125 24.59220980747403 22.300551612864716
802.8124999999999 24.59453679073581 22.30101128562417
803.3125 24.596873989127104 22.301466871306097
803.8125 24.599219658181703 22.301924718317586
804.3124999999999 24.60157761819483 22.302388692125056
804.8125 24.603942192075387 22.302845411082423
