FastTrWP/PhaseSpace/IAs/snIa_0.61_30.00_1.17_0.08.csv
# %ECSV 0.9
# ---
# datatype:
# - {name: time-rel, datatype: float64}
# - {name: g, datatype: float64}
# - {name: i, datatype: float64}
# schema: astropy-2.0
time-rel g i
[from data line 1008]
586.0625 23.998344822532257 22.242874137605387
586.5625 23.998600310192128 22.242560294996906
587.0625 23.99886789947461 22.242256581777717
587.5625 23.99915475607482 22.241943159688567
588.0625 23.999437307404378 22.24163588286036
588.5625 23.999699331804614 22.241336505267544
589.0625 23.999972504500686 22.24103468623843
589.5625 24.000249939988578 22.24072867852655
590.0625 24.000552180748862 22.240415839040214
590.5625 24.000836025420785 22.240124702491944
591.0625 24.00112737660994 22.239823771528542
591.5625 24.001423774759058 22.239527470375243
592.0625 24.001730315436998 22.239232324650988
592.5625 24.002029120606153 22.238932818160944
593.0625 24.002345069687937 22.238644575932813
593.5625 24.002666537120085 22.238351777056028
594.0625 24.002967438888668 22.238063239110616
594.5625 24.00330815118471 22.237771457405987
595.0625 24.003623684828142 22.23748622727441
595.5625 24.003966090112613 22.237192722104382
596.0625 24.004292057687987 22.236907864177944
596.5625 24.004626458770414 22.236623850528776
597.0625 24.00497182050588 22.23634372029111
597.5625 24.005299478675703 22.23605781818737
598.0625 24.00565860392271 22.235782758162962
598.5625 24.006009575830532 22.235500570401292
599.0625 24.006371347157355 22.23522662858539
599.5625 24.006726999388263 22.234951004711906
600.0625 24.00709473378667 22.234676366644003
600.5625 24.007466839031505 22.234400526131594
601.0625 24.00783057413529 22.23413228313719
601.5625 24.008211486901956 22.233860784595507
602.0625 24.008596865448283 22.23358912501467
602.5625 24.00897988458576 22.233325326609226
603.0625 24.00937261403417 22.23306000720337
603.5625 24.009754928193022 22.23279271880505
604.0625 24.010134883708425 22.232531512067553
604.5625 24.010554921916636 22.23225953941597
605.0625 24.010965369468433 22.23200684919587
605.5625 24.01136627892491 22.23175219780316
606.0625 24.011783152801954 22.231495521473697
606.5625 24.012188430211282 22.231237624473323
607.0625 24.0126257699273 22.230984603199936
607.5625 24.013054494835657 22.23073390363805
608.0625 24.013466178449818 22.230478538930125
608.5625 24.013916885962313 22.230228952795233
609.0625 24.01433932667564 22.22997619998729
609.5625 24.014790685097957 22.229730880294355
610.0625 24.01523615294924 22.229489957441082
610.5625 24.015671791899244 22.229246144856923
611.0625 24.016128626955325 22.22899914737762
611.5625 24.016602148475776 22.22875948238684
612.0625 24.017057147779344 22.228518159383412
612.5625 24.01751183226282 22.228284969620255
613.0625 24.018003384428216 22.228044969274123
613.5625 24.01846797264038 22.22780985799008
614.0625 24.01896167653932 22.22757103730612
614.5625 24.019436994371368 22.227342030522887
615.0625 24.019935815951325 22.227110242563555
615.5625 24.02042178967294 22.22688701927278
616.0625 24.02092601042074 22.226657432552564
616.5625 24.02143302329147 22.226431614031185
617.0625 24.021940629216346 22.226198749657403
617.5625 24.02243810474254 22.22598069435699
618.0625 24.022962486714498 22.225766138633073
618.5625 24.023472374447334 22.225539855072537
619.0625 24.024001665881944 22.225323611324562
619.5625 24.024538475571887 22.225112281355877
620.0625 24.02506748432974 22.224887482731454
620.5625 24.02559765274458 22.224671516522776
621.0625 24.02614877757211 22.224461118612815
621.5625 24.026711260284493 22.224251058803077
622.0625 24.027240309878618 22.224043307792442
622.5625 24.027795310276506 22.223828982829076
623.0625 24.02836888722564 22.223621449332317
623.5625 24.028918339715105 22.223418727122343
624.0625 24.029493872890622 22.22321634298611
624.5625 24.03007175955981 22.223007533245518
625.0625 24.030631224433034 22.22280699990716
625.5625 24.031210892808264 22.222607526625207
626.0625 24.031795872760977 22.22241043080754
626.5625 24.03238523963807 22.222200690219253
627.0625 24.03299100337762 22.222010292458314
627.5625 24.03357321167576 22.22181450346667
628.0625 24.034179161306184 22.221629586664754
628.5625 24.034795411749354 22.221427652059425
629.0625 24.03539312387352 22.22123877858543
629.5625 24.0360144268695 22.221049987612123
630.0625 24.036628484979616 22.220861111777737
630.5625 24.037254892535334 22.22067617295246
631.0625 24.037887155524714 22.220482152508172
631.5625 24.03851091525333 22.22029500323123
632.0625 24.03916096715944 22.22011752974048
632.5625 24.03978669968934 22.219932886044536
633.0625 24.040435677554957 22.21975223558654
633.5625 24.041082410478186 22.219579143056563
634.0625 24.041743108694725 22.219402747653206
634.5625 24.042404319475118 22.219221453351263
635.0625 24.04306907653792 22.21904849572429
635.5625 24.043741781093345 22.21887992175363
636.0625 24.044411218150678 22.21870223173923
636.5625 24.04507916118277 22.21853775507209
637.0625 24.045755302479265 22.21836825278259
637.5625 24.0464559811555 22.218200840837554
638.0625 24.04713874403907 22.218035050317845
638.5625 24.047842832847376 22.217870821602688
639.0625 24.0485333057995 22.21770737630715
639.5625 24.049252346335756 22.217545489853606
640.0625 24.04996151873705 22.2173893501788
640.5625 24.050675189776435 22.21722495623858
641.0625 24.0513849959623 22.217074373487193
641.5625 24.052106753918245 22.216911523482782
642.0625 24.05283805045204 22.216756243799157
642.5625 24.05356342462518 22.216614507434414
643.0625 24.054318595388125 22.21645292986321
643.5625 24.055054324475087 22.216306888648116
644.0625 24.05580640583153 22.216159178609157
644.5625 24.05655062111334 22.21601800834978
645.0625 24.05730947689486 22.21586146625758
645.5625 24.058073862439148 22.215724937168233
646.0625 24.058846572437574 22.215580990124657
646.5625 24.05960336084106 22.215438152247827
647.0625 24.060383799404043 22.215302916942502
647.5625 24.06116852441512 22.215160214451263
648.0625 24.061956275579497 22.2150300994139
648.5625 24.06274545906608 22.21489758953133
649.0625 24.06353531927525 22.21476359436091
649.5625 24.06433576258038 22.21462430055832
650.0625 24.065153089315512 22.21449744684859
650.5625 24.065965584432863 22.214368681036913
651.0625 24.066776249866713 22.214245465068366
651.5625 24.067597089243307 22.214118752247213
652.0625 24.068424869399585 22.213996079899836
652.5625 24.069264462342403 22.21388084347258
653.0625 24.07008277294631 22.21375637133199
653.5625 24.070925581798882 22.21363674893171
654.0625 24.07177405283848 22.21351796838654
654.5625 24.07262398792659 22.21340530022414
655.0625 24.07346392488713 22.21328869582831
655.5625 24.074337313349403 22.21317527536438
656.0625 24.07519441205379 22.213061269366406
656.5625 24.07607822464238 22.21295377255787
657.0625 24.0769447050193 22.212848973705597
657.5625 24.07783547119559 22.212742524601584
658.0625 24.07871442570014 22.21263361357403
658.5625 24.079605650532343 22.21252814673875
659.0625 24.080526298002884 22.212423173563035
659.5625 24.081456479588365 22.21233563772926
660.0625 24.08235503343861 22.212227995882714
660.5625 24.08328973630782 22.21213472314767
661.0625 24.084223676609113 22.212039969091506
661.5625 24.085156986000197 22.21194563166529
662.0625 24.086102193876783 22.21185196245498
662.5625 24.08706648860874 22.211764162591486
663.0625 24.088030079865796 22.211670487197335
663.5625 24.088992986082737 22.211579388142123
664.0625 24.089976380300357 22.211500678027413
664.5625 24.09094717982811 22.211413793110818
665.0625 24.09193990009833 22.2113312875835
665.5625 24.092949841705792 22.21125082084289
666.0625 24.093932154882477 22.21117065457761
666.5625 24.09494846065954 22.211085367280347
667.0625 24.09595201745003 22.21101537145384
667.5625 24.096989575788857 22.210937358583273
668.0625 24.098012293734584 22.210861338027513
668.5625 24.099060176850866 22.210792427722946
669.0625 24.100076249746813 22.210720499517222
669.5625 24.101125435689433 22.210648719147482
670.0625 24.102178889705883 22.210577427168175
670.5625 24.103237783756715 22.210513944867635
671.0625 24.104296149188396 22.21044960874916
671.5625 24.105367945893548 22.210386579617975
672.0625 24.106426111818948 22.21032945005563
672.5625 24.1075159967537 22.210264604131847
673.0625 24.108589197543427 22.210199570814506
673.5625 24.10966596140083 22.210142883671583
674.0625 24.110759347212507 22.210085567303516
674.5625 24.111863328831223 22.21003294337883
675.0625 24.112964193419796 22.209977558843732
675.5625 24.114065412705273 22.20992508041677
676.0625 24.115167263190752 22.209875173924143
676.5625 24.116280574995553 22.209825896289583
677.0625 24.11740985185908 22.209773322739906
677.5625 24.118537327433547 22.20973149568664
678.0625 24.11965259360498 22.20968699201828
678.5625 24.12078930724116 22.209642621606264
679.0625 24.12191107319571 22.209601378280517
679.5625 24.123046435597153 22.209564389336474
680.0625 24.12419687337335 22.209518383903024
680.5625 24.125342204430943 22.209479955237974
681.0625 24.126495027700848 22.209442885953003
681.5625 24.127648097233493 22.209414178787753
682.0625 24.128789828026736 22.209378853256933
682.5625 24.12994793062603 22.209341310692867
683.0625 24.131111173740848 22.209310133056807
683.5625 24.13225584442557 22.209282487867085
684.0625 24.13343987369281 22.209256355792945
684.5625 24.13461389649993 22.209230929073406
685.0625 24.135777385720093 22.20920328075717
685.5625 24.136970330033797 22.209178067855795
686.0625 24.138124597908174 22.209152985336523
686.5625 24.139304949144073 22.209137506681465
687.0625 24.140487550122746 22.209114308187704
687.5625 24.14166866210293 22.209098346545066
688.0625 24.142851801156745 22.20908410110615
688.5625 24.144026841592385 22.209060914328912
689.0625 24.145210488925088 22.209051971920136
689.5625 24.146400239620842 22.20903703476403
690.0625 24.14759849569933 22.209028786704966
690.5625 24.148781446224174 22.20901625152351
691.0625 24.149974946135405 22.20901085303549
691.5625 24.1511649198268 22.209001961473398
692.0625 24.15235662256306 22.20899024336745
692.5625 24.153557281590892 22.20898351847342
693.0625 24.15474944439884 22.208986482496954
693.5625 24.155940311462277 22.20898419171923
694.0625 24.157146869898614 22.208980770130317
694.5625 24.158328748990137 22.208978734818192
695.0625 24.159526250220114 22.208989178327197
695.5625 24.160729944406 22.20898671377732
