FastTrWP/PhaseSpace/IAs/snIa_0.59_30.00_-1.16_-0.11.csv
# %ECSV 0.9
# ---
# datatype:
# - {name: time-rel, datatype: float64}
# - {name: g, datatype: float64}
# - {name: i, datatype: float64}
# schema: astropy-2.0
time-rel g i
[from data line 1772]
533.5 24.98763355534578 22.716362275631433
534.0 24.98928941717436 22.71724917094755
534.5 24.990917336401385 22.718145134305544
535.0 24.992559433665402 22.71904449893601
535.5 24.99422137432412 22.7199332401014
536.0 24.9958811182808 22.720835827431948
536.5 24.997551355159366 22.72173556281524
537.0 24.99921680290608 22.72262767587453
537.5 25.00093384526145 22.723527306607238
538.0 25.002638813570268 22.724422582905007
538.5 25.004326593301236 22.725334682516593
539.0 25.006048360263403 22.726228873888527
539.5 25.007786403269776 22.727131721282923
540.0 25.00953394613368 22.72803349857992
540.5 25.011282439955792 22.728946032972587
541.0 25.013036197357348 22.72984627288379
541.5 25.014797648359206 22.730759607469118
542.0 25.016549247414158 22.731667722796708
542.5 25.018342744380185 22.732572247084285
543.0 25.02014040615013 22.733486543667038
543.5 25.021922215759403 22.73440337832512
544.0 25.02376397454876 22.73530954579723
544.5 25.025562095687064 22.736223127030634
545.0 25.027398890139402 22.737130893356884
545.5 25.0292354295352 22.73805240137731
546.0 25.03111491622889 22.738967984609964
546.5 25.03294669827553 22.739892337463793
547.0 25.034829586046747 22.740814628799377
547.5 25.0367035693551 22.74172876187484
548.0 25.038593611840962 22.742648862887496
548.5 25.040488834987794 22.74357193780989
549.0 25.042410559557034 22.74449308855068
549.5 25.04432920969919 22.745417227571657
550.0 25.04624638935534 22.7463419346724
550.5 25.04819078112542 22.747261722727927
551.0 25.050147072754378 22.748196135520587
551.5 25.052091761686732 22.749123198023455
552.0 25.05405699211927 22.750055743319173
552.5 25.05606390798153 22.75098139525804
553.0 25.05802866777686 22.751913194358025
553.5 25.060038211732 22.75284020203435
554.0 25.062027533943443 22.753776700799314
554.5 25.064045658683757 22.754701526092184
555.0 25.066090198713496 22.755641669309192
555.5 25.068128191073846 22.756576147462773
556.0 25.07016992886824 22.757512731881093
556.5 25.07224486242235 22.758450136111538
557.0 25.07433073446357 22.759392575274234
557.5 25.076427862479463 22.760329338586356
558.0 25.07849835952832 22.761278543027196
558.5 25.080621676775348 22.762206305091954
559.0 25.082719623352396 22.76315920803509
559.5 25.084849215524564 22.764100249252586
560.0 25.086988202361702 22.765043680306192
560.5 25.089134579314525 22.765993848781257
561.0 25.09128638709667 22.766934179458662
561.5 25.09346701178429 22.7678896455123
562.0 25.095648105538633 22.768836976775727
562.5 25.097868617072287 22.769781277728505
563.0 25.100071793147926 22.77073478496266
563.5 25.10228239776942 22.771692846166832
564.0 25.104503089224004 22.772639974114934
564.5 25.106729671810612 22.77359382527402
565.0 25.109001316661836 22.7745497974469
565.5 25.111270388158044 22.775510701986597
566.0 25.11352455114061 22.77646940198702
566.5 25.11584171820022 22.777426168534877
567.0 25.118161586255138 22.77839636280121
567.5 25.120428684749527 22.779352727074517
568.0 25.12277975585029 22.780314379244764
568.5 25.125120713576514 22.78128402170847
569.0 25.127492246652295 22.782242911710753
569.5 25.129821268316952 22.78320452044764
570.0 25.132192286637924 22.78418366275131
570.5 25.13461209382364 22.78515258820345
571.0 25.13701000670864 22.78611349621955
571.5 25.139442589707155 22.787085538888682
572.0 25.141842600163244 22.7880535937596
572.5 25.14430321500418 22.789030091097153
573.0 25.14676480595623 22.79000940580071
573.5 25.14922134259568 22.79098566109309
574.0 25.151689522356556 22.791961223301502
574.5 25.15420824545088 22.792946471996537
575.0 25.15671288220274 22.793926719886613
575.5 25.159219241391693 22.794894954609433
576.0 25.16178104891548 22.795894242516308
576.5 25.164284507602698 22.796870286327074
577.0 25.166886020495944 22.79785328432371
577.5 25.16944611624762 22.798847830417238
578.0 25.172031517707204 22.799828686644304
578.5 25.174640154856306 22.800820908969605
579.0 25.177233778538728 22.80181394399053
579.5 25.179895543812542 22.802798607758497
580.0 25.182540674051662 22.803796469354175
580.5 25.185192568937055 22.804794125332123
581.0 25.18789206508032 22.805782066023976
581.5 25.190576802308314 22.806787579292273
582.0 25.19325610326993 22.807783947727792
582.5 25.19601689049262 22.80878817346755
583.0 25.19874327836799 22.80978934451644
583.5 25.201489877888083 22.810789016258063
584.0 25.20429232235653 22.811790414712753
584.5 25.20705178653989 22.812796648840717
585.0 25.209822739161446 22.813807700706235
585.5 25.21265963589219 22.81481226547743
586.0 25.215509348320943 22.81581964735834
586.5 25.218350035177206 22.816834172446903
587.0 25.2212041658439 22.817851420881144
587.5 25.224111606915407 22.818855002068446
588.0 25.227013103044346 22.819875388923137
588.5 25.229950937003196 22.820890432756208
589.0 25.232898689796663 22.821911568022042
589.5 25.235834744834705 22.82292717734894
590.0 25.238822038008472 22.82394920743655
590.5 25.24183535024095 22.82497123115531
591.0 25.244843302995893 22.825989288484774
591.5 25.247893192506574 22.827022138422613
592.0 25.250943908230138 22.828042256929805
592.5 25.254017593971703 22.82906895214753
593.0 25.257097990877135 22.83009620956757
593.5 25.260176522621542 22.831129374548173
594.0 25.26332851090757 22.832156753607258
594.5 25.26644403917041 22.8331989827361
595.0 25.269642917492693 22.83422083357111
595.5 25.27281214074865 22.83526770055159
596.0 25.275997845869007 22.83629779283602
596.5 25.279197737688193 22.83733858356865
597.0 25.282433497715893 22.838372023745922
597.5 25.285707912725165 22.839423049899917
598.0 25.28895785782705 22.840454997881054
598.5 25.2922278696396 22.841499071531945
599.0 25.295560159742834 22.842538086939264
599.5 25.298874108038405 22.843588239134856
600.0 25.30218008604583 22.844629408682028
600.5 25.30557589873505 22.845676585959197
601.0 25.308947669300117 22.84673295434676
601.5 25.31232785900411 22.84778921816841
602.0 25.31578352452764 22.84883670159886
602.5 25.31922985773514 22.849891764687086
603.0 25.322647594963826 22.850943946729835
603.5 25.326124477663647 22.8520073624354
604.0 25.329619372323705 22.853062356176604
604.5 25.333117369845944 22.854120467059435
605.0 25.33666726036237 22.85518776747272
605.5 25.34021180008613 22.856251655543105
606.0 25.343778985991303 22.857319070131776
606.5 25.347361048705153 22.85838534467988
607.0 25.350977384559734 22.85944646087764
607.5 25.35458226072339 22.86051069471172
608.0 25.358244877301654 22.861586634648525
608.5 25.36189002260082 22.862656867245292
609.0 25.36557826091748 22.863732129076283
609.5 25.36924590472916 22.864799916160933
610.0 25.37296345780839 22.86588183518234
610.5 25.37669511199596 22.86696242335129
611.0 25.380454574436495 22.868032240715905
611.5 25.384228125400462 22.869114424591345
612.0 25.388021833330473 22.870195136444764
612.5 25.39186179523572 22.871282958764173
613.0 25.395691783064684 22.872368787202685
613.5 25.399525619684958 22.873449768594902
614.0 25.403402031011822 22.874546422461542
614.5 25.4072724449739 22.87563242924159
615.0 25.411169124992124 22.876727056708887
615.5 25.415135180361624 22.877821131345165
616.0 25.419044502492568 22.878905052983093
616.5 25.423052178321722 22.879995941910014
617.0 25.426987099357213 22.881107307822116
617.5 25.431022399867107 22.882194871001555
618.0 25.435048504077045 22.883301113595635
618.5 25.439079986707853 22.88440244191023
619.0 25.443130699351556 22.88551068640942
619.5 25.447219191086702 22.886607733639384
620.0 25.45132773065642 22.887715550752187
620.5 25.455431271028523 22.888824969165064
621.0 25.45957551985645 22.889925439690177
621.5 25.463724869087994 22.891042953683915
622.0 25.467923499560886 22.89215364382095
622.5 25.47213093370879 22.893268131699216
623.0 25.47634669273453 22.89438247285483
623.5 25.48066471150705 22.89550095684958
624.0 25.485008923337993 22.896615285645503
624.5 25.489405122155677 22.897748970947717
625.0 25.493862356255214 22.898862736196936
625.5 25.49834365058032 22.899996773816728
626.0 25.502893421096253 22.90112322361078
626.5 25.50748713002801 22.902259781734408
627.0 25.51206670882315 22.90339462084603
627.5 25.516719999861955 22.90453160631149
628.0 25.521450839117637 22.905670077332758
628.5 25.52622443690804 22.90680138532369
629.0 25.531023552466845 22.90794618411804
629.5 25.53588608333744 22.90908848795401
630.0 25.540773174737588 22.91023054675614
630.5 25.545694919926447 22.911378331510384
631.0 25.550645435215344 22.912532565001804
631.5 25.555693469511 22.9136818512124
632.0 25.56071955026539 22.91483513194651
632.5 25.565818039988713 22.91598634202474
633.0 25.570941425479212 22.91715860559492
633.5 25.57607269379932 22.918309730587453
634.0 25.58124243297673 22.919460224904928
634.5 25.586507907463975 22.920622665456687
635.0 25.591757286299853 22.921791595657062
635.5 25.597062889180297 22.922950079642582
636.0 25.602385789464215 22.924125457455613
636.5 25.60772881770328 22.925292364074814
637.0 25.61315330112606 22.926453220330917
637.5 25.61854851800378 22.92763240871707
638.0 25.623996856961135 22.92880151555268
638.5 25.629454753163664 22.929982120841874
639.0 25.634944987612236 22.931150031252827
639.5 25.64048860939959 22.93233172156414
640.0 25.64605505498985 22.933513685794743
640.5 25.65164190015132 22.934682006546602
641.0 25.657259453749003 22.93586360909975
641.5 25.66285170855246 22.937053471501603
642.0 25.66850496328046 22.938233231617446
642.5 25.674150563173086 22.939427550713752
643.0 25.67984916753371 22.940606923525134
643.5 25.68554878209454 22.941798175852494
644.0 25.69126092479339 22.942982782247654
644.5 25.696993331547784 22.944173331179694
645.0 25.702713114683906 22.945367081305132
645.5 25.708465636095504 22.94655968901278
646.0 25.714245051172277 22.94775498097364
646.5 25.720045159015786 22.948955426778475
647.0 25.725834591082354 22.950148754357865
647.5 25.731601308784757 22.951346115368768
648.0 25.737385477980318 22.952542295211146
648.5 25.743225162271145 22.95374476209671
649.0 25.74897592000604 22.954942222484984
649.5 25.754788958678468 22.956143554135977
650.0 25.760606806251793 22.957345204142854
650.5 25.76641425119337 22.95854757868192
651.0 25.772210760709505 22.95974546394686
651.5 25.77801513469459 22.960959003720586
652.0 25.783814854548844 22.96216020676351
652.5 25.789575224240046 22.96336486706498
653.0 25.795319518232343 22.964573082110952
653.5 25.8010894458212 22.96578169670542
654.0 25.806828840090578 22.966984298753626
654.5 25.812547572995346 22.96819432129631
655.0 25.818279410417325 22.969397966996603
655.5 25.823948962591206 22.970608157761546
656.0 25.82962903656032 22.971824787088657
656.5 25.83527842539439 22.9730343157064
657.0 25.840891651365048 22.974243821697407
657.5 25.846476991434418 22.975457135389682
658.0 25.852040739806444 22.976667623582312
658.5 25.857544404156066 22.977880482807024
659.0 25.8630430175387 22.979092006074232
659.5 25.868474358385573 22.98030385798235
660.0 25.873935439036465 22.981512628219992
660.5 25.87934247064409 22.982733563416705
661.0 25.884695096885846 22.983935599031255
661.5 25.890036108951374 22.985158136896906
662.0 25.895430940501495 22.98638511051432
662.5 25.900827431190812 22.98758712002733
663.0 25.906228914505363 22.988807381292276
663.5 25.911623290963046 22.990024445886643
664.0 25.917006779065144 22.99124799964474
664.5 25.922437902007097 22.992473450823667
665.0 25.92780745859963 22.993692689782307
665.5 25.933238717249875 22.99491904355023
666.0 25.938646390936547 22.9961453459233
666.5 25.944057037968665 22.997368983963735
667.0 25.94951329440309 22.998587602778496
667.5 25.954906083398534 22.999824036027317
668.0 25.96032553598254 23.001062315947184
668.5 25.965724482464886 23.00228948816871
669.0 25.9711607533048 23.003524424558556
669.5 25.976553749404513 23.004745557045926
670.0 25.981968386425702 23.00598196352115
670.5 25.98737358951157 23.00721691871894
671.0 25.992779207476765 23.008454173876622
671.5 25.998172100204194 23.0096892120712
672.0 26.003564165426912 23.0109361468944
672.5 26.0089526146027 23.012170969748556
673.0 26.014350156127996 23.013405643256128
673.5 26.01969362614067 23.014643825771543
674.0 26.02508812560769 23.01588759919733
674.5 26.030439795169855 23.017138910752113
675.0 26.035800131909866 23.018378750759435
675.5 26.04114905103842 23.019626639719135
676.0 26.04647712795505 23.02087089668759
676.5 26.051800749291502 23.022113411825565
677.0 26.057128393355164 23.023372042911006
677.5 26.062416148665232 23.024618450298977
678.0 26.067672927710177 23.025867184467312
678.5 26.072933980536696 23.027117467404796
679.0 26.0782262929515 23.028376170223453
679.5 26.083457842936436 23.0296162274891
680.0 26.088651410709662 23.030877928499418
680.5 26.09386719941146 23.032137026105502
681.0 26.099046747772743 23.033390729098606
681.5 26.104221210240702 23.034645182386203
682.0 26.10937285232191 23.03590905556891
682.5 26.11447610479511 23.037167236194257
683.0 26.119616627805087 23.03842933201611
683.5 26.12467102602135 23.039691573081058
684.0 26.129764574746094 23.040952977460208
684.5 26.13479449340732 23.04221969069809
685.0 26.13979085938724 23.043479829632435
685.5 26.14476962765874 23.044751626831378
686.0 26.149720856692102 23.046012863565025
686.5 26.15466166742045 23.04728496882294
687.0 26.159537583672243 23.0485468979367
687.5 26.164415039105617 23.049822704076192
688.0 26.16931436753918 23.051089752812253
688.5 26.17404512959848 23.05237174565181
689.0 26.17887522763362 23.053631581624305
689.5 26.183582018360376 23.05490933273073
690.0 26.18829483498572 23.056176200577116
690.5 26.192968993727597 23.05746091984804
691.0 26.197572702418196 23.058729402247927
691.5 26.20220457412145 23.06000208676459
692.0 26.20674085182724 23.061285651585518
692.5 26.211264496619215 23.062575571640693
693.0 26.21576655467895 23.063846880306293
693.5 26.220161481475234 23.065124917818352
694.0 26.224556077681115 23.06641133393874
694.5 26.228931374897474 23.067687841052965
695.0 26.233179408437653 23.068981895747097
695.5 26.23741439196482 23.070262381068666
696.0 26.24163176831177 23.071542246217053
696.5 26.2457527626761 23.07283591066893
697.0 26.249902824101436 23.074113712436098
697.5 26.253935929361116 23.075413623486543
698.0 26.257878654382964 23.076695839721744
698.5 26.261858798219553 23.077985581098524
699.0 26.265751172823965 23.079278717536855
699.5 26.269635064020022 23.080564575586248
700.0 26.273427234427942 23.081864204711504
700.5 26.277184494063853 23.08316452912718
701.0 26.280940490677093 23.084449630181947
701.5 26.28467160976743 23.085747304603167
702.0 26.288308644820795 23.08705262366914
702.5 26.291917097141155 23.088351203843406
703.0 26.29552251572902 23.089638308851292
703.5 26.299061620993974 23.09095549108926
704.0 26.30253684615207 23.09224745260899
704.5 26.30600882915293 23.093542545713603
705.0 26.30940618327774 23.094849949697508
705.5 26.31273274107764 23.096157328179316
706.0 26.3160495054799 23.097456403096118
706.5 26.31931878012527 23.09876813474039
707.0 26.32254098407529 23.100078728870397
707.5 26.325715368491256 23.101380941861848
708.0 26.328824659200862 23.10269501062844
708.5 26.331892999652933 23.104000953016396
709.0 26.33496505665576 23.105312696048088
709.5 26.337874157096373 23.106620273363884
710.0 26.34084129124286 23.10793286184805
710.5 26.343695176977 23.109250342505526
711.0 26.346498617734294 23.110570359356508
711.5 26.34921634008981 23.111889709823828
712.0 26.351957986416423 23.113194192650507
712.5 26.354604676998626 23.114521971674993
713.0 26.357247748817 23.115837111150213
713.5 26.35976551239579 23.117164460121952
714.0 26.362254138885124 23.11848120676002
714.5 26.364701894897262 23.119803380483567
715.0 26.367099438403496 23.12113098979859
715.5 26.369406130868093 23.122466675691626
716.0 26.371633549517668 23.12379116001809
716.5 26.37386477959353 23.12511532421278
717.0 26.375982873203956 23.126442772197233
717.5 26.378071636611704 23.12777662263645
718.0 26.380064185721253 23.129103222340742
