FastTrWP/PhaseSpace/IAs/snIa_0.55_30.00_-0.21_0.10.csv
# %ECSV 0.9
# ---
# datatype:
# - {name: time-rel, datatype: float64}
# - {name: g, datatype: float64}
# - {name: i, datatype: float64}
# schema: astropy-2.0
time-rel g i
167.3125 26.988974382744658 24.736565493020702
167.8125 26.975212190195556 24.72901180703175
168.3125 26.961536932628963 24.721455538321834
168.81249999999997 26.9480636295242 24.713957044811252
169.3125 26.934693035425088 24.706517909449136
169.8125 26.92137584195915 24.69908487888833
170.31249999999997 26.90826430851964 24.69167628201806
170.8125 26.89525332689364 24.684323107067165
171.3125 26.88238342607206 24.677002472901066
171.81249999999997 26.869507881538745 24.66968047654271
172.3125 26.856832774819658 24.662443112775176
172.8125 26.844209377926056 24.655207984221445
173.31249999999997 26.83176504269962 24.648038562304002
173.8125 26.819398966220515 24.640869977793475
174.3125 26.807154326149888 24.63372246859442
174.81249999999997 26.79498568983876 24.62664525853976
175.3125 26.782921828326096 24.61958062647142
175.8125 26.77099666967583 24.612539820364915
176.31249999999997 26.75911898111995 24.60552316724368
176.8125 26.747322824126055 24.59852741694432
177.3125 26.735638767984856 24.59155835603747
177.81249999999997 26.724042214351876 24.584567453572177
178.3125 26.712514719234015 24.577649392006826
178.8125 26.701091879728143 24.57075558065593
179.31249999999997 26.68969624933906 24.56384587609222
179.8125 26.678436382073375 24.55697232122638
180.3125 26.667282087960757 24.55010786071019
180.81249999999997 26.65610994264903 24.54330501635489
181.3125 26.64503736973139 24.53649558746029
181.8125 26.634098986299307 24.529694711632104
182.31249999999997 26.62319214703997 24.52297151078506
182.8125 26.612318575753658 24.51621094318152
183.3125 26.601589301317958 24.50949276410576
183.81249999999997 26.5909236397929 24.502814450191455
184.3125 26.58023810472196 24.49613374692323
184.8125 26.569699079963513 24.489484112046064
185.31249999999997 26.559251937033885 24.48285578537313
185.8125 26.548791987675983 24.47623039067247
186.3125 26.538435960649593 24.46966000733264
186.81249999999997 26.52808866301168 24.463114007166805
187.3125 26.517916333687232 24.456579581243258
187.8125 26.507715571491538 24.450070174327617
188.31249999999997 26.49757918249181 24.443566538366163
188.8125 26.48758386227208 24.437105549976096
189.3125 26.47754866974395 24.430659693428893
189.81249999999997 26.467574117465595 24.424228645837754
190.3125 26.45773227057196 24.41783128378164
190.8125 26.447886185139197 24.411470737636293
191.31249999999997 26.43807593971397 24.405085894076926
191.8125 26.428341406847522 24.398764592194865
192.3125 26.41868132126516 24.392461471729654
192.81249999999997 26.409033630970875 24.386177433092975
193.3125 26.399464808837298 24.37992022871459
193.8125 26.389964665217708 24.373666467752336
194.31249999999997 26.380528446394358 24.367463259062127
194.8125 26.37105135352855 24.36126731238952
195.3125 26.361706758491632 24.35507015970996
195.81249999999997 26.352350326752134 24.348936083822853
196.3125 26.34304779931182 24.342826405285972
196.8125 26.33386158712429 24.336731707309585
197.31249999999997 26.32467210249212 24.33063809080061
197.8125 26.31553464473313 24.324589777327933
198.3125 26.30643799013688 24.31855373490455
198.81249999999997 26.29734602501854 24.31255337979572
199.3125 26.288342402532475 24.306556134140315
199.8125 26.279356376132966 24.30060844108796
200.31249999999997 26.27044921027146 24.29464519842801
200.8125 26.26161506872386 24.288743153397498
201.3125 26.252708832834543 24.282826048273733
201.81249999999997 26.243936838627295 24.2769799529823
202.3125 26.23515983203706 24.271115046256767
202.8125 26.226471127430848 24.265287961117323
203.31249999999997 26.217793314438754 24.259508169078522
203.8125 26.209133666485624 24.253713972059177
204.3125 26.200504259962962 24.247960924416724
204.81249999999997 26.191916597554815 24.242223657120068
205.3125 26.183407243001234 24.236508260583108
205.8125 26.17488977447084 24.230827230666677
206.31249999999997 26.16644217039296 24.2251345331805
206.8125 26.157998464003754 24.219505074149225
207.3125 26.14959116052394 24.213880207798518
207.81249999999997 26.1412712978142 24.20829904900101
208.3125 26.132952755884943 24.202708338185523
208.8125 26.12467805090954 24.197145317962093
209.31249999999997 26.11637434085681 24.191632551091647
209.8125 26.10815794237917 24.186116039409036
210.3125 26.099923260080867 24.18063485706437
210.81249999999997 26.09182986458069 24.175168728560127
211.3125 26.083704303866327 24.16972912381234
211.8125 26.07558773688644 24.164295390394706
212.31249999999997 26.067528153156793 24.158913510112548
212.8125 26.059508675698822 24.153537336320085
213.3125 26.051527480056762 24.14815918934527
213.81249999999997 26.043597048490827 24.142815508501787
214.3125 26.035684859497024 24.137480303772225
214.8125 26.027803828143185 24.13216939619341
215.31249999999997 26.019936314852675 24.126851838922722
215.8125 26.01212587463325 24.12157145216455
216.3125 26.00438376956656 24.11629482512521
216.81249999999997 25.996664840222902 24.111039787417216
217.3125 25.988977639644393 24.1057957995393
217.8125 25.981300428810187 24.100589826052527
218.31249999999997 25.97366501587651 24.09537643864329
218.8125 25.966092066557227 24.090179652052164
219.3125 25.958545768732737 24.08498864578723
219.81249999999997 25.951020327252156 24.079837817642815
220.3125 25.943525701232858 24.074686093035382
220.8125 25.936039286804803 24.069562029514383
221.31249999999997 25.92860894394216 24.064441336867354
221.8125 25.921196269576903 24.059337469646263
222.3125 25.913803917191636 24.054256317453977
222.81249999999997 25.906438459402867 24.049191742443124
223.3125 25.8991323983536 24.044136680478555
223.8125 25.891822372841187 24.039092303182606
224.31249999999997 25.884550835547255 24.034060553875424
224.8125 25.87730679061323 24.029061073678363
225.3125 25.870083186283125 24.02406436916502
225.81249999999997 25.862912498625303 24.019094438649855
226.3125 25.855757499474898 24.014124764281704
226.8125 25.848584818328426 24.009187958449218
227.31249999999997 25.841494100804354 24.004263387219318
227.8125 25.834414256777606 23.99934757033961
228.3125 25.827307146629316 23.994440540417166
228.81249999999997 25.820274857561433 23.989563659230605
229.3125 25.813235838323973 23.984694782834346
229.8125 25.80625396369254 23.979846541947616
230.31249999999997 25.799278050059993 23.975000654936885
230.8125 25.792336890075376 23.970171259411863
231.3125 25.78541340647049 23.965374616632225
231.81249999999997 25.778486725194483 23.96058294894359
232.3125 25.771597608727248 23.955823888651736
232.8125 25.76471081145894 23.95104350930375
233.3125 25.757882232986397 23.94628636561627
233.8125 25.751045447396375 23.941580602000528
234.3125 25.744201658599714 23.93685379860478
234.8125 25.73743848208651 23.932168004998218
235.3125 25.73065686334973 23.927484199705194
235.8125 25.723899712749105 23.92279876190981
236.3125 25.717156783427086 23.918147579382868
236.8125 25.71047059913363 23.91352538464581
237.3125 25.70375658391444 23.90889560114821
237.8125 25.697047785311117 23.904279845327924
238.3125 25.69037820030704 23.899688276689503
238.8125 25.6837342977741 23.895114762822036
239.3125 25.67711221979584 23.890550593272252
239.8125 25.670488889816887 23.886005990070256
240.3125 25.66391508811575 23.881465674230945
240.8125 25.657314443337903 23.87694181851831
241.3125 25.650760227648504 23.87244708439654
241.8125 25.64420075124581 23.867953516207542
242.3125 25.63768310968685 23.863482506757634
242.8125 25.631119405782194 23.85903051646432
243.3125 25.624643400378325 23.854598401478334
243.8125 25.6181348425308 23.850175058654138
244.3125 25.611667660895048 23.84575667940831
244.8125 25.605221905635478 23.841355667364034
245.3125 25.59874321382148 23.836987390827883
245.8125 25.59231693704952 23.83259875798987
246.3125 25.58591884926002 23.828250368382303
246.8125 25.57949406390611 23.82391290162372
247.3125 25.573095292923874 23.819588119326703
247.8125 25.56667989816919 23.815278375113543
248.3125 25.56031510794828 23.810990822387062
248.8125 25.553978375871015 23.80670771058913
249.3125 25.54762640392795 23.802450680909143
249.8125 25.541304378968583 23.798191625175512
250.3125 25.535002515992872 23.793955087931774
250.8125 25.528701115366182 23.78972717442981
251.3125 25.522407275973393 23.785509988462202
251.8125 25.516147910878765 23.78133368285885
252.3125 25.50990054979737 23.777138695681593
252.8125 25.503676423976795 23.772979398458883
253.3125 25.497456054971185 23.768809966287638
253.8125 25.491255429851797 23.76464819143837
254.3125 25.48509502214614 23.76053864343351
254.8125 25.478859315726403 23.756398257129444
255.3125 25.47276694508584 23.752293904167573
255.8125 25.466643154628944 23.74819694900512
256.3125 25.460494369008444 23.744118490957394
256.8125 25.454393558505895 23.740051227417645
257.3125 25.448316534627274 23.735973435247125
257.8125 25.44222609723741 23.731917413685352
258.3125 25.436171774849274 23.727902292338054
258.8125 25.430138069994964 23.72385300136086
259.3125 25.424088605872868 23.719842221249362
259.8125 25.418099650237856 23.715835669316764
260.3125 25.412099593259644 23.711842881051002
260.8125 25.406118341391934 23.707852195502692
261.3125 25.400146298985984 23.703883461598622
261.8125 25.394201530003183 23.699925599981306
262.3125 25.388275292889936 23.695958698876126
262.8125 25.382353544187147 23.692045004143687
263.3125 25.376440210282563 23.68809004307923
263.8125 25.370552644754888 23.684179547440152
264.3125 25.364644329645543 23.68025952647997
264.8125 25.358808969402315 23.676368640156955
265.3125 25.35294276644772 23.67249357222249
265.8125 25.34712043700901 23.668611511418266
266.3125 25.341267192566413 23.664730682536256
266.8125 25.335497283167122 23.660876892798015
267.3125 25.32968269888062 23.65702990684565
267.8125 25.32392076556315 23.653197579675286
268.3125 25.318144131929444 23.649368971513077
268.8125 25.312395369844324 23.645545178233895
269.3125 25.306654125188746 23.641733079231606
269.8125 25.30091793681214 23.637933430348717
270.3125 25.295230105270157 23.63413978112579
270.8125 25.289530766612593 23.6303564741366
271.3125 25.28385695214359 23.62658499886407
271.8125 25.278167586443683 23.622824271531492
272.3125 25.272517311254525 23.61906564598304
272.8125 25.266880421738477 23.61532233818394
273.3125 25.26122937264464 23.611584967170806
273.8125 25.25563331284865 23.607855136048673
274.3125 25.25003164639857 23.604130083623012
274.8125 25.24443686484471 23.60042037249562
275.3125 25.238863337143712 23.596721454131263
275.8125 25.233301113689777 23.593029945186505
276.3125 25.227745096960387 23.589328065735664
276.8125 25.222205716680897 23.58567178236594
277.3125 25.216687987835623 23.581997952403096
277.8125 25.211177011314835 23.578336597004068
278.3125 25.20566540619949 23.574687389625524
278.8125 25.200169984707244 23.571038255585254
279.3125 25.194718592678772 23.56740535505216
279.8125 25.189244579540503 23.563773678687014
280.3125 25.183800504753254 23.560149962965724
280.8125 25.17834103871276 23.556537120050216
281.3125 25.172918087835573 23.552934167827004
281.8125 25.1675145008398 23.549342991300144
282.3125 25.1621206387695 23.545743435455655
282.8125 25.156727263466102 23.54216431627095
283.3125 25.15133760568315 23.53859767240705
283.8125 25.145984725460373 23.535030375664576
284.3125 25.14062116458803 23.53147130404301
284.8125 25.1352846604297 23.527915375585003
285.3125 25.129963572830682 23.524367793374733
285.8125 25.124625644502096 23.52083988825835
286.3125 25.119344023794508 23.51730589874378
286.8125 25.114027232111408 23.513779883390583
287.3125 25.10876838159428 23.510265837243818
287.8125 25.103476449196627 23.506757220777143
288.3125 25.098234904417577 23.50326159179701
288.8125 25.092989434235328 23.499763989940874
289.3125 25.08777105602672 23.496282380929966
289.8125 25.082528167604757 23.492819691469823
290.3125 25.077331771842033 23.48932404355187
290.8125 25.07215361491204 23.485877364071936
291.3125 25.066947937208454 23.482436155788502
291.8125 25.06180895022134 23.478995839239644
292.3125 25.05662479441667 23.475556964760376
292.8125 25.051476281239502 23.47212758728114
293.3125 25.046333469598757 23.468712631156528
293.8125 25.041201711243154 23.465288896056634
294.3125 25.036103427225672 23.461889145802605
294.8125 25.031004488866788 23.45849739001752
295.3125 25.025925478183115 23.4551122312677
295.8125 25.020843653806683 23.451722640913562
296.3125 25.01577804401647 23.448345825079603
296.8125 25.01073192067235 23.444980024568025
297.3125 25.005678341234496 23.441622090575365
297.8125 25.000626308055708 23.438264813176467
298.3125 24.99560924593299 23.43491044114939
298.8125 24.990614066913373 23.43157108118288
299.3125 24.98559755324078 23.428238978828656
299.8125 24.980598081076366 23.424911036721742
300.3125 24.97563467648201 23.421587428410792
300.8125 24.970663743439747 23.418269420723806
301.3125 24.965694943636553 23.414971268963754
301.8125 24.96073795093366 23.41166598361541
302.3125 24.955817548824516 23.40838178087886
302.8125 24.950877803862404 23.4050848132164
303.3125 24.945968954367316 23.401810219114445
303.8125 24.941052791945374 23.39853224683916
304.3125 24.936143976084047 23.395260493455513
304.8125 24.931257787606278 23.392000609863032
305.3125 24.926395822488846 23.388731832923646
305.8125 24.9215150351908 23.38548716057632
306.3125 24.916678883844913 23.382250651190827
306.8125 24.911812016730867 23.37900673849766
307.3125 24.906966397659986 23.375778597909296
307.8125 24.90216342147878 23.372550308497644
308.3125 24.897315789447227 23.369319398808113
308.8125 24.892491730157587 23.366111491686734
309.3125 24.887695878851332 23.362898972912873
309.8125 24.88289698998061 23.359695733701884
310.3125 24.87810814171891 23.356500103654938
310.8125 24.873343602731694 23.353309886634786
311.3125 24.8685768893074 23.35012476035057
311.8125 24.863812371359266 23.34693705041113
312.3125 24.859087251653232 23.34376397873433
312.8125 24.854325455506228 23.340601835832153
313.3125 24.849596908594435 23.337424539969586
313.8125 24.844876141691444 23.33427055656252
314.3125 24.840162974249193 23.33111592358204
314.8125 24.83546832205347 23.327960176021946
315.3125 24.830766903742475 23.324815218984156
315.8125 24.82606446345818 23.321675664403124
316.3125 24.821394970433378 23.31854671788079
316.8125 24.816726793592704 23.315417027767282
317.3125 24.812058528980877 23.31227771803244
317.8125 24.80741151972554 23.309176606409807
318.3125 24.80276245630413 23.306055181157767
318.8125 24.798093718062173 23.30295192289708
319.3125 24.79350962569795 23.299846001252163
319.8125 24.78886967876399 23.296745837503444
320.3125 24.7842494684231 23.29366294149439
320.8125 24.779656602373198 23.290568115867583
321.3125 24.77507895345851 23.287478313168954
321.8125 24.77047290665508 23.284388035065536
322.3125 24.765886283569372 23.281323044222958
322.8125 24.761309495055688 23.27824594221405
323.3125 24.75674570738988 23.2751774542249
323.8125 24.7521765765731 23.272111125862306
324.3125 24.747641789730412 23.26904867349898
324.8125 24.74308214058809 23.265998252256882
325.3125 24.738567157246088 23.26295462760061
325.8125 24.734043942844796 23.259913342929966
326.3125 24.72952383468849 23.256881884195913
326.8125 24.725007346329978 23.253850526280523
327.3125 24.72050900328017 23.250817894691703
327.8125 24.716035758053096 23.247792147012177
328.3125 24.711558864983132 23.244793960629586
328.8125 24.707056336909883 23.241782455487076
329.3125 24.70261739138596 23.23876553394646
329.8125 24.698158707666387 23.235773413384425
330.3125 24.693698626048114 23.232773101867664
330.8125 24.689266440026696 23.22977919915765
331.3125 24.684827532793527 23.226796761761037
331.8125 24.68042612374964 23.223813382141646
332.3125 24.676000293107933 23.220838060665912
332.8125 24.671598485172304 23.217869993742852
333.3125 24.667194248220326 23.214901901845305
333.8125 24.66280152788679 23.211935189020885
334.3125 24.65842406069475 23.208982680408784
334.8125 24.654030279849216 23.206044079460284
