FastTrWP/PhaseSpace/IAs/snIa_0.46_30.00_-0.70_0.05.csv
# %ECSV 0.9
# ---
# datatype:
# - {name: time-rel, datatype: float64}
# - {name: g, datatype: float64}
# - {name: i, datatype: float64}
# schema: astropy-2.0
time-rel g i
[from data line 2141]
675.5 25.645872504763233 23.13681848092695
676.0 25.647399471553594 23.13755247524556
676.5 25.648950824730914 23.138281555391217
677.0 25.65044903379969 23.13900824696363
677.5 25.651951007349428 23.13974041588895
678.0 25.65346474696057 23.140474383628714
678.5 25.65496506626731 23.141190601779297
679.0 25.656482713084813 23.141922824452926
679.5 25.657968364361157 23.142640098710938
680.0 25.65947486353349 23.143368589073702
680.5 25.660981644957243 23.144095731514412
681.0 25.662476134415662 23.14481542681914
681.5 25.663979952440986 23.145536122126153
682.0 25.665468198944637 23.146259357140103
682.5 25.66694133815526 23.1469867803702
683.0 25.668422894483854 23.147702002487733
683.5 25.669878778673393 23.148424708881727
684.0 25.671411810728685 23.149148187949322
684.5 25.672867526975217 23.149865413437563
685.0 25.674338097204878 23.15059366793456
685.5 25.675800732802262 23.151303449305477
686.0 25.677324333816284 23.15202747305003
686.5 25.678778498806913 23.152748545282662
687.0 25.68026083128911 23.153466449264293
687.5 25.68170089128367 23.154177821701012
688.0 25.683177028926522 23.15490414736452
688.5 25.684651306345675 23.155626874716617
689.0 25.686119877698182 23.156343921322815
689.5 25.687620178206014 23.157063965897578
690.0 25.68908718086485 23.157780073359284
690.5 25.690533714488737 23.15849853176627
691.0 25.6920564866586 23.159213388988142
691.5 25.693502963641798 23.159934798312957
692.0 25.694933307425075 23.16065070728562
692.5 25.69643279206982 23.161378238950174
693.0 25.697913134672497 23.162094204133364
693.5 25.699387460983697 23.162813443952324
694.0 25.700860749714757 23.163531562043733
694.5 25.70231909287696 23.1642446737635
695.0 25.703811157684818 23.164976686984122
695.5 25.705262334429243 23.16569281153894
696.0 25.706780504034814 23.166409668712507
696.5 25.70825304482959 23.16712523265093
697.0 25.70971901118597 23.167856285629536
697.5 25.71119872735291 23.16858014515672
698.0 25.712692543871896 23.169304204689464
698.5 25.714193086397543 23.170024052433952
699.0 25.71566608078402 23.170741774403567
699.5 25.717163266533095 23.17147522342815
700.0 25.718687284253793 23.172195841535682
700.5 25.720135572556092 23.17292854039482
701.0 25.721632927819677 23.173643617735245
701.5 25.72321786168912 23.174369049569087
702.0 25.72470207241134 23.17510888808373
702.5 25.72619341232142 23.175837758604402
703.0 25.72768529908982 23.176558874399625
703.5 25.729205162570302 23.177290880366904
704.0 25.730766495183804 23.17802073845868
704.5 25.732264276111692 23.178752112189677
705.0 25.73381544616229 23.179490395060593
705.5 25.735372046012046 23.1802233814808
706.0 25.73690392544046 23.180943705419473
706.5 25.738441907611417 23.1816947099341
707.0 25.73999346073606 23.182423210852136
707.5 25.741526413384474 23.183162319933093
708.0 25.74309263584302 23.183897636523994
708.5 25.74467945824413 23.1846428260223
709.0 25.746218392394184 23.185376501452208
709.5 25.747786488068016 23.186120759606965
710.0 25.749358814446545 23.186846091423135
710.5 25.750901270341892 23.18758075695356
711.0 25.752476074131824 23.188331992682286
711.5 25.75402319760829 23.1890704001163
712.0 25.75562580244536 23.189810007923064
712.5 25.757186986485582 23.19054799743713
713.0 25.758777641080815 23.191294478521762
713.5 25.76032322597745 23.192032774177633
714.0 25.761910322731026 23.192783308612558
714.5 25.763486467431612 23.19351518290364
715.0 25.765066261523582 23.194261696560375
715.5 25.766611046540973 23.195006349285073
716.0 25.76823589392092 23.195752159647547
716.5 25.769791237057213 23.196493884119576
717.0 25.771381545789843 23.19723131582949
717.5 25.7729747266168 23.19797900631961
718.0 25.77456854918443 23.198730062706083
718.5 25.77614964555103 23.199466507238988
719.0 25.777785587242157 23.200224601729794
719.5 25.77935275337427 23.2009685720265
720.0 25.78095230216952 23.201712734848897
720.5 25.78252430825192 23.202462788675568
721.0 25.78414834108631 23.203209078986685
721.5 25.785762536513523 23.203957439663526
722.0 25.787344986548234 23.204699211349258
722.5 25.788964868280402 23.20544917043741
723.0 25.790537636369855 23.206198714136008
723.5 25.79214549710416 23.206945752108062
724.0 25.793772531910633 23.20768983028746
724.5 25.795391864685623 23.20844523941109
725.0 25.796992004589193 23.20919071039199
725.5 25.798622106479364 23.209946304098985
726.0 25.800213214788297 23.210704461232456
726.5 25.801833240084385 23.211447811498658
727.0 25.803440388798734 23.21218809148425
727.5 25.80508213049064 23.21295345277234
728.0 25.806654208635088 23.213698915735684
728.5 25.808309761247052 23.214448874404745
729.0 25.80992958905515 23.215200042637672
729.5 25.81155378147985 23.215953687272595
730.0 25.81320389694924 23.216706732959764
730.5 25.81481925158961 23.217462070571155
731.0 25.816444415785416 23.218207355937462
731.5 25.81807310859951 23.218959966626798
732.0 25.81967538262181 23.219715933723432
732.5 25.82134891305642 23.22046794801195
733.0 25.82298116782001 23.221217899161925
733.5 25.824620439576798 23.22196951435997
734.0 25.826246159836792 23.222735738742895
734.5 25.82789726338051 23.22347823826286
735.0 25.82954337981251 23.224236019077868
735.5 25.83114854173897 23.224983812384995
736.0 25.832823744167168 23.22574707091706
736.5 25.834436785639866 23.22649649576833
737.0 25.83610083110162 23.227247331445895
737.5 25.83775581299529 23.22800544095813
738.0 25.83935934564058 23.228756583593857
738.5 25.841025180841267 23.22950926658141
739.0 25.842685832206307 23.23027078142752
739.5 25.84433311703325 23.231019088834376
740.0 25.845998469640854 23.231768713255253
740.5 25.847613897565644 23.232529711158854
741.0 25.849270970606327 23.233280045195457
741.5 25.850929116307462 23.234042394816296
742.0 25.852600474074087 23.234797049669513
742.5 25.85421757050503 23.23555224841098
743.0 25.8559311336344 23.236309612105714
743.5 25.85758170828627 23.237062211235823
744.0 25.85923752468599 23.237820077519856
744.5 25.860914970325016 23.238575681226102
745.0 25.862590457706617 23.23933140668292
745.5 25.86427527548238 23.240095323524056
746.0 25.86594252097784 23.240854667374442
746.5 25.867602709476046 23.2416091936104
747.0 25.86925318564482 23.242361417846844
747.5 25.870939666549212 23.243122914986245
748.0 25.872628065768637 23.24387702811542
748.5 25.874295438196555 23.244635537735086
749.0 25.87599119263163 23.245393152717586
749.5 25.87767009775424 23.24615971414751
750.0 25.87933243668123 23.246925668187686
750.5 25.881030168657432 23.247673684322642
751.0 25.882759415847243 23.24844370201177
751.5 25.884434015786702 23.249192640475925
752.0 25.886084032177635 23.249965210804273
752.5 25.88778138700394 23.25071785373002
753.0 25.889478080390074 23.25148376515861
753.5 25.89118096249407 23.25224950089933
754.0 25.892908718930588 23.253008255599525
754.5 25.894565289457333 23.253772933850065
755.0 25.896257909053805 23.254530139062055
755.5 25.89797299956793 23.255287488443628
756.0 25.899686172318663 23.256063109970487
756.5 25.90138960868316 23.256821990287616
757.0 25.90309628857638 23.257589936199746
757.5 25.904772001965036 23.258344681965013
758.0 25.906512647914607 23.25910715793984
758.5 25.908209689229974 23.25986565741315
759.0 25.90993512303102 23.26063100550369
759.5 25.91165700615525 23.261390983355554
760.0 25.913364888436003 23.26216706679069
760.5 25.9150692601106 23.262930855875542
761.0 25.916773830251408 23.263692469590804
761.5 25.918478834438076 23.26445312103726
762.0 25.920270718767014 23.26522057297604
762.5 25.92193098996026 23.265980372707187
763.0 25.923669218098034 23.26674554054112
763.5 25.92539207343875 23.267505548421816
764.0 25.92710108363738 23.268271542163408
764.5 25.92883322146797 23.269037041149684
765.0 25.930563316751876 23.269805932264976
765.5 25.932279599828334 23.270570390135035
766.0 25.93405577510284 23.271331970448024
766.5 25.935711672466915 23.272093992121864
767.0 25.93747711895611 23.272861330835987
767.5 25.939229076437947 23.273623622852927
768.0 25.940957828077046 23.27438896744716
768.5 25.94268295313714 23.275156658235886
769.0 25.94443063204271 23.27592994663695
769.5 25.94616026174155 23.276696475974493
770.0 25.94787840692813 23.2774555894262
770.5 25.949640393958788 23.27822253529428
771.0 25.951374374797457 23.278985952142772
771.5 25.95312534649767 23.27975010923749
772.0 25.954824403415458 23.280510602835548
772.5 25.956610753556227 23.281270814470943
773.0 25.958359052353792 23.282045846390538
773.5 25.960064286605956 23.282806277121733
774.0 25.961830995879257 23.28357095006034
774.5 25.96360941658803 23.28433399216284
775.0 25.965307879553926 23.28510717980619
775.5 25.967076243173686 23.285856096632102
776.0 25.968860889242087 23.286623962131205
776.5 25.970578379079015 23.28739851337143
777.0 25.97237524857759 23.28815111415762
777.5 25.97408446577507 23.288924562934795
778.0 25.975863246549547 23.289681916985533
778.5 25.97763679284587 23.290447777064813
779.0 25.979364108205978 23.29121404145534
779.5 25.98112723474536 23.291967429368185
780.0 25.982905131871227 23.292733671116366
780.5 25.984691531986176 23.293494171264534
781.0 25.986466659442424 23.29426269365422
781.5 25.988254659113924 23.295018797556995
782.0 25.990005796047843 23.295781777107774
782.5 25.991804830652633 23.29655181985182
783.0 25.993570525876926 23.297309073672963
783.5 25.9953334096518 23.298075897221192
784.0 25.997172041121065 23.298833807895612
784.5 25.998938426690167 23.299602499701194
785.0 26.000733995267453 23.300352943116145
785.5 26.00250905602469 23.301116579600944
786.0 26.00429141751068 23.301876789067386
786.5 26.006072480333636 23.302638981588917
787.0 26.00787451961317 23.30340413904952
787.5 26.00971555152217 23.304169002973403
788.0 26.011518882131284 23.304933223443417
788.5 26.013319494155645 23.305697268563364
789.0 26.01509104270386 23.30645433928721
789.5 26.016889391895877 23.30720923685483
790.0 26.01868399295129 23.30797976218492
790.5 26.020506079176222 23.30873964796774
791.0 26.02233584296198 23.30949454162992
791.5 26.02407598574075 23.310260447727302
792.0 26.025927067537303 23.311015893578894
792.5 26.02772502781083 23.311778412949657
793.0 26.029522396670988 23.312551286125856
793.5 26.03134308046094 23.313308653824972
794.0 26.03315099441557 23.31407439510579
794.5 26.034945146138977 23.314824995232854
795.0 26.03676748264593 23.3156004522009
795.5 26.038607590492028 23.316354321397817
796.0 26.040408139344407 23.31712820370028
796.5 26.042201197945793 23.317891128868755
797.0 26.044018471704465 23.318652907342788
