FastTrWP/PhaseSpace/IAs/snIa_0.45_30.00_-0.04_-0.14.csv
# %ECSV 0.9
# ---
# datatype:
# - {name: time-rel, datatype: float64}
# - {name: g, datatype: float64}
# - {name: i, datatype: float64}
# schema: astropy-2.0
time-rel g i
178.58333333333331 26.994241495016627 25.22108904377562
179.08333333333334 26.967107973210442 25.212230809679525
179.58333333333334 26.940397244148446 25.20341829236781
180.08333333333331 26.914164324407494 25.19464913726557
180.58333333333334 26.888289052338372 25.185872704825517
181.08333333333334 26.862897549457784 25.177142467116
181.58333333333331 26.837881495589883 25.16843257660474
182.08333333333334 26.813205381685002 25.159782776820165
182.58333333333334 26.788880064959383 25.151161541111634
183.08333333333331 26.76498115263965 25.142529565249
183.58333333333334 26.741395929856214 25.133956871633274
184.08333333333334 26.718193205977645 25.125423564565402
184.58333333333331 26.695296639037448 25.116922822453695
185.08333333333334 26.672717124868342 25.10841894835346
185.58333333333334 26.650452489316386 25.099980609162845
186.08333333333331 26.62847712621407 25.09156563953085
186.58333333333334 26.60683577384683 25.08318183882745
187.08333333333334 26.585410478958245 25.074825058172962
187.58333333333331 26.56433239067062 25.066506393588405
188.08333333333334 26.543578637290558 25.058240952433124
188.58333333333334 26.52302638250104 25.049965593486753
189.08333333333331 26.50275880081251 25.0417520045437
189.58333333333334 26.482711640530468 25.033557896766006
190.08333333333334 26.46293579982483 25.025410829904207
190.58333333333331 26.44339676024491 25.017279001668513
191.08333333333334 26.424075337682254 25.009183852978666
191.58333333333334 26.4050549696058 25.00113207622541
192.08333333333331 26.386250642074792 24.993118917008076
192.58333333333334 26.36760794270355 24.985127192791747
193.08333333333334 26.3492457324743 24.977177282110222
193.58333333333331 26.33106291579566 24.969234727821274
194.08333333333334 26.313129291332817 24.961339168536554
194.58333333333334 26.295382857607553 24.953499192296395
195.08333333333331 26.27780588170239 24.945655836743285
195.58333333333334 26.260492294052618 24.937835994212662
196.08333333333334 26.243309044738115 24.9300800271903
196.58333333333331 26.226339247574728 24.922383874120047
197.08333333333334 26.209592761118508 24.914680518093732
197.58333333333334 26.192979509252577 24.907007878106047
198.08333333333331 26.17655193140824 24.899377492312627
198.58333333333334 26.160317851303972 24.89176564400916
199.08333333333334 26.144237337821753 24.884210547309138
199.58333333333331 26.128383964734102 24.876699694208725
200.08333333333334 26.112627579268427 24.869193856094842
200.58333333333334 26.097038145374082 24.861695405077555
201.08333333333331 26.08162634509947 24.854296333669392
201.58333333333334 26.066394407188227 24.846893523391994
202.08333333333334 26.05128218832305 24.83952319789944
202.58333333333331 26.036368923580177 24.832178918636977
203.08333333333334 26.021545054931337 24.82488858345264
203.58333333333334 26.00687233144402 24.817620551454176
204.08333333333331 25.99239335721817 24.810374577724957
204.58333333333334 25.97804922481589 24.80317830402649
205.08333333333334 25.96382211844005 24.795998045185645
205.58333333333331 25.949743369604402 24.78884496756109
206.08333333333334 25.93582316203854 24.781758100197088
206.58333333333334 25.921986147626708 24.77467204125879
207.08333333333331 25.908332695729506 24.7676420801141
207.58333333333334 25.89475124050772 24.76061373144709
208.08333333333334 25.88136075949494 24.7536378967964
208.58333333333331 25.868075672994028 24.746693500753587
209.08333333333334 25.854870410653113 24.73974505234441
209.58333333333334 25.84176619335939 24.732857870102674
210.08333333333331 25.82879385081781 24.725947143924884
210.58333333333334 25.81588008504207 24.719118086376707
211.08333333333334 25.80307026098552 24.71225095702476
211.58333333333331 25.790369081063737 24.705426572336457
212.08333333333334 25.777733461407735 24.698631668010705
212.58333333333334 25.765174296158925 24.691850629055843
213.08333333333331 25.752744700050417 24.685084949213643
213.58333333333334 25.740390727924126 24.67834378881907
214.08333333333334 25.728134478678932 24.671624054611172
214.58333333333331 25.715905339381862 24.664925764231572
215.08333333333334 25.70380484144815 24.65823896886475
215.58333333333334 25.691807999060764 24.65158376097135
216.08333333333331 25.67985943168047 24.64495056725569
216.58333333333334 25.66801181164943 24.638335459190436
217.08333333333334 25.656265876352915 24.631758809296404
217.58333333333331 25.644558947973657 24.62517099886274
218.08333333333334 25.632962675032054 24.618630686618058
218.58333333333334 25.621424326754543 24.612104623978354
219.08333333333331 25.60993220917198 24.605606147267636
219.58333333333334 25.59857478291226 24.599131348486864
220.08333333333334 25.58725433281535 24.592674013227334
220.58333333333331 25.576047254890902 24.586228344618185
221.08333333333334 25.56490955642947 24.579812208395335
221.58333333333334 25.553818982674926 24.573431195632615
222.08333333333331 25.542811973439463 24.56706167541027
222.58333333333334 25.531861820962778 24.560714866688237
223.08333333333334 25.521028871704402 24.5543985499748
223.58333333333331 25.51022438781689 24.548099576280098
224.08333333333334 25.499496833937656 24.541812483609554
224.58333333333334 25.488838245670024 24.535541828587423
225.08333333333331 25.47825357433327 24.52932286174867
225.58333333333334 25.467714463320373 24.523119763105715
226.08333333333334 25.457290166115854 24.516936999469575
226.58333333333331 25.446906827896317 24.51075378252806
227.08333333333334 25.43657538139907 24.5046237342318
227.58333333333334 25.426318340161114 24.498510949185707
228.08333333333331 25.416140113259903 24.492401521370127
228.58333333333334 25.406004976329164 24.486338912651245
229.08333333333334 25.395956181143305 24.48030064918281
229.58333333333331 25.385934599998038 24.47425506746712
230.08333333333334 25.375991416395873 24.468247201813558
230.58333333333334 25.36610067170018 24.46227540277018
231.08333333333334 25.356283474715916 24.45632785424413
231.58333333333334 25.346528451116924 24.450375955289083
232.08333333333334 25.33684976497527 24.444453362564115
232.58333333333334 25.32719860745892 24.438571271351513
233.08333333333334 25.31762469303494 24.432700992726886
233.58333333333334 25.30812593911169 24.426880769805983
234.08333333333334 25.298660658013702 24.421051863658107
234.58333333333334 25.289225368795414 24.415249910227985
235.08333333333334 25.279873311825632 24.409479885318234
235.58333333333334 25.270566632104927 24.40372455942653
236.08333333333334 25.261324568755153 24.398000049328026
236.58333333333334 25.252137596503804 24.392293434591732
237.08333333333334 25.24301727210952 24.386616721020147
237.58333333333334 25.233913712579124 24.380951904513026
238.08333333333334 25.22492252068492 24.375312893442484
238.58333333333334 25.215917934730193 24.369691138182496
239.08333333333334 25.2070033761461 24.364106610727497
239.58333333333334 25.19814090878019 24.35854347992378
240.08333333333334 25.189312497739806 24.35298837793841
240.58333333333334 25.18053763306675 24.347470718734577
241.08333333333334 25.171831583313327 24.34197341337802
241.58333333333334 25.16316822674764 24.336493030343146
242.08333333333334 25.154529890695677 24.331038789862124
242.58333333333334 25.1459576602165 24.325606410021244
243.08333333333334 25.137448997361243 24.320203275183715
243.58333333333334 25.128969780646 24.314826061155934
244.08333333333334 25.120531075028495 24.309440117705577
244.58333333333334 25.11214201139698 24.304084867538577
245.08333333333334 25.103797240407552 24.298725597319294
245.58333333333334 25.095466168014248 24.293401580800115
246.08333333333334 25.087196218801687 24.288083088118775
246.58333333333334 25.07898427753785 24.28279865954427
247.08333333333334 25.07077585422497 24.277522613948367
247.58333333333334 25.06264027322533 24.272258573224814
248.08333333333334 25.054525508904085 24.267012629581572
248.58333333333334 25.046452194149545 24.26177446846371
249.08333333333334 25.038406626643678 24.256553135300084
249.58333333333334 25.030394796294008 24.25134779809827
250.08333333333334 25.02244415922032 24.246179116248467
250.58333333333334 25.014525083540157 24.241002512207
251.08333333333334 25.006639473917474 24.235853747785725
251.58333333333334 24.99877804544868 24.23070220906704
252.08333333333334 24.990957936275805 24.22558053983465
252.58333333333334 24.983169210977522 24.22047635039761
253.08333333333334 24.975419855021094 24.215378499075214
253.58333333333334 24.967720701744934 24.210303493070175
254.08333333333334 24.960023056927056 24.20524501942139
254.58333333333334 24.95240901609252 24.20020073094348
255.08333333333334 24.944804509196278 24.195170885074045
255.58333333333334 24.937210766759243 24.190167118154736
256.0833333333333 24.929690352138252 24.185173862532366
256.5833333333333 24.922176264728474 24.180194946895565
257.0833333333333 24.91473227064808 24.175218992323636
257.5833333333333 24.907264387284208 24.170269222388896
258.0833333333333 24.899855444541185 24.165340997414656
258.5833333333333 24.892482094153472 24.160431006048793
259.0833333333333 24.885157148356644 24.155518984293494
259.5833333333333 24.87783083071278 24.150655662513056
260.0833333333333 24.87053622285613 24.145773178862694
260.5833333333333 24.8633005474601 24.140913773763067
261.0833333333333 24.856095885404336 24.136091517661846
261.5833333333333 24.848888550677447 24.13127331270902
262.0833333333333 24.841743830846347 24.126443680910988
262.5833333333333 24.834596702010824 24.121672861214712
263.0833333333333 24.827507050811533 24.116898909412395
263.5833333333333 24.8204424246924 24.112140247155487
264.0833333333333 24.813418981127704 24.107392945440424
264.5833333333333 24.80640591663327 24.102664220325774
265.0833333333333 24.799439500930013 24.097960289394518
265.5833333333333 24.79246824596208 24.09326312607935
266.0833333333333 24.78554081063222 24.088602168057605
266.5833333333333 24.778669504191395 24.08393668011586
267.0833333333333 24.771770773864855 24.07929079748561
267.5833333333333 24.764952177387435 24.074650475652852
268.0833333333333 24.75812845496415 24.0700415555178
268.5833333333333 24.75136297457422 24.06543478411607
269.0833333333333 24.74460457942942 24.060857493907694
269.5833333333333 24.73788974563785 24.056282703470792
270.0833333333333 24.731187814125025 24.051729671230582
270.5833333333333 24.724512784012042 24.047185106234426
271.0833333333333 24.717849368348514 24.04267351318746
271.5833333333333 24.71123119486876 24.038168013851482
272.0833333333333 24.704663531767412 24.033681326976982
272.5833333333333 24.698075347777106 24.029187525280612
273.0833333333333 24.69152389571628 24.02474880033545
273.5833333333333 24.6850244610236 24.02029733142776
274.0833333333333 24.67854439326739 24.01587934314188
274.5833333333333 24.672072015540444 24.011456852921157
275.0833333333333 24.665609346748234 24.007068083121872
275.5833333333333 24.659210478455037 24.002683416282743
276.0833333333333 24.652814911353165 23.99832358087344
276.5833333333333 24.646461647110115 23.993972246630854
277.0833333333333 24.640101872314055 23.989640206212187
277.5833333333333 24.63379109810679 23.985331641886106
278.0833333333333 24.627489806776634 23.981027033358284
278.5833333333333 24.621224774441547 23.976722418532898
279.0833333333333 24.614978358118815 23.972439501199283
279.5833333333333 24.60874059448155 23.96817988297071
280.0833333333333 24.60255479559294 23.963943414785188
280.5833333333333 24.596373468033764 23.959710845298545
281.0833333333333 24.59021187417518 23.955473435814177
281.5833333333333 24.584085830380303 23.9512689427181
282.0833333333333 24.577984416649027 23.947072087337947
282.5833333333333 24.571875267968966 23.942893368796124
283.0833333333333 24.565828083560763 23.938718721904667
283.5833333333333 24.559763887308016 23.934550124866956
284.0833333333333 24.55375756825928 23.930411860573827
284.5833333333333 24.547740856478818 23.926292258429726
285.0833333333333 24.541776073010144 23.92216827420033
285.5833333333333 24.53581114381928 23.918072683165423
286.0833333333333 24.529859983730024 23.91395562392564
286.5833333333333 24.523960908424097 23.90987433372775
287.0833333333333 24.51804369095896 23.905813291643486
287.5833333333333 24.51217717759011 23.90175264982867
288.0833333333333 24.50629255309422 23.8977064622716
288.5833333333333 24.500472948712098 23.893672113886947
289.0833333333333 24.494649519871242 23.889642272322078
289.5833333333333 24.488840143758438 23.885620740877627
290.0833333333333 24.48306768726176 23.881619348430434
290.5833333333333 24.47727857537316 23.8776386742758
291.0833333333333 24.471547647216457 23.873652294134548
291.5833333333333 24.465821738410362 23.86967217592658
292.0833333333333 24.46011562485554 23.865719559998357
292.5833333333333 24.45442882439764 23.861768947449796
293.0833333333333 24.448751369658446 23.85783925428977
293.5833333333333 24.44310344617518 23.85391843088506
294.0833333333333 24.43747722093747 23.84999593837474
294.5833333333333 24.431852380896004 23.84608908921408
295.0833333333333 24.42624009369692 23.842187670345453
295.5833333333333 24.420670053278556 23.838303129929482
296.0833333333333 24.415095840709423 23.834436803110567
296.5833333333333 24.409535568625664 23.830567774543642
297.0833333333333 24.404006340783965 23.826731502748846
297.5833333333333 24.39849143210512 23.822856312363392
298.0833333333333 24.392990377729316 23.819019980851568
298.5833333333333 24.38751854953256 23.815192076897738
299.0833333333333 24.38205437288709 23.81138003221549
299.5833333333333 24.376602611022818 23.80756567364209
300.0833333333333 24.371152188695383 23.803767372783756
300.5833333333333 24.365735326477665 23.799992177794373
301.0833333333333 24.360345953941646 23.796189664034983
301.5833333333333 24.35493602555362 23.792441544002575
302.0833333333333 24.349590997387583 23.788661638568644
302.5833333333333 24.34423458833209 23.784918138411072
303.0833333333333 24.33887739926083 23.78117134968347
303.5833333333333 24.33355278940042 23.777433299823784
304.0833333333333 24.32824494651062 23.773712657439958
304.5833333333333 24.322951887338334 23.7700019915976
305.0833333333333 24.31767914560676 23.766279798507085
305.5833333333333 24.312398436312055 23.76258630903092
306.0833333333333 24.30713885876347 23.75889289009136
306.5833333333333 24.30190999154344 23.755193517225415
307.0833333333333 24.29669555417029 23.751530207121036
307.5833333333333 24.291495953403942 23.747861992545722
308.0833333333333 24.286279197607538 23.7441943755824
308.5833333333333 24.281114849296863 23.74054804737807
309.0833333333333 24.27594859279563 23.73689642904619
309.5833333333333 24.270777000491563 23.733267541359293
310.0833333333333 24.26564461733377 23.729630237935652
310.5833333333333 24.260537741752565 23.72600880075899
311.0833333333333 24.255421729766603 23.722394911382437
311.5833333333333 24.250306815523935 23.71878887580888
312.0833333333333 24.245218565945667 23.715201584418857
312.5833333333333 24.240163525373287 23.71159572236401
313.0833333333333 24.235082230060485 23.70801551628199
313.5833333333333 24.230054913569194 23.70445072342895
314.0833333333333 24.225030827659953 23.700881575142077
314.5833333333333 24.220008187900206 23.697323445636954
315.0833333333333 24.215009008859095 23.69377674538346
315.5833333333333 24.2100215225865 23.69024149061714
316.0833333333333 24.205052944973463 23.68671967419125
316.5833333333333 24.200090776022314 23.68318890100269
317.0833333333333 24.195127828096044 23.679676241093965
317.5833333333333 24.190221239459184 23.676167034942278
318.0833333333333 24.18529117418327 23.67267042233802
318.5833333333333 24.180391123943494 23.66917319552892
319.0833333333333 24.175503658565745 23.665695745450144
319.5833333333333 24.17062226269298 23.66221825259042
320.0833333333333 24.165750983028808 23.658764127179175
320.5833333333333 24.16090493025918 23.65529995670476
321.0833333333333 24.15607632961837 23.65185705092906
321.5833333333333 24.151226257453228 23.648408536520908
