FastTrWP/PhaseSpace/IAs/snIa_0.52_30.00_1.00_0.01.csv
# %ECSV 0.9
# ---
# datatype:
# - {name: time-rel, datatype: float64}
# - {name: g, datatype: float64}
# - {name: i, datatype: float64}
# schema: astropy-2.0
time-rel g i
[from data line 1428]
290.5 23.832982066481225 22.41769822076124
291.0 23.834557248931596 22.418063134721177
291.4999999999999 23.836125354000693 22.41841537630316
292.0 23.83769846309288 22.41878375522916
292.5 23.839255326105516 22.41913112914663
292.9999999999999 23.840841290787598 22.419492870808302
293.5 23.84240344891207 22.419861536069284
294.0 23.84399394289948 22.42022774701802
294.4999999999999 23.845554552340325 22.420593636072553
295.0 23.847145904237983 22.42095639873566
295.5 23.84871538836558 22.421322673894228
295.9999999999999 23.85029051990012 22.42169975720021
296.5 23.851880040968524 22.422064259904843
297.0 23.85345703924708 22.422434666111105
297.4999999999999 23.855035975585356 22.422801238598616
298.0 23.856608457477616 22.423177390212793
298.5 23.8582036526913 22.42355421832082
298.9999999999999 23.85978597381188 22.42392783404938
299.5 23.861359815731305 22.424302236527716
300.0 23.862953159124196 22.424676559890212
300.4999999999999 23.86453785180031 22.425057288393674
301.0 23.866125725070624 22.4254356348661
301.5 23.867712247120668 22.425813055182232
301.9999999999999 23.869299906264043 22.426192578944754
302.5 23.870910643999885 22.426573901303342
303.0 23.872481149012167 22.426962536692074
303.4999999999999 23.874076981203505 22.427344645953585
304.0 23.875659201402513 22.42773565191461
304.5 23.87725510163407 22.428113899286505
304.9999999999999 23.87886037808681 22.428504188036044
305.5 23.880455962356045 22.42889186927225
306.0 23.882038565548346 22.42928163756471
306.4999999999999 23.883643011369134 22.429664540864756
307.0 23.8852285592079 22.43006204608193
307.5 23.886830984309107 22.43045307144273
307.9999999999999 23.888426391479 22.430843549673973
308.5 23.890019880311076 22.431238724869548
309.0 23.891617686342368 22.43163239137264
309.4999999999999 23.893232372825114 22.43202147956041
310.0 23.89482259645657 22.43242187979969
310.5 23.896428423112873 22.432816883252812
310.9999999999999 23.89802845443612 22.433214548729783
311.5 23.899625827571377 22.433616490912662
312.0 23.90123661394847 22.43401393771517
312.4999999999999 23.902837492497536 22.434412142917516
313.0 23.904437675241752 22.434807119819094
313.5 23.906047981377544 22.435207096094448
313.9999999999999 23.90765619107023 22.435615707758004
314.5 23.909259251923682 22.43601654496858
315.0 23.91086501200114 22.43642762302532
315.4999999999999 23.912461820254 22.436820425177846
316.0 23.914068824353695 22.43723557551761
316.5 23.91568652389536 22.437642116931688
316.9999999999999 23.917270947700313 22.438056842547418
317.5 23.918898553387113 22.438454012550228
318.0 23.920498386687143 22.438862050568552
318.4999999999999 23.92210859058782 22.439273765146936
319.0 23.923719524165765 22.439680211813865
319.5 23.925326764381758 22.440088549466644
319.9999999999999 23.926929401353263 22.440505791981515
320.5 23.92854666540924 22.440916358486884
321.0 23.93016047738832 22.441337103550147
321.4999999999999 23.931761590624276 22.441736171176537
322.0 23.933373272581157 22.442153769724044
322.5 23.93499152911624 22.44257372717656
322.9999999999999 23.93658483801126 22.44298650882722
323.5 23.938207734788577 22.44340749196363
324.0 23.939822498790587 22.443819437464512
324.4999999999999 23.941433723613837 22.444239202992428
325.0 23.943040078750265 22.444657841157873
325.5 23.944636066739363 22.445071361718792
325.9999999999999 23.946259687194676 22.445492551730343
326.5 23.947871219349288 22.445909949298617
327.0 23.949494518711848 22.446328706517097
327.4999999999999 23.951107822032025 22.446758679357345
328.0 23.952721509456723 22.44717458605098
328.5 23.954331390399105 22.447608673907684
328.9999999999999 23.95595523318566 22.44802800335862
329.5 23.957570595908535 22.448453298727244
330.0 23.959186568391175 22.448887044717555
330.4999999999999 23.96079607561324 22.44930058380136
331.0 23.96241570828154 22.449735384380645
331.5 23.964033322247303 22.45016606677257
331.9999999999999 23.96564757223831 22.450596630647883
332.5 23.967265713816907 22.451029472322084
333.0 23.968882431390757 22.45146075688639
333.4999999999999 23.970500348890084 22.451894997435275
334.0 23.9721235543302 22.452330037430997
334.5 23.973748836381837 22.452765901197203
334.9999999999999 23.975357663411717 22.453198172485173
335.5 23.976976560298596 22.453637133485262
336.0 23.978591548085436 22.45407446905022
336.4999999999999 23.980213632793294 22.454511304400736
337.0 23.98182681028464 22.454950230374294
337.5 23.98346291134292 22.45539096676406
337.9999999999999 23.98507700749623 22.455833556909468
338.5 23.98669472294648 22.456274929976097
339.0 23.988330685304554 22.456713182597984
339.4999999999999 23.989958015132245 22.45715813758354
340.0 23.99157631495521 22.457599500916547
340.5 23.993194914366512 22.458053800542377
340.9999999999999 23.994813507151353 22.45849267487579
341.5 23.996441227210145 22.458937917608807
342.0 23.99808008165644 22.45937961773551
342.4999999999999 23.99970315782361 22.459832567126284
343.0 24.00132878843489 22.460287230741805
343.5 24.00294670247485 22.460733356602795
343.9999999999999 24.00458596809947 22.461187381227752
344.5 24.006208804155214 22.461631180953535
345.0 24.007838602001158 22.462096022768044
345.4999999999999 24.009467124882082 22.46254422896046
346.0 24.011084156428257 22.462996283805996
346.5 24.012730692649047 22.46345163630933
346.9999999999999 24.014358993211374 22.463902795752638
347.5 24.015983546989908 22.46436385240579
348.0 24.01762172012013 22.46481725211315
348.4999999999999 24.019247592257706 22.465280214126878
349.0 24.020893950074882 22.465734663044792
349.5 24.022513818029793 22.466203390290545
349.9999999999999 24.0241454188039 22.466663016935392
350.5 24.025786186778998 22.46712435488353
351.0 24.02742273014834 22.46758827782284
351.4999999999999 24.02907177981501 22.46804507634206
352.0 24.030709826703415 22.46850826455524
352.5 24.03232845294251 22.468971412715298
352.9999999999999 24.03398002890574 22.469448534376465
353.5 24.03561348796833 22.469910005227835
354.0 24.037259090859667 22.47037187115223
354.4999999999999 24.0389037538821 22.470847332374394
355.0 24.04054261951186 22.47131391017422
355.5 24.042167634749187 22.47178308792257
355.9999999999999 24.043816936213766 22.472253675902497
356.5 24.045449406491045 22.472725187106594
357.0 24.047109520378278 22.473200369004275
357.4999999999999 24.04878169470978 22.47366948426507
358.0 24.050395474523288 22.474142125115648
358.5 24.052041685680937 22.474615024526578
358.9999999999999 24.053690761283406 22.475086781839572
359.5 24.05533662295379 22.475568404706973
360.0 24.05700063360568 22.47604686810969
360.4999999999999 24.058640197499088 22.476528879807326
361.0 24.06028772307537 22.47700203554932
361.5 24.0619502634698 22.477480874899648
361.9999999999999 24.063609586401924 22.477952282916394
362.5 24.065243007069128 22.478434941852193
363.0 24.066902292188388 22.478920209067045
363.4999999999999 24.068549645831155 22.479403088641824
364.0 24.070195549290677 22.479889722230556
364.5 24.07185872304114 22.480371888121653
364.9999999999999 24.073525650400292 22.480861689907258
365.5 24.07517285596176 22.481343206186803
366.0 24.076819486152566 22.481829997118933
366.4999999999999 24.07848050593458 22.48231665436611
367.0 24.080146467651087 22.482802063802545
367.5 24.0817988685845 22.483291339003628
367.9999999999999 24.083458581760894 22.483795766312614
368.5 24.085119800380173 22.484282261152863
369.0 24.08676834576989 22.484770294936325
369.4999999999999 24.088419727566382 22.485265120686748
370.0 24.090089017854993 22.48575843137457
370.5 24.091746813292044 22.48624806712121
370.9999999999999 24.093411401271293 22.48673650045292
371.5 24.09506873304035 22.487241905382945
372.0 24.096718923086485 22.48774133620467
372.4999999999999 24.09839059424458 22.488233009630104
373.0 24.100050783748802 22.4887298232496
373.5 24.101710860019715 22.48923229061695
373.9999999999999 24.10337538722454 22.48973344822959
374.5 24.105041068870968 22.490243392258485
375.0 24.10671081173057 22.49073570296877
375.4999999999999 24.108383326799977 22.491248879000242
376.0 24.110037500697345 22.49175241247344
376.5 24.111698550841666 22.49225983423498
376.9999999999999 24.11335303052143 22.492757569303194
377.5 24.11503752311073 22.493269550903378
378.0 24.11670174935975 22.49377198711276
378.4999999999999 24.11836860377134 22.494286063197517
379.0 24.12004393471499 22.49479726926646
379.5 24.121714204534225 22.495302504100145
379.9999999999999 24.123395005452537 22.495813808678907
380.5 24.125050990250664 22.49632319548232
381.0 24.126729789914396 22.496836791857717
381.4999999999999 24.128411804490103 22.497346088751847
382.0 24.130078615910175 22.497865842459284
382.5 24.13175267177266 22.498382858868567
382.9999999999999 24.133436332668143 22.498896464516704
383.5 24.135107364792173 22.49940990036415
384.0 24.13679691512581 22.499937198494223
384.4999999999999 24.138461687674994 22.500448097612352
385.0 24.140135320617446 22.500966694269767
385.5 24.14181650924173 22.50148726621856
385.9999999999999 24.143493993021913 22.502014308192912
386.5 24.14516892931653 22.502536763902533
387.0 24.146867979334647 22.503053693439522
387.4999999999999 24.148542668692453 22.503582555020053
388.0 24.150232333557454 22.504101274621796
388.5 24.1519089698929 22.50463499825262
388.9999999999999 24.153594456601443 22.505159079688717
389.5 24.15527161476923 22.50568375622219
390.0 24.156970747970675 22.506219958290835
390.4999999999999 24.158655996664187 22.506744770016812
391.0 24.160351351330057 22.507273034725333
391.5 24.162023057671156 22.507807370350005
391.9999999999999 24.163730274947422 22.508333600626074
392.5 24.16542299581153 22.508870470586857
393.0 24.167101713103513 22.509402794581096
393.4999999999999 24.16880282771306 22.50993249602519
394.0 24.170491429625333 22.51046739490697
394.5 24.17219596756585 22.511006444885332
394.9999999999999 24.173899558279818 22.51154101167397
395.5 24.175592181312176 22.51208547980785
396.0 24.17728290634395 22.512619424094716
396.4999999999999 24.178987015320548 22.51314934295342
397.0 24.18068958768945 22.513694598384355
397.5 24.18238598576535 22.514240098106665
397.9999999999999 24.184094874152432 22.51478299579251
398.5 24.185806653233975 22.515320840722648
399.0 24.187495024945484 22.51587215903504
399.4999999999999 24.18920653624488 22.51640898635419
400.0 24.190911975326426 22.516958393896832
400.5 24.192608675994375 22.517494550269575
400.9999999999999 24.194328096328064 22.518050566184378
401.5 24.196023323322557 22.518603291641934
402.0 24.197754799351916 22.51914650079796
402.4999999999999 24.19946705861137 22.51970855728025
403.0 24.201182627957557 22.52025507739414
403.5 24.202886802377826 22.520803257652044
403.9999999999999 24.204599265545028 22.521359144509184
404.5 24.20630625121462 22.521912277348957
405.0 24.208044317850188 22.52247324627435
405.4999999999999 24.209734465646314 22.523029776782
406.0 24.211468077519775 22.523591074583006
406.5 24.21317765116795 22.52414872412181
406.9999999999999 24.214892564030123 22.524705383148316
407.5 24.216631142845756 22.525265771765717
408.0 24.218340977950405 22.525827399614048
408.4999999999999 24.220071602241816 22.526391090318434
409.0 24.22180181322394 22.526952450870603
409.5 24.223528341598282 22.527518801826627
409.9999999999999 24.225227017866207 22.528079032171952
410.5 24.226980205486125 22.528647832987872
411.0 24.2287025884192 22.529216204318978
411.4999999999999 24.230420348030755 22.529781693269925
412.0 24.232166912532954 22.530359284219678
412.5 24.23388571475735 22.530925808035324
412.9999999999999 24.2356217181551 22.531494689428484
413.5 24.23734108488808 22.532066581959448
414.0 24.23906326959021 22.532643147307738
414.4999999999999 24.240796701554487 22.5332127823128
415.0 24.242539501306375 22.533786694027672
415.5 24.244256251315043 22.534368420716824
415.9999999999999 24.246010178461344 22.53493489313238
416.5 24.2477305816695 22.53551867197742
417.0 24.249474239454976 22.536091638488376
417.4999999999999 24.251210597411976 22.53667190930223
418.0 24.252943812695335 22.53724963342179
418.5 24.25468456948739 22.537827483808158
418.9999999999999 24.256424374371747 22.538416721935704
419.5 24.25816556029906 22.538991648907285
420.0 24.259892769492794 22.539580796358756
420.4999999999999 24.261635962358316 22.54016595264872
421.0 24.263372702008397 22.5407416845581
421.5 24.265114742533108 22.541331744531092
421.9999999999999 24.266839244633115 22.541911955456463
422.5 24.268587373230496 22.542498869240926
423.0 24.2703483526542 22.54308709930399
423.4999999999999 24.27208366588136 22.54366918965892
424.0 24.27381880018608 22.544264272502904
424.5 24.275564237532812 22.544853747850567
424.9999999999999 24.27731265805294 22.545445500605386
425.5 24.27905764966078 22.54602668890997
426.0 24.280803250974717 22.54662786438841
426.4999999999999 24.282548667397485 22.547215320741593
427.0 24.284293829663234 22.547807025513734
427.5 24.28604837536991 22.54840484547327
427.9999999999999 24.28779690717863 22.548996106243365
428.5 24.289538308124644 22.549586685042367
429.0 24.29128514797689 22.550189912452375
429.4999999999999 24.293035825437745 22.550784223161102
430.0 24.294780448852606 22.55137862286749
430.5 24.296525402991158 22.55197459774522
430.9999999999999 24.298287587019246 22.552575873153412
431.5 24.30003285525433 22.553177564203747
432.0 24.3017773613336 22.553771677900016
432.4999999999999 24.30352107092657 22.5543755340312
433.0 24.305284854480274 22.55497470271967
433.5 24.307038627165714 22.555576933829006
433.9999999999999 24.30878352302352 22.556178072598186
434.5 24.31053799078139 22.556782872342062
435.0 24.31228431675636 22.55738346314795
435.4999999999999 24.314029896035095 22.557993976788808
436.0 24.315781397283228 22.558589879543696
436.5 24.31755089358813 22.559200384183498
436.9999999999999 24.319299116433864 22.559813011368167
437.5 24.32106810644695 22.560410174738536
438.0 24.322813617679238 22.561017377658892
438.4999999999999 24.324571366924857 22.561626490643675
439.0 24.326319958440948 22.562233615137192
439.5 24.328060784644006 22.562848381122325
439.9999999999999 24.329829678058722 22.563459810966833
440.5 24.331584902649247 22.564069612382696
441.0 24.333349780382086 22.564684341148478
441.4999999999999 24.335112801305044 22.565302169189607
442.0 24.33685961702256 22.56591451450626
442.5 24.33861463552155 22.56653820931476
442.9999999999999 24.340378725324555 22.56714932992341
443.5 24.3421485864228 22.567772200049035
444.0 24.343894259799555 22.568388078943972
444.4999999999999 24.345667285873475 22.569008762864534
445.0 24.34741924851179 22.569626885818398
445.5 24.349193025569132 22.570249715090505
445.9999999999999 24.350959711770066 22.570872946452155
446.5 24.352716227564795 22.571498464961437
447.0 24.354483835262375 22.572119212595254
447.5 24.356225590692194 22.57274395671544
448.0 24.358018121021768 22.57336952347662
448.5 24.359769840216956 22.57398943400339
449.0 24.361531595467522 22.57461529819079
449.5 24.363307499162165 22.575247390821556
450.0 24.365072257285757 22.575874686005562
450.5 24.366829999615444 22.57650537456768
451.0 24.36861238490165 22.577133974091783
451.5 24.37037121530697 22.577757661147366
452.0 24.372126862866704 22.578394166850234
452.5 24.373917526358184 22.579022204642566
453.0 24.375670288360286 22.579658217892543
453.5 24.377440146873177 22.580296909236218
454.0 24.379211538750212 22.58092754422684
454.5 24.380982041847034 22.581563708911872
455.0 24.382738918080907 22.58219689521131
455.5 24.384526834863344 22.582834667813053
456.0 24.38629003476062 22.583473734564855
456.5 24.388062003672616 22.584115294828642
457.0 24.389845373037478 22.584755002441415
457.5 24.39159987608814 22.585401146880052
458.0 24.393372964094638 22.58602820872383
458.5 24.395155599860608 22.586674223806508
459.0 24.396917893810794 22.587320443809013
459.5 24.398696637000054 22.587956801414176
460.0 24.400456242277684 22.588596422450152
