FastTrWP/PhaseSpace/IAs/snIa_0.6_20_0.0_-0.1.csv
# %ECSV 0.9
# ---
# datatype:
# - {name: time-rel, datatype: float64}
# - {name: g, datatype: float64}
# - {name: i, datatype: float64}
# schema: astropy-2.0
time-rel g i
[from data line 969]
470.9375 -26.422521840787017 -27.685001878398282
471.4375 -26.421138284957845 -27.684993697576243
471.93749999999994 -26.419725442104628 -27.684973586370532
472.4375 -26.418333358710516 -27.684968892466195
472.9375 -26.416926578975136 -27.684946549728636
473.43749999999994 -26.415508593243693 -27.68493522073054
473.9375 -26.41408717703221 -27.68491470238004
474.4375 -26.412653711005515 -27.684890103471233
474.93749999999994 -26.411235191484028 -27.684874406750943
475.4375 -26.40981792347974 -27.68484338381073
475.9375 -26.408376792156357 -27.684811314154597
476.43749999999994 -26.40694321714033 -27.684783985445748
476.9375 -26.40548285039862 -27.68474727713187
477.4375 -26.404049203717936 -27.684718800748676
477.93749999999994 -26.402583122807993 -27.68467550099863
478.4375 -26.40114329597187 -27.684644224525993
478.9375 -26.39967863988245 -27.684600546894565
479.43749999999994 -26.39822083977407 -27.68455691367567
479.9375 -26.39673807932212 -27.684514248911153
480.4375 -26.395272720265304 -27.684466252727958
480.93749999999994 -26.393792188735276 -27.68441595750804
481.4375 -26.39232806684064 -27.684362271502575
481.9375 -26.390831696848764 -27.68431932715453
482.43749999999994 -26.389352892837135 -27.68425657493266
482.9375 -26.387862935774756 -27.68420359877126
483.4375 -26.386365389921927 -27.684148240285225
483.93749999999994 -26.384870974617506 -27.68408673587996
484.4375 -26.383370280258003 -27.684026571860517
484.9375 -26.381872474068153 -27.68396138026889
485.43749999999994 -26.38036171493478 -27.683896060027656
485.9375 -26.378851101634236 -27.683831223658075
486.4375 -26.377340215073644 -27.683767904695337
486.93749999999994 -26.375834247583654 -27.683700724131143
487.4375 -26.3743172922392 -27.683622531453125
487.9375 -26.37278915205173 -27.683551348157877
488.43749999999994 -26.371262736967935 -27.683478272926134
488.9375 -26.369744228424143 -27.68339669594514
489.4375 -26.368213275086898 -27.683332372877715
489.93749999999994 -26.366683372946206 -27.683247315403282
490.4375 -26.36515379737919 -27.683169238019975
490.9375 -26.363615453341183 -27.68308435250662
491.43749999999994 -26.362059828669487 -27.683002725211516
491.9375 -26.360518432755768 -27.68291652690056
492.4375 -26.358993459704052 -27.682829796071474
492.93749999999994 -26.35744334496136 -27.682738259923934
493.4375 -26.355893281119496 -27.682652787864136
493.9375 -26.354341799727884 -27.682564407124826
494.43749999999994 -26.352794552779958 -27.68246838428555
494.9375 -26.351239185013625 -27.682376007207182
495.4375 -26.349694726269153 -27.682279767410442
495.93749999999994 -26.348129672425536 -27.68218413152208
496.4375 -26.34657598943496 -27.682090801042825
496.9375 -26.34501336735982 -27.681983700336595
497.43749999999994 -26.34345174284291 -27.681890208204358
497.9375 -26.341890456922478 -27.68178624150397
498.4375 -26.340324268571493 -27.681676958298915
498.9375 -26.338751947960063 -27.681580321592556
499.4375 -26.337192716917436 -27.681474393097318
499.9375 -26.33563250324544 -27.68137002641599
500.4375 -26.33407504023325 -27.681263966230894
500.9375 -26.332505506382976 -27.68115547682356
501.4375 -26.33092903871586 -27.68104114391892
501.9375 -26.329343035406097 -27.680931967038735
502.4375 -26.327776754143816 -27.680824577648437
502.9375 -26.32621784578273 -27.680711319740908
503.4375 -26.324637125486912 -27.68059447762999
503.9375 -26.323069264107964 -27.680478637299984
504.4375 -26.321493600663494 -27.680365130065002
504.9375 -26.31991416683372 -27.680249034897486
505.4375 -26.318346251252475 -27.68013048324244
505.9375 -26.31677535107418 -27.680012615316496
506.4375 -26.31518963973341 -27.679884567199334
506.9375 -26.3136091822895 -27.67976341252829
507.4375 -26.312024942478626 -27.67963332515567
507.9375 -26.31043124097863 -27.67951608296113
508.4375 -26.308851868695015 -27.679382254118558
508.9375 -26.30725570351599 -27.67925586302228
509.4375 -26.305654045878285 -27.679125981881903
509.9375 -26.304072585972452 -27.678990184026958
510.4375 -26.302464781686574 -27.678860057943538
510.9375 -26.300862755555976 -27.678725547848366
511.4375 -26.299251939217626 -27.67858705136755
511.9375 -26.297638339397075 -27.678445470387494
512.4375 -26.296030622840746 -27.678307187440716
512.9375 -26.29443580066979 -27.678167512908285
513.4375 -26.29282060169952 -27.67802691335597
513.9375 -26.291194017368102 -27.677876342615313
514.4375 -26.289576155298768 -27.677733066262114
514.9375 -26.287959051452138 -27.677586850532713
515.4375 -26.286325158019498 -27.677437212311848
515.9375 -26.284704165751634 -27.677286593555056
516.4375 -26.28306454184845 -27.67713195712181
516.9375 -26.281440612750462 -27.676986067700163
517.4375 -26.279806233712584 -27.676822808443866
517.9375 -26.278170676576664 -27.67666629571574
518.4375 -26.276529142617772 -27.676515928254936
518.9375 -26.274881436728602 -27.676353216532195
519.4375 -26.273244209060095 -27.676191769154542
519.9375 -26.271605895961784 -27.676029453752427
520.4375 -26.26994451772002 -27.67585897234944
520.9375 -26.268295247568894 -27.675702505812104
521.4375 -26.266627585305635 -27.675537446070834
521.9375 -26.264983120068024 -27.67537283037116
522.4375 -26.263330666188686 -27.675192351297095
522.9375 -26.26167501952871 -27.675023235447227
523.4375 -26.2600045331571 -27.674849548642953
523.9375 -26.258338392308342 -27.67468162553424
524.4375 -26.25667097002438 -27.67450067077729
524.9375 -26.254987305179988 -27.674323695748328
525.4375 -26.25332266967327 -27.674148938076332
525.9375 -26.251633603081498 -27.67396954078356
526.4375 -26.24996072849708 -27.67378715031784
526.9375 -26.24829370323438 -27.673604281822097
527.4375 -26.246613143515557 -27.673425101995306
527.9375 -26.244931460472507 -27.673233424187735
528.4375 -26.243242712076054 -27.673047841448806
528.9375 -26.241541481683765 -27.672861653155508
529.4375 -26.23985969138738 -27.67266625239391
529.9375 -26.238162185313584 -27.672481379958157
530.4375 -26.236468064404434 -27.672289587853342
530.9375 -26.234764062857252 -27.672094652464082
531.4375 -26.233058498327395 -27.671895032271458
531.9375 -26.231361701293665 -27.671705925393507
532.4375 -26.229652619528053 -27.671506012195128
532.9375 -26.227953271129465 -27.67130902186434
533.4375 -26.22623170297802 -27.67110701691482
533.9375 -26.224518078726614 -27.670899834118345
534.4375 -26.22280946533046 -27.670700031764706
534.9375 -26.22108279437512 -27.670497538964195
535.4375 -26.219368547517405 -27.670287330266415
535.9375 -26.21765245007783 -27.670086922882643
536.4375 -26.21590167507142 -27.669864668275853
536.9375 -26.21419333845729 -27.66966205124866
537.4375 -26.21245461853402 -27.669451723338362
537.9375 -26.210732531660245 -27.669237794149367
538.4375 -26.208999066971455 -27.669022996547454
538.9375 -26.207253824917828 -27.668803430271502
539.4375 -26.205510407922937 -27.668599854513985
539.9375 -26.203782091471275 -27.668376148756977
540.4375 -26.202037337478252 -27.668151902053108
540.9375 -26.20028890259824 -27.667932218096748
541.4375 -26.198537980193993 -27.667715375777462
541.9375 -26.196786078276638 -27.667486551974953
542.4375 -26.19503008469584 -27.667262238075686
542.9375 -26.19327297141144 -27.667038024156195
543.4375 -26.19152582141224 -27.666811288022082
543.9375 -26.189754192238716 -27.66657996247713
544.4375 -26.187994804847136 -27.666354366841333
544.9375 -26.186233282012452 -27.66612456503157
545.4375 -26.184458438301085 -27.66588563453241
545.9375 -26.182695298267987 -27.665650174282458
546.4375 -26.180912078063315 -27.665412159436443
546.9375 -26.179127938064354 -27.665172133279977
547.4375 -26.17735630051568 -27.6649398390729
547.9375 -26.175579796349865 -27.664690204283133
548.4375 -26.173790103452355 -27.66445165603917
548.9375 -26.17198986336314 -27.66420199927506
549.4375 -26.170187213630815 -27.663965460551225
549.9375 -26.16840379653486 -27.663713903758
550.4375 -26.166614297123783 -27.663469226547036
550.9375 -26.16480981130724 -27.663214761402255
551.4375 -26.16301762236776 -27.6629632270621
551.9375 -26.161192633637498 -27.66271142505897
552.4375 -26.159386677463637 -27.662453420764002
552.9375 -26.157568815601124 -27.662201638997864
553.4375 -26.15574854876531 -27.661936819464373
553.9375 -26.15394666176124 -27.661678406004263
554.4375 -26.152125626205894 -27.661419784546737
554.9375 -26.15030212642001 -27.661161804281676
555.4375 -26.148478315294575 -27.660891692272376
555.9375 -26.146646172278526 -27.660630776882392
556.4375 -26.144817379972515 -27.66036657176238
556.9375 -26.142978568651625 -27.66009880037604
557.4375 -26.141148953148665 -27.659824535395053
557.9375 -26.139305746696138 -27.65955410185631
558.4375 -26.13746684237649 -27.659285514985687
558.9375 -26.135612050605776 -27.659006203105264
559.4375 -26.133753085349937 -27.658736464492087
559.9375 -26.131912801006223 -27.658464561637658
560.4375 -26.130058563693368 -27.658178337070293
560.9375 -26.128187349929238 -27.657898123156745
561.4375 -26.12634173901018 -27.65762265678832
561.9375 -26.12447895644614 -27.657336549551516
562.4375 -26.1226264422057 -27.657052944996167
562.9375 -26.120755308541433 -27.65677040046731
563.4375 -26.118867502396 -27.65648538457277
563.9375 -26.11700215407554 -27.656196774190157
564.4375 -26.115131773574195 -27.65591134198971
564.9375 -26.113252051781423 -27.655618168590436
565.4375 -26.11135945081806 -27.655327436773657
565.9375 -26.10949584122865 -27.655030305331366
566.4375 -26.107606545562916 -27.654742133137585
566.9375 -26.10571699824495 -27.654446169388343
567.4375 -26.10382536092654 -27.654149750905347
567.9375 -26.10191892134388 -27.653844784664507
568.4375 -26.100035484325762 -27.653549973396498
568.9375 -26.098134264084614 -27.65325236774739
569.4375 -26.09623389354388 -27.65294907785868
569.9375 -26.094328182798225 -27.652640164590284
570.4375 -26.09242075039683 -27.652336243591378
570.9375 -26.09051755336314 -27.65203441813762
571.4375 -26.088600737530726 -27.65172907249142
571.9375 -26.086687971483688 -27.651419300354277
572.4375 -26.084774218748976 -27.651109812837667
572.9375 -26.082851813788295 -27.650795872274244
573.4375 -26.08093459915193 -27.650491373687913
573.9375 -26.079014929089585 -27.650175645155922
574.4375 -26.077077672852056 -27.649858798544415
574.9375 -26.07514229956405 -27.649549312352676
575.4375 -26.073212506619466 -27.64922567836784
575.9375 -26.07129177167409 -27.648909636274865
576.4375 -26.06934381142147 -27.648593606470648
576.9375 -26.067416442064815 -27.648270018924546
577.4375 -26.065466667040347 -27.64793788739118
577.9375 -26.063519806187806 -27.64762212743355
578.4375 -26.061586343326866 -27.647299703725565
578.9375 -26.05963213512766 -27.646971222596505
579.4375 -26.057692392867256 -27.646646833874083
579.9375 -26.05573977920628 -27.64631205009186
580.4375 -26.053767925452618 -27.645987478269227
580.9375 -26.051823472491513 -27.64565448125079
581.4375 -26.049856005148598 -27.645328771395516
581.9375 -26.047889133931722 -27.64499220796398
582.4375 -26.04592790806847 -27.64466480999847
582.9375 -26.043964365939356 -27.64432096876986
583.4375 -26.041970549149536 -27.643990753709833
583.9375 -26.03998711734263 -27.6436504495053
584.4375 -26.03798877859549 -27.643309707749818
584.9375 -26.036002723209748 -27.642967528405855
585.4375 -26.03399494239706 -27.642618429360727
585.9375 -26.0319930217403 -27.642280750504913
586.4375 -26.029986271730404 -27.641928585170184
586.9375 -26.027975632593623 -27.641581288265247
587.4375 -26.025964603371563 -27.641225113450652
587.9375 -26.023934430593847 -27.640879241809397
588.4375 -26.02190556529084 -27.640523143210647
588.9375 -26.0198802895161 -27.64016863443862
589.4375 -26.017850895269518 -27.639805807866196
589.9375 -26.01581553965003 -27.639451853408232
590.4375 -26.013770822965554 -27.63909196968453
590.9375 -26.011729828582368 -27.638726672211238
591.4375 -26.00966449924217 -27.638366796204718
591.9375 -26.0076334828079 -27.63801149907512
592.4375 -26.005558035160107 -27.637639155758137
592.9375 -26.00351491993316 -27.637272566246203
593.4375 -26.001440306402852 -27.636901529933994
593.9375 -25.999361801632013 -27.636530221179363
594.4375 -25.997294407321014 -27.63616446520939
594.9375 -25.995222259109312 -27.63579019974773
595.4375 -25.993144979697544 -27.635413721854135
595.9375 -25.991068664995428 -27.635046278015942
596.4375 -25.98898447273145 -27.63466655104548
596.9375 -25.98691171143657 -27.63428901887679
597.4375 -25.984813410738006 -27.633908410506773
597.9375 -25.982718129637654 -27.633533287532963
598.4375 -25.980626723154494 -27.63314749321616
598.9375 -25.978538871669528 -27.63276418328498
599.4375 -25.97643538731012 -27.632386286543888
599.9375 -25.97433960285556 -27.631990716083457
600.4375 -25.972244257170058 -27.63160300871068
600.9375 -25.97012861492175 -27.631222110310386
601.4375 -25.968033900552705 -27.630832785398223
601.9375 -25.96592632258237 -27.630449262239367
602.4375 -25.963826023719356 -27.6300583391644
602.9375 -25.96170627509553 -27.629660259225496
603.4375 -25.959594123830044 -27.629273627368054
603.9375 -25.95747253897603 -27.628869844171625
604.4375 -25.95536392787246 -27.62847445258364
604.9375 -25.953240921136423 -27.62807827130741
605.4375 -25.951138454293865 -27.627683661076404
605.9375 -25.94901060889574 -27.627288933867028
606.4375 -25.946908318478563 -27.626889093534523
606.9375 -25.944777404886707 -27.626483071634887
607.4375 -25.942671732860923 -27.626084951230684
607.9375 -25.940545374210274 -27.62567806340929
608.4375 -25.938417529171815 -27.6252737687185
608.9375 -25.936309598477653 -27.624874882395147
609.4375 -25.934175078197473 -27.624463562826705
609.9375 -25.932056599770732 -27.62405980219612
610.4375 -25.929947468692355 -27.623649477850613
610.9375 -25.92782634642267 -27.62324084890391
611.4375 -25.925711225427513 -27.62283046079731
611.9375 -25.923594763626163 -27.622425196155223
612.4375 -25.92148674100354 -27.622016477697912
612.9375 -25.919352317837006 -27.621595517039097
613.4375 -25.917250247268534 -27.62119034088758
613.9375 -25.915131597502985 -27.620772772098267
614.4375 -25.913030407853185 -27.620355151880354
614.9375 -25.910918053618737 -27.619943979360244
615.4375 -25.908807224311104 -27.619530409917644
615.9375 -25.90669781517792 -27.619108136871876
616.4375 -25.904593424245714 -27.618691070463722
616.9375 -25.9024922132364 -27.618276292643863
617.4375 -25.90038621552141 -27.61785429183853
617.9375 -25.89829209493743 -27.617438037515875
618.4375 -25.896193884550243 -27.617012130418928
618.9375 -25.89408810091808 -27.61660462576675
619.4375 -25.8920226294618 -27.616171792724128
619.9375 -25.88992287349496 -27.615748022541148
620.4375 -25.887825362702518 -27.61532684537306
620.9375 -25.885749163307153 -27.614900207948303
621.4375 -25.88366306660943 -27.61447877148384
621.9375 -25.88158923654099 -27.614043305979582
622.4375 -25.879485987818313 -27.613626149191255
622.9375 -25.877394052039882 -27.61319370409831
623.4375 -25.875301400299215 -27.61275640425088
623.9375 -25.873207994685878 -27.612332609770217
624.4375 -25.871122405139054 -27.611893808162705
624.9375 -25.86903837347868 -27.61146166709136
625.4375 -25.866950826101846 -27.611027206894967
625.9375 -25.8648436839669 -27.610599707565697
626.4375 -25.86275876726079 -27.61015914183136
626.9375 -25.860673083109376 -27.60972252395945
627.4375 -25.85858012334503 -27.609276617724262
627.9375 -25.856490134268682 -27.608835806523714
628.4375 -25.854397484553118 -27.608400542420544
628.9375 -25.852287909630416 -27.607956395612803
629.4375 -25.85020750128973 -27.60751479310692
629.9375 -25.84812505724352 -27.607067634304343
630.4375 -25.846024614772887 -27.606613918878562
630.9375 -25.84392933912146 -27.606165596368367
631.4375 -25.841829656640897 -27.60572463175886
631.9375 -25.839748305575544 -27.605270099270935
632.4375 -25.837659868578736 -27.604820580275113
632.9375 -25.835563951115844 -27.604371588603144
633.4375 -25.83347835083226 -27.603917017788078
633.9375 -25.831398757456846 -27.603464634701183
