FastTrWP/PhaseSpace/IAs/snIa_0.6_20_1_0.0.csv
# %ECSV 0.9
# ---
# datatype:
# - {name: time-rel, datatype: float64}
# - {name: g, datatype: float64}
# - {name: i, datatype: float64}
# schema: astropy-2.0
time-rel g i
[from data line 986]
479.12499999999994 -26.128605827162374 -27.731584581077744
479.625 -26.127258480589663 -27.731545384925795
480.125 -26.125888784748117 -27.731497988363984
480.62499999999994 -26.124516493685277 -27.731447011455703
481.125 -26.12316061229965 -27.731405242184056
481.625 -26.1217807482182 -27.731347254140175
482.12499999999994 -26.120408642569185 -27.73130397291
482.625 -26.11902373140563 -27.731252994724468
483.125 -26.117640878812036 -27.73119588664394
483.62499999999994 -26.116267171298624 -27.731143939888604
484.125 -26.11488715698041 -27.731086187642426
484.625 -26.113487976992587 -27.73103515832164
485.12499999999994 -26.11210844406477 -27.730973196532563
485.625 -26.11071599082318 -27.73090596028128
486.125 -26.109315757771473 -27.73085143123634
486.62499999999994 -26.107914936595694 -27.730785819338323
487.125 -26.106511841100367 -27.730725464258505
487.625 -26.105111199242618 -27.730663103352523
488.12499999999994 -26.103719329868035 -27.73058946684449
488.625 -26.102314935682966 -27.73052560623777
489.125 -26.100900264308436 -27.730463939256932
489.62499999999994 -26.099489804666923 -27.730393168441353
490.125 -26.09807981803047 -27.730316269213205
490.625 -26.09667277259777 -27.730249009693534
491.12499999999994 -26.09526144257828 -27.730172812621007
491.625 -26.093842727257105 -27.730097810129394
492.125 -26.092436046358504 -27.730018754425004
492.62499999999994 -26.091022715284083 -27.729947052165443
493.125 -26.089608923934872 -27.72986304239097
493.625 -26.08818749245826 -27.72979000432642
494.12499999999994 -26.08676737663115 -27.72970504339099
494.625 -26.085343239811728 -27.729621365820893
495.125 -26.083944347221262 -27.729545886138233
495.62499999999994 -26.082517958330534 -27.729458857873283
496.125 -26.08109293627419 -27.729376462758605
496.625 -26.079686984127033 -27.72928960234479
497.12499999999994 -26.078259276863914 -27.729207789542436
497.625 -26.076834688343006 -27.72911531966914
498.125 -26.07541803135331 -27.72902398046603
498.625 -26.073991523474703 -27.728938366821506
499.125 -26.072588472251095 -27.728844848348917
499.625 -26.071174095560856 -27.728756639403027
500.125 -26.06973246286307 -27.728663369217838
500.625 -26.068328770317567 -27.728568393525634
501.125 -26.066907091138873 -27.72847663237243
501.625 -26.06550430260791 -27.7283741425725
502.125 -26.06407449628429 -27.728280173416916
502.625 -26.062658827547757 -27.728181596726458
503.125 -26.06126023711658 -27.728078139639074
503.625 -26.059842991570633 -27.727978744387745
504.125 -26.058429851861234 -27.727883549461364
504.625 -26.057024147420258 -27.72777320037704
505.125 -26.05560127756023 -27.727673197483263
505.625 -26.054196691576934 -27.72757442828114
506.125 -26.052790204376958 -27.727470288554777
506.625 -26.05137143322748 -27.727355370562666
507.125 -26.04996354191101 -27.727246698580647
507.625 -26.048555173764292 -27.727138313517354
508.125 -26.047127863765475 -27.727026031668967
508.625 -26.045710660664902 -27.72691483844936
509.125 -26.04429460958233 -27.726804414779913
509.625 -26.04288038156175 -27.726689110867678
510.125 -26.0414552552127 -27.72657227467716
510.625 -26.040033107537454 -27.72647034208871
511.125 -26.038602917463102 -27.72633963895943
511.625 -26.037177497642947 -27.726222669270314
512.125 -26.035768748865053 -27.72609620625292
512.625 -26.034332093614637 -27.725980361681913
513.125 -26.032905098680672 -27.72586198612309
513.625 -26.031480472529303 -27.725730049962266
514.125 -26.030053160656532 -27.725610923068785
514.625 -26.028601298482975 -27.725480229858807
515.125 -26.02717965834577 -27.72536034831914
515.625 -26.025753145257777 -27.725227201423905
516.125 -26.024325164941974 -27.72509013683854
516.625 -26.022882747696833 -27.72496702462519
517.125 -26.021455169017237 -27.724831332526712
517.625 -26.020022157471377 -27.724692563517017
518.125 -26.018572405090417 -27.724565665368285
518.625 -26.017129084004587 -27.72442631115352
519.125 -26.01569434090669 -27.724292786082124
519.625 -26.01425486136629 -27.724151594511884
520.125 -26.01281325557405 -27.72401277826386
520.625 -26.011370436133173 -27.723868761088724
521.125 -26.009927685317635 -27.723726617622244
521.625 -26.008480963125585 -27.723588533161227
522.125 -26.007024197227242 -27.72343881460216
522.625 -26.00558688424236 -27.7232951727057
523.125 -26.004135414756583 -27.723150445077934
523.625 -26.00269397791019 -27.72300477687917
524.125 -26.001241829282023 -27.722854948802926
524.625 -25.999786852451724 -27.722700342888807
525.125 -25.99831840026514 -27.722553688286098
525.625 -25.996866278909756 -27.722402801677227
526.125 -25.995421129453092 -27.722245095404435
526.625 -25.993957063369734 -27.72208820490335
527.125 -25.99250874312044 -27.72193708733583
527.625 -25.99104615820699 -27.721775597529216
528.125 -25.989601711499265 -27.721620991877522
528.625 -25.988120568786165 -27.721467465492907
529.125 -25.986675512029098 -27.72130222520737
529.625 -25.985205965136906 -27.721139382704763
530.125 -25.983745094748038 -27.72097658611183
530.625 -25.98227716241182 -27.720816054388493
531.125 -25.9808330032071 -27.72065478240727
531.625 -25.97935318941151 -27.720483182707113
532.125 -25.977888923781283 -27.720315212492984
532.625 -25.976425150542784 -27.720153325661432
533.125 -25.974969241229793 -27.719979241272487
533.625 -25.973490203724 -27.719808258659207
534.125 -25.97203458248935 -27.719639073528256
534.625 -25.970549962008178 -27.71946791348721
535.125 -25.969078336024243 -27.7192900124637
535.625 -25.967600645261484 -27.71912067277443
536.125 -25.96614125531247 -27.718948516508174
536.625 -25.96466660747296 -27.718766464573967
537.125 -25.963182262362476 -27.718587172391153
537.625 -25.961718729935885 -27.718412866207537
538.125 -25.96023531278827 -27.718227723836456
538.625 -25.95875794612457 -27.71804816188378
539.125 -25.95728061817656 -27.717875400291007
539.625 -25.955813054894882 -27.71768242695206
540.125 -25.95432342832963 -27.717499235996907
540.625 -25.95285447176064 -27.71731241826146
541.125 -25.951358122724333 -27.717130087045433
541.625 -25.94988778743028 -27.716948019533866
542.125 -25.948385084143798 -27.716759672139112
542.625 -25.946912256472032 -27.71656588612048
543.125 -25.945427520038212 -27.71637817639824
543.625 -25.9439490178568 -27.716185007592408
544.125 -25.942451357820776 -27.715989324258533
544.625 -25.940965336841046 -27.715795161937354
545.125 -25.939495853391726 -27.715599751233594
545.625 -25.938001455115874 -27.715408029529666
546.125 -25.93650330030162 -27.715205920278
546.625 -25.93502132503271 -27.715011695880456
547.125 -25.93353047701485 -27.71481250241436
547.625 -25.93202962341032 -27.71460639718754
548.125 -25.93055846425759 -27.714406052974656
548.625 -25.929028313934374 -27.714201821823302
549.125 -25.927542112364797 -27.713997483599133
549.625 -25.9260403425329 -27.713788476404023
550.125 -25.924561358313333 -27.713586794564506
550.625 -25.923045002860672 -27.713379106410013
551.125 -25.921546275647984 -27.71317192940956
551.625 -25.920043622375943 -27.712958737474153
552.125 -25.91854708289801 -27.71274104087942
552.625 -25.91704094153062 -27.712533321587603
553.125 -25.915538850954768 -27.71231554721926
553.625 -25.91403659128151 -27.712098237776853
554.125 -25.912532577721322 -27.711879667735687
554.625 -25.91101941469441 -27.711662499636738
555.125 -25.90952653257959 -27.71144277651527
555.625 -25.907992108366436 -27.711227801119342
556.125 -25.9065057348211 -27.711004354678522
556.625 -25.904982929601694 -27.710785583010935
557.125 -25.903471867395037 -27.7105608701397
557.625 -25.901955053844183 -27.710333548508036
558.125 -25.900438891816243 -27.710109891496792
558.625 -25.89892719965154 -27.709882284564795
559.125 -25.897406360213395 -27.709650111201913
559.625 -25.89589045170915 -27.709421322724957
560.125 -25.894393469427047 -27.709190499268907
560.625 -25.892852711013006 -27.708959447461314
561.125 -25.89134316778369 -27.708728995410784
561.625 -25.889828694794623 -27.70849741830043
562.125 -25.888294860005132 -27.708257909675233
562.625 -25.886769058349046 -27.708024315582307
563.125 -25.88524243556644 -27.70778505743616
563.625 -25.88372368676055 -27.7075466895814
564.125 -25.88219575512021 -27.707305834926625
564.625 -25.880672620526816 -27.707072354399315
565.125 -25.87916136454748 -27.70682833754367
565.625 -25.877623593598535 -27.70658448546763
566.125 -25.876098829042867 -27.70634199332536
566.625 -25.874553521608597 -27.706102173726745
567.125 -25.873034262141026 -27.705856173773896
567.625 -25.871503277364578 -27.705608479811744
568.125 -25.869959902049313 -27.705365968047943
568.625 -25.868440976505667 -27.70511549392807
569.125 -25.866887989835856 -27.704854726804466
569.625 -25.86536877651158 -27.704613929481297
570.125 -25.863824442740846 -27.704358962885024
570.625 -25.862285763841907 -27.704100492329005
571.125 -25.86075444131252 -27.703850118511376
571.625 -25.859229295085594 -27.703595736943484
572.125 -25.857679190091588 -27.703344750698488
572.625 -25.856137005923266 -27.703086406923596
573.125 -25.85458127892843 -27.702828684847386
573.625 -25.853046817589966 -27.702568189801887
574.125 -25.85150658340424 -27.70231097826631
574.625 -25.84996993213318 -27.702043806704204
575.125 -25.8484108292149 -27.701787697511357
575.625 -25.846869465931995 -27.70151807124836
576.125 -25.84533457132096 -27.701260278623764
576.625 -25.84378905762783 -27.700992157487757
577.125 -25.842227795449254 -27.70072940184776
577.625 -25.84067655662249 -27.700460540513628
578.125 -25.839135857903734 -27.70019935493724
578.625 -25.83757226502033 -27.699925651495082
579.125 -25.83604590324583 -27.69965509143042
579.625 -25.834476565949554 -27.699384287282363
580.125 -25.83292762449708 -27.699117871838403
580.625 -25.83135957832927 -27.698846752316545
581.125 -25.829822300123467 -27.69857538432786
581.625 -25.828271567921007 -27.69829838498078
582.125 -25.82670393617463 -27.69801929267549
582.625 -25.8251556574072 -27.697746904505564
583.125 -25.82357830521804 -27.697473227816175
583.625 -25.822030118678747 -27.69718676582176
584.125 -25.82046717820941 -27.69690790318784
584.625 -25.818904064197 -27.69662730307216
585.125 -25.81733771967293 -27.696344206537148
585.625 -25.81578055023 -27.696063026147062
586.125 -25.814221962990842 -27.69577791790361
586.625 -25.812650674899885 -27.695489316321943
587.125 -25.81109250476146 -27.695205801487333
587.625 -25.80952585954052 -27.69491940977581
588.125 -25.80795265958493 -27.69462633699391
588.625 -25.806388518924738 -27.694332977703585
589.125 -25.804805004372838 -27.694037763602864
589.625 -25.80323646920509 -27.693750718011042
590.125 -25.80167546766381 -27.693455162228805
590.625 -25.800102501539065 -27.693158620513486
591.125 -25.798528924372736 -27.69286333769154
591.625 -25.796963847034668 -27.692567825046055
592.125 -25.795371568838966 -27.692269747488943
592.625 -25.793800154808416 -27.69196798140529
593.125 -25.792212944162696 -27.691669579731926
593.625 -25.79064200422703 -27.69136926573633
594.125 -25.789063231287894 -27.69106590759348
594.625 -25.787481303802927 -27.690758328972596
595.125 -25.78589024827355 -27.69045307693426
595.625 -25.784312994845507 -27.690149320650384
596.125 -25.782729856800998 -27.689834377428447
596.625 -25.781151616177485 -27.689529212192156
597.125 -25.779566576820372 -27.689223591827442
597.625 -25.77798832093425 -27.688914044256837
598.125 -25.77640840755453 -27.68860196979629
598.625 -25.774801345901245 -27.68828646240896
599.125 -25.77323232652772 -27.687975911566312
599.625 -25.771615813502695 -27.687660172548576
600.125 -25.770046192584317 -27.687339208981726
600.625 -25.76844648801815 -27.687029189149456
601.125 -25.766856143617748 -27.686710678109534
601.625 -25.765271731973932 -27.68638944973109
602.125 -25.763670189736082 -27.686069716012668
602.625 -25.762076341986475 -27.685748110316464
603.125 -25.760478402454318 -27.68542802608547
603.625 -25.758888705710493 -27.68510736342405
604.125 -25.757276757319897 -27.684781583206124
604.625 -25.755695519670706 -27.68445529878786
605.125 -25.754088327233408 -27.68413699460048
605.625 -25.752502224767987 -27.68381086940049
606.125 -25.750869054777667 -27.68347531157613
606.625 -25.74927917359235 -27.683145397194977
607.125 -25.747679934457395 -27.682829848103808
607.625 -25.746063911476714 -27.682496070654693
608.125 -25.744462668755542 -27.682159519542743
608.625 -25.742848394897827 -27.68182720005026
609.125 -25.741258206888105 -27.68149586719359
609.625 -25.739647179605477 -27.681173166771128
610.125 -25.73803969947868 -27.680834795975304
610.625 -25.736430724906523 -27.680498592786748
611.125 -25.734803837504202 -27.6801629714496
611.625 -25.7331903812332 -27.679820235079173
612.125 -25.731587479263073 -27.679483333074195
612.625 -25.729973959451083 -27.679146240916765
613.125 -25.728365845745863 -27.678805581774675
613.625 -25.72676001936451 -27.678464445953978
614.125 -25.725138712023256 -27.678123154404794
614.625 -25.723517028956596 -27.677788986321005
615.125 -25.721912090604498 -27.677439610626237
615.625 -25.7202815153631 -27.677096548321295
616.125 -25.718666551435483 -27.67675353126164
616.625 -25.71703860805822 -27.67641663203205
617.125 -25.715427153038558 -27.67606521786547
617.625 -25.7137900723798 -27.675712960477306
618.125 -25.71220024050753 -27.67537040922893
618.625 -25.71054830925631 -27.675021883831995
619.125 -25.708927356570015 -27.674676056393636
619.625 -25.707312390149376 -27.674320030287017
620.125 -25.70567746168296 -27.67397375912331
620.625 -25.704054415547624 -27.673621672835612
621.125 -25.702436037813357 -27.673266929785242
621.625 -25.700797229453478 -27.67291439984288
622.125 -25.699180276600764 -27.672554778213843
622.625 -25.697537542256423 -27.67219759198027
623.125 -25.695888472533746 -27.67184685342063
623.625 -25.69427052380476 -27.6714885417636
624.125 -25.692645973223787 -27.67112848572109
624.625 -25.691008646512238 -27.67077515070028
625.125 -25.689381641418446 -27.670411540143846
625.625 -25.68774030512003 -27.670046733643513
626.125 -25.686104012405963 -27.669684997028227
626.625 -25.68445887950514 -27.669323781347295
627.125 -25.6828214163369 -27.668957739438564
627.625 -25.68117638690446 -27.668592276853047
628.125 -25.67954722266421 -27.668227199826173
628.625 -25.67790980180874 -27.667854811539335
629.125 -25.67626964228809 -27.667486991909502
629.625 -25.674644793260946 -27.667115623057327
630.125 -25.672975254161834 -27.666751961806032
630.625 -25.67134466602645 -27.66638053952978
631.125 -25.669681923786193 -27.66600042074944
631.625 -25.6680508247487 -27.665633093534918
632.125 -25.66637961581761 -27.66526437134145
632.625 -25.664750770696347 -27.664887985514774
633.125 -25.663094664818104 -27.664500447175904
633.625 -25.661450065739647 -27.664126322445096
634.125 -25.659808899925928 -27.66375431622878
634.625 -25.65815301696132 -27.663368769343077
635.125 -25.65648920609106 -27.66299191589953
635.625 -25.654835902171786 -27.662608655563126
636.125 -25.65317648154021 -27.662217646985148
636.625 -25.65153141739719 -27.66184551593775
637.125 -25.64987567111423 -27.661459626224698
637.625 -25.648216036110245 -27.661080284595073
638.125 -25.646543786426005 -27.660687997199865
638.625 -25.644911896119304 -27.66030524518852
639.125 -25.64323987102981 -27.659914430006175
639.625 -25.641577937523273 -27.659524957081683
640.125 -25.639915325924036 -27.6591379328383
640.625 -25.638244601805166 -27.658747844377956
641.125 -25.63658300120244 -27.65835654992258
641.625 -25.634920050209566 -27.657965912021403
642.125 -25.633253366757973 -27.65757086041068
642.625 -25.63158122066454 -27.65717304426033
643.125 -25.629906033622063 -27.656779240155515
643.625 -25.6282512769039 -27.656391682063166
644.125 -25.626582969998204 -27.6559954371962
644.625 -25.6249084797993 -27.655590862973067
645.125 -25.623229781935983 -27.655194663958753
645.625 -25.621555236535336 -27.65479468439576
646.125 -25.61988602282202 -27.654400736724018
