FastTrWP/PhaseSpace/IAs/snIa_0.68_30.00_-0.61_0.13.csv
# %ECSV 0.9
# ---
# datatype:
# - {name: time-rel, datatype: float64}
# - {name: g, datatype: float64}
# - {name: i, datatype: float64}
# schema: astropy-2.0
time-rel g i
[from data line 1445]
882.9791666666666 25.522679390024546 22.348771076331452
883.4791666666665 25.525060192342647 22.349447696428804
883.9791666666666 25.52742915186702 22.350128463399944
884.4791666666666 25.5298120914751 22.350801092421907
884.9791666666665 25.53219137903392 22.351482724025974
885.4791666666666 25.534554144554285 22.352165099356313
885.9791666666666 25.53693537170433 22.352854065840457
886.4791666666665 25.53930039178735 22.353539636394366
886.9791666666666 25.541648658494825 22.354218022303915
887.4791666666666 25.5440088308942 22.35490167509909
887.9791666666665 25.54637860448837 22.3555901498802
888.4791666666666 25.548740333537335 22.356285223755382
888.9791666666666 25.551084990065892 22.356966040667935
889.4791666666665 25.55344683347034 22.357657448197816
889.9791666666666 25.5558156812153 22.358348098243773
890.4791666666666 25.55819204176576 22.359037139397515
890.9791666666665 25.56053108143857 22.359722963828666
891.4791666666666 25.562830914377614 22.360416096458025
891.9791666666666 25.565202562688523 22.36111684619733
892.4791666666665 25.56754756818723 22.36180972654934
892.9791666666666 25.569898643376234 22.362503735575963
893.4791666666666 25.572210348217396 22.363202158807276
893.9791666666665 25.57457174632766 22.363898257872712
894.4791666666666 25.57689275696601 22.36459088838688
894.9791666666666 25.57919976616077 22.365288055369042
895.4791666666665 25.581526292436795 22.36599640273581
895.9791666666666 25.583836434910523 22.366687422072623
896.4791666666666 25.586139560084995 22.367395494324185
896.9791666666665 25.588476660576276 22.36809643889154
897.4791666666666 25.59077948239471 22.36880414679316
897.9791666666666 25.593109118396423 22.36950608022667
898.4791666666665 25.595397238634845 22.37020485364583
898.9791666666666 25.597701782528976 22.37090895436809
899.4791666666666 25.599995907785534 22.371620262657807
899.9791666666665 25.602275500379626 22.37232211779134
900.4791666666666 25.60457924164134 22.373036923627403
900.9791666666666 25.60686385939535 22.373740499594494
901.4791666666665 25.609161517304337 22.37445656393
901.9791666666666 25.61142037614897 22.375160743039597
902.4791666666666 25.61369942907146 22.37587127875406
902.9791666666665 25.61597439814785 22.376590757621955
903.4791666666666 25.618255625715896 22.377298138551037
903.9791666666666 25.62052663591774 22.378017652289323
904.4791666666665 25.62281260858169 22.378738504089128
904.9791666666666 25.62504711416027 22.37944872582885
905.4791666666666 25.627299363798322 22.380174709174273
905.9791666666665 25.629538479280477 22.380881094825604
906.4791666666666 25.631814139433185 22.381610505974905
906.9791666666666 25.63404654598356 22.3823336900507
907.4791666666665 25.636334159598803 22.38305534814806
907.9791666666666 25.63855417901116 22.383776781960254
908.4791666666666 25.640782911103784 22.384506319209272
908.9791666666665 25.643017509692243 22.385236245998076
909.4791666666666 25.645259077533353 22.385960721288846
909.9791666666666 25.647470515910857 22.38668276249557
910.4791666666665 25.649717299187095 22.38741751868508
910.9791666666666 25.651922611577366 22.388141691253903
911.4791666666666 25.654153045599685 22.388877277219773
911.9791666666665 25.656358304683323 22.38960766205553
912.4791666666666 25.658570021366444 22.390337777483754
912.9791666666666 25.660787703827722 22.39107712127824
913.4791666666665 25.66302842876949 22.39181187195484
913.9791666666666 25.665181333759143 22.392553473657934
914.4791666666666 25.667384426890088 22.39329017948532
914.9791666666665 25.669605098656973 22.394032038675327
915.4791666666666 25.671748894447774 22.394767509844826
915.9791666666666 25.67398013707986 22.39550524715571
916.4791666666665 25.67614791883958 22.396246460246417
916.9791666666666 25.67836368353686 22.39699086446159
917.4791666666666 25.68052023995651 22.397739792599598
917.9791666666665 25.682699525860087 22.398486784603044
918.4791666666666 25.684883583340962 22.399230708791045
918.9791666666666 25.687057611913815 22.399974726688512
919.4791666666665 25.689253477737562 22.400720124521726
919.9791666666666 25.69140606468615 22.401472535971138
920.4791666666666 25.693529358948727 22.40222775936273
920.9791666666665 25.695702196261013 22.402971883841776
921.4791666666666 25.697881670496674 22.403726313851845
921.9791666666666 25.699990184381964 22.404478463239062
922.4791666666665 25.702143826474316 22.405238680559858
922.9791666666666 25.70431574228682 22.40599265674622
923.4791666666666 25.706473261195338 22.406748133475002
923.9791666666665 25.70860787541519 22.407511547069564
924.4791666666666 25.710699078487043 22.408267755830643
924.9791666666666 25.71287681886514 22.40902610432275
925.4791666666665 25.715002935204932 22.4097898531943
925.9791666666666 25.717122003068557 22.410550462815316
926.4791666666666 25.71925333919369 22.411320366504995
926.9791666666665 25.721352090825384 22.412077216922967
927.4791666666666 25.7234873558222 22.412843779890864
927.9791666666666 25.72558937248596 22.413608337252594
928.4791666666665 25.72771269134195 22.414375375197043
928.9791666666666 25.729817627713814 22.415152007457454
929.4791666666666 25.73192902493612 22.415912038975424
929.9791666666665 25.73401505210411 22.416690476503547
930.4791666666666 25.736153124809682 22.417453260548484
930.9791666666666 25.738245775209222 22.418232070112133
931.4791666666665 25.740319819079396 22.419003058693917
931.9791666666666 25.742407204362486 22.419776394661422
932.4791666666666 25.744490228570484 22.42055080386136
932.9791666666665 25.746582698082776 22.421333687280907
933.4791666666666 25.748656939650377 22.42210660176955
933.9791666666666 25.750734223241377 22.422889873979607
934.4791666666665 25.752847604372068 22.423664881104763
934.9791666666666 25.754914205110726 22.42444918617274
935.4791666666666 25.756975044814396 22.425227676135332
935.9791666666665 25.75902450852481 22.426013401069163
936.4791666666666 25.761060506074042 22.42679958735781
936.9791666666666 25.763139393385558 22.42758208477786
937.4791666666665 25.765214533882123 22.428371683189336
937.9791666666666 25.76726628219539 22.429155926084427
938.4791666666666 25.769318427757266 22.42994709759675
938.9791666666665 25.771363216071272 22.43073141418624
939.4791666666666 25.773415375694242 22.43152787041557
939.9791666666666 25.775452445154528 22.432319328365594
940.4791666666665 25.777430836726502 22.43311479641727
940.9791666666666 25.77952551110667 22.433908993341042
941.4791666666666 25.78150183328836 22.434701962983475
941.9791666666665 25.783546169821427 22.435495849636588
942.4791666666666 25.78556540751204 22.436293514180882
942.9791666666666 25.78756949329241 22.437092972571833
943.4791666666665 25.78957510179023 22.437889276009393
943.9791666666666 25.791596316344595 22.438693962574572
944.4791666666666 25.793583412797787 22.439492524131246
944.9791666666665 25.795575837335996 22.440300054452177
945.4791666666666 25.79754013918249 22.441096882184258
945.9791666666666 25.79956528518926 22.441902121288393
946.4791666666665 25.801527062206837 22.442713223305685
946.9791666666666 25.80350446455907 22.443518754427295
947.4791666666666 25.805477496408095 22.44433304109005
947.9791666666665 25.8074402326403 22.44513468996265
948.4791666666666 25.80939699051356 22.445953282124613
948.9791666666666 25.811365636957685 22.446763411627096
949.4791666666665 25.81331290055129 22.447573079773058
949.9791666666666 25.815255109037697 22.448392772270253
950.4791666666666 25.817201245946947 22.449201765468363
950.9791666666665 25.819150166471687 22.450026044943808
951.4791666666666 25.821069287721485 22.450834593135404
951.9791666666666 25.822957861265255 22.451656161539365
952.4791666666665 25.824908705601676 22.452479557301924
952.9791666666666 25.826826460773354 22.453300963182503
953.4791666666666 25.828754265746994 22.454133286597425
953.9791666666665 25.83064676079674 22.454953687364323
954.4791666666666 25.83258918420939 22.45577493140609
954.9791666666666 25.83444714103619 22.456596094552566
955.4791666666665 25.836343045042682 22.45742465168525
955.9791666666666 25.838245851599094 22.458255250543303
956.4791666666666 25.840151111866486 22.459083331897233
956.9791666666665 25.84198005868934 22.459919223971163
957.4791666666666 25.84386057414163 22.460745412512363
957.9791666666666 25.84576218126333 22.461575765397086
958.4791666666665 25.84762229458082 22.46241336669541
958.9791666666666 25.849486499698074 22.46324935059901
959.4791666666666 25.851380812224125 22.464087297091076
959.9791666666665 25.85322077394882 22.464923419578454
960.4791666666666 25.855024037830077 22.465758827779432
960.9791666666666 25.85687317902621 22.46660884409597
961.4791666666665 25.858741626445582 22.46744317741035
961.9791666666666 25.860599043809287 22.468292757017313
962.4791666666666 25.862402761740114 22.469131036390447
962.9791666666665 25.864224855474724 22.469982690267905
963.4791666666666 25.86606401038297 22.470821153882493
963.9791666666666 25.867841306080397 22.471672294884083
964.4791666666665 25.869663140296957 22.472514428065175
964.9791666666666 25.871455143783393 22.47336860201212
965.4791666666666 25.873253969237528 22.47422070672424
965.9791666666665 25.87508477056389 22.475071385028393
966.4791666666666 25.876836876324912 22.475922004724325
966.9791666666666 25.878654381679077 22.4767815647073
967.4791666666665 25.880447494997682 22.477637512525376
967.9791666666666 25.882218809022834 22.47849366484903
968.4791666666666 25.88400191429077 22.47934917319313
968.9791666666665 25.885750879736623 22.480211345252464
969.4791666666666 25.88752767592293 22.481073367329202
969.9791666666666 25.889288147891293 22.48193018140414
970.4791666666665 25.891012265878427 22.482793632411916
970.9791666666666 25.892765337661544 22.483652358501235
971.4791666666666 25.894534220334155 22.484524265976372
971.9791666666665 25.896303530395365 22.485391961955287
972.4791666666666 25.89799805971876 22.48625541260338
972.9791666666666 25.899738080197054 22.487132626107673
973.4791666666665 25.901417708197304 22.488002675008367
973.9791666666666 25.903217447419912 22.48887151536085
974.4791666666666 25.90494507424996 22.48974472643978
974.9791666666665 25.906614875731545 22.490621071199683
975.4791666666666 25.908357756290354 22.49149449045744
975.9791666666666 25.910042969258072 22.492376224437486
976.4791666666665 25.911760562712534 22.493242811304125
976.9791666666666 25.913452547686408 22.49414066447354
977.4791666666666 25.915158591895405 22.49500851657734
977.9791666666665 25.916853927364613 22.495889162753482
978.4791666666666 25.918524725485472 22.4967668648491
978.9791666666666 25.920192008930915 22.49765727993108
979.4791666666665 25.921896243165634 22.49853847647558
979.9791666666666 25.923552930744084 22.49942564653236
980.4791666666666 25.92517531809144 22.500314819468095
980.9791666666665 25.92683158391003 22.501206768595765
981.4791666666666 25.928435876541478 22.50210147773099
981.9791666666666 25.93011707329397 22.50299576355129
982.4791666666665 25.931728700075546 22.50389250740247
982.9791666666666 25.93332236507408 22.50478743668419
983.4791666666666 25.934912107150296 22.505688675306196
983.9791666666665 25.93653650065999 22.506586140473907
984.4791666666666 25.93810305117057 22.507495910601016
984.9791666666666 25.939660851506403 22.508402978706023
985.4791666666665 25.94124619715947 22.509305939978383
985.9791666666666 25.942775825673014 22.510214736446876
986.4791666666666 25.944335630368247 22.511121047716237
986.9791666666665 25.94586240748296 22.512032618142136
987.4791666666666 25.94737399444865 22.512942492291153
987.9791666666666 25.948898448787148 22.513856708642436
988.4791666666665 25.95042871810969 22.51477198149894
988.9791666666666 25.951925135678092 22.515699357861347
989.4791666666666 25.953425443023896 22.51661031163748
989.9791666666665 25.954912424210008 22.51752916167093
990.4791666666666 25.9564069614349 22.51845430539655
990.9791666666666 25.95784756819256 22.519383968116465
991.4791666666665 25.959331642276933 22.520300082811605
991.9791666666666 25.960808666033678 22.521223217379504
992.4791666666666 25.96226759710159 22.52215566268109
992.9791666666665 25.963685093189635 22.523079047642817
993.4791666666666 25.965135137949954 22.524008493698847
993.9791666666666 25.966628637910112 22.52494815531358
994.4791666666665 25.968008142431085 22.52587948301808
994.9791666666666 25.96943385676596 22.526817975193353
995.4791666666666 25.97080261191044 22.527750100190232
995.9791666666665 25.972296520398167 22.52868520901003
996.4791666666666 25.973699448625762 22.529618881989137
996.9791666666666 25.97507061567063 22.53056368277806
997.4791666666665 25.97649467948239 22.531505451003877
997.9791666666666 25.97787440282165 22.532438492968826
998.4791666666666 25.979323210909083 22.533389058156263
998.9791666666665 25.98065461220749 22.534331543096172
999.4791666666666 25.982060022288543 22.535277111606156
999.9791666666666 25.983386845014387 22.536221431667304
1000.4791666666665 25.984797173354657 22.537163543577773
1000.9791666666666 25.986179464983863 22.538111579965264
1001.4791666666666 25.98754834589287 22.53906412543951
1001.9791666666666 25.988915116520424 22.54000737248683
1002.4791666666666 25.99027645713779 22.540956247181647
1002.9791666666666 25.991596975371753 22.541910952119704
1003.4791666666666 25.99298065858924 22.54286759998414
1003.9791666666666 25.994340442956418 22.543816918276192
1004.4791666666666 25.995674594776958 22.54476873245444
1004.9791666666666 25.997031275136962 22.54572050262892
1005.4791666666666 25.998345676536616 22.54668126766342
1005.9791666666666 25.999726544309812 22.54763717144701
1006.4791666666666 26.001067594555607 22.548599899496047
1006.9791666666666 26.002407729560954 22.549554957917927
1007.4791666666666 26.003767607072852 22.550513660196856
1007.9791666666666 26.005095483591923 22.55147374439304
1008.4791666666666 26.00646531279068 22.552440519917198
1008.9791666666666 26.00779006898664 22.553390836480496
1009.4791666666666 26.009101972131962 22.554356209007587
1009.9791666666666 26.010447153318243 22.55531919340556
1010.4791666666666 26.0118226655879 22.556280667083605
1010.9791666666666 26.013142945180846 22.55724290828933
1011.4791666666666 26.0144674178038 22.558209415997396
1011.9791666666666 26.015822741433972 22.55917842193556
1012.4791666666666 26.017163299708397 22.560133691591396
1012.9791666666666 26.01850325753301 22.56110872785081
1013.4791666666666 26.019852149484546 22.562071883496536
1013.9791666666666 26.021205566511956 22.563040435159646
1014.4791666666666 26.02256059820657 22.563999380576373
1014.9791666666666 26.02391121774639 22.564966824369005
1015.4791666666666 26.025289949087522 22.56594558093889
1015.9791666666666 26.026622426421646 22.566911462613646
1016.4791666666666 26.02799521598939 22.567872430723153
1016.9791666666666 26.0293298487803 22.568844829293397
1017.4791666666666 26.030722952664433 22.569815898353237
1017.9791666666666 26.03206896653289 22.570775296530158
1018.4791666666666 26.03344450167631 22.57175363688159
1018.9791666666666 26.03483413222005 22.572713431673854
1019.4791666666666 26.036221338464376 22.573683910032123
1019.9791666666666 26.03759705936052 22.57465333300818
1020.4791666666666 26.038979106949867 22.575635838219238
1020.9791666666666 26.040315354853956 22.576599985304682
1021.4791666666666 26.041740100983922 22.577573245253486
1021.9791666666666 26.04306285304606 22.578551787197114
1022.4791666666666 26.044417281657278 22.5795242366021
1022.9791666666666 26.0457679150472 22.580500482167714
1023.4791666666666 26.04710004427576 22.581475843334076
1023.9791666666666 26.04848244556042 22.582456985374748
1024.4791666666667 26.04982205823005 22.583431919780907
1024.9791666666667 26.051163074897197 22.58441340091871
1025.4791666666667 26.05251393594612 22.585402448111765
1025.9791666666667 26.05381180128715 22.58638457364675
1026.4791666666667 26.055170259681177 22.58736625844059
