FastTrWP/PhaseSpace/IAs/snIa_0.57_30.00_-2.24_-0.07.csv
# %ECSV 0.9
# ---
# datatype:
# - {name: time-rel, datatype: float64}
# - {name: g, datatype: float64}
# - {name: i, datatype: float64}
# schema: astropy-2.0
time-rel g i
-280.0 26.99718965017923 25.14569493843261
-279.5 26.96517107684995 25.136196516639057
-279.0 26.933881181790753 25.1267218851237
-278.5 26.90321371158308 25.117255394445234
-278.0 26.87322336571508 25.1078423024309
-277.5 26.843930182433123 25.09847706234887
-277.0 26.81515944522276 25.089169765977402
-276.5 26.78701586642979 25.079874740759863
-276.0 26.75943493555433 25.070648799831254
-275.5 26.73230891186472 25.061410736071778
-275.0 26.705735447250596 25.052242201729598
-274.5 26.679652423985964 25.043100983671202
-274.0 26.654055236634782 25.033994440305342
-273.5 26.628863578581253 25.02494453827637
-273.0 26.604185111233967 25.01590745221527
-272.5 26.57983134717734 25.006899446049992
-272.0 26.55594165905445 24.99795044086683
-271.5 26.53239099306863 24.989024246569844
-271.0 26.50928768316549 24.98012958886081
-270.5 26.486482408616006 24.971302290672945
-270.0 26.464042486470678 24.962465704354997
-269.5 26.441869554758398 24.953669809909684
-269.0 26.420131571847676 24.944926147430834
-268.5 26.39867825194333 24.936202843549054
-268.0 26.377502132962846 24.92751584246784
-267.5 26.356684507458855 24.918861800916027
-267.0 26.336097217551973 24.910248237691274
-266.5 26.31581484859709 24.901668055299023
-266.0 26.295787452546335 24.89312202059855
-265.5 26.27603702795671 24.884597220363478
-265.0 26.25649596847776 24.876120948211305
-264.5 26.237262358782733 24.86766371226448
-264.0 26.21826609704018 24.859250529966378
-263.5 26.199456860986125 24.850855106312725
-263.0 26.180910876761526 24.842479112994017
-262.5 26.162624203383118 24.83415779930734
-262.0 26.144505301348286 24.825873258669414
-261.5 26.12657387243514 24.81759518661061
-261.0 26.108926173843095 24.809368700288644
-260.5 26.091396019111404 24.80115702580661
-260.0 26.074129095590095 24.792971026273758
-259.5 26.05699170833827 24.784844121658477
-259.0 26.040067014676673 24.776737035992994
-258.5 26.023351266748442 24.768648087881186
-258.0 26.006786847309677 24.76059890617913
-257.5 25.99040933553313 24.752556036045643
-257.0 25.97419401664126 24.74456077003593
-256.5 25.958132606467935 24.736594900281933
-256.0 25.942237540928055 24.728656771115723
-255.5 25.92650889681564 24.720756636586522
-255.0 25.91089918540108 24.71285143619253
-254.5 25.895505564970467 24.70501031766795
-254.0 25.880227819025734 24.697195890759758
-253.5 25.865116428617817 24.689379086982242
-253.0 25.85008029960994 24.68159758521738
-252.5 25.835271818195228 24.673877234488813
-252.0 25.820535993529333 24.666162922327377
-251.5 25.80595901393025 24.65848059528533
-251.0 25.791526762664652 24.65079535849888
-250.5 25.777195780047542 24.64316007558624
-250.0 25.763030910616827 24.63555858863082
-249.5 25.748940777132397 24.627968964481646
-249.0 25.734968027059885 24.620409011932146
-248.5 25.721176334829394 24.612894506711985
-248.0 25.707475803193113 24.60538448396504
-247.5 25.693890852664616 24.597917642052046
-247.0 25.680364801567272 24.59045982045933
-246.5 25.667031352359487 24.583049251423205
-246.0 25.6537481353001 24.575663174669803
-245.5 25.64062807270687 24.568275147664696
-245.0 25.6275617246993 24.560936128930177
-244.5 25.614596361591765 24.55361200750772
-244.0 25.601760848675482 24.54630102752843
-243.5 25.5889941252601 24.539031796789438
-243.0 25.576328121548663 24.53178086913587
-242.5 25.56379030399728 24.524561326064692
-242.0 25.551352252006744 24.517388810166167
-241.5 25.538924267747504 24.510181478666404
-241.0 25.526644427630213 24.503016534872387
-240.5 25.514475639374137 24.495905837003612
-240.0 25.50235704829545 24.488797373348113
-239.5 25.49033791022328 24.481709431360525
-239.0 25.478397737267034 24.474649673344988
-238.5 25.466533498124846 24.46758880357262
-238.0 25.454749000038383 24.46058706497215
-237.5 25.44305895109828 24.453582477349762
-237.0 25.43147717887674 24.44660054941351
-236.5 25.4199170131064 24.439661389533054
-236.0 25.408480389798086 24.43272818275329
-235.5 25.397081409953678 24.425827480632343
-235.0 25.385739927853855 24.41894729928784
-234.5 25.374534088464834 24.412069851083757
-234.0 25.36338849833994 24.40521191736092
-233.5 25.35228900387225 24.39840775182704
-233.0 25.341260473240702 24.391593151200777
-232.5 25.330322437551605 24.384819540878805
-232.0 25.319398960433187 24.37803879354787
-231.5 25.308611752206403 24.371301383260015
-231.0 25.29782182271644 24.364566084932715
-230.5 25.28712197130583 24.35788743125265
-230.0 25.27649138415915 24.35118611699172
-229.5 25.265954913927132 24.34452762560351
-229.0 25.255431374092904 24.33787936681116
-228.5 25.244991494499708 24.331235332326827
-228.0 25.23461014726854 24.32463795848132
-227.5 25.224307322144085 24.318042031902458
-227.0 25.21404552883275 24.31147641303476
-226.5 25.20384782247224 24.304929936801333
-226.0 25.1936546767727 24.298416773975134
-225.5 25.183586849750064 24.291889197720778
-225.0 25.17357006079807 24.28537774102371
-224.5 25.163584268751883 24.27890392306152
-224.0 25.153651315176763 24.272429506516783
-223.5 25.143773911089454 24.265992207088335
-223.0 25.133977770429894 24.25956607124485
-222.5 25.12419467863454 24.25316839106199
-222.0 25.114482541364204 24.246758171080064
-221.5 25.104800358996112 24.240395633353337
-221.0 25.095199386169323 24.23403324782155
-220.5 25.085589494111954 24.22772553131807
-220.0 25.076103792701918 24.22138030831097
-219.5 25.06662642176487 24.215078268659738
-219.0 25.057225537535235 24.208786183333903
-218.5 25.047852175649314 24.202516363850762
-218.0 25.038502919621315 24.196282816392106
-217.5 25.029227715771626 24.190033342407236
-217.0 25.01999461626927 24.183813780639873
-216.5 25.01079732516869 24.177591888177638
-216.0 25.001654832472582 24.17139199213228
-215.5 24.99254262345358 24.165223819759984
-215.0 24.983494324190683 24.15905895968358
-214.5 24.974479006397612 24.152921075883235
-214.0 24.965522349380823 24.14679727769687
-213.5 24.956577588505983 24.140669181005613
-213.0 24.94767707771439 24.13458168425498
-212.5 24.938828329501654 24.128511621017665
-212.0 24.93003337140822 24.122450828377737
-211.5 24.921253474920114 24.116395128181374
-211.0 24.91256252082738 24.110361950703595
-210.5 24.90387792330113 24.10436255977348
-210.0 24.895237524244834 24.098347526744107
-209.5 24.88664740945016 24.09236123688778
-209.0 24.878067361343355 24.086410658093335
-208.5 24.86954220137127 24.080459023954027
-208.0 24.86106657145674 24.074545963515334
-207.5 24.8526203180977 24.068618774069304
-207.0 24.84423037679562 24.062711332003424
-206.5 24.83585336815284 24.056820447760753
-206.0 24.827538227881117 24.050962042141997
-205.5 24.81923348550108 24.045114334770332
-205.0 24.810980860393297 24.039281403105477
-204.5 24.802743683111515 24.03345539756282
-204.0 24.794568397656427 24.027640299056337
-203.5 24.786422518435746 24.021848707890552
-203.0 24.778310547204047 24.01607846711635
-202.5 24.770225847346296 24.010308041327395
-202.0 24.762188195809188 24.00455884100169
-201.5 24.754175192225336 23.998818786872576
-201.0 24.746194922657423 23.99309482546975
-200.5 24.738241176766188 23.98740015627895
-200.0 24.730341035865756 23.981713735893702
-199.5 24.722442998698906 23.976025041892296
-199.0 24.71461460865477 23.970367254185355
-198.5 24.706795569880864 23.96472227988566
-198.0 24.69900681605269 23.959087760679317
-197.5 24.691276581821562 23.95346363221688
-197.0 24.683540377011393 23.947856417118775
-196.5 24.675855093583973 23.94225834718212
-196.0 24.6682086778582 23.936689876376732
-195.5 24.66055133705122 23.93111385496359
-195.0 24.65297198567985 23.925543016294757
-194.5 24.645385427199614 23.92000728885344
-194.0 24.637867308494833 23.914473885933162
-193.5 24.630355355700342 23.90896068192837
-193.0 24.622860141442327 23.903470943697876
-192.5 24.61541982665873 23.897973553924942
-192.0 24.60796976105659 23.89249404533345
-191.5 24.600565066570113 23.887027584012483
-191.0 24.593206829515395 23.881579496554636
-190.5 24.58588257479139 23.876137091146713
-190.0 24.57853709068128 23.87070981975619
-189.5 24.571264687128682 23.865298313191037
-189.0 24.564005319437317 23.859893392716067
-188.5 24.556772656694115 23.854511346806973
-188.0 24.549566237730517 23.849119995416366
-187.5 24.54236414177723 23.84375903578806
-187.0 24.535216065078657 23.83840566288823
-186.5 24.528074032307412 23.833057777147495
-186.0 24.52097339709338 23.827714481973544
-185.5 24.5138996815992 23.822391909946376
-185.0 24.50682830329942 23.81710258490901
-184.5 24.499805048129165 23.811798823014392
-184.0 24.492806872189288 23.80651499680848
-183.5 24.485815957266837 23.801237460239438
-183.0 24.47887869770936 23.795984427336982
-182.5 24.471925929497193 23.79072356622844
-182.0 24.46502647435399 23.78550919358763
-181.5 24.45812862765317 23.78026399558653
-181.0 24.451279083659777 23.775039223277638
-180.5 24.444436553544474 23.76983248674028
-180.0 24.437619802510014 23.76463045103753
-179.5 24.43081347662519 23.759463463563513
-179.0 24.424022437269596 23.754278027224657
-178.5 24.417295700827736 23.749104458996545
-178.0 24.4105626164783 23.74395714821241
-177.5 24.40386720664838 23.738819180563077
-177.0 24.397169522559015 23.73368668598051
-176.5 24.390512284689446 23.728562906498063
-176.0 24.38388995402384 23.723449395867103
-175.5 24.37725462990437 23.718338643089616
-175.0 24.370633394373318 23.713240598396975
-174.5 24.3640110244354 23.7081540183624
-174.0 24.357380764914474 23.70304737451361
-173.5 24.35075572323138 23.697947341558265
-173.0 24.344144111847733 23.69285403041919
-172.50000000000006 24.337504442100276 23.687753871854067
-172.0 24.33087657248409 23.68268437945471
-171.5 24.324259228004642 23.677579801657828
-171.00000000000006 24.317645519673366 23.672492604965164
-170.5 24.31101999117371 23.6674164708084
-170.0 24.304414009166877 23.662331839599794
-169.50000000000006 24.297827629264674 23.657254703279683
-169.0 24.291244381401356 23.652204155356657
-168.5 24.284679229391536 23.64713807860108
-168.00000000000006 24.278124573639225 23.642088887253124
-167.5 24.271548649129787 23.6370382582399
-167.0 24.265035088194146 23.632006928905994
-166.50000000000006 24.258521246892265 23.62697785806084
-166.0 24.252003232956096 23.62194584680764
-165.5 24.245526198127607 23.616936592154868
-165.00000000000006 24.23904274010045 23.611939671279906
-164.5 24.23260004521737 23.60693731480442
-164.0 24.22615337784392 23.601957973465733
-163.50000000000006 24.219751433019056 23.596986366935194
-163.0 24.213344058213803 23.59201653564019
-162.5 24.206980749913242 23.58706857797113
-162.00000000000006 24.200637383325496 23.582137315136546
-161.5 24.194317296322907 23.577203335538073
-161.0 24.188030257037752 23.57227672963219
-160.50000000000006 24.181746630196663 23.567385597373082
-160.0 24.1754985364277 23.562490392854997
-159.5 24.16928149510103 23.557619224475136
-159.00000000000006 24.163078823696576 23.55275648490248
-158.5 24.15691431475459 23.547913285243986
-158.0 24.150775543108818 23.543069006615134
-157.50000000000006 24.144671891536294 23.538251676875497
-157.0 24.138585151855196 23.533454506424157
-156.5 24.132530408470178 23.52865709034679
-156.00000000000006 24.126508208229467 23.523887428586924
-155.5 24.120517741811447 23.519115435065064
-155.0 24.114563583595437 23.514386845500148
-154.50000000000006 24.10864148858601 23.509661462822695
-154.0 24.102743112940704 23.504944862774607
-153.5 24.096891940503934 23.500250952062398
-153.00000000000006 24.091069743165473 23.495582987391753
-152.5 24.08528165857918 23.49091044550413
-152.0 24.079524875353403 23.486272754770802
-151.50000000000006 24.07381687527927 23.48165971902325
-151.0 24.068125059732495 23.47705187961943
-150.5 24.062482956304866 23.472461457919298
-150.00000000000006 24.056859183368946 23.46789025534493
-149.5 24.05128209620699 23.46335205015144
-149.0 24.04574675952169 23.458822534298275
-148.50000000000006 24.04024852793217 23.454308754603566
-148.0 24.034799597313746 23.449801777348583
-147.5 24.029373274678505 23.445343350575687
-147.00000000000006 24.023983885590347 23.440885548113897
-146.5 24.018628881464647 23.436457897376087
-146.0 24.01332984528327 23.432046176064635
-145.50000000000006 24.008055707427822 23.427656570930502
-145.0 24.002851995167525 23.423279104857905
-144.5 23.997663190932272 23.418935996763132
-144.00000000000006 23.99251986874894 23.41460177481509
-143.5 23.987418660771368 23.410290876522765
-143.0 23.982365980448613 23.405999732945766
-142.50000000000006 23.977353739751088 23.40173821829048
-142.0 23.972362973289805 23.397485830093157
-141.5 23.96743980350958 23.393267492284252
-141.00000000000006 23.962530877755754 23.389067084461136
-140.5 23.957686195607657 23.384879481716823
-140.0 23.95289827473213 23.380730799377744
-139.50000000000006 23.948142245211308 23.376598531902633
-139.0 23.94340273155933 23.372488955512445
-138.5 23.93873956239276 23.368400043579726
-138.00000000000006 23.934109919169778 23.364335371077757
-137.5 23.929494636333807 23.36027526824999
-137.0 23.9249291085329 23.356236957564395
-136.50000000000006 23.920352407060108 23.35220462555575
-136.0 23.915792938047534 23.348186417752466
-135.5 23.91125970900579 23.344176906384074
-135.00000000000006 23.90673571518466 23.34017823346741
-134.5 23.902239358074894 23.33617815464239
-134.0 23.8977586447957 23.332199197168592
-133.50000000000006 23.893295066762743 23.32824184970096
-133.0 23.888838095545687 23.324289260855355
-132.5 23.884413300683256 23.320336795058886
-132.00000000000006 23.880003422947173 23.31640315104311
-131.5 23.875622151712133 23.312483819557215
-131.0 23.871239260012803 23.308579784661127
-130.50000000000006 23.866893897891813 23.30467434423084
-130.0 23.86256471824451 23.30078775813106
-129.5 23.858243789909174 23.296906161661074
-129.00000000000006 23.853956095929103 23.293051459792874
-128.5 23.84968981101176 23.289191697907142
-128.0 23.84542792800439 23.285350501759943
-127.50000000000006 23.841204186312204 23.281521583045365
-127.0 23.836986429981515 23.277721219209212
-126.5 23.83280113842147 23.273910435064757
-126.00000000000006 23.82863625844027 23.270120280639667
-125.5 23.824493164228894 23.266333586918226
-125.0 23.820368325477986 23.262564364920678
-124.50000000000006 23.816263859477903 23.258808496486264
-124.0 23.812187317459784 23.255068823312314
-123.5 23.808132028199065 23.25134320288703
-123.00000000000006 23.804087844841376 23.247626646884072
-122.5 23.800074349183696 23.24393100609717
-122.0 23.796077097942295 23.24023022517708
-121.50000000000006 23.792114123661918 23.236550698194634
-121.0 23.78816208279179 23.232888229095238
-120.5 23.784238795646033 23.229239458218164
-120.00000000000006 23.780348594507203 23.22560139366725
-119.5 23.776452848387223 23.2219645888272
-119.0 23.77261641854192 23.218350755847116
-118.50000000000006 23.76878026034425 23.214754745321994
-118.0 23.76498478693798 23.211162207199806
-117.5 23.761186479526607 23.20760269013813
-117.00000000000006 23.757439441245918 23.204039315861785
-116.5 23.753703526016782 23.200493848889817
-116.0 23.74999445033182 23.19695730480778
-115.50000000000006 23.746321525609698 23.1934413477026
-115.0 23.742655062488396 23.189931775657158
-114.5 23.739002872351016 23.186445871391705
-114.00000000000006 23.73537841969114 23.182964261216323
-113.5 23.731810209032062 23.17948926557136
-113.0 23.728255487515156 23.17604643119865
-112.50000000000006 23.72472603026196 23.172607560095816
-112.0 23.72120390093418 23.16918511762057
-111.5 23.71772352370659 23.165782786829556
-111.00000000000006 23.714274756027336 23.162391886173342
-110.5 23.710823351551944 23.159009774331693
-110.0 23.707414537582313 23.15563199945478
-109.50000000000006 23.704031216272718 23.15228530153789
-109.0 23.70067920163283 23.148942769621478
-108.5 23.697342468299123 23.145617633446403
-108.00000000000006 23.694036164655053 23.142315525743854
-107.5 23.690757771086062 23.139019422215714
-107.0 23.687505921618804 23.13573866275687
-106.50000000000006 23.68428468729146 23.132469839772153
