FastTrWP/PhaseSpace/IAs/snIa_0.64_30.00_-0.79_0.19.csv
# %ECSV 0.9
# ---
# datatype:
# - {name: time-rel, datatype: float64}
# - {name: g, datatype: float64}
# - {name: i, datatype: float64}
# schema: astropy-2.0
time-rel g i
[from data line 1774]
545.0 26.27177726111445 22.659034747613475
545.5 26.273637907466384 22.660093322302476
546.0 26.27560877480896 22.661166639034075
546.5 26.2774965452562 22.662236985506105
547.0 26.27940878140782 22.663299581495963
547.5 26.281293185609428 22.664366704656473
548.0 26.28327023738717 22.665436240076325
548.5 26.285183825689273 22.666520601781723
549.0 26.287084178646513 22.667573881543383
549.5 26.28900879764287 22.668651416829512
550.0 26.290978833968126 22.66972861937717
550.5 26.292881857523884 22.670798442508886
551.0 26.294850100434136 22.671877919197982
551.5 26.29683513489987 22.67294527145584
552.0 26.298730071694926 22.67401802850418
552.5 26.300702008141783 22.67510105897798
553.0 26.30266308033884 22.67616886127595
553.5 26.30461460366387 22.67724828279292
554.0 26.306593278349904 22.67833079891208
554.5 26.308577418687427 22.679412134508823
555.0 26.31054954012528 22.680482195561076
555.5 26.312530033117703 22.681578276453823
556.0 26.314570317509826 22.682655413203893
556.5 26.31651316257787 22.68373731918318
557.0 26.318485235183967 22.684819048099776
557.5 26.32046015344084 22.68589924180432
558.0 26.32250597751134 22.68698037781658
558.5 26.32452084551657 22.68807200748235
559.0 26.32651552602994 22.689156938654435
559.5 26.3285442397759 22.69024251002904
560.0 26.33057272135039 22.69133289885871
560.5 26.33256316469137 22.69241467618878
561.0 26.334625718556644 22.69350617253526
561.5 26.33664276027897 22.694591422858174
562.0 26.33872208993468 22.695690803158598
562.5 26.34072041150558 22.696789713987357
563.0 26.34276524110248 22.697867459050936
563.5 26.34483760351154 22.698963059356
564.0 26.346911268419294 22.700062606449144
564.5 26.348934276263996 22.7011542101892
565.0 26.351017324714363 22.702253061519624
565.5 26.35307007198406 22.70334911453281
566.0 26.355136819955163 22.704443322919083
566.5 26.357261436748406 22.705549982951357
567.0 26.35932694037701 22.706638898842172
567.5 26.361447188656726 22.70774239424687
568.0 26.363527681021885 22.708835529631152
568.5 26.365614812274018 22.70994330492624
569.0 26.36768017276747 22.711041694804102
569.5 26.369867352082956 22.71214748005243
570.0 26.371968843368556 22.713258021640954
570.5 26.374103408348766 22.714361703420117
571.0 26.376217344740173 22.715465133588356
571.5 26.378307605723617 22.716573523137566
572.0 26.380452017076014 22.717682856107544
572.5 26.382584838445247 22.718787680338842
573.0 26.384733611318754 22.719902233715704
573.5 26.386892700756427 22.72101829727921
574.0 26.38905000397656 22.722117758544403
574.5 26.39117344842448 22.7232336875197
575.0 26.39335418182585 22.72434383668639
575.5 26.39550005175134 22.725459516754842
576.0 26.397719998234503 22.726582761646426
576.5 26.39988576135461 22.727697805988846
577.0 26.402102625093903 22.72881435932421
577.5 26.40427127697558 22.72993326692475
578.0 26.406478008873204 22.731055438692852
578.5 26.408652843699898 22.732172825283463
579.0 26.410855716401116 22.733300249985575
579.5 26.413121843967016 22.73441891188487
580.0 26.415280034877597 22.735537405887356
580.5 26.417517785728105 22.7366701122238
581.0 26.41973664115834 22.73779633736748
581.5 26.421984994501866 22.738928122538184
582.0 26.424261815187393 22.740053169931848
582.5 26.426459911257684 22.74117564437838
583.0 26.428714343409002 22.742304790612625
583.5 26.431028991412862 22.743444640907818
584.0 26.433276949005958 22.744580851283125
584.5 26.435530946393108 22.745707938070986
585.0 26.437838696444715 22.746843574460417
585.5 26.440095956095483 22.74798109030474
586.0 26.442377587899827 22.749123916106164
586.5 26.444713538982235 22.750259692253874
587.0 26.44702728938021 22.751399995084768
587.5 26.449333768502605 22.752538167197272
588.0 26.451643045270195 22.753669838603173
588.5 26.453975074167154 22.754819513836637
589.0 26.456307388349654 22.755956849396874
589.5 26.458613831314892 22.757098317686072
590.0 26.46093238883036 22.758234208347133
590.5 26.463344219534704 22.759393613784894
591.0 26.465667343272628 22.760539207744472
591.5 26.468038769398525 22.761694440647343
592.0 26.470411649914173 22.76282665390159
592.5 26.472801823755667 22.7639807643212
593.0 26.47520137789076 22.765132279686732
593.5 26.47756609583228 22.766287166469667
594.0 26.480001841020226 22.767446705584064
594.5 26.482398043075193 22.76859363394045
595.0 26.484783856837012 22.76975031296862
595.5 26.487144447214654 22.7708957930383
596.0 26.489617792606815 22.772049535244694
596.5 26.492049089079167 22.773211352863434
597.0 26.494491758468456 22.774370669832656
597.5 26.496910177440334 22.775536747698368
598.0 26.49937550814952 22.77669473605345
598.5 26.501833171403135 22.77785971859583
599.0 26.504267470018586 22.779025342480644
599.5 26.506759616895373 22.780189978703497
600.0 26.509273121123776 22.781359228641236
600.5 26.511708840874547 22.782514095754888
601.0 26.51421554076762 22.78368680609441
601.5 26.516739474249103 22.784859142447424
602.0 26.519222513644344 22.786022854557785
602.5 26.52174979013121 22.787198256465118
603.0 26.524240814097585 22.788361088270413
603.5 26.526758862829567 22.789538181412844
604.0 26.529348762978266 22.790710959620043
604.5 26.531811836880475 22.791880962729
605.0 26.534370042447897 22.79305891058847
605.5 26.5369003329715 22.794235988508586
606.0 26.539443272075435 22.795421404643164
606.5 26.54204363491754 22.79659188852895
607.0 26.544557154280813 22.797770568604232
607.5 26.547168991849244 22.79895301641153
608.0 26.549745465409615 22.80013591256092
608.5 26.552308616745766 22.801322458533573
609.0 26.554941207454736 22.802505678896292
609.5 26.55749046719809 22.80368914121912
610.0 26.560063896700036 22.8048798736965
610.5 26.56271067419949 22.80606341929638
611.0 26.565313371353263 22.807255085399667
611.5 26.567970702589196 22.808437886375373
612.0 26.570546651876185 22.809636111513555
612.5 26.573172109784675 22.81082716352249
613.0 26.57585481683427 22.812009891893442
613.5 26.578483344223805 22.813208522612435
614.0 26.581130896725252 22.814413945617595
614.5 26.583804646161326 22.815610851427785
615.0 26.586461275135225 22.816812649470464
615.5 26.589159408208765 22.818011257491722
616.0 26.591783499804823 22.819205703843593
616.5 26.594510999920963 22.82040381527455
617.0 26.59716693965775 22.8216075755712
617.5 26.599863277529565 22.822818389536433
618.0 26.602562904487623 22.824020858068927
618.5 26.605241689120852 22.825225799546654
619.0 26.607971090410018 22.82642969647242
619.5 26.610695280259087 22.82764761299926
620.0 26.61344931775354 22.828848652838097
620.5 26.616148966179203 22.83006196167949
621.0 26.61891059105743 22.83127322161294
621.5 26.621637710298597 22.83248056563711
622.0 26.624421847408094 22.833698026538865
622.5 26.62711785556914 22.83491279872136
623.0 26.629859592826172 22.836126517923105
623.5 26.632613339694803 22.837353737554906
624.0 26.63543134911413 22.838569497394978
624.5 26.63818731019843 22.839785730692267
625.0 26.64100875966689 22.841017121861185
625.5 26.64387571653918 22.84224062755763
626.0 26.646693104391844 22.84347193478024
626.5 26.64950417289587 22.844694442248425
627.0 26.652356528868147 22.845918869644155
627.5 26.65527619214489 22.84715160200216
628.0 26.65817350753936 22.848392077281964
628.5 26.661101851902444 22.849622866549687
629.0 26.664019693049607 22.850857528538313
629.5 26.666971263688257 22.852095395533333
630.0 26.66992190326971 22.853331903462085
630.5 26.67294937775359 22.854578148399153
631.0 26.675863832803678 22.855811164832872
631.5 26.67889752265402 22.857063374081
632.0 26.68194876492029 22.858299740477285
632.5 26.684935528452872 22.85955218960067
633.0 26.687991068462154 22.86079918365436
633.5 26.69099544826089 22.862047004956807
634.0 26.694101331822484 22.86329892035417
634.5 26.697129937756365 22.864557836569276
635.0 26.700258814547347 22.865808184158848
635.5 26.70328042139154 22.867061404560793
636.0 26.70638290721143 22.868319246895368
636.5 26.709497259572682 22.869576555698224
637.0 26.712631509650535 22.870825475632543
637.5 26.715707964239563 22.872093730035495
638.0 26.71890060212668 22.8733510285645
638.5 26.721992828691093 22.874614503095458
639.0 26.725182028701816 22.875875726169333
639.5 26.728327669832765 22.877142589693428
640.0 26.731499334953924 22.87841187011844
640.5 26.734698892474125 22.879672672776714
641.0 26.737823057517367 22.880948841325083
641.5 26.741045751232786 22.88221502661049
642.0 26.7441911888306 22.883484598074645
642.5 26.747386255873757 22.884760797575893
643.0 26.750580390028 22.886033129552906
643.5 26.753763418996805 22.887305588137927
644.0 26.756977901270204 22.888574421337275
644.5 26.760221996025045 22.889847773670002
645.0 26.763425497222883 22.89112865912592
645.5 26.766612069625157 22.892410645712346
646.0 26.769816590035198 22.893693227546464
646.5 26.773018628207076 22.89496452056399
647.0 26.77625797782185 22.896254289555927
647.5 26.77942154062833 22.8975250273337
648.0 26.782687073936525 22.89880627491183
648.5 26.785878635199754 22.900091338429878
649.0 26.7890712987665 22.90138070276486
649.5 26.792292025666274 22.902657575005566
650.0 26.79552055140357 22.903956194155747
650.5 26.79871009339162 22.905225804891415
651.0 26.801898897034313 22.906514859415328
651.5 26.805133494696936 22.907798823821707
652.0 26.808331263838117 22.90908321067983
652.5 26.81150669641393 22.91036934538208
653.0 26.81465482233383 22.91166431359775
653.5 26.817830432407614 22.912949649844773
654.0 26.821019440022038 22.91424234080012
654.5 26.824174580046012 22.91552711263536
655.0 26.82728445067992 22.916819191137307
655.5 26.830468225254922 22.918114255986787
656.0 26.833591374245167 22.91939976693923
656.5 26.83669398818661 22.920695481402213
657.0 26.839839561882535 22.921994146299618
657.5 26.8429011416821 22.923276115938947
658.0 26.845996440577252 22.92457281811421
658.5 26.849088043781787 22.92586600538691
659.0 26.852188505070767 22.927159065471553
659.5 26.855210256964437 22.928457179035924
660.0 26.85824438198283 22.929746049386548
660.5 26.86130826556127 22.931045532884326
661.0 26.864305670990962 22.932337252089646
661.5 26.86730756475303 22.933629205339816
662.0 26.87029761215364 22.934913809415907
662.5 26.873281602751202 22.936217299322557
663.0 26.876160059388052 22.9375129118769
663.5 26.87916607476484 22.93880891548353
664.0 26.882122883804847 22.940102647921247
664.5 26.885055964461692 22.94140155748337
665.0 26.887953656075947 22.94269067980625
665.5 26.89090714329676 22.94399913568594
666.0 26.89380434807074 22.945297328897357
666.5 26.89672667596937 22.946603192231336
667.0 26.89965683497453 22.947898464023446
667.5 26.902591103298917 22.949198471259947
668.0 26.905504760075708 22.950504718436303
668.5 26.908395292948978 22.951812504528245
669.0 26.911304687268 22.953112150544428
669.5 26.914188942672173 22.95441435907746
670.0 26.917058857161017 22.955718521263613
670.5 26.919945781517207 22.95702779918397
671.0 26.9229033733834 22.958334762164654
671.5 26.92580122338439 22.959641038477375
672.0 26.928674654470598 22.96095223223223
672.5 26.931521439898695 22.962262239974976
673.0 26.93434307874538 22.96356822989004
673.5 26.937212791709854 22.964885715061722
674.0 26.940105658360327 22.966192414184352
674.5 26.942956107239237 22.967504374582866
675.0 26.94577688499612 22.968819796102977
675.5 26.94864428864404 22.97013088033214
676.0 26.951459237017144 22.971445782499615
676.5 26.954318327309824 22.972755294403594
677.0 26.95705976068502 22.97408164139513
677.5 26.959918457285944 22.975394369699647
678.0 26.96270785089358 22.976712417879956
678.5 26.965503880009134 22.97802939114024
679.0 26.96830890659298 22.979344639532503
679.5 26.97111443606954 22.98066948762868
680.0 26.973877655104342 22.981985831696093
680.5 26.9766170781886 22.983298825629387
681.0 26.9794152895693 22.9846247410004
681.5 26.98217083686956 22.985954665762574
682.0 26.984915920081825 22.987267728705714
682.5 26.987598906898175 22.9885947783414
683.0 26.990327167572254 22.989915003853714
683.5 26.993022081925417 22.9912437832737
684.0 26.995702033055707 22.992575857336142
684.5 26.998380107896374 22.99390143211405
819.5 26.999304227271665 23.371121234433822
820.0 26.997355068845074 23.372552359181245
820.5 26.99552433489808 23.37400772400219
821.0 26.9935178735061 23.37544559353155
821.5 26.99164532524562 23.376881862661634
822.0 26.98968020931728 23.37830867898079
822.5 26.98779444624183 23.379762178850182
823.0 26.985845912404503 23.38119413254979
823.5 26.98391412679763 23.382642855183665
824.0 26.98190287869722 23.384074220246603
824.5 26.979992029508608 23.385535254412208
825.0 26.977990537279876 23.38696446949211
825.5 26.976079388334995 23.38840986125988
826.0 26.97405404647833 23.38984608657045
826.5 26.972135077917354 23.39130277125145
827.0 26.970111405108952 23.39273143867382
827.5 26.96819480640597 23.39416534260829
828.0 26.966217662174653 23.395610613292945
828.5 26.964244629028038 23.397048569572377
829.0 26.962227921198775 23.39850168420761
829.5 26.960259877748168 23.39994094201002
830.0 26.958297847363802 23.40137927511762
830.5 26.956308927546445 23.402818982586414
831.0 26.954320126710666 23.40427014394022
831.5 26.95240997594052 23.40571722731465
832.0 26.95041499221825 23.407146333226876
832.5 26.9484565873899 23.408589632166038
833.0 26.94644922051575 23.41002639302395
833.5 26.94454776263577 23.411470350871472
834.0 26.942620251147403 23.412919449365297
834.5 26.940741570340485 23.414356824323743
835.0 26.938816235610147 23.415802126251215
835.5 26.936892201170735 23.417229389221834
836.0 26.934986819931225 23.418688332419958
836.5 26.933051782226727 23.420117339660184
837.0 26.931192958936492 23.421573554139307
837.5 26.92933717018366 23.42301117450294
838.0 26.927460198906424 23.424444311867987
838.5 26.925617591590928 23.425887356971252
839.0 26.923806842886016 23.42732798466511
839.5 26.92196311859263 23.428766868784567
840.0 26.920123066745024 23.430209151943124
840.5 26.91836079637821 23.431642507824172
841.0 26.91656869535123 23.43308116181225
841.5 26.914788213310935 23.434521236068843
842.0 26.91305148213448 23.43596486174331
842.5 26.91133597594432 23.437397832045043
843.0 26.909577361699867 23.438835154807872
843.5 26.90790948086675 23.440277351945777
844.0 26.90621471173543 23.441706722245247
844.5 26.904539275224355 23.44314748726099
845.0 26.902913384982302 23.44458803722549
845.5 26.90135519612302 23.446023852570967
846.0 26.899668704403517 23.447463448409856
846.5 26.898139408094362 23.448896664705906
847.0 26.89656637097427 23.45032770646244
847.5 26.89505295426003 23.45176533529663
848.0 26.893437783926206 23.45319339949873
848.5 26.89198523924717 23.454632941789466
849.0 26.890494648078867 23.456060408770863
849.5 26.889101784619655 23.457502476188978
850.0 26.887678466258524 23.458912673341146
850.5 26.88627770047089 23.460347949171265
851.0 26.884897894097016 23.461789687553324
851.5 26.883565990018518 23.463223175653948
852.0 26.882224112196916 23.46464740881884
852.5 26.880984593816986 23.46608387476721
853.0 26.87966719099858 23.467498387942307
853.5 26.87841064170104 23.468938527765587
854.0 26.87722837453794 23.470359124655133
854.5 26.87601125878036 23.471790178628208
855.0 26.874893584319736 23.473208693502574
855.5 26.873738922790494 23.474638777477935
856.0 26.8726903209852 23.476066930133275
856.5 26.87157406405114 23.47748464426035
857.0 26.870572741491877 23.478899141576065
857.5 26.869553644875786 23.48032545141788
858.0 26.868571157956957 23.481751227006548
858.5 26.86770965878678 23.483169045828845
859.0 26.866804711930968 23.484592051591623
859.5 26.865933576313942 23.486012463339026
860.0 26.86507415768943 23.487429672560104
860.5 26.864300645099313 23.488849269225426
861.0 26.86347064903782 23.490254489106913
861.5 26.86265264716623 23.49167594458198
862.0 26.861967622053662 23.493093335103488
862.5 26.861196752829024 23.494520404309412
863.0 26.86046240267583 23.495929599588614
863.5 26.859743068600945 23.497342645170942
