FastTrWP/PhaseSpace/IAs/snIa_0.51_30.00_0.49_0.03.csv
# %ECSV 0.9
# ---
# datatype:
# - {name: time-rel, datatype: float64}
# - {name: g, datatype: float64}
# - {name: i, datatype: float64}
# schema: astropy-2.0
time-rel g i
[from data line 1077]
128.0 23.474161732360397 22.36413033833435
128.5 23.475158082438075 22.364003954738113
129.0 23.476175181974796 22.363868901277158
129.5 23.477183568816237 22.36374195558772
130.0 23.478189689931458 22.36361084860631
130.5 23.47919495195374 22.363478121493195
131.0 23.480220370755536 22.363362359433495
131.5 23.481228404398948 22.363232317116655
132.0 23.4822580189285 22.363113210440613
132.5 23.483271908546953 22.36299571600105
133.0 23.48430658800701 22.362875100430877
133.5 23.48532881751469 22.362761587725085
134.0 23.486349710708353 22.3626459656225
134.5 23.48737991253824 22.36254510262384
135.0 23.48840311139783 22.3624250982366
135.5 23.48944222520946 22.362320521741328
136.0 23.490473560666317 22.36221299651089
136.5 23.49151047555551 22.362106309082193
137.0 23.492543774419516 22.362003128984345
137.5 23.49359178140828 22.3619039032338
138.0 23.494624704430784 22.361808618571555
138.5 23.495659660557795 22.361706723335217
139.0 23.496713159703827 22.361611776833715
139.5 23.4977725866703 22.361516832709913
140.0 23.498830545399887 22.36142283377957
140.5 23.499904947025342 22.361336548164484
141.0 23.500956942611882 22.361251731331606
141.5 23.502011802563395 22.361153215482794
142.0 23.503094210066656 22.36107614485048
142.5 23.504183276487808 22.360987621152052
143.0 23.505271521173647 22.360903987830334
143.5 23.506342993458315 22.36082732664265
144.0 23.507450544850922 22.360752059824243
144.5 23.508519009883603 22.36067271439591
145.0 23.509626124544177 22.36060026188593
145.5 23.510740093389842 22.360529654129806
146.0 23.511835010148545 22.36046189992051
146.5 23.512943188968617 22.360397784537138
147.0 23.514062938289268 22.360325255333535
147.5 23.515177491442838 22.360256326842407
148.0 23.51630195794117 22.360195168046083
148.5 23.51742236135069 22.360138783222318
149.0 23.518551041936586 22.360075402524533
149.5 23.519684503558533 22.3600194426144
150.0 23.520816318166922 22.359964733150882
150.5 23.521950083341086 22.35990700180823
151.0 23.52310207660853 22.359849280667575
151.5 23.52425203299915 22.359801101184352
152.0 23.52539391352023 22.359753013198883
152.5 23.52653684231271 22.359714830464874
153.0 23.52768844837317 22.359663813713432
153.5 23.528838767515225 22.359618893251497
154.0 23.530005248094156 22.3595750975991
154.5 23.531168849499075 22.35953534579595
155.0 23.532330123174567 22.35950632024162
155.5 23.533499532340556 22.359459912595533
156.0 23.53466695987258 22.35941973944953
156.5 23.535832832053348 22.359392773651635
157.0 23.537009961622083 22.35936370175377
157.5 23.538199836436903 22.3593290374777
158.0 23.539371444592483 22.35930612871075
158.5 23.540550732040018 22.35927333320501
159.0 23.541738293419513 22.35925561212056
159.5 23.542922620987426 22.3592267576526
160.0 23.544119499823125 22.35920794676145
160.5 23.545304459725493 22.359193854787275
161.0 23.546504565706876 22.359170564352763
161.5 23.547694141417654 22.359155596122573
162.0 23.548895530802838 22.359145826797008
162.5 23.55008925590546 22.359133218890502
163.0 23.551287837395893 22.359118376491196
163.5 23.55249141809896 22.35910802548572
164.0 23.553689737489968 22.359103874240887
164.5 23.554908315804937 22.359093987469283
165.0 23.556107727800853 22.35908893343435
165.5 23.55731230225394 22.359087996709526
166.0 23.558531312460293 22.35909084102509
166.5 23.55974148027763 22.35909236096504
167.0 23.560943045233 22.359091580950803
167.5 23.562158784931544 22.359098153373814
168.0 23.563380895209885 22.35910450938711
168.5 23.56458699210009 22.359106216168428
169.0 23.565810830427875 22.359125540702294
169.5 23.567022876056846 22.359134198805744
170.0 23.56823945399265 22.359145870262584
170.5 23.56946279206698 22.359161109254497
171.0 23.570685642929433 22.359174242592587
171.5 23.571896935733797 22.35919319651495
172.0 23.573120792094684 22.35921482596224
172.5 23.57434374433226 22.359235594094834
173.0 23.575550645866482 22.359262232368486
173.5 23.57679479088944 22.359285037759218
174.0 23.578007617377637 22.359304943619293
174.5 23.579228294988077 22.359346438888508
175.0 23.58045669400999 22.359369609995095
175.5 23.581682420860915 22.359397857900305
176.0 23.58291932405666 22.359436205667965
176.5 23.584138162232495 22.35947029189854
177.0 23.58538533174756 22.359504973954216
177.5 23.586619581457438 22.3595470294114
178.0 23.587861685226308 22.359587762288836
178.5 23.58910632883674 22.359625424042598
179.0 23.590340675945328 22.359680638136105
179.5 23.591592228867988 22.359721022921917
180.0 23.592841360621442 22.359773194586037
180.5 23.594091089184577 22.35982313610981
181.0 23.59535394616842 22.359874384599784
181.5 23.596600878263576 22.3599245114529
182.0 23.597863565722385 22.359981841490125
182.5 23.599111348877972 22.36003816204784
183.0 23.600367726554193 22.36009363462786
183.5 23.60163980144027 22.36015298594094
184.0 23.60290127070536 22.360217789776154
184.5 23.604179111530122 22.36027989697901
185.0 23.605431611812527 22.360346157830534
185.5 23.60670452198502 22.36041224976072
185.9999999999999 23.607987145653052 22.36048623012739
186.5 23.60925849138922 22.36055158491237
187.0 23.610533868400594 22.36063124724728
187.4999999999999 23.611814581040107 22.360700236656616
188.0 23.613094592903966 22.36077271485593
188.5 23.614371986524063 22.360850155760406
188.9999999999999 23.61566084173646 22.360931195181255
189.5 23.61694960021275 22.361009935078123
190.0 23.618236792026828 22.361096265146614
190.4999999999999 23.61953007078607 22.361180790750893
191.0 23.620832804761385 22.361271762499065
191.5 23.62211823984261 22.361351507761494
191.9999999999999 23.62342278402823 22.36144460898943
192.5 23.62471812532111 22.361539733263932
193.0 23.626014498112177 22.361628944775465
193.4999999999999 23.627318027910334 22.361719103462736
194.0 23.628624070931007 22.36181876239105
194.5 23.629934482542858 22.361915027433795
194.9999999999999 23.631237190019814 22.362011912743604
195.5 23.63255805836942 22.362122709856624
196.0 23.63387092319244 22.362218124143467
196.4999999999999 23.635185351682196 22.362327871722126
197.0 23.6365084531178 22.362431164982493
197.5 23.63783454363753 22.36253428836747
197.9999999999999 23.639146472708216 22.36265067085219
198.5 23.640471400895322 22.36276370495345
199.0 23.64178689312437 22.36287146974481
199.4999999999999 23.643127652111986 22.362984380545324
200.0 23.644452246044125 22.363103006357875
200.5 23.645771763118812 22.363214365332723
200.9999999999999 23.647113442520748 22.36332793151594
201.5 23.648443327685683 22.36345778064447
202.0 23.64979250994244 22.363580347932746
202.4999999999999 23.651131915989758 22.363702966582597
203.0 23.652466761426485 22.36382687021336
203.5 23.653809345368458 22.363957234738802
203.9999999999999 23.655139417447984 22.364088530813614
204.5 23.656495514932647 22.364211822816728
205.0 23.657855741998723 22.364348873504586
205.4999999999999 23.659202036180712 22.364481152158326
206.0 23.66055560521607 22.364616977961504
206.5 23.661913337731633 22.364757028510994
206.9999999999999 23.66326076356203 22.364885861087387
207.5 23.664609544099093 22.36503192253744
208.0 23.66598090047964 22.36517129924664
208.4999999999999 23.667344034584687 22.36530917868144
209.0 23.668707333509538 22.365452757367855
209.5 23.67006840047558 22.365601516906896
209.9999999999999 23.671440486044006 22.36574688845333
210.5 23.672803346657552 22.365897617063098
211.0 23.674187476016634 22.366045499412106
211.4999999999999 23.67555080445852 22.366197180670063
212.0 23.676934107858422 22.36635213489965
212.5 23.678296376896718 22.36651828252164
212.9999999999999 23.679680096269557 22.366674916300013
213.5 23.681069324943444 22.366826636863294
214.0 23.682462551400615 22.36699017709059
214.4999999999999 23.683829474537035 22.367157986918336
215.0 23.68522807956825 22.367313897728664
215.5 23.68662110576412 22.367484456284828
215.9999999999999 23.688025776481574 22.36765050550321
216.5 23.68940704385501 22.367825599256015
217.0 23.690823013709608 22.367989487195775
217.4999999999999 23.69222131411808 22.368171136968805
218.0 23.693628548418978 22.36833985700503
218.5 23.695026263048558 22.368522332571526
218.9999999999999 23.696441704772887 22.368697542612097
219.5 23.69784947589188 22.36888319748801
220.0 23.699270524537983 22.3690594636208
220.4999999999999 23.700684694510784 22.369247355451538
221.0 23.70209852272054 22.36943554781446
221.5 23.703506193961307 22.369626750077465
221.9999999999999 23.704940512656076 22.369808845299374
222.5 23.706363799389287 22.369996571523522
223.0 23.707784779208385 22.37019124668333
223.4999999999999 23.709221227815856 22.37038609525745
224.0 23.710657635932506 22.370582697835502
224.5 23.712077684976208 22.37077779779659
224.9999999999999 23.71352182217158 22.37097924827551
225.5 23.714965976268886 22.37118426634288
226.0 23.71639884620558 22.371380110183694
226.4999999999999 23.71784375056848 22.371580734795316
227.0 23.719286801403765 22.371786768890548
227.5 23.720727622787216 22.37199469284164
227.9999999999999 23.72218773889336 22.37220264509441
228.5 23.723642670379572 22.372413979260447
229.0 23.725092297194507 22.372624344607498
229.4999999999999 23.726537106774714 22.372842152000423
230.0 23.727998785680544 22.373050734205314
230.5 23.729452475612348 22.373276812746738
230.9999999999999 23.730906940730808 22.373490207548024
231.5 23.7323896805537 22.373706502017818
232.0 23.733840526280588 22.373926933894484
232.4999999999999 23.735319129144127 22.374155997575116
233.0 23.73678309167387 22.374375445349372
233.5 23.738257244080945 22.374605098685695
233.9999999999999 23.73972786592337 22.37482481424495
234.5 23.74120973083366 22.37505139156753
235.0 23.742686085111934 22.375284589670436
235.4999999999999 23.744171826647683 22.37551265283821
236.0 23.745651631048194 22.37574826771697
236.5 23.747130628366083 22.375989201181564
236.9999999999999 23.748616177877338 22.376222970021644
237.5 23.750109100204092 22.376459654372503
238.0 23.751604151763633 22.376690963044492
238.4999999999999 23.75309462776834 22.37693675917836
239.0 23.754587151279605 22.37718301043269
239.5 23.756083125493717 22.377423930782314
239.9999999999999 23.757586614496596 22.377670281553378
240.5 23.759093678969126 22.377911179287416
241.0 23.760587094151397 22.37815676054008
241.4999999999999 23.76209762379805 22.378412667765097
242.0 23.763593461369183 22.378660200797196
242.5 23.7651088454235 22.37891331609392
242.9999999999999 23.76662541620697 22.379164616339434
243.5 23.76811737991197 22.37941670801542
244.0 23.76962875125797 22.379676075543106
244.4999999999999 23.77115347158576 22.379925813816172
245.0 23.772674682266192 22.380193081509535
245.5 23.774187285958295 22.380455149966178
245.9999999999999 23.77571690486679 22.38071542090995
246.5 23.777240491681955 22.3809768018822
247.0 23.77875580724742 22.381238895301692
247.4999999999999 23.7802852513952 22.38150564024013
248.0 23.781822448090367 22.381771945006005
248.5 23.7833444206099 22.382043210411375
248.9999999999999 23.784909725715977 22.38231676058753
249.5 23.786442706877466 22.38259377530138
250.0 23.787989867047358 22.382867006197035
250.4999999999999 23.789545136861182 22.383145244858117
251.0 23.7910879199113 22.38342441820106
251.5 23.792649786159682 22.383708192520263
251.9999999999999 23.79420759244059 22.383988662622123
252.5 23.79577087912103 22.38427385646524
253.0 23.79733839616309 22.38456064943201
253.4999999999999 23.798910252104008 22.384851324663202
254.0 23.800472690243097 22.38513436244295
254.5 23.802066456878393 22.38543037762133
254.9999999999999 23.803632545440824 22.385718386070906
255.5 23.80520541239925 22.38600825672684
256.0 23.806794491445306 22.386318248873167
256.4999999999999 23.808378161829875 22.38661566860116
257.0 23.809971872114602 22.386911435825926
257.5 23.811555554175218 22.387208114634298
257.9999999999999 23.81315428674345 22.387512556946266
258.5 23.814755930023814 22.387822486993247
259.0 23.816355551304383 22.38813611982614
259.4999999999999 23.81795770327407 22.38843443072652
260.0 23.81956282891001 22.388746831749348
260.5 23.821149492741554 22.38905160130181
260.9999999999999 23.822776704081573 22.389362575568626
261.5 23.8243867307318 22.389684880462685
262.0 23.825989094839493 22.38999607917873
262.4999999999999 23.82760771769322 22.390310883386427
263.0 23.829214189643952 22.390629067805957
263.5 23.830830447196195 22.390948169608336
263.9999999999999 23.83244927430931 22.39126947468828
264.5 23.834062888784008 22.391592891739755
265.0 23.835696361676277 22.391919740218732
265.4999999999999 23.8373144177978 22.392237537752667
266.0 23.838950156460733 22.392566367079144
266.5 23.840569063606726 22.392895418361086
266.9999999999999 23.842202278945102 22.393225488997412
267.5 23.8438194939538 22.39355753461173
268.0 23.845457871783747 22.393889552803905
268.4999999999999 23.847098710637695 22.394223523319678
269.0 23.84873426688239 22.394547974864366
269.5 23.850354346833967 22.39489054028201
269.9999999999999 23.851995257502715 22.395224568665224
270.5 23.853643033593663 22.395563578851444
271.0 23.85528241024609 22.395904525867927
271.4999999999999 23.856916109757023 22.396239399395466
272.0 23.858547948091477 22.39657808772339
272.5 23.86018856950267 22.39692317473935
272.9999999999999 23.861832667197355 22.397267276747662
273.5 23.86347295265658 22.397611724370634
274.0 23.865112444285845 22.397960388462398
274.4999999999999 23.866754145212937 22.39830408922989
275.0 23.868411188817728 22.3986529831117
275.5 23.87004495950113 22.39900093185181
275.9999999999999 23.871688209303503 22.39934959272604
276.5 23.873330625005607 22.39969888825533
277.0 23.87496793120568 22.40005454928662
277.4999999999999 23.87662521470425 22.400402644697955
278.0 23.878267926908748 22.400754678721412
278.5 23.879906821346108 22.4011124182957
278.9999999999999 23.881565691861017 22.40146637481095
279.5 23.883189539535806 22.40182449959415
280.0 23.884831241555066 22.4021858202262
280.4999999999999 23.886485046702177 22.4025422282916
281.0 23.88811879595629 22.402895615868328
281.5 23.889773224257954 22.403258368407588
281.9999999999999 23.891406156231938 22.403616503100054
282.5 23.893053194492488 22.403981561319345
283.0 23.894687978670405 22.404345497707506
283.4999999999999 23.89632677895098 22.40470577827036
284.0 23.897974019296445 22.40507203264005
284.5 23.899608545763197 22.405439021702676
284.9999999999999 23.901255095952042 22.405804359120513
285.5 23.902910711700493 22.40617705982654
286.0 23.904550337502698 22.406541493908307
286.4999999999999 23.906201887055197 22.406911260210038
287.0 23.907846760824594 22.407283912884782
287.5 23.90948916434491 22.40766124067146
287.9999999999999 23.911151588583103 22.408035740714265
288.5 23.912793640680604 22.40841584428178
289.0 23.914449332734375 22.40878623656679
289.4999999999999 23.916102405189076 22.409172152602665
290.0 23.91775482116328 22.409554383146673
290.5 23.919431034927502 22.40993928153966
290.9999999999999 23.921073763552386 22.410319542647926
291.5 23.922730251836974 22.41070424909241
292.0 23.924385613557448 22.411085165723385
292.4999999999999 23.926042828734033 22.41147938291236
293.0 23.92770762144545 22.411871550275766
293.5 23.929363274281023 22.412256859564454
293.9999999999999 23.93103328851009 22.41264565009829
294.5 23.9326935892247 22.413043554859122
295.0 23.934359175429847 22.413434899734956
295.4999999999999 23.936031313128222 22.413832415881714
296.0 23.937689328250016 22.414227713346108
296.5 23.939365252705088 22.41461904106351
296.9999999999999 23.941025459513554 22.41501792863079
297.5 23.94269990219346 22.41541332272711
298.0 23.944367908119556 22.415816682610227
298.4999999999999 23.946038908616963 22.416218702751646
299.0 23.947723579739613 22.416626061144417
299.5 23.949378775360486 22.41702483111615
299.9999999999999 23.951049761193154 22.41743055153392
300.5 23.95271674992959 22.417842340566327
301.0 23.954399847673884 22.41824339209282
