FastTrWP/PhaseSpace/IAs/snIa_0.68_30.00_-0.61_0.13.csv
# %ECSV 0.9
# ---
# datatype:
# - {name: time-rel, datatype: float64}
# - {name: g, datatype: float64}
# - {name: i, datatype: float64}
# schema: astropy-2.0
time-rel g i
[from data line 2144]
703.0 26.823922520507644 23.052378563661108
703.5 26.82608217136091 23.053657213720253
704.0 26.82830983304982 23.054940592591457
704.5 26.830513842157472 23.05622344157839
705.0 26.832700728178693 23.057503551868518
705.5 26.834884412612567 23.05878380021116
706.0 26.83709683415905 23.060065449116152
706.5 26.839253164108335 23.06134937808968
707.0 26.841397772031904 23.062626282314717
707.5 26.843557611670352 23.063914530625446
708.0 26.845702534159848 23.065198208368383
708.5 26.847821229061935 23.066476327858602
709.0 26.849985339156976 23.06775406729534
709.5 26.85212365554158 23.06904824333417
710.0 26.85426142579938 23.070332800383625
710.5 26.856408811715564 23.071608926894662
711.0 26.85839417461636 23.07289432063239
711.5 26.860544459030223 23.074180570240944
712.0 26.86260325549698 23.07546414204545
712.5 26.864704802460757 23.076744748635328
713.0 26.866803201419543 23.078034887812162
713.5 26.868854733759882 23.079314911197596
714.0 26.870886919766694 23.08060101448483
714.5 26.872930374587632 23.08189608191151
715.0 26.87498754270567 23.083171485575864
715.5 26.87699192142608 23.084463758081547
716.0 26.878991923629115 23.08575040680056
716.5 26.88100084230166 23.087032374630127
717.0 26.88300428502615 23.08832368666975
717.5 26.884980280326506 23.08960847494015
718.0 26.8869394382962 23.090889989631282
718.5 26.888908756639402 23.092177202352513
719.0 26.890875695450607 23.09346351298659
719.5 26.892796333119904 23.094752241310562
720.0 26.894743359968434 23.09603984615519
720.5 26.896665595691495 23.097322332863634
721.0 26.89856705014702 23.098605254761196
721.5 26.90043649481278 23.099890648136526
722.0 26.902315888928765 23.10118454274693
722.5 26.90422097369639 23.102468193670475
723.0 26.906065908584573 23.10375395834095
723.5 26.907914916534313 23.10504388972256
724.0 26.90972686578884 23.106326274929543
724.5 26.911554905988886 23.107616674488046
725.0 26.913327223245194 23.108895485751468
725.5 26.915106616353572 23.110182053388083
726.0 26.91692145355774 23.111470898305775
726.5 26.918724304571235 23.112753756950625
727.0 26.92045281774822 23.114045892046832
727.5 26.922208569645427 23.115331331646132
728.0 26.92392840918115 23.11661162384077
728.5 26.92562577727799 23.11790063104027
729.0 26.927375376071566 23.119181639216485
729.5 26.92905454329467 23.120469524455913
730.0 26.93065813498883 23.12175816807538
730.5 26.932334650024025 23.12304031733944
731.0 26.934024749117786 23.124326610812616
731.5 26.93564249960538 23.12561206152722
732.0 26.937266780243675 23.1268906798909
732.5 26.938905316527606 23.128183687360405
733.0 26.94042187057847 23.129458397691103
733.5 26.94196742187748 23.130750315000633
734.0 26.943550531833335 23.132037170839062
734.5 26.94512382938706 23.133313368472095
735.0 26.946604327204003 23.134599500088278
735.5 26.948122082008975 23.13588625289976
736.0 26.949635766053106 23.13717273383467
736.5 26.95116976498932 23.138452038973284
737.0 26.95262169431536 23.139743059779313
737.5 26.954122622966917 23.141029063691683
738.0 26.955550758440346 23.14230926340564
738.5 26.95701658594111 23.143596855608926
739.0 26.958469541708535 23.14488646331028
739.5 26.9599093857089 23.146172771660723
740.0 26.96129214186002 23.147457839046073
740.5 26.96269830583234 23.148741231119033
741.0 26.964040312628438 23.150025354949694
741.5 26.965402548358473 23.151309465333313
742.0 26.966790805397316 23.15259745115306
742.5 26.968196209718943 23.15387809159519
743.0 26.96948363704594 23.155166722749534
743.5 26.97080560865581 23.156449015459653
744.0 26.972146771714442 23.15773977627289
744.5 26.973392707674698 23.15901508283646
745.0 26.9747256931553 23.160310933524197
745.5 26.975959992782247 23.1615906699413
746.0 26.977233203487472 23.162882040331713
746.5 26.97836019466125 23.164164799401817
747.0 26.979639477646945 23.165446927719408
747.5 26.980823875796418 23.166736586124518
748.0 26.98201506388468 23.168032910182284
748.5 26.9832421824591 23.16931348296352
749.0 26.984385864014545 23.170592737442092
749.5 26.98553189475911 23.171878357341487
750.0 26.986677478890595 23.1731683770152
750.5 26.987757349372558 23.174447037003
751.0 26.98886286317963 23.17573058134451
751.5 26.990021122262227 23.17701995196376
752.0 26.99102286727499 23.178301589116423
752.5 26.99210513558924 23.179589129065448
753.0 26.993140271331484 23.180865867756616
753.5 26.99419893105063 23.182153917670938
754.0 26.99518123590943 23.18343665662962
754.5 26.996103248220116 23.184719576113167
755.0 26.997180474315886 23.18600085472882
755.5 26.998100113282895 23.1872823574869
756.0 26.999052389338868 23.188572944713783
809.5 26.99967080652622 23.324196373613884
810.0 26.998750464311144 23.325433978367197
810.5 26.997694723105127 23.326674481260852
811.0 26.996701413165482 23.327906296095875
811.5 26.995671021633065 23.32912936627654
812.0 26.994648427030494 23.330375282447942
812.5 26.993590493819607 23.33161679562792
813.0 26.99248497584087 23.332846441759006
813.5 26.991360128394707 23.334083586696394
814.0 26.990207951865237 23.33531037084019
814.5 26.988979718268627 23.336557034016007
815.0 26.98780118944452 23.337774306088498
815.5 26.986485885505317 23.338996298519227
816.0 26.985171625547512 23.340220219636958
816.5 26.983862646532213 23.34144477150144
817.0 26.982439654491944 23.3426674059705
817.5 26.98106081356221 23.343884972772845
818.0 26.97962195230381 23.345115133794327
818.5 26.978181649432024 23.346324773361115
819.0 26.976671046203595 23.347547541736166
819.5 26.975216866116725 23.348764379921416
820.0 26.97364387687573 23.349985131427765
820.5 26.972074788808097 23.351203429103407
821.0 26.97044753758799 23.352409890757265
821.5 26.96887218264434 23.35362058994869
822.0 26.967204143109193 23.35482804264243
822.5 26.96552454230669 23.356040658549034
823.0 26.96389849009489 23.357248112937942
823.5 26.962138521165638 23.35845434031863
824.0 26.960410118322557 23.359663934294595
824.5 26.958698159176695 23.360860573309893
825.0 26.956902253186463 23.362075040189367
825.5 26.95517043489335 23.363279230034134
826.0 26.953379238100723 23.364475506603007
826.5 26.95156265838203 23.36567231473106
827.0 26.94974960125635 23.366874884229265
827.5 26.947793140081394 23.368085465402878
828.0 26.945967272205152 23.369268129806056
828.5 26.94414310585829 23.370472781238828
829.0 26.942280947780763 23.371664364744845
829.5 26.940431134244022 23.372875684422603
830.0 26.938471060678868 23.374069530229228
830.5 26.936556035021468 23.375257738800343
831.0 26.93467885137659 23.376459711228783
831.5 26.932788492517027 23.377651193567488
832.0 26.93087728468733 23.37883708116838
832.5 26.928968351923288 23.380038516740193
833.0 26.927011734109243 23.381225399902355
833.5 26.92509539821385 23.38241432340855
834.0 26.92313398136092 23.38361012939862
834.5 26.921262210126 23.384808565001755
835.0 26.919271913120603 23.38599975234642
835.5 26.91728098309187 23.387181342983304
836.0 26.915378170054446 23.388367067169483
836.5 26.91346222154899 23.38955444113354
837.0 26.9115464450962 23.390747106795963
837.5 26.909606313962907 23.391942912931015
838.0 26.90768526932301 23.393128747130557
838.5 26.90571535817449 23.394323102136667
839.0 26.903838964670538 23.39550207685152
839.5 26.90185048769054 23.396690571989836
840.0 26.899961077191413 23.397887474613746
840.5 26.898100559548958 23.39907289475871
841.0 26.896195678959096 23.40025859325571
841.5 26.89431348160344 23.401449092134484
842.0 26.892422146353447 23.402629559801884
842.5 26.89061565479578 23.403821467478046
843.0 26.888747608015233 23.405011658832265
843.5 26.88686268083101 23.406195703152285
844.0 26.88507965430918 23.407385173620227
844.5 26.883241862806905 23.40857105552719
845.0 26.881426186797555 23.409760736950552
845.5 26.87961971108965 23.410935007352798
846.0 26.87788035085468 23.412123674242565
846.5 26.87609435107117 23.413307658225374
847.0 26.874383211670544 23.41450535256794
847.5 26.872678288362696 23.415700806127816
848.0 26.870935579863882 23.416889618021173
848.5 26.86920817548701 23.41807361643442
849.0 26.867566858825892 23.41926493080997
849.5 26.865945431912543 23.420456806486925
850.0 26.86428417588784 23.421653144786518
850.5 26.86264145616772 23.422838574478455
851.0 26.861091868673086 23.42403211694078
851.5 26.85950622352418 23.425228303561827
852.0 26.85792406059019 23.426417783304952
852.5 26.856406438300535 23.42761000286601
853.0 26.85494133682106 23.428807380058302
853.5 26.853478797354626 23.4300009869948
854.0 26.851981024988596 23.431191085698067
854.5 26.85048210163481 23.432382819975864
855.0 26.848949361225873 23.433572808560758
855.5 26.847453093178835 23.43477630974172
856.0 26.845953483335883 23.43595843899092
856.5 26.844430432286792 23.437141745750726
857.0 26.842860724403614 23.43833116130498
857.5 26.84133233913559 23.43952649105629
858.0 26.839791924176634 23.44071708712478
858.5 26.83829047717582 23.44190653451243
859.0 26.836740693449684 23.443087635346807
859.5 26.835156859745606 23.444285049636797
860.0 26.833626157916974 23.44547542389475
860.5 26.832032139562575 23.44664816412843
861.0 26.830537403954743 23.447838358910484
861.5 26.82899524385175 23.44903016627177
862.0 26.827404615163523 23.450200422285818
862.5 26.825848299908625 23.451392422458266
863.0 26.824305343348772 23.452587043355177
863.5 26.822764691546933 23.45376860453174
864.0 26.821229114887934 23.454950006331607
864.5 26.81967804167825 23.45611942878073
865.0 26.818145865411086 23.45731207219913
865.5 26.816666236119634 23.4584926769817
866.0 26.815082868458884 23.459677136334633
866.5 26.813565896034632 23.460857727531938
867.0 26.81204256062925 23.46203191575313
867.5 26.810559449009517 23.463221277734682
868.0 26.80905722421606 23.46441140780142
868.5 26.807543437114877 23.46558228811174
869.0 26.806003685562736 23.466758405014815
869.5 26.804565043099377 23.467944372404645
870.0 26.803069100236772 23.46912397959757
870.5 26.801609280390593 23.470288678465742
871.0 26.800156238281264 23.471492958504495
871.5 26.798674927407184 23.472665718576216
872.0 26.79726686796808 23.473848554605322
872.5 26.795793875933644 23.47503278686056
873.0 26.794364475540775 23.476211472155573
873.5 26.792955645964636 23.477397401088844
874.0 26.7915580922134 23.478579574617516
874.5 26.790183419117056 23.47974485653255
875.0 26.78884046598416 23.480927446356212
875.5 26.787435850807032 23.482117278110152
876.0 26.786109475939877 23.483286361920914
876.5 26.784775833783556 23.48447744792617
877.0 26.78347625409263 23.48565958296887
877.5 26.782115198702286 23.48682054856139
878.0 26.78083215514303 23.488011175554284
878.5 26.779551050816753 23.489188545052308
879.0 26.778312912225065 23.49037622726755
879.5 26.777058952360665 23.49154905955438
880.0 26.775809762068867 23.4927346222766
880.5 26.77459179151092 23.49391482529464
881.0 26.773453118017994 23.49510945090005
881.5 26.77230333486357 23.496281575251476
882.0 26.77110952681374 23.49747568818842
882.5 26.769933517249626 23.498644780165094
883.0 26.768878796816686 23.499822380645167
883.5 26.767714693303965 23.501020344581928
884.0 26.766626381170184 23.502195593526483
884.5 26.76560228842377 23.50338414871605
885.0 26.764596359160397 23.504562209632706
885.5 26.763565742243017 23.505759077964573
886.0 26.762541828252733 23.506949691421323
886.5 26.761573208129015 23.508131041713337
887.0 26.760671011041367 23.50931686651102
