FastTrWP/PhaseSpace/IAs/snIa_0.57_30.00_-2.24_-0.07.csv
# %ECSV 0.9
# ---
# datatype:
# - {name: time-rel, datatype: float64}
# - {name: g, datatype: float64}
# - {name: i, datatype: float64}
# schema: astropy-2.0
time-rel g i
[from data line 1412]
426.0 24.99799548871565 22.592507541203087
426.5 24.9996794829323 22.593236743574398
426.9999999999999 25.0013832049895 22.59397502117311
427.5 25.003057390911515 22.594706346311494
428.0 25.004718142455744 22.595444493459674
428.4999999999999 25.00635433895657 22.59618211589131
429.0 25.007963587221273 22.596918669915237
429.5 25.009573678357633 22.597660632607628
429.9999999999999 25.011133693022177 22.59839502553287
430.5 25.012690075295186 22.599131937830343
431.0 25.01421730933126 22.59988133633401
431.4999999999999 25.015751351466765 22.600621653605337
432.0 25.01723441531953 22.601360220984734
432.5 25.01870831709352 22.60211177905823
432.9999999999999 25.02017671426374 22.602853751586917
433.5 25.021598817734002 22.60359647885061
434.0 25.023058597999178 22.604349044951455
434.4999999999999 25.02445150520712 22.605091293973395
435.0 25.025848181791332 22.605837814039354
435.5 25.02720170325166 22.606589030134373
435.9999999999999 25.02858654840834 22.607338907359665
436.5 25.029934902790465 22.6080847689666
437.0 25.031283630991908 22.60883594338175
437.4999999999999 25.0325922054393 22.6095937445536
438.0 25.033920806541342 22.610347945538074
438.5 25.035193330399412 22.611098012265355
438.9999999999999 25.03645868387638 22.611856792069677
439.5 25.037748630724476 22.61260358507335
440.0 25.039014034545804 22.61336356990376
440.4999999999999 25.04024905589734 22.614127067610713
441.0 25.041498300508692 22.614883242235223
441.5 25.042725348981666 22.615638458260893
441.9999999999999 25.043933661188152 22.616393957411063
442.5 25.045140598422364 22.61716348603094
443.0 25.04635324702854 22.617926049109474
443.4999999999999 25.047517588977122 22.618678285777122
444.0 25.048714071755946 22.61944257734234
444.5 25.04989044192483 22.6202060038256
444.9999999999999 25.05107465863723 22.6209762368917
445.5 25.052240829210074 22.62173325140788
446.0 25.053413106389964 22.62250313996603
446.4999999999999 25.05456713247009 22.623274490805162
447.0 25.055708718958183 22.624033882814665
447.5 25.056868449799513 22.624803878967498
447.9999999999999 25.058008251166655 22.625574373906197
448.5 25.059158816529177 22.626346553434477
449.0 25.06029794945036 22.62711648962111
449.4999999999999 25.06142858652606 22.62788851262282
450.0 25.062571441781657 22.62865938749227
450.5 25.063667820345348 22.629425719020716
450.9999999999999 25.06483699727179 22.630209192682624
451.5 25.06595454298928 22.63098126685074
452.0 25.067102765474758 22.631757481420433
452.4999999999999 25.068247062807853 22.632531898318042
453.0 25.069384721020604 22.633303219180615
453.5 25.070521635455446 22.63408470928512
453.9999999999999 25.07167488464088 22.634865193782503
454.5 25.072811573549988 22.63564277268501
455.0 25.073952545790974 22.636420751284334
455.4999999999999 25.075097981523978 22.637208068402686
456.0 25.076282870486537 22.63798887035591
456.5 25.077433724081043 22.638766895822137
456.9999999999999 25.078612383693617 22.639552945205498
457.5 25.079776721076975 22.640329991013427
458.0 25.08096333611148 22.641114531773013
458.4999999999999 25.08215273159722 22.641902769295164
459.0 25.08337350149546 22.642685956340067
459.5 25.08458944506769 22.643479986037562
459.9999999999999 25.085786879907953 22.64425951269981
460.5 25.08703053455914 22.645049715272293
461.0 25.08827202333987 22.645837169108344
461.4999999999999 25.089528793018783 22.646624946329798
462.0 25.0907771739439 22.64741597379581
462.5 25.092066400833907 22.648207063674917
462.9999999999999 25.09336436247406 22.64899384594335
463.5 25.094655181101647 22.64979444974536
464.0 25.095926105141366 22.65058104334208
464.4999999999999 25.09719636900939 22.65137644508401
465.0 25.098495623935722 22.652169928812135
465.5 25.099754114896832 22.652968361579013
465.9999999999999 25.100994702680197 22.653761773815884
466.5 25.102270328478916 22.654562654071565
467.0 25.103495307595654 22.655357278488367
467.5 25.1047506509989 22.656154666873974
468.0 25.105982178806777 22.656956746558595
468.5 25.10720439706819 22.657762248568346
469.0 25.108438675327854 22.658549287839122
469.5 25.109651067282464 22.659361050159056
470.0 25.110886707034794 22.660155675842
470.5 25.112087356734243 22.66096381049147
471.0 25.11330294126257 22.66176642246481
471.5 25.114491130095452 22.662565971685382
472.0 25.115679834819016 22.663375269722586
472.5 25.116884538682008 22.664181571110884
473.0 25.11809673332321 22.664987392449348
473.5 25.11927384199111 22.665794576845464
474.0 25.120477333174232 22.666612017272367
474.5 25.12168004014574 22.66741923457413
475.0 25.122866606219993 22.66822731323049
475.5 25.124038075657698 22.669041708208432
476.0 25.125264941422213 22.669847829207704
476.5 25.126458997664916 22.670670341782092
477.0 25.127645166553915 22.671476443185725
477.5 25.128825312155673 22.672298066368846
478.0 25.130029418753352 22.67311312934681
478.5 25.13120075829474 22.673925943236995
479.0 25.132413500749166 22.674746153272242
479.5 25.13360221617145 22.675561713612552
480.0 25.134789895112142 22.676386345304103
480.5 25.135978862398606 22.677199430527864
481.0 25.13719211240931 22.678020517710507
481.5 25.13842573357298 22.67884713116554
482.0 25.13964781768302 22.679666829240546
482.5 25.14083427701902 22.680490115626842
483.0 25.142049343894108 22.68131660100032
483.5 25.143297922242933 22.682137503777383
484.0 25.144524847407666 22.682964807542593
484.5 25.14578004990978 22.683786835855066
485.0 25.14702167112162 22.684621486025986
485.5 25.148254721552995 22.68545596674454
486.0 25.149523074889363 22.686277348633176
486.5 25.15077824879393 22.68710740001081
487.0 25.1520611287089 22.68793871637804
487.5 25.15331493317282 22.688771348594848
488.0 25.154595274040656 22.689602865267936
488.5 25.15589344624292 22.690434069818245
489.0 25.157215062745408 22.69126651784758
489.5 25.158524997056585 22.69210124421482
490.0 25.15985727673666 22.692938464351833
490.5 25.161201285820255 22.69377435984774
491.0 25.162519393671605 22.694610999760027
491.5 25.1638684136869 22.695453899040324
492.0 25.16524789287871 22.696294602202943
492.5 25.166622935477587 22.6971335188856
493.0 25.16800214347787 22.69798076802146
493.5 25.16942135293924 22.698813311770504
494.0 25.17084990592825 22.69965248726664
494.5 25.17225092843805 22.700499625426684
495.0 25.173728925752346 22.70133928381417
495.5 25.17515542928305 22.702185120050764
496.0 25.176624529515 22.703039222499008
496.5 25.178126189482892 22.70388223004062
497.0 25.179632516430075 22.70473019116003
497.5 25.181151546604617 22.70557682092123
498.0 25.182668247183972 22.706431717565888
498.5 25.184214208519972 22.70727826948658
499.0 25.185807064381983 22.708130413893013
499.5 25.18737794109386 22.708979672128912
500.0 25.18897832331679 22.709826416579688
500.5 25.190590357313955 22.710690010263335
501.0 25.192223933642186 22.711540200190004
501.5 25.19386974556636 22.712394679486486
502.0 25.195542230851736 22.713255521107744
502.5 25.197221333179307 22.714110188557033
503.0 25.19889166303774 22.714967787938004
503.5 25.200583142527062 22.7158240601049
504.0 25.202245918585668 22.716685565912588
504.5 25.203977463403724 22.7175482541857
505.0 25.205691830773954 22.718397368451924
505.5 25.207409570970093 22.71926639683602
506.0 25.20917469007926 22.720132354144287
506.5 25.210895337515055 22.72099062125163
507.0 25.21268675669701 22.721856391894928
507.5 25.214441139512207 22.7227214722053
508.0 25.216196052841802 22.723585057903072
508.5 25.21799323728741 22.724453845270183
509.0 25.21980803101968 22.72532607542167
509.5 25.221611915400096 22.726195459711445
510.0 25.223425560172554 22.727065940024666
510.5 25.225251572131803 22.72793206145367
511.0 25.227114378329063 22.728805066942044
511.5 25.22895200939235 22.729674231126026
512.0 25.23080841858476 22.730552899797747
512.5 25.232702761490565 22.731414607850123
513.0 25.234589668350097 22.732293995796567
513.5 25.23647391952826 22.733176519430494
514.0 25.23838624807798 22.73404893520109
514.5 25.240316450242297 22.73492395131243
515.0 25.24225610901769 22.735805724787568
515.5 25.244194629063163 22.736686852677828
516.0 25.24612654819113 22.737566820598705
516.5 25.2480886785975 22.738444618773347
517.0 25.250070166873506 22.739328936429196
517.5 25.25205672837547 22.740211299396385
518.0 25.25403292052932 22.741091371597438
518.5 25.25609269859605 22.741978133346052
519.0 25.25808560210674 22.74286990616695
519.5 25.260127274020174 22.74375393640845
520.0 25.26215917698599 22.744643971818753
520.5 25.26422380467588 22.745530382806997
521.0 25.26629922307275 22.74641776359196
521.5 25.268355738772513 22.747310890998108
522.0 25.270462062184833 22.748206728434077
522.5 25.272553253694007 22.749100632357035
523.0 25.274687515369468 22.749986289391
523.5 25.276837700300806 22.75088658794313
524.0 25.278954635085185 22.751781471434207
524.5 25.281119845014718 22.752679527333925
525.0 25.283258840762798 22.753585494206114
525.5 25.28546360314294 22.754474716659587
526.0 25.287635306082276 22.7553772647964
526.5 25.289848535995702 22.756272888916623
527.0 25.292072017841093 22.757180219470136
527.5 25.294292639656284 22.758085364490775
528.0 25.29653854634033 22.758985625840175
528.5 25.298774276626407 22.75988733316606
529.0 25.301049657066564 22.760802255202762
529.5 25.30331885478166 22.76170151029347
530.0 25.305638473437465 22.7626100918485
530.5 25.307894535605506 22.763529599183787
531.0 25.310262390710694 22.764444244814545
531.5 25.312566206645016 22.76535019351288
532.0 25.314932354586656 22.766266809817427
532.5 25.31727125922456 22.767178737709486
533.0 25.319635110020272 22.768089285409555
533.5 25.32202701999449 22.76901034170011
534.0 25.324439164714963 22.769931302775035
534.5 25.326869229020232 22.770845374658638
535.0 25.329292314746166 22.77177037914126
535.5 25.331701395248608 22.772686704541005
536.0 25.33416534937973 22.773608091276273
536.5 25.33662830687466 22.774530770813136
537.0 25.339127488543205 22.775463046608625
537.5 25.34162727232857 22.77638831981603
538.0 25.34415371384458 22.777309164590875
538.5 25.346667703335505 22.778240929291723
539.0 25.349202321126526 22.77917681936909
539.5 25.351756284479062 22.780102490733654
540.0 25.35430859072403 22.781029611613533
540.5 25.356894713856946 22.78196123255512
541.0 25.359519461188572 22.782897407866894
541.5 25.362112702624415 22.783832358540597
542.0 25.364752741258336 22.784768593468684
542.5 25.367406342923733 22.7857081256273
543.0 25.370027553823974 22.786643667023014
543.5 25.37269648197389 22.787584971360634
544.0 25.375407487067587 22.788524470588108
544.5 25.378093415367996 22.789460938684513
545.0 25.380818571683875 22.790400699767513
545.5 25.38354536532591 22.79134608412328
546.0 25.386287240045217 22.792290836214804
546.5 25.389051070619914 22.793227399077868
547.0 25.39183385797 22.79418088650604
547.5 25.394663896330666 22.795129099174673
548.0 25.397459371310916 22.79608727520685
548.5 25.400257979413247 22.797029437893425
549.0 25.403120908975044 22.79797895976658
549.5 25.405980332431195 22.79892967589594
550.0 25.408869117537975 22.79988525191511
550.5 25.41175029932313 22.80083813606234
551.0 25.41468196822574 22.801790243027177
551.5 25.41761836790712 22.802755418845816
552.0 25.420526211315423 22.80370694387107
552.5 25.423499039641662 22.804664974899012
553.0 25.426476316486845 22.805624750333934
553.5 25.42947704610963 22.80659360505908
554.0 25.432493077261924 22.807557052817295
554.5 25.435525362987846 22.80850428683168
555.0 25.438562161528985 22.809486487753627
555.5 25.441638666100992 22.810443682603513
556.0 25.444718221789948 22.811413814950193
556.5 25.447824353326403 22.8123783546091
557.0 25.45096831285125 22.813351567899616
557.5 25.45411483509389 22.814328776803702
558.0 25.457255054234473 22.815298767326574
558.5 25.46042092391607 22.816273946185603
559.0 25.463650890224628 22.81724165090932
559.5 25.466871387599014 22.818219753941776
560.0 25.47011136776255 22.81920438090261
560.5 25.4733455658645 22.820172322902856
561.0 25.47663274009662 22.821155655212632
561.5 25.479921114349292 22.822130522879487
562.0 25.483253061295326 22.82311227421053
562.5 25.486576230516324 22.824107609829746
563.0 25.489952091345835 22.825088889171408
563.5 25.493333347121748 22.82607078496227
564.0 25.49669841392057 22.827058979595485
564.5 25.500156951732258 22.82805178335687
565.0 25.50356477205046 22.82904256214682
565.5 25.507056449582596 22.830034362246945
566.0 25.510487975753353 22.831031855378377
566.5 25.5140255059085 22.832026715618934
567.0 25.517528258333044 22.833022496057612
567.5 25.52109990451829 22.834017718053055
568.0 25.524687631989615 22.835018243179874
568.5 25.52825198493857 22.836014525005996
569.0 25.531858579722268 22.837019077488044
569.5 25.53551306187802 22.838022266064108
570.0 25.539188683367634 22.839028791304194
570.5 25.542859433077698 22.840032078933316
571.0 25.546565615225816 22.84104002330681
571.5 25.550297825592445 22.842048235672753
572.0 25.55406396888577 22.843061665996622
572.5 25.557837711198196 22.844071017756058
573.0 25.561638104297106 22.845077818799734
573.5 25.565468552272716 22.846099844798026
574.0 25.56932353172388 22.84711396519913
574.5 25.573217310335995 22.848138169399373
575.0 25.577094095119545 22.84914925399505
575.5 25.581028282339375 22.85017047226406
576.0 25.584981441032994 22.85119812329597
576.5 25.588965192192234 22.852217849455233
577.0 25.592981915565463 22.853254317279973
577.5 25.597062575659915 22.85427050812133
578.0 25.60110640997546 22.855313223579085
578.5 25.605199599581162 22.856329336465556
579.0 25.609334995066515 22.857365183878624
579.5 25.613509222632977 22.858400133973834
580.0 25.61768759157343 22.859437595244994
580.5 25.621943205020244 22.860465121141008
581.0 25.62618386686388 22.861503658680697
581.5 25.630480668623186 22.862539767402605
582.0 25.63476979398791 22.863584503721555
582.5 25.639145038464438 22.86461286124547
583.0 25.643506740323595 22.865652544096626
583.5 25.647908569239167 22.86670240346506
584.0 25.652384259532248 22.86774478513006
584.5 25.656822783326515 22.86879490728071
585.0 25.66135175207958 22.869844766323855
585.5 25.665850516605097 22.870900541663822
586.0 25.670458426737145 22.871947483743902
586.5 25.675038899836423 22.87299803809884
587.0 25.679700984492676 22.874048605838922
587.5 25.68436637891707 22.875116133525616
588.0 25.689034308602714 22.87616575015093
588.5 25.693774807790074 22.87722259288788
589.0 25.69856574226757 22.878288589365372
589.5 25.703346218833282 22.879349258688173
590.0 25.708168171791325 22.880403033681823
590.5 25.71305238112606 22.881481442032605
591.0 25.717943968928594 22.882534351280313
591.5 25.722868243102145 22.883597679342806
592.0 25.727848942338404 22.88467558101971
592.5 25.732830836884375 22.885744914857
593.0 25.737873702861233 22.886818329793442
593.5 25.74291117927959 22.887886654612576
594.0 25.74803257990226 22.88896501320454
594.5 25.753182053783767 22.890039578667484
595.0 25.758340272041742 22.891119028525864
595.5 25.763567917699078 22.892206872757033
596.0 25.768820211023005 22.89328157035747
596.5 25.77409789890271 22.894367546863393
597.0 25.77938747828417 22.8954562782682
597.5 25.784741835738348 22.896539502685947
598.0 25.79011336809224 22.897627488428732
598.5 25.795537378381347 22.89871552443008
599.0 25.801009362815492 22.899807671082755
599.5 25.806497393733526 22.90090172704293
600.0 25.812057425282973 22.901993204015593
600.5 25.817638289928908 22.903091963643174
601.0 25.82324524025392 22.904184980297508
601.5 25.828874902649513 22.90528752251714
602.0 25.834567393119944 22.90638619967645
602.5 25.840275822016437 22.90749058748947
603.0 25.846041368376866 22.90858989628802
603.5 25.85185080605997 22.909699671178508
604.0 25.857637133197603 22.910812879764094
604.5 25.863535803562222 22.911910654507665
605.0 25.869432490231922 22.913030826569255
605.5 25.875407779454473 22.91413243348337
606.0 25.881407182316888 22.915248671990305
606.5 25.88747037847267 22.91636748315821
