FastTrWP/PhaseSpace/IAs/snIa_0.33_30.00_-0.16_-0.06.csv
# %ECSV 0.9
# ---
# datatype:
# - {name: time-rel, datatype: float64}
# - {name: g, datatype: float64}
# - {name: i, datatype: float64}
# schema: astropy-2.0
time-rel g i
203.8125 26.9799099075928 25.74792760940924
204.31249999999997 26.95104009209599 25.735974109831325
204.8125 26.92268295526808 25.724054858740438
205.3125 26.894729416235027 25.71220957960916
205.81249999999997 26.867288158921863 25.700408609643752
206.3125 26.84032072706692 25.688723352066166
206.8125 26.813759045478534 25.677054942764332
207.31249999999997 26.78764519166903 25.665481487562655
207.8125 26.76192173839094 25.653913304347086
208.3125 26.736583786312448 25.642450256875243
208.81249999999997 26.71168851816899 25.631050702271864
209.3125 26.687124242018427 25.619695652327096
209.8125 26.662974667842462 25.608462327206386
210.31249999999997 26.63914826495906 25.597226715296173
210.8125 26.6156605626238 25.586091373865358
211.3125 26.592554680519452 25.575011223105697
211.81249999999997 26.56973711119898 25.56399600057412
212.3125 26.54725824366171 25.55301136764513
212.8125 26.52508804291656 25.54211167178572
213.31249999999997 26.50323202144065 25.531319222875407
213.8125 26.481618185551227 25.520529305832852
214.3125 26.460370182389326 25.509843069186537
214.81249999999997 26.43949155240712 25.499218963199745
215.3125 26.41871817934487 25.488617666586073
215.8125 26.398293167261407 25.478130140959784
216.31249999999997 26.378096819273942 25.467665050886673
216.8125 26.358087423808175 25.457231001939412
217.3125 26.338221713077623 25.446833234030724
217.81249999999997 26.31856341508822 25.436455293389457
218.3125 26.29911577851903 25.426175664535453
218.8125 26.279776948891094 25.415850133061003
219.31249999999997 26.26065408664377 25.405594528624253
219.8125 26.241756276678053 25.395408666527825
220.3125 26.222948501145424 25.38523830018596
220.81249999999997 26.204398492115693 25.375094126765063
221.3125 26.185954629288997 25.365000637581588
221.8125 26.167706420271152 25.354942961025216
222.31249999999997 26.149646296352103 25.34490298869262
222.8125 26.131683630548295 25.334948336307768
223.3125 26.113956668987232 25.324998534385234
223.81249999999997 26.09637143346616 25.315117776659566
224.3125 26.078942006991255 25.305263166822712
224.8125 26.061655476845456 25.29543224617054
225.31249999999997 26.044550029407453 25.28566491450851
225.8125 26.027557807503754 25.275960721651046
226.3125 26.01076012184846 25.266261830869503
226.81249999999997 25.994089865261145 25.256623230278823
227.3125 25.977607838717244 25.247033894114228
227.8125 25.961195263303175 25.23744728309485
228.31249999999997 25.944992861520326 25.22793902083196
228.8125 25.92890057576291 25.21845715598598
229.3125 25.91297955277621 25.20901482268904
229.8125 25.89719386507126 25.19961690178546
230.3125 25.881544396435615 25.190295616123084
230.8125 25.866008532371577 25.180946467122155
231.3125 25.85059715362396 25.171707749119033
231.8125 25.835361696006633 25.162464301510532
232.3125 25.820241907508745 25.153302512464816
232.8125 25.805239793855392 25.144153435483073
233.3125 25.790378655341964 25.13504705543213
233.8125 25.77565177796128 25.125996774552192
234.3125 25.76107609759399 25.116979273004198
234.8125 25.746565192984225 25.10802855396266
235.3125 25.73220055751305 25.09910394070376
235.8125 25.71798176280477 25.090224786453316
236.3125 25.703880002720652 25.0813973390539
236.8125 25.689873245805387 25.07259438582059
237.3125 25.6759857591635 25.063846687118453
237.8125 25.66225732122256 25.055112795555385
238.3125 25.648593366802764 25.046455032954483
238.8125 25.635054620456856 25.03784528180872
239.3125 25.62161715686281 25.02925560495795
239.8125 25.608306260761967 25.02071787712202
240.3125 25.59512849380225 25.012206367929046
240.8125 25.582031924461663 25.003766112781904
241.3125 25.56901862244571 24.995349138295175
241.8125 25.55617259387855 24.986969953333876
242.3125 25.543370212062882 24.978648616544334
242.8125 25.53075132354647 24.970362343593035
243.3125 25.518168434778165 24.962115219774898
243.8125 25.505706304081144 24.953933740368683
244.3125 25.493353158345172 24.94576169593794
244.8125 25.481057893244746 24.93765793349045
245.3125 25.468907628335195 24.929562510432106
245.8125 25.456858402875948 24.92151349777652
246.3125 25.44489981113645 24.913527159020234
246.8125 25.432990411729925 24.905597408344722
247.3125 25.421241553734575 24.897684916528338
247.8125 25.409545490046174 24.88979393483797
248.3125 25.397920986381774 24.881947384246068
248.8125 25.38635581991333 24.87410601174536
249.3125 25.374852816054357 24.866336627779134
249.8125 25.363442523390688 24.85854801440295
250.3125 25.352085714398438 24.850824367625908
250.8125 25.340819409251083 24.843116032501683
251.3125 25.32956170002406 24.835413415474108
251.8125 25.318417196393742 24.827747934796772
252.3125 25.30730954921045 24.820127148679827
252.8125 25.296301455064718 24.812520442611017
253.3125 25.285300196772692 24.804940283892144
253.8125 25.274431842205324 24.79737857438066
254.3125 25.26360023214393 24.789887481092286
254.8125 25.252807360343333 24.782375451569596
255.3125 25.242100096266327 24.774885373390944
255.8125 25.231435234640635 24.767454277592897
256.3125 25.22082046224279 24.76004591247346
256.8125 25.2103172171974 24.752658655727643
257.3125 25.199823847942625 24.74530736102797
257.8125 25.189425713647104 24.737993035072808
258.3125 25.179107409351786 24.730666685571563
258.8125 25.168786300102347 24.72341697800403
259.3125 25.15856653112497 24.716172506509068
259.8125 25.148392149114557 24.708981577040575
260.3125 25.138277681349862 24.70178547355175
260.8125 25.128225570747716 24.69462918324604
261.3125 25.118251467727788 24.687498491394997
261.8125 25.10830675077279 24.680392484257734
262.3125 25.098424941285597 24.673318821072282
262.8125 25.088613991817912 24.666290512848633
263.3125 25.07884582246951 24.65926997924971
263.8125 25.069154002765917 24.65230605211062
264.3125 25.05948479762001 24.6453571598343
264.8125 25.04989572608808 24.63841849253802
265.3125 25.040372169867048 24.63151109300521
265.8125 25.030890380948627 24.624670549940866
266.3125 25.0214297879643 24.617828548950715
266.8125 25.012080149390105 24.61100070562005
267.3125 25.002754285101734 24.604223420747307
267.8125 24.99347532192609 24.597469836680247
268.3125 24.98427374628409 24.590750282689452
268.8125 24.975121463171035 24.584062674134973
269.3125 24.96600213112606 24.577369901068316
269.8125 24.956961927431998 24.570747963766543
270.3125 24.947949775748878 24.564152372880685
270.8125 24.939002181774693 24.557565196553554
271.3125 24.930119447784488 24.55101014718883
271.8125 24.921263832877628 24.54449596666269
272.3125 24.912472331318348 24.53799500082559
272.8125 24.903718541071214 24.531545518646233
273.3125 24.895007660546334 24.52510479432254
273.8125 24.886373703494236 24.518688358982214
274.3125 24.877783695079394 24.512302886434412
274.8125 24.869225115338097 24.505962044743484
275.3125 24.860728122123863 24.499642720003962
275.8125 24.85228408428117 24.493334533230076
276.3125 24.843881642738104 24.487076164733686
276.8125 24.835523825303877 24.48084091799215
277.3125 24.827219488915997 24.4746124651708
277.8125 24.818966759676847 24.468448207356754
278.3125 24.810780301864778 24.46229028596026
278.8125 24.80258368416617 24.4561691355714
279.3125 24.79446031905463 24.450088047646187
279.8125 24.78639703272914 24.444007740878945
280.3125 24.778358116611187 24.4379460738906
280.8125 24.77035188409566 24.431914907745526
281.3125 24.762393938859763 24.425898620884958
281.8125 24.754472873393624 24.419908672899492
282.3125 24.74657939006204 24.413916743869688
282.8125 24.738690822780136 24.40797324907194
283.3125 24.730870382644365 24.40204650166447
283.8125 24.72306443883598 24.39613090949579
284.3125 24.71531193586498 24.390236859746473
284.8125 24.707593041629465 24.384362561545156
285.3125 24.699907486522275 24.378510536576215
285.8125 24.692259329357668 24.37265506400997
286.3125 24.684613147778105 24.366844356623258
286.8125 24.677040388795483 24.36105545904292
287.3125 24.66949257297335 24.35528481318287
287.8125 24.661969184001915 24.34951727035895
288.3125 24.654473606976318 24.343792667239494
288.8125 24.647029647872888 24.338068488245884
289.3125 24.639610482427955 24.332362936275395
289.8125 24.632213362043352 24.326695045909577
290.3125 24.62486211616096 24.321034776288602
290.8125 24.61753181715556 24.315396116225656
291.3125 24.61022918348285 24.309777213276554
291.8125 24.602981868908195 24.304182315598016
292.3125 24.5957492871242 24.29860405933471
292.8125 24.588580759834127 24.293055984170792
293.3125 24.581408725816353 24.287492959560417
293.8125 24.574263754613558 24.28201421672771
294.3125 24.567156974262954 24.27648267470132
294.8125 24.560105590702946 24.27101136247022
295.3125 24.553040659825754 24.265549014361085
295.8125 24.546062093338495 24.260099613230153
296.3125 24.539047828737992 24.25468740223846
296.8125 24.532109697019415 24.24928477425405
297.3125 24.525181394884722 24.243899768966266
297.8125 24.518301528611048 24.238538248104632
298.3125 24.51145669560163 24.233187881935937
298.8125 24.504605771196495 24.227881567958217
299.3125 24.49781835726946 24.22255837158896
299.8125 24.491057516568212 24.217273563264694
300.3125 24.484298899919203 24.212012311016842
300.8125 24.477580828577526 24.20676228293072
301.3125 24.4709137415746 24.201527516682077
301.8125 24.464269728581506 24.196331794562774
302.3125 24.457625541172167 24.191134691777336
302.8125 24.451015215010376 24.185963664534846
303.3125 24.444454601034032 24.180824080350966
303.8125 24.43791745754671 24.175690523584457
304.3125 24.431396477847347 24.170574568504023
304.8125 24.424906647791772 24.16548056544775
305.3125 24.41844668990704 24.1604043492733
305.8125 24.412007257792933 24.155340990669778
306.3125 24.405592316009525 24.150321535184148
306.8125 24.399241429432074 24.145303006807094
307.3125 24.392907252931913 24.140320742532975
307.8125 24.386566503814073 24.13533844942662
308.3125 24.380255413985097 24.13036444742987
308.8125 24.374001076313103 24.125420794779867
309.3125 24.3677581824964 24.120505409480266
309.8125 24.361530327740645 24.115578247898345
310.3125 24.35535741926185 24.11071407823325
310.8125 24.34918567053571 24.105837801380545
311.3125 24.34303529987841 24.10099123191752
311.8125 24.336947134619138 24.096151538292766
312.3125 24.33083957095116 24.091342283767133
312.8125 24.324786610248225 24.086538661175794
313.3125 24.31872461210198 24.08177151907455
313.8125 24.312714607343146 24.07699980552828
314.3125 24.306712039505914 24.07224550457654
314.8125 24.300768912346946 24.067528623351592
315.3125 24.294792111100204 24.062807452874445
315.8125 24.288887404948746 24.058092232538783
316.3125 24.28298561096394 24.053423600928987
316.8125 24.27709786379538 24.048753870498714
317.3125 24.271226517575137 24.044100811538122
317.8125 24.265387287373265 24.03943621651372
318.3125 24.259585070662407 24.034832765097608
318.8125 24.253760346730054 24.030224877229326
319.3125 24.248002491845924 24.02561313528743
319.8125 24.24225457402271 24.021036622379608
320.3125 24.236514470173667 24.01647544617626
320.8125 24.230795660287296 24.011916739266354
321.3125 24.225103638251852 24.007391776662217
321.8125 24.219426658168448 24.002870934417935
322.3125 24.213769896318208 23.998352315995586
322.8125 24.20813466550875 23.993848279828995
323.3125 24.202507030849585 23.98936169115087
323.8125 24.196927614628706 23.98490390845561
324.3125 24.191335735904907 23.980449908733323
324.8125 24.185790831511014 23.97600095198982
325.3125 24.1802426639915 23.97156538139741
325.8125 24.174721420079788 23.967152601095346
326.3125 24.169216487450498 23.96275108032807
326.8125 24.163722052476015 23.958353022622724
327.3125 24.15824953030562 23.953975691750603
327.8125 24.15280985942264 23.949613838992008
328.3125 24.14737246190515 23.94525886893849
328.8125 24.14195440930195 23.94091132864455
329.3125 24.13654571027456 23.93657630949487
329.8125 24.131169959312082 23.932264344618368
330.3125 24.125805273531125 23.92795187808624
330.8125 24.120457100666957 23.923659560400097
331.3125 24.115112877579655 23.919361162117973
331.8125 24.10981233325137 23.91510149898211
332.3125 24.10449566633639 23.910840613885618
332.8125 24.099219797388173 23.906578497071642
333.3125 24.093939939696295 23.902330941953473
333.8125 24.088704663924673 23.89812616977146
334.3125 24.08346701005621 23.893883692449414
334.8125 24.0782457763579 23.889677824432496
335.3125 24.073034210354095 23.885493610090972
335.8125 24.067848138799892 23.881300812082312
336.3125 24.062662916799336 23.877125325421503
336.8125 24.057515530299618 23.872960854508932
337.3125 24.0523654780035 23.86880747412132
337.8125 24.047218536979855 23.864662369461907
338.3125 24.042113892386276 23.860516053931132
338.8125 24.0370066090454 23.856399627280766
339.3125 24.03191232086082 23.852289073443863
339.8125 24.02684269772932 23.84818404392447
340.3125 24.02178104491416 23.844070517209104
340.8125 24.016742106869486 23.83998213414268
341.3125 24.01169477640699 23.835919627239104
341.8125 24.006680955970356 23.831853740927322
342.3125 24.001677994469006 23.82778884094888
342.8125 23.996687730641895 23.823739801623734
343.3125 23.991705643131482 23.81971500405706
343.8125 23.986728504723484 23.815673022520766
344.3125 23.981797620043256 23.811665273607655
344.8125 23.976855343006026 23.807656247253675
345.3125 23.971929662243333 23.80365392320261
345.8125 23.96704564554955 23.799666161859953
346.3125 23.962126910869834 23.79569539257662
346.8125 23.957255584759984 23.791737316030233
347.3125 23.952402643506204 23.787784424312207
347.8125 23.94755177594542 23.783836289429523
348.3125 23.942713439999693 23.77989884748302
348.8125 23.937896858524553 23.77598011353257
349.3125 23.933083805143816 23.77206647911006
349.8125 23.92830123751583 23.76814992860681
350.3125 23.923521681682875 23.76425248424661
350.8125 23.918736623675393 23.760366192591444
351.3125 23.913993398337887 23.756485395298846
351.8125 23.909262170051548 23.75262401010145
352.3125 23.90452254701925 23.748768114492798
352.8125 23.899801961988203 23.74491477520063
353.3125 23.895102503923994 23.741069553462157
353.8125 23.89039886597766 23.737235608914474
354.3125 23.88570289468246 23.733411964333165
354.8125 23.881067528607154 23.72960693666888
355.3125 23.876391094473366 23.7257912822487
355.8125 23.87174422925885 23.72199700909587
356.3125 23.867107874224274 23.718198063991398
356.8125 23.862494325398103 23.714422209216863
357.3125 23.85788648108743 23.710642654052812
357.81249999999994 23.85328245401226 23.706883450721218
358.3125 23.848704538900122 23.70313132545634
358.8125 23.844110879389344 23.69937815011141
359.31249999999994 23.839553658171056 23.69563264804122
359.8125 23.834988984849666 23.691914394271862
360.3125 23.830452578109004 23.688178105981116
360.81249999999994 23.825924050666437 23.68445118816137
361.3125 23.821393391625023 23.68074404235786
361.8125 23.816887983739015 23.677053095720918
362.31249999999994 23.812391427368915 23.673371394890175
362.8125 23.807892468921196 23.669664517593674
363.3125 23.803409012357385 23.66598372077259
363.81249999999994 23.79895997446319 23.662320097072566
364.3125 23.79449582144968 23.658661428978238
364.8125 23.79004094020326 23.654985711833007
365.31249999999994 23.785583795806843 23.65135068768057
365.8125 23.781157551664343 23.647697639130033
366.3125 23.776738903127015 23.644058671355303
366.81249999999994 23.77231611670503 23.64042594525159
367.3125 23.767920989782773 23.636805108406538
367.8125 23.76353126402445 23.633185349554328
368.31249999999994 23.759139403334906 23.62956504769661
368.8125 23.754778812294177 23.625971163699035
369.3125 23.75039179651003 23.622358489015095
369.81249999999994 23.746056818017102 23.618775202047214
370.3125 23.741708208287054 23.615180534515538
370.8125 23.737355076580222 23.61161407307566
371.31249999999994 23.733018962105305 23.60805082810534
371.8125 23.728703983559228 23.604466346176892
372.3125 23.724388529180548 23.600930487019703
372.81249999999994 23.7200902690517 23.597362514737785
