FastTrWP/PhaseSpace/IAs/snIa_0.45_30.00_-0.04_-0.14.csv
# %ECSV 0.9
# ---
# datatype:
# - {name: time-rel, datatype: float64}
# - {name: g, datatype: float64}
# - {name: i, datatype: float64}
# schema: astropy-2.0
time-rel g i
[from data line 2301]
1329.0833333333333 25.260808137306885 23.333235361322096
1329.5833333333333 25.26264445792751 23.333925642869325
1330.0833333333333 25.2644507286201 23.3346305912887
1330.5833333333333 25.266232136606114 23.335336511309723
1331.0833333333333 25.268046098264332 23.336044605560392
1331.5833333333333 25.269882028447025 23.33673860116155
1332.0833333333333 25.271647940570475 23.337429715935464
1332.5833333333333 25.273500879449514 23.33813330315803
1333.0833333333333 25.275333773747466 23.338842749665403
1333.5833333333333 25.277139245282644 23.339539617202107
1334.0833333333333 25.278953175655424 23.34024362757492
1334.5833333333333 25.280789106640377 23.340949235835016
1335.0833333333333 25.282569077321817 23.341645508614434
1335.5833333333333 25.28436161339419 23.34235153881204
1336.0833333333333 25.286203728558828 23.34306673975925
1336.5833333333333 25.28804449128713 23.3437721322359
1337.0833333333333 25.289830155167976 23.34446787025827
1337.5833333333333 25.291678460691763 23.34516583240312
1338.0833333333333 25.29348410434268 23.345876697063694
1338.5833333333333 25.295283702162642 23.34658412333027
1339.0833333333333 25.29713391955709 23.34728331401908
1339.5833333333333 25.29891575420933 23.34798836724126
1340.0833333333333 25.300751855595923 23.348686750360216
1340.5833333333333 25.302578740853118 23.349395702020658
1341.0833333333333 25.30440095963021 23.350098035986264
1341.5833333333333 25.306223924062188 23.35080333643445
1342.0833333333333 25.30804687845192 23.351501967875667
1342.5833333333333 25.30986367421142 23.35220279819589
1343.0833333333333 25.311700186735912 23.35291405033314
1343.5833333333333 25.31351872256444 23.353615846942066
1344.0833333333333 25.31533175551874 23.35432419322388
1344.5833333333333 25.31716085966972 23.35501681849687
1345.0833333333333 25.31898530659536 23.355721198104405
1345.5833333333333 25.32080486119667 23.356432561866775
1346.0833333333333 25.322624445812075 23.35714413631909
1346.5833333333333 25.32447106297779 23.357844243976874
1347.0833333333333 25.32625955795965 23.358538398416172
1347.5833333333333 25.328098407080955 23.359251341927344
1348.0833333333333 25.32995729133715 23.359961302453467
1348.5833333333333 25.33177874885874 23.360663924911776
1349.0833333333333 25.333595571636902 23.361360663905145
1349.5833333333333 25.335404077298573 23.362065977653693
1350.0833333333333 25.337242715470246 23.362777466341278
1350.5833333333333 25.339074108872527 23.363484930018803
1351.0833333333333 25.34090424558302 23.364177779984416
1351.5833333333333 25.342707822448112 23.364888621209158
1352.0833333333333 25.34452438619433 23.365586472519283
1352.5833333333333 25.346351446706315 23.366291582763672
1353.0833333333333 25.348193539949214 23.36699858450599
1353.5833333333333 25.350009120397672 23.367700213014047
1354.0833333333333 25.351828677119236 23.368394283824728
1354.5833333333333 25.353661682682738 23.36911243930149
1355.0833333333333 25.355497895464364 23.36979954076584
1355.5833333333333 25.357338897304594 23.370504176883724
1356.0833333333333 25.359150493189233 23.371216590768157
1356.5833333333333 25.360970242676952 23.37191337342603
1357.0833333333333 25.362812284293316 23.372632577357955
1357.5833333333333 25.364633846180844 23.37332730872378
1358.0833333333333 25.366461509095565 23.374036346452897
1358.5833333333333 25.36828875067802 23.374735927617238
1359.0833333333333 25.37010245928628 23.37544005805785
1359.5833333333333 25.37195455868182 23.376145419186724
1360.0833333333333 25.373795803946948 23.37685285313151
1360.5833333333333 25.375626136964215 23.37756789685909
1361.0833333333333 25.377454902524335 23.378266754325104
1361.5833333333333 25.379273920225845 23.378970090175613
1362.0833333333333 25.381100695820198 23.37967384836861
1362.5833333333333 25.382956101846528 23.38038525549956
1363.0833333333333 25.38479074940002 23.38108687705168
1363.5833333333333 25.38660861248944 23.381802252022688
1364.0833333333333 25.388457223628578 23.38250554212102
1364.5833333333333 25.390276942343597 23.383198320229674
1365.0833333333333 25.392135295061173 23.38390050465071
1365.5833333333333 25.393955199867033 23.38461103832898
1366.0833333333333 25.395799162337113 23.385325127593767
1366.5833333333333 25.397613680531137 23.386042246573034
1367.0833333333333 25.39946652672355 23.386729568946617
1367.5833333333333 25.401301164329713 23.3874475733616
1368.0833333333333 25.403113482490447 23.388150318849043
1368.5833333333333 25.40495943187296 23.388854001359963
1369.0833333333333 25.406785207006692 23.38956455531319
1369.5833333333333 25.40864174502722 23.390259782272803
1370.0833333333333 25.410464668916944 23.39097304487746
1370.5833333333333 25.412309864425623 23.391676207196678
1371.0833333333333 25.41413996511153 23.392382622610697
1371.5833333333333 25.415960918229047 23.393087450562785
1372.0833333333333 25.417789861272535 23.39379235750738
1372.5833333333333 25.419629914930017 23.394503752330216
1373.0833333333333 25.421477507104903 23.39521160259637
1373.5833333333333 25.423278047651422 23.3959096516572
1374.0833333333333 25.42515068054881 23.39661820044713
1374.5833333333333 25.426982156832416 23.397321011938303
1375.0833333333333 25.42881487021028 23.39803148645332
1375.5833333333333 25.430648194855664 23.398728007098967
1376.0833333333333 25.432496791243807 23.39944053012228
1376.5833333333333 25.434325304011157 23.400139639464435
1377.0833333333333 25.436133933634185 23.400843385373538
1377.5833333333333 25.43795447311293 23.40155599579588
1378.0833333333333 25.439822036193334 23.40225756561352
1378.5833333333333 25.441631334510237 23.402978231951195
1379.0833333333333 25.443460188656253 23.403665547611546
1379.5833333333333 25.445327134165492 23.4043713542574
1380.0833333333333 25.44712852286831 23.405069595066458
1380.5833333333333 25.448938768016184 23.405783073685
1381.0833333333333 25.4508172623865 23.40648355204649
1381.5833333333333 25.452618049787304 23.407186002024996
1382.0833333333333 25.45444785428408 23.40789035762327
1382.5833333333333 25.45626058196495 23.408598179647377
1383.0833333333333 25.45809642546366 23.409292829388892
1383.5833333333333 25.45993889091728 23.410008735109805
1384.0833333333333 25.461782739180876 23.410701905118557
1384.5833333333333 25.46357796409794 23.411402370316964
1385.0833333333333 25.465435760811502 23.412096492322473
1385.5833333333333 25.467222693213394 23.41280278691324
1386.0833333333333 25.469053315682594 23.413508091134933
1386.5833333333333 25.470887185169524 23.41420860182165
1387.0833333333333 25.472696583587258 23.414919042949652
1387.5833333333333 25.47451378740829 23.415609851381763
1388.0833333333333 25.476324650197792 23.41630006931071
1388.5833333333333 25.478161725766682 23.417009499205292
1389.0833333333333 25.479984728970116 23.417715272682887
1389.5833333333333 25.48181254678735 23.418410691341336
1390.0833333333333 25.4835879159482 23.419115418959493
1390.5833333333333 25.48544719932082 23.419812762272976
1391.0833333333333 25.487254514777877 23.420510299211216
1391.5833333333333 25.489061175028546 23.421195800133088
1392.0833333333333 25.490899753285326 23.42189917576579
1392.5833333333333 25.492716150065625 23.42259639257869
1393.0833333333333 25.49452326345672 23.423294020964573
1393.5833333333333 25.496329266906965 23.423995383271375
1394.0833333333333 25.498163318898442 23.42469116944963
1394.5833333333333 25.499968602141642 23.425393031259336
1395.0833333333333 25.5017668311192 23.4260901891702
1395.5833333333333 25.503605589623813 23.426772787586327
1396.0833333333333 25.50540386077813 23.427475276521147
1396.5833333333333 25.50722473246178 23.428179955058933
1397.0833333333333 25.509041481416162 23.42886676926648
1397.5833333333333 25.51085780367099 23.429564837509496
1398.0833333333333 25.512654131235205 23.430263785933164
1398.5833333333333 25.514479519348882 23.43095056250253
1399.0833333333333 25.516288343179724 23.4316463146304
1399.5833333333333 25.518080026577273 23.432346187229278
1400.0833333333333 25.51991567550416 23.433042654806684
1400.5833333333333 25.52172307230576 23.433741452892498
1401.0833333333333 25.523518419394048 23.43442756710798
1401.5833333333333 25.525323109366237 23.435119017845416
1402.0833333333333 25.527131853563215 23.43581521231365
1402.5833333333333 25.52894948954303 23.436506627783523
1403.0833333333333 25.530747977347453 23.43721044732559
1403.5833333333333 25.532523791995075 23.43790151432338
1404.0833333333333 25.53436980238985 23.43858511116556
1404.5833333333333 25.536158448928607 23.43929010885729
1405.0833333333333 25.53793971631916 23.43996955240613
1405.5833333333333 25.539752359647032 23.440666381611116
1406.0833333333333 25.541555351122057 23.44136139656446
1406.5833333333333 25.543361785342874 23.4420507078607
1407.0833333333333 25.54517247823739 23.44275340996649
1407.5833333333333 25.546951829957358 23.443445078514667
1408.0833333333333 25.54877356555688 23.44414088958207
1408.5833333333333 25.55054568031013 23.444834066694014
1409.0833333333333 25.552326143103894 23.445525702785545
1409.5833333333333 25.554122758966926 23.446213426606416
1410.0833333333333 25.555927679714884 23.446907487386355
1410.5833333333333 25.557716895570245 23.44761033743701
1411.0833333333333 25.559492319517986 23.448299829259284
1411.5833333333333 25.561323775092465 23.44899576385692
1412.0833333333333 25.563084359471304 23.44968477283099
1412.5833333333333 25.564889921550574 23.450382954218007
1413.0833333333333 25.56663309245401 23.451082403284417
1413.5833333333333 25.568432587889532 23.451773973865496
