FastTrWP/PhaseSpace/IAs/snIa_0.63_30.00_1.59_0.01.csv
# %ECSV 0.9
# ---
# datatype:
# - {name: time-rel, datatype: float64}
# - {name: g, datatype: float64}
# - {name: i, datatype: float64}
# schema: astropy-2.0
time-rel g i
[from data line 2506]
749.5 25.580052553733065 22.998388195371206
750.0 25.583107033182415 22.9993214278706
750.5 25.586210428042726 23.000261927676732
751.0 25.589325498299985 23.001194984797138
751.5 25.592460892079952 23.002128576102674
752.0 25.595625320843915 23.003066349525167
752.5 25.59883275776261 23.004002932797047
753.0 25.60204654584993 23.004940801510113
753.5 25.605303564272923 23.005860785575276
754.0 25.608581125783996 23.006791445648194
754.5 25.611907867620765 23.007720528132488
755.0 25.61523422134346 23.008651145909234
755.5 25.618603423195662 23.00958782304903
756.0 25.622036728326627 23.010504619408646
756.5 25.625447187841797 23.01143035658123
757.0 25.628914926834135 23.01235221699381
757.5 25.63243440916046 23.01328692924169
758.0 25.63594813702754 23.014206394811353
758.5 25.63948018940271 23.01512360420925
759.0 25.643072610786575 23.016045887884523
759.5 25.646691272262807 23.016974731797525
760.0 25.65036034190142 23.017895877168616
760.5 25.654067997897698 23.018813122537164
761.0 25.657797168521164 23.019726915421842
761.5 25.661518925738257 23.0206364494628
762.0 25.665331457682235 23.021559302035847
762.5 25.669138235597508 23.022476025686327
763.0 25.673007490828034 23.02338460653454
763.5 25.676877225894966 23.024302609399584
764.0 25.680787348081594 23.025210887922967
764.5 25.684767620365744 23.02611956616459
765.0 25.6888216430602 23.027030425970256
765.5 25.692914478817865 23.02794050790431
766.0 25.697060386399073 23.02884292881032
766.5 25.701269564927564 23.029734997467223
767.0 25.705503267809718 23.030637775181546
767.5 25.709840019728535 23.031536802461495
768.0 25.714224778269674 23.032427632021914
768.5 25.718628471938693 23.03331776110889
769.0 25.723161818572194 23.034212923927452
769.5 25.72767607551047 23.035108759064894
770.0 25.732287329760823 23.035989886996404
770.5 25.73694701945598 23.036882597561142
771.0 25.74161539382231 23.03776938174696
771.5 25.74640920286899 23.03865114844099
772.0 25.751189293276887 23.039542004267396
772.5 25.75607915666215 23.040410143305742
773.0 25.761016478571996 23.041289634057115
773.5 25.76597296869568 23.042163896531378
774.0 25.770972205598937 23.043042336732917
774.5 25.776086082633984 23.043918825728078
775.0 25.781234078786717 23.044792925101415
775.5 25.78640341823013 23.045662033970345
776.0 25.791619018732565 23.046531735611516
776.5 25.796904595451235 23.047404282357004
777.0 25.80222727954493 23.048263485518085
777.5 25.807589193220686 23.04913822985036
778.0 25.81302807384602 23.05000888605082
778.5 25.818511670313743 23.050869656302492
779.0 25.82402218521526 23.051742123211856
779.5 25.829587222608097 23.052597574041403
780.0 25.835206038976693 23.053459991001034
780.5 25.840832150939708 23.054330117505707
781.0 25.846580879082467 23.055189575523837
781.5 25.852331653624976 23.05605188003678
782.0 25.858125966488508 23.056909096875934
782.5 25.863938071973944 23.057770276308126
783.0 25.869866376018322 23.058631193238547
783.5 25.875777287350648 23.05948857663865
784.0 25.881776789828233 23.060349825564114
784.5 25.88777236649544 23.06119953620193
785.0 25.89381389805038 23.062070906379567
785.5 25.899882440501173 23.06292740601057
786.0 25.906031086224118 23.063786179934745
786.5 25.912207071763646 23.064643727992937
787.0 25.91841318642693 23.06550128695576
787.5 25.924674224490687 23.06636047837095
788.0 25.930969581914972 23.06721601296757
788.5 25.93726755959579 23.068075129272323
789.0 25.943623398313328 23.06892865510426
789.5 25.950016127661225 23.069798053848288
790.0 25.95647523183751 23.07065550831077
790.5 25.9628892383197 23.07152251386283
791.0 25.969405847397717 23.072366473252277
791.5 25.975913158706977 23.073234098873286
792.0 25.982491840302888 23.074089617674556
792.5 25.989058654180038 23.074957932224667
793.0 25.995683182755535 23.075822956728583
793.5 26.00225649097996 23.076679773755
794.0 26.008989104029713 23.07754197473563
794.5 26.01564741913602 23.078400421991674
795.0 26.022384086170693 23.079268989271426
795.5 26.029106854006173 23.08013043846071
796.0 26.035880022803262 23.08100879762273
796.5 26.042666438563934 23.08187374027899
797.0 26.049486551228664 23.08274035333302
797.5 26.056247391602 23.083616430106225
798.0 26.063112697712555 23.08448077316811
798.5 26.069996820939345 23.085351338806074
799.0 26.076830512952903 23.086237306250425
799.5 26.083762211728136 23.087101317408283
800.0 26.090636753648283 23.087974830847806
800.5 26.097528774309918 23.08885854318586
801.0 26.104456872992046 23.089737457633372
801.5 26.111372072919643 23.090623112622378
802.0 26.11830162376471 23.091504374492075
802.5 26.125225611603472 23.09239031535876
803.0 26.132186588666578 23.09327371989597
803.5 26.139114136086317 23.094161489552192
804.0 26.14615837952536 23.095047572191923
804.5 26.153215881302057 23.09593472783846
805.0 26.1603808960708 23.09683094961393
805.5 26.167572643678824 23.097706510436446
806.0 26.17485711332361 23.098590136963068
806.5 26.182172497178215 23.09948259515916
807.0 26.189618016820265 23.100366928664798
807.5 26.197030055092135 23.101248237496957
808.0 26.204575089929666 23.102136378195652
808.5 26.212145944037978 23.103021952312496
809.0 26.219814763387554 23.103898620514048
809.5 26.227580030010074 23.10478751156559
810.0 26.235346517554916 23.105674212821278
810.5 26.243148386546128 23.10655601626665
811.0 26.251099033367417 23.10743423029287
811.5 26.259081178277988 23.10832325682567
812.0 26.267065183245144 23.109210349970247
812.5 26.27515971630273 23.11009489243428
813.0 26.28335520103784 23.110963107299746
813.5 26.291564494414015 23.111852865680387
814.0 26.299831017687833 23.112738762883996
814.5 26.308201726696815 23.11362566964818
815.0 26.316587873611468 23.11450825352129
815.5 26.325034937749585 23.115392920143112
816.0 26.33355422419733 23.116281611802044
816.5 26.342182962373922 23.117167668971952
817.0 26.350766359790086 23.118060961461744
817.5 26.359515520276116 23.1189481804253
818.0 26.368307223765544 23.1198274669611
818.5 26.377102103810266 23.120715252485184
819.0 26.38598211435399 23.121600605695242
819.5 26.39491206781857 23.122489448864716
820.0 26.40391215466273 23.123376963689367
820.5 26.412994991531754 23.124273196030995
821.0 26.422089253790823 23.12515225690575
821.5 26.431214587919726 23.126050724484717
822.0 26.44046138973313 23.126939194754016
822.5 26.44976005624679 23.127838840196734
823.0 26.459069211934114 23.128732665308892
823.5 26.46845395127955 23.129625645154515
824.0 26.477870594506726 23.130514933118242
824.5 26.487373510597713 23.131414155910104
825.0 26.496895082123807 23.13231789887249
825.5 26.5064873982862 23.13321492872474
826.0 26.51613525948129 23.13410915994463
826.5 26.525827840510754 23.13501869122132
827.0 26.535572804801937 23.135919641808613
827.5 26.54538005374818 23.136825488156457
828.0 26.55514975480426 23.137723365987014
828.5 26.56508950009276 23.13863770639997
829.0 26.574965226350482 23.139539858497674
829.5 26.584956441221724 23.140459194327843
830.0 26.594924250057947 23.141362900459676
830.5 26.60495901072942 23.14226615080183
831.0 26.615084698601127 23.14318732111814
831.5 26.62520361860522 23.144096729785502
832.0 26.635362769887486 23.14501757189287
832.5 26.645539247200944 23.145941044750288
833.0 26.65575271806873 23.146852792596434
833.5 26.666023545269173 23.147782751073468
834.0 26.676312414347613 23.148695343149296
834.5 26.686619508443705 23.14962976850787
835.0 26.696966268383147 23.15055286599749
835.5 26.707330939092863 23.151482076551375
836.0 26.71773175894719 23.15241865525381
836.5 26.72810000505772 23.15334429984729
837.0 26.738548458968978 23.154287645658837
837.5 26.74895797364676 23.15521614799344
838.0 26.759445588835433 23.156160387664787
838.5 26.7699510564505 23.157094916222007
839.0 26.780362857930136 23.158037203029615
839.5 26.79081890038819 23.1589875194034
840.0 26.80135485073478 23.159927017593432
840.5 26.811846941789973 23.16088127817666
841.0 26.822303319180794 23.16183248167939
841.5 26.83275988493072 23.16278944134158
842.0 26.843256943544095 23.163743828822522
842.5 26.85371797063203 23.164712655367026
843.0 26.86421294493199 23.16566668928262
843.5 26.8747532457694 23.166629860085983
844.0 26.885326757053683 23.16759195337405
844.5 26.895966812959912 23.168555084764975
845.0 26.90662863895758 23.169526549936027
845.5 26.917361709105784 23.17049568847597
846.0 26.928063378763717 23.17146590444841
846.5 26.9388979195009 23.17244075617652
847.0 26.949658861677236 23.173417271420806
847.5 26.96059157218449 23.17438766202688
848.0 26.97149360604358 23.175365510654537
848.5 26.982441125373185 23.1763417403211
849.0 26.993397538767358 23.17732031420265
