FastTrWP/PhaseSpace/IAs/snIa_0.4_20_-1_0.0.csv
# %ECSV 0.9
# ---
# datatype:
# - {name: time-rel, datatype: float64}
# - {name: g, datatype: float64}
# - {name: i, datatype: float64}
# schema: astropy-2.0
time-rel g i
[from data line 832]
399.2083333333333 -26.880747537890116 -27.519816380396904
399.70833333333326 -26.88058944219158 -27.520485778414784
400.2083333333333 -26.88041964495385 -27.521135676797613
400.7083333333333 -26.880252216945767 -27.52178386269587
401.20833333333326 -26.880078010071994 -27.522442051357213
401.7083333333333 -26.879895524650426 -27.523081995128535
402.2083333333333 -26.87970031512061 -27.523733055796264
402.70833333333326 -26.879508484116524 -27.524365096657224
403.2083333333333 -26.87931761759938 -27.52499987068443
403.7083333333333 -26.8791151086516 -27.5256300159024
404.20833333333326 -26.878911529282856 -27.52626651009351
404.7083333333333 -26.87869998197387 -27.526883848790355
405.2083333333333 -26.878475307423777 -27.52750794578428
405.70833333333326 -26.878249336658836 -27.528140494011886
406.2083333333333 -26.878014411366475 -27.528750735164493
406.7083333333333 -26.877780365986908 -27.529361434311884
407.20833333333326 -26.877537690429705 -27.529969249134
407.7083333333333 -26.877288735040917 -27.53057729290593
408.2083333333333 -26.877037836525453 -27.53118044116514
408.70833333333326 -26.87677234316716 -27.531776836746875
409.2083333333333 -26.876516225650487 -27.532376201576998
409.7083333333333 -26.87623652151131 -27.532960825191275
410.20833333333326 -26.8759649675654 -27.533551922825467
410.7083333333333 -26.875676164729043 -27.53413276705983
411.2083333333333 -26.87539668755462 -27.534709547698007
411.70833333333326 -26.87509148325841 -27.535288718473264
412.2083333333333 -26.874797051556495 -27.535867068249352
412.7083333333333 -26.874495887360265 -27.536435841886565
413.20833333333326 -26.874173028076108 -27.53699630963292
413.7083333333333 -26.873851465896873 -27.537564965527196
414.2083333333333 -26.87353813287954 -27.53812827844405
414.70833333333326 -26.873205115101825 -27.538677062209054
415.2083333333333 -26.872857015238086 -27.539234766544915
415.7083333333333 -26.872528366410783 -27.539779341453805
416.20833333333326 -26.87217577850436 -27.540329282457627
416.7083333333333 -26.87181838517114 -27.540863627384407
417.2083333333333 -26.87146333700024 -27.541403479630333
417.70833333333326 -26.87109479409434 -27.541936948354735
418.2083333333333 -26.870720250829375 -27.54247331631948
418.7083333333333 -26.8703445682829 -27.54299461164625
419.20833333333326 -26.869962675106468 -27.543524994691673
419.7083333333333 -26.869562648046674 -27.544040637308477
420.2083333333333 -26.86917319508155 -27.544555240374926
420.70833333333326 -26.868770821875344 -27.545067449669688
421.2083333333333 -26.868355870556204 -27.545578184407944
421.7083333333333 -26.867946395767774 -27.54607646529792
422.20833333333326 -26.867520381568454 -27.546577363034412
422.7083333333333 -26.8670932062051 -27.547076862939033
423.2083333333333 -26.866657206538065 -27.547571961816068
423.70833333333326 -26.866217293364166 -27.548058541215312
424.2083333333333 -26.865773618921853 -27.54854268078394
424.7083333333333 -26.8653152015675 -27.54901927322626
425.20833333333326 -26.86485330587749 -27.54950554210831
425.7083333333333 -26.864393524928524 -27.549977867217315
426.2083333333333 -26.863926712706725 -27.550446792907568
426.70833333333326 -26.863442673498298 -27.550915182046634
427.2083333333333 -26.862956507888057 -27.551381499125025
427.7083333333333 -26.862470160164307 -27.551834876559106
428.20833333333326 -26.86197225510332 -27.552292423845962
428.7083333333333 -26.861464004562656 -27.55274451312379
429.2083333333333 -26.860945378408296 -27.553190609169246
429.70833333333326 -26.860435954395424 -27.553634496904014
430.2083333333333 -26.859908197411425 -27.554076059923432
430.7083333333333 -26.859365627209066 -27.554512076061187
431.20833333333326 -26.85883589762263 -27.5549521485107
431.7083333333333 -26.85827975062594 -27.555377638547327
432.2083333333333 -26.857722735418644 -27.555797959582048
432.70833333333326 -26.857155464682997 -27.55621837248683
433.2083333333333 -26.856571580919063 -27.556628550521847
433.7083333333333 -26.85598453025782 -27.55705052460646
434.20833333333326 -26.855392088405168 -27.55745810245509
434.7083333333333 -26.854782728427722 -27.557854955296257
435.2083333333333 -26.854179670089348 -27.558254552374855
435.70833333333326 -26.853564752160857 -27.558657659441074
436.2083333333333 -26.85294121591037 -27.559047735352458
436.7083333333333 -26.852305266348637 -27.559444095646146
437.20833333333326 -26.851662956775808 -27.559830850538233
437.7083333333333 -26.851024418074616 -27.560210467864977
438.2083333333333 -26.85035944443873 -27.56057963722839
438.70833333333326 -26.849694621745602 -27.56096799018978
439.2083333333333 -26.8490399765976 -27.56133768330731
439.7083333333333 -26.848357066602997 -27.561704211171318
440.20833333333326 -26.847675996716642 -27.562066805413078
440.7083333333333 -26.846982031992543 -27.562432322135137
441.2083333333333 -26.8462918371425 -27.56278943452798
441.70833333333326 -26.84557940963906 -27.563148567578793
442.2083333333333 -26.844873734212513 -27.56349208094495
442.7083333333333 -26.844160971159496 -27.56385053199341
443.20833333333326 -26.84342963955136 -27.564191583264524
443.7083333333333 -26.84271435425387 -27.564526631840955
444.2083333333333 -26.841971556008435 -27.56486511533568
444.70833333333326 -26.841241102082666 -27.565195142199094
445.2083333333333 -26.840487451979754 -27.56552860751395
445.7083333333333 -26.839742401366493 -27.565858066306458
446.20833333333326 -26.83899451380418 -27.566183510646958
446.7083333333333 -26.838219952695734 -27.566506613836538
447.2083333333333 -26.837464118087595 -27.566826812534767
447.70833333333326 -26.836687254854837 -27.56713946443788
448.2083333333333 -26.835902912570763 -27.567442398099054
448.7083333333333 -26.835127954263065 -27.56775139226565
449.20833333333326 -26.83435029713635 -27.568064733309544
449.7083333333333 -26.83355726080157 -27.568365975288643
450.2083333333333 -26.83276357254018 -27.56866476703198
450.70833333333326 -26.831965446555316 -27.568962279578876
451.2083333333333 -26.831155975869223 -27.56925749560031
451.7083333333333 -26.83035422254036 -27.569542922979213
452.20833333333326 -26.829535390140915 -27.569836062853685
452.7083333333333 -26.828718588505676 -27.570113292878755
453.2083333333333 -26.827905236258722 -27.57039707919936
453.70833333333326 -26.827076776406788 -27.57066915924641
454.2083333333333 -26.826254558329698 -27.57095494821762
454.7083333333333 -26.825423289262176 -27.57122962082317
455.20833333333326 -26.824587277028847 -27.571491082134905
455.7083333333333 -26.823748725288993 -27.571767375127237
456.2083333333333 -26.822921869274232 -27.572027400234855
456.70833333333326 -26.82207387819909 -27.57229043392648
457.2083333333333 -26.821220490447217 -27.57254832444253
457.7083333333333 -26.820368844197226 -27.57280710028061
458.20833333333326 -26.819522441239133 -27.573055952740493
458.7083333333333 -26.818668605604707 -27.573310378315718
459.2083333333333 -26.817813216152064 -27.573558330385396
459.70833333333326 -26.816951763440315 -27.573803835885762
460.2083333333333 -26.816092186153817 -27.574054839720144
460.7083333333333 -26.815227461035377 -27.574292367097858
461.20833333333326 -26.814365952864044 -27.57452938360632
461.7083333333333 -26.813509454250628 -27.5747625766895
462.2083333333333 -26.812632863973622 -27.575002220711834
462.70833333333326 -26.81176477385454 -27.575221185523123
463.2083333333333 -26.810896361787044 -27.57545134168247
463.7083333333333 -26.810014888612542 -27.5756827954324
464.20833333333326 -26.809139899789812 -27.57590668235882
464.7083333333333 -26.80825406988824 -27.576122520422906
465.2083333333333 -26.80737053825022 -27.57633337983731
465.70833333333326 -26.80646277460133 -27.576545739458744
466.2083333333333 -26.80555713883154 -27.576759770897418
466.7083333333333 -26.80465445864412 -27.576960148451715
467.20833333333326 -26.803740820517213 -27.577172345751393
467.7083333333333 -26.802811494753286 -27.577365378307533
468.2083333333333 -26.80188484674558 -27.577556853897494
468.70833333333326 -26.80095592092051 -27.577756613483757
469.2083333333333 -26.800016203113017 -27.577949746588285
469.7083333333333 -26.799073986539454 -27.57813081771176
470.20833333333326 -26.798124403734857 -27.578321194282402
470.7083333333333 -26.79717081868208 -27.578491773195807
471.2083333333333 -26.79621640466873 -27.57867513556942
471.70833333333326 -26.795246364779874 -27.578852198512696
472.2083333333333 -26.794283401918552 -27.579024190448656
472.7083333333333 -26.793301513665874 -27.57918826440963
473.20833333333326 -26.792333157310875 -27.579360104468602
473.7083333333333 -26.791345969160698 -27.579517546642872
474.2083333333333 -26.790358181841615 -27.579680681477107
474.70833333333326 -26.789369376899643 -27.579840580311803
475.2083333333333 -26.78836334805264 -27.580000130376963
475.7083333333333 -26.78736582683118 -27.580145207059132
476.20833333333326 -26.786365972181244 -27.580292371758745
476.7083333333333 -26.785353468205354 -27.580434319385372
477.2083333333333 -26.784337100491413 -27.58057856381418
477.70833333333326 -26.783326381981905 -27.58072468699428
478.2083333333333 -26.782310783517836 -27.580854892380238
478.7083333333333 -26.781286133469724 -27.58099696219629
479.20833333333326 -26.78025079694045 -27.581126708382673
479.7083333333333 -26.77923617684059 -27.58126415496289
480.2083333333333 -26.778193620854953 -27.581386688358783
480.70833333333326 -26.777149635779217 -27.581510236728064
481.2083333333333 -26.77611094771166 -27.581632455207878
481.7083333333333 -26.775076907324472 -27.58174983074296
482.20833333333326 -26.774026615885766 -27.58187047444231
482.7083333333333 -26.77297591763419 -27.581984120633575
483.2083333333333 -26.77192502447998 -27.582095102933117
483.70833333333326 -26.770865112800628 -27.582205555245505
484.2083333333333 -26.769804868835752 -27.582314723736285
484.7083333333333 -26.76874163686088 -27.582412447303444
485.20833333333326 -26.767680837759936 -27.58252020901569
485.7083333333333 -26.766620085374658 -27.582615538358198
486.2083333333333 -26.76555247796042 -27.582708788043853
486.70833333333326 -26.7644826874583 -27.582801661017978
487.2083333333333 -26.763401783657663 -27.582905028602312
487.7083333333333 -26.76232535090935 -27.582994581149862
488.20833333333326 -26.76126097926023 -27.583085401919224
488.7083333333333 -26.76017694041025 -27.583168985636526
489.2083333333333 -26.759099955526814 -27.58325424166476
489.70833333333326 -26.758015497315235 -27.58332552165456
490.2083333333333 -26.75692949309527 -27.58340471928645
490.7083333333333 -26.755856577233995 -27.583478579725686
491.20833333333326 -26.75476854367988 -27.583556090664466
491.7083333333333 -26.753673365248343 -27.58363322076365
492.2083333333333 -26.752593258688382 -27.583694290297856
492.70833333333326 -26.75150994894546 -27.58376915607822
493.2083333333333 -26.750421074994325 -27.583835466288296
493.7083333333333 -26.749325986229348 -27.58389652303572
494.20833333333326 -26.74822643130473 -27.583952970537688
494.7083333333333 -26.74713421651051 -27.584011439200896
495.2083333333333 -26.746053624830335 -27.584071003370376
495.7083333333333 -26.744952893780983 -27.58412973247836
496.2083333333333 -26.74386640110533 -27.58417217636716
496.7083333333333 -26.742772655892963 -27.584234636716467
497.2083333333333 -26.74168485616096 -27.58428000152014
497.7083333333333 -26.740591224640017 -27.584329738172016
498.2083333333333 -26.73948481103789 -27.584378721097135
498.7083333333333 -26.73839184712401 -27.58441689794274
499.2083333333333 -26.73728925901422 -27.584448870155818
499.7083333333333 -26.736169678732075 -27.58448536395537
500.2083333333333 -26.735068010225106 -27.584528646418928
500.7083333333333 -26.73395901185565 -27.58455296789462
501.2083333333333 -26.732842647710857 -27.584583804713375
501.7083333333333 -26.731739653171154 -27.584612653719557
502.2083333333333 -26.73061438811583 -27.584636378243964
502.7083333333333 -26.72949244637492 -27.58465368647817
503.2083333333333 -26.728362184889818 -27.58467796875157
503.7083333333333 -26.72722624435466 -27.584695833115916
504.2083333333333 -26.72611745558271 -27.58471014131896
504.7083333333333 -26.724984075953387 -27.58471777604393
505.2083333333333 -26.723843634230427 -27.58472760668188
505.7083333333333 -26.722706848235553 -27.58473173986018
506.2083333333333 -26.72157143833374 -27.584736590340796
506.7083333333333 -26.72042913155384 -27.584746826319698
507.2083333333333 -26.719287254025325 -27.584736786238942
507.7083333333333 -26.718128607727895 -27.584743258373763
508.2083333333333 -26.71697949092585 -27.584733921954516
508.7083333333333 -26.715841215577328 -27.584723511786496
509.2083333333333 -26.71468534305459 -27.58471300444527
509.7083333333333 -26.71351473300807 -27.584710862913493
510.2083333333333 -26.712363368452753 -27.584690742032258
510.7083333333333 -26.711203597633496 -27.584674373361437
511.2083333333333 -26.710034898723727 -27.584656772403395
511.7083333333333 -26.708869238629404 -27.58463349868631
512.2083333333334 -26.7076971605184 -27.584613813072263
512.7083333333334 -26.706528684370305 -27.584579234288494
513.2083333333334 -26.705344329014586 -27.584557104636804
513.7083333333334 -26.704170090463762 -27.584522440315258
514.2083333333334 -26.702995230900623 -27.584491637402323
514.7083333333334 -26.701804446665175 -27.584450826459552
515.2083333333334 -26.700624310759057 -27.584414288999103
515.7083333333334 -26.69944717939089 -27.5843774987203
516.2083333333334 -26.698249426650737 -27.584339306112803
516.7083333333334 -26.697060015894394 -27.58428347456446
517.2083333333334 -26.695862888366793 -27.584245058411415
517.7083333333334 -26.694663406205127 -27.584190621397543
518.2083333333334 -26.693469572529164 -27.58414099440774
518.7083333333334 -26.69227452947482 -27.584082597732063
519.2083333333334 -26.691061745811684 -27.584027669008158
519.7083333333334 -26.689861166376648 -27.583973907718686
520.2083333333334 -26.68864753287152 -27.583917513777596
520.7083333333334 -26.687437732210544 -27.583843246329543
521.2083333333334 -26.686226136968738 -27.583786637228812
521.7083333333334 -26.685020861910182 -27.58371936331457
522.2083333333334 -26.683804108633456 -27.583643844311755
522.7083333333334 -26.68257504601516 -27.583576082025132
523.2083333333334 -26.681356465150152 -27.583503230593045
523.7083333333334 -26.680126255090137 -27.583420853143643
524.2083333333334 -26.678897654933564 -27.583344000207717
524.7083333333334 -26.67766988345006 -27.583261450828612
525.2083333333334 -26.67643978546844 -27.583176609938604
525.7083333333334 -26.675210369484077 -27.583104181147196
526.2083333333334 -26.67397400626447 -27.583010636411345
526.7083333333334 -26.67273745831226 -27.582919342164935
527.2083333333334 -26.67148738070214 -27.582830145917058
527.7083333333334 -26.67024236574187 -27.582737604854543
528.2083333333334 -26.66899160152029 -27.582636765719148
528.7083333333334 -26.667752897546055 -27.582537821299123
529.2083333333334 -26.66650522105684 -27.582440495868454
529.7083333333334 -26.665248710381984 -27.58233452130879
530.2083333333334 -26.664000001371868 -27.582233737249275
530.7083333333334 -26.66273891557472 -27.58212247086813
531.2083333333334 -26.66146806839682 -27.582015290352366
531.7083333333334 -26.660214696173487 -27.581905605755722
532.2083333333334 -26.65895831603983 -27.581790487250018
532.7083333333334 -26.657676441644064 -27.581674322604957
533.2083333333334 -26.656409068925875 -27.581552878246303
533.7083333333334 -26.655129018067694 -27.581424116227073
534.2083333333334 -26.65386189153342 -27.581313019902254
534.7083333333334 -26.652570466586596 -27.58118275375642
535.2083333333334 -26.651296984382647 -27.581058829502396
535.7083333333334 -26.650017150261036 -27.580921564126765
536.2083333333334 -26.64872217563655 -27.580787555022653
536.7083333333334 -26.647432165440943 -27.580652047795787
537.2083333333334 -26.64613242353561 -27.580515353962408
