FastTrWP/PhaseSpace/IAs/snIa_0.55_30.00_2.69_0.02.csv
# %ECSV 0.9
# ---
# datatype:
# - {name: time-rel, datatype: float64}
# - {name: g, datatype: float64}
# - {name: i, datatype: float64}
# schema: astropy-2.0
time-rel g i
[from data line 2589]
1351.0833333333333 25.80431547573653 22.867030941108524
1351.5833333333333 25.80945290936726 22.86750931303437
1352.0833333333333 25.814612052271634 22.867996430196396
1352.5833333333333 25.819786348689053 22.868486607771253
1353.0833333333333 25.82493619118861 22.86897433891909
1353.5833333333333 25.830150983522113 22.86946046977244
1354.0833333333333 25.835331046898958 22.869953624878264
1354.5833333333333 25.840501385895767 22.870450930046484
1355.0833333333333 25.84567064562256 22.870948668224568
1355.5833333333333 25.850846414485808 22.871439287285096
1356.0833333333333 25.85603156128888 22.871943250603906
1356.5833333333333 25.86114333934563 22.87245052521888
1357.0833333333333 25.866305383714767 22.87295212275433
1357.5833333333333 25.871503182684496 22.873462258695547
1358.0833333333333 25.87666145913959 22.873970137408026
1358.5833333333333 25.881777924560172 22.874483451670073
1359.0833333333333 25.886898659934026 22.874994692401422
1359.5833333333333 25.892042458266303 22.87550509558365
1360.0833333333333 25.897204644523907 22.876035278031953
1360.5833333333333 25.902294540090306 22.87655853591602
1361.0833333333333 25.907401237607527 22.877077282513376
1361.5833333333333 25.91251504876702 22.8776026429732
1362.0833333333333 25.91756152895695 22.878139422520096
1362.5833333333333 25.922606184744556 22.8786718205236
1363.0833333333333 25.92767076959629 22.879208023595865
1363.5833333333333 25.932699125722532 22.879747139508616
1364.0833333333333 25.937716759687905 22.88029436307039
1364.5833333333333 25.9426914861724 22.880832365313392
1365.0833333333333 25.94768660181222 22.881384858077073
1365.5833333333333 25.95261684409483 22.881942854870157
1366.0833333333333 25.957568078822373 22.882495335137666
1366.5833333333333 25.962508440573146 22.88305531018009
1367.0833333333333 25.967421686771775 22.883615229470276
1367.5833333333333 25.972311683468728 22.88417995175116
1368.0833333333333 25.977195397931467 22.884742358468717
1368.5833333333333 25.98207512596009 22.885310894621234
1369.0833333333333 25.986977830444552 22.88587717214645
1369.5833333333333 25.991902253162472 22.886452253546054
1370.0833333333333 25.996728352378668 22.887025600646254
1370.5833333333333 26.0016108840429 22.887607847757675
1371.0833333333333 26.006514925565046 22.8881800370343
1371.5833333333333 26.011327149480095 22.888766924544313
1372.0833333333333 26.016192657062266 22.88934004271445
1372.5833333333333 26.02105939545121 22.889927269389737
1373.0833333333333 26.02591663227994 22.890513894289093
1373.5833333333333 26.030709980051046 22.891096514829947
1374.0833333333333 26.035545789040736 22.891692801593187
1374.5833333333333 26.040398358594956 22.89228050193847
1375.0833333333333 26.045215277962637 22.892870883380215
1375.5833333333333 26.050035446434915 22.89347346243453
1376.0833333333333 26.054814656457353 22.894076408447003
1376.5833333333333 26.059629882074383 22.894674664788077
1377.0833333333333 26.064430334526385 22.895286291075006
1377.5833333333333 26.069188504514777 22.895883280102943
1378.0833333333333 26.07395277325242 22.896489438270386
1378.5833333333333 26.07871773090873 22.897087813588474
1379.0833333333333 26.08343479125212 22.897708937134716
1379.5833333333333 26.088214314321654 22.898326795160383
1380.0833333333333 26.09292158627049 22.89894035696797
1380.5833333333333 26.097645053362363 22.899560659952783
1381.0833333333333 26.102359657711837 22.9001727172059
1381.5833333333333 26.107062670165007 22.900802470977446
1382.0833333333333 26.111739791714545 22.90142735528489
1382.5833333333333 26.116428674616856 22.902045055716947
1383.0833333333333 26.121066855974075 22.902674609296255
1383.5833333333333 26.1256999526956 22.903299713459223
1384.0833333333333 26.13036261675714 22.90394366536105
1384.5833333333333 26.134979943771835 22.90457552563412
1385.0833333333333 26.13958028385135 22.90521178572473
1385.5833333333333 26.14416887933132 22.905845208900658
1386.0833333333333 26.148717813920936 22.90649246383589
1386.5833333333333 26.153321084818835 22.90713261627125
1387.0833333333333 26.15786521905983 22.907791797961607
1387.5833333333333 26.162423398244403 22.908429470233305
1388.0833333333333 26.166945188550677 22.909079922742027
1388.5833333333333 26.171435501534393 22.909724767618272
1389.0833333333333 26.17594091249956 22.91039190590086
1389.5833333333333 26.180414709697637 22.911038482776757
1390.0833333333333 26.18486308230318 22.911691441466647
1390.5833333333333 26.189300298199623 22.912363642172217
1391.0833333333333 26.193731597399573 22.913021215868934
1391.5833333333333 26.198140817237313 22.913683204985613
1392.0833333333333 26.202538045203685 22.91435579353785
1392.5833333333333 26.206906859753527 22.91502964159017
1393.0833333333333 26.21127905889346 22.91569931313728
1393.5833333333333 26.215579306997757 22.916371488074923
1394.0833333333333 26.219890102171263 22.917049626217903
1394.5833333333333 26.22420541793936 22.91772549994651
1395.0833333333333 26.228449103738892 22.918393867670687
1395.5833333333333 26.232723187033994 22.919090871850276
1396.0833333333333 26.236913596757493 22.91976947595696
1396.5833333333333 26.241162647651187 22.920452429078225
1397.0833333333333 26.245321668332426 22.92114772219971
1397.5833333333333 26.24949538392718 22.92182845053073
1398.0833333333333 26.25360845512607 22.922520541793215
1398.5833333333333 26.257746165272565 22.92321186312978
1399.0833333333333 26.26182730599389 22.923922319907327
1399.5833333333333 26.265893469922844 22.924616645390394
1400.0833333333333 26.26992362560671 22.925317036791753
1400.5833333333333 26.273971335922525 22.926022222027342
1401.0833333333333 26.277931516927524 22.926730318777395
1401.5833333333333 26.281907423043794 22.927443190393276
1402.0833333333333 26.285836081167673 22.928148904080548
1402.5833333333333 26.28976367136683 22.92886168041357
1403.0833333333333 26.29364587883757 22.929583097363878
1403.5833333333333 26.29749000880193 22.930293583916406
1404.0833333333333 26.301361687055635 22.931015892837323
1404.5833333333333 26.305171908673323 22.931733358230414
1405.0833333333333 26.30894634521143 22.932463935792953
1405.5833333333333 26.31269033096465 22.933184199157548
1406.0833333333333 26.316405512767705 22.933914916528884
1406.5833333333333 26.320081157928918 22.934640452074504
1407.0833333333333 26.323745240278697 22.93537620623351
1407.5833333333333 26.327380209025073 22.936115183040677
1408.0833333333333 26.331020809134486 22.93686339837915
1408.5833333333333 26.33457006559807 22.937598351510324
1409.0833333333333 26.338152740633966 22.938343187172077
1409.5833333333333 26.34166606491885 22.93909481964623
1410.0833333333333 26.345177359084694 22.939837718905483
1410.5833333333333 26.348628064936822 22.940593385362227
1411.0833333333333 26.352079679156304 22.94133752019701
1411.5833333333333 26.355476878971047 22.942101248654577
1412.0833333333333 26.35886317568538 22.94285268474392
1412.5833333333333 26.362178392324335 22.943621458813055
1413.0833333333333 26.36549033992062 22.944381423258875
1413.5833333333333 26.36881552530786 22.945139151146925
1414.0833333333333 26.371981323640924 22.945915824293124
1414.5833333333333 26.375192351452878 22.946684300689203
1415.0833333333333 26.378356320537073 22.94745611090002
1415.5833333333333 26.381511806548 22.948234715375694
