FastTrWP/PhaseSpace/IAs/snIa_0.57_30.00_-2.24_-0.07.csv
# %ECSV 0.9
# ---
# datatype:
# - {name: time-rel, datatype: float64}
# - {name: g, datatype: float64}
# - {name: i, datatype: float64}
# schema: astropy-2.0
time-rel g i
[from data line 1775]
607.5 25.89966595797901 22.918605574911744
608.0 25.905812141860423 22.91972189332894
608.5 25.912016891315908 22.920844872787683
609.0 25.918264104465194 22.92197366580186
609.5 25.924539254921374 22.923096906542177
610.0 25.93085452657779 22.924219456314514
610.5 25.93722643186391 22.92535473118626
611.0 25.943666047249607 22.926483541708834
611.5 25.950088552984848 22.927618690494498
612.0 25.956601581044364 22.92875815096261
612.5 25.963114316277803 22.929889304173088
613.0 25.969718246984684 22.931024945454567
613.5 25.9763343604208 22.932164177411146
614.0 25.98305545429873 22.933312728015697
614.5 25.989888111344037 22.934457491110688
615.0 25.996830828676654 22.935596893531773
615.5 26.0037864728559 22.936750311028177
616.0 26.01085085138407 22.937906359547455
616.5 26.01802955600574 22.93905366543679
617.0 26.02534153784799 22.940204601421787
617.5 26.03275199050506 22.94136276874784
618.0 26.04023908153645 22.94252726146103
618.5 26.047805889979486 22.943688241708053
619.0 26.05548519030552 22.944837240054603
619.5 26.063209691190576 22.94601886807704
620.0 26.071069024763688 22.94718138041711
620.5 26.0789926981436 22.948350580545146
621.0 26.087033642429788 22.949531535670744
621.5 26.09518565731267 22.95069859713134
622.0 26.103402452574812 22.951875253006598
622.5 26.11168096899594 22.953057830438176
623.0 26.120068773476035 22.954239277279992
623.5 26.128619173351236 22.955407172380156
624.0 26.137182180948916 22.956599888263447
624.5 26.14584160888078 22.957785963051663
625.0 26.15458986700829 22.95897334282777
625.5 26.163437445156976 22.960167890162833
626.0 26.17232210621929 22.961354557037822
626.5 26.181358045718312 22.962543198364187
627.0 26.190447544033034 22.96375131898027
627.5 26.199615984337683 22.964935072019543
628.0 26.208923096975173 22.96614024984787
628.5 26.218276448299026 22.96734089115242
629.0 26.22771985349005 22.968540208831485
629.5 26.237235599614465 22.96974615087466
630.0 26.2467970759799 22.970948925822135
630.5 26.25645154324511 22.972152421849565
631.0 26.266217973865665 22.97337463857291
631.5 26.2760232396497 22.974575414603464
632.0 26.28592825386257 22.97578577216392
632.5 26.295885191267395 22.97701090009163
633.0 26.305920117337486 22.978219713631205
633.5 26.316063777131813 22.979445453408918
634.0 26.326222302465737 22.98065938594547
634.5 26.33647799677926 22.981884973780623
635.0 26.346772742789835 22.98310505580264
635.5 26.357187275404325 22.98433016527895
636.0 26.367641663516928 22.98554350145873
636.5 26.3781310981234 22.986775644647466
637.0 26.38869393968369 22.988002480669735
637.5 26.399311027029974 22.989225600036825
638.0 26.409988005981102 22.99046554369902
638.5 26.42069858534815 22.99170167357428
639.0 26.43151456539386 22.99293507934764
639.5 26.44233916437612 22.994168727158133
640.0 26.453224705560988 22.995406404946472
640.5 26.46414263576348 22.996642622595612
641.0 26.475061190699588 22.997870969836526
641.5 26.486075784025612 22.999113318478575
642.0 26.49710866408352 23.00035519136639
642.5 26.50818619396255 23.001599969457406
643.0 26.519251960406084 23.00285011192529
643.5 26.53038212302959 23.00408594229377
644.0 26.54147118742426 23.00533930397316
644.5 26.552635599567797 23.006583429904662
645.0 26.563824768610807 23.00783061836666
645.5 26.575006880911598 23.009073925615947
646.0 26.586149173017077 23.010331348311396
646.5 26.59730759185107 23.011582346897242
647.0 26.60847086692245 23.012834185447105
647.5 26.619687214519413 23.014092649540792
648.0 26.630806005444004 23.015343712890544
648.5 26.64196975238758 23.016593697090343
649.0 26.65306888849395 23.017857604218666
649.5 26.664102046165034 23.019115497347865
650.0 26.675143405740403 23.020372602734174
650.5 26.686179225120878 23.021633805538855
651.0 26.69708570940619 23.022892157138536
651.5 26.708048366855728 23.02415487169098
652.0 26.71909996256181 23.02541658389064
652.5 26.73017816459741 23.026685200726497
653.0 26.74135622957529 23.027949446743744
653.5 26.75253888736902 23.02921357843966
654.0 26.763777877272364 23.030480840877516
654.5 26.775086816150207 23.031749982687494
655.0 26.786501775827833 23.033027031668173
655.5 26.797914751931714 23.034293512501275
656.0 26.80948355365214 23.03557468776266
656.5 26.82100409702141 23.036852710704004
657.0 26.832643276523676 23.038121216819647
657.5 26.844265211255532 23.03940108570945
658.0 26.855970663021207 23.040683790539806
658.5 26.86778202271245 23.04196306755886
659.0 26.879611691485422 23.04324703519312
659.5 26.891574656264204 23.044533556735512
660.0 26.903462480283192 23.04582012547689
660.5 26.915487412711183 23.047116973904696
661.0 26.927511618831073 23.04841067166629
661.5 26.939622344839755 23.049694800600914
662.0 26.95180982047987 23.050975770294695
662.5 26.963966055287223 23.05227527731265
663.0 26.976204352042984 23.05357710166165
663.5 26.988515663478054 23.054871387300317
761.5 26.987894134153066 23.34283185729217
762.0 26.974587162833743 23.344520931234506
762.5 26.96126541901425 23.346190736581683
763.0 26.947935657833625 23.3478576445031
763.5 26.93459533167472 23.349543143890486
764.0 26.921279461071382 23.3512263583016
764.5 26.90780123807245 23.352916309885167
765.0 26.894239660806193 23.35460216047486
765.5 26.88061585342951 23.35630108351621
766.0 26.86690792272981 23.35799357606397
766.5 26.85306967823733 23.35970465928729
767.0 26.83913461267967 23.36141316291294
767.5 26.825199766899868 23.363114638941784
768.0 26.8112318161646 23.364832367073056
768.5 26.797183249326444 23.366556660368097
769.0 26.78314925813438 23.36827363738888
769.5 26.769049811580004 23.37001375206597
770.0 26.75495453093365 23.371733768935954
770.5 26.740873609719312 23.373468566353353
771.0 26.726770127667198 23.375205133469414
771.5 26.712764209159914 23.37693719760834
772.0 26.698694691690214 23.378683109337864
772.5 26.684654950287296 23.380429897315747
773.0 26.670692093192244 23.3821741842689
773.5 26.656737678187895 23.38393289102198
774.0 26.642864242554836 23.385683379304794
774.5 26.62898019516277 23.387446233927548
775.0 26.61518788926267 23.389216818971388
775.5 26.60145615174639 23.39096746511142
776.0 26.58778817152898 23.392746984047132
776.5 26.574165660400006 23.39450798970732
777.0 26.560654672579894 23.396282421073742
777.5 26.54716412514066 23.398060070519247
778.0 26.533838890072914 23.399833637312245
778.5 26.520587164515884 23.401617235721105
779.0 26.507396153902448 23.403393967964007
779.5 26.494234234847074 23.40518111904448
780.0 26.4812063233316 23.4069759636417
780.5 26.468335567446054 23.40876000672139
781.0 26.455524360199817 23.410555072855182
781.5 26.442766360989722 23.412353971816472
782.0 26.43014405941696 23.41414063972088
782.5 26.417675057567266 23.415939559903165
783.0 26.405266776606368 23.41774796687862
783.5 26.39296636436246 23.4195412917095
784.0 26.38078357300025 23.421349299159996
784.5 26.36868417151524 23.4231592946318
785.0 26.356757110138574 23.42495527879759
785.5 26.344906599523203 23.426773260314526
786.0 26.33325389895085 23.428586052423125
786.5 26.321627515798063 23.430389690156076
787.0 26.310116954358207 23.432214556494927
787.5 26.298778641633326 23.434021053828715
788.0 26.287568239945628 23.435828585337475
788.5 26.276394276096397 23.43763582216271
789.0 26.265444103814374 23.439465186231203
789.5 26.254529527271117 23.441282032274998
790.0 26.243814488078367 23.443100625871804
790.5 26.233193584797213 23.444925479289907
791.0 26.2226806560746 23.446734983266573
791.5 26.212343510957616 23.448555662712405
792.0 26.202099610445856 23.450383731908538
792.5 26.19200039150047 23.452206914018234
793.0 26.18199386537774 23.454025334561564
793.5 26.172169855679336 23.4558501942319
794.0 26.16245264296157 23.45766546581089
794.5 26.15284141203233 23.459491446762023
795.0 26.14339679251386 23.461310275166586
795.5 26.13406527567452 23.46313144969679
796.0 26.124914141138614 23.464964555763494
796.5 26.11579190172323 23.466784421160757
797.0 26.106910046963634 23.468616737490194
797.5 26.09811533905193 23.470428581846498
798.0 26.089420309296457 23.47224890630325
798.5 26.080946255816336 23.474066188057954
799.0 26.072499805961343 23.475889136326305
799.5 26.064255055712856 23.47770439798808
800.0 26.056147570986493 23.479539724418025
800.5 26.04811247432604 23.48134449047486
801.0 26.040298050903704 23.483167874372448
801.5 26.032564556062503 23.48496746220909
802.0 26.024869668920548 23.48679438320257
802.5 26.017180578238754 23.488624260782565
803.0 26.009511978949217 23.49043981147147
803.5 26.00182633037531 23.492261322693114
804.0 25.99421279407492 23.49408300470803
804.5 25.98664404566215 23.49591044709204
805.0 25.979067596571184 23.49773951025256
805.5 25.971563697175174 23.499579553101725
806.0 25.96404999857219 23.501423180967848
806.5 25.95654819079875 23.50325991525048
807.0 25.949108027561145 23.5050999087418
807.5 25.9417010923586 23.5069318804803
808.0 25.93437637162043 23.508783397956293
808.5 25.927013899617847 23.510618052032093
809.0 25.919713752757797 23.51246616929769
809.5 25.91248821720043 23.514319266911208
810.0 25.905274390258214 23.516165601127085
810.5 25.89814286605964 23.518006979361154
811.0 25.891003644938216 23.51986248409098
811.5 25.883949021795942 23.521711255480255
812.0 25.87690932732655 23.523563740115108
812.5 25.86993745122988 23.525422589957756
813.0 25.862964401524774 23.527286802982836
813.5 25.856075686878782 23.529140310571528
814.0 25.84927059299678 23.530991812706343
814.5 25.842522119627077 23.532857140661193
815.0 25.835770876927228 23.534713835172212
815.5 25.829130597588996 23.53657401454086
816.0 25.822505013530343 23.538431651334854
816.5 25.815931203574465 23.540294733098456
817.0 25.809436460218024 23.542163770967
817.5 25.80297221504975 23.544028697625286
818.0 25.79658908131308 23.545893962824028
818.5 25.79026683416741 23.547749356776777
819.0 25.78400576368432 23.549618572229434
819.5 25.77781793571308 23.55147362410671
820.0 25.771630493742443 23.55334207278006
820.5 25.765555470610607 23.55521167085753
821.0 25.75954607916438 23.55707005690411
821.5 25.753579947783656 23.558936273996895
822.0 25.747644902147563 23.560805971341058
822.5 25.741833844584015 23.562662043914308
823.0 25.73607600141976 23.564533673963815
823.5 25.730368603045815 23.566388226796967
824.0 25.724749919711464 23.568251670250532
824.5 25.719183078582702 23.570106820488107
825.0 25.71366071014602 23.571960259647483
825.5 25.708220414362973 23.57383340285513
826.0 25.702854570608082 23.575704055224538
826.5 25.69758036507366 23.577554312210065
827.0 25.692341377573392 23.5794086449048
827.5 25.68720708816429 23.5812813307379
828.0 25.68212713480783 23.58313166907218
828.5 25.677128232475805 23.584979097345812
829.0 25.672193527062262 23.586846407174832
829.5 25.6673188987396 23.588684824232807
830.0 25.66251718250023 23.590547380314128
830.5 25.657798294022744 23.59238834138004
831.0 25.653144815243955 23.59424550523839
831.5 25.64857624047376 23.596091138462963
832.0 25.644067934194446 23.597932212648296
832.5 25.639658594024553 23.59978046574195
833.0 25.635337549573546 23.60161136301965
833.5 25.63105882155255 23.60345437931364
834.0 25.626848057845308 23.60529441528691
834.5 25.622757780396913 23.6071343178563
835.0 25.618704783850315 23.608965435667923
835.5 25.614757308276502 23.61080588188564
836.0 25.610900013993998 23.61262507944906
836.5 25.60710392906712 23.614447017237946
837.0 25.603368696509627 23.616283476380858
837.5 25.59973632377889 23.618095421395886
838.0 25.59619306893394 23.61991804718985
838.5 25.592716571544308 23.621742193513377
839.0 25.589333616485476 23.62356487221094
839.5 25.58598876906254 23.625366907331106
840.0 25.582703346329247 23.62718197918552
840.5 25.579489096014285 23.628975129454574
841.0 25.57630399373985 23.63079674817238
841.5 25.573154536673137 23.632599874356718
842.0 25.570054005696147 23.634407780843784
842.5 25.566990832870324 23.6362192843622
843.0 25.564001039882292 23.638017918134242
843.5 25.56107021157271 23.639825020271697
844.0 25.55813063268974 23.641631753422836
844.5 25.55528802716377 23.6434210938572
845.0 25.552432501689974 23.645237361988215
845.5 25.549669964572445 23.64703756400931
846.0 25.54697492430199 23.648829200005025
846.5 25.54427237495451 23.6506421859417
847.0 25.541634127981006 23.652432690974983
847.5 25.53901353597332 23.654233975047173
848.0 25.536490088608836 23.656018578451025
848.5 25.533977199238716 23.657820972992717
849.0 25.531495617694265 23.659613581432314
849.5 25.529085915193413 23.661399808744168
850.0 25.526673766751912 23.663182974800435
850.5 25.524365979528334 23.66497246946254
851.0 25.52204106946585 23.6667627488252
851.5 25.519793760187532 23.668548088216035
852.0 25.517583508569494 23.670338423399365
852.5 25.515404401000467 23.672114043279553
853.0 25.513266603336536 23.67389273828313
853.5 25.511169974643945 23.675672448649006
854.0 25.509131489355855 23.677451238166974
854.5 25.507105136186272 23.679234017618636
855.0 25.505156629159195 23.68099882077852
855.5 25.503221683846622 23.68277331521768
856.0 25.50133633449454 23.684538502428936
856.5 25.499499065861627 23.68631879336617
857.0 25.497694216008796 23.688086977394693
857.5 25.49591256490772 23.68985809829795
858.0 25.494198748103457 23.69161119606565
858.5 25.492492173992964 23.69338430490853
859.0 25.490874337728457 23.695132011946605
859.5 25.489276103179755 23.696890998611497
860.0 25.487697068319296 23.69865272592774
860.5 25.486158142732023 23.700405798990182
861.0 25.484672788039838 23.702167975327928
861.5 25.483225034779203 23.70390371184446
862.0 25.481821785716072 23.705657092808753
862.5 25.480413605983173 23.70739257372595
863.0 25.479120171327967 23.709148504366574
863.5 25.477821853816643 23.710886166325498
864.0 25.476558792596343 23.712642255305045
864.5 25.475358768650494 23.714355332674018
865.0 25.47418162057825 23.716109179442366
865.5 25.473050293719584 23.7178223793924
866.0 25.471935721475 23.71956840481038
866.5 25.470881386894373 23.72129802921868
867.0 25.469832070304122 23.723006714852794
867.5 25.468882997615196 23.724740851777668
868.0 25.46793691051532 23.726459463491366
868.5 25.46700346314424 23.728175274748033
869.0 25.466156615904477 23.729876418831473
869.5 25.46532584597221 23.73160006208564
870.0 25.464534056142103 23.73331838064947
870.5 25.463776607655966 23.735027459379868
871.0 25.463081572912735 23.73672527725106
871.5 25.462382613376878 23.738424487108112
872.0 25.461740837018937 23.740123944976787
872.5 25.461141037366204 23.74182338139809
873.0 25.460561041508676 23.74351323407112
873.5 25.46005036543786 23.745202393532495
874.0 25.459552787509576 23.74689064656878
874.5 25.459119069105014 23.748581882180005
875.0 25.45869384569386 23.750259070183198
875.5 25.458326751134862 23.751942262364633
876.0 25.457983350675164 23.753622982286974
876.5 25.457696491152024 23.755290563590044
877.0 25.457428772161208 23.756958138871514
877.5 25.457234221133316 23.75862859788732
878.0 25.457047115306498 23.760271810304655
878.5 25.456919504802503 23.761963639156747
879.0 25.45679496818152 23.76360975911541
879.5 25.456709993761237 23.765274017812388
880.0 25.45670194059896 23.766922933795126
880.5 25.456684413957618 23.768577021470698
881.0 25.456720646812272 23.770223458989435
881.5 25.456832918168637 23.771871380335632
882.0 25.456932395676635 23.7735184943193
