FastTrWP/PhaseSpace/IAs/snIa_0.70_30.00_0.88_-0.22.csv
# %ECSV 0.9
# ---
# datatype:
# - {name: time-rel, datatype: float64}
# - {name: g, datatype: float64}
# - {name: i, datatype: float64}
# schema: astropy-2.0
time-rel g i
-23.375 26.814964778511957 26.765091440874595
-22.875 26.80299688778504 26.753900345120343
-22.375 26.791123848044837 26.742829998358765
-21.875 26.779272302730437 26.731738635999495
-21.375 26.76762238634087 26.720653676646663
-20.875 26.755922865371325 26.709675341596835
-20.375 26.744323895857246 26.698720259928912
-19.875 26.73276657966063 26.687829490007605
-19.375 26.721314327173037 26.676916117800754
-18.875 26.709951408557366 26.666069660839046
-18.375 26.698595447830634 26.655248585464854
-17.875 26.687325254977342 26.644485898816043
-17.375 26.676106086537548 26.633750596588825
-16.875 26.664980947210463 26.622995079132195
-16.375 26.65392136017101 26.612300782491538
-15.875 26.64294127308821 26.601547972210643
-15.375 26.63203363500379 26.590931232344396
-14.875 26.621151934640398 26.580321321564533
-14.375 26.610391460677086 26.569746856500874
-13.875 26.599640288485574 26.55915306990252
-13.375 26.588991671343578 26.54854894908423
-12.875 26.578412262565642 26.53806715260582
-12.375 26.56786430264711 26.527533947532284
-11.875 26.557465539248327 26.516999187704876
-11.375 26.54702491123792 26.506494110065177
-10.875000000000002 26.536698063883556 26.496039942559815
-10.375 26.526433774511595 26.485574042826478
-9.875 26.516224477147333 26.475134298706294
-9.375000000000002 26.506039959175496 26.46467736776941
-8.875 26.495990013194245 26.454238314100206
-8.375 26.486019938551117 26.443845145103996
-7.875000000000002 26.47606578400909 26.433429839709902
-7.375 26.46613835005455 26.423026123807794
-6.875 26.45638210624654 26.412661797701176
-6.375 26.4465875460291 26.402235304022902
-5.875 26.436898436263764 26.391897248996173
-5.375 26.427248147482814 26.381507982087985
-4.875 26.417669021779908 26.37114751113075
-4.375 26.408136941131865 26.360786465917705
-3.875 26.398709462319843 26.350450276185562
-3.375 26.38931124528439 26.34010246858808
-2.875 26.379995695018458 26.329791857512088
-2.375 26.370688953802087 26.319490505596114
-1.875 26.361489806388732 26.3090639437631
-1.375 26.352316725116435 26.298755450458607
-0.875 26.343193452160133 26.288435686579096
-0.375 26.33417756790292 26.27814719515047
0.125 26.3251977735654 26.267812334202883
0.625 26.316293197415472 26.2574974070007
1.125 26.30742206272817 26.247142737254347
1.6249999999999964 26.29862783787629 26.2368468708836
2.125 26.289858852730646 26.22651627552314
2.625 26.281189203469985 26.216194014609645
3.1249999999999964 26.272538784213953 26.205888933957336
3.625 26.26395283084659 26.195621027472356
4.125 26.255381716065322 26.18531259735498
4.6249999999999964 26.24687264371088 26.175189152002936
5.125 26.23835162094958 26.165146417719967
5.625 26.22988177812762 26.155148724503015
6.1249999999999964 26.22140936135768 26.14525767633014
6.625 26.21297637802913 26.13540946590208
7.125 26.204515612564382 26.125691142723383
7.6249999999999964 26.196116513650523 26.11600435107247
8.125 26.187744476839917 26.106446182047804
8.625 26.179421344726357 26.096906145597227
9.125 26.171087019975698 26.08740063848117
9.625 26.162799449624497 26.0780089189856
10.125 26.154520287545026 26.068658408496546
10.625 26.146299196841987 26.05931305410656
11.125 26.13806736995263 26.05006183780377
11.625 26.129904597128156 26.040896155531797
12.125 26.121751898907792 26.031677520409463
12.625 26.113653417784278 26.022577730099258
13.125 26.10554741806666 26.013466380707307
13.625 26.097491321578893 26.0043780677669
14.125 26.089486104565324 25.99533395757691
14.625 26.081514673681863 25.98635192386828
15.125 26.0735209642969 25.977423734620473
15.625 26.065605615010675 25.968468174116634
16.125 26.057737979222093 25.959551538186837
16.625 26.049864644797744 25.950641562099243
17.125 26.042019084446167 25.94179615204836
17.625 26.034252270708294 25.932945145076122
18.125 26.026514384727626 25.924104461788357
18.625 26.018807819241164 25.91531554806317
19.125 26.011137877059873 25.9065004347676
19.625 26.003494428521236 25.89767737044705
20.125 25.995915672457997 25.888874006066697
20.625 25.988351114549143 25.880111605833687
21.125 25.980811046419294 25.871357980939393
21.625 25.973318384005456 25.86260102827697
22.125 25.96591423338351 25.85384517580303
22.625 25.95849114129738 25.845077238942174
23.125 25.95114060941534 25.836316150510797
23.625 25.9438359622214 25.827513858736403
24.125 25.9365048354929 25.818788836078554
24.625 25.929214712407354 25.810065987115763
25.124999999999993 25.922044771079065 25.801282581221514
25.625 25.914849889560422 25.792509118831358
26.125 25.907746463322624 25.78372199856169
26.624999999999993 25.90066075562026 25.77494710583717
27.125 25.893624515832073 25.76615610338061
27.625 25.88657805655568 25.757352660484383
28.124999999999993 25.87963151479418 25.748547159177523
28.625 25.8727057181597 25.739710220783408
29.125 25.865846405710855 25.730910523423344
29.624999999999993 25.85894217965084 25.722036753374713
30.125 25.85218397739853 25.713186060485018
30.625 25.845423495293694 25.7043283974413
31.124999999999993 25.838700946922604 25.695428526770275
31.625 25.832065711771683 25.686508465435026
32.125 25.825390795460308 25.677610522731314
32.62499999999999 25.81880149878355 25.66866984084335
33.125 25.81224571153916 25.659738403343688
33.625 25.805736623202957 25.650745806503146
34.12499999999999 25.799281463323286 25.64176999520925
34.625 25.792849406533676 25.632801641310202
35.125 25.7864784636743 25.62376036738019
35.62499999999999 25.780107130900028 25.614723130220032
36.125 25.77382561544224 25.605641664283286
36.625 25.767602024425113 25.596547365535407
37.12499999999999 25.7613779627107 25.587433471886555
37.625 25.755184313067275 25.578344051605896
38.125 25.74905148740892 25.569198780050428
38.62499999999999 25.742963923182337 25.560022958954015
39.125 25.736958698086113 25.550852975289956
39.625 25.73092419238243 25.541641797984525
40.12499999999999 25.7250062557707 25.532430172671205
40.625 25.719059764031126 25.523130781721164
41.125 25.71317824872304 25.51388010693127
41.625 25.70737666108892 25.504575432513658
42.125 25.701608427933472 25.49526518200951
42.625 25.695860472945657 25.48586803445973
43.125 25.690182228291377 25.476532362561137
43.625 25.684505827390968 25.467124540704095
44.125 25.67890339395602 25.457758365648772
44.625 25.67329806200734 25.448307990052538
45.125 25.667760943206716 25.438877052746868
45.625 25.662253576759216 25.429447617087355
46.125 25.656730962819836 25.42001532552814
46.625 25.651311435168836 25.410581264316438
47.125 25.64586351651911 25.40112789175977
47.625 25.64041750266963 25.391693605343384
48.125 25.635038868937357 25.38227690994765
48.625 25.62965859319203 25.372837764849734
49.125 25.62436905693083 25.36343476105013
49.625 25.619020320709506 25.353995257019854
50.125 25.613726190829816 25.34461973239044
50.625 25.608467328658847 25.33524331737041
51.125 25.603239370601116 25.325869372008377
51.625 25.597988488124766 25.316473825488348
52.125 25.592834775704127 25.307138300595916
52.625 25.587658602762005 25.29781757303768
53.125 25.582497729872507 25.28845974808135
53.625 25.57739992496368 25.279182759048844
54.125 25.572291400547712 25.2698789367373
54.625 25.567212959721886 25.260612558637135
55.125 25.56216256531963 25.251326310578776
55.625 25.55713051450052 25.242112751818485
56.125 25.55212324324764 25.23287268659785
56.625 25.547153629785107 25.223673298451807
57.125 25.54218628017346 25.214475016126304
57.625 25.53724186303548 25.20532355517981
58.125 25.532296922751733 25.19618884924863
58.625 25.52741294489887 25.187079495255908
59.125 25.52254442162627 25.177967957827562
59.625 25.517692240681566 25.168913152564585
60.125 25.51287737774367 25.159870208669798
60.625 25.508066844987404 25.150854458903346
61.125 25.503277995175626 25.14185568470442
61.625 25.49849643402726 25.132878496286864
62.125 25.493750822885787 25.123911718131527
62.625 25.489037262519094 25.114989801064418
63.125 25.484327741082925 25.106109455830964
63.625 25.479664021552466 25.097232345935513
64.125 25.475026030021493 25.088393992019267
64.625 25.4703562026303 25.079593526725308
65.125 25.465744911238858 25.070805029826285
65.625 25.461176208672537 25.06203212649933
66.125 25.456600135802788 25.053312698083744
66.625 25.452019495058998 25.044612627254153
67.125 25.447472750810554 25.035942592308245
67.625 25.442931318786925 25.027302788195108
68.125 25.438459877770345 25.01871181028129
68.625 25.43399752296349 25.01014684952817
69.125 25.429548753056327 25.001572000743188
69.625 25.425080553065776 24.993037530416412
70.125 25.420674023352305 24.98455612938864
70.625 25.416269881857666 24.97609222423128
71.125 25.411897409117064 24.967672500354972
71.625 25.407538539696844 24.95926551239469
72.125 25.403164242388403 24.95090421063216
72.625 25.398844706885974 24.94258262256141
73.125 25.394544106916037 24.934267613808544
73.62499999999999 25.390268401103206 24.92599859983073
74.125 25.386002555247465 24.9177625446338
74.625 25.38173808239202 24.90953676754256
75.12499999999999 25.377502358923373 24.901383081440663
75.625 25.373293435121035 24.89323118669287
76.125 25.369096892380227 24.885142005553362
76.62499999999999 25.36493075153521 24.877054893968324
77.125 25.360762803487106 24.869007184509453
77.625 25.356639746364547 24.86099335232341
78.12499999999999 25.352515395505357 24.853025917832067
78.625 25.348417605768528 24.845069818810856
79.125 25.34433473867263 24.83717035410155
79.62499999999999 25.34023724973735 24.82927487406483
80.125 25.336212849393537 24.821439357252785
80.625 25.332165646600643 24.813622611001357
81.12499999999999 25.328149339926448 24.805820136468277
81.625 25.32414456979705 24.7980855185488
82.125 25.32015419976501 24.790356764568
82.62499999999999 25.316192660230676 24.782691831907506
83.125 25.312254629099016 24.775025247160706
83.625 25.308326839697784 24.76742307534758
84.12499999999999 25.30439026007145 24.759825768602365
84.625 25.30051315181754 24.75229392144092
85.125 25.296608354458343 24.74474984835765
85.62499999999999 25.292728885026836 24.737258175785556
86.125 25.288919311359244 24.729781528336275
86.625 25.28505048736262 24.72234472959338
87.12499999999999 25.281249655377124 24.71489116995135
87.625 25.277445583040596 24.7074756403127
88.125 25.273631131919586 24.70005805473956
88.62499999999999 25.269853683037702 24.69268703771561
89.125 25.26609516442507 24.685320383177405
89.625 25.26234297023962 24.677974698027224
90.12499999999999 25.25862756882761 24.67065286226159
90.625 25.254900831568797 24.663349986336385
91.125 25.251185074606468 24.656060023294675
91.62499999999999 25.247479082315593 24.64879474884048
92.125 25.243825451114795 24.641550811139506
92.625 25.240145921166235 24.634322806610008
93.12499999999999 25.236483987072592 24.627104299186477
93.625 25.232888873593 24.619941362370735
94.125 25.229238683877142 24.612783072366323
94.62499999999999 25.22562586540978 24.605640070111896
95.125 25.22203119225066 24.59850394521595
95.625 25.218447636978077 24.591431182287025
96.12499999999999 25.21489923204657 24.58434381390433
96.625 25.211326846121707 24.577278649099195
97.125 25.207804180450744 24.570237345359356
97.62499999999999 25.204244282917404 24.563223121029637
98.125 25.200730895086384 24.556228390148146
98.625 25.197226512100972 24.549260155939507
99.12499999999999 25.193725270985816 24.54231892633096
99.625 25.19025143443017 24.53538029803605
100.125 25.186778785462614 24.528479040099636
100.62499999999999 25.183325224130012 24.521590327293037
101.125 25.179857680944675 24.514728776129605
101.625 25.17643104814665 24.507881422391215
102.12499999999999 25.173024706954095 24.5010498042992
102.625 25.169604836275244 24.49426961337196
103.125 25.16622193513872 24.487481726528642
103.62499999999999 25.16282095645744 24.480745148267616
104.125 25.159447797214685 24.47401129812107
104.625 25.156088749165683 24.46730592478226
105.125 25.152745076530042 24.46064196516125
105.625 25.14940480500094 24.453961252918663
106.125 25.14609451219885 24.447309833005512
106.625 25.1427583754589 24.44067683761764
107.125 25.13944520943138 24.43410394285962
107.625 25.136164428808453 24.42754104677683
108.125 25.132885727727754 24.420970908985154
108.625 25.129625076682967 24.41443039770561
109.125 25.126340368868426 24.407925173491524
109.625 25.12308769668173 24.401461664137045
110.125 25.119851323583813 24.39499657152947
110.625 25.116639135015607 24.388560286821996
111.125 25.113420780707322 24.38214533118751
111.625 25.1101924663967 24.375742841962985
112.125 25.107005515791847 24.36936567085
112.625 25.10382267499384 24.363037471924144
113.125 25.100642325666918 24.356709209669898
113.625 25.0974967611501 24.350414343143658
114.125 25.094340771559306 24.344121826054042
114.625 25.09117608679862 24.337865773350913
115.125 25.088050742272237 24.331620470328282
115.625 25.084915123062913 24.325399803194017
116.125 25.081823620749955 24.319209271939762
116.625 25.07869968265975 24.313054458176072
117.125 25.075593671489425 24.30689522330644
117.625 25.07251276214816 24.30078114360647
118.125 25.06945351286269 24.294679489958067
118.625 25.066394668972084 24.288594349632252
119.125 25.063331834435886 24.282539606801535
119.625 25.060279079931618 24.276507135793786
120.125 25.057229983470044 24.270490051809492
120.625 25.054217452410548 24.264494846692696
121.125 25.051208656363816 24.25853125795602
121.625 25.04818046065729 24.25258602799936
122.125 25.045172423650214 24.246660010762277
122.625 25.04221423395428 24.24076267151092
123.125 25.03920425422286 24.234862894181475
123.625 25.03624299370967 24.22900730569752
124.125 25.033285409235976 24.22319675549231
124.625 25.03034012218063 24.217352159712693
125.125 25.027385307218562 24.211570665607777
125.625 25.024439279715516 24.205812356052043
126.125 25.02152278413776 24.200065660723546
126.625 25.01862361465068 24.194331879519897
127.125 25.015749649173348 24.188598428553846
127.625 25.01287935455961 24.182887797439374
128.125 25.0100714921738 24.17717674802958
128.625 25.00724139903536 24.171485083282835
129.125 25.00445885912054 24.16580177714424
129.625 25.001675119077895 24.160145269353684
130.125 24.998936143547542 24.15449113168723
130.625 24.996198358279045 24.148840691861707
131.125 24.993476562179428 24.143224534189166
131.625 24.990801977033534 24.13759577645672
132.125 24.988105476111336 24.132012410858096
132.625 24.985446526773774 24.126401404244504
133.125 24.982760917472106 24.12083275684299
133.625 24.98015579911877 24.11527808984546
134.125 24.977542856103348 24.109729191929652
134.625 24.974920641003134 24.104215777393247
135.125 24.972313202870634 24.098675446703147
135.625 24.969752990687834 24.093174188633913
136.125 24.96717770925919 24.08769528049364
136.625 24.964610851222506 24.082205221051204
137.125 24.96206198754303 24.076739791072367
137.625 24.95951341951971 24.0713184021299
138.125 24.95696371690797 24.065864136675003
138.625 24.95445912582295 24.060468144911965
139.125 24.95194543434479 24.055065595848767
139.625 24.949437506901404 24.049683380664163
140.125 24.946934875532342 24.044316010075942
140.625 24.94446083925031 24.038970703473133
141.125 24.941926176105007 24.033637234190973
141.625 24.93944373128643 24.028291428933642
142.125 24.936948536808615 24.023007415285136
142.625 24.934479537851253 24.017713354896408
143.125 24.932016921542882 24.012446620858018
143.625 24.929542966532466 24.007189344650534
144.125 24.927046898966722 24.00196279389759
144.625 24.924595487118136 23.99673831151615
145.125 24.922138012784785 23.991540898990987
145.625 24.919663373068616 23.98634869040922
146.125 24.917179683130087 23.981186283303234
146.625 24.91471357603054 23.976027896088226
147.125 24.91225497937386 23.970890111957303
147.625 24.90978318589917 23.965764413671838
148.125 24.907304512327023 23.960668822898185
148.625 24.904815779296815 23.955579836893882
149.125 24.902352747222373 23.95052103992805
149.625 24.899850316075277 23.945476108348387
150.125 24.89737539277516 23.940435962377734
