FastTrWP/PhaseSpace/IAs/snIa_0.46_30.00_0.84_0.08.csv
# %ECSV 0.9
# ---
# datatype:
# - {name: time-rel, datatype: float64}
# - {name: g, datatype: float64}
# - {name: i, datatype: float64}
# schema: astropy-2.0
time-rel g i
[from data line 2139]
648.0 25.123719485657485 22.940305089716958
648.5 25.125717332077436 22.941117714454975
649.0 25.127689301890953 22.94193742538015
649.5 25.129672178328747 22.942741248860873
650.0 25.13163934672984 22.943562691199986
650.5 25.133609259584084 22.94436695593288
651.0 25.135607259800672 22.945180067245765
651.5 25.137582154310685 22.94598619566493
652.0 25.13955549701138 22.94679171261614
652.5 25.141524812160085 22.94759772125001
653.0 25.143518750437647 22.948401948200914
653.5 25.145456701488015 22.949200024852008
654.0 25.147434223532773 22.94999873283728
654.5 25.14940303784214 22.95079902558529
655.0 25.151355689775837 22.951585718538606
655.5 25.153300065224407 22.95238121980224
656.0 25.15529248261354 22.953174994726808
656.5 25.157238930216643 22.953973101910314
657.0 25.15917338904884 22.954757058122183
657.5 25.161128776294646 22.95553441676534
658.0 25.163073375681712 22.956327288027953
658.5 25.16504145935118 22.957107232150417
659.0 25.16699188055589 22.957883279060884
659.5 25.16891811585072 22.958668039943404
660.0 25.170863653485142 22.959433193220548
660.5 25.172793708493224 22.960222755224216
661.0 25.174727120133788 22.960991044460435
661.5 25.17665421596721 22.96175596490591
662.0 25.178585625413493 22.962520608534952
662.5 25.180491226835485 22.963293596939
663.0 25.182429006084025 22.964057222692368
663.5 25.184342543311125 22.964822837662062
664.0 25.186267685134833 22.965580297010696
664.5 25.18817608954918 22.966335270995955
665.0 25.19007371714871 22.96709807441317
665.5 25.191993229015694 22.967853497294676
666.0 25.19389023518215 22.968600433102374
666.5 25.19580544922857 22.96934849673736
667.0 25.197703753052565 22.97010002091026
667.5 25.199603869596782 22.97083985636007
668.0 25.201503705555517 22.971588671052064
668.5 25.203361159467107 22.972323635331023
669.0 25.205250860563208 22.973054808565657
669.5 25.207138049826007 22.973798892658404
670.0 25.208998974711584 22.974531008274994
670.5 25.2108789822455 22.975249291305623
671.0 25.212738783655265 22.975980124165154
671.5 25.214572818936126 22.976699144033986
672.0 25.21646256353872 22.977418667117195
672.5 25.218291653645895 22.978135030569238
673.0 25.22012625854611 22.978851794523898
673.5 25.221960799837348 22.979560630270495
674.0 25.223811737968163 22.98026472260087
674.5 25.225655541277444 22.980976163978518
675.0 25.227458225185487 22.981679346575955
675.5 25.229296853555773 22.982372629220006
676.0 25.231111501125902 22.98306969233886
676.5 25.232900552448886 22.983774903048804
677.0 25.234709642675707 22.98446572327593
677.5 25.236543980867047 22.98516045676277
678.0 25.238324125136092 22.985837887753526
678.5 25.24013919593611 22.986525349733565
679.0 25.241943421517345 22.98720865935435
679.5 25.243722934434306 22.987900283729257
680.0 25.24552254321904 22.988576927688218
680.5 25.24732653087046 22.989254668311332
681.0 25.249087611975995 22.98992958173129
681.5 25.250875941741803 22.990600182790097
682.0 25.252649012765378 22.99126812243675
682.5 25.254419431671266 22.991944186683742
683.0 25.256193338321857 22.992617401475727
683.5 25.257954025406523 22.993281934095467
684.0 25.25973198824431 22.993948568426696
684.5 25.261494670207956 22.994606987049607
685.0 25.2632469056098 22.995275358408207
685.5 25.26500694351101 22.995930265098888
686.0 25.266742439838463 22.996590698499105
686.5 25.26854199549842 22.99724180945156
687.0 25.27027217965184 22.99791632452675
687.5 25.272025813681545 22.99855556233156
688.0 25.273786860549997 22.999210202695227
688.5 25.275518584395428 22.99986008864559
689.0 25.27727481855851 23.000513564286678
689.5 25.279045299941906 23.001166492118912
690.0 25.280770175993965 23.00180862854711
690.5 25.28253255635716 23.002464399071187
691.0 25.28423754633839 23.003114725461316
691.5 25.286009865215007 23.003760196817645
692.0 25.287732039698774 23.0044029603852
692.5 25.289482140075474 23.005045457766535
693.0 25.291222074917744 23.005703631626922
693.5 25.29297330936576 23.006335014065648
694.0 25.29472127842353 23.006974062080303
694.5 25.29644557427357 23.007621072833963
695.0 25.29817983993647 23.008266002704868
695.5 25.29989713400697 23.008904955551795
696.0 25.301646997379184 23.0095445409414
696.5 25.303409145412814 23.010186771662514
697.0 25.305123441795473 23.01083190858813
697.5 25.306875034168502 23.011465810419388
698.0 25.30862894041031 23.012104117922103
698.5 25.310374252705575 23.012758649424583
699.0 25.31209836268515 23.01340320537497
699.5 25.31384797468541 23.0140380440511
700.0 25.31559098011591 23.01467659300323
700.5 25.317334419436747 23.015318823743964
701.0 25.31909510207989 23.01596176848865
701.5 25.320841901378866 23.016598991259546
702.0 25.322630288347817 23.017242100558562
702.5 25.3243597069506 23.017884201840417
703.0 25.326101268941542 23.018527184482647
703.5 25.327855922548572 23.019167128714862
704.0 25.329595021887826 23.019801254759344
704.5 25.33133816043621 23.020452715372087
705.0 25.33308840891218 23.021084684926933
705.5 25.33482974769182 23.021714651863142
706.0 25.336564606232646 23.02235278494466
706.5 25.33833572166771 23.022981888898837
707.0 25.340047027574567 23.023611159103893
707.5 25.3417867809646 23.024240622612187
708.0 25.34350337722373 23.024869055398895
708.5 25.345221116426764 23.025499497878425
709.0 25.346951460333194 23.026120814184758
709.5 25.34869389603958 23.026746428141237
710.0 25.350405523034656 23.0273652216449
710.5 25.352123518769996 23.02798728923105
711.0 25.353825140689068 23.028607528930877
711.5 25.35557135685434 23.029228992275712
712.0 25.35728214280175 23.029845496539643
712.5 25.35896823204269 23.030459093234725
713.0 25.360693344747002 23.031082705761946
713.5 25.362380979990174 23.03168903255908
714.0 25.36413180824985 23.032311094083177
714.5 25.365821234071376 23.032907723267204
715.0 25.367519007789262 23.03351984495176
715.5 25.369211241308363 23.034135492464237
716.0 25.370940399703894 23.034746088039753
716.5 25.37264732951472 23.035363137633375
717.0 25.374317731201224 23.035965601899306
717.5 25.37604472462288 23.036574486431828
718.0 25.377744548388762 23.03717657071313
718.5 25.37942629162384 23.0377890390561
719.0 25.38110191471872 23.0383909713385
719.5 25.382838823268763 23.038996629455575
720.0 25.384540262638865 23.039599626699797
720.5 25.38622396660831 23.04020723949933
721.0 25.387940465939867 23.040805810554318
721.5 25.38961661127562 23.041410804064494
722.0 25.3913261139962 23.04201481883716
722.5 25.39301020171314 23.042618077541338
723.0 25.39469686626567 23.043222496584143
723.5 25.39641166902185 23.043819532646804
724.0 25.39810228293449 23.044423116639628
724.5 25.399791582612078 23.045025177239626
725.0 25.40148933407702 23.045623392285837
725.5 25.403199134876147 23.046224616683237
726.0 25.40488184170829 23.04682822680396
726.5 25.406585200012536 23.047435929683566
727.0 25.408311687293637 23.048027125391698
727.5 25.409994112082387 23.048627644329436
728.0 25.41169098788565 23.04923587175591
728.5 25.413399126096216 23.049846399885627
729.0 25.415106313941184 23.05043937977649
729.5 25.416826315079497 23.05103717646159
730.0 25.418512713495637 23.051638546307515
730.5 25.420225855218277 23.052242613246424
731.0 25.421938649895303 23.052845849473535
731.5 25.423671690960727 23.053446002866078
732.0 25.42535907674482 23.054052455384504
732.5 25.427048016377206 23.054656224952744
733.0 25.42879161216483 23.055255690286614
733.5 25.43050559974582 23.05586859883265
734.0 25.432212642812758 23.05646561965328
734.5 25.4339210976918 23.057083453061615
735.0 25.435650936443754 23.057685592087026
735.5 25.437384043256156 23.058296782528508
736.0 25.43911725302103 23.058899784996537
736.5 25.440835904333007 23.059501969860197
737.0 25.44256087887671 23.060121102871708
737.5 25.4443036936119 23.060722387592712
738.0 25.44606632401866 23.061339466446057
738.5 25.447787199273545 23.061953798458973
739.0 25.449529857281433 23.0625642020212
739.5 25.451268163635362 23.063171650166584
740.0 25.45299112094824 23.063775462016054
740.5 25.45474432684747 23.064399680976393
741.0 25.456507126658067 23.065007954553494
741.5 25.458241385230806 23.06560304961918
742.0 25.459996401218774 23.066231982856475
742.5 25.461730481857884 23.06682784688522
743.0 25.463475298635387 23.067452242996932
743.5 25.465201169369948 23.06806895536587
744.0 25.466979975865982 23.068682434990315
744.5 25.468716534237142 23.069282068025203
745.0 25.470480571110254 23.06991238834609
745.5 25.47223093019018 23.070514020333896
746.0 25.473970658470225 23.071120942272614
746.5 25.475748832131085 23.071737668651792
747.0 25.477474195599083 23.072358622516038
747.5 25.479238139684135 23.072955575552175
748.0 25.480990158091913 23.07356444523294
748.5 25.482731337447746 23.074180818915792
749.0 25.484465459495294 23.07479595164381
749.5 25.4862654745194 23.075409905454237
750.0 25.488008875339865 23.076030230771725
750.5 25.489737575300776 23.076638072951784
751.0 25.49152293567961 23.077241170635507
751.5 25.493285462989576 23.077856983734826
752.0 25.495059153019817 23.07846113453688
752.5 25.496790112149704 23.07907600475888
753.0 25.498567596685188 23.07970144312952
753.5 25.500330965580993 23.080299111002066
754.0 25.50206919637624 23.08091162961926
754.5 25.503845889045557 23.081517179244933
755.0 25.505619655394057 23.082133216864147
755.5 25.507377635864238 23.0827537864022
756.0 25.509134738184116 23.08336304416795
756.5 25.510904968304892 23.08396640816281
757.0 25.512651349807015 23.084578666881285
757.5 25.514444672959176 23.085189946458257
758.0 25.516199373342157 23.085799253596505
758.5 25.51794103504063 23.08640451111043
759.0 25.519716920018606 23.087024777515985
759.5 25.521516336710185 23.087637849725894
760.0 25.523264484856902 23.088241004355787
760.5 25.52504435189502 23.088843624355917
761.0 25.526787398540055 23.08945098604155
761.5 25.528543162921956 23.090068465444133
762.0 25.530331138695807 23.090680967393652
762.5 25.53210039134662 23.091284444005087
763.0 25.533857850021793 23.091909314232872
763.5 25.53562141903033 23.092508833151587
764.0 25.537384106128293 23.093115584309697
764.5 25.539178316591368 23.093727499526363
765.0 25.54091567081105 23.094334199064306
765.5 25.54268076970017 23.094940167537857
766.0 25.544445660498525 23.095545711266247
766.5 25.546237949119778 23.096160385937935
767.0 25.548003692103475 23.096763458641973
767.5 25.549762937545644 23.097371201831862
768.0 25.551529808056376 23.097981358766305
768.5 25.553287351461933 23.09858180944357
769.0 25.55505354507605 23.099192836201247
769.5 25.55681516605835 23.099799319054803
770.0 25.558587439322093 23.10040039262683
770.5 25.560327379127973 23.101007008796167
771.0 25.562095192188256 23.101607702199924
771.5 25.563901627755314 23.10221629821288
772.0 25.565655795908498 23.10283203419604
772.5 25.567418705646453 23.103433241365043
773.0 25.569179278949427 23.104034882741075
773.5 25.570929531588096 23.10463412684102
774.0 25.57272515412461 23.105244975605785
774.5 25.5744793032072 23.10584677296811
775.0 25.57622769823964 23.10645022494588
775.5 25.57798802505374 23.10704741319203
776.0 25.579753732489184 23.10766852781856
776.5 25.581534904701297 23.10826128562052
777.0 25.58328749656297 23.108861597619544
777.5 25.585072040731834 23.10946750263305
778.0 25.586847316366978 23.11006784324797
778.5 25.588598373115694 23.110669043736284
779.0 25.590382439841054 23.111285511703787
779.5 25.59215774058221 23.111882265273177
780.0 25.59391474880046 23.112482883793916
780.5 25.595679171719855 23.113080733958906
781.0 25.597427035007414 23.113707551262106
781.5 25.59920469443721 23.114297145865347
782.0 25.600976076416583 23.114894386610448
782.5 25.602762064731124 23.1154961064037
783.0 25.604503329551026 23.116098121318505
783.5 25.606260721803213 23.11670079620096
784.0 25.60806838994242 23.11729614773735
784.5 25.609830639631646 23.11790389068625
785.0 25.611615973842454 23.118500046458923
785.5 25.6133560558151 23.119105585238007
786.0 25.615114507389613 23.119702721393054
786.5 25.616890588882203 23.120312006114684
787.0 25.618658278145357 23.12091085026222
787.5 25.62046119401922 23.121512687574306
788.0 25.622181431806197 23.12210522847223
788.5 25.623958816840474 23.122713650131995
789.0 25.625714264100218 23.123299218873072
789.5 25.627494568543497 23.1239091090624
790.0 25.62926935045216 23.124502988221487
790.5 25.63102820832377 23.1250990488196
791.0 25.632800574874054 23.125699216963444
791.5 25.634555972209668 23.126306036240113
792.0 25.63634082330776 23.126901460176512
792.5 25.638092170215344 23.127497435530863
793.0 25.63985839112974 23.128094786602944
793.5 25.64158509056583 23.128684642648544
794.0 25.64339406401171 23.129285075736135
794.5 25.64516668889205 23.129879454180685
795.0 25.646920127278065 23.130483184938804
795.5 25.648669055718013 23.131069484968585
796.0 25.650444464450782 23.131669198992547
796.5 25.652219816859816 23.132266276058782
797.0 25.65395053914546 23.1328622997342
797.5 25.655700488736215 23.133464055495164
798.0 25.657473764949632 23.134052217909677
798.5 25.65924383566962 23.13465085557231
799.0 25.66104838467741 23.135240378301503
799.5 25.662742698922727 23.13584222491326
800.0 25.664512562649197 23.13643025290056
800.5 25.666263266970958 23.137029197056187
801.0 25.668036877983994 23.13760295214557
801.5 25.66977607271403 23.13820038989359
802.0 25.671527181296334 23.138792012106094
802.5 25.67329338471189 23.13938213152457
803.0 25.675042341472214 23.139974952457436
803.5 25.676779804164052 23.14056211748087
804.0 25.678563691447014 23.14116265693943
804.5 25.680287864205198 23.141743578140932
805.0 25.68205349918061 23.142339729392504
805.5 25.6837656833199 23.142927542977052
806.0 25.685570048943276 23.14352021062904
806.5 25.687298309882557 23.14410395782658
807.0 25.689029881275758 23.14469069295873
807.5 25.69078088308757 23.14528386605893
808.0 25.692534916935617 23.145864800179957
808.5 25.6942834727295 23.146450155910756
809.0 25.696021236460652 23.14703509942383
809.5 25.697726320082946 23.147621702834282
810.0 25.699499950660012 23.148197551951068
810.5 25.70121274722481 23.148780615213834
811.0 25.702966441886204 23.149374159936755
811.5 25.704699220286873 23.149951081011846
812.0 25.70644899343111 23.15053409705333
812.5 25.708173098804718 23.151123120645675
813.0 25.70989126072693 23.151702798072282
813.5 25.71164345631514 23.152282549585202
814.0 25.713346087567224 23.15286381978117
814.5 25.715111252457326 23.153445155803375
815.0 25.7168275533703 23.154018329028858
815.5 25.718547429448286 23.15460069241262
816.0 25.72028484458407 23.155170900038847
816.5 25.72202462120751 23.15575060933441
817.0 25.72373876942832 23.156328228882465
817.5 25.725471539604612 23.15690147293327
818.0 25.727213657962228 23.157473433122302
818.5 25.72890891390077 23.15806148128538
819.0 25.73062434560862 23.158629163347847
819.5 25.73234684738345 23.159208173219113
820.0 25.734099241589803 23.159784750337586
820.5 25.735804716464546 23.160357620142573
821.0 25.73751526650256 23.16094184304481
821.5 25.73922648870283 23.161506798748277
822.0 25.740961278571298 23.16209060624596
822.5 25.742672878389477 23.162656578283528
823.0 25.744373753182575 23.163231356071755
823.5 25.74610587936712 23.16379905502362
824.0 25.747800464535324 23.16437617625963
824.5 25.74952758884393 23.164946075901423
825.0 25.751249247847934 23.165524131338337
825.5 25.752979423406273 23.166093318891118
826.0 25.754680768372303 23.16666317918717
826.5 25.75635267658578 23.167236097235158
827.0 25.75809667795856 23.16779784325114
827.5 25.759802473688154 23.168381281014632
828.0 25.761490738421536 23.16895102168861
828.5 25.763197890397755 23.16952036776538
