FastTrWP/PhaseSpace/IAs/snIa_0.39_30.00_-0.14_-0.03.csv
# %ECSV 0.9
# ---
# datatype:
# - {name: time-rel, datatype: float64}
# - {name: g, datatype: float64}
# - {name: i, datatype: float64}
# schema: astropy-2.0
time-rel g i
[from data line 865]
624.1041666666666 22.977001928894584 22.547609778297037
624.6041666666666 22.977149509595716 22.54701995484114
625.1041666666666 22.977313631267585 22.54643486748172
625.6041666666666 22.977473045621583 22.54584378738435
626.1041666666666 22.977640756583742 22.54526307878786
626.6041666666666 22.97781128331385 22.54469383256724
627.1041666666666 22.977990141043577 22.54412540177325
627.6041666666666 22.97816084921104 22.54355198045849
628.1041666666666 22.978345478576596 22.54298379496683
628.6041666666666 22.97854005707748 22.54242138600125
629.1041666666666 22.978740593423097 22.54185376669772
629.6041666666666 22.978929060382654 22.54129466201259
630.1041666666666 22.979131309386837 22.540737016595052
630.6041666666666 22.979332208823237 22.540177476272355
631.1041666666666 22.979544081402477 22.539624567021924
631.6041666666666 22.97976277929768 22.539070040655126
632.1041666666666 22.979984262122993 22.53852317637446
632.6041666666666 22.980202694732963 22.53797550083721
633.1041666666666 22.980432234618057 22.537433413809108
633.6041666666666 22.980669878845717 22.536893676613374
634.1041666666666 22.980913000757795 22.536366161950234
634.6041666666666 22.98116176425946 22.535822891415535
635.1041666666666 22.981388319836853 22.535279864987462
635.6041666666666 22.98165090336977 22.53475304521665
636.1041666666666 22.98190051587135 22.53422062751153
636.6041666666666 22.982164258883135 22.533695318383387
637.1041666666666 22.982419730877048 22.533172418326917
637.6041666666666 22.982691270041208 22.532658196233506
638.1041666666666 22.98296974121837 22.532131790889345
638.6041666666666 22.983248129128008 22.531617047129057
639.1041666666666 22.98352340609437 22.531105810956905
639.6041666666666 22.983821770302825 22.530599194701967
640.1041666666666 22.98411402922673 22.530084299786026
640.6041666666666 22.984419972055544 22.52957451555907
641.1041666666666 22.984713541934973 22.529074160430575
641.6041666666666 22.98501603613118 22.528573872044802
642.1041666666666 22.985327254510008 22.528079927196668
642.6041666666666 22.98564451879262 22.52758185684052
643.1041666666666 22.98596838420112 22.527089461741504
643.6041666666666 22.98628593987253 22.52659084389248
644.1041666666666 22.986617849540856 22.52610926760759
644.6041666666666 22.986962395194816 22.525621244614882
645.1041666666666 22.987294891575687 22.5251431114746
645.6041666666666 22.98764263579736 22.524663212078508
646.1041666666666 22.987994229675298 22.52418336532511
646.6041666666666 22.98833840734879 22.523706927669345
647.1041666666666 22.988698501652493 22.523240152921677
647.6041666666666 22.98907098940285 22.52277133398362
648.1041666666666 22.98943135854949 22.52230025944486
648.6041666666666 22.989808982257745 22.52184597696479
649.1041666666666 22.990190166376813 22.52137838136781
649.6041666666666 22.99056846393841 22.52091607175516
650.1041666666666 22.990957876417642 22.520461577752787
650.6041666666666 22.9913453137814 22.520018952518722
651.1041666666666 22.991742000574078 22.51956416644817
651.6041666666666 22.992144197753724 22.519109657479657
652.1041666666666 22.992556311351855 22.51866388325684
652.6041666666666 22.992967363122652 22.518221888900737
653.1041666666666 22.993386530186726 22.51778877641925
653.6041666666666 22.993800296757897 22.51734748381881
654.1041666666666 22.994233560343908 22.51691269350915
654.6041666666666 22.994662716108408 22.516483851292758
655.1041666666666 22.995102551096352 22.516062223605363
655.6041666666666 22.99555521870351 22.515635385035935
656.1041666666666 22.99599291726566 22.515204547042188
656.6041666666666 22.99645099749824 22.51478966626692
657.1041666666666 22.996902883033556 22.514367554734548
657.6041666666666 22.997374640005745 22.51396163077953
658.1041666666666 22.997836575645863 22.513545336925255
658.6041666666666 22.998316463835437 22.513132220234105
659.1041666666666 22.99878323616008 22.512728340811712
659.6041666666666 22.999277043300467 22.512327462587983
660.1041666666666 22.999768004350788 22.511920801947664
660.6041666666666 23.000265316573703 22.51153455304093
661.1041666666666 23.00076687817952 22.511136790703485
661.6041666666666 23.00126892912978 22.510742915789017
662.1041666666666 23.001787132712042 22.51034831012252
662.6041666666666 23.002307676467133 22.509972785412184
663.1041666666666 23.002825740531698 22.509588587755207
663.6041666666666 23.003372759583137 22.509207057713787
664.1041666666666 23.003912786126904 22.508823504202944
664.6041666666666 23.004462663830427 22.508444893730424
665.1041666666666 23.005020382985258 22.508071860980607
665.6041666666666 23.005584363811128 22.507705162044406
666.1041666666666 23.006146458915207 22.507338352560396
666.6041666666666 23.006716762625633 22.50697601797437
667.1041666666666 23.007301380429457 22.506613235595214
667.6041666666666 23.007881651492607 22.50625418157184
668.1041666666666 23.00847471173296 22.505885287348207
668.6041666666666 23.009069139321312 22.5055297390862
669.1041666666666 23.009680684142992 22.505185711876535
669.6041666666666 23.010280931749143 22.504839519052183
670.1041666666666 23.01089891051163 22.50448221062136
670.6041666666666 23.011524191861046 22.50414867785669
671.1041666666666 23.012135691019218 22.503804999800966
671.6041666666666 23.012771458592436 22.503464145079736
672.1041666666666 23.01340031533265 22.503127395845887
672.6041666666666 23.014044802776525 22.502790654718797
673.1041666666666 23.014679165857377 22.50246025144341
673.6041666666666 23.015337789007795 22.50212701547662
674.1041666666666 23.015996718889006 22.50180399374184
674.6041666666666 23.01664798694923 22.501485186668777
675.1041666666666 23.01732474883035 22.501156035364577
675.6041666666666 23.017981371147307 22.500844150670062
676.1041666666666 23.01865784664568 22.500526110667685
676.6041666666666 23.019349224852967 22.50020953298515
677.1041666666666 23.020017918702376 22.49989997816131
677.6041666666666 23.020707482396613 22.49959329706407
678.1041666666666 23.021398711933777 22.49928721262188
678.6041666666666 23.022102901330225 22.498979353143657
679.1041666666666 23.022789246797775 22.498679234224355
679.6041666666666 23.023493532101966 22.4983834280984
680.1041666666666 23.024199440102233 22.498087473621865
680.6041666666666 23.024912173287746 22.497788606163187
681.1041666666666 23.025625060182342 22.49749897957728
681.6041666666666 23.026345149443586 22.497212181419187
682.1041666666666 23.027068332265145 22.496926324743466
682.6041666666666 23.02779007399724 22.49664515910935
683.1041666666666 23.02852342808164 22.496358852527575
683.6041666666666 23.029254042544466 22.496076496114547
684.1041666666666 23.02998011522227 22.495804317760374
684.6041666666666 23.030734573485866 22.49553212543798
685.1041666666666 23.03145953161827 22.495258424863565
685.6041666666666 23.032203751520317 22.494988261006274
686.1041666666666 23.032946429181592 22.494725167950808
686.6041666666666 23.033703465533634 22.494453908958924
687.1041666666666 23.03445295517077 22.494193523790997
687.6041666666666 23.03520535436736 22.49393649861997
688.1041666666666 23.03595961147504 22.493676949365607
688.6041666666666 23.036715156409258 22.493427732455373
689.1041666666666 23.037479133498163 22.493177668350036
689.6041666666666 23.038239128549417 22.49292717961639
690.1041666666666 23.038999977265135 22.492674448741376
690.6041666666666 23.03977696443068 22.49243073496813
691.1041666666666 23.04054345738875 22.4921828643025
691.6041666666666 23.041312847523013 22.491954345417156
692.1041666666666 23.042083766134184 22.49171609274233
692.6041666666666 23.04284577133924 22.491472981044094
693.1041666666666 23.04362459058964 22.491238915647067
