FastTrWP/PhaseSpace/IAs/snIa_0.35_30.00_-1.37_0.03.csv
# %ECSV 0.9
# ---
# datatype:
# - {name: time-rel, datatype: float64}
# - {name: g, datatype: float64}
# - {name: i, datatype: float64}
# schema: astropy-2.0
time-rel g i
-380.0 26.992556111182395 25.21866312234497
-379.5 26.96668798259126 25.209410624508656
-379.0 26.941199017835945 25.20016679203313
-378.5 26.91629568993605 25.191003296217392
-378.0 26.89180115279182 25.18185285282225
-377.5 26.867686712882637 25.17278555033855
-377.0 26.844003013215968 25.163747366560948
-376.5 26.82066282214196 25.154758638041308
-376.0 26.79773511219188 25.145807229757388
-375.5 26.77517085658744 25.136897762011415
-375.0 26.752961415939364 25.128032260478435
-374.5 26.731054792873856 25.11918965312749
-374.0 26.70944042007729 25.110419113483506
-373.5 26.68817839485772 25.10171362247079
-373.0 26.66713874850247 25.09300061085625
-372.5 26.64646444046256 25.08432699168914
-372.0 26.62603349281175 25.075710661357267
-371.5 26.605862958613294 25.06713277607063
-371.0 26.58593635192136 25.058636583576824
-370.5 26.566284409650862 25.050100108081836
-370.0 26.546931875025578 25.041654454343263
-369.5 26.527762242587983 25.03324536307453
-369.0 26.508746701721417 25.0248643818427
-368.5 26.490006969230684 25.016540283285252
-368.0 26.47151470224785 25.008207261983777
-367.5 26.45320693241706 24.999948306702613
-367.0 26.435082041139037 24.991742600355593
-366.5 26.417184179444337 24.983533016820605
-366.0 26.399481197409884 24.975378685119033
-365.5 26.381959905996105 24.967280439157516
-365.0 26.364586508780818 24.959163359713816
-364.5 26.347386230246535 24.951126558164425
-364.0 26.330396203248956 24.94310116192466
-363.5 26.31356756746682 24.935128456325483
-363.0 26.29685409729634 24.92719887642693
-362.5 26.280325316899116 24.919272947089905
-362.0 26.263960736294464 24.911398430428733
-361.5 26.247696552710668 24.903577658696207
-361.0 26.23167100176832 24.895745506561227
-360.5 26.215658032810705 24.887997120476694
-360.0 26.199873192551447 24.880231317711583
-359.5 26.184192807206447 24.872508318126197
-359.0 26.16866188772181 24.864834799917904
-358.5 26.15325633809843 24.857215201999345
-358.0 26.138056828078298 24.849589770650287
-357.5 26.123012136572676 24.842019968073746
-357.0 26.108068464356073 24.83445782913648
-356.5 26.09334622952328 24.826958952592758
-356.0 26.078746057531742 24.81949037052583
-355.5 26.064288432698653 24.81204804918891
-355.0 26.04994098496841 24.80462176012681
-354.5 26.035745175112382 24.79720205579468
-354.0 26.02167532223344 24.789867634597535
-353.5 26.007740072767795 24.78253461113489
-353.0 25.993938286117544 24.77525868608012
-352.5 25.980251588606773 24.767972103884112
-352.0 25.966675884841855 24.760750595548533
-351.5 25.95317972444752 24.75352029698875
-351.0 25.93987471058373 24.74635163181444
-350.5 25.926552970048814 24.73920129185276
-350.0 25.913434625946593 24.73205306614211
-349.5 25.900419993625484 24.724960205665095
-349.0 25.887481764572073 24.71788020527483
-348.5 25.87461074777646 24.71082751104205
-348.0 25.8618833586393 24.703815487229022
-347.5 25.849217649154923 24.69681201641263
-347.0 25.83660522136032 24.68982920935439
-346.5 25.824111251554136 24.682887905976003
-346.0 25.811713051520254 24.67596363525263
-345.5 25.799408617720477 24.66905879076431
-345.0 25.787152192471254 24.66218944279065
-344.5 25.774967319660156 24.655347994470983
-344.0 25.762847510654257 24.6485141271231
-343.5 25.750886941234064 24.641715887654136
-343.0 25.738918318766686 24.63493891759343
-342.5 25.72700549088923 24.628198512542
-342.0 25.71521206940641 24.621439367016688
-341.5 25.70346703406875 24.614738090932832
-341.0 25.691813685024627 24.608038302183076
-340.5 25.680162206265 24.601381239660057
-340.0 25.668620807400995 24.59471844877783
-339.5 25.657130361743803 24.588096794875174
-339.0 25.6457011933368 24.581466580153403
-338.5 25.63432754634688 24.574907453746363
-338.0 25.623005332809996 24.56835209572644
-337.5 25.611718727789846 24.5617994900945
-337.0 25.600524215937913 24.555283561939895
-336.5 25.58932831567183 24.54876771336751
-336.0 25.578230867676744 24.542271018406574
-335.5 25.567154552943123 24.535800828655002
-335.0 25.556154021018962 24.529359763701358
-334.5 25.54520945191576 24.522930971214272
-334.0 25.53430696899133 24.516525729246645
-333.5 25.52340975402466 24.510136074469486
-333.0 25.512581848316028 24.50375726222316
-332.5 25.50180584943474 24.497418329788655
-332.0 25.491052083470723 24.491084042977114
-331.5 25.480363127910174 24.48476484795817
-331.0 25.46971479652276 24.478467459691487
-330.5 25.459102300334074 24.472173938809508
-330.0 25.448511155835504 24.465894229012175
-329.5 25.438000396280156 24.459643072987532
-329.0 25.427517746290846 24.453419377719637
-328.5 25.417024770716424 24.447211122004635
-328.0 25.406602725415294 24.440984242529318
-327.5 25.39621682377874 24.4348179947165
-327.0 25.385851470797967 24.428650534753498
-326.5 25.375510543896546 24.42250122644508
-326.0 25.365254270602794 24.416356115858008
-325.5 25.3550288489747 24.410229283469857
-325.0 25.344850416471715 24.404149775860855
-324.5 25.334708858255453 24.39807585736518
-324.0 25.324591300013438 24.39200005757264
-323.5 25.314556871233318 24.38596620148301
-323.0 25.304548017590335 24.379939718494082
-322.5 25.294574508601272 24.373920741405026
-322.0 25.284671259774004 24.367937330081404
-321.5 25.27478145931937 24.361970510761335
-321.0 25.264955127213163 24.356009440237134
-320.5 25.25517321165401 24.35005136718349
-320.0 25.245430350885933 24.344133784758917
-319.5 25.23569940628388 24.338238375301202
-319.0 25.226058719408787 24.332341949731497
-318.5 25.216447335118062 24.326450757908752
-318.0 25.206857376872783 24.32060892417835
-317.5 25.197328687221592 24.31476965056932
-317.0 25.18779153622214 24.308931353687242
-316.5 25.17835935021127 24.303124185610635
-316.0 25.168928168654162 24.29733285469654
-315.5 25.159556550548015 24.29154734134005
-315.0 25.150214088971637 24.28576840262483
-314.5 25.140913974158927 24.28004841159888
-314.0 25.131662390877686 24.274309148634767
-313.5 25.12244146529387 24.268578632658038
-313.0 25.113255372782408 24.26288132880391
-312.5 25.104111974844066 24.25719026852157
-312.0 25.09501471528027 24.2515212222534
-311.5 25.085938766665237 24.24586662485886
-311.0 25.076895707546388 24.240226454272126
-310.5 25.067898479949005 24.234592374489637
-310.0 25.058933292230925 24.22898112221438
-309.5 25.049966446871153 24.22336910327708
-309.0 25.041115298210883 24.217807217188714
-308.5 25.032247054059646 24.21222350642012
-308.0 25.02342474427212 24.20665885793411
-307.5 25.014648906699726 24.201128837352087
-307.0 25.005893449601544 24.19559142017354
-306.5 24.997178950807797 24.190086891482427
-306.0 24.988487365651586 24.184585256041974
-305.5 24.97984972887665 24.179093889567326
-305.0 24.971226401527076 24.173619973737303
-304.5 24.96264579245924 24.16814889949238
-304.0 24.954104135286336 24.162696824844517
-303.5 24.945565091830296 24.157265564941007
-303.0 24.937094123062565 24.151848542632614
-302.5 24.928637349176878 24.146441897183625
-302.0 24.92022818904932 24.141051725902386
-301.5 24.9118304618846 24.135653619556408
-301.0 24.90349709670491 24.130299171960292
-300.5 24.89516718343937 24.124951614199524
-300.0 24.886856500904 24.119596445974576
-299.5 24.87861929455953 24.11426307409628
-299.0 24.87038423683469 24.108934293467286
-298.5 24.862157827287056 24.103636354943497
-298.0 24.854007484402484 24.09834262382034
-297.5 24.845853380941392 24.09305701901689
-297.0 24.83775558020621 24.08779464071862
-296.5 24.829668274103568 24.082537183728228
-296.0 24.821628803406952 24.07728403218902
-295.5 24.813596168048168 24.072052331709823
-295.0 24.80559297844097 24.066825969594095
-294.5 24.797655689737272 24.06161184827379
-294.0 24.789705106878674 24.05641689520254
-293.5 24.78179953147151 24.05123290811464
-293.0 24.77393278231682 24.046066220455288
-292.5 24.76608178377677 24.04090408505525
-292.0 24.75827196095804 24.035753305107384
-291.5 24.75048191905344 24.03061526044025
-291.0 24.742731917320974 24.02550304681244
-290.5 24.735005180375992 24.02040153738843
-290.0 24.727269657346422 24.015301411674628
-289.5 24.71960581788201 24.010209365300618
-289.0 24.71195514207317 24.00515841108362
-288.5 24.70434449775945 24.000085384331477
-288.0 24.69675042022514 23.995061676739024
-287.5 24.68918897152754 23.98999936193929
-287.0 24.68164106704821 23.984980172673737
-286.5 24.674125815891948 23.979970174081558
-286.0 24.66664103966003 23.974959525087232
-285.5 24.65918671967063 23.96998091724071
-285.0 24.651729975140473 23.965002322765155
-284.5 24.644343701373863 23.96003283833295
-284.0 24.636945537774707 23.955083343331516
-283.5 24.629578437375038 23.95014141850655
-283.0 24.62224113528808 23.945219808538894
-282.5 24.61493176094278 23.94028102475025
-282.0 24.60763053838828 23.935368649780052
-281.5 24.60037239941515 23.93047202405521
-281.0 24.593114973984044 23.92559638130248
-280.5 24.585891814784784 23.920713268779387
-280.0 24.57870851898223 23.91584664351122
-279.5 24.57154528675113 23.910982096574426
-279.0 24.56437372559727 23.906138118952526
-278.5 24.55724434433222 23.901298735367405
-278.0 24.550140909543643 23.896481782792485
-277.5 24.543063699841476 23.891661148964847
-277.0 24.535998885732525 23.886842062133326
-276.5 24.528969628835547 23.882048411508006
-276.0 24.521960954699523 23.877252622437272
-275.5 24.514949643598744 23.87247772792452
-275.0 24.507967135146416 23.867707370021613
-274.5 24.501007722058425 23.86296423871046
-274.0 24.494084676012736 23.858210505042727
-273.5 24.487159316528558 23.853468242787148
-273.00000000000006 24.480273431234565 23.84872250661125
-272.5 24.473409879422032 23.8440074316672
-272.0 24.466550256700693 23.83928888430992
-271.50000000000006 24.459730326113952 23.83458750531601
-271.0 24.45289522654257 23.829895132463665
-270.5 24.446098543330635 23.825214660967656
-270.00000000000006 24.43932905608441 23.82052730029543
-269.5 24.432576584314912 23.815854090849374
-269.0 24.425853188290525 23.811205050112633
-268.50000000000006 24.419113818828055 23.806551773489893
-268.0 24.412429602988585 23.801917716530973
-267.5 24.40575199849696 23.797268294587553
-267.00000000000006 24.39909107249216 23.79263182510894
-266.5 24.392438800001734 23.78802164167499
-266.0 24.385826949970088 23.783413665779346
-265.50000000000006 24.379211655412902 23.778815725274658
-265.0 24.372621549434474 23.77421536727756
-264.5 24.36605920803562 23.769636459073592
-264.00000000000006 24.35950291987526 23.765048317555028
-263.5 24.352974570469076 23.760478262920298
-263.0 24.34645608793225 23.75592441675627
-262.50000000000006 24.339966170721784 23.75137090183553
-262.0 24.333482433506628 23.746816206272708
-261.5 24.327020788185543 23.742291377070487
-261.00000000000006 24.320544618476116 23.737760734704125
-260.5 24.314132844180712 23.73323888513496
-260.0 24.307729926180155 23.72872786643893
-259.50000000000006 24.30134840153929 23.724220729739066
-259.0 24.294974038095326 23.719730341157252
-258.5 24.28861061581035 23.71525281248687
-258.00000000000006 24.282289153210034 23.71078205403323
-257.5 24.275960064263842 23.706316085522438
-257.0 24.269669156772856 23.701869795359173
-256.50000000000006 24.26337098850017 23.69740048037512
-256.0 24.25712438470684 23.692973120086695
-255.5 24.25086852081 23.68853029791557
-255.00000000000006 24.24464534825935 23.684111434431728
-254.5 24.23844006150471 23.679705009710524
-254.0 24.23224708436656 23.675299902753153
-253.50000000000006 24.226064543247283 23.670899668858674
-253.0 24.219900396088875 23.666505809909182
-252.5 24.21376207017259 23.662118944472432
-252.00000000000006 24.207631096887987 23.657741798022087
-251.5 24.201515923504232 23.653372133024227
-251.0 24.195434559644546 23.64902952315851
-250.50000000000006 24.189347039633283 23.644682391210807
-250.0 24.183279158777328 23.64033464218266
-249.5 24.177248039891857 23.636004402828412
-249.00000000000006 24.17119610149543 23.631688666593483
-248.5 24.165189019923595 23.62736811797053
-248.0 24.159185861878925 23.62304988984628
-247.50000000000006 24.15319938442906 23.618739918835153
-247.0 24.14724350636972 23.614449747323626
-246.5 24.14127412134099 23.61016734922067
-246.00000000000006 24.135339333389666 23.605891382890427
-245.5 24.129405230242313 23.60160624842767
-245.0 24.12351093960655 23.597351262619505
-244.50000000000006 24.11762623113356 23.593082695671896
-244.0 24.111729352783758 23.588840951858295
-243.5 24.105876953216367 23.58459364809876
-243.00000000000006 24.10001401992725 23.58034986854141
-242.5 24.094185943052295 23.576112242051824
-242.0 24.088355224675055 23.571898081541057
-241.50000000000006 24.08255808286713 23.56768161683222
-241.0 24.07676149574737 23.56348161578604
-240.5 24.070972496065913 23.55928792848195
-240.00000000000006 24.06520790998712 23.555081731866597
-239.5 24.05946355434557 23.550892577743355
-239.0 24.053728710045533 23.546714704564767
-238.50000000000006 24.048002503854647 23.542531767443723
-238.0 24.042290642967608 23.538371136968465
-237.5 24.03658575388329 23.534198426486856
-237.00000000000006 24.03090438215882 23.530037490179147
-236.5 24.0252430747405 23.52589572986524
-236.0 24.019571496645618 23.521760700370486
-235.50000000000006 24.013931152979403 23.51760896943698
-235.0 24.008302607796907 23.513482572505026
-234.5 24.00268669184332 23.509363849690224
-234.00000000000006 23.997079066719525 23.505245544122428
-233.5 23.991482423631364 23.50114239691819
-233.0 23.98589783777438 23.49704158922593
-232.50000000000006 23.9803267403506 23.492948118261737
-232.0 23.97476131245216 23.48884578994248
-231.5 23.96923632798849 23.484755797614284
-231.00000000000006 23.963702157842064 23.480688863016997
-230.5 23.958179709109967 23.476601192619043
-230.0 23.952680206891973 23.47254679472693
-229.50000000000006 23.947180358514075 23.46847840896936
-229.0 23.94169263 23.46441005711807
-228.5 23.93619348678406 23.460352224108725
-228.00000000000006 23.930688397939775 23.456280008077044
-227.5 23.925190296091372 23.452218583277148
-227.0 23.919686100622272 23.448143826944843
-226.50000000000006 23.914166407258477 23.44406980819404
-226.0 23.908658579129337 23.4399884365532
-225.5 23.903164929768902 23.435920537802435
-225.00000000000006 23.897647257185028 23.43185525253739
-224.5 23.89214428195688 23.427782104874137
-224.0 23.886653380568028 23.423706965785208
-223.50000000000006 23.8811539096302 23.41963644072787
-223.0 23.875667607145445 23.415574510617752
-222.5 23.87018094663464 23.411503164688924
-222.00000000000006 23.864716605990974 23.407449547258658
-221.5 23.859230857940407 23.40339265860464
-221.0 23.853780533657513 23.399339092389685
-220.50000000000006 23.848312796578185 23.395285896841543
-220.0 23.842891510592523 23.391246511455215
-219.5 23.83746228006376 23.387210340605083
-219.00000000000006 23.832045541020648 23.383185315132412
-218.5 23.82663507523851 23.379154939137784
-218.0 23.82124920431368 23.37514482026308
-217.50000000000006 23.815868752645347 23.37113619477437
-217.0 23.810511319718245 23.36711692430572
-216.5 23.805170721937202 23.363133958366326
-216.00000000000006 23.799847950725916 23.35913748790066
-215.5 23.79453738483873 23.355171799893277
-215.0 23.789240050499334 23.35121457281026
-214.50000000000006 23.783975944768546 23.347249325967766
-214.0 23.7787258277126 23.343316096327666
-213.5 23.77347680576591 23.339371978715114
-213.00000000000006 23.768257581754387 23.335447679041362
-212.5 23.763063003730814 23.331524797202995
-212.0 23.757888033422375 23.327635549583384
-211.50000000000006 23.75274424736185 23.323752642144647
-211.0 23.74761450530513 23.319866165257523
-210.5 23.74250821267191 23.31600157257633
-210.00000000000006 23.737443094646057 23.312157681325747
-209.5 23.732387204296938 23.308328985951185
-209.0 23.727341797176223 23.304498009980815
-208.50000000000006 23.72234819370835 23.300688574072822
-208.0 23.717354257127706 23.2968879166957
-207.5 23.71239576116612 23.29311833869671
-207.00000000000006 23.707467032861395 23.289352632561126
-206.5 23.702572292904183 23.28560857160927
-206.0 23.697691662255416 23.281875907864226
