FastTrWP/PhaseSpace/IAs/snIa_0.32_30.00_1.56_-0.01.csv
# %ECSV 0.9
# ---
# datatype:
# - {name: time-rel, datatype: float64}
# - {name: g, datatype: float64}
# - {name: i, datatype: float64}
# schema: astropy-2.0
time-rel g i
[from data line 362]
-271.0 23.624907051550718 23.537195618024516
-270.5 23.621030505177835 23.533840209056315
-270.0 23.617192521073065 23.53050730011136
-269.5 23.613351026866326 23.527176939392938
-269.0 23.609524879852003 23.523874995733816
-268.5 23.605726997426274 23.520561350945897
-268.0 23.601924012617452 23.517268750655855
-267.5 23.598153523186806 23.513978950520485
-267.0 23.594386663745293 23.5107095324631
-266.5 23.59064053390826 23.50744015110076
-266.0 23.586911067621266 23.504184807484776
-265.5 23.58318138537892 23.50094956343839
-265.0 23.57947976663653 23.497714511894486
-264.5 23.57578730106283 23.494490077144377
-264.0 23.572102610455797 23.49128366245415
-263.5 23.56843862319465 23.48808027019144
-263.0 23.564781539624022 23.484884453816587
-262.5 23.561146577101525 23.48170327431236
-262.0 23.557514551262173 23.4785131928956
-261.5 23.553909707783923 23.475361434330047
-261.0 23.550296394425825 23.47219396190774
-260.5 23.54669825877434 23.469058019990783
-260.0 23.54313100890817 23.465921133673543
-259.5 23.539565662999667 23.462787285866952
-259.0 23.53600997270845 23.459669014430023
-258.5 23.53246659694164 23.456557869617104
-258.0 23.528931086416517 23.453459467828722
-257.5 23.525422258714794 23.450366467225592
-257.0 23.52190761418821 23.447276398694168
-256.5 23.5184151946951 23.44420598713061
-256.0 23.514928059456643 23.441133439254248
-255.5 23.511438144419433 23.438073123928433
-255.0 23.507989167358648 23.435028345304282
-254.5 23.504542691622632 23.43198418855515
-254.0 23.50110676324576 23.428960098811864
-253.5 23.49768944702685 23.42593024720599
-253.0 23.494280931813517 23.422935463279323
-252.5 23.490876532228768 23.4199321165271
-252.0 23.48749768041104 23.416938802538276
-251.5 23.48412243681734 23.41395223998937
-251.0 23.48077382938264 23.410982562053956
-250.5 23.477422818844058 23.408024196489528
-250.0 23.47408569252608 23.40506382515359
-249.5 23.470769056283515 23.402113539395515
-249.0 23.467441730627755 23.399175611586696
-248.5 23.46413621469008 23.396243866937027
-248.0 23.460849850994375 23.393329599690734
-247.5 23.457564167717155 23.390410128801253
-247.0 23.454298040616997 23.387521419914354
-246.5 23.451048432949495 23.3846162242869
-246.0 23.447782691779956 23.38173423852566
-245.5 23.4445656632452 23.37885740942764
-245.0 23.4413318586045 23.375991962381857
-244.5 23.438118996585683 23.373122072011935
-244.0 23.43491397368996 23.370261143245855
-243.5 23.431722135252336 23.36741494689508
-243.00000000000006 23.42853723894484 23.36457808805227
-242.5 23.425365252869284 23.36175151231928
-242.0 23.422201613259993 23.358921753969252
-241.50000000000006 23.41904212949921 23.356115817304183
-241.0 23.41590343809311 23.353303486307805
-240.5 23.41275941206795 23.350497782283092
-240.00000000000006 23.409639976089682 23.34772417052544
-239.5 23.406517686649213 23.344917757617676
-239.0 23.403425089433195 23.342147089181275
-238.50000000000006 23.40031250119429 23.339368039271523
-238.0 23.397236909411482 23.336614956233454
-237.5 23.394158344190885 23.33385894859639
-237.00000000000006 23.391084786602452 23.33110702548619
-236.5 23.388026088909754 23.328354374485855
-236.0 23.38497788938853 23.325619372354467
-235.50000000000006 23.381927164788827 23.322891555007196
-235.0 23.37889483719878 23.32017370283652
-234.5 23.375872713244025 23.31745630148436
-234.00000000000006 23.372848806789573 23.314736059291565
-233.5 23.369841799601815 23.312033922456855
-233.0 23.366841332018417 23.30934296111984
-232.50000000000006 23.363844354019836 23.306642088568843
-232.0 23.360874813571 23.303963222162892
-231.5 23.357882417284287 23.301281445129632
-231.00000000000006 23.354913579346306 23.298598309477583
-230.5 23.351964905867547 23.295945131134165
-230.0 23.3490019503028 23.29328175676438
-229.50000000000006 23.34607171700856 23.290616305739146
-229.0 23.343134703671105 23.287962419988272
-228.5 23.34018902927408 23.285331738399098
-228.00000000000006 23.337269964332346 23.282687696637478
-227.5 23.33435752879836 23.280059928390795
-227.0 23.331451565096817 23.277426046116855
-226.50000000000006 23.32854174530508 23.274814317238302
-226.0 23.32565968188382 23.272193409574456
-225.5 23.322778746975615 23.269587855982337
-225.00000000000006 23.319890044404485 23.266985771551234
-224.5 23.317009441590596 23.26438324961856
-224.0 23.31414214014227 23.261782452397526
-223.50000000000006 23.31129331077415 23.259206340473185
-223.0 23.308443335446555 23.25661760551978
-222.5 23.305604477742374 23.254055075188006
-222.00000000000006 23.302764549131034 23.25148401141154
-221.5 23.29995185960226 23.248923656229493
-221.0 23.297123273932083 23.246370208272857
-220.50000000000006 23.294310425674297 23.243819968998856
-220.0 23.291529867301705 23.241269368408837
-219.5 23.288724921145892 23.238723463516436
-219.00000000000006 23.28594641869231 23.236194933682434
-218.5 23.283158737645024 23.233677568350192
-218.0 23.280383365508357 23.23115148329012
-217.50000000000006 23.277626442700946 23.22864226450353
-217.0 23.274870234531843 23.226127995377716
-216.5 23.272119142167966 23.22361720966285
-216.00000000000006 23.269370794153122 23.22111984633919
-215.5 23.26664099424292 23.218640948092983
-215.0 23.26390430865986 23.216150509689193
-214.50000000000006 23.261191390729337 23.21366716537775
-214.0 23.258465547632397 23.21119526117161
-213.5 23.25575761388488 23.208718683498788
-213.00000000000006 23.253068852969967 23.20625657183115
-212.5 23.25036489856897 23.20378567243179
-212.0 23.247677501162766 23.201342017119178
-211.50000000000006 23.244993168237432 23.19888891350546
-211.0 23.242324895265895 23.19645221769033
-210.5 23.239658365535192 23.19400243134764
-210.00000000000006 23.236993242721056 23.191574884039596
-209.5 23.234344632918503 23.189149027469757
-209.0 23.231683754109554 23.186725864192482
-208.50000000000006 23.22905248246095 23.184306379574306
-208.0 23.226413110952254 23.18189608289448
-207.5 23.223781937691786 23.179485076709287
-207.00000000000006 23.221162089708542 23.1770747299875
-206.5 23.218537085805863 23.174688697853632
-206.0 23.215925302356652 23.17228562931088
-205.50000000000006 23.2133286037678 23.169900006946357
-205.0 23.210729780432416 23.167506778273324
-204.5 23.20813176476769 23.16513021926825
-204.00000000000006 23.205554553632 23.1627606342391
-203.5 23.202965444619807 23.160377657175978
-203.0 23.20038852413463 23.15801387118419
-202.50000000000006 23.19782445571244 23.15566038324203
-202.0 23.19525205400753 23.153307937647796
-201.5 23.19269902174534 23.15094227862406
-201.00000000000006 23.19014755874594 23.148600299453687
-200.5 23.18760726702515 23.146262940822343
-200.0 23.185061643436317 23.143917022825914
-199.50000000000006 23.182522291806894 23.14157705879031
-199.0 23.179999209107613 23.13924942023762
-198.5 23.177465897819893 23.136925710401503
-198.00000000000006 23.17495088001316 23.134592767156118
-197.5 23.17243377147137 23.13228826383195
-197.0 23.16991998557409 23.129972702288434
-196.50000000000006 23.16742525927641 23.127662340506532
-196.0 23.164926739055712 23.125354658220765
-195.5 23.1624382736462 23.123045473223304
-195.00000000000006 23.159948633786573 23.120749496907326
-194.5 23.15745853976108 23.118471097228912
-194.0 23.15498491717326 23.116171775844844
-193.50000000000006 23.152510380163235 23.113881135032862
-193.0 23.150042416409505 23.111613422806524
-192.5 23.14758455689696 23.109322944034425
-192.00000000000006 23.145112874206653 23.10705113910858
-191.5 23.142660208393163 23.104769637552984
-191.0 23.140199229427346 23.102490896771997
-190.50000000000006 23.13773315871917 23.100209306693262
-190.0 23.135281038164337 23.097944077846847
-189.5 23.132830988780626 23.095679698470168
-189.00000000000006 23.13036814076558 23.09341868583697
-188.5 23.127929410996572 23.091151986199122
-188.0 23.125467772975533 23.088880623521337
-187.50000000000006 23.123017465996462 23.0866304166644
-187.0 23.120580347867588 23.08436537208497
-186.5 23.118141196163794 23.082106525991154
-186.00000000000006 23.115706717317096 23.07986046162956
-185.5 23.1132719959699 23.07760786419754
-185.0 23.110840964343424 23.075357232063528
-184.50000000000006 23.108416288431044 23.073125169906024
-184.0 23.105992954535704 23.07087996265567
-183.5 23.103578395541962 23.068641069786388
-183.00000000000006 23.10117006697149 23.066412565335547
-182.5 23.098756392875423 23.06418536009423
-182.0 23.096359524956902 23.061955151125233
-181.50000000000006 23.09396496578055 23.05974813830495
-181.0 23.091570998133353 23.057519220568054
-180.5 23.08918431856485 23.055314994488263
-180.00000000000006 23.08680388592467 23.053108201276558
-179.5 23.084416202116806 23.05091086552478
-179.0 23.082057596702143 23.0486995305685
-178.50000000000006 23.079709408772896 23.046524196416232
-178.0 23.077344874313802 23.044323388762326
-177.5 23.074992642406144 23.04214440342288
-177.00000000000006 23.072655084171622 23.039964936764964
-176.5 23.070314077548332 23.037791488291536
-176.0 23.06799001668663 23.03562745944369
-175.50000000000006 23.06567253935761 23.03346264877373
-175.0 23.06336457046629 23.031306025397548
-174.5 23.06105696808066 23.029157901833766
-174.00000000000006 23.058759379456703 23.0270136872668
-173.5 23.056468214308087 23.024873953943647
-173.0 23.054194799052116 23.022749490406447
-172.50000000000006 23.051912178048646 23.02062125644418
-172.0 23.04965207677956 23.018502853824415
-171.5 23.047395805123262 23.016392357478818
-171.00000000000006 23.045158568882698 23.014284780406612
-170.5 23.04292277862857 23.012189177147576
-170.0 23.04069149323601 23.010091374026334
-169.50000000000006 23.038470661787454 23.008008819254545
-169.0 23.036268550660193 23.005926618736567
-168.5 23.03407417855128 23.003858952240314
-168.00000000000006 23.031887365125947 23.00178801723666
-167.5 23.02970766143513 22.9997290503492
-167.0 23.027536274355086 22.997680341521875
-166.50000000000006 23.0253790385385 22.995632812409106
-166.0 23.023232864253522 22.99361077937409
-165.5 23.021099876929114 22.991577098361336
-165.00000000000006 23.018971086754647 22.989554957605016
-164.5 23.016860002109713 22.987547928570425
-164.0 23.014756276440394 22.98554447276189
-163.50000000000006 23.012655019420926 22.983544773911454
-163.0 23.010587617308637 22.981551335209133
-162.5 23.008506817596547 22.979574520891646
-162.00000000000006 23.006453031095244 22.97761154915583
-161.5 23.00440459409196 22.975643917812143
-161.0 23.002371378462634 22.973693774188728
-160.50000000000006 23.00034469704421 22.971735058086967
-160.0 22.998321142970156 22.969793884652955
-159.5 22.996303964927446 22.967849250873734
-159.00000000000006 22.994297241203945 22.965908734539905
-158.5 22.992288690811343 22.96397379271784
-158.0 22.99027976864 22.962052691374595
-157.50000000000006 22.988290571250186 22.96012345171484
-157.0 22.986307723237324 22.958205838895893
-156.5 22.984327423638184 22.956295365199853
-156.00000000000006 22.982346042675207 22.95439315869225
-155.5 22.9803828968706 22.952484051463642
-155.0 22.978415580561737 22.950583485891592
-154.50000000000006 22.976456201945336 22.948694041470453
-154.0 22.97451232641633 22.946805430645668
-153.5 22.9725629084896 22.944908215426953
-153.00000000000006 22.970636844053832 22.943033637606387
-152.5 22.96869954554971 22.941160403327167
-152.0 22.96677813671165 22.939294847376893
-151.50000000000006 22.964856350212003 22.937430758654255
-151.0 22.962951945130385 22.935574135836294
-150.5 22.961048447126167 22.93371435245913
-150.00000000000006 22.95915182200489 22.93185995341841
-149.5 22.957265728680447 22.930025149332298
-149.0 22.955385705329775 22.928191615613954
-148.50000000000006 22.953511932943698 22.926364630979993
-148.0 22.95165016820361 22.924529830013093
-147.5 22.949792951496306 22.92270794686405
-147.00000000000006 22.94794196941112 22.92089149019283
-146.5 22.946107798919023 22.91909015584737
-146.0 22.944266425513042 22.917277997972874
-145.50000000000006 22.942442180810115 22.91548329481971
-145.0 22.94063086124103 22.913694912419636
-144.5 22.938818745289183 22.91191129259678
-144.00000000000006 22.93701697945314 22.91013165457408
-143.5 22.93522421820456 22.90835935867211
-143.0 22.93342977898145 22.906583635734258
-142.50000000000006 22.93165618911384 22.904828552608567
-142.0 22.92988328865799 22.903070339013148
-141.5 22.92812987442511 22.901323075675634
-141.00000000000006 22.926372976557463 22.899575044897137
-140.5 22.924624970022208 22.897843197947807
-140.0 22.922894892953387 22.896104591275694
-139.50000000000006 22.92116625604933 22.894378675456846
-139.0 22.919442972587248 22.892671013959426
-138.5 22.917748850520006 22.890951142726315
-138.00000000000006 22.91604039097466 22.889251929078924
-137.5 22.91435477101765 22.887540244420673
-137.0 22.912669086419083 22.88585077631104
-136.50000000000006 22.910993675431914 22.884167890285116
-136.0 22.90933926902111 22.882486679929052
-135.5 22.907675078524058 22.880814829927104
-135.00000000000006 22.90603913174899 22.879144468079858
-134.5 22.904401941098552 22.877491301360546
-134.0 22.90277682039229 22.875832448940994
-133.50000000000006 22.901157868437238 22.87419224884211
-133.0 22.899551715097704 22.87254947688009
-132.5 22.897949663311195 22.870924939866633
-132.00000000000006 22.896363295136194 22.869296491971674
-131.5 22.894785909013006 22.867677278633046
-131.0 22.893217809871796 22.866058426356403
-130.50000000000006 22.891666318268477 22.864465303226606
-130.0 22.890113145449345 22.862860771984835
-129.5 22.888577165765614 22.861271508873145
-129.00000000000006 22.88704802966037 22.85968925553646
-128.5 22.885522610121964 22.858106501202915
-128.0 22.884014662836986 22.85653506402015
-127.50000000000006 22.882500228219737 22.854967141731564
-127.0 22.881000227313308 22.853406327923448
-126.5 22.87950853838044 22.851847891859286
-126.00000000000006 22.878016347004714 22.85030216626067
-125.5 22.876550000712996 22.84875525032468
-125.0 22.875074644165608 22.847203811384546
-124.50000000000006 22.873608905700298 22.845672950995425
-124.0 22.872155401466156 22.844144186006822
-123.5 22.870699143623163 22.842620828249693
-123.00000000000006 22.869262956054076 22.8410975935316
-122.5 22.86782409300359 22.839579483231507
-122.0 22.866398469923226 22.83807294372613
-121.50000000000006 22.864977790794 22.836575468259213
-121.0 22.863568968218132 22.83507564390436
-120.5 22.862164073866943 22.833588325124822
-120.00000000000006 22.86077178429329 22.832093845844952
-119.5 22.859376277234375 22.83061073459578
-119.0 22.857989389342244 22.82914137934717
-118.50000000000006 22.85661731933605 22.827662361418497
-118.0 22.855249100679693 22.82620144480111
-117.5 22.853894733080054 22.824738046284494
-117.00000000000006 22.852534549167952 22.82328570937473
-116.5 22.851188254125603 22.821835314314264
-116.0 22.849850715053122 22.820388938173302
-115.5 22.848524062742477 22.81894871334178
-115.0 22.84719532970735 22.817509570188065
-114.5 22.845881298941393 22.8160865411338
-114.0 22.844570466696318 22.81467111386909
-113.5 22.84326869289253 22.813241979062575
-113.0 22.84197020284961 22.811824045371235
-112.5 22.840683949436247 22.810420894971188
-112.0 22.839408878819334 22.809024361067593
-111.5 22.8381314348443 22.807626618962264
-111.0 22.836862581004734 22.806230415441824
-110.5 22.835600415880588 22.80484637017124
-110.0 22.83435299202364 22.803465423718457
-109.5 22.833113962335183 22.802080318317227
-109.0 22.831870558692557 22.80072121423917
-108.5 22.830644048748532 22.799352213591717
-108.0 22.829414730258634 22.797991028784168
-107.5 22.828207670879515 22.79663089604422
-107.0 22.82700413998382 22.79528725838862
-106.5 22.825803792765406 22.793941358701627
-106.0 22.824605001762794 22.79260306335276
-105.5 22.823426858728354 22.791272441619608
-105.0 22.82226003279609 22.78993712231604
-104.5 22.821080326980535 22.788616775761668
-104.0 22.81992628340816 22.787303780348328
-103.5 22.818765284348082 22.78598487596716
