FastTrWP/PhaseSpace/IAs/snIa_0.36_30.00_1.62_0.04.csv
# %ECSV 0.9
# ---
# datatype:
# - {name: time-rel, datatype: float64}
# - {name: g, datatype: float64}
# - {name: i, datatype: float64}
# schema: astropy-2.0
time-rel g i
[from data line 864]
583.9166666666666 22.8755153637047 22.51116394875131
584.4166666666666 22.875577410439508 22.51068434499702
584.9166666666666 22.875643714491115 22.510200048320442
585.4166666666666 22.875706147327584 22.509717168130628
585.9166666666666 22.875776477777762 22.509240396866335
586.4166666666666 22.87584110913712 22.508760994626343
586.9166666666666 22.875915156039305 22.50827629388041
587.4166666666666 22.875982775142404 22.507807179135312
587.9166666666666 22.87606410433257 22.507331909234782
588.4166666666666 22.876142867854576 22.50686515194436
588.9166666666666 22.87622773157303 22.50639613046436
589.4166666666666 22.876306431456847 22.505922170419037
589.9166666666666 22.87638392300024 22.50545961348459
590.4166666666666 22.876473345003188 22.50498858655307
590.9166666666666 22.87656443297515 22.504533425128464
591.4166666666666 22.87665164992926 22.504066615528732
591.9166666666666 22.876731587418814 22.50360315288622
592.4166666666666 22.876828418178235 22.503146328597513
592.9166666666666 22.876923915840706 22.50269365151179
593.4166666666666 22.877016867465368 22.50223111860636
593.9166666666666 22.877116502757016 22.50177713350452
594.4166666666666 22.877206389334557 22.501325315418278
594.9166666666666 22.877298437073804 22.500860287945432
595.4166666666666 22.877391026253505 22.500411319881742
595.9166666666666 22.877491219979255 22.499958774143288
596.4166666666666 22.877587838178254 22.499507953729335
596.9166666666666 22.87768732377717 22.499056036913263
597.4166666666666 22.87777885778533 22.498603921318846
597.9166666666666 22.877870848192607 22.498157388106236
598.4166666666666 22.877976249071583 22.497711562819266
598.9166666666666 22.878086801805345 22.497259544125086
599.4166666666666 22.87818334277743 22.496826642825777
599.9166666666666 22.878300927227254 22.496379273925907
600.4166666666666 22.878404212498637 22.495939875183232
600.9166666666666 22.87851889674002 22.495504118591537
601.4166666666666 22.87863160966306 22.495061570901772
601.9166666666666 22.878747057601878 22.494627829862264
602.4166666666666 22.878866303348335 22.494195589782727
602.9166666666666 22.87899529458773 22.493758085296918
603.4166666666666 22.879119313896442 22.49333373776226
603.9166666666666 22.879241151408777 22.49290349712912
604.4166666666666 22.879377011299372 22.492479019112764
604.9166666666666 22.879506054362043 22.492057519615596
605.4166666666666 22.879633688921338 22.491629937197665
605.9166666666666 22.879774245872028 22.491206965065118
606.4166666666666 22.87991361187709 22.49078834349686
606.9166666666666 22.880055999062634 22.490371477948944
607.4166666666666 22.880194668074818 22.489954858836157
607.9166666666666 22.880347919529335 22.489542559627907
608.4166666666666 22.880499262932336 22.489128356635707
608.9166666666666 22.88064577764109 22.48871109916163
609.4166666666666 22.880801397373347 22.488305726610317
609.9166666666666 22.880957166003732 22.487902727749876
610.4166666666666 22.881106806881103 22.487496949555165
610.9166666666666 22.88127724081761 22.487097639503556
611.4166666666666 22.881440200187523 22.48669957022175
611.9166666666666 22.88161442839181 22.486290124571006
612.4166666666666 22.881789446484127 22.48590117153421
612.9166666666666 22.88196022186962 22.485502393746764
613.4166666666666 22.882123647038494 22.485105020017787
613.9166666666666 22.88231920069655 22.48471846348521
614.4166666666666 22.882496061515454 22.484324095268352
614.9166666666666 22.88266755795048 22.483935398190688
615.4166666666666 22.882854711104645 22.483547093581816
615.9166666666666 22.883053860060585 22.483169543411876
616.4166666666666 22.883232384680174 22.48278060972567
616.9166666666666 22.883422424853606 22.482402943953034
617.4166666666666 22.883630115307774 22.48202750103539
617.9166666666666 22.88382393748452 22.481649789586918
618.4166666666666 22.88403195897378 22.481273883160835
618.9166666666666 22.88423733681432 22.480901118374458
619.4166666666666 22.88444995114723 22.48053642514828
619.9166666666666 22.88465149748438 22.480168828057828
620.4166666666666 22.88486787423514 22.479793910979467
620.9166666666666 22.885074734844963 22.479437881796017
621.4166666666666 22.885297085803305 22.47907672378744
621.9166666666666 22.885510799794538 22.47870458325329
622.4166666666666 22.885745408166787 22.478357713601078
622.9166666666666 22.885965986492984 22.477998629110594
623.4166666666666 22.886194780260954 22.47764202189096
623.9166666666666 22.886426416905948 22.47729081670864
624.4166666666666 22.886666594464916 22.476944808243946
624.9166666666666 22.886901773193525 22.476590292936862
625.4166666666666 22.88714451558316 22.47624795499499
625.9166666666666 22.887391160951466 22.47590285330052
626.4166666666666 22.887636171933078 22.475564942431717
626.9166666666666 22.887880988471938 22.475229797366048
627.4166666666666 22.888137899367642 22.47488427457202
627.9166666666666 22.88839691339038 22.47454998060629
628.4166666666666 22.888653030479595 22.474221187838296
628.9166666666666 22.888905711146272 22.473887735767303
629.4166666666666 22.88918340553939 22.47356187062806
629.9166666666666 22.88944068446773 22.47323220183514
630.4166666666666 22.88971245560035 22.47290934744113
630.9166666666666 22.889979681867363 22.472585554912477
631.4166666666666 22.89025248653424 22.472261913583957
631.9166666666666 22.890530523255176 22.471950163207598
632.4166666666666 22.890807567425455 22.471628390494885
632.9166666666666 22.891102353083056 22.47131283369645
633.4166666666666 22.891378517135877 22.470993809898886
633.9166666666666 22.89167085474164 22.470680723419978
634.4166666666666 22.891970812913236 22.470366789763393
634.9166666666666 22.89226000335246 22.47006796809633
635.4166666666666 22.892553710822657 22.469749303781597
635.9166666666666 22.892850496337424 22.46945324791384
636.4166666666666 22.89314899038635 22.469150835773508
636.9166666666666 22.893451496612627 22.46884875421977
637.4166666666666 22.8937655712688 22.46854428051116
637.9166666666666 22.894079061784254 22.468249722381405
638.4166666666666 22.894396967670993 22.46794612231302
638.9166666666666 22.894709723956034 22.46766057636236
639.4166666666666 22.895024189273265 22.46737073641281
639.9166666666666 22.895345634439334 22.46707913027877
640.4166666666666 22.895670784512312 22.466793965442942
640.9166666666666 22.89599831334957 22.46650458582145
641.4166666666666 22.896323943092906 22.466220180933618
641.9166666666666 22.89665943048729 22.465943971804045
642.4166666666666 22.89698891144387 22.465665640838814
642.9166666666666 22.897331245400174 22.46538339210804
643.4166666666666 22.897677069812058 22.465102244841898
643.9166666666666 22.89802474094604 22.464826034806084
644.4166666666666 22.898366047928874 22.464555097307578
644.9166666666666 22.898717081973068 22.4642874640457
645.4166666666666 22.89906408746714 22.464024875977046
645.9166666666666 22.89942620421826 22.46374485015641
646.4166666666666 22.89978391676883 22.463483780416666
646.9166666666666 22.9001488779334 22.46322263960534
647.4166666666666 22.9005132179091 22.462961820746585
647.9166666666666 22.90087747776013 22.46270368165229
648.4166666666666 22.9012443913328 22.462446892105103
648.9166666666666 22.90162212032254 22.462192882306585
649.4166666666666 22.90199684259321 22.461938867778795
649.9166666666666 22.90237265862775 22.46169066973099
650.4166666666666 22.902755151026536 22.461442184026804
650.9166666666666 22.90314605832757 22.461193365179362
651.4166666666666 22.90352917686083 22.46094812347856
651.9166666666666 22.903923541066806 22.460699342890784
652.4166666666666 22.90430398956841 22.46046508459214
652.9166666666666 22.90471724276106 22.460230033548612
653.4166666666666 22.905102374921636 22.45999347281314
653.9166666666666 22.90551460003256 22.459758027405215
654.4166666666666 22.905917173630748 22.459526882962244
654.9166666666666 22.906321456043706 22.459300832462503
655.4166666666666 22.90673667025893 22.459075803685884
655.9166666666666 22.907152459405214 22.458842461185373
656.4166666666666 22.907570597693955 22.45861602068482
656.9166666666666 22.90799441050425 22.45839266007637
657.4166666666666 22.90841365909527 22.45817125373668
657.9166666666666 22.908837433992893 22.45795912077957
658.4166666666666 22.909267672646145 22.457739076885915
658.9166666666666 22.909708474508356 22.457529910176387
659.4166666666666 22.91013033971538 22.45732178922836
659.9166666666666 22.910583200701716 22.45710132896152
660.4166666666666 22.91102326473868 22.456900471262514
660.9166666666666 22.911470217398154 22.45669748063493
661.4166666666666 22.911909622772004 22.45649074924681
661.9166666666666 22.912367852012707 22.456287931573367
662.4166666666666 22.91282520041859 22.45609256296049
662.9166666666666 22.913287739855836 22.455904994552064
663.4166666666666 22.913746126668077 22.45570346281566
663.9166666666666 22.91420744938137 22.455519856554904
664.4166666666666 22.91468207172127 22.455318899598012
664.9166666666666 22.915158709413816 22.455136852556947
665.4166666666666 22.915641741652884 22.454957808203496
665.9166666666666 22.91611967640151 22.45477826357203
666.4166666666666 22.91660633555057 22.45459381996522
666.9166666666666 22.917098055976144 22.454414008829204
667.4166666666666 22.917594324692985 22.454243130126272
667.9166666666666 22.918091507028464 22.454074773035337
668.4166666666666 22.91859739077289 22.453898023323006
668.9166666666666 22.919086405759032 22.453729690262772
669.4166666666666 22.919607696383856 22.453563439250313
669.9166666666666 22.92011608214604 22.45340415835313
670.4166666666666 22.920629569586588 22.453236766861743
670.9166666666666 22.921145145474636 22.453075828199815
671.4166666666666 22.921677253105685 22.45292548879651
671.9166666666666 22.92219666578109 22.45276941672673
672.4166666666666 22.92273286285068 22.452615591501704
672.9166666666666 22.923262350241863 22.452464618304834
673.4166666666666 22.923797940464688 22.452310397871685
673.9166666666666 22.924342236011128 22.452163242801294
674.4166666666666 22.92487449253119 22.452025158031486
674.9166666666666 22.92542433019355 22.45187778040476
675.4166666666666 22.925966260778445 22.45173748569991
675.9166666666666 22.926518878919996 22.45159364001711
676.4166666666666 22.927074922046916 22.45145627502765
676.9166666666666 22.92762878048164 22.451324230387012
677.4166666666666 22.92819271734876 22.451181376119536
677.9166666666666 22.928748825252185 22.451060553740124
678.4166666666666 22.929319746553546 22.450920238675657
678.9166666666666 22.92987822063509 22.450803172687962
679.4166666666666 22.93045373943133 22.450666457555386
679.9166666666666 22.93102052434444 22.450536603807937
680.4166666666666 22.931594835666353 22.45042192116747
680.9166666666666 22.93217924673629 22.45029940082238
681.4166666666666 22.932753264584548 22.450177576214724
681.9166666666666 22.9333335848697 22.450060206276188
682.4166666666666 22.933917131953457 22.449946883235057
682.9166666666666 22.934511628395086 22.449831271271457
683.4166666666666 22.935096688184288 22.44971030243452
683.9166666666666 22.935674940363697 22.44960422554922
684.4166666666666 22.93627340247202 22.44948994467125
684.9166666666666 22.936871778092748 22.449385776141533
685.4166666666666 22.93746761928057 22.44927223211944
685.9166666666666 22.938070866038846 22.449172066052974
686.4166666666666 22.938666900146703 22.449063629855072
686.9166666666666 22.93926873062128 22.448961850018737
687.4166666666666 22.939872668091333 22.44886241924133
687.9166666666666 22.940473535740516 22.448758427856085
688.4166666666666 22.94108801936343 22.448661932537313
688.9166666666666 22.941693079527088 22.44856393314449
689.4166666666666 22.94230712986254 22.448465747864464
689.9166666666666 22.942918874424056 22.448373104651957
690.4166666666666 22.943526364894474 22.448279018360186
690.9166666666666 22.944145747331323 22.44818675103756
691.4166666666666 22.944761057987094 22.448098717058723
691.9166666666666 22.945377301841503 22.448000206102485
692.4166666666666 22.945994328932485 22.447919536735867
692.9166666666666 22.946620428943433 22.447828704972082
693.4166666666666 22.947230597386486 22.447739551248237
693.9166666666666 22.947856679587648 22.447662420550163
694.4166666666666 22.948481772288293 22.44757700913841
