FastTrWP/PhaseSpace/IAs/snIa_0.33_30.00_-0.16_-0.06.csv
# %ECSV 0.9
# ---
# datatype:
# - {name: time-rel, datatype: float64}
# - {name: g, datatype: float64}
# - {name: i, datatype: float64}
# schema: astropy-2.0
time-rel g i
[from data line 2139]
647.5 24.751384666535905 23.306553607234818
648.0 24.75322949597855 23.306972138135826
648.5 24.755069889711024 23.30737810666139
649.0 24.75693291055945 23.307798729956176
649.5 24.75875114203191 23.308211436536425
650.0 24.76059258986233 23.30862670643355
650.5 24.76245080029374 23.309042723710817
651.0 24.76428207302725 23.309459559685536
651.5 24.766142365219533 23.309868179067212
652.0 24.767994520017904 23.31028795535719
652.5 24.769832857343673 23.310715416640537
653.0 24.771666806588755 23.311128063823276
653.5 24.773533288420477 23.311538240074153
654.0 24.775365788417297 23.311965276824033
654.5 24.777220800535925 23.31237717624214
655.0 24.77907008566484 23.31280527896417
655.5 24.780943710829753 23.313230690123312
656.0 24.78277620450127 23.313650287391706
656.5 24.784630523771533 23.314070599188437
657.0 24.786472057803834 23.314492141376455
657.5 24.788339795884067 23.314912287862477
658.0 24.79017746738873 23.31534034613894
658.5 24.792026359323742 23.31575622864255
659.0 24.793887418039482 23.316180576234217
659.5 24.79574429809874 23.316626296050845
660.0 24.797611389030727 23.31704082992099
660.5 24.79946423387174 23.317454209474477
661.0 24.801307316890476 23.317901786777348
661.5 24.803167011241566 23.31831550370111
662.0 24.80503562569444 23.318749823656976
662.5 24.806890119340252 23.31918064458791
663.0 24.808732014974183 23.31960211468211
663.5 24.810592427352788 23.32003760089229
664.0 24.812480072847766 23.320466694014613
664.5 24.81432917487026 23.32089977243134
665.0 24.816169892695214 23.32133312616599
665.5 24.818025400234806 23.321751440704777
666.0 24.81989002046394 23.32218764602817
666.5 24.82174897534778 23.322623108934376
667.0 24.82360118192752 23.323054545729267
667.5 24.825454121955435 23.32348174894131
668.0 24.82731626449398 23.323920468237347
668.5 24.82918751115455 23.324355746419897
669.0 24.831026125884357 23.324785364503654
669.5 24.832892629283986 23.325219888388567
670.0 24.834758071705515 23.325670106164452
670.5 24.836611597073794 23.326096545623123
671.0 24.83846365314999 23.32652730183519
671.5 24.84031278772565 23.326978229306153
672.0 24.842184058758086 23.32740584678861
672.5 24.84403364377616 23.327856301961255
673.0 24.84588766092599 23.328295430402957
673.5 24.847777290215763 23.328733425054104
674.0 24.84961877835603 23.329172811763655
674.5 24.851475819103598 23.329611195886724
675.0 24.853333322961326 23.330049354749196
675.5 24.855190604463484 23.330498526163304
676.0 24.857063523509062 23.33093612879744
676.5 24.85891237967934 23.331379477137443
677.0 24.86078931484797 23.33182531921122
677.5 24.862638797333304 23.33226346359355
678.0 24.864484995019662 23.332712660307987
678.5 24.866362877485187 23.3331641934437
679.0 24.868221008862218 23.333602864643055
679.5 24.87008289323917 23.334046116677335
680.0 24.871963037768673 23.334501872682
680.5 24.8738241411312 23.334945192823216
681.0 24.87570343184092 23.33538902450293
681.5 24.877558943869328 23.3358409445787
682.0 24.87941091208823 23.336295427432102
682.5 24.881300693086807 23.336745929016164
683.0 24.88314865396944 23.337192497690793
683.5 24.885001803699108 23.337644022728917
684.0 24.88689378752801 23.33807657595354
684.5 24.88874206691232 23.338544799015647
685.0 24.890620960439737 23.339006452042497
685.5 24.89248375900539 23.339457410087313
686.0 24.894340855639893 23.33989361835654
686.5 24.896205366336016 23.340363082036575
687.0 24.898058458902472 23.34080785058214
687.5 24.89994880119488 23.341267497339647
688.0 24.901820830680442 23.341726731832853
688.5 24.903652737574916 23.342183829632653
689.0 24.905527221315346 23.342632075075795
689.5 24.907372807535495 23.34309115974053
690.0 24.909262559421915 23.343558520111856
690.5 24.911119522797257 23.344009688198064
691.0 24.912990462259067 23.34446752839255
691.5 24.914866114746275 23.344930366575184
692.0 24.91672309523149 23.345385820670707
692.5 24.918590578359314 23.345852953293612
693.0 24.92044313227472 23.346306735195963
693.5 24.922315987635674 23.346768363782125
694.0 24.9241609858356 23.34723119858145
694.5 24.926033547577124 23.347697464670585
695.0 24.927899465653066 23.348151176270395
695.5 24.929750223174945 23.348633672049846
696.0 24.931609172661673 23.349084865870363
696.5 24.933480780882032 23.34953479698031
697.0 24.935328873834163 23.350014456013383
697.5 24.93721269651125 23.350473518389077
698.0 24.939039503748326 23.350932997098667
698.5 24.94090778194266 23.35140565162748
699.0 24.942725493317425 23.35187049554461
699.5 24.944606339159723 23.352334984921256
700.0 24.946477355216608 23.352796977784223
700.5 24.9483398759979 23.35325912617243
701.0 24.950167891485876 23.353736682322214
701.5 24.952022149462543 23.354205251406746
702.0 24.953872640334044 23.354667857697322
702.5 24.955714472919624 23.355142098441597
703.0 24.95758069023418 23.35561097231096
703.5 24.959440708716233 23.356067517957687
704.0 24.96126161909217 23.356543347325328
704.5 24.963147821432536 23.357004752664153
705.0 24.9649819638055 23.357481989647454
705.5 24.966833168802623 23.357953320776396
706.0 24.968659057254253 23.35843034867983
706.5 24.970495808585447 23.35889272106932
707.0 24.972345215705708 23.359355384138617
707.5 24.974190336678074 23.35983592359404
708.0 24.97603870674237 23.360309285470272
708.5 24.97789467228353 23.36077426127007
709.0 24.97970605751692 23.361246346372305
709.5 24.981550823929766 23.36171831523869
710.0 24.98338925970371 23.36219538841754
710.5 24.98524303582332 23.362674084599753
711.0 24.987067328795305 23.363137219669174
711.5 24.98891237742736 23.36360716416586
712.0 24.990731393579928 23.36408390101596
712.5 24.992594017458533 23.36455751604943
713.0 24.99442491035545 23.365034927417593
713.5 24.996252885867513 23.365503258319578
714.0 24.998070782175695 23.36598254873403
714.5 24.99991304484313 23.366449008195826
715.0 25.001754808533544 23.366929097544826
715.5 25.00356830712661 23.3674011757915
716.0 25.005415631220338 23.367890871947825
716.5 25.00723914536568 23.368374433177934
717.0 25.009070919635672 23.368846357142953
717.5 25.010905089233077 23.36932353477124
718.0 25.01273032174201 23.369805315359407
718.5 25.01454191623214 23.37027885163583
719.0 25.016352595517695 23.370769635680197
719.5 25.018209019075787 23.37124370429105
720.0 25.02000741276462 23.371714323022555
720.5 25.021862251819996 23.37221166185186
721.0 25.02367057034498 23.372689366417077
721.5 25.02549176125362 23.373184073131416
722.0 25.027319036929438 23.373662372279288
722.5 25.02913778274897 23.37414738993388
723.0 25.030939161892153 23.374635574228183
723.5 25.032775300156352 23.37512268593413
724.0 25.034616194612603 23.375610339405895
724.5 25.036420722797 23.37609290141018
725.0 25.0382206854584 23.376604526137925
725.5 25.04004965115227 23.377092117777405
726.0 25.041865174650255 23.37756802959023
726.5 25.04366367374405 23.37806469444856
727.0 25.045478086197996 23.378561052162127
727.5 25.04731513288556 23.37904837599246
728.0 25.049099773875728 23.379551041674766
728.5 25.050918343235644 23.38004126473765
729.0 25.05273141765921 23.380537018982533
729.5 25.054542062087414 23.38103729329786
730.0 25.056356110775994 23.381552036284635
730.5 25.05816352048096 23.38204240908979
731.0 25.0599759511043 23.382543658118557
731.5 25.061773436817674 23.3830482657662
732.0 25.063581328584007 23.383553391731958
732.5 25.065393343957293 23.38405169114698
733.0 25.067169528089885 23.38456506850538
733.5 25.0689815257453 23.38506736387118
734.0 25.070793751152777 23.3855876229296
734.5 25.072575639944294 23.386086914284046
735.0 25.074391817335965 23.38659488167934
735.5 25.076201843772218 23.38711670145376
736.0 25.07798849833627 23.387622167761876
736.5 25.079781572001608 23.388130311893505
737.0 25.08156641208311 23.38864774833249
737.5 25.083367790309058 23.389164127797876
738.0 25.085139007763612 23.38968555761612
738.5 25.086952614195358 23.39019963561722
739.0 25.088730328286836 23.39071903753666
739.5 25.090537107693134 23.391239056660194
740.0 25.092330346245415 23.391752029197278
740.5 25.09409735693476 23.392277344042277
741.0 25.095874418113855 23.392801049304666
741.5 25.0976891114566 23.393314059963544
742.0 25.099446108146374 23.393844030208367
742.5 25.101222570971906 23.394373212096177
743.0 25.1029928843039 23.394898876744584
743.5 25.104782756181102 23.395409018935386
744.0 25.106567626115318 23.395939794497718
744.5 25.108350192978662 23.39646450953214
745.0 25.11009615373752 23.39698735119361
745.5 25.111885648679642 23.39752489343216
746.0 25.113669694220484 23.398059225581132
746.5 25.115423776049713 23.398588823155944
747.0 25.117203096180166 23.39912254397056
747.5 25.11898550200142 23.39964401119518
748.0 25.120764419931557 23.400186938195663
748.5 25.122498038897845 23.400716825879346
749.0 25.124271109609907 23.40125124940201
749.5 25.126020949685714 23.401801186917485
750.0 25.127796562810644 23.40232745351844
750.5 25.129539610934142 23.40286777725138
751.0 25.13131452861813 23.403407846667676
751.5 25.133070019299602 23.403942050588988
752.0 25.134833754851243 23.404488380922217
752.5 25.136598740984613 23.405031294384596
753.0 25.138340793587236 23.405563955552203
753.5 25.14012859061615 23.40611616803113
754.0 25.141859762064485 23.40665347303654
754.5 25.143588705688515 23.40720880620545
755.0 25.145347668430343 23.40775982070398
755.5 25.147117947890834 23.40829797684027
756.0 25.14884221162869 23.40884725651423
756.5 25.15059347797259 23.409402080241207
757.0 25.152342287955776 23.409946354117395
757.5 25.154083638351995 23.4105042170871
758.0 25.155827192873595 23.411050779952852
758.5 25.157603924735508 23.41160770889619
759.0 25.15928262370016 23.412162338106512
759.5 25.161066021945647 23.412724090838942
760.0 25.16278227543625 23.413290441685554
760.5 25.164504792085623 23.413845477930472
761.0 25.1662772501089 23.41438847917578
761.5 25.167995661569343 23.414968228077967
762.0 25.169723443960986 23.41551629324544
762.5 25.17144532248725 23.416084841661267
763.0 25.17316915352059 23.416656583790164
763.5 25.174897391256632 23.417206156400987
764.0 25.176659338552724 23.417787955705712
764.5 25.178351523694932 23.418363413837447
765.0 25.180100117899407 23.418917238790854
765.5 25.181790223388955 23.419482269587387
766.0 25.183515909027022 23.42005973844669
766.5 25.18523028552487 23.42062957461259
767.0 25.186967165873405 23.421213239196327
767.5 25.18867058069596 23.421774957781068
768.0 25.190383755616562 23.422346834345404
768.5 25.192086321723682 23.422935195743214
769.0 25.193810913060524 23.423522985542817
769.5 25.19555454626181 23.42409165010734
770.0 25.197234469687814 23.42466797320717
770.5 25.198929110876893 23.425241822384628
771.0 25.20063777257579 23.425841583138407
771.5 25.20234327408165 23.426419137551644
772.0 25.204061009299604 23.42699060706743
772.5 25.205762214134737 23.427582693689622
773.0 25.207432188442095 23.42817844996892
773.5 25.209143400877497 23.42877536416524
774.0 25.21083631246288 23.42936182881331
774.5 25.212522119690867 23.429952480359113
775.0 25.214243694601734 23.430550984093585
775.5 25.215924599978674 23.43113364540101
776.0 25.217607630129987 23.43173201800319
776.5 25.219290168081123 23.432329972814408
777.0 25.220956183443963 23.432921170661906
777.5 25.22263585298316 23.433515187936017
778.0 25.224338217434696 23.434127601935444
778.5 25.226000567657326 23.434713270644856
779.0 25.227697154680733 23.435323430265438
779.5 25.22936481638928 23.43593252719139
780.0 25.231019987483094 23.436530148242483
780.5 25.232708606349327 23.43714588210507
781.0 25.23436692360173 23.437742204867376
781.5 25.23604136588892 23.43835328304012
782.0 25.237676769221046 23.438949059131087
782.5 25.239351261262936 23.43955861264022
783.0 25.241033645349326 23.44017754496017
783.5 25.242708363890646 23.440782572558085
784.0 25.244356186432956 23.441395790712512
784.5 25.246013339634395 23.442006381174714
785.0 25.247666596230268 23.44261133948917
785.5 25.249312712682123 23.443237530172993
786.0 25.25097308617175 23.44385872872135
786.5 25.25263340173792 23.444475325595118
