FastTrWP/PhaseSpace/IAs/snIa_0.52_30.00_-1.94_0.15.csv
# %ECSV 0.9
# ---
# datatype:
# - {name: time-rel, datatype: float64}
# - {name: g, datatype: float64}
# - {name: i, datatype: float64}
# schema: astropy-2.0
time-rel g i
[from data line 290]
427.8541666666667 24.23121949536666 22.96192165373604
428.3541666666667 24.227205118412787 22.95884593057748
428.85416666666663 24.22321789590432 22.95577281790818
429.3541666666667 24.219267435179255 22.952719482375088
429.8541666666667 24.215318984294477 22.949675599387838
430.35416666666663 24.211410761090537 22.946641890871607
430.8541666666667 24.207532670173592 22.94362056731554
431.3541666666667 24.203669377425648 22.940619624076636
431.85416666666663 24.199855430427704 22.93763046898562
432.3541666666667 24.196055296253157 22.93464795167564
432.8541666666667 24.19228322907079 22.931688698744974
433.35416666666663 24.188536394445464 22.92873902431645
433.8541666666667 24.184829778896585 22.925790828949598
434.3541666666667 24.181132507528392 22.92287147414823
434.85416666666663 24.177468891116423 22.91994317840856
435.3541666666667 24.173823203771345 22.91705271015029
435.8541666666667 24.17022974138961 22.91416335531503
436.35416666666663 24.166651888165468 22.911297700116332
436.8541666666667 24.163098178926386 22.908438042576943
437.3541666666667 24.159577022832632 22.905591403546417
437.85416666666663 24.156090217168536 22.902766074149245
438.3541666666667 24.152633543192845 22.899940912618163
438.8541666666667 24.149202282684186 22.89714054656175
439.35416666666663 24.145790369993204 22.894356502557223
439.8541666666667 24.142410685496138 22.891583273959846
440.3541666666667 24.13905644186357 22.888811566571125
440.85416666666663 24.135739876802216 22.88606655573236
441.3541666666667 24.132421072490835 22.883325548600975
441.8541666666667 24.12913254744034 22.880592441046915
442.35416666666663 24.12585824539036 22.87788010908153
442.8541666666667 24.122615363352796 22.87515768388844
443.3541666666667 24.119380697535988 22.872460595085492
443.85416666666663 24.11618338040526 22.869772129445423
444.3541666666667 24.112991224138657 22.867092809281168
444.8541666666667 24.109801141565278 22.864434741735383
445.35416666666663 24.106678034834346 22.86177648980578
445.8541666666667 24.10355054925576 22.859115174175635
446.3541666666667 24.100423258467522 22.856475207842095
446.85416666666663 24.097337952570832 22.853851135181415
447.3541666666667 24.0942414375171 22.851230935602665
447.8541666666667 24.091199458101364 22.84862119431954
448.35416666666663 24.08814606171285 22.846014734702656
448.8541666666667 24.085136700802533 22.843417516464882
449.3541666666667 24.08211953903011 22.840839171620253
449.85416666666663 24.079134369335122 22.838274286021303
450.3541666666667 24.076177846768427 22.83570163984473
450.8541666666667 24.07322544957435 22.833156366948593
451.35416666666663 24.07030779394323 22.830606372211115
451.8541666666667 24.067392351781454 22.828068766517884
452.3541666666667 24.06449869502886 22.825553878419175
452.85416666666663 24.06160926174133 22.82302627323713
453.3541666666667 24.05876459541105 22.820532685270358
453.8541666666667 24.05592013853846 22.818025869128256
454.35416666666663 24.053100013438574 22.815542752654956
454.8541666666667 24.05028629815609 22.81305923166228
455.3541666666667 24.04750391517995 22.81060339705121
455.85416666666663 24.044729099976063 22.808132893914504
456.3541666666667 24.041984325039643 22.805680792813945
456.8541666666667 24.039240373548395 22.803234637322646
457.35416666666663 24.03652826309502 22.800809854749524
457.8541666666667 24.033811957781566 22.79838461392167
458.3541666666667 24.031130159848686 22.79595309342268
458.85416666666663 24.028472588815916 22.793559322282434
459.3541666666667 24.025825100879096 22.791163535707533
459.8541666666667 24.02318788200354 22.788760006857053
460.35416666666663 24.020572723239475 22.786386839213094
460.8541666666667 24.017967881097924 22.784020394067195
461.3541666666667 24.01538669604317 22.78165363225177
461.85416666666663 24.012808208098285 22.77929774967207
462.3541666666667 24.010257960603603 22.776951849036543
462.8541666666667 24.007728629455535 22.774622676851394
463.35416666666663 24.00520539607532 22.772289793976398
463.8541666666667 24.002704508135025 22.76996727900891
464.3541666666667 24.00022417611362 22.76765769543293
464.85416666666663 23.997761817331234 22.76535942960676
465.3541666666667 23.9953028955972 22.763051203728395
465.8541666666667 23.992860648899203 22.760769236815936
466.35416666666663 23.990444881488987 22.758495568184756
466.8541666666667 23.988029599795276 22.75621855802457
467.3541666666667 23.985638027918284 22.753961694363753
467.85416666666663 23.98327480419672 22.75170674866107
468.3541666666667 23.980916041184134 22.749462975510593
468.8541666666667 23.97856127880239 22.74722214992873
469.35416666666663 23.976242249487427 22.744999619637834
469.8541666666667 23.973936040974614 22.742772932273425
470.3541666666667 23.971638890350757 22.74056393085592
470.85416666666663 23.969356757452218 22.738359565636785
471.3541666666667 23.967096415141583 22.736165684053873
471.8541666666667 23.964844295787955 22.733974224529238
472.35416666666663 23.962607626587346 22.731802614858196
472.8541666666667 23.960397394118406 22.729623950876356
473.3541666666667 23.958192107946672 22.72746205489583
473.85416666666663 23.956009404312265 22.725298928480633
474.3541666666667 23.95382798228928 22.723150039981963
474.8541666666667 23.951668588906863 22.721017657666593
475.35416666666663 23.94953530814695 22.718883587238132
475.8541666666667 23.947408963710828 22.716751619735053
476.3541666666667 23.94529262840279 22.71463916115511
476.85416666666663 23.943204445551526 22.71253169785728
477.3541666666667 23.94112329153216 22.71042518390855
477.8541666666667 23.939046031176098 22.70832762830597
478.35416666666663 23.936996052962645 22.706239642382826
478.8541666666667 23.934945155900316 22.704163556530563
479.3541666666667 23.932890275232417 22.70209118295591
479.85416666666663 23.93089020240687 22.700023859586945
480.3541666666667 23.92887615283913 22.697963524789845
480.8541666666667 23.92687922006814 22.695900200596032
481.35416666666663 23.924904553064827 22.69386164590933
481.8541666666667 23.922934672692357 22.691824098119916
482.3541666666667 23.920974177616134 22.689783642718872
482.85416666666663 23.919032694683338 22.687761190301234
483.3541666666667 23.917106109086497 22.685742649759696
483.8541666666667 23.915173292392183 22.683728865920408
484.35416666666663 23.91327153573526 22.68171893325008
484.8541666666667 23.911377195300297 22.67972674122631
485.3541666666667 23.90950244954956 22.67774106209254
485.85416666666663 23.907642219002547 22.6757504684411
486.3541666666667 23.905784942170783 22.673770200443194
486.8541666666667 23.903929547478626 22.67179942986306
487.3541666666667 23.902107608233372 22.669837537823
487.8541666666667 23.900280999449677 22.6678743587914
488.3541666666667 23.898484611473236 22.665928243457117
488.8541666666667 23.896693089404156 22.66397859608571
489.3541666666667 23.894917996936734 22.662047007543936
489.8541666666667 23.893137388679662 22.660111531061652
490.3541666666667 23.891375006998178 22.658191122406258
490.8541666666667 23.889634581526984 22.656270143589285
491.3541666666667 23.88791819740186 22.65435973729978
491.8541666666667 23.88619023204855 22.65245359886538
492.3541666666667 23.884487191515248 22.650557986556738
492.8541666666667 23.8827887050777 22.648667171905615
493.3541666666667 23.881114972587834 22.64678465706141
493.8541666666667 23.87944174558106 22.644900125799843
494.3541666666667 23.877778962050797 22.64303322959057
494.8541666666667 23.876150285253633 22.64116923042366
495.3541666666667 23.874514131314186 22.639303420146526
495.8541666666667 23.8728906745876 22.637453674244487
496.3541666666667 23.871292140298923 22.635615670303245
496.8541666666667 23.869692151632268 22.633768675423248
497.3541666666667 23.86811681968561 22.631941907643913
497.8541666666667 23.866555152153865 22.630120425208577
498.3541666666667 23.864989793729123 22.628292968770147
498.8541666666667 23.863451680717198 22.626485527169123
499.3541666666667 23.86192324833626 22.624674601104534
499.8541666666667 23.86040800931625 22.622872782984686
500.3541666666667 23.85889233190987 22.62108701743344
500.8541666666667 23.85741461560547 22.619298794442567
501.3541666666667 23.855922428175127 22.61751821246561
501.8541666666667 23.854455830883253 22.615746308099688
502.3541666666667 23.852993555251384 22.613978628177115
502.8541666666667 23.851550347963798 22.612216025505777
503.3541666666667 23.850111384247285 22.610460926474776
503.8541666666667 23.84870747621367 22.60871262236584
504.3541666666667 23.847304337860024 22.60697288004101
504.8541666666667 23.845908820208287 22.605236972296574
505.3541666666667 23.844520167383713 22.60350917375859
505.8541666666667 23.843156990491572 22.60179261979809
506.3541666666667 23.841802984596473 22.600072273220874
506.8541666666667 23.84045770014844 22.598358858231737
507.3541666666667 23.839127250872927 22.59665287030087
507.8541666666667 23.837820870003405 22.594957936805976
508.3541666666667 23.836505704398196 22.59327094108756
508.8541666666667 23.835210455555753 22.59157631555867
509.3541666666667 23.83392909900497 22.589906939548538
509.8541666666667 23.832657702039896 22.588229427592303
510.3541666666667 23.831400028642882 22.586568472670262
510.8541666666667 23.830171607256254 22.584903720069192
511.3541666666667 23.82892770194024 22.583255394079586
511.8541666666667 23.827708051779073 22.581601149461427
512.3541666666666 23.826510199108423 22.579959587060667
512.8541666666666 23.825308216743434 22.578331855087082
513.3541666666666 23.82412890456508 22.576706020521364
513.8541666666666 23.822972678691777 22.57507723388597
514.3541666666666 23.821805381680868 22.573464971039016
514.8541666666666 23.820664479752924 22.57185114585965
515.3541666666666 23.819529894600315 22.57024171455965
515.8541666666666 23.818409255353426 22.568639617281843
516.3541666666666 23.81730299348575 22.567043816205814
516.8541666666666 23.816208496878843 22.56545924027243
517.3541666666666 23.815136692714482 22.563879586547788
517.8541666666666 23.814054097063625 22.56230039988673
518.3541666666666 23.812998809018122 22.560718199780794
518.8541666666666 23.811956398639232 22.55915477448216
519.3541666666666 23.810911100529264 22.557584728902565
519.8541666666666 23.809893761615943 22.556036447187576
520.3541666666666 23.808884319144514 22.554486553409102
520.8541666666666 23.807869078586307 22.552935512993546
521.3541666666666 23.80688348607075 22.55139706233182
521.8541666666666 23.805901067826042 22.549858561838363
522.3541666666666 23.804924499319956 22.548336787436757
522.8541666666666 23.80397240058846 22.54680523996335
523.3541666666666 23.80303129094085 22.545288191808798
523.8541666666666 23.802101929982204 22.543776437311283
524.3541666666666 23.801168500562504 22.542262215786486
524.8541666666666 23.800260265854675 22.540761589961242
525.3541666666666 23.799356699433964 22.539261745679706
525.8541666666666 23.798462094392228 22.537773149726085
526.3541666666666 23.797576717995828 22.536285111555635
526.8541666666666 23.796691906058292 22.53479760490647
527.3541666666666 23.79583413136224 22.53332711030825
527.8541666666666 23.794989282101962 22.531851460919007
528.3541666666666 23.794148565703402 22.530390987220184
528.8541666666666 23.793319594322845 22.52893155612696
529.3541666666666 23.79249793625718 22.527475853157096
529.8541666666666 23.791692297351368 22.526029290980063
530.3541666666666 23.79088612826851 22.52458036524509
530.8541666666666 23.790108102687213 22.5231379795811
531.3541666666666 23.789304918575116 22.521701838967246
531.8541666666666 23.78854540917604 22.520280559703295
532.3541666666666 23.78777505071557 22.51885078761275
532.8541666666666 23.78703132498369 22.517431079554026
533.3541666666666 23.786291752303068 22.516019842050284
533.8541666666666 23.78555387873496 22.514617285976858
534.3541666666666 23.78483664127532 22.513209547329094
534.8541666666666 23.784110773712012 22.51180449093857
535.3541666666666 23.783414136939083 22.510409443081194
535.8541666666666 23.782714682202265 22.509028512718125
536.3541666666666 23.78203028960584 22.507642710510684
536.8541666666666 23.781354268013615 22.50626333731868
537.3541666666666 23.780689873823945 22.504895537165677
537.8541666666666 23.780026668312026 22.503528004914322
538.3541666666666 23.77937558340326 22.50216713592649
538.8541666666666 23.77875012412161 22.50081137878037
539.3541666666666 23.77809247200429 22.49945586191683
539.8541666666666 23.777478879137675 22.4981107439147
540.3541666666666 23.776858378212182 22.49676601262612
540.8541666666666 23.776266480636682 22.495432413746027
541.3541666666666 23.775672252547963 22.49409660766764
541.8541666666666 23.775073264680326 22.49277945327787
542.3541666666666 23.774491186362052 22.491447738809928
542.8541666666666 23.77392830040474 22.490136900105156
543.3541666666666 23.77334724355257 22.488830388870884
543.8541666666666 23.772796209460324 22.48751772651026
544.3541666666666 23.77224894630897 22.48621900838591
544.8541666666666 23.77171049884955 22.484920735447822
545.3541666666666 23.771197711826474 22.483630547607586
545.8541666666666 23.77064871247764 22.482341007924337
546.3541666666666 23.7701476571675 22.48105915599947
546.8541666666666 23.769631705884965 22.479778016355873
547.3541666666666 23.76913085223206 22.47851502077324
547.8541666666666 23.76864852755894 22.47724753087563
548.3541666666666 23.7681501686969 22.47598182938667
548.8541666666666 23.76768996266303 22.474726588391004
549.3541666666666 23.76721364308924 22.47347379937578
549.8541666666666 23.766761773179223 22.472230121952194
550.3541666666666 23.766301122109343 22.470981700747878
550.8541666666666 23.76586641372896 22.46975287046308
551.3541666666666 23.765455515774846 22.468516403712734
551.8541666666666 23.76503779776645 22.467294740388244
552.3541666666666 23.76462963501632 22.466064906489084
552.8541666666666 23.76423563207191 22.46484944281129
553.3541666666666 23.763864827671334 22.46363100855374
553.8541666666666 23.763491089703646 22.462418158382945
554.3541666666666 23.76313128039004 22.46120610657499
554.8541666666666 23.762778013198172 22.46001297596881
555.3541666666666 23.762443736488752 22.45881924799071
555.8541666666666 23.762115463836007 22.457624566478664
556.3541666666666 23.761799962327594 22.456433989011696
556.8541666666666 23.761493674728325 22.45524716467539
557.3541666666666 23.76118142467928 22.454070018677914
557.8541666666666 23.760897915107524 22.45289380060363
558.3541666666666 23.76061247688071 22.451731052746297
558.8541666666666 23.7603506842486 22.450569059645478
559.3541666666666 23.760091069510874 22.449409143204736
559.8541666666666 23.759829525912597 22.44825460377921
560.3541666666666 23.75957785875522 22.447096415341182
560.8541666666666 23.75934871459801 22.445948880789885
561.3541666666666 23.759131975741337 22.444800342026664
561.8541666666666 23.75890378150709 22.44367201407291
562.3541666666666 23.75869965457669 22.442543484553042
562.8541666666666 23.75849780980439 22.44140914322881
563.3541666666666 23.758294566988734 22.44028029751113
563.8541666666666 23.75812047662471 22.43915951043061
564.3541666666666 23.757933509995514 22.43803788549573
564.8541666666666 23.757762966775886 22.43692944118947
565.3541666666666 23.757604161283112 22.43582115322728
565.8541666666666 23.75744436429802 22.434714892962255
566.3541666666666 23.757294916191686 22.433616454089943
566.8541666666666 23.757166633102198 22.43252489802149
567.3541666666666 23.75702668248617 22.431438274010095
567.8541666666666 23.756908827852307 22.430341179570657
568.3541666666666 23.756776426908917 22.42926190680054
568.8541666666666 23.756678096155007 22.428186629634407
569.3541666666666 23.756562087237523 22.427108936217756
569.8541666666666 23.756461408524665 22.42604646286882
570.3541666666666 23.756368171732035 22.424976806683997
570.8541666666666 23.756286982076293 22.423916623761592
571.3541666666666 23.756209229064492 22.42286044350523
