FastTrWP/PhaseSpace/IAs/snIa_0.49_30.00_0.54_-0.04.csv
# %ECSV 0.9
# ---
# datatype:
# - {name: time-rel, datatype: float64}
# - {name: g, datatype: float64}
# - {name: i, datatype: float64}
# schema: astropy-2.0
time-rel g i
[from data line 1076]
113.5 23.224766834405607 22.43273154491672
114.0 23.22575123331888 22.432622971699594
114.5 23.2267490306932 22.432513075332373
115.0 23.22772900795194 22.432402491814443
115.5 23.22872813400387 22.432292625854352
116.0 23.22970369298904 22.432184894542807
116.5 23.230696592856617 22.432087562604075
117.0 23.231675599769236 22.431974717061102
117.5 23.23267633818668 22.43187178128639
118.0 23.233673527835016 22.431779382781997
118.5 23.234689407976063 22.431675485000518
119.0 23.235686455788827 22.431582626163635
119.5 23.236703843400637 22.43148263160659
120.0 23.237715904326514 22.431390137074686
120.5 23.23874311297956 22.43130196337622
121.0 23.239763677121736 22.431222950052184
121.5 23.240803427005044 22.431133166446653
122.0 23.24184571657902 22.431049059470602
122.5 23.24287853697855 22.430966353485864
123.0 23.243925201881094 22.43088393294153
123.5 23.244974262200383 22.430811654638525
124.0 23.246027421227808 22.430733432027274
124.5 23.247088479090007 22.430650529525433
125.0 23.24814980032054 22.430583900644518
125.5 23.249203560751226 22.430514967544553
126.0 23.250279735184932 22.43043849047298
126.5 23.251361740411703 22.430374028744513
127.0 23.252440319880925 22.430310311529333
127.5 23.253525935840855 22.430248034136596
128.0 23.254608880514493 22.43019015309595
128.5 23.25569342139172 22.430129015641413
129.0 23.25678735485914 22.430067557328158
129.5 23.25788204604835 22.430012401512002
130.0 23.258990476959514 22.429958297316578
130.5 23.260080392162017 22.429900157280684
131.0 23.261195491412643 22.429857169979087
131.5 23.262306950318496 22.429809722255854
132.0 23.263420262483244 22.42976071081543
132.5 23.264530866339133 22.4297106653008
133.0 23.26565458795581 22.42967159030399
133.5 23.266765645768402 22.429630053310508
134.0 23.26789990118899 22.42958438411715
134.5 23.269017058903124 22.429555767874017
135.0 23.27014293719231 22.429515031615207
135.5 23.27129796097642 22.429481569706265
136.0 23.27242492707258 22.42944216635482
136.5 23.27355420654396 22.42941633223144
137.0 23.274701060477312 22.429388709342184
137.5 23.27584046566121 22.42935663125745
138.0 23.27698549604381 22.429334905941367
138.5 23.278132583310814 22.429309295106577
139.0 23.279267785615726 22.429282732160676
139.5 23.28042398879894 22.429264889958382
140.0 23.28157528023095 22.429247710948292
140.5 23.282729861701693 22.429229333982995
141.0 23.283886376859513 22.429216878504697
141.5 23.28504248224045 22.429198377736242
142.0 23.286190228644532 22.429190294456397
142.5 23.28735863222449 22.429179425852162
143.0 23.28852420631339 22.42917480300132
143.5 23.28968707947269 22.429155577226844
144.0 23.29084385919488 22.42915644779807
144.5 23.292006538201623 22.429146920159138
145.0 23.29317023617683 22.42914852296025
145.5 23.294340895670935 22.429148223820285
146.0 23.29549471554349 22.429153147754988
146.5 23.296669148772757 22.42915038026082
147.0 23.297851420737384 22.429156088127016
147.5 23.29901069689842 22.429161773527984
148.0 23.300182992641684 22.42916832178013
148.5 23.301353239647668 22.429174360489945
149.0 23.302526738713844 22.429188308489728
149.5 23.303680787228778 22.42919810814444
150.0 23.304864733479548 22.429212774788244
150.5 23.306019698534218 22.42922742593784
151.0 23.30719511666885 22.429249930456997
151.5 23.308367040884296 22.429260996005198
152.0 23.30953886369379 22.429281966089345
152.5 23.310708815415175 22.42930764794071
153.0 23.311877352760334 22.429331424505122
153.5 23.313053119558283 22.429349936370567
154.0 23.3142213173107 22.429385624492912
154.5 23.31539817793457 22.429408728433685
155.0 23.316572931405485 22.42944165942694
155.5 23.317755680298188 22.429474765246805
156.0 23.318927112323358 22.42950778240974
156.5 23.320107361962698 22.429547791077113
157.0 23.321302241049764 22.429581963739693
157.5 23.32248284829646 22.429616596162596
158.0 23.323660639699973 22.429664391056384
158.5 23.324869607669484 22.429705342069
159.0 23.32604870062735 22.429747655686704
159.5 23.327243283142955 22.429791122801696
160.0 23.32843340693191 22.429840300468435
160.5 23.329631728720162 22.4298899619877
161.0 23.33083414675318 22.429942581040837
161.5 23.33204161315745 22.430003712876776
162.0 23.33323286090137 22.430056168258993
162.5 23.334439458573513 22.43010653043548
163.0 23.33564943335446 22.43017130790485
163.5 23.336844905467494 22.430224865353292
164.0 23.33806302162488 22.430289803801166
164.5 23.33927172974476 22.430348730981663
165.0 23.340481167703043 22.430423559815317
165.4999999999999 23.341690226150998 22.43048359968675
166.0 23.34290803353811 22.43055791748256
166.5 23.344129553191976 22.430621984302487
166.9999999999999 23.345362175379346 22.430697483888604
167.5 23.346571828821553 22.430770984382274
168.0 23.34779627077113 22.43084690943034
168.4999999999999 23.34901926312427 22.430915813621425
169.0 23.350246379751933 22.43100012963729
169.5 23.35147724100366 22.431081418417925
169.9999999999999 23.352702407029682 22.43116699243761
170.5 23.353934483673015 22.431248908431208
171.0 23.355167167625154 22.43132878260694
171.4999999999999 23.35640247382957 22.431417997178464
172.0 23.357638073386873 22.431508845943455
172.5 23.358882231973325 22.43160166155664
172.9999999999999 23.36010552518422 22.431689444139494
173.5 23.361363607528705 22.43178087558367
174.0 23.362599082883627 22.431878651270406
174.4999999999999 23.363842663894047 22.431969122258106
175.0 23.36508955994612 22.43206889908155
175.5 23.366340118232873 22.43217006149959
175.9999999999999 23.367587212096858 22.432272188156812
176.5 23.368846363759598 22.432372691503716
177.0 23.37009627492933 22.432482675383874
177.4999999999999 23.371350005510156 22.432586081145658
178.0 23.37260358542632 22.432693787196236
178.5 23.373864773097193 22.432807798467664
178.9999999999999 23.37512435336224 22.43291914113191
179.5 23.376378517343113 22.433025257428625
180.0 23.37763379263865 22.433148840451306
180.4999999999999 23.37890950059205 22.433259410581012
181.0 23.38017435115517 22.4333774601229
181.5 23.381437106520945 22.43349801687105
181.9999999999999 23.3827102084456 22.433610324494563
182.5 23.383984783970725 22.433742451994675
183.0 23.385252306247587 22.433865267811246
183.4999999999999 23.386527095823624 22.433983787990293
184.0 23.387800238492712 22.434112010707487
184.5 23.389075118558836 22.434239381468775
184.9999999999999 23.39035588814341 22.43436989230778
185.5 23.391628248343054 22.43450215010234
186.0 23.39292213322087 22.43463513410188
186.4999999999999 23.39419281564463 22.434773380469583
187.0 23.395490225207464 22.434904561579287
187.5 23.3967697663376 22.435046494294273
187.9999999999999 23.398059281885025 22.435179904490834
188.5 23.399342999249164 22.435326702916143
189.0 23.400639098497354 22.435461180000754
189.4999999999999 23.40192377550755 22.43560720913489
190.0 23.403220636986916 22.43575025580018
190.5 23.404517421956484 22.435900803236247
190.9999999999999 23.40581746031724 22.436049879125033
191.5 23.40710426457882 22.436201606517287
192.0 23.40842373906532 22.436354680265826
192.4999999999999 23.409730534147325 22.436510639694895
193.0 23.41102382524049 22.436664175296492
193.5 23.41233401442561 22.436823647652794
193.9999999999999 23.413641298483054 22.436983232427124
194.5 23.41494690928063 22.437138974580307
195.0 23.416271873391565 22.437302192035354
195.4999999999999 23.417593081772843 22.43747520521676
196.0 23.418902012900205 22.437635540274158
196.5 23.420229197496994 22.43780362610043
196.9999999999999 23.421547354478044 22.43798088574668
197.5 23.42287002516292 22.43814600713891
198.0 23.424198126132506 22.438321717244712
198.4999999999999 23.425511991521798 22.438499841581123
199.0 23.426849274074183 22.438670547708174
199.5 23.428177397179013 22.43884663902329
199.9999999999999 23.429518555152832 22.439027742171117
200.5 23.430844848152997 22.43920744030634
201.0 23.432175386857285 22.43939090976231
201.4999999999999 23.433517590568616 22.439575740454337
202.0 23.434850300041703 22.439756344963687
202.5 23.436204635962405 22.43995648562319
202.9999999999999 23.437540758296276 22.440140113552648
203.5 23.438883797936242 22.44032951013096
204.0 23.44023514730406 22.440526617810875
204.4999999999999 23.441590047242858 22.440712351572664
205.0 23.442941836156855 22.440913812078975
205.5 23.44428348177924 22.441109727084164
205.9999999999999 23.445633348866526 22.44130903235981
206.5 23.446995264017772 22.441507341128318
207.0 23.44836220131736 22.44171057417251
207.4999999999999 23.449711115474464 22.44191411602124
208.0 23.45106670064853 22.442117269743914
208.5 23.45243266993898 22.44232420678142
208.9999999999999 23.453799419354908 22.442529935248132
209.5 23.455163937091108 22.442745552731527
210.0 23.456533096165035 22.442956587540447
210.4999999999999 23.457902046856102 22.44317353635878
211.0 23.459283369118232 22.44338303876632
211.5 23.460648911098396 22.443598853533512
211.9999999999999 23.46201744836742 22.443812895719503
212.5 23.463401416557748 22.444034249335942
213.0 23.4647750769561 22.44425689517096
213.4999999999999 23.46615866311929 22.444474145538567
214.0 23.46753306018677 22.44469943526891
214.5 23.468916225898077 22.444927682020726
214.9999999999999 23.470304191341768 22.445149775080836
215.5 23.471682058771876 22.445376049011585
216.0 23.473076968946756 22.445604339220818
216.4999999999999 23.474466607130744 22.4458344937447
217.0 23.47586132123672 22.446062612131655
217.5 23.47725491960454 22.44630087532082
217.9999999999999 23.478642211511076 22.446535900844026
218.5 23.48004162881086 22.446771936381133
219.0 23.481442607035085 22.447013002192197
219.4999999999999 23.482832953816875 22.447247515265687
220.0 23.484229255913288 22.447486934414705
220.5 23.485632279503086 22.447732114158274
220.9999999999999 23.487050134159468 22.44797485956267
221.5 23.488446026026388 22.448213830447393
222.0 23.489840034810282 22.44846595405057
222.4999999999999 23.49126796844196 22.448716080067157
223.0 23.492666187879667 22.448964646078338
223.5 23.494065451825385 22.44921755411566
223.9999999999999 23.49548650752233 22.44946073729103
224.5 23.496897842103458 22.44971596089265
225.0 23.498321085235922 22.44997157453749
225.4999999999999 23.499736138561968 22.450224558877792
226.0 23.50116364028464 22.45048175552761
226.5 23.502590236927823 22.450745026633463
226.9999999999999 23.5040076448066 22.451005739659465
227.5 23.505430691916956 22.45127013239039
228.0 23.5068799581243 22.451527577564168
228.4999999999999 23.508314225686373 22.451798133767756
229.0 23.509748197562985 22.45206534815352
229.5 23.511192616679427 22.452335804515396
229.9999999999999 23.512629702988402 22.452601374848413
230.5 23.51407878256115 22.45287807821032
231.0 23.515522044061505 22.453150315701237
231.4999999999999 23.51696513998547 22.45343026204379
232.0 23.518424402561983 22.453710581866346
232.5 23.519883050848666 22.453985862116724
232.9999999999999 23.52133308908062 22.454271068688215
233.5 23.522785825652797 22.454552337176672
234.0 23.52424531617119 22.454840461730893
234.4999999999999 23.52570731910219 22.455117693475543
235.0 23.527168469757495 22.455408396066304
235.5 23.52864184003741 22.455700113951217
235.9999999999999 23.530113959546973 22.455985559415975
236.5 23.53157783387056 22.45628469884754
237.0 23.53305229747287 22.456574198014337
237.4999999999999 23.5345298340442 22.45686937654851
238.0 23.535999911243866 22.457168645992354
238.5 23.53747876790374 22.457466485243476
238.9999999999999 23.538948245061498 22.457761735708303
239.5 23.54042520522237 22.458069702090597
240.0 23.541924350469408 22.458376870543955
240.4999999999999 23.54340788387212 22.4586695198793
241.0 23.544894731696818 22.458973236504818
241.5 23.5463844345611 22.45928493376711
241.9999999999999 23.54786469316005 22.459589898708614
242.5 23.549349657524417 22.459904653056597
243.0 23.550845071417896 22.460216641123147
243.4999999999999 23.552335452343755 22.46053010103278
244.0 23.55383010132515 22.46083641768971
244.5 23.55532402587364 22.461156662661523
244.9999999999999 23.55682419476921 22.461469977230443
245.5 23.558324139724732 22.461784015256676
246.0 23.559809398553977 22.46211311179314
246.4999999999999 23.56130978579333 22.462432545648554
247.0 23.562817580894322 22.462760827927166
247.5 23.564312777819122 22.463080461206786
247.9999999999999 23.56581896493719 22.46340238865787
248.5 23.56733405228613 22.463734564279076
249.0 23.568832273704587 22.464058738965207
249.4999999999999 23.57033966479216 22.464381701685948
250.0 23.57183952599857 22.464716258707398
250.5 23.57334950671813 22.465047925950916
250.9999999999999 23.574870234029873 22.46538596658679
251.5 23.576378476527303 22.465714066842153
252.0 23.577876975922834 22.46604667038405
252.4999999999999 23.579384727960104 22.46639782064088
253.0 23.580902678008584 22.46673184582011
253.5 23.58240462876511 22.467070755713365
253.9999999999999 23.58392831591815 22.467411453188234
254.5 23.585437548597085 22.467753084537414
255.0 23.586944923406005 22.46810166224503
255.4999999999999 23.588458926821954 22.468444936841475
256.0 23.5899814872393 22.468781684812296
256.5 23.5914879734543 22.46913616681727
256.9999999999999 23.593009892198054 22.46948766081944
257.5 23.594516888057694 22.46983230442701
258.0 23.59603175319698 22.47018148561181
258.4999999999999 23.59755009114265 22.470541831249328
259.0 23.599055986746258 22.470886948289312
259.5 23.60057900832959 22.471243460585196
259.9999999999999 23.60210267213686 22.471602330871665
260.5 23.603606301445843 22.47195684868781
261.0 23.60511672161294 22.472320271809316
261.4999999999999 23.60664090794235 22.472685128481057
262.0 23.608163507730225 22.473033083854492
262.5 23.609678649560372 22.473405052964026
262.9999999999999 23.611183940442796 22.473766396929506
263.5 23.612712269766277 22.474137526147825
264.0 23.61424429107175 22.474506604210198
264.4999999999999 23.615772872434775 22.474877814025383
265.0 23.61729560740512 22.475241898685887
265.5 23.618820218623608 22.47562008392482
265.9999999999999 23.620341463815176 22.475997484676302
266.5 23.621871568452313 22.476365540581362
267.0 23.623403036188858 22.47674427864237
267.4999999999999 23.624922277796287 22.47711848503908
268.0 23.62646641433453 22.477504401441966
268.5 23.62799506845633 22.47787890060398
268.9999999999999 23.62951877423307 22.47826505025315
269.5 23.631062319554495 22.478647314170416
270.0 23.632606882030565 22.4790308912968
270.4999999999999 23.63412700218729 22.47942294451073
271.0 23.6356672036999 22.479806353777857
271.5 23.637209557220793 22.480198624470145
271.9999999999999 23.638744561451126 22.480590780632056
272.5 23.640299706332264 22.480983983115106
273.0 23.64182892547459 22.481381736987714
273.4999999999999 23.64336563011407 22.481779443392615
274.0 23.64490948049346 22.482168298665552
274.5 23.646460507965784 22.482568958687636
274.9999999999999 23.648009993362017 22.48296404460213
275.5 23.649561054864662 22.48336966831543
276.0 23.651101232516773 22.483772863359967
276.4999999999999 23.652645522796764 22.48417148852413
277.0 23.654198244632568 22.484584172672676
277.5 23.65575701795382 22.4849861709577
277.9999999999999 23.657292762433322 22.48539913357667
278.5 23.65884450738728 22.485806391348287
279.0 23.66040971152461 22.486211278344477
279.4999999999999 23.661954794420488 22.486625470060112
280.0 23.663507615601105 22.487038884043564
280.5 23.665068654482337 22.487454857662126
280.9999999999999 23.666618891367083 22.48787176112062
281.5 23.66816945606474 22.48828318582212
282.0 23.66973588168403 22.4887100133561
282.4999999999999 23.671294510570277 22.489129006290042
283.0 23.67285043758403 22.48954774671814
283.5 23.674415756221702 22.489972736546836
283.9999999999999 23.67596601594751 22.490386593196376
284.5 23.677541834983224 22.49082304457122
285.0 23.679103257837653 22.491245944649258
285.4999999999999 23.68066292994739 22.49167135146788
286.0 23.682215833042235 22.49210187873169
286.5 23.683778878185105 22.492541353406928
