FastTrWP/PhaseSpace/IAs/snIa_0.45_30.00_-0.04_-0.14.csv
# %ECSV 0.9
# ---
# datatype:
# - {name: time-rel, datatype: float64}
# - {name: g, datatype: float64}
# - {name: i, datatype: float64}
# schema: astropy-2.0
time-rel g i
[from data line 866]
611.5833333333334 22.926454038403485 22.56958804119218
612.0833333333334 22.926620712715284 22.56902548109055
612.5833333333334 22.92677769097761 22.56845584058578
613.0833333333334 22.926949164053553 22.56789620796239
613.5833333333334 22.927110909748514 22.567333524246422
614.0833333333334 22.927282970849244 22.566776652023467
614.5833333333334 22.927468022166963 22.566233262994224
615.0833333333334 22.927649987274922 22.56567708841486
615.5833333333334 22.927844988151268 22.565126803231404
616.0833333333334 22.928034816298926 22.564578165546337
616.5833333333334 22.928245430563127 22.56403185568635
617.0833333333334 22.928452632533425 22.563501144354902
617.5833333333334 22.92866455633542 22.562953484517468
618.0833333333334 22.928882063248473 22.562427402657086
618.5833333333334 22.929103072303544 22.561886214428064
619.0833333333334 22.92932924341674 22.561366627636566
619.5833333333334 22.929569115622094 22.560836963376683
620.0833333333334 22.92980839383336 22.560308779147682
620.5833333333334 22.930050425973413 22.55979057461406
621.0833333333334 22.930303304303607 22.559272618094013
621.5833333333334 22.930550262299477 22.558758201651617
622.0833333333334 22.93081535297202 22.558246855796803
622.5833333333334 22.931085729805293 22.55774054260398
623.0833333333334 22.931350276293596 22.557226488711297
623.5833333333334 22.931628498691396 22.556728668983514
624.0833333333334 22.93191782430883 22.556223593916606
624.5833333333334 22.93221117979884 22.555738484739045
625.0833333333334 22.932501201450897 22.55523655280969
625.5833333333334 22.93280585878832 22.5547378775213
626.0833333333334 22.93310185235724 22.554243437835602
626.5833333333334 22.933413273423064 22.55375991378107
627.0833333333334 22.933729332818366 22.553276795975155
627.5833333333334 22.934053083164116 22.55279631806438
628.0833333333334 22.934375561072777 22.55230562498296
628.5833333333334 22.934709557474427 22.551836137948822
629.0833333333334 22.93504611719186 22.5513616463385
629.5833333333334 22.93538584518615 22.550884023782032
630.0833333333334 22.935730390889816 22.550409689392637
630.5833333333334 22.93608086809535 22.54995103227696
631.0833333333334 22.93643404243516 22.54948172450615
631.5833333333334 22.936801356855888 22.549014766569407
632.0833333333334 22.93716964008693 22.54855159061867
632.5833333333334 22.937538301470063 22.548094681221595
633.0833333333334 22.93790934638058 22.547641268698047
633.5833333333334 22.938304379811076 22.54718266604835
634.0833333333334 22.938688249706228 22.546737411967808
634.5833333333334 22.93907933854582 22.546279841127284
635.0833333333334 22.939481969209705 22.54584425047763
635.5833333333334 22.939881460925665 22.545400074418676
636.0833333333334 22.940280589421743 22.544954161566256
636.5833333333334 22.940709568017464 22.544517683968486
637.0833333333334 22.94112641778664 22.544077155611284
637.5833333333334 22.94154730475625 22.543649337177296
638.0833333333334 22.941977950091914 22.543214170282518
638.5833333333334 22.942417196052535 22.54278948817817
639.0833333333334 22.942862363141536 22.54236081481546
639.5833333333334 22.94330230497514 22.541942368895175
640.0833333333334 22.94375139231375 22.541524599410423
640.5833333333334 22.94421295864271 22.541101777340167
641.0833333333334 22.944675512627754 22.54068831851076
641.5833333333334 22.945141035215006 22.54027616472643
642.0833333333334 22.945632459856217 22.539861036636996
642.5833333333334 22.946107978859274 22.539450922273836
643.0833333333334 22.946587214165156 22.539048981609465
643.5833333333334 22.947077073228716 22.538653530868036
644.0833333333334 22.947585713491595 22.53825091319804
644.5833333333334 22.94808251386253 22.5378555190901
645.0833333333334 22.948588584158614 22.537451757166217
645.5833333333334 22.949093382300948 22.537064494973084
646.0833333333334 22.94962154041579 22.536678584028735
646.5833333333334 22.950143783276484 22.536290371832575
647.0833333333334 22.95067582694678 22.53591109294099
647.5833333333334 22.95121992013735 22.535525768567133
648.0833333333334 22.95175439467205 22.53514518249797
648.5833333333334 22.952310482550704 22.534766187756667
649.0833333333334 22.95285444512404 22.53440184626376
649.5833333333334 22.95341949309033 22.53403044474746
650.0833333333334 22.95398089163823 22.533663644425637
650.5833333333334 22.95456118497536 22.533297151486387
651.0833333333334 22.955134100185994 22.532937081747
651.5833333333334 22.9557097320441 22.53257793730631
652.0833333333334 22.95630483995612 22.53222416583236
652.5833333333334 22.95689368604968 22.53186622349284
653.0833333333334 22.957501662258277 22.531515602042145
653.5833333333334 22.958103114980414 22.531170300580232
654.0833333333334 22.95873053510608 22.530822399521252
654.5833333333334 22.959344500058492 22.530479224390536
655.0833333333334 22.95996163027182 22.53013597482645
655.5833333333334 22.96059716392989 22.52980819641433
656.0833333333334 22.96123624213213 22.529463915648083
656.5833333333334 22.96187479458412 22.52913758941578
657.0833333333334 22.9625236460326 22.52880475418784
657.5833333333334 22.963176730983434 22.5284830652576
658.0833333333334 22.96384123198095 22.528154217118995
658.5833333333334 22.96451387269268 22.527830524904374
659.0833333333334 22.965184061778658 22.52752182228724
659.5833333333334 22.965863255378967 22.527207932519108
660.0833333333334 22.96655300723488 22.526893573754695
660.5833333333334 22.9672442543581 22.52658884258045
661.0833333333334 22.967952621583425 22.526277783709546
661.5833333333334 22.968662868752094 22.525979989985885
662.0833333333334 22.96939498861546 22.525682133226628
662.5833333333334 22.970124651838894 22.5253780483831
663.0833333333334 22.97085498192113 22.52508889510481
663.5833333333334 22.971605948954274 22.524795694411125
664.0833333333334 22.972356319682508 22.52450803775914
664.5833333333334 22.973128817071398 22.524226209718535
665.0833333333334 22.97390003890922 22.52393465517482
665.5833333333334 22.974673813639043 22.5236579674306
666.0833333333334 22.97545971567415 22.523379947532977
666.5833333333334 22.976249134599346 22.523115110766305
667.0833333333334 22.977053556903563 22.522830604427963
667.5833333333334 22.977864928606103 22.52256445431489
668.0833333333334 22.978665548675306 22.52229791163494
668.5833333333334 22.97948974466433 22.52203292600955
669.0833333333334 22.980332643394124 22.521772778923122
669.5833333333334 22.98116373092439 22.521515943953197
670.0833333333334 22.981995805496886 22.521262979821675
670.5833333333334 22.98284690684589 22.521007193922227
671.0833333333334 22.983698835950214 22.52075615161891
671.5833333333334 22.98455582901233 22.520503896242474
672.0833333333334 22.98543061982757 22.520255182545714
672.5833333333334 22.98630553571885 22.520015081206047
673.0833333333334 22.98718359367814 22.519772465429924
673.5833333333334 22.988070497221877 22.519534044088893
674.0833333333334 22.988954128486903 22.519303556418716
674.5833333333334 22.98986387339779 22.51906830140312
675.0833333333334 22.990751414153205 22.518841349953167
675.5833333333334 22.991659538063317 22.518615948451618
676.0833333333334 22.992580129260773 22.518389761454163
676.5833333333334 22.99349725625404 22.518164832314504
677.0833333333334 22.994418964976152 22.517943671116704
677.5833333333334 22.995350253892965 22.517720744260934
678.0833333333334 22.996279632595527 22.517511064711076
678.5833333333334 22.997213711930698 22.517292184541958
679.0833333333334 22.998159485291907 22.517081393245437
679.5833333333334 22.999104158544597 22.51686899195235
680.0833333333334 23.000050435901965 22.51666823793751
680.5833333333334 23.001013733028614 22.51645932015352
681.0833333333334 23.001973562272752 22.51625738137689
681.5833333333334 23.002933156949908 22.516060203876627
682.0833333333334 23.00390376711573 22.51586365600145
682.5833333333334 23.004867202884334 22.515663605920714
683.0833333333334 23.005851693276725 22.5154734962933
683.5833333333334 23.006818667142355 22.51528083201815
684.0833333333334 23.007797702682716 22.51509073521705
684.5833333333334 23.008788590623016 22.51491508355404
685.0833333333334 23.00978265194845 22.514715521203907
685.5833333333334 23.010768020607863 22.514545271149245
686.0833333333334 23.011768527657935 22.5143600575892
686.5833333333334 23.01276613124637 22.514183142959418
687.0833333333334 23.013754089254842 22.514009530709806
687.5833333333334 23.01476612550626 22.51383971070947
688.0833333333334 23.015760200820313 22.513664949495826
688.5833333333334 23.01676694758037 22.513499504635416
689.0833333333334 23.01778060377137 22.513330259462236
689.5833333333334 23.018791877681014 22.513170777159562
690.0833333333334 23.019803754481217 22.51300285819522
690.5833333333334 23.020814204107246 22.51283824236694
691.0833333333334 23.021834073892663 22.512674022792286
691.5833333333334 23.022851668989315 22.512517836259956
692.0833333333334 23.023870505812347 22.512368210422856
692.5833333333334 23.024890448242648 22.51221255025106
693.0833333333334 23.02592144636904 22.512062712908527
693.5833333333334 23.026939846379925 22.511915652434883
694.0833333333334 23.0279578825599 22.511762933367073
694.5833333333334 23.028989657285162 22.5116174525483
695.0833333333334 23.030016883486482 22.511474441855754
695.5833333333334 23.03106252518696 22.51134345786882
696.0833333333334 23.03210331312792 22.51120324102333
696.5833333333334 23.033157587662604 22.51106008698113
697.0833333333334 23.034212262105704 22.510935259077378
697.5833333333334 23.03527838996009 22.510809668547743
698.0833333333334 23.036347733799893 22.510669798282397
698.5833333333334 23.037414840680462 22.510552947434448
699.0833333333334 23.038489695714638 22.51042913554398
699.5833333333334 23.039579763623216 22.510308897157604
700.0833333333334 23.040662593061242 22.510186972395417
700.5833333333334 23.041761735026988 22.510076428359863
701.0833333333334 23.04286270456597 22.509960010913254
701.5833333333334 23.043970074554284 22.50984602455383
702.0833333333334 23.045074077020526 22.509736615898323
702.5833333333334 23.046192282447322 22.509630686468547
703.0833333333334 23.04730564771308 22.509528416974277
703.5833333333334 23.04843283457967 22.50942852133287
704.0833333333334 23.04955638234897 22.509320244604865
704.5833333333334 23.050692076563234 22.509230071122296
705.0833333333334 23.05183485210207 22.50913259692926
705.5833333333334 23.0529671951764 22.509045632314916
706.0833333333334 23.05411612942299 22.508950267615162
706.5833333333334 23.055265955870983 22.508861458492046
707.0833333333334 23.056414874177445 22.508773748263952
707.5833333333334 23.057568779607674 22.50869035837749
708.0833333333334 23.05872743469137 22.508617304650933
708.5833333333334 23.059898953977637 22.50852960903948
709.0833333333334 23.061066358268896 22.508444633455404
709.5833333333334 23.062231881468485 22.508377466805655
710.0833333333334 23.06341552545105 22.508298027255556
710.5833333333334 23.064582710314202 22.508232292479114
711.0833333333334 23.065774112828134 22.50815810106127
711.5833333333334 23.066951225239634 22.508094469225277
712.0833333333334 23.06813202871108 22.50802282842081
712.5833333333334 23.06933336251195 22.50796413667627
713.0833333333334 23.07052721507346 22.507907860686803
713.5833333333334 23.071720663905666 22.507845689256133
714.0833333333334 23.07292173472391 22.507786216863657
714.5833333333334 23.07412097284221 22.507736667420332
715.0833333333334 23.075315068213044 22.507681910069124
715.5833333333334 23.07652825141073 22.5076269734366
716.0833333333334 23.07774054391521 22.507573753291407
716.5833333333334 23.078946240559425 22.50753327812587
717.0833333333334 23.08015791927665 22.50748221291061
717.5833333333334 23.0813724516078 22.507436496574464
718.0833333333334 23.08259286617364 22.507397821420977
718.5833333333334 23.083808761073364 22.50736489269025
719.0833333333334 23.0850293508578 22.507322083200524
719.5833333333334 23.08624570721994 22.507279126767973
720.0833333333334 23.087471397791713 22.50724858826409
720.5833333333334 23.088705088795948 22.507218192802867
721.0833333333334 23.089924462370774 22.507185043019145
721.5833333333334 23.091151030669153 22.507161764980918
722.0833333333334 23.09237538399236 22.507134031922348
722.5833333333334 23.093602914858764 22.50710400947723
723.0833333333334 23.0948448766059 22.50707913796164
723.5833333333334 23.096070533165772 22.507058271724723
724.0833333333334 23.097299238283018 22.50704212510938
724.5833333333334 23.09852389279381 22.50701630288234
725.0833333333334 23.099757709268808 22.507002680604135
725.5833333333334 23.10097914901477 22.506987276045223
726.0833333333334 23.102219189139884 22.506968259387662
726.5833333333334 23.10345286727999 22.506962827888817
727.0833333333334 23.10469612634506 22.506950771983373
727.5833333333334 23.105915854077324 22.50693750077071
728.0833333333334 23.10714644844556 22.50693515086129
728.5833333333334 23.1083796271857 22.50693074436876
729.0833333333334 23.109623551888482 22.506934927263163
729.5833333333334 23.110850018097473 22.506932438443542
730.0833333333334 23.11207314513442 22.50692378810882
730.5833333333334 23.11332474810456 22.506928528847602
731.0833333333334 23.114563150176227 22.50693073586654
731.5833333333334 23.115805273092803 22.50693455900376
732.0833333333334 23.117039965340037 22.506946409994292
732.5833333333334 23.11828811671856 22.506954587209492
733.0833333333334 23.119548922834603 22.506973242587136
733.5833333333334 23.12078988175397 22.506985659361757
734.0833333333334 23.122050994482215 22.507003854793357
734.5833333333334 23.123308788848085 22.50701219235751
735.0833333333334 23.1245601887829 22.507035797022617
735.5833333333334 23.125813059666875 22.507058141475795
736.0833333333334 23.127081868765753 22.507087513846816
736.5833333333334 23.12835284331325 22.507109017637113
737.0833333333334 23.129616460649082 22.50713621563697
737.5833333333334 23.130887849047987 22.507160575817178
738.0833333333334 23.13215244734272 22.50719464858458
738.5833333333334 23.13342577143966 22.507232444336257
739.0833333333334 23.134698633415717 22.507267733907792
739.5833333333334 23.135983471658417 22.50730324504063
740.0833333333334 23.13725103213592 22.507343945211012
740.5833333333334 23.13854389690271 22.50737853717159
741.0833333333334 23.139820143920314 22.507429283286093
741.5833333333334 23.141112047194675 22.507468659516906
742.0833333333334 23.142403094743415 22.507517231344806
742.5833333333333 23.143690203796737 22.507566029575194
743.0833333333334 23.144984866923075 22.507620371725974
743.5833333333334 23.146271158566726 22.50766674896763
744.0833333333333 23.147573652586352 22.507722313843594
744.5833333333334 23.148874824313623 22.507780685966047
745.0833333333334 23.150178172979455 22.50783573397864
745.5833333333333 23.151480331598062 22.507898535442653
746.0833333333334 23.152783129104606 22.507961707864137
746.5833333333334 23.154092942086287 22.508022278947337
747.0833333333333 23.15539521843575 22.508085624625632
747.5833333333334 23.156708971693707 22.50815160752666
748.0833333333334 23.158019290963715 22.508227912616796
748.5833333333333 23.15933707649286 22.508298100744803
749.0833333333334 23.16065062654806 22.508365957385568
749.5833333333334 23.161965843341534 22.50843895870965
750.0833333333333 23.16329918688278 22.508519349472103
750.5833333333334 23.164614459765858 22.50859508922677
751.0833333333334 23.16593473353505 22.508677201209508
751.5833333333333 23.16726707905463 22.50876406286259
752.0833333333334 23.168604302344686 22.50883917036851
752.5833333333334 23.169927476474808 22.508928620791746
753.0833333333333 23.171267859146102 22.5090118102452
753.5833333333334 23.172593595046468 22.509103823663246
754.0833333333334 23.17392816463763 22.509190174092844
754.5833333333333 23.175266699972266 22.509286809063628
755.0833333333334 23.176614623153213 22.509376830534116
755.5833333333334 23.177946259553032 22.509470505240763
