FastTrWP/PhaseSpace/IAs/snIa_0.61_30.00_-0.65_0.10.csv
# %ECSV 0.9
# ---
# datatype:
# - {name: time-rel, datatype: float64}
# - {name: g, datatype: float64}
# - {name: i, datatype: float64}
# schema: astropy-2.0
time-rel g i
179.27083333333331 26.98998050621062 24.475757934668305
179.77083333333334 26.978128282748823 24.469569078873207
180.27083333333334 26.966454624311837 24.46339755225097
180.77083333333331 26.95484698783853 24.45724290571564
181.27083333333334 26.94333892972487 24.451134845316098
181.77083333333334 26.931884046903924 24.445023056406647
182.27083333333331 26.92052595099711 24.43896389379089
182.77083333333334 26.90923073750028 24.432882939500903
183.27083333333334 26.898028394500344 24.426857212579055
183.77083333333331 26.886901912707096 24.42082985447246
184.27083333333334 26.875846474117665 24.414852767748364
184.77083333333334 26.864829435564808 24.408863935354695
185.27083333333331 26.85393248526593 24.402916488256942
185.77083333333334 26.843068425991746 24.397002011517245
186.27083333333334 26.83229186260245 24.391097088804372
186.77083333333331 26.821584639420234 24.38520959863133
187.27083333333334 26.81092632877848 24.379336375553926
187.77083333333334 26.800346709025593 24.3735042843965
188.27083333333331 26.789898001089018 24.3676726430324
188.77083333333334 26.779380160707007 24.36187445959383
189.27083333333334 26.76902704237186 24.356092534948694
189.77083333333331 26.75870759637165 24.350347478411322
190.27083333333334 26.74843250733619 24.344582461264523
190.77083333333334 26.738241766216895 24.338866636895688
191.27083333333331 26.728128507343165 24.333184772266293
191.77083333333334 26.718065413997394 24.3274947166549
192.27083333333334 26.708013681805127 24.32185397636321
192.77083333333331 26.69808500465486 24.316210903969694
193.27083333333334 26.68815698441677 24.310600621524646
193.77083333333334 26.678282644815837 24.304994162227903
194.27083333333331 26.66851848833364 24.29941257190821
194.77083333333334 26.658744380557472 24.293846756126936
195.27083333333334 26.649053511981595 24.288302856919188
195.77083333333331 26.639448865647616 24.282790218692256
196.27083333333334 26.62990846642864 24.277280114195563
196.77083333333334 26.620463396751614 24.271781427039613
197.27083333333331 26.610994770987737 24.266307125928414
197.77083333333334 26.60162053495942 24.26084244592973
198.27083333333334 26.59232166248364 24.255393063052757
198.77083333333331 26.583055972808527 24.249971372708856
199.27083333333334 26.573787158448738 24.24455897661546
199.77083333333334 26.564593972913283 24.239165174927038
200.27083333333331 26.555503031501427 24.233797100202548
200.77083333333334 26.546439934328884 24.228436854918208
201.27083333333334 26.537414233127627 24.223068144111764
201.77083333333331 26.52847858236246 24.217759836754627
202.27083333333334 26.51952958411855 24.21243430049018
202.77083333333334 26.51064732851271 24.20714283620681
203.27083333333331 26.501790061823684 24.201857759875143
203.77083333333334 26.4930239909172 24.19660279988595
204.27083333333334 26.484328033252783 24.191341627998362
204.77083333333331 26.47557438624326 24.186107370803285
205.27083333333334 26.466911471505682 24.18088804749926
205.77083333333334 26.45834834523081 24.17569315254893
206.27083333333331 26.449721204266254 24.170491495887212
206.77083333333334 26.441210539265988 24.165324768968706
207.27083333333334 26.432725158477904 24.160160767491142
207.77083333333331 26.42428967890573 24.155013189082517
208.27083333333334 26.415914603260426 24.149893908953523
208.77083333333334 26.407491799865102 24.14476688801253
209.27083333333331 26.399188130117267 24.139666620401993
209.77083333333334 26.390942085098192 24.134579525314074
210.27083333333334 26.382665838762346 24.129524278404734
210.77083333333331 26.374417103846742 24.124454193610156
211.27083333333334 26.366244765372137 24.119405758278567
211.77083333333334 26.35810034246811 24.11439004327388
212.27083333333331 26.34998956835062 24.109370872476234
212.77083333333334 26.341876026175438 24.104365727678697
213.27083333333334 26.33389139362826 24.09938826107881
213.77083333333331 26.325844483996825 24.094415908314424
214.27083333333334 26.317885186524652 24.08945598582825
214.77083333333334 26.309871877169666 24.084500728764656
215.27083333333331 26.30200450097668 24.079587423291393
215.77083333333334 26.29410085900457 24.07465825148879
216.27083333333334 26.286262174688282 24.069772365307994
216.77083333333331 26.27845107131247 24.064879789274485
217.27083333333334 26.27062357683519 24.05999614506602
217.77083333333334 26.262889906420348 24.05512138412709
218.27083333333331 26.25516210457588 24.050281221197146
218.77083333333334 26.24744920087124 24.045456633798228
219.27083333333334 26.239750499021355 24.0406360504494
219.77083333333331 26.23214248470715 24.03583455844243
220.27083333333334 26.224502079711385 24.031034456739363
220.77083333333334 26.21690669576938 24.026248506199597
221.27083333333331 26.209378111184492 24.021487242919225
221.77083333333334 26.20182381880432 24.016738467991225
222.27083333333334 26.19430977828617 24.011983157654008
222.77083333333331 26.186859506846268 24.007257636467862
223.27083333333334 26.179390181625287 24.00254517605902
223.77083333333334 26.171944043359634 23.99784207362498
224.27083333333331 26.164531409906996 23.993150971614345
224.77083333333334 26.15713183018938 23.988468604266615
225.27083333333334 26.149765731330803 23.983804011825374
225.77083333333331 26.14242568870982 23.97914579274799
226.27083333333334 26.135124707977532 23.97450791429067
226.77083333333334 26.12786580263367 23.969889591501975
227.27083333333331 26.120601895084224 23.96527249987439
227.77083333333334 26.11331226704737 23.960646041873698
228.27083333333334 26.10610251589129 23.956067576694583
228.77083333333331 26.09894637057618 23.951484749696217
229.27083333333334 26.09174025646366 23.946915248449354
229.77083333333334 26.08457213177138 23.942359482355954
230.27083333333331 26.077449904086162 23.93781084918274
230.77083333333334 26.07030653734747 23.933290733032052
231.27083333333334 26.06326897838507 23.92877137836974
231.77083333333331 26.05616007178876 23.924260207110315
232.27083333333334 26.049134700615475 23.91976416920151
232.77083333333334 26.04208730972742 23.91528880461401
233.27083333333334 26.035112879578158 23.910812763839044
233.77083333333334 26.02811632661038 23.9063480592458
234.27083333333334 26.021140207369278 23.90189749460653
234.77083333333334 26.014222266561124 23.897460620414705
235.27083333333334 26.007355370776754 23.89304614417471
235.77083333333334 26.000411571030412 23.88862304529908
236.27083333333334 25.99355439040498 23.884227183470436
236.77083333333334 25.986708718156027 23.87983402899679
237.27083333333334 25.979872285381454 23.875457284785497
237.77083333333334 25.97310363115314 23.871076899547177
238.27083333333334 25.9663074114739 23.86672432913659
238.77083333333334 25.95957755449075 23.8623848655396
239.27083333333334 25.952852674602987 23.858044796958872
239.77083333333334 25.946097452843993 23.853714781277585
240.27083333333334 25.93942188482825 23.84940638454384
240.77083333333334 25.93278178588371 23.845096606254085
241.27083333333334 25.926138706160312 23.840812997178084
241.77083333333334 25.91950942627047 23.83652157722793
242.27083333333334 25.912925284239748 23.832242723102578
242.77083333333334 25.906312601452367 23.827975530787437
243.27083333333334 25.89977499289619 23.823717090754613
243.77083333333334 25.893230412453203 23.819481290213016
244.27083333333334 25.88670709193248 23.815253270981582
244.77083333333334 25.880204539673745 23.81102369300537
245.27083333333334 25.87367612054411 23.80681022591151
245.77083333333334 25.867278961487372 23.80262387923734
246.27083333333334 25.860789895567482 23.798435445393665
246.77083333333334 25.85442015541659 23.794233370750007
247.27083333333334 25.84798005009826 23.790063397078622
247.77083333333334 25.84164413360861 23.785886091878886
248.27083333333334 25.83523096472744 23.78173465008214
248.77083333333334 25.828946519079498 23.777610124028882
249.27083333333334 25.822609347057185 23.77347411632563
249.77083333333334 25.816287243574223 23.769336482865683
250.27083333333334 25.810018216552436 23.765209705714806
250.77083333333334 25.8037440624034 23.7611143939681
251.27083333333334 25.797505523598975 23.75701765137805
251.77083333333334 25.791269396043155 23.75291402861282
252.27083333333334 25.785042127462866 23.748845071257193
252.77083333333334 25.778849155609755 23.744759958774804
253.27083333333334 25.77266468068703 23.74070586527739
253.77083333333334 25.76651510200445 23.73664671434732
254.27083333333334 25.760365262058137 23.732600892733366
254.77083333333334 25.75426276532664 23.728559427871332
255.27083333333334 25.748157137556884 23.724528916531877
255.77083333333334 25.742081824343618 23.720512762870413
256.2708333333333 25.73599455924423 23.716502353099255
256.7708333333333 25.729962812009312 23.712497317235304
257.2708333333333 25.723896759875622 23.708488914068774
257.7708333333333 25.717916931642787 23.704501781012052
258.2708333333333 25.71188669878111 23.700527915475394
258.7708333333333 25.705896094268994 23.696553879926068
259.2708333333333 25.699964452228304 23.692593335362382
259.7708333333333 25.694003896158385 23.688646968836082
260.2708333333333 25.688093304488188 23.68470037936739
260.7708333333333 25.682164645971852 23.68075688117139
261.2708333333333 25.676214894318722 23.676826518034908
261.7708333333333 25.670348072390556 23.672892983501256
262.2708333333333 25.66449341792888 23.668986172706084
262.7708333333333 25.65864019835253 23.665081381055238
263.2708333333333 25.652805136322144 23.661169335327166
263.7708333333333 25.646973147988092 23.657276586231333
264.2708333333333 25.641164007900656 23.65339786071872
264.7708333333333 25.63539766353596 23.64951746783895
265.2708333333333 25.62961014952368 23.645644085274643
265.7708333333333 25.623856733363862 23.641798124965252
266.2708333333333 25.618083204489007 23.6379368029008
266.7708333333333 25.61239525702241 23.634087037394202
267.2708333333333 25.60665819537292 23.63024134067858
267.7708333333333 25.600951877677176 23.626417307802427
268.2708333333333 25.595268788682922 23.622576595907084
268.7708333333333 25.589624226719373 23.618761538762882
269.2708333333333 25.583975593598566 23.614948192488004
269.7708333333333 25.578337684993645 23.611142200643368
270.2708333333333 25.57270351064644 23.607350248176378
270.7708333333333 25.567099370751535 23.603556059522184
271.2708333333333 25.561469082664164 23.599766714498255
271.7708333333333 25.555910313805445 23.595983758667195
272.2708333333333 25.55035533391767 23.592230136009462
272.7708333333333 25.54481938825736 23.588463352575445
273.2708333333333 25.53927595116378 23.584706079936804
273.7708333333333 25.53375246550069 23.58095955204451
274.2708333333333 25.528246614484402 23.577225037894692
274.7708333333333 25.522756716876465 23.573499072191527
275.2708333333333 25.517291371316485 23.569770783173077
275.7708333333333 25.511833348372136 23.566061299357788
276.2708333333333 25.506384491307376 23.562353199040984
276.7708333333333 25.50094924668646 23.558650145278662
277.2708333333333 25.495537511302693 23.55496251428312
277.7708333333333 25.490125779914642 23.551273294156893
278.2708333333333 25.484749237270613 23.547603517324035
278.7708333333333 25.479391993565667 23.543919929004037
279.2708333333333 25.47401823665051 23.54027216042896
279.7708333333333 25.468674573279955 23.53660956860534
280.2708333333333 25.463342016214142 23.53295471917411
280.7708333333333 25.458004028653157 23.52931190571079
281.2708333333333 25.452706148146195 23.525674356959595
281.7708333333333 25.4474010418993 23.522047951163007
282.2708333333333 25.442143916324497 23.518430611714752
282.7708333333333 25.436890593346174 23.514810811515932
283.2708333333333 25.431640536932065 23.51118941671608
283.7708333333333 25.42638561421345 23.507603165282486
284.2708333333333 25.42114823244894 23.50400470628077
284.7708333333333 25.41593473069765 23.50041509480201
285.2708333333333 25.410733877677686 23.496840310802366
285.7708333333333 25.40552976762037 23.493262387242467
286.2708333333333 25.400386524828544 23.489698005761927
286.7708333333333 25.395190655236842 23.486125631187527
287.2708333333333 25.390056929647393 23.48256497965071
287.7708333333333 25.384914410636853 23.479012070824922
288.2708333333333 25.379763724015465 23.47547118858777
288.7708333333333 25.374698546517386 23.47194947318051
289.2708333333333 25.369544873566852 23.468411708302046
289.7708333333333 25.364441137427608 23.464875989777738
290.2708333333333 25.35938567790791 23.46136713729168
290.7708333333333 25.354309880300182 23.457846392824912
291.2708333333333 25.349263318491072 23.454333212952648
291.7708333333333 25.344210778219992 23.450818358428478
292.2708333333333 25.339175032183327 23.44733897982847
292.7708333333333 25.334149873838566 23.443842241086855
293.2708333333333 25.329143440814683 23.440355945429815
293.7708333333333 25.324156289144298 23.436886876359967
294.2708333333333 25.31913337692092 23.43341877575618
294.7708333333333 25.31414819039429 23.429936839502155
295.2708333333333 25.309175163318876 23.426465629995874
295.7708333333333 25.304232648171684 23.423010872379344
296.2708333333333 25.299302169829726 23.419568468155543
296.7708333333333 25.29435326592578 23.41611712081979
297.2708333333333 25.289421006347954 23.412675501815052
297.7708333333333 25.28449875382045 23.409240928144115
298.2708333333333 25.27959393875854 23.405799124523533
298.7708333333333 25.27474696847022 23.402382621106437
299.2708333333333 25.26980779076944 23.39896254678985
299.7708333333333 25.264948342388465 23.39554720247144
300.2708333333333 25.26008662966829 23.392134891373
300.7708333333333 25.255226283799026 23.388729436376998
301.2708333333333 25.25037919387141 23.38533648612032
301.7708333333333 25.245547157143925 23.381939055893536
302.2708333333333 25.240710071944687 23.378528009644675
302.7708333333333 25.23590731302688 23.37515458214184
303.2708333333333 25.231089672697443 23.371777331214542
303.7708333333333 25.226289950202695 23.36840611927695
304.2708333333333 25.221526828345937 23.36502996430081
304.7708333333333 25.216750047431603 23.361675727892063
305.2708333333333 25.211977993339385 23.35830566861179
305.7708333333333 25.20723340949791 23.354957916274866
306.2708333333333 25.202468396914988 23.351598032967136
306.7708333333333 25.19773666797404 23.3482602615724
307.2708333333333 25.193006745144828 23.344921642423998
307.7708333333333 25.188253270238164 23.34156319181239
308.2708333333333 25.1835814415395 23.338244013707424
308.7708333333333 25.17885486020679 23.334908972465342
309.2708333333333 25.17416784396722 23.33157910881158
309.7708333333333 25.169481570214053 23.32826175956344
310.2708333333333 25.16482137828394 23.324948882326613
310.7708333333333 25.160153411780843 23.321638664048642
311.2708333333333 25.15550407830403 23.318336201203806
311.7708333333333 25.150848221221782 23.31503533180829
312.2708333333333 25.14621055261223 23.31175089221087
312.7708333333333 25.141592609828486 23.308458411724136
313.2708333333333 25.136974287640918 23.30517017842713
313.7708333333333 25.132370380384824 23.30189816712112
314.2708333333333 25.127764561481875 23.298625923421746
314.7708333333333 25.123177065010953 23.295360254650387
315.2708333333333 25.118600725564146 23.292096360773694
315.7708333333333 25.114029382155785 23.288839466396997
316.2708333333333 25.109495953462066 23.285596854211526
316.7708333333333 25.10490516102944 23.28233822334152
317.2708333333333 25.100374861780384 23.279091908205075
317.7708333333333 25.095856252932293 23.275862668112197
318.2708333333333 25.091330412491985 23.272632309028833
318.7708333333333 25.08680100597769 23.269407406110698
319.2708333333333 25.082314974604046 23.266182361281516
319.7708333333333 25.077817947430102 23.26295955380338
320.2708333333333 25.073342663764887 23.259757289603908
320.7708333333333 25.068852903099575 23.256547971231143
321.2708333333333 25.06438211490928 23.25334872294677
321.7708333333333 25.059927980499697 23.250136842867207
