FastTrWP/PhaseSpace/IAs/snIa_0.39_30.00_-0.76_-0.15.csv
# %ECSV 0.9
# ---
# datatype:
# - {name: time-rel, datatype: float64}
# - {name: g, datatype: float64}
# - {name: i, datatype: float64}
# schema: astropy-2.0
time-rel g i
[from data line 1415]
304.4999999999999 23.53896330666137 22.744467696327042
305.0 23.54070656497361 22.745246782208106
305.5 23.54243353618603 22.746043194892167
305.9999999999999 23.5441746802801 22.746813822407997
306.5 23.54591691992164 22.747612624263365
307.0 23.54765841744097 22.748397322824758
307.4999999999999 23.549398933431988 22.749190705422247
308.0 23.55115197608303 22.749986989194593
308.5 23.552883379305992 22.750790504470146
308.9999999999999 23.554631493410113 22.75158494126359
309.5 23.556369441767387 22.752385549047283
310.0 23.558133062368007 22.753195784596922
310.4999999999999 23.559882409517883 22.754003042128055
311.0 23.561630063603886 22.754809200999063
311.5 23.5633779558328 22.755619977596876
311.9999999999999 23.56513538869335 22.75643742076451
312.5 23.56689840558291 22.757251993310085
313.0 23.568643346037778 22.75807020773906
313.4999999999999 23.570409100235548 22.758886071307902
314.0 23.572162810185304 22.759712677810604
314.5 23.573918970328343 22.76052900871607
314.9999999999999 23.575690889657267 22.76136483767649
315.5 23.57746136670661 22.762191394049708
316.0 23.579217639149622 22.763017461721425
316.4999999999999 23.580985802028934 22.763857039689817
317.0 23.582751570034276 22.76469367792807
317.5 23.584529210363037 22.765540066788738
317.9999999999999 23.58628474843325 22.766387141907295
318.5 23.588073847895462 22.767233066778168
319.0 23.589839807347914 22.76808900880244
319.4999999999999 23.591608787371797 22.768947462460815
320.0 23.59338564655118 22.769801412454903
320.5 23.59516181505367 22.770666979444773
320.9999999999999 23.596943175391786 22.77153293946496
321.5 23.59873151404841 22.772402704676665
322.0 23.60050820658623 22.773270268297882
322.4999999999999 23.602290878883075 22.774147700291838
323.0 23.60406431277971 22.775036355381513
323.5 23.605851673284718 22.77591887286915
323.9999999999999 23.607631571408096 22.776796854379214
324.5 23.609421044091988 22.777685069355993
325.0 23.611217904601123 22.778571156476524
325.4999999999999 23.612998639686744 22.779462041339485
326.0 23.614793475411673 22.780362288662083
326.5 23.61659000868761 22.781264734896688
326.9999999999999 23.618375232719146 22.78215785701513
327.5 23.62017742870016 22.783061311081898
328.0 23.6219794821291 22.783971309984572
328.4999999999999 23.623772257499837 22.784875300764963
329.0 23.625560503585362 22.785780972668483
329.5 23.62735442528988 22.786688543213533
329.9999999999999 23.62916970538851 22.787606373130345
330.5 23.63096422687373 22.788525667634442
331.0 23.63276678849422 22.789439679151442
331.4999999999999 23.63457364621645 22.790360145732194
332.0 23.63638223391717 22.791279810201026
332.5 23.638194749217625 22.792201747092978
332.9999999999999 23.639996022124137 22.79313131554719
333.5 23.641807452681775 22.794055470909512
334.0 23.643615151848778 22.79498271167329
334.4999999999999 23.645431063471417 22.795912915553163
335.0 23.647244732340486 22.796839408156128
335.5 23.64905021471096 22.797776885504575
335.9999999999999 23.650874057305657 22.798711066130743
336.5 23.65269138204111 22.799641091810273
337.0 23.654494177271626 22.800573110211282
337.4999999999999 23.6563260203773 22.801511311591444
338.0 23.65813627146466 22.80245158008381
338.5 23.6599554779087 22.803388035021804
338.9999999999999 23.661771872736406 22.80433013942002
339.5 23.66360281485072 22.805263151552456
340.0 23.66542302856591 22.806205285605632
340.4999999999999 23.667251378263767 22.807147759265053
341.0 23.66907904124844 22.808082282591915
341.5 23.670897547961587 22.80902292025589
341.9999999999999 23.672730735666427 22.80996827173622
342.5 23.67455355549168 22.8109079249635
343.0 23.676383599814244 22.811843888173236
343.4999999999999 23.678224775049486 22.81278540481904
344.0 23.680054669459114 22.81373459712794
344.5 23.68187864777823 22.814672821028864
344.9999999999999 23.683719498936355 22.815616059911207
345.5 23.68555830182036 22.816552990320087
346.0 23.687396978989064 22.817493280533462
346.4999999999999 23.689221254383547 22.8184368986096
347.0 23.691059007937803 22.81937175401602
347.5 23.692902730751804 22.820316413102923
347.9999999999999 23.694740529012993 22.821251557298098
348.5 23.69657620815665 22.82218955904341
349.0 23.698421067946413 22.823133758738052
349.4999999999999 23.700266249533122 22.824072865023485
350.0 23.70211851599663 22.825002111148464
350.5 23.703952601006314 22.825945014353874
350.9999999999999 23.705803944518138 22.826898681580555
351.5 23.707659149766123 22.827837581270387
352.0 23.709496177646116 22.82879083902964
352.4999999999999 23.711339523749754 22.82973178789783
353.0 23.713195941761835 22.830693956220735
353.5 23.715054982288404 22.83163931408684
353.9999999999999 23.716911501458114 22.83259303213587
354.5 23.718754698701574 22.833541922864576
355.0 23.720600386235677 22.83450319972747
355.4999999999999 23.72246486661714 22.835457810763586
356.0 23.72431802845837 22.836414087995678
356.5 23.726179080693093 22.837375849606367
356.9999999999999 23.72804830971728 22.838336092305312
357.5 23.729903536309394 22.839299863436388
358.0 23.73176410414043 22.84025836041704
358.4999999999999 23.733629426102926 22.84122191162467
359.0 23.735492104737204 22.8421909881305
359.5 23.737353868375983 22.843151127849172
359.9999999999999 23.73922560726008 22.844123223977473
360.5 23.74108955993716 22.845092303522897
361.0 23.742953170322068 22.846063407803424
361.4999999999999 23.744815937119157 22.847034517800772
362.0 23.74668902067814 22.848008088591136
362.5 23.748563269991372 22.848979782847962
362.9999999999999 23.750427420549375 22.849948237433125
363.5 23.752317110583647 22.850910244340085
364.0 23.754186466224606 22.851892926083433
364.4999999999999 23.756069142652553 22.85287516945276
365.0 23.757944444634145 22.853845077151817
365.5 23.759823804160586 22.854820077925567
365.9999999999999 23.761702044215557 22.85578296516803
366.5 23.76357883359811 22.856768059591445
367.0 23.765460391521003 22.857744169375916
367.4999999999999 23.767338417031226 22.858730120754895
368.0 23.769228827091034 22.8596963658811
368.5 23.771109129694672 22.860667980026747
368.9999999999999 23.772996247370184 22.861646768000806
369.5 23.774888977577277 22.862629452151918
370.0 23.776776772936135 22.863608642187245
370.4999999999999 23.778676141874225 22.86458489026341
371.0 23.78056463609866 22.86556275358821
371.5 23.782436373659607 22.86653638313521
371.9999999999999 23.784345428812543 22.867520012778083
372.5 23.786240264128296 22.868493902288737
373.0 23.788131356572162 22.869473522133013
373.4999999999999 23.790031066304174 22.870443753486356
374.0 23.79192846953005 22.871420421126672
374.5 23.79384110303555 22.872395415540645
374.9999999999999 23.795721608091096 22.87337169749189
375.5 23.797630483309046 22.87435321604654
376.0 23.79953054051996 22.875321584118176
376.4999999999999 23.801433415437053 22.87629255251346
377.0 23.803321046807945 22.877271195011076
377.5 23.805247404090967 22.878250368830642
377.9999999999999 23.80714984696987 22.879213479748014
378.5 23.8090683696324 22.880190943282578
379.0 23.810964998772572 22.88115193462975
379.4999999999999 23.812867579729463 22.882126457516833
380.0 23.814780150483948 22.883098075209706
380.5 23.81670598486103 22.88405942582183
380.9999999999999 23.81860848479791 22.88502577398164
381.5 23.820524596732323 22.88599926026794
382.0 23.822445985438435 22.88696493991558
382.4999999999999 23.82435079437395 22.887924013360713
383.0 23.826275949945494 22.88889565284073
383.5 23.828197071918773 22.8898502431621
383.9999999999999 23.830108107352103 22.890815566705136
384.5 23.83201913809771 22.89178445655321
385.0 23.833955553865724 22.892740861909793
385.4999999999999 23.835873089873484 22.89370266801278
386.0 23.837792386455618 22.894660392224438
386.5 23.83972082736534 22.895637466776346
387.0 23.841649783933686 22.896590530560115
387.5 23.843568159135145 22.89754169970168
388.0 23.845496341175124 22.89851704147281
388.5 23.847425529154176 22.899470913966574
389.0 23.84935404599043 22.900436666048954
389.5 23.851284310414982 22.901393326401532
390.0 23.85320474797604 22.902353627591417
390.5 23.855144187799485 22.90330692037223
391.0 23.85707462070894 22.90427438556927
391.5 23.859019771490672 22.905228347272857
392.0 23.86093265986677 22.906195117023156
392.5 23.86288438999882 22.907155312879034
393.0 23.864808296267427 22.908114211626756
393.5 23.86675610349815 22.909069645805808
394.0 23.868689002185512 22.910033723698948
394.5 23.870632567352086 22.910989965413535
395.0 23.87257474581965 22.91195438176237
395.5 23.874519885655342 22.912907790245782
396.0 23.876461092361918 22.913855915068368
396.5 23.878416390632342 22.91482296731308
397.0 23.880344870397202 22.915783392808105
397.5 23.882305948976356 22.916739459229394
398.0 23.884247077939698 22.917697387380542
398.5 23.88619490916433 22.91866044435844
399.0 23.8881519258091 22.91961577846246
399.5 23.89008997405209 22.920567873793285
400.0 23.89205400401125 22.92153140748443
400.5 23.89400543566581 22.922486259609197
401.0 23.895959328976414 22.923441711325946
401.5 23.897925375376893 22.92440675268385
402.0 23.89987783678521 22.92536134547411
402.5 23.901847577308075 22.926315921291657
403.0 23.90379240327203 22.92727661414688
403.5 23.90576403100568 22.928231396243532
404.0 23.907727231888586 22.929183664675897
404.5 23.909695005627015 22.93014310065911
405.0 23.911659306626426 22.93109899506365
405.5 23.91362264014009 22.93205513743041
406.0 23.915600107594752 22.933024000587757
406.5 23.917577614096537 22.933976583604917
407.0 23.919543382360523 22.934934450553474
407.5 23.921514941441927 22.935889186918583
408.0 23.92350641960199 22.93684837883598
408.5 23.925477203692758 22.93780343339384
409.0 23.927460727207347 22.938762348921053
409.5 23.92943766239686 22.9397163298814
410.0 23.931409853293296 22.940679595158272
410.5 23.933397635271398 22.941635548357606
411.0 23.935394958137422 22.94258756044269
411.5 23.937359002040147 22.9435438702769
412.0 23.939357517855406 22.944508340875313
412.5 23.941355860967253 22.945461041979772
413.0 23.94334525696726 22.94641804590789
413.5 23.94533739330428 22.94737768376054
414.0 23.947336965027446 22.948342692646833
414.5 23.949334331305433 22.949290053702697
415.0 23.951337197574748 22.950251669848477
415.5 23.953326468096996 22.95120838969106
416.0 23.95532559714137 22.95217005619191
416.5 23.957342309437713 22.953133711788567
417.0 23.95934053299976 22.954084212597113
417.5 23.9613426930081 22.955043570157073
418.0 23.96335117709325 22.956007538830896
418.5 23.9653740700465 22.956959359169918
419.0 23.967371906140063 22.957918932612618
419.5 23.969382446589094 22.958878045397768
420.0 23.97138910531721 22.959821700568387
420.5 23.973417273888565 22.960789709183764
421.0 23.97542846536386 22.961750795804612
421.5 23.97744036840296 22.962704536169337
422.0 23.979457047184862 22.963659281970564
422.5 23.981473199959737 22.96461734705856
423.0 23.983502040137292 22.965570143736706
423.5 23.985515314605248 22.9665287651129
424.0 23.98755231658307 22.967486443198748
424.5 23.98958304130032 22.968437225727104
425.0 23.99159216955688 22.969392862730864
425.5 23.99361871225039 22.970350443097406
426.0 23.995663821454222 22.971310337380423
426.5 23.99769910999771 22.972272065641953
427.0 23.999723986394347 22.973215716743486
427.5 24.00176389137549 22.974168742064993
428.0 24.00380177083678 22.975132830878525
428.5 24.005818774671972 22.976085618292323
429.0 24.007867592460382 22.977043868673306
429.5 24.009911050174644 22.978000715679432
430.0 24.011957295582018 22.978954723964044
430.5 24.01398926144693 22.979915616218697
431.0 24.01603426048455 22.980862088303056
431.5 24.018084771061837 22.98182233794845
432.0 24.020134628593937 22.982768465712923
432.5 24.02218316153119 22.983729186954687
433.0 24.024231052332397 22.984689635994577
433.5 24.026292422295338 22.985646455195816
434.0 24.028343257028773 22.986605113751423
434.5 24.030397164951843 22.987554934566845
435.0 24.032443163727276 22.988505863042118
435.5 24.034498259312677 22.989468709681947
436.0 24.036579633201384 22.990426082167666
436.5 24.038640396342025 22.99136948251111
437.0 24.04069497759425 22.99233127925444
437.5 24.042771270877207 22.99328733142343
438.0 24.0448454047837 22.99425072304188
438.5 24.04691437198249 22.995203543241544
439.0 24.048983542708356 22.99615591605277
439.5 24.051063395329656 22.997114643302506
440.0 24.053138707810145 22.998064519057728
440.5 24.055212159124135 22.999029803038912
441.0 24.057298226184194 22.999982664625378
441.5 24.059374776762596 23.000936619047604
442.0 24.061471781236065 23.00189911677109
442.5 24.063533142095284 23.002854262726956
443.0 24.065632467902617 23.003807169937392
443.5 24.06771849339769 23.004754535603308
444.0 24.069800209955233 23.00572007580621
444.5 24.071911257707548 23.006677031109696
445.0 24.0740187478124 23.007635737729174
445.5 24.076095087123022 23.00857974660691
446.0 24.078207652881282 23.00955472536191
446.5 24.080302415953653 23.010502954548848
447.0 24.08240507401459 23.01146379814366
447.5 24.084506888286903 23.012419321916823
448.0 24.086621335626624 23.013379008536003
448.5 24.088726531161008 23.014338540122946
449.0 24.09084015616112 23.015295635647178
449.5 24.092978116180603 23.01625614809383
450.0 24.09506887861071 23.017211942416882
450.5 24.09718728316149 23.018172837130017
451.0 24.099314002908873 23.019135455909698
451.5 24.101453075827884 23.02008880080215
452.0 24.10355816478543 23.021045214742028
452.5 24.105692349120474 23.02200480196417
453.0 24.107816332238716 23.022961516332593
453.5 24.109944345516 23.02392162471414
454.0 24.112087290596712 23.02488306994975
454.5 24.11419937616641 23.02583958732538
455.0 24.116349613672163 23.026795827797436
455.5 24.11847786739884 23.02775056506009
456.0 24.120634010526494 23.028714067007833
456.5 24.12276281987875 23.02967169354121
457.0 24.124907462612764 23.0306274751413
457.5 24.127063118222924 23.03158586901204
458.0 24.129203510027587 23.032541819983578
458.5 24.13135692586983 23.033505427220845
459.0 24.1335064071217 23.03446516116223
459.5 24.135658605489148 23.03542160431759
460.0 24.13781202823803 23.036381978926933
460.5 24.139961886248837 23.037344711837918
461.0 24.142120751442143 23.038309596322286
461.5 24.144307001639618 23.039255732754448
462.0 24.14644369247771 23.040215953377988
462.5 24.148607539068564 23.04116910022625
463.0 24.15078572390662 23.042130032554482
463.5 24.15295471496225 23.043091443253445
464.0 24.155117383740436 23.044061661268486
464.5 24.157309975107488 23.045019601271278
465.0 24.15946140594547 23.04596780486293
465.5 24.16164596593713 23.046927357473393
466.0 24.163826619240027 23.047891900089056
466.5 24.16601298375282 23.048859573605206
467.0 24.16818623504366 23.049812477192603
467.5 24.170374908211713 23.05077093397024
468.0 24.172556164363897 23.051729977045085
468.5 24.17475183516688 23.05267953105464
469.0 24.176924369619208 23.05364429693671
469.5 24.179156941043875 23.05459924138418
470.0 24.1813503341493 23.05556814108174
470.5 24.183524786872024 23.05652478607532
471.0 24.185715972757684 23.057479288999435
471.5 24.187928912683976 23.058438585683696
472.0 24.190133684509835 23.05940447436604
472.5 24.192336855915485 23.06036168031372
473.0 24.19455081885885 23.061323866669063
473.5 24.196747196736247 23.062269605335402
474.0 24.198971585861294 23.063238704627025
474.5 24.20117862068896 23.06420605345458
475.0 24.203408047811067 23.06515623185332
475.5 24.205615081440843 23.066126114534033
476.0 24.207837558293832 23.067073266437852
476.5 24.210053857957668 23.06804768830912
477.0 24.212273501407424 23.06899987797568
477.5 24.21450390244964 23.069955513111907
478.0 24.21674208399957 23.07092609135963
478.5 24.218966106287194 23.071886343832787
479.0 24.221191083704326 23.072841805073597
479.5 24.223435940889217 23.073798991808005
480.0 24.225675822342478 23.074764986603444
480.5 24.22791359129326 23.075725849784963
481.0 24.230150910328298 23.076677432566896
