FastTrWP/PhaseSpace/IAs/snIa_0.63_30.00_1.59_0.01.csv
# %ECSV 0.9
# ---
# datatype:
# - {name: time-rel, datatype: float64}
# - {name: g, datatype: float64}
# - {name: i, datatype: float64}
# schema: astropy-2.0
time-rel g i
[from data line 363]
-322.0 24.92047137310854 23.182411555231806
-321.5 24.917068603346813 23.179356064374712
-321.0 24.913679594425197 23.176303129377587
-320.5 24.910298967694423 23.173275094512597
-320.0 24.906922966626315 23.170249859150168
-319.5 24.903552380453156 23.167232622878995
-319.0 24.900187053444558 23.164242341583083
-318.5 24.8968356548913 23.16123991030269
-318.0 24.893479044850295 23.158258142784813
-317.5 24.890146787625223 23.155291709858517
-317.0 24.88682169145115 23.1523400965108
-316.5 24.8834715044236 23.149389352007855
-316.0 24.880176109097157 23.1464399499068
-315.5 24.876838121701738 23.143509928786052
-315.0 24.873544467916258 23.14058503168937
-314.5 24.870232230870467 23.137670925161157
-314.0 24.86694341545553 23.134768259591194
-313.5 24.863654069906183 23.131887317351403
-313.0 24.860354528943237 23.12899449659681
-312.5 24.8571088121275 23.126116693851337
-312.0 24.853807093009536 23.123261430138715
-311.5 24.850554755224763 23.12040565122978
-311.0 24.847290326926895 23.117558867140854
-310.5 24.844046432188257 23.11472598309473
-310.0 24.840792321628836 23.111882263291573
-309.5 24.837545805284222 23.10907686345415
-309.0 24.834321222032017 23.10627387431003
-308.5 24.83107367815892 23.103467812046908
-308.0 24.827851626275116 23.100669215989605
-307.5 24.824632737719448 23.097893987937272
-307.0 24.821430731417845 23.09511584649577
-306.5 24.818214492753334 23.092350713321114
-306.0 24.815021306949113 23.089591021061384
-305.5 24.811810661327826 23.086850785898257
-305.0 24.808641754227374 23.084103201827514
-304.5 24.80546432207007 23.08136682164963
-304.0 24.80226869285916 23.078642304234513
-303.5 24.79909627772503 23.07591770851001
-303.0 24.795891627811773 23.07321573456872
-302.5 24.792767545732683 23.070508239202162
-302.0 24.789597169741178 23.06782632772057
-301.5 24.786435885955946 23.065136794798313
-301.0 24.783297165354185 23.06245075573033
-300.5 24.78016091447508 23.05978426300536
-300.0 24.77701791237076 23.05711904910592
-299.5 24.773875452556602 23.05446610901308
-299.0 24.770748802706642 23.05180920148587
-298.5 24.767635005836112 23.049173213074393
-298.0 24.76451213445616 23.04654342853626
-297.5 24.761383589462596 23.04390989827196
-297.0 24.758277632163992 23.041285034310803
-296.5 24.7551998942838 23.03867746344492
-296.0 24.75209423778154 23.036080838386827
-295.5 24.748988462928196 23.033473240125627
-295.0 24.745889052985174 23.03087728641404
-294.5 24.74282304550308 23.028302377273345
-294.0 24.739731971329206 23.02571832869871
-293.5 24.73665221138065 23.023141082604866
-293.0 24.733591539654682 23.020575560993475
-292.5 24.73053566653958 23.018024890372
-292.0 24.72745651620672 23.015463523966048
-291.5 24.72440160797891 23.012921690975414
-291.0 24.721363714620715 23.010386185421137
-290.5 24.718319374951786 23.007858933930486
-290.0 24.71527289177113 23.00533518808473
-289.5 24.712218345193946 23.002819814511845
-289.0 24.709206659104296 23.000311083302453
-288.5 24.706197524011063 22.99780864589572
-288.0 24.70317690460519 22.995319113386547
-287.5 24.700146239738793 22.992829300905463
-287.0 24.697156982453883 22.990349790454758
-286.5 24.694145907174377 22.987881985071468
-286.0 24.691153845428403 22.985425407874743
-285.5 24.68817190855559 22.98296039797254
-285.0 24.685166797882005 22.98051980744131
-284.5 24.68218008122082 22.978075066818995
-284.0 24.67919505109591 22.975633198938816
-283.5 24.676237766923247 22.973210068514458
-283.0 24.67326289388874 22.97077860812333
-282.5 24.67029956121099 22.968372703048313
-282.0 24.667354020096305 22.96596152134164
-281.5 24.664384821333726 22.963547593346107
-281.0 24.66142458122985 22.961162274314447
-280.5 24.65849901049414 22.95877308240081
-280.0 24.655559319479377 22.9563838035476
-279.5 24.65260892383148 22.954006753273895
-279.0 24.649708448061403 22.9516408751758
-278.5 24.646769420102736 22.94927629210838
-278.0 24.64384129429049 22.946908314521362
-277.5 24.64094206082574 22.9445651499497
-277.0 24.637999681718536 22.942220988548215
-276.5 24.635117690359962 22.93987750333221
-276.0 24.63220971366308 22.937539797700502
-275.5 24.629312401632518 22.935221868213162
-275.0 24.626396423375567 22.932898004007285
-274.5 24.623525770166616 22.93058141214535
-274.0 24.620630323019057 22.92827826050448
-273.5 24.617745161256714 22.92596775651277
-273.0 24.61488068368311 22.923664502731693
-272.5 24.611995197389454 22.9213736326017
-272.0 24.609122575352345 22.919076913401696
-271.5 24.606275731904464 22.916805549940683
-271.0 24.60338934597687 22.91452859401437
-270.5 24.600542021856533 22.91225752882399
-270.0 24.59769389348707 22.909997772262546
-269.5 24.594825504098257 22.9077336250084
-269.0 24.591991987354245 22.905476346357027
-268.5 24.58913859799344 22.903240082065324
-268.0 24.586319597254153 22.900986325734586
-267.5 24.583473350455712 22.89874397112177
-267.0 24.580617070419844 22.896517820658463
-266.5 24.577804836667223 22.894293014302253
-266.0 24.57498789329741 22.892064817448407
-265.5 24.57216093464814 22.889850377704555
-265.0 24.569354521406495 22.887629832952992
-264.5 24.566543994407432 22.88542939235159
-264.0 24.563717400630548 22.88322083800645
-263.5 24.560919602238926 22.881025302121756
-263.0 24.55813616697863 22.878825565969482
-262.5 24.555315012133114 22.876641321617235
-262.0 24.552518028838346 22.87445974581444
-261.5 24.549728869513125 22.87228124167975
-261.0 24.546951987843254 22.87010765831574
-260.5 24.544157230574744 22.867934516451363
-260.0 24.541359975049986 22.865773474513375
-259.5 24.538603838055984 22.863597049175834
-259.0 24.5358274351539 22.861443307262768
-258.5 24.533059941195397 22.85929830362569
-258.0 24.53026391100834 22.85715426302911
-257.5 24.527503030478247 22.8550110976159
-257.0 24.524755931649352 22.852877016679912
-256.5 24.521981804836088 22.85074390951006
-256.0 24.519223446119067 22.848613822535423
-255.5 24.516475146086826 22.84648789216083
-255.0 24.513715028354582 22.844372150709695
-254.5 24.51099337373808 22.842247554749683
-254.0 24.50822536933513 22.84013622111882
-253.5 24.50547923847769 22.83803172686078
-253.0 24.502754528267157 22.8359310899426
-252.5 24.500027195515692 22.83383150676333
-252.0 24.497276135489248 22.831741494240244
-251.5 24.49456261611384 22.829645317453654
-251.0 24.491842811542362 22.82756281530738
-250.5 24.489114980226496 22.82548710085143
-250.0 24.486393678869028 22.823407911905555
-249.5 24.483695970978253 22.821341778161322
-249.0 24.480981748791756 22.819271041246584
-248.5 24.478252660800884 22.81721149462279
-248.0 24.47556019309348 22.81516175124392
-247.5 24.47286528565079 22.813104217695038
-247.0 24.470186540135668 22.811052448352548
-246.5 24.467472861607163 22.809010008556193
-246.0 24.46477752499943 22.806984141942102
-245.5 24.462099176324763 22.80494381148928
-245.0 24.45942920118837 22.80291225244113
-244.5 24.4567481218458 22.80088644035412
-244.0 24.454074586989506 22.79886308884718
-243.5 24.451398887534097 22.796843420584413
-243.0 24.44873971882601 22.7948347239747
-242.5 24.44607269774563 22.7928340500267
-242.0 24.4434066154194 22.790825505673787
-241.5 24.440744430384783 22.788822095342102
-241.0 24.438108923106956 22.786832668486138
-240.5 24.435443437044825 22.784839040767547
-240.0 24.432798370078626 22.782849907913707
-239.5 24.430164957517245 22.780862262754003
-239.0 24.427510749199662 22.778891341795358
-238.5 24.4248690704249 22.776922744009227
-238.0 24.422239134915156 22.774943934671377
-237.5 24.419618245481875 22.772983177935732
-237.0 24.41698269348973 22.77101263854967
-236.5 24.414351088333348 22.769061269986214
-236.0 24.411719829586165 22.767105867298095
-235.5 24.409110801839745 22.765150801125884
-235.0 24.40649647621603 22.763208059106873
-234.5 24.40387966965509 22.761263760900196
-234.0 24.40127676309315 22.759326097637434
-233.5 24.39866246856864 22.757389589712922
-233.0 24.396047564850672 22.75545467824351
-232.5 24.393465344848178 22.753530516349926
-232.0 24.390865240019828 22.751605283968942
-231.5 24.388263730844844 22.74968672133656
-231.0 24.38567106658345 22.747766858022885
-230.5 24.383071522838975 22.745857515797994
-230.0 24.38048879027916 22.74394520699007
-229.5 24.37789670489213 22.742044123214956
-229.0 24.375328241224757 22.740135982045267
-228.5 24.372745006841132 22.73823820730324
-228.0 24.370173048596403 22.736350313524483
-227.5 24.36759332505853 22.734455617177428
-227.0 24.365043937413414 22.732569421116636
-226.5 24.362474698955467 22.730691370800567
-226.0 24.359890205899216 22.728797043635744
-225.5 24.357330831438073 22.726926037918837
-225.0 24.35477419203726 22.72505000078002
-224.5 24.35220848204033 22.72317656035206
-224.0 24.349668263734866 22.721313952287517
-223.5 24.347115028148934 22.719457817948673
-223.0 24.344572061448865 22.717589761884764
-222.5 24.342007506394356 22.715728999161403
-222.0 24.339481218209464 22.713882450955097
-221.5 24.336925337295252 22.712029622573183
-221.0 24.334392751650263 22.710191939433866
-220.5 24.331862080105093 22.70834334078558
-220.0 24.329315795838284 22.70650567685569
-219.5 24.326782492841982 22.70466088203326
-219.0 24.32427055252971 22.702829385439443
-218.5 24.3217346936135 22.70100450821081
-218.0 24.31920757160629 22.699173032114423
-217.5 24.316694329708113 22.697343148861535
-217.0 24.314170817043745 22.695527502094222
-216.5 24.311672267403658 22.69370855783555
-216.0 24.309144451942775 22.69189087203256
-215.5 24.30663540526398 22.690087771942512
-215.0 24.30412712460505 22.688270922309464
-214.5 24.301616852154943 22.6864660973515
-214.0 24.29912656992964 22.684659261738446
-213.5 24.296622952347057 22.682863691951106
-213.0 24.294116698739426 22.681062399202922
-212.5 24.291602094932546 22.679267693940112
-212.0 24.28907982455386 22.677464841651314
-211.5 24.286562151516584 22.675669027585368
-211.0 24.284050976439197 22.673878089633426
-210.5 24.28153073014733 22.672075978049474
-210.0 24.27898813775354 22.670294291423644
-209.5 24.276464157766444 22.668502156759143
-209.0 24.273951672978534 22.666713861985926
-208.5 24.27142142284172 22.664932125015373
-208.0 24.26889713142678 22.663144682231767
-207.5 24.266380298501474 22.66136296834736
-207.0 24.26383417325272 22.65957739574803
-206.5 24.261305196529964 22.657807794672618
-206.0 24.258801612449048 22.656030113213387
-205.5 24.256249232404915 22.65426509797016
-205.0 24.25371182799731 22.652493826602836
-204.5 24.251206033020534 22.650721360099997
-204.0 24.24868893541053 22.64895902152482
-203.5 24.246180796407334 22.64719158403809
-203.0 24.243640541874505 22.645438546163565
-202.5 24.24111810069839 22.64367592929485
-202.0 24.238599531600432 22.64192519893232
-201.5 24.23607877006383 22.640172453531665
-201.0 24.23359659813826 22.63842953275049
-200.5 24.23108353565814 22.6366770519882
-200.0 24.228564273769738 22.634937362457176
-199.5 24.226053287994045 22.63319642717791
-199.0 24.223561644957496 22.6314578647453
-198.5 24.221068958176055 22.629723238666433
-198.0 24.218576515694497 22.62800135278344
-197.5 24.216093171300965 22.626277366255458
-197.00000000000006 24.213615123116277 22.62454896396431
-196.5 24.211153251127968 22.62283585483579
-196.0 24.20867878190437 22.621123993040545
-195.50000000000006 24.20620097317204 22.619411018928766
-195.0 24.20374461168159 22.617696219364888
-194.5 24.201271038197312 22.616005460864574
-194.00000000000006 24.198847587525208 22.614304735137985
-193.5 24.19638435746141 22.61260629551359
-193.0 24.19394389162384 22.610914091760165
-192.50000000000006 24.19150491392088 22.60922278827642
-192.0 24.189088199019274 22.607534810405955
-191.5 24.186663187587982 22.605855416686474
-191.00000000000006 24.184258036121534 22.604187095436515
-190.5 24.181844684962993 22.602514677307212
-190.0 24.17944624951828 22.600851663430255
-189.50000000000006 24.1770604146839 22.59918465187834
-189.0 24.17468617118589 22.59752926741548
-188.5 24.17229337648608 22.595876819157738
-188.00000000000006 24.16992957464133 22.59422629763184
-187.5 24.167561992436994 22.59257936932262
-187.0 24.165212508777664 22.590947898005922
-186.50000000000006 24.162882917327035 22.58930614828003
-186.0 24.16054909306736 22.587677666178216
-185.5 24.15821558514793 22.586049822536154
-185.00000000000006 24.155881275097887 22.584437563305343
-184.5 24.1535811769945 22.582819398674204
-184.0 24.151297260014392 22.58120467085981
-183.50000000000006 24.14900602226007 22.57960491274233
-183.0 24.146717769677227 22.578008134241117
-182.5 24.144435989153997 22.576406220581635
-182.00000000000006 24.142172367328545 22.574821695691206
-181.5 24.13993010160712 22.573237125918908
-181.0 24.137669173432652 22.571662104255736
-180.50000000000006 24.135445836690216 22.570086154026963
-180.0 24.133234800139682 22.56851951915969
-179.5 24.13102608706129 22.566964075537975
-179.00000000000006 24.12881912907325 22.56539773768004
-178.5 24.12663446636666 22.563854987364543
-178.0 24.12447250065533 22.56230388123797
-177.50000000000006 24.12230478526842 22.560767967454844
-177.0 24.120133834712586 22.559236104007546
-176.5 24.117994753313454 22.557704912689882
-176.00000000000006 24.115872226107406 22.55618403509981
-175.5 24.113752465205636 22.5546657074499
-175.0 24.11163923403075 22.553156821741126
-174.50000000000006 24.109534474802707 22.551650260907046
-174.0 24.1074574526638 22.55014620934749
-173.5 24.105362453619676 22.548651171428908
-173.00000000000006 24.103262845052868 22.547143414637766
-172.5 24.10118130406932 22.54566278788142
-172.0 24.09910300594882 22.54416925961926
-171.50000000000006 24.09703242234466 22.54268119921211
-171.0 24.094965305773904 22.541202316085034
-170.5 24.09289033697547 22.53972082786744
-170.00000000000006 24.090833752160258 22.538242591983824
-169.5 24.08877899239679 22.536764107802412
-169.0 24.08671854057114 22.535301609787993
-168.50000000000006 24.084697658040426 22.533837390542683
-168.0 24.082648082105 22.532369206146466
-167.5 24.080609611969898 22.530912519270107
-167.00000000000006 24.078585135878097 22.52945648602641
-166.5 24.076560347902962 22.528005237747287
-166.0 24.074530385024108 22.526556243098
-165.50000000000006 24.072513285591548 22.525115831956594
-165.0 24.07051722890961 22.523661980249003
-164.5 24.06851021025704 22.52222958415174
-164.00000000000006 24.066505822827303 22.520799078976452
-163.5 24.064507843222952 22.51937222076944
-163.0 24.062536538879286 22.517939543083493
-162.50000000000006 24.060558950947964 22.516519851074897
-162.0 24.058585578863795 22.51509993210611
-161.5 24.056625525879625 22.513680507649596
-161.00000000000006 24.05465572404808 22.512272767249218
-160.5 24.052710016801058 22.510863470459476
-160.0 24.05075382123041 22.50946112262475
-159.50000000000006 24.048795443798987 22.50806242001678
-159.0 24.04687383930765 22.506673552085452
-158.5 24.04493869822395 22.505277127025884
-158.00000000000006 24.043014484801848 22.503891993563304
-157.5 24.041111015355632 22.502509041990418
-157.0 24.03920351213496 22.501127279381596
-156.50000000000006 24.03729827988184 22.499749282198064
-156.0 24.03540061250711 22.49837739869144
-155.5 24.033523516079573 22.49701964143099
-155.00000000000006 24.031637533836523 22.495647995252472
-154.5 24.029764297262204 22.494289048572234
-154.0 24.02789244683087 22.49293719863546
-153.50000000000006 24.02603796057882 22.49158652824086
-153.0 24.024178934822288 22.490242180883463
-152.5 24.02233472551348 22.488907648062103
-152.00000000000006 24.020508948095213 22.48756111269659
-151.5 24.018678623351356 22.486229566377155
-151.0 24.016866592077314 22.48489764147589
-150.50000000000006 24.01504821161263 22.48358031065834
-150.0 24.01324495700785 22.482265374583147
-149.5 24.01145839911537 22.48094365653021
-149.00000000000006 24.00965491015491 22.479632520525136
-148.5 24.007869850523328 22.478331512505708
-148.0 24.006104917749003 22.477022339675372
-147.50000000000006 24.00433542856276 22.475725700693907
-147.0 24.002579200943536 22.47443843386625
