FastTrWP/PhaseSpace/IAs/snIa_0.49_30.00_-1.01_0.08.csv
# %ECSV 0.9
# ---
# datatype:
# - {name: time-rel, datatype: float64}
# - {name: g, datatype: float64}
# - {name: i, datatype: float64}
# schema: astropy-2.0
time-rel g i
[from data line 1735]
1100.1041666666667 25.19287903697532 22.79457456673184
1100.6041666666667 25.19513879412967 22.795511307873735
1101.1041666666667 25.19735711277209 22.796456897488476
1101.6041666666667 25.199615126502167 22.797407799791376
1102.1041666666667 25.20187970737483 22.79834996396229
1102.6041666666667 25.204141904653795 22.799288137422305
1103.1041666666667 25.206359239005252 22.800234493988256
1103.6041666666667 25.208602829800203 22.801183743492125
1104.1041666666667 25.21086310944561 22.80211511135976
1104.6041666666667 25.213109968440858 22.803058386925322
1105.1041666666667 25.215355163523192 22.804009194412092
1105.6041666666667 25.217626989426392 22.804949516672792
1106.1041666666667 25.219880143767398 22.805889355985897
1106.6041666666667 25.222114525495268 22.806832904700794
1107.1041666666667 25.224345683798912 22.80777140720153
1107.6041666666667 25.226613122874056 22.808712801980416
1108.1041666666667 25.228873687186358 22.80966678551481
1108.6041666666667 25.231118219568476 22.81060481265397
1109.1041666666667 25.233368302589007 22.81154746358971
1109.6041666666667 25.235587323238597 22.812484733859655
1110.1041666666667 25.23783548995667 22.81343224758086
1110.6041666666667 25.240098363966787 22.814371155647223
1111.1041666666667 25.242351201684265 22.815317164785522
1111.6041666666667 25.244591290006802 22.81625864590437
1112.1041666666667 25.24683016546785 22.817195173625414
1112.6041666666667 25.24908156401324 22.818143134049226
1113.1041666666667 25.251356024089333 22.81908353582179
1113.6041666666667 25.253564310329708 22.8200232278615
1114.1041666666667 25.255797917580665 22.820961888507668
1114.6041666666667 25.25805681096753 22.82191365632787
1115.1041666666667 25.260313155818235 22.822859042094727
1115.6041666666667 25.262546775275823 22.823791785949407
1116.1041666666667 25.264794773747177 22.82473715450147
1116.6041666666667 25.26705047698269 22.82568200967596
1117.1041666666667 25.26928830206607 22.82663316500559
1117.6041666666667 25.271536974158355 22.827558486008172
1118.1041666666667 25.273809156723416 22.828503023519527
1118.6041666666667 25.276030138747288 22.829450583022744
1119.1041666666667 25.278254104246727 22.83038346600708
1119.6041666666667 25.28049545942482 22.831332163464868
1120.1041666666667 25.282755349773993 22.83227511354939
1120.6041666666667 25.2849959950529 22.83322038398144
1121.1041666666667 25.287238029580696 22.834162968515358
1121.6041666666667 25.289497706293584 22.835098804965313
1122.1041666666667 25.291716130339566 22.836047476971668
1122.6041666666667 25.293977937015878 22.836985751881652
1123.1041666666667 25.29623201216917 22.83792939630728
1123.6041666666667 25.298456913656185 22.838862434883794
1124.1041666666667 25.300691848391736 22.83982390196819
1124.6041666666667 25.302935698854455 22.84076674153782
1125.1041666666667 25.30517501577883 22.841702381775303
1125.6041666666667 25.307406995141445 22.842645650584842
1126.1041666666667 25.309658444725777 22.84358953994593
1126.6041666666667 25.311899107821727 22.844535976438493
1127.1041666666667 25.314127182216243 22.84547370212181
1127.6041666666667 25.316370780534175 22.846420347710648
1128.1041666666667 25.318602895227656 22.847353917664925
1128.6041666666667 25.320847240948265 22.84830495232846
1129.1041666666667 25.323053332638995 22.84924203964618
1129.6041666666667 25.325279931058144 22.850185083061973
1130.1041666666667 25.32751489643138 22.851135126773997
1130.6041666666667 25.32975226507192 22.852070965185945
1131.1041666666667 25.331972660770138 22.853015388405197
1131.6041666666667 25.334218468973578 22.853966970850756
1132.1041666666667 25.33642835427461 22.854899991536577
1132.6041666666667 25.33865126697553 22.85584172981274
1133.1041666666667 25.340879294013106 22.856785258535588
1133.6041666666667 25.34310066300225 22.857728449364032
1134.1041666666667 25.345333152525583 22.858670645777146
1134.6041666666667 25.34755030959682 22.859615651347333
1135.1041666666667 25.34977343369061 22.860557915732095
1135.6041666666667 25.351995600124297 22.861495468589865
1136.1041666666667 25.35421311210801 22.862441728223967
1136.6041666666667 25.35646582359454 22.863391305812087
1137.1041666666667 25.35866227122267 22.864326760229822
1137.6041666666667 25.360864147118214 22.865264737144262
1138.1041666666667 25.363096175417212 22.866214741165383
1138.6041666666667 25.36530343599878 22.867157643531492
1139.1041666666667 25.367506214393856 22.868092860636544
1139.6041666666667 25.369744734466725 22.86903616818803
1140.1041666666667 25.371928944192128 22.869972973512525
1140.6041666666667 25.37417668886837 22.87092121642143
1141.1041666666667 25.37639108460283 22.871857170299773
1141.6041666666667 25.37859782031982 22.872802088357847
1142.1041666666667 25.38080711138853 22.873742209457305
1142.6041666666667 25.38300062052705 22.874686665276904
1143.1041666666667 25.385209615953585 22.875625044692836
1143.6041666666667 25.38741246294436 22.876563421355144
1144.1041666666667 25.389620352003735 22.87750873095762
1144.6041666666667 25.391840418037436 22.878454864077593
1145.1041666666667 25.394047961391195 22.879397591624524
1145.6041666666667 25.396264756923557 22.880342580624845
1146.1041666666667 25.39845816927847 22.881273095185808
1146.6041666666667 25.400666670935404 22.882217130790565
1147.1041666666667 25.402896764426405 22.883155856267287
1147.6041666666667 25.405059541560536 22.884098761557574
1148.1041666666667 25.407277234490415 22.885040744197347
1148.6041666666667 25.4094967566032 22.885983664850684
1149.1041666666667 25.411696540466615 22.88692675074077
1149.6041666666667 25.413909388578446 22.88786729778627
1150.1041666666667 25.416123882663793 22.888794807266272
1150.6041666666667 25.41831108809092 22.889749294182224
1151.1041666666667 25.42052623320691 22.890681431501314
1151.6041666666667 25.42272396676349 22.891631891697237
1152.1041666666667 25.424918411482196 22.892555266666072
1152.6041666666667 25.427100519066897 22.8935041187927
1153.1041666666667 25.429326849262587 22.89444693320125
1153.6041666666667 25.431528971370902 22.8953883869281
1154.1041666666667 25.433723296331326 22.896331769531724
1154.6041666666667 25.43596695399719 22.89727284914761
1155.1041666666667 25.438133245042046 22.898209439873728
1155.6041666666667 25.44033070072517 22.899151832060124
1156.1041666666667 25.44252658039091 22.900086099719292
1156.6041666666667 25.444719747409913 22.901028976036237
1157.1041666666667 25.446922971726387 22.90196905543938
1157.6041666666667 25.44914672395891 22.902909459342233
1158.1041666666667 25.451320425952645 22.903841715990655
1158.6041666666667 25.45352739313152 22.904784594376302
1159.1041666666667 25.455730474304644 22.905727239507023
1159.6041666666667 25.457942317769266 22.906662183468814
1160.1041666666667 25.460179987372943 22.90760423368888
1160.6041666666667 25.462356461603008 22.90854161122544
1161.1041666666667 25.464530219614517 22.90947954778872
1161.6041666666667 25.466728646218577 22.910420249125515
1162.1041666666667 25.468944909561596 22.911354055930083
1162.6041666666667 25.471125298609838 22.91230560015115
1163.1041666666667 25.473299877885964 22.91323675900333
1163.6041666666667 25.475538296349658 22.914166385555333
1164.1041666666667 25.477721241802847 22.915116743015844
1164.6041666666667 25.479928473441007 22.91605428105037
1165.1041666666667 25.482119792228175 22.916992756881278
1165.6041666666667 25.48426984365118 22.917929840384815
1166.1041666666667 25.486469655218734 22.91887086258937
1166.6041666666667 25.488694753764037 22.919805385554014
1167.1041666666667 25.49086653198544 22.920739917961782
1167.6041666666667 25.49304655601587 22.921686906244055
1168.1041666666667 25.495244676895673 22.922625799248117
1168.6041666666667 25.49743605235601 22.923564919977405
1169.1041666666667 25.499620402504853 22.924495013096283
1169.6041666666667 25.50178076824073 22.925433056917353
1170.1041666666667 25.503999147953444 22.92637122083022
1170.6041666666667 25.50617264040128 22.92730419348851
1171.1041666666667 25.508349449870757 22.928246122676086
1171.6041666666667 25.510541802698942 22.929186246610836
1172.1041666666667 25.512719890607727 22.930121870034593
1172.6041666666667 25.514897847873982 22.931053126640556
1173.1041666666667 25.51709111493605 22.932000797879667
1173.6041666666667 25.51925301829087 22.932934284682304
1174.1041666666667 25.521427742979974 22.933868282250387
1174.6041666666667 25.523611997381515 22.93480459905718
1175.1041666666667 25.525795133566827 22.93573746930965
1175.6041666666667 25.527984363621957 22.93668203326054
1176.1041666666667 25.53011891273483 22.937618166695927
1176.6041666666667 25.53228911881896 22.93855751831392
1177.1041666666667 25.53447976787526 22.939487425912652
1177.6041666666667 25.5366339330129 22.940418592516593
1178.1041666666667 25.53880393712933 22.941360756386192
1178.6041666666667 25.54096005833351 22.942295048696014
1179.1041666666667 25.543152867493824 22.943239963928498
1179.6041666666667 25.54528774436765 22.944162007436017
1180.1041666666667 25.547448008194355 22.945096394300876
1180.6041666666667 25.549624495840163 22.94604309975029
1181.1041666666667 25.55178037359709 22.94696739369929
1181.6041666666667 25.553913742622232 22.947910034834024
1182.1041666666667 25.556081060087244 22.948839987681126
1182.6041666666667 25.558253449887193 22.949767238243737
1183.1041666666667 25.560387851285277 22.950705839616646
1183.6041666666667 25.562553785774465 22.951650356001167
1184.1041666666667 25.564690259667685 22.952576973101827
1184.6041666666667 25.566829451804463 22.953516395932215
1185.1041666666667 25.56897915005941 22.954443521383368
1185.6041666666667 25.571161688890648 22.955382896668915
1186.1041666666667 25.573300528844403 22.95630961085678
1186.6041666666667 25.575423541805073 22.957241449619996
1187.1041666666667 25.577546124207338 22.95818112184847
1187.6041666666667 25.57970075418455 22.959106875341195
1188.1041666666667 25.581835630854137 22.9600430831249
1188.6041666666667 25.583979975112598 22.960982897211263
1189.1041666666667 25.58612821916833 22.96191505965703
1189.6041666666667 25.588244540510754 22.96284191780049
1190.1041666666667 25.5903807312463 22.963778526393227
1190.6041666666667 25.592503659144107 22.964708006107728
1191.1041666666667 25.594632955270523 22.965640513736517
1191.6041666666667 25.59675893657537 22.966574064175802
1192.1041666666667 25.598862154131382 22.967508563742864
1192.6041666666667 25.600999013391892 22.96843665249053
1193.1041666666667 25.603119309216726 22.969373366069647
1193.6041666666667 25.60522673961082 22.97030574837569
1194.1041666666667 25.607325666360943 22.971234302659273
1194.6041666666667 25.60947819728095 22.972168038477108
1195.1041666666667 25.611596406384983 22.97309804545297
1195.6041666666667 25.6136999823921 22.974024244946506
1196.1041666666667 25.61580513495498 22.974953390290356
1196.6041666666667 25.61789710643353 22.97588903656822
1197.1041666666667 25.620004813681305 22.976815712113783
1197.6041666666667 25.622112815233884 22.977744544961535
1198.1041666666667 25.624205908188227 22.978678168829752
1198.6041666666667 25.626350357154916 22.979606370943642
1199.1041666666667 25.628435710783076 22.98054658972429
1199.6041666666667 25.630504624362462 22.981465877462757
1200.1041666666667 25.632608584972804 22.98240156148676
1200.6041666666667 25.63469567691503 22.983331275774987
1201.1041666666667 25.636772276349767 22.984256652762653
1201.6041666666667 25.638903295674176 22.985187517970132
1202.1041666666667 25.641000700595917 22.986117416973784
1202.6041666666667 25.64303557067024 22.98704000534034
1203.1041666666667 25.645123588405454 22.98796721063274
1203.6041666666667 25.64721240192798 22.988899365326112
1204.1041666666667 25.649309455861623 22.989829535246756
1204.6041666666667 25.65136045194878 22.990752382915037
1205.1041666666667 25.6534419202413 22.991685783873656
1205.6041666666667 25.65552033871558 22.992615630433907
1206.1041666666667 25.65760179703061 22.99354200123237
1206.6041666666667 25.659668948803336 22.99446574337559
1207.1041666666667 25.66174537846734 22.99539179288448
1207.6041666666667 25.663801626732713 22.996324405670574
1208.1041666666667 25.665858748274584 22.997246031238276
1208.6041666666667 25.667897525292137 22.998173250641667
1209.1041666666667 25.6699790083885 22.99910315186834
1209.6041666666667 25.67204383850489 23.000028354912594
1210.1041666666667 25.67411320249586 23.000953100141462
1210.6041666666667 25.676121129756897 23.00187996529122
1211.1041666666667 25.678195372178656 23.002803819615494
1211.6041666666667 25.680226102267675 23.003736184450844
1212.1041666666667 25.68226728586783 23.00465716361095
1212.6041666666667 25.684281822845804 23.005579087913418
1213.1041666666667 25.686335032797682 23.006506571195814
1213.6041666666667 25.68838146585091 23.00744118607255
1214.1041666666667 25.690383779729874 23.008358753916287
1214.6041666666667 25.692424527184485 23.009280124564
1215.1041666666667 25.69444874807121 23.010204366226567
1215.6041666666667 25.69643551067991 23.01113224393013
1216.1041666666667 25.69848032447878 23.012047000280994
1216.6041666666667 25.700516385600878 23.01298036189347
1217.1041666666667 25.702526481255518 23.013899244424252
1217.6041666666667 25.704482106722356 23.014816450968105
1218.1041666666667 25.706505699115716 23.015738796517194
1218.6041666666667 25.70852511651525 23.016664690068133
1219.1041666666667 25.71053336030748 23.01759090237895
1219.6041666666667 25.712504542437713 23.01851105597794
1220.1041666666667 25.714506395242296 23.01943684056925
1220.6041666666667 25.71648526260967 23.02035558371834
1221.1041666666667 25.718475428025545 23.02127405346728
1221.6041666666667 25.720437485113305 23.022196941460265
1222.1041666666667 25.7224291610833 23.02311032730738
1222.6041666666667 25.724401526713052 23.02403481396727
1223.1041666666667 25.726346339147437 23.024953405689104
1223.6041666666667 25.72831694377718 23.025872486961045
1224.1041666666667 25.730297484081063 23.026785020950932
1224.6041666666667 25.73223138391763 23.02769805800551
1225.1041666666667 25.73422827181963 23.028626225941785
1225.6041666666667 25.736121346876303 23.02955197935381
1226.1041666666667 25.73811233530856 23.030474092751376
1226.6041666666667 25.740027411766114 23.031382913595376
1227.1041666666667 25.74196677150306 23.032293906817955
1227.6041666666667 25.74390570990111 23.033212235509843
1228.1041666666667 25.745861579082096 23.034136485300266
1228.6041666666667 25.74778961451285 23.035050365280117
1229.1041666666667 25.749713968286443 23.03595431937704
1229.6041666666667 25.751579371943357 23.036870157876777
1230.1041666666667 25.753496600084247 23.037791629275333
1230.6041666666667 25.75539378298025 23.0387039161808
1231.1041666666667 25.757341096870338 23.03961703832072
1231.6041666666667 25.759227742392397 23.040529614787882
1232.1041666666667 25.761108183720918 23.041443054381055
1232.6041666666667 25.76297252507553 23.04236059536731
1233.1041666666667 25.76487953789611 23.043274292165627
1233.6041666666667 25.76676417816632 23.044190690291074
1234.1041666666667 25.768625627325864 23.045103173089746
1234.6041666666667 25.77053192597574 23.046004939189046
1235.1041666666667 25.772408107679425 23.04692931918535
1235.6041666666667 25.774260866843296 23.04783808475657
1236.1041666666667 25.77612464507428 23.04874511787565
1236.6041666666667 25.77799069339852 23.0496588855086
1237.1041666666667 25.77986867125663 23.050572213364315
1237.6041666666667 25.781696689798764 23.05147831683627
1238.1041666666667 25.783550865538803 23.052395834526568
1238.6041666666667 25.785346864755677 23.05329806997726
1239.1041666666667 25.787207875709576 23.054211396639918
1239.6041666666667 25.789022355504706 23.055124930322574
1240.1041666666667 25.790891762270405 23.056032640238307
1240.6041666666667 25.792698719932943 23.056947230837782
1241.1041666666667 25.794547563025446 23.057843671965163
