FastTrWP/PhaseSpace/IAs/snIa_0.36_30.00_0.57_0.12.csv
# %ECSV 0.9
# ---
# datatype:
# - {name: time-rel, datatype: float64}
# - {name: g, datatype: float64}
# - {name: i, datatype: float64}
# schema: astropy-2.0
time-rel g i
[from data line 865]
612.6041666666666 23.016758517108705 22.419702303234438
613.1041666666666 23.01678726935667 22.41916236386038
613.6041666666666 23.016834387294622 22.418639744013493
614.1041666666666 23.01687370138509 22.418112425314817
614.6041666666666 23.016930223061575 22.417583021129033
615.1041666666666 23.016986175027267 22.41706341600534
615.6041666666666 23.0170338794694 22.416540604023375
616.1041666666666 23.017097579250322 22.416021469760476
616.6041666666666 23.017152828604925 22.41549901273263
617.1041666666666 23.0172194419387 22.41499114219383
617.6041666666666 23.017290758882933 22.414471029345165
618.1041666666666 23.017371607339626 22.413963330475717
618.6041666666666 23.0174426541244 22.413447275695866
619.1041666666666 23.017525921517258 22.412941837782007
619.6041666666666 23.017603644723778 22.41243417064359
620.1041666666666 23.01770232834466 22.411937903830395
620.6041666666666 23.017795499758293 22.41143519982512
621.1041666666666 23.01787850264448 22.410932936460284
621.6041666666666 23.01798011201211 22.41043140067618
622.1041666666666 23.01808010309219 22.409943253105034
622.6041666666666 23.01818665002039 22.40945414618881
623.1041666666666 23.018298053435192 22.408957825063208
623.6041666666666 23.01840887336438 22.40846611351424
624.1041666666666 23.018530348026832 22.407985874934894
624.6041666666666 23.018645688997502 22.407502455336108
625.1041666666666 23.01877051868948 22.40702354247782
625.6041666666666 23.018896551892276 22.406539591006528
626.1041666666666 23.019034082359163 22.406062868979237
626.6041666666666 23.01917469242511 22.40558555137786
627.1041666666666 23.019312932994012 22.40511194738
627.6041666666666 23.01945958533386 22.404642833351005
628.1041666666666 23.01961033433497 22.404177328976928
628.6041666666666 23.019758483534986 22.40371153207439
629.1041666666666 23.01991219227807 22.403245048462228
629.6041666666666 23.02006962319815 22.402784628758194
630.1041666666666 23.020231616955286 22.40231777168358
630.6041666666666 23.020398602070202 22.401866430256515
631.1041666666666 23.02056610695251 22.401407439492793
631.6041666666666 23.02074765536 22.400948514275115
632.1041666666666 23.0209048889852 22.400491814420413
632.6041666666666 23.02109860466075 22.400046074268722
633.1041666666666 23.021290009149173 22.39959159610825
633.6041666666666 23.021465105510327 22.39915236631839
634.1041666666666 23.02165586695996 22.398698174423785
634.6041666666666 23.021852996309633 22.398263664918122
635.1041666666666 23.022052960034962 22.397820644378324
635.6041666666666 23.02224863218853 22.397383011993202
636.1041666666666 23.022447337069213 22.39694651358457
636.6041666666666 23.02266516848587 22.396504602241993
637.1041666666666 23.022877483957966 22.396065878259932
637.6041666666666 23.02308932279221 22.395641946060213
638.1041666666666 23.023307957179874 22.395209111025352
638.6041666666666 23.023533747624153 22.39477541379092
639.1041666666666 23.02376340566735 22.394352195010946
639.6041666666666 23.0239844284391 22.3939276263834
640.1041666666666 23.024225497380296 22.393503671573185
640.6041666666666 23.02446089935755 22.39308342267099
641.1041666666666 23.024696567284877 22.39266518684968
641.6041666666666 23.02494725988153 22.392249434495987
642.1041666666666 23.025192115968757 22.39184402182206
642.6041666666666 23.025450200268555 22.391422102182545
643.1041666666666 23.025698348325978 22.391018062079286
643.6041666666666 23.025963682156963 22.39060233690074
644.1041666666666 23.026223499985523 22.390196987990173
644.6041666666666 23.0264911223911 22.389788183736243
645.1041666666666 23.026767392835996 22.389392601725536
645.6041666666666 23.027036377238975 22.38899109169513
646.1041666666666 23.027322303039618 22.38859169887234
646.6041666666666 23.027596440306013 22.38820025858082
647.1041666666666 23.02787809080908 22.387807413865815
647.6041666666666 23.028181288641733 22.387412499717392
648.1041666666666 23.028461804807534 22.38702463886106
648.6041666666666 23.02876968344602 22.386635049656935
649.1041666666666 23.029063447518606 22.38624963182187
649.6041666666666 23.02937984477446 22.385874085701577
650.1041666666666 23.029681128852282 22.38548679405457
650.6041666666666 23.029992123408284 22.385103167820542
651.1041666666666 23.030310134406015 22.38472814841202
651.6041666666666 23.03062976261519 22.38435558565024
652.1041666666666 23.030959220685826 22.383983746986612
652.6041666666666 23.031282197123588 22.38360566679324
653.1041666666666 23.031618529646536 22.383244763843273
653.6041666666666 23.03195015554686 22.382878672229655
654.1041666666666 23.032285730069507 22.382513322064057
654.6041666666666 23.032649398492552 22.382152400379198
655.1041666666666 23.032987531167535 22.381790367911556
655.6041666666666 23.03334014683564 22.38143599866656
656.1041666666666 23.03369175770511 22.381078435509846
656.6041666666666 23.03405482142997 22.380720262414158
657.1041666666666 23.034423531447047 22.380374228585037
657.6041666666666 23.034787890170406 22.380026096359728
658.1041666666666 23.035160634308063 22.379679746647806
658.6041666666666 23.035530511583175 22.37933047628824
659.1041666666666 23.03591586401693 22.378987043306786
659.6041666666666 23.03630774969062 22.378651250601393
660.1041666666666 23.036694337404345 22.37830977139553
660.6041666666666 23.037090627896966 22.37797438637845
661.1041666666666 23.037481026795504 22.377649685593056
661.6041666666666 23.03788643575375 22.37730996144971
662.1041666666666 23.03829432972028 22.376980672477078
662.6041666666666 23.038708393543047 22.3766630865309
663.1041666666666 23.03912298986862 22.376332076506543
663.6041666666666 23.039544074832182 22.376013346689444
664.1041666666666 23.03996535262594 22.37568835603072
664.6041666666666 23.040411668982713 22.375371330588294
665.1041666666666 23.040842881010096 22.375048588065226
665.6041666666666 23.041278252142163 22.37473623186583
666.1041666666666 23.0417244225066 22.374427388986646
666.6041666666666 23.042179990290165 22.3741065205467
667.1041666666666 23.04264466917715 22.37379726963267
667.6041666666666 23.043105389754036 22.3734980912012
668.1041666666666 23.043572407554954 22.37318286732691
668.6041666666666 23.0440447635138 22.372879514489643
669.1041666666666 23.044518302786003 22.37258401305077
669.6041666666666 23.04499790537763 22.37228072784034
670.1041666666666 23.04548063450449 22.37199004417819
670.6041666666666 23.045965137375966 22.37169453283287
671.1041666666666 23.046461149092732 22.371392527413185
671.6041666666666 23.046954089536644 22.371104248701528
672.1041666666666 23.047457820716808 22.370816399872346
672.6041666666666 23.04795285258402 22.37052701688928
673.1041666666666 23.048469428793204 22.370249390768087
673.6041666666666 23.048980226674097 22.369958399301765
674.1041666666666 23.049495817934943 22.369671061515017
674.6041666666666 23.050018580279932 22.369401972812845
675.1041666666666 23.050542039061263 22.36912388920805
675.6041666666666 23.051059272366295 22.36885691074928
676.1041666666666 23.05160207743549 22.368578028542654
676.6041666666666 23.052139206585082 22.368306856784358
677.1041666666666 23.052676443495407 22.368036421087364
677.6041666666666 23.053215051080244 22.367770562078082
678.1041666666666 23.0537612335677 22.36750331050211
678.6041666666666 23.054308376307713 22.367240599738494
679.1041666666666 23.05486758615266 22.366987143587302
679.6041666666666 23.055419996845977 22.36672785780765
680.1041666666666 23.05597396961593 22.366469256317355
680.6041666666666 23.056547671225456 22.366212830177233
681.1041666666666 23.057105909192735 22.365966695660255
681.6041666666666 23.05767091516889 22.365713430832773
682.1041666666666 23.05823909036389 22.365465136015473
682.6041666666666 23.058821245851412 22.365219371545706
683.1041666666666 23.059387062638862 22.36497645680786
683.6041666666666 23.059977098517233 22.36473637409558
684.1041666666666 23.060552757879186 22.364494148748992
684.6041666666666 23.061138168849915 22.36426293648524
685.1041666666666 23.061723458454267 22.36402390877742
685.6041666666666 23.062311556290652 22.36379940669847
686.1041666666666 23.062902674206182 22.36356407324854
686.6041666666666 23.063502948737874 22.36333820790478
687.1041666666666 23.06409083959247 22.363108461596582
687.6041666666666 23.064693025876025 22.362884165542898
688.1041666666666 23.06530394855568 22.362663116738197
688.6041666666666 23.065896714077443 22.362440730150333
689.1041666666666 23.066510704327253 22.362225174866104
689.6041666666666 23.06711013333887 22.36201106494918
690.1041666666666 23.067722759885932 22.3617914092818
690.6041666666666 23.068338774289753 22.36158712584561
691.1041666666666 23.06893760706466 22.361380648771657
691.6041666666666 23.069557264385722 22.361172823436746
692.1041666666666 23.07016603071594 22.36096839668033
692.6041666666666 23.07078923678407 22.360772843011457
693.1041666666666 23.071410178076754 22.360562910871842
