FastTrWP/PhaseSpace/IAs/snIa_0.4_20_-1_0.1.csv
# %ECSV 0.9
# ---
# datatype:
# - {name: time-rel, datatype: float64}
# - {name: g, datatype: float64}
# - {name: i, datatype: float64}
# schema: astropy-2.0
time-rel g i
[from data line 831]
398.5833333333333 -26.727104787559863 -27.629293638349814
399.0833333333333 -26.726993565022674 -27.629958103375408
399.58333333333326 -26.726881054263917 -27.630619162968518
400.0833333333333 -26.72674938086716 -27.631270045981715
400.5833333333333 -26.72661991411787 -27.631924246568033
401.08333333333326 -26.726480020911755 -27.63257973518314
401.5833333333333 -26.726342670889007 -27.633227416673133
402.0833333333333 -26.72619276186573 -27.633878434470674
402.58333333333326 -26.726047600534248 -27.634517310853674
403.0833333333333 -26.72588484804573 -27.63514875879387
403.5833333333333 -26.725727707244182 -27.635794823388046
404.08333333333326 -26.72555244637874 -27.636415746332048
404.5833333333333 -26.725382029771772 -27.637052249421487
405.0833333333333 -26.725199780051405 -27.637670339774147
405.58333333333326 -26.72501120765212 -27.638293247097707
406.0833333333333 -26.72481904661758 -27.638907508096615
406.5833333333333 -26.724631314242227 -27.639524702553636
407.08333333333326 -26.724429285773446 -27.640139434660014
407.5833333333333 -26.724211814264656 -27.640747547771618
408.0833333333333 -26.724004492184488 -27.641348620751987
408.58333333333326 -26.723785439625164 -27.64194449916242
409.0833333333333 -26.72355626480817 -27.64254166699297
409.5833333333333 -26.723328770191756 -27.643137085412057
410.08333333333326 -26.723086320120878 -27.643723922094043
410.5833333333333 -26.72285607473793 -27.644320848826535
411.0833333333333 -26.722594267519785 -27.64489787578819
411.58333333333326 -26.72234463553478 -27.645476456921845
412.0833333333333 -26.722086595419235 -27.646054335962273
412.5833333333333 -26.7218289047534 -27.64662342407163
413.08333333333326 -26.72155098543113 -27.647196017065696
413.5833333333333 -26.721280906186273 -27.647754784385683
414.0833333333333 -26.720988120546764 -27.648316082634885
414.58333333333326 -26.720709554081267 -27.6488769061382
415.0833333333333 -26.720412719567488 -27.649430669999603
415.5833333333333 -26.720108270945474 -27.649979546779857
416.08333333333326 -26.719803914979238 -27.650527450210248
416.5833333333333 -26.71948882257375 -27.651069229110504
417.0833333333333 -26.7191700444316 -27.6516085001317
417.58333333333326 -26.718852160834004 -27.652147369124474
418.0833333333333 -26.718518025207473 -27.652678313954645
418.5833333333333 -26.718184129026533 -27.653209950314267
419.08333333333326 -26.717842862219957 -27.65373696899872
419.5833333333333 -26.717491454639102 -27.65425705719403
420.0833333333333 -26.717137808790994 -27.65477825951102
420.58333333333326 -26.71677876123328 -27.655288536122605
421.0833333333333 -26.71640573647775 -27.65580573474725
421.5833333333333 -26.716035572885453 -27.656303354602215
422.08333333333326 -26.7156595924234 -27.656813988922572
422.5833333333333 -26.715275886910614 -27.657313473564265
423.0833333333333 -26.714882018208527 -27.65780526032752
423.58333333333326 -26.714485655955855 -27.65830144012053
424.0833333333333 -26.714085516364836 -27.658784211639613
424.5833333333333 -26.713670899674756 -27.65927138384399
425.08333333333326 -26.713260169650233 -27.659755465867455
425.5833333333333 -26.712839761583673 -27.660236375444548
426.0833333333333 -26.71241638983334 -27.660700048455965
426.58333333333326 -26.711979782508195 -27.661171546531293
427.0833333333333 -26.711531889393836 -27.66164266484321
427.5833333333333 -26.711091467862925 -27.66210568785114
428.08333333333326 -26.710635538072232 -27.66256068474395
428.5833333333333 -26.71017490766692 -27.663018017727346
429.0833333333333 -26.709701143050864 -27.663465751314945
429.58333333333326 -26.709234351657884 -27.663914004345045
430.0833333333333 -26.708756711429487 -27.664361353586166
430.5833333333333 -26.708268253733717 -27.664799364077695
431.08333333333326 -26.707763628936316 -27.665227616098825
431.5833333333333 -26.70726164326972 -27.66565482536043
432.0833333333333 -26.706748419136925 -27.666089486965774
432.58333333333326 -26.706218947383125 -27.666515934818587
433.0833333333333 -26.705688698753633 -27.66693332238722
433.5833333333333 -26.705156631296152 -27.667350808401714
434.08333333333326 -26.704608357675323 -27.66776184968823
434.5833333333333 -26.704057871635662 -27.66817006848111
435.0833333333333 -26.703496173663225 -27.66858067526707
435.58333333333326 -26.702922232227913 -27.668972913623104
436.0833333333333 -26.70234459759794 -27.669369189039884
436.5833333333333 -26.701756111825166 -27.66976711963497
437.08333333333326 -26.7011698470473 -27.67015836349152
437.5833333333333 -26.700559904577933 -27.67054826724931
438.0833333333333 -26.69996496964673 -27.67092991040254
438.58333333333326 -26.699349732201846 -27.671310594675656
439.0833333333333 -26.69873231044065 -27.67168365249652
439.5833333333333 -26.698101970959357 -27.672054489849653
440.08333333333326 -26.69746183361098 -27.672421479845298
440.5833333333333 -26.696827967771043 -27.672788470768744
441.0833333333333 -26.696180468107954 -27.673153861019507
441.58333333333326 -26.695526959875977 -27.6735094219238
442.0833333333333 -26.69486997979972 -27.673868417311308
442.5833333333333 -26.694199750963108 -27.674220401579483
443.08333333333326 -26.693530115363785 -27.6745684506464
443.5833333333333 -26.692856998333603 -27.67490772645841
444.0833333333333 -26.69216637914999 -27.6752499353128
444.58333333333326 -26.691485122599474 -27.675594871393088
445.0833333333333 -26.690786052853905 -27.675927432146352
445.5833333333333 -26.690087507697765 -27.67625737103076
446.08333333333326 -26.68937912544559 -27.67658150543202
446.5833333333333 -26.688671495686286 -27.67690909270733
447.0833333333333 -26.687951721019616 -27.677236984030085
447.58333333333326 -26.68723430756399 -27.677550802395675
448.0833333333333 -26.686514391526018 -27.677867837660855
448.5833333333333 -26.68578734444988 -27.67818113744162
449.08333333333326 -26.685038073138788 -27.67849147132232
449.5833333333333 -26.684302741928754 -27.678797252482042
450.0833333333333 -26.68355913144236 -27.679102913268252
450.58333333333326 -26.682816108962495 -27.67940202345317
451.0833333333333 -26.682052547474026 -27.67969679444355
451.5833333333333 -26.68131144965324 -27.67999368774964
452.08333333333326 -26.68053113110577 -27.680287927427216
452.5833333333333 -26.679779422006227 -27.680579289308515
453.0833333333333 -26.679009694254184 -27.6808627042151
453.58333333333326 -26.678238356916495 -27.681147078720933
454.0833333333333 -26.677454795632592 -27.68142245706709
454.5833333333333 -26.676686434351254 -27.681703460453292
455.08333333333326 -26.67590660874803 -27.681982689428324
455.5833333333333 -26.6751239438501 -27.682251766306937
456.0833333333333 -26.674325803710094 -27.68252139819513
456.58333333333326 -26.67353485739556 -27.68278336764886
457.0833333333333 -26.672744999740917 -27.683042903033083
457.5833333333333 -26.67195097239795 -27.683307205258878
458.08333333333326 -26.67114931177504 -27.683563047880988
458.5833333333333 -26.670350727630332 -27.6838222617611
459.0833333333333 -26.669549254165915 -27.684078392681975
459.58333333333326 -26.668735706267892 -27.68432304587719
460.0833333333333 -26.667934727518542 -27.684573779421108
460.5833333333333 -26.667121319063355 -27.68481819568256
461.08333333333326 -26.666309681033297 -27.685059148276
461.5833333333333 -26.665488508744897 -27.68529634564631
462.0833333333333 -26.66467362573085 -27.68553961298096
462.58333333333326 -26.663855018057742 -27.6857668772007
463.0833333333333 -26.66305161218155 -27.68601031153855
463.5833333333333 -26.662219646821185 -27.68623271140801
464.08333333333326 -26.66137766847845 -27.68645637813192
464.5833333333333 -26.66055236874966 -27.686686558250667
465.0833333333333 -26.65971049036569 -27.686902113465326
465.58333333333326 -26.658857965042056 -27.687111689811957
466.0833333333333 -26.65800751358583 -27.687332005051474
466.5833333333333 -26.65715389542912 -27.687538050874952
467.08333333333326 -26.656289474151528 -27.687750834888696
467.5833333333333 -26.65541727583094 -27.687947350975058
468.0833333333333 -26.654547439333186 -27.688140088074086
468.58333333333326 -26.653664616587402 -27.688345180792744
469.0833333333333 -26.65278962627265 -27.688539896149106
469.5833333333333 -26.65189115558175 -27.688727881479785
470.08333333333326 -26.6509949724516 -27.6889158537845
470.5833333333333 -26.650083911511757 -27.689103684943277
471.0833333333333 -26.64919132846237 -27.689283977224846
471.58333333333326 -26.648272388776913 -27.689466709301414
472.0833333333333 -26.647365772475602 -27.689641339584718
472.5833333333333 -26.6464311562753 -27.689812653458667
473.08333333333326 -26.645515548551867 -27.68998351181725
473.5833333333333 -26.644583475565852 -27.690149816350285
474.0833333333333 -26.643656975809865 -27.69031730152953
474.58333333333326 -26.642711530825803 -27.690468487602978
475.0833333333333 -26.64176491061417 -27.69063484123048
475.5833333333333 -26.640831312556223 -27.69078927177215
476.08333333333326 -26.63987585170405 -27.690942282273152
476.5833333333333 -26.638919859920428 -27.691095877777325
477.0833333333333 -26.637958789749593 -27.691243730891955
477.58333333333326 -26.63700924990573 -27.691382339395346
478.0833333333333 -26.636040413001982 -27.691526054996523
478.5833333333333 -26.635053391931564 -27.691668356798775
479.08333333333326 -26.634091434291236 -27.69180446245455
479.5833333333333 -26.63311171554071 -27.69193750443212
480.0833333333333 -26.63212359553228 -27.69206408937947
480.58333333333326 -26.631135771212513 -27.692193697071055
481.0833333333333 -26.63016091356504 -27.692324229835688
481.5833333333333 -26.6291682755563 -27.692445369854877
482.08333333333326 -26.628179630744377 -27.69256290320195
482.5833333333333 -26.62718064081931 -27.692683060170268
483.0833333333333 -26.62619195633971 -27.69279482290778
483.58333333333326 -26.625189242580976 -27.69290960711164
484.0833333333333 -26.624177886151937 -27.693019993745423
484.5833333333333 -26.623168467614946 -27.693128377356313
485.08333333333326 -26.622165454521305 -27.69323215548301
485.5833333333333 -26.621151507899704 -27.693336871356664
486.0833333333333 -26.620139291504536 -27.69344079660523
486.58333333333326 -26.619120179599406 -27.693532731701108
487.0833333333333 -26.61810002882785 -27.693631933330224
487.5833333333333 -26.61708170792622 -27.69372742949734
488.08333333333326 -26.616059778585605 -27.693812956142754
488.5833333333333 -26.61503880707385 -27.693903159083384
489.0833333333333 -26.614014998238638 -27.6939898850936
489.58333333333326 -26.612986964427115 -27.694074574461716
490.0833333333333 -26.611953451092745 -27.694155994822243
490.5833333333333 -26.610923244097545 -27.69423628212877
491.08333333333326 -26.609884384083387 -27.69431327674047
491.5833333333333 -26.608848663947278 -27.694393176571666
492.0833333333333 -26.607833718768386 -27.69446162995091
492.58333333333326 -26.606792094522454 -27.694531007233504
493.0833333333333 -26.605755304957455 -27.694593798702748
493.5833333333333 -26.604713094241696 -27.694665629132047
494.08333333333326 -26.60367526961807 -27.694727321975215
494.5833333333333 -26.60264159517013 -27.69479471633913
495.0833333333333 -26.6016060275549 -27.694858909039198
495.5833333333333 -26.600557304091645 -27.69491159277061
496.0833333333333 -26.599527311442582 -27.694966423253874
496.5833333333333 -26.598483018193598 -27.695022415206815
497.0833333333333 -26.597453751412363 -27.69506990952205
497.5833333333333 -26.596395313186445 -27.695123440229395
498.0833333333333 -26.595353758533065 -27.69517381387621
498.5833333333333 -26.5943032633707 -27.695210081146023
499.0833333333333 -26.59324656857588 -27.695251406781676
499.5833333333333 -26.59219538665489 -27.69529127989984
500.0833333333333 -26.59114655448478 -27.695328929121636
500.5833333333333 -26.590090481253227 -27.695363431146582
501.0833333333333 -26.58903130092454 -27.695392491313385
501.5833333333333 -26.587955053501645 -27.695431699743985
502.0833333333333 -26.58688619462776 -27.695452839964382
502.5833333333333 -26.585814266893667 -27.695479259783614
503.0833333333333 -26.584749962432387 -27.69549517571899
503.5833333333333 -26.583673927321897 -27.695518902269963
504.0833333333333 -26.58259376321173 -27.695538003737433
504.5833333333333 -26.58151209380014 -27.695542977144264
505.0833333333333 -26.580427208305522 -27.695556686254896
505.5833333333333 -26.57934940819196 -27.695566655218702
506.0833333333333 -26.578275109447823 -27.695569782098495
506.5833333333333 -26.577163933817538 -27.695575415548483
507.0833333333333 -26.576080239466712 -27.695578280218612
507.5833333333333 -26.57497393661794 -27.695575774927832
508.0833333333333 -26.573882042612844 -27.69557544249755
508.5833333333333 -26.572785237327466 -27.695570403344732
509.0833333333333 -26.57168299758959 -27.69556346172012
509.5833333333333 -26.570581684557446 -27.69555130804327
510.0833333333333 -26.569466199856958 -27.695540394175097
510.5833333333333 -26.568361530593094 -27.695523098941173
511.0833333333333 -26.567257728644055 -27.69551315623606
511.5833333333333 -26.56614556607853 -27.695487830147144
512.0833333333334 -26.565017900003156 -27.69546026296141
512.5833333333334 -26.563894213698504 -27.695442583214867
513.0833333333334 -26.562776914924488 -27.69541335365192
513.5833333333334 -26.5616524386289 -27.695382971225527
514.0833333333334 -26.56051798366898 -27.695350035939196
514.5833333333334 -26.559400034682984 -27.69532198974002
515.0833333333334 -26.558256231099495 -27.69528393027678
515.5833333333334 -26.55712474934898 -27.69524278982198
516.0833333333334 -26.555988227599908 -27.6952016439551
516.5833333333334 -26.554840208691004 -27.695159533659165
517.0833333333334 -26.553706468092027 -27.695110452150793
517.5833333333334 -26.552551587502876 -27.695065870625243
518.0833333333334 -26.551407460849425 -27.695020072398812
518.5833333333334 -26.550251478601567 -27.69496019884885
519.0833333333334 -26.54911324339432 -27.694916685168597
519.5833333333334 -26.547964258903995 -27.694847593115078
520.0833333333334 -26.546795408700042 -27.694789309048645
520.5833333333334 -26.545633033404545 -27.694728063195186
521.0833333333334 -26.544475845372595 -27.694661873584394
521.5833333333334 -26.5433108882806 -27.694598287893587
522.0833333333334 -26.542146271650275 -27.694534201036987
522.5833333333334 -26.54097521087845 -27.694463625451206
523.0833333333334 -26.539799383045445 -27.69438305521365
523.5833333333334 -26.538624276946127 -27.694309083729216
524.0833333333334 -26.537455591146262 -27.69423388796159
524.5833333333334 -26.536282635959655 -27.694152529006253
525.0833333333334 -26.53509130625014 -27.69406686642371
525.5833333333334 -26.533909900981975 -27.693992683399586
526.0833333333334 -26.532713392065116 -27.69390270877576
526.5833333333334 -26.531533927560282 -27.693812176598122
527.0833333333334 -26.530341779852797 -27.69372578179455
527.5833333333334 -26.52914769702457 -27.693631258411244
528.0833333333334 -26.527964244229977 -27.693528565939616
528.5833333333334 -26.526765344916402 -27.69343400902263
529.0833333333334 -26.525570646874748 -27.693343415234928
529.5833333333334 -26.524369462046295 -27.69324369261048
530.0833333333334 -26.52315165730247 -27.6931268504904
530.5833333333334 -26.521959292795533 -27.69302835147634
531.0833333333334 -26.520748995507976 -27.69291396132527
531.5833333333334 -26.519534544673963 -27.692802590361538
532.0833333333334 -26.51831296254474 -27.69268941958188
532.5833333333334 -26.517103825827068 -27.692573197788125
533.0833333333334 -26.51587963680368 -27.692461529064964
533.5833333333334 -26.51466062052687 -27.69233604338747
534.0833333333334 -26.513421183789404 -27.692210214531265
534.5833333333334 -26.512206640297965 -27.692089519460502
535.0833333333334 -26.51097567839237 -27.69196334304231
535.5833333333334 -26.50973352654735 -27.691824287941063
536.0833333333334 -26.508499159126853 -27.691694493483045
536.5833333333334 -26.50726004944453 -27.691559221665596
