FastTrWP/PhaseSpace/IAs/snIa_0.61_30.00_0.68_-0.08.csv
# %ECSV 0.9
# ---
# datatype:
# - {name: time-rel, datatype: float64}
# - {name: g, datatype: float64}
# - {name: i, datatype: float64}
# schema: astropy-2.0
time-rel g i
[from data line 1153]
653.2291666666666 23.49046439786804 22.302640772910646
653.7291666666666 23.49142982285453 22.3024914623755
654.2291666666666 23.492384438846045 22.30234066045755
654.7291666666666 23.493364741293178 22.30220132920147
655.2291666666666 23.49434109030378 22.30204613972989
655.7291666666666 23.49532011164102 22.30190495793819
656.2291666666666 23.496305679391178 22.301762525860372
656.7291666666666 23.497296059677495 22.30162475196762
657.2291666666666 23.498282930246255 22.30148309894694
657.7291666666666 23.49930332763001 22.301350032479608
658.2291666666666 23.50030781157503 22.30122304872289
658.7291666666666 23.5013337961974 22.301089381922313
659.2291666666666 23.50235661225512 22.30096529226975
659.7291666666666 23.50339007975315 22.3008346218254
660.2291666666666 23.504434696671556 22.30071285664376
660.7291666666666 23.505473283938926 22.30058994641705
661.2291666666666 23.506547739588317 22.300470265146508
661.7291666666666 23.507618804660524 22.30035735019626
662.2291666666666 23.508693640615995 22.300234901746556
662.7291666666666 23.509768103534242 22.300117293450178
663.2291666666666 23.510861631030707 22.30000987341355
663.7291666666666 23.511964901771467 22.299893175803696
664.2291666666666 23.513063845789258 22.299798815015475
664.7291666666666 23.51418099927526 22.29968597703455
665.2291666666666 23.51530779912128 22.29958757635053
665.7291666666666 23.516432166748338 22.299492619600688
666.2291666666666 23.517570276047294 22.299386509195745
666.7291666666666 23.518709174941492 22.299285247019668
667.2291666666666 23.519861987831703 22.299197841754662
667.7291666666666 23.52100218794122 22.299103424313188
668.2291666666666 23.522168972476255 22.299015884546826
668.7291666666666 23.5233432854074 22.298928017785286
669.2291666666666 23.524505966703355 22.298837172866364
669.7291666666666 23.52570080117307 22.298755089524313
670.2291666666666 23.526890000743744 22.298668069870885
670.7291666666666 23.528081824544486 22.298588092665163
671.2291666666666 23.529290016903694 22.298506352842473
671.7291666666666 23.530480746063574 22.298430589475448
672.2291666666666 23.531689130328168 22.29835622986642
672.7291666666666 23.53290784817672 22.298284513513895
673.2291666666666 23.534132975456593 22.298219467840475
673.7291666666666 23.53536191831654 22.298141060787486
674.2291666666666 23.53659715730903 22.29807398120132
674.7291666666666 23.53782990924469 22.298012735847998
675.2291666666666 23.539077299885744 22.297942712937115
675.7291666666666 23.540309434206748 22.297886210270754
676.2291666666666 23.54156321045282 22.297818338489446
676.7291666666666 23.542836447940715 22.297765670801986
677.2291666666666 23.544096366544196 22.29771148398948
677.7291666666666 23.545360612188098 22.29765188678869
678.2291666666666 23.546637593812477 22.297601025460843
678.7291666666666 23.547909910261296 22.297546490734103
679.2291666666666 23.549201618414703 22.297494574285125
679.7291666666666 23.550459027467916 22.297449793498707
680.2291666666666 23.55175743463645 22.297402755585793
680.7291666666666 23.55304750719999 22.297360746271437
681.2291666666666 23.55434052016909 22.29731520323909
681.7291666666666 23.555643141717603 22.29727742942316
682.2291666666666 23.55693196894238 22.297228878915018
682.7291666666666 23.558242256132722 22.297190159466957
683.2291666666666 23.55956103482578 22.297156732031507
683.7291666666666 23.560869251626414 22.29711650520338
684.2291666666666 23.562172924364162 22.297083254041368
684.7291666666666 23.563501531084718 22.29705235299951
685.2291666666666 23.56481946956088 22.297022077293715
685.7291666666666 23.566145883975416 22.297001957427142
686.2291666666666 23.567462413291537 22.296970508992906
686.7291666666666 23.568779629728272 22.296947523473666
687.2291666666666 23.570119177345855 22.296921310540952
687.7291666666666 23.571449809800583 22.296898233029072
688.2291666666666 23.57278715359098 22.296866925189157
688.7291666666666 23.574107756861512 22.296854851356972
689.2291666666666 23.57545301467394 22.296838199865384
689.7291666666666 23.57678989743833 22.296820982084945
690.2291666666666 23.57813169370865 22.296804230162003
690.7291666666666 23.57947448448349 22.296788026529143
691.2291666666666 23.5808080860728 22.29678089466831
691.7291666666666 23.582149566206205 22.29676956262046
692.2291666666666 23.583502182130445 22.296757252383603
692.7291666666666 23.58485007048827 22.296747859385317
693.2291666666666 23.58619395761724 22.296743622726467
693.7291666666666 23.587545626813665 22.296739237202026
694.2291666666666 23.588887367564556 22.29672735015221
694.7291666666666 23.590236118323187 22.296731681364108
695.2291666666666 23.591570118536424 22.296728148423014
695.7291666666666 23.592923680776728 22.296728658471125
