FastTrWP/PhaseSpace/IAs/snIa_0.44_30.00_1.42_0.07.csv
# %ECSV 0.9
# ---
# datatype:
# - {name: time-rel, datatype: float64}
# - {name: g, datatype: float64}
# - {name: i, datatype: float64}
# schema: astropy-2.0
time-rel g i
[from data line 1424]
306.0 23.718027500920755 22.361159608960413
306.5 23.71926212688652 22.36156066786075
306.9999999999999 23.720502930902022 22.36196488765895
307.5 23.721734395791444 22.362362442845722
308.0 23.722976320550806 22.36276817019401
308.4999999999999 23.724228557212825 22.363172923608015
309.0 23.725468350821703 22.363582055219847
309.5 23.72671639632319 22.363992718652483
309.9999999999999 23.72796554427232 22.364391688369842
310.5 23.729203966745356 22.36480735284619
311.0 23.730447236823437 22.365219212218477
311.4999999999999 23.73171200029422 22.36562424590026
312.0 23.732970228313345 22.36603980254882
312.5 23.734215788975398 22.366451633784536
312.9999999999999 23.735453878777673 22.366867456436466
313.5 23.736723186215013 22.36727942647899
314.0 23.73797593556294 22.36770024454174
314.4999999999999 23.73923600578469 22.368108520753353
315.0 23.740488492757827 22.36853649389703
315.5 23.741743598149505 22.368951640949227
315.9999999999999 23.74301136889205 22.3693723835269
316.5 23.744275671437425 22.36978748362345
317.0 23.74554548421446 22.37022071191589
317.4999999999999 23.746812253670775 22.370637218678553
318.0 23.748060377202066 22.37106081162119
318.5 23.74933996710215 22.371489491236304
318.9999999999999 23.750606211921617 22.371914502612356
319.5 23.751893690206252 22.37233996085322
320.0 23.753157956246866 22.37276928807864
320.4999999999999 23.754426535218055 22.373194931857462
321.0 23.755711217745613 22.373627349200156
321.5 23.75698123584279 22.374057127104052
321.9999999999999 23.758258728468036 22.37448923940402
322.5 23.759541141456037 22.374920826512316
323.0 23.760810376215 22.375354073520164
323.4999999999999 23.76209858480459 22.375794433623874
324.0 23.763386123844207 22.376229613089627
324.5 23.764668639484896 22.37666919018111
324.9999999999999 23.76595940664452 22.37709951891887
325.5 23.76722756952384 22.377540998632636
326.0 23.768538930289548 22.377975353213905
326.4999999999999 23.76982657811896 22.378424423227465
327.0 23.771110934757274 22.37886817963789
327.5 23.772413411398517 22.379304357115096
327.9999999999999 23.77368835688829 22.379748230079777
328.5 23.77499386045343 22.38019307830666
329.0 23.776306465660788 22.380639766976312
329.4999999999999 23.777601052673493 22.381083381374278
330.0 23.778893246505795 22.381532045602736
330.5 23.780202222118515 22.38198377893805
330.9999999999999 23.78150031237616 22.38243010361252
331.5 23.78279789312275 22.382877216538695
332.0 23.78411519602174 22.383331042874353
332.4999999999999 23.78541382824904 22.383775568449252
333.0 23.786728673340182 22.384232266866086
333.5 23.788045127076458 22.38468819162027
333.9999999999999 23.789353210685814 22.385143192402595
334.5 23.790667821216154 22.38559416711238
335.0 23.791989431431816 22.38605504876707
335.4999999999999 23.793285056208646 22.386514962478415
336.0 23.79461044902562 22.386975945251876
336.5 23.79594585597095 22.387431845514335
336.9999999999999 23.797252195111646 22.387886116831332
337.5 23.7985864349773 22.388350457200843
338.0 23.7998999085191 22.388815579504676
338.4999999999999 23.801221374257832 22.389284837007907
339.0 23.802544472617363 22.389741694313873
339.5 23.803884706316815 22.390201232499184
339.9999999999999 23.805204035681832 22.3906720174126
340.5 23.80653785173019 22.391145317120813
341.0 23.807876499601967 22.39161271463512
341.4999999999999 23.809191262300573 22.39207895578271
342.0 23.810541012825578 22.39255335303654
342.5 23.81187744642601 22.39302475132913
342.9999999999999 23.813226956815686 22.393493800436914
343.5 23.814550725176872 22.39396872838367
344.0 23.815897000269878 22.394437258944656
344.4999999999999 23.8172514098525 22.394914807509302
345.0 23.818570083706252 22.39539789416334
345.5 23.81991933995763 22.39586495178341
345.9999999999999 23.821281947928462 22.396348967453434
346.5 23.822634461539096 22.396831846947215
347.0 23.82398207365537 22.397303094161913
347.4999999999999 23.82533272158291 22.397791189614843
348.0 23.826686312466006 22.398271241000792
348.5 23.828036208192028 22.398760147073965
348.9999999999999 23.829389725138796 22.39924808860429
349.5 23.830745292980794 22.399733976950916
350.0 23.832111853101633 22.400217456590582
350.4999999999999 23.83346820007307 22.400705871121943
351.0 23.834832805789105 22.401189593285164
351.5 23.83620939953537 22.401683996468968
351.9999999999999 23.837568888109235 22.402171035775527
352.5 23.838944299206574 22.402665335542284
353.0 23.840305951384963 22.403161317125594
353.4999999999999 23.841670805010615 22.403651640668286
354.0 23.84304142430979 22.404143683081344
354.5 23.844428360544512 22.40463650113653
354.9999999999999 23.845797767341995 22.40513757043688
355.5 23.84716765254646 22.405633729096394
356.0 23.84856577162461 22.406134672113467
356.4999999999999 23.849941608846578 22.40663621648457
357.0 23.851317580028017 22.407137366810154
357.5 23.852712936158422 22.40764194652844
357.9999999999999 23.85407887220145 22.408138442214963
358.5 23.85548337128376 22.408651655391445
359.0 23.856873469237506 22.409148784659962
359.4999999999999 23.85825029895848 22.409652566913746
360.0 23.85965349024837 22.410164980489288
360.5 23.861045500509647 22.410669667552845
360.9999999999999 23.862431558835738 22.411180300624277
361.5 23.863835007152908 22.41168771695944
362.0 23.865219098487486 22.412196837570484
362.4999999999999 23.86663670931526 22.41271039214538
363.0 23.86804430388979 22.413219221952488
363.5 23.869446240571975 22.413736256406537
363.9999999999999 23.870847360417034 22.414249661481556
364.5 23.872257934297302 22.414763576310452
365.0 23.873673926476876 22.415284727004696
365.4999999999999 23.87508179726867 22.41579853388928
366.0 23.876494998556925 22.41632206095428
366.5 23.87790013690153 22.41683603653762
366.9999999999999 23.879333999522213 22.41736114997525
367.5 23.880752705462772 22.417882259064072
368.0 23.882172103510477 22.418402487836346
368.4999999999999 23.8835987939391 22.418932219177428
369.0 23.8850175532573 22.419450152619454
369.5 23.88644355614508 22.41997695360461
369.9999999999999 23.88786589154721 22.420501548397812
370.5 23.88931115618755 22.421033078159233
371.0 23.890735313456524 22.421550657918438
371.4999999999999 23.89217544597587 22.422094589762413
372.0 23.893609837522533 22.422619440785354
372.5 23.895056355903364 22.423153633498053
372.9999999999999 23.896480686602718 22.423687464409166
373.5 23.897945129674806 22.424213220003807
374.0 23.89937841704569 22.424756957817728
374.4999999999999 23.900828622746975 22.425291136765072
375.0 23.902287254191016 22.425826281528742
375.5 23.903745668541102 22.426368429847173
375.9999999999999 23.905198858408813 22.426905871702143
376.5 23.90666137673314 22.42745230720608
377.0 23.908132224301276 22.427988882513414
377.4999999999999 23.909587973219402 22.428534138047056
378.0 23.911074918368293 22.429078330537333
378.5 23.91252320578665 22.42961807660457
378.9999999999999 23.913993592173522 22.430163521187435
379.5 23.915470657426958 22.43071698570619
380.0 23.916945873017195 22.431264602009293
380.4999999999999 23.918418334972586 22.431812779509265
381.0 23.9198962500522 22.432357870544305
381.5 23.92137981355934 22.43291697720818
381.9999999999999 23.922868134008702 22.433462596951486
382.5 23.924360516413593 22.434018281898318
383.0 23.925847752045758 22.434573557685393
383.4999999999999 23.92733491600785 22.43513169118952
384.0 23.92880684646564 22.435685398360423
384.5 23.93032182653809 22.43623895855725
384.9999999999999 23.931798740436236 22.436804341259567
385.5 23.933316931649177 22.43735646427908
386.0 23.934804533840847 22.437920267847176
386.4999999999999 23.93629603510179 22.43848589863442
387.0 23.937808645674956 22.439040871067803
387.5 23.939306229646977 22.43960828743283
387.9999999999999 23.940803507517607 22.440174630817353
388.5 23.94231724665394 22.44073809196388
389.0 23.943825193506395 22.441303723411522
389.4999999999999 23.945345292341564 22.441873678854947
390.0 23.946849911978553 22.44244823196743
390.5 23.948356107852028 22.44301820239656
390.9999999999999 23.949878174383844 22.443590964339975
391.5 23.951394698023115 22.444158186342534
392.0 23.952899179471675 22.444729244317138
392.4999999999999 23.954424498318584 22.445306646671717
393.0 23.955947328293345 22.445882441458696
393.5 23.957472863783067 22.446459284299245
393.9999999999999 23.958989728572327 22.44703453365989
394.5 23.960501527976238 22.44760575510462
395.0 23.962034210169513 22.448190947692098
395.4999999999999 23.96355397753044 22.448772024354664
396.0 23.965096103716085 22.449350873436323
396.5 23.966622665450508 22.44993547465195
396.9999999999999 23.968144462781282 22.450514387743436
397.5 23.969666247582992 22.45109819531961
398.0 23.971192227587316 22.45168649225478
398.4999999999999 23.972727070521383 22.45226920149735
399.0 23.974269409188885 22.452853226793508
399.5 23.97578817896745 22.453440883253
399.9999999999999 23.97731628704644 22.45403060224005
400.5 23.978851888453356 22.45461759491341
401.0 23.98038076314076 22.45521723440282
401.4999999999999 23.981917817092505 22.45580278349822
402.0 23.98345937230181 22.45639363853844
402.5 23.984992037831063 22.456988828807965
402.9999999999999 23.986524035728166 22.457580930493144
403.5 23.988055920972858 22.458180154115063
404.0 23.989609527473547 22.458773105391504
404.4999999999999 23.991148856634872 22.459365949066697
405.0 23.99268407029578 22.459964808479175
405.5 23.994203027151237 22.46056686578863
405.9999999999999 23.995757725838757 22.461174744972922
406.5 23.997300427969645 22.46177273339715
407.0 23.998840902288627 22.46237034043017
407.4999999999999 24.00038809467564 22.462981080320496
408.0 24.001934318822947 22.4635832177843
408.5 24.00347423864944 22.46419050592565
408.9999999999999 24.005034611172395 22.46479467748751
409.5 24.00658101548959 22.4654003541982
410.0 24.008126863030846 22.466009302138694
410.4999999999999 24.009685867060682 22.466621365123057
411.0 24.011239652150035 22.467219070041693
411.5 24.01280454614544 22.467840613567457
411.9999999999999 24.01437524202089 22.468448854772628
412.5 24.01592366517101 22.46906349266366
413.0 24.01749430291769 22.469678700356116
413.4999999999999 24.019052794667672 22.470294773296096
414.0 24.020610197530967 22.47091118832669
414.5 24.022183451882107 22.4715333771354
414.9999999999999 24.023729590685804 22.472149285434924
415.5 24.025304334338653 22.472770863655125
416.0 24.02687457942296 22.473387832475154
416.4999999999999 24.028430502325612 22.474010346758707
417.0 24.03002030493374 22.474633121662045
417.5 24.03159365112164 22.47525390169971
417.9999999999999 24.03317453608477 22.47588343820038
418.5 24.034744476119194 22.476512232326314
419.0 24.03631799564328 22.47714488109827
419.4999999999999 24.037887617355096 22.477766030818373
420.0 24.039474168737847 22.478396387878583
420.5 24.041048708472164 22.47902906381122
420.9999999999999 24.0426242218838 22.479658449274137
421.5 24.044219056074088 22.480289206516506
422.0 24.04580631103064 22.48091683992427
422.4999999999999 24.047383149976902 22.481561894970262
423.0 24.04897132071472 22.482194705446897
423.5 24.050546789748868 22.48283876574183
423.9999999999999 24.052150646516864 22.483476291021578
424.5 24.053727909548872 22.48411288385469
425.0 24.055321896533734 22.48474899012916
425.4999999999999 24.056913451628603 22.485386534745174
426.0 24.058505440782003 22.486032894939644
426.5 24.060086290121383 22.486676447948252
426.9999999999999 24.061689915052995 22.487327166287866
427.5 24.063263660443294 22.48796535301608
428.0 24.0648776324182 22.488612644787487
428.4999999999999 24.06647093665619 22.48926154568611
429.0 24.068052439462026 22.489912843949153
429.5 24.069659903620156 22.49055429763863
429.9999999999999 24.07125552627843 22.491215541008557
430.5 24.072854928005427 22.491863348584992
431.0 24.074439728450116 22.492513425979354
431.4999999999999 24.076051572582905 22.49316963214444
432.0 24.077652461868247 22.4938259989895
432.5 24.079232220495626 22.49447985233526
432.9999999999999 24.080839347590427 22.495133593870005
433.5 24.082448166977137 22.49580614408999
434.0 24.084055610258268 22.49646197977087
434.5 24.085665307919953 22.497112273539052
435.0 24.087269893693417 22.497781077745408
435.5 24.088854580523638 22.498442453446845
436.0 24.090486887801525 22.49910628545659
436.5 24.092065368123997 22.499762837776775
437.0 24.093673200162435 22.500438041700562
437.5 24.095301218436024 22.501100705728998
438.0 24.09689312030553 22.501765396663302
438.5 24.09849193019663 22.502430587529357
439.0 24.100091088267014 22.503113567884547
439.5 24.101713218839148 22.50377600849597
440.0 24.10330451246669 22.504450368256972
440.5 24.1049085173277 22.50512163666942
441.0 24.106533208751625 22.50580892571989
441.5 24.10814088198721 22.50647193786286
442.0 24.109751898916087 22.507151981364785
442.5 24.111365737710486 22.507822461220467
443.0 24.112967294748845 22.50850598023803
443.5 24.1145780186471 22.509185858426793
444.0 24.11619331209522 22.50986757138021
444.5 24.11778944570277 22.510541418269522
445.0 24.119416458115893 22.511231125383915
445.5 24.121029045183473 22.511917038592678
446.0 24.122632350759012 22.512603401212246
446.5 24.12425407255028 22.513282187062874
447.0 24.12585699437544 22.51397207062498
447.5 24.127496362359757 22.514670335831557
448.0 24.129109186142458 22.515343771409015
448.5 24.130718170804045 22.516046069474992
449.0 24.132328807206168 22.516733185894115
449.5 24.133950259606447 22.517425083175088
450.0 24.135570567845118 22.518115802493014
450.5 24.137192699954202 22.518817589196182
451.0 24.13882307305598 22.51951469267393
451.5 24.140424975849896 22.52020146216847
452.0 24.142052212526526 22.520908090852195
452.5 24.14368359848641 22.521607368133676
453.0 24.145303121842954 22.522312512397804
453.5 24.14692863085068 22.523007855528515
454.0 24.148550919024228 22.52372202604107
454.5 24.15018594343385 22.52441707298022
455.0 24.151812557560074 22.525124424343595
455.5 24.15342218730242 22.52582998332398
456.0 24.155065940954643 22.52653930953357
456.5 24.156687668757066 22.5272489221162
457.0 24.158328180799415 22.527964418162743
457.5 24.159933716992814 22.528667259993377
458.0 24.161578289733608 22.52938210758709
458.5 24.163218439456564 22.530096344768356
459.0 24.164857150661824 22.530813073765607
459.5 24.16649149362435 22.531524607278524
460.0 24.16810556420549 22.532241761585453
460.5 24.16974593125298 22.532964274357738
461.0 24.17141041503148 22.53368220138913
461.5 24.173027270761406 22.534409698450414
462.0 24.174672130962872 22.535126296878424
462.5 24.176313928317718 22.53585670002205
463.0 24.17794189301505 22.536578915135053
463.5 24.17959336455808 22.537304495007277
464.0 24.181246494453504 22.538034172431814
464.5 24.182887932999208 22.5387658755267
465.0 24.18452294339698 22.539490247856047
465.5 24.186170899639897 22.540224794950838
466.0 24.187819239042703 22.54096533262436
466.5 24.18948046059713 22.541692990943396
467.0 24.19111878014254 22.542428261194615
467.5 24.192774969349596 22.54316525520256
468.0 24.194408741779064 22.543903162250032
468.5 24.196086499442906 22.544651882851472
469.0 24.19773640353087 22.545379339044054
469.5 24.19937581674005 22.546121934075206
470.0 24.20104288229467 22.546869732342103
470.5 24.20271071352683 22.547610510471166
471.0 24.204361798435276 22.54835112357776
471.5 24.20601768373367 22.549110964825122
472.0 24.20768367907276 22.549849553752438
472.5 24.209362718798882 22.550607337906005
473.0 24.21100421713302 22.551357419462796
473.5 24.212655198947004 22.552113826095244
474.0 24.214347202456914 22.552861896521005
474.5 24.216000457944553 22.553615440058312
475.0 24.217666346530123 22.554373587517947
475.5 24.21932617727527 22.55513631405435
476.0 24.221003643125623 22.555896728287284
476.5 24.222689384603868 22.556659330129186
477.0 24.224367379123212 22.55741407514205
477.5 24.22602239157969 22.5581811348773
478.0 24.227686201687373 22.558952984937108
