FastTrWP/PhaseSpace/IAs/snIa_0.59_30.00_-1.16_-0.11.csv
# %ECSV 0.9
# ---
# datatype:
# - {name: time-rel, datatype: float64}
# - {name: g, datatype: float64}
# - {name: i, datatype: float64}
# schema: astropy-2.0
time-rel g i
[from data line 287]
322.8958333333333 24.367483357695075 23.573683497920108
323.3958333333333 24.36234598589308 23.569860498366232
323.8958333333333 24.357238154201664 23.566049267127077
324.3958333333333 24.352125472083493 23.562238560139747
324.8958333333333 24.34703102039005 23.5584503562127
325.3958333333333 24.341947928441584 23.554663061350865
325.8958333333333 24.33686017429443 23.55087744659651
326.3958333333333 24.331797800952696 23.547091478838627
326.8958333333333 24.32676531719106 23.543321492755883
327.3958333333333 24.32172253511522 23.539558086728398
327.8958333333333 24.316686298388742 23.53580115455149
328.3958333333333 24.31168138229815 23.532033031008655
328.8958333333333 24.30667228299177 23.52829369502696
329.3958333333333 24.301671367822628 23.524536098300285
329.8958333333333 24.29668089679528 23.52081239767518
330.3958333333333 24.29171806508257 23.517076557270485
330.8958333333333 24.286773184959173 23.513346100731923
331.3958333333333 24.281804889895213 23.509633534573737
331.8958333333333 24.276874748465538 23.505912537679556
332.3958333333333 24.271951066145654 23.50221388629712
332.8958333333333 24.267025779242488 23.498498895824156
333.3958333333333 24.262120873616624 23.494809611587094
333.8958333333333 24.257236505515856 23.49110797650265
334.3958333333333 24.252341375591758 23.48742026068305
334.8958333333333 24.24745459875199 23.48373872042716
335.3958333333333 24.242595092037604 23.48006520408373
335.8958333333333 24.2377383674934 23.476400653105742
336.3958333333333 24.23290916152768 23.47273412025697
336.8958333333333 24.228080012410224 23.469078290477817
337.3958333333333 24.223254049458177 23.46541473569866
337.8958333333333 24.218450990428227 23.461768545249363
338.3958333333333 24.2136260595574 23.458119287677196
338.8958333333333 24.20882786544147 23.454483074014227
339.3958333333333 24.204050419712374 23.450849509897903
339.8958333333333 24.199288688582147 23.447217610008472
340.3958333333333 24.19451338960437 23.44360320631977
340.8958333333333 24.189775656686862 23.4399740350465
341.3958333333333 24.18502019812244 23.43635451754768
341.8958333333333 24.180288442786406 23.432750042053833
342.3958333333333 24.175557759193307 23.429148496765517
342.8958333333333 24.170834708999692 23.425547260340625
343.3958333333333 24.166147664504862 23.42195171933244
343.8958333333333 24.16143732395615 23.418357124006235
344.3958333333333 24.156751199624622 23.414778754837407
344.8958333333333 24.152078765465077 23.41119158707673
345.3958333333333 24.147418078857847 23.40762718319031
345.8958333333333 24.14276447573789 23.40405252671728
346.3958333333333 24.13809914065024 23.40048617214621
346.8958333333333 24.133467769879275 23.396931740941294
347.3958333333333 24.128819057494553 23.393368198521557
347.8958333333333 24.124206772958757 23.389817630369677
348.3958333333333 24.119598024089708 23.38627078142968
348.8958333333333 24.114985342399123 23.382737209075884
349.3958333333333 24.1103816657498 23.37919287251414
349.8958333333333 24.105801147847693 23.37565809821193
350.3958333333333 24.10123422541791 23.37213389283264
350.8958333333333 24.096666239277873 23.368595347706073
351.3958333333333 24.092105836461812 23.365085070324653
351.8958333333333 24.087555767631045 23.36158125601522
352.3958333333333 24.083007186344574 23.358065812439435
352.8958333333333 24.07847825672483 23.35455532648806
353.3958333333333 24.07394413350954 23.35106024200929
353.8958333333333 24.069434151337205 23.347552486466977
354.3958333333333 24.064927294778116 23.344054364561902
354.8958333333333 24.06038727347328 23.3405640994639
355.3958333333333 24.055872567350427 23.337056003621875
355.8958333333333 24.051331029492967 23.33355548657306
356.3958333333333 24.046804562764457 23.330051210058762
356.8958333333333 24.04227011044844 23.32655305972998
357.3958333333333 24.037687681475205 23.32305909507189
357.8958333333333 24.033177549673837 23.319554877032097
358.3958333333333 24.02860710631867 23.316043390678548
358.8958333333333 24.02404836116988 23.31254908392504
359.3958333333333 24.019510224018248 23.3090534947048
359.8958333333333 24.01495548477024 23.305548035289494
360.3958333333333 24.0104024507693 23.302054218405516
360.8958333333333 24.005863530505877 23.29855048724806
361.3958333333333 24.001309945209336 23.295064700496788
361.89583333333326 23.9967590097315 23.29156076778597
362.3958333333333 23.99223411728022 23.288076387387203
362.8958333333333 23.987686690335227 23.284591792356665
363.39583333333326 23.98316757184167 23.281112768238508
363.8958333333333 23.978644125957533 23.277626174738696
364.3958333333333 23.974123636099876 23.274150202494518
364.89583333333326 23.96962179867954 23.270681924007974
365.3958333333333 23.96512442861395 23.267209083002815
365.8958333333333 23.960619715888114 23.263752186268988
366.39583333333326 23.95612374504388 23.260281242037525
366.8958333333333 23.951655634990246 23.256828637121277
367.3958333333333 23.947187473612427 23.25338125545432
367.89583333333326 23.9427369112401 23.249936086075756
368.3958333333333 23.93828478103724 23.246502213825373
368.8958333333333 23.933841059584786 23.24307067149276
369.39583333333326 23.929443573275577 23.23964297241041
369.8958333333333 23.925022844210954 23.236219020440924
370.3958333333333 23.920633721443334 23.23280614507584
370.89583333333326 23.91624112319137 23.229392771533398
371.3958333333333 23.91187211808711 23.22600594196224
371.8958333333333 23.907513553544135 23.222608030537213
372.39583333333326 23.903183399690494 23.219224420546524
372.8958333333333 23.89884867583227 23.215840359305247
373.3958333333333 23.894542063178797 23.212480938781862
373.89583333333326 23.890268338669003 23.20912381225194
374.3958333333333 23.88597399509144 23.205762570982223
374.8958333333333 23.88170327337589 23.202414630016737
375.39583333333326 23.877492258826774 23.199088927535282
375.8958333333333 23.87325723184407 23.195744329090715
376.3958333333333 23.86905468477645 23.192440119763617
376.89583333333326 23.864855947481374 23.189121627880766
377.3958333333333 23.8606990162263 23.185827179165628
377.8958333333333 23.856557174286404 23.182525898129068
378.39583333333326 23.85242141902819 23.17924541807774
378.8958333333333 23.848320793194592 23.175983854923082
379.3958333333333 23.844238206610513 23.172710624020823
379.89583333333326 23.840160602703435 23.169472641685964
380.3958333333333 23.836113858810997 23.166221112671185
380.8958333333333 23.832101469306508 23.162987246317055
381.39583333333326 23.828103611647705 23.15978107599971
381.8958333333333 23.8241222602333 23.156565200664435
382.3958333333333 23.82016018698728 23.153366904629365
382.89583333333326 23.816230685545815 23.150192635141664
383.3958333333333 23.812323995683123 23.14699929001123
383.8958333333333 23.80844167687743 23.143856191154292
384.39583333333326 23.804570737203697 23.140711118568106
384.8958333333333 23.80073505339816 23.137557736958968
385.3958333333333 23.79692508573296 23.134429744473998
385.89583333333326 23.793143106211744 23.1313210828486
386.3958333333333 23.78938549816324 23.128209644433184
386.8958333333333 23.785647045849082 23.125127507963647
387.39583333333326 23.781930877527504 23.122047416729508
387.8958333333333 23.778243204815055 23.118972853744953
388.3958333333333 23.774594850661373 23.115927118933165
388.89583333333326 23.770955643827417 23.112879746853253
389.3958333333333 23.767350257817796 23.10985441736493
389.8958333333333 23.763785683285516 23.10684247637543
390.39583333333326 23.76022376428571 23.103849715707195
390.8958333333333 23.756712758713306 23.10085890210346
391.3958333333333 23.753226299439763 23.09788656166146
391.89583333333326 23.74974418944076 23.094938292128482
392.3958333333333 23.74631165801955 23.0919812474046
392.8958333333333 23.74288046120574 23.089046258211354
393.39583333333326 23.73946337140195 23.08610405120024
393.8958333333333 23.73605210250513 23.08318328209591
394.3958333333333 23.732650402979928 23.080259349848284
394.89583333333326 23.72924210468828 23.077343024058813
395.3958333333333 23.7258826036402 23.074432272957935
395.8958333333333 23.722520269056847 23.071529031152682
396.39583333333326 23.71915417428127 23.068629087351454
396.8958333333333 23.71580269396688 23.065724602703497
397.3958333333333 23.71246839201782 23.0628475710269
397.89583333333326 23.709146007302042 23.059963033297283
398.3958333333333 23.705828680338854 23.057100876699863
398.8958333333333 23.702528784970948 23.054232359496503
399.39583333333326 23.699250430827227 23.05136919835966
399.8958333333333 23.695962112327145 23.04851460410948
400.3958333333333 23.692709035172562 23.04566593840246
400.89583333333326 23.689454398395814 23.042831102813345
401.3958333333333 23.686225110600517 23.03999777458719
401.8958333333333 23.682991217895403 23.03716983677682
402.39583333333326 23.679781156333107 23.034357574016937
402.8958333333333 23.6765644504697 23.031554098901402
403.3958333333333 23.67338216933579 23.028746363038334
403.89583333333326 23.670214640193986 23.02595028788133
404.3958333333333 23.667042019231722 23.023160841115136
404.8958333333333 23.663918949899553 23.02036694732868
405.39583333333326 23.660777293551334 23.017596807208175
405.8958333333333 23.657657214542116 23.014837940434482
406.3958333333333 23.654557326772988 23.01207278436251
406.89583333333326 23.651467210108457 23.00933489845576
407.3958333333333 23.648393530082092 23.006585815166268
407.8958333333333 23.64532629039781 23.003847953457793
408.39583333333326 23.642285603102707 23.00111493954228
408.8958333333333 23.639250667167268 22.998396295390762
409.3958333333333 23.63623674831555 22.995688704724564
409.89583333333326 23.63323257566377 22.992987926666622
410.3958333333333 23.630252133666158 22.9902957412908
410.8958333333333 23.62728644633206 22.987604393803018
411.39583333333326 23.62432374530863 22.98492997123518
411.8958333333333 23.62138419983623 22.982254402208603
412.3958333333333 23.61847501164515 22.979588463432012
412.89583333333326 23.61556742721584 22.97693392250745
413.3958333333333 23.61268088503031 22.974293502679682
413.8958333333333 23.60979581391231 22.971650654377843
414.39583333333326 23.60694976173712 22.969029138385523
414.8958333333333 23.60409723819857 22.966420323960207
415.3958333333333 23.60127160582081 22.96379738707014
415.89583333333326 23.598480470670154 22.961194055441485
416.3958333333333 23.595681723553916 22.958609332156147
416.8958333333333 23.592906692315854 22.956018491768898
417.39583333333326 23.590150126677493 22.95344935206993
417.8958333333333 23.58741787576459 22.950876840160305
418.3958333333333 23.584702273322158 22.948316557720506
418.89583333333326 23.581991965974428 22.9457694809919
419.3958333333333 23.57929483706631 22.943235854300443
419.8958333333333 23.576628258711203 22.94069527830758
420.39583333333326 23.574001577515435 22.938181171273506
420.8958333333333 23.571370143505433 22.935681553050635
421.3958333333333 23.56873703439136 22.93317336089938
421.89583333333326 23.5661426880679 22.93067303148166
422.3958333333333 23.563557596999757 22.92818717839196
422.8958333333333 23.560998557945204 22.925710730433345
423.39583333333326 23.558465612161065 22.923252836020474
423.8958333333333 23.55595002498882 22.920789751324605
424.3958333333333 23.55343815095035 22.91835510885949
424.89583333333326 23.550965879022044 22.915914637613707
425.3958333333333 23.54849507843688 22.913484357991294
425.8958333333333 23.546036547106418 22.911061675726696
426.39583333333326 23.543602113283924 22.908661767805654
426.8958333333333 23.54119768606914 22.906262164716576
427.3958333333333 23.538820454693226 22.90386982820651
427.89583333333326 23.53644948961064 22.901497697091735
428.3958333333333 23.534093940696774 22.89913308179817
428.8958333333333 23.531769494859553 22.89677005985807
429.39583333333326 23.52945202598436 22.894422675610627
429.8958333333333 23.527161216953708 22.892088347969946
430.3958333333333 23.52488849586168 22.889750092495674
430.89583333333326 23.522624280649556 22.88743107953239
431.3958333333333 23.520390747428685 22.885115452276374
431.8958333333333 23.51815408596694 22.882813006643605
432.39583333333326 23.515942505990303 22.8805181049528
432.8958333333333 23.51374213787418 22.8782230180852
433.3958333333333 23.511552111123663 22.875937434456137
433.89583333333326 23.509368440630784 22.87366394674264
434.3958333333333 23.50720726645377 22.871393596133185
434.8958333333333 23.505048145171514 22.869127500010396
435.39583333333326 23.502919520879246 22.86687790244588
435.8958333333333 23.500797484903828 22.864635096487326
436.3958333333333 23.49868733074889 22.86238870630378
436.89583333333326 23.4965858282 22.86016284880229
437.3958333333333 23.494507213230587 22.857927448797465
437.8958333333333 23.49242140969173 22.85571739528869
438.39583333333326 23.490363920944624 22.853496905461196
438.8958333333333 23.488320654249218 22.851293613527282
439.3958333333333 23.486285824230105 22.849094173250748
439.89583333333326 23.48427643896534 22.846898837167963
440.3958333333333 23.482252944442905 22.844716035345023
440.8958333333333 23.48026177378405 22.84254173569647
441.39583333333326 23.478287624716035 22.84037458625965
441.8958333333333 23.476315764296956 22.83820087135732
442.3958333333333 23.474356086845177 22.836053157797057
442.89583333333326 23.47240696421671 22.83389233130192
443.3958333333333 23.47049183626032 22.83175258695777
443.8958333333333 23.46856651051096 22.829621364587386
444.39583333333326 23.46666148318965 22.827490021427863
444.8958333333333 23.464764602432574 22.825369768979584
445.3958333333333 23.462890262703503 22.823250207946174
445.89583333333326 23.4610198376444 22.821144048916224
446.3958333333333 23.45915152117812 22.819033768000942
446.8958333333333 23.457325277995476 22.816942532673767
447.39583333333326 23.455498342779006 22.814848773428572
447.8958333333333 23.453675910886304 22.81276641854387
448.3958333333333 23.45187199642949 22.810699491692784
448.89583333333326 23.450082326269776 22.808624051452725
449.3958333333333 23.448300255466187 22.80656261356023
449.8958333333333 23.446534254767663 22.804504954770227
450.39583333333326 23.444780956232265 22.80245195926204
450.8958333333333 23.443038346303133 22.800415504196593
451.3958333333333 23.441312076826748 22.798369776413647
451.89583333333326 23.439590903142093 22.796344523762002
452.3958333333333 23.43788695513791 22.794316691810643
452.8958333333333 23.43619586833276 22.792299732723937
453.39583333333326 23.43451307539204 22.790294793006204
453.8958333333333 23.43284344851968 22.788278548687625
454.3958333333333 23.4311914116973 22.7862837517486
454.89583333333326 23.429550068647483 22.784292926466343
455.3958333333333 23.427908934331448 22.782302038999994
455.8958333333333 23.426298026483558 22.780325506032337
456.39583333333326 23.42468771284343 22.778347825026092
456.8958333333333 23.423089728304145 22.776373752839497
457.3958333333333 23.421504011364345 22.7744210502367
457.89583333333326 23.419943535633124 22.772461981143742
458.3958333333333 23.418388590127076 22.770518506299847
458.8958333333333 23.416835359374414 22.76857045907983
459.39583333333326 23.415307538152565 22.766637314021906
459.8958333333333 23.413785280119694 22.76470063240925
460.3958333333333 23.41227545416993 22.762772650060672
460.89583333333326 23.410785595649514 22.760862147553667
461.3958333333333 23.409288351898 22.758944146839166
461.8958333333333 23.407815895743894 22.757046413189336
462.39583333333326 23.406364102759724 22.755140017554616
462.8958333333333 23.404915896242827 22.753249768345626
463.3958333333333 23.40347245321791 22.75135618056155
463.89583333333326 23.402047196885523 22.74947394608544
464.3958333333333 23.40063482861057 22.74759937700894
464.8958333333333 23.39924170034854 22.745727521879317
465.39583333333326 23.397856703612124 22.743857425408393
465.8958333333333 23.39647437854845 22.74200652335456
466.3958333333333 23.395106467935598 22.740150742496624
