FastTrWP/PhaseSpace/IAs/snIa_0.63_30.00_0.22_-0.06.csv
# %ECSV 0.9
# ---
# datatype:
# - {name: time-rel, datatype: float64}
# - {name: g, datatype: float64}
# - {name: i, datatype: float64}
# schema: astropy-2.0
time-rel g i
[from data line 707]
-92.0 23.699664047969662 22.54507149702391
-91.5 23.698322293105324 22.54367392297629
-91.00000000000006 23.696983946290565 22.542296787750274
-90.5 23.695666172046828 22.540924707918503
-90.0 23.694338701054313 22.53955235138442
-89.50000000000006 23.69303868708153 22.53818460089559
-89.0 23.691726336761747 22.536816837147544
-88.5 23.69044263462708 22.535453191053662
-88.00000000000006 23.68916505134656 22.534097594344512
-87.5 23.687889378770596 22.532746233978674
-87.0 23.68662233715634 22.53139792214902
-86.50000000000006 23.68535561411074 22.530064595276546
-86.0 23.684114124490037 22.528719949226538
-85.5 23.682883195221255 22.527389457057634
-85.00000000000006 23.68164485477658 22.526060144772014
-84.5 23.680427744127797 22.52473077122196
-84.0 23.679205852054896 22.523419536250703
-83.50000000000006 23.67801291691995 22.522102402679423
-83.0 23.67681090666855 22.52078942645905
-82.5 23.675626446384747 22.519489133568644
-82.00000000000006 23.67444474499539 22.5181812584933
-81.5 23.673267480771795 22.516882887936728
-81.0 23.672108639315347 22.515590453433614
-80.50000000000006 23.670961971055476 22.514293712410904
-80.0 23.66980874454925 22.513017281570473
-79.5 23.668676591122193 22.511724822908782
-79.00000000000006 23.667525446236674 22.510454789943815
-78.5 23.666411505983433 22.50918909395739
-78.0 23.665289492272205 22.507911104020483
-77.50000000000006 23.664188891374135 22.506648840170847
-77.0 23.663074344796474 22.505384994918273
-76.5 23.661986147322448 22.50412654435342
-76.00000000000006 23.660887642536842 22.502869380077296
-75.5 23.659810460233032 22.501621748821737
-75.0 23.658740369125397 22.50037451780708
-74.50000000000006 23.65768050816434 22.499127703944993
-74.0 23.656629272527926 22.49788717736433
-73.5 23.655556649897548 22.496652427983253
-73.00000000000006 23.654517876076085 22.495412964273967
-72.5 23.653474309885155 22.494195538760955
-72.0 23.65244469915379 22.492960634385494
-71.50000000000006 23.651431394901902 22.4917515228957
-71.0 23.650422178994912 22.490529860884788
-70.5 23.64939656739139 22.4893167344762
-70.00000000000006 23.648397853304402 22.488114767645527
-69.5 23.647402012380464 22.48690953024191
-69.0 23.64642175569301 22.485707896610265
-68.50000000000006 23.64543058551131 22.484505069629733
-68.0 23.644461944154575 22.48331912330281
-67.5 23.64350230992949 22.482123298829727
-67.00000000000006 23.6425329930537 22.48094380469974
-66.5 23.641597883101927 22.479761712156172
-66.0 23.640644171808958 22.47858547758701
-65.50000000000006 23.639714627145562 22.477404500096014
-65.0 23.638784627628727 22.476234403524597
-64.5 23.637861566782433 22.47506557840117
-64.00000000000006 23.636957367601347 22.47390857503261
-63.5 23.63604545800255 22.472747434175943
-63.0 23.63515220030562 22.471592943649412
-62.50000000000006 23.634266369722003 22.470442762995788
-62.0 23.633379032687184 22.469296251784286
-61.5 23.632510411564546 22.46814731598237
-61.00000000000006 23.631637645131267 22.467009895956824
-60.5 23.630768492011875 22.465877536630423
-60.0 23.629926274915608 22.464744300153438
-59.50000000000006 23.629077352065234 22.463610434091162
-59.0 23.628228697084282 22.46249441130066
-58.5 23.6274107137932 22.461373319944865
-58.00000000000006 23.62659789781886 22.460251845437156
-57.5 23.6257811698924 22.4591397627287
-57.0 23.624973284011475 22.45803430498855
-56.50000000000006 23.62417113009599 22.456938552013725
-56.0 23.623377438362056 22.455831960516313
-55.5 23.622612169428695 22.454723192032272
-55.00000000000006 23.62182586118388 22.453641889426645
-54.5 23.621045975791837 22.452548925035522
-54.0 23.620295427029067 22.451462247352346
-53.5 23.619551474845103 22.450388288534672
-53.0 23.61879772345032 22.449310775634178
-52.5 23.61807064436311 22.448236321456285
-52.0 23.617342075009343 22.4471645791329
-51.5 23.616614683367736 22.446092835930088
-51.0 23.615897088198267 22.445033743393928
-50.5 23.615178176730744 22.443976736897167
-50.0 23.614497200501372 22.442926017691743
-49.5 23.61381719390351 22.441871303846867
-49.0 23.613127979068512 22.44082131219967
-48.5 23.612452930598646 22.439781478236856
-48.0 23.611796492746542 22.43873937013639
-47.5 23.611127225585374 22.43771124322049
-47.0 23.610480111721035 22.436676020650836
-46.5 23.609843435789482 22.435651092456943
-46.0 23.609221841051582 22.43462967329812
-45.5 23.60857892580933 22.433608728100367
-45.0 23.60796073197138 22.43259576946979
-44.5 23.60736292813956 22.43158171453759
-44.0 23.60675638770523 22.430581977093624
-43.5 23.606164075623695 22.42957104120933
-43.0 23.605579169097513 22.428577051200634
-42.5 23.605008364127634 22.427579085727242
-42.0 23.604431019856783 22.426587073280693
-41.5 23.603864122936884 22.425602751668382
-41.0 23.60333299718566 22.424622192697584
-40.5 23.602790007689354 22.423635432892183
-40.0 23.602236255903048 22.422660054207256
-39.5 23.601710794705713 22.42168599163137
-39.0 23.601202475387318 22.420721635929766
-38.5 23.600683776713765 22.41975303820473
-38.0 23.600186544499543 22.41879014227314
-37.5 23.599687621220802 22.41783609059089
-37.0 23.59919528146879 22.416874644041023
-36.5 23.598719576031314 22.415927371612604
-36.0 23.598258694622945 22.414979520591338
-35.5 23.597786663785637 22.41403513890711
-35.0 23.597337460122073 22.413089388978168
-34.5 23.596889076228344 22.412159907610864
-34.0 23.596448441047606 22.41121870311421
-33.5 23.596023878128882 22.410289360607486
-33.0 23.595599258022144 22.40936200329822
-32.5 23.595188736121237 22.40844416478261
-32.0 23.59477498035386 22.407514877398214
-31.5 23.59437032711743 22.406608234532865
-31.0 23.59397588685566 22.405696987548556
-30.5 23.593594122246007 22.404786027222215
-30.0 23.59322523242538 22.403875314250776
-29.5 23.592845753247428 22.402975900600065
-29.0 23.592480481806962 22.402076281598916
-28.5 23.592118727424317 22.40117789986927
-28.0 23.591769071277486 22.400284874657466
-27.5 23.591429445000806 22.39939920214382
-27.0 23.591086440707322 22.398513885555435
-26.5 23.590766892174887 22.39762987132298
-26.0 23.590442981839267 22.39675578044578
-25.5 23.590119821935943 22.395877814766266
-25.0 23.589820326584146 22.39500240932104
-24.5 23.5895144714838 22.394136169964227
-24.0 23.5892334005324 22.393269743963327
-23.5 23.588936637079655 22.392406707256253
-23.0 23.588645273401752 22.391545822043632
-22.5 23.588377749805176 22.390689378589087
-22.0 23.588117544251055 22.389843211464747
-21.5 23.587854919722467 22.38899533398463
-21.0 23.587602522337924 22.388147167132747
-20.5 23.58735247802414 22.387300871765223
-20.0 23.58711549611143 22.3864654502874
-19.5 23.586872200132277 22.38563124595848
-19.0 23.586647571316938 22.384799458706507
-18.5 23.58642348252005 22.383967699586485
-18.0 23.58621137035798 22.383146940421117
-17.5 23.58600819227855 22.38231739481148
-17.0 23.585786926710604 22.381504358686275
-16.5 23.585596882833734 22.38068369139942
-16.0 23.585410179771195 22.37986892408335
-15.5 23.5852292342873 22.37906443839709
-15.0 23.585050241843252 22.37825101736639
-14.5 23.584870992546236 22.377448761516703
-14.0 23.58471254168908 22.376647089455123
-13.5 23.58454205958644 22.375851488869714
-13.0 23.5843957504335 22.375061514990705
-12.5 23.584238039023596 22.37426966592649
-12.0 23.58409215730335 22.37347887963798
-11.5 23.583962344859316 22.372700673381836
-11.0 23.5838363987386 22.371909697952866
-10.5 23.583707163331585 22.37114119023355
-10.0 23.583578458702572 22.37036160814799
-9.5 23.583477854221606 22.36959940520075
-9.0 23.583360647228353 22.368823771799967
-8.5 23.583260509361935 22.368056520092775
-8.0 23.583161953207828 22.36729470888973
-7.5 23.583065133453186 22.366529229269464
-7.0 23.582988486573015 22.36577772487906
-6.5 23.582893157999962 22.365022552244636
-6.0 23.582827515842126 22.364276419215045
-5.5 23.582755698128487 22.363524620523606
-5.0 23.58268617230088 22.36278906017826
-4.5 23.582634025397688 22.362040784218937
-4.0 23.58257338964457 22.361300386391605
-3.5 23.5825285228959 22.3605687915787
-3.0 23.582484541525282 22.35983831054614
-2.5 23.582433842139846 22.35910429838591
-2.0 23.582401586847723 22.358385710801095
-1.5 23.582382473498882 22.3576578375318
-1.0 23.582369144852887 22.35693718860984
-0.5 23.582356432600463 22.35622463926265
0.0 23.582349768071968 22.355510817898022
0.5 23.582354247008993 22.354797627098467
1.0 23.582374142509885 22.354091653227705
1.5 23.58238274456194 22.353389539065354
2.0 23.5824253435606 22.352688164221803
2.5 23.582466960932898 22.351991506645405
3.0 23.582508738863154 22.35129505190821
3.5 23.582557295662127 22.35061096428661
4.0 23.582617806458575 22.349921815184274
4.5 23.5826905710501 22.34923564501395
5.0 23.5827683599145 22.348555450424247
5.5 23.582850339662684 22.347879170704722
6.0 23.582942942710904 22.347203897147775
6.5 23.58303063224414 22.34652962717663
7.0 23.583134941473084 22.34586610964936
7.5 23.583249044360993 22.34519221903571
8.0 23.583377446582965 22.34453439610086
8.5 23.583491465916246 22.34387575078766
9.0 23.583622707415365 22.34321442568037
9.5 23.583765301785323 22.3425645392278
10.0 23.583893838490173 22.34190942589072
10.5 23.584043717141576 22.341263430625453
11.0 23.584198295340364 22.3406169711982
11.5 23.5843653601701 22.339972513672315
12.0 23.5845246053928 22.33933354704041
12.5 23.58470165989742 22.338701306100162
13.0 23.58488907706259 22.338065504864918
13.5 23.585063395376118 22.33744483260277
14.0 23.585263526877803 22.336806282617367
14.5 23.585442191017165 22.33618874675718
15.0 23.585643798301422 22.33555465288277
15.5 23.585855526924977 22.334939285061722
16.0 23.586067023452507 22.334326056568973
16.5 23.586279934285944 22.333706570757066
17.0 23.586490274489954 22.333097688694735
17.5 23.586726242710508 22.332487675089286
18.0 23.586952288570593 22.331885421227902
18.5 23.587196544405778 22.331281203682934
19.0 23.587427682787112 22.330675175221018
19.5 23.587673612124025 22.330077330289786
20.0 23.587926614609344 22.329485408041513
20.5 23.588178426948282 22.328896619466793
21.0 23.58844198579051 22.3282974957274
21.5 23.5886971864134 22.327708804174513
22.0 23.588956114575087 22.327118145454893
22.5 23.589221828623973 22.326536366446426
23.0 23.589492107766343 22.32595922339803
23.5 23.58977474899449 22.325384682444543
24.0 23.590051602004753 22.324807587131676
24.5 23.590343246202217 22.324232905605797
25.0 23.590622375290735 22.323657220227524
25.5 23.590909883934373 22.323093126495376
26.0 23.591200391667456 22.322532516290615
26.5 23.591495208207345 22.32196621630754
27.0 23.59180007326981 22.321403647100016
27.5 23.59210301002807 22.320843811515736
28.0 23.592410071883776 22.320287570689786
28.5 23.59272175167233 22.319732941744228
29.0 23.593024684897994 22.319183949866186
29.5 23.593335811746012 22.318635864487213
30.0 23.593660173589782 22.318084674441366
30.5 23.593970878752092 22.31753983264629
31.0 23.594299635049513 22.31699478108951
31.5 23.594610570849813 22.31645834556462
32.0 23.594944470442787 22.315916134573545
32.5 23.595272090400385 22.31538155031737
33.0 23.595593370765528 22.31484951600368
33.5 23.595927776686906 22.314316340664753
34.0 23.59624994321216 22.31379209348153
34.5 23.596586672159322 22.313259681251264
35.0 23.59693370227156 22.31273632726035
35.5 23.597254455591973 22.31221112425031
36.0 23.597597906797226 22.311692742210397
36.5 23.597930146930697 22.311177081280423
37.0 23.59828186198028 22.31065879563769
37.5 23.59861770727726 22.31014890991963
38.0 23.598961313970207 22.309628345949942
38.5 23.599323244738027 22.309124309496603
39.0 23.599664871375698 22.308611182455493
39.5 23.600034302788213 22.308108676503394
40.0 23.600377062751917 22.30760415716531
40.5 23.600743291339363 22.307104186103164
41.0 23.601123210056 22.30660334360243
41.5 23.601489570503233 22.30610563141967
42.0 23.601870423225787 22.305610935124378
42.5 23.602235442181872 22.305118628190165
43.0 23.602622012538575 22.304629335857747
43.5 23.6030137238904 22.30414621654646
44.0 23.603399832209924 22.30365121687456
44.5 23.603790343665754 22.30316860088296
45.0 23.604196604401444 22.302689651378707
45.5 23.604586015533314 22.30221014991049
46.0 23.604974797461683 22.301729384881718
46.5 23.60538634025403 22.301260449069986
47.0 23.605803403335855 22.300779703472074
47.5 23.60622394269384 22.30031602329794
48.0 23.6066304084597 22.29984093525363
48.5 23.607058312993576 22.29938141178868
49.0 23.607486840437627 22.298920259499667
49.5 23.60790943181328 22.29845686701144
50.0 23.608333878006764 22.29800225831906
50.5 23.60877417204395 22.29754079883527
51.0 23.60921787693274 22.29708686400865
51.5 23.609657140177585 22.296631342958086
52.0 23.610105388566197 22.29618453953258
52.5 23.6105496096048 22.295740342410845
53.0 23.611020121376104 22.29529377956254
53.5 23.611473020093232 22.294848974135117
54.0 23.611931426630306 22.29440175631561
54.5 23.6124101788792 22.293966358307372
55.0 23.6128698961991 22.293534954545528
55.5 23.61335077803828 22.293109797405588
56.0 23.61382840976839 22.292672006709154
56.5 23.614303636769122 22.292240208188375
57.0 23.614786857997167 22.29181354332278
57.5 23.61528402140838 22.291390261194174
58.0 23.615773745842294 22.290971009614324
58.5 23.61627432797458 22.29055800465382
59.0 23.61677662007816 22.2901368159665
59.5 23.61727477486786 22.289722396632534
60.0 23.61779413691228 22.289315017081847
60.5 23.618309784163646 22.288903365593647
61.0 23.61882574995938 22.288496420679678
61.5 23.619338353141977 22.288089776410835
62.0 23.619864241305642 22.287697649286457
62.5 23.620403514884426 22.28728750286084
63.0 23.62093563739782 22.286895300462362
63.5 23.621458892951722 22.28650298053157
64.0 23.622005435498767 22.286105246555636
64.5 23.622549459466825 22.285723010652635
65.0 23.623116987877403 22.285335132421658
65.5 23.623658535186948 22.284949013627312
66.0 23.624230351643988 22.284565878810202
66.5 23.624779895395353 22.284190046951615
67.0 23.62534711176824 22.28380895342815
67.5 23.625917489062047 22.283438246484756
68.0 23.626491264795423 22.28306625196099
68.5 23.627068816628064 22.28269410507935
69.0 23.627661782185044 22.282330189067917
69.5 23.628238013054023 22.281966110796752
70.0 23.628838517877554 22.28160614986018
70.5 23.62943904901511 22.28124772995895
71.0 23.630035220685684 22.280887078798656
71.5 23.63062826507094 22.2805339459515
72.0 23.63125096996154 22.280188528163166
72.5 23.631859539453806 22.279841619807822
73.0 23.63248385119347 22.279496295695957
73.5 23.633102956526017 22.279150032757595
74.0 23.633723006954387 22.27880703171737
74.5 23.634366744568812 22.27847252867766
75.0 23.634992607012883 22.278133748851438
75.5 23.63563065336574 22.277802489383202
76.0 23.636277349496027 22.27747285709524
76.5 23.636926903623113 22.277147497998932
77.0 23.637586289624245 22.276823123568498
77.5 23.638242092688948 22.276499536293475
78.0 23.638902024430326 22.27618310618808
78.5 23.63956729169525 22.27586018147514
79.0 23.640231832968492 22.27554264780555
79.5 23.640910793730455 22.27523222374163
80.0 23.64159344930772 22.2749170504336
80.5 23.642277094922672 22.274613180814352
81.0 23.642961949190884 22.274294761312326
81.5 23.643654683750515 22.27399297184228
82.0 23.644341708443445 22.27369686501771
82.5 23.64504851860369 22.273394051607234
83.0 23.645754298544468 22.27310314627813
83.5 23.64646931543135 22.272803177962164
84.0 23.647179887244853 22.272506585946942
84.5 23.64788764218162 22.272215942763367
85.0 23.648606110898335 22.271929484774816
85.5 23.6493449744398 22.27164228439905
86.0 23.650076028794068 22.27135715890313
86.5 23.65080743875553 22.27108192642565
87.0 23.651542364304806 22.27079441863012
87.5 23.6522844074387 22.27052283395279
88.0 23.653029408516165 22.27024331977031
88.5 23.653783777156583 22.26997784846776
89.0 23.654540292348322 22.269705165303574
89.5 23.65531376449182 22.269440384999942
90.0 23.656075140994986 22.269170710634477
90.5 23.656837859173677 22.268910172496902
91.0 23.65761497812823 22.268657080773377
