FastTrWP/PhaseSpace/IAs/snIa_0.44_30.00_1.42_0.07.csv
# %ECSV 0.9
# ---
# datatype:
# - {name: time-rel, datatype: float64}
# - {name: g, datatype: float64}
# - {name: i, datatype: float64}
# schema: astropy-2.0
time-rel g i
[from data line 677]
498.375 23.261224493388212 22.51227975745047
498.875 23.260366289057295 22.5111909603338
499.375 23.259508308588707 22.51010444587991
499.875 23.258667844730958 22.509020193006005
500.375 23.257819739137304 22.507943365633967
500.875 23.256980144158604 22.506860431745555
501.375 23.25615035220857 22.505784681223496
501.875 23.25531750235359 22.50472879137248
502.375 23.254515424009874 22.503661710644693
502.875 23.253705747390335 22.50259316023903
503.375 23.25289545296615 22.501544429141475
503.875 23.2520974156769 22.500488155075434
504.375 23.251304861744106 22.499443884352853
504.875 23.25052625024066 22.498398646709838
505.375 23.249746568016867 22.497357169909282
505.875 23.248984037465444 22.496327929626133
506.375 23.248217387049902 22.495292604926323
506.875 23.247463612029236 22.494269050400963
507.375 23.246692079945205 22.493244148025187
507.875 23.24596386916776 22.492226423664516
508.375 23.245227036387913 22.49120725704868
508.875 23.244493798327465 22.490193322512994
509.375 23.24377226154241 22.489194789007307
509.875 23.243050478218898 22.488192855242307
510.375 23.242347900417787 22.48719267139256
510.875 23.241642099201506 22.486197518817
511.375 23.24093350143125 22.485211562981313
511.875 23.240248468335537 22.484227350077546
512.375 23.23956098227405 22.4832433058996
512.875 23.23889464578738 22.482258813610727
513.375 23.23822109400778 22.481290494935035
513.875 23.237557357144286 22.480319335367533
514.375 23.236901225598338 22.479356978796993
514.875 23.236257224741315 22.47839717304963
515.375 23.235626215521464 22.477437963246242
515.875 23.23498084522429 22.4764840950427
516.375 23.234347978663628 22.475541551662523
516.875 23.23373518690697 22.474597420138984
517.375 23.23312681815663 22.473651558918846
517.875 23.232513658822462 22.472720821117484
518.375 23.23192289034565 22.471789148087375
518.875 23.231338577733034 22.47085854780221
519.375 23.23074361525524 22.469940808752668
519.875 23.230159479266092 22.469020860858173
520.375 23.229591016824177 22.468106641453215
520.875 23.22903172988044 22.467208854394656
521.375 23.22847871180913 22.46629036188058
521.875 23.22791976570467 22.46538875496942
522.375 23.227392656794503 22.464492732182944
522.875 23.226849638589627 22.463601116161847
523.375 23.226324984150878 22.46271533771784
523.875 23.22579352493859 22.461829504443603
524.375 23.22529339489496 22.460956816940968
524.875 23.224787689376036 22.46007741196765
525.375 23.22428361231664 22.45919958844174
525.875 23.223798845650414 22.458339203215246
526.375 23.223319483975295 22.457475301042017
526.875 23.222843745392773 22.456617924815035
527.375 23.222363882132715 22.455762326212728
527.875 23.221898941129034 22.45491457688469
528.375 23.22145119820742 22.454065346114845
528.875 23.220994662019994 22.453226652563387
529.375 23.220564071569694 22.45238776333292
529.875 23.22013301784262 22.451559704601696
530.375 23.219698664929208 22.450730714751195
530.875 23.219281886717308 22.44989875566478
531.375 23.218856921500187 22.449078822152003
531.875 23.218453612945858 22.448258463435728
532.375 23.218055060148245 22.447447825032135
532.875 23.217659968376203 22.446645487497708
533.375 23.21726902495793 22.44583409408275
533.875 23.216889629000978 22.445026459826583
534.375 23.216510650102798 22.44423079809661
534.875 23.216155714432894 22.443434432107466
535.375 23.215788355967458 22.442643309458994
535.875 23.215430162873165 22.441863315555352
536.375 23.21508724950948 22.441071520955333
536.875 23.214743920276028 22.440294940545176
537.375 23.21441080522034 22.439519556172414
537.875 23.214065891387765 22.438750134166515
538.375 23.21375081942479 22.43797475626552
538.875 23.213424540996954 22.437212628771753
539.375 23.213120452097296 22.43644738290442
539.875 23.21280780957577 22.43568758958218
540.375 23.212519808946467 22.43493199894513
540.875 23.212214691517126 22.434177302378803
541.375 23.211926070366125 22.433433309657083
541.875 23.21163841608262 22.432690839661596
542.375 23.211367067144266 22.43194936522781
542.875 23.211101599737898 22.431210555542126
543.375 23.210832249553487 22.43047765658286
543.875 23.210572676368916 22.429742280344605
544.375 23.210323535728023 22.429009182155248
544.875 23.210068299400227 22.428289384323996
545.375 23.20982469900375 22.427561096634197
545.875 23.209595969050298 22.42684911189518
546.375 23.209357876468566 22.42612393453396
546.875 23.209128401832725 22.425415817543147
547.375 23.20890729789907 22.424707019186243
547.875 23.208703319293406 22.4239976980447
548.375 23.208481787031406 22.42329704519287
548.875 23.208286606657186 22.422590010547204
549.375 23.20808506363656 22.421896568301356
549.875 23.2078893064675 22.421201688947168
550.375 23.207698523614205 22.42050917472518
550.875 23.207518082534563 22.41981883750502
551.375 23.20732820148349 22.419134147724257
551.875 23.20716465206775 22.418450343200288
552.375 23.206998253470555 22.417771183167304
552.875 23.20683991418885 22.417095585264338
553.375 23.20667515024736 22.416413338306608
553.875 23.206519698559468 22.41573979142945
554.375 23.206364086977736 22.41507132208985
554.875 23.20622616769402 22.414406182602885
555.375 23.20608654745781 22.41374181440172
555.875 23.205955633625543 22.413078043778697
556.375 23.205821036088153 22.412420298705115
556.875 23.205697326624684 22.41176842182815
557.375 23.2055793142412 22.41110831493813
557.875 23.205467417507762 22.410460124463356
558.375 23.205355870474484 22.409813753731626
558.875 23.205267494422095 22.409170177382375
559.375 23.205169515566894 22.408529805760807
559.875 23.2050785099861 22.407893557145854
560.375 23.20499758450628 22.40726827836735
560.875 23.204922664786235 22.40663428681025
561.375 23.20486672635484 22.406009857985694
561.875 23.20480440298539 22.40539671559542
562.375 23.20475542960096 22.404771571124158
562.875 23.20470382832489 22.40416193457377
563.375 23.204669862585128 22.403552222805025
563.875 23.204637663871004 22.40294885925197
564.375 23.20460962937404 22.402344706065612
564.875 23.204588931500556 22.401740560282054
565.375 23.20457614411565 22.401142601409703
565.875 23.204580594577628 22.400557325633486
566.375 23.204570017742768 22.399968784968067
566.875 23.20457338266258 22.399383865562953
567.375 23.204592054848767 22.398800282419828
567.875 23.204609162274473 22.398222603214304
568.375 23.204631239858713 22.39764788571764
568.875 23.204660394023225 22.39707343931006
569.375 23.20469378866234 22.396497188878367
569.875 23.20473574703463 22.395934133983687
570.375 23.204770181967874 22.39536886118429
570.875 23.20482146522156 22.39480116178393
571.375 23.204868268565264 22.394243203840286
571.875 23.20493245298487 22.393682196376666
572.375 23.20500886759342 22.393130989943533
572.875 23.205073396734743 22.392576075435766
573.375 23.20514622553134 22.39202882680435
573.875 23.20522560300744 22.391482542396567
574.375 23.205311147900808 22.390937392755866
574.875 23.205394941486013 22.390389374801742
575.375 23.205487904908672 22.389848890086196
575.875 23.205580875106307 22.38931240146244
576.375 23.205685208117437 22.388773515747488
576.875 23.205794846299757 22.388238867378387
577.375 23.205891087060337 22.38771091606861
577.875 23.206011793963484 22.38718080398124
578.375 23.20612191981672 22.386652642719
578.875 23.20624771870028 22.386127237872728
579.375 23.206369067498883 22.385601690796804
579.875 23.206489751714198 22.385075241346215
580.375 23.20661981443443 22.384551071432735
580.875 23.20675721480075 22.384032150750905
581.375 23.206899406261993 22.383518158868164
581.875 23.207027953639678 22.38300390863686
582.375 23.207178042952975 22.38248420660588
582.875 23.207320158985574 22.381970802964073
583.375 23.20746473856702 22.381456908062958
583.875 23.207618781172314 22.380949186646582
584.375 23.20777704540383 22.38044285813567
584.875 23.207937717635517 22.37993387379244
585.375 23.20810060866706 22.379426287619584
585.875 23.20826096567557 22.378921582775206
586.375 23.208429770171982 22.378416714338613
586.875 23.208592933505496 22.377909622848193
587.375 23.208762291305955 22.37740975964115
587.875 23.208927082101923 22.37690885210351
588.375 23.2091058856562 22.37641074607665
588.875 23.209286004445524 22.37590680241913
589.375 23.209452462057335 22.375415045670547
589.875 23.209633600556852 22.374913813618804
590.375 23.209808829285635 22.374415111014212
590.875 23.209991578274874 22.37391722609982
591.375 23.210176026453734 22.373420789476288
591.875 23.210359083469264 22.37292650222647
592.375 23.210544338002084 22.372429314313493
592.875 23.210734417933296 22.371936531261664
593.375 23.21093589152464 22.371443450698067
593.875 23.211123975012594 22.37094716634228
594.375 23.21132742902278 22.370463098295726
594.875 23.21152615218077 22.369976680790916
595.375 23.211733911866563 22.369488035871843
595.875 23.21193671219095 22.369005308847623
596.375 23.212147916466165 22.36851839177408
596.875 23.212364613945308 22.368036052666508
597.375 23.212585501429576 22.367556193166614
597.875 23.212804160384756 22.36707726272212
598.375 23.21303508902664 22.36659617227662
598.875 23.213261171457916 22.366124091493926
599.375 23.213487126346358 22.365655256631335
599.875 23.213723117972602 22.36517505423564
600.375 23.213959443438377 22.364694596200792
600.875 23.2141974288567 22.364236563957075
601.375 23.214443574334908 22.36376828264522
601.875 23.214692307745462 22.363298481717923
602.375 23.214950259320425 22.3628301349791
602.875 23.215202495851624 22.362369892004523
603.375 23.215452042098747 22.3619060847819
603.875 23.21573134746949 22.361448373813545
604.375 23.215990808438775 22.360979227287668
604.875 23.21625353615326 22.360527972630443
605.375 23.216519655940875 22.360073489683685
605.875 23.216788233361875 22.359616008231477
606.375 23.217076457075493 22.359167844349003
606.875 23.217362810434373 22.35871560189526
607.375 23.217639302718005 22.358260850635695
607.875 23.217925001378262 22.35781392899209
608.375 23.218223470578184 22.35737087120284
608.875 23.218522523408787 22.356928125166338
609.375 23.21881842065605 22.3564826048591
609.875 23.21911847119047 22.356038197610392
610.375 23.219430506055172 22.355603432900853
610.875 23.219741575276693 22.355158007491127
611.375 23.2200574424964 22.35472725511157
611.875 23.22036457267965 22.35428839381314
612.375 23.220686520039656 22.353863258255515
612.875 23.22101427050842 22.353428231834723
613.375 23.221338881769476 22.352994802384654
613.875 23.221670729328633 22.352561323147544
614.375 23.22200936210058 22.352141972355287
614.875 23.222345324853016 22.351711496759066
615.375 23.22268765080789 22.351287953964626
615.875 23.22303680040541 22.35087389507096
616.375 23.223390093638105 22.350456140334
616.875 23.223751668668783 22.350032745355236
617.375 23.224096149353834 22.349611487021008
617.875 23.224458817397213 22.349203125874748
618.375 23.2248312987668 22.34879313099534
618.875 23.225190531248643 22.34837674326705
619.375 23.225549300463335 22.347969978082155
619.875 23.225941196761752 22.34756135537276
620.375 23.22632625301486 22.347150094872084
620.875 23.226711925938925 22.346746750452972
621.375 23.227085952128665 22.3463490346338
621.875 23.227492897493814 22.345944672335673
622.375 23.227879701005353 22.34554942659245
622.875 23.228288774079147 22.34514825624612
623.375 23.22868583954164 22.344749833710193
623.875 23.229099628226457 22.344359206463544
624.375 23.229501905983895 22.34397178659529
624.875 23.229920667311895 22.343575600485472
625.375 23.230342344778244 22.343196183351807
625.875 23.230776899225614 22.342800696230924
626.375 23.231187962677815 22.34241792374515
626.875 23.231625256857388 22.342032697104077
627.375 23.232054083466114 22.34165301565899
627.875 23.23249363381972 22.341274910961396
628.375 23.232947265185505 22.3408934496161
628.875 23.23338433540497 22.340518673384317
629.375 23.233839364657758 22.34014831564705
629.875 23.23428687654333 22.33977503113144
630.375 23.234747551256962 22.339403459879957
630.875 23.23520254853992 22.339028139355204
631.375 23.23566845635768 22.338659691954803
631.875 23.236133335298565 22.338291595221257
632.375 23.236618640861273 22.337925587739722
632.875 23.237082726528932 22.337563334375666
633.375 23.237572495102732 22.337199207578816
633.875 23.238058884150803 22.33683950671633
634.375 23.23852673898362 22.336479206313697
634.875 23.239034029982868 22.336116979200757
635.375 23.23952994841505 22.335763038209784
635.875 23.240033816205475 22.33541282507347
636.375 23.240524472378787 22.33505801640552
636.875 23.241036265364485 22.334702366215815
637.375 23.24154414809888 22.33434805458698
637.875 23.24206535666168 22.334005469056898
638.375 23.242574618765026 22.333656722591773
638.875 23.24309910469713 22.333310145414448
639.375 23.24363006421907 22.33296670982456
639.875 23.244157574512904 22.33262154339294
640.375 23.24468462960437 22.33227652066665
640.875 23.245229495747726 22.331942218432932
641.375 23.24577184812017 22.331606815839663
641.875 23.24631717181213 22.331280751456948
642.375 23.246859070278006 22.330937744426066
642.875 23.247430703193494 22.330606787275556
643.375 23.24798459048524 22.330274101137743
643.875 23.248541330293108 22.32995000301095
644.375 23.249120174679696 22.329622170175952
644.875 23.249675674945568 22.329292658297923
645.375 23.25025408400645 22.328968237776017
645.875 23.250837219385435 22.32865756817738
646.375 23.251406318882953 22.328329861964352
646.875 23.25200345419157 22.328012553949243
647.375 23.252583201705047 22.32769275658307
647.875 23.25318474506876 22.327372130121596
648.375 23.253786618624343 22.327064685566086
648.875 23.25438654588337 22.326752962018787
649.375 23.254995690631766 22.326444390984832
649.875 23.255607098839807 22.326131922738494
650.375 23.256217672980533 22.32582940312313
650.875 23.256845719738624 22.32552082139707
651.375 23.257464526015845 22.325224483952915
651.875 23.258092491105447 22.324914766073665
652.375 23.258726511043257 22.324621768659398
652.875 23.259359817628024 22.324321262546356
653.375 23.260003133051804 22.324027941585577
653.875 23.260651308311118 22.323730481590815
654.375 23.261305354528847 22.32344328004768
654.875 23.261954721406568 22.323145216998785
655.375 23.262596135031277 22.322856007886607
655.875 23.263268040783174 22.322573250524144
656.375 23.263934342874432 22.322285305398534
656.875 23.26460436421568 22.32199736909498
657.375 23.265278176274826 22.321723934631468
657.875 23.265949284012322 22.321436976903858
658.375 23.266649163034923 22.32116758842672
658.875 23.267327950538075 22.32089063406719
659.375 23.26801996118737 22.320612983090523
659.875 23.26871157483342 22.320338771547746
660.375 23.269404736938423 22.32007291090255
660.875 23.270118561964836 22.319802656151285
661.375 23.27083836358995 22.319536085666098
661.875 23.271549113860406 22.319273180639104
662.375 23.272274090915282 22.31900296051181
662.875 23.273002286336798 22.318742032532533
663.375 23.273740396228565 22.318477541544777
663.875 23.274480557251582 22.318221467844047
664.375 23.275234276624364 22.31796431891286
664.875 23.275991453142876 22.317707910075253
665.375 23.27675126189284 22.317453890117346
665.875 23.277509713085898 22.31720596553081
666.375 23.278289975090146 22.316950800723767
666.875 23.279066658405313 22.31669996147632
667.375 23.279854740715106 22.31645094112605
667.875 23.280635424088732 22.316212708455385
668.375 23.281440654791915 22.31596194743039
668.875 23.28224587097482 22.315714630845363
669.375 23.283051107922873 22.315476246319655
669.875 23.283848432697308 22.315237297083684
670.375 23.284668527992597 22.314994417463506
670.875 23.28548834551743 22.31476183002239
671.375 23.286325337341726 22.314525058040992
671.875 23.28715119320014 22.314287405732905
672.375 23.287977256122247 22.31406130918678
672.875 23.28882202229684 22.313832518188363
673.375 23.289668914881062 22.313600676119954
673.875 23.290518066024205 22.313370403068006
