FastTrWP/PhaseSpace/IAs/snIa_0.69_30.00_-1.12_-0.25.csv
# %ECSV 0.9
# ---
# datatype:
# - {name: time-rel, datatype: float64}
# - {name: g, datatype: float64}
# - {name: i, datatype: float64}
# schema: astropy-2.0
time-rel g i
-342.5 26.776128728212505 26.982259156487366
-342.0 26.729695700197325 26.953704346640297
-341.5 26.684917264367655 26.925815627757736
-341.0 26.641616452948767 26.898422085397208
-340.5 26.599829217804427 26.871621760939824
-340.0 26.559343583571597 26.8452956254606
-339.5 26.520011523524506 26.819375129129455
-339.0 26.48173985258998 26.793899852421458
-338.5 26.44439033931899 26.76879240739777
-338.0 26.408106878222995 26.7441031302816
-337.5 26.372618039498086 26.719673537960894
-337.0 26.337987149712042 26.695683614834365
-336.5 26.304229525464482 26.672069631978545
-336.0 26.271163966281527 26.648675769392728
-335.5 26.23882495491708 26.625678737235773
-335.0 26.207235883211602 26.60296399598591
-334.5 26.176279780788075 26.580577126943137
-334.0 26.145904378284264 26.558506134755472
-333.5 26.116221545023794 26.536684902497676
-333.0 26.08707684567713 26.51518125888746
-332.5 26.058550728569223 26.493963937435442
-332.0 26.030476186269496 26.472987361907506
-331.5 26.002967169552228 26.452265112910286
-331.0 25.975992801009916 26.43180474302592
-330.5 25.94945641403317 26.41159057780696
-330.0 25.92337453316118 26.391673855092137
-329.5 25.897761187231104 26.37196051058323
-329.0 25.872534594558743 26.352467165159112
-328.5 25.847744654044178 26.3332198053573
-328.0 25.82340012358207 26.314205428465648
-327.5 25.799403096077512 26.295386551602196
-327.0 25.775808674430557 26.276804711491867
-326.5 25.752550493468487 26.258428065691803
-326.0 25.729708345983756 26.240210492894317
-325.5 25.70714960737297 26.222239444578253
-325.0 25.68491634643849 26.204473327184225
-324.5 25.663021139966347 26.186869023333884
-324.0 25.64144397003004 26.16950132343046
-323.5 25.62021092064798 26.152266992933157
-323.0 25.599238987422762 26.135247139724854
-322.5 25.578563762875 26.118444070171908
-322.0 25.55813836396348 26.101764442568776
-321.5 25.538026526381216 26.08521002139433
-321.0 25.518152567988416 26.0689050973906
-320.5 25.498550841518203 26.052743815699003
-320.0 25.479205307225254 26.036696900442887
-319.5 25.460102666816496 26.020864775343128
-319.0 25.441252806199103 26.005179714277936
-318.5 25.42260263919323 25.98965021997983
-318.0 25.40423422541986 25.974254936416475
-317.5 25.38605099613592 25.959051546743748
-317.0 25.36810206493861 25.943921551289822
-316.5 25.350367065799716 25.928999154062467
-316.0 25.332848219258615 25.914227363501418
-315.5 25.31551351810275 25.899518590819785
-315.0 25.29838702413884 25.8850070575026
-314.5 25.281446234786188 25.870587938036934
-314.0 25.26470707680625 25.85633760426813
-313.5 25.24815741054347 25.842228375632004
-313.0 25.23181402056515 25.82823840486141
-312.5 25.21563553811442 25.814360219037997
-312.0 25.1995905907458 25.800577745482908
-311.5 25.18375658834922 25.78698274463383
-311.0 25.168073774505125 25.77345803006349
-310.5 25.1525905408176 25.760088327692294
-310.0 25.137225312622125 25.74678889196466
-309.5 25.12202790874796 25.733625389233772
-309.0 25.10702543712883 25.72060792220031
-308.5 25.092166706778794 25.70769459349554
-308.0 25.077464505706438 25.69487243067263
-307.5 25.06286535843973 25.682180066640413
-307.0 25.048448370322596 25.66954426512538
-306.5 25.034156169406398 25.657062666093964
-306.0 25.020025176971696 25.644680303955973
-305.5 25.00600957738392 25.632376869928013
-305.0 24.992129344411218 25.620210880789976
-304.5 24.97842102766978 25.60810291892505
-304.0 24.964808161395233 25.596127288164887
-303.5 24.95132636768063 25.584210978986857
-303.0 24.937975698897702 25.572420311142277
-302.5 24.924758137798566 25.56074410091862
-302.0 24.911660378594448 25.54912194981716
-301.5 24.898665414208516 25.53760019548163
-301.0 24.885818527423098 25.526173166263902
-300.5 24.873071442068195 25.51483729304418
-300.0 24.860446233710256 25.50360744735929
-299.5 24.847930155300197 25.49245098906288
-299.0 24.835493752856763 25.481375909136105
-298.5 24.823112128430434 25.47036208054105
-298.0 24.81078708619122 25.45942519957235
-297.5 24.798523883206446 25.448580318051825
-297.0 24.786351778573096 25.437742803948566
-296.5 24.77420239619962 25.42701701974621
-296.0 24.762146775836715 25.416366264826987
-295.5 24.750151615518796 25.40574250679313
-295.0 24.738196539343406 25.39519645287376
-294.5 24.72630889160194 25.384713657488685
-294.0 24.714495370606933 25.374288330397423
-293.5 24.70276664414278 25.363961110255154
-293.0 24.691075775358318 25.353646642640634
-292.5 24.679493370571333 25.34341714237639
-292.0 24.66794614054317 25.333258260089163
-291.5 24.65647110906691 25.32312974406998
-291.0 24.645075978688006 25.313081668178445
-290.5 24.63373492073235 25.30305427818962
-290.0 24.62247536644494 25.29312152252249
-289.5 24.611272648620677 25.283262813402608
-289.0 24.600156102810967 25.273432810916468
-288.5 24.589098288173826 25.263675272868426
-288.0 24.5781150384852 25.253972332826127
-287.5 24.567221701826753 25.244284612309915
-287.0 24.55636325439398 25.234683118687503
-286.5 24.545615330901924 25.225107455618343
-286.0 24.534899618565696 25.21560574449446
-285.5 24.52427040765173 25.206186721595802
-285.0 24.51371181222094 25.196789656505402
-284.5 24.503219879662357 25.18745720612477
-284.0 24.492795998862963 25.178176855879638
-283.5 24.48247592209436 25.16892560233334
-283.0 24.47219409030547 25.15974332429602
-282.5 24.46198696257126 25.150604849916842
-282.0 24.45184868969485 25.141506221635545
-281.5 24.441793742269144 25.132497383164832
-281.0 24.431806942550445 25.123456873005907
-280.5 24.42188312267802 25.114540006799736
-280.0 24.41201701580505 25.1056285073283
-279.5 24.402267266995572 25.09678850845163
-279.0 24.39255536709701 25.08797222639751
-278.5 24.38291442231503 25.07920752509889
-278.0 24.37335741896873 25.07050555822653
-277.5 24.363867743422954 25.061840782647778
-277.0 24.354446045894278 25.05321418233031
-276.5 24.34506832807069 25.044652684935777
-276.0 24.335777234302785 25.036118710847152
-275.5 24.326580056163863 25.027623245007295
-275.0 24.317427908463543 25.01915939289262
-274.5 24.30834302920767 25.010777335523354
-274.0 24.299330483050326 25.00241243629923
-273.5 24.290387063410883 24.994077801938673
-273.0 24.28151384635158 24.985820133310664
-272.5 24.272716074341663 24.97758235829093
-272.0 24.26397268725129 24.969401901801582
-271.5 24.25531709774722 24.961237298959745
-271.0 24.246715233005006 24.953136791228662
-270.5 24.238169915396035 24.945058422517764
-270.0 24.229715044366863 24.937018701285155
-269.5 24.221310683964607 24.92903097528135
-269.0 24.212979506883478 24.921100910291894
-268.5 24.204727558311056 24.913154224353917
-268.0 24.19651984415246 24.905303164697585
-267.5 24.188387925881703 24.897455545328985
-267.0 24.180315895512564 24.889672860217537
-266.5 24.172312234810036 24.881911729451957
-266.0 24.164376141369278 24.874182368876863
-265.5 24.156524379698734 24.866495523471556
-265.0 24.14872402212805 24.858843565076782
-264.5 24.1409659103119 24.85122043482855
-264.0 24.13330428557249 24.843647779759223
-263.5 24.125688895419852 24.836102385756647
-263.0 24.118151580748485 24.828619380387174
-262.5 24.11066804523847 24.821134500644746
-262.0 24.10324720996389 24.81368267224953
-261.5 24.09590005151273 24.806279903562455
-261.0 24.088608458094516 24.79891824970228
-260.5 24.08138301997623 24.791608579789738
-260.0 24.07422471967803 24.78430341928774
-259.5 24.06711385617094 24.777033413198005
-259.0 24.060089663551633 24.769800080013717
-258.5 24.053091991999906 24.762610797642107
-258.0 24.046121918720335 24.75544249282793
-257.5 24.03916116984782 24.74832653024128
-257.0 24.032254843807234 24.741181975146397
-256.5 24.025349639425784 24.734113030529905
-256.0 24.018462779403258 24.727067312278578
-255.5 24.011619546187415 24.720042765189344
-255.00000000000003 24.00478637702918 24.713048032289823
-254.5 23.998001409637766 24.7061008888879
-254.0 23.99123876461461 24.699163522981323
-253.50000000000003 23.98449335123583 24.692226591391776
-253.0 23.97778577361487 24.68536920493134
-252.5 23.971095942205242 24.678513915492616
-252.00000000000003 23.964445532738115 24.671679750106158
-251.5 23.95781424523846 24.664889035626505
-251.0 23.951224110255183 24.6581371108581
-250.50000000000003 23.944656309411336 24.65136308346008
-250.0 23.938111954894616 24.6446507881457
-249.5 23.93161806879132 24.637943206942225
-249.00000000000003 23.92514893232619 24.63128900020007
-248.5 23.918701300822676 24.624642235775312
-248.0 23.912299929479943 24.618035050868823
-247.50000000000003 23.90591883811051 24.61144505728031
-247.0 23.89956887827628 24.604874722989276
-246.5 23.893257885607877 24.59833628006529
-246.00000000000003 23.886973746471533 24.591814283682282
-245.5 23.880749627080213 24.585318124120583
-245.0 23.87453278766096 24.57885248974548
-244.50000000000003 23.86836433603694 24.572421408957943
-244.0 23.862220005750245 24.565998540853748
-243.5 23.856117604651388 24.559600313578983
-243.00000000000003 23.850038800756927 24.553220775033665
-242.5 23.84400086127026 24.546850194183655
-242.0 23.838006521714806 24.540534184884294
-241.50000000000003 23.83203192633641 24.534224328767422
-241.0 23.826108282482387 24.527944837946492
-240.5 23.820204589549228 24.521691861684705
-240.00000000000003 23.814349461375542 24.515436261898145
-239.5 23.80852510112539 24.509237819695397
-239.0 23.80274781050295 24.50305278887739
-238.50000000000003 23.79699437752146 24.496873459097056
-238.0 23.79128098180058 24.490721017879697
-237.5 23.785609066440454 24.484582724157107
-237.00000000000003 23.779982530919032 24.47849013355109
-236.5 23.774361758217758 24.472392952071964
-236.0 23.768811723045566 24.46635197069927
-235.50000000000003 23.76327520797977 24.460285780855507
-235.0 23.75779716790875 24.454277527778544
-234.5 23.75234892665031 24.44826773366836
-234.00000000000003 23.74693675284913 24.44227640431778
-233.5 23.741555965038728 24.43631438657593
-233.0 23.73622460847489 24.43035249455473
-232.50000000000003 23.730920905595664 24.424449220575696
-232.0 23.725663977144876 24.418537745250713
-231.5 23.720455674951417 24.412636717757113
-231.00000000000003 23.71527058930556 24.40678094277341
-230.5 23.71011898055954 24.40095715110263
-230.0 23.70502789552074 24.395121465417557
-229.50000000000003 23.699977169982247 24.38931453287666
-229.0 23.694942404223568 24.383522510163754
-228.5 23.689956726974334 24.377740145465417
-228.00000000000003 23.685022163143078 24.371991509716118
-227.5 23.680109142668712 24.36628344293402
-227.0 23.67523993352099 24.36055248087209
-226.50000000000003 23.670420030044955 24.354849207931842
-226.0 23.665626357496954 24.349184078143928
-225.5 23.6608839329196 24.343517135092434
-225.00000000000003 23.656189675085997 24.3378667946199
-224.5 23.651517628983967 24.332256875081622
-224.0 23.646900241412467 24.3266529784455
-223.50000000000003 23.642316295244044 24.32104044094229
-223.0 23.637768314699446 24.31548846422151
-222.5 23.633259955219184 24.30991899614954
-222.00000000000003 23.62880792021803 24.304368821540553
-221.5 23.624380895025077 24.298856212878267
-221.0 23.6199820578986 24.29335918861042
-220.50000000000003 23.615643527701597 24.287858195623116
-220.0 23.611346482147063 24.282396970692403
-219.5 23.60708680660968 24.276934487848823
-219.00000000000003 23.60287494009505 24.271515417879996
-218.5 23.598693927654637 24.266090584813476
-218.0 23.594556115344453 24.260679671649562
-217.50000000000003 23.59044186372964 24.2552958192497
-217.0 23.586361278539552 24.249929645213186
-216.5 23.582320750380813 24.244568247584567
-216.00000000000003 23.57828896329105 24.239221469858986
-215.5 23.574293934374396 24.233905572396903
-215.0 23.570321202349476 24.228580533855137
-214.50000000000003 23.566380410043415 24.223310758492556
-214.0 23.562457710385214 24.21803059425733
-213.5 23.558579074632906 24.212756979249374
-213.00000000000003 23.554708939254088 24.20751893703447
-212.5 23.55087768555912 24.202277811110513
-212.0 23.54706137565554 24.19708255379721
-211.50000000000003 23.543282255974166 24.191888256145937
-211.0 23.539523636900256 24.186676207457587
-210.5 23.53578496794881 24.181524574520576
-210.00000000000003 23.5320842302648 24.176375901268305
-209.5 23.528399422262574 24.171239468631555
-209.0 23.524730711224944 24.1661123373131
-208.50000000000003 23.521093655788174 24.160987005504953
-208.0 23.51748057311656 24.155902507321997
-207.5 23.51388766676888 24.150808203576688
-207.00000000000003 23.51031116884386 24.14574045010646
-206.5 23.506774705046748 24.140689390976256
-206.0 23.50325068383445 24.135650082801572
-205.50000000000003 23.499760125081252 24.130612427775098
-205.0 23.496287911615497 24.125608719918358
-204.5 23.492819949758413 24.120617502897744
-204.00000000000003 23.489399995545135 24.115618004105773
-203.5 23.485987946068576 24.11066197626429
-203.0 23.482580752189403 24.10569676049127
-202.50000000000003 23.479219370024097 24.10075465347767
-202.0 23.47587522829667 24.095813270067914
-201.5 23.472542625557416 24.090895395503868
-201.00000000000003 23.469236530309775 24.08598963062637
-200.5 23.465949302534725 24.08108299140123
-200.0 23.462675082004928 24.0762035708055
-199.50000000000003 23.45943403628537 24.07135161732807
-199.0 23.456207414154257 24.06648618746744
-198.5 23.45299999446288 24.061642364486516
-198.00000000000003 23.44980832390538 24.056804982466403
-197.5 23.4466329883699 24.051988829876333
-197.0 23.443499441866848 24.047177369643656
-196.50000000000003 23.44034926288596 24.042388681500487
-196.0 23.43723884413524 24.037599083238955
-195.5 23.43413627146438 24.032845175510605
-195.0 23.43105896200377 24.028091726723424
-194.5 23.42799915419469 24.02331679752894
-194.0 23.424955606905733 24.018604912747282
-193.5 23.421935261293854 24.01387727712582
-193.0 23.418926241963085 24.00915697948879
-192.5 23.415944216518547 24.00445602450008
-192.0 23.412969580121317 23.999760464138696
-191.5 23.41000234323332 23.99509299971419
-191.0 23.407075260103028 23.990428943325767
-190.5 23.40413874688346 23.985758058035913
-190.0 23.401242287699375 23.981124910937183
-189.5 23.39834129529038 23.976490532933244
-189.0 23.395477443916526 23.971866938403107
-188.5 23.392614027220226 23.967247213283013
-188.0 23.38977335860557 23.96265189998353
-187.5 23.38694365448726 23.958074903740737
-187.0 23.384131449600577 23.95348668783069
-186.5 23.38132806904001 23.948911740299913
-186.0 23.37855205345378 23.944361642961567
-185.5 23.375787483195097 23.93980403080495
-185.0 23.37302464360038 23.935282799453077
-184.5 23.370291809856557 23.930747738805923
-184.0 23.367573961655282 23.92622485320409
-183.5 23.364857218247572 23.921725080527455
-183.0 23.362161339303114 23.917223261193467
-182.5 23.359483782795895 23.912749475492532
-182.0 23.35682523495644 23.908270869906126
-181.5 23.354169971647018 23.90378850921674
-181.0 23.351534949347688 23.899336970884477
-180.5 23.348917665544032 23.894890223950114
-180.0 23.346294536503144 23.890459077645197
-179.5 23.343695091862322 23.886033087966542
-179.0 23.34110825718213 23.881619603102298
-178.5 23.338534058720157 23.877201484049515
-178.0 23.335981884922123 23.872814580534424
-177.5 23.33342472777364 23.86841365150131
-177.0 23.330900765242855 23.86404099274225
-176.5 23.32838845960397 23.859669792983212
-176.0 23.325888325864085 23.855307112891634
-175.5 23.323391463998387 23.850966604639705
-175.0 23.320916691030263 23.84663327314638
-174.5 23.318462339536175 23.84229572009641
-174.0 23.316023828798986 23.837986859868444
-173.5 23.313594372231258 23.833680137367065
-173.0 23.311166613507027 23.829385499029556
-172.5 23.308757144447057 23.82509594440181
-172.0 23.306365436028567 23.82082482783852
-171.5 23.30398353284609 23.816558172514632
-171.0 23.301630399897274 23.812299965701044
-170.5 23.29927540151827 23.808056766543704
-170.0 23.296933225534495 23.803805422351793
-169.5 23.29460981843594 23.799581641572264
-169.0 23.292304388825467 23.79535188692879
-168.5 23.290008859664106 23.791146611660107
-168.0 23.287715638804208 23.78694666217835
