FastTrWP/PhaseSpace/IAs/snIa_0.33_30.00_-0.22_-0.03.csv
# %ECSV 0.9
# ---
# datatype:
# - {name: time-rel, datatype: float64}
# - {name: g, datatype: float64}
# - {name: i, datatype: float64}
# schema: astropy-2.0
time-rel g i
[from data line 683]
545.875 22.860206909202226 22.732728500771977
546.375 22.859355855878075 22.731590473134013
546.875 22.85852408650439 22.73045375837914
547.375 22.85767951074608 22.729319459496494
547.875 22.856856343453483 22.72819491132538
548.375 22.85603807015334 22.727075340726298
548.875 22.855225110252356 22.725954571527083
549.375 22.854408875148515 22.724856604094423
549.875 22.85362323644536 22.723744510475186
550.375 22.852834367859735 22.72264463939664
550.875 22.8520440922879 22.72155312096367
551.375 22.8512705927856 22.720463359657543
551.875 22.850494695560744 22.719372638583593
552.375 22.849736031185188 22.718291422750625
552.875 22.84898804356622 22.717221424475824
553.375 22.848239655055586 22.71615028805535
553.875 22.847496491901857 22.715084808795805
554.375 22.846764770610246 22.714017271501245
554.875 22.846042880436748 22.712965782531576
555.375 22.84531630063034 22.71191051545187
555.875 22.844611565756125 22.710855701000444
556.375 22.84391133664012 22.709818272426105
556.875 22.843213868731787 22.708784789629
557.375 22.842520095895242 22.707750763592713
557.875 22.84182984751253 22.70672255488058
558.375 22.841156308592172 22.705692619916995
558.875 22.8404734770342 22.704679522407805
559.375 22.839818925703224 22.70365745723819
559.875 22.839163508504107 22.702645545296704
560.375 22.83850931217726 22.70164738358599
560.875 22.83786511643337 22.70064002079877
561.375 22.83721913276352 22.69963549784395
561.875 22.836591802818837 22.698636646776308
562.375 22.835960713554734 22.697645479160265
562.875 22.83534553975873 22.69666136917774
563.375 22.83472309072514 22.6956714996031
563.875 22.834119655584285 22.69469733917805
564.375 22.833525812220742 22.69372647132467
564.875 22.832922413180956 22.692762858222395
565.375 22.83233132973368 22.69178681443682
565.875 22.831751818544145 22.690828996889092
566.375 22.831180792318733 22.689873755210378
566.875 22.830625285753875 22.688923178020236
567.375 22.83006505647832 22.687983034832882
567.875 22.82951161448031 22.687044001565013
568.375 22.828981779872034 22.68610676291747
568.875 22.82845115854537 22.685177124498537
569.375 22.827930766614415 22.684254641727364
569.875 22.827418310972263 22.68333656645463
570.375 22.826912924358677 22.682426775173617
570.875 22.826411068096114 22.681517802583425
571.375 22.825922262414817 22.680610344567114
571.875 22.825430425467136 22.679715247626717
572.375 22.824952542887658 22.67881885722482
572.875 22.824485414116396 22.677930050245322
573.375 22.82401830821322 22.677043742526223
573.875 22.823559950277893 22.676160680174387
574.375 22.82311605265639 22.67529679954807
574.875 22.82267072536491 22.67441214678593
575.375 22.82224169027018 22.67355155169357
575.875 22.82181285106507 22.672685373150575
576.375 22.82138911823759 22.67182747961463
576.875 22.820964584577325 22.670975636760502
577.375 22.820556719543497 22.670129937000326
577.875 22.820149206537383 22.66927591010684
578.375 22.81975772713814 22.66843007874388
578.875 22.81936797279034 22.667591695088113
579.375 22.81898057585265 22.666754455753644
579.875 22.81860033877553 22.665923526316483
580.375 22.81822578469648 22.66509469330872
580.875 22.817853174354497 22.664270465240758
581.375 22.817495448779898 22.66344469953076
581.875 22.817134126162824 22.662639154000907
582.375 22.816777994223102 22.66181887381328
582.875 22.816432549103457 22.66100000370549
583.375 22.816097597037853 22.660195843151346
583.875 22.815763577787976 22.659401738646977
584.375 22.815426475068534 22.658585402508926
584.875 22.81510157352006 22.65779497856995
585.375 22.81477300127704 22.656996572746753
585.875 22.81445350013509 22.65621307347189
586.375 22.814142434667502 22.655412661855408
586.875 22.81382930076857 22.654635715071592
587.375 22.813522021592753 22.653843549659808
587.875 22.813230142979023 22.653056627002393
588.375 22.81292625325937 22.65228417581043
588.875 22.8126348601173 22.65151553108562
589.375 22.81233837990659 22.650736714593616
589.875 22.81206022797359 22.64996653561818
590.375 22.811776033932535 22.649201708431907
590.875 22.811501670700967 22.648431579469047
591.375 22.811230008503497 22.6476610423312
591.875 22.810956881018992 22.64689557126807
592.375 22.81068816049858 22.646140034679515
592.875 22.810427130391467 22.645388893353918
593.375 22.810155835741142 22.644627347399325
593.875 22.80990836023594 22.64387243700717
594.375 22.809653062556123 22.6431243705703
594.875 22.809395110293114 22.642364715548
595.375 22.809153561473273 22.641624828657516
595.875 22.808903466937945 22.640875165949236
596.375 22.808660470258793 22.640134066243014
596.875 22.808424466197206 22.639390923117404
597.375 22.80818038887479 22.638641290103582
597.875 22.807947987061524 22.637906147653084
598.375 22.80771898532569 22.637163604993503
598.875 22.807484861165783 22.636434485026136
599.375 22.807268094945783 22.635700521772172
599.875 22.807056019033425 22.634969174187788
600.375 22.806829396951503 22.634240222996496
600.875 22.806624603938523 22.633515301254352
601.375 22.806420896411844 22.632805547221896
601.875 22.806216501218106 22.632079368125318
602.375 22.806009138578496 22.63136277540795
602.875 22.805823749136085 22.63065009735934
603.375 22.805635795115666 22.629928221605287
603.875 22.80545482114905 22.629222301044894
604.375 22.805268369843095 22.628516398539908
604.875 22.805085424153347 22.62780728787703
605.375 22.804919681710103 22.62711443283837
605.875 22.804755269255566 22.626412460508437
606.375 22.804589676700047 22.625709467021867
606.875 22.804435180530334 22.625017485771657
607.375 22.80427353153536 22.624328511936525
607.875 22.80412693179944 22.623634717426143
608.375 22.803975774100905 22.62295784764891
608.875 22.80383306065702 22.62227218891197
609.375 22.803689101557282 22.621584812193444
609.875 22.8035581779899 22.620908502466996
610.375 22.80343518799958 22.620233929591166
610.875 22.80330962115957 22.6195578394894
611.375 22.80318630461942 22.618888509923167
611.875 22.803067240971018 22.618217706255667
612.375 22.802961406043462 22.617558176310478
612.875 22.80285031691367 22.616891497425833
613.375 22.80274884135343 22.616229269541236
613.875 22.802658861554708 22.6155744640563
614.375 22.80255671023191 22.61492507310046
614.875 22.802470028451513 22.614268127714166
615.375 22.802380861999367 22.613624242634817
615.875 22.8022976784774 22.612980333467725
616.375 22.802229124738368 22.61232373948401
616.875 22.802156605700276 22.611691345383342
617.375 22.802090600652992 22.611058369143926
617.875 22.80203353037239 22.610419693295437
618.375 22.801982182126864 22.609781944352513
618.875 22.80191464725844 22.609162263437227
619.375 22.801874353095243 22.60853696263565
619.875 22.801829718522086 22.60791208130586
620.375 22.80179767689995 22.60729095053103
620.875 22.80176513233844 22.606671343111337
621.375 22.80173836647777 22.606054836253264
621.875 22.80170758220818 22.60543875942266
622.375 22.801692872882825 22.604836644801885
622.875 22.801685257142896 22.6042273520071
623.375 22.801671997966587 22.603619725444464
623.875 22.801666054888724 22.603017349983425
624.375 22.801667737698317 22.60241796602064
624.875 22.801683208619323 22.601829149885383
625.375 22.8016795145901 22.601226242316365
625.875 22.80168993593346 22.600647932040356
626.375 22.801726616603034 22.600065878579816
626.875 22.801746129829393 22.59947939190287
627.375 22.80177602669022 22.598890599041844
627.875 22.801809053280056 22.598326114658548
628.375 22.80184461930647 22.597751666447472
628.875 22.80189304236492 22.59717458364325
629.375 22.80194213743856 22.59659773110164
629.875 22.801998146816132 22.59604609412208
630.375 22.802056411167612 22.595482284019756
630.875 22.80212028930916 22.59491749507219
631.375 22.802183896646547 22.594355497547028
631.875 22.802266886003913 22.593795564539846
632.375 22.802338138537507 22.593246891458246
632.875 22.802426496711984 22.592693126913833
633.375 22.802503377201504 22.592144375436625
633.875 22.80259524003066 22.591605511185747
634.375 22.802687480861884 22.591058074393032
634.875 22.802794034096774 22.590516463691806
635.375 22.80290212867451 22.58997863843951
635.875 22.803009026234143 22.58944420151043
636.375 22.80311773332371 22.588902678579124
636.875 22.803236241318984 22.588377411235992
637.375 22.803361912872326 22.587848650926553
637.875 22.803496539782138 22.587328172374942
638.375 22.803624193905474 22.586798613204593
638.875 22.803758129718105 22.58627894198241
639.375 22.80389543081 22.585764584789292
639.875 22.804043986383267 22.585246571965044
640.375 22.804194787427726 22.584737310169928
640.875 22.804350783779807 22.58423339659103
641.375 22.804510108228918 22.58371477759717
641.875 22.80468502812922 22.583212187055963
642.375 22.804853694832744 22.582714363454276
642.875 22.80502776890643 22.5822142927639
643.375 22.80520164050692 22.581719317622714
643.875 22.805384516759805 22.581219613394254
644.375 22.80557241091951 22.580732771657242
644.875 22.805769472674548 22.58024644822794
645.375 22.805969671185963 22.579759992629448
645.875 22.80617230378499 22.579272418937414
646.375 22.80638128724361 22.578798934893523
646.875 22.806598794794233 22.57831883591665
647.375 22.80681751118726 22.57785111505754
647.875 22.807041893472633 22.57737426541462
648.375 22.80726742861491 22.576900926337885
648.875 22.807499992458062 22.576430810453566
649.375 22.807734558856207 22.575965141004165
649.875 22.80798080197809 22.575514510271624
650.375 22.80823430586741 22.575053189977442
650.875 22.808483490225335 22.574595182662073
651.375 22.808731960453052 22.574148339829783
651.875 22.80900099354104 22.573691908902063
652.375 22.809275268454527 22.573249734403376
652.875 22.809539637164733 22.572805204455506
653.375 22.809817791258364 22.572365756236223
653.875 22.81010530286483 22.571923755993105
654.375 22.810394036922904 22.571488475168064
654.875 22.810685005429384 22.571056260453055
655.375 22.810983540941248 22.57062827596237
655.875 22.811291018898956 22.57019246026468
656.375 22.811589096782257 22.569778372462896
656.875 22.811910355766635 22.56935747295294
657.375 22.812236115457473 22.568935729483503
657.875 22.812552811190045 22.56851648997997
658.375 22.812881366069405 22.568103183743165
658.875 22.81322880944147 22.567698070695084
659.375 22.81355840508381 22.567293315503335
659.875 22.813913670388143 22.566886137159067
660.375 22.81426194700441 22.566487722069077
660.875 22.81461192386783 22.566089476323206
661.375 22.81498336764953 22.56569516862873
661.875 22.815356037578848 22.56530225071866
662.375 22.81574087444905 22.564910702800645
662.875 22.816106066776985 22.564524462066494
663.375 22.816491595506363 22.56414508320176
663.875 22.816889621085718 22.563759439354673
664.375 22.817296388070716 22.563384453688712
664.875 22.817695621005974 22.563002010457463
665.375 22.81811221884615 22.562633759540308
665.875 22.81853686625237 22.56225852805911
666.375 22.818958334540767 22.561891307247052
666.875 22.819395604532797 22.561529906515304
667.375 22.81983871285311 22.561167434152075
667.875 22.82028635564743 22.560804781644386
668.375 22.820723825031667 22.560452167688
668.875 22.821181988231388 22.560097487638583
669.375 22.821647357940506 22.559744614289087
669.875 22.82210800981755 22.559392130506023
670.375 22.822586952585127 22.559041819911684
670.875 22.823063247028497 22.558704069709176
671.375 22.82355194562833 22.5583635037497
671.875 22.824030283550325 22.55802845323497
672.375 22.82453038264315 22.557689065478613
672.875 22.825027659424308 22.557355391895445
673.375 22.825532955993385 22.557021164008106
673.875 22.826039470322392 22.556693149842957
674.375 22.826556345119865 22.556369656380113
674.875 22.827074633064836 22.55605020874118
675.375 22.827594958752332 22.555727414590404
675.875 22.828136903812016 22.555410166152452
676.375 22.82866121411139 22.55509360698803
676.875 22.829191355724454 22.55478923650136
677.375 22.829744881942577 22.554470554221933
677.875 22.830279085680925 22.554171251702346
678.375 22.830835750062416 22.55386005539824
678.875 22.831391280959853 22.553560250106912
679.375 22.83195053459115 22.553259169772627
679.875 22.832510207759796 22.55297350168427
680.375 22.83307659293349 22.552682007998982
680.875 22.833648075142797 22.552384669976547
681.375 22.83421544429881 22.55209371017787
681.875 22.83479660800241 22.551814368853673
682.375 22.83537465273794 22.55152376389838
682.875 22.83596133937694 22.551246459429905
683.375 22.836557972803963 22.550973704414123
683.875 22.837137922138922 22.550697149354825
684.375 22.837738994135467 22.550430475262644
684.875 22.838340595455833 22.5501576080431
685.375 22.83894319731326 22.549896722491816
685.875 22.83954911549115 22.54962519429206
686.375 22.840152076473647 22.54936969624606
686.875 22.840762347568454 22.549111263990458
687.375 22.841386179359496 22.548851568131884
687.875 22.841990879948035 22.548603278763423
688.375 22.842621580995605 22.54834042582036
688.875 22.843232816056066 22.548100969425438
689.375 22.843862572874258 22.547858096622832
689.875 22.844486647609692 22.54761189258509
690.375 22.845114044374863 22.54737126311131
690.875 22.845749375578155 22.547139813624007
691.375 22.84638022746162 22.54690234882237
691.875 22.8470204381972 22.546672313992417
692.375 22.84766225420853 22.546445444512003
