FastTrWP/PhaseSpace/IAs/snIa_0.63_30.00_-0.86_0.23.csv
# %ECSV 0.9
# ---
# datatype:
# - {name: time-rel, datatype: float64}
# - {name: g, datatype: float64}
# - {name: i, datatype: float64}
# schema: astropy-2.0
time-rel g i
215.20833333333331 26.991859819856586 24.040558225837607
215.70833333333334 26.98381287104332 24.035648164532034
216.20833333333334 26.975751748092094 24.030744130834254
216.70833333333331 26.967675012264753 24.02583571207011
217.20833333333334 26.959693002599106 24.020956677083383
217.70833333333334 26.951708340354827 24.016079581863472
218.20833333333331 26.94377883792214 24.01121687835241
218.70833333333334 26.93579069333392 24.006359493022064
219.20833333333334 26.92786638401657 24.00151769987882
219.70833333333331 26.919930675160746 23.996687356621646
220.20833333333334 26.91203226276518 23.99188948242645
220.70833333333334 26.904220638025595 23.98707685755818
221.20833333333331 26.896304139742945 23.982291743179047
221.70833333333334 26.888534324646134 23.97752011434911
222.20833333333334 26.88062491967527 23.972748601983362
222.70833333333331 26.872931168333423 23.96799623020476
223.20833333333334 26.86510094469311 23.96323640060681
223.70833333333334 26.857304113724506 23.958502584179424
224.20833333333331 26.84958264657769 23.95378978666838
224.70833333333334 26.841874220893125 23.94907744951309
225.20833333333334 26.834178585911353 23.944369458062415
225.70833333333331 26.82649453892197 23.939697328673702
226.20833333333334 26.818773037482252 23.935014099786798
226.70833333333334 26.811140643393827 23.930365678847814
227.20833333333331 26.803493765992496 23.925705343469602
227.70833333333334 26.795882061393637 23.92105539848317
228.20833333333334 26.78830476241561 23.91642926304963
228.70833333333331 26.78069774518631 23.911809448632265
229.20833333333334 26.773214411047846 23.9072062042912
229.70833333333334 26.765677080826222 23.902622144613556
230.20833333333331 26.758180829579644 23.89802953954518
230.70833333333334 26.75075709247548 23.89345674756763
231.20833333333334 26.7432835274342 23.8888947748393
231.70833333333331 26.735838289760288 23.88434784104067
232.20833333333334 26.728466396693523 23.879797813681975
232.70833333333334 26.721093190856017 23.875278116148543
233.20833333333334 26.713762461858312 23.870754609510293
233.70833333333334 26.70642660771402 23.86624543498609
234.20833333333334 26.699064299163858 23.861762054063256
234.70833333333334 26.69177874048755 23.85727297382417
235.20833333333334 26.68453938591358 23.852801967689548
235.70833333333334 26.677308934219557 23.84832096848124
236.20833333333334 26.670098637211865 23.843864933593984
236.70833333333334 26.662835345016127 23.839423862272923
237.20833333333334 26.655696013524896 23.834999032932693
237.70833333333334 26.64850695910446 23.830571025753247
238.20833333333334 26.641393541353494 23.826150482552606
238.70833333333334 26.63429444785235 23.821751074836857
239.20833333333334 26.627188825964193 23.81735967514996
239.70833333333334 26.620133551730234 23.81297276520208
240.20833333333334 26.613078700865692 23.80860535362313
240.70833333333334 26.60600339824824 23.80423505399399
241.20833333333334 26.59904643695018 23.799883744990773
241.70833333333334 26.592004672455364 23.795534343202235
242.20833333333334 26.585024887303415 23.791185221011993
242.70833333333334 26.57809989249762 23.786873758205154
243.20833333333334 26.571147408255655 23.782548499710707
243.70833333333334 26.564264225750325 23.77823696178943
244.20833333333334 26.557375022994766 23.77394974476793
244.70833333333334 26.55052224925646 23.769660152945992
245.20833333333334 26.5436649434743 23.765382551890255
245.70833333333334 26.536821426570327 23.761109451115644
246.20833333333334 26.53002498512216 23.756848127363153
246.70833333333334 26.523164390301442 23.752592863549435
247.20833333333334 26.51641317041326 23.748335637286438
247.70833333333334 26.509658802997613 23.74412386383902
248.20833333333334 26.50298071869166 23.739880557854324
248.70833333333334 26.496237876768475 23.73566704911205
249.20833333333334 26.48956201938457 23.731454179659004
249.70833333333334 26.48285967024264 23.72725718059934
250.20833333333334 26.47620768799647 23.72306624790491
250.70833333333334 26.46962875409606 23.71887306444265
251.20833333333334 26.46295615710786 23.71470343720347
251.70833333333334 26.456325723764547 23.710534478498964
252.20833333333334 26.449746211613544 23.70638070428503
252.70833333333334 26.443195873422212 23.702230532502163
253.20833333333334 26.436667494316204 23.698095323747843
253.70833333333334 26.43010570738806 23.693951267542772
254.20833333333334 26.423611997956602 23.689841085307066
254.70833333333334 26.417105859844003 23.685713317679443
255.20833333333334 26.41063409407998 23.681594975881822
255.70833333333334 26.404179537903257 23.677500546447394
256.2083333333333 26.39771769328034 23.673409053107232
256.7083333333333 26.391345877794908 23.66932209911844
257.2083333333333 26.384908167868737 23.665247873337563
257.7083333333333 26.37855501026468 23.661171987841957
258.2083333333333 26.3721722967709 23.65712087663427
258.7083333333333 26.36585812208296 23.653060377772462
259.2083333333333 26.359489722321353 23.649014687946273
259.7083333333333 26.353154113271046 23.644973496823212
260.2083333333333 26.346848080105882 23.64094315423953
260.7083333333333 26.340587443259977 23.636906335705028
261.2083333333333 26.33428624416451 23.63290395695418
261.7083333333333 26.32803448731517 23.628890480409808
262.2083333333333 26.321831114949408 23.624900522682523
262.7083333333333 26.315596504926692 23.620905753638578
263.2083333333333 26.30941001358305 23.61692080417957
263.7083333333333 26.303243958088416 23.612933348845047
264.2083333333333 26.29709919887012 23.608967308454964
264.7083333333333 26.290905099748585 23.604993800565147
265.2083333333333 26.284790825896295 23.60104828116759
265.7083333333333 26.278649513111475 23.597080643302593
266.2083333333333 26.272527073429682 23.59314475613108
266.7083333333333 26.266503278634957 23.589218707451
267.2083333333333 26.26038958701189 23.585288828520937
267.7083333333333 26.25433828578764 23.58136640537365
268.2083333333333 26.248297045077223 23.577475532131476
268.7083333333333 26.242313731367442 23.573569518840433
269.2083333333333 26.236285887232384 23.56965997555056
269.7083333333333 26.230301178634004 23.565805358702217
270.2083333333333 26.224301800721395 23.56191592866879
270.7083333333333 26.21837183952241 23.558036703805318
271.2083333333333 26.2124525114617 23.55418100516488
271.7083333333333 26.206528684592776 23.550328502759314
272.2083333333333 26.200650098098727 23.54647637552763
272.7083333333333 26.194765385445088 23.542633480134036
273.2083333333333 26.188884174384054 23.538810746818427
273.7083333333333 26.18300150051988 23.534984840021004
274.2083333333333 26.177181804341917 23.531167716711273
274.7083333333333 26.171330419789186 23.527354202644048
275.2083333333333 26.165532314280927 23.5235471754134
275.7083333333333 26.15972284116857 23.519751686198195
276.2083333333333 26.153937244498668 23.515958453692264
276.7083333333333 26.14816033909969 23.51217179512301
277.2083333333333 26.142405629808803 23.50839344380514
277.7083333333333 26.136660358524292 23.50462665912948
278.2083333333333 26.130973413790212 23.50086285696154
278.7083333333333 26.125245998729696 23.497112877736814
279.2083333333333 26.119545553102927 23.493371393087386
279.7083333333333 26.113857958627015 23.489630271665042
280.2083333333333 26.1081710106667 23.4858839474183
280.7083333333333 26.102504358001255 23.482152566010516
281.2083333333333 26.09685542082989 23.478441735436988
281.7083333333333 26.091245023601218 23.474724981059182
282.2083333333333 26.08560035823857 23.47099871121366
282.7083333333333 26.080034244938524 23.46731459666429
283.2083333333333 26.074446896294138 23.463609286568317
283.7083333333333 26.068851918581124 23.459925562984786
284.2083333333333 26.063291060581967 23.456229025144125
284.7083333333333 26.057735091018415 23.452558150209452
285.2083333333333 26.05219939436955 23.44888516228999
285.7083333333333 26.046674784126918 23.445210728374427
286.2083333333333 26.041141971277014 23.44156443084312
286.7083333333333 26.035690087156485 23.43789361140347
287.2083333333333 26.030190747559196 23.43425795831905
287.7083333333333 26.024690862765986 23.43060498992498
288.2083333333333 26.019234648116495 23.42697989279598
288.7083333333333 26.013774296152906 23.423339176328888
289.2083333333333 26.008316301044022 23.41972713145866
289.7083333333333 26.00290167213419 23.416095594579993
290.2083333333333 25.997499302688773 23.412478267317354
290.7083333333333 25.992081562640365 23.408887252535344
291.2083333333333 25.986701832943755 23.405269072917015
291.7083333333333 25.981343780792486 23.401675570062945
292.2083333333333 25.97596407274469 23.3980809864387
292.7083333333333 25.97060515012709 23.394496322882418
293.2083333333333 25.96523453695536 23.39091726320358
293.7083333333333 25.959967050022478 23.38733985786124
294.2083333333333 25.954619422083574 23.383777940225016
294.7083333333333 25.949296930232855 23.38020788373302
295.2083333333333 25.944011903712084 23.376647431861336
295.7083333333333 25.938737258231377 23.373091770021837
296.2083333333333 25.933453529157767 23.36954175431236
296.7083333333333 25.928160176496235 23.365999519250785
297.2083333333333 25.922894639066946 23.362464219875527
297.7083333333333 25.91772740938581 23.358932888220277
298.2083333333333 25.91244296415892 23.355404081407865
298.7083333333333 25.907257503098585 23.351871699150202
299.2083333333333 25.90202682077097 23.3483472488567
299.7083333333333 25.896828694036486 23.34485126918122
300.2083333333333 25.891659370974942 23.341338162192052
300.7083333333333 25.886432959693938 23.33783948185995
301.2083333333333 25.88128597175605 23.334325576695512
301.7083333333333 25.876176742641597 23.330851759040097
302.2083333333333 25.870999190312002 23.327360754625637
302.7083333333333 25.86587875219163 23.323866568134154
303.2083333333333 25.86074825124266 23.32037508657802
303.7083333333333 25.855605881336352 23.316912831027736
304.2083333333333 25.850497260045252 23.313445062918554
304.7083333333333 25.8454499738736 23.309969018042565
305.2083333333333 25.84032920007797 23.306522353256128
305.7083333333333 25.8352919472672 23.303058400134574
306.2083333333333 25.83020511829701 23.299615357869172
306.7083333333333 25.825176028865123 23.29617818174787
307.2083333333333 25.82009022016838 23.292741501549724
307.7083333333333 25.815121580634823 23.28930273413961
308.2083333333333 25.810095807184545 23.28587934836324
308.7083333333333 25.805080283580118 23.28246469777321
309.2083333333333 25.800084723101296 23.27904138347978
309.7083333333333 25.79510376474699 23.27563730532908
310.2083333333333 25.790155707811067 23.272230845225156
310.7083333333333 25.78516730747839 23.26884091985039
311.2083333333333 25.780227443301772 23.265436600397496
311.7083333333333 25.775284346540474 23.262054779784393
312.2083333333333 25.770363707865023 23.25867083374639
312.7083333333333 25.765429623963534 23.2552974226777
313.2083333333333 25.76051220143726 23.251914001829558
313.7083333333333 25.75559976312689 23.24854966806264
314.2083333333333 25.750721080083828 23.24519205279684
314.7083333333333 25.745875289702674 23.241829572934503
315.2083333333333 25.740964726397554 23.238469698166604
315.7083333333333 25.73614174991063 23.23513018081655
316.2083333333333 25.73129653478883 23.231789336170902
316.7083333333333 25.72643211009447 23.22844086643339
317.2083333333333 25.72160537336098 23.225109928558666
317.7083333333333 25.716807332759007 23.22178399270133
318.2083333333333 25.712004717918234 23.218454685410045
318.7083333333333 25.70718016949717 23.2151428541043
319.2083333333333 25.7024095523653 23.211830089248014
319.7083333333333 25.697589701477117 23.20851450134515
320.2083333333333 25.692852961360263 23.205205779507793
320.7083333333333 25.688057587096836 23.20192027519227
321.2083333333333 25.683319585656545 23.198622222975516
321.7083333333333 25.678555394437282 23.19533001150081
322.2083333333333 25.673849330145394 23.19204129225789
322.7083333333333 25.66911339895161 23.188758215028304
323.2083333333333 25.664395006513644 23.18547445089463
323.7083333333333 25.659729042718293 23.182205404854976
324.2083333333333 25.65502613949083 23.178946685288466
324.7083333333333 25.65031935020714 23.17566732342847
325.2083333333333 25.64565050320164 23.17240542157161
325.7083333333333 25.640987885198253 23.16915730297735
326.2083333333333 25.636334740314723 23.165904383340624
326.7083333333333 25.631647022796983 23.16266440280601
327.2083333333333 25.627044725923206 23.159417893964548
327.7083333333333 25.622402114961027 23.15617903097086
328.2083333333333 25.61776509727479 23.152943358340607
328.7083333333333 25.613146299578247 23.149708521596203
329.2083333333333 25.608553573887853 23.146496137889905
329.7083333333333 25.60392831642908 23.1432723485212
330.2083333333333 25.599349831100792 23.140046911049023
330.7083333333333 25.594778241579014 23.136834487581407
331.2083333333333 25.59021092912785 23.133622924316036
331.7083333333333 25.58564031768903 23.130421846575885
332.2083333333333 25.58106501436759 23.12722430677504
332.7083333333333 25.576530298847707 23.12403069597459
333.2083333333333 25.572007901272386 23.12083073593982
333.7083333333333 25.567483679735798 23.11763961010985
334.2083333333333 25.56296330699653 23.114448697032227
334.7083333333333 25.55843384099221 23.111273868788018
335.2083333333333 25.5539265789958 23.108100100753255
335.7083333333333 25.549413564306395 23.104920654446595
336.2083333333333 25.544891631023134 23.101752810524722
336.7083333333333 25.540444546457202 23.0985835164758
337.2083333333333 25.535972893307925 23.09543286791541
337.7083333333333 25.531500626391 23.092265932295255
338.2083333333333 25.527062341979697 23.089112346433467
338.7083333333333 25.52257305440159 23.085956259662126
339.2083333333333 25.518143770014316 23.082810982245952
339.7083333333333 25.51371856446729 23.07966546817734
340.2083333333333 25.509278922261682 23.076529241274333
340.7083333333333 25.50486537089743 23.073389079965917
341.2083333333333 25.500479332173093 23.070260253251295
341.7083333333333 25.49604233106684 23.06713178036905
342.2083333333333 25.491636960238267 23.064006718076428
342.7083333333333 25.487269714259767 23.06088485384724
343.2083333333333 25.482905537960402 23.05776787606012
343.7083333333333 25.478501890947463 23.054643662533117
344.2083333333333 25.474113396016786 23.051512446205106
344.7083333333333 25.46971862311061 23.048408368200455
345.2083333333333 25.46534862685123 23.045280181307305
345.7083333333333 25.460917475310826 23.04216183597784
346.2083333333333 25.456560158474552 23.039031886549964
346.7083333333333 25.452131846973817 23.035919145498912
347.2083333333333 25.44770371598757 23.03278569640089
347.7083333333333 25.443288648237417 23.02966553524144
348.2083333333333 25.43887561088166 23.02654285194043
348.7083333333333 25.434476639556834 23.023415131919567
349.2083333333333 25.430040846836487 23.02030713867792
349.7083333333333 25.425653487117216 23.017185957530586
350.2083333333333 25.421234609800322 23.01406670561431
350.7083333333333 25.416822616508288 23.01095140496477
351.2083333333333 25.412435061672227 23.00782975136928
351.7083333333333 25.40803602512319 23.004709205377093
352.2083333333333 25.403628599190682 23.00160418413573
352.7083333333333 25.3992367751867 22.99848272979164
353.2083333333333 25.394831534967935 22.99538186204739
353.7083333333333 25.390443319525854 22.992289423269312
354.2083333333333 25.386061000461794 22.98918245629675
354.7083333333333 25.381721419614124 22.986087836116024
355.2083333333333 25.377333062543663 22.98297817967002
355.7083333333333 25.37300399932966 22.97990583140492
356.2083333333333 25.36862460778587 22.976813428253067
356.7083333333333 25.364305856730684 22.973734927087442
357.2083333333333 25.35995752363504 22.970639141728533
357.7083333333333 25.355636449039448 22.96757179408411
358.2083333333333 25.35132097681487 22.96450961725337
358.7083333333333 25.347041896537416 22.96144988525714
