FastTrWP/PhaseSpace/IAs/snIa_0.50_30.00_-2.54_0.01.csv
# %ECSV 0.9
# ---
# datatype:
# - {name: time-rel, datatype: float64}
# - {name: g, datatype: float64}
# - {name: i, datatype: float64}
# schema: astropy-2.0
time-rel g i
[from data line 1359]
1000.625 25.057283347597362 22.719843923438567
1001.125 25.060162691690266 22.721009520401854
1001.625 25.063065720757294 22.72217660187504
1002.125 25.065939233822817 22.72335347268697
1002.625 25.06878370097408 22.724521586904324
1003.125 25.07170300826898 22.7256957145549
1003.625 25.074590284045343 22.72686182402619
1004.125 25.07748013272675 22.728034089161554
1004.625 25.080354386099 22.729199395760883
1005.125 25.083255179209498 22.7303729109397
1005.625 25.086170670183648 22.731533131481548
1006.125 25.089042965036814 22.732701616365564
1006.625 25.091942358746785 22.733881348420315
1007.125 25.094831313725106 22.735034317358487
1007.625 25.0977500936498 22.736202177977482
1008.125 25.100662739508625 22.737366204668078
1008.625 25.103569834328727 22.73853787394988
1009.125 25.106467889544394 22.739681999153696
1009.625 25.109380570239598 22.740855641022023
1010.125 25.11230098538808 22.742010510571674
1010.625 25.115212124836084 22.743177287984583
1011.125 25.118142652964398 22.74433246534904
1011.625 25.12105122907515 22.74549065563914
1012.125 25.123996901044265 22.74664465985067
1012.625 25.126896606290003 22.74780057577036
1013.125 25.12983941880534 22.74895127274935
1013.625 25.132770951050144 22.75010504030994
1014.125 25.135688664982403 22.75125950403407
1014.625 25.138621314003046 22.75240225970854
1015.125 25.14156661154302 22.75355485261924
1015.625 25.144512162980632 22.754686281636666
1016.125 25.14743283182725 22.755834591325637
1016.625 25.150427137946902 22.756971179539185
1017.125 25.153350812738026 22.758123016714084
1017.625 25.1563629775527 22.759244646585692
1018.125 25.15926291826622 22.760383296863278
1018.625 25.162248948426402 22.761513967725783
1019.125 25.16520676014805 22.762648066533547
1019.625 25.168168158387964 22.763787231670097
1020.125 25.171138525467253 22.764908779014853
1020.625 25.174096921810584 22.766039398447756
1021.125 25.177082676579005 22.767162526481883
1021.625 25.180062946407894 22.76829473010922
1022.125 25.183025640605564 22.76942335297627
1022.625 25.1860155185988 22.7705470006567
1023.125 25.18898285527035 22.771673113987575
1023.625 25.191952387916878 22.77278988032632
1024.125 25.194926057017057 22.77391943969027
1024.625 25.197899988841698 22.77504386333028
1025.125 25.20087066204047 22.776175271778392
1025.625 25.203870152156686 22.777279608946102
1026.125 25.206837167426404 22.77840535389789
1026.625 25.209834810658045 22.77952780859124
1027.125 25.212807044934845 22.7806467363539
1027.625 25.215823332421948 22.781773682057214
1028.125 25.2187838162003 22.782881871423516
1028.625 25.221787198378223 22.783997718753803
1029.125 25.224766773463255 22.785117914533135
1029.625 25.22778277639584 22.78622854627178
1030.125 25.230780582836466 22.787344035611877
1030.625 25.233773747444303 22.788450322061333
1031.125 25.23675764688541 22.789564189127955
1031.625 25.23975833872848 22.790681380169193
1032.125 25.242737260041196 22.791785553009788
1032.625 25.24575521737558 22.792902624043304
1033.125 25.248771802535032 22.794006219428333
1033.625 25.251764299955518 22.795117218588707
1034.125 25.254767320876716 22.796224660399304
1034.625 25.2577958135484 22.797334351670877
1035.125 25.260789627962055 22.79843697471768
1035.625 25.263817145510107 22.79953981088451
1036.125 25.266841609806114 22.800645715258845
1036.625 25.269858391244377 22.80175298766604
1037.125 25.272871042192847 22.80286487963273
1037.625 25.27589343086392 22.80395395845818
1038.125 25.278926003466808 22.805057669792518
1038.625 25.281916015200785 22.806163747548634
1039.125 25.284967892522836 22.80725499914677
1039.625 25.28800319986717 22.808365134959438
1040.125 25.29101540640284 22.80945981250943
1040.625 25.294063258279216 22.81055313613595
1041.125 25.297070877380712 22.811652175713352
1041.625 25.300131990024703 22.812749740062056
1042.125 25.303171053384304 22.81385110006104
1042.625 25.30620953659419 22.814935416887355
1043.125 25.309249322964682 22.81603603438299
1043.625 25.312295269261305 22.817136995891975
1044.125 25.315335923944083 22.818226834273645
1044.625 25.318378881994885 22.81932044127108
1045.125 25.321426558174327 22.82040807829634
1045.625 25.32446604541496 22.821495320212243
1046.125 25.32752658712248 22.822584614706834
1046.625 25.330600118515683 22.82367874671594
1047.125 25.333648793680595 22.82476856668349
1047.625 25.33671520792746 22.825855600054197
1048.125 25.33976496423247 22.82693769895452
1048.625 25.342826539729643 22.82803653342289
1049.125 25.345897380403425 22.829118061870545
1049.625 25.34896538720087 22.83020637492363
1050.125 25.352064090412586 22.8312885725698
1050.625 25.35506689442563 22.832382267871015
1051.125 25.358193091967486 22.833466524742725
1051.625 25.36125750231569 22.834544484315327
1052.125 25.364340676490016 22.835629531246738
1052.625 25.367420627763956 22.836706699048875
1053.125 25.370497468609233 22.83779693150276
1053.625 25.373589135633093 22.83887618955099
1054.125 25.376680067282685 22.83995008716179
1054.625 25.37978689659471 22.841029038896203
1055.125 25.38284443731365 22.84211396939106
1055.625 25.38595148588303 22.843190618574102
1056.125 25.389043302341456 22.844264427619375
1056.625 25.392150503367827 22.845347727522125
1057.125 25.395226077169223 22.84641679024666
1057.625 25.398331286244826 22.84749890863224
1058.125 25.40142958609843 22.848566497864226
1058.625 25.404532953334392 22.849638039214746
1059.125 25.407625814137266 22.850695333978415
1059.625 25.410768875736842 22.851784075185325
1060.125 25.413860798034086 22.85284556062981
1060.625 25.41697030884783 22.853921243731172
1061.125 25.420061767643467 22.85499463574542
1061.625 25.42315102530543 22.856051255750785
1062.125 25.426306042948895 22.857117834960853
1062.625 25.42938574523331 22.858185999764164
1063.125 25.43250963978343 22.859253530474405
1063.625 25.43563099475033 22.860317301962297
1064.125 25.438784410669154 22.86137813622211
1064.625 25.441866638322786 22.862445682137412
1065.125 25.44496738239646 22.86350217018392
1065.625 25.44812096368494 22.86455823608804
1066.125 25.451247885701044 22.86561561871194
1066.625 25.454343469056695 22.86667669374825
1067.125 25.457491336374414 22.86773788805541
1067.625 25.460627285227147 22.868795988452977
1068.125 25.46372802644001 22.869848529705678
1068.625 25.46684575817124 22.870910841999997
1069.125 25.469990210446674 22.871956282878184
1069.625 25.473134970252 22.873011127380813
1070.125 25.476255579207923 22.874063859013486
1070.625 25.47939361239447 22.87511568796664
1071.125 25.482545103034244 22.87617212308294
1071.625 25.48566092176184 22.87721295183054
1072.125 25.488805512161285 22.87827089209436
1072.625 25.491944187474047 22.879317700001657
1073.125 25.49508151945684 22.880370125685253
1073.625 25.498245295667864 22.88140947184367
1074.125 25.501392762697943 22.882460795306567
1074.625 25.504536242329937 22.883513633473747
1075.125 25.50766368871382 22.884551245048833
1075.625 25.510844080575023 22.885587711901167
1076.125 25.51399305514949 22.886633827193958
1076.625 25.517132088166697 22.88767456876538
1077.125 25.52028111900401 22.888717405851313
1077.625 25.52344886844875 22.88975761381486
1078.125 25.526594214015752 22.890800308642522
1078.625 25.529748808658255 22.891834204259133
1079.125 25.53292032946122 22.89287159123758
1079.625 25.536081207459624 22.893911699998945
1080.125 25.53926178163259 22.894947839461352
1080.625 25.542433349301184 22.895993243472134
1081.125 25.545592465647147 22.897017269716947
1081.625 25.54876868050089 22.898054523089314
1082.125 25.55191697146586 22.899083481825034
1082.625 25.555115184305485 22.900119646469687
1083.125 25.558278630914298 22.901144481689634
1083.625 25.561448320196995 22.902179949113638
1084.125 25.564642232656837 22.903208546747848
1084.625 25.56780599043577 22.904237826410423
1085.125 25.570980501333892 22.905275038071125
1085.625 25.5741674548886 22.90629464646637
1086.125 25.57735407566435 22.907326249740464
1086.625 25.580555922489452 22.908346684484503
1087.125 25.58369344214001 22.909372525508445
1087.625 25.586925298972062 22.910402734539076
1088.125 25.59011196369109 22.911423698737554
1088.625 25.593293249101905 22.912447674503568
1089.125 25.596460552369024 22.913460939961375
1089.625 25.599698064983052 22.914476839731638
1090.125 25.602867804345205 22.915512731601332
1090.625 25.606093947994047 22.916533175474953
1091.125 25.609258357694344 22.91754617814979
1091.625 25.612471718441313 22.91856810240227
1092.125 25.615660578907537 22.91958512163221
1092.625 25.61887706132569 22.920598439910002
1093.125 25.622078625168584 22.9216081808946
1093.625 25.625296018992977 22.922627257613733
1094.125 25.628501906868586 22.923643963076504
1094.625 25.631688977807503 22.924644860343477
1095.125 25.63490231084949 22.92565390310767
1095.625 25.638124978530076 22.92666897595867
1096.125 25.64131844984071 22.927676677923973
1096.625 25.644536782464293 22.92867875783417
1097.125 25.6477096897977 22.92968907791346
1097.625 25.6509353214831 22.930697795523436
1098.125 25.654150014323317 22.931702855927554
1098.625 25.657365538875155 22.932699999554767
1099.125 25.660559486243166 22.933695267868266
1099.625 25.66380625760098 22.934706551914843
1100.125 25.667011521480706 22.93570092009763
1100.625 25.670229936466168 22.936692632674042
1101.125 25.673417390093757 22.93770007788698
1101.625 25.676658507189533 22.938691313410512
1102.125 25.67988560097112 22.939699489203758
1102.625 25.68310388574976 22.940684352391063
1103.125 25.68633077322946 22.9416773244494
1103.625 25.68953075640415 22.942668512873734
1104.125 25.692754786584526 22.94366250330087
1104.625 25.695986861374628 22.944651579115988
1105.125 25.699173828320134 22.945645018852087
1105.625 25.702398938857243 22.946636297836164
1106.125 25.705622274630638 22.947619633571566
1106.625 25.70885813997041 22.9486052051027
1107.125 25.71210783454815 22.94959312926936
1107.625 25.715315765557698 22.950583080703165
1108.125 25.71852577320534 22.951567539059887
1108.625 25.721771782552395 22.952546653641917
1109.125 25.72498289765768 22.953528621302702
1109.625 25.728212224854655 22.954514606904244
1110.125 25.73145132944272 22.955497785214604
1110.625 25.73469592476371 22.95647428168984
1111.125 25.737881487904808 22.95745174629532
1111.625 25.741133508071478 22.958434541970007
1112.125 25.744357222545386 22.959415890664367
1112.625 25.747572123130812 22.96038651731976
1113.125 25.750850024465578 22.9613625895836
1113.625 25.754046819481214 22.96233065453482
1114.125 25.75726795875141 22.96331145835889
1114.625 25.760471449500457 22.96429272879633
1115.125 25.76374526606825 22.965267422373042
1115.625 25.76696416995275 22.966230925622142
1116.125 25.77016248653786 22.96720722328731
1116.625 25.77341922792746 22.968169246104463
1117.125 25.776664217718732 22.969139196373902
1117.625 25.779928733309568 22.97011007725205
1118.125 25.78311804870177 22.971075025541012
1118.625 25.786333076931957 22.97204729474946
1119.125 25.78956482296419 22.973014853869607
1119.625 25.792797814143242 22.973984989627905
1120.125 25.796039574526052 22.97495077244903
1120.625 25.799260269619744 22.975916488807506
1121.125 25.802496538165833 22.976872141304998
1121.625 25.805741060538637 22.977841792724142
1122.125 25.808943223712475 22.978798062283303
1122.625 25.81221375285514 22.979759013401004
1123.125 25.815418675063363 22.98071801500619
1123.625 25.81865910638348 22.98168562242663
1124.125 25.821875107643507 22.982648203653607
1124.625 25.825106517765008 22.983602065093088
1125.125 25.828312222964563 22.984563110390646
1125.625 25.83157962795866 22.985520305230125
1126.125 25.83481054993541 22.986477954799067
1126.625 25.83804282519617 22.987440187509772
1127.125 25.84127859959271 22.9883893503542
1127.625 25.844470450111498 22.98934202247103
1128.125 25.847674088454614 22.990288502111884
1128.625 25.85090758926365 22.99123801968235
1129.125 25.85416601611778 22.992185501174788
1129.625 25.85739090650482 22.993131379146465
1130.125 25.8606314106513 22.994074848410257
1130.625 25.863843957346443 22.995007713181298
1131.125 25.86707456779876 22.995943965998666
1131.625 25.8703068159855 22.99687436051039
1132.125 25.873534724695347 22.99781814406664
1132.625 25.87675733605172 22.99875333609693
1133.125 25.879974262122136 22.999684183840394
1133.625 25.883187419627195 23.00061080198106
1134.125 25.88642356719633 23.001544640511487
1134.625 25.889642470933154 23.002471077337088
1135.125 25.892867625757944 23.003400513520326
1135.625 25.896086258947033 23.00432549301142
1136.125 25.8993213410442 23.005248119237972
1136.625 25.902548915517016 23.006172969011793
1137.125 25.905735388402388 23.00708718255307
1137.625 25.908958724870956 23.008015883002745
1138.125 25.91216289029116 23.008937578096035
1138.625 25.915410003218057 23.00985026866048
1139.125 25.918594665536734 23.010770870721714
1139.625 25.921844785617534 23.011686347511638
1140.125 25.925038031380765 23.01260240814752
1140.625 25.92824050715845 23.013519165718172
1141.125 25.931486020577573 23.014437274529726
1141.625 25.934644312707846 23.01534956461954
1142.125 25.937863099437592 23.016266002532074
1142.625 25.941049366375175 23.01718104229952
1143.125 25.944240770230902 23.01808937519121
1143.625 25.947415914971472 23.01899549124649
1144.125 25.950664843403196 23.019909695470517
1144.625 25.953807535106233 23.020821935936585
1145.125 25.957032855410773 23.021734844297413
1145.625 25.9602141883026 23.022649477671095
1146.125 25.963388187470233 23.023558649089807
1146.625 25.966579954546045 23.024469847090966
1147.125 25.969805904605593 23.02538031841978
1147.625 25.972937308131925 23.02629073361697
1148.125 25.976122875413793 23.027197236127233
1148.625 25.97927122467938 23.028116776141804
1149.125 25.98242554038623 23.02901936783849
1149.625 25.98561763781347 23.029940973550318
1150.125 25.98878778372032 23.030848086457244
1150.625 25.99195255421678 23.031758572755802
1151.125 25.99511063157564 23.032676442348308
1151.625 25.998216560121783 23.033586660143996
1152.125 26.00142407760668 23.03450967354678
1152.625 26.004559614083306 23.035419704255933
1153.125 26.00770467612254 23.036336641066235
1153.625 26.01085135446954 23.037257953032835
1154.125 26.01400900359767 23.03816910320716
1154.625 26.017118783027197 23.039088434647
1155.125 26.02022538736435 23.040006664726267
1155.625 26.02337982427364 23.040925588954373
1156.125 26.026513040242804 23.041850675712475
1156.625 26.029610951453492 23.04277434433733
1157.125 26.032757466013756 23.043697248462575
1157.625 26.035833538477956 23.04461491742131
1158.125 26.038949984364578 23.045545645432007
1158.625 26.04205292124343 23.04647398107699
1159.125 26.045121881156646 23.047391168134723
1159.625 26.04822439822419 23.04832630735739
1160.125 26.051350293478173 23.049256919735576
1160.625 26.054396825506867 23.050188457667872
1161.125 26.057524541054114 23.05112724420464
1161.625 26.060596780712203 23.052050885574268
1162.125 26.063619892385187 23.052996504410142
1162.625 26.0667069295813 23.053937950971463
1163.125 26.069775116078198 23.054875432773176
1163.625 26.072836830011347 23.055812414366134
1164.125 26.075884230204206 23.0567499521819
1164.625 26.078972052862987 23.057695076397138
1165.125 26.081960604373716 23.05862987253477
1165.625 26.08500651586109 23.059565631763512
1166.125 26.08808778332511 23.060509702362005
1166.625 26.091086269053573 23.06144593211977
1167.125 26.094116322128265 23.06238543979616
1167.625 26.09716188675227 23.063319406981797
1168.125 26.10017883933326 23.064260682584738
1168.625 26.103200791972863 23.065203328525648
1169.125 26.106215553310207 23.066149236140745
1169.625 26.109202019401682 23.06708546213175
1170.125 26.11221180121766 23.068017379048467
1170.625 26.115210367347167 23.068973117217183
1171.125 26.118173960117275 23.069906976896476
1171.625 26.121171481409768 23.07084790821342
1172.125 26.124150429754465 23.071795187616
1172.625 26.127098102640247 23.072742651254238
1173.125 26.130129948913744 23.073687157607267
