FastTrWP/PhaseSpace/IAs/snIa_0.68_30.00_-0.61_0.13.csv
# %ECSV 0.9
# ---
# datatype:
# - {name: time-rel, datatype: float64}
# - {name: g, datatype: float64}
# - {name: i, datatype: float64}
# schema: astropy-2.0
time-rel g i
[from data line 1774]
518.0 26.10953589894092 22.629440432174214
518.5 26.110870949823592 22.63045136045204
519.0 26.11214528396962 22.6314691211969
519.5 26.113446626470733 22.632485384324358
520.0 26.11476856483487 22.633500196233584
520.5 26.116100276905847 22.634519545390557
521.0 26.117390751655087 22.63553343629991
521.5 26.118742777342465 22.636557071435448
522.0 26.12003636895629 22.637581038957375
522.5 26.121354987700553 22.63859001535799
523.0 26.122699961624825 22.639617039512537
523.5 26.12404347950575 22.64063910153113
524.0 26.12535635008951 22.641657506267997
524.5 26.12673247421677 22.64267272090113
525.0 26.128072737256897 22.64368868224405
525.5 26.129434310544497 22.644713129632667
526.0 26.130779263615892 22.64573409160618
526.5 26.1321002314126 22.646758526824165
527.0 26.133518091043072 22.647781544119443
527.5 26.134854952690322 22.64880393599887
528.0 26.13624120008666 22.649819448293357
528.5 26.13762677581553 22.65084383326075
529.0 26.138988621956607 22.65186763733094
529.5 26.14040153115703 22.65288673328387
530.0 26.141789731768753 22.653915066634912
530.5 26.143164927838637 22.65493317939947
531.0 26.144566393906317 22.655955755337228
531.5 26.145989002827278 22.65698058767446
532.0 26.147395521109754 22.657999918218984
532.5 26.14877234682238 22.659029007598196
533.0 26.15023512208205 22.66005684479639
533.5 26.15166666528006 22.661077809462643
534.0 26.153068835141838 22.662107782556657
534.5 26.15444375684166 22.663124359909045
535.0 26.155929084403766 22.664154823743026
535.5 26.157324859822907 22.665177204065117
536.0 26.15872289015764 22.6662127219322
536.5 26.160139207122754 22.667239083784416
537.0 26.16158814029614 22.668260179171913
537.5 26.163029322938023 22.669294573342043
538.0 26.164472364065865 22.670323095429303
538.5 26.165894967392596 22.671351469852468
539.0 26.167312893666463 22.672386685340594
539.5 26.168788708292023 22.67341447281567
540.0 26.17021003828507 22.674437605670068
540.5 26.17168267659188 22.675477088244882
541.0 26.17312458012799 22.676504110539042
541.5 26.17456359936113 22.67754061510975
542.0 26.17602980703273 22.678571940070803
542.5 26.177490595448113 22.679605450378915
543.0 26.17894109178566 22.68063987783328
543.5 26.180381348670974 22.68166742060587
544.0 26.181863578491303 22.682713497251964
544.5 26.183330183526415 22.68374667308642
545.0 26.18483808581566 22.684777837628822
545.5 26.186294580116936 22.685816264254903
546.0 26.187771886942723 22.68685250050847
546.5 26.18921220355938 22.68788915656267
547.0 26.190722921951675 22.68892766076152
547.5 26.192186762526617 22.689969926251536
548.0 26.193692907739965 22.691014263528665
548.5 26.195135633912216 22.692045069454917
549.0 26.196622480960123 22.69308707010253
549.5 26.198095251806865 22.694129216647326
550.0 26.199652459529027 22.69516675854328
550.5 26.201095315329397 22.696213438414603
551.0 26.20261363642934 22.697249062803895
551.5 26.20411233616762 22.69829383200421
552.0 26.205632421806047 22.699340793324264
552.5 26.207100451571478 22.70038132090773
553.0 26.208643305733652 22.701427028324957
553.5 26.210120905683418 22.70246608011667
554.0 26.211659559065588 22.703523028582794
554.5 26.213201522328898 22.704569361473443
555.0 26.214688156003 22.705606610519244
555.5 26.216216274045742 22.70666253789788
556.0 26.2177194202685 22.7077080258248
556.5 26.219251389652438 22.708757469557735
557.0 26.220808341517817 22.7098040854168
557.5 26.22229535908216 22.710850715975287
558.0 26.223869479785545 22.711910042240042
558.5 26.225369577734497 22.7129605056261
559.0 26.226917483392803 22.714010760021893
559.5 26.228492327433266 22.715076871147186
560.0 26.230021286051425 22.716129333393297
560.5 26.23156724833062 22.717185806817525
561.0 26.233112595283853 22.718228351147406
561.5 26.23466324160125 22.719286710157608
562.0 26.23625187028179 22.720342750506934
562.5 26.237797607968496 22.721403645886205
563.0 26.239383033265646 22.722461273788657
563.5 26.240928299876852 22.723520869870825
564.0 26.24244958778454 22.724571422695142
564.5 26.24408498961055 22.725630028894162
565.0 26.245668392027568 22.726702784047802
565.5 26.24717798518969 22.727760925070754
566.0 26.24882088128706 22.728826863833326
566.5 26.250352998223732 22.729889060411473
567.0 26.251985964450093 22.730956626164662
567.5 26.253553480971764 22.732015412847453
568.0 26.2551332582948 22.733086045894723
568.5 26.25673715075161 22.734146431602728
569.0 26.258326640731113 22.73521538557644
569.5 26.259921079227205 22.736285917610783
570.0 26.261538727173324 22.737351096187368
570.5 26.263136592215083 22.73841310967083
571.0 26.2648064916009 22.739492548300678
571.5 26.266395438194962 22.740556031402296
572.0 26.267992437931245 22.741629458977965
572.5 26.269607319977567 22.7427014345353
573.0 26.27125568793117 22.743777403193373
573.5 26.27282657312621 22.744847480025925
574.0 26.274494266728126 22.74592893158079
574.5 26.2761211113814 22.74699745976708
575.0 26.277778959331222 22.748080366747057
575.5 26.27935603752128 22.74915812219581
576.0 26.281068156986592 22.75022582375152
576.5 26.28267142937572 22.751304716149203
577.0 26.28435754611211 22.75237938381772
577.5 26.28598413912107 22.753458524705124
578.0 26.28765686210175 22.754541946923617
578.5 26.28930011698273 22.7556150414664
579.0 26.290960105202906 22.75669946536869
579.5 26.29259985964193 22.75778101711523
580.0 26.294294582921637 22.75886192419549
580.5 26.29595731363319 22.759944431992338
581.0 26.29761590978001 22.761020184838827
581.5 26.299281234758766 22.762114769837115
582.0 26.30101800537038 22.763182964421347
582.5 26.302644190849726 22.76427908843044
583.0 26.304337044271815 22.765357681213032
583.5 26.306012541938006 22.766448309651885
584.0 26.307649679813736 22.767533990883692
584.5 26.309434688813734 22.76861827501214
585.0 26.311121594225774 22.769707717538065
585.5 26.312803567363872 22.770801378512807
586.0 26.314476222198525 22.771893906258107
586.5 26.316246356130677 22.772977708256754
587.0 26.31789690135278 22.774075866244537
587.5 26.31964254441966 22.775166173539358
588.0 26.321337355501452 22.776261993760833
588.5 26.323081324063953 22.777339850846637
589.0 26.324784949710033 22.778448379302446
589.5 26.32648858645456 22.77953590487394
590.0 26.328265462996605 22.780638785717784
590.5 26.33001023647538 22.78173197450195
591.0 26.33173101362283 22.782832863199644
591.5 26.333488256834503 22.78392752422473
592.0 26.335193875559945 22.785028235031138
592.5 26.337008060394517 22.786116885083686
593.0 26.338718773217643 22.787229451037927
593.5 26.34049145548733 22.78832628726141
594.0 26.342248892252208 22.789431138911063
594.5 26.343985366648344 22.79053113120637
595.0 26.345767601990783 22.791636408475433
595.5 26.347521800752737 22.792741506675153
596.0 26.34927842709978 22.79384999481536
596.5 26.3510691428919 22.794945807688343
597.0 26.35284535902132 22.796065141406405
597.5 26.354646782800422 22.797163311806283
598.0 26.356421740895737 22.798275309970414
598.5 26.358236193761098 22.799382473711425
599.0 26.360015398611164 22.800494578065383
599.5 26.361838003687055 22.80160857017751
600.0 26.363640381842032 22.802722161274698
600.5 26.36546512281658 22.803831608512645
601.0 26.367278230769102 22.804955484582354
601.5 26.369071215028388 22.806057294860675
602.0 26.37093611579891 22.807181457022757
602.5 26.37272658185453 22.80829738689136
603.0 26.374550021134773 22.809410496815605
603.5 26.376369680896442 22.810529935860853
604.0 26.37819082863615 22.81165481502272
604.5 26.38004634572564 22.81277592785626
605.0 26.381882540978644 22.81387992899031
605.5 26.383764477482817 22.8150188328205
606.0 26.385627508776327 22.816132816207833
606.5 26.387452095130186 22.817263910309833
607.0 26.389359859136334 22.81838649302635
607.5 26.391178676522998 22.819511860192243
608.0 26.393077920100488 22.820646693787204
608.5 26.39493555128943 22.821775601159217
609.0 26.396807527152127 22.822907326887737
609.5 26.398711600328784 22.824031736975158
610.0 26.40060733050838 22.825166634607946
610.5 26.40247458474024 22.8262986354937
611.0 26.40437116266247 22.82743184015939
611.5 26.406258207086104 22.82856403408497
612.0 26.408193520601486 22.829700209709717
612.5 26.410087280141305 22.83083405137257
613.0 26.412011638174626 22.831969652019488
613.5 26.413895800580498 22.833107386094945
614.0 26.415841620840116 22.834249035534732
614.5 26.417767346625567 22.835392366123383
615.0 26.419698389016254 22.83652576618163
615.5 26.421665823858476 22.837672259405455
616.0 26.423597458701913 22.838813529056278
616.5 26.42553399015389 22.839960317949448
617.0 26.427558427863147 22.841099158987262
617.5 26.429461824950586 22.842242186828727
618.0 26.43145483757283 22.84339755494015
618.5 26.433418544890426 22.844541025059037
619.0 26.43538874121986 22.845687956040845
619.5 26.437398531147906 22.84684880063546
620.0 26.439326826896213 22.847993719063485
620.5 26.441339074303407 22.84914293751758
621.0 26.443371846164936 22.850297545951186
621.5 26.445341973232534 22.851451657884795
622.0 26.44729413080483 22.852593539337352
622.5 26.449344912914317 22.85376041833637
623.0 26.451367971613358 22.854906813169855
623.5 26.453348381859115 22.856068026619877
624.0 26.45538846911313 22.85722595333125
624.5 26.457417086563048 22.8583822550276
625.0 26.459468662964053 22.8595448089068
625.5 26.46152629710467 22.860700955818672
626.0 26.46355179678889 22.861858036166865
626.5 26.465609497106833 22.86302717868269
627.0 26.467630358501616 22.86419155794662
627.5 26.469694179756928 22.865361909143623
628.0 26.471755663572605 22.866523855901193
628.5 26.473772790164833 22.8676833851241
629.0 26.47590174245146 22.868856915645843
629.5 26.47798199688847 22.870023120257315
630.0 26.480042219377353 22.87120075926002
630.5 26.48215311571249 22.872361437150627
631.0 26.484240267952476 22.873536100162625
631.5 26.486328018834087 22.87471173337929
632.0 26.48842203229996 22.87587707571341
632.5 26.49052446021259 22.877052065913823
633.0 26.49261915792588 22.878224852765396
633.5 26.49473722133274 22.87941335946893
634.0 26.49687675412715 22.88059201706265
634.5 26.49896965032239 22.881763475820534
635.0 26.50111391372932 22.88294495310033
635.5 26.503255297875086 22.88411976089394
636.0 26.505376653902157 22.8853085718656
636.5 26.50747987527536 22.886484850243228
637.0 26.509635025022824 22.887672516504676
637.5 26.511773775775982 22.888853460531987
638.0 26.513934148954146 22.89003040564537
638.5 26.516082883740523 22.89122363832969
639.0 26.5182185034576 22.892410557997856
639.5 26.520388709319107 22.893596369824788
640.0 26.522576343178667 22.894795685716165
640.5 26.524788169224657 22.89597126914654
641.0 26.52696388416207 22.897167964168187
641.5 26.529083544023536 22.89835800989042
642.0 26.53128531516023 22.89955843178316
642.5 26.53345128775502 22.900747801242787
643.0 26.535670078353654 22.901948609946928
643.5 26.53788759592176 22.903144128593862
644.0 26.54007696804483 22.90433199977873
644.5 26.54226652945055 22.905529615578896
645.0 26.54444608136618 22.906737379495297
645.5 26.546691552754712 22.9079421394573
646.0 26.548903072889622 22.909133137214518
646.5 26.55112339598791 22.91034626363217
647.0 26.55336398233367 22.91154590539664
647.5 26.55557079079751 22.912741168148333
648.0 26.55780169682117 22.913946272449664
648.5 26.56005167089871 22.915159967290254
649.0 26.562312891747425 22.916367926523982
649.5 26.564559406918214 22.917571564568032
650.0 26.566803159889183 22.918795114624846
650.5 26.569054685731043 22.91999958646054
651.0 26.571325565687513 22.92120152899269
651.5 26.57359734203967 22.922416744499486
652.0 26.5758131925188 22.9236325006613
652.5 26.57808337863759 22.924847535486336
653.0 26.580405560224957 22.926062520464356
653.5 26.582720958639612 22.927292101229277
654.0 26.58505465047486 22.92850926929312
654.5 26.58736133452175 22.92973107926016
655.0 26.589738780872196 22.930955362247655
655.5 26.592040031688285 22.932184090500336
656.0 26.59444224156365 22.933408665230104
656.5 26.59681947280282 22.934641938083065
657.0 26.59919963783433 22.935876564477574
657.5 26.60162987914896 22.93709950505383
658.0 26.603988469704216 22.938343165313494
658.5 26.606398952664478 22.939566574928865
659.0 26.60886884682334 22.94081169722151
659.5 26.611264004952698 22.94205272984703
660.0 26.61376221743179 22.943283580532878
660.5 26.61620914138104 22.94453144911605
661.0 26.6186224293337 22.945771420857227
661.5 26.62114713954655 22.947014966219204
662.0 26.623605913637913 22.94826018039231
662.5 26.62607188001726 22.949499323757593
663.0 26.62859644976306 22.950753474100097
663.5 26.631098957602713 22.95201415132628
664.0 26.63360411735924 22.9532569978295
664.5 26.63615478012111 22.95450843874328
665.0 26.638624906144777 22.955761856598663
665.5 26.641184994809223 22.95701744760703
666.0 26.643698531679437 22.95826875481403
666.5 26.64625020194913 22.959530463722487
667.0 26.648813213063764 22.960785789697713
667.5 26.65135965480935 22.962043115701583
668.0 26.65392042038217 22.96330640800271
668.5 26.656451176488495 22.964562757106
669.0 26.659011107452333 22.965825522170643
669.5 26.661507845928224 22.967081498529925
670.0 26.664197184188172 22.968346171313925
670.5 26.666722905962658 22.969608662880432
671.0 26.669278076663264 22.97087429252638
671.5 26.67184920794488 22.97213736048631
672.0 26.674424986545482 22.97340555283682
672.5 26.676972174761065 22.974671710081562
673.0 26.67954967458041 22.975946248506638
673.5 26.68216420752102 22.97720584301773
674.0 26.68467833859044 22.97847021802086
674.5 26.687270846129387 22.979748794447985
675.0 26.68982263281247 22.98101774506258
675.5 26.692453349483518 22.982285195080756
676.0 26.695000617374497 22.983558823769155
676.5 26.697583835283453 22.98483178958247
677.0 26.700140860497047 22.986092899600227
677.5 26.702716853559537 22.98737880779974
678.0 26.705247790936262 22.988650220666187
678.5 26.70785132437224 22.989907157252915
679.0 26.710340061837236 22.991185535658055
679.5 26.712966131475 22.99246360867119
680.0 26.715477530231407 22.99373176709048
680.5 26.71799718899678 22.995024590217895
681.0 26.720609991176577 22.996289787535815
681.5 26.723109388169956 22.997565860016913
682.0 26.72558945683672 22.99883230486919
682.5 26.72811987946154 23.00011054483081
683.0 26.73066921529848 23.001386102285522
683.5 26.733154462732447 23.002662572522357
684.0 26.73565960529386 23.003940547109956
684.5 26.73811864564899 23.005210569320006
685.0 26.740583050274516 23.006478363012334
685.5 26.743049370238 23.007762349248047
686.0 26.745581962188822 23.009037917633698
686.5 26.74802452472024 23.010311781191515
687.0 26.750429204818285 23.011578102279717
687.5 26.75284832979989 23.012866745650932
688.0 26.755287945593928 23.01413291712455
688.5 26.757670032809735 23.015407464119914
689.0 26.760039540588192 23.016683892250114
689.5 26.7624705211204 23.01794703904864
690.0 26.764831059350385 23.019224791548808
690.5 26.7671521956794 23.020498368764102
691.0 26.769505036500995 23.021771107339042
691.5 26.771809850748824 23.02303895373322
692.0 26.77412102820242 23.02432091220433
692.5 26.776434542403955 23.02558066120745
693.0 26.778727176879883 23.02685651220719
693.5 26.781026015260856 23.028137307284066
694.0 26.783298660695486 23.029404104392704
694.5 26.785603899895403 23.030671574408995
695.0 26.787911581833818 23.03193888249264
695.5 26.79017857877163 23.033227979811144
696.0 26.792456982534492 23.034493799616214
696.5 26.79476933984848 23.03577259555746
697.0 26.797058502047495 23.037052722833693
697.5 26.799259046982908 23.038320237751456
698.0 26.80153203402348 23.03959701736681
698.5 26.803771417418545 23.040874249411395
699.0 26.806060285366314 23.042158082700936
699.5 26.808257952042574 23.04343139601999
700.0 26.81056624611106 23.04470035818778
700.5 26.812787650368087 23.045983891135663
701.0 26.815063661192482 23.047260707108887
701.5 26.81725518571848 23.0485394946402
702.0 26.81947148995315 23.049821468498447
