FastTrWP/PhaseSpace/IAs/snIa_0.45_30.00_-0.04_-0.14.csv
# %ECSV 0.9
# ---
# datatype:
# - {name: time-rel, datatype: float64}
# - {name: g, datatype: float64}
# - {name: i, datatype: float64}
# schema: astropy-2.0
time-rel g i
[from data line 362]
-236.5 23.81433825562066 23.40480567331824
-236.0 23.81025334767856 23.401820537575773
-235.50000000000006 23.8061756567918 23.398820418519406
-235.0 23.802094539843246 23.39583690119964
-234.5 23.798049387704566 23.392849121249405
-234.00000000000006 23.793992732131418 23.38985647969782
-233.5 23.789923949613407 23.386898172172955
-233.0 23.785878287461827 23.383928271399324
-232.50000000000006 23.781846487253237 23.38096319716555
-232.0 23.77782386744617 23.377988151108767
-231.5 23.773799073637086 23.375032512726676
-231.00000000000006 23.769775764658515 23.372098559941556
-230.5 23.765776900760187 23.369135770728956
-230.0 23.761773465166563 23.36619190897142
-229.50000000000006 23.75777656453879 23.36326213457772
-229.0 23.75379990892627 23.36031804365789
-228.5 23.749823650577042 23.357400131079316
-228.00000000000006 23.74585834096665 23.354466897578497
-227.5 23.741891309160913 23.35154307756772
-227.0 23.737914494379382 23.348630907711296
-226.50000000000006 23.73398802099766 23.3457222271458
-226.0 23.73004698097684 23.342801283558963
-225.5 23.726115495705457 23.33990068178344
-225.00000000000006 23.72216785034437 23.33699328330284
-224.5 23.718247572895148 23.334095358856402
-224.0 23.714328206292944 23.331216234042188
-223.50000000000006 23.71042722965094 23.328320501059334
-223.0 23.706524363891376 23.325446410529697
-222.5 23.702631450013865 23.32255485280303
-222.00000000000006 23.698741634097814 23.31967833688196
-221.5 23.694855184795635 23.316809932502434
-221.0 23.69098159614344 23.313938014226405
-220.50000000000006 23.687110015787702 23.311060288275502
-220.0 23.68324970459904 23.308206364025224
-219.5 23.67939660844193 23.305346331343536
-219.00000000000006 23.675540193039765 23.302500774412938
-218.5 23.671682256611902 23.29964355035989
-218.0 23.667848216382726 23.296795044623074
-217.50000000000006 23.664025562021912 23.29394873236311
-217.0 23.66020445983107 23.291109107460727
-216.5 23.656384181222357 23.288276471713885
-216.00000000000006 23.65257460455243 23.28544095733559
-215.5 23.648763749953666 23.28261499359879
-215.0 23.64496675984124 23.279790731450202
-214.50000000000006 23.6411544816845 23.276965796494075
-214.0 23.637389638485892 23.274145106186353
-213.5 23.633579232436787 23.27132657575757
-213.00000000000006 23.629789398348528 23.268510846942142
-212.5 23.62599782199634 23.26569188658435
-212.0 23.622196150306507 23.26286609828612
-211.50000000000006 23.618372483193433 23.260038175429948
-211.0 23.61457459075463 23.25721451723059
-210.5 23.610763827926526 23.254404966103497
-210.00000000000006 23.60695513589668 23.2515771607617
-209.5 23.60315059865655 23.24875713948626
-209.0 23.599326763850257 23.2459383580455
-208.50000000000006 23.595534645311858 23.24311946120317
-208.0 23.59171610327045 23.240309331344257
-207.5 23.587909402038218 23.23747894369477
-207.00000000000006 23.584114560944837 23.234669818595904
-206.5 23.580297506395414 23.231860582364313
-206.0 23.576505533113693 23.22904377186468
-205.50000000000006 23.57271564982235 23.226241870576523
-205.0 23.56891190234851 23.22342581735184
-204.5 23.56513992410443 23.220625377619882
-204.00000000000006 23.561365023752675 23.217833743749807
-203.5 23.557579045335384 23.215037436495045
-203.0 23.553817787321897 23.212251987561196
-202.50000000000006 23.55005606846477 23.20946112518073
-202.0 23.546300877142983 23.206678973718034
-201.5 23.542558138392312 23.203898877345324
-201.00000000000006 23.538818291576696 23.20112010678959
-200.5 23.535092341700093 23.198356625428474
-200.0 23.53135736778829 23.195589372824593
-199.50000000000006 23.527649297146343 23.192825926370034
-199.0 23.523944578763796 23.19005944072204
-198.5 23.520254289427058 23.187317206779188
-198.00000000000006 23.516565301067835 23.184571982925352
-197.5 23.512882402779066 23.181823422491092
-197.0 23.509219799763585 23.179096471384536
-196.50000000000006 23.505570517364582 23.17637115911701
-196.0 23.501930701905643 23.173654866607354
-195.5 23.498303454156428 23.17093974986012
-195.00000000000006 23.494678992839123 23.168225991791903
-194.5 23.491073949022038 23.16552964480188
-194.0 23.487498152505005 23.162829559488106
-193.50000000000006 23.483906888205777 23.160139664432112
-193.0 23.48035481866626 23.157464696644276
-192.5 23.476799234195536 23.154779435238577
-192.00000000000006 23.473258830037068 23.152125160607465
-191.5 23.469735964955024 23.149464352495606
-191.0 23.466230539093104 23.1468189359849
-190.50000000000006 23.462735003363218 23.144170071167483
-190.0 23.459261306378526 23.14154241054794
-189.5 23.455809160179047 23.13891375409454
-189.00000000000006 23.45235133760393 23.136295588822733
-188.5 23.44893299680674 23.13368896898291
-188.0 23.445514382035526 23.131096535774315
-187.50000000000006 23.44212631517398 23.12850203763752
-187.0 23.43874241594923 23.12591821077524
-186.5 23.435394403064528 23.123347546685693
-186.00000000000006 23.432049028365736 23.120783963007998
-185.5 23.428715417855777 23.118236973905727
-185.0 23.425421727466937 23.115691733102377
-184.50000000000006 23.422135145377958 23.11315846760833
-184.0 23.418853726987212 23.110628849114946
-183.5 23.415599729096435 23.10811986978722
-183.00000000000006 23.412386074002484 23.105615784223502
-182.5 23.409170635306793 23.103130374883385
-182.0 23.40598760365523 23.10064654110431
-181.50000000000006 23.402806720272817 23.09817388734033
-181.0 23.399661615355207 23.095708554257172
-180.5 23.396540032404634 23.093263176091426
-180.00000000000006 23.39343245390473 23.09082199129779
-179.5 23.39033946710293 23.088392536332407
-179.0 23.387263466883496 23.085977844546115
-178.50000000000006 23.38420252798904 23.083560395824264
-178.0 23.38113995426488 23.081160353127093
-177.5 23.378091715083258 23.078754659322467
-177.00000000000006 23.37504587957507 23.076352542405957
-176.5 23.372017409043394 23.0739477605035
-176.0 23.368997973913892 23.071560422503072
-175.50000000000006 23.365977912073248 23.069162281091952
-175.0 23.36296652582799 23.066801005157792
-174.5 23.359969116393838 23.064416091174134
-174.00000000000006 23.356979638323843 23.062051248624158
-173.5 23.35399605608187 23.059685605293513
-173.0 23.351029167120494 23.057325926798278
-172.50000000000006 23.3480589895245 23.054974394561697
-172.0 23.345111877310444 23.052629355590085
-171.5 23.342166154923923 23.050282409606066
-171.00000000000006 23.339245638429396 23.047950355540006
-170.5 23.336315920465953 23.045622032990877
-170.0 23.333406126328207 23.043293776451655
-169.50000000000006 23.33051458237169 23.040985493001436
-169.0 23.327616000583703 23.038664001026476
-168.5 23.324731138063584 23.03635352532799
-168.00000000000006 23.321854959344318 23.03406063774393
-167.5 23.319007357160668 23.0317602742231
-167.0 23.31615786740978 23.029471421324796
-166.50000000000006 23.31331760519049 23.02719498787999
-166.0 23.310497933557315 23.02492845465479
-165.5 23.30767795459384 23.022657087803516
-165.00000000000006 23.30488163854279 23.020390094898215
-164.5 23.302095280609848 23.018136569479132
-164.0 23.29931068728571 23.01588681408675
-163.50000000000006 23.29653958836246 23.01364608187768
-163.0 23.293792285867752 23.011404797513656
-162.5 23.29103492009821 23.0091872262517
-162.00000000000006 23.288310006508652 23.00696005526916
-161.5 23.28559501502407 23.004756297638874
-161.0 23.28289275006105 23.002544527681795
-160.50000000000006 23.280200425765184 23.000349214291496
-160.0 23.277520314913048 22.998149094395938
-159.5 23.274859100882125 22.995978994931107
-159.00000000000006 23.27219206864438 22.99379249114253
-158.5 23.269555187275706 22.991618786287397
-158.0 23.266929848908617 22.98945821075275
-157.50000000000006 23.264313422015807 22.987304799073044
-157.0 23.26171419060764 22.985157329744986
-156.5 23.259109588566798 22.98302310509813
-156.00000000000006 23.256543760819156 22.98088807889605
-155.5 23.25399107101064 22.978758434432503
-155.0 23.251441412791166 22.976648759519506
-154.50000000000006 23.24889580120776 22.974528385485296
-154.0 23.246378752356595 22.97243258910448
-153.5 23.243871101364245 22.97033863585267
-153.00000000000006 23.24137645126184 22.968247832472
-152.5 23.238904375485934 22.96617323966106
-152.0 23.236444135010856 22.964097743799737
-151.50000000000006 23.233995467024663 22.96204845565753
-151.0 23.23156569115273 22.95999038235991
-150.5 23.229143450283885 22.95794473214242
-150.00000000000006 23.226732253200908 22.955906616027
-149.5 23.224344686841274 22.953881081594545
-149.0 23.221976361509178 22.951854338795663
-148.50000000000006 23.219614419361445 22.94985020560079
-148.0 23.21726401085528 22.947851680571503
-147.5 23.214940469350893 22.94584845293916
-147.00000000000006 23.21262419467613 22.94386516430494
-146.5 23.210320083340466 22.941889561464308
-146.0 23.208048080248016 22.939921333998427
-145.50000000000006 23.205774826288813 22.937958450753943
-145.0 23.20351861163603 22.936016202015786
-144.5 23.201275999606978 22.934066989874033
-144.00000000000006 23.199054992052034 22.932128147258805
-143.5 23.196843721915105 22.930203820159957
-143.0 23.19462694529197 22.92827914222636
-142.50000000000006 23.192447396491875 22.92636066625598
-142.0 23.190245705258373 22.924451059274435
-141.5 23.188086933945794 22.92254402794082
-141.00000000000006 23.18592466027375 22.920649227407672
-140.5 23.183770040995277 22.918756547133693
-140.0 23.18163294771576 22.91687192643407
-139.50000000000006 23.179500632923435 22.914988759633196
-139.0 23.177388010742956 22.913124732194756
-138.5 23.175276761410323 22.911256149274557
-138.00000000000006 23.17317690563827 22.909395820250666
-137.5 23.171094812737607 22.907538103838526
-137.0 23.16901661613793 22.905688677376244
-136.50000000000006 23.1669435478174 22.903853514911727
-136.0 23.16489391899342 22.90201728041023
-135.5 23.162861210270158 22.900194058888573
-135.00000000000006 23.16081670844174 22.89836953833456
-134.5 23.158795030598185 22.89655739928714
-134.0 23.156783412170952 22.894743950261038
-133.50000000000006 23.154780124370603 22.892943667476132
-133.0 23.152788588732903 22.891136033170532
-132.5 23.150801604497712 22.889349397797908
-132.00000000000006 23.14883302307205 22.887557929137046
-131.5 23.146876554303 22.885793531659946
-131.0 23.1449232814104 22.884008172688283
-130.50000000000006 23.142979495035043 22.882242669324636
-130.0 23.14105874298854 22.88048466288678
-129.5 23.139134734095844 22.878736842895954
-129.00000000000006 23.137230422921995 22.876975101692608
-128.5 23.13531922727199 22.875239933046004
-128.0 23.133437760285034 22.873498790887503
-127.50000000000006 23.13156349958365 22.871768122355082
-127.0 23.12969475402086 22.87004771452622
-126.5 23.12782968543349 22.868322493544575
-126.00000000000006 23.125977087572807 22.86661210222233
-125.5 23.124142287438772 22.864913268735265
-125.0 23.122308307091583 22.863203743098236
-124.50000000000006 23.120500824902255 22.861513530205215
-124.0 23.11868715527342 22.85983410002119
-123.5 23.116890209862362 22.8581495432177
-123.00000000000006 23.115100104307245 22.85646073061111
-122.5 23.113316305500785 22.854794064614275
-122.0 23.11155966598153 22.85312790532565
-121.50000000000006 23.10980017361597 22.85146809750506
-121.0 23.108053872321666 22.849812327937343
-120.5 23.106309774728324 22.848166619022674
-120.00000000000006 23.104589292468056 22.84653118315084
-119.5 23.102867593880596 22.844886228100947
-119.0 23.101157154156486 22.84326559509023
-118.50000000000006 23.099452828788912 22.841638282012756
-118.0 23.097771270591053 22.840023813965374
-117.5 23.0960952746252 22.83840797699337
-117.00000000000006 23.094431440610247 22.836807720402664
-116.5 23.092767692076205 22.83520198545456
-116.0 23.091118747462506 22.83360231309682
-115.50000000000006 23.089478854204568 22.832017106295
-115.0 23.087848257347538 22.830434998276278
-114.5 23.086228698820904 22.828859466684747
-114.00000000000006 23.08463413661242 22.827274030981705
-113.5 23.083021931028878 22.825724350189716
-113.0 23.08143157747184 22.82415274492154
-112.50000000000006 23.079853110022146 22.82260148679938
-112.0 23.078286519957544 22.821053461271262
-111.5 23.07671524118073 22.81951008200331
-111.00000000000006 23.07517200685311 22.81797140387992
-110.5 23.07362453325075 22.816435651870435
-110.0 23.072101318965824 22.81491530551702
-109.5 23.07057647930112 22.81337871567866
-109.0 23.06905630656675 22.81187660784188
-108.5 23.0675532113774 22.810363104328296
-108.0 23.066063393136936 22.808849853374248
-107.5 23.064568664036955 22.807346532934417
-107.0 23.06308008585105 22.80584837189913
-106.5 23.061606866932514 22.804361076914475
-106.0 23.060145021205773 22.802877808245174
-105.5 23.05868966302103 22.801395402122118
-105.0 23.057231925110596 22.79992049152099
-104.5 23.055805161082162 22.798444470404778
-104.0 23.05436583169595 22.796980862636346
-103.5 23.052933649824507 22.79551630609541
-103.0 23.0515277435668 22.79405689486498
-102.5 23.050119386640233 22.792611471599184
-102.0 23.048716879953442 22.791154330051555
-101.5 23.04731854820597 22.789715670353562
-101.0 23.045936991030665 22.788275937390488
-100.5 23.044569506122716 22.786851525075875
-100.0 23.043199453179504 22.785419078318867
-99.5 23.041843371327758 22.784000798727433
-99.0 23.040489501895802 22.782579323337416
-98.5 23.039149436534267 22.781160777997943
-98.0 23.037824329439648 22.779757223848684
-97.5 23.036495148499633 22.77836018256979
-97.0 23.035177534657983 22.7769565199474
-96.5 23.033863189427063 22.775572081992607
-96.0 23.0325697025174 22.774176633983174
-95.5 23.031274495664814 22.772794253382923
-95.0 23.029994158339925 22.77141346325136
-94.5 23.02871318597615 22.7700427396014
-94.0 23.02745319266871 22.76867599268195
-93.5 23.026187928071607 22.76731514671123
-93.0 23.02494847657274 22.76596177676961
-92.5 23.023706707846088 22.764608968539285
-92.0 23.022474000252796 22.763248849489948
-91.5 23.021254696112333 22.76190416915886
-91.0 23.020023714041056 22.760576877690557
-90.5 23.018831807488112 22.759241752808045
-90.0 23.017636712476133 22.757917763000766
-89.5 23.016440584772507 22.756590031191656
-89.0 23.015259050043674 22.75527497762136
-88.5 23.0140889850489 22.753963401797066
-88.0 23.012926956390565 22.752642562428314
-87.5 23.011772048202587 22.751352844820115
-87.0 23.010620909562142 22.750053501592955
-86.5 23.009480633660345 22.748754922973788
-86.0 23.008352614099216 22.747471058575314
-85.5 23.00722223544813 22.746187387086767
-85.0 23.00611675045562 22.744908103749847
-84.5 23.005014959413835 22.743633363315947
-84.0 23.003914194161034 22.74237201244569
-83.5 23.002824023336 22.74110032934013
-83.0 23.001749670123004 22.739848794565933
-82.5 23.00067459470576 22.73858688576626
-82.0 22.99962334694324 22.73734046024725
-81.5 22.998567328303892 22.736096617343623
-81.0 22.99752065324264 22.734859806924376
-80.5 22.99649124793785 22.73362760278213
-80.0 22.99546160055641 22.732407829468002
-79.5 22.99444206571006 22.731175110042578
-79.0 22.993437559436565 22.729959538613556
-78.5 22.992438599369397 22.72874317383652
-78.0 22.991446046409486 22.72754480148846
-77.5 22.990458979174527 22.726334962935596
-77.0 22.98948600658497 22.725131898806097
-76.5 22.98851338578578 22.723945900400615
-76.0 22.987563664940165 22.72274958139461
-75.5 22.98661825513382 22.72157433993125
-75.0 22.98567480994818 22.72039860542799
-74.5 22.98475039822918 22.7192210948563
-74.0 22.983825511273402 22.71804542706439
-73.5 22.98291865451773 22.716890196211118
-73.0 22.982007586920496 22.715729268586063
-72.5 22.981109470176996 22.7145753797446
-72.0 22.980210800489328 22.71342964785228
-71.5 22.979342875371813 22.71228175479697
-71.0 22.978472881471276 22.711138247441774
-70.5 22.977595284803147 22.710002521783686
-70.0 22.976748461905334 22.708869018503634
-69.5 22.97590263222386 22.70774534909373
-69.0 22.97505565074813 22.706624011635338
-68.5 22.974228443911944 22.705512222772843
-68.0 22.973404332580394 22.704399085517423
