FastTrWP/PhaseSpace/IAs/snIa_0.67_30.00_0.46_0.11.csv
# %ECSV 0.9
# ---
# datatype:
# - {name: time-rel, datatype: float64}
# - {name: g, datatype: float64}
# - {name: i, datatype: float64}
# schema: astropy-2.0
time-rel g i
126.29166666666667 26.996961915447407 24.372143012681185
126.79166666666667 26.987700618908868 24.365623954307765
127.29166666666667 26.97848541305403 24.35914096114353
127.79166666666667 26.969295283173334 24.352648752411902
128.29166666666666 26.960229783843126 24.346232528948452
128.79166666666666 26.951142863578234 24.339788247231247
129.29166666666666 26.94212255503105 24.33339305459271
129.79166666666666 26.93324646011767 24.32702525068532
130.29166666666666 26.924355148543665 24.32068545613248
130.79166666666666 26.915506910373313 24.31436696814599
131.29166666666666 26.90672136122615 24.308078669778375
131.79166666666666 26.897983508906545 24.30180135748393
132.29166666666666 26.889303732972 24.29556480947192
132.79166666666666 26.88065315078822 24.2893593241798
133.29166666666666 26.872051638077878 24.283156248210915
133.79166666666666 26.863516492670886 24.276985314218116
134.29166666666666 26.855055161260893 24.27085548100188
134.79166666666666 26.846552696883506 24.264705086327854
135.29166666666666 26.838141054534756 24.258578537899137
135.79166666666666 26.829710970470604 24.252468003891316
136.29166666666666 26.821386802049695 24.246372179259367
136.79166666666666 26.813027833723886 24.240280727759718
137.29166666666666 26.804769586032343 24.234227614103006
137.79166666666666 26.796440001203653 24.228166772886812
138.29166666666666 26.78820785314732 24.222150511742406
138.79166666666666 26.779998477901522 24.2161209711573
139.29166666666666 26.771916008656067 24.21011592238049
139.79166666666666 26.7637597183002 24.204131895461103
140.29166666666666 26.755596390630693 24.198158637379024
140.79166666666666 26.747615671998986 24.192198204239254
141.29166666666666 26.739571629879922 24.186262378688753
141.79166666666666 26.73155995112658 24.18034657287628
142.29166666666666 26.723599560216506 24.17442739380546
142.79166666666666 26.715693559898167 24.168531503603816
143.29166666666666 26.707818229520214 24.162653502651494
143.79166666666666 26.699924079716805 24.156799523123247
144.29166666666666 26.69213494249329 24.150959040721155
144.79166666666666 26.68431137116755 24.14513529781127
145.29166666666666 26.67655453036499 24.139321283319028
145.79166666666666 26.66883803890407 24.13354445339563
146.29166666666666 26.66113187433964 24.127764354229907
146.79166666666666 26.65345164125717 24.12201699059901
147.29166666666666 26.645802310316217 24.11626632793052
147.79166666666666 26.63821651504194 24.110558970561993
148.29166666666666 26.6306568257871 24.10486737575362
148.79166666666666 26.62313093705243 24.099170707316098
149.29166666666666 26.61557977139792 24.09350583003212
149.79166666666666 26.608150672086246 24.087856808282822
150.29166666666666 26.600657993929914 24.082235648284268
150.79166666666666 26.593267195018694 24.07661016994984
151.29166666666666 26.58588380456143 24.071032298489357
151.79166666666666 26.578501117188207 24.06546058620277
152.29166666666666 26.571232939894657 24.059897184548372
152.79166666666666 26.56393422997242 24.05435203805696
153.29166666666666 26.556687426995186 24.04885113851224
153.79166666666666 26.549505885760105 24.043351184182377
154.29166666666666 26.542250162468378 24.037858432615884
154.79166666666666 26.535090557801695 24.03240528497114
155.29166666666666 26.52793580846818 24.026973600783652
155.79166666666666 26.520862440006198 24.021535087231346
156.29166666666666 26.513798600753695 24.016125556519352
156.79166666666666 26.506766537812755 24.010751528894602
157.29166666666666 26.49977405232991 24.005387914898066
157.79166666666666 26.49275880328275 24.000038504528124
158.29166666666666 26.48577293631906 23.99471349179905
158.79166666666666 26.47889869810929 23.9894004324116
159.29166666666666 26.471988413290756 23.98411093845354
159.79166666666666 26.465105202066436 23.978854457956984
160.29166666666666 26.458286555478235 23.973598959310895
160.79166666666666 26.451480116507152 23.968375006794275
161.29166666666666 26.444706722421927 23.96315131663836
161.79166666666666 26.438015399756335 23.957959759708046
162.29166666666666 26.431279882548786 23.952794507679126
162.79166666666666 26.424523041309357 23.947633375924703
163.29166666666666 26.41790276957404 23.942506734064853
163.79166666666666 26.411298769207296 23.937388689819493
164.29166666666666 26.404684227796047 23.93229563675085
164.79166666666666 26.39810696663179 23.927228953067704
165.29166666666666 26.39159272790105 23.922175702757727
165.79166666666666 26.385080322028532 23.91714081156685
166.29166666666666 26.37856085084319 23.91211557200295
166.79166666666666 26.372113410956896 23.907121527756946
167.29166666666666 26.36565856405614 23.902146255632747
167.79166666666666 26.359274232742173 23.897198243310513
168.29166666666666 26.352861993819403 23.892255668677915
168.79166666666663 26.34652569629376 23.887334898457354
169.29166666666666 26.340199058790027 23.88245018239033
169.79166666666666 26.333918354359657 23.877574898990336
170.29166666666663 26.327667729449228 23.872705916291658
170.79166666666666 26.321396216260986 23.867873545471255
171.29166666666666 26.315225727871447 23.86306206165306
171.79166666666663 26.30900741047704 23.858259551748418
172.29166666666666 26.302843495200264 23.853490074175745
172.79166666666666 26.296689094829215 23.848734269316935
173.29166666666663 26.290612788434643 23.843989239254988
173.79166666666666 26.284544728184088 23.839270394869196
174.29166666666666 26.278459354844294 23.834578274570895
174.79166666666663 26.27240047312654 23.829890763284997
175.29166666666666 26.266409440153865 23.825206386198655
175.79166666666666 26.260387857185957 23.820535036418747
176.29166666666663 26.25441547417713 23.81588380366713
176.79166666666666 26.248474910749906 23.81123768435608
177.29166666666666 26.242506946783326 23.80659975094344
177.79166666666663 26.236584741548384 23.80198929749932
178.29166666666666 26.230714825381092 23.79737771220231
178.79166666666666 26.224815073432683 23.792776069188236
179.29166666666663 26.2189741323107 23.788199983108367
179.79166666666666 26.213137422443175 23.783616537807802
180.29166666666666 26.20730408065636 23.779064160847184
180.79166666666663 26.201469925235827 23.77451068178042
181.29166666666666 26.195721665110568 23.769982369185755
181.79166666666666 26.189960311406754 23.76545911337675
182.29166666666663 26.18419618294857 23.760934070686726
182.79166666666666 26.178471669165297 23.756446433461463
183.29166666666666 26.17277817008177 23.751970367729314
183.79166666666663 26.167067476113854 23.747481485419456
184.29166666666666 26.161417751830243 23.743031545100468
184.79166666666666 26.15575845622554 23.738585158958827
185.29166666666663 26.150107965791808 23.734148466338777
185.79166666666666 26.144478382436873 23.729730341569322
186.29166666666666 26.138914702677518 23.72532133533166
186.79166666666663 26.133350372565133 23.720910213913257
187.29166666666666 26.127756484940598 23.716529925628524
187.79166666666666 26.122229438242243 23.712170165321535
188.29166666666663 26.116722757902583 23.707808260927436
188.79166666666666 26.111233264810902 23.70345904215096
189.29166666666666 26.10574417289637 23.69913704355028
189.79166666666663 26.100277706061043 23.694828045537697
190.29166666666666 26.094802104483744 23.69052721048498
190.79166666666666 26.08938721835105 23.686221475464503
191.29166666666663 26.083960765805294 23.68195637392414
191.79166666666666 26.07860800076235 23.677679729327224
192.29166666666666 26.07320370723892 23.673446177906612
192.79166666666663 26.067865858550306 23.66919766435878
193.29166666666666 26.062482806926617 23.66498149927954
193.79166666666666 26.057189255868316 23.660759229261146
194.29166666666663 26.051898127994676 23.656568731025963
194.79166666666666 26.04659830536872 23.652388590308682
195.29166666666666 26.04132836500266 23.648216704304154
195.79166666666663 26.03606550565283 23.6440699672512
196.29166666666666 26.030819434196832 23.639931258054144
196.79166666666666 26.025575720913395 23.63579245045397
197.29166666666663 26.02041225055938 23.63168076839125
197.79166666666666 26.0152468311394 23.627569312988594
198.29166666666666 26.010068847666314 23.62351259508793
198.79166666666663 26.004899664846782 23.619420488033967
199.29166666666666 25.999804095811896 23.61537288465155
199.79166666666666 25.994655131620338 23.61132678360738
200.29166666666663 25.989547564054813 23.607297259977408
200.79166666666666 25.984480992856575 23.603284973307105
201.29166666666666 25.97943932594404 23.599282300381606
201.79166666666663 25.974346700321135 23.59530116566338
202.29166666666666 25.969340333532077 23.59131314966506
202.79166666666666 25.964326068708317 23.587348040325065
203.29166666666663 25.95929680358315 23.583415436267522
203.79166666666666 25.954338751676985 23.57947380080517
204.29166666666666 25.949328343065318 23.575560488646587
204.79166666666663 25.944389336401482 23.57165122231641
205.29166666666666 25.939475670638817 23.567756645491368
205.79166666666666 25.93455296877961 23.563885999181892
206.29166666666663 25.929681102018407 23.560029638903707
206.79166666666666 25.92476870088497 23.55617889337738
207.29166666666666 25.919928810252838 23.552335668408922
207.79166666666663 25.915044472257684 23.548523061420973
208.29166666666666 25.910191828614902 23.544722408074108
208.79166666666666 25.90536990738251 23.540924732972222
209.29166666666663 25.900565277189216 23.53716176589473
209.79166666666666 25.89578834233706 23.533384206894628
210.29166666666666 25.891019343688665 23.52964837628908
210.79166666666663 25.8862282727589 23.525902513312722
211.29166666666666 25.881526461213916 23.522185040228585
211.79166666666666 25.876799131261524 23.518482729418814
212.29166666666663 25.872065582127387 23.51478846497315
212.79166666666666 25.86736316417989 23.511114439466706
213.29166666666666 25.86267404366771 23.507449112032987
213.79166666666663 25.858036443242483 23.5038150692237
214.29166666666666 25.85336248468383 23.500176075529318
214.79166666666666 25.848735010592296 23.496549555979783
215.29166666666663 25.84412997084444 23.492943332462602
215.79166666666666 25.839497683138962 23.489342521920122
216.29166666666666 25.83488343304097 23.485760901277295
216.79166666666663 25.830317252655295 23.482190595365932
217.29166666666666 25.82575973461494 23.478620459184228
217.79166666666666 25.821227976406774 23.475067827373458
218.29166666666663 25.816654336461955 23.47153036231451
218.79166666666666 25.812103729157446 23.46800170964918
219.29166666666666 25.807634006432295 23.464476122833766
219.79166666666663 25.80314112181034 23.46097782481202
220.29166666666666 25.798609092612015 23.4574688592441
220.79166666666666 25.79414738746103 23.453992505783813
221.29166666666663 25.789700391348653 23.45052560323306
221.79166666666666 25.78525129636292 23.447052384854494
222.29166666666666 25.780785592683102 23.44360978604052
222.79166666666663 25.776363825606484 23.440165503903142
223.29166666666666 25.771944356719807 23.436731612671352
223.79166666666666 25.76758092909964 23.43330353649513
224.29166666666663 25.763190693771243 23.429895275214285
224.79166666666666 25.75878876382143 23.42649493155108
225.29166666666666 25.75444929985061 23.42310573040526
225.79166666666663 25.75009182049333 23.4197147229596
226.29166666666666 25.745732297059636 23.416355365832324
226.79166666666666 25.741405610821054 23.41298720752279
227.29166666666663 25.737120500453727 23.409641715267092
227.79166666666666 25.732782470448257 23.406297207123874
228.29166666666666 25.72851231495283 23.402965212764208
228.79166666666663 25.7242172095778 23.399638431033818
229.29166666666666 25.719954999180263 23.39632175464715
229.79166666666666 25.715680667834086 23.393022567601378
230.29166666666663 25.711447742009234 23.389718247918797
230.79166666666666 25.707231264917432 23.386449942647182
231.29166666666666 25.70299054637151 23.383161804898318
231.79166666666663 25.698736396755706 23.379888123809152
232.29166666666666 25.694580365918796 23.376632981324317
232.79166666666666 25.690371703211273 23.373372881294276
233.29166666666666 25.68621585002166 23.370142486757924
233.79166666666666 25.682000136266097 23.366903900745687
234.29166666666666 25.677832463470605 23.36367367558313
234.79166666666666 25.673725273206813 23.36045443226744
235.29166666666666 25.66956601699698 23.3572602424586
235.79166666666666 25.665413143731048 23.35404763669264
236.29166666666666 25.661295394679016 23.35085868512664
236.79166666666666 25.65717584600066 23.347672268359496
237.29166666666666 25.65309877865298 23.34450463409789
237.79166666666666 25.648999767628347 23.341341673136288
238.29166666666666 25.644914587277526 23.338181850147603
238.79166666666666 25.640818393740208 23.335027177478725
239.29166666666666 25.63678657328653 23.331888939107095
239.79166666666666 25.63271680409086 23.32874633051639
240.29166666666666 25.628652021693362 23.325610689766407
240.79166666666666 25.624650605198692 23.322496162303253
241.29166666666666 25.620613854283224 23.31938833522923
241.79166666666666 25.616601271581324 23.316284704806712
242.29166666666666 25.61258570022925 23.313179725361906
242.79166666666666 25.608578361708204 23.310089583895156
243.29166666666666 25.604614818036318 23.30700248096297
243.79166666666666 25.60062385361863 23.303934029573025
244.29166666666666 25.596680423654746 23.300859906270404
244.79166666666666 25.592725449845354 23.29780667059978
245.29166666666666 25.588752560768484 23.29474378229722
245.79166666666666 25.584825943367004 23.291703091804354
246.29166666666666 25.580875092200813 23.288656994545786
246.79166666666666 25.576933191631706 23.285634749705935
247.29166666666666 25.573045127070102 23.28261457649178
247.79166666666666 25.569111263987768 23.279583925009675
248.29166666666666 25.565203684827175 23.27656946501343
248.79166666666666 25.561321438942223 23.273565053038098
249.29166666666666 25.557447230019843 23.270574389888562
249.79166666666666 25.55356231301186 23.26757013567169
250.29166666666666 25.54968300648108 23.264595353203738
250.79166666666666 25.545833418047977 23.261600724326918
251.29166666666666 25.541978140025556 23.258629743259377
251.79166666666666 25.53813442740126 23.255666654744502
252.29166666666666 25.53430007100179 23.252702527196746
252.79166666666666 25.53045699336588 23.24975321918229
253.29166666666666 25.526641277213415 23.246799049691944
253.79166666666666 25.522831364390303 23.243856116747956
254.29166666666666 25.519047558382276 23.240922292615256
254.79166666666666 25.515220537180653 23.238000356945857
255.29166666666666 25.511475500535987 23.235078476239572
255.79166666666666 25.50765906400139 23.23215722688574
256.2916666666667 25.50390747685838 23.22925749872941
256.7916666666667 25.50012988362997 23.226352022955385
257.2916666666667 25.49638966259195 23.22344361127827
257.7916666666667 25.492661526086376 23.22057285036768
258.2916666666667 25.488917019292238 23.21768331776486
258.7916666666667 25.485175595375114 23.21481423824995
259.2916666666667 25.48148490038599 23.2119519483024
259.7916666666667 25.47775294363229 23.209090642826485
260.2916666666667 25.47404695685944 23.206230389706825
260.7916666666667 25.47036678336623 23.203377883445498
261.2916666666667 25.466674843261856 23.200545286648584
261.7916666666667 25.46299974111069 23.19771985258072
262.2916666666667 25.45934351883759 23.194889829366062
262.7916666666667 25.455674474597547 23.192064402444956
263.2916666666667 25.45200684377913 23.189245503499947
263.7916666666667 25.448389036836456 23.186441382923114
264.2916666666667 25.44471548954271 23.183643929744598
264.7916666666667 25.44110064412591 23.180851365666626
265.2916666666667 25.43746826269289 23.178057743153868
265.7916666666667 25.433870324534617 23.1752723896615
266.2916666666667 25.430270359190388 23.17250029785967
266.7916666666667 25.426646039051498 23.169727451536872
267.2916666666667 25.42304931924111 23.166963257311632
267.7916666666667 25.419472256387877 23.164200170258283
