FastTrWP/PhaseSpace/IAs/snIa_0.64_30.00_-0.19_0.25.csv
# %ECSV 0.9
# ---
# datatype:
# - {name: time-rel, datatype: float64}
# - {name: g, datatype: float64}
# - {name: i, datatype: float64}
# schema: astropy-2.0
time-rel g i
[from data line 2018]
1193.6458333333333 26.779500890743666 22.83577715228016
1194.1458333333333 26.78132774393333 22.83700612239067
1194.6458333333333 26.783158792448923 22.838231820336176
1195.1458333333333 26.784967526364373 22.839461176075844
1195.6458333333333 26.786804003692424 22.840686244615146
1196.1458333333333 26.788604521619828 22.84190505011594
1196.6458333333333 26.790429241799472 22.843137573139902
1197.1458333333333 26.792256219839864 22.84437284992172
1197.6458333333333 26.79412811747798 22.845593283256868
1198.1458333333333 26.795893319118548 22.846822797906555
1198.6458333333333 26.79772789867733 22.84804226217524
1199.1458333333333 26.799523444103386 22.849275339782665
1199.6458333333333 26.8013143036826 22.85050663006199
1200.1458333333333 26.803128635828664 22.851729430071707
1200.6458333333333 26.804955194072516 22.85296620480988
1201.1458333333333 26.806761712351317 22.85419001161442
1201.6458333333333 26.808540892217145 22.85542567228944
1202.1458333333333 26.810362366646107 22.856656675434273
1202.6458333333333 26.812129709448172 22.857887966744027
1203.1458333333333 26.81396012718408 22.859116090954814
1203.6458333333333 26.81571447243595 22.860349718949188
1204.1458333333333 26.81748507039653 22.861571073735902
1204.6458333333333 26.819255978562527 22.86280100915493
1205.1458333333333 26.82104566824238 22.864037678755743
1205.6458333333333 26.822861464642912 22.86526793273714
1206.1458333333333 26.824632069750223 22.86650109252504
1206.6458333333333 26.826415153441758 22.86772811358706
1207.1458333333333 26.828222194418643 22.868946180826626
1207.6458333333333 26.829894973756506 22.870174381349486
1208.1458333333333 26.831663214565307 22.871410322114187
1208.6458333333333 26.833427248211763 22.872629261469175
1209.1458333333333 26.835210371226076 22.87386500988422
1209.6458333333333 26.836955271299956 22.8750880116361
1210.1458333333333 26.83871548510327 22.87631913464301
1210.6458333333333 26.840445012463853 22.877553995024872
1211.1458333333333 26.842199343211632 22.87878103314754
1211.6458333333333 26.843968289163005 22.880016198699398
1212.1458333333333 26.84570401998878 22.881244275286036
1212.6458333333333 26.847451737178496 22.88247859401299
1213.1458333333333 26.84915083288216 22.883703175471748
1213.6458333333333 26.850869177592468 22.884944083831176
1214.1458333333333 26.85266074379621 22.88617796358446
1214.6458333333333 26.85436229965176 22.887415959446948
1215.1458333333333 26.856107628394348 22.888646589546205
1215.6458333333333 26.85784577468603 22.88987699185839
1216.1458333333333 26.85958307625816 22.89111909427107
1216.6458333333333 26.86129112859 22.8923523403531
1217.1458333333333 26.863012316275416 22.89358831644553
1217.6458333333333 26.864775691210426 22.894828203153036
1218.1458333333333 26.866451006224242 22.896063848026884
1218.6458333333333 26.868167695366477 22.897308178050775
1219.1458333333333 26.869908424628047 22.89854487949541
1219.6458333333333 26.871587782748726 22.899781905670146
1220.1458333333333 26.87330163977886 22.901023959297355
1220.6458333333333 26.875018929128434 22.90227296768148
1221.1458333333333 26.876788929810917 22.903507431203312
1221.6458333333333 26.87846380507449 22.904757176946976
1222.1458333333333 26.880169700422584 22.905994805416046
1222.6458333333333 26.881794569941228 22.90723362779491
1223.1458333333333 26.883546719365036 22.908470922134573
1223.6458333333333 26.885217878941003 22.9097247118876
1224.1458333333333 26.88686936405773 22.91097281424092
1224.6458333333333 26.888588005872137 22.91220138748367
1225.1458333333333 26.8902465406768 22.91345107158847
1225.6458333333333 26.891906649169112 22.91470523195814
1226.1458333333333 26.89358780155963 22.915947958169454
1226.6458333333333 26.89528217896514 22.917192355245483
1227.1458333333333 26.896950570290592 22.918441071651905
1227.6458333333333 26.898580543970837 22.91969222807934
1228.1458333333333 26.90027728851514 22.920930691160166
1228.6458333333333 26.901940107996015 22.922184217013687
1229.1458333333333 26.903600367019816 22.923431869977136
1229.6458333333333 26.90527825750848 22.924677502924112
1230.1458333333333 26.906921676463003 22.925930094954307
1230.6458333333333 26.908560765132812 22.927175741814338
1231.1458333333333 26.91020556102014 22.928421721568533
1231.6458333333333 26.91183380330044 22.92967628068249
1232.1458333333333 26.913487876508707 22.93092467099377
1232.6458333333333 26.915133162601844 22.93217132924144
1233.1458333333333 26.916755461921753 22.933428016599116
1233.6458333333333 26.918398478986596 22.934673789294635
1234.1458333333333 26.92002634893573 22.93593785202419
1234.6458333333333 26.921667953604267 22.93718062470009
1235.1458333333333 26.92324324121017 22.938429491992505
1235.6458333333333 26.924860023720328 22.9396811483166
1236.1458333333333 26.926510942623803 22.940939467214815
1236.6458333333333 26.928095402014065 22.94218874060848
1237.1458333333333 26.92968781231054 22.94344370221173
1237.6458333333333 26.93128803396146 22.944702058123703
1238.1458333333333 26.93289633896837 22.945947491615403
1238.6458333333333 26.93446569215672 22.947199793044298
1239.1458333333333 26.936103606557683 22.948461566550563
1239.6458333333333 26.9376297273713 22.94971363449974
1240.1458333333333 26.939234579612705 22.950972764036823
1240.6458333333333 26.94082365135156 22.95222485196589
1241.1458333333333 26.94241773024683 22.95347262479176
1241.6458333333333 26.943976076160354 22.954733213065815
1242.1458333333333 26.945551234695905 22.955984441200208
1242.6458333333333 26.94706571981087 22.957241917084147
1243.1458333333333 26.94861549615874 22.958495751921213
1243.6458333333333 26.95020996880185 22.959745456148802
1244.1458333333333 26.951682555757483 22.961011199379364
1244.6458333333333 26.95325375390659 22.962264364589892
1245.1458333333333 26.954832894988098 22.96351703642427
1245.6458333333333 26.956326854170914 22.964773070874237
1246.1458333333333 26.957862784644966 22.966028675188348
1246.6458333333333 26.959418193059847 22.967282790671174
1247.1458333333333 26.960906968477644 22.96854423041164
1247.6458333333333 26.962458131209218 22.969794829006425
1248.1458333333333 26.963928104808943 22.971059658477188
1248.6458333333333 26.96548360433645 22.972307287860176
1249.1458333333333 26.966879491706255 22.973572249062848
1249.6458333333333 26.968440359613517 22.97483448164586
1250.1458333333333 26.969948464423688 22.976081194039907
1250.6458333333333 26.971424283663346 22.977334024143353
1251.1458333333333 26.97292999855888 22.978596502294053
1251.6458333333333 26.974374430028504 22.979851122353722
1252.1458333333333 26.975886613956863 22.981119552459774
1252.6458333333333 26.9773833386267 22.982370445816773
1253.1458333333333 26.978855818420545 22.98362887252265
1253.6458333333333 26.980306705517666 22.984896330756357
1254.1458333333333 26.981801962591845 22.98616477517044
1254.6458333333333 26.983218541138857 22.987413140425584
1255.1458333333333 26.984653695021898 22.988672507092247
1255.6458333333333 26.986124657143723 22.989932176374424
1256.1458333333333 26.98757244771312 22.99119522595541
1256.6458333333333 26.988986278678325 22.99245276550295
1257.1458333333333 26.99043825820189 22.993716372950264
1257.6458333333333 26.991903675491336 22.994973159750593
1258.1458333333333 26.993335783208174 22.99623991327113
1258.6458333333333 26.994781472172388 22.997495585246885
1259.1458333333333 26.996144634194255 22.998765139504776
1259.6458333333333 26.99758931658885 23.000030786211223
1260.1458333333333 26.998976995231942 23.001290139793138
