FastTrWP/PhaseSpace/IAs/snIa_0.35_30.00_1.07_0.16.csv
# %ECSV 0.9
# ---
# datatype:
# - {name: time-rel, datatype: float64}
# - {name: g, datatype: float64}
# - {name: i, datatype: float64}
# schema: astropy-2.0
time-rel g i
[from data line 2018]
1178.5416666666667 24.368343508977006 22.84011218417989
1179.0416666666667 24.370328841175848 22.84086316172989
1179.5416666666667 24.3722896924972 22.841617837635297
1180.0416666666667 24.374276826053478 22.842369466364683
1180.5416666666667 24.376252616612753 22.843102322079268
1181.0416666666667 24.378227399550404 22.84385569623823
1181.5416666666667 24.38019183473214 22.844611199526895
1182.0416666666667 24.382172320239142 22.845339528612648
1182.5416666666667 24.384139184090117 22.846085051596226
1183.0416666666667 24.386114846071848 22.846821612916465
1183.5416666666667 24.38808839132136 22.847558202190914
1184.0416666666667 24.3900548353918 22.84830099924182
1184.5416666666667 24.392049878820984 22.8490297406471
1185.0416666666667 24.39401066199909 22.849762077933285
1185.5416666666667 24.395963967291586 22.850492696229455
1186.0416666666667 24.397931807410384 22.8512255920093
1186.5416666666667 24.399916795019493 22.85194576916362
1187.0416666666667 24.401868902573387 22.852670337870826
1187.5416666666667 24.403830261211354 22.853391393007215
1188.0416666666667 24.40581131872811 22.854112168086914
1188.5416666666667 24.40775889329865 22.854824246276735
1189.0416666666667 24.409719095515882 22.85554822819458
1189.5416666666667 24.411683027452526 22.85626236651685
1190.0416666666667 24.413640286991235 22.85697499498891
1190.5416666666667 24.415603713198312 22.857686741648852
1191.0416666666667 24.41756025272438 22.858391787754147
1191.5416666666667 24.419532085263974 22.859098560874397
1192.0416666666667 24.42149496867929 22.85980100187677
1192.5416666666667 24.423443214607843 22.86050449348931
1193.0416666666667 24.425413472061454 22.86120760557498
1193.5416666666667 24.42734977100862 22.86190162523941
1194.0416666666667 24.429305492542387 22.862595837897928
1194.5416666666667 24.431251616273812 22.863291341728946
1195.0416666666667 24.433201092412702 22.863982147258707
1195.5416666666667 24.43514881226177 22.86467285416295
1196.0416666666667 24.437091148077222 22.86535366294242
1196.5416666666667 24.439046635400278 22.866046856490318
1197.0416666666667 24.440992826900555 22.86672640505305
1197.5416666666667 24.442943235318886 22.867400248392148
1198.0416666666667 24.444874722555365 22.868086852814283
1198.5416666666667 24.44681557628089 22.868760742159033
1199.0416666666667 24.448758583005738 22.869422065044986
1199.5416666666667 24.450698566423746 22.870106645069765
1200.0416666666667 24.452638829083103 22.87076893415516
1200.5416666666667 24.454575552930926 22.87143689162817
1201.0416666666667 24.456490342392144 22.872101868239145
1201.5416666666667 24.458435764401646 22.872759491974648
1202.0416666666667 24.460372420361075 22.873419022920718
1202.5416666666667 24.46227695148268 22.87407967335328
1203.0416666666667 24.46421961007551 22.874726029795834
1203.5416666666667 24.466140947008483 22.875383410205114
1204.0416666666667 24.46805711619461 22.87603044645598
1204.5416666666667 24.46997780158451 22.87667373032919
1205.0416666666667 24.471897242383207 22.877322231694528
1205.5416666666667 24.47381914938152 22.877949946176525
1206.0416666666667 24.475740977803596 22.878594290798226
1206.5416666666667 24.477625946223633 22.87924227787427
1207.0416666666667 24.479553948282273 22.879867088779534
1207.5416666666667 24.481460826010462 22.880498894461528
1208.0416666666667 24.48336480853985 22.881129380809444
1208.5416666666667 24.48524545905949 22.88176249262779
1209.0416666666667 24.487177418923054 22.88238084430374
1209.5416666666667 24.489072871253413 22.883004225946056
1210.0416666666667 24.490947039200925 22.883621093247154
1210.5416666666667 24.49285970575966 22.88424281567621
1211.0416666666667 24.494736683990517 22.88485737534213
1211.5416666666667 24.49662409612946 22.885464112551567
1212.0416666666667 24.498510507489218 22.886060867466224
1212.5416666666667 24.50039428164238 22.886673964979188
1213.0416666666667 24.502291114292003 22.88727876799749
1213.5416666666667 24.504171314349787 22.887873856632737
1214.0416666666667 24.506030124939883 22.888468395780688
1214.5416666666667 24.507911063393433 22.889066487098336
1215.0416666666667 24.50977144511939 22.889649292598072
1215.5416666666667 24.511643090900847 22.890246115857575
1216.0416666666667 24.513489674410142 22.890821306347966
1216.5416666666667 24.515329038119077 22.891399322197902
1217.0416666666667 24.517211532770062 22.891973177900255
1217.5416666666667 24.51905132178601 22.89253005269661
1218.0416666666667 24.520899442161852 22.89310112823602
1218.5416666666667 24.522732528762138 22.893658643749642
1219.0416666666667 24.524555784953726 22.89422389659457
1219.5416666666667 24.526389405708944 22.894772734838646
1220.0416666666667 24.528210036100752 22.895324616128107
1220.5416666666667 24.530030046271015 22.89587513398903
1221.0416666666667 24.531840691091542 22.896419820712318
1221.5416666666667 24.53366595171914 22.89695980519905
1222.0416666666667 24.53547851371756 22.897501396037466
1222.5416666666667 24.537300954199168 22.898034469995828
1223.0416666666667 24.539119307344475 22.89855824134472
1223.5416666666667 24.540912892337133 22.899094766455626
1224.0416666666667 24.542709823522518 22.899623034780614
1224.5416666666667 24.54450793514553 22.900147181329167
1225.0416666666667 24.546294372345365 22.90066291653144
1225.5416666666667 24.548102075068023 22.901192571889947
1226.0416666666667 24.549889947462695 22.901704185192784
1226.5416666666667 24.551670634331675 22.902221318896157
1227.0416666666667 24.55345140758132 22.90272239749966
1227.5416666666667 24.555261111648 22.9032382692429
1228.0416666666667 24.557033482827265 22.90373814900578
1228.5416666666667 24.55881697300175 22.904256701850322
1229.0416666666667 24.560589385979537 22.90474852478752
1229.5416666666667 24.562367326915776 22.905262265010087
1230.0416666666667 24.56414761457111 22.905751854579172
1230.5416666666667 24.56590806311777 22.9062521373155
1231.0416666666667 24.56768463077573 22.906744345997375
1231.5416666666667 24.569455296713034 22.90724311782085
1232.0416666666667 24.571208335679845 22.90773244664217
1232.5416666666667 24.57299169744619 22.90821104304449
1233.0416666666667 24.574753428840808 22.908709308669344
1233.5416666666667 24.57650407452406 22.909190135505515
1234.0416666666667 24.578296030055004 22.909676935029157
1234.5416666666667 24.58003520972239 22.91015879636482
1235.0416666666667 24.58179998625336 22.910650409119206
1235.5416666666667 24.58355962455272 22.911129137158554
1236.0416666666667 24.58531494583624 22.91161861016558
1236.5416666666667 24.587078309330295 22.9120963027445
1237.0416666666667 24.588840491927062 22.91257192878771
1237.5416666666667 24.59060326951963 22.913052821757645
1238.0416666666667 24.5923527286951 22.913534975719003
1238.5416666666667 24.59410254016624 22.914002331974427
1239.0416666666667 24.59587145575842 22.914486603839073
1239.5416666666667 24.59762663776668 22.914965133150872
1240.0416666666667 24.599396475842923 22.9154423563711
1240.5416666666667 24.601149387043463 22.915924349622866
1241.0416666666667 24.60291428695429 22.91639555803874
1241.5416666666667 24.60466701443591 22.916869879102467
1242.0416666666667 24.606443208697076 22.917344680960888
1242.5416666666667 24.608188518283264 22.91782930420539
1243.0416666666667 24.609964502138595 22.918293685999565
1243.5416666666667 24.61171882465709 22.918775723514884
1244.0416666666667 24.61349385437085 22.919251921902504
1244.5416666666667 24.615261865510526 22.91973643843435
1245.0416666666667 24.617014213281646 22.92021553511111
1245.5416666666667 24.61880162120991 22.92068627728769
1246.0416666666667 24.62057845645854 22.921169196092887
1246.5416666666667 24.622338240901442 22.921645947310708
1247.0416666666667 24.624103219228495 22.92211698023796
1247.5416666666667 24.6258864816828 22.922596993153515
1248.0416666666667 24.62765423009894 22.923063288826743
1248.5416666666667 24.629422013226066 22.92353417722472
1249.0416666666667 24.631169596831803 22.92401122313818
1249.5416666666667 24.63294346701965 22.924472728345087
1250.0416666666667 24.634692022527098 22.924942796803933
1250.5416666666667 24.636465032539245 22.92540693581188
1251.0416666666667 24.638198236536493 22.925862635776028
1251.5416666666667 24.639968579091956 22.92632780436858
1252.0416666666667 24.641715166846065 22.92679352426314
1252.5416666666667 24.643436543887212 22.927243333499124
1253.0416666666667 24.645195856753965 22.927692566180824
1253.5416666666667 24.646967558119183 22.928155301299007
1254.0416666666667 24.648717560377435 22.92860059156991
1254.5416666666667 24.65043444037829 22.929052512703514
1255.0416666666667 24.652202157364194 22.929505544764904
1255.5416666666667 24.653941021428807 22.929956250184368
1256.0416666666667 24.655695633344248 22.930401505137255
1256.5416666666667 24.65742189254442 22.930848672539078
1257.0416666666667 24.65916876396112 22.93128637759873
1257.5416666666667 24.660880271917375 22.931736709366604
1258.0416666666667 24.662632991866502 22.93217284635545
1258.5416666666667 24.664366270754 22.93261072863649
1259.0416666666667 24.666102406974883 22.933064986937342
1259.5416666666667 24.667849132505857 22.933494987429576
1260.0416666666667 24.669588597355002 22.933944403795966
1260.5416666666667 24.671298638479865 22.934382197941765
1261.0416666666667 24.673049763053218 22.934815265627776
1261.5416666666667 24.674774519328185 22.93525179061131
1262.0416666666667 24.676524270097588 22.935688201884844
1262.5416666666667 24.678233551859346 22.936120796078626
1263.0416666666667 24.679985880116647 22.9365655612747
1263.5416666666667 24.681723546587804 22.936989440832907
1264.0416666666667 24.683456439656617 22.93743486559063
1264.5416666666667 24.685180108805977 22.937862098251397
1265.0416666666667 24.686921544261338 22.9383040478058
1265.5416666666667 24.68865392974273 22.9387316561785
1266.0416666666667 24.69038099358707 22.939175375675013
1266.5416666666667 24.692111130880505 22.939608144498777
1267.0416666666667 24.693847030933394 22.94004105965606
1267.5416666666667 24.695562606557612 22.94047542871537
1268.0416666666667 24.697311095001663 22.940899326736552
1268.5416666666667 24.69904003833389 22.941334894286634
1269.0416666666667 24.700782928940637 22.94176724411845
1269.5416666666667 24.702520516121893 22.942200673309337
1270.0416666666667 24.70426169234935 22.942645912711413
1270.5416666666667 24.70599914758313 22.94307994252168
1271.0416666666667 24.707734037636403 22.943519079442215
1271.5416666666667 24.709494360835848 22.9439504518583
1272.0416666666667 24.71122502173288 22.94438075203045
1272.5416666666667 24.71297914485008 22.94481497511753
1273.0416666666667 24.714711997068367 22.945257974615828
1273.5416666666667 24.716468025116214 22.94569019835302
1274.0416666666667 24.718201997538607 22.946135698610387
1274.5416666666667 24.719957983058258 22.94657442155829
1275.0416666666667 24.721700164471315 22.94701240618744
1275.5416666666667 24.72346379588011 22.94745660418964
1276.0416666666667 24.725221692676413 22.947899102856873
1276.5416666666667 24.726960868462754 22.948336176248333
1277.0416666666667 24.728742736234967 22.948788844464758
1277.5416666666667 24.73048531211951 22.949222425455513
1278.0416666666667 24.732265238038714 22.94967487556519
1278.5416666666667 24.734023206989782 22.950127869603783
1279.0416666666667 24.73580703616175 22.950573888130084
1279.5416666666667 24.73756439120089 22.95102023790834
1280.0416666666667 24.739336264468257 22.9514755523096
1280.5416666666667 24.741087921036392 22.951929780884917
1281.0416666666667 24.742897792639088 22.95236730857361
1281.5416666666667 24.74464061293187 22.952826472600453
1282.0416666666667 24.746434730467502 22.953267386583
1282.5416666666667 24.74820141297497 22.95372435992948
1283.0416666666667 24.749969067195824 22.954172594024595
1283.5416666666667 24.751757365447943 22.954624127567204
1284.0416666666667 24.753548470109656 22.955077302224357
1284.5416666666667 24.755303353281754 22.955529796069683
1285.0416666666667 24.75708187707419 22.95597063250385
1285.5416666666667 24.758873789101735 22.95642822604522
1286.0416666666667 24.76063597949748 22.95687714373681
1286.5416666666667 24.762449371091474 22.95733127369966
1287.0416666666667 24.764238520594837 22.95778563577816
1287.5416666666667 24.766011753787218 22.958234011639544
1288.0416666666667 24.76779811659903 22.958685688613876
1288.5416666666667 24.769557328650727 22.959140357706094
1289.0416666666667 24.771356787656256 22.959590981916072
1289.5416666666667 24.773153022427422 22.96004184834052
1290.0416666666667 24.774926253778695 22.960493582177172
1290.5416666666667 24.776709680420723 22.96095030415618
1291.0416666666667 24.778509239562418 22.961400509483582
1291.5416666666667 24.78029027506798 22.961854808790363
1292.0416666666667 24.7820804433316 22.962294929932995
1292.5416666666667 24.783878385114612 22.962758742233945
1293.0416666666667 24.785658141438823 22.963210693363266
1293.5416666666667 24.787456238145854 22.96366189636617
1294.0416666666667 24.7892673974536 22.96412715676404
1294.5416666666667 24.791053952155867 22.96456431989494
1295.0416666666667 24.79282893985716 22.965017043019998
1295.5416666666667 24.79463720378371 22.96547502028423
1296.0416666666667 24.7964404491737 22.96592852047219
1296.5416666666667 24.79822347565834 22.96638413045803
1297.0416666666667 24.800015404354987 22.966838733496363
1297.5416666666667 24.80179754994007 22.967292128224063
1298.0416666666667 24.80359480187442 22.967748157902214
1298.5416666666667 24.80539504356311 22.96819583903463
1299.0416666666667 24.80717312235828 22.968651075760064
1299.5416666666667 24.808974703817942 22.969103619557202
1300.0416666666667 24.8107749488481 22.969559590034926
1300.5416666666667 24.812578297056067 22.970015952627154
1301.0416666666667 24.814366470000966 22.97046797074917
1301.5416666666667 24.816164385025758 22.970924574795866
1302.0416666666667 24.817980166284674 22.97137784887795
1302.5416666666667 24.819789057878584 22.971834099652977
1303.0416666666667 24.821559786618856 22.9722807004344
1303.5416666666667 24.823348677749223 22.972742049180134
1304.0416666666667 24.825151728210074 22.973191428400067
1304.5416666666667 24.826942373951752 22.97364805076148
1305.0416666666667 24.82873356976569 22.974099639260565
1305.5416666666667 24.83055909352098 22.974548226730946
1306.0416666666667 24.832329936188767 22.975003657415503
1306.5416666666667 24.8341305112925 22.97546178501744
1307.0416666666667 24.83591560288975 22.975920050520784
1307.5416666666667 24.837740357689707 22.97636356966066
1308.0416666666667 24.839515668700045 22.976824359169207
1308.5416666666667 24.841323241781677 22.977283146198406
1309.0416666666667 24.843096298847854 22.977734680266387
1309.5416666666667 24.84489207516863 22.978179979655444
1310.0416666666667 24.84670774231107 22.978641103429716
1310.5416666666667 24.84849229116312 22.979086665955055
1311.0416666666667 24.85028128592714 22.97954365292202
1311.5416666666667 24.852094415804494 22.979998539337604
1312.0416666666667 24.853858609624204 22.980461961249276
1312.5416666666667 24.855671922363737 22.98091110064266
1313.0416666666667 24.857456986963676 22.981359814675585
1313.5416666666667 24.859259526909646 22.981810268984297
1314.0416666666667 24.861045244823366 22.982270624012394
1314.5416666666667 24.86285032960967 22.982717618023184
1315.0416666666667 24.86464976040114 22.983173547046924
1315.5416666666667 24.86644727598183 22.98363719753823
1316.0416666666667 24.868252668519936 22.984083297391955
1316.5416666666667 24.87001970516407 22.984535611778497
1317.0416666666667 24.871844970849082 22.984994415535006
1317.5416666666667 24.873634381320237 22.985445152566992
1318.0416666666667 24.875423065290732 22.985901219477455
1318.5416666666667 24.877248436660345 22.986357633636256
1319.0416666666667 24.879004160943875 22.986809975789193
1319.5416666666667 24.880830870238142 22.98726884233382
