FastTrWP/PhaseSpace/IAs/snIa_0.55_30.00_-0.21_0.10.csv
# %ECSV 0.9
# ---
# datatype:
# - {name: time-rel, datatype: float64}
# - {name: g, datatype: float64}
# - {name: i, datatype: float64}
# schema: astropy-2.0
time-rel g i
[from data line 1011]
672.8125 23.888706942234 22.29500026580331
673.3125 23.889890708603517 22.294836295884053
673.8125 23.891103735028718 22.294678968532477
674.3125 23.89228926049374 22.29452882936387
674.8125 23.893493623042993 22.294370631573596
675.3125 23.894682434567276 22.29422231792562
675.8125 23.8958975583041 22.29407706684618
676.3125 23.89711113735587 22.293930726107092
676.8125 23.89834270097858 22.29379657009094
677.3125 23.899548661269296 22.293649991110517
677.8125 23.900775860460442 22.29350564611011
678.3125 23.902015144685443 22.29337596658807
678.8125 23.90325276664565 22.29323833116899
679.3125 23.904487346439872 22.293105600132535
679.8125 23.90572450342953 22.2929795235664
680.3125 23.90696167886403 22.292847204040932
680.8125 23.90823559250328 22.29272400839502
681.3125 23.90948648662748 22.29260510772184
681.8125 23.9107496894014 22.29247851473278
682.3125 23.91201734005621 22.292362233598023
682.8125 23.913273185257413 22.29224738164819
683.3125 23.914539484013957 22.292129390683442
683.8125 23.915799010655753 22.292017159242356
684.3125 23.917089072474944 22.291906111301426
684.8125 23.918347481928997 22.291796888267523
685.3125 23.919649375942967 22.291698070913032
685.8125 23.9209172024497 22.291584739109382
686.3125 23.92220218969847 22.291482231373195
686.8125 23.923479255848925 22.291382222184364
687.3125 23.924785774255774 22.291285513077735
687.8125 23.9260579133488 22.29118542129608
688.3125 23.927359886205274 22.291088892042843
688.8125 23.928658976286176 22.290997390820433
689.3125 23.929970241316454 22.290910942263164
689.8125 23.9312764801577 22.290809670454497
690.3125 23.93257154351112 22.290726946796646
690.8125 23.933883736660455 22.290640397017448
691.3125 23.935184566607674 22.29055906657787
691.8125 23.936493499111183 22.29047388358326
692.3125 23.937804094440153 22.290396022891517
692.8125 23.939125461874173 22.290315830641635
693.3125 23.940437579110338 22.290238758497054
693.8125 23.94175837143098 22.29015827419799
694.3125 23.943061147404062 22.290085861725384
694.8125 23.94438575292525 22.290014447864593
695.3125 23.945699920470865 22.28994066392573
695.8125 23.9470235496933 22.289874401656533
696.3125 23.94834813608291 22.28980633661373
696.8125 23.94967175105318 22.289736299037813
697.3125 23.951004591475197 22.289674985482005
697.8125 23.95232980629434 22.289617205146453
698.3125 23.953675848954873 22.289557771840578
698.8125 23.955013936658762 22.28949677098273
699.3125 23.95636623275669 22.28944327232228
699.8125 23.957717091205847 22.289392024622558
700.3125 23.95907359252896 22.289346286211277
700.8125 23.960444873251205 22.289297601155127
701.3125 23.96181315086816 22.289252223113046
701.8125 23.963175401519948 22.289212996508606
702.3125 23.964568946085233 22.289162723687895
702.8125 23.965934898429705 22.289126404272782
703.3125 23.967314542666493 22.289094750712884
703.8125 23.968709207821263 22.28906562277759
704.3125 23.970106917527758 22.289030228688773
704.8125 23.97149232016706 22.288991974479607
705.3125 23.97291081318329 22.288968214548962
705.8125 23.97432141630454 22.288939608996124
706.3125 23.975711178638495 22.28891869292459
706.8125 23.977123021951083 22.288894060219846
707.3125 23.978558147645384 22.2888803424083
707.8125 23.979967638398847 22.288856031023126
708.3125 23.98140108384908 22.288845319379625
708.8125 23.982827381785707 22.288828294607583
709.3125 23.984263097165158 22.28881837780127
709.8125 23.985690628824297 22.2888077804215
710.3125 23.987125635493335 22.288803859946483
710.8125 23.988571807692956 22.288800865035153
711.3125 23.99002742409277 22.28879309200299
711.8125 23.991472287888683 22.288792480795202
712.3125 23.992916261228878 22.288793866694476
712.8125 23.994377320789425 22.288792637705388
713.3125 23.995826496158234 22.2888014013243
713.8125 23.997289023255725 22.288796995456202
714.3125 23.998767139008418 22.288808528125035
714.8125 24.000223935827464 22.28882614587675
715.3125 24.00168963876459 22.28883131236804
715.8125 24.003171967482253 22.288849260669757
716.3125 24.004642886052526 22.288860108791773
716.8125 24.006114423702513 22.28887686263784
717.3125 24.007603020121966 22.288895987916607
717.8125 24.009081404278202 22.288914544489327
718.3125 24.01056981618741 22.288931362989032
718.8125 24.01205604226826 22.288959450275158
719.3125 24.013548504954734 22.288986771143918
719.8125 24.015035201867544 22.289013193907028
720.3125 24.016521702846518 22.289039418639653
720.8125 24.018019466606187 22.289069996121373
721.3125 24.01951674476527 22.289105031271976
721.8125 24.02100617585456 22.289135487455564
722.3125 24.022515140913463 22.289172835276887
722.8125 24.02401998629118 22.289209233530478
723.3125 24.02551449829363 22.289244950179246
723.8125 24.02701571777992 22.28928515071793
724.3125 24.028535456442327 22.2893261406186
724.8125 24.030042961068677 22.289365517959236
725.3125 24.031567356010164 22.289411232129318
725.8125 24.03307047329558 22.28946063218826
726.3125 24.034565029450977 22.28951055049777
726.8125 24.03608608623772 22.289554263369023
727.3125 24.037611548026284 22.289594548799897
727.8125 24.039112273970666 22.28965546696976
728.3125 24.04062149214016 22.28970415529806
728.8125 24.042138241828862 22.289765968141747
729.3125 24.04366760123786 22.28981303509594
729.8125 24.045167660637254 22.28987408585099
730.3125 24.046678332739738 22.28993555411908
730.8125 24.048205130029302 22.289993767309937
731.3125 24.049721033648442 22.290052540176436
731.8125 24.051245081292922 22.29011919358608
732.3125 24.052763605605705 22.290175382601134
732.8125 24.054268533427482 22.29024641162877
733.3125 24.05579582045086 22.290312071431735
733.8125 24.057304282473297 22.29037521219741
734.3125 24.05881064808812 22.29044769566036
734.8125 24.060335292732063 22.290513823770766
735.3125 24.061860163245484 22.290590704847975
735.8125 24.063393323214363 22.290659195925784
736.3125 24.064916594536243 22.29074306506192
736.8125 24.066447094787332 22.29081752659951
737.3125 24.06798095940118 22.29089413109667
737.8125 24.06949662383591 22.290982865093856
738.3125 24.071055808832597 22.291059477537
738.8125 24.072591577879553 22.29114491875462
739.3125 24.07413201625618 22.291231222975405
739.8125 24.07567019288446 22.29131979908615
740.3125 24.077213055565704 22.291411218242644
740.8125 24.078756705883933 22.29150009413705
741.3125 24.080317575512215 22.291587569369188
741.8125 24.081854731517666 22.29168653325479
742.3125 24.083415489808782 22.291785728424394
742.8125 24.08496400543755 22.29188383828466
743.3125 24.086521717666287 22.29197803132073
743.8125 24.08807550660272 22.292077900638716
744.3125 24.089630879729814 22.292179045187403
744.8124999999999 24.0911974544405 22.292289238769726
745.3125 24.092743096650942 22.292394288488456
745.8125 24.094331255374826 22.292501069771543
746.3124999999999 24.0958946720218 22.29261558962477
746.8125 24.097465457314836 22.292724141107318
747.3125 24.099037844605448 22.292830726782565
747.8124999999999 24.100596714163945 22.292948649048196
748.3125 24.10219202982507 22.293058190570964
748.8125 24.103765033710935 22.2931722086661
749.3124999999999 24.10533814740488 22.29330041206132
749.8125 24.106920138518205 22.293416158625533
750.3125 24.108498535071043 22.293540113365992
750.8124999999999 24.110090664614745 22.2936624121035
751.3125 24.111671855789346 22.293789946154753
751.8125 24.113268173473198 22.29391639316063
752.3124999999999 24.114850794343038 22.294045104790314
752.8125 24.116451394403985 22.29417284995616
753.3125 24.118038143260737 22.294312501115535
753.8124999999999 24.119629935158322 22.294437254376845
754.3125 24.121236819797176 22.29457465480984
754.8125 24.12283655566131 22.294706511895225
755.3124999999999 24.12443921757472 22.294844909256852
755.8125 24.126040441080363 22.294985340368246
756.3125 24.127649577119072 22.295127984074256
756.8124999999999 24.12926746884692 22.29527336966934
757.3125 24.130869407154762 22.295415668760707
757.8125 24.13248440180268 22.295565051827126
758.3124999999999 24.134098011548247 22.295708801267846
758.8125 24.135720783387356 22.29585793270386
759.3125 24.13732279454509 22.296004382897905
759.8124999999999 24.138949989334325 22.296152002140445
760.3125 24.140556894158106 22.296310159800203
760.8125 24.142195575796173 22.296464416996322
761.3124999999999 24.14382942537563 22.29662105270915
761.8125 24.14545355417413 22.296778185354185
762.3125 24.147066092702914 22.296932991210458
762.8124999999999 24.14869389091283 22.29709741286441
763.3125 24.150343474808377 22.297264375521685
763.8125 24.15197341741456 22.29742134628284
764.3124999999999 24.15359660954416 22.297592698126778
764.8125 24.155242718764825 22.29775807688444
765.3125 24.15687643684869 22.297924323721148
765.8124999999999 24.15852223854091 22.298099423178634
766.3125 24.16016693363178 22.29827132903878
766.8125 24.161798341398942 22.29843920949301
767.3124999999999 24.16345382212693 22.298614948222596
767.8125 24.165102959425493 22.298791859432207
768.3125 24.16676462203711 22.29896724410123
768.8124999999999 24.168416138870462 22.299143943210346
769.3125 24.170063491151787 22.299324114299704
769.8125 24.17170977171037 22.29950377492637
770.3124999999999 24.1733735579411 22.299688251043843
770.8125 24.17502376174026 22.29987066978815
771.3125 24.176695585317262 22.300060925658038
771.8124999999999 24.1783587898634 22.300249346917575
772.3125 24.180022192628012 22.30043295083531
772.8125 24.18169116249757 22.300629325520916
773.3124999999999 24.183364698121885 22.300826129745836
773.8125 24.185033367270435 22.301019119696115
774.3125 24.186706908411665 22.301215516297113
774.8124999999999 24.188380866204056 22.301408519047946
775.3125 24.190066861740668 22.30160951024828
775.8125 24.19174123653075 22.30181386494541
776.3124999999999 24.193417132402057 22.30201475387431
776.8125 24.195113855668385 22.302216657263397
777.3125 24.196795922047937 22.30242284380463
777.8124999999999 24.198480512313925 22.30262941215458
778.3125 24.20017798854643 22.302843608938055
778.8125 24.201877460597473 22.303057149849277
779.3124999999999 24.203574307008104 22.30326826836997
779.8125 24.205264983073135 22.303478291018696
780.3125 24.206962613614458 22.303697985860012
780.8124999999999 24.20865963388415 22.303912551649596
781.3125 24.210363565359398 22.30413285810824
781.8125 24.212083453894845 22.304359925440668
782.3124999999999 24.213791367806383 22.30458050412791
782.8125 24.215495360431554 22.304804624755796
783.3125 24.217219898600227 22.305025586859912
783.8124999999999 24.218944668793938 22.305254589177643
784.3125 24.220640507105294 22.305485234211627
784.8125 24.222382023314154 22.30571429743044
785.3124999999999 24.224087681335416 22.305947827701754
785.8125 24.225811065287726 22.30618491375132
786.3125 24.22753693218953 22.306417707491242
786.8124999999999 24.2292594335761 22.306657325230912
787.3125 24.231008168336263 22.306891971648586
787.8125 24.23272001189359 22.307127584393424
788.3124999999999 24.234456114569927 22.307370706162967
788.8125 24.236212221126706 22.30760870739454
789.3125 24.237959054195137 22.30785250022734
789.8124999999999 24.239683285147805 22.30810364814653
790.3125 24.241418601480845 22.308351330996953
790.8125 24.243176404666315 22.308596582408097
791.3124999999999 24.24491804790876 22.308848952948914
791.8125 24.24666515961732 22.309103720592628
792.3125 24.248421264457832 22.309355538599224
792.8124999999999 24.25017651228461 22.30961562557901
793.3125 24.251925515631108 22.309864136642354
793.8125 24.253662124276584 22.31011962540662
794.3124999999999 24.2554308338862 22.31038297891574
794.8125 24.25719749184006 22.31064590380467
795.3125 24.258950904703894 22.310899118430786
795.8124999999999 24.26071596143378 22.311162587987397
796.3125 24.26249025339446 22.311428541506718
796.8125 24.26428178897719 22.311696663979
797.3124999999999 24.266032455112096 22.311962457747406
797.8125 24.26780230665953 22.312230347344038
798.3125 24.269582856903234 22.312502291113503
798.8124999999999 24.271344483773515 22.312771373550063
799.3125 24.273129877603683 22.313043475128133
799.8125 24.2749158780749 22.313325018092172
800.3124999999999 24.276708622638587 22.313591980879124
800.8125 24.278471163917608 22.313867853767313
801.3125 24.280251743786415 22.31414936824124
801.8124999999999 24.282057969754437 22.31443448310156
802.3125 24.2838283894063 22.314714285960157
802.8125 24.285629750248738 22.31499349716495
803.3124999999999 24.28741817330397 22.315275071289726
803.8125 24.289210545105323 22.315561103289806
804.3125 24.291008593101072 22.315848055958103
804.8124999999999 24.29282309239675 22.316131261964497
805.3125 24.294613730760034 22.316422573381715
805.8125 24.2964158174493 22.316708500119084
806.3124999999999 24.29820080415231 22.317001392179513
806.8125 24.300042588993897 22.317292186303096
807.3125 24.301832355466107 22.317585349180703
807.8124999999999 24.303648504465563 22.317884996798103
808.3125 24.305469914214676 22.3181755066882
808.8125 24.307272019108947 22.31847579262903
809.3124999999999 24.309100720581558 22.318773888934086
809.8125 24.310909288086194 22.319080390275538
810.3125 24.312729867069827 22.319376974692787
810.8124999999999 24.314573738333316 22.319688322828224
811.3125 24.316386299839586 22.319998322796494
811.8125 24.31822622872257 22.320312558553486
812.3124999999999 24.32007234885733 22.320612349332723
812.8125 24.321939278147934 22.320930381755776
813.3125 24.323754942944873 22.321243355899497
813.8124999999999 24.325590566184307 22.321560265969996
814.3125 24.327450272351776 22.321878273998532
814.8125 24.329307945785963 22.322195156157886
815.3124999999999 24.331169087509778 22.322522093186112
815.8125 24.333030423863494 22.32284292206503
816.3125 24.334878042946766 22.323172345527837
816.8124999999999 24.336746458896368 22.323503963450516
817.3125 24.338612467125152 22.32382790719253
817.8125 24.34048677629455 22.32416015368557
818.3124999999999 24.342351391895065 22.324489770516163
818.8125 24.344250403912262 22.324827671092955
819.3125 24.34612715564767 22.32516052926552
819.8124999999999 24.347990273833382 22.325497881878185
820.3125 24.34988478196648 22.3258338477908
820.8125 24.351782562317407 22.326174891039166
821.3124999999999 24.353653921705046 22.326516695387326
821.8125 24.3555516099404 22.32685494951803
822.3125 24.357440787497964 22.327197020135515
822.8124999999999 24.359334923803317 22.327544752213576
823.3125 24.361235249247777 22.327894886306172
823.8125 24.363140255064295 22.3282480562263
824.3124999999999 24.36502694069759 22.328594827622208
824.8125 24.36694226256506 22.328943291782547
825.3125 24.368830754486265 22.32929344373773
825.8124999999999 24.370747716298354 22.329645781118366
826.3125 24.37263858869131 22.32999629414978
826.8125 24.37454682212841 22.330355773234988
827.3124999999999 24.376472987286775 22.330709087567286
827.8125 24.3783881308917 22.33107066329008
828.3125 24.38028328567519 22.331429389355616
828.8124999999999 24.382199709627912 22.331789937253777
829.3125 24.384118273261887 22.332153859773936
829.8125 24.386042009478132 22.33250911530504
830.3124999999999 24.387948284071662 22.332874005361646
830.8125 24.389867493348163 22.333234032943604
831.3125 24.3917786226947 22.333600682223953
831.8124999999999 24.393705537146918 22.333965275993407
832.3125 24.395636018761838 22.334337277939106
832.8125 24.3975669995708 22.334700856287203
833.3124999999999 24.39949092652194 22.33507993268125
833.8125 24.40139182183991 22.33544632462529
834.3125 24.403316967353668 22.335816723440875
834.8124999999999 24.405246710080885 22.336183534630774
835.3125 24.40717323348808 22.336554556168757
835.8125 24.409093223555015 22.33693322856621
836.3124999999999 24.411011930553514 22.33730437873558
836.8125 24.412937222108017 22.337681363678705
837.3125 24.414860061169378 22.338054279131097
837.8124999999999 24.41679282890153 22.338427756672417
838.3125 24.418703382430756 22.33880452865858
838.8125 24.42065160172115 22.339179215400122
