FastTrWP/PhaseSpace/IAs/snIa_0.53_30.00_-3.27_-0.09.csv
# %ECSV 0.9
# ---
# datatype:
# - {name: time-rel, datatype: float64}
# - {name: g, datatype: float64}
# - {name: i, datatype: float64}
# schema: astropy-2.0
time-rel g i
[from data line 1335]
990.0625 25.109590759798685 22.752768050295437
990.5624999999999 25.111853533286258 22.753788290878376
991.0625 25.114162435992988 22.754802607629333
991.5625 25.116431560014448 22.75581411197075
992.0624999999999 25.118707817709147 22.756838674297125
992.5625 25.120995520246424 22.757851987795785
993.0625 25.123259684999955 22.758866835918926
993.5624999999999 25.12554046083162 22.759891030724862
994.0625 25.127766389313283 22.760921819809134
994.5625 25.13001994033058 22.76194341308444
995.0624999999999 25.13227998023547 22.762959056626002
995.5625 25.134501734379704 22.76399342947251
996.0625 25.136756954960457 22.765027116038517
996.5624999999999 25.13898188025569 22.76605378578995
997.0625 25.141229075592655 22.767088654379638
997.5625 25.143416274405034 22.768116082782747
998.0624999999999 25.145657676218562 22.769152620439044
998.5625 25.147883675647726 22.77019367753433
999.0625 25.150098096681006 22.77122241993663
999.5624999999999 25.152303884252262 22.77226017811063
1000.0625 25.154510132320436 22.773302774477383
1000.5625 25.156764278832384 22.774340384544946
1001.0625 25.158933919404653 22.775375233166514
1001.5625 25.16115498945227 22.776428274407493
1002.0625 25.16336423471064 22.777464176302647
1002.5625 25.165575880621258 22.77851822369897
1003.0625 25.167786933099414 22.779547905727007
1003.5625 25.169983065128893 22.780597843580704
1004.0625 25.17220593125229 22.781640165969925
1004.5625 25.174404920806147 22.782692987590668
1005.0625 25.176641698876665 22.783741142111403
1005.5625 25.178853502811293 22.78478686245631
1006.0625 25.18107376343383 22.785836628338856
1006.5625 25.183265816820057 22.786894079248725
1007.0625 25.18550664102872 22.787930539443117
1007.5625 25.18773735703632 22.788987593851616
1008.0625 25.189937278042244 22.790039347337434
1008.5625 25.192191038350376 22.791096132016193
1009.0625 25.19442533168048 22.7921457457187
1009.5625 25.19666229879858 22.793198041306965
1010.0625 25.198905187049686 22.794251269752053
1010.5625 25.201166479589133 22.795314261710374
1011.0625 25.203424609996876 22.796365634568424
1011.5625 25.20568634601839 22.797422584606075
1012.0625 25.207961405111664 22.798469332920128
1012.5625 25.21023000542687 22.799528280305786
1013.0625 25.212529301330004 22.80059477364148
1013.5625 25.214803934927353 22.801631721347615
1014.0625 25.217088905044733 22.802692888458054
1014.5625 25.219413272515116 22.803753543945987
1015.0625 25.221743955671748 22.80480534359082
1015.5625 25.22406199389845 22.80587116156341
1016.0625 25.226395598419806 22.806925365416436
1016.5625 25.22874194262808 22.807974216222714
1017.0625 25.23110023026781 22.80903960852325
1017.5625 25.233470855666738 22.810097173330817
1018.0625 25.235864324196253 22.811147847378685
1018.5625 25.23822987335626 22.812209095446512
1019.0625 25.240641426913037 22.813265742626825
1019.5625 25.243064988174183 22.814321588912414
1020.0625 25.245492094349355 22.815376433673478
1020.5625 25.247926665057577 22.816434670321254
1021.0625 25.250415924695496 22.81749395925525
1021.5625 25.25286078133066 22.818558132021796
1022.0625 25.25536154472613 22.819599199511735
1022.5625 25.257863916777215 22.820654343945
1023.0625 25.260396971348303 22.82171711312369
1023.5625 25.26292411960477 22.822770483111327
1024.0625 25.265459265599766 22.823819382373237
1024.5625 25.268045649055807 22.824880421382048
1025.0625 25.27061826999126 22.8259229073737
1025.5625 25.273224788629392 22.826981800037558
1026.0625 25.275884587460837 22.828033193711764
1026.5625 25.27850608114256 22.829083362321278
1027.0625 25.281159159420966 22.830135173193383
1027.5625 25.2838461435054 22.83118382680719
1028.0625 25.286520134911314 22.832233592994903
1028.5625 25.289192519384184 22.83328899118354
1029.0625 25.291914568324316 22.834337703342324
1029.5625 25.29460973199749 22.83539051713257
1030.0625 25.29733128666869 22.83644142821918
1030.5625 25.300066429511375 22.837489804898873
1031.0625 25.302831388942092 22.838539336341988
1031.5625 25.305533563682722 22.839588235901765
1032.0625 25.30832969780291 22.840648242452556
1032.5625 25.311110182431243 22.841696735479488
1033.0625 25.313886798681416 22.842744026924787
1033.5625 25.31670508646098 22.843797979866004
1034.0625 25.319498378706705 22.84484306173216
1034.5625 25.32230936498857 22.84589672138968
1035.0625 25.325154001220554 22.846946582523174
1035.5625 25.32800581140875 22.848008326062615
1036.0625 25.330864715752508 22.84905864921182
1036.5625 25.33371339333732 22.85011394966654
1037.0625 25.33659143836147 22.851159309259927
1037.5625 25.339499944833616 22.852219717603578
1038.0625 25.34238822676073 22.85326738763111
1038.5625 25.34530401113561 22.854319373253347
1039.0625 25.34823671742395 22.85537662545607
1039.5625 25.351157116826045 22.85642347406695
1040.0625 25.354138297446553 22.857482113847503
1040.5625 25.357090792926876 22.85853230726344
1041.0625 25.36006026771819 22.859580724593055
1041.5625 25.363047791686043 22.860633429214758
1042.0625 25.366038176825718 22.861690138530484
1042.5625 25.369076162850824 22.86273982619283
1043.0625 25.372129229456085 22.86379189295205
1043.5625 25.375131538741257 22.86484443490034
1044.0625 25.378192324045884 22.865902093935617
1044.5625 25.381240862917437 22.866958253405198
1045.0625 25.38435448756449 22.86801449890994
1045.5625 25.387410370271503 22.86907100542665
1046.0625 25.390549810934328 22.870119195294873
1046.5625 25.393645534440417 22.871179850498464
1047.0625 25.396794000826475 22.87222975696909
1047.5625 25.399949555533446 22.873279823468827
1048.0625 25.40309377530032 22.874331639993663
1048.5625 25.406273611337422 22.875392960078614
1049.0625 25.40946136528815 22.876446241743814
1049.5625 25.412641640743196 22.877507672231033
1050.0625 25.415869190162923 22.878564523353152
1050.5625 25.419097272376 22.87962024742551
1051.0625 25.422348121620423 22.880674045650142
1051.5625 25.425610388179987 22.881730856241496
1052.0625 25.428895155501195 22.882801775833492
1052.5625 25.432170918765735 22.88384542336452
1053.0625 25.43545587842006 22.88490625770072
1053.5625 25.43883180314346 22.88596799398206
1054.0625 25.442145450062018 22.887028352797067
1054.5625 25.44548661246121 22.888079667452594
1055.0625 25.448854327279857 22.889149578859957
1055.5625 25.452232651532608 22.890204363953846
1056.0625 25.455626645830304 22.891260510528642
1056.5625 25.45905723507407 22.892324490461426
1057.0625 25.462480795307844 22.893384006780586
1057.5625 25.465930093396054 22.89445002304863
1058.0625 25.469385741619913 22.89550117285725
1058.5625 25.472847708323826 22.89656842230615
1059.0625 25.47633678770034 22.897623744986
1059.5625 25.479872595552983 22.898683932626817
1060.0625 25.483392809533267 22.899752289081366
1060.5625 25.486933348942618 22.900815555438104
1061.0625 25.490484144175753 22.901881523693216
1061.5625 25.494068596254507 22.902946984599325
1062.0625 25.497675826216366 22.904009810788864
1062.5625 25.501286151526642 22.90507638075768
1063.0625 25.50489215111964 22.90614125153175
1063.5625 25.508543313781523 22.90719594576651
1064.0625 25.512197609542685 22.908274452602598
1064.5625 25.515891107805256 22.909337028157807
1065.0625 25.519567582345672 22.91040139042159
1065.5625 25.523303433605466 22.911461050356465
1066.0625 25.52701136036438 22.91253598367514
1066.5625 25.53078290558078 22.91359877302238
1067.0625 25.534540264532588 22.914662833329523
1067.5625 25.538350772567608 22.915738471802452
1068.0625 25.542159076130034 22.916800207144842
1068.5625 25.545991931593775 22.91786742242433
1069.0625 25.54980769536588 22.918926415492553
1069.5625 25.55367864244466 22.91999665672684
1070.0625 25.55758227739001 22.92106995531151
1070.5625 25.56146148476021 22.922135401060437
1071.0625 25.565382071455346 22.923199359702913
1071.5625 25.569341928235687 22.924265061583036
1072.0625 25.573293661932883 22.925336420485817
1072.5625 25.577241254448666 22.92640325620188
1073.0625 25.581294385536737 22.927470819294232
1073.5625 25.58529283272815 22.928547067782397
1074.0625 25.589342424668672 22.929609351171614
1074.5625 25.593382927175302 22.930688813137444
1075.0625 25.59747915742509 22.931754358488504
1075.5625 25.601570262099994 22.932824269349418
1076.0625 25.60570122453564 22.933892481165408
1076.5625 25.609836764182532 22.93496063163367
1077.0625 25.613994914844223 22.936028065892454
1077.5625 25.61820344815309 22.937107589283727
1078.0625 25.6223855538131 22.93818006949348
1078.5625 25.62661754987316 22.939247203914533
1079.0625 25.6308988486482 22.94032139275766
1079.5625 25.635161105095925 22.941387272713392
1080.0625 25.639481768549533 22.942461676278043
1080.5625 25.64378607457651 22.94353492912215
1081.0625 25.648149938001588 22.944606657464625
1081.5625 25.652504622414426 22.945671460974204
1082.0625 25.656895782658463 22.946758064532126
1082.5625 25.66132243766981 22.94782714619155
1083.0625 25.665784191378908 22.948893966049255
1083.5625 25.67023945538125 22.94997474393992
1084.0625 25.67473732011034 22.951056032782976
1084.5625 25.679264651796167 22.952132321074057
1085.0625 25.68378184638927 22.95320116934819
1085.5625 25.688341380697874 22.954279173161872
1086.0625 25.69295264611035 22.95535066121696
1086.5625 25.69761533325455 22.956432266329788
1087.0625 25.702248627704172 22.95749884887376
1087.5625 25.706911578117115 22.958580048188967
1088.0625 25.711623356321276 22.959662737954908
1088.5625 25.71632598327042 22.960746354753017
1089.0625 25.721061402962274 22.961818586412754
1089.5625 25.725877707329253 22.962889404857805
1090.0625 25.730698197789085 22.963968643372517
1090.5625 25.735535076911127 22.96505501358963
1091.0625 25.740413657045575 22.96613732563554
1091.5625 25.745321806853134 22.967213488400148
1092.0625 25.750251423145162 22.9682961009914
1092.5625 25.755198793886613 22.969372224085024
1093.0625 25.76017588044945 22.97045631408398
1093.5625 25.7652086815777 22.97153380803209
1094.0625 25.770258178096054 22.972625337837883
1094.5625 25.775336487785033 22.973709038384875
1095.0625 25.780457869890277 22.974781905588323
1095.5625 25.785591454213005 22.975874888238067
1096.0625 25.790786660826942 22.97696353652233
1096.5625 25.79598221423832 22.978036617396242
1097.0625 25.801241985733814 22.979122735143022
1097.5625 25.806504379738723 22.98021125245148
1098.0625 25.811815382323793 22.98130161627585
1098.5625 25.817161136547632 22.982388025363946
1099.0625 25.822537681570026 22.98347126727716
1099.5625 25.827962181393325 22.984564629883923
1100.0625 25.833417725616666 22.985650923213203
1100.5625 25.838891814938776 22.986738349266417
1101.0625 25.844431170396646 22.987828528110256
1101.5625 25.850007388331797 22.988917301403834
1102.0625 25.855594556787757 22.990011081507134
1102.5625 25.861236047982466 22.991098387878345
1103.0625 25.866965932408053 22.992190558574592
1103.5625 25.87266482063187 22.993272031999442
1104.0625 25.87846480983757 22.99436897225416
1104.5625 25.88427782728473 22.995455574069243
1105.0625 25.8901415671357 22.99654008921378
1105.5625 25.89606417986976 22.997635916552902
1106.0625 25.90197613020065 22.998727264327897
1106.5625 25.907959095828787 22.999825922257315
1107.0625 25.914005487839823 23.000916583407736
1107.5625 25.920057506535514 23.0020081140005
1108.0625 25.926175752451567 23.003104694111002
1108.5625 25.932360087429515 23.00419397956595
1109.0625 25.938563883118743 23.005295654732713
1109.5625 25.944858478460876 23.00637349422734
1110.0625 25.951140277225008 23.007473006824597
1110.5625 25.957447699425103 23.008564737423896
1111.0625 25.963882915386698 23.009664601633734
1111.5625 25.97031758228175 23.010757510085476
1112.0625 25.976816852726134 23.011849948899005
1112.5625 25.983323732043928 23.012953871521592
1113.0625 25.989918464205527 23.01405432878365
1113.5625 25.996593837248533 23.015136147118493
1114.0625 26.003226848885124 23.016237451617915
1114.5625 26.009993776996467 23.017339786703538
1115.0625 26.016762717783273 23.018442061395724
1115.5625 26.023590340826672 23.019535388016166
1116.0625 26.03051952479721 23.020637116125027
1116.5625 26.037413159367585 23.021729670452086
1117.0625 26.044396840655487 23.022828318408454
1117.5625 26.051459539432923 23.02393576330951
1118.0625 26.05855084588327 23.02502852873202
1118.5625 26.065688166417253 23.02612889773021
1119.0625 26.07288110516326 23.027237832708693
1119.5625 26.080122429958045 23.028333323365526
1120.0625 26.08745598301222 23.029439926416956
1120.5625 26.094850088406055 23.030537238830163
1121.0625 26.10223262947187 23.03164106708063
1121.5625 26.10974206354402 23.03274076871857
1122.0625 26.11726615286941 23.033849223273315
1122.5625 26.12485433885521 23.03495876304611
1123.0625 26.132464533391406 23.036057762925168
1123.5625 26.140215075816002 23.03717629059318
1124.0625 26.147981960631807 23.038266895144442
1124.5625 26.155818658154125 23.039375726490043
1125.0625 26.163694051909857 23.040490820095737
1125.5625 26.171661575189265 23.04159215963753
1126.0625 26.179648841232005 23.04270087758689
1126.5625 26.18776057253305 23.043805765277632
1127.0625 26.195858900128577 23.044921332982526
1127.5625 26.204074718627247 23.04603792887129
1128.0625 26.21238454317364 23.04714745094827
1128.5625 26.220714329681982 23.048262108624257
1129.0625 26.229112052581407 23.049366186838473
1129.5625 26.237574362360704 23.050480956870075
1130.0625 26.246158191178225 23.05159271011682
1130.5625 26.254760229947824 23.052708720438375
1131.0625 26.26337569106182 23.05382328474895
1131.5625 26.272178455112204 23.054943706181472
1132.0625 26.280997740010132 23.056054607985654
1132.5625 26.289872867177348 23.0571752172419
1133.0625 26.298821400975395 23.058290188632316
1133.5625 26.307874924176087 23.05940952745736
1134.0625 26.317000558492364 23.060525056253294
1134.5625 26.326195526132384 23.061633834378945
1135.0625 26.335439426055125 23.06276574580807
1135.5625 26.344774945865154 23.063884703114216
1136.0625 26.35421275506833 23.065012073356304
1136.5625 26.36369785063648 23.06612140512001
1137.0625 26.37333696237846 23.067245452440584
1137.5625 26.38312310652365 23.06837951042436
1138.0625 26.392976307666693 23.069496643979445
1138.5625 26.40304867863216 23.07062219506687
1139.0625 26.413256895878114 23.071744584399205
1139.5625 26.42367621161494 23.07287428759819
1140.0625 26.434133703947428 23.073985409316617
1140.5625 26.444846551465066 23.075116811823925
1141.0625 26.45568893602373 23.07623777937441
1141.5625 26.46667939674807 23.077362009451868
1142.0625 26.47779667307851 23.07847796099072
1142.5625 26.48909991139252 23.07961016345136
1143.0625 26.500597392426563 23.080743205676562
1143.5625 26.512233697850252 23.081866978228085
1144.0625 26.52402224027052 23.08298786119483
1144.5625 26.535936418198798 23.084112025606313
1145.0625 26.54808441443941 23.085241951941313
1145.5625 26.5603449956688 23.08637421365706
1146.0625 26.57277422668388 23.087507300897364
1146.5625 26.585417666893196 23.08862714966895
1147.0625 26.59818294490824 23.08976015979626
1147.5625 26.611173088018422 23.09088270447447
1148.0625 26.62428074317253 23.092008353233048
1148.5625 26.63753556742528 23.093147481841658
1149.0625 26.651021953433684 23.094270961192215
1149.5625 26.664689381352595 23.095407383193006
1150.0625 26.67847713161467 23.096534789957374
1150.5625 26.69249153784869 23.097676851951697
1151.0625 26.706617990989198 23.098797264697065
1151.5625 26.721056205410008 23.099931013211396
1152.0625 26.735547747375875 23.1010619174332
1152.5625 26.750197289466108 23.102203209883385
1153.0625 26.765117314626433 23.103345676293262
1153.5625 26.780229317507697 23.104477799273425
1154.0625 26.79551995349998 23.105615497517256
1154.5625 26.81095613597446 23.106759434521106
1155.0625 26.82659409738217 23.107892946306897
1155.5625 26.84246848924605 23.109037434901083
1156.0625 26.85839252279369 23.110175259071482
1156.5625 26.87466968495329 23.111316528073196
1157.0625 26.89109065582539 23.11245882112685
1157.5625 26.907630129854848 23.113604936290017
1158.0625 26.924415921736337 23.11474899306772
