FastTrWP/PhaseSpace/IAs/snIa_0.6_30_1_0.1.csv
# %ECSV 0.9
# ---
# datatype:
# - {name: time-rel, datatype: float64}
# - {name: g, datatype: float64}
# - {name: i, datatype: float64}
# schema: astropy-2.0
time-rel g i
-23.8125 -19.988039621728163 -21.984608709112408
-23.3125 -20.011536063958324 -22.008098830024
-22.8125 -20.03489857569641 -22.03145734097065
-22.3125 -20.057882130885464 -22.054459828080937
-21.8125 -20.080774854188462 -22.07730541501487
-21.3125 -20.10315777387065 -22.09987117580676
-20.8125 -20.125434143445 -22.122050730138255
-20.3125 -20.14763381480808 -22.144313784542767
-19.8125 -20.169431042271043 -22.166192544764627
-19.3125 -20.19108979345855 -22.187856009513123
-18.8125 -20.212446623360492 -22.209270765025515
-18.3125 -20.233794707146288 -22.23051792609729
-17.8125 -20.254885633861353 -22.25158520314448
-17.3125 -20.27566714256446 -22.272384420173942
-16.8125 -20.2962474442441 -22.293048957566015
-16.3125 -20.316903052562676 -22.313510557828717
-15.8125 -20.336857079711642 -22.333717578514904
-15.3125 -20.357129058420913 -22.353838033003946
-14.8125 -20.376922815730694 -22.373693823828887
-14.3125 -20.396758556068075 -22.39343719168901
-13.8125 -20.416206367006133 -22.412993280132337
-13.3125 -20.43560727654051 -22.432311749999876
-12.8125 -20.455082237040276 -22.45154225314661
-12.3125 -20.473832740932867 -22.470525032988945
-11.8125 -20.49268501024592 -22.48943124341967
-11.312500000000002 -20.511450959076612 -22.508066854318102
-10.8125 -20.529894225053404 -22.526707950020803
-10.3125 -20.548400303178497 -22.545103375216975
-9.812500000000002 -20.566519320725362 -22.56331581272084
-9.3125 -20.584706128862745 -22.58140501667971
-8.8125 -20.602657624956016 -22.599409100386886
-8.312500000000002 -20.620400353377324 -22.617250887232657
-7.8125 -20.638148902008634 -22.634883606676347
-7.3125 -20.655570818532848 -22.65233520479192
-6.8125 -20.67316779886749 -22.669736449765182
-6.3125 -20.690193352727885 -22.687039131846415
-5.8125 -20.707418920495527 -22.704090367568625
-5.3125 -20.724513578018026 -22.721065787413938
-4.8125 -20.741244406725542 -22.737948240940817
-4.3125 -20.75806323577368 -22.754671970390632
-3.8125 -20.774611075030936 -22.771283513559254
-3.3125 -20.7911457842118 -22.787770991912247
-2.8125 -20.80748006977653 -22.80411314680848
-2.3125 -20.823627129898853 -22.8203939726415
-1.8125 -20.83981110071347 -22.83647825733589
-1.3125 -20.855798535561135 -22.85249363744324
-0.8125 -20.871628163925013 -22.868458585172004
-0.3125 -20.88758638594822 -22.88421800706526
0.1875 -20.903206008946814 -22.899864657098874
0.6875 -20.918625879475513 -22.915416133678672
1.1874999999999964 -20.93424016989124 -22.930893059833203
1.6875 -20.949490450867895 -22.94630994376967
2.1875 -20.96495206118488 -22.961475454970916
2.6874999999999964 -20.979853277554056 -22.976673951538938
3.1875 -20.995098655233452 -22.991688303589438
3.6875 -21.009914952257787 -23.006611571502532
4.1874999999999964 -21.024859905189057 -23.02145703873075
4.6875 -21.03948081723751 -23.03618656589834
5.1875 -21.054121689337947 -23.050854293298528
5.6874999999999964 -21.06866201877859 -23.06534361030757
6.1875 -21.083019730458833 -23.079717586676118
6.6875 -21.097133391886068 -23.093833243537212
7.1874999999999964 -21.11136392150972 -23.107913389771603
7.6875 -21.124953246739075 -23.121857187734495
8.1875 -21.138753645674765 -23.13557627957184
8.6875 -21.152490420109054 -23.14920445565403
9.1875 -21.165929740923346 -23.16274468405112
9.6875 -21.179226242439107 -23.176132351528658
10.1875 -21.19250545428214 -23.18943620051822
10.6875 -21.205584471524176 -23.202635241566064
11.1875 -21.218574746164627 -23.215696047026064
11.6875 -21.231593481400708 -23.228649313400517
12.1875 -21.24434145183813 -23.241558718688353
12.6875 -21.257069052116393 -23.25430940890136
13.1875 -21.26972232226133 -23.266988106918618
13.6875 -21.282223473228527 -23.279623663293336
14.1875 -21.294647792012714 -23.29214566190317
14.6875 -21.30725303298953 -23.30459740268774
15.1875 -21.31954794526033 -23.316969622717178
15.6875 -21.33176832041176 -23.32926023278805
16.1875 -21.34386158507973 -23.341471591657044
16.6875 -21.355961145347703 -23.353608644431993
17.1875 -21.367941366417263 -23.365716168722376
17.6875 -21.380017008357825 -23.377767298662192
18.1875 -21.391896584285035 -23.389694340264207
18.6875 -21.403728517578156 -23.401661163927862
19.1875 -21.415608409008605 -23.41347698257682
19.6875 -21.427379312394734 -23.425302200962022
20.1875 -21.43909332506553 -23.43706504541339
20.6875 -21.45073969377036 -23.448788654446744
21.1875 -21.462324138717626 -23.46046004823851
21.6875 -21.474015575001644 -23.472055440784136
22.1875 -21.485563900404724 -23.483656568270398
22.6875 -21.497100898709917 -23.495147000038052
23.1875 -21.50856072528623 -23.506671567246077
23.6875 -21.51992708733335 -23.518110298134456
24.1875 -21.531374403014297 -23.529541700795534
24.687499999999993 -21.542621020693513 -23.54094851744732
25.1875 -21.553899037640704 -23.552272589770773
25.6875 -21.565266611525708 -23.563593874257652
26.187499999999993 -21.5766191943794 -23.574871305747305
26.6875 -21.587783817805306 -23.586175613597277
27.1875 -21.598935612418945 -23.59738076050002
27.687499999999993 -21.610231416132617 -23.60857459571305
28.1875 -21.621424570447132 -23.619824515138173
28.6875 -21.632660122097725 -23.630984542968825
29.187499999999993 -21.643821269243237 -23.642059177732012
29.6875 -21.65483236464524 -23.653204059063842
30.1875 -21.66605536976399 -23.6643401734951
30.687499999999993 -21.677160759045616 -23.675371125135946
31.1875 -21.688265930058705 -23.686408190504306
31.6875 -21.699269599451515 -23.69746606090708
32.18749999999999 -21.710376074779827 -23.70852335740431
32.6875 -21.72131835404737 -23.71952458142673
33.1875 -21.732382703659326 -23.730516965040465
33.68749999999999 -21.74337438194967 -23.741488258587857
34.1875 -21.75431087225803 -23.7525068802887
34.6875 -21.765436223021926 -23.76339970233061
35.18749999999999 -21.776362021364008 -23.774375943743774
35.6875 -21.787319449693992 -23.785303847835834
36.1875 -21.798309135187015 -23.796196205449284
36.68749999999999 -21.809223197967125 -23.807103080683987
37.1875 -21.820187200488817 -23.818008384238304
37.6875 -21.831194556219955 -23.82886627324936
38.18749999999999 -21.842183510129956 -23.83972621274248
38.6875 -21.852958474004748 -23.85060486293238
39.1875 -21.86404650108605 -23.86150655975117
39.68749999999999 -21.874886360119685 -23.872346020317437
40.1875 -21.88583839265832 -23.883155996040113
40.6875 -21.89678941668103 -23.894018903268393
41.1875 -21.907669131315703 -23.904849854482713
41.6875 -21.918584394289404 -23.91564257646639
42.1875 -21.929578669445036 -23.926473375416805
42.6875 -21.940405022322768 -23.937259794140985
43.1875 -21.95136300219466 -23.94808667889659
43.6875 -21.96221672233512 -23.958834692145462
44.1875 -21.972988898791282 -23.96953419426293
44.6875 -21.98378495960421 -23.98019359187036
45.1875 -21.994223772330702 -23.99066381169193
45.6875 -22.004749025392456 -24.001086037785168
46.1875 -22.015192998096506 -24.0113690940743
46.6875 -22.025533687286696 -24.02162983021695
47.1875 -22.03578023368941 -24.031796437824184
47.6875 -22.045897626993465 -24.041912144282797
48.1875 -22.056023849324617 -24.051900233541602
48.6875 -22.066159478409904 -24.061872834306627
49.1875 -22.07603291566391 -24.071785866101763
49.6875 -22.086001615589907 -24.081634292837286
50.1875 -22.095740719714783 -24.09138391428051
50.6875 -22.105561053924788 -24.101152407466685
51.1875 -22.115326072032346 -24.110852374946724
51.6875 -22.1250013693006 -24.12042770866102
52.1875 -22.134671195444685 -24.130039449294625
52.6875 -22.144237905417704 -24.13959822684594
53.1875 -22.15388971583613 -24.149105551895836
53.6875 -22.16351803807352 -24.158551216891123
54.1875 -22.172886817012657 -24.168020630237304
54.6875 -22.18236853014094 -24.177432679057414
55.1875 -22.191915639955063 -24.18679612114415
55.6875 -22.201239742032822 -24.196178348323233
56.1875 -22.210610864417326 -24.205466026071324
56.6875 -22.21997269135569 -24.214824626260647
57.1875 -22.229397124895804 -24.224083168693355
57.6875 -22.238684318624728 -24.233359181127486
58.1875 -22.24795207366311 -24.24262477434409
58.6875 -22.257299512254058 -24.25181866515681
59.1875 -22.26658215412975 -24.2610706807561
59.6875 -22.275852130160096 -24.270300366020805
60.1875 -22.28515458342775 -24.2794850465236
60.6875 -22.294365068822735 -24.288694263205393
61.1875 -22.30368662078384 -24.2978830182021
61.6875 -22.312987834100618 -24.307064031191278
62.1875 -22.322243640053973 -24.316255902212873
62.6875 -22.331502288280745 -24.325434908697655
63.1875 -22.340739860090263 -24.334596557195617
63.6875 -22.34995543329046 -24.34375527789896
64.1875 -22.359329038709724 -24.35294232903663
64.6875 -22.368603653832864 -24.36214904008818
65.1875 -22.37786594264368 -24.371335662554017
65.6875 -22.3871277034388 -24.380490021618236
66.1875 -22.39646662903796 -24.389713483271226
66.6875 -22.405795412413717 -24.3989180529723
67.1875 -22.41516563316204 -24.408146493805294
67.6875 -22.424445096389395 -24.41737149960481
68.1875 -22.43381313235755 -24.426607731095213
68.6875 -22.44318150198122 -24.43585803046689
69.1875 -22.45251865737305 -24.445136661018104
69.6875 -22.46189003753841 -24.454336486282997
70.1875 -22.4712776970822 -24.46364066702657
70.6875 -22.48075602139888 -24.47294150512283
71.1875 -22.49026153328296 -24.48225601530636
71.6875 -22.499613075503433 -24.49156839429982
72.1875 -22.509147225718323 -24.500928118955756
72.6875 -22.518640693130685 -24.510306413988392
73.18749999999999 -22.52818190996082 -24.51963397443479
73.6875 -22.537754635689495 -24.529058299469362
74.1875 -22.547291462514508 -24.538466816052917
74.68749999999999 -22.556907888508007 -24.547867986726985
75.1875 -22.566528507044605 -24.557304284644523
75.6875 -22.57612283985358 -24.56677227293975
76.18749999999999 -22.585696911922206 -24.57623347217553
76.6875 -22.59547075715426 -24.585769685722482
77.1875 -22.605130398944052 -24.595310574582136
77.68749999999999 -22.61487728842797 -24.604834086787303
78.1875 -22.624639028744127 -24.614399450724022
78.6875 -22.634408226570034 -24.62400082148526
79.18749999999999 -22.644166686325093 -24.63357233518703
79.6875 -22.653999036597227 -24.643212856529875
80.1875 -22.663798319892074 -24.652851100627252
80.68749999999999 -22.67371101883114 -24.662530820958622
81.1875 -22.68355245764619 -24.672211985858354
81.6875 -22.693542204094555 -24.681941022389232
82.18749999999999 -22.703448034425563 -24.69164958858022
82.6875 -22.713346130592388 -24.701402240029395
83.1875 -22.72333545236068 -24.711110727205586
83.68749999999999 -22.7332612985226 -24.720862601462812
84.1875 -22.743179289962185 -24.73056977706976
84.6875 -22.75309838757293 -24.740286042684506
85.18749999999999 -22.763082641239933 -24.75001497926047
85.6875 -22.772999187595566 -24.75972427069232
86.1875 -22.782923332662044 -24.769401134999704
86.68749999999999 -22.792751390558177 -24.77908965003155
87.1875 -22.802619977031643 -24.788773750528748
87.6875 -22.81256822784927 -24.79846015043101
88.18749999999999 -22.822494200187204 -24.808115172417537
88.6875 -22.832294767473748 -24.81779796120435
89.1875 -22.842161322215397 -24.827401918904776
89.68749999999999 -22.851970324642267 -24.83702889367646
90.1875 -22.8617491973391 -24.846638254454806
90.6875 -22.87161862630696 -24.85624155874127
91.18749999999999 -22.88136455603274 -24.865771114537452
91.6875 -22.891116168059483 -24.87533242960214
92.1875 -22.90089701528592 -24.8848624128399
92.68749999999999 -22.91060707863653 -24.89438631387996
93.1875 -22.92025474220324 -24.903878962505274
93.6875 -22.929977031622695 -24.913338986491205
94.18749999999999 -22.939688524668043 -24.922779634377292
94.6875 -22.94926657242059 -24.93218319534861
95.1875 -22.958843052492014 -24.94161612596772
95.68749999999999 -22.968434057007205 -24.95097800009922
96.1875 -22.9779722381617 -24.960305447169194
96.6875 -22.987508062962178 -24.96966821455558
97.18749999999999 -22.996991218181392 -24.97894019741088
97.6875 -23.00646784032991 -24.98822529057933
98.1875 -23.015892449546243 -24.997478247550152
98.68749999999999 -23.02539124340268 -25.006680285578653
99.1875 -23.034694858186405 -25.0158868632994
99.6875 -23.044073719142503 -25.025040356029056
100.18749999999999 -23.053408274457297 -25.03416759186201
100.6875 -23.062762120845104 -25.043253986754443
101.1875 -23.07200105037653 -25.052321019120424
101.68749999999999 -23.08123206125717 -25.06137398172559
102.1875 -23.090447222275962 -25.07037904686333
102.6875 -23.099555640723754 -25.079372604535646
103.18749999999999 -23.10873182551607 -25.088301484825696
103.6875 -23.11780315066731 -25.097233197789002
104.1875 -23.126879997668897 -25.106106790561643
104.6875 -23.135959563629807 -25.11496259487562
105.1875 -23.14496857517682 -25.123794207641218
105.6875 -23.153939921660612 -25.13256059555558
106.1875 -23.16288445164229 -25.141328405326483
106.6875 -23.1717777884843 -25.150052725916364
107.1875 -23.180577344545124 -25.15872536393283
107.6875 -23.189469245135736 -25.167397477166553
108.1875 -23.19827788896547 -25.17601256750758
108.6875 -23.20702770700432 -25.184605592084715
109.1875 -23.215693736405147 -25.193151180125255
109.6875 -23.22441162518023 -25.20168748617884
110.1875 -23.233092971675596 -25.210171829236554
110.6875 -23.241717937541306 -25.218641616417372
111.1875 -23.25031849595551 -25.227021851568644
111.6875 -23.258867809175356 -25.235436006688733
112.1875 -23.26738293141595 -25.243728389407284
112.6875 -23.275860386474633 -25.252074919428395
113.1875 -23.2842574374402 -25.260341189357632
113.6875 -23.29265863454704 -25.26857463070771
114.1875 -23.301094926678516 -25.276801277287717
114.6875 -23.30942741403234 -25.284972432541934
115.1875 -23.317693225561257 -25.293103998080344
115.6875 -23.325963658470283 -25.30120781223745
116.1875 -23.334180991271495 -25.309276407690525
116.6875 -23.342374420968774 -25.31729946294634
117.1875 -23.350515950715696 -25.325289857204538
117.6875 -23.35862024383221 -25.33324826660892
118.1875 -23.366681867767696 -25.34118533367089
118.6875 -23.374763735045047 -25.34906740709416
119.1875 -23.382748227025523 -25.356904467548866
119.6875 -23.390692357028176 -25.364736053796612
120.1875 -23.39861434680635 -25.372518257329922
120.6875 -23.406533981803896 -25.380250356284208
121.1875 -23.414392320845124 -25.388007770338813
121.6875 -23.42229402858084 -25.395725874594973
122.1875 -23.430146595853213 -25.403421813502213
122.6875 -23.43792003928356 -25.411086159791026
123.1875 -23.445757583919715 -25.418747434123073
123.6875 -23.453527082406573 -25.426382302364857
124.1875 -23.461238360460158 -25.4339954745003
124.6875 -23.469020429867605 -25.441591080694785
125.1875 -23.476733912114767 -25.44915777921768
125.6875 -23.484360377551603 -25.456713167089493
126.1875 -23.49207010023768 -25.464227627833825
126.6875 -23.49972809845106 -25.4717376067717
127.1875 -23.507321292183903 -25.47923092274732
127.6875 -23.514943386104534 -25.486690719735876
128.1875 -23.522547945667 -25.4941267761931
128.6875 -23.53007576037166 -25.501551682506275
129.1875 -23.5376010842708 -25.508926920555762
129.6875 -23.545117500217515 -25.51632066252463
130.1875 -23.552591733129905 -25.523673513474243
130.6875 -23.560062089121978 -25.5309888079738
131.1875 -23.567499280169546 -25.53829721739333
131.6875 -23.574931506465223 -25.54558540135302
132.1875 -23.5822985184318 -25.552842372131693
132.6875 -23.589669805438064 -25.560064749547813
133.1875 -23.597045232181316 -25.567284020076766
133.6875 -23.604329202550733 -25.57448092983039
134.1875 -23.611610259687964 -25.581628877796557
134.6875 -23.618878398301906 -25.588775440156255
135.1875 -23.62610698232747 -25.59589317629415
135.6875 -23.633345445988667 -25.60300577185041
136.1875 -23.640582569034557 -25.610066701685767
136.6875 -23.64771165163907 -25.617110207110287
137.1875 -23.65485489058981 -25.62414107256554
137.6875 -23.661994186199312 -25.63112152102085
138.1875 -23.669039821182164 -25.638103918542846
138.6875 -23.676149621779526 -25.6450659074818
139.1875 -23.68319668742643 -25.651990713187224
139.6875 -23.6902275836957 -25.658889006936462
