FastTrWP/PhaseSpace/IAs/snIa_0.63_30.00_0.22_-0.06.csv
# %ECSV 0.9
# ---
# datatype:
# - {name: time-rel, datatype: float64}
# - {name: g, datatype: float64}
# - {name: i, datatype: float64}
# schema: astropy-2.0
time-rel g i
[from data line 1772]
440.5 24.812948830260574 22.50600700196829
440.9999999999999 24.814693071676782 22.506782092272207
441.5 24.816500437662693 22.507561790563035
442.0 24.818299292447456 22.50833113425883
442.4999999999999 24.820062697642133 22.50911279790085
443.0 24.821849112907273 22.509892415344048
443.5 24.823621440864994 22.510675077310744
443.9999999999999 24.825400164911876 22.511461572774
444.5 24.827181764253467 22.512242984558434
445.0 24.828952124551048 22.513032885063154
445.4999999999999 24.830706510788513 22.51381682262506
446.0 24.832501055769303 22.51460682464851
446.5 24.834265061869793 22.515392131386804
446.9999999999999 24.836054484041266 22.51618145631071
447.5 24.83780012851075 22.516971689598403
448.0 24.839566889838434 22.517759427057733
448.4999999999999 24.84135307014092 22.51855634901637
449.0 24.84311979547336 22.519343208396222
449.5 24.844882159584426 22.52014210250781
449.9999999999999 24.846634201797215 22.520940149366382
450.5 24.84844406309554 22.52174220742412
451.0 24.85020244473017 22.522529692762163
451.4999999999999 24.85195242390288 22.523329678815692
452.0 24.853733128875007 22.524125420311414
452.5 24.855512956479334 22.52492167439417
452.9999999999999 24.85726845740599 22.525724664611218
453.5 24.859018126317483 22.526533575060878
454.0 24.860794963568793 22.52733000112417
454.4999999999999 24.862538110101436 22.528130701781844
455.0 24.86432097473645 22.528936363829104
455.5 24.86607585395423 22.5297400796836
455.9999999999999 24.867830087158083 22.530541740081897
456.5 24.86958726397525 22.53135254141216
457.0 24.871343600236187 22.532156741010674
457.4999999999999 24.873092171689485 22.532958862921358
458.0 24.874863794189142 22.533773194666317
458.5 24.876612879277925 22.53458931233299
459.0 24.87838068765228 22.53538895284339
459.5 24.880157483802613 22.536197490073306
460.0 24.881901282086094 22.537011488990952
460.5 24.883671605319876 22.53782106293709
461.0 24.885418836593587 22.538626491513515
461.5 24.88718085986229 22.539438142614582
462.0 24.88892552881834 22.540252666438292
462.5 24.89068710667944 22.54106852847199
463.0 24.89243709606089 22.541874700686662
463.5 24.894184508608312 22.542693107807814
464.0 24.895957489219583 22.54350254427633
464.5 24.897725680875777 22.54431971750854
465.0 24.899468619496787 22.545127942257317
465.5 24.90123053411089 22.545943988777157
466.0 24.902972475550218 22.546760344222854
466.5 24.904736405374358 22.5475806055952
467.0 24.906478132112277 22.548395267512053
467.5 24.908230703352046 22.549206030702553
468.0 24.909995073679703 22.55002987607383
468.5 24.911724583846123 22.5508466260137
469.0 24.913501478602807 22.551665063929036
469.5 24.9152646974428 22.552489658173673
470.0 24.917010249398825 22.553312772112974
470.5 24.91873745809778 22.5541373314556
471.0 24.920486132802754 22.554957659004785
471.5 24.9222404466736 22.55578539211694
472.0 24.923979357188678 22.556619555010016
472.5 24.92569905790994 22.557441548769308
473.0 24.92746142949098 22.558267948453516
473.5 24.92921624226856 22.559098683609648
474.0 24.93094894426379 22.559932344038025
474.5 24.932671530030746 22.56075560063714
475.0 24.93441371246592 22.561593666842693
475.5 24.93614578458663 22.562417602937227
476.0 24.93788176271568 22.56325437009246
476.5 24.939606668039943 22.56408707552867
477.0 24.941343573755958 22.564924299065567
477.5 24.943086751646703 22.565764983285543
478.0 24.94481398530866 22.566601017779927
478.5 24.946560558329587 22.56744093266778
479.0 24.948290331707447 22.568280289288406
479.5 24.94996818316425 22.569119257885614
480.0 24.951726140436612 22.569960396760674
480.5 24.953439645089883 22.570798978844792
481.0 24.955175354516225 22.571643197092452
481.5 24.956897029874185 22.572483396240607
482.0 24.958630281787197 22.57332699475073
482.5 24.960336583968463 22.574179572134042
483.0 24.96204326449658 22.575024576183296
483.5 24.963769482418535 22.575865738778695
484.0 24.96548726222811 22.576714927098166
484.5 24.967221296248397 22.57755837218381
485.0 24.968930031557015 22.57841181220444
485.5 24.970650954521766 22.57925538100807
486.0 24.972341303646864 22.58010916951092
486.5 24.97407218615848 22.58096421779633
487.0 24.975787978480536 22.581813184853495
487.5 24.977491063563914 22.582665142789864
488.0 24.979227323877037 22.583516661041706
488.5 24.980936451998232 22.584376377190203
489.0 24.982642581906298 22.58523340286546
489.5 24.984363367182063 22.586081607629357
490.0 24.986056076053092 22.58694192449985
490.5 24.987780342393364 22.587794063674643
491.0 24.989459451459833 22.588657483151767
491.5 24.991188432030356 22.589509903267086
492.0 24.992893131614554 22.590368483807076
492.5 24.994604270261167 22.591232106637236
493.0 24.996315354385125 22.592087711580128
493.5 24.997990308064573 22.592948940375635
494.0 24.999694457743693 22.59380813858317
494.5 25.001394791165595 22.59466809102337
495.0 25.003119102510375 22.59553016566183
495.5 25.004827436058676 22.59638852087958
496.0 25.00653735282213 22.59725956756466
496.5 25.008226200718507 22.59811967157479
497.0 25.009929433325894 22.598986435643944
497.5 25.011624008473554 22.599851201448775
498.0 25.01331391899658 22.600716591773548
498.5 25.01503876652963 22.601574832848623
499.0 25.016730496724588 22.602445433288395
499.5 25.01842631852451 22.60331095494984
500.0 25.02012517221278 22.60417846706233
500.5 25.02184149735694 22.60504456355855
501.0 25.02353276320724 22.605914795678103
501.5 25.025206597820695 22.606783443961934
502.0 25.026921376400463 22.607649123023418
502.5 25.02862440816877 22.60852208026748
503.0 25.030312223642536 22.609385962690492
503.5 25.032028495093222 22.6102595278347
504.0 25.03370058921025 22.61112594018662
504.5 25.03539703434262 22.611994139626738
505.0 25.0371186961862 22.612869964537502
505.5 25.03880665708115 22.61374448143993
506.0 25.04051609161462 22.61461247590821
506.5 25.042184110001962 22.615479166614
507.0 25.04389350025224 22.616341440817127
507.5 25.045607792288568 22.61723267748121
508.0 25.047291539098527 22.618103826599732
508.5 25.048980496027124 22.61897692178239
509.0 25.0506565164914 22.61984499219606
509.5 25.05234627930587 22.620732693967092
510.0 25.054028318914085 22.621602531732155
510.5 25.0557345628977 22.622477816881702
511.0 25.05739494058904 22.62335733208833
511.5 25.059096034095777 22.624230673568583
512.0 25.060780130687466 22.625110904649205
512.5 25.062466022238688 22.625988318089746
513.0 25.064156215897583 22.6268671180721
513.5 25.065822175609892 22.627748986601688
514.0 25.067495840696488 22.62862125068945
514.5 25.069189421702273 22.62950441687957
515.0 25.070871084065658 22.63039273318277
515.5 25.07254921494285 22.631270879653016
516.0 25.0742259804132 22.632150327800595
516.5 25.075924189944597 22.63303017840559
517.0 25.077591371168708 22.633916059723305
517.5 25.079270135187215 22.634804923135366
518.0 25.080943203704656 22.6356891992182
518.5 25.082605345870135 22.636572833924134
519.0 25.084270730628013 22.637463354384103
519.5 25.085953901017067 22.638352025920515
520.0 25.087589582258907 22.63923377520118
520.5 25.089298237684424 22.64012957295307
521.0 25.090935842162544 22.641015077744854
521.5 25.092600972512326 22.64190241248595
522.0 25.0942839338151 22.642793697572042
522.5 25.09595292472817 22.64369039183666
523.0 25.097620331109667 22.64457654745577
523.5 25.099282033179943 22.645465832409784
524.0 25.100942718405218 22.646361265634095
524.5 25.102610354559147 22.64725441409253
525.0 25.104254767880025 22.648146338140673
525.5 25.105910516894895 22.64904019617265
526.0 25.107573404549722 22.649940000401404
526.5 25.10921542805878 22.65083835275131
527.0 25.110891142528075 22.65172780899504
527.5 25.112557358096087 22.652626741470417
528.0 25.114201447006096 22.653532132024683
528.5 25.11585486880343 22.654429588092558
529.0 25.117512916443275 22.655325603948576
529.5 25.119143516950835 22.656236354980607
530.0 25.120823675086868 22.657133269570995
530.5 25.122459535094567 22.65803204848046
531.0 25.124110135823273 22.658931667987506
531.5 25.125764045631808 22.65984103409714
532.0 25.127395074531083 22.660741596450002
532.5 25.129051806864922 22.661655184403735
533.0 25.13069130780128 22.662555143616615
533.5 25.132332438099546 22.66345706759189
534.0 25.133968260963062 22.664366335166818
534.5 25.13562807578127 22.6652807830125
535.0 25.137271119532024 22.6661812033154
535.5 25.13892298461853 22.66709658799233
536.0 25.14053096855399 22.668009126721287
536.5 25.142158757642278 22.668920031914496
537.0 25.143833107986087 22.669828512640873
537.5 25.145465002853552 22.670742304818763
538.0 25.147106203628113 22.671654325326088
538.5 25.148741568537506 22.672565656450825
539.0 25.15036782348623 22.673491755445895
539.5 25.152002404301463 22.674402760174072
540.0 25.15362803518083 22.675321088920466
540.5 25.1552522013414 22.676231451343455
541.0 25.156914283425383 22.67715106440466
541.5 25.158548197848802 22.678075821448832
542.0 25.16017626650342 22.678996852541957
542.5 25.16180154295647 22.679921944315588
543.0 25.163432943614296 22.680840393804264
543.5 25.165048375622938 22.681767046518743
544.0 25.16666953582945 22.68268852395051
544.5 25.168308248193945 22.68361227192894
545.0 25.16993180707905 22.684539147327982
545.5 25.171553353260595 22.685470146310553
546.0 25.173177309436703 22.68639208188357
546.5 25.174803641203813 22.687326400819497
547.0 25.176427347013046 22.68825288302257
547.5 25.178043112674754 22.689182297327484
548.0 25.179660713824777 22.69011588682707
548.5 25.1812443840184 22.691045145011465
549.0 25.182882929441757 22.691978635182785
549.5 25.184497280389607 22.69290380053477
550.0 25.18611654980873 22.69384131438438
550.5 25.187721563703903 22.69477392258931
551.0 25.18932628839476 22.695706922273835
551.5 25.190952823642377 22.696641196457353
552.0 25.192538662692165 22.69757692059846
552.5 25.194165608771492 22.698519523490486
553.0 25.195750329233757 22.69945601696328
553.5 25.197364278000677 22.700389042772922
554.0 25.198939892051474 22.701331568039116
554.5 25.200567230595667 22.702270792891362
555.0 25.202168296605873 22.703209989512423
555.5 25.203764853274894 22.704151637660107
556.0 25.205355572176988 22.705098153821975
556.5 25.20694799380488 22.706037105050054
557.0 25.20854322600539 22.706983232043424
557.5 25.210167382567633 22.707922543596936
558.0 25.211764940770905 22.708866280234155
558.5 25.213317996998136 22.70981970143707
559.0 25.214920040702246 22.710765396546595
559.5 25.21650140832985 22.711711798492278
560.0 25.21808170399585 22.712667807459646
560.5 25.21966280880633 22.71361353001638
561.0 25.221239407341617 22.714562188740373
561.5 25.222836381562438 22.71552522473928
562.0 25.224410681963608 22.716473311351844
562.5 25.225992198249244 22.717422758606208
563.0 25.227568800217817 22.718377531162737
563.5 25.229141768497897 22.719337933696153
564.0 25.230736941301792 22.72029072045159
564.5 25.232297023560296 22.7212468869337
565.0 25.233868696533833 22.72220513303573
565.5 25.23546039345527 22.72316114600799
566.0 25.237004085061745 22.724122770588103
566.5 25.23856718639501 22.72508068803626
567.0 25.24013276971631 22.72604483934835
567.5 25.24172390394429 22.727009281547833
568.0 25.243274686222303 22.727970891363952
568.5 25.24485431874289 22.728933614968074
569.0 25.246408115821115 22.729905511599494
569.5 25.247983677382983 22.7308711587906
570.0 25.249517051605352 22.731840252411402
570.5 25.25108765395649 22.732800077086956
571.0 25.25263604149714 22.733774883719885
571.5 25.254202009468514 22.734747437852484
572.0 25.255742950147365 22.735718734397583
572.5 25.257295998818616 22.736685045937666
573.0 25.258831519468945 22.737655970540214
573.5 25.260408144776704 22.738631403003765
574.0 25.26193905770175 22.739601174319336
574.5 25.263485525470806 22.740584431837675
575.0 25.26502748971787 22.74156291894929
575.5 25.266565935372473 22.742539036353175
576.0 25.268125141342146 22.743520064091353
576.5 25.269655651236782 22.744499047617758
577.0 25.271207840469053 22.74548327491405
577.5 25.272730928150967 22.746459338957234
578.0 25.274274029284282 22.747447265165412
578.5 25.275776709953647 22.74842486462877
579.0 25.2773443929645 22.74941677129885
579.5 25.278881219926816 22.75040010819528
580.0 25.280401840948148 22.751393530643206
580.5 25.281941752734166 22.752375353358808
581.0 25.283463308364517 22.753374474986245
581.5 25.284969030621877 22.75436102974298
582.0 25.286517072639608 22.755357082496257
582.5 25.288034685080902 22.756346439055612
583.0 25.289537756873308 22.757344543401786
583.5 25.291091719608552 22.758341693838624
584.0 25.29262012773437 22.759341036631646
584.5 25.29411799976927 22.76033076606474
585.0 25.29561838691519 22.761329154053207
585.5 25.297139876607634 22.762339142380604
586.0 25.298664006718514 22.76333157509574
586.5 25.30018209147919 22.76434361703483
587.0 25.30166364017655 22.76533443531317
587.5 25.303194760145207 22.766341477541637
588.0 25.304684298285125 22.76735234043153
588.5 25.3061824332511 22.768356417399133
589.0 25.307689501783102 22.769370128337897
589.5 25.309194619650214 22.770369426978565
590.0 25.31066803783885 22.771375078028292
590.5 25.312180508263125 22.772395646237207
591.0 25.313626902065558 22.77340496018214
591.5 25.315169824188665 22.774417236568524
592.0 25.31665319811414 22.77543051944238
592.5 25.31810325769412 22.7764494766528
593.0 25.319597783907497 22.77746229567463
593.5 25.32109492514921 22.77847884695919
594.0 25.3225716566271 22.77949755627986
594.5 25.324058008357927 22.78051933870556
595.0 25.325519135783665 22.78153427191487
595.5 25.32699750162077 22.782560128569532
596.0 25.32849105073084 22.783582740512692
596.5 25.329930713053322 22.784606620229187
597.0 25.33142536262288 22.78562764259263
597.5 25.332875912670467 22.78665551397989
598.0 25.3343472311904 22.787678902671452
598.5 25.33579667507974 22.78871416508663
599.0 25.337241047656565 22.78973843788098
599.5 25.338736592824166 22.79077127545135
600.0 25.340180366072165 22.791801123130963
600.5 25.341648141991563 22.79283245090127
601.0 25.343062104956896 22.79386779731319
601.5 25.344573581942534 22.794911158794257
602.0 25.34599800138105 22.79594014063712
602.5 25.34744070419308 22.796976240564867
603.0 25.348897875494536 22.79800536303825
603.5 25.350347045907373 22.799051073993425
604.0 25.351784319326587 22.800093842294725
604.5 25.353209614087557 22.80113058583614
605.0 25.35465933536354 22.80217411580945
605.5 25.356090636056837 22.803222656505874
606.0 25.357519064679202 22.804261927481605
606.5 25.35894150705516 22.805314758998207
607.0 25.360396791129798 22.80635623846301
607.5 25.361806498177284 22.807398815533727
608.0 25.363240905032796 22.808455840666447
608.5 25.364650905315944 22.809511151141095
609.0 25.366085686416845 22.81055439964652
609.5 25.367511718185565 22.81160254950826
610.0 25.36895104435284 22.812658449445415
610.5 25.37032625839059 22.813715510244137
611.0 25.371775809890803 22.814774561900144
611.5 25.37318873971401 22.815838191660134
612.0 25.374601444334584 22.816881853044443
612.5 25.375999917542075 22.817941271702715
613.0 25.37744693655953 22.819006769568855
613.5 25.37885319324085 22.820069577422895
614.0 25.38023918905227 22.821131235771688
614.5 25.381630093530223 22.822187963536436
615.0 25.38304761707144 22.82326558817887
615.5 25.38443237586204 22.824326434418012
616.0 25.38586475055661 22.825390919682732
616.5 25.3872415679793 22.826461510613004
617.0 25.388625148889194 22.8275304004885
617.5 25.390056928089024 22.828603546693408
618.0 25.391441770298467 22.82967722109668
618.5 25.392796907483245 22.830751405051316
619.0 25.394204853239696 22.831818513301837
619.5 25.395579443764234 22.832902111284106
620.0 25.397014073938934 22.833975406434213
620.5 25.398373658560658 22.835052634027463
621.0 25.399781029945537 22.836127899890066
621.5 25.40113840414483 22.837212517713642
622.0 25.402528657445664 22.83829878278075
622.5 25.40390267573363 22.83937408441517
623.0 25.405275569607642 22.840462426143787
