FastTrWP/PhaseSpace/IAs/snIa_0.50_30.00_-2.54_0.01.csv
# %ECSV 0.9
# ---
# datatype:
# - {name: time-rel, datatype: float64}
# - {name: g, datatype: float64}
# - {name: i, datatype: float64}
# schema: astropy-2.0
time-rel g i
[from data line 1776]
604.0 26.32194976412775 23.143303302105046
604.5 26.324234619892938 23.14430136785116
605.0 26.326521891455673 23.145304457794044
605.5 26.32878404582685 23.14629498615732
606.0 26.330992315612505 23.147297682895548
606.5 26.333244918091843 23.1482962773704
607.0 26.335443594225577 23.149292243721614
607.5 26.337665754409887 23.150287843695327
608.0 26.33982810682219 23.151289278745764
608.5 26.342011713934195 23.152295751374183
609.0 26.344193233862704 23.15331130696524
609.5 26.346282047346506 23.15430591771468
610.0 26.348444238717473 23.155300978800227
610.5 26.35056684940626 23.156306934575916
611.0 26.35267836757951 23.15731971726741
611.5 26.354741084834163 23.15832990161369
612.0 26.356829353375627 23.159335289737726
612.5 26.358885081384482 23.16034497910487
613.0 26.3609378504499 23.161349411190017
613.5 26.362973941142542 23.162359758362577
614.0 26.36498816818882 23.16337404951588
614.5 26.366995637273064 23.16439389071458
615.0 26.368945828951553 23.165396364362696
615.5 26.370885402092373 23.166414861735447
616.0 26.37286354413137 23.167428033203514
616.5 26.37475258996616 23.16844314495289
617.0 26.376664430955795 23.169464638526946
617.5 26.378594453161497 23.17047593282104
618.0 26.380438361200305 23.17149923077009
618.5 26.38231698037746 23.172516999692483
619.0 26.384168825856804 23.17353175470757
619.5 26.386013765665737 23.174559176414263
620.0 26.387817239506145 23.17558383424136
620.5 26.389575696863027 23.176602872024525
621.0 26.3913701870855 23.177629068193877
621.5 26.393139302470754 23.178646916130802
622.0 26.394894145028527 23.17967133161624
622.5 26.396578691088433 23.180705014523486
623.0 26.398307428578235 23.1817242974639
623.5 26.399932542507294 23.18275172917028
624.0 26.401610075028938 23.183784852605406
624.5 26.403301551225596 23.184806344758925
625.0 26.40491161865072 23.185834785351076
625.5 26.406466615205048 23.18687078438519
626.0 26.408078815807222 23.18789924746821
626.5 26.409684797053323 23.188934506267323
627.0 26.4111658627562 23.189968388762658
627.5 26.412734669466488 23.191006779050593
628.0 26.414248469153613 23.192036383860856
628.5 26.4156925217316 23.19307924149279
629.0 26.417180115935214 23.194114274021832
629.5 26.41862227767217 23.19515092618284
630.0 26.420037969825103 23.19618926503506
630.5 26.421472451362952 23.19723473681323
631.0 26.42285565616993 23.198270447054675
631.5 26.42422904810713 23.1993163123784
632.0 26.425584440234115 23.200353028838666
632.5 26.426939358686216 23.20139629973841
633.0 26.428241753820664 23.20243976063356
633.5 26.42955845284414 23.20348355264185
634.0 26.430813688189186 23.204532103756364
634.5 26.43212869072725 23.205584958537884
635.0 26.43333473761581 23.206632830618915
635.5 26.43461595061438 23.20769113372802
636.0 26.435805622698606 23.208726303391636
636.5 26.43699898505398 23.20977871695629
637.0 26.438162612668666 23.21083409826503
637.5 26.439278798262936 23.211892469944416
638.0 26.44041372731518 23.212940534226185
638.5 26.441555670921005 23.213999283300794
639.0 26.44269365315077 23.215054960913697
639.5 26.44367084164695 23.216099749037276
640.0 26.444757347900932 23.21716426850593
640.5 26.445806389609675 23.21822284220208
641.0 26.446812479249 23.21927942879084
641.5 26.447807171273304 23.220342273407812
642.0 26.448742571801237 23.221406987943137
642.5 26.449730995025252 23.222472550643477
643.0 26.45063985954274 23.223528296007274
643.5 26.45152344912333 23.224585547016623
644.0 26.45249261971935 23.22565675666638
644.5 26.4533407842743 23.226720392406683
645.0 26.45412026809952 23.227790746004583
645.5 26.454965756887688 23.228852652314778
646.0 26.4557419195029 23.229931957967324
646.5 26.45653276608521 23.230996317332796
647.0 26.457266830966493 23.23206504191362
647.5 26.4580239799281 23.233131476239194
648.0 26.458721359065514 23.234203893621313
648.5 26.459459143802228 23.235281058172383
649.0 26.46005920991759 23.236360288623594
649.5 26.46070500228243 23.237424346660966
650.0 26.461360744893373 23.23850736681461
650.5 26.461943977331245 23.23958635086466
651.0 26.462498150744924 23.24065616281194
651.5 26.463057686604515 23.24172697556029
652.0 26.463586119702068 23.24281096515355
652.5 26.464110786707728 23.243894109531972
653.0 26.46457906313319 23.244974777327702
653.5 26.46504101202622 23.24606048026656
654.0 26.465530729486062 23.247137049662268
654.5 26.465907950237508 23.24823038078386
655.0 26.466281648183614 23.24931349486007
655.5 26.46663601360961 23.25040048993597
656.0 26.46699541399872 23.25148396919299
656.5 26.467292265602413 23.252569733710075
657.0 26.467583023751704 23.25366897080613
657.5 26.4678627674129 23.25475201809664
658.0 26.46809584297403 23.25584103800351
658.5 26.468366404452432 23.256935065538325
659.0 26.468530202131216 23.258034313103494
659.5 26.46869487901825 23.259124217499224
660.0 26.46882549875144 23.260213145872875
660.5 26.468942884019242 23.261312654525348
661.0 26.469076538601882 23.262400476815465
661.5 26.46911337488727 23.263501429102682
662.0 26.469180816883874 23.264588354274217
662.5 26.46925372363473 23.26568626087004
663.0 26.469182870047195 23.26679720052784
663.5 26.46917525097857 23.267898572925173
664.0 26.46907071941088 23.26899027225352
664.5 26.469034062440244 23.270096905648053
665.0 26.468907989842112 23.2712075075618
665.5 26.468786767720246 23.272301567978108
666.0 26.468590106945605 23.273417135979166
666.5 26.468328381755196 23.27451610840807
667.0 26.468015259855974 23.2756360638971
667.5 26.46768047597954 23.276737502230237
668.0 26.46739441624404 23.277848754263957
668.5 26.466916290113165 23.278966819200477
669.0 26.466446789977383 23.280084519872574
669.5 26.46594486001383 23.281193349387372
670.0 26.465420580345263 23.28231408801627
670.5 26.464865555024033 23.283417197940743
671.0 26.46425751071797 23.2845523236695
671.5 26.46360339334184 23.28567540498788
672.0 26.462937400952246 23.286793905920025
672.5 26.46222461242192 23.287926099104066
673.0 26.461508748074984 23.289044403066285
673.5 26.460714059479148 23.290166818448377
674.0 26.459899411867053 23.291286056896258
674.5 26.45903335110367 23.292426009917868
675.0 26.458194412276384 23.29355139242979
675.5 26.457290437390597 23.29468395583408
676.0 26.45640489769403 23.295804409619496
676.5 26.455467212381095 23.296946664184922
677.0 26.45451569361881 23.29807966464533
677.5 26.45352783132563 23.29920521095326
678.0 26.452506751179705 23.30034666073413
678.5 26.4514665038535 23.301480996462907
679.0 26.450469055869736 23.302623100929736
679.5 26.44938898171315 23.303767611326627
680.0 26.448302571125275 23.304891552178827
680.5 26.447183908428855 23.30604055522583
681.0 26.446111311360955 23.307180141169056
681.5 26.44500536901831 23.30832016181663
682.0 26.44385587241505 23.309457971133163
682.5 26.442741017760937 23.31059773422283
683.0 26.441589269259428 23.31175782802774
683.5 26.440361542490685 23.31290150562357
684.0 26.43922097476176 23.314033028586255
684.5 26.4380634108417 23.31518352255198
685.0 26.436897782593043 23.31633670528611
685.5 26.435669438261318 23.31748727613164
686.0 26.434463731907336 23.31863039361163
686.5 26.43322143243385 23.31978181174168
687.0 26.432043187008215 23.320939210721324
687.5 26.43083593209209 23.3220792616356
688.0 26.429648036160923 23.323221346058986
688.5 26.428458691400166 23.324376055137343
689.0 26.427250950228288 23.32552325454102
689.5 26.426091604510486 23.32667821824867
690.0 26.424877081920553 23.327832892648033
690.5 26.423649026275807 23.3289875934705
691.0 26.422478280050456 23.330139125945777
691.5 26.421303461143385 23.3312916416951
692.0 26.420130641644146 23.332438653390955
692.5 26.4189697637263 23.333580032841578
693.0 26.41780760830628 23.334740281135744
693.5 26.41672954742271 23.3359005279274
694.0 26.415551453442315 23.33706361813536
694.5 26.41444367771875 23.33820255125467
695.0 26.413348143133703 23.33936553902927
695.5 26.41228625309209 23.340524733137457
696.0 26.41115838094619 23.341669806747962
696.5 26.41011526679177 23.342846654559004
697.0 26.409082235354905 23.343988303044444
697.5 26.408077737986027 23.345136533866572
698.0 26.40706901539147 23.34630038773401
698.5 26.406089602587834 23.34746085416626
699.0 26.40514212677091 23.34860476293333
699.5 26.404196003005318 23.349767304248225
700.0 26.403288648234856 23.350924291272968
700.5 26.40236823759794 23.352069796979652
701.0 26.401497302480387 23.35323752349087
701.5 26.40062064481566 23.354394633507614
702.0 26.399767952883323 23.3555443751287
702.5 26.39888996501361 23.35669987666316
703.0 26.397958084900143 23.357858598155026
703.5 26.397048898521533 23.359026129836167
704.0 26.396078453870416 23.36018607589505
704.5 26.395146796248095 23.3613388993668
705.0 26.39420129762591 23.362507310956747
705.5 26.393254541280932 23.36366757592866
706.0 26.39226653276851 23.36483564633751
706.5 26.391322861063877 23.365987529286958
707.0 26.390295936763096 23.36715912677906
707.5 26.389301713539876 23.36832165536827
708.0 26.388300107998482 23.36948965357233
708.5 26.387281030327173 23.3706563165417
709.0 26.386326033431622 23.37183139678234
709.5 26.385268716087282 23.373002066626928
710.0 26.384294989568822 23.374155017789345
710.5 26.383268938631872 23.375337794358156
711.0 26.382267640537663 23.376509592682076
711.5 26.38125664919093 23.377668358500525
712.0 26.380228074761405 23.37883465421269
712.5 26.379248614778426 23.38000214660243
713.0 26.3782519123351 23.381196803835685
713.5 26.377233778144525 23.382363990306988
714.0 26.376218593801827 23.38353990021281
714.5 26.375213451645926 23.3847008596618
715.0 26.37426092370845 23.385881573215993
715.5 26.373232691470317 23.387053600278822
716.0 26.372197573102927 23.388241195461795
716.5 26.37122706250956 23.389396108544723
717.0 26.37028451849865 23.390585086133306
717.5 26.36933094923327 23.391755772068294
718.0 26.368369227771865 23.392936359560906
718.5 26.36740856093234 23.39409808007388
719.0 26.366484993434437 23.39528618832127
719.5 26.36554812135932 23.39647118511184
720.0 26.364650780753152 23.39763600747596
720.5 26.363688568724662 23.398811861205
721.0 26.362818292763286 23.399997250628765
721.5 26.36191724843899 23.4011697464485
722.0 26.36108282708259 23.402349588588258
722.5 26.36023357015022 23.403516456571467
723.0 26.359385310651014 23.404701913435233
723.5 26.358571629311655 23.405880447449064
724.0 26.357746645483257 23.40704028602229
724.5 26.35697717279404 23.4082196489872
725.0 26.356200084567764 23.409404162169643
725.5 26.355424432508848 23.410570729669598
726.0 26.354713216502546 23.411755607431726
726.5 26.35394927842271 23.41293902476505
727.0 26.353243019582216 23.414111592428007
727.5 26.352600330361987 23.415284231725803
728.0 26.351908878784872 23.416467270060735
728.5 26.35129832071985 23.417637364763458
729.0 26.350649583879328 23.418809010942283
729.5 26.350077409256766 23.41998182501035
730.0 26.34947914751709 23.421160182668785
730.5 26.348938106884603 23.42232995750916
731.0 26.34841168002768 23.423507898507623
731.5 26.347927248915898 23.42467336148678
732.0 26.347437878867087 23.425851105932537
732.5 26.347022225999513 23.427028761296313
733.0 26.346564941361457 23.42820700997896
733.5 26.346177571659606 23.429370940563267
734.0 26.345813190300646 23.43054119279553
734.5 26.345468956920616 23.431703646831018
735.0 26.345191733527 23.432883333458058
735.5 26.344903084771673 23.434045777503435
736.0 26.344627535800388 23.43521931464416
736.5 26.344437621861147 23.436396609831505
737.0 26.34426515507771 23.437555681265117
737.5 26.344110860505808 23.43871958627333
738.0 26.343941292859753 23.439899351199518
738.5 26.343797130879278 23.441059690228055
739.0 26.34369094284844 23.442226784082322
739.5 26.343599521094987 23.44339171160577
740.0 26.343473723977834 23.444561660743688
740.5 26.3434402263246 23.44572113898436
741.0 26.34344360814223 23.44690057876456
741.5 26.34338399588414 23.44807105608385
742.0 26.34333566070908 23.44922646237737
742.5 26.34334913822333 23.450390193467776
743.0 26.343384236902455 23.451560121378158
743.5 26.343392162965742 23.45272477743942
744.0 26.34347370038413 23.453898131016985
744.5 26.34348899501058 23.455047798003136
745.0 26.34360498298056 23.456222782640467
745.5 26.343706140607726 23.45739930510962
746.0 26.343788420832688 23.458561705860376
746.5 26.343958552441332 23.45972929048034
747.0 26.34404829767721 23.46090218802777
747.5 26.34427186775962 23.462074245242682
748.0 26.34442703935253 23.463235128065328
748.5 26.34463884128373 23.464399237388676
749.0 26.344894626225734 23.465575014617464
749.5 26.3450813796766 23.466734995160454
750.0 26.34531720146146 23.467896890225642
750.5 26.34558379663618 23.46906199640683
751.0 26.345876574690784 23.47023219977641
751.5 26.346194281766138 23.47140012292869
752.0 26.346461889759514 23.47255471935766
752.5 26.3467986139459 23.473717389061775
753.0 26.34715136264393 23.474884497696692
753.5 26.347558670794413 23.47603745776167
754.0 26.347910047078287 23.477222968686434
754.5 26.348313685228526 23.478373297177523
755.0 26.348703486447246 23.479534301039568
755.5 26.34919550964046 23.480709712866133
756.0 26.349603684521945 23.481864853600523
756.5 26.350066788885577 23.48302467556771
757.0 26.350543192990216 23.48418178819546
757.5 26.351094493464323 23.485343268930755
758.0 26.35157965945012 23.486511886385756
758.5 26.35214220861028 23.48766725774609
759.0 26.352662978084386 23.488835610265113
759.5 26.35324799378784 23.489966284365885
760.0 26.353865540607885 23.49114308551536
760.5 26.35444331044947 23.49229886261783
761.0 26.355079106428484 23.49346241745701
761.5 26.355778530436016 23.49461612325095
762.0 26.356427300510518 23.49577389818457
762.5 26.357068724638456 23.496925597660663
763.0 26.357771623954257 23.49808500718146
763.5 26.358509201942105 23.499238496802647
764.0 26.359225692935794 23.500383661285987
764.5 26.359976455492685 23.501547607711913
765.0 26.360765289123933 23.502707145481004
765.5 26.36155017867098 23.503865310229465
766.0 26.362340575067886 23.505005898253838
766.5 26.363145256261042 23.5061530621374
767.0 26.36398778317474 23.507310855656037
767.5 26.36486710562926 23.50845835079472
768.0 26.36575432762691 23.509608974381884
768.5 26.366623862869258 23.51074793066025
769.0 26.367581961087684 23.511907921321086
769.5 26.368465741616923 23.51304631038861
770.0 26.36942358755146 23.514189531459152
770.5 26.370404828491402 23.515343499864443
771.0 26.37141569524141 23.51648573935016
771.5 26.372451717834885 23.51763186718879
772.0 26.373479000103266 23.518772495214208
772.5 26.37452280308277 23.519917063568677
773.0 26.375590340454114 23.521061586598726
773.5 26.376681877702133 23.522203083744376
774.0 26.37776809965915 23.52334651891445
774.5 26.37891898465211 23.52448506937006
775.0 26.380040845871573 23.525616614175636
775.5 26.38121460672665 23.52675755287157
776.0 26.382395175624783 23.527907394941174
776.5 26.3836181621434 23.52903706723182
777.0 26.384835216925072 23.53018290677188
777.5 26.386102028972775 23.5313100086698
778.0 26.387338533744543 23.532443644367206
778.5 26.388659936454467 23.53358894357967
779.0 26.389927521291057 23.53472097827798
779.5 26.39126987018152 23.535872686408336
780.0 26.392610636169 23.53699256427856
780.5 26.393960971047022 23.538122678885113
781.0 26.395386955772246 23.53926620844436
781.5 26.396778267875444 23.540387727684127
782.0 26.398204684213834 23.541538944885197
782.5 26.399644636192715 23.542662919841874
783.0 26.401136140880727 23.5437834047606
783.5 26.40260696140504 23.544921196184056
784.0 26.404106115504277 23.546055575983615
784.5 26.40562390505249 23.547177451125798
785.0 26.407192744548624 23.54831430161942
785.5 26.40873498358932 23.54943573923179
786.0 26.410321338113327 23.550571676216855
786.5 26.411977945738627 23.551689962305463
787.0 26.413584064534188 23.55281487306268
787.5 26.415195611019602 23.553952547159625
788.0 26.416902382647407 23.55506303572161
788.5 26.418620234826356 23.556194329956263
789.0 26.420286630894104 23.557313565583307
