FastTrWP/PhaseSpace/IAs/snIa_0.30_30.00_-0.28_0.10.csv
# %ECSV 0.9
# ---
# datatype:
# - {name: time-rel, datatype: float64}
# - {name: g, datatype: float64}
# - {name: i, datatype: float64}
# schema: astropy-2.0
time-rel g i
[from data line 355]
-246.5 23.706289032321315 23.30590620420508
-246.0 23.70220197595188 23.302402379037797
-245.50000000000006 23.69811676358855 23.298912086230956
-245.0 23.694041827640756 23.29541973491603
-244.5 23.689972950576074 23.291948504305203
-244.00000000000006 23.685915460024475 23.288469468378498
-243.5 23.681876336508026 23.284982838072935
-243.0 23.677821539489535 23.281521570131034
-242.50000000000006 23.673788965267022 23.27806503280533
-242.0 23.669763538076033 23.274602196989452
-241.5 23.665736984190232 23.271157042350428
-241.00000000000006 23.66172885511415 23.26771011531035
-240.5 23.657733725258243 23.264269394631718
-240.0 23.653738135102632 23.260840651017855
-239.50000000000006 23.64974724216909 23.257404098107067
-239.0 23.64576941988637 23.25397194480965
-238.5 23.641804339668823 23.250563696099263
-238.00000000000006 23.637826222119116 23.247155284100177
-237.5 23.63386499884517 23.24375181516759
-237.0 23.62991852441634 23.24035077643519
-236.50000000000006 23.625964112727935 23.23695173802651
-236.0 23.62203010489063 23.233559014018375
-235.5 23.618098044259273 23.230175405798764
-235.00000000000006 23.614182878163387 23.226791955715527
-234.5 23.61026178273768 23.223416823516764
-234.0 23.60634595956567 23.220049525798725
-233.50000000000006 23.60245031092029 23.216685537486374
-233.0 23.598542993927452 23.213322443155025
-232.5 23.59465625481096 23.2099652451232
-232.00000000000006 23.590770966062834 23.206611423218547
-231.5 23.586900962550004 23.203266264036845
-231.0 23.583032145476103 23.19992536697884
-230.50000000000006 23.57915988189191 23.19659331189195
-230.0 23.575315154872936 23.19325598567136
-229.5 23.5714582240821 23.18993385686626
-229.00000000000006 23.567612124150084 23.186604593930305
-228.5 23.56377019213003 23.183284436621108
-228.0 23.55992505335978 23.179951496949997
-227.50000000000006 23.556073180982846 23.176625453720405
-227.0 23.552230219888216 23.173303053390928
-226.5 23.548377023143384 23.169973838784212
-226.00000000000006 23.544515586353313 23.166649910934346
-225.5 23.540668517194888 23.163334051305725
-225.0 23.53682410180202 23.1600018937235
-224.50000000000006 23.532965324042653 23.15666541020827
-224.0 23.529119262222068 23.153340547261752
-223.5 23.525270447532655 23.150022437874227
-223.00000000000006 23.52142363290976 23.146693408872167
-222.5 23.517573268072827 23.143373155630947
-222.0 23.51373150011173 23.140058270055775
-221.50000000000006 23.50989989522474 23.136739444772484
-221.0 23.50607014559728 23.133428754896926
-220.5 23.502239011495814 23.130116982700372
-220.00000000000006 23.49841247170694 23.12681561349999
-219.5 23.494598119674727 23.123513648653365
-219.0 23.490782332306495 23.12022234495869
-218.50000000000006 23.486977973085544 23.11693039131526
-218.0 23.483184508890265 23.113642653950496
-217.5 23.479386736124944 23.110363421642496
-217.00000000000006 23.4756025196152 23.107080481530936
-216.5 23.47182418224222 23.10381352823807
-216.0 23.468070010268548 23.100551552702374
-215.50000000000006 23.464320520531707 23.097306666496973
-215.0 23.4605637421146 23.09405093098183
-214.5 23.456831430494276 23.090807060225163
-214.00000000000006 23.453106357704698 23.087571323286955
-213.5 23.44938495282438 23.084358731812674
-213.0 23.44568875844159 23.081135147135143
-212.50000000000006 23.44199524951457 23.077920241227634
-212.0 23.43832026247029 23.07473235673591
-211.5 23.43464673919407 23.071538322938856
-211.00000000000006 23.430989224217083 23.068353517638883
-210.5 23.427356646839222 23.065182981746617
-210.0 23.423720940615787 23.06201962682794
-209.50000000000006 23.420110192095365 23.058869074950582
-209.0 23.41650639453031 23.055733662388906
-208.5 23.412924908639813 23.052597987191454
-208.00000000000006 23.40935177783852 23.049481904410666
-207.5 23.40578948042221 23.04638266063959
-207.0 23.402260598493015 23.04328253350818
-206.50000000000006 23.398738969287347 23.040197434639353
-206.0 23.395233724358636 23.037124890000147
-205.5 23.3917317007116 23.034059084482053
-205.00000000000006 23.38827742891575 23.0310156343665
-204.5 23.384810884160107 23.0279802800708
-204.0 23.381358095637385 23.024952451638402
-203.50000000000006 23.37794628625756 23.021956191634448
-203.0 23.374539209520186 23.01895373984368
-202.5 23.371149048216076 23.015979261286557
-202.00000000000006 23.367786467849662 23.01300026469173
-201.5 23.364448187686722 23.010050802600105
-201.0 23.361110438389638 23.007107789730732
-200.50000000000006 23.357801016438863 23.00417737120506
-200.0 23.35449312119286 23.00127185262458
-199.5 23.351241691588164 22.998374747166963
-199.00000000000006 23.347990000640827 22.995496786948042
-198.5 23.34474881025123 22.9926315814567
-198.0 23.34156113270687 22.989783978198894
-197.50000000000006 23.3383676676709 22.986943796428115
-197.0 23.335188927141765 22.984110679466518
-196.5 23.332021253521606 22.981293950261875
-196.00000000000006 23.328856201361337 22.978484139325737
-195.5 23.32571343673656 22.975670730881728
-195.0 23.32255493464489 22.97287783429697
-194.50000000000006 23.319427073081247 22.970080652491607
-194.0 23.31630292590862 22.967298383453585
-193.5 23.31319577667926 22.964516879749016
-193.00000000000006 23.3100802637488 22.96174169140379
-192.5 23.306981717716138 22.958973416950062
-192.0 23.303885383311762 22.9562191459935
-191.50000000000006 23.30081861047285 22.95347013005394
-191.0 23.29774906572694 22.950722331426007
-190.5 23.29468755040944 22.947992929585492
-190.00000000000006 23.29163614579835 22.945263818896052
-189.5 23.288595134726222 22.942544338760378
-189.0 23.285580821840593 22.939836735073982
-188.50000000000006 23.28256893438162 22.937134506444306
-188.0 23.279559378775822 22.93444807505813
-187.5 23.27656758007345 22.93174897663372
-187.00000000000006 23.27358650374295 22.929076819852455
-186.5 23.270608855563538 22.92641501137334
-186.0 23.267649869120667 22.923745126425217
-185.50000000000006 23.26471102608293 22.92110066129263
-185.0 23.26177073449058 22.918462724072995
-184.5 23.258841034140048 22.91582386353799
-184.00000000000006 23.255930393708034 22.913203840131857
-183.5 23.25302754859708 22.91059097431357
-183.0 23.250140069391932 22.907972209031424
-182.50000000000006 23.247264280137884 22.905385891605967
-182.0 23.244408840022395 22.90280747897284
-181.5 23.241544740277348 22.900231804952433
-181.00000000000006 23.23871391628709 22.897655349853085
-180.5 23.23589278342846 22.895113217975727
-180.0 23.23307233293853 22.892553375586807
-179.50000000000006 23.23027141811528 22.890025784690767
-179.0 23.227494257944837 22.887492120184284
-178.5 23.2247162888636 22.884978663262793
-178.00000000000006 23.22196029112614 22.88247770723437
-177.5 23.21921577750011 22.879969560041637
-177.0 23.21648533792208 22.8774938504073
-176.50000000000006 23.21376328239802 22.875023391119115
-176.0 23.21105577339852 22.872550261809536
-175.5 23.208366587855373 22.870098888684062
-175.00000000000006 23.205693562843525 22.867654825009012
-174.5 23.203036464281244 22.865228723431557
-174.0 23.20038524101266 22.86280275645153
-173.50000000000006 23.197751083099053 22.860399232633533
-173.0 23.19513485643163 22.85800221445163
-172.5 23.192518760189714 22.855614602204895
-172.00000000000006 23.189944235545383 22.85323870189005
-171.5 23.18737194436048 22.850876481871122
-171.0 23.184799137193014 22.848523094561898
-170.50000000000006 23.182267584607597 22.846182847457072
-170.0 23.179737923886094 22.843854879860416
-169.5 23.1772229927049 22.841536110667494
-169.00000000000006 23.174719492163813 22.839230731500617
-168.5 23.172236683849423 22.836933435846476
-168.0 23.169779579620396 22.83465698094155
-167.50000000000006 23.16732765507271 22.832385022203752
-167.0 23.16487726433351 22.83012162557059
-166.5 23.16246059861863 22.827883869217413
-166.00000000000006 23.160054799072363 22.825647567862568
-165.5 23.15766346398819 22.823421788321344
-165.0 23.155289288542015 22.82119864934152
-164.50000000000006 23.15291803085048 22.81899648901109
-164.0 23.15054259114862 22.81679364369328
-163.5 23.148205196503202 22.814604219739294
-163.00000000000006 23.145854359089988 22.812421548990063
-162.5 23.143538418280936 22.810247571083618
-162.0 23.14122672811678 22.8080764564834
-161.50000000000006 23.138911911944135 22.805918767094372
-161.0 23.136621909261684 22.8037738725069
-160.5 23.134340165925764 22.801643803880587
-160.00000000000006 23.132059064666034 22.799514876057785
-159.5 23.129797405015253 22.797392307244788
-159.0 23.127552638359 22.795282122184737
-158.50000000000006 23.125310278428614 22.793169707873687
-158.0 23.123083419959677 22.79107454523826
-157.5 23.120867521454272 22.78899077714927
-157.00000000000006 23.11866341388402 22.78691789055067
-156.5 23.116470124639417 22.784843455740468
-156.0 23.114281365253806 22.782770862959513
-155.5 23.112107322877723 22.780719546871794
-155.0 23.109942999396505 22.778675754339616
-154.5 23.10779057642993 22.776651182344597
-154.0 23.10565454426124 22.774615575401477
-153.5 23.103507615722027 22.7725965136539
-153.0 23.10139405752078 22.770585165810378
-152.5 23.099290360298763 22.768572686520827
-152.0 23.09718836684873 22.766592415592296
-151.5 23.09510405183734 22.764599249404725
-151.0 23.093017389507256 22.762620664898485
-150.5 23.090949469981506 22.76064674802587
-150.0 23.08889346284113 22.758686471931526
-149.5 23.08684441279224 22.75673295404809
-149.0 23.084814094669564 22.75479327194443
-148.5 23.082773254459234 22.75284747899849
-148.0 23.08077108122462 22.750926151638588
-147.5 23.078761351532115 22.749002591607482
-147.0 23.07676218723332 22.747086339800173
-146.5 23.07478376030268 22.745187780967584
-146.0 23.07281492582628 22.74328132149785
-145.5 23.07084398351408 22.74139476183956
-145.0 23.06889801135272 22.739520933676424
-144.5 23.06694273182574 22.737639894411224
-144.0 23.065010390717067 22.735782485215218
-143.5 23.063088783671816 22.73391913884602
-143.0 23.0611822371571 22.73207493431127
-142.5 23.059275606452854 22.7302301139952
-142.0 23.05738188420368 22.72840230476072
-141.5 23.055504097173593 22.726571896577585
-141.0 23.053636839204717 22.724764872881174
-140.5 23.05175352565528 22.722950937390006
-140.0 23.049909777374516 22.721152818251692
-139.5 23.04807142107827 22.719359325320415
-139.0 23.04623997679787 22.71756945015087
-138.5 23.044423778219375 22.71579576347831
-138.0 23.04260284755403 22.714022352941143
-137.5 23.040800223083888 22.712264938896652
-137.0 23.039014634527646 22.7105087189347
-136.5 23.03723226558203 22.708758597576292
-136.0 23.035462454682026 22.707012862950492
-135.5 23.033696260367208 22.70528542119491
-135.0 23.03193710691619 22.703572917417098
-134.5 23.030199854539845 22.70185271962841
-134.0 23.028460187317425 22.700136658945674
-133.5 23.026744698021382 22.69843590994663
-133.0 23.025014985054533 22.69674751735748
-132.5 23.02329694694755 22.695042929723115
-132.0 23.021605176610297 22.69337162302779
-131.5 23.019910061777296 22.69169981928639
-131.0 23.01822887355753 22.690021472292358
-130.5 23.01654563056479 22.688361309967313
-130.0 23.014889078566682 22.686710413705207
-129.5 23.01322193693683 22.685056545264448
-129.0 23.011571185187446 22.68341017123122
-128.5 23.009943393898848 22.68177507597994
-128.0 23.008299407687375 22.680155644996
-127.5 23.006681695769885 22.67853638556081
-127.0 23.00506894138103 22.676920047870755
-126.5 23.00344738858136 22.67530363990634
-126.0 23.0018526225256 22.673700660625975
-125.5 23.00027044313461 22.672101452400113
-125.0 22.998679627911546 22.670518989011423
-124.5 22.997105792817614 22.66893606875035
-124.0 22.995549897181498 22.667362559000207
-123.5 22.993985977473763 22.665799823040807
-123.0 22.99243349537171 22.664233089847862
-122.5 22.990910122690117 22.6626909387436
-122.0 22.989367570972217 22.66113200919387
-121.5 22.987849954635116 22.65958742763229
-121.0 22.986335778267044 22.658063727128738
-120.5 22.984836216325384 22.656534872109088
-120.0 22.983343868408458 22.655014990163984
-119.5 22.981852726321165 22.653492350211692
-119.0 22.980370303312533 22.651992993583203
-118.5 22.97889606776916 22.65049511682268
-118.0 22.977439637122544 22.64899901386777
-117.5 22.975993144874497 22.647518694409992
-117.0 22.97454277878204 22.64603657063859
-116.5 22.97311257153927 22.644560100609542
-116.0 22.97168001786504 22.643100635606196
-115.5 22.970263329916023 22.64164094453609
-115.0 22.968859174229415 22.640181873944805
-114.5 22.96745150733433 22.638735243777898
-114.0 22.966059320893173 22.637296067299708
-113.5 22.964677655484923 22.635857883165432
-113.0 22.96330511696839 22.63444913377554
-112.5 22.96194182176177 22.633018370100324
-112.0 22.960587118218786 22.631611278848286
-111.5 22.959232104591926 22.6302089654758
-111.0 22.957890574110095 22.6288104122453
-110.5 22.956565092882407 22.627420528799767
-110.0 22.955241240064097 22.626036912478703
-109.5 22.953926239267233 22.624661213435203
-109.0 22.952625086356264 22.623289174852317
-108.5 22.9513282730108 22.621921170231193
-108.0 22.95004569061809 22.620560879895194
-107.5 22.94876620985479 22.61921072302391
-107.0 22.9474930571859 22.61787157519871
-106.5 22.946232631563113 22.616533907414556
-106.0 22.944981308737344 22.615206647574084
-105.5 22.943742987993886 22.61389034991156
-105.0 22.94250330429619 22.61257101404212
-104.5 22.94127928099339 22.611263016214235
-104.0 22.94006131449249 22.609962061311386
-103.5 22.938854653788518 22.60866176332121
-103.0 22.937660602082325 22.607379810092617
-102.5 22.9364579448467 22.60609542667161
-102.0 22.935282460574143 22.60481953330256
-101.5 22.934106476843557 22.603552579683882
-101.0 22.932936868689268 22.602291062837576
-100.5 22.93177584103974 22.601037788498495
-100.0 22.93063951829716 22.59979416261419
-99.5 22.929492652762 22.59854140081338
-99.0 22.92835460683544 22.597315306162837
-98.5 22.927229355359483 22.59609113957037
-98.0 22.926114984100852 22.594868585519716
-97.5 22.925003454754208 22.59364874604929
-97.0 22.92390182474167 22.59243917490622
-96.5 22.922799720473243 22.59124034698872
-96.0 22.921717327614395 22.590036308417556
-95.5 22.920640816140384 22.58885230802429
-95.0 22.919579651963815 22.587665864776646
-94.5 22.91851026133257 22.586487086356605
-94.0 22.917443514316727 22.5853074263581
-93.5 22.91639972140141 22.584151483785604
-93.0 22.915359607452515 22.582994921803888
-92.5 22.91433964856896 22.5818311487907
-92.0 22.913309330934887 22.580689463602603
-91.5 22.912287978207793 22.57954183568087
-91.0 22.911279289484995 22.57839977030718
-90.5 22.91027053965376 22.57727752077028
-90.0 22.909273231373962 22.5761464599129
-89.5 22.908291017516763 22.575025545161754
-89.0 22.90730444664629 22.573913138892088
-88.5 22.90632952327688 22.572801716822184
-88.0 22.905374310417375 22.57169414491202
-87.5 22.904407242954456 22.57059820617824
-87.0 22.903452602025702 22.56951139252235
-86.5 22.90251959120535 22.568418503708596
-86.0 22.901578034355406 22.567336184708637
-85.5 22.900638889620012 22.56625570938969
-85.0 22.899721596360983 22.56518685270054
-84.5 22.898798728112332 22.564121090492474
-84.0 22.89788885011346 22.563055341000236
-83.5 22.896994022305815 22.561992200523683
-83.0 22.89609663469269 22.56094814751462
-82.5 22.89520200135055 22.55989827775503
-82.0 22.894319976114904 22.558850913828294
-81.5 22.893444195827573 22.557817865114345
-81.0 22.8925766773277 22.55678578818616
-80.5 22.891720428666996 22.55575288948926
-80.0 22.890855830002415 22.55473407810344
-79.5 22.89001005662485 22.553715710116066
-79.0 22.88917527761456 22.552692801130263
-78.5 22.888324946322992 22.551689511042564
-78.0 22.887501364346846 22.550679049680262
-77.5 22.88668098824835 22.549685322705848
-77.0 22.885867880814192 22.548686889943728
-76.5 22.885057490902703 22.547694784494894
-76.0 22.88425946116456 22.54670471838381
-75.5 22.883458803300623 22.545723623379654
-75.0 22.882668957739742 22.544741242321457
-74.5 22.88188336253064 22.543767751331583
