FastTrWP/PhaseSpace/IAs/snIa_0.35_30.00_1.07_0.16.csv
# %ECSV 0.9
# ---
# datatype:
# - {name: time-rel, datatype: float64}
# - {name: g, datatype: float64}
# - {name: i, datatype: float64}
# schema: astropy-2.0
time-rel g i
[from data line 576]
457.5416666666667 23.251155957112317 22.662481812139884
458.04166666666663 23.249312579585265 22.66066585247136
458.5416666666667 23.24748197783171 22.65884921622655
459.0416666666667 23.245657461999837 22.657039689031457
459.54166666666663 23.243839455202746 22.65524018191971
460.0416666666667 23.242040611961375 22.653454366371115
460.5416666666667 23.240259944474317 22.651660030440198
461.04166666666663 23.238470810875327 22.64988871734181
461.5416666666667 23.236700837026405 22.648117705784678
462.0416666666667 23.234932474580063 22.646356462714973
462.54166666666663 23.233181641957867 22.64460101811484
463.0416666666667 23.23144859446057 22.642849011867398
463.5416666666667 23.22972726387767 22.64111059221954
464.04166666666663 23.228004237347637 22.639385694760104
464.5416666666667 23.226301730021635 22.637656485928886
465.0416666666667 23.22460237633689 22.63593845151665
465.54166666666663 23.222918183330115 22.63423514575297
466.0416666666667 23.22123224280204 22.63253114740254
466.5416666666667 23.21956548748598 22.630843197373586
467.04166666666663 23.217921885779454 22.629160888277546
467.5416666666667 23.216273182976263 22.627481884100185
468.0416666666667 23.214635957957952 22.6258092965297
468.54166666666663 23.21300435816367 22.62414254697111
469.0416666666667 23.21138256758185 22.622478126747403
469.5416666666667 23.209778505454505 22.620827379452745
470.04166666666663 23.20816381963771 22.619178083650986
470.5416666666667 23.20657100898255 22.61753241094912
471.0416666666667 23.2049818555614 22.615901079809
471.54166666666663 23.20340600093045 22.614268342046895
472.0416666666667 23.20182707910185 22.612649760785214
472.5416666666667 23.200255779609797 22.611022318475523
473.04166666666663 23.19869719560108 22.609416159036964
473.5416666666667 23.19715962632152 22.607809230677788
474.0416666666667 23.19560537495577 22.606208509200414
474.54166666666663 23.194080202377716 22.604605901087062
475.0416666666667 23.192558295431127 22.603019824068756
475.5416666666667 23.191032916189723 22.601440897631235
476.04166666666663 23.189518207501763 22.5998561437228
476.5416666666667 23.188025634035036 22.598287491709392
477.0416666666667 23.18652663072958 22.5967149143842
477.54166666666663 23.18504477743733 22.595158537446704
478.0416666666667 23.18356879381747 22.593608266062798
478.5416666666667 23.182082762866585 22.592055318940577
479.04166666666663 23.180636778828735 22.590516293994312
479.5416666666667 23.179178140973615 22.588972931960708
480.0416666666667 23.177730033223938 22.587445809015456
480.54166666666663 23.176293317375404 22.585914736889606
481.0416666666667 23.174861913479454 22.58440016743147
481.5416666666667 23.173440497756012 22.582892515151087
482.04166666666663 23.17203017505401 22.581381930217578
482.5416666666667 23.170615284132012 22.579876071633144
483.0416666666667 23.16922091675679 22.578385279505785
483.54166666666663 23.167824259552397 22.576891914291686
484.0416666666667 23.16644000176816 22.575407986334504
484.5416666666667 23.165067317042315 22.573928152907538
485.04166666666663 23.16370631481537 22.57245405339092
485.5416666666667 23.162341562968084 22.57098628883019
486.0416666666667 23.160985100518605 22.5695254318111
486.5416666666667 23.159645256110828 22.5680746519781
487.0416666666667 23.158309547291694 22.566622929333178
487.5416666666667 23.15698363218447 22.56517823662319
488.0416666666667 23.155667641099107 22.563743494167284
488.5416666666667 23.154347599664227 22.56230728125829
489.0416666666667 23.153047162382194 22.560881883417462
489.5416666666667 23.15174677505244 22.559459545732672
490.0416666666667 23.150462904847696 22.55804582257571
490.5416666666667 23.149178494032135 22.55662948309695
491.0416666666667 23.147913545246066 22.55523070518135
491.5416666666667 23.146638030631067 22.553833410484238
492.0416666666667 23.145392736800456 22.552437643027197
492.5416666666667 23.144142001135748 22.551046085061014
493.0416666666667 23.14290331193636 22.54966640246291
493.5416666666667 23.141664290088237 22.54829709012723
494.0416666666667 23.140443086774255 22.54692414316031
494.5416666666667 23.139216380533007 22.545556660950204
495.0416666666667 23.138012289579578 22.544195275078536
495.5416666666667 23.136805006562202 22.542844085767427
496.0416666666667 23.135623688116826 22.54149583292618
496.5416666666667 23.13444138438483 22.54015791479911
497.0416666666667 23.13326685874515 22.538822857082966
497.5416666666667 23.132089325883047 22.537497233345256
498.0416666666667 23.1309311547193 22.536168132614304
498.5416666666667 23.129769584605274 22.534846939506558
499.0416666666667 23.128630030511914 22.53353449511012
499.5416666666667 23.12749122671882 22.53222424431923
500.0416666666667 23.126364845234097 22.530917702169862
500.5416666666667 23.125237581446147 22.529624908476237
501.0416666666667 23.124115959890183 22.52832846441327
501.5416666666667 23.122997789415813 22.527043527176343
502.0416666666667 23.121900382281574 22.52576036645312
502.5416666666667 23.120801508702364 22.52447989657486
503.0416666666667 23.11971442315169 22.523202718980244
503.5416666666667 23.11862137352662 22.521939332878198
504.0416666666667 23.1175438172875 22.520673225722177
504.5416666666667 23.116487266840956 22.519415088301706
505.0416666666667 23.115405698935763 22.518158327652834
505.5416666666667 23.11435378894343 22.516904230971857
506.0416666666667 23.11329097719319 22.515664372005407
506.5416666666667 23.112247837309454 22.514425354726413
507.0416666666667 23.111223011131436 22.513190037453615
507.5416666666667 23.1101860792542 22.511960992675224
508.0416666666667 23.1091644873728 22.510736524924372
508.5416666666667 23.10813990798117 22.50951739878626
509.0416666666667 23.10714599523657 22.5082978108084
509.5416666666667 23.10614153970075 22.507089598633797
510.0416666666667 23.105144958134535 22.505876366468552
510.5416666666667 23.104153141494486 22.504687687010872
511.0416666666667 23.103180908698207 22.50348976750486
511.5416666666667 23.102200321300373 22.50229917725697
512.0416666666666 23.10122915817162 22.501117326562753
512.5416666666666 23.100261529109744 22.499934312027676
513.0416666666666 23.099306289889693 22.498752922830395
513.5416666666666 23.098368021112464 22.497591347111513
514.0416666666666 23.097434201513735 22.496424127847607
514.5416666666666 23.096492123684584 22.49526303580904
515.0416666666666 23.0955698214852 22.494107244507635
515.5416666666666 23.09465128729405 22.492960842152016
516.0416666666666 23.09373927787859 22.491810177234118
516.5416666666666 23.09283524348691 22.490672720859784
517.0416666666666 23.09194583958211 22.489535878480563
517.5416666666666 23.09104127695018 22.488412711605296
518.0416666666666 23.090175607745472 22.4872835635842
518.5416666666666 23.08929321999478 22.486162635074038
519.0416666666666 23.08842011990034 22.485053957385798
519.5416666666666 23.087559040387614 22.483940564282598
520.0416666666666 23.08670883498022 22.482838791009566
520.5416666666666 23.085868574098537 22.481733783409492
521.0416666666666 23.085023126680632 22.480639935522298
521.5416666666666 23.084191735492617 22.479554779327685
522.0416666666666 23.083369592180215 22.47846910850513
522.5416666666666 23.08254851032803 22.477390667403036
523.0416666666666 23.08174436932238 22.47632230307124
523.5416666666666 23.08094025038529 22.4752489148938
524.0416666666666 23.080145139384854 22.474188991974504
524.5416666666666 23.079353636560633 22.473128173258022
525.0416666666666 23.078582882239004 22.472075990221985
525.5416666666666 23.077801665166092 22.471025444003786
526.0416666666666 23.07703610460361 22.469987329537936
526.5416666666666 23.076289634058142 22.46894799334459
527.0416666666666 23.07553790909146 22.467915132961245
527.5416666666666 23.074792974297157 22.46688683183633
528.0416666666666 23.074058233458494 22.46586554073001
528.5416666666666 23.073341880056827 22.464858122605907
529.0416666666666 23.0726152472678 22.463837262086656
529.5416666666666 23.071907844579105 22.462836980583766
530.0416666666666 23.07120826571248 22.461836348944495
530.5416666666666 23.070502761584404 22.460840390164453
531.0416666666666 23.06982196402229 22.459845427373118
531.5416666666666 23.069136377362614 22.458865904653283
532.0416666666666 23.068464686837267 22.4578895465026
532.5416666666666 23.067808023889693 22.4569090042238
533.0416666666666 23.067144803509763 22.455942676445524
533.5416666666666 23.066495949075016 22.454978297405425
534.0416666666666 23.06585447874628 22.454024015580487
534.5416666666666 23.0652173108765 22.453062326621133
535.0416666666666 23.064598238093197 22.452122207459837
535.5416666666666 23.063980937393215 22.451177963428815
536.0416666666666 23.06335971963087 22.450238290431912
536.5416666666666 23.06276414787586 22.449310440473536
537.0416666666666 23.062179123532385 22.448374002032388
537.5416666666666 23.06159290657466 22.447458057020313
538.0416666666666 23.061001088152935 22.446537603614804
538.5416666666666 23.06043094891983 22.44562557756697
539.0416666666666 23.059862098835588 22.44471196194784
539.5416666666666 23.059310555563158 22.443810301761467
540.0416666666666 23.058755049472012 22.442917733024213
540.5416666666666 23.058201960561995 22.442023739612495
541.0416666666666 23.057676294013252 22.44113242419529
541.5416666666666 23.057139320033897 22.44025151878606
542.0416666666666 23.056613576843034 22.439372268058136
542.5416666666666 23.056103949541267 22.43849413188302
543.0416666666666 23.05558966793004 22.43762027746682
543.5416666666666 23.055086456077547 22.436754629082962
544.0416666666666 23.054580428307258 22.43590308937626
544.5416666666666 23.054097135264314 22.43504099342305
545.0416666666666 23.05361382834206 22.434185644051503
545.5416666666666 23.05313379348722 22.43333610131782
546.0416666666666 23.05265609337605 22.43248984991032
546.5416666666666 23.052184263862348 22.43165965827302
547.0416666666666 23.051739476051523 22.430823099556676
547.5416666666666 23.05129037372424 22.429990959484766
548.0416666666666 23.050840368982122 22.429170321874
548.5416666666666 23.050398227689186 22.428341794138348
549.0416666666666 23.049967459569363 22.427524635280662
549.5416666666666 23.04954240237025 22.4267144837043
550.0416666666666 23.0491207826925 22.425904036575957
550.5416666666666 23.048705938816575 22.425097841229867
551.0416666666666 23.048289156893837 22.424292491325275
551.5416666666666 23.047888464834045 22.423492485530208
552.0416666666666 23.047492370641777 22.42270498780651
552.5416666666666 23.047096287122365 22.421907328077495
553.0416666666666 23.046709165014487 22.421123675744397
553.5416666666666 23.04632595238765 22.42034199009568
554.0416666666666 23.04595901739159 22.41956237946426
554.5416666666666 23.04558056019138 22.418780943212646
555.0416666666666 23.045221610915945 22.41801354805161
555.5416666666666 23.04485616572385 22.41724474236993
556.0416666666666 23.04451060257327 22.416476556882785
556.5416666666666 23.044147258923722 22.415721380733686
557.0416666666666 23.04380957661195 22.41496851573515
557.5416666666666 23.04346085011375 22.41421585562847
558.0416666666666 23.04314652256621 22.413460444890653
558.5416666666666 23.04281619133748 22.41270779164094
559.0416666666666 23.04248366226173 22.41196343318682
559.5416666666666 23.0421702344834 22.41122864707374
560.0416666666666 23.041845923143978 22.410493587351965
560.5416666666666 23.041544364109225 22.409760585071048
561.0416666666666 23.041233393908126 22.409027216458842
561.5416666666666 23.040949566707766 22.408301241742624
562.0416666666666 23.040647651554874 22.40758483059991
562.5416666666666 23.04035553298876 22.406858726799502
563.0416666666666 23.04007315382001 22.406139478100727
563.5416666666666 23.03978698736296 22.405426517831817
564.0416666666666 23.039521783062902 22.404710939084502
564.5416666666666 23.03924680742883 22.404003201341794
565.0416666666666 23.038980146091134 22.403305744522424
565.5416666666666 23.038731069140212 22.40260679227308
566.0416666666666 23.038481574718514 22.4019154454605
566.5416666666666 23.038245072391504 22.40122513715846
567.0416666666666 23.038006129650803 22.400544502634453
567.5416666666666 23.037787563456362 22.3998665319683
568.0416666666666 23.037569259107652 22.399191854858405
568.5416666666666 23.037357727400845 22.398523546842775
569.0416666666666 23.03715219319475 22.39786198467872
569.5416666666666 23.036958603714993 22.39719833628762
570.0416666666666 23.036768386602823 22.39653599628938
570.5416666666666 23.036575686024015 22.395887607372078
571.0416666666666 23.036405725124055 22.39523707755208
571.5416666666666 23.036241045457686 22.3946069910588
572.0416666666666 23.03606702232574 22.393960342303394
572.5416666666666 23.035905127649137 22.393322050579883
573.0416666666666 23.035751452090203 22.392686093556016
573.5416666666666 23.03561160890455 22.39205994714029
574.0416666666666 23.035471435218295 22.39143703612589
574.5416666666666 23.03532929785344 22.39080907416191
575.0416666666666 23.035201100008564 22.3901962316266
575.5416666666666 23.035081266971126 22.389584241161685
576.0416666666666 23.034962077906886 22.388972955711836
576.5416666666666 23.034846012570412 22.388368704488272
577.0416666666666 23.034740769023774 22.387758870282205
577.5416666666666 23.03462981333317 22.387160835256736
578.0416666666666 23.034527461631665 22.386562583919904
578.5416666666666 23.034438668814797 22.385964747919836
579.0416666666666 23.03435055228853 22.385372938129517
579.5416666666666 23.034259825330988 22.384785080808047
580.0416666666666 23.034188939413873 22.384200593572473
580.5416666666666 23.034100824690714 22.383618814520375
581.0416666666666 23.034030736553973 22.383034389933325
581.5416666666666 23.033960113453233 22.382460855283007
582.0416666666666 23.033890076946445 22.381881560513808
582.5416666666666 23.033837382147567 22.38130962591676
583.0416666666666 23.033772510742608 22.38073365675549
583.5416666666666 23.033722539412572 22.380168621353604
584.0416666666666 23.033665793756754 22.37960482853168
584.5416666666666 23.033615571200347 22.379036995728892
585.0416666666666 23.033579931234264 22.378475178089644
585.5416666666666 23.03352789522293 22.377912307960965
586.0416666666666 23.033496536690258 22.377361876909877
586.5416666666666 23.033462730352888 22.37680440920776
587.0416666666666 23.03342291322617 22.376248263538034
587.5416666666666 23.033391120945275 22.375700895005227
588.0416666666666 23.033359866866906 22.375140299889978
588.5416666666666 23.03333646998789 22.37459342593789
589.0416666666666 23.033318002706537 22.374047750685108
589.5416666666666 23.033287898716534 22.37350268736059
590.0416666666666 23.033273842651244 22.37295765092917
590.5416666666666 23.03324758102007 22.372418368325086
591.0416666666666 23.033239251245007 22.371879527786284
591.5416666666666 23.03322795461224 22.371337422577856
592.0416666666666 23.033211176481572 22.37079458779143
592.5416666666666 23.033203045345793 22.37025506710124
593.0416666666666 23.033181726588907 22.369718323931682
593.5416666666666 23.03318000532184 22.369180181342504
594.0416666666666 23.03316582149535 22.3686456886227
594.5416666666666 23.033162793075203 22.368113987066245
595.0416666666666 23.033158266904735 22.36758486442409
595.5416666666666 23.03315087843117 22.367053150765457
596.0416666666666 23.033142750696882 22.366512854736662
596.5416666666666 23.03313552819192 22.36598758536394
597.0416666666666 23.03312802307928 22.36545235926866
597.5416666666666 23.033130033282973 22.36492921474238
598.0416666666666 23.03313413756441 22.364397339058772
598.5416666666666 23.033138765655746 22.363874333001856
599.0416666666666 23.033143636805423 22.363347607016053
599.5416666666666 23.03315524904859 22.362823982472367
600.0416666666666 23.03316052792629 22.36230799935532
600.5416666666666 23.033178898188037 22.361798964856355
601.0416666666666 23.033204757654282 22.36127097467907
