FastTrWP/PhaseSpace/IAs/snIa_0.58_30.00_0.56_0.04.csv
# %ECSV 0.9
# ---
# datatype:
# - {name: time-rel, datatype: float64}
# - {name: g, datatype: float64}
# - {name: i, datatype: float64}
# schema: astropy-2.0
time-rel g i
[from data line 1430]
287.5 24.337731524335176 22.316140849296797
288.0 24.339580778919455 22.316456504860994
288.4999999999999 24.341421945725287 22.316769644878143
289.0 24.343256480715798 22.317081425242318
289.5 24.345093759275215 22.31739437662702
289.9999999999999 24.3469681204883 22.31771292061531
290.5 24.34879931745309 22.318029591226818
291.0 24.35065421728808 22.318342843148137
291.4999999999999 24.352502562614788 22.31865869091819
292.0 24.35435454933947 22.318983454988626
292.5 24.356214099974363 22.31929390334765
292.9999999999999 24.358066578140605 22.319613184748114
293.5 24.359890850401186 22.319942505110703
294.0 24.361761416995208 22.320263433458575
294.4999999999999 24.36360906465619 22.320588736008627
295.0 24.365459788679352 22.320907701854278
295.5 24.367321663899425 22.32123114727484
295.9999999999999 24.369161165441685 22.321562362882123
296.5 24.371004630076495 22.321885287771845
297.0 24.372849829915396 22.322213338494716
297.4999999999999 24.37472025513322 22.322544944674227
298.0 24.376561833018012 22.3228716915559
298.5 24.37841923586521 22.323197187604514
298.9999999999999 24.38025299608116 22.323534182564146
299.5 24.382089356402123 22.323860663769924
300.0 24.38396194054562 22.324193019698455
300.4999999999999 24.38580687039658 22.324524083286693
301.0 24.387649774407553 22.324857138188662
301.5 24.38948810323733 22.325197223215145
301.9999999999999 24.391333293042056 22.325531146698356
302.5 24.39316429521943 22.32586878189188
303.0 24.39502148377362 22.32619851576068
303.4999999999999 24.39685609064222 22.326538595405893
304.0 24.398697433471014 22.326881140675003
304.5 24.400544584232623 22.32721961508332
304.9999999999999 24.402377196398408 22.327559995525288
305.5 24.4042419690564 22.327906449055682
306.0 24.406083220020356 22.32824769064415
306.4999999999999 24.40792621171374 22.32858336519803
307.0 24.40976620983955 22.32893103554715
307.5 24.411602241414073 22.329273878630886
307.9999999999999 24.41347269480964 22.329632381520245
308.5 24.41529488648632 22.3299742252755
309.0 24.4171438429689 22.330314486131364
309.4999999999999 24.41899950857715 22.33067005164343
310.0 24.420851296807268 22.331015872656856
310.5 24.422710808647015 22.33136650447279
310.9999999999999 24.424550937827888 22.331726679553647
311.5 24.42639974944836 22.33207313899677
312.0 24.42826108704301 22.33243104245584
312.4999999999999 24.430089239595066 22.33279219666514
313.0 24.43196090743242 22.333141907801966
313.5 24.433792142133292 22.333499932373467
313.9999999999999 24.435664153276136 22.33385629281154
314.5 24.437519054327332 22.334218304148532
315.0 24.439347847573977 22.334574976908744
315.4999999999999 24.441232972784054 22.33494026058299
316.0 24.443073334265097 22.33529769659001
316.5 24.44493422063101 22.33567032978138
316.9999999999999 24.446784924865817 22.33602761759324
317.5 24.448627906632915 22.336396906778294
318.0 24.450502950784973 22.336760480276624
318.4999999999999 24.452348809257174 22.33712862082838
319.0 24.45422347383692 22.337494856445474
319.5 24.456067863153518 22.33785701374498
319.9999999999999 24.45792260811444 22.338233525533933
320.5 24.459785089423125 22.338607245516037
321.0 24.461645914316268 22.33897180247615
321.4999999999999 24.463515109936456 22.339343854900996
322.0 24.465366245256167 22.339719865441342
322.5 24.467213167657548 22.34009330673707
322.9999999999999 24.469078795778607 22.340464267389958
323.5 24.47093402651637 22.340845167392796
324.0 24.47281241861246 22.341222677249768
324.4999999999999 24.474652187022976 22.341600727556138
325.0 24.476513208936655 22.34197908700682
325.5 24.47838704105647 22.342353705847238
325.9999999999999 24.480254740202536 22.34274066320138
326.5 24.482099847299818 22.343115520420028
327.0 24.483978205930605 22.343501336643374
327.4999999999999 24.485819158481775 22.343882739403252
328.0 24.487666334558206 22.344269717009123
328.5 24.489539594451056 22.344648088050146
328.9999999999999 24.49138751085173 22.345034506357496
329.5 24.493266969431723 22.345419428399605
330.0 24.495130038231313 22.345810291523833
330.4999999999999 24.49699216124661 22.346201448192758
331.0 24.49884343129863 22.346587807587397
331.5 24.500694612809628 22.346980037621506
331.9999999999999 24.502560674430306 22.3473664938643
332.5 24.504428803901128 22.347756402230967
333.0 24.506284035935426 22.348145739045396
333.4999999999999 24.508141744785892 22.348548257026764
334.0 24.509995207042298 22.348940573824457
334.5 24.511868708804432 22.349332835669355
334.9999999999999 24.513724917594992 22.349721646351632
335.5 24.515568793307317 22.350124752490924
336.0 24.517440713591174 22.35052425959305
336.4999999999999 24.519291793714466 22.35092425485036
337.0 24.521167061201588 22.3513145452324
337.5 24.523016923072248 22.35171260769676
337.9999999999999 24.524867342376613 22.352110808069902
338.5 24.52673520287062 22.352512796889485
339.0 24.528593414211464 22.35292533351657
339.4999999999999 24.53045002681683 22.353315435382868
340.0 24.532300147384714 22.353718195953608
340.5 24.53415309686126 22.354127645526546
340.9999999999999 24.536017532736572 22.354531666317015
341.5 24.53786937534154 22.354939230576424
342.0 24.539707167997058 22.355345679764014
342.4999999999999 24.541579688648056 22.355753978351647
343.0 24.54342382900834 22.356157002040348
343.5 24.545291653086096 22.356572401211217
343.9999999999999 24.547138417093926 22.356976994534918
344.5 24.548996175667632 22.35738549603105
345.0 24.550838282925863 22.35780480685839
345.4999999999999 24.552698857801847 22.358224076280102
346.0 24.554538550419046 22.358630426677053
346.5 24.556395426301457 22.35904144064056
346.9999999999999 24.55825468734977 22.359456568472027
347.5 24.560086701071437 22.359879381201075
348.0 24.561943574173096 22.360296907615044
348.4999999999999 24.563791138771883 22.360713334359477
349.0 24.56564537816567 22.36112958118444
349.5 24.567495533561363 22.361553219656148
349.9999999999999 24.569341129196722 22.361970419475675
350.5 24.57117826984466 22.362392149738263
351.0 24.573015168508796 22.362814352756622
351.4999999999999 24.574889665730673 22.363243988522434
352.0 24.576709010631788 22.363662071993417
352.5 24.57856707989874 22.364094174099613
352.9999999999999 24.58042620890413 22.364518474599077
353.5 24.58226100798884 22.364946610828635
354.0 24.584094945756597 22.365380411046853
354.4999999999999 24.585951680702408 22.365806420152868
355.0 24.587804812879284 22.366235736811802
355.5 24.589638103323246 22.36666968404608
355.9999999999999 24.591467738913813 22.367096409688102
356.5 24.59333841230455 22.367530247838516
357.0 24.595182121402715 22.367963340875455
357.4999999999999 24.59701269738666 22.36840082775004
358.0 24.598857633321607 22.368827009483788
358.5 24.600703210170927 22.369275370685358
358.9999999999999 24.602542462115924 22.36971352359465
359.5 24.604387445503598 22.370141288071203
360.0 24.60623474387537 22.37058564666181
360.4999999999999 24.60807413572528 22.371026113709437
361.0 24.609931141778397 22.37146693950171
361.5 24.611755578992444 22.37190444052411
361.9999999999999 24.613612782375537 22.372350513633595
362.5 24.61543269185231 22.37278820149426
363.0 24.617297272338796 22.37324103545327
363.4999999999999 24.619126863615946 22.373680370517796
364.0 24.620952548224302 22.37412369234032
364.5 24.62280658415985 22.374571602493553
364.9999999999999 24.62461920036532 22.37502182433751
365.5 24.626472253283595 22.37547051523107
366.0 24.628317499806798 22.37591897398124
366.4999999999999 24.630159131279164 22.37637111273671
367.0 24.632018593091217 22.376822440601963
367.5 24.63383931281863 22.377273409824404
367.9999999999999 24.635681911135347 22.377726798836008
368.5 24.63751617106623 22.37817845243086
369.0 24.63935554798613 22.378636076090288
369.4999999999999 24.64118754345726 22.37909014422894
370.0 24.64302602022896 22.379550868410064
370.5 24.64487738276381 22.380005722624375
370.9999999999999 24.646731283670213 22.38046485167324
371.5 24.648536809168693 22.3809205917087
372.0 24.650372577920074 22.38137820949055
372.4999999999999 24.652233529996277 22.381840143522247
373.0 24.6540537297518 22.38229887938951
373.5 24.655904332452817 22.38276025008499
373.9999999999999 24.65773538130046 22.38322223607652
374.5 24.659556923729195 22.383688759869216
375.0 24.661420006205002 22.38415400738157
375.4999999999999 24.66326225281447 22.384605032270848
376.0 24.665102721260332 22.38508643368856
376.5 24.666950136774943 22.38555350992361
376.9999999999999 24.668777583807326 22.386021183759883
377.5 24.670621860234853 22.386485822909897
378.0 24.672465077873667 22.386948517599453
378.4999999999999 24.67430664912639 22.38742272552085
379.0 24.67614027600685 22.387895330807147
379.5 24.677988976245068 22.38836819127634
379.9999999999999 24.679826296887715 22.388835016959455
380.5 24.68167153980964 22.38932302211495
381.0 24.683501620501346 22.389786717940293
381.4999999999999 24.685325259661116 22.390262659319
382.0 24.687153299685566 22.39073872508147
382.5 24.688988797751108 22.39121649778688
382.9999999999999 24.690834362135064 22.391691597550462
383.5 24.692672200890566 22.39217619444513
384.0 24.694506285439793 22.39265707528319
384.4999999999999 24.69633271634326 22.393135525026473
385.0 24.69817159744942 22.393618416889126
385.5 24.70001557863189 22.394098688170168
385.9999999999999 24.701834238860826 22.39458238583339
386.5 24.703672894837865 22.395062558570366
387.0 24.705506121367797 22.39554957290686
387.4999999999999 24.70734292247766 22.39603990664937
388.0 24.709150300447902 22.39651928643786
388.5 24.7109968399472 22.39700818366929
388.9999999999999 24.712825639596513 22.397502670958964
389.5 24.714649784186257 22.397991586097156
390.0 24.71648890972469 22.39847619345767
390.4999999999999 24.718303392274585 22.398974805129313
391.0 24.72013061442543 22.39945917332097
391.5 24.72196201179324 22.39996041617343
391.9999999999999 24.723791016518017 22.40045595774824
392.5 24.72559198256414 22.400948836279
393.0 24.727416591330652 22.401443627945525
393.4999999999999 24.729260163264854 22.401942214536223
394.0 24.731083886939107 22.402445098434562
394.5 24.732922121998282 22.402935373791916
394.9999999999999 24.73474860555287 22.403430280815325
395.5 24.736557652484006 22.403938247305835
396.0 24.738365852579896 22.40444437812485
396.4999999999999 24.74020006087391 22.404946082450582
397.0 24.74200745876976 22.405448826279844
397.5 24.74384468366861 22.405948013383245
397.9999999999999 24.745664687023808 22.406452250818965
398.5 24.747502223812017 22.40696483315034
399.0 24.74931134282263 22.40746972187744
399.4999999999999 24.75112857710837 22.407971037628066
400.0 24.75294944893664 22.408485422978252
400.5 24.754779253634787 22.408990931908804
400.9999999999999 24.756586680443654 22.409504949532753
401.5 24.758417517141822 22.410016488271292
402.0 24.7602159970636 22.410525829911254
402.4999999999999 24.762074271631143 22.411046226280234
403.0 24.76387955221457 22.411549506201425
403.5 24.765666462992048 22.41207148365514
403.9999999999999 24.767500263051055 22.41258965038362
404.5 24.76932201736755 22.413094761993392
405.0 24.771152578002532 22.413622848160777
405.4999999999999 24.772947468429905 22.414137094253892
406.0 24.77477361497791 22.41465405379749
406.5 24.776593980321913 22.415173175697625
406.9999999999999 24.77838744778297 22.415699864021192
407.5 24.780215264084646 22.416226060218236
408.0 24.782023634314584 22.41674286441093
408.4999999999999 24.78386880155621 22.417263473091758
409.0 24.78566636512548 22.417791185443075
409.5 24.787497676319706 22.41831874257435
409.9999999999999 24.789299571330194 22.418842036376102
410.5 24.791133849099797 22.41936933848833
411.0 24.792923628407625 22.41989366308269
411.4999999999999 24.794755976460664 22.420427106894877
412.0 24.796578209672564 22.42095458695318
412.5 24.798381132454523 22.42148923822347
412.9999999999999 24.80018579074848 22.422020710196126
413.5 24.80202144248469 22.422557614231017
414.0 24.803826355892753 22.423083864383926
414.4999999999999 24.805650295923677 22.42362265519784
415.0 24.807473184620356 22.424149492515532
415.5 24.809262552874646 22.424694849514523
415.9999999999999 24.8111011299629 22.425228489888678
416.5 24.812899712651376 22.42576101106429
417.0 24.81472364283845 22.426301185399407
417.4999999999999 24.816529011334016 22.426846270981716
418.0 24.818337300394884 22.427384930156915
418.5 24.82017312585534 22.427929325426845
418.9999999999999 24.821960219264646 22.42847239435882
419.5 24.82380611710247 22.42901066010049
420.0 24.82560800193386 22.429561780735185
420.4999999999999 24.827415056812576 22.43010822625678
421.0 24.82922579016826 22.430653992769845
421.5 24.831025699094653 22.43120223660348
421.9999999999999 24.832837751733447 22.43175297452508
422.5 24.83468031368934 22.432305574438672
423.0 24.836454650868696 22.43285550704654
423.4999999999999 24.838266756459237 22.433401446861716
424.0 24.840068867863522 22.43396551072062
424.5 24.841883801901766 22.434514270602833
424.9999999999999 24.84369160660508 22.435071004537768
425.5 24.84549565376006 22.43563124784884
426.0 24.847292409397305 22.43618531877287
426.4999999999999 24.849089765338537 22.43674564186984
427.0 24.850880844017986 22.437315866932288
427.5 24.85267051950268 22.43786577868503
427.9999999999999 24.854499255327337 22.438428790076834
428.5 24.856304354290696 22.438990946039944
429.0 24.858086714696995 22.439557086495142
429.4999999999999 24.85991892877333 22.440119989181014
430.0 24.861690534445696 22.440681824275643
430.5 24.86348218859981 22.44125824133061
430.9999999999999 24.865275589069967 22.44182574084352
431.5 24.867085288981528 22.4423887489125
432.0 24.868882387061788 22.442960244805885
432.4999999999999 24.87068903235544 22.443536820506075
433.0 24.872482711761037 22.44410389994352
433.5 24.874273367143275 22.444679067568032
433.9999999999999 24.876067150917432 22.445246426866824
434.5 24.87786084768505 22.445818319147453
435.0 24.879657622152425 22.446396589166998
435.4999999999999 24.881445807772906 22.446976047834756
436.0 24.883216608531082 22.447553747594963
436.5 24.885015851711234 22.448132897268522
436.9999999999999 24.886830402063616 22.448707256917693
437.5 24.888589105611537 22.449292533746682
438.0 24.89039999408434 22.449864273769435
438.4999999999999 24.89219357076733 22.450445906060573
439.0 24.893976604810387 22.4510273436604
439.5 24.895761456009087 22.451609947233745
439.9999999999999 24.897555325799377 22.452190258826942
440.5 24.899359817018237 22.45277661808891
441.0 24.9011576337521 22.45336455939639
441.4999999999999 24.902935471246895 22.45394791312068
442.0 24.904715933664367 22.454535949250868
442.5 24.9064926819282 22.455125293092518
442.9999999999999 24.908283760066436 22.45570523956716
443.5 24.91008119378225 22.45630271934999
444.0 24.91184425975511 22.45688664851558
444.4999999999999 24.913642631166844 22.457480038889052
445.0 24.915448604278012 22.4580704933326
445.5 24.91722076167204 22.45865749587235
445.9999999999999 24.919012213741183 22.45925500907495
446.5 24.92079282376811 22.459847329923086
447.0 24.922587331243705 22.460438686728963
447.4999999999999 24.924366381446692 22.46103023710384
448.0 24.92615676611606 22.46162767642724
448.5 24.927939800485454 22.462221852655002
448.9999999999999 24.929721533889747 22.462819137694225
449.5 24.93150007427037 22.463412541251877
450.0 24.93331388243991 22.464011341964415
450.4999999999999 24.935074444150867 22.464609938992176
451.0 24.936867723432613 22.465203893480457
451.5 24.938631678607194 22.4658017989492
451.9999999999999 24.940428024259266 22.4664001411354
452.5 24.94222904133236 22.46700630998568
453.0 24.94400742486544 22.46760409316435
453.4999999999999 24.94580168386801 22.46820086122441
454.0 24.94759052191435 22.46880621310035
454.5 24.94936382977887 22.469407789527832
454.9999999999999 24.951168549033746 22.470010682895282
455.5 24.952945563786223 22.470622638861887
456.0 24.954702959985617 22.47122165124574
456.5 24.95650512582076 22.47182244876887
