FastTrWP/PhaseSpace/IAs/snIa_0.53_30.00_-3.27_-0.09.csv
# %ECSV 0.9
# ---
# datatype:
# - {name: time-rel, datatype: float64}
# - {name: g, datatype: float64}
# - {name: i, datatype: float64}
# schema: astropy-2.0
time-rel g i
[from data line 1673]
1159.0625 26.95857797112623 23.117040900329048
1159.5625 26.97596091391339 23.118186044900348
1160.0625 26.993550386213098 23.11933240205319
1298.5625 26.998390034463753 23.4962001327324
1299.0625 26.977325633229302 23.49784560689876
1299.5625 26.956593591159162 23.499497563168802
1300.0625 26.936232907555624 23.50116842898471
1300.5625 26.91612551514372 23.502806500930443
1301.0625 26.89630308464912 23.504463837019607
1301.5625 26.876814364523657 23.50613748179834
1302.0625 26.857536806704317 23.50778991964594
1302.5625 26.838611719491485 23.509456427678764
1303.0625 26.819901209951755 23.5111122150335
1303.5625 26.801504619436706 23.512785276243527
1304.0625 26.783413112032946 23.51445503420784
1304.5625 26.765615581424345 23.516121207905144
1305.0625 26.748023570977352 23.51778275587389
1305.5625 26.73063362554556 23.519466098167005
1306.0625 26.713667971558912 23.52113657702894
1306.5625 26.696879252530298 23.522814136189275
1307.0625 26.68033406347597 23.524489934295257
1307.5625 26.66413510850181 23.526170148836062
1308.0625 26.648061570069768 23.527836172914462
1308.5625 26.632385048633726 23.5295097951035
1309.0625 26.616813011851143 23.531188248263973
1309.5625 26.60159435305596 23.53287055477232
1310.0625 26.58655823599588 23.534541509899096
1310.5625 26.57178414989419 23.536242216239522
1311.0625 26.5572859512962 23.537903455666292
1311.5625 26.542942597945043 23.539591627444544
1312.0625 26.528920872927323 23.54126440900305
1312.5625 26.515116056780293 23.54294899332512
1313.0625 26.50153281610278 23.544636257788554
1313.5625 26.488176714488958 23.546312054697573
1314.0625 26.475057190268632 23.54800106544743
1314.5625 26.462144773386093 23.549676309850046
1315.0625 26.449462399572056 23.55134881344864
1315.5625 26.43696091857883 23.553027116963825
1316.0625 26.424767444876846 23.554713587855257
1316.5625 26.412684878240427 23.556389320637813
1317.0625 26.40099108746719 23.55807039320791
1317.5625 26.389335641976714 23.559751635303343
1318.0625 26.377948697903065 23.561433046865968
1318.5625 26.3668186014502 23.563098839230385
1319.0625 26.355868687415594 23.56477089833087
1319.5625 26.345133586002664 23.566451587558447
1320.0625 26.334629948259032 23.568118886861793
1320.5625 26.324285282424974 23.5697951751855
1321.0625 26.31393670348723 23.57147656036773
1321.5625 26.303706361634216 23.57315317366439
1322.0625 26.293500726766567 23.574828948450875
1322.5625 26.28335526651916 23.576514452392505
1323.0625 26.273269536593887 23.578191946293643
1323.5625 26.263265608025815 23.579874874827258
1324.0625 26.25321887371479 23.581566006144243
1324.5625 26.243324327530924 23.583249898112335
1325.0625 26.233486607557236 23.584941746920048
1325.5625 26.22370337471219 23.586634881750648
1326.0625 26.214012019312804 23.588329618740985
1326.5625 26.2043283099449 23.590014990726157
1327.0625 26.19476226834927 23.591722522466142
1327.5625 26.18523376932857 23.59341672161131
1328.0625 26.175852070694997 23.595112991598036
1328.5625 26.16644863820379 23.5968138172885
1329.0625 26.157164060486412 23.59852130690143
1329.5625 26.147921656394484 23.600216955163148
1330.0625 26.13879724087568 23.601918918684056
1330.5625 26.12977744440917 23.60362025735199
1331.0625 26.120779045700253 23.60532510316228
1331.5625 26.11183938436714 23.607037090551817
1332.0625 26.103067902713267 23.60874512579842
1332.5625 26.09429504472118 23.61045415833713
1333.0625 26.085636867871706 23.61215473945968
1333.5625 26.077047353645252 23.61387454310874
1334.0625 26.06857236418028 23.615587011211453
1334.5625 26.060147935894 23.617301597815043
1335.0625 26.05183168916239 23.61899720464116
1335.5625 26.043560128403804 23.620709290222116
1336.0625 26.035431825855284 23.622416439837977
1336.5625 26.0273495117128 23.624141741403545
1337.0625 26.019361971864875 23.62584871651518
1337.5625 26.011486479409793 23.62755149946019
1338.0625 26.003660893302456 23.629281653283822
1338.5625 25.995946223311247 23.630986676806067
1339.0625 25.988312367700836 23.632700511348816
1339.5625 25.98079651765046 23.63441786096096
1340.0625 25.973311553677103 23.636130666651262
1340.5625 25.965961142593986 23.63784165063116
1341.0625 25.95876126020773 23.639550512383103
1341.5625 25.951541209006898 23.641261140567977
1342.0625 25.944452020727155 23.64296804256492
1342.5625 25.93745618191363 23.644675694538854
1343.0625 25.930532849669365 23.64639545931972
1343.5625 25.923732278112105 23.64809379658171
1344.0625 25.91702077739967 23.64980166313416
1344.5625 25.91043456716269 23.65151414595126
1345.0625 25.903885033105865 23.6532261209317
1345.5625 25.89742628401636 23.65493235430817
1346.0625 25.891114802772744 23.656630996334794
1346.5625 25.884876688634332 23.65834567110616
1347.0625 25.878736261045955 23.660041730166327
1347.5625 25.872705568683926 23.661728994510582
1348.0625 25.86671846530823 23.663436390047647
1348.5625 25.860907877404205 23.665145805664814
1349.0625 25.855124377215567 23.666825470785252
1349.5625 25.84947887681817 23.668532453955642
1350.0625 25.843915980942707 23.670218118778482
1350.5625 25.838427466305873 23.671900453402948
1351.0625 25.833031712459935 23.673592646698495
1351.5625 25.82777425968297 23.675287362885985
1352.0625 25.822628493347043 23.67696620227385
1352.5625 25.817551709466446 23.678663010992388
1353.0625 25.812602182630076 23.68034489925418
1353.5625 25.807723802041295 23.68202906959796
1354.0625 25.80296481019984 23.68369508461917
1354.5625 25.798328562629006 23.685371431452165
1355.0625 25.793730109986367 23.687038905599813
1355.5625 25.78927621210484 23.68870662554434
1356.0625 25.784914122054154 23.690376825920723
1356.5625 25.78068039286842 23.692033103864652
1357.0625 25.7765286198971 23.69371038547291
1357.5625 25.772443509875664 23.695354677424938
1358.0625 25.768428240399672 23.697026759795634
1358.5625 25.764499471944063 23.69868796026903
1359.0625 25.760592112330357 23.700344489212597
1359.5625 25.75673752711607 23.702003577402884
1360.0625 25.752980285139067 23.70364670467188
1360.5625 25.74925474902027 23.705306330654313
1361.0625 25.74560265209168 23.70696077370607
1361.5625 25.741982209245464 23.7086156499406
1362.0625 25.73847763791371 23.71027068838384
1362.5625 25.734970833773573 23.711914827934798
1363.0625 25.73154844651459 23.713570715281882
1363.5625 25.72819226347869 23.715221723259777
1364.0625 25.724856591279618 23.7168654297042
1364.5625 25.721590625991464 23.718530399825994
1365.0625 25.718392417043184 23.720155224769787
1365.5625 25.7152148146858 23.721806897557997
1366.0625 25.71212135800581 23.72344508009755
1366.5625 25.709050348952708 23.725086321907852
1367.0625 25.706086796550515 23.726724304640282
1367.5625 25.703159230917393 23.728372378395015
1368.0625 25.70026759712635 23.730004415799183
1368.5625 25.697446236874292 23.73164814882589
1369.0625 25.694694255079234 23.73327378371694
1369.5625 25.691934657248567 23.73491162625492
1370.0625 25.6892241647496 23.736541177890665
1370.5625 25.686640303064983 23.738165811332983
1371.0625 25.68406598851958 23.739803168747507
1371.5625 25.681543235953846 23.74143182864774
1372.0625 25.67907504465302 23.743054510179324
1372.5625 25.676659118791857 23.74469090386048
1373.0625 25.67427594474455 23.74630324492712
1373.5625 25.671965283362972 23.74792733466461
1374.0625 25.669702912201778 23.749537749689896
1374.5625 25.667460133727932 23.751152880532732
1375.0625 25.665279846486875 23.752778814610778
1375.5625 25.663164508459246 23.75439292851994
1376.0625 25.66107827929358 23.756000254836795
1376.5625 25.65903413629538 23.757625582246167
1377.0625 25.657094088575583 23.759221049824735
1377.5625 25.65513707595442 23.760832211433613
1378.0625 25.653238563912744 23.762437766425215
1378.5625 25.651414783196195 23.76403850164938
1379.0625 25.649651569569002 23.765640579291194
1379.5625 25.647910257152546 23.767250673567748
1380.0625 25.64621061169484 23.76883819229873
1380.5625 25.644566258277667 23.770435047082735
1381.0625 25.642979371862104 23.772026175729376
1381.5625 25.641417460186638 23.77362446138047
1382.0625 25.63990751786492 23.775202798953824
1382.5625 25.638459546875332 23.776800482350406
1383.0625 25.637048412939848 23.778382729931657
1383.5625 25.635691404831004 23.779965127099636
1384.0625 25.63435103105466 23.78153628142357
1384.5625 25.633122229932077 23.783123973390715
1385.0625 25.631871066764464 23.784691072300156
1385.5625 25.63070290303814 23.78626830689084
1386.0625 25.62955427071513 23.787843792684335
1386.5625 25.628462834895863 23.789405950847566
1387.0625 25.627414557336138 23.790973336110124
1387.5625 25.62641448339764 23.79254487669353
1388.0625 25.625479923794575 23.794106903767727
1388.5625 25.624557064239262 23.795655665165082
1389.0625 25.623701504244792 23.797212099635267
1389.5625 25.62291137213959 23.798783227833322
1390.0625 25.622136070481783 23.800321018709027
1390.5625 25.621411674515592 23.801870071816346
1391.0625 25.6207375342845 23.803407032408476
1391.5625 25.620140459723185 23.804957493028105
1392.0625 25.61952515479618 23.8064984134347
1392.5625 25.618985805072626 23.808044736285183
1393.0625 25.61848213211626 23.809555907879968
1393.5625 25.61805825731831 23.81110123610627
1394.0625 25.61767369353836 23.812631626105265
1394.5625 25.617299031377488 23.814148259558415
1395.0625 25.6169882403878 23.815681893888243
1395.5625 25.616719680699017 23.817188475779165
1396.0625 25.61652610798022 23.81872544487063
1396.5625 25.616318103733388 23.820232980373635
1397.0625 25.616215997578347 23.821736715598902
1397.5625 25.616123845196746 23.823258491330954
1398.0625 25.616057805872284 23.824783042260144
1398.5625 25.61606323135465 23.826270336998746
1399.0625 25.616110589352154 23.827775477234585
1399.5625 25.61620383646714 23.829293480228326
1400.0625 25.616348439695358 23.83078296421699
1400.5625 25.616529264808506 23.83229229349295
1401.0625 25.61674008144776 23.833780240052636
1401.5625 25.616997946431358 23.83526192365079
1402.0625 25.617339975335515 23.836750005781408
1402.5625 25.617662807763843 23.838248105389596
1403.0625 25.618083906080315 23.839736569033118
1403.5625 25.618515214904235 23.84121269571413
1404.0625 25.619028012448265 23.842687935881656
1404.5625 25.619523650952758 23.844174613934168
1405.0625 25.62013690390311 23.84565020964199
1405.5625 25.62076266627882 23.84710482217992
1406.0625 25.621381479115747 23.848585999095224
1406.5625 25.622130688300565 23.850046659837787
1407.0625 25.62287903021209 23.851501614865715
1407.5625 25.623666231801355 23.85297824399609
1408.0625 25.62452102242294 23.85443136356877
1408.5625 25.62538833430709 23.855885998847334
1409.0625 25.626327633784204 23.857336627942452
1409.5625 25.62728065632236 23.858780265697032
1410.0625 25.628315009014816 23.860225947532566
1410.5625 25.62939819124114 23.861655206855936
1411.0625 25.630504233189907 23.86310486915965
1411.5625 25.631629660543457 23.86453144070466
1412.0625 25.63285181239603 23.865985553886887
1412.5625 25.634109995760106 23.86739421612342
1413.0625 25.635403051320157 23.868833039504445
1413.5625 25.63674818657518 23.87025435343993
1414.0625 25.638130769167805 23.871671843343393
1414.5625 25.639528773001565 23.873081762382036
1415.0625 25.64102192181153 23.874510874997227
1415.5625 25.64253815310373 23.875913427539665
