FastTrWP/PhaseSpace/IAs/snIa_0.4_20_0.0_0.0.csv
# %ECSV 0.9
# ---
# datatype:
# - {name: time-rel, datatype: float64}
# - {name: g, datatype: float64}
# - {name: i, datatype: float64}
# schema: astropy-2.0
time-rel g i
[from data line 1389]
678.3333333333334 -26.31764489314459 -27.482489323957925
678.8333333333334 -26.316129282533055 -27.48185193679489
679.3333333333334 -26.314612195751298 -27.48120374610338
679.8333333333334 -26.313087065156353 -27.48057259380056
680.3333333333334 -26.311563267083464 -27.479916958300667
680.8333333333334 -26.310030962070332 -27.479270417463077
681.3333333333334 -26.308516667388268 -27.47862419632188
681.8333333333334 -26.306979360221895 -27.477976036109787
682.3333333333334 -26.3054454463117 -27.47731738350915
682.8333333333334 -26.303927915434606 -27.476656238996263
683.3333333333334 -26.30238984292069 -27.476008738708522
683.8333333333334 -26.300851182031483 -27.47534459208902
684.3333333333334 -26.29931300478194 -27.47468504773861
684.8333333333334 -26.297783347946865 -27.474023270173102
685.3333333333334 -26.29624379025382 -27.473360366551162
685.8333333333334 -26.29471854946036 -27.472694856913776
686.3333333333334 -26.293169032813687 -27.472025333934976
686.8333333333334 -26.291633092858145 -27.471354517444013
687.3333333333334 -26.290083835026735 -27.470674702913417
687.8333333333334 -26.288545584559103 -27.47000312063627
688.3333333333334 -26.28699857688414 -27.469327838476246
688.8333333333334 -26.28545102507768 -27.4686429959007
689.3333333333334 -26.283910554093197 -27.467965936793558
689.8333333333334 -26.282368210423584 -27.467284045345274
690.3333333333334 -26.280813230157815 -27.466607162062946
690.8333333333334 -26.279258152879468 -27.465914729046812
691.3333333333334 -26.277688987100984 -27.465229059118354
691.8333333333334 -26.27615190743811 -27.46453568606873
692.3333333333334 -26.27460243888031 -27.463840338349108
692.8333333333334 -26.273024138292836 -27.463151685731262
693.3333333333334 -26.27148273245025 -27.462450090131156
693.8333333333334 -26.26991574096662 -27.461751992205844
694.3333333333334 -26.268363158172043 -27.461052189410093
694.8333333333334 -26.266795411399396 -27.460355480312607
695.3333333333334 -26.265234734175003 -27.459648491554653
695.8333333333334 -26.263658687137127 -27.45893899370165
696.3333333333334 -26.262091225191103 -27.458227056673273
696.8333333333334 -26.26052806379857 -27.457519215026522
697.3333333333334 -26.25894134392464 -27.456812322280193
697.8333333333334 -26.257378873852552 -27.456094108163953
698.3333333333334 -26.25579863529522 -27.45537862142905
698.8333333333334 -26.25422015908972 -27.45466575705247
699.3333333333334 -26.25265305739092 -27.453937293355413
699.8333333333334 -26.251069787450998 -27.45321415140428
700.3333333333334 -26.24949388780432 -27.45249363059775
700.8333333333334 -26.24791168559303 -27.451765040917472
701.3333333333334 -26.246313578280166 -27.45103450546475
701.8333333333334 -26.244751237061685 -27.450290435626666
702.3333333333334 -26.243151976979505 -27.44955070201887
702.8333333333334 -26.24156115689562 -27.448809442705738
703.3333333333334 -26.23996264046948 -27.448068672327835
703.8333333333334 -26.23836447101443 -27.44732322327023
704.3333333333334 -26.236775758201375 -27.446571245369196
704.8333333333334 -26.235187640474727 -27.445817784168803
705.3333333333334 -26.23358500437162 -27.44506677380903
705.8333333333334 -26.23197664116157 -27.444305561140453
706.3333333333334 -26.23038431261729 -27.4435482460894
706.8333333333334 -26.228783061652486 -27.442783273358383
707.3333333333334 -26.227176650602203 -27.442013329777577
707.8333333333334 -26.225558215454193 -27.44124761994852
708.3333333333334 -26.223955937898783 -27.44047328943357
708.8333333333334 -26.222342688756783 -27.439701587422537
709.3333333333334 -26.22075079639503 -27.43892759910839
709.8333333333334 -26.21912405960743 -27.438148420351492
710.3333333333334 -26.217521127534177 -27.437376603672785
710.8333333333334 -26.215891488602807 -27.436589301144373
711.3333333333334 -26.214279965467426 -27.43580412111946
711.8333333333334 -26.212675099868203 -27.435022548714805
712.3333333333334 -26.211044703930963 -27.43423299470333
712.8333333333334 -26.209424170631475 -27.433445192062386
713.3333333333334 -26.207806224872957 -27.4326486301445
713.8333333333334 -26.206153165559407 -27.431858379628732
714.3333333333334 -26.2045551729322 -27.431058779216976
714.8333333333334 -26.2029212140793 -27.430261882062695
715.3333333333334 -26.201286148092148 -27.42946289083608
715.8333333333334 -26.199661891306402 -27.428669759783503
716.3333333333334 -26.198034687062343 -27.427862141883786
716.8333333333334 -26.19641220623815 -27.4270500497259
717.3333333333334 -26.194770416518 -27.42625407112676
717.8333333333334 -26.19312925808531 -27.425446479035195
718.3333333333334 -26.191502000264073 -27.42463847446817
718.8333333333334 -26.189859455182134 -27.42383168937756
719.3333333333334 -26.188224085910118 -27.423016571643867
719.8333333333334 -26.18658316289118 -27.42220144429861
720.3333333333334 -26.18494658192364 -27.42139363117042
720.8333333333334 -26.183286426780896 -27.420580100064036
721.3333333333334 -26.181661964672728 -27.41976111918695
721.8333333333334 -26.180015637541317 -27.418943059540478
722.3333333333334 -26.178370598223268 -27.418124116331576
722.8333333333334 -26.176727242878176 -27.417313114943127
723.3333333333334 -26.175075079914265 -27.416489995362742
723.8333333333334 -26.173422456565465 -27.41567920046149
724.3333333333334 -26.171781988221756 -27.41484784984898
724.8333333333334 -26.170129826334435 -27.41402953982464
725.3333333333334 -26.168474445195805 -27.413196202375623
725.8333333333334 -26.166825887226913 -27.412376274059383
726.3333333333334 -26.165171870003363 -27.41156217967234
726.8333333333334 -26.16351897607472 -27.41073574645569
727.3333333333334 -26.16186151915886 -27.409909098313953
727.8333333333334 -26.160204215723102 -27.409091216243876
728.3333333333334 -26.15854596515236 -27.408255672730824
728.8333333333334 -26.15690219581047 -27.407437316083335
729.3333333333334 -26.155222305744466 -27.40661303788955
729.8333333333334 -26.15357459325847 -27.40577749819961
730.3333333333334 -26.151925722248173 -27.40495724321431
730.8333333333334 -26.150255346126954 -27.404129565939435
731.3333333333334 -26.148591845755927 -27.403306068318578
731.8333333333334 -26.14693562015219 -27.402481987467908
732.3333333333334 -26.145277578778444 -27.40165711128359
732.8333333333334 -26.143614376394968 -27.40083190678178
733.3333333333334 -26.141956096438896 -27.400001701836096
733.8333333333334 -26.14027632462578 -27.399173634342255
734.3333333333334 -26.138619609725154 -27.398345460155475
734.8333333333334 -26.136939926426695 -27.397510692764854
735.3333333333334 -26.135285314014475 -27.396680052125557
735.8333333333334 -26.133595345917954 -27.395843865675687
736.3333333333334 -26.13194165395578 -27.395000726960458
736.8333333333334 -26.130263832879056 -27.394167764199622
737.3333333333334 -26.12858164258725 -27.393330494677777
737.8333333333334 -26.12690891289043 -27.392494296678414
738.3333333333334 -26.125233616022356 -27.39164167430858
738.8333333333334 -26.123562140876416 -27.3907913862344
739.3333333333334 -26.121856352987308 -27.38995489386786
739.8333333333334 -26.120190926118106 -27.389111811726142
740.3333333333334 -26.118503849064425 -27.388261821059725
740.8333333333334 -26.116821440799477 -27.38740739353546
741.3333333333334 -26.115144578867667 -27.386566283916302
741.8333333333334 -26.113460953554082 -27.385707680931937
742.3333333333334 -26.111777344737007 -27.38484987585779
742.8333333333334 -26.110094595015248 -27.383990463872312
743.3333333333334 -26.10839692757444 -27.383139137872334
743.8333333333334 -26.106710444749925 -27.382283963553263
744.3333333333334 -26.1050044075353 -27.38142146821374
744.8333333333334 -26.103325457935938 -27.380572746110197
745.3333333333334 -26.101643861820175 -27.3797085254928
745.8333333333334 -26.099930223796328 -27.37884907444002
746.3333333333334 -26.098249658209596 -27.37798226274012
746.8333333333334 -26.09654452920057 -27.37711795989663
747.3333333333334 -26.094860839994517 -27.3762554396651
747.8333333333334 -26.09315160961017 -27.37539778985053
748.3333333333334 -26.091448502849495 -27.37452510093927
748.8333333333334 -26.089741150544683 -27.373662856723577
749.3333333333334 -26.088038214214215 -27.372794436744968
749.8333333333334 -26.086333712149123 -27.37192701699378
750.3333333333334 -26.084644643285223 -27.37105428035435
750.8333333333334 -26.082943752949408 -27.37018225694591
751.3333333333334 -26.08122636845478 -27.369321112802282
751.8333333333334 -26.079519819889477 -27.36844438844286
752.3333333333333 -26.077808145932284 -27.367576341792635
752.8333333333334 -26.07609418543309 -27.366708671901037
753.3333333333334 -26.074396697646982 -27.365824694590252
753.8333333333333 -26.072672446943592 -27.364958357048963
754.3333333333334 -26.07097375675997 -27.364083891912156
754.8333333333334 -26.069248437975602 -27.363206561177936
755.3333333333333 -26.067534726970013 -27.362332827529023
755.8333333333334 -26.06582408437854 -27.361457695284926
756.3333333333334 -26.064096892131957 -27.360580344476393
756.8333333333333 -26.062392954157666 -27.359711070865686
757.3333333333334 -26.06066808374413 -27.358833498866954
757.8333333333334 -26.05894847170338 -27.35796261929408
758.3333333333333 -26.057242756165287 -27.35708338578743
758.8333333333334 -26.055520549340976 -27.356205730438596
759.3333333333334 -26.05379751287325 -27.355330959940552
759.8333333333333 -26.052074556741612 -27.354453462616778
760.3333333333334 -26.0503517591726 -27.353575952872013
760.8333333333334 -26.048626830229832 -27.352697951023245
761.3333333333333 -26.046895227935 -27.351817636147672
761.8333333333334 -26.045168797591735 -27.350947602285128
762.3333333333334 -26.04346193948224 -27.350069013238596
762.8333333333333 -26.041719221441394 -27.34919121453511
763.3333333333334 -26.04000075991038 -27.348307509390935
763.8333333333334 -26.038257546471996 -27.347445357860067
764.3333333333333 -26.03654383463176 -27.34655896239729
764.8333333333334 -26.03480915789816 -27.345688615003183
765.3333333333334 -26.03306915077653 -27.34481212996045
765.8333333333333 -26.03134003948054 -27.34394219385818
766.3333333333334 -26.029611867107057 -27.34305860628552
766.8333333333334 -26.027873074681448 -27.34218380875697
767.3333333333333 -26.026133713648942 -27.341312169016007
767.8333333333334 -26.02440881265681 -27.34043586854451
768.3333333333334 -26.022675648353154 -27.33955708319639
768.8333333333333 -26.020941386853917 -27.338675822724106
769.3333333333334 -26.019200299503552 -27.33780684809236
769.8333333333334 -26.017462799139853 -27.336924028079622
770.3333333333333 -26.015731699174523 -27.336052278218247
770.8333333333334 -26.01398851756037 -27.335176050897203
771.3333333333334 -26.012239180114868 -27.334295984577658
771.8333333333333 -26.010505626589588 -27.333414029930125
772.3333333333334 -26.00875967762125 -27.332537919546724
772.8333333333334 -26.00701621543466 -27.331655137890078
773.3333333333333 -26.005262915889066 -27.33078245955611
773.8333333333334 -26.003534538397716 -27.32990284774902
774.3333333333334 -26.00179317036516 -27.32901448192512
774.8333333333333 -26.000048516180488 -27.32813488319413
775.3333333333334 -25.99831894670203 -27.32725846858109
775.8333333333334 -25.99656002089538 -27.326374828286486
776.3333333333333 -25.99480253235789 -27.325497396266737
776.8333333333334 -25.993061282540015 -27.32461118876939
777.3333333333334 -25.991318215640415 -27.323730173322758
777.8333333333333 -25.989557190881513 -27.322848217894396
778.3333333333334 -25.987807553359033 -27.321961285732797
778.8333333333334 -25.986049110274543 -27.3210775325644
779.3333333333333 -25.984288969024952 -27.320197199195164
779.8333333333334 -25.982553695824137 -27.319311474929606
780.3333333333334 -25.980781198057695 -27.318422662069473
780.8333333333333 -25.979031058856215 -27.317545184773447
781.3333333333334 -25.977273494239995 -27.316653611341422
781.8333333333334 -25.97551716161298 -27.31576792578556
782.3333333333333 -25.973755223366027 -27.314885800047865
782.8333333333334 -25.972000725575263 -27.3139954888724
783.3333333333334 -25.97022217295333 -27.313108834963913
783.8333333333333 -25.96846751402667 -27.312225259101822
784.3333333333334 -25.966699762473212 -27.31132363621745
784.8333333333334 -25.96493521957781 -27.310444648142184
785.3333333333333 -25.96316073845891 -27.30955348681006
785.8333333333334 -25.961398332659698 -27.308662100392006
786.3333333333334 -25.959626278258195 -27.307777488903472
786.8333333333333 -25.957858956168867 -27.30687879853386
787.3333333333334 -25.956090928457613 -27.3059853667619
787.8333333333334 -25.954327295857556 -27.3050993578574
788.3333333333333 -25.952549863578348 -27.304199011495598
788.8333333333334 -25.950774350917264 -27.30331095088235
789.3333333333334 -25.94900087958368 -27.302419969949735
789.8333333333333 -25.947225776008388 -27.301527150220238
790.3333333333334 -25.945445256622712 -27.300632211360224
790.8333333333334 -25.943653205027523 -27.2997332220457
791.3333333333333 -25.941874586027296 -27.29883658370033
791.8333333333334 -25.94009091337047 -27.297939381993373
792.3333333333334 -25.938315929863272 -27.297043844353496
792.8333333333333 -25.936527202828294 -27.29615242759142
793.3333333333334 -25.934740023084125 -27.295249501694915
793.8333333333334 -25.932958841801735 -27.294348768800116
794.3333333333333 -25.931174094085975 -27.293453434117872
794.8333333333334 -25.929381876841447 -27.292548708220103
795.3333333333334 -25.927590137841626 -27.291652089504876
795.8333333333333 -25.92578234839192 -27.290745968876905
796.3333333333334 -25.923988966653116 -27.289844943717846
796.8333333333334 -25.92218793572281 -27.28894768639578
797.3333333333333 -25.92040809000405 -27.288038528464575
797.8333333333334 -25.918604366994693 -27.287134736883786
798.3333333333334 -25.916806697939915 -27.286226607077108
798.8333333333333 -25.915017339474744 -27.285326131047142
799.3333333333334 -25.913189067928975 -27.28442907653384
799.8333333333334 -25.911390356019794 -27.283512286085916
800.3333333333333 -25.909586649922357 -27.28260342351655
800.8333333333334 -25.90776246498768 -27.281696050973917
801.3333333333334 -25.905989497640405 -27.280793165769648
801.8333333333333 -25.904159816027942 -27.27987995957644
802.3333333333334 -25.90235568212981 -27.27897664941025
802.8333333333334 -25.900538234492192 -27.278060809513192
803.3333333333333 -25.898723100300348 -27.277147899610014
803.8333333333334 -25.896913738829017 -27.27624886436265
804.3333333333334 -25.895093635324198 -27.2753330054817
804.8333333333333 -25.893271658919694 -27.27442200980484
805.3333333333334 -25.89146910808628 -27.27351212700895
805.8333333333334 -25.88964775851666 -27.272595791684036
806.3333333333333 -25.887823376130914 -27.27168600804156
806.8333333333334 -25.886014102815956 -27.270771435045415
807.3333333333334 -25.884180778485003 -27.26985376646228
807.8333333333333 -25.882367074147613 -27.268940798542776
808.3333333333334 -25.880549394064015 -27.26803421121723
808.8333333333334 -25.87870993413608 -27.26711113668189
809.3333333333333 -25.876897955028042 -27.26620265583839
809.8333333333334 -25.875060136812778 -27.26528196655555
810.3333333333334 -25.873220103041355 -27.264366078770728
810.8333333333333 -25.871415643767428 -27.263440010937533
811.3333333333334 -25.86955446742436 -27.262527401530967
811.8333333333334 -25.86773756081034 -27.261604693054558
812.3333333333333 -25.86590743051293 -27.26069081360056
812.8333333333334 -25.864068834616543 -27.25976701940365
813.3333333333334 -25.862228252102028 -27.258844777715616
813.8333333333333 -25.860388214051035 -27.257921647936577
814.3333333333334 -25.85855318859557 -27.257002002002906
814.8333333333334 -25.85671483449353 -27.25608391232596
815.3333333333333 -25.85487317529624 -27.25515904530007
815.8333333333334 -25.85301381521382 -27.25424056259459
816.3333333333334 -25.85117514432128 -27.253307064278086
816.8333333333333 -25.849333794910404 -27.252391732454665
