FastTrWP/PhaseSpace/IAs/snIa_0.4_20_-1_-0.1.csv
# %ECSV 0.9
# ---
# datatype:
# - {name: time-rel, datatype: float64}
# - {name: g, datatype: float64}
# - {name: i, datatype: float64}
# schema: astropy-2.0
time-rel g i
[from data line 335]
150.875 -26.01632030444531 -26.414473842461163
151.375 -26.021732297438994 -26.418281884830897
151.875 -26.02714054825261 -26.422093730834725
152.375 -26.03253628992729 -26.425889036898333
152.875 -26.03791012649298 -26.429675491135953
153.375 -26.043300972834306 -26.43346683044634
153.875 -26.048649373905768 -26.437248981649837
154.375 -26.054009152930924 -26.441015679497077
154.875 -26.05934981343369 -26.444790656978107
155.375 -26.064678992611107 -26.448573730307245
155.875 -26.0699837215536 -26.452333557426204
156.375 -26.075298371752645 -26.45608254756684
156.875 -26.080584785224445 -26.459850106582543
157.375 -26.08587682153553 -26.463591697439973
157.875 -26.091156244470675 -26.467338556564023
158.375 -26.096422721473992 -26.47106892235666
158.875 -26.101664765812703 -26.47479989677305
159.375 -26.106925369954453 -26.478536691866058
159.875 -26.112142727151422 -26.482247714777944
160.375 -26.11737890065282 -26.48597374818668
160.875 -26.122583387702356 -26.489678322545004
161.375 -26.127798607113156 -26.493384241320395
161.875 -26.13301791831621 -26.497111676894836
162.375 -26.138235838513424 -26.500812495635326
162.875 -26.14346250267157 -26.504536767111766
163.375 -26.148680408192433 -26.508244382111208
163.875 -26.153931077943035 -26.51197850412208
164.375 -26.159164030142307 -26.515696285363468
164.875 -26.164396620488183 -26.51940056748898
165.375 -26.169618964531793 -26.523129900520885
165.875 -26.17486870010293 -26.52684243197051
166.375 -26.180115391902106 -26.530568721509383
166.875 -26.185333067457265 -26.53428150653818
167.375 -26.190566578604482 -26.53799402251886
167.875 -26.19577465446836 -26.541693644847303
168.375 -26.20101268595356 -26.54540680000942
168.875 -26.206218929206415 -26.549116864141805
169.375 -26.211446241441333 -26.55281997457982
169.875 -26.216631724216523 -26.556514320689885
170.375 -26.221818838589716 -26.560207438773908
170.875 -26.227004375524267 -26.5638979833118
171.375 -26.232166996389736 -26.567586537936265
171.875 -26.23734847912901 -26.57126747655379
172.375 -26.242494170425196 -26.574949021786324
172.875 -26.247625391166114 -26.578602637606707
173.375 -26.252752107946424 -26.58228044359603
173.875 -26.257871156322196 -26.58593612336901
174.375 -26.262983732333254 -26.58958529837406
174.875 -26.268050333335793 -26.593223544363916
175.375 -26.273124783821878 -26.596868784517063
175.87499999999997 -26.278175996334706 -26.600485380138007
176.375 -26.283209748064053 -26.604106878227867
176.875 -26.28823103485129 -26.60772071894052
177.37499999999997 -26.29323228101084 -26.611321402564435
177.875 -26.29822050856027 -26.61491999185262
178.375 -26.303171941409044 -26.618502274737388
178.87499999999997 -26.308126098653016 -26.62208408105698
179.375 -26.31304391950534 -26.62564171835427
179.875 -26.317944311299833 -26.629196831690027
180.37499999999997 -26.322833554645374 -26.632749944589847
180.875 -26.327691588786365 -26.636285257118544
181.375 -26.332531393619867 -26.639815861140754
181.87499999999997 -26.337352264463945 -26.643325786804798
182.375 -26.342144073056186 -26.64681546927151
182.875 -26.346913134781115 -26.650314399341696
183.37499999999997 -26.35165354869506 -26.653783384818862
183.875 -26.356377281347548 -26.657264995762226
184.375 -26.361062610646343 -26.660714182403314
184.87499999999997 -26.36573400174872 -26.664161855899764
185.375 -26.3703794780752 -26.66760058770545
185.875 -26.374997444406514 -26.67100963298761
186.37499999999997 -26.37958934603009 -26.674408480118167
186.875 -26.384159242564987 -26.677800584668013
187.375 -26.388704295605994 -26.681182254990134
187.87499999999997 -26.3932010491979 -26.684539360617492
188.375 -26.397686118758457 -26.68789763645269
188.875 -26.4021422561192 -26.691239406307922
189.37499999999997 -26.406558373147465 -26.69455051291003
189.875 -26.410946758964016 -26.69786181002076
190.375 -26.415322497679995 -26.701151525536226
190.87499999999997 -26.419646374091784 -26.7044224876353
191.375 -26.42394768697066 -26.707677660923604
191.875 -26.42821612292973 -26.71093878846729
192.37499999999997 -26.43246256563719 -26.71416796441565
192.875 -26.436667303063267 -26.71737279743063
193.375 -26.440842446084144 -26.720579240802632
193.87499999999997 -26.444992272968637 -26.723764482489997
194.375 -26.44910311122832 -26.7269268704301
194.875 -26.453185906095644 -26.73008219231892
195.37499999999997 -26.457263829390122 -26.733220181072742
195.875 -26.46131830934516 -26.736365977230548
196.375 -26.465361255024167 -26.739495547570602
196.87499999999997 -26.46938751780539 -26.742625449737425
197.375 -26.47341606188099 -26.745735544697887
197.875 -26.47741437598107 -26.74883790196787
198.37499999999997 -26.481418010539667 -26.75194975770384
198.875 -26.48539420502765 -26.755039915848574
199.375 -26.48936815470116 -26.758130454795342
199.87499999999997 -26.4933183354756 -26.76120881580319
200.375 -26.497258582920065 -26.764282924046967
200.875 -26.50118577765486 -26.767345625303598
201.37499999999997 -26.505098307080583 -26.770402268448766
201.875 -26.5090063818978 -26.773455567432958
202.375 -26.512879975711456 -26.776494104466263
202.87499999999997 -26.516742985452083 -26.779520065590066
203.375 -26.520602551353324 -26.782546348114046
203.875 -26.524428167041016 -26.785576725130017
204.37499999999997 -26.52825493732163 -26.78857373093161
204.875 -26.532064753162775 -26.79157047471414
205.375 -26.53585335703675 -26.794555073639067
205.87499999999997 -26.539620992877225 -26.797541181405435
206.375 -26.543377295744058 -26.800516425487842
206.875 -26.54711224385339 -26.80347311109612
207.37499999999997 -26.550852416068494 -26.806423838488
207.875 -26.55454972690887 -26.809376555583174
208.375 -26.5582174133633 -26.812305266637388
208.87499999999997 -26.56189890074996 -26.815235122185655
209.375 -26.565566734955745 -26.81814880444858
209.875 -26.569192832394258 -26.82105374559619
210.37499999999997 -26.57280799768995 -26.823956988213418
210.875 -26.5764181856836 -26.826845916279687
211.375 -26.57998850093271 -26.829723322457333
211.87499999999997 -26.583565642791132 -26.8325842399343
212.375 -26.587104529910004 -26.835447284819157
212.875 -26.59063110385793 -26.8382850623301
213.37499999999997 -26.5941343724111 -26.841121322344446
213.875 -26.59763636800024 -26.843958737452127
214.375 -26.601101301459412 -26.84677041221926
214.87499999999997 -26.604554594360525 -26.849577327888355
215.375 -26.60798878139466 -26.852382023635208
215.875 -26.611398528087932 -26.855166357573083
216.37499999999997 -26.61480187617126 -26.85794359694161
216.875 -26.618170125808874 -26.860705959071613
217.375 -26.621516755442872 -26.863457095406687
217.87499999999997 -26.624851221815792 -26.866197472920206
218.375 -26.628167860230818 -26.868935464788706
218.875 -26.631476849137975 -26.871645773199123
219.37499999999997 -26.634740447054245 -26.874371958229084
219.875 -26.637990312287897 -26.877072350444806
220.375 -26.64123588403441 -26.87975373411242
220.87499999999997 -26.644435084999124 -26.882437111621424
221.375 -26.64762453405359 -26.88509391412065
221.875 -26.65080319842039 -26.88775880947345
222.37499999999997 -26.65395544014753 -26.890401427707626
222.875 -26.657078278407838 -26.893027065272477
223.375 -26.660194059310726 -26.895652281161446
223.87499999999997 -26.663265824618755 -26.898257857333046
224.375 -26.666334345762984 -26.900856705779557
224.875 -26.669372495270824 -26.903435435128188
225.37499999999997 -26.67240268260678 -26.90601888265207
225.875 -26.675397983815063 -26.90857454774397
226.375 -26.67838088575173 -26.911127029162856
226.87499999999997 -26.681338136989403 -26.913661386077507
227.375 -26.68426552700428 -26.916192559591565
227.875 -26.687168823869875 -26.91869996070664
228.37499999999997 -26.690068482874594 -26.92121461220683
228.875 -26.692943178709072 -26.92370649009975
229.375 -26.695792910269827 -26.92618535373537
229.87499999999997 -26.698639566311655 -26.928660140437568
230.375 -26.701462473567833 -26.93112820626951
230.875 -26.70427214657535 -26.9335788040173
231.37499999999997 -26.707065448939964 -26.936030774099763
231.875 -26.70984925313139 -26.938463097864698
232.375 -26.71261647024217 -26.940911790882573
232.87499999999997 -26.71536645963489 -26.94332011544843
233.375 -26.718100650912774 -26.945740444228786
233.875 -26.720820669736447 -26.94816020406882
234.37499999999997 -26.7235229493781 -26.95054636677429
234.875 -26.72620886111979 -26.952919716196146
235.375 -26.728883637961015 -26.955309354060685
235.87499999999997 -26.731560174878357 -26.957680434550085
236.375 -26.734196314004453 -26.960042513823122
236.875 -26.736834846277276 -26.962396038721486
237.37499999999997 -26.73944463576011 -26.964736157087273
237.875 -26.742040425952446 -26.96708396349443
238.375 -26.74463613805205 -26.96941180507129
238.87499999999997 -26.747211275029898 -26.971730337569436
239.375 -26.749762990795535 -26.974044851245168
239.875 -26.752311717344455 -26.976344724564836
240.375 -26.754845090318994 -26.978636749176722
240.875 -26.75735993136367 -26.98092772741816
241.375 -26.759864086040665 -26.98320915347944
241.875 -26.76235698040541 -26.98547943088012
242.375 -26.76481523910752 -26.98774684293278
242.875 -26.767286217885626 -26.989998692356444
243.375 -26.769725925769382 -26.992242696647626
243.875 -26.772155430768095 -26.994496032136922
244.375 -26.774580757242987 -26.996719699865046
244.875 -26.776978780420748 -26.99894694586134
245.375 -26.779370209703913 -27.001162409723634
245.875 -26.781742126341243 -27.00336772799072
246.375 -26.78411051344884 -27.00555625000102
246.875 -26.786467429352324 -27.007750070270543
247.375 -26.788789405228 -27.00993718732704
247.875 -26.791117845356517 -27.012118774642868
248.375 -26.793426972562226 -27.01427754304757
248.875 -26.79572166940187 -27.016436089261934
249.375 -26.79800200749453 -27.018587820001777
249.875 -26.80026012189559 -27.020737357878524
250.375 -26.802519716326504 -27.022873687900745
250.875 -26.804762700655544 -27.025004946580328
251.375 -26.806991017973495 -27.027122009378893
251.875 -26.809216313212172 -27.029239280975197
252.375 -26.811404244633685 -27.031348958394474
252.875 -26.81360089430434 -27.033445302838324
253.375 -26.815775451751076 -27.035540418410953
253.875 -26.817929804429454 -27.03762026896904
254.375 -26.820074688041707 -27.03970501631221
254.875 -26.822215943211503 -27.041768227158784
255.375 -26.824334139176887 -27.04382940117077
255.875 -26.826450058214235 -27.04588552838959
256.375 -26.828540509378737 -27.04793623482648
256.875 -26.830621973449503 -27.049967284216496
257.375 -26.83270066130755 -27.052000299095905
257.875 -26.83475755724462 -27.054031307268858
258.375 -26.83679860365188 -27.05604496123054
258.875 -26.83881839374554 -27.058050522539823
259.375 -26.840847472811205 -27.06005332306917
259.875 -26.842854683678606 -27.062060883157592
260.375 -26.844841678512545 -27.06404254986831
260.875 -26.8468254956526 -27.06603079981101
261.375 -26.848792225982564 -27.06800388278541
261.875 -26.850751691888895 -27.069971603532444
262.375 -26.852696385943386 -27.07192451698566
262.875 -26.85463541083044 -27.073878729637517
263.375 -26.856546505112703 -27.075829045080383
263.875 -26.858461701375752 -27.07777288337781
264.375 -26.86036173114456 -27.079700245322513
264.875 -26.862248530871224 -27.081640176897928
265.375 -26.864128174647036 -27.083544682687098
265.875 -26.86599669987722 -27.08547302249821
266.375 -26.867864500149295 -27.0873794599822
266.875 -26.869710097817507 -27.089288538498867
267.375 -26.871542813833727 -27.09118634299685
267.875 -26.87337245079387 -27.093066199339543
268.375 -26.875190798582583 -27.094959272927245
268.875 -26.87699391884783 -27.096829060652823
269.375 -26.878785142180863 -27.098701691143855
269.875 -26.880560827136847 -27.10056969182269
270.375 -26.882333509429813 -27.102434710504383
270.875 -26.884099162753632 -27.10428571868812
271.375 -26.885842756292387 -27.10612061938187
271.875 -26.887586954400177 -27.107973360160575
272.375 -26.88931262309271 -27.109799842220866
272.875 -26.891032673757937 -27.11162454775913
273.375 -26.892740488994043 -27.113450416673288
273.875 -26.89444487562473 -27.115260115486155
274.375 -26.896121483656373 -27.117068842482595
274.875 -26.897798620473814 -27.118874166596875
275.375 -26.89946145676221 -27.120669545514772
275.875 -26.90111953322465 -27.1224581901016
276.375 -26.902761677131263 -27.12424418444713
276.875 -26.904406271028144 -27.126020567494862
277.375 -26.90601903260328 -27.127790680921233
277.875 -26.907626135017342 -27.129555331976228
278.375 -26.909227950814014 -27.131324805479483
278.875 -26.91081169283939 -27.1330675132312
279.375 -26.912397886285543 -27.13480980746634
279.875 -26.91396478735915 -27.136552469935257
280.375 -26.915516876674573 -27.138293044764843
280.875 -26.91706613752278 -27.140015397662726
281.375 -26.918595217470024 -27.141740079037394
281.875 -26.920120342331494 -27.14345085863673
282.375 -26.921647573044766 -27.145166823364356
282.875 -26.92313860575295 -27.146866459795906
283.375 -26.92463641752982 -27.148565368874028
283.875 -26.926117576432816 -27.15025979759773
284.375 -26.92758455899451 -27.151945074626394
284.875 -26.929051547259185 -27.15361858651817
285.375 -26.930498001024578 -27.1552955531565
285.875 -26.931936600813906 -27.156963145275135
286.375 -26.9333591375924 -27.15862239211889
286.875 -26.93477654591092 -27.16028197775735
287.375 -26.93618727821294 -27.161928803070655
287.875 -26.937581232935916 -27.163564644489938
288.375 -26.938964769150644 -27.165207301380335
288.875 -26.94033818003867 -27.16683232068663
289.375 -26.941699130800664 -27.16847036250714
289.875 -26.94304847982483 -27.170081287281697
290.375 -26.944392759533024 -27.171692852478742
290.875 -26.94572710831959 -27.17329170498875
291.375 -26.947042879977946 -27.174900562694898
291.875 -26.948358431571776 -27.176492541430424
292.375 -26.94965219989019 -27.17808447102663
292.875 -26.95094481823655 -27.179674887758182
293.375 -26.95220940763202 -27.1812456610881
293.875 -26.953473791777498 -27.1828041502719
294.375 -26.954740128537328 -27.184378141085194
294.875 -26.955976635007918 -27.18593943895071
295.375 -26.95721591443509 -27.187487962683164
295.875 -26.958434530929818 -27.18903144164388
296.375 -26.959645110310618 -27.190575303843843
296.875 -26.960841038163984 -27.192109854558044
297.375 -26.962039241286448 -27.19363553181292
297.875 -26.963210303963564 -27.195166340459046
298.375 -26.964382714051265 -27.19668507081789
298.875 -26.965547159267395 -27.198198998864505
299.375 -26.966692908760848 -27.199713245378845
299.875 -26.96783110570199 -27.201212336542678
300.375 -26.968954527810833 -27.202710241699606
300.875 -26.97008819305436 -27.204205110300357
301.375 -26.971193891069163 -27.205691662724796
301.875 -26.972285233454546 -27.207173326191032
302.375 -26.973381271406396 -27.20865209245784
302.875 -26.974457005375324 -27.21012724006719
303.375 -26.975525926884366 -27.211590706854203
303.875 -26.976586876910055 -27.21305397228661
304.375 -26.977647232926856 -27.214511403822527
304.875 -26.97868309141501 -27.215958588169904
305.375 -26.97971432597519 -27.217405802864846
305.875 -26.98073928666006 -27.21884502816956
306.375 -26.98175388519398 -27.22028477353007
306.875 -26.982757967404382 -27.221711382886994
307.375 -26.983759585114043 -27.223141924900936
307.875 -26.984743236924075 -27.22456386315979
308.375 -26.985712520674035 -27.225973558098392
308.875 -26.986680438089454 -27.227390019873194
309.375 -26.987632976504244 -27.228790422871
309.875 -26.98859714059392 -27.230186448710963
310.375 -26.989525395482815 -27.23158371053525
310.875 -26.990454244313543 -27.232976225501027
311.375 -26.991382484283758 -27.234359304801977
311.875 -26.99229887416771 -27.235745320635413
312.375 -26.99320179286959 -27.237116400225023
312.875 -26.99408960880504 -27.238481902783825
313.375 -26.994982404669216 -27.23985152345094
313.875 -26.995869940221272 -27.24120405574908
314.375 -26.99673509198334 -27.24255916305544
