FastTrWP/PhaseSpace/IAs/snIa_0.6_20_0.0_0.1.csv
# %ECSV 0.9
# ---
# datatype:
# - {name: time-rel, datatype: float64}
# - {name: g, datatype: float64}
# - {name: i, datatype: float64}
# schema: astropy-2.0
time-rel g i
[from data line 1670]
821.2291666666666 -24.503772886423434 -27.470186061263483
821.7291666666666 -24.502021067520836 -27.469405607226307
822.2291666666665 -24.50026102075446 -27.468629010895196
822.7291666666666 -24.498463714777174 -27.467844439889717
823.2291666666666 -24.496698188150503 -27.46706067999936
823.7291666666665 -24.494912115616035 -27.466279179576283
824.2291666666666 -24.493127776123384 -27.465490686596898
824.7291666666666 -24.491331044059805 -27.46469834128503
825.2291666666665 -24.489588623583497 -27.463927342125444
825.7291666666666 -24.487762611299985 -27.46313702045754
826.2291666666666 -24.486013420776676 -27.46234406841179
826.7291666666665 -24.484221233979305 -27.461558921047022
827.2291666666666 -24.482455948870715 -27.46076859701507
827.7291666666666 -24.480652665667535 -27.459975852001378
828.2291666666665 -24.478889662114067 -27.459185092767573
828.7291666666666 -24.47710350591359 -27.458395978675448
829.2291666666666 -24.475309377916695 -27.457596975928183
829.7291666666665 -24.4735503901977 -27.456803858647913
830.2291666666666 -24.47177614664173 -27.456012416501594
830.7291666666666 -24.469982008924184 -27.4552134819063
831.2291666666665 -24.468218253404054 -27.454428000657956
831.7291666666666 -24.466460136881295 -27.453627064175517
832.2291666666666 -24.46464142135497 -27.452826455473314
832.7291666666665 -24.462874746006456 -27.45202702068235
833.2291666666666 -24.461073184807326 -27.451229866788758
833.7291666666666 -24.459291547677545 -27.45043161476029
834.2291666666665 -24.457500979382246 -27.44963141180444
834.7291666666666 -24.455743617589192 -27.448827606917344
835.2291666666666 -24.453943609928693 -27.448022714344678
835.7291666666665 -24.4521759848734 -27.447218731419127
836.2291666666666 -24.45036823096366 -27.446414339661104
836.7291666666666 -24.448612256689813 -27.445615220243656
837.2291666666665 -24.446793292265625 -27.444801050925598
837.7291666666666 -24.44504382547363 -27.444000236688165
838.2291666666666 -24.44321810605353 -27.443186655104878
838.7291666666665 -24.441433602277787 -27.44238016939419
839.2291666666666 -24.43965003938186 -27.441575633865355
839.7291666666666 -24.437882563182892 -27.44076192765565
840.2291666666665 -24.436066997179736 -27.439950773580918
840.7291666666666 -24.434303192266565 -27.439141273912846
841.2291666666666 -24.432495050471744 -27.438327900192117
841.7291666666665 -24.430666741651564 -27.437509596461233
842.2291666666666 -24.42891080465465 -27.436693242675467
842.7291666666666 -24.42713021981306 -27.435884890925767
843.2291666666665 -24.425340994396603 -27.435069050876066
843.7291666666666 -24.42352935686754 -27.4342487705896
844.2291666666666 -24.421759073881034 -27.43342637220667
844.7291666666665 -24.419944968679367 -27.432604277989554
845.2291666666666 -24.418168317633334 -27.43178732363414
845.7291666666666 -24.416376448764517 -27.43096722139771
846.2291666666665 -24.414563783001345 -27.4301363847122
846.7291666666666 -24.41274590432377 -27.429322340467234
847.2291666666666 -24.410972940315162 -27.428491188529716
847.7291666666665 -24.409147076751772 -27.427668214383353
848.2291666666666 -24.407384811212847 -27.426837782794617
848.7291666666666 -24.4055517638497 -27.42601580770033
849.2291666666665 -24.40376249927081 -27.425189430523304
849.7291666666666 -24.40197869189894 -27.424356467466566
850.2291666666666 -24.40016763277271 -27.423526861739738
850.7291666666665 -24.39836539673671 -27.422690424958205
851.2291666666666 -24.396575006588364 -27.421863837423324
851.7291666666666 -24.394791071849706 -27.42103120445963
852.2291666666665 -24.392961432866798 -27.42019243612546
852.7291666666666 -24.3911613077648 -27.419359036150773
853.2291666666666 -24.38935011672017 -27.418522565953374
853.7291666666665 -24.38755173449861 -27.417692302836215
854.2291666666666 -24.385756744249907 -27.416853072537627
854.7291666666666 -24.38393991959343 -27.41601153833182
855.2291666666665 -24.382154062058284 -27.415172027983225
855.7291666666666 -24.380342777067465 -27.414328440542413
856.2291666666666 -24.37854668349941 -27.413492098623085
856.7291666666665 -24.376727952900264 -27.41265821889867
857.2291666666666 -24.374910292871593 -27.411811419245918
857.7291666666666 -24.373125983852493 -27.410964596099898
858.2291666666665 -24.371328055847886 -27.410117352748905
858.7291666666666 -24.369516866894383 -27.409271272801227
859.2291666666666 -24.367708523124847 -27.408430520732466
859.7291666666665 -24.36594141946633 -27.40758632808712
860.2291666666666 -24.36407652185271 -27.40673194283156
860.7291666666666 -24.3623108596411 -27.405884570982533
861.2291666666665 -24.360506803389363 -27.405036780719687
861.7291666666666 -24.35866884051928 -27.404186685426843
862.2291666666666 -24.35687957481204 -27.403330605929362
862.7291666666665 -24.355089876016166 -27.402477930384116
863.2291666666666 -24.353262134148647 -27.40162908767036
863.7291666666666 -24.351421960057834 -27.400769574034594
864.2291666666665 -24.349628719953134 -27.399912175295217
864.7291666666666 -24.347830877880348 -27.3990628652233
865.2291666666666 -24.346016371752086 -27.39820350605209
865.7291666666665 -24.344182934071267 -27.397338811213665
866.2291666666666 -24.34238017064224 -27.396488062401254
866.7291666666666 -24.340579086957447 -27.395622558279207
867.2291666666665 -24.338767896759993 -27.394762088236888
867.7291666666666 -24.336973168899174 -27.393900320809692
868.2291666666666 -24.335143561753092 -27.393035164278565
868.7291666666665 -24.333332639586672 -27.392173086249137
869.2291666666666 -24.331545166419154 -27.3912986325984
869.7291666666666 -24.329711388024435 -27.390441694041485
870.2291666666665 -24.32791742356988 -27.38957469556579
870.7291666666666 -24.326101185455343 -27.38870610058727
871.2291666666666 -24.324261462276574 -27.387835156400662
871.7291666666665 -24.322494978219147 -27.386960603382274
872.2291666666666 -24.320637483019315 -27.386090463200418
872.7291666666666 -24.318837939861456 -27.38521299190851
873.2291666666665 -24.31703514045227 -27.38434198583913
873.7291666666666 -24.31520439444967 -27.383462432056454
874.2291666666666 -24.31337713682353 -27.382589326536483
874.7291666666665 -24.31155095196705 -27.381714897237135
875.2291666666666 -24.309748201584046 -27.38082957379195
875.7291666666666 -24.307936570359846 -27.379954310134128
876.2291666666665 -24.306112270422297 -27.379074320620127
876.7291666666666 -24.304293492731198 -27.37819060448137
877.2291666666666 -24.302477852580164 -27.377303376324665
877.7291666666665 -24.300661049878947 -27.376424568923696
878.2291666666666 -24.298835040071367 -27.375538102174293
878.7291666666666 -24.296973199719464 -27.374650790408595
879.2291666666665 -24.29517179675214 -27.37376693244851
879.7291666666666 -24.293390630521547 -27.372880826754287
880.2291666666666 -24.29151178681216 -27.371987026625728
880.7291666666665 -24.28971939489149 -27.371093055730515
881.2291666666666 -24.287902729483992 -27.370203954926005
881.7291666666666 -24.28608563091001 -27.36931509838106
882.2291666666665 -24.284241655682717 -27.368414785911014
882.7291666666666 -24.282447623025828 -27.367517985115434
883.2291666666666 -24.28060268456172 -27.366622504291833
883.7291666666665 -24.278783528239757 -27.365717562291415
884.2291666666666 -24.276949571476706 -27.36482184920416
884.7291666666666 -24.275137168460027 -27.36392749843146
885.2291666666665 -24.273295499297284 -27.36302746658682
885.7291666666666 -24.271456958627 -27.36212118602743
886.2291666666666 -24.26961523783592 -27.36122353572384
886.7291666666665 -24.267830820419167 -27.36031288392622
887.2291666666666 -24.265975432705467 -27.359404470772336
887.7291666666666 -24.26414284635111 -27.358496047314233
888.2291666666665 -24.262318579208447 -27.357587820277722
888.7291666666666 -24.26049410349147 -27.356678387305845
889.2291666666666 -24.25869185452626 -27.355765745106567
889.7291666666665 -24.256851128413857 -27.354851241716275
890.2291666666666 -24.254963179832135 -27.3539428906763
890.7291666666666 -24.25313887783398 -27.353026151281018
891.2291666666665 -24.251305999105057 -27.35210470363791
891.7291666666666 -24.24944814721005 -27.35119441800698
892.2291666666666 -24.24765263877745 -27.350267029533942
892.7291666666665 -24.245820089062065 -27.349346497035683
893.2291666666666 -24.24396164138708 -27.34842892773647
893.7291666666666 -24.24216164601356 -27.347507152200848
894.2291666666665 -24.240333522989307 -27.34658430670345
894.7291666666666 -24.23847716158466 -27.34566031806155
895.2291666666666 -24.236652961798203 -27.344728094023644
895.7291666666665 -24.234821928557846 -27.343801807566557
896.2291666666666 -24.232974748630074 -27.342872459663475
896.7291666666666 -24.231150974568504 -27.34193882927996
897.2291666666665 -24.22928796083275 -27.3410154282396
897.7291666666666 -24.22747283028 -27.34009452960088
898.2291666666666 -24.225643730002815 -27.339148909653453
898.7291666666665 -24.223805690189984 -27.33821301175254
899.2291666666666 -24.221950499817922 -27.337281186795654
899.7291666666666 -24.220118246937364 -27.33633899751951
900.2291666666665 -24.218273144459022 -27.33539834057686
900.7291666666666 -24.21643898168965 -27.334462722321938
901.2291666666666 -24.21461157624277 -27.333522539181843
901.7291666666665 -24.21275033365135 -27.332581474232892
902.2291666666666 -24.210915797799576 -27.33164177460376
902.7291666666666 -24.20906572011321 -27.330698815796353
903.2291666666665 -24.20724362555149 -27.329749750878243
903.7291666666666 -24.205398844184423 -27.328800107655407
904.2291666666666 -24.203563492628962 -27.327852805773475
904.7291666666665 -24.20170870376232 -27.326905647409895
905.2291666666666 -24.199875797934197 -27.325946973403305
905.7291666666666 -24.198040638058764 -27.324996013659657
906.2291666666665 -24.19617725024459 -27.324038744189455
906.7291666666666 -24.194355277693262 -27.32309186351602
907.2291666666666 -24.19248585401548 -27.32213384628392
907.7291666666665 -24.19067095726647 -27.321176533254818
908.2291666666666 -24.18882461672257 -27.320220035991653
908.7291666666666 -24.18697066028363 -27.3192606657409
909.2291666666665 -24.1851463625773 -27.318298266763104
909.7291666666666 -24.18329527018946 -27.317337328549073
910.2291666666666 -24.181465254243683 -27.316384714590907
910.7291666666665 -24.179611046971043 -27.315413396055526
911.2291666666666 -24.177766948598713 -27.314446912540756
911.7291666666666 -24.175924611961594 -27.313478551558454
912.2291666666665 -24.174071318808735 -27.31250896595579
912.7291666666666 -24.172230318673428 -27.311539295889165
913.2291666666666 -24.170387132469784 -27.31056833609339
913.7291666666665 -24.168538363746794 -27.309601802290526
914.2291666666666 -24.16667755692119 -27.308624189826034
914.7291666666666 -24.16483144931313 -27.30764346601662
915.2291666666665 -24.162981231042732 -27.30667287682302
915.7291666666666 -24.161141757071142 -27.305691918933324
916.2291666666666 -24.159308895114076 -27.304711066156173
916.7291666666665 -24.15747119064845 -27.303736611633887
917.2291666666666 -24.155594296301118 -27.30275007521435
917.7291666666666 -24.153759451904232 -27.30177697790394
918.2291666666665 -24.151913011993198 -27.30078929844641
918.7291666666666 -24.150060308437414 -27.299800841953758
919.2291666666666 -24.148201872411814 -27.298814506877747
919.7291666666665 -24.146367860845842 -27.297832238848322
920.2291666666666 -24.14448414948354 -27.296843372443355
920.7291666666666 -24.142655274187845 -27.29585193449691
921.2291666666665 -24.1407927405576 -27.294858734873696
921.7291666666666 -24.138949569326012 -27.29386982954844
922.2291666666666 -24.137126067580436 -27.29288095061714
922.7291666666665 -24.135258047869662 -27.291878431993265
923.2291666666666 -24.133410449569787 -27.2908867520643
923.7291666666666 -24.131541007106136 -27.289884627810554
924.2291666666665 -24.129729414893077 -27.288890550864075
924.7291666666666 -24.127870015407552 -27.287889224953553
925.2291666666666 -24.125991932786377 -27.286884810986344
925.7291666666665 -24.12415244927348 -27.285883425077827
926.2291666666666 -24.122324777976264 -27.284869710447445
926.7291666666666 -24.120452207318795 -27.28386768581357
927.2291666666665 -24.118601158302006 -27.282865178179172
927.7291666666666 -24.116743085158316 -27.281856515832143
928.2291666666666 -24.114891164451176 -27.280841205187652
928.7291666666665 -24.11302787822844 -27.279828343315664
929.2291666666666 -24.11116462673406 -27.27881576020055
929.7291666666666 -24.10931137508055 -27.277798817429794
930.2291666666665 -24.107495139220774 -27.276777282609885
930.7291666666666 -24.105561472450127 -27.275752311826494
931.2291666666666 -24.103765331834083 -27.274728125462243
931.7291666666665 -24.10189814364886 -27.273712902393793
932.2291666666666 -24.10006131143127 -27.272681332668427
932.7291666666666 -24.09818643441922 -27.271642579888933
933.2291666666665 -24.09630584999917 -27.270613717493646
933.7291666666666 -24.09446462817035 -27.269579611774052
934.2291666666666 -24.09259008632869 -27.26855206680941
934.7291666666665 -24.090721235498684 -27.26750777772706
935.2291666666666 -24.08891586607456 -27.26646603036919
935.7291666666666 -24.08703168328488 -27.265425813568832
936.2291666666665 -24.085198857219318 -27.264386630481336
936.7291666666666 -24.08332901023566 -27.263336734934608
937.2291666666666 -24.0814400606822 -27.262296493231553
937.7291666666665 -24.079599075304067 -27.26124570065025
938.2291666666666 -24.077717363612983 -27.260201089189145
938.7291666666666 -24.0758742808243 -27.259154950424673
939.2291666666665 -24.074001226441595 -27.258093661409998
939.7291666666666 -24.07217020159697 -27.257042940026842
940.2291666666666 -24.070273887532615 -27.255988397857006
940.7291666666665 -24.06842670737255 -27.254933730974518
941.2291666666666 -24.066562321994777 -27.253877210276393
941.7291666666666 -24.06468641904389 -27.252814093195653
942.2291666666665 -24.062827922867903 -27.25176404472675
942.7291666666666 -24.060982918467207 -27.25069433510731
943.2291666666666 -24.05911461684296 -27.249632106660997
943.7291666666665 -24.057264369758382 -27.248573519740557
944.2291666666666 -24.05542051187339 -27.247505127475815
944.7291666666666 -24.053543540012747 -27.24643319811441
945.2291666666665 -24.051681497778354 -27.24536646439617
945.7291666666666 -24.04983719336856 -27.24430156111485
946.2291666666666 -24.047958339422912 -27.243231693243427
946.7291666666665 -24.046095571052536 -27.24216377156054
947.2291666666666 -24.044250896016834 -27.2410867387228
947.7291666666666 -24.042389957371476 -27.240023510934243
948.2291666666665 -24.040507118018375 -27.23894068983061
948.7291666666666 -24.03868509355288 -27.23787156727351
949.2291666666666 -24.03686972780222 -27.236797812672364
949.7291666666665 -24.03496943748848 -27.235714671455426
950.2291666666666 -24.033091354259035 -27.234637813022236
950.7291666666666 -24.03123880673432 -27.233568049808877
951.2291666666665 -24.02936982331743 -27.23248631416269
951.7291666666666 -24.02750589383178 -27.231405298747088
952.2291666666666 -24.025660272196024 -27.2303281014034
952.7291666666665 -24.0237983147194 -27.229251953726553
953.2291666666666 -24.021947911604208 -27.22816706912111
953.7291666666666 -24.02009516744778 -27.22708340846141
954.2291666666665 -24.018258990581618 -27.225997195058575
954.7291666666666 -24.01642413410616 -27.224921969379746
955.2291666666666 -24.014561851249333 -27.223831294958703
955.7291666666665 -24.012682309908612 -27.22275098462271
956.2291666666666 -24.01081671390136 -27.2216673481605
956.7291666666666 -24.00900710721529 -27.22058236399391
957.2291666666665 -24.007152632080388 -27.219503400902116
957.7291666666666 -24.00528027800668 -27.218415194230197
958.2291666666666 -24.003470839301503 -27.217334673746233
958.7291666666665 -24.001601455206828 -27.216248347124097
959.2291666666666 -23.99977776059901 -27.21516593448591
959.7291666666666 -23.997929628387944 -27.214085281255016
