FastTrWP/PhaseSpace/IAs/snIa_0.69_30.00_-1.13_0.02.csv
# %ECSV 0.9
# ---
# datatype:
# - {name: time-rel, datatype: float64}
# - {name: g, datatype: float64}
# - {name: i, datatype: float64}
# schema: astropy-2.0
time-rel g i
[from data line 1032]
625.875 24.38031712549384 22.257542702215805
626.375 24.381063619279182 22.25715213355254
626.875 24.38179662978383 22.256778313472513
627.375 24.382545306214773 22.25639133848827
627.875 24.383301910292097 22.256014582042166
628.375 24.384045279518997 22.25563843385573
628.875 24.384797720608894 22.255267926051005
629.375 24.385538149078094 22.254894484972716
629.875 24.386291944078838 22.254535479195212
630.375 24.387055873691676 22.25417455556137
630.875 24.387792462793918 22.253806472061655
631.375 24.388552989044516 22.253453725812232
631.875 24.38930279821296 22.25310284929658
632.375 24.390051753988097 22.2527496520869
632.875 24.390780589363096 22.252401406745438
633.375 24.391557809975946 22.252056699888865
633.875 24.39230759531641 22.251713566990485
634.375 24.39306627661525 22.25137319692028
634.875 24.393833376927446 22.251037509285275
635.375 24.394585324178802 22.250707021223825
635.875 24.39534572681913 22.25038176866654
636.375 24.39608546692629 22.250053923910396
636.875 24.396847486939915 22.24972847407917
637.375 24.397613866684992 22.249406549810928
637.875 24.398378435036754 22.249089847811554
638.375 24.399138579588296 22.24877627963373
638.875 24.39990874204522 22.24846197045412
639.375 24.40065694272104 22.248153509468587
639.875 24.401416501444743 22.24784790927895
640.375 24.402181218969268 22.247544058571627
640.875 24.4029241183624 22.24724353004586
641.375 24.40370560898908 22.24694889863288
641.875 24.404470141944834 22.24665299225905
642.375 24.405241399060152 22.246360687470975
642.875 24.405987277560392 22.24607715680985
643.375 24.40675966973484 22.24579025682928
643.875 24.40753170666653 22.245513035332642
644.375 24.40831119473783 22.24522783690152
644.875 24.40906077171862 22.244954070379684
645.375 24.409832008585756 22.244680596784193
645.875 24.410587070373833 22.244417115946597
646.375 24.411380245629516 22.24415244123618
646.875 24.412136284914098 22.24388452103331
647.375 24.41290301609742 22.24362349636587
647.875 24.413688831231426 22.243371685512145
648.375 24.414451749592864 22.24311783851237
648.875 24.41520866563479 22.242866953424773
649.375 24.416004201541533 22.24261956698357
649.875 24.416755756793233 22.242374461414403
650.375 24.417550587689618 22.242133579220294
650.875 24.418313033803525 22.241895556253546
651.375 24.419086299709846 22.241662317925503
651.875 24.41986668277391 22.24143413158917
652.375 24.42063650226547 22.24120213049027
652.875 24.421424446681552 22.24097547104943
653.375 24.42219371273613 22.24075281024875
653.875 24.422972178005583 22.2405381193781
654.375 24.42373517252692 22.240321524780242
654.875 24.424522587953177 22.240113654847228
655.375 24.425292056607503 22.239893039343404
655.875 24.42608214355131 22.23968936882502
656.375 24.426855056371647 22.239495591595706
656.875 24.42763532182766 22.239296364756036
657.375 24.4284181215005 22.239100733580717
657.875 24.4291814888995 22.238906704902135
658.375 24.429955371554158 22.238710258684144
658.875 24.4307378080152 22.238524801362583
659.375 24.431508274178 22.238344703290174
659.875 24.432296267754765 22.238167888061795
660.375 24.433047464071073 22.23798756831835
660.875 24.43382097336834 22.237819298876925
661.375 24.43459365081005 22.237655638766533
661.875 24.435353819382364 22.237489570539147
662.375 24.436134268795378 22.237324813883586
662.875 24.436883895289114 22.2371631221014
663.375 24.43765621735932 22.23701126873484
663.875 24.438415581177757 22.236859731017926
664.375 24.439174360513363 22.23671028863732
664.875 24.439929119864573 22.236566349822592
665.375 24.440688213096863 22.236419585733103
665.875 24.44143736673739 22.23629108347362
666.375 24.442197467851003 22.236149797724565
666.875 24.442964970143564 22.236009205029564
667.375 24.443724382620115 22.235886000209074
667.875 24.444483790062254 22.235754493881203
668.375 24.445241627948832 22.235636005387196
668.875 24.44599794586837 22.235512833606673
669.375 24.446762862290562 22.23539853488978
669.875 24.447527101547823 22.23528510626664
670.375 24.44826916326577 22.23516985183653
670.875 24.449001515724117 22.235072432010448
671.375 24.449804794765114 22.23496287233223
671.875 24.4505534646685 22.234857900559632
672.375 24.451305974409156 22.234758011276448
672.875 24.452057038311274 22.234662372758876
673.375 24.452840089500985 22.234574084691783
673.875 24.45361091859164 22.234487717640235
674.375 24.45436150194994 22.23439703509333
674.875 24.455141879235292 22.234311473880844
675.375 24.455892807034132 22.2342302951639
675.875 24.45665828550087 22.23415072359456
676.375 24.457428095462518 22.234072944761223
676.875 24.45820668889506 22.23400014355089
677.375 24.45898115231501 22.23393180060128
677.875 24.459744266777385 22.233861778976767
678.375 24.46051657987056 22.2337935766711
678.875 24.461291116763732 22.233741287523724
679.375 24.462090813926956 22.23367945209555
679.875 24.462867975912754 22.233620825931975
680.375 24.463654749490043 22.233561106585285
680.875 24.46444165852771 22.233518782385183
681.375 24.465249632399765 22.233469344612224
681.875 24.466037779333703 22.233417716615932
682.375 24.46683279451896 22.233374370474248
682.875 24.467626327613896 22.233330674692468
683.375 24.468423086053495 22.233290396874562
683.875 24.469226190940915 22.23325736023902
684.375 24.470052319801066 22.233220765353096
684.875 24.470855001280643 22.233190960432584
685.375 24.471673842671834 22.233158964342646
685.875 24.472478767667813 22.23313830177387
686.375 24.47330732198668 22.233111563747386
686.875 24.4741365121801 22.23309302519454
687.375 24.47497515394978 22.233072184083383
687.875 24.475797367435085 22.233054644131222
688.375 24.476637827303605 22.233036966109907
688.875 24.477459983974367 22.2330290582067
689.375 24.478331054638435 22.233021725273865
689.875 24.479184252247542 22.23301076618707
690.375 24.48002349677925 22.23300471279581
690.875 24.480910058925552 22.23300176776749
691.375 24.481754879228884 22.232999103239063
691.875 24.482616858963134 22.23300450997174
692.375 24.483507757432204 22.233004341012435
692.875 24.484392579178543 22.233013953981967
693.375 24.485264226463684 22.23301565176019
693.875 24.486160941959536 22.233028515063967
694.375 24.487069264970913 22.233034643077364
694.875 24.487953282134423 22.233054385259972
695.375 24.488865545322966 22.23306621161468
695.875 24.48976462549524 22.233086389351943
696.375 24.490691233382698 22.233104924753633
696.875 24.491637813700898 22.23312824149415
697.375 24.49256519986761 22.23315549236402
