FastTrWP/PhaseSpace/IAs/snIa_0.50_30.00_-2.54_0.01.csv
# %ECSV 0.9
# ---
# datatype:
# - {name: time-rel, datatype: float64}
# - {name: g, datatype: float64}
# - {name: i, datatype: float64}
# schema: astropy-2.0
time-rel g i
321.125 26.984851268759982 24.27425988494153
321.625 26.94105301302742 24.267375950929132
322.125 26.898774944843 24.260533531764807
322.625 26.857869598020766 24.253681850591505
323.125 26.818212380951245 24.24688518280726
323.625 26.779743853853123 24.24010429818842
324.125 26.742453965838862 24.233325114189277
324.625 26.706124562021373 24.22657527588841
325.125 26.670832705436702 24.219852580895314
325.625 26.636503714041396 24.213162540755967
326.125 26.60300380869063 24.20646260004189
326.625 26.570367270558656 24.199804603936556
327.125 26.538514957312735 24.19314409044041
327.625 26.50738038986908 24.186520089748957
328.125 26.47700642746176 24.179921184076257
328.625 26.447286586347726 24.173343982611343
329.125 26.418216517670814 24.16677123282779
329.625 26.389769421389285 24.16024099470075
330.125 26.361880506845893 24.153707808363638
330.625 26.334564540107408 24.147208340899112
331.125 26.307822361797225 24.140712685852748
331.625 26.2814808973105 24.134243759808136
332.125 26.255797229906854 24.127798419242147
332.625 26.23045665194855 24.121372511114885
333.125 26.205630824008598 24.11494866604834
333.625 26.181290955875312 24.108560031954987
334.125 26.15726463764552 24.102179855005843
334.625 26.13366874549074 24.095820409955778
335.125 26.110525808449797 24.08950285104503
335.625 26.087719656970826 24.083173850740913
336.125 26.06533449326749 24.076880802353692
336.625 26.043233070743213 24.070608559030507
337.125 26.021477544943 24.064354751688867
337.625 26.00008351230564 24.05811135249083
338.125 25.979013353781543 24.051898294147737
338.625 25.958225243042264 24.045684840718046
339.125 25.937744959365293 24.039514734808733
339.625 25.9176165625004 24.03333974148112
340.125 25.897655846890046 24.027199230591258
340.625 25.87799499062355 24.02107305039282
341.125 25.858649816686736 24.014960981753223
341.625 25.839499324219915 24.008862674327325
342.125 25.82068602581215 24.002780718959787
342.625 25.802052918752945 23.996738593474333
343.125 25.78362358343881 23.990697977823437
343.625 25.765486703132645 23.984661326264096
344.125 25.747531448248353 23.978668756871876
344.625 25.729796558651536 23.972674781407093
345.125 25.71227294382513 23.966715639175256
345.625 25.694961975963313 23.960741707953318
346.125 25.677846344422264 23.95481780897019
346.625 25.66090315624857 23.94888973836092
347.125 25.64417556352289 23.94298431774577
347.625 25.627601427730585 23.937114063000145
348.125 25.611219342058043 23.93122466116874
348.625 25.595042934849474 23.92537103634734
349.125 25.57900956111071 23.91952367813736
349.625 25.563128796747566 23.91369460298936
350.125 25.547447325452435 23.90788348667899
350.625 25.531900194637238 23.90207720068231
351.125 25.51653091979575 23.896303856714525
351.625 25.50126556171226 23.890546080128857
352.125 25.48620088595616 23.88479122621873
352.625 25.471252436054815 23.87905319595314
353.125 25.456420004594726 23.87333329519052
353.625 25.441762007276477 23.86764090332011
354.125 25.427275688805587 23.861944989686208
354.625 25.412868377370664 23.85626297184228
355.125 25.398616545456786 23.850595655262232
355.625 25.38446957548727 23.84494927249912
356.125 25.370451801634267 23.839324216431788
356.625 25.35657654298175 23.833701954848536
357.125 25.342808312211762 23.828094031658242
357.625 25.32915344936378 23.822492889083982
358.125 25.315633950366504 23.816924098223502
358.62499999999994 25.302191570095456 23.81136518548693
359.125 25.2889023385934 23.805802592341273
359.625 25.27569658769059 23.8002642924129
360.12499999999994 25.262620626264987 23.79474410034735
360.625 25.249601125402204 23.789232225635754
361.125 25.236726998085842 23.78373143398809
361.62499999999994 25.223951673566766 23.778246996811696
362.125 25.21125375763372 23.772779890281534
362.625 25.198658634180433 23.76732223275284
363.12499999999994 25.186175493676192 23.761873938367373
363.625 25.17378182873213 23.756445798812717
364.125 25.16148993713528 23.751020581888262
364.62499999999994 25.149270379302703 23.745607422513185
365.125 25.13713732312159 23.740212352380603
365.625 25.12508101219 23.734827274757514
366.12499999999994 25.113124039983074 23.72944743556198
366.625 25.10128673373501 23.724084155723126
367.125 25.089483128105975 23.718749944834503
367.62499999999994 25.07781891781363 23.713417182174624
368.125 25.0661665220018 23.708096533919022
368.625 25.054608566020683 23.702788445147227
369.12499999999994 25.043162098600785 23.697485269258593
369.625 25.031783818324666 23.69220156423138
370.125 25.020428367391155 23.686915830187978
370.62499999999994 25.009084366871317 23.681628555328807
371.125 24.997837143701368 23.676340276176106
371.625 24.986588054879352 23.67104916110652
372.12499999999994 24.975364716217747 23.665773147012217
372.625 24.964208833676707 23.660496392138036
373.125 24.953071069896822 23.655224098209274
373.62499999999994 24.94199648560707 23.64993123402104
374.125 24.9309774667717 23.64467606071753
374.625 24.919967278666896 23.63940970261121
375.12499999999994 24.90903898000671 23.634155824361024
375.625 24.898154143910425 23.6288928203464
376.125 24.887291308771353 23.6236673834664
376.62499999999994 24.876531371481274 23.61841666438118
377.125 24.86579682982238 23.61318439766215
377.625 24.85508921878203 23.60797698750965
378.12499999999994 24.844466914918286 23.60275594952252
378.625 24.83391816336574 23.59755625411701
379.125 24.823414066870217 23.592355907987677
379.62499999999994 24.812968805829307 23.587168579457316
380.125 24.802564316738884 23.582002759601348
380.625 24.792236479034912 23.576848265627394
381.12499999999994 24.781995493770598 23.571705924636106
381.625 24.771788579994656 23.56655647485301
382.125 24.761645876136484 23.561438495294453
382.62499999999994 24.751579231949194 23.556319367649834
383.125 24.741554051799092 23.55121685139656
383.625 24.731611712931617 23.54614003872748
384.12499999999994 24.721732826364985 23.5410722356743
384.625 24.711919627409983 23.536010484226985
385.125 24.702175861838512 23.530973713457854
385.62499999999994 24.6924848536851 23.525945059464604
386.125 24.682871878688726 23.52095306437858
386.625 24.673327202971574 23.51594232116447
387.12499999999994 24.66384331824653 23.510966953311694
387.625 24.65444377467433 23.506014109371172
388.125 24.645098420410392 23.501074196446503
388.62499999999994 24.635814272953155 23.49614152750593
389.125 24.626642374535614 23.491247994472047
389.625 24.61749944056958 23.486358597563054
390.12499999999994 24.608437551978618 23.481490956980355
390.625 24.599447246449042 23.47663564821447
391.125 24.590514313309075 23.471799626763623
391.62499999999994 24.581661340442338 23.46697909367142
392.125 24.57290282280697 23.46219750483965
392.625 24.56419687583367 23.457420628785492
393.12499999999994 24.555560384313708 23.452657626814094
393.625 24.546978595205587 23.447937400119855
394.125 24.538490806402102 23.443215706264773
394.62499999999994 24.530059838525894 23.438526066589667
395.125 24.521715210422762 23.433869638167664
395.625 24.513437387738595 23.42921189510543
396.12499999999994 24.505212683724196 23.424585433806516
396.625 24.497104570392253 23.4199823046582
397.125 24.489031446607598 23.41540113845355
397.62499999999994 24.481035699346016 23.410840675702886
398.125 24.473133040306685 23.4063064627454
398.625 24.46525772531555 23.401797081955564
399.12499999999994 24.457498364071167 23.397295402404158
399.625 24.44979945163173 23.3928221947911
400.125 24.44218087601361 23.38839167073359
400.62499999999994 24.43461699727767 23.383974217532526
401.125 24.42711992910391 23.37956853273284
401.625 24.419712748214245 23.37519499976718
402.12499999999994 24.41236397970451 23.370859391877016
402.625 24.405115124742444 23.36652045311562
403.125 24.397909628812847 23.362227095467464
403.62499999999994 24.390800064377316 23.357961274627428
404.125 24.3837379679824 23.35370774389193
404.625 24.376759986946137 23.3494847358654
405.12499999999994 24.369853065887398 23.34528027539725
405.625 24.363018891446163 23.341107572587227
406.125 24.35622088750168 23.336959396360662
406.62499999999994 24.34947712970148 23.332810886825666
407.125 24.342726082446923 23.32869111359216
407.625 24.33603551961593 23.324560986966198
408.12499999999994 24.329368734787494 23.320438486156295
408.625 24.32273808471653 23.316343096892957
409.125 24.316152313754383 23.31225528754338
409.62499999999994 24.30959834166819 23.308180885291122
410.125 24.30306549348305 23.304116049538436
410.625 24.296578899240796 23.3000623367853
411.12499999999994 24.290131891289843 23.296017909231
411.625 24.283701660019503 23.29199401446024
412.125 24.277300851586702 23.287977795745142
412.62499999999994 24.270963502667264 23.28398033777843
413.125 24.264642798711286 23.27999476475581
413.625 24.25836370721487 23.276010969752093
414.12499999999994 24.25213048376765 23.272050460078848
414.625 24.24592106480134 23.268108072871236
415.125 24.239730261992495 23.264168437965633
415.62499999999994 24.23359291656988 23.26023729466984
416.125 24.227497404645327 23.256335573287767
416.625 24.22142788224216 23.252454869002555
417.12499999999994 24.215391282259514 23.248564753654705
417.625 24.209401785205124 23.244694478641318
418.125 24.203439321185076 23.240842886268002
418.62499999999994 24.197507526285733 23.23700110784962
419.125 24.191636445394643 23.233182309107523
419.625 24.185766617188676 23.229376757200587
420.12499999999994 24.179962094466774 23.22556348509891
420.625 24.174194463493528 23.22179413892777
421.125 24.168427011560645 23.21801774068406
421.62499999999994 24.16272313536116 23.21426456197039
422.125 24.15705954003584 23.210520034355127
422.625 24.151439474021046 23.2067971486445
423.12499999999994 24.14583449037575 23.203085611585553
423.625 24.14028149430554 23.199395825934054
424.125 24.134765371949843 23.195711982581525
424.62499999999994 24.129264005315573 23.19204564631275
425.125 24.123810321876956 23.188389586935195
425.625 24.118396742085523 23.184743426199695
426.12499999999994 24.113035142768258 23.181133635060526
426.625 24.107700954550808 23.177529461737304
427.125 24.102384641471588 23.17393718539502
427.62499999999994 24.097116568812964 23.17036284676531
428.125 24.091889815030846 23.166795946010335
428.625 24.08671112273097 23.163259340587974
429.12499999999994 24.0815414507038 23.15973352402669
429.625 24.07642684713922 23.156212690776954
430.125 24.071350115718616 23.152713941107077
430.62499999999994 24.06631301405268 23.149232812693686
431.125 24.061294152167484 23.14577127946928
431.625 24.056332764547015 23.14232044290297
432.12499999999994 24.051399524204022 23.138886710196857
432.625 24.046509244505437 23.135462771048275
433.125 24.041651431216057 23.132057902590155
433.62499999999994 24.036836215446495 23.128669816040226
434.125 24.032044175561378 23.125294749439917
434.625 24.02731047696618 23.12193621603719
435.12499999999994 24.02259559366055 23.11860118324269
435.625 24.017930350088193 23.11527089235436
436.125 24.013300094944316 23.111968013415456
436.62499999999994 24.0086938718936 23.108685270997675
437.125 24.00413201268401 23.10541074158006
437.625 23.99961774021976 23.102145651990842
438.12499999999994 23.99514987750471 23.098909156476267
438.625 23.99069107385236 23.095683731010382
439.125 23.986274674103257 23.09247110084369
439.62499999999994 23.981899528779497 23.089281414250955
440.125 23.97757693831749 23.08611555867462
440.625 23.97327525884926 23.082944360149412
441.12499999999994 23.969017164575305 23.079795464671335
441.625 23.964778578212385 23.076680974691225
442.125 23.960589036880684 23.073565053180015
442.62499999999994 23.956426294750145 23.07046099631624
443.125 23.952276843849667 23.067379816965694
443.625 23.948174538044395 23.064300427532743
444.12499999999994 23.94408322669884 23.06124498864282
444.625 23.940014547284918 23.05819103780027
445.125 23.93599064850937 23.05515536340005
445.62499999999994 23.931977547735027 23.052122479756967
446.125 23.927994178170803 23.049113162682353
446.625 23.924037436413975 23.046106120601753
447.12499999999994 23.920102897552486 23.043124045797768
447.625 23.916176613031638 23.04014574038998
448.125 23.912311491587914 23.03717333263421
448.62499999999994 23.90843803070613 23.034214809942636
449.125 23.904616019935702 23.031283124908516
449.625 23.90079160769257 23.028337336029082
450.12499999999994 23.897001151807018 23.02542770518089
450.625 23.893238877997895 23.022524003276025
451.125 23.88949722995396 23.01962062437605
451.62499999999994 23.885780305196327 23.016734817076355
452.125 23.88208205314839 23.013856947176098
452.625 23.878410412727213 23.010989989911952
453.12499999999994 23.874767482581657 23.008139572795635
453.625 23.871135821486167 23.005310255956566
454.125 23.867533676582703 23.002471831251
454.62499999999994 23.86397045239641 22.99965693581466
455.125 23.860403626888154 22.996851804960585
455.625 23.856866581992517 22.99404617875743
456.12499999999994 23.853364384072204 22.991262247695165
456.625 23.84985760567268 22.98849154001935
457.125 23.846382643185045 22.985719830394885
457.62499999999994 23.84296321508179 22.982968126351956
458.125 23.839530548448003 22.98022683760669
458.625 23.836118979663297 22.977502349750534
459.12499999999994 23.83273770591665 22.974778122004192
459.625 23.8293688027192 22.972065613293925
460.125 23.826039691556062 22.969362307344458
460.62499999999994 23.822729755382824 22.966663724511164
461.125 23.819423407835888 22.963991936913395
461.625 23.816154879520276 22.961316451908694
462.12499999999994 23.812898333583608 22.95865636407499
462.625 23.809657895985016 22.956006585252
463.125 23.806441924633987 22.953365185108062
463.62499999999994 23.80325784124546 22.950729265149402
464.125 23.800078458001273 22.94812050305744
464.625 23.796915574228464 22.945510357787473
465.12499999999994 23.793776092163228 22.942907001338853
465.625 23.790677932113745 22.94032115724424
466.125 23.787594980361693 22.937741699128374
466.62499999999994 23.784516733766083 22.935169671856762
467.125 23.781444477246232 22.932610400763952
467.625 23.77841273241451 22.93006557918671
468.12499999999994 23.775397563864647 22.92752161066594
468.625 23.77242084177172 22.924999356171348
469.125 23.769438835380058 22.922471734857837
469.62499999999994 23.766467133540626 22.919957998829183
470.125 23.763535110879506 22.91745395464877
470.625 23.760616471613858 22.91496460769806
471.12499999999994 23.757711346175732 22.91248106100641
471.625 23.75482946103956 22.910009521179088
472.125 23.75197425587125 22.907545873141935
472.62499999999994 23.749124186408892 22.905091781907913
473.125 23.746306506713957 22.902646698067866
473.625 23.74350416193159 22.90021003633726
474.12499999999994 23.740713617135665 22.89778302635633
474.625 23.737947249299957 22.89536007589198
475.125 23.735191752001068 22.89296132859356
475.62499999999994 23.732454152796958 22.890549184328478
476.125 23.729740324070438 22.888166864857197
476.625 23.72703237457749 22.885789682837604
477.12499999999994 23.72435751491566 22.883407199106184
477.625 23.72170197848635 22.881042660871394
478.125 23.719037419077246 22.878698881461062
478.62499999999994 23.716435181257737 22.876350589738465
479.125 23.71379674311713 22.874001119730195
479.625 23.711205069326923 22.87167499305644
480.12499999999994 23.708621467261942 22.869355041908523
480.625 23.706049613514494 22.867037166551988
481.125 23.703497989193846 22.864733498580684
481.62499999999994 23.700955072385895 22.862434173058084
482.125 23.69843629576714 22.86014197535138
482.625 23.695920833233913 22.8578646914823
483.12499999999994 23.693431361399938 22.85558848061051
483.625 23.690950299306333 22.853321280268734
484.125 23.68848486920749 22.851067940446473
484.62499999999994 23.686040396849958 22.84881809505753
485.125 23.68361258462479 22.846568359799384
485.625 23.681171817102083 22.844347913087258
486.125 23.678784874099172 22.842109474611622
486.625 23.676389049199162 22.83989096015359
487.125 23.674023120671745 22.83768118307313
