FastTrWP/PhaseSpace/IAs/snIa_0.32_30.00_1.56_-0.01.csv
# %ECSV 0.9
# ---
# datatype:
# - {name: time-rel, datatype: float64}
# - {name: g, datatype: float64}
# - {name: i, datatype: float64}
# schema: astropy-2.0
time-rel g i
[from data line 1154]
726.8541666666666 22.810037843165833 22.53569316177029
727.3541666666666 22.81072783799644 22.535656577524122
727.8541666666666 22.811405043400764 22.53562798737056
728.3541666666666 22.81209159695081 22.535585460985562
728.8541666666666 22.812779140295007 22.53556682072022
729.3541666666666 22.813479468328705 22.535539461907703
729.8541666666666 22.81416905002164 22.535509775881213
730.3541666666666 22.81486493153835 22.53548395512826
730.8541666666666 22.81555982876376 22.535467166920256
731.3541666666666 22.816255805332545 22.53545076779867
731.8541666666666 22.81696095721106 22.535427632798246
732.3541666666666 22.817659911968335 22.535413666180077
732.8541666666666 22.81836582796491 22.53540032516726
733.3541666666666 22.819073795779772 22.535391827691065
733.8541666666666 22.819780601889565 22.53538247261811
734.3541666666666 22.82048548905771 22.535381048801245
734.8541666666666 22.821204489849542 22.53536609328673
735.3541666666666 22.821910683788825 22.53536850537641
735.8541666666666 22.822631724013995 22.53537164579354
736.3541666666666 22.82333598155464 22.53537209051135
736.8541666666666 22.82406808999958 22.535370394221083
737.3541666666666 22.82478794053447 22.535380418571588
737.8541666666666 22.825512319425002 22.535386662205763
738.3541666666666 22.826232475348224 22.5353983941422
738.8541666666666 22.82696362874178 22.535409864628893
739.3541666666666 22.827689366498078 22.535422664256956
739.8541666666666 22.828415601922725 22.535436664126443
740.3541666666666 22.82914738372355 22.535454212432974
740.8541666666666 22.82988326771969 22.535472697046288
741.3541666666666 22.83062135496558 22.535492146598486
741.8541666666666 22.831364416211496 22.535531216616015
742.3541666666665 22.832091946479846 22.535547268543
742.8541666666666 22.832835685781276 22.53557752787641
743.3541666666666 22.833577259596254 22.53560195810667
743.8541666666665 22.834320440657837 22.535636516734684
744.3541666666666 22.835073872914542 22.535670853625792
744.8541666666666 22.835814945728295 22.535706132082538
745.3541666666665 22.836566176553216 22.53574422964062
745.8541666666666 22.83732293801839 22.53578607361293
746.3541666666666 22.838067645073743 22.53582480276769
746.8541666666665 22.83881960979095 22.535861349138408
747.3541666666666 22.839575262419526 22.53591806281054
747.8541666666666 22.84034456786829 22.535962302029517
748.3541666666665 22.841096981467565 22.536011552342025
748.8541666666666 22.84186349173304 22.536061600633083
749.3541666666666 22.84261771578031 22.536111744197616
749.8541666666665 22.84338978494305 22.536167747903328
750.3541666666666 22.84415092907245 22.536225695613258
750.8541666666666 22.844917492616226 22.536281846878452
751.3541666666665 22.845695122498867 22.53633979546204
751.8541666666666 22.846466573209923 22.5364045462915
752.3541666666666 22.84723644298036 22.536465599992074
752.8541666666665 22.84801131171423 22.536537349313164
753.3541666666666 22.848786447337144 22.53659651597934
753.8541666666666 22.849564917319306 22.536673700154942
754.3541666666665 22.850345263913603 22.536736738794644
754.8541666666666 22.851133390660273 22.53681123608378
755.3541666666666 22.85190821430281 22.536886534498876
755.8541666666665 22.852698731091007 22.536965969645983
756.3541666666666 22.853475049375824 22.537042757887193
756.8541666666666 22.85426311952245 22.53713022736187
757.3541666666665 22.85505412725803 22.5372087361132
757.8541666666666 22.85584757875526 22.537294959291625
758.3541666666666 22.856639490741472 22.53737901614342
758.8541666666665 22.857436453355362 22.537469405203844
759.3541666666666 22.858229129956932 22.537563949808998
759.8541666666666 22.85902953325151 22.537658109583383
760.3541666666665 22.859823889673695 22.537758620770894
760.8541666666666 22.860629526652104 22.537849889193424
761.3541666666666 22.86144326484347 22.53795222350802
761.8541666666665 22.862245389591457 22.538048050652314
762.3541666666666 22.863050098881622 22.53815076201809
762.8541666666666 22.863860882022987 22.538254459672284
763.3541666666665 22.86466772370465 22.53837182110012
763.8541666666666 22.865488323203937 22.53847165134095
764.3541666666666 22.866306938176333 22.538578970903757
764.8541666666665 22.867121356549553 22.5386934066298
765.3541666666666 22.8679446778295 22.538807055975788
765.8541666666666 22.868767411500993 22.53893849731645
766.3541666666665 22.869575241200785 22.539042946796933
766.8541666666666 22.870416941961444 22.539170396261103
767.3541666666666 22.87123914818835 22.539291813862896
767.8541666666665 22.872069950399148 22.53941732832555
768.3541666666666 22.87290007603663 22.53954338869581
768.8541666666666 22.87373478567478 22.539675658773962
769.3541666666665 22.874572533972398 22.539800720548243
769.8541666666666 22.875407741879133 22.539935878609878
770.3541666666666 22.876237743627538 22.54007402136342
770.8541666666665 22.8770856261772 22.540207025135857
771.3541666666666 22.87793696980783 22.540355320211706
771.8541666666666 22.87877703607329 22.54048891267953
772.3541666666665 22.879618653323675 22.540623145311784
772.8541666666666 22.880474670459343 22.54077265054379
773.3541666666666 22.881313165218693 22.540916173795182
773.8541666666665 22.882168818601958 22.541062181895917
774.3541666666666 22.883027468403455 22.541218879510176
774.8541666666666 22.883882324836087 22.541370198411585
775.3541666666665 22.884731298697645 22.54152366133578
775.8541666666666 22.88558682307464 22.541674435308696
776.3541666666666 22.886446206925477 22.541827935271428
776.8541666666665 22.887307002624105 22.54199029448757
777.3541666666666 22.888171446989332 22.542149423500174
777.8541666666666 22.889033100526017 22.542314195197086
778.3541666666665 22.88990651842311 22.54248030693736
778.8541666666666 22.890772453915122 22.542649631023064
779.3541666666666 22.891639031951108 22.542816212082965
779.8541666666665 22.892515000450622 22.54298768649035
780.3541666666666 22.893386277852876 22.543167601490673
780.8541666666666 22.894259768957035 22.543328345274517
781.3541666666665 22.895133546225253 22.54351112731809
781.8541666666666 22.89600078403337 22.543682524476075
782.3541666666666 22.89689267270272 22.543866857231293
782.8541666666665 22.897769395985282 22.54404300741928
783.3541666666666 22.898647757243854 22.544225731354896
783.8541666666666 22.899534873210158 22.54440700125429
784.3541666666665 22.900425292432686 22.54460221471838
784.8541666666666 22.901309640184873 22.54478374856257
785.3541666666666 22.902193457247666 22.544973896565736
785.8541666666665 22.903089682702216 22.54516341339532
786.3541666666666 22.903981054489655 22.5453561272748
786.8541666666666 22.90486501325788 22.545549946387425
787.3541666666665 22.90576040156335 22.545747526545053
787.8541666666666 22.906656705759723 22.545937619887084
788.3541666666666 22.907549486654343 22.546146815822
788.8541666666665 22.908452324546133 22.54634726103243
789.3541666666666 22.90933734284218 22.546548696657457
789.8541666666666 22.910258311837097 22.54675650734174
790.3541666666665 22.911155403786992 22.546959230794936
790.8541666666666 22.91206285779031 22.547167057793164
791.3541666666666 22.91298159102352 22.547382918640505
791.8541666666665 22.913882313359238 22.54759176291647
792.3541666666666 22.914799565927986 22.547804653391466
792.8541666666666 22.915720690888914 22.54801529064985
793.3541666666665 22.916639571420973 22.54823192808937
793.8541666666666 22.917565629466402 22.548449414467132
794.3541666666666 22.91849240696497 22.548676777913546
794.8541666666665 22.919412514622593 22.548903222728033
795.3541666666666 22.920339013468052 22.54912130456735
795.8541666666666 22.92126441253651 22.54934610261956
796.3541666666665 22.92219727693317 22.549575507752078
796.8541666666666 22.923143263201972 22.549801061451742
797.3541666666666 22.92407148701902 22.550034557613245
797.8541666666665 22.92501524906089 22.550274060542485
798.3541666666666 22.925954009915056 22.550497935269025
798.8541666666666 22.926899484400764 22.550746699000896
799.3541666666665 22.92784421123493 22.550977595012153
799.8541666666666 22.928792712884437 22.551217901755866
800.3541666666666 22.92973385137628 22.551455547446647
800.8541666666665 22.930677926386775 22.55170648112379
801.3541666666666 22.931639219054027 22.551951151822962
801.8541666666666 22.93258465556785 22.552200971191596
802.3541666666665 22.933555097322447 22.552451833876095
802.8541666666666 22.93450219400784 22.552705239299208
803.3541666666666 22.93545821610944 22.5529571734782
803.8541666666665 22.93642385699188 22.553214756319694
804.3541666666666 22.93737942337712 22.553465354928697
804.8541666666666 22.9383467678244 22.55373239314977
805.3541666666665 22.93931252413186 22.553988102576533
805.8541666666666 22.94026719623107 22.55425322966793
806.3541666666666 22.941235281125067 22.55451835185741
806.8541666666665 22.942205120793794 22.554792215973677
807.3541666666666 22.9431623572182 22.55505600829588
807.8541666666666 22.944142464227426 22.55532214107103
808.3541666666665 22.945120129972253 22.555607011647428
808.8541666666666 22.946077081218704 22.555875991866383
809.3541666666666 22.947054899375352 22.556155504906933
809.8541666666665 22.948032021329485 22.55643435575639
810.3541666666666 22.949002828122257 22.55670912330997
810.8541666666666 22.949970163754703 22.557001529634192
811.3541666666665 22.950946968941835 22.55727586208692
811.8541666666666 22.951920754695408 22.55756672216043
812.3541666666666 22.952904872807053 22.557854159124112
812.8541666666665 22.953876651132106 22.55814554451441
813.3541666666666 22.95485939682397 22.55844039916211
813.8541666666666 22.955847995406764 22.55873491463698
814.3541666666665 22.956818455898855 22.559029859065134
814.8541666666666 22.95779322972686 22.559332514375367
815.3541666666666 22.958781786456747 22.559629622903454
815.8541666666665 22.959757484356746 22.559931213289673
816.3541666666666 22.960749941391427 22.560238742464875
816.8541666666666 22.961724325495346 22.560544832653925
817.3541666666665 22.962699696656003 22.560857075768585
817.8541666666666 22.96367237136576 22.56116238121451
818.3541666666666 22.964663716788372 22.561479557963715
818.8541666666665 22.96565329387326 22.56179405680573
819.3541666666666 22.96662836311519 22.562107531253343
819.8541666666666 22.967610822409114 22.5624278859628
820.3541666666665 22.968593664309186 22.56275288672875
820.8541666666666 22.969577561832665 22.563078687279656
821.3541666666666 22.970554928499606 22.5634027515807
821.8541666666665 22.971547686817328 22.563730876903705
822.3541666666666 22.972527906123617 22.564053337727227
822.8541666666666 22.97351845295038 22.564388092560627
823.3541666666665 22.974511255990187 22.56472714778465
823.8541666666666 22.975491829178512 22.56506389883828
824.3541666666666 22.97647921109004 22.565401634995492
824.8541666666665 22.97747554010854 22.565737164387244
825.3541666666666 22.978462236228513 22.566081004031055
825.8541666666666 22.97946189240946 22.566422280757017
826.3541666666665 22.980454798892445 22.566771661463978
826.8541666666666 22.981449319750812 22.567126269538953
827.3541666666666 22.982447338269317 22.567472587395308
827.8541666666665 22.983446691083813 22.56783243778374
828.3541666666666 22.984441045460105 22.568181834380802
828.8541666666666 22.985442465926695 22.568546891174933
829.3541666666665 22.986437732238592 22.568895875269664
829.8541666666666 22.987446977449366 22.569253099406478
830.3541666666666 22.98844432773079 22.56961880266533
830.8541666666665 22.98945124593282 22.56998754297468
831.3541666666666 22.990444980152166 22.570353733116924
831.8541666666666 22.991450157842973 22.570729237632857
832.3541666666665 22.99246683322634 22.571095927724674
832.8541666666666 22.993473686641618 22.571478444688424
833.3541666666666 22.99448053659078 22.57184344891796
833.8541666666665 22.99548550041663 22.57222844291507
834.3541666666666 22.996498458986583 22.572596909457427
834.8541666666666 22.997498806406902 22.572988708249206
835.3541666666665 22.998518492566333 22.573365964684186
835.8541666666666 22.999528299011747 22.573756356590433
836.3541666666666 23.00053936420219 22.5741425575718
836.8541666666665 23.00155101179495 22.57453021847228
837.3541666666666 23.002567625969334 22.574928634878667
837.8541666666666 23.003592137491452 22.575319840318215
838.3541666666665 23.00459673321162 22.575716037375017
838.8541666666666 23.005615553444464 22.57611372774946
839.3541666666666 23.006640359623887 22.576512093197746
839.8541666666665 23.007654096738275 22.576912755596517
840.3541666666666 23.0086762191813 22.577314495192773
840.8541666666666 23.0097007260275 22.577722458480554
841.3541666666665 23.01072640340639 22.578133007395188
841.8541666666666 23.011737289808643 22.57853817961141
842.3541666666666 23.01275539009527 22.578946500909446
842.8541666666665 23.013778000892394 22.57935895632783
843.3541666666666 23.01480815993479 22.579785139522727
843.8541666666666 23.015832886653914 22.580195376002
844.3541666666665 23.016852291289833 22.58061486389957
844.8541666666666 23.017877559185077 22.58102999273627
845.3541666666666 23.01889983631729 22.581461980725063
845.8541666666665 23.019936075420915 22.581885048446182
846.3541666666666 23.020952942637525 22.582316707803585
846.8541666666666 23.021981492938494 22.582740070916184
847.3541666666665 23.023020125221542 22.58317632011359
847.8541666666666 23.024038582544982 22.583597296441226
848.3541666666666 23.025069778343486 22.584040856902384
848.8541666666665 23.026096007426947 22.584469896923373
849.3541666666666 23.027120910658724 22.58491400650699
849.8541666666666 23.028162486477193 22.585347975061076
850.3541666666665 23.029184558421836 22.58578875366952
850.8541666666666 23.030218176028118 22.586242368696617
851.3541666666666 23.031246406820816 22.586687213808556
851.8541666666665 23.032278727687498 22.58713773930728
852.3541666666666 23.03331415735492 22.58757883975352
852.8541666666666 23.034353654202143 22.588033543885988
853.3541666666665 23.035387192208546 22.588494535404532
853.8541666666666 23.03641058241309 22.588938392308915
854.3541666666666 23.037459856381965 22.589398143673336
854.8541666666665 23.038484624423184 22.589858200224047
855.3541666666666 23.03952464201342 22.590319898152615
855.8541666666666 23.040563130208657 22.590789391457836
856.3541666666665 23.041593146397553 22.591243687927204
856.8541666666666 23.042646845135213 22.591718704247214
857.3541666666666 23.043675631986844 22.592198513498868
857.8541666666665 23.044713718264877 22.592664121200215
858.3541666666666 23.045749867764155 22.59314534795571
858.8541666666666 23.046804933011806 22.593624310992723
859.3541666666665 23.04784487623575 22.59409297947091
859.8541666666666 23.048885287464312 22.59457274560338
860.3541666666666 23.04993393608889 22.59506493338334
860.8541666666665 23.050977663383815 22.59554854243151
861.3541666666666 23.052024359407973 22.596037550928894
861.8541666666666 23.053067686069255 22.59652830327495
862.3541666666665 23.05411964360897 22.597014498784915
862.8541666666666 23.055163579900345 22.597513089946105
863.3541666666666 23.056218109767592 22.598008175899537
863.8541666666665 23.05726076961095 22.598501835875386
864.3541666666666 23.05831365092349 22.59899690071318
864.8541666666666 23.059356525528308 22.599511307570598
865.3541666666665 23.060403607139396 22.60000634072081
865.8541666666666 23.061450921361445 22.600516199825478
866.3541666666666 23.062510750694493 22.601027365035428
866.8541666666665 23.063558961387653 22.601538947714964
867.3541666666666 23.06462179288402 22.602054245785336
867.8541666666666 23.065671383702927 22.602553065963747
868.3541666666665 23.066729805291033 22.60307643478551
868.8541666666666 23.067787161749308 22.603592382335947
869.3541666666666 23.06883752471572 22.60411916634679
869.8541666666665 23.069900707720436 22.604639664573668
870.3541666666666 23.07096082966142 22.605157754914092
870.8541666666666 23.072015175437794 22.605687178915957
