FastTrWP/PhaseSpace/IAs/snIa_0.57_30.00_0.12_-0.05.csv
# %ECSV 0.9
# ---
# datatype:
# - {name: time-rel, datatype: float64}
# - {name: g, datatype: float64}
# - {name: i, datatype: float64}
# schema: astropy-2.0
time-rel g i
[from data line 286]
271.4166666666667 24.721760881481533 23.56088877001049
271.9166666666667 24.71696201622194 23.557451474094066
272.4166666666667 24.71219448437957 23.554030494781895
272.9166666666667 24.70741108372618 23.550605397991816
273.4166666666667 24.702647199129085 23.547198444954955
273.9166666666667 24.697895309560558 23.543798056386702
274.4166666666667 24.693134104420196 23.54038852082004
274.9166666666667 24.688416377668673 23.537005922182242
275.4166666666667 24.683679438187916 23.533623244419893
275.9166666666667 24.678964580338597 23.530246838097955
276.4166666666667 24.674260314475674 23.526883043412564
276.9166666666667 24.669561067369997 23.523518449794963
277.4166666666667 24.664877673752116 23.520166978173464
277.9166666666667 24.66020234369834 23.516830301456302
278.4166666666667 24.655511356185393 23.513494512901005
278.9166666666667 24.650879357053302 23.510166504141736
279.4166666666667 24.646195389264122 23.50684705883245
279.9166666666667 24.64156885819282 23.50354557856898
280.4166666666667 24.636919671390825 23.500210274734844
280.9166666666667 24.63229719596232 23.49692356823993
281.4166666666667 24.62768265300714 23.493630644529006
281.9166666666667 24.623084418015907 23.490354971455364
282.4166666666667 24.618472341674604 23.487065837938236
282.9166666666667 24.613878450498653 23.48380283535584
283.4166666666667 24.609298045815912 23.480545583668363
283.9166666666667 24.60471410193458 23.477267241149036
284.4166666666667 24.600168128637986 23.47403035893977
284.9166666666667 24.595619575265232 23.470791297606425
285.4166666666667 24.59108476231927 23.467565314509805
285.9166666666667 24.58655791662581 23.464343677198364
286.4166666666667 24.58203469060894 23.461124477173296
286.9166666666667 24.577518501507303 23.45790687851426
287.4166666666667 24.573019874786688 23.454716075784763
287.9166666666667 24.56852425482991 23.451528726865423
288.4166666666667 24.564028883388755 23.44833962057602
288.9166666666667 24.559562469597587 23.445157872692867
289.4166666666667 24.555099150184585 23.441989159845402
289.9166666666667 24.55062832849702 23.43882029289172
290.4166666666667 24.54619288894491 23.43567070417185
290.9166666666667 24.54173579860445 23.43252390579501
291.4166666666667 24.537294116955376 23.42937455469114
291.9166666666667 24.532888407504146 23.426247560027257
292.4166666666667 24.52846903429058 23.423114091240045
292.9166666666667 24.524049257145105 23.419992815253607
293.4166666666667 24.519651415089854 23.416884552518958
293.9166666666667 24.51527874771791 23.413770666170613
294.4166666666667 24.5109021759842 23.410666111159394
294.9166666666667 24.506519607657914 23.407580945752706
295.4166666666667 24.502147151564564 23.404486121594452
295.9166666666667 24.49779544819405 23.40142276515623
296.4166666666667 24.493440543839714 23.39833334282062
296.9166666666667 24.489115463645575 23.395263854173617
297.4166666666667 24.48476354008691 23.39221027601447
297.9166666666667 24.48045280847878 23.389149588760777
298.4166666666667 24.476143800838855 23.38611430010795
298.9166666666667 24.47183260793182 23.383063963839046
299.4166666666667 24.46752449835522 23.38002136668287
299.9166666666667 24.463242667971844 23.376992396416533
300.4166666666667 24.4589423577117 23.373958608988907
300.9166666666667 24.454668388459318 23.370946808493507
301.4166666666667 24.450390672977843 23.367943496955515
301.9166666666667 24.446147785622667 23.364921910956316
302.4166666666667 24.441861523305313 23.361926061991383
302.9166666666667 24.43763200335086 23.358932408025833
303.4166666666667 24.43339047319853 23.35594830340209
303.9166666666667 24.429148399007346 23.35297018044967
304.4166666666667 24.424942895296983 23.34998084835915
304.9166666666667 24.42070988421475 23.347017345333718
305.4166666666667 24.41648749781676 23.344051455803108
305.9166666666667 24.412288716306595 23.341083368276493
306.4166666666667 24.40807391886924 23.338137931483494
306.9166666666667 24.403901096298103 23.335168605079524
307.4166666666667 24.399711036996983 23.332238172088896
307.9166666666667 24.395522641633146 23.329289017845618
308.4166666666667 24.391375549441044 23.32635755862896
308.9166666666667 24.387208307640627 23.323424050643435
309.4166666666667 24.383042592357587 23.320511474907168
309.9166666666667 24.378898421255336 23.31759549650101
310.4166666666667 24.374747717987674 23.31467824930888
310.9166666666667 24.37061445516637 23.31176719065229
311.4166666666667 24.366468966235008 23.308854254780144
311.9166666666667 24.362352300892013 23.3059727708224
312.4166666666667 24.358237344424438 23.30307407806677
312.9166666666667 24.354116060020708 23.30018835956382
313.4166666666667 24.350022508184082 23.297295570441353
313.9166666666667 24.345930828710863 23.294416803274864
314.4166666666667 24.341832015342575 23.291550262662916
314.9166666666667 24.337752250171402 23.288675403994965
315.4166666666667 24.333653056678543 23.2858129321926
315.9166666666667 24.329593307555065 23.28295351491297
316.4166666666667 24.325528220001793 23.280094917887915
316.9166666666667 24.32145583581258 23.277245339730705
317.4166666666667 24.31740873102587 23.274399792570613
317.9166666666667 24.313353778249432 23.271552471660513
318.4166666666667 24.309319021991136 23.268710221323477
318.9166666666667 24.305279578634288 23.265883616540258
319.4166666666667 24.301237818686502 23.26305560835829
319.9166666666667 24.297228199636717 23.260224878201093
320.4166666666667 24.293194529285085 23.257400809192728
320.9166666666667 24.289187909589156 23.25459319456045
321.4166666666667 24.28519068395701 23.251781004723945
321.9166666666667 24.281181421757218 23.24897348684751
322.4166666666667 24.277191380815452 23.246182710924796
322.9166666666667 24.27320769820742 23.24338741488026
323.4166666666667 24.26923525833445 23.240605618640938
323.9166666666667 24.265253938515873 23.237812264360322
324.4166666666667 24.261273345965133 23.235037827727044
324.9166666666667 24.257326336506395 23.232255209675436
325.4166666666667 24.253369674961288 23.229493921715914
325.9166666666667 24.24943918591904 23.226734775161116
326.4166666666667 24.245483631682973 23.223966623802603
326.9166666666667 24.241553078592602 23.22121740733829
327.4166666666667 24.237622344947837 23.21845775859228
327.9166666666667 24.23370202396802 23.215715853388538
328.4166666666667 24.229798037158744 23.212979233078258
328.9166666666667 24.225896005267977 23.210236794757986
329.4166666666667 24.222005692747896 23.207508750503578
329.9166666666667 24.21808052557634 23.20477017570964
330.4166666666667 24.214210744981894 23.202055987101705
330.9166666666667 24.210327742878693 23.199340994174214
331.4166666666667 24.20644999354991 23.196627022794416
331.9166666666667 24.20256924794073 23.193916924082032
332.4166666666667 24.198724063547516 23.19121658268568
332.9166666666667 24.19485931813228 23.188522428011705
333.4166666666667 24.19099850261912 23.185814182902785
333.9166666666667 24.187164958522963 23.183122334696534
334.4166666666667 24.18332531068014 23.180434775208752
334.9166666666667 24.179484405627193 23.177760451209686
335.4166666666667 24.175651731983944 23.175075386056896
335.9166666666667 24.17183614761803 23.172406761476164
336.4166666666667 24.16803165185247 23.169733822736713
336.9166666666667 24.16421313725944 23.1670698561078
337.4166666666667 24.160404397144607 23.16439573556285
337.9166666666667 24.15660456010977 23.16174837076103
338.4166666666667 24.152803058541163 23.159085492976615
338.9166666666667 24.149031942085152 23.156449727431543
339.4166666666667 24.14523040691646 23.153796120591295
339.9166666666667 24.141454975976156 23.15115475270298
340.4166666666667 24.13769611115618 23.14852127665642
340.9166666666667 24.13393064093071 23.14588094627007
341.4166666666667 24.13017228528367 23.14325701463396
341.9166666666667 24.12641685179424 23.14062986183947
342.4166666666667 24.12265923076591 23.138007437665095
342.9166666666667 24.118925118946617 23.13538738061701
343.4166666666667 24.115184675052284 23.13276971090942
343.9166666666667 24.11145073497896 23.13015466172979
344.4166666666667 24.107726395260315 23.127550826126008
344.9166666666667 24.104015555503523 23.124945374365723
345.4166666666667 24.10029673708953 23.122342818664087
345.9166666666667 24.09656349402365 23.119754427743906
346.4166666666667 24.092866539977344 23.117157655344084
346.9166666666667 24.08917425512505 23.1145734043847
347.4166666666667 24.08547495731201 23.111982587885965
347.9166666666667 24.081782171655117 23.109408124723192
348.4166666666667 24.078095500178538 23.106827875476377
348.9166666666667 24.074429815967854 23.104254371397815
349.4166666666667 24.07075502809022 23.101683107862108
349.9166666666667 24.067090498015503 23.09911911211884
350.4166666666667 24.0634230173763 23.09655514281647
350.9166666666667 24.059760599031147 23.09399518553029
351.4166666666667 24.056107254936553 23.09143511127949
351.9166666666667 24.052455647716904 23.08887873915163
352.4166666666667 24.048819181270144 23.086331902042282
352.9166666666667 24.045171883842787 23.083779209042117
353.4166666666667 24.041534847421467 23.08123214703067
353.9166666666667 24.037898961880117 23.078691161160876
354.4166666666667 24.034288480806957 23.07615402854378
354.9166666666667 24.030654350967712 23.073623556675187
355.4166666666667 24.027062019197967 23.07109893571624
355.9166666666667 24.02344411846878 23.06856838798336
356.4166666666667 24.019836786442234 23.066043722462087
356.9166666666667 24.016237454425262 23.06351030011652
357.4166666666667 24.012630120791894 23.06100012233246
357.9166666666667 24.00906226429111 23.058483568543174
358.4166666666667 24.005459908320027 23.05596810360951
358.9166666666667 24.001859383124007 23.053447139758863
359.4166666666667 23.998255375678564 23.050933013833074
359.9166666666667 23.99462203961541 23.048421070924046
360.4166666666667 23.991020565349707 23.045903442696606
360.9166666666667 23.987391244812084 23.043395595384425
361.41666666666663 23.983764800202657 23.04087276957718
361.9166666666667 23.98014089660169 23.038352922420433
362.4166666666667 23.976503722507022 23.035836488995937
362.91666666666663 23.972870891237758 23.033324715331457
363.4166666666667 23.96923752545243 23.03082145170012
363.9166666666667 23.965611496515734 23.02830083441316
364.41666666666663 23.961974011465657 23.025794215333867
364.9166666666667 23.958346694511526 23.02329022851922
365.4166666666667 23.954698662438343 23.020774615304692
365.91666666666663 23.951059322427277 23.01827758579465
366.4166666666667 23.94743008390546 23.01577002934718
366.9166666666667 23.943807066790136 23.013278173419202
367.41666666666663 23.940173630785043 23.01077714084155
367.9166666666667 23.936563581754232 23.008287929446244
368.4166666666667 23.932947939573864 23.005783755276056
368.91666666666663 23.929330742832736 23.003297325155167
369.4166666666667 23.925717259941763 23.00081800847478
369.9166666666667 23.922112423650717 22.998327116111902
370.41666666666663 23.918510904609604 22.99585243808877
370.9166666666667 23.914913991076606 22.99336889364249
371.4166666666667 23.91132741697309 22.990901438187844
371.91666666666663 23.907741410591253 22.98842897617366
372.4166666666667 23.904176552663312 22.985969957397643
372.9166666666667 23.900609966837433 22.983500428822715
373.41666666666663 23.897036986950184 22.981049361084406
373.9166666666667 23.893496836287778 22.978596935202248
374.4166666666667 23.889957803979563 22.97614093123257
374.91666666666663 23.8864266799171 22.973701202609437
375.4166666666667 23.88288134627343 22.9712612582313
375.9166666666667 23.87937786939004 22.968832420815858
376.41666666666663 23.875878442661673 22.96639915333998
376.9166666666667 23.87239771737141 22.963969881754565
377.4166666666667 23.868909836095572 22.961544094329966
377.91666666666663 23.86544637199775 22.95914610455247
378.4166666666667 23.861974212223455 22.95672762558118
378.9166666666667 23.858535281954367 22.954324224972886
379.41666666666663 23.85510140060846 22.95193559096187
379.9166666666667 23.851684828560074 22.949549359129794
380.4166666666667 23.848269686352864 22.94715060227627
380.91666666666663 23.8448722733989 22.94477663422169
381.4166666666667 23.84149489878461 22.942410219761257
381.9166666666667 23.83813640274875 22.94004989415274
382.41666666666663 23.83478034627622 22.93768198575116
382.9166666666667 23.831429132256737 22.935323915941947
383.4166666666667 23.828104987141234 22.932982915425345
383.91666666666663 23.82479965610454 22.930640480958736
384.4166666666667 23.821504796214704 22.928313113516964
384.9166666666667 23.81822340244415 22.925980801019374
385.41666666666663 23.81496014829022 22.92365750290203
385.9166666666667 23.81172198039641 22.921359894067255
386.4166666666667 23.808492078348785 22.91904549332365
386.91666666666663 23.805297774656175 22.916749672358296
387.4166666666667 23.802084628473345 22.914464751754714
387.9166666666667 23.79892572803504 22.912186315567816
388.41666666666663 23.795766099911155 22.909898392282958
388.9166666666667 23.792618164315947 22.907638527902876
389.4166666666667 23.789499375809466 22.905384657043854
389.91666666666663 23.786396461876038 22.903122601328107
390.4166666666667 23.783314938598856 22.90089555972269
390.9166666666667 23.780261162011954 22.898651101188886
391.41666666666663 23.777204377864663 22.89643223125642
391.9166666666667 23.77417367116793 22.894223870752135
392.4166666666667 23.771174497233623 22.891999397317893
392.91666666666663 23.76820064645439 22.889810888282142
393.4166666666667 23.765231900966015 22.887617730209055
393.9166666666667 23.762277760822972 22.885432109560966
394.41666666666663 23.75935760110388 22.883269434608305
394.9166666666667 23.75646605405757 22.88109816086228
395.4166666666667 23.753558222709206 22.87894313687234
395.91666666666663 23.750699263124552 22.876790952974176
396.4166666666667 23.747839546194495 22.874649884466084
396.9166666666667 23.744981680872105 22.872502957441426
397.41666666666663 23.7421395526758 22.870382044877292
397.9166666666667 23.7392886666902 22.86824197971562
398.4166666666667 23.736448249521036 22.866114680060463
398.91666666666663 23.73363647754241 22.863987803191307
399.4166666666667 23.730819779413615 22.861864057571335
399.9166666666667 23.728012280923846 22.859741938707096
400.41666666666663 23.725205554089822 22.85763974739352
400.9166666666667 23.72241687437632 22.855528866993197
401.4166666666667 23.71962037563089 22.85342934410525
401.91666666666663 23.71684985659197 22.851331882335998
402.4166666666667 23.714087129003616 22.849243941851512
402.9166666666667 23.711338616268343 22.847146777378047
403.41666666666663 23.708587807889895 22.845058760140347
403.9166666666667 23.705841909797428 22.84299514910255
404.4166666666667 23.703116593470984 22.84091133793769
404.91666666666663 23.700378579121605 22.838848074587123
405.4166666666667 23.69768334094659 22.836773483716442
405.9166666666667 23.694972148968965 22.83471842480502
406.41666666666663 23.692286149386256 22.83266605384894
406.9166666666667 23.68959857987207 22.830611687664522
407.4166666666667 23.6869232849374 22.828568570254532
407.91666666666663 23.684267929323216 22.82652143098892
408.4166666666667 23.681629583223575 22.82450474939745
408.9166666666667 23.678981291580506 22.822471393483813
409.41666666666663 23.676349772583944 22.820445110308253
409.9166666666667 23.67372532332189 22.818435118417575
410.4166666666667 23.67112137537322 22.816407753733916
410.91666666666663 23.66852990208878 22.81441125793374
411.4166666666667 23.665940373144675 22.812408297129124
411.9166666666667 23.663385462745644 22.81040853379342
412.41666666666663 23.660824450190944 22.808421088759783
412.9166666666667 23.65827252922852 22.80643323976006
413.4166666666667 23.655729291135557 22.80446371971996
413.91666666666663 23.653202145013843 22.802489075145942
414.4166666666667 23.650700832721636 22.800522432344465
