FastTrWP/PhaseSpace/IAs/snIa_0.34_30.00_-0.08_0.08.csv
# %ECSV 0.9
# ---
# datatype:
# - {name: time-rel, datatype: float64}
# - {name: g, datatype: float64}
# - {name: i, datatype: float64}
# schema: astropy-2.0
time-rel g i
[from data line 1076]
114.0 23.033747753698123 22.39195561303328
114.5 23.0346088887991 22.391961070166456
115.0 23.035484084024166 22.39196848955396
115.5 23.036359747093968 22.391969087152887
116.0 23.03724015808838 22.391977013131786
116.5 23.038129356525502 22.39199187066788
117.0 23.039004264964944 22.391999752433097
117.5 23.039892177580906 22.39201701292879
117.99999999999989 23.04077648691568 22.392036065026414
118.5 23.041674343820322 22.392059026606827
119.0 23.042563313369936 22.392075680430445
119.49999999999989 23.04346263917561 22.392103365535966
120.0 23.04436878958668 22.392137859607587
120.5 23.045261561399833 22.392156620118673
120.99999999999989 23.04615917943015 22.39220043166419
121.5 23.047071597749998 22.392236117903202
122.0 23.04798792298682 22.39226618661496
122.49999999999989 23.04889431766473 22.39231351961928
123.0 23.04981118592896 22.392351511184813
123.5 23.05072443578817 22.392395581822555
123.99999999999989 23.051647087050007 22.39244648197671
124.5 23.052575553026617 22.392490263864392
125.0 23.05349032330468 22.39253916855536
125.49999999999989 23.054416939866066 22.392596372299952
126.0 23.055345916692964 22.392660454585787
126.5 23.05627618414757 22.392707331385413
126.99999999999989 23.05722073264414 22.39277274453064
127.5 23.058145314049618 22.392833086911658
128.0 23.05909154859772 22.392901107459547
128.4999999999999 23.06002855859525 22.392966300949524
129.0 23.06097929020782 22.393042239174427
129.5 23.061923376706012 22.39311287736861
129.9999999999999 23.062871172390995 22.393190146764223
130.5 23.063829806204197 22.393262543574743
131.0 23.06477996038797 22.393343644312488
131.4999999999999 23.065732860066124 22.39342791365321
132.0 23.06669140646319 22.393516517424366
132.5 23.067659736894193 22.393600242347226
132.9999999999999 23.068625555243468 22.393684618853005
133.5 23.069589649395105 22.39377785795192
134.0 23.070561532640777 22.39387135099384
134.4999999999999 23.07153203619716 22.39396979231449
135.0 23.072499243870418 22.39406156890171
135.5 23.073484753980132 22.394161107605456
135.9999999999999 23.074455162357296 22.394273300157145
136.5 23.075446582770475 22.394376979098677
137.0 23.07643606997903 22.39448368006803
137.4999999999999 23.077418541190106 22.394594520542697
138.0 23.078417724281223 22.394707530599895
138.5 23.079406852117707 22.394821190844645
138.9999999999999 23.080406300080814 22.394946768717094
139.5 23.081416900021686 22.39506396405451
140.0 23.082418139182646 22.39518332803062
140.4999999999999 23.08342539729447 22.39531265245796
141.0 23.084433288825593 22.395447775372283
141.5 23.085447658814186 22.39556383440414
141.9999999999999 23.086462519126975 22.395705969913884
142.5 23.087483920123496 22.39583752819275
143.0 23.088501853115364 22.395974187802565
143.4999999999999 23.0895245425776 22.396125844181537
144.0 23.09055291836122 22.396270631238057
144.5 23.09159294856316 22.396405467845373
144.9999999999999 23.092616718865848 22.39655714369428
145.5 23.09365722273221 22.3967048265551
146.0 23.0946962935346 22.396858684164155
146.4999999999999 23.095741954231876 22.397011008293525
147.0 23.096772545277993 22.397169394334497
147.5 23.09783277446806 22.397327651736944
147.9999999999999 23.098874862070964 22.39748958819687
148.5 23.09992820612453 22.397653793456946
149.0 23.100983186229847 22.397823189359315
149.4999999999999 23.102050363434806 22.397986062496837
150.0 23.10310444858207 22.398158387109266
150.5 23.104171006943204 22.398335348984396
150.9999999999999 23.10523539779172 22.398513798669676
151.5 23.106304715720945 22.398688453105187
152.0 23.107375026860502 22.3988665680725
152.4999999999999 23.108455172078383 22.399050608412608
153.0 23.10953164327666 22.39923743636037
153.5 23.110599904699477 22.399420975987844
153.9999999999999 23.111680548379173 22.3996084897473
154.5 23.11276748193222 22.399799360538964
155.0 23.113856549216393 22.39999934212551
155.4999999999999 23.114947592737607 22.400188527960914
156.0 23.116033158002466 22.400390224700196
156.5 23.117133820060545 22.400592239806212
156.9999999999999 23.11823123022026 22.400797755926206
157.5 23.11933420933551 22.40100375487378
158.0 23.120437468162294 22.401210743391115
158.4999999999999 23.121537290923534 22.401417350133677
159.0 23.12264598976343 22.40162531245291
159.5 23.123750917086166 22.401840940613557
159.9999999999999 23.124862921887896 22.40206026067402
160.5 23.12598231177833 22.402269405761686
161.0 23.12709565937223 22.402497065542605
161.4999999999999 23.12821329413479 22.40271481114838
162.0 23.129338358853005 22.40293993846808
162.5 23.1304548730575 22.40316470126728
162.9999999999999 23.131580163410298 22.403397567297752
163.5 23.132715296640825 22.40362471772861
164.0 23.133850133798624 22.403857454351193
164.4999999999999 23.134971938226517 22.40409195249789
165.0 23.1361115100554 22.404332418173574
165.5 23.137243973229534 22.40457073562589
165.9999999999999 23.138383029534335 22.404814004494803
166.5 23.13953037978174 22.40505469870023
167.0 23.140685610091907 22.405299827139665
167.4999999999999 23.141836736028605 22.40554948474248
168.0 23.142989538243768 22.405789854203846
168.5 23.14414781202471 22.406052014477975
168.9999999999999 23.145306493877975 22.406306494999093
169.5 23.1464811972818 22.406558606413235
170.0 23.147650460350256 22.406819599273973
170.4999999999999 23.14882481493306 22.407080175493924
171.0 23.150010776880066 22.407347416892165
171.5 23.151197195813605 22.407607323702173
171.9999999999999 23.152374311021248 22.40787908434298
172.5 23.1535615889219 22.40814711191633
173.0 23.154751656850543 22.40841864105045
173.4999999999999 23.155954103737074 22.408692964484555
174.0 23.157151112037738 22.408962652470148
174.5 23.158357257091254 22.40923994877621
174.9999999999999 23.159559570737475 22.409531694032406
175.5 23.160769863357583 22.40981162052595
176.0 23.16198586155164 22.410103031420622
176.4999999999999 23.163191914817737 22.41038406564759
177.0 23.164415406206402 22.410675285126935
177.5 23.165629447107094 22.410969332580425
177.9999999999999 23.16685658699638 22.411260261904815
178.5 23.168080841808653 22.411559305667726
179.0 23.169308417406413 22.411860362773876
179.4999999999999 23.17053777159257 22.412164672903234
180.0 23.17176627248245 22.412461702392182
180.5 23.173012461419916 22.41277040625696
180.9999999999999 23.174252052536662 22.413081033150895
181.5 23.175484382130644 22.41338640838309
182.0 23.176733920874245 22.413706886871037
182.4999999999999 23.17797120007078 22.414013361677757
183.0 23.17922085636655 22.41433476714456
183.5 23.18047383619071 22.414661990707998
183.9999999999999 23.181725177118476 22.41497862149282
184.5 23.182973478094215 22.415306466084765
185.0 23.184226568047713 22.415630131190127
185.4999999999999 23.185479245344407 22.415968196107485
186.0 23.18673423086277 22.416298907191653
186.5 23.1879971216007 22.41664071646032
186.9999999999999 23.189262149783275 22.416975930314905
187.5 23.190522893795062 22.417308893627744
188.0 23.19178311492945 22.41765204493269
188.4999999999999 23.19305512507446 22.417999357990933
189.0 23.194313138106757 22.41835141967082
189.5 23.195584377281435 22.41869482019833
189.9999999999999 23.196841350162458 22.419051516661757
190.5 23.198117862063903 22.419401337277822
191.0 23.199390444868605 22.419758675583452
191.4999999999999 23.2006560967459 22.42012236534761
192.0 23.201933708734455 22.420485396048267
192.5 23.203202168334972 22.42084651214888
192.9999999999999 23.204475574957915 22.421217737010203
193.5 23.205760114451014 22.42158761466227
194.0 23.20702023575202 22.421964733289297
194.4999999999999 23.208291092082803 22.422337585240037
195.0 23.20957646867667 22.4227094981238
195.5 23.210849125163442 22.423093254084016
195.9999999999999 23.21211444208009 22.423473090756282
196.5 23.21339939478909 22.423859006611657
197.0 23.214673897328716 22.42425455594414
197.4999999999999 23.215935359529286 22.424645785541117
198.0 23.217218742917538 22.42503154723647
198.5 23.218492223794165 22.425425955192182
198.9999999999999 23.219766112893325 22.42582213195924
199.5 23.22105378703958 22.426224894991197
200.0 23.222335193984044 22.426632664840206
200.4999999999999 23.223620563031382 22.427038685377262
201.0 23.224902098794132 22.42745049597496
201.5 23.226191378650274 22.42786011868125
201.9999999999999 23.22747420145619 22.428275717486606
202.5 23.22877107312136 22.428691703651893
203.0 23.230058859073036 22.429113409880415
203.4999999999999 23.231361512123843 22.429536970182845
204.0 23.23265312751193 22.429962418744843
204.5 23.2339480959944 22.430385068998767
204.9999999999999 23.235248073801475 22.43081219005092
205.5 23.236544521889325 22.431244727459866
206.0 23.23784866014258 22.43169066617373
206.4999999999999 23.239150712125497 22.432124818894323
207.0 23.240458073003268 22.43256564947938
207.5 23.241773458220436 22.433011976711
207.9999999999999 23.243068997574802 22.4334531482032
208.5 23.244386297075174 22.433902946626606
209.0 23.245692234295568 22.43435639597111
209.4999999999999 23.24700423746371 22.43480311529044
210.0 23.24832285878706 22.43526300528505
210.5 23.249631343785936 22.43571721518969
210.9999999999999 23.25095817533212 22.436182784742208
211.5 23.252267661960904 22.436656232676544
212.0 23.253594635040898 22.43711090164603
212.4999999999999 23.254916067440444 22.437579660016972
213.0 23.256240104661966 22.438054464945015
213.5 23.257569160022427 22.438530307663104
213.9999999999999 23.258889493728304 22.4390091105958
214.5 23.26021228963388 22.439482946866782
215.0 23.26154799144596 22.439966915471267
215.4999999999999 23.262874343974897 22.440450022796703
216.0 23.26420713995963 22.440929233091662
216.5 23.26554181927164 22.4414235854486
216.9999999999999 23.266880606739583 22.44191935404959
217.5 23.26821102477451 22.442408808963354
218.0 23.269550429452135 22.442907573326053
218.4999999999999 23.270886831149742 22.44340501819468
219.0 23.27222037910112 22.44390183655498
219.5 23.273551815613665 22.44440943098526
219.9999999999999 23.27489060914501 22.444914638265764
220.5 23.27623814717637 22.445427841534165
221.0 23.277582584869464 22.44593146715369
221.4999999999999 23.27892831490845 22.446447831284964
222.0 23.280273516532347 22.44697237027094
222.5 23.281624891919396 22.447484337847854
222.9999999999999 23.282960454880858 22.448006994810157
223.5 23.28430505610985 22.448519359450266
224.0 23.285659783718028 22.449051668467888
224.4999999999999 23.28700673458023 22.449576569906004
225.0 23.288356491995977 22.450116383641582
225.5 23.28971173161987 22.450641505465487
225.9999999999999 23.29105719068828 22.451183311146885
226.5 23.29240837674167 22.451722819293597
227.0 23.29376337178022 22.45226302253604
227.4999999999999 23.295126532642158 22.452803543791102
228.0 23.296481466116774 22.45334018399963
228.5 23.297840302099765 22.453898048949142
228.9999999999999 23.299198067654828 22.454441590677867
229.5 23.300558988135993 22.455000405361154
230.0 23.30191510451669 22.45555049603459
230.4999999999999 23.303281725242265 22.456109106551295
231.0 23.304628418038902 22.456666774387614
231.5 23.305994018356913 22.457229932612243
231.9999999999999 23.307356508354445 22.45779857105819
232.5 23.30871839375306 22.4583653493342
233.0 23.31008194563557 22.45893606001669
233.4999999999999 23.311448755789776 22.459506282621998
234.0 23.312817594805345 22.46009090543769
234.5 23.314192440577738 22.46066529175004
234.9999999999999 23.3155580915979 22.461249210762617
235.5 23.316923600158084 22.46183332614013
236.0 23.31830631592666 22.462421209428296
236.4999999999999 23.319674778043733 22.463013927053225
237.0 23.321046883918385 22.463600082014054
237.5 23.32243724700746 22.46420142355504
237.9999999999999 23.323808758774938 22.464799794722417
238.5 23.325182177545422 22.46540271315
239.0 23.326558886483888 22.466003556344663
239.4999999999999 23.327934317323837 22.4666068048144
240.0 23.329320704640644 22.46722369615351
240.5 23.330702003097898 22.467828022789558
240.9999999999999 23.332084490124426 22.468434817143418
241.5 23.333474949781767 22.469063458046747
242.0 23.334864440425214 22.469671540897917
242.4999999999999 23.336241302167686 22.470296771292123
243.0 23.33763428498723 22.47091940529257
243.5 23.339031636868736 22.471548914417532
243.9999999999999 23.340409085092585 22.472175625180626
244.5 23.341818812963126 22.472811321636087
245.0 23.343214671078908 22.473451145600684
245.4999999999999 23.344583376549124 22.474077173971448
246.0 23.345997818016784 22.474722599564654
246.5 23.3474008575558 22.475361556136605
246.9999999999999 23.348794429111468 22.476007604134555
247.5 23.350200982971593 22.476658987187
248.0 23.351601860019162 22.477309875376022
248.4999999999999 23.353000770438392 22.47796285937079
249.0 23.354403151650054 22.478616767238893
249.5 23.35580914620614 22.479270410485057
249.9999999999999 23.35721360027586 22.479932130844094
250.5 23.358627795962455 22.48059989938215
251.0 23.360037704037616 22.48125753819942
251.4999999999999 23.36144245506215 22.48193016509516
252.0 23.36286437511387 22.482594061412712
252.5 23.36427559713323 22.48327145938749
252.9999999999999 23.365685396512905 22.483949671544142
253.5 23.367104285953634 22.484621682815682
254.0 23.368524383076824 22.485306882401854
254.4999999999999 23.369938060852494 22.485986481787698
255.0 23.371362147712947 22.486675037565632
255.5 23.372781534362392 22.48735531685862
255.9999999999999 23.3742104085627 22.48805152571828
256.5 23.37563232796679 22.488741932586727
257.0 23.377062667857604 22.489434157161938
257.4999999999999 23.37848424130053 22.4901329291884
258.0 23.379909086929086 22.49083173700909
258.5 23.381344450320526 22.49153197008322
258.9999999999999 23.382777349641238 22.492238541356848
259.5 23.384210811438606 22.49293895570322
260.0 23.385634512725208 22.49364589403525
260.4999999999999 23.387085030133843 22.49436882854074
261.0 23.388519342056966 22.495074026289892
261.5 23.38996588411326 22.49579329955391
261.9999999999999 23.39139050956037 22.49651226071086
262.5 23.392841097805068 22.49723396414118
263.0 23.394280274464165 22.49795479216204
263.4999999999999 23.39572887730491 22.49868783252748
264.0 23.397171326500622 22.499410654355554
264.5 23.398630079200842 22.50014663913857
264.9999999999999 23.400068090516992 22.5008780345361
265.5 23.401513255940923 22.50161894540203
266.0 23.402957974275477 22.502360901119097
266.4999999999999 23.404418966004 22.503103594386786
267.0 23.405856438494837 22.503847307377388
267.5 23.407332507362277 22.504588496356007
267.9999999999999 23.408790447674708 22.505344891374968
268.5 23.410239342860454 22.506100931067465
269.0 23.411702374503598 22.506851539663437
269.4999999999999 23.41315786128538 22.507612501134354
270.0 23.41462268959322 22.50838132436726
270.5 23.416078990903657 22.50914313448899
270.9999999999999 23.417546383407604 22.50990791956548
271.5 23.419008972416457 22.510679546340334
272.0 23.420479284841132 22.511452799460024
272.4999999999999 23.421943850197774 22.51222867749994
273.0 23.423425494333607 22.513008059821722
273.5 23.424901565720543 22.513787941718704
273.9999999999999 23.42637273918287 22.51457285227427
274.5 23.42784348922352 22.5153571496945
275.0 23.42932300298855 22.516141445667472
275.4999999999999 23.430804082091697 22.51693344246265
276.0 23.432272093825684 22.517732778160187
276.5 23.433754039041645 22.51853349720733
276.9999999999999 23.435243550092167 22.519328724599916
277.5 23.436729848402628 22.520135166861674
278.0 23.438210237008008 22.520938930264755
278.4999999999999 23.439687608382318 22.521748884550078
279.0 23.441191675016363 22.522556547538144
279.5 23.442676020929476 22.52337509859625
279.9999999999999 23.444171122379792 22.524179658596545
280.5 23.445654621037207 22.5250032264846
281.0 23.447148403838703 22.52582762215187
281.4999999999999 23.448661001203753 22.526645368139995
282.0 23.450152445439883 22.527472287337705
282.5 23.451656429739494 22.528299119593783
282.9999999999999 23.453151862814266 22.52913513672135
