FastTrWP/PhaseSpace/IAs/snIa_0.57_30.00_-0.37_-0.13.csv
# %ECSV 0.9
# ---
# datatype:
# - {name: time-rel, datatype: float64}
# - {name: g, datatype: float64}
# - {name: i, datatype: float64}
# schema: astropy-2.0
time-rel g i
[from data line 864]
574.1458333333334 23.161495793072753 22.48077638279898
574.6458333333334 23.16198570067749 22.480059093968098
575.1458333333334 23.162476352651275 22.479340655068405
575.6458333333334 23.16297029872182 22.478635205092537
576.1458333333334 23.163463906524036 22.47792256686955
576.6458333333334 23.16396734551223 22.477222589980247
577.1458333333334 23.164460618357687 22.47651655636745
577.6458333333334 23.16495337159679 22.475819767236054
578.1458333333334 23.16545715764796 22.475116317638985
578.6458333333334 23.165961269094915 22.474416946482503
579.1458333333334 23.166458559502683 22.47373791452312
579.6458333333334 23.166952849415292 22.473049950711758
580.1458333333334 23.167457774469536 22.47236515704318
580.6458333333334 23.16795770759923 22.471675430186767
581.1458333333334 23.1684603706465 22.471008026463245
581.6458333333334 23.168960289458113 22.470328255080148
582.1458333333334 23.169453177496635 22.469649203932267
582.6458333333334 23.16995972330675 22.468981964613427
583.1458333333334 23.17045233361918 22.468312732315695
583.6458333333334 23.170953428571902 22.467647444513176
584.1458333333334 23.17145071808977 22.466986276994398
584.6458333333334 23.171945817983367 22.46632076215906
585.1458333333334 23.172456018272698 22.4656679098345
585.6458333333334 23.172950929446188 22.465010700486154
586.1458333333334 23.173471441060226 22.464357686569425
586.6458333333334 23.173990594422044 22.463705140414376
587.1458333333334 23.174498591649616 22.463058390365994
587.6458333333334 23.175020023353476 22.462421564850764
588.1458333333334 23.175537271057806 22.461767657593967
588.6458333333334 23.17607202699304 22.461127877302278
589.1458333333334 23.176593493604965 22.460490349040434
589.6458333333334 23.177132827565945 22.45985748218908
590.1458333333334 23.177667184031534 22.459228015761127
590.6458333333334 23.17820242304958 22.45859780745122
591.1458333333334 23.178744951474197 22.45797263263148
591.6458333333334 23.17928829443142 22.45735124726089
592.1458333333334 23.17983203187911 22.456729206177307
592.6458333333334 23.180387320954946 22.456107707322822
593.1458333333334 23.180941703502008 22.455487748167194
593.6458333333334 23.18150438657692 22.454876812927775
594.1458333333334 23.18205631451038 22.454270853985246
594.6458333333334 23.182634595490214 22.453663181902876
595.1458333333334 23.183194344258425 22.45306023627366
595.6458333333334 23.183779575893226 22.452453713008115
596.1458333333334 23.184329165686073 22.451849237856287
596.6458333333334 23.184922723386897 22.45125756275881
597.1458333333334 23.185497073077826 22.45067318964366
597.6458333333334 23.186081629716966 22.45007120078462
598.1458333333334 23.18666396712771 22.449485214661124
598.6458333333334 23.187257299096252 22.448896548260606
599.1458333333334 23.187855608617156 22.448318177866092
599.6458333333334 23.188445358024346 22.447738530218583
600.1458333333334 23.189045761249357 22.447152202246276
600.6458333333334 23.189664049577587 22.446585926628767
601.1458333333334 23.190261780904503 22.446011805683955
601.6458333333334 23.190868864372813 22.445435671200148
602.1458333333334 23.191487668868906 22.4448775097342
602.6458333333334 23.19210938554471 22.444312907386248
603.1458333333334 23.19273069964247 22.44375578313628
603.6458333333334 23.193352551524153 22.44319417074815
604.1458333333334 23.193978915896835 22.442639657580038
604.6458333333334 23.194607262018053 22.442091644815125
605.1458333333334 23.195253896272 22.441537913957998
605.6458333333334 23.195890754805237 22.44099490726334
606.1458333333334 23.19652727472902 22.440450521453283
606.6458333333334 23.197173645124817 22.439909072077032
607.1458333333334 23.197815700185576 22.439376413738763
607.6458333333334 23.19847233112612 22.43884104487419
608.1458333333334 23.19912677304261 22.438301458443203
608.6458333333334 23.199788626349324 22.437778600992814
609.1458333333334 23.200450553574818 22.43725496012207
609.6458333333334 23.201111362018132 22.436736527131234
610.1458333333334 23.201786487157264 22.43620405053198
610.6458333333334 23.20245772530463 22.43569725765445
611.1458333333334 23.203134773386985 22.43517933986464
611.6458333333334 23.20381154537526 22.43466789601106
612.1458333333334 23.20450924045784 22.434156815023382
612.6458333333334 23.20519002764322 22.43365535794082
613.1458333333334 23.20588135580249 22.433156418866595
613.6458333333334 23.206579930072678 22.432658567972954
614.1458333333334 23.207279743773732 22.43215788583646
614.6458333333334 23.207981267492883 22.43167022438201
615.1458333333334 23.20868392368411 22.431177853601973
615.6458333333334 23.20938792851589 22.430695021236748
616.1458333333334 23.210110231236918 22.43020984342355
616.6458333333334 23.210820639573054 22.42972944423282
617.1458333333334 23.211553350284508 22.42924675778783
617.6458333333334 23.21226251271245 22.428772390316006
618.1458333333334 23.212995390897603 22.42830255005927
618.6458333333334 23.21373350982844 22.42784107393952
619.1458333333334 23.214468797319043 22.427377149297744
619.6458333333334 23.215207053672742 22.426908269580178
620.1458333333334 23.21595346323269 22.426446357168516
620.6458333333334 23.216693542040684 22.425984209937774
621.1458333333334 23.217449624732637 22.425536995807526
621.6458333333334 23.21820029975178 22.425081804070082
622.1458333333334 23.21896394478863 22.424639060788113
622.6458333333334 23.219729798034514 22.424197501061748
623.1458333333334 23.220487801857566 22.423761049625615
623.6458333333334 23.221268413158356 22.423320658877714
624.1458333333334 23.222036325793173 22.422882607245352
624.6458333333334 23.222822360178398 22.42244049606857
625.1458333333334 23.223584470602937 22.422016838530574
625.6458333333334 23.224379927565625 22.421593553033734
626.1458333333334 23.225173644445096 22.421160131994906
626.6458333333334 23.225957183787536 22.4207393622593
627.1458333333334 23.226760171300448 22.42031826967764
627.6458333333334 23.227558774883406 22.419896279443996
628.1458333333334 23.22835745586316 22.419481009489783
628.6458333333334 23.22916866194541 22.41906829258668
629.1458333333334 23.22997177910147 22.41865859371346
629.6458333333334 23.23079571882196 22.418258854845178
630.1458333333334 23.231614151773698 22.417853692982725
630.6458333333334 23.232429099101704 22.417449733766585
631.1458333333334 23.233257115294595 22.41705998606919
631.6458333333334 23.23409905785717 22.416649548075046
632.1458333333334 23.234936205769998 22.416264445858243
632.6458333333334 23.235767955095167 22.41587434411747
633.1458333333334 23.23661536090684 22.415484926410375
633.6458333333334 23.237456932844587 22.415097942925897
634.1458333333334 23.238311631477867 22.414713699320068
634.6458333333334 23.23916712470739 22.41433202609676
635.1458333333334 23.24003095710267 22.413952101712134
635.6458333333334 23.240887779067762 22.41359034553792
636.1458333333334 23.2417502382022 22.4132078740649
636.6458333333334 23.242619409237143 22.412847793512164
637.1458333333334 23.243491911589178 22.412480763637074
637.6458333333334 23.244373840438804 22.412117578942706
638.1458333333334 23.245262223598257 22.411752928141983
638.6458333333334 23.246148407951356 22.41140228567663
639.1458333333334 23.24703450371549 22.411045045282386
639.6458333333334 23.247926081707064 22.410697912734648
640.1458333333334 23.248825131467626 22.410350972169976
640.6458333333334 23.24972410057172 22.410001786213204
641.1458333333334 23.25063257592526 22.409660512722276
641.6458333333334 23.251546782250095 22.40931165089714
642.1458333333334 23.252457931720336 22.408977959420923
642.6458333333334 23.253375547839372 22.408641470662452
643.1458333333334 23.254298076850954 22.408306958808893
643.6458333333334 23.255230231110723 22.40797904221472
644.1458333333334 23.25615930449026 22.407658324864475
644.6458333333334 23.257081621336834 22.407336921525406
645.1458333333334 23.25802444831119 22.40701320597834
645.6458333333334 23.258969923507497 22.40669781108548
646.1458333333334 23.259917909141574 22.406386656845193
646.6458333333334 23.26087859355924 22.406075408888043
647.1458333333334 23.261832076202275 22.405763762526366
647.6458333333334 23.26279322750697 22.40544941310471
648.1458333333334 23.263746438261798 22.40515165365357
648.6458333333334 23.26472179335459 22.404858774402623
649.1458333333334 23.265694674423393 22.404567171365656
649.6458333333334 23.26668361280361 22.4042625375984
650.1458333333334 23.267653064115862 22.40397253824552
650.6458333333334 23.268636183441295 22.403690577083125
651.1458333333334 23.26962717195647 22.403402156446877
651.6458333333334 23.27062657542717 22.403121449059068
652.1458333333334 23.271621565974332 22.402840408187647
652.6458333333334 23.27262828198148 22.402560953673174
653.1458333333334 23.27362254858077 22.40229808824891
653.6458333333334 23.274651247572518 22.402019626156967
654.1458333333334 23.27566722406963 22.401758279296683
654.6458333333334 23.276679661290608 22.401492816314132
655.1458333333334 23.27771472317742 22.401233646793948
655.6458333333334 23.278742148313746 22.40097212436409
656.1458333333334 23.279767438896496 22.400716439893106
656.6458333333334 23.280811382645968 22.400459902674346
657.1458333333334 23.281857019129404 22.40021455766957
657.6458333333334 23.282903562463723 22.399972164572578
658.1458333333334 23.283953571451118 22.399727716244655
658.6458333333334 23.285001675099156 22.399489536373054
659.1458333333334 23.286070889067922 22.399252780794594
659.6458333333334 23.287133014666374 22.39901576591429
660.1458333333334 23.28820678751577 22.398801096523023
660.6458333333334 23.289283201887443 22.39856757526093
661.1458333333334 23.29036860028569 22.398341833313292
661.6458333333334 23.291464524944175 22.398122953945098
662.1458333333334 23.292557825255123 22.39790737643012
662.6458333333334 23.2936611664878 22.397690333593914
663.1458333333334 23.29477175268138 22.397487485911327
663.6458333333334 23.295875569878007 22.39727571521803
664.1458333333334 23.297005237093032 22.39707742255787
664.6458333333334 23.298135174297883 22.396879293490937
665.1458333333334 23.29925948705742 22.396677550022495
665.6458333333334 23.3004052121644 22.396483758197906
666.1458333333334 23.301534837894398 22.396295244340422
666.6458333333334 23.3026941071749 22.396113729336072
667.1458333333334 23.30383943812331 22.395919289514342
667.6458333333334 23.30500314088337 22.395742489556856
668.1458333333334 23.30616815789711 22.3955775143216
668.6458333333334 23.307330144114356 22.395388229725
669.1458333333334 23.308512504175397 22.39522002310029
669.6458333333334 23.309687595080625 22.395045383935376
670.1458333333334 23.31088059133746 22.39488335463593
670.6458333333334 23.312063203760815 22.394725424981043
671.1458333333334 23.313267038485144 22.394557682895755
671.6458333333334 23.314462328393333 22.3944075507667
672.1458333333334 23.315656858588028 22.39425001523061
672.6458333333334 23.31688126802184 22.39409696015001
673.1458333333334 23.31808635194291 22.393949333693932
673.6458333333334 23.319309204111253 22.393806369385988
674.1458333333334 23.320529545227696 22.393659364913717
674.6458333333334 23.321762247416377 22.393520724397522
675.1458333333334 23.322978334807665 22.393378452870508
675.6458333333334 23.324226538965846 22.39324493597797
676.1458333333334 23.325469020490978 22.393113707065993
676.6458333333334 23.32671512731809 22.392981045505135
677.1458333333334 23.327970539583802 22.392848987246982
677.6458333333334 23.32922013690265 22.392729466967026
678.1458333333334 23.330470428741066 22.392603111355367
678.6458333333334 23.331740365718048 22.3924851958374
679.1458333333334 23.333009390683568 22.39237498789118
679.6458333333334 23.334280383666485 22.39225450115245
680.1458333333334 23.3355510733432 22.3921386014532
680.6458333333334 23.336829820341677 22.39202844386736
681.1458333333334 23.338108266514634 22.391916538940684
681.6458333333334 23.339397196231214 22.391806332146725
682.1458333333334 23.340687011773387 22.391714600485628
682.6458333333334 23.341984924119643 22.391609444348546
683.1458333333334 23.343272341581113 22.39150322611456
683.6458333333334 23.344580316517018 22.39140939516746
684.1458333333334 23.345880837052164 22.391317586007148
684.6458333333334 23.34719453881317 22.391217705582545
685.1458333333334 23.34850015162028 22.391132089134402
685.6458333333334 23.34980539154855 22.391042749703487
686.1458333333334 23.35112645914139 22.390953773260122
686.6458333333334 23.352450469027268 22.390872108910088
687.1458333333334 23.35376124049707 22.390793349520678
687.6458333333334 23.35509079745708 22.390709859161735
688.1458333333334 23.356418953742157 22.390622029907988
688.6458333333334 23.35775906766721 22.390550038082093
689.1458333333334 23.359078138199028 22.39048002868345
689.6458333333334 23.360421120766333 22.39040090536176
690.1458333333334 23.361751138631117 22.39033761090971
690.6458333333334 23.363097896297795 22.390252507557715
691.1458333333334 23.364444231024983 22.390198101973702
691.6458333333334 23.365796038974555 22.390126680501435
692.1458333333334 23.367149079093057 22.390060012747654
692.6458333333334 23.368492500337585 22.390006178714856
693.1458333333334 23.36985230409163 22.389941446552793
693.6458333333334 23.371196842593605 22.38987871083003
694.1458333333334 23.37256311713878 22.389828089879632
694.6458333333334 23.373919535970277 22.38977065993714
695.1458333333334 23.375281112565606 22.38971232558615
695.6458333333334 23.37664519850849 22.389661087578414
696.1458333333334 23.37801258562731 22.38961158233659
