FastTrWP/PhaseSpace/IAs/snIa_0.4_25_1_0.1.csv
# %ECSV 0.9
# ---
# datatype:
# - {name: time-rel, datatype: float64}
# - {name: g, datatype: float64}
# - {name: i, datatype: float64}
# schema: astropy-2.0
time-rel g i
[from data line 1624]
791.8124999999999 -26.289960356291946 -27.62506872644595
792.3125 -26.288667843112382 -27.624577953070816
792.8125 -26.287382856858684 -27.62407267940482
793.3124999999999 -26.286074243860327 -27.6235688604923
793.8125 -26.284790227809808 -27.623068704216458
794.3125 -26.283482428425337 -27.62255866348785
794.8124999999999 -26.28217484106918 -27.622055280503478
795.3125 -26.280885554543186 -27.621543923162122
795.8125 -26.27957672564797 -27.62103466977335
796.3124999999999 -26.27828366162886 -27.620523786518003
796.8125 -26.276958445036783 -27.62000345346047
797.3125 -26.27567151825768 -27.61948748246172
797.8124999999999 -26.274371114482904 -27.618969058149617
798.3125 -26.273058132802255 -27.618453300990563
798.8125 -26.271749552275455 -27.61793093042185
799.3124999999999 -26.270446636597867 -27.617415858898383
799.8125 -26.2691147310723 -27.61688242307262
800.3125 -26.26781231347794 -27.61635753921468
800.8124999999999 -26.266490600148508 -27.615830504783602
801.3125 -26.265173019944182 -27.615310055903677
801.8125 -26.263865640778384 -27.614773409626302
802.3124999999999 -26.262542209368405 -27.614238432867392
802.8125 -26.261224543475098 -27.61370013155168
803.3125 -26.259899864444648 -27.61317046233646
803.8124999999999 -26.258591731462335 -27.612633544854237
804.3125 -26.257259167983868 -27.6120985123635
804.8125 -26.25593850391185 -27.611548864344968
805.3124999999999 -26.254603754161757 -27.611012264471555
805.8125 -26.25328159458309 -27.61046613630169
806.3125 -26.251959927787563 -27.609925262046843
806.8124999999999 -26.250625212275388 -27.60937610181447
807.3125 -26.249291969977477 -27.608828831759425
807.8125 -26.247955551094794 -27.608276973581205
808.3124999999999 -26.24663074662324 -27.607722701173124
808.8125 -26.245295541425083 -27.607176098395897
809.3125 -26.24395332652214 -27.606617414107376
809.8124999999999 -26.242616079379538 -27.606065876666435
810.3125 -26.241277946106557 -27.60549505362342
810.8125 -26.23994552294889 -27.604939029758967
811.3124999999999 -26.238605768493674 -27.604374264556007
811.8125 -26.23726307901531 -27.603821424675342
812.3125 -26.235920484037727 -27.603254697408136
812.8124999999999 -26.23457274100398 -27.602689135464153
813.3125 -26.23321327500792 -27.60212195205231
813.8125 -26.231858549224786 -27.601553842747947
814.3124999999999 -26.23052535571783 -27.600980219684146
814.8125 -26.229159758698852 -27.60040844367156
815.3125 -26.227825109705467 -27.599836415752993
815.8124999999999 -26.22645978910441 -27.59925517999074
816.3125 -26.22509925587805 -27.598675822248477
816.8125 -26.22374844117326 -27.598098487309286
817.3124999999999 -26.222396160815137 -27.597515908766663
817.8125 -26.22101581615202 -27.59693323756316
818.3125 -26.219656247080817 -27.596347469556566
818.8124999999999 -26.218288050846436 -27.595750849135374
819.3125 -26.216933718854875 -27.595159462845793
819.8125 -26.2155622881847 -27.59456613214029
820.3124999999999 -26.214186516030693 -27.59397756577072
820.8125 -26.212814845481883 -27.59337663511672
821.3125 -26.211448182301464 -27.592779104756694
821.8124999999999 -26.210076857087017 -27.592177707076516
822.3125 -26.208701889197762 -27.59157185989046
822.8125 -26.207330868460126 -27.590966282800853
823.3124999999999 -26.205935572192892 -27.590358841334613
823.8125 -26.204559717652238 -27.589750893690624
824.3125 -26.203174257567863 -27.58914083930399
824.8124999999999 -26.20179087647109 -27.588526061461394
825.3125 -26.200409006389368 -27.58791522459504
825.8125 -26.199017430307666 -27.58729832369142
826.3124999999999 -26.197618910923435 -27.58667755425789
826.8125 -26.19624902168431 -27.586061967665493
827.3125 -26.194829640942075 -27.585436283897383
827.8124999999999 -26.1934439601379 -27.584815554672076
828.3125 -26.192057677965366 -27.58418834805458
828.8125 -26.19066464851904 -27.58356955199316
829.3124999999999 -26.189272613923258 -27.58293144204615
829.8125 -26.187871547706454 -27.582302018483745
830.3125 -26.186472351605822 -27.581669065014445
830.8124999999999 -26.185073417539314 -27.581042180456883
831.3125 -26.183671925850103 -27.5804071575065
831.8125 -26.182268208169624 -27.579771477017978
832.3124999999999 -26.18085740119126 -27.579131413088763
832.8125 -26.179455211336624 -27.578494730823998
833.3125 -26.178054054284566 -27.577853549763805
833.8124999999999 -26.176638547549018 -27.577215274071563
834.3125 -26.175240465759096 -27.57657137612896
834.8125 -26.173831881563395 -27.57592769297935
835.3124999999999 -26.172410005937287 -27.57527838494304
835.8125 -26.170992333487323 -27.574637445654886
836.3125 -26.169594704047746 -27.573987537763045
836.8124999999999 -26.168178084420305 -27.573331997008623
837.3125 -26.166756501047796 -27.572681087056147
837.8125 -26.165336584614728 -27.57203373443945
838.3124999999999 -26.163916994414514 -27.571378396449905
838.8125 -26.162494685836055 -27.570729203946776
839.3125 -26.161076165001003 -27.570069691385598
839.8124999999999 -26.15965983719031 -27.569419453141045
840.3125 -26.158236893872953 -27.56875905474649
840.8125 -26.15681001564424 -27.568095552151
841.3124999999999 -26.15538028772795 -27.567441405982755
841.8125 -26.153971597203807 -27.56678393514809
842.3125 -26.152532667037164 -27.566121121901386
842.8124999999999 -26.151104501551032 -27.56545526778369
843.3125 -26.149681537429714 -27.56479607278379
843.8125 -26.14825625851313 -27.56412652751212
844.3124999999999 -26.146830056777006 -27.56346248625793
844.8125 -26.145397044531407 -27.562795663446234
845.3125 -26.143968381237105 -27.56213075192297
845.8124999999999 -26.142533559854225 -27.561465822332263
846.3125 -26.141105265175966 -27.56079476617659
846.8125 -26.139653838532404 -27.560126845800553
847.3124999999999 -26.138224710199136 -27.55945329969929
847.8125 -26.136801056535415 -27.558787859510772
848.3125 -26.1353718254048 -27.55811660667861
848.8124999999999 -26.13392126555771 -27.557447633129545
849.3125 -26.132482436806455 -27.55677007594929
849.8125 -26.131051148404268 -27.556099065212273
850.3124999999999 -26.12961101421899 -27.55541922666815
850.8125 -26.128174298672604 -27.5547483823318
851.3125 -26.126715072241097 -27.554070316474217
851.8124999999999 -26.125286922334748 -27.553383985909115
852.3125 -26.123842091652534 -27.552704968562367
852.8125 -26.122386946317814 -27.5520156516683
853.3124999999999 -26.120937294133025 -27.551337758582676
853.8125 -26.119495773573128 -27.550646189531804
854.3125 -26.118057678070166 -27.549956415605994
854.8124999999999 -26.116590681965338 -27.549274288068943
855.3125 -26.11513493907704 -27.5485867654659
855.8125 -26.113682172182916 -27.54789037754691
856.3124999999999 -26.11223719333735 -27.547200386198018
856.8125 -26.11079348343118 -27.54650543564336
857.3125 -26.10932825632929 -27.54580788803056
857.8124999999999 -26.10786693377966 -27.54510979377536
858.3125 -26.106405821813496 -27.54441435098666
858.8125 -26.104951266282637 -27.54371582144886
859.3124999999999 -26.103486122515918 -27.54302045316267
859.8125 -26.102027388597865 -27.542314410144797
860.3125 -26.100562606761084 -27.54161262630616
860.8124999999999 -26.099081170784974 -27.5408994186511
861.3125 -26.097633925336602 -27.540197770704438
861.8125 -26.096155256846206 -27.5394817758969
862.3124999999999 -26.094702135163775 -27.538782161430074
862.8125 -26.093219321460005 -27.538068237340617
863.3125 -26.091764399042372 -27.53735603976341
863.8124999999999 -26.090296536969042 -27.536640397243662
864.3125 -26.08880043271379 -27.535931765260727
864.8125 -26.087337821851243 -27.53522052349701
865.3124999999999 -26.085856186951688 -27.534502306189204
865.8125 -26.084386188781252 -27.533785411502656
866.3125 -26.0829054246233 -27.533063548154026
866.8124999999999 -26.081429677387973 -27.532346791676684
867.3125 -26.0799563229117 -27.53163698386443
867.8125 -26.078465225344 -27.530912592791243
868.3124999999999 -26.07697413773678 -27.53018712294316
868.8125 -26.075493392045516 -27.52945910532771
869.3125 -26.074024364165883 -27.528736366585296
869.8124999999999 -26.07252934935385 -27.528012941659647
870.3125 -26.07106229874009 -27.5272844188641
870.8125 -26.069562961539482 -27.52655831838213
871.3124999999999 -26.068085643357254 -27.525828068339525
871.8125 -26.066586145912662 -27.52510341082193
872.3125 -26.065113287149686 -27.52436540286184
872.8124999999999 -26.063611572808867 -27.523649078962883
873.3125 -26.06212387970599 -27.522904992517713
873.8125 -26.060632347172298 -27.52217713369439
874.3124999999999 -26.05913777665556 -27.521446632052818
874.8125 -26.057633791327042 -27.520711783593306
875.3125 -26.056147015321713 -27.51997607885884
875.8124999999999 -26.05464331557373 -27.51923683788769
876.3125 -26.053156576573574 -27.51850092182532
876.8125 -26.05165907530507 -27.517763785706006
877.3124999999999 -26.05014572177741 -27.517027834051653
877.8125 -26.048660539161315 -27.516287240372293
878.3125 -26.04715884230158 -27.51555031393218
878.8124999999999 -26.045657255613506 -27.514805201645757
879.3125 -26.04415081502134 -27.5140614124076
879.8125 -26.04265217918606 -27.513319672499776
880.3124999999999 -26.04114952566949 -27.512581433941314
880.8125 -26.03966141627169 -27.511832217931694
881.3125 -26.038152991051533 -27.511086647045474
881.8124999999999 -26.036635328644525 -27.510341909748238
882.3125 -26.03514833560699 -27.509594973727292
882.8125 -26.03362046969767 -27.50885102171172
883.3124999999999 -26.032118443351685 -27.508106634373277
883.8125 -26.030608256237613 -27.50735784189708
884.3125 -26.029097946685056 -27.506605527861176
884.8124999999999 -26.027595001554896 -27.505856359491112
885.3125 -26.02607036309962 -27.505106234426822
885.8125 -26.02456050852584 -27.504352049311652
886.3124999999999 -26.023046238363158 -27.5035960482305
886.8125 -26.021547558772532 -27.502844608636117
887.3125 -26.02000682907395 -27.50209037532378
887.8124999999999 -26.018506671282594 -27.50133454473047
888.3125 -26.016989607058193 -27.500574153562614
888.8125 -26.015466679928394 -27.499820409169807
889.3124999999999 -26.01394589202803 -27.49905595084862
889.8125 -26.012417384051307 -27.498299338360606
890.3125 -26.010920176091616 -27.497536819177437
890.8124999999999 -26.009400261187974 -27.496776287011215
891.3125 -26.007867031049567 -27.49601557524744
891.8125 -26.00636048201565 -27.49524544113241
892.3124999999999 -26.004821509409425 -27.49448207925901
892.8125 -26.00329430104307 -27.493719791777522
893.3125 -26.00176865734168 -27.49294422803799
893.8124999999999 -26.000226324255117 -27.49217747756418
894.3125 -25.998717649824464 -27.491410080890887
894.8125 -25.99718969778519 -27.49063894618168
895.3124999999999 -25.995658347229774 -27.489876963288367
895.8125 -25.9941304085732 -27.489099182993726
896.3125 -25.992585880985764 -27.48832284952073
896.8124999999999 -25.991059529523824 -27.487545928677378
897.3125 -25.98951362784582 -27.486772140112706
897.8125 -25.98798484917846 -27.485993769080935
898.3124999999999 -25.98644897098524 -27.485221094978144
898.8125 -25.984918428013756 -27.484435240736588
899.3125 -25.983379514915708 -27.483664004594633
899.8124999999999 -25.981828721087318 -27.482877327309765
900.3125 -25.98030325870459 -27.482102932640466
900.8125 -25.9787390660933 -27.481321248125784
901.3124999999999 -25.977189883100795 -27.480534637698952
901.8125 -25.975648247008372 -27.479739519515437
902.3125 -25.974107121705295 -27.47895494676373
902.8124999999999 -25.972571686760986 -27.478173506563444
903.3125 -25.97102438242867 -27.477379880206314
903.8125 -25.969458481388124 -27.47659712548923
904.3124999999999 -25.96790987960115 -27.47579065555822
904.8125 -25.966362248328426 -27.475010445475732
905.3125 -25.96480007440109 -27.474213644493823
905.8124999999999 -25.96325533513225 -27.473421252191134
906.3125 -25.961701103956262 -27.472617628963857
906.8125 -25.96013831257882 -27.471820424195215
907.3124999999999 -25.958577516827972 -27.471020291481896
907.8125 -25.957024149859713 -27.470225526131134
908.3125 -25.955447567405884 -27.469427461850792
908.8124999999999 -25.953896356152633 -27.46862379231365
909.3125 -25.95233427573879 -27.46781583111987
909.8125 -25.950764971782668 -27.467013377984042
910.3124999999999 -25.94918652007907 -27.466215013966018
910.8125 -25.947616940422268 -27.465404873440804
911.3125 -25.946048697740487 -27.464599378799743
911.8124999999999 -25.944491738920735 -27.46379056801733
912.3125 -25.942900232885698 -27.462976103468932
912.8125 -25.941338006044603 -27.462162228535473
913.3124999999999 -25.939762362377365 -27.461358711695198
913.8125 -25.938171277866427 -27.46053396307111
914.3125 -25.93660378211705 -27.459724083973697
914.8124999999999 -25.935029911672064 -27.458907060437234
915.3125 -25.933420422502365 -27.458088296040934
915.8125 -25.93185262367968 -27.45727240442866
916.3124999999999 -25.930262100813746 -27.456443620482425
916.8125 -25.9286742752835 -27.45562576919866
917.3125 -25.927091436201025 -27.45480246890736
917.8124999999999 -25.925510094076117 -27.453987743246056
918.3125 -25.923923268932285 -27.453157876396496
918.8125 -25.92231709632932 -27.452328920959587
919.3124999999999 -25.92071912256288 -27.451498327952425
919.8125 -25.91912274923919 -27.450669347903926
920.3125 -25.917540339698544 -27.44983929270129
920.8124999999999 -25.915929286987925 -27.449013765727518
921.3125 -25.91433705859731 -27.448179904989395
921.8125 -25.91275573760442 -27.447348039486098
922.3124999999999 -25.91115179976939 -27.446509230390458
922.8125 -25.909547940363034 -27.44568158899419
923.3125 -25.90793423901887 -27.44484462242566
923.8124999999999 -25.90633573572015 -27.44399697676327
924.3125 -25.904728534343604 -27.443160917669722
924.8125 -25.90314247758041 -27.442319867905578
925.3124999999999 -25.901517169449555 -27.441479196275218
925.8125 -25.899909263501453 -27.440633764360204
926.3125 -25.898296966218425 -27.439790516736117
926.8124999999999 -25.89668534917221 -27.43894500401137
927.3125 -25.895068619827818 -27.43810063909633
927.8125 -25.893464498082878 -27.437250406753215
928.3124999999999 -25.891831555535667 -27.43640774336342
928.8125 -25.89021413859735 -27.43555398067631
929.3125 -25.888596604986862 -27.434697192412713
929.8124999999999 -25.88699654786406 -27.43384704864805
930.3125 -25.88535216083067 -27.432993943332168
930.8125 -25.883741146329015 -27.432137530119252
931.3124999999999 -25.88209958807514 -27.431279489619964
931.8125 -25.88048502354254 -27.430423105142605
932.3125 -25.87886717464127 -27.42956538639602
932.8124999999999 -25.877214012790546 -27.428704782285322
933.3125 -25.87558779841022 -27.427842237375145
933.8125 -25.87397436179986 -27.4269746402815
934.3124999999999 -25.872321107540937 -27.42611453605873
934.8125 -25.870694047805003 -27.42524378272311
935.3125 -25.869051003149586 -27.424370604221004
935.8124999999999 -25.8674062996281 -27.423506986477634
936.3125 -25.865780545199332 -27.42263263018141
936.8125 -25.864142428941143 -27.42176372727474
937.3124999999999 -25.86247265740974 -27.4208902152067
937.8125 -25.86084794137421 -27.420012869170986
938.3125 -25.85919325474609 -27.41914486166823
938.8124999999999 -25.85755824585364 -27.418263904500403
939.3125 -25.85590756122279 -27.417376742112705
939.8125 -25.854239566815927 -27.416498373705434
940.3124999999999 -25.852581637134353 -27.415618648279597
940.8125 -25.850930252510736 -27.414729319349945
941.3125 -25.84926880084137 -27.413847997691988
941.8124999999999 -25.847632892651493 -27.412967862538572
942.3125 -25.845962123059564 -27.412071225083075
942.8125 -25.844283091105765 -27.411183321601975
943.3124999999999 -25.842625588180148 -27.410290953341562
943.8125 -25.840970018482324 -27.409401538734276
944.3125 -25.83929719319857 -27.408503661621694
944.8124999999999 -25.83762538021396 -27.40760685838906
945.3125 -25.835951866175183 -27.406715339601696
945.8125 -25.834267159795687 -27.405816833834194
946.3124999999999 -25.832610835303406 -27.404915242595855
946.8125 -25.830925126238164 -27.404007610261253
947.3125 -25.829241907489372 -27.40310632145375
