FastTrWP/PhaseSpace/IAs/snIa_0.55_30.00_-0.21_0.10.csv
# %ECSV 0.9
# ---
# datatype:
# - {name: time-rel, datatype: float64}
# - {name: g, datatype: float64}
# - {name: i, datatype: float64}
# schema: astropy-2.0
time-rel g i
[from data line 1345]
839.8125 24.424483144533284 22.339936805259804
840.3125 24.426421785552783 22.340319366031395
840.8124999999999 24.428320154930216 22.340705052981292
841.3125 24.4302410027221 22.341077148425246
841.8125 24.432180653625394 22.34145683517984
842.3124999999999 24.434110107270325 22.34184040792174
842.8125 24.436023471322432 22.34221862469004
843.3125 24.437940594002455 22.34260401436028
843.8124999999999 24.43985319544065 22.34298955886924
844.3125 24.441781667245962 22.343369583761984
844.8125 24.443697296735788 22.34374876995366
845.3124999999999 24.445589973528826 22.344137368171747
845.8125 24.447513130998185 22.344517893737997
846.3125 24.449439793504986 22.344899980983453
846.8124999999999 24.45136233407656 22.345290455422692
847.3125 24.453274104592914 22.34567976134816
847.8125 24.45519000116681 22.34606054270393
848.3124999999999 24.457117891345238 22.346459322300216
848.8125 24.459014420937542 22.34684034343928
849.3125 24.460941942122307 22.347239858933037
849.8124999999999 24.462866197662436 22.34763588496671
850.3125 24.46479461975968 22.348027869396265
850.8125 24.466716112339864 22.348420240171034
851.3124999999999 24.468641598943233 22.348813865707733
851.8125 24.470572394696255 22.349208808002466
852.3125 24.472472278081383 22.349604378919302
852.8124999999999 24.474407621191542 22.35000304126753
853.3125 24.47632216450402 22.350404488154876
853.8125 24.4782525472787 22.350812475021392
854.3124999999999 24.480165760984242 22.351212167839016
854.8125 24.482100212707294 22.351613674253365
855.3125 24.48402429031644 22.352012500184234
855.8124999999999 24.48595003667139 22.352424606995616
856.3125 24.487899103745264 22.352832706682953
856.8125 24.48982378956965 22.35323515941466
857.3124999999999 24.491744381710724 22.3536417435232
857.8125 24.493686716787664 22.354045252680052
858.3125 24.49559929106186 22.354463617147697
858.8124999999999 24.497513552169533 22.354871696409525
859.3125 24.49946565639256 22.355276465001293
859.8125 24.50137830256475 22.355690662444143
860.3124999999999 24.503318152889246 22.356106482484073
860.8125 24.50524984806446 22.35651728962681
861.3125 24.507184960633772 22.356936395844137
861.8124999999999 24.509117383978214 22.35735027397731
862.3125 24.51104842734329 22.35776565027017
862.8125 24.512997632675702 22.358190082350845
863.3124999999999 24.51491627701641 22.35859751719506
863.8125 24.51685763518328 22.359027355485473
864.3125 24.518781467182443 22.35944303240194
864.8124999999999 24.52072470717596 22.35986249140634
865.3125 24.52265266803993 22.36028296033095
865.8125 24.524587756911906 22.36070511630958
866.3124999999999 24.52650842423661 22.36113574078566
866.8125 24.528450291574746 22.36155760915368
867.3125 24.530391404619007 22.361978307161316
867.8124999999999 24.53234138653248 22.362405212232503
868.3125 24.534260705497193 22.362831374658185
868.8125 24.536178305748674 22.363257462410694
869.3124999999999 24.53812527647715 22.363687927306856
869.8125 24.54004468057939 22.364115560515238
870.3125 24.542001836147325 22.364544424119472
870.8124999999999 24.543929955961264 22.3649795972379
871.3125 24.545877128429257 22.365406657725167
871.8125 24.547808281257872 22.365835468310436
872.3124999999999 24.549744466873136 22.36627203437887
872.8125 24.55166435457783 22.36670290724028
873.3125 24.55360262937408 22.367136713703676
873.8124999999999 24.55554229696321 22.3675730875406
874.3125 24.557478084142616 22.36800918244572
874.8125 24.55941482146563 22.368437800160844
875.3124999999999 24.561331096752234 22.368876309404484
875.8125 24.563283830869857 22.369316857977303
876.3125 24.56520943212309 22.369751266597923
876.8124999999999 24.567142813715954 22.370193000502727
877.3125 24.569081744445032 22.37063120600769
877.8125 24.571001426885548 22.371071214310405
878.3124999999999 24.572948255216033 22.371512677738004
878.8125 24.574901370401857 22.371951891754392
879.3125 24.57680384361796 22.372393760697342
879.8124999999999 24.57873924975251 22.372828580082178
880.3125 24.580678374869272 22.373274126097726
880.8125 24.582620465390548 22.373714389762668
881.3124999999999 24.584539036986666 22.37416289021325
881.8125 24.586474574346752 22.374606383589196
882.3125 24.58840742712999 22.375050461570886
882.8124999999999 24.590314788007866 22.375494043548045
883.3125 24.592262158231954 22.375945968720053
883.8125 24.59418313120406 22.376388323921724
884.3124999999999 24.596114061854575 22.37683800892324
884.8125 24.59805005764072 22.377290587820312
885.3125 24.599976968534953 22.377734328384783
885.8124999999999 24.60190981067713 22.378179092627125
886.3125 24.603828063390083 22.3786389452196
886.8125 24.605732774012292 22.379086319198027
887.3124999999999 24.607678148323213 22.379543633748582
887.8125 24.60960915983943 22.379997635448827
888.3125 24.611535537850333 22.380448500715836
888.8124999999999 24.613473141621615 22.380905407659903
889.3125 24.61536957098759 22.381356111122976
889.8125 24.617314541132398 22.381802233331534
890.3124999999999 24.619235935623294 22.38227204545581
890.8125 24.62116215509714 22.382734735247606
891.3125 24.623079244991835 22.383180514800593
891.8124999999999 24.62502085458513 22.38364540089341
892.3125 24.62693183790122 22.384101422029296
892.8125 24.628851088626135 22.38456232524581
893.3124999999999 24.63075915572125 22.385025055550084
893.8125 24.632664074322076 22.385490605591553
894.3125 24.6346006789399 22.38595917072168
894.8124999999999 24.636520007554985 22.38641623882444
895.3125 24.638434452190694 22.386883922821184
895.8125 24.640372871846587 22.38735056159463
896.3124999999999 24.642278682037983 22.38781045177053
896.8125 24.6441885354905 22.388278791430963
897.3125 24.646131403188924 22.388755204443726
897.8124999999999 24.64806446773608 22.389213475916318
898.3125 24.64995118675659 22.389688479378997
898.8125 24.651861266790654 22.39016103011318
899.3124999999999 24.653800320289413 22.390624040614618
899.8125 24.655708597823253 22.391102058756612
900.3125 24.657601052591225 22.39157449026894
900.8124999999999 24.659555423259224 22.39205191602288
901.3125 24.661433919918878 22.392527891098926
901.8125 24.66337658585079 22.392992813769396
902.3124999999999 24.66528449040467 22.393468351852416
902.8125 24.667194475704438 22.393952038584644
903.3125 24.669111902993617 22.394417589055774
903.8124999999999 24.671027033151635 22.39490228902065
904.3125 24.672949774796052 22.395382836897678
904.8125 24.674865302624887 22.39586335946457
905.3124999999999 24.67676842426977 22.39634109157123
905.8125 24.67870159462558 22.396818038476383
906.3125 24.680604180629256 22.397299339063235
906.8124999999999 24.68252503302572 22.397790534212746
907.3125 24.684437983037405 22.398264752105945
907.8125 24.686329928355395 22.39874647454162
908.3124999999999 24.688254035217977 22.399242135216962
908.8125 24.690175809674063 22.399720428039217
909.3125 24.692109707550802 22.40020036156156
909.8124999999999 24.694000683788524 22.40069242976844
910.3125 24.69593489464867 22.401183273483856
910.8125 24.697838366706936 22.40167550973713
911.3124999999999 24.699754954688252 22.40216519210488
911.8125 24.701665653062733 22.40264741230178
912.3125 24.703580085707397 22.403138531038813
912.8124999999999 24.705499661007476 22.403629323527383
913.3125 24.70742178597556 22.404117245827024
913.8125 24.709320712614833 22.40460825964062
914.3124999999999 24.711213990669904 22.405103286958706
914.8125 24.713143054226045 22.405598174565235
915.3125 24.715041974967413 22.40609615680902
915.8124999999999 24.716972681950196 22.406586862399735
916.3125 24.718877874027005 22.407092012167045
916.8125 24.720801127851367 22.40758058687397
917.3124999999999 24.722704010860944 22.40807848656182
917.8125 24.724619896375195 22.40858220718493
918.3125 24.72655884504837 22.40907604439798
918.8124999999999 24.72845153231924 22.409575909529323
919.3125 24.73038422233348 22.410077143906825
919.8125 24.73228656245627 22.410578156221455
920.3124999999999 24.734203742261002 22.411075563150455
920.8125 24.736103788911517 22.41158783556992
921.3125 24.738024388317555 22.41208800809602
921.8124999999999 24.73994238173283 22.412584071903687
922.3125 24.74184760448256 22.413092899321615
922.8125 24.743768975930717 22.413597088708613
923.3124999999999 24.74567834314587 22.414103773627026
923.8125 24.747581713921903 22.414615551495224
924.3125 24.74948594721626 22.41512974438494
924.8124999999999 24.751396600037783 22.41562798767545
925.3125 24.753309145620527 22.4161374704807
925.8125 24.755202641513186 22.416653544724806
926.3124999999999 24.75711683220347 22.417161816365457
926.8125 24.759027903530225 22.41767474454751
927.3125 24.7609349765219 22.418188805453738
927.8124999999999 24.76282294518516 22.418700485230634
928.3125 24.76473141160821 22.419217893839154
928.8125 24.766637461791635 22.41973246386919
929.3124999999999 24.76855253747805 22.420255444461258
929.8125 24.77045089294803 22.42076548209431
930.3125 24.772334554825886 22.42127955110568
930.8124999999999 24.774254780344442 22.421801112431766
931.3125 24.77614920862612 22.42231786224195
931.8125 24.778044830775595 22.422837964668222
932.3124999999999 24.779949025235105 22.423357342603328
932.8125 24.781848954207796 22.42387733481403
933.3125 24.783740140660928 22.424403110507733
933.8124999999999 24.785642643187632 22.424919845312736
934.3125 24.78753862052917 22.425450246505655
934.8125 24.789440509281548 22.425975115737113
935.3124999999999 24.79136184325236 22.426497312884216
935.8125 24.793248253583975 22.427029507541576
936.3125 24.795138387244595 22.42755105559776
936.8124999999999 24.7970218901252 22.428083390603824
937.3125 24.79893096270047 22.428606506997404
937.8125 24.800805049138685 22.429133623470076
938.3124999999999 24.802726407101197 22.429674471450266
938.8125 24.804616485325298 22.430193357232927
939.3125 24.806505423156366 22.430724854303513
939.8124999999999 24.808393383356258 22.43126084233927
940.3125 24.810304264118233 22.431791806570036
940.8125 24.812169336778858 22.432332361631865
941.3124999999999 24.81406464109962 22.432859856178652
941.8125 24.815974849042476 22.43340232948112
942.3125 24.817869617209748 22.433939796755602
942.8124999999999 24.81974156617666 22.4344726573645
943.3125 24.82163381826354 22.43501478518809
943.8125 24.823542781216155 22.435557475079897
944.3124999999999 24.825433604475716 22.43609053605679
944.8125 24.82731315245408 22.436626639007535
945.3125 24.82923111185891 22.43717062724166
945.8124999999999 24.831116731744164 22.43770877914293
946.3125 24.833000472914506 22.438254312820668
946.8125 24.834876017583216 22.43879173656388
947.3124999999999 24.836775895086873 22.439349154467617
947.8125 24.838681366394564 22.439885541694323
948.3125 24.84055591099791 22.440430269439897
948.8124999999999 24.84245433733403 22.44097535472722
949.3125 24.844348793811477 22.441527911796054
949.8125 24.84622715393368 22.442072139523468
950.3124999999999 24.848098279129506 22.442625595468723
950.8125 24.85002648005006 22.443175478749584
951.3125 24.851872585153355 22.443725822591595
951.8124999999999 24.853781364856054 22.44426971029938
952.3125 24.855668341305652 22.444829472284443
952.8125 24.857556325626167 22.44537686022204
953.3124999999999 24.85946625958659 22.445936229333626
953.8125 24.86134561475471 22.44648998738834
954.3125 24.86322049144462 22.44704273038897
954.8124999999999 24.865123739320918 22.447599142395536
955.3125 24.867004096823226 22.44815668180244
955.8125 24.868895778332025 22.44871050101839
956.3124999999999 24.870771399938967 22.449272889440795
956.8125 24.872684232669414 22.44982525621071
957.3125 24.874579895994433 22.450389541734104
957.8124999999999 24.876443654059713 22.450952907381225
958.3125 24.878339522874548 22.45151091389692
958.8125 24.880229671280677 22.452069797162583
959.3124999999999 24.882098484449283 22.452637382260008
959.8125 24.883981537932446 22.453200293752133
960.3125 24.88584207562388 22.453769484579247
960.8124999999999 24.8877477695931 22.454329042682396
961.3125 24.8896334918869 22.454899618888437
961.8125 24.89151385586352 22.455472212516774
962.3124999999999 24.893387827896447 22.45604010885241
962.8125 24.8952563071167 22.45660818342973
963.3125 24.897125296222388 22.457184062777205
963.8124999999999 24.89900499330532 22.457751208045018
964.3125 24.900898463478704 22.458320665668722
964.8125 24.902759178404498 22.458901729463353
965.3124999999999 24.904611588708633 22.45947490815729
965.8125 24.90647474145231 22.460052031736296
966.3125 24.908344854811553 22.460626658138324
966.8124999999999 24.910219803949794 22.46120397665282
967.3125 24.91209593855915 22.461784496628155
967.8125 24.91396571493414 22.462360090034757
968.3124999999999 24.915833657013383 22.46294027718516
968.8125 24.91767542649187 22.463522731656123
969.3125 24.91955515833418 22.464111277366495
969.8124999999999 24.921427133257 22.46468762718756
970.3125 24.923278417325633 22.465266145443167
970.8125 24.925148449713642 22.465850391001226
971.3124999999999 24.927011657823325 22.466436056632183
971.8125 24.928881292002508 22.46702662415923
972.3125 24.930727052296717 22.46761003098506
972.8124999999999 24.93258375443228 22.46819636584145
973.3125 24.934460885441233 22.468788166245496
973.8125 24.936290211584303 22.46938311853416
974.3124999999999 24.938163720167665 22.469971149858527
974.8125 24.940018903851797 22.470563851485092
975.3125 24.941889849090238 22.47114674105102
975.8124999999999 24.943718138161422 22.47174419414145
976.3125 24.945615560887244 22.472333167935727
976.8125 24.947458701520276 22.472927746041425
977.3124999999999 24.949304259672296 22.473520161099213
977.8125 24.95118873988339 22.474116462398452
978.3125 24.953021018915077 22.47471175114309
978.8124999999999 24.95488324548969 22.47530242244723
979.3125 24.956752385590597 22.475905405409566
979.8125 24.95860893710954 22.47650988880371
980.3124999999999 24.960459469724814 22.47710439587507
980.8125 24.962330702503305 22.477700238601194
981.3125 24.964183575233562 22.478308630067918
981.8124999999999 24.96605302676496 22.478908691867062
982.3125 24.967917749758385 22.479506962552875
982.8125 24.969744703534026 22.480106582670768
983.3124999999999 24.971624716499505 22.480708719795555
983.8125 24.97348461284469 22.481317983627473
984.3125 24.975316931493175 22.481921618120854
984.8124999999999 24.977190922374742 22.48251767162344
985.3125 24.979053411041093 22.483125479952054
985.8125 24.98091285104624 22.483732838535587
986.3124999999999 24.98276621538953 22.484342803118164
986.8125 24.984654940694767 22.484951772256267
987.3125 24.986530517086088 22.485560981863287
987.8124999999999 24.98837830281554 22.48616592373862
988.3125 24.990234875808824 22.486776337012373
988.8125 24.99211749057181 22.48738984004057
989.3124999999999 24.993960449774892 22.487994670897805
989.8125 24.995846228442538 22.48860296524132
990.3125 24.99769648846585 22.489214561008033
990.8124999999999 24.999599132133955 22.48982871184475
991.3125 25.001444435221096 22.490447591781017
991.8125 25.003295818241686 22.491056407839324
992.3124999999999 25.005185831665464 22.491676603996616
992.8125 25.007058434026362 22.492288367643827
993.3125 25.00894357703581 22.492905238601054
993.8124999999999 25.010822792156592 22.49351879221726
994.3125 25.012700051920294 22.49413243254606
994.8125 25.014569607930145 22.494744835178153
995.3124999999999 25.016452934760025 22.495367654341358
995.8125 25.0183278376154 22.495986598281785
996.3125 25.02019597979654 22.496605130728348
996.8124999999999 25.022061808177224 22.497224852988097
997.3125 25.023957191158843 22.497842845489178
997.8125 25.025821165603574 22.498464156561337
998.3124999999999 25.027698015109728 22.499089496437108
998.8125 25.02958121475899 22.499704835086032
999.3125 25.031445462120967 22.500331141081958
999.8124999999999 25.033323393069573 22.500961830942035
1000.3125 25.035191770277553 22.501584590534186
1000.8125 25.03709386225587 22.50221284624177
1001.3125 25.03895702682381 22.502843165010567
