FastTrWP/PhaseSpace/IAs/snIa_0.36_30.00_1.62_0.04.csv
# %ECSV 0.9
# ---
# datatype:
# - {name: time-rel, datatype: float64}
# - {name: g, datatype: float64}
# - {name: i, datatype: float64}
# schema: astropy-2.0
time-rel g i
151.91666666666666 26.995227482378446 25.703589838697877
152.41666666666666 26.98249699119641 25.69303745757732
152.91666666666666 26.969892077121717 25.68248296946582
153.41666666666666 26.95724108547346 25.67197639063085
153.91666666666666 26.94448070923036 25.66152275623876
154.41666666666666 26.931788196838625 25.651093056139494
154.91666666666666 26.919009756145268 25.640693585220525
155.41666666666666 26.906274469416637 25.630333481040118
155.91666666666666 26.893382585558513 25.619984346836713
156.41666666666666 26.880496493600205 25.609686267674
156.91666666666666 26.867606716441546 25.59939559884794
157.41666666666666 26.85462544928875 25.589121850987112
157.91666666666666 26.84158375100042 25.578868213318803
158.41666666666666 26.828424981783495 25.568679485842868
158.91666666666666 26.815135993417268 25.558446653556295
159.41666666666666 26.801913304508325 25.548314980281145
159.91666666666666 26.78852811502749 25.538147519603807
160.41666666666666 26.77506489751574 25.528007638855698
160.91666666666666 26.761505499960897 25.517865074779344
161.41666666666666 26.747843884100693 25.507767453473072
161.91666666666666 26.734119217750013 25.497652138435146
162.41666666666666 26.720264147182398 25.487559091068213
162.91666666666666 26.70630393935771 25.477515271101105
163.41666666666666 26.692275164141982 25.467432677754076
163.91666666666666 26.678114216214354 25.457392292288525
164.41666666666666 26.66383992877087 25.447355502809245
164.91666666666666 26.6495134617359 25.43731016331497
165.41666666666666 26.635003444554357 25.427284074019106
165.91666666666666 26.620401695696586 25.417260010723904
166.41666666666666 26.605736846005957 25.407250236711256
166.91666666666666 26.590902029152463 25.397254821069918
167.41666666666663 26.576010514680863 25.387233344916883
167.91666666666666 26.560970307159316 25.377224013859617
168.41666666666666 26.545864181719537 25.36722740306791
168.91666666666663 26.530587333795992 25.3572142033164
169.41666666666666 26.515265720211282 25.347235542407525
169.91666666666666 26.499770529378104 25.33725375148753
170.41666666666663 26.484269073180524 25.327267839498827
170.91666666666666 26.4685637097376 25.31725756595927
171.41666666666666 26.452776266272178 25.30727925551726
171.91666666666663 26.436920480581094 25.29726453372737
172.41666666666666 26.420917851963765 25.287286160380372
172.91666666666666 26.40489945220392 25.2772881183855
173.41666666666663 26.38867433008533 25.267290292051058
173.91666666666666 26.37241404617221 25.257309551670488
174.41666666666666 26.356081380235068 25.247317823080095
174.91666666666663 26.339753375112217 25.237327902126964
175.41666666666666 26.323400563095547 25.22736898031196
175.91666666666666 26.307048270058257 25.21738211182946
176.41666666666663 26.29064221621431 25.20743347372185
176.91666666666666 26.274345791894916 25.197506024142783
177.41666666666666 26.258037294355063 25.18756235892992
177.91666666666663 26.241767864487496 25.177653240181037
178.41666666666666 26.225456339219054 25.167747729063443
178.91666666666666 26.209256796526326 25.157856495658546
179.41666666666663 26.193063304312453 25.148001715649357
179.91666666666666 26.176928483525504 25.13816277104349
180.41666666666666 26.160828086624907 25.128350883991647
180.91666666666663 26.144737867754863 25.118531360006486
181.41666666666666 26.12875117594755 25.108801965268466
181.91666666666666 26.11282066430682 25.09902089955468
182.41666666666663 26.096918342521086 25.08928146828094
182.91666666666666 26.081049202401786 25.079586696865857
183.41666666666666 26.06527674085225 25.069922161498912
183.91666666666663 26.049554993822227 25.060257144282104
184.41666666666666 26.033912660578203 25.05063801933201
184.91666666666666 26.018354053081207 25.041024408709553
185.41666666666663 26.002804829146978 25.031474348617408
185.91666666666666 25.987379310940092 25.021929996847394
186.41666666666666 25.97200471137983 25.012424334871184
186.91666666666663 25.956733009247323 25.002948732943807
187.41666666666666 25.941509634295443 24.993517298967966
187.91666666666666 25.926369146806287 24.984100636579015
188.41666666666663 25.911315059677214 24.97471005162103
188.91666666666666 25.896334864315634 24.965375325241276
189.41666666666666 25.88141864141763 24.956068130077583
189.91666666666663 25.8666066093525 24.94675637025502
190.41666666666666 25.85188422489727 24.937535999489334
190.91666666666666 25.83722802552954 24.92831348981786
191.41666666666663 25.82263245826794 24.919099071814475
191.91666666666666 25.808149895301717 24.909965079999985
192.41666666666666 25.79375906504852 24.900867845065576
192.91666666666663 25.779437916929687 24.891794728981978
193.41666666666666 25.76521475276416 24.88277308523276
193.91666666666666 25.75105678228916 24.873772623019175
194.41666666666663 25.737010129696955 24.864780506204234
194.91666666666666 25.722975889802417 24.85584529349837
195.41666666666666 25.7091369887082 24.84696756816788
195.91666666666663 25.69531886598775 24.838127416039065
196.41666666666666 25.681601385360775 24.829307643015397
196.91666666666666 25.667992995136725 24.820530000568493
197.41666666666663 25.654427405899426 24.81178822967761
197.91666666666666 25.640988623349553 24.80306806101074
198.41666666666666 25.627577463685043 24.794439795013407
198.91666666666663 25.614327969638822 24.78581421568133
199.41666666666666 25.601124690597786 24.777219976487807
199.91666666666666 25.588035233187224 24.76865908188795
200.41666666666663 25.57500936578232 24.760149730792538
200.91666666666666 25.5620607299865 24.75168538762319
201.41666666666666 25.549250348790558 24.743265543910503
201.91666666666663 25.536475004281417 24.734867502038288
202.41666666666666 25.52376954260854 24.726501575309978
202.91666666666666 25.51118693984182 24.71819092715652
203.41666666666663 25.498717551110353 24.709927727974467
203.91666666666666 25.48626520041793 24.70170435153915
204.41666666666666 25.473910841295876 24.69349603155267
204.91666666666663 25.461643531944823 24.685352705696147
205.41666666666666 25.449476187188466 24.677228538378255
205.91666666666666 25.437429944011328 24.669175987230865
206.41666666666663 25.42542588630578 24.661109853029792
206.91666666666666 25.41350015018516 24.653136040203286
207.41666666666666 25.401599562946778 24.645148997537405
207.91666666666663 25.38976356693081 24.637202936105634
208.41666666666666 25.378009226049294 24.629282264787843
208.91666666666666 25.366284217230948 24.621378012317248
209.41666666666663 25.35456377944509 24.613500527948574
209.91666666666666 25.342952320116083 24.605643765281876
210.41666666666666 25.33136254481345 24.59778843932812
210.91666666666663 25.319814723145164 24.590006013694428
211.41666666666666 25.308377718781905 24.58221521959189
211.91666666666666 25.296919424970238 24.574478378162713
212.41666666666663 25.285526047078612 24.56673078088904
212.91666666666666 25.27420264658398 24.559010968785913
213.41666666666666 25.262921925340656 24.551313948946895
213.91666666666663 25.251703646676575 24.543676005429838
214.41666666666666 25.240526631720112 24.536040884857663
214.91666666666666 25.22941611605846 24.52843518476783
215.41666666666663 25.21835256009464 24.520862240238607
215.91666666666666 25.20733274908462 24.513285950786823
216.41666666666666 25.196346533335067 24.505762031437165
216.91666666666663 25.185461151080986 24.498281826577042
217.41666666666666 25.17461545329247 24.49077555763718
217.91666666666666 25.163798596818374 24.48332742324797
218.41666666666663 25.153032230011387 24.47590839788511
218.91666666666666 25.142376320605038 24.468511817488682
219.41666666666666 25.131744197149427 24.46113375607819
219.91666666666663 25.121145518372792 24.45379892634728
220.41666666666666 25.11059618888921 24.44647204249096
220.91666666666666 25.100116691304912 24.43919272927314
221.41666666666663 25.08972033887776 24.431919836796162
221.91666666666666 25.07930137492011 24.424687225560856
222.41666666666666 25.069011225260986 24.417473711409944
222.91666666666663 25.058739145108202 24.410296249386867
223.41666666666666 25.04852468052299 24.40313256311017
223.91666666666666 25.038372289038694 24.39601156416134
224.41666666666663 25.02827385322547 24.3889004978019
224.91666666666666 25.018220074411204 24.38181988066693
225.41666666666666 25.00821680677909 24.374772525084836
225.91666666666663 24.998281492374097 24.367754904260217
226.41666666666666 24.988398236765235 24.360755632510948
226.91666666666666 24.978548443642087 24.35379609708513
227.41666666666663 24.96874724774811 24.346859449462738
227.91666666666666 24.959061098444984 24.339938847934466
228.41666666666666 24.949355734989783 24.333037947633457
228.91666666666663 24.939715239027414 24.32619608815156
229.41666666666666 24.930154655710282 24.31937867340547
229.91666666666666 24.920619245832757 24.312565596601598
230.41666666666663 24.911145940522502 24.305789259615413
230.91666666666666 24.901726056566762 24.299031871885933
231.41666666666666 24.892344006793614 24.292320463181454
231.91666666666666 24.88304782535575 24.285634596889714
232.41666666666666 24.8737769238316 24.27894743688136
232.91666666666666 24.864542228440282 24.272309698660024
233.41666666666666 24.855399345687978 24.26571251164193
233.91666666666666 24.846278659557626 24.259114526780333
234.41666666666666 24.837220909950783 24.25255191924366
234.91666666666666 24.828192993914616 24.246028543266192
235.41666666666666 24.81923086225034 24.23950906672953
235.91666666666666 24.810308442648044 24.233045344738837
236.41666666666666 24.801469198761623 24.226585629507376
236.91666666666666 24.792663137066636 24.220171791695734
237.41666666666666 24.783889754633837 24.213788844255177
237.91666666666666 24.775172348083725 24.207400733684334
238.41666666666666 24.766494820235877 24.20107877268744
238.91666666666666 24.75788301238383 24.19476456060405
239.41666666666666 24.74932743607487 24.188462392271912
239.91666666666666 24.740790687702678 24.18219795891232
240.41666666666666 24.732242107633724 24.17591538098985
240.91666666666666 24.72374573560103 24.16968913527036
241.41666666666666 24.715260612355813 24.163439014840165
241.91666666666666 24.70682018958396 24.15722917206923
242.41666666666666 24.698394203215134 24.151007559539416
242.91666666666666 24.689986752364604 24.144837551358993
243.41666666666666 24.681618450248667 24.138653769189244
243.91666666666666 24.673287109065857 24.132504371234052
244.41666666666666 24.664968500550323 24.12636975020345
244.91666666666666 24.656678954095263 24.120232429804155
245.41666666666666 24.648412080235858 24.114129117353023
245.91666666666666 24.640195070421264 24.108044524971373
246.41666666666666 24.63198902798517 24.101961507853133
246.91666666666666 24.62384151223823 24.095908665114358
247.41666666666666 24.61570772067268 24.089872644171283
247.91666666666666 24.60760638086438 24.083853169251604
248.41666666666666 24.59953518047798 24.07786465315091
248.91666666666666 24.591499316317883 24.071876313922083
249.41666666666666 24.58349596252354 24.065917112780127
249.91666666666666 24.575518166121874 24.059981079666827
250.41666666666666 24.567580212207872 24.054052976212784
250.91666666666666 24.559694554288733 24.048151711863643
251.41666666666666 24.55181608489131 24.042272612576472
251.91666666666666 24.54398444640035 24.036419067596157
252.41666666666666 24.53620193925548 24.030566029075597
252.91666666666666 24.528447994795954 24.024757228494153
253.41666666666666 24.520724178315145 24.018945211513977
253.91666666666666 24.513022951207727 24.013183737207964
254.41666666666666 24.505397125311056 24.00741999490807
254.91666666666666 24.497784943097123 24.00168993734606
255.41666666666666 24.49020849335144 23.99596082618919
255.91666666666666 24.48267500864276 23.99028493293512
256.4166666666667 24.47517743890957 23.984612169158805
256.9166666666667 24.46772135003434 23.978956134109495
257.4166666666667 24.46031430736237 23.973336407560318
257.9166666666667 24.45290749412961 23.967729373836875
258.4166666666667 24.44557341246099 23.96214796237143
258.9166666666667 24.438261022010003 23.956598303543963
259.4166666666667 24.43099894681843 23.951066475161724
259.9166666666667 24.423758299029657 23.945550966247353
260.4166666666667 24.416570576804308 23.940075276505763
260.9166666666667 24.409418190598554 23.934586784506887
261.4166666666667 24.402317425269892 23.92914992726768
261.9166666666667 24.395259218373223 23.92374316876472
262.4166666666667 24.388224934759236 23.918343222250943
262.9166666666667 24.38123518507642 23.912991330134936
263.4166666666667 24.37426512806607 23.90762585564829
263.9166666666667 24.367364395183756 23.90231463197855
264.4166666666667 24.36050441349032 23.897010982882684
264.9166666666667 24.353673161624542 23.891746610303628
265.4166666666667 24.34687497299648 23.886490876706272
265.9166666666667 24.340141315839084 23.88127310405701
266.4166666666667 24.333435437966582 23.876060795540802
266.9166666666667 24.32677642289174 23.87089179808065
267.4166666666667 24.32013796015703 23.865742362373567
267.9166666666667 24.313548622762866 23.860622888280925
268.4166666666667 24.307016016669504 23.855516086939584
268.9166666666667 24.300509989895232 23.850436652408014
269.4166666666667 24.294049330604363 23.845382269067574
269.9166666666667 24.287623843182917 23.84036240730819
270.4166666666667 24.281230602437923 23.835369193592257
270.9166666666667 24.274893719300806 23.830386433577523
271.4166666666667 24.26859921849315 23.82543632798029
271.9166666666667 24.262349545839466 23.820515002490904
272.4166666666667 24.25610678559936 23.815610409258035
272.9166666666667 24.249893132787136 23.810700560024983
273.4166666666667 24.243694058513398 23.80582408861627
273.9166666666667 24.237515265196727 23.800950834398343
274.4166666666667 24.231347045257195 23.796096390116045
274.9166666666667 24.225213020834527 23.791241333299205
275.4166666666667 24.219108342808823 23.78640946012068
275.9166666666667 24.213009478496495 23.781592839118325
276.4166666666667 24.20693772337913 23.776791846189628
276.9166666666667 24.200887818609225 23.77200793495174
277.4166666666667 24.194848494182896 23.7672402240713
277.9166666666667 24.188847565141565 23.762468790155445
278.4166666666667 24.182858073262075 23.757731352200597
278.9166666666667 24.176886935371122 23.752993615480158
279.4166666666667 24.17096828039036 23.74828182406398
279.9166666666667 24.165038608689603 23.743582927844518
280.4166666666667 24.15916505797646 23.73889198144234
280.9166666666667 24.15327522418754 23.734226186549318
281.4166666666667 24.147443940784775 23.729565951292386
281.9166666666667 24.141621707861365 23.724945611928195
282.4166666666667 24.135819176004567 23.72031359676693
282.9166666666667 24.130059251171744 23.715715120934938
283.4166666666667 24.124318465334586 23.71111965431829
283.9166666666667 24.118595505018995 23.706555097451346
284.4166666666667 24.11290755468093 23.701996317575393
284.9166666666667 24.107232130523478 23.69746410495118
285.4166666666667 24.101602670607644 23.69294593481659
285.9166666666667 24.09599653900349 23.688441587459003
286.4166666666667 24.09040265634287 23.683949403753143
286.9166666666667 24.084830051247124 23.67949221883542
287.4166666666667 24.07930384226045 23.675035627130733
287.9166666666667 24.073797614132154 23.670609218347877
288.4166666666667 24.068323819894925 23.66618191146364
288.9166666666667 24.062851845543282 23.661796445936222
289.4166666666667 24.057427713847133 23.65742287765611
289.9166666666667 24.05202568421625 23.653039478796792
290.4166666666667 24.046659392078077 23.648706742335342
290.9166666666667 24.041310589948424 23.64436942434724
291.4166666666667 24.03600102684951 23.64006469913312
291.9166666666667 24.030714216423057 23.63578018731257
292.4166666666667 24.025441808339355 23.631508946830667
292.9166666666667 24.0202131603756 23.627258936322217
293.4166666666667 24.01501782288515 23.62303385342183
293.9166666666667 24.00986334042702 23.61880131821373
