FastTrWP/PhaseSpace/IAs/snIa_0.62_30.00_-0.57_-0.13.csv
# %ECSV 0.9
# ---
# datatype:
# - {name: time-rel, datatype: float64}
# - {name: g, datatype: float64}
# - {name: i, datatype: float64}
# schema: astropy-2.0
time-rel g i
[from data line 363]
-217.0 24.25792556050056 23.382987955550313
-216.5 24.253974469395537 23.37978204630364
-216.0 24.25002411596455 23.376570469619466
-215.5 24.246090882974322 23.373368282496564
-215.0 24.242154096050825 23.370172387650992
-214.5 24.238237257180778 23.366991070012865
-214.0 24.2343121617014 23.36380356702229
-213.5 24.230430443966405 23.360631216727363
-213.0 24.226510821133424 23.357457710224722
-212.5 24.22260015707616 23.354293885525927
-212.0 24.218735948191835 23.351120710766825
-211.5 24.214856271265084 23.347963125132885
-211.0 24.210984121344865 23.344806404641567
-210.5 24.207117118263263 23.341670083660624
-210.0 24.20326470962361 23.33851644322639
-209.5 24.19939507713886 23.33537783846075
-209.0 24.195554493995353 23.33224536332127
-208.5 24.19170948609572 23.329117240743564
-208.0 24.187872202785666 23.325977347442695
-207.5 24.184060113065776 23.32285472308906
-207.0 24.18023449568227 23.31974740287619
-206.5 24.176438030571465 23.316648643264347
-206.0 24.17262282877379 23.313528412868596
-205.5 24.16882329725791 23.310421522584463
-205.0 24.16503040558982 23.307328507685554
-204.5 24.161253161819527 23.30422981516275
-204.0 24.157470237981734 23.301153988936456
-203.5 24.153696119045915 23.298051366784694
-203.0 24.14993225108128 23.294972074615824
-202.5 24.146173718903732 23.291890396984762
-202.0 24.142418988427323 23.28881868413859
-201.5 24.138658557406465 23.285753589263408
-201.0 24.134923635330274 23.282687706441223
-200.5 24.131191730060664 23.27962738281854
-200.0 24.127470970620163 23.276567797068548
-199.5 24.123738640808195 23.273513107601836
-199.0 24.120019999528935 23.270467040436365
-198.5 24.11631662929406 23.267411441933103
-198.0 24.112612079634822 23.26438741121362
-197.5 24.108900972934308 23.261351617165108
-197.0 24.105234118767203 23.25831163606245
-196.5 24.101512460950737 23.25528492412362
-196.0 24.097856662538767 23.252271969025287
-195.5 24.094189853701305 23.24924296992531
-195.0 24.090518032890024 23.246230491270357
-194.5 24.086846806691643 23.24320954990735
-194.0 24.08319244328904 23.24020563525748
-193.5 24.07954768540669 23.237202012831837
-193.0 24.075882626516588 23.234203557161543
-192.5 24.072254142532188 23.23120512546227
-192.0 24.068625489098107 23.228207460449898
-191.5 24.06501018960303 23.225225724656454
-191.0 24.061374486145738 23.222236932168286
-190.5 24.057757551609402 23.21925107354967
-190.0 24.054139130640074 23.21627124922799
-189.5 24.050532465520504 23.21329160738003
-189.0 24.046934795651094 23.210323121229166
-188.5 24.043334663787995 23.207352927094746
-188.0 24.039750003345702 23.204390372651943
-187.5 24.036157009393634 23.20143490867732
-187.0 24.03259297951739 23.19847442132005
-186.5 24.029005719937718 23.19551440397776
-186.0 24.025444149226022 23.19256725689503
-185.5 24.021890050496225 23.189620592735537
-185.0 24.018327538975157 23.186677033497546
-184.5 24.014780150897536 23.183728345168475
-184.0 24.0112317308054 23.180798342349355
-183.5 24.00769185906629 23.177867739258815
-183.0 24.004145753223938 23.17494413751572
-182.5 24.000614780506716 23.1720132590296
-182.0 23.99709221117306 23.169084455094264
-181.5 23.99357670177227 23.16615879854698
-181.0 23.99005657429649 23.163248828773288
-180.5 23.98655144464033 23.160330927509698
-180.0 23.983034701097417 23.15742049872227
-179.5 23.97953990055398 23.154513253195933
-179.0 23.976020370743978 23.151603211223378
-178.5 23.972505275061383 23.14868840767764
-178.0 23.969002008191893 23.14577663934482
-177.5 23.96546195453668 23.142871139433083
-177.0 23.96193785278765 23.13995423641023
-176.5 23.958400821525437 23.137039196143082
-176.0 23.954867733321677 23.134121439121298
-175.5 23.951334150025158 23.131212163043386
-175.0 23.94780493030376 23.128295484135187
-174.5 23.944253545904424 23.125385333017437
-174.0 23.940712552982077 23.122469722536295
-173.5 23.937184573345093 23.119562340703958
-173.0 23.933630054470964 23.11665268602196
-172.5 23.930092751915417 23.113737836811374
-172.0 23.926574654463625 23.110833555616676
-171.5 23.92302210062104 23.107927559223516
-171.0 23.919486778343742 23.105018792767638
-170.5 23.915947494388323 23.10212219291165
-170.0 23.912422690994344 23.099222664907508
-169.5 23.90890309235148 23.096329539340132
-169.0 23.905381853572575 23.093437204075936
-168.5 23.901857597100637 23.090535048112383
-168.0 23.89834327265953 23.087656405783584
-167.5 23.894825937661437 23.08477470655418
-167.0 23.891328177417435 23.081891602696917
-166.5 23.8878447224525 23.079013149810912
-166.0 23.884344259521377 23.07614340606261
-165.5 23.880858933202976 23.073279692590326
-165.0 23.877375035687823 23.070405564934667
-164.50000000000006 23.87391548528885 23.067544560330838
-164.0 23.87044138319061 23.064689480604628
-163.5 23.866993736237223 23.06184046207807
-163.00000000000006 23.863536642936168 23.059000001259253
-162.5 23.860110316279204 23.056162637595648
-162.0 23.856677749311853 23.053322366039776
-161.50000000000006 23.853248324171528 23.050488813184216
-161.0 23.849846978837892 23.047662361247404
-160.5 23.84644291394862 23.04483730080907
-160.00000000000006 23.843047663932854 23.042027156350034
-159.5 23.839689106061513 23.039221821606898
-159.0 23.836300902420952 23.036419208032427
-158.50000000000006 23.832949138689635 23.033622575790456
-158.0 23.829609316153373 23.03084117397363
-157.5 23.82627273175382 23.02805623341307
-157.00000000000006 23.822945920331474 23.02527493810478
-156.5 23.819641475390462 23.022514304417744
-156.0 23.816355323595776 23.01973933306308
-155.50000000000006 23.813069596136806 23.016990030519167
-155.0 23.809812080864514 23.014245198207412
-154.5 23.806562475326636 23.011501422999444
-154.00000000000006 23.803307952789563 23.008769200306347
-153.5 23.800092584207682 23.006049160791846
-153.0 23.79687888089641 23.00333313540703
-152.50000000000006 23.793675087678974 23.000621225570615
-152.0 23.790495108443686 22.99791603010755
-151.5 23.787325246085516 22.99522625290768
-151.00000000000006 23.784183948210572 22.99254620695095
-150.5 23.78105186012649 22.98987175934046
-150.0 23.777940775524055 22.98719878045611
-149.50000000000006 23.774836454983628 22.984539805118192
-149.0 23.771744484714144 22.98188727986282
-148.5 23.76868488303603 22.979246241570994
-148.00000000000006 23.76563897820303 22.976618666937355
-147.5 23.762598822798495 22.97399808485732
-147.0 23.75958846758239 22.971395865633447
-146.50000000000006 23.756595680387314 22.96877708688288
-146.0 23.75361451379977 22.966185793337594
-145.5 23.750650874380476 22.96359817759859
-145.00000000000006 23.747711543354754 22.96102279688887
-144.5 23.74479122388381 22.958463224566565
-144.0 23.74188747541759 22.955904105948612
-143.50000000000006 23.739004556468963 22.953365125005817
-143.0 23.736142999671447 22.95083524820907
-142.5 23.73328777859459 22.948294230879817
-142.00000000000006 23.730461597633983 22.945791189432732
-141.5 23.72766626387143 22.94328718917547
-141.0 23.72487799973385 22.940790753420067
-140.50000000000006 23.722120130610236 22.938306665443623
-140.0 23.7193501836872 22.935824390971145
-139.5 23.71659078083183 22.933354161034295
-139.00000000000006 23.713836177807437 22.930881919735256
-138.5 23.71111035632113 22.928414398584344
-138.0 23.708368266945207 22.925950346711662
-137.50000000000006 23.70564278671798 22.923482910433894
-137.0 23.702924695377977 22.921031718177836
-136.5 23.70021609689711 22.918584276332265
-136.00000000000006 23.697523038354436 22.916139999121143
-135.5 23.694825136895954 22.91370096065127
-135.0 23.692136665040245 22.91126917582782
-134.50000000000006 23.689452459619847 22.908847239623128
-134.0 23.68678069439359 22.906419522550642
-133.5 23.684122382312193 22.903998508882793
-133.00000000000006 23.68146261723591 22.90159244658981
-132.5 23.678824419482773 22.899175543109802
-132.0 23.676189254081294 22.896778732068753
-131.50000000000006 23.673566638152916 22.894375117611393
-131.0 23.670949688713087 22.891990330784353
-130.5 23.668344630063125 22.889597844875695
-130.00000000000006 23.665742685391113 22.887223699518252
-129.5 23.663164577597623 22.884845305967477
-129.0 23.66057855558019 22.882479390571547
-128.50000000000006 23.658008534697885 22.880119178144874
-128.0 23.65545891185996 22.877755240949874
-127.5 23.652897624246116 22.87540777174137
-127.00000000000006 23.650372866930947 22.873066363438905
-126.5 23.647844001775038 22.870723679621626
-126.0 23.645333970007194 22.86839467940407
-125.50000000000006 23.642829250514637 22.866061777602148
-125.0 23.64032923976695 22.863731096021557
-124.5 23.63784485547974 22.861426096779347
-124.00000000000006 23.63536900328188 22.859118957446725
-123.5 23.632912842128064 22.856805687421108
-123.0 23.630455749970224 22.854516783291213
-122.50000000000006 23.628009962879073 22.852224031790733
-122.0 23.625584140956775 22.84994151955075
-121.5 23.623171328749564 22.84766383433077
-121.00000000000006 23.620770458296402 22.84538957511335
-120.5 23.618381186893632 22.84312722186084
-120.0 23.616001217435073 22.840864277030857
-119.50000000000006 23.61362248425017 22.838605158829203
-119.0 23.611270343192004 22.83637188996569
-118.5 23.608926513681748 22.83413359257159
-118.00000000000006 23.606597586130142 22.831902183730868
-117.5 23.604275309278464 22.829676040847446
-117.0 23.60196231733132 22.827464315159457
-116.50000000000006 23.599680923322182 22.825250217701583
-116.0 23.597405741589156 22.823048622865578
-115.5 23.595123076668123 22.820853292034748
-115.00000000000006 23.592864149803383 22.818666320424356
-114.5 23.590629683526068 22.81648457931098
-114.0 23.588389319803646 22.8143003431465
-113.50000000000006 23.586180747161492 22.812135608784338
-113.0 23.58397734110262 22.809978794170398
-112.5 23.581782433064777 22.80782111273709
-112.00000000000006 23.579607995401272 22.805678372292768
-111.5 23.577439481696267 22.80353625178553
-111.0 23.5752977287378 22.801399945751847
-110.50000000000006 23.573164328675574 22.799281927404106
-110.0 23.57104740392697 22.79716052960805
-109.5 23.56893111776877 22.795055323607958
-109.00000000000006 23.56683909573708 22.792952787115965
-108.5 23.56476012841386 22.790856901870495
-108.0 23.562694920792744 22.788767400352476
-107.50000000000006 23.56063923895164 22.786696387987256
-107.0 23.558610520359444 22.78462113348437
-106.5 23.55658833646066 22.7825598686888
-106.00000000000006 23.55457970202966 22.780505864071763
-105.5 23.552592235707507 22.778459243588816
-105.0 23.55062029777478 22.77641254312293
-104.50000000000006 23.548649394219773 22.7743793670501
-104.0 23.546706350970645 22.772358157603115
-103.5 23.544778714250523 22.77034124544388
-103.00000000000006 23.542858460695694 22.768328935915235
-102.5 23.54095482136716 22.766325988845008
-102.0 23.539064653533014 22.764336996598637
-101.50000000000006 23.53719072006809 22.762348923890904
-101.0 23.535323301163963 22.760373154131386
-100.5 23.53347886830798 22.758393036416194
-100.00000000000006 23.531630063738373 22.75642175887843
-99.5 23.529800101931784 22.754469507344524
-99.0 23.52798255419353 22.75251286119481
-98.50000000000006 23.526161770716865 22.75055798773426
-98.0 23.52436954023792 22.748618721772885
-97.5 23.52257008319945 22.746678776912713
-97.00000000000006 23.52079298345084 22.74473895429004
-96.5 23.519019161370704 22.74282606386386
-96.0 23.51726430899201 22.740902076981623
-95.50000000000006 23.515510546855193 22.738983051204976
-95.0 23.513762419544612 22.737079527636396
-94.5 23.512040012589807 22.735166308647983
-94.00000000000006 23.51031704611305 22.73326585875766
-93.5 23.508608668201987 22.73137644281368
-93.0 23.50691227949854 22.729490403039804
-92.50000000000006 23.505223209044622 22.727605211364587
-92.0 23.50352940469231 22.7257321444091
-91.5 23.50187106695312 22.723863225177986
-91.00000000000006 23.500226651463603 22.722006250983995
-90.5 23.4985580268878 22.720144351827333
-90.0 23.496921821757827 22.718279791838867
-89.50000000000006 23.49527788423202 22.71643768838058
-89.0 23.493667172344264 22.714598879892932
-88.5 23.4920632698549 22.712753241121476
-88.00000000000006 23.490460394032688 22.71092373035693
-87.5 23.488867685444504 22.709099326930627
-87.0 23.4873011567026 22.707278548944238
-86.50000000000006 23.485725280252954 22.70546995176231
-86.0 23.48416850006555 22.70365820042879
-85.5 23.482619375521875 22.701856438577963
-85.00000000000006 23.481078099319397 22.700054485501852
-84.5 23.479544812138222 22.698262187954086
-84.0 23.478031278968313 22.696480023231306
-83.50000000000006 23.47653040695072 22.69469770217244
-83.0 23.47503102590092 22.69292005525567
-82.5 23.473538192668023 22.691147765309445
-82.00000000000006 23.472053182597268 22.689376418921
-81.5 23.470581223661906 22.68761716924631
-81.0 23.469122490005255 22.685868671401103
-80.50000000000006 23.467679540724617 22.684117559089813
-80.0 23.466237110331782 22.682376258766492
-79.5 23.464812623184798 22.680631643959764
-79.00000000000006 23.463387846079264 22.678894488751734
-78.5 23.46197313882255 22.67716774699384
-78.0 23.46057844498787 22.6754468324312
-77.50000000000006 23.459181752803588 22.673727108443337
-77.0 23.457807446925088 22.672018137495673
-76.5 23.45643160122602 22.67030947683084
-76.00000000000006 23.455066983980856 22.668599741669233
-75.5 23.453722736147462 22.666910286129944
-75.0 23.4523823422513 22.665214554493097
-74.50000000000006 23.451051432401464 22.663531454995216
-74.0 23.44973709087629 22.66184307949699
-73.5 23.448415082851298 22.660171441750194
-73.00000000000006 23.447120225995395 22.658499011737575
-72.5 23.445819541162546 22.656832978837073
-72.0 23.444542640527292 22.655165155934718
-71.50000000000006 23.443270092133606 22.653513314525004
-71.0 23.441999253431028 22.651861181359386
-70.5 23.44075995179636 22.650221851227794
-70.00000000000006 23.439508657780884 22.648581677432094
-69.5 23.438271233959917 22.646941352244554
-69.0 23.437061709603878 22.645302287469743
-68.50000000000006 23.435830618624493 22.643684851501902
-68.0 23.434634634134515 22.64206444683806
-67.5 23.433439210564806 22.640443091179808
-67.00000000000006 23.432264407359984 22.638836326811422
-66.5 23.431090555760772 22.6372296172767
-66.0 23.429919946271063 22.635634638769258
-65.50000000000006 23.42877009492937 22.63403331049748
-65.0 23.427619573288425 22.632436202895242
-64.5 23.42647846401524 22.630852516374432
-64.00000000000006 23.42536160896418 22.629275788779847
-63.5 23.4242460554337 22.627697707718934
-63.0 23.423134653689196 22.62612304458516
-62.50000000000006 23.42203908692046 22.624559522911568
-62.0 23.420956574312957 22.62299948619318
-61.5 23.419879090693826 22.62143349274617
-61.00000000000006 23.418807816028963 22.619880134126
-60.5 23.417730193329884 22.61834036206306
-60.0 23.41667571979582 22.616791030575378
-59.50000000000006 23.415616977605005 22.61525259397822
-59.0 23.414590552217312 22.613713200923705
-58.5 23.413550816525582 22.612188309634725
-58.00000000000006 23.41252254420457 22.610659574167098
-57.5 23.411511073717136 22.60913659624731
-57.0 23.4105011987814 22.607615178586368
-56.50000000000006 23.40949924252048 22.606099810908994
-56.0 23.4085141405852 22.604582537404454
-55.5 23.40753308145169 22.603084331389567
-55.00000000000006 23.406559543393666 22.601583757916153
-54.5 23.40559296756346 22.60008416339266
-54.0 23.40462989404255 22.598592536241764
-53.50000000000006 23.403682967048276 22.59710029384423
-53.0 23.402728427606895 22.595608026890073
-52.5 23.401810191554034 22.594128223916844
-52.00000000000006 23.40089293380238 22.592664188205873
-51.5 23.399954543874703 22.591192506220224
-51.0 23.399056421135306 22.58972426631082
-50.50000000000006 23.39815234682699 22.588257661162636
-50.0 23.397263046885648 22.586796053321876
-49.5 23.39637399843909 22.585344625520687
-49.00000000000006 23.395505681855404 22.583903133220744
-48.5 23.39464863020966 22.58244594589442
-48.0 23.393781784015246 22.581011678304566
