FastTrWP/PhaseSpace/IAs/snIa_0.60_30.00_0.15_0.05.csv
# %ECSV 0.9
# ---
# datatype:
# - {name: time-rel, datatype: float64}
# - {name: g, datatype: float64}
# - {name: i, datatype: float64}
# schema: astropy-2.0
time-rel g i
-414.5 26.991402438020295 24.83733039789101
-414.0 26.979584859505458 24.829252447077028
-413.5 26.967777764309627 24.82119138731302
-413.0 26.95608907350357 24.813163307929273
-412.5 26.944496534804664 24.805164119581768
-412.0 26.93292754053562 24.797179427206956
-411.5 26.921429903140215 24.78922948136867
-411.0 26.909961151549094 24.781308269458275
-410.5 26.89863746534876 24.77341458558246
-410.0 26.887340681506153 24.76555941553952
-409.5 26.87612412473741 24.757731607664482
-409.0 26.86492099728173 24.749930726012558
-408.5 26.8538650735885 24.7421491066723
-408.0 26.84278930274207 24.73439234526071
-407.5 26.831864951257458 24.72668032905698
-407.0 26.820918097860673 24.71899890620356
-406.5 26.810073229992458 24.711333946194962
-406.0 26.799320694519338 24.703715139717943
-405.5 26.788590215875494 24.696136524620833
-405.0 26.777945495410286 24.688566460865452
-404.5 26.76736408469828 24.681001053054715
-404.0 26.75684403045301 24.67349359888175
-403.5 26.746368890639353 24.666013547197604
-403.0 26.735934330580093 24.658555130675218
-402.5 26.725562289190428 24.65114026899898
-402.0 26.71525110776502 24.643739983151068
-401.5 26.705110967130178 24.636372830812295
-401.0 26.6948638776628 24.629053184300517
-400.5 26.684830615359147 24.62174832077249
-400.0 26.674701889888798 24.614472168101944
-399.5 26.664771467456717 24.607204820766487
-399.0 26.65483334034628 24.59999540884729
-398.5 26.644943873487946 24.592803527160314
-398.0 26.635137540021198 24.585643290758853
-397.5 26.625309139884322 24.578518239213775
-397.0 26.61567908399812 24.57141658748652
-396.5 26.6059936169091 24.564329719321314
-396.0 26.596423548873943 24.55730908772871
-395.5 26.586853373261143 24.55027984578649
-395.0 26.577368386877744 24.54329122775718
-394.5 26.567947061492166 24.53634141036059
-394.0 26.55857722141244 24.5294047051691
-393.5 26.54931598814332 24.52252989995367
-393.0 26.540039249776257 24.515651912732782
-392.5 26.530749264836277 24.508801759170073
-392.0 26.521632212707967 24.501989755706965
-391.5 26.51257516245853 24.49521456496322
-391.0 26.50351164506812 24.488441696616153
-390.5 26.494491142383016 24.48172195977723
-390.0 26.4855315247151 24.475030686369035
-389.5 26.47664633316444 24.468362266773923
-389.0 26.467814187533534 24.461703076866574
-388.5 26.459014234377012 24.455102281497112
-388.0 26.450257380635374 24.448525135570826
-387.5 26.44158926188183 24.4419634528157
-387.0 26.43296177398635 24.435447149600982
-386.5 26.424337040567664 24.428926597459228
-386.0 26.415802376044027 24.422418762831064
-385.5 26.407266336658076 24.415951500036726
-385.0 26.398825016355843 24.40948809797346
-384.5 26.390344620559652 24.403047753017347
-384.0 26.381989112675548 24.396619343278793
-383.5 26.373592595663304 24.39022231680122
-383.0 26.36529135698785 24.383823773184297
-382.5 26.35701720288982 24.37744697191771
-382.0 26.34874336274637 24.371091108788995
-381.5 26.340537763613128 24.364767996404858
-381.0 26.332340791913396 24.358445142378116
-380.5 26.32420090521965 24.352147483517825
-380.0 26.316144536724103 24.345874896912193
-379.5 26.308080952022962 24.33961416507128
-379.0 26.300011721598146 24.33334399326602
-378.5 26.292044290085045 24.327118916719805
-378.0 26.28408250645945 24.32094379316507
-377.5 26.276115677662624 24.31473173367591
-377.0 26.26826441901047 24.30857462357752
-376.5 26.26045114346804 24.30242011234934
-376.0 26.252556786267412 24.296282816576948
-375.5 26.244771356446247 24.290185569318655
-375.0 26.237024260543137 24.284083647867824
-374.5 26.229318028145727 24.278021185787942
-374.0 26.221568802704912 24.271963437025633
-373.5 26.2139560840837 24.265932145531014
-373.0 26.20628566219279 24.259916654581364
-372.5 26.198720418515418 24.253928264808728
-372.0 26.191167299721375 24.24795649029344
-371.5 26.18359012574848 24.241990966142076
-371.0 26.176086573039058 24.236067231772168
-370.5 26.168629129342122 24.230156837323534
-370.0 26.16118001379651 24.22426129003357
-369.5 26.1537912488537 24.218389262018377
-369.0 26.14636124690461 24.212545340273145
-368.5 26.13899307693756 24.206707946709642
-368.0 26.13168894865619 24.200891719480303
-367.5 26.1243957154085 24.19510797208304
-367.0 26.11715416634349 24.1893318687941
-366.5 26.109885462556655 24.183588084367898
-366.0 26.10263030677555 24.177838823882496
-365.5 26.09549281669096 24.17214225578308
-365.0 26.08829933647411 24.16646151081106
-364.5 26.08117136157609 24.1607940155758
-364.0 26.074067905066535 24.155146725481515
-363.5 26.066990382243503 24.14951712533988
-363.0 26.05997134293421 24.14391265681332
-362.5 26.052959069591846 24.138316032516798
-362.0 26.045922388380735 24.13276239520245
-361.5 26.038967749432306 24.127227590896396
-361.0 26.032017301152607 24.121704823483476
-360.5 26.025117408095348 24.116193654272852
-360.0 26.01821952538497 24.110704495605148
-359.5 26.011334503215945 24.105262616273272
-359.0 26.004472557239552 24.099832914401638
-358.5 25.997695131291593 24.094390660393262
-358.0 25.990890473857036 24.08899123954789
-357.5 25.98411470940782 24.083621275391987
-357.0 25.97736764624087 24.07827021340189
-356.5 25.97066492665099 24.072933510204166
-356.0 25.963987298343056 24.067619010880104
-355.5 25.95732676824023 24.06231885627177
-355.0 25.950632254535122 24.057057941913783
-354.5 25.9440430488867 24.051798328729205
-354.0 25.937429449921552 24.046572689142046
-353.5 25.930867804488823 24.041362633614902
-353.0 25.92432787551457 24.036166986323096
-352.5 25.917799577724217 24.031006106048054
-352.0 25.911313076913082 24.02586389152173
-351.5 25.90480046697076 24.02072054386426
-351.0 25.898320809109826 24.015617930185414
-350.5 25.891889403917165 24.010546228548712
-350.0 25.885479681833385 24.005479736164254
-349.5 25.879083693089576 24.000456101965195
-349.0 25.87272096351623 23.995413351781508
-348.5 25.866355870710052 23.99040194329693
-348.0 25.86004134121774 23.98541422770826
-347.5 25.853728634334637 23.98044757835674
-347.0 25.847444412800115 23.97547775940708
-346.5 25.841194207262788 23.970533483709325
-346.0 25.83494850786151 23.965606693727096
-345.5 25.828725295871436 23.960688410131546
-345.0 25.82257358770918 23.955765314359386
-344.5 25.816379865551266 23.950873057235395
-344.0 25.81025913335765 23.94599739755016
-343.5 25.80409782074912 23.94111912228521
-343.0 25.797964703671852 23.93627499036942
-342.5 25.791881734895536 23.931427493560847
-342.0 25.785824066586848 23.926608518312026
-341.5 25.779800152601457 23.921781182090296
-341.0 25.773756575566303 23.916981899503593
-340.5 25.76776125771557 23.912210819032026
-340.0 25.761769958712954 23.90742990830485
-339.5 25.755771727337162 23.902673966846383
-339.0 25.74983688437316 23.8979297407637
-338.5 25.743892034222334 23.8932051852083
-338.0 25.738024981564607 23.888489289647808
-337.5 25.73209652638042 23.883777068858734
-337.0 25.726214086227145 23.87907377429095
-336.5 25.72034649588543 23.87441007464442
-336.0 25.714545760506383 23.869752161008396
-335.5 25.708711211547104 23.8651030338813
-335.0 25.70290580863142 23.860474787951354
-334.5 25.69711911654248 23.855852945012735
-334.0 25.691324823163832 23.851259025616038
-333.5 25.685558457028602 23.84665324440639
-333.0 25.679855807706193 23.842089979827442
-332.5 25.674120687184082 23.837528780387483
-332.0 25.668408589462842 23.83297096120026
-331.5 25.662731981546575 23.82844730730354
-331.0 25.65705515990163 23.823909744419378
-330.5 25.651388654143133 23.819414604514236
-330.0 25.645770174738978 23.81492477020817
-329.5 25.640136072192867 23.810437465201396
-329.0 25.63454219186309 23.805990010324113
-328.5 25.6289277635223 23.801532715538073
-328.0 25.623346136513664 23.79711147757268
-327.5 25.617764274422395 23.792680444559366
-327.0 25.61221257224763 23.788289623932833
-326.5 25.606697584636002 23.783890942707124
-326.0 25.601185606006784 23.779528516694338
-325.5 25.595673164199354 23.775152837004633
-325.0 25.590170336736126 23.77081509435026
-324.5 25.584706019813783 23.76648092217614
-324.0 25.579222588561414 23.76216526692155
-323.5 25.573767347398935 23.75786006945806
-323.0 25.56834266437501 23.753566753156782
-322.5 25.56292767946251 23.74929893019871
-322.0 25.557511258264203 23.745037410405203
-321.5 25.55211032840206 23.740790584294857
-321.0 25.54675044207618 23.736567223714292
-320.5 25.541344108431595 23.732344725830025
-320.0 25.536020112813862 23.728148986611416
-319.5 25.53064369291075 23.723954819401687
-319.0 25.52533014358871 23.71977732252287
-318.5 25.520013587704078 23.71562372535125
-318.0 25.5146938045726 23.71149347948335
-317.5 25.50941275587759 23.70736514908042
-317.0 25.504112024638005 23.70324051337834
-316.5 25.498825727350706 23.69914464595446
-316.0 25.493580782826978 23.69504231452098
-315.5 25.488308411682286 23.690987766492867
-315.0 25.48311124561146 23.686931759414705
-314.5 25.47786555698652 23.682883306869495
-314.0 25.472687747676307 23.678847244759304
-313.5 25.467453680924432 23.67484779494469
-313.0 25.462262476897376 23.670852497734536
-312.5 25.457113842485573 23.66686013719911
-312.0 25.451918046838763 23.66288231079928
-311.5 25.446776081643158 23.65893982352081
-311.0 25.441612913355314 23.65498922378429
-310.5 25.43652031864013 23.65106746724483
-310.0 25.431356101328 23.64716234578955
-309.5 25.426238754740282 23.64325828376405
-309.0 25.421170193383613 23.639372764125923
-308.5 25.416039796207883 23.635491958311427
-308.0 25.410998989120547 23.6316316383731
-307.5 25.405926540792848 23.627777027955688
-307.0 25.4008920604941 23.623943799798198
-306.5 25.395836802487768 23.620109539669617
-306.0 25.39081949508652 23.616296128944768
-305.5 25.385787224229862 23.612506749513944
-305.0 25.38079871862713 23.608700419654
-304.5 25.375808406200377 23.604921629133557
-304.0 25.370817039894803 23.601151588767827
-303.5 25.365820333555078 23.5974046177337
-303.0 25.36090367979226 23.593659319992796
-302.5 25.355960421872624 23.589926149132722
-302.0 25.351032302943366 23.58618576271686
-301.5 25.34610029076405 23.582483628663937
-301.0 25.341197151682017 23.578779066965136
-300.5 25.336310724215558 23.57508408623593
-300.0 25.331426974413684 23.57140821556952
-299.5 25.326505989865858 23.56774908133319
-299.0 25.321650653473412 23.5640879742018
-298.5 25.316772134407802 23.560433765477
-298.0 25.31197958835459 23.556790070851452
-297.5 25.307111144621377 23.55315786922819
-297.0 25.302303465310644 23.549545249892617
-296.5 25.297496370797788 23.54594154568496
-296.0 25.29270282636299 23.542337926602805
-295.5 25.287913008160494 23.538751927832525
-295.0 25.283119553144754 23.53516899250716
-294.5 25.278355019779127 23.53160122825148
-294.0 25.273579061196227 23.52803964388729
-293.5 25.26887031973073 23.524490234764617
-293.0 25.2641383882832 23.520932790859995
-292.5 25.259385825665213 23.51741157934113
-292.0 25.254672179959606 23.51387942491617
-291.5 25.249955190426032 23.510375916221925
-291.0 25.245261651691102 23.506854664080116
-290.5 25.240580757886644 23.503363950197826
-290.0 25.2359038785651 23.49989227869816
-289.5 25.2312368543782 23.496405190480534
-289.0 25.226564522685912 23.49294217052488
-288.5 25.221926773794113 23.489478543014446
-288.0 25.21726449114256 23.486029149284562
-287.5 25.212650458173968 23.48258901758257
-287.0 25.208024845554313 23.47914085916178
-286.5 25.20342933478188 23.47572138039146
-286.0 25.198811427997928 23.472296664696735
-285.5 25.194228730733993 23.468896555971078
-285.0 25.189637578817763 23.465481832071802
-284.5 25.185054831125417 23.462096596964955
-284.0 25.180493223025096 23.458713668055236
-283.5 25.175944809791147 23.455327043356608
-283.0 25.17141872705924 23.451964588554013
-282.5 25.166874373485314 23.448594341840803
-282.0 25.16236910367056 23.445242224609476
-281.5 25.157844963063436 23.44189951483555
-281.0 25.153313271448425 23.438549139591096
-280.5 25.148797397268314 23.435222254949753
-280.0 25.144300271233337 23.431900240156395
-279.5 25.13984549082105 23.42858096378647
-279.0 25.135362077882448 23.4252700310017
-278.5 25.130873816032775 23.42195805186577
-278.0 25.126452573746857 23.41868207322448
-277.5 25.121974147219774 23.415385989936723
-277.0 25.117533696866854 23.412118036594897
-276.5 25.113125069211062 23.40883459037638
-276.0 25.108701321318016 23.40556903559913
-275.5 25.10428863796969 23.402299170628837
-275.0 25.099861786445203 23.399042699544456
-274.5 25.095478929396418 23.395804118908874
-274.0 25.091080129276797 23.392561300353883
-273.5 25.08670648518942 23.38933668701484
-273.0 25.08232074260985 23.386102492403737
-272.5 25.077971170097438 23.382886362831364
-272.0 25.073616717441926 23.37967077325001
-271.5 25.069277303901355 23.376474559742068
-271.0 25.064932853334337 23.3732715012567
-270.5 25.060592566531646 23.370089557192564
-270.0 25.05630312952896 23.366895059971355
-269.5 25.05196804638135 23.363723712901972
-269.0 25.047684806177088 23.360560066490166
-268.5 25.043356196367178 23.357395616626228
-268.0 25.03908392666873 23.354248762705932
-267.5 25.034796214504276 23.35110122490636
-267.0 25.030525560824934 23.34796401707194
-266.5 25.026270793628992 23.344819759798035
-266.0 25.022025370242325 23.341706765718378
-265.5 25.01779890656212 23.338593549829632
-265.0 25.013564063460638 23.33547967466146
-264.5 25.00934053829326 23.332376269353997
-264.0 25.005106911509685 23.32928629605247
-263.5 25.00091817885724 23.32617856460228
-263.0 24.996696128217625 23.323107032716692
-262.5 24.99250911022019 23.320022773462057
-262.0 24.988348786547178 23.316971157181268
-261.5 24.984162148046835 23.313893374734562
-261.0 24.97998662972595 23.31084304504757
-260.5 24.975827173608934 23.307794782054586
-260.0 24.971670446200708 23.304744611549523
-259.5 24.967527539902825 23.301703966465492
-259.0 24.963388848165323 23.29868237059403
-258.5 24.95927914915541 23.295653393805686
-258.0 24.955109793978746 23.29263602484968
-257.5 24.951005757671425 23.289622924143014
-257.0 24.946910570741213 23.28661825152838
-256.5 24.94282393829746 23.28361818696504
-256.0 24.938729623965568 23.280615265450972
-255.5 24.93463424450629 23.2776424437045
-255.0 24.930557595018005 23.27465577324691
-254.5 24.926485283416024 23.271670859523685
-254.0 24.922422594996124 23.268704976008134
-253.5 24.918353970508637 23.265748489683887
-253.0 24.914328754847258 23.262782222300167
-252.5 24.910269577308092 23.259826492213705
-252.0 24.906230318172828 23.256883256641856
-251.5 24.902215122237443 23.253943813196884
-251.0 24.898176719947163 23.250997239096694
-250.5 24.894168222139236 23.248073265497425
-250.0 24.890144842256138 23.245141114452508
-249.5 24.886151352121235 23.242224540406482
-249.0 24.882158530509003 23.239305241695284
-248.5 24.878153580915352 23.236396977785567
-248.0 24.874175735627464 23.233494063556744
-247.5 24.87021053865147 23.23059637713772
-247.0 24.866236525280048 23.227704732465536
-246.5 24.8622698442659 23.2248045652724
-246.0 24.85831033786267 23.221923778719898
-245.5 24.854370015000534 23.21904235534502
-245.0 24.850420805452828 23.21616082563569
-244.5 24.84648799441739 23.21329504640984
-244.0 24.842551251200593 23.21043092162849
-243.5 24.838610779003 23.20757399408722
-243.0 24.83469949873374 23.20470856507206
-242.5 24.8308044649584 23.20186421104459
-242.0 24.8268750574016 23.19902415432219
-241.5 24.82297309227501 23.196179809049212
-241.0 24.819097073789212 23.193343477563218
-240.5 24.815200229081967 23.190505809293285
-240.0 24.811308092392977 23.18768083650682
-239.5 24.807431974942716 23.184855903599754
-239.0 24.80355760055602 23.182033221887885
-238.5 24.79968407484492 23.17922566069374
-238.0 24.79583319650534 23.1764228098532
-237.5 24.791984954611536 23.173616526729326
-237.0 24.78814168624875 23.17081228942142
-236.5 24.784276141779337 23.168005021577493
-236.0 24.780440838943623 23.16522572723003
-235.5 24.776612073170007 23.162428660685546
-235.0 24.772773363065625 23.15965811986231
-234.5 24.76894675868928 23.156867674981694
-234.0 24.765147993597086 23.1540985944781
