FastTrWP/PhaseSpace/IAs/snIa_0.58_30.00_0.73_0.11.csv
# %ECSV 0.9
# ---
# datatype:
# - {name: time-rel, datatype: float64}
# - {name: g, datatype: float64}
# - {name: i, datatype: float64}
# schema: astropy-2.0
time-rel g i
116.79166666666667 26.994533373523034 24.88702391436833
117.29166666666667 26.98402276511242 24.8783403118305
117.79166666666667 26.97363740606006 24.869671803968547
118.29166666666667 26.963298033749474 24.86104600048261
118.79166666666667 26.953030631289483 24.85243252785044
119.29166666666667 26.94276261890563 24.843898425796112
119.79166666666667 26.932595438425913 24.835383498017052
120.29166666666667 26.922479774475082 24.826910518285384
120.79166666666667 26.912452982115372 24.818473442196833
121.29166666666667 26.90240838613989 24.810065836448945
121.79166666666667 26.892426345169543 24.801693639399204
122.29166666666667 26.882513342049315 24.793357992261
122.79166666666667 26.872629826472206 24.785077511560782
123.29166666666667 26.86285764937681 24.77681069485298
123.79166666666667 26.853047539564603 24.768619060649208
124.29166666666667 26.843407676346736 24.760452419185448
124.79166666666667 26.833733578481137 24.752309699789954
125.29166666666667 26.8241606162147 24.744219022576495
125.79166666666667 26.814590015731973 24.73616532669042
126.29166666666667 26.805088659140544 24.728113356151713
126.79166666666667 26.795659421626002 24.720125639379084
127.29166666666667 26.78615522728996 24.712128002797474
127.79166666666667 26.776768245311573 24.70414450772266
128.29166666666666 26.767373553877505 24.696201124429656
128.79166666666666 26.758030040446485 24.688284552799566
129.29166666666666 26.748719234357246 24.680389189330512
129.79166666666666 26.739397507150237 24.67249001551525
130.29166666666666 26.73012139433022 24.6646397312664
130.79166666666666 26.720890388056688 24.656803925495808
131.29166666666666 26.711705414306323 24.648997393582327
131.79166666666666 26.702587555881582 24.6411941229699
132.29166666666666 26.69338892251033 24.633452424064682
132.79166666666666 26.684302894689708 24.625702476678345
133.29166666666666 26.6752618745957 24.6179712459818
133.79166666666666 26.666175714034498 24.610275244907275
134.29166666666666 26.65720968772704 24.602585589892364
134.79166666666666 26.64825658752379 24.594935515357385
135.29166666666666 26.639277612809067 24.58731840253829
135.79166666666666 26.63040038877088 24.57971186100049
136.29166666666666 26.62151303131703 24.57214282484973
136.79166666666666 26.612673932812942 24.564590674920773
137.29166666666666 26.603878319761805 24.557034722734443
137.79166666666666 26.59515737258991 24.54957383172783
138.29166666666666 26.586374745341594 24.5420834673746
138.79166666666666 26.577673978838668 24.534620582926575
139.29166666666666 26.56903763085431 24.52718671924602
139.79166666666666 26.56037392013281 24.51979290944059
140.29166666666666 26.55181582835981 24.512428628962184
140.79166666666666 26.54323771699915 24.50506380341301
141.29166666666666 26.53473765181143 24.497720315410888
141.79166666666666 26.526225248264254 24.49043333741016
142.29166666666666 26.517773069815654 24.483157075156132
142.79166666666666 26.509315119219462 24.475903423461197
143.29166666666666 26.50096341790293 24.46867392138016
143.79166666666666 26.492586505646404 24.461472491068804
144.29166666666666 26.484261456044706 24.454302006678887
144.79166666666666 26.475940794285904 24.44714068234464
145.29166666666666 26.467712817612714 24.440022320730677
145.79166666666666 26.459520174625926 24.43293014397024
146.29166666666666 26.451323743923506 24.425854446853986
146.79166666666666 26.443167123899933 24.41880841118644
147.29166666666666 26.43504826026831 24.41179728344818
147.79166666666666 26.426963561379285 24.404788899035566
148.29166666666666 26.418937499812554 24.39783984113801
148.79166666666666 26.410891262455184 24.390864416395047
149.29166666666666 26.402953713620185 24.383946277443805
149.79166666666666 26.395003224852527 24.3770711014518
150.29166666666666 26.387070450326462 24.370195011273314
150.79166666666666 26.37920999680921 24.363345026758196
151.29166666666666 26.371392317941673 24.35653542113058
151.79166666666666 26.363586799654083 24.349752464659595
152.29166666666666 26.355800268916948 24.342985824127602
152.79166666666666 26.348106480067045 24.336254659163956
153.29166666666666 26.34035962548344 24.329538703692258
153.79166666666666 26.332717496966488 24.322866232298047
154.29166666666666 26.325046563834952 24.316199749126405
154.79166666666666 26.31745344726419 24.309578858408585
155.29166666666666 26.309912374174548 24.30296046037441
155.79166666666666 26.302350901193616 24.296370919938894
156.29166666666666 26.294853776904837 24.289843270855094
156.79166666666666 26.287386545534495 24.283291420191702
157.29166666666666 26.279959930265772 24.276779651113337
157.79166666666666 26.27256352323237 24.270296095473483
158.29166666666666 26.26520596220629 24.263847121064686
158.79166666666666 26.25782454185476 24.257408659118962
159.29166666666666 26.250572612640216 24.25102066493352
159.79166666666666 26.243283946774056 24.24463285210123
160.29166666666666 26.236043214208998 24.238279500865584
160.79166666666666 26.228872684560862 24.231950564447796
161.29166666666666 26.221684077984555 24.225661090041825
161.79166666666666 26.214530987906578 24.219373451076066
162.29166666666666 26.207422815000992 24.21312604500415
162.79166666666666 26.20039282462329 24.20690718859249
163.29166666666666 26.193342957177876 24.200702098097373
163.79166666666666 26.186325006741676 24.194540959592167
164.29166666666666 26.179340992410577 24.18837241216066
164.79166666666666 26.17238912000255 24.18223824939639
165.29166666666666 26.165476437144335 24.176107345697865
165.79166666666666 26.158598943127203 24.169983048638606
166.29166666666666 26.15169875932965 24.163885046371668
166.79166666666666 26.144837358628976 24.157808735051592
167.29166666666666 26.13799381592916 24.151724129853754
167.79166666666666 26.13116818921512 24.145664485670206
168.29166666666666 26.12438368483962 24.13962346110649
168.79166666666663 26.117618041654364 24.13359634714525
169.29166666666666 26.11090385662567 24.127588707758918
169.79166666666666 26.10419805804004 24.121583410414633
170.29166666666663 26.097494854908557 24.115611335552323
170.79166666666666 26.090777628008848 24.10963753925941
171.29166666666666 26.084186879261786 24.10368451777268
171.79166666666663 26.077525312195263 24.097763188092856
172.29166666666666 26.070958097750978 24.091824828113815
172.79166666666666 26.06433183787654 24.08592740387171
173.29166666666663 26.057771238835006 24.080051259568968
173.79166666666666 26.051269634736958 24.074197459498844
174.29166666666666 26.04471762517404 24.068337538867386
174.79166666666663 26.03825536394924 24.062497059308075
175.29166666666666 26.031772040397932 24.05667826825201
175.79166666666666 26.025348503984343 24.050868558823613
176.29166666666663 26.018882030155275 24.045092705447573
176.79166666666666 26.01249881637447 24.03933165093287
177.29166666666666 26.00615020495081 24.033608686328026
177.79166666666663 25.99977592003214 24.027859396967173
178.29166666666666 25.99341514986662 24.022162039475727
178.79166666666666 25.987108792982028 24.01647764994309
179.29166666666663 25.980804476698715 24.010807006406512
179.79166666666666 25.97456010991891 24.00513781623691
180.29166666666666 25.9682880833979 23.99951281439992
180.79166666666663 25.962037675992878 23.993894001463687
181.29166666666666 25.955838428663583 23.98831859472657
181.79166666666666 25.949664060496378 23.982739224698282
182.29166666666663 25.943480018096764 23.977163185227663
182.79166666666666 25.937306697640423 23.97163098290434
183.29166666666666 25.931202335465024 23.966100802326004
183.79166666666663 25.92503173066083 23.960633468866416
184.29166666666666 25.91898590868167 23.955149363844825
184.79166666666666 25.91295650119749 23.94967328420753
185.29166666666663 25.906892000176494 23.944247905158843
185.79166666666666 25.90086688404741 23.938808438408905
186.29166666666666 25.894869104084517 23.93342562942008
186.79166666666663 25.888865475233125 23.928037578877912
187.29166666666666 25.882906409719716 23.92269432994519
187.79166666666666 25.876941101846782 23.917350373851708
188.29166666666663 25.871015788176017 23.91202748468006
188.79166666666666 25.865103063018154 23.906733046688338
189.29166666666666 25.859227136889427 23.901458374941996
189.79166666666663 25.853322881367117 23.896187147399882
190.29166666666666 25.847500376017592 23.89095977333873
190.79166666666666 25.841656905179686 23.885757819354335
191.29166666666663 25.835821007856524 23.880560194123774
191.79166666666666 25.830052177596386 23.87537224443705
192.29166666666666 25.824280101690206 23.87022551684504
192.79166666666663 25.818546854590064 23.865085906595162
193.29166666666666 25.812793769476777 23.85997464471435
193.79166666666666 25.807067798185088 23.8548876110965
194.29166666666663 25.80137793732341 23.849805840224548
194.79166666666666 25.79568952056701 23.844773215525542
195.29166666666666 25.79002312803584 23.8397319729107
195.79166666666663 25.7843726880963 23.834720399229624
196.29166666666666 25.77874501231421 23.829737429941915
196.79166666666666 25.77314658779101 23.8247681779467
197.29166666666663 25.76755839596298 23.81982678642522
197.79166666666666 25.76196003354827 23.814903296481347
198.29166666666666 25.756428108327935 23.810005206342623
198.79166666666663 25.750921334901328 23.805111841393256
199.29166666666666 25.745374682125718 23.800266069238894
199.79166666666666 25.739873468595217 23.795435606872726
200.29166666666663 25.734401004164074 23.79061688850779
200.79166666666666 25.7289378751357 23.78581501016276
201.29166666666666 25.723473606514673 23.781049037025525
201.79166666666663 25.71802572105708 23.77628505620023
202.29166666666666 25.712648677301793 23.77155110722758
202.79166666666666 25.707266723620666 23.766832453388268
203.29166666666663 25.701850682780588 23.76211721959816
203.79166666666666 25.696490161833793 23.757422749690296
204.29166666666666 25.69114202387783 23.752732370955695
204.79166666666663 25.685788921481915 23.748053530441553
205.29166666666666 25.68048514068803 23.743374615745687
205.79166666666666 25.675170537242025 23.738739722411708
206.29166666666663 25.669919682004302 23.734102937881403
206.79166666666666 25.664613550654 23.729469029854645
207.29166666666666 25.659390884973128 23.724856581959163
207.79166666666663 25.654128251276337 23.720254488041267
208.29166666666666 25.64891529871932 23.715672122490137
208.79166666666666 25.64369131595032 23.711096604091125
209.29166666666663 25.638521267274914 23.706512300993285
209.79166666666666 25.633345528082998 23.70196898221771
210.29166666666666 25.62816013248736 23.697437437321113
210.79166666666663 25.623026273673446 23.692906345518303
211.29166666666666 25.617895819997464 23.68839948128368
211.79166666666666 25.612759717776118 23.683902229792274
212.29166666666663 25.607651522066526 23.679415625396206
212.79166666666666 25.602564248077964 23.674947736938933
213.29166666666666 25.597481443690214 23.670493054371153
213.79166666666663 25.592420546171123 23.66602996301609
214.29166666666666 25.587346990613735 23.661604442039067
214.79166666666666 25.58230367062564 23.657180676440213
215.29166666666663 25.57730682913391 23.65278873358712
215.79166666666666 25.57230275213663 23.64840689175899
216.29166666666666 25.567280992044363 23.64403044415987
216.79166666666663 25.562319278549296 23.639661635957772
217.29166666666666 25.55733136897404 23.635322429962343
217.79166666666666 25.552367708723093 23.630988828360667
218.29166666666663 25.547442447972056 23.626666117936914
218.79166666666666 25.542503838160272 23.62237078051075
219.29166666666666 25.537600348685714 23.618079550588522
219.79166666666663 25.532662961829512 23.61379636349276
220.29166666666666 25.52778599350453 23.60954444973401
220.79166666666666 25.522909675468796 23.60530417408826
221.29166666666663 25.518035161594273 23.601073826644743
221.79166666666666 25.513175047470973 23.596848533931308
222.29166666666666 25.50830614086582 23.592651662217577
222.79166666666663 25.50349436586531 23.588462895967382
223.29166666666666 25.498709253296163 23.58430503385417
223.79166666666666 25.4938754183903 23.580132921976254
224.29166666666663 25.48909524546602 23.575998321937405
224.79166666666666 25.484307823051072 23.57186658475245
225.29166666666666 25.479509415842998 23.567757197309945
225.79166666666663 25.474779725791066 23.56364851155837
226.29166666666666 25.470032082518337 23.559574713499998
226.79166666666666 25.465259326534092 23.555508876927874
227.29166666666663 25.46056418886156 23.551464001117488
227.79166666666666 25.455849781247476 23.547427495813974
228.29166666666666 25.451147323357766 23.54341080857691
228.79166666666663 25.446452051961124 23.539406031416092
229.29166666666666 25.441776539982147 23.535421148540202
229.79166666666666 25.437111696904413 23.531446665832117
230.29166666666663 25.432468869241657 23.527482948660303
230.79166666666666 25.42780779656652 23.52355425677085
231.29166666666666 25.423174725479186 23.519615863913174
231.79166666666663 25.41853029534536 23.515698634873928
232.29166666666666 25.41393546615117 23.511801317089596
232.79166666666666 25.409357709412227 23.507935633176565
233.29166666666666 25.404746407729874 23.504063255866235
233.79166666666666 25.400153280044727 23.500227776220328
234.29166666666666 25.39561217588239 23.49637959678379
234.79166666666666 25.391048711552703 23.492569406989865
235.29166666666666 25.386486183112073 23.48876125025175
235.79166666666666 25.381954714358457 23.48498394715901
236.29166666666666 25.377419479707832 23.481208155074395
236.79166666666666 25.37289623759582 23.477458571405883
237.29166666666666 25.36839634936939 23.473708273889752
237.79166666666666 25.36389030951024 23.469993375894994
238.29166666666666 25.359420415252224 23.46628735554279
238.79166666666666 25.354934366823088 23.462600302552605
239.29166666666666 25.350468590303766 23.458927907096076
239.79166666666666 25.346023131677264 23.455263494800597
240.29166666666666 25.341568913708073 23.4516193771899
240.79166666666666 25.337114948024322 23.447989223627165
241.29166666666666 25.33273071249929 23.444375502435932
241.79166666666666 25.328287115584473 23.440772506359075
242.29166666666666 25.32387455257247 23.43719400730179
242.79166666666666 25.319483436933695 23.43360307582005
243.29166666666666 25.315079174980838 23.430033181203605
243.79166666666666 25.310717571827407 23.426492389217742
244.29166666666666 25.30634883151862 23.422956146885554
244.79166666666666 25.3020208644259 23.41941578765553
245.29166666666666 25.29766018530649 23.41589791349648
245.79166666666666 25.29331592865599 23.412401775989387
246.29166666666666 25.289004982992203 23.408906430427386
246.79166666666666 25.284684131124973 23.40542760850219
247.29166666666666 25.280363646173484 23.40195002218141
247.79166666666666 25.276078540670422 23.39851009215169
248.29166666666666 25.27179768268742 23.395064638029787
248.79166666666666 25.267508456532628 23.39162463108075
249.29166666666666 25.263244122382513 23.388210591501178
249.79166666666666 25.258989098755972 23.384797715860692
250.29166666666666 25.254712722063452 23.38138831053376
250.79166666666666 25.250507702535472 23.37800210483624
251.29166666666666 25.24626736835288 23.374626024632235
251.79166666666666 25.242055711813705 23.371250792951983
252.29166666666666 25.23782016986059 23.367901857430763
252.79166666666666 25.23361980412069 23.364553047337587
253.29166666666666 25.229430378951644 23.361223636027304
253.79166666666666 25.2252547532866 23.357898942570074
254.29166666666666 25.221076211005812 23.35457637239702
254.79166666666666 25.216898386020638 23.351277011459437
255.29166666666666 25.21274192849814 23.347985563535726
255.79166666666666 25.20861577045566 23.344692560148637
256.2916666666667 25.204446518409156 23.341417311814673
256.7916666666667 25.20033836115775 23.338150835794703
257.2916666666667 25.19617273364666 23.33490589838157
257.7916666666667 25.192078562085655 23.3316559620652
258.2916666666667 25.18796447560859 23.32840861876736
