FastTrWP/PhaseSpace/IAs/snIa_0.36_30.00_-0.18_-0.21.csv
# %ECSV 0.9
# ---
# datatype:
# - {name: time-rel, datatype: float64}
# - {name: g, datatype: float64}
# - {name: i, datatype: float64}
# schema: astropy-2.0
time-rel g i
[from data line 1419]
903.0 23.245927077150206 22.86209474635004
903.5 23.247477069235252 22.862789303888317
903.9999999999999 23.24901739709796 22.8634904593084
904.5 23.250565344553884 22.864197014527136
905.0 23.25211757842726 22.864901225693323
905.4999999999999 23.253669673530787 22.86560181663331
906.0 23.255228591224224 22.866312885113558
906.5 23.25677584584192 22.86702189799785
906.9999999999999 23.258325627289516 22.86773072286576
907.5 23.25988104199917 22.868438015768074
908.0 23.261440720823714 22.869158216117125
908.4999999999999 23.26299107582807 22.869882110973293
909.0 23.264545535239716 22.870605181197025
909.5 23.266100068119826 22.871323455076237
909.9999999999999 23.26765414527397 22.872054799199567
910.5 23.269214789213276 22.87277959510398
911.0 23.270788304633232 22.873505467658724
911.4999999999999 23.272345564861723 22.87423542633364
912.0 23.273905161609783 22.874967914630012
912.5 23.27547007498397 22.875701124845126
912.9999999999999 23.27703151301324 22.876442247558582
913.5 23.27860403688321 22.877184495429603
914.0 23.28017029896216 22.87793393678843
914.4999999999999 23.281741955506448 22.87867012991672
915.0 23.28331183683421 22.879410148102693
915.5 23.284872706766574 22.880161903805508
915.9999999999999 23.286450773177005 22.880911753122597
916.5 23.288028056819357 22.881668161313954
917.0 23.289606435073452 22.882426586500763
917.4999999999999 23.29118033809433 22.883173810469604
918.0 23.29275385649415 22.88393478434903
918.5 23.29433387875277 22.8846922480315
918.9999999999999 23.295903627035756 22.885453407506198
919.5 23.297488702490114 22.886220991519796
920.0 23.299071039514594 22.886986703889708
920.4999999999999 23.300655196407302 22.887758059282447
921.0 23.302241726884425 22.888521660863002
921.5 23.30383293412776 22.889301201799462
921.9999999999999 23.305411844709482 22.890078470943905
922.5 23.307000793078195 22.890857112079015
923.0 23.30858828496419 22.89163970802055
923.4999999999999 23.31017996548711 22.892424640658923
924.0 23.311779177987688 22.893212092026612
924.5 23.313356705048562 22.894001194786178
924.9999999999999 23.314972467662752 22.894808899426017
925.5 23.316548877735954 22.895605293000536
926.0 23.318154407616106 22.896405903568503
926.4999999999999 23.319739110915684 22.897222494533395
927.0 23.321355337671207 22.8980242792542
927.5 23.322944165779095 22.89883120116943
927.9999999999999 23.324541327049666 22.89966022899868
928.5 23.326148597833416 22.90047128966932
929.0 23.327742170455803 22.901296218936128
929.4999999999999 23.329358036281995 22.902121467853828
930.0 23.330961179946588 22.902942661699285
930.5 23.332567464866777 22.9037872649522
930.9999999999999 23.334187003431133 22.904610594882296
931.5 23.335779088729712 22.90544786749956
932.0 23.337391306177096 22.906287252345084
932.4999999999999 23.339003220422438 22.907125892074877
933.0 23.340613478406826 22.907971542939862
933.5 23.342228010233903 22.908812831119782
933.9999999999999 23.343849113062394 22.90965734655884
934.5 23.345461782646446 22.910510883751527
935.0 23.347073965000973 22.911360006742385
935.4999999999999 23.348691258614128 22.912209721424247
936.0 23.35031231541717 22.913066896336673
936.5 23.35193253846565 22.913929269532428
936.9999999999999 23.353553027314966 22.914780028167247
937.5 23.355180402274737 22.915652127228718
938.0 23.35680972896158 22.91650355275212
938.4999999999999 23.35842741251621 22.91737143175284
939.0 23.36005543006745 22.918244538592862
939.5 23.36167000547809 22.919108835675868
939.9999999999999 23.363303669907868 22.919970154466892
940.5 23.364932051457473 22.920844834324598
941.0 23.36656174059182 22.921711120354335
941.4999999999999 23.368190319356238 22.92258375448171
942.0 23.369829298614878 22.923462534462132
942.5 23.371462961801093 22.92433367842341
942.9999999999999 23.373091126440073 22.92521178971931
943.5 23.374741858730776 22.926088678756162
944.0 23.376364383870005 22.926955438011767
944.4999999999999 23.37800676610993 22.92783452967306
945.0 23.37964899955105 22.928721054326175
945.5 23.381288923373372 22.929590900910917
945.9999999999999 23.382925577158815 22.930470468010824
946.5 23.384558435179706 22.931354798060628
947.0 23.386216794142307 22.93223775189353
947.4999999999999 23.387866211738807 22.933110036194563
948.0 23.389505148444158 22.93398715951892
948.5 23.391158582920887 22.934865903330813
948.9999999999999 23.39279946344222 22.935750313514514
949.5 23.3944582082677 22.936628643023205
950.0 23.396092675625386 22.93751158732838
950.4999999999999 23.39775485891558 22.938385337892573
951.0 23.399395638434832 22.939275530195328
951.5 23.401062343604124 22.940162175276807
951.9999999999999 23.402722838043346 22.941031976521163
952.5 23.404383143503786 22.94190679774756
953.0 23.40602578954122 22.942780988455667
953.4999999999999 23.407678779802286 22.943660156301146
954.0 23.409349032714815 22.94454358641446
954.5 23.411005307378595 22.945407651366647
954.9999999999999 23.412668195572902 22.946292726026165
955.5 23.414331928987014 22.94717198236302
956.0 23.41599875614323 22.948041740542347
956.4999999999999 23.417657903467134 22.94892993932784
957.0 23.41932767013755 22.949811367377514
957.5 23.42099594108678 22.950696883352002
957.9999999999999 23.422666370852262 22.951576903344343
958.5 23.424333726092126 22.952468191471244
959.0 23.426004280264983 22.95336282049562
959.4999999999999 23.42767026907136 22.954250446353175
960.0 23.42935159361788 22.955140707862554
960.5 23.431023581170685 22.95603028920302
960.9999999999999 23.432697535863575 22.956925361516486
961.5 23.434371793976226 22.95781651160882
962.0 23.436056142060618 22.95871764340084
962.4999999999999 23.43772558553075 22.95961035454862
963.0 23.439409962081296 22.96051238812813
963.5 23.441097726460264 22.96140505794552
963.9999999999999 23.44278069908093 22.96230969652929
964.5 23.444455765186664 22.963210554637552
965.0 23.44614396409 22.964114866693684
965.4999999999999 23.447824204794774 22.965019839973458
966.0 23.44950251518911 22.96591923409752
966.5 23.451195194097863 22.966827912963478
966.9999999999999 23.452891506414627 22.967733066779328
967.5 23.454585539929788 22.968636880710314
968.0 23.456266433258147 22.96953690320354
968.4999999999999 23.457968285046164 22.970444536411108
969.0 23.459650522565248 22.97135706862202
969.5 23.461351892967 22.972268777665143
969.9999999999999 23.463049648346793 22.973174299744613
970.5 23.46475199617721 22.97409027838876
971.0 23.46645477174025 22.974997335079387
971.4999999999999 23.468155041636226 22.975898815088755
972.0 23.469850169652613 22.97680879131443
972.5 23.471545692676298 22.97773213810421
972.9999999999999 23.473247626989668 22.978632411697024
973.5 23.474963783775014 22.97954539965637
974.0 23.476672282209417 22.980451648329428
974.4999999999999 23.478380197457653 22.981365526200086
975.0 23.480087591218627 22.982278051492262
975.5 23.48180740456826 22.983191423639582
975.9999999999999 23.483505530379443 22.98409655705267
976.5 23.485215561493376 22.985011879021254
977.0 23.486943862595883 22.98592487906411
977.4999999999999 23.488661451206916 22.9868274348243
978.0 23.490370729151998 22.98773938660338
978.5 23.492083588906056 22.98864513060067
978.9999999999999 23.49381299774611 22.989548242389045
979.5 23.495524263416637 22.990465188657684
980.0 23.497249849984524 22.99137133702444
980.4999999999999 23.498972646106104 22.992279760321587
981.0 23.5006908441804 22.99318167420665
981.5 23.50242781007584 22.99409689486872
981.9999999999999 23.504152001704842 22.994994058572882
982.5 23.50587897667818 22.995901960541893
983.0 23.507618278068605 22.996806010613618
983.4999999999999 23.509347128369903 22.997706335546773
984.0 23.511081976767567 22.998612710030578
984.5 23.512807164774493 22.99950822465645
984.9999999999999 23.514569509749983 23.000423018280586
985.5 23.516283115691454 23.001311164249138
986.0 23.51803028973265 23.00220719175313
986.4999999999999 23.519763934301196 23.00311015641183
987.0 23.52150355250526 23.004002303312774
987.5 23.523245963340045 23.004907122122336
987.9999999999999 23.52499182182031 23.0057898834406
988.5 23.526737534541535 23.006695809783903
989.0 23.52847925597118 23.00759250494968
989.4999999999999 23.530228365148652 23.008475044991915
990.0 23.531974648432264 23.00938125650474
990.5 23.533730366569277 23.0102675465969
990.9999999999999 23.535479744457476 23.011152562364412
991.5 23.537228740666805 23.01204703925484
992.0 23.538970138151708 23.012945309800873
992.4999999999999 23.540732882172133 23.013825964180068
993.0 23.542498337332365 23.014726535893125
993.5 23.544261503506583 23.0156214993282
993.9999999999999 23.546017335080855 23.01650894045542
994.5 23.547764197537084 23.01740107983916
995.0 23.54953498604658 23.018292772118617
995.4999999999999 23.5512888390231 23.019182359969594
996.0 23.553049722156963 23.020066579983983
996.5 23.554822277381085 23.020960217031718
996.9999999999999 23.55658453140704 23.021853143060262
997.5 23.55835158587591 23.022733921384514
998.0 23.5601169431748 23.0236284958066
998.5 23.561889414267554 23.024521958489096
999.0 23.56365481465998 23.025400867784363
999.5 23.565434507340775 23.026306307412234
1000.0 23.567208997571143 23.027190404851385
1000.5 23.56898376162761 23.028076551655072
1001.0 23.57076843015418 23.02895931629272
1001.5 23.57252806581424 23.029849931574084
1002.0 23.574324181003586 23.03073612445904
1002.5 23.576104892404523 23.031623077141184
1003.0 23.577876585890007 23.032506485617425
1003.5 23.579661817786395 23.03340126044704
1004.0 23.581455633724904 23.034283442438493
1004.5 23.58325283685689 23.035166307809085
1005.0 23.58503234457537 23.036062444497915
1005.5 23.586817987890633 23.036948430179102
1006.0 23.588615695279405 23.037841190679266
1006.5 23.590414201521817 23.03872085404204
1007.0 23.592205695338006 23.039601595996206
1007.5 23.594011667558178 23.04048536447244
1008.0 23.595808159633897 23.04137261726201
1008.5 23.597602790335365 23.04226082198225
1009.0 23.599409673479332 23.043133977071555
1009.5 23.601211564648494 23.04402770772397
1010.0 23.603007966234124 23.04491149157755
1010.5 23.604811411250616 23.045794139454834
1011.0 23.60664464284656 23.046692459751263
1011.5 23.608442495893485 23.047571857231944
1012.0 23.610255520206458 23.048457132555743
1012.5 23.612069055287932 23.049339426762963
1013.0 23.613888779849603 23.050221225598587
1013.5 23.61570157768762 23.05110966960398
1014.0 23.617526009264544 23.051996230961286
1014.5 23.619339370264708 23.05288460662564
1015.0 23.621183073513446 23.053761902845164
1015.5 23.623001758783474 23.054647648486423
1016.0 23.624825191604057 23.05553461147181
1016.5 23.626651484565713 23.056413309975422
1017.0 23.628476624711006 23.057303605222312
1017.5 23.630337367690363 23.05818906188595
1018.0 23.632169437804652 23.05907596745982
1018.5 23.63399659140778 23.05994970720358
1019.0 23.635837527614306 23.060834005309182
1019.5 23.63768297670618 23.061721559193998
1020.0 23.63953357453271 23.062605396893282
1020.5 23.641370249941104 23.063498837079734
1021.0 23.643214666279224 23.064366252644394
1021.5 23.645068209040055 23.065258695826646
1022.0 23.646911430077303 23.066144323151796
1022.5 23.648756185817614 23.06702630510898
1023.0 23.65061986638856 23.067913709464936
1023.5 23.65246490028437 23.068788138342086
1024.0 23.654334854257428 23.069670024301203
1024.5 23.656190628446407 23.07056039062942
1025.0 23.658047765946403 23.071438520168364
1025.5 23.659918896938667 23.0723296605367
1026.0 23.661777542105234 23.073211835578164
1026.5 23.663641583654496 23.074078591295386
1027.0 23.665502844147632 23.074964532694267
1027.5 23.66738361109612 23.075848480238626
1028.0 23.669253397031586 23.076725781779825
1028.5 23.67112092140853 23.077618561191017
1029.0 23.672997009055653 23.078481851279406
1029.5 23.67487722842496 23.079360573436887
1030.0 23.67675361652022 23.080250102506646
1030.5 23.678627056890505 23.081139836815986
1031.0 23.680520885217685 23.082008603098572
1031.5 23.68239079712327 23.082894088574225
1032.0 23.684280353593685 23.083771378947134
1032.5 23.68616286382315 23.084648829171137
1033.0 23.688057373109352 23.085529948932567
1033.5 23.68995534344257 23.08639740431699
1034.0 23.69184632879516 23.087292107852022
1034.5 23.693743078813082 23.088169138887856
1035.0 23.69564450045807 23.089049234693558
1035.5 23.697548745744456 23.089926052934878
1036.0 23.699444918435727 23.090810344767718
1036.5 23.701346012882382 23.09168539022818
1037.0 23.70323719151831 23.092562035291436
1037.5 23.705154636233296 23.093436052475443
1038.0 23.70706441611599 23.09431769080347
1038.5 23.70899143100875 23.09519703361015
1039.0 23.71089557731368 23.096079018199006
1039.5 23.71280588472921 23.09695548425809
1040.0 23.714730671919604 23.097830340972667
1040.5 23.716644950273484 23.098714566134863
1041.0 23.718579302976558 23.099586927222
1041.5 23.7204922535502 23.100467193928232
1042.0 23.722417521612584 23.101349024493892
1042.5 23.72435459199538 23.102225973780378
1043.0 23.726293030798118 23.10310312879569
1043.5 23.728228676540507 23.103978568917967
1044.0 23.730163341564825 23.104860231880693
1044.5 23.732093827745373 23.105732423993494
1045.0 23.734035202346732 23.10661355243957
1045.5 23.735988740299383 23.1074969230418
1046.0 23.73792397528897 23.10837048947015
1046.5 23.739869447898183 23.10925280823694
1047.0 23.741829089078404 23.110132131294844
1047.5 23.74377616430082 23.111005762228693
1048.0 23.745732688003727 23.11188178817684
1048.5 23.747688883931126 23.112761459610333
1049.0 23.749658363093175 23.113634752892022
1049.5 23.751614301188052 23.114513265265153
1050.0 23.753588712430272 23.11539417046656
1050.5 23.755560034537638 23.116267778641458
1051.0 23.757521112074784 23.117139610111682
1051.5 23.759493233096865 23.118027120784845
1052.0 23.761465621004582 23.118905414626102
1052.5 23.763439722948366 23.11978274062963
1053.0 23.765437534043777 23.120660465079126
1053.5 23.767410602853133 23.121544294710713
1054.0 23.769404614665763 23.122427779895887
1054.5 23.771391165975537 23.123298039314612
1055.0 23.773397381819112 23.124175419330186
1055.5 23.775384703257657 23.1250591433338
1056.0 23.777371549816397 23.125926650067534
1056.5 23.779387715764354 23.12680524092674
1057.0 23.781372356628033 23.127687485947334
1057.5 23.783384554939474 23.12855604981497
1058.0 23.78538672347013 23.129442577306662
1058.5 23.78739368812514 23.130319828961543
1059.0 23.78940581025059 23.131190670157938
1059.5 23.791416753103462 23.132070647982115
1060.0 23.793451094834484 23.132939677901337
1060.5 23.795464065312295 23.1338179735493
1061.0 23.7974844961817 23.134710625929454
1061.5 23.799501811988705 23.135581769204524
1062.0 23.80153121221189 23.13645309261905
1062.5 23.80356680009823 23.137332272856966
1063.0 23.80559527190201 23.138211319409198
1063.5 23.80762533792472 23.139084192322542
1064.0 23.809663177709922 23.139973796884487
1064.5 23.8116979542015 23.140841818630072
1065.0 23.81373944137986 23.14171404031122
1065.5 23.81578758675704 23.142598858235846
1066.0 23.81783651240874 23.14347055481457
1066.5 23.819879532322197 23.14434671030731
1067.0 23.82193861977237 23.14522310715976
1067.5 23.82398799378685 23.146102738772814
1068.0 23.826055233059982 23.14697509116231
1068.5 23.828119321432947 23.147846872637487
1069.0 23.830174626707993 23.14872506842854
1069.5 23.83224242310739 23.14959834367849
1070.0 23.83430500537342 23.15047875765597
1070.5 23.836380236734968 23.1513472235946
1071.0 23.838449147958038 23.15222068431109
1071.5 23.840521905370338 23.15310302061125
1072.0 23.84260656201558 23.15398211727993
1072.5 23.844675730946037 23.154859644485843
1073.0 23.8467616404415 23.155733429341673
1073.5 23.848849251746937 23.15660563815213
1074.0 23.850938116454728 23.157478148698832
1074.5 23.853022435284466 23.158351902004945
1075.0 23.855127552867565 23.159231909933446
1075.5 23.857228257631373 23.160107373796883
1076.0 23.859313583369882 23.160977488004395
