FastTrWP/PhaseSpace/IAs/snIa_0.57_30.00_-1.03_-0.05.csv
# %ECSV 0.9
# ---
# datatype:
# - {name: time-rel, datatype: float64}
# - {name: g, datatype: float64}
# - {name: i, datatype: float64}
# schema: astropy-2.0
time-rel g i
[from data line 360]
-169.50000000000006 24.103729020877655 23.249742956547998
-169.0 24.098979365301474 23.246364249973844
-168.5 24.09423960848308 23.242992127761248
-168.00000000000006 24.08953305009835 23.239620506698294
-167.5 24.084835326579746 23.23627650733397
-167.0 24.080132412295903 23.232922102439776
-166.50000000000006 24.075432064726247 23.22956387359271
-166.0 24.07077021491501 23.22621952733624
-165.5 24.06609811197758 23.222877788951774
-165.00000000000006 24.061460289151455 23.219548050255717
-164.5 24.05682568006941 23.21622157053252
-164.0 24.052196819314528 23.212910480192818
-163.50000000000006 24.047610358193843 23.209602442354416
-163.0 24.043005602089906 23.206277548081466
-162.5 24.038428241046454 23.202999587045557
-162.00000000000006 24.033872076375644 23.199702479167303
-161.5 24.029319235016313 23.196411119833485
-161.0 24.024815560740002 23.193139176283296
-160.50000000000006 24.02029568305787 23.18987352140865
-160.0 24.015813339738777 23.186608522567788
-159.5 24.011344865870775 23.183357181310015
-159.00000000000006 24.006897703191065 23.180121123092803
-158.5 24.002460203843366 23.176877933493827
-158.0 23.998062432023488 23.173655673706712
-157.50000000000006 23.99367870649521 23.170436164485494
-157.0 23.989302898022665 23.167236619083926
-156.5 23.984958353481897 23.16403230283434
-156.00000000000006 23.980629078438234 23.160846667671997
-155.5 23.97632645012418 23.157664311193315
-155.0 23.972040860037186 23.154500778498747
-154.50000000000006 23.967801896386685 23.15135272860116
-154.0 23.963555503212312 23.14819180050751
-153.5 23.95934288144354 23.145060485985802
-153.00000000000006 23.955178803251698 23.141917340532174
-152.5 23.951002827402547 23.138801415603716
-152.0 23.946856835036193 23.135699848030598
-151.50000000000006 23.94275462967495 23.13260943117441
-151.0 23.938675455830577 23.129522900113866
-150.5 23.934605649949784 23.126454572221338
-150.00000000000006 23.930579005537176 23.123388694578118
-149.5 23.92657105104014 23.120330286202954
-149.0 23.92259297550538 23.11729940819467
-148.50000000000006 23.918629392338808 23.11428088501728
-148.0 23.914704448708605 23.11126705857874
-147.5 23.910812977258797 23.108262963364766
-147.00000000000006 23.906940401382265 23.105277880886852
-146.5 23.903106065428197 23.102309768093793
-146.0 23.899302107818446 23.099334002774054
-145.50000000000006 23.89550293934631 23.096383458286258
-145.0 23.891752324912716 23.09345007777125
-144.5 23.888022142482956 23.09052313027642
-144.00000000000006 23.884325540390474 23.087616216998825
-143.5 23.880666530738992 23.084721793222286
-143.0 23.877030344131953 23.08183535315854
-142.50000000000006 23.873408107216637 23.07895824585993
-142.0 23.869810865590892 23.076090875149493
-141.5 23.866221385843666 23.073230305214267
-141.00000000000006 23.8626459700145 23.070364963416203
-140.5 23.859075880114172 23.067517147756085
-140.0 23.85550425099666 23.064673785656012
-139.50000000000006 23.85195959320068 23.061842309806224
-139.0 23.84842301791801 23.05900267953392
-138.5 23.844892368196405 23.056176303950245
-138.00000000000006 23.841386483369696 23.053347983557572
-137.5 23.837879799981103 23.050534212094846
-137.0 23.83438589750886 23.047728474855553
-136.50000000000006 23.830903223569585 23.04491868886465
-136.0 23.827454231912327 23.042128718787424
-135.5 23.823992143421076 23.039344673871437
-135.00000000000006 23.82055672108658 23.036556248670376
-134.5 23.817132486451694 23.033782299519668
-134.0 23.81372342387771 23.03102525278244
-133.50000000000006 23.81032985116809 23.02825774181789
-133.0 23.806930479215154 23.025497993846674
-132.5 23.80355903666778 23.02274418239284
-132.00000000000006 23.800209218506758 23.02000818101565
-131.5 23.79687737427631 23.01727596889787
-131.0 23.793524411946983 23.01454748495047
-130.50000000000006 23.790217990360688 23.011822996059266
-130.0 23.78693749277169 23.009120205710758
-129.5 23.783633536617018 23.006410153076725
-129.00000000000006 23.78037609441346 23.003712917059826
-128.5 23.777123435501096 23.001025945545667
-128.0 23.773879884047172 22.998335586499515
-127.50000000000006 23.770653956726555 22.995672458978408
-127.0 23.767454138413836 22.993000921218183
-126.5 23.76426715537411 22.99033863365422
-126.00000000000006 23.761097046493642 22.98769005848264
-125.5 23.7579241387121 22.98504678788211
-125.0 23.754780281459972 22.982416783598453
-124.50000000000006 23.75166176677938 22.979783626682128
-124.0 23.74856011509428 22.97715672964683
-123.5 23.745455731570978 22.9745551815791
-123.00000000000006 23.74239268279338 22.97194132441879
-122.5 23.739324013642307 22.969359029824613
-122.0 23.736280678418748 22.966768735132504
-121.50000000000006 23.733267467521184 22.964193899439852
-121.0 23.73025620954342 22.961626094240025
-120.5 23.727262535682904 22.959058035485352
-120.00000000000006 23.72429663800913 22.95650413435049
-119.5 23.721340765765877 22.953963895064
-119.0 23.718404260361773 22.95142781375226
-118.50000000000006 23.715495113758873 22.948894076164056
-118.0 23.712582169721706 22.946389339048082
-117.5 23.709701665432238 22.943871399030055
-117.00000000000006 23.706833406070015 22.941379432551877
-116.5 23.703993990373693 22.938879903931124
-116.0 23.701164959183 22.936397438604526
-115.50000000000006 23.698363888950574 22.933930804867792
-115.0 23.69557688309236 22.931459807708837
-114.5 23.692813492518063 22.9290080663668
-114.00000000000006 23.690061558630227 22.926560469213726
-113.5 23.687320794188214 22.924128763193483
-113.0 23.684619852848794 22.92169628182134
-112.50000000000006 23.681910485918273 22.919282131467046
-112.0 23.679244972690427 22.91686748137498
-111.5 23.676598166649217 22.91446788637233
-111.00000000000006 23.67395605363052 22.91207946394959
-110.5 23.67134717064857 22.909700092614926
-110.0 23.668764820614673 22.90732644420856
-109.50000000000006 23.66617598769146 22.904965232364404
-109.0 23.663616043335512 22.9026044372776
-108.5 23.66109729857685 22.900268616343237
-108.00000000000006 23.658574225559054 22.89793630452596
-107.5 23.656096898359454 22.895613945048517
-107.0 23.653609128470187 22.893302193984834
-106.50000000000006 23.651154853279635 22.890992507253355
-106.0 23.648738280372058 22.88869655785607
-105.5 23.64632585636017 22.886409818294574
-105.00000000000006 23.643939522240952 22.8841285285949
-104.5 23.641571123170188 22.881871418289915
-104.0 23.639195255533195 22.879608547634106
-103.50000000000006 23.63685181114302 22.87736013059397
-103.0 23.63451756980321 22.87511421976152
-102.5 23.632198995502478 22.872863815960436
-102.00000000000006 23.629897278297804 22.870638118735393
-101.5 23.627595750198587 22.868411067257554
-101.0 23.625328442781694 22.866192487960916
-100.50000000000006 23.62305523437761 22.86399559736994
-100.0 23.620819937455593 22.86177522392983
-99.5 23.618570959295386 22.85958744902996
-99.00000000000006 23.616370609381676 22.85740156518088
-98.5 23.61414233835541 22.855215268194925
-98.0 23.61196464381482 22.853037993805444
-97.50000000000006 23.60977603342026 22.850879375570806
-97.0 23.607603825966166 22.84871032869894
-96.5 23.605447643784196 22.846562405158828
-96.00000000000006 23.603313641970644 22.844405076973587
-95.5 23.601196714985097 22.842271407992577
-95.0 23.599070320121047 22.84014162022793
-94.50000000000006 23.59696715680188 22.83801277097463
-94.0 23.59489247655563 22.83589083237949
-93.5 23.592825676612343 22.83378245721654
-93.00000000000006 23.590757119068186 22.83166958807275
-92.5 23.588721501840997 22.82957057379229
-92.0 23.586682748869766 22.827481931564574
-91.50000000000006 23.584667124086668 22.825406537209922
-91.0 23.582653206801535 22.82332313894789
-90.5 23.58065792276068 22.821247258770832
-90.00000000000006 23.57868002506967 22.819188772218816
-89.5 23.57672609917893 22.81712507609563
-89.0 23.574765595735265 22.8150749821136
-88.50000000000006 23.57283114998221 22.813030324827764
-88.0 23.570892968919633 22.81098622935071
-87.5 23.568995528673046 22.80895581314188
-87.00000000000006 23.567082921672792 22.806929497758432
-86.5 23.565195337002134 22.804899821915026
-86.0 23.563330125840093 22.80289450446253
-85.50000000000006 23.56146553305607 22.800884286505635
-85.0 23.55961963118069 22.798886006821007
-84.5 23.557780547219647 22.796889424084753
-84.00000000000006 23.555954862300048 22.794905319478076
-83.5 23.554140120620612 22.792920651272777
-83.0 23.552347487482024 22.790948831273766
-82.50000000000006 23.550566815696694 22.788978727901213
-82.0 23.54879068582664 22.78701952453595
-81.5 23.54702753987741 22.785064363642398
-81.00000000000006 23.54528682329168 22.783111726185407
-80.5 23.543550514102055 22.78116102973192
-80.0 23.54184062326258 22.779230823131922
-79.50000000000006 23.540127282143658 22.7772983091802
-79.0 23.53844448177854 22.775373573485673
-78.5 23.536758372953514 22.773456277174976
-78.00000000000006 23.53507732115196 22.771541613893483
-77.5 23.533416523655607 22.769634323700934
-77.0 23.53178824374025 22.767733839324723
-76.50000000000006 23.530147662534816 22.7658453089142
-76.0 23.528534918112026 22.763960313655154
-75.5 23.526926386147874 22.762080073996916
-75.00000000000006 23.525333640359435 22.760199747488585
-74.5 23.52375391657601 22.75832419042839
-74.0 23.522192308709407 22.756471778651843
-73.50000000000006 23.52063172635148 22.754606959139938
-73.0 23.519092584640617 22.752759907191766
-72.5 23.517559173725978 22.750903436016465
-72.00000000000006 23.516044347360822 22.749065602112836
-71.5 23.514536946025366 22.747231580686726
-71.0 23.51304758631582 22.745414515379405
-70.50000000000006 23.51156723747244 22.743584683609562
-70.0 23.51009446190308 22.741769219820988
-69.5 23.50864459519995 22.739961979070102
-69.00000000000006 23.507201206769626 22.73815360057375
-68.5 23.505765641911776 22.736353998044105
-68.0 23.504353495340293 22.7345603920934
-67.50000000000006 23.502950262569264 22.732770477265525
-67.0 23.501548421957 22.73098685007008
-66.5 23.50015793861877 22.729221152527114
-66.00000000000006 23.498792573649926 22.727451389025617
-65.5 23.497421973145286 22.725679593851922
-65.0 23.496075499850505 22.723925591239315
-64.50000000000006 23.494725607815568 22.722162704029692
-64.0 23.49337826512135 22.720419397334922
-63.5 23.492070530795818 22.71867298735408
-63.00000000000006 23.490760014359577 22.716930375674984
-62.5 23.489458742188745 22.715189161139996
-62.0 23.488165975839713 22.71346082812626
-61.50000000000006 23.48687765696887 22.71174174899048
-61.0 23.48560393348537 22.710027114291847
-60.5 23.484350891456916 22.70830616327087
-60.00000000000006 23.483109555012728 22.706597943031007
-59.5 23.481849339380826 22.704888573726087
-59.0 23.480634397819024 22.703194660590103
-58.50000000000006 23.479411049087417 22.701508736736397
-58.0 23.478200133351358 22.699817625947123
-57.5 23.47701396872641 22.698127090741885
-57.00000000000006 23.475824286323906 22.696446805231474
-56.5 23.474646945219135 22.69478282115159
-56.0 23.473471454399487 22.693111993635537
-55.50000000000006 23.472328622110524 22.69144855549584
-55.0 23.47117784810012 22.689791067085153
-54.5 23.47005067495507 22.68813632720969
-54.00000000000006 23.468920882919054 22.686488307359394
-53.5 23.46780563720657 22.68484614438811
-53.0 23.466708597387726 22.683213411276952
-52.50000000000006 23.465610081394132 22.681578536095923
-52.0 23.464534638963702 22.679951116603668
-51.5 23.46345767024389 22.67832367492957
-51.00000000000006 23.462403570919697 22.676709278511748
-50.5 23.461363657554326 22.675098383895545
-50.0 23.460313220951903 22.673491098272148
-49.5 23.459285764332822 22.671888342293187
-49.0 23.45828085403962 22.670293472460884
-48.5 23.457269350175906 22.66869939270835
-48.0 23.456270188186025 22.667115370433145
-47.5 23.455292921129466 22.665526308152284
-47.0 23.45431262632284 22.663955113201038
-46.5 23.453360978453905 22.66237621501455
-46.0 23.452408295653555 22.66080860257667
-45.5 23.451467326549178 22.659251270154815
-45.0 23.45053326914342 22.657693618935525
-44.5 23.449616221770313 22.656143872321593
-44.0 23.4487070427253 22.65459623329612
-43.5 23.447812211713575 22.653049467214963
-43.0 23.44692535924544 22.65150898664035
-42.5 23.446052307931442 22.649977967443057
-42.0 23.445191479350996 22.648453010388856
-41.5 23.444328956111473 22.646929511745576
-41.0 23.443498128213605 22.645410172877828
-40.5 23.442672337936838 22.64389996958314
-40.0 23.441855774833428 22.642389945989073
-39.5 23.44104166781157 22.64088617373065
-39.0 23.440249081463854 22.639386970515222
-38.5 23.43946488507138 22.637901916426056
-38.0 23.4386777742291 22.636410267045363
-37.5 23.43793321347329 22.63492751082947
-37.0 23.43716957185681 22.633446398156025
-36.5 23.436425315691803 22.63196945592131
-36.0 23.435697304959618 22.630507580098268
-35.5 23.434985213730812 22.62904747631033
-35.0 23.43427460091744 22.62758070288751
-34.5 23.433587185223065 22.62613073130021
-34.0 23.43289247157565 22.624678759980206
-33.5 23.43223087616867 22.623236535750078
-33.0 23.431575136265707 22.62179986599439
-32.5 23.43093207370693 22.620359139597234
-32.0 23.430287049989047 22.61892545877903
-31.5 23.429647762938632 22.617502322305857
-31.0 23.429035407350437 22.616085036874022
-30.5 23.428441201187624 22.61466726183083
-30.0 23.427841123927017 22.613256744125124
-29.5 23.427265778682504 22.611856591271255
-29.0 23.42669654825815 22.61045681253687
-28.5 23.426146982329982 22.60906119435227
-28.0 23.42560392335074 22.60765708624891
-27.5 23.4250662606993 22.60627554225919
-27.0 23.42455145142823 22.60489184446711
-26.5 23.424051005376924 22.603507517741864
-26.0 23.423560945889953 22.60212883605798
-25.5 23.423069306877675 22.600759037451642
-25.0 23.422597050386354 22.59939064048205
-24.5 23.422149221625112 22.598033264572535
-24.0 23.421700219240336 22.596665658473057
-23.5 23.42126389480032 22.595318213003686
-23.0 23.42084329551364 22.593960396135362
-22.5 23.420422228973457 22.592613202902257
-22.0 23.420027557602392 22.59126976760954
-21.5 23.419622780426472 22.589926750236643
-21.0 23.419255805483957 22.588592317874717
-20.5 23.418877272780815 22.587267798880177
-20.0 23.41851719422818 22.585944034288783
-19.5 23.418166051749537 22.584614921111946
-19.0 23.417831800466065 22.583298547611122
-18.5 23.417504281084867 22.58198671441034
-18.0 23.41719371670085 22.580672863482597
-17.5 23.416883605727293 22.57936941415368
-17.0 23.416575813633237 22.57807659753894
-16.5 23.416292526399666 22.576769701757296
-16.0 23.41603004835289 22.575478610526286
-15.5 23.4157574537806 22.574191426713547
-15.0 23.415503793940367 22.572901389090898
-14.5 23.415255715862664 22.5716257830533
-14.0 23.41501384003202 22.570343891995822
-13.5 23.41478707390527 22.56907994949082
-13.0 23.414569537978753 22.56781110288241
-12.5 23.414360536959325 22.566546559415176
-12.0 23.414153504793976 22.565283580382243
-11.5 23.413971084961656 22.564022392883942
-11.0 23.413785952816106 22.56277939013461
-10.5 23.413605507937948 22.561533958520073
-10.0 23.413450429902166 22.560289966727346
-9.5 23.41329192264313 22.559048507254566
-9.0 23.413136241917464 22.55780911754812
-8.5 23.41300421148002 22.55658334488973
-8.0 23.412874907530828 22.55535687725554
-7.5 23.412757414909926 22.554137646825524
-7.0 23.412641739022867 22.55291836317543
-6.5 23.41253649048062 22.551694078558036
-6.0 23.41244198976415 22.550494321141574
-5.5 23.412349742403073 22.54928791909081
-5.0 23.4122694769377 22.548089304684204
-4.5 23.412206830533005 22.546896126288626
-4.0 23.412140566838275 22.545698875710478
-3.5 23.412081884538164 22.544511685939206
-3.0 23.41203721689964 22.54333095326571
-2.5 23.411995159786642 22.542142735803196
-2.0 23.411956058573825 22.54096813600291
-1.5 23.41192843860917 22.53980013863009
-1.0 23.411913349813013 22.538632002382663
-0.5 23.411899948114833 22.537463481875307
0.0 23.411896714794167 22.536307439711855
0.5 23.411900801915664 22.53515233239723
1.0 23.411916853479994 22.53399489562171
1.5 23.41192413155018 22.532849352957
