FastTrWP/PhaseSpace/IAs/snIa_0.37_30.00_-1.06_0.06.csv
# %ECSV 0.9
# ---
# datatype:
# - {name: time-rel, datatype: float64}
# - {name: g, datatype: float64}
# - {name: i, datatype: float64}
# schema: astropy-2.0
time-rel g i
[from data line 289]
375.2708333333333 24.220395265506003 23.55407130177322
375.77083333333326 24.214923430701454 23.550043338493218
376.2708333333333 24.209480034756808 23.54605817891887
376.7708333333333 24.20402108216581 23.542035865272837
377.27083333333326 24.1985846082809 23.53804373499547
377.7708333333333 24.19318087991986 23.534052411223133
378.2708333333333 24.18778539242606 23.53007262513691
378.77083333333326 24.18238852317161 23.526090343758035
379.2708333333333 24.176998964282973 23.522115273384774
379.7708333333333 24.17163063181058 23.518146601850415
380.27083333333326 24.16627812804517 23.514190421877913
380.7708333333333 24.160931902873152 23.510245259116868
381.2708333333333 24.155590483276143 23.506294306484783
381.77083333333326 24.150271707852266 23.50235742515061
382.2708333333333 24.144957425258937 23.498414466147143
382.7708333333333 24.13966212267759 23.494494918872743
383.27083333333326 24.134372179507068 23.490565156392023
383.7708333333333 24.129084133143024 23.486644251890077
384.2708333333333 24.123833879748148 23.482741254558466
384.77083333333326 24.118576220697 23.47883843632721
385.2708333333333 24.113331881866223 23.474939551747052
385.7708333333333 24.108109888980668 23.471050619602714
386.27083333333326 24.102885337736492 23.46715362469532
386.7708333333333 24.0976735127309 23.46327357447265
387.2708333333333 24.092484163722023 23.45940926401578
387.77083333333326 24.08729762715758 23.455531505973322
388.2708333333333 24.082103516657764 23.45166660835156
388.7708333333333 24.076928151182784 23.447804174219385
389.27083333333326 24.071777447730813 23.443952175694672
389.7708333333333 24.06664802041948 23.440101643469383
390.2708333333333 24.061520697346374 23.436263603229754
390.77083333333326 24.05638518271458 23.432414655263987
391.2708333333333 24.051269399274812 23.428588443574604
391.7708333333333 24.046161602226462 23.42476291595233
392.27083333333326 24.04107357352594 23.420940782922717
392.7708333333333 24.035983836613934 23.417122507141045
393.2708333333333 24.03091203949604 23.413321003313655
393.77083333333326 24.025835812465463 23.40950262509129
394.2708333333333 24.020802633512925 23.405701931472713
394.7708333333333 24.01574507614276 23.401905619127284
395.27083333333326 24.010711363093012 23.398134024424003
395.7708333333333 24.005691456211053 23.394343808044344
396.2708333333333 24.000666953908514 23.390554962999722
396.77083333333326 23.99565849206246 23.38677056978842
397.2708333333333 23.990637514871416 23.382982035190118
397.7708333333333 23.985606777266277 23.379204031162853
398.27083333333326 23.980573864485454 23.375401328950897
398.7708333333333 23.97554100747303 23.371614822109446
399.2708333333333 23.970490127713866 23.367819033177454
399.77083333333326 23.965458290356885 23.364025447534345
400.2708333333333 23.960425046419562 23.360234499056162
400.7708333333333 23.955399055385232 23.356442479851964
401.27083333333326 23.950357060930823 23.352645089563143
401.7708333333333 23.94531324020871 23.34886559220315
402.2708333333333 23.94029513452647 23.34506607890827
402.77083333333326 23.93526097057993 23.341284699217873
403.2708333333333 23.930234518042 23.337493745041208
403.7708333333333 23.925223934889964 23.333713061448137
404.27083333333326 23.920215390733084 23.329922522060336
404.7708333333333 23.915212034043304 23.326146992746217
405.2708333333333 23.910227435273566 23.322379904206333
405.77083333333326 23.90522974376458 23.318602428821983
406.2708333333333 23.900253634081082 23.31483827703523
406.7708333333333 23.895275409131948 23.311088395720873
407.27083333333326 23.89032498705057 23.307334836524795
407.7708333333333 23.885377357674752 23.303586180963123
408.2708333333333 23.880445582463498 23.299848289278977
408.77083333333326 23.875510121919717 23.296118861457437
409.2708333333333 23.870602990996556 23.29238161574514
409.7708333333333 23.865718000086268 23.288659792671012
410.27083333333326 23.860839288891917 23.284958146865332
410.7708333333333 23.855968338340464 23.281254813270095
411.2708333333333 23.85112415145709 23.27756320101782
411.77083333333326 23.846296995079914 23.27387066605551
412.2708333333333 23.841474428387365 23.270201599352337
412.7708333333333 23.836664478842575 23.266530503701812
413.27083333333326 23.83189216779766 23.262876393387266
413.7708333333333 23.82713472309915 23.25923292129374
414.2708333333333 23.82238076226399 23.255589875993593
414.77083333333326 23.817661340208623 23.251974552195527
415.2708333333333 23.812946478424788 23.248348786512558
415.7708333333333 23.80826595887571 23.24475710974859
416.27083333333326 23.803616859792417 23.24117037389243
416.7708333333333 23.79895231158686 23.23759073274214
417.2708333333333 23.79434827411654 23.234024642942966
417.77083333333326 23.789747937468768 23.230475237489316
418.2708333333333 23.785162165842387 23.226935225404493
418.7708333333333 23.780619038429766 23.22340517893942
419.27083333333326 23.776086995518405 23.219895124345552
419.7708333333333 23.771576360926538 23.216397379563375
420.2708333333333 23.76709648427878 23.21291362112687
420.77083333333326 23.76263606609449 23.209438444459497
421.2708333333333 23.758208902433594 23.20598262819004
421.7708333333333 23.75381134377202 23.20254943129269
422.27083333333326 23.749421226155913 23.199116006191968
422.7708333333333 23.74507435045414 23.195702682581334
423.2708333333333 23.74073868704517 23.192312617259606
423.77083333333326 23.73645494515046 23.188931493426466
424.2708333333333 23.73217345417604 23.185565739992008
424.7708333333333 23.72791929648122 23.182212015246172
425.27083333333326 23.723712316915744 23.17888675565669
425.7708333333333 23.7195336915301 23.17557963329215
426.2708333333333 23.71536138635789 23.172278448035524
426.77083333333326 23.711241842883926 23.16900634502536
427.2708333333333 23.707129164743463 23.16573882508303
427.7708333333333 23.703074656571662 23.16249636674321
428.27083333333326 23.699023997728773 23.159268830816906
428.7708333333333 23.695011992458042 23.156061566199714
429.2708333333333 23.691039463788528 23.152876925260017
429.77083333333326 23.687064361615416 23.14968206804377
430.2708333333333 23.683121984714912 23.146506482396344
430.7708333333333 23.679179868425067 23.14334820730252
431.27083333333326 23.6752618813347 23.14018213076292
431.7708333333333 23.671320157736435 23.137024251159307
432.2708333333333 23.667431822052066 23.133886580702697
432.77083333333326 23.663512390055566 23.13074049568826
433.2708333333333 23.65964402835358 23.127617867180597
433.7708333333333 23.655783679934636 23.124498328274555
434.27083333333326 23.651925433488618 23.121383386951216
434.7708333333333 23.648091074187846 23.118274301785434
435.2708333333333 23.644260006891823 23.115180057515488
435.77083333333326 23.640450707079683 23.11210023828813
436.2708333333333 23.63665072720821 23.1090246292808
436.7708333333333 23.63286997816138 23.105946268911318
437.27083333333326 23.629096168245418 23.102891250025927
437.7708333333333 23.62534052865916 23.099837727597034
438.2708333333333 23.62159690718888 23.09679690129734
438.77083333333326 23.6178632100344 23.093761841919495
439.2708333333333 23.61415588238171 23.09073303222823
439.7708333333333 23.610466255973826 23.08772619971172
440.27083333333326 23.60678671320879 23.084715282531892
440.7708333333333 23.603112563041513 23.08172815959187
441.2708333333333 23.59947181209953 23.078740286864665
441.77083333333326 23.595841745550707 23.07575477832775
442.2708333333333 23.5922237161301 23.072805007524124
442.7708333333333 23.58861980365207 23.069838304056663
443.27083333333326 23.585035678509648 23.066895941910207
443.7708333333333 23.581466423938608 23.063966694750476
444.2708333333333 23.577909440198756 23.061036917797516
444.77083333333326 23.574388633840325 23.058134710489135
445.2708333333333 23.570872084988142 23.05522861693785
445.7708333333333 23.567369062168186 23.05233228078384
446.27083333333326 23.56389474582808 23.04945751885326
446.7708333333333 23.560425502295153 23.046582773458525
447.2708333333333 23.556963897908233 23.04371949491625
447.77083333333326 23.55354597350596 23.040869840195978
448.2708333333333 23.550132804498098 23.038041365274744
448.7708333333333 23.54674812543042 23.03522263547182
449.27083333333326 23.543370329446866 23.032404968680275
449.7708333333333 23.5400166082307 23.029608417606426
450.2708333333333 23.536677095755604 23.02681972888785
450.77083333333326 23.533355724920103 23.024028081886673
451.2708333333333 23.530060844523074 23.02126497699559
451.7708333333333 23.52679130483081 23.018519143411737
452.27083333333326 23.52352504452925 23.015765670577668
452.7708333333333 23.520283224559364 23.013036844156055
453.2708333333333 23.51705841579316 23.010312852571325
453.77083333333326 23.513856691088677 23.00762416722174
454.2708333333333 23.51065988936398 23.004928087343167
454.7708333333333 23.507499047372406 23.002248811265353
455.27083333333326 23.50436141695926 22.999573324458996
455.7708333333333 23.501230039156212 22.996921192830367
456.2708333333333 23.498121232856374 22.994281472650265
456.77083333333326 23.495048198528004 22.99165364564258
457.2708333333333 23.49197561859176 22.98903121386862
457.7708333333333 23.488928270811428 22.986417307640835
458.27083333333326 23.485910511497256 22.983825245449538
458.7708333333333 23.48291260913124 22.981250379177087
459.2708333333333 23.479925591025392 22.97868529911627
459.77083333333326 23.476966074065007 22.976139079527176
460.2708333333333 23.474017437118192 22.97359617480655
460.7708333333333 23.471099754847756 22.97105873134552
461.27083333333326 23.468209501003333 22.96855747696754
461.7708333333333 23.46533281070038 22.96605964117981
462.2708333333333 23.462463882777453 22.963570089640626
462.77083333333326 23.459637551929088 22.961095669176515
463.2708333333333 23.456804418714047 22.958633499836544
463.7708333333333 23.45399295861119 22.956178340277273
464.27083333333326 23.451194648828725 22.95373022333205
464.7708333333333 23.448411613036292 22.951291974109903
465.2708333333333 23.445652210040926 22.948867670130113
465.77083333333326 23.44289834847754 22.946449408548013
466.2708333333333 23.440160098866688 22.94403928918694
466.7708333333333 23.43743321552356 22.94164564064132
467.27083333333326 23.434728714550804 22.939257484934707
467.7708333333333 23.432022846699752 22.93687636721797
468.2708333333333 23.429346018646598 22.934506428342726
468.77083333333326 23.426684335038935 22.932149807841114
469.2708333333333 23.424044763965362 22.929796853228886
469.7708333333333 23.42138706435012 22.927452209304104
470.27083333333326 23.418781221725272 22.92512259685919
470.7708333333333 23.41616680991621 22.92279766926515
471.2708333333333 23.413574301632497 22.920484465292027
471.77083333333326 23.410990862647907 22.918181410421248
472.2708333333333 23.408426625859224 22.91589293012755
472.7708333333333 23.405875815016213 22.913595686612247
473.27083333333326 23.40333830374519 22.911332278211567
473.7708333333333 23.400810077296455 22.9090624468907
474.2708333333333 23.39829288420106 22.906800078862275
474.77083333333326 23.39580179643088 22.904549643008373
475.2708333333333 23.393318439684293 22.902316211381883
475.7708333333333 23.390844808580702 22.900081352637937
476.27083333333326 23.388390326240916 22.897851321784838
476.7708333333333 23.385944012882117 22.89564704217874
477.2708333333333 23.383516134526424 22.893446954455715
477.77083333333326 23.38109665894057 22.89124412965021
478.2708333333333 23.378691848753466 22.889064665390137
478.7708333333333 23.37630870728162 22.886886215122143
479.27083333333326 23.37392955512531 22.88471282918598
479.7708333333333 23.371565330627845 22.88254762476352
480.2708333333333 23.36921407292018 22.880398612670575
480.77083333333326 23.36687466100869 22.878261622333014
481.2708333333333 23.364549756276467 22.876122148015767
481.7708333333333 23.3622405869506 22.87399795149357
482.27083333333326 23.359934548935573 22.87188443338922
482.7708333333333 23.357653711930407 22.86977654693866
483.2708333333333 23.355382368821633 22.867680832115013
483.77083333333326 23.353127362407513 22.86558304216242
484.2708333333333 23.35087808547729 22.863497249502274
484.7708333333333 23.348648334493042 22.86142970440678
485.2708333333333 23.34643390293268 22.85936546490543
485.7708333333333 23.34422176536147 22.857309169894442
486.2708333333333 23.34202801551568 22.855263878623568
486.7708333333333 23.33984351383699 22.853222421761256
487.2708333333333 23.337676033987435 22.851196141837008
487.7708333333333 23.33551290175743 22.849175511068115
488.2708333333333 23.33337584505785 22.84715821164066
488.7708333333333 23.331245588438616 22.845146004318465
489.2708333333333 23.329131979193377 22.843155274612773
489.7708333333333 23.32702336628049 22.841165786389684
490.2708333333333 23.324927325252673 22.839186723831695
490.7708333333333 23.322846931928535 22.837217064483852
491.2708333333333 23.320778526919952 22.835245404506402
491.7708333333333 23.318716732681292 22.833291490372126
492.2708333333333 23.316670215401732 22.83133499520322
492.7708333333333 23.31465063908977 22.82939991522676
493.2708333333333 23.31262203622016 22.827468416218387
493.7708333333333 23.310617239486042 22.82554295060831
494.2708333333333 23.30863087819759 22.823619727137917
494.7708333333333 23.306644397702367 22.821726530894473
495.2708333333333 23.304671030033255 22.819821990348338
495.7708333333333 23.30272183109473 22.817938147456537
496.2708333333333 23.30077127928458 22.8160393224765
496.7708333333333 23.2988263083992 22.81417508991851
497.2708333333333 23.296898569815095 22.812303361882485
497.7708333333333 23.294979958159256 22.810428998157796
498.2708333333333 23.293076760156385 22.808575105569187
498.7708333333333 23.291172729550777 22.806719756489468
499.2708333333333 23.289289033746176 22.804884132966777
499.7708333333333 23.28741258083833 22.80304701534506
500.2708333333333 23.285550691859143 22.80121626706734
500.7708333333333 23.283695849864966 22.79939649727329
501.2708333333333 23.28185308480874 22.79759311958141
501.7708333333333 23.280010199501678 22.79578261400955
502.2708333333333 23.27819229023948 22.79397494281909
502.7708333333333 23.27637910272849 22.792181617173778
503.2708333333333 23.27456888382546 22.790398915562932
503.7708333333333 23.272780660085125 22.788621900382555
504.2708333333333 23.270994303902622 22.78684602807818
504.7708333333333 23.269217295763035 22.785081429109304
505.2708333333333 23.26746985534546 22.783333328561145
505.7708333333333 23.26571540836264 22.7815758849977
506.2708333333333 23.26396324566232 22.779828350553267
506.7708333333333 23.262237091916397 22.778097131049215
507.2708333333333 23.26052669151709 22.776361520949497
507.7708333333333 23.258806031290117 22.774645330237426
508.2708333333333 23.257116857594987 22.772921739803053
508.7708333333333 23.25542761915451 22.771212333412336
509.2708333333333 23.25374434310225 22.769516433832237
509.7708333333333 23.252079074669652 22.76782106166701
510.2708333333333 23.25042773464659 22.766131246731845
510.7708333333333 23.2487738382613 22.764449339675835
511.2708333333333 23.247133086345578 22.762779543961532
511.7708333333333 23.245507657734123 22.76111330990939
512.2708333333334 23.243899677624643 22.759449968424246
512.7708333333334 23.242298955621763 22.757805776902075
513.2708333333334 23.240688860216537 22.756153403207566
513.7708333333334 23.23910119287831 22.754517948668465
514.2708333333334 23.237534966264448 22.752887131750462
514.7708333333334 23.2359735484404 22.75125704317429
515.2708333333334 23.234422413519784 22.749640137795097
515.7708333333334 23.23287901098185 22.74803395040639
516.2708333333334 23.231341825163526 22.746435141926508
516.7708333333334 23.22982120108859 22.744831005788164
517.2708333333334 23.22830909402938 22.74324710303604
517.7708333333334 23.226811508289927 22.741653061830487
518.2708333333334 23.225315361053514 22.74007763700656
518.7708333333334 23.223824160486704 22.738509537199945
