FastTrWP/PhaseSpace/IAs/snIa_0.69_30.00_-1.13_0.02.csv
# %ECSV 0.9
# ---
# datatype:
# - {name: time-rel, datatype: float64}
# - {name: g, datatype: float64}
# - {name: i, datatype: float64}
# schema: astropy-2.0
time-rel g i
[from data line 2049]
1134.375 26.045123523770183 22.884548699668173
1134.875 26.047351140865107 22.885746910493808
1135.375 26.04952509710408 22.88694686886658
1135.875 26.051799137387427 22.888145664299774
1136.375 26.05404194490228 22.88934774275177
1136.875 26.056310804620203 22.890551792581565
1137.375 26.0585859046585 22.891760096610746
1137.875 26.06086853514161 22.892959520701808
1138.375 26.06318604132323 22.894163870853635
1138.875 26.065530813065216 22.895368199024006
1139.375 26.067873751027378 22.896580574919724
1139.875 26.070217826528438 22.897790925595633
1140.375 26.0725944613677 22.898999087243226
1140.875 26.074993744718554 22.90020306012689
1141.375 26.07736062849515 22.90142532784417
1141.875 26.079753760884703 22.902634642596745
1142.375 26.082252276653044 22.90384322866581
1142.875 26.08467568305922 22.905059812735722
1143.375 26.087198928724145 22.906277467231583
1143.875 26.089650929216038 22.907490810049673
1144.375 26.092155310559516 22.908712616383408
1144.875 26.09470072020691 22.90993390497436
1145.375 26.097249268262402 22.911151940023345
1145.875 26.09981584083261 22.912374579135477
1146.375 26.102371143441154 22.91358810006902
1146.875 26.10496508834158 22.91481588466315
1147.375 26.10762239216378 22.91604174069489
1147.875 26.110290882702195 22.91726760270031
1148.375 26.112929316389042 22.918490293781776
1148.875 26.115615225375887 22.919718688143696
1149.375 26.11830246693373 22.920945645861668
1149.875 26.121008374689943 22.922172769066904
1150.375 26.123793450450705 22.92340655060629
1150.875 26.126511285666226 22.92463334626472
1151.375 26.129318132462153 22.925870971216007
1151.875 26.132112194027393 22.927100696253802
1152.375 26.134934029463626 22.92833565512684
1152.875 26.137784597501607 22.929569215502774
1153.375 26.140593139264258 22.930807556462756
1153.875 26.143522177509265 22.93204236322142
1154.375 26.146414890557274 22.933282084675895
1154.875 26.149313316651522 22.93451595831027
1155.375 26.15221503680651 22.935759924384822
1155.875 26.155176975052875 22.93699785008576
1156.375 26.158138252565607 22.938240513276384
1156.875 26.16116598081934 22.939476728920397
1157.375 26.164189162217756 22.9407216840696
1157.875 26.16720608252526 22.941974323707058
1158.375 26.1702377796098 22.943215799513638
1158.875 26.173321129985652 22.94446563321476
1159.375 26.176420159720927 22.945712243298924
1159.875 26.179528810897445 22.946962306025394
1160.375 26.182664778315257 22.948214734133806
1160.875 26.185813661136294 22.949462530749557
1161.375 26.188960851941836 22.950705138639677
1161.875 26.192186640309902 22.951965662492718
1162.375 26.195381526276968 22.953208930663887
1162.875 26.198627205879653 22.954471024958195
1163.375 26.201833944217906 22.955731076399616
1163.875 26.205138175930294 22.956988190896315
1164.375 26.208372816682104 22.95823791756242
1164.875 26.21171297785111 22.95949128225708
1165.375 26.215038553524387 22.96076546526475
1165.875 26.218389141915 22.962029629730637
1166.375 26.22177920747069 22.963285031419332
1166.875 26.225158933633658 22.96454917634562
1167.375 26.228548176477958 22.965815334669763
1167.875 26.231991511829133 22.967080865277648
1168.375 26.235384993752344 22.968352198610837
1168.875 26.238911616552144 22.969613141839677
1169.375 26.242439241808817 22.970883718794028
1169.875 26.245909759985654 22.972148934320757
1170.375 26.249464348361954 22.97341691868883
1170.875 26.252972483180116 22.974694401167337
1171.375 26.256505113814672 22.975966816859163
1171.875 26.260137111653723 22.9772470373849
1172.375 26.263776962869997 22.978512571133997
1172.875 26.267360128577224 22.979798449910625
1173.375 26.271046419962193 22.981068749946335
1173.875 26.274688451639697 22.982347654011278
1174.375 26.278400773704483 22.983625018997213
1174.875 26.28210589320933 22.98490798768377
1175.375 26.285841684221886 22.986179453713646
1175.875 26.289593155976657 22.987468352972993
1176.375 26.29336021184201 22.988758169236526
1176.875 26.29720054065477 22.990039331931072
1177.375 26.300920305679853 22.991325919180596
1177.875 26.30479205893208 22.992611079202028
1178.375 26.308679935433066 22.993903262045627
1178.875 26.312504568311297 22.99517865471386
1179.375 26.316417125286783 22.99648372513275
1179.875 26.320364360084593 22.99777683776723
1180.375 26.32427972532813 22.999072626741984
1180.875 26.32827071521244 23.000363064119547
1181.375 26.33222883856771 23.001652384532974
1181.875 26.336239975139954 23.002951905564338
1182.375 26.3402717675816 23.004243718333313
1182.875 26.344252682896155 23.005540973916023
1183.375 26.348339494847487 23.006843041973323
1183.875 26.352438251454036 23.00813810152675
1184.375 26.35661260422736 23.00944470077777
1184.875 26.360810953239184 23.010750785918216
1185.375 26.365055446062897 23.012064700615774
1185.875 26.369441204671578 23.013367964144106
1186.375 26.373716134572426 23.01467762416936
1186.875 26.3781719229674 23.01598282085436
1187.375 26.382605170061204 23.017295870496692
1187.875 26.387131868378763 23.018617318092353
1188.375 26.39170840331535 23.01993712001588
1188.875 26.396305666742688 23.021253557622007
1189.375 26.400974899852628 23.022565449744885
1189.875 26.405695791385156 23.023888685717914
1190.375 26.410438074104583 23.025208857608526
1190.875 26.41525445440874 23.026537711579856
1191.375 26.420136159849857 23.027859107929523
1191.875 26.425016909742496 23.029192758763127
1192.375 26.42993798376125 23.03052011892174
1192.875 26.434950356236907 23.03185762442178
1193.375 26.439980244935455 23.033181147716885
1193.875 26.445052875245448 23.03451448224569
1194.375 26.45021022418558 23.035855537237214
1194.875 26.455382100795614 23.037187259074948
1195.375 26.460526300058955 23.038520323777156
1195.875 26.465809880798837 23.039855089822524
1196.375 26.471069241754627 23.041208752951455
1196.875 26.476416401617865 23.042546290657114
1197.375 26.481704027747558 23.043884300876098
1197.875 26.487139848981677 23.04522758829536
1198.375 26.49262495201814 23.046566478119534
1198.875 26.498018524665845 23.04791771256736
1199.375 26.503532670371772 23.04926391661383
1199.875 26.50906432854379 23.05061050186709
1200.375 26.514625643291318 23.051959244954496
1200.875 26.520225715515203 23.053309485363652
1201.375 26.525867741552347 23.05465508985222
1201.875 26.5315358800148 23.056015379614877
1202.375 26.53719904085104 23.057372323007186
1202.875 26.542865118609175 23.05872587256287
1203.375 26.548621248382112 23.060068525460956
1203.875 26.554368416876674 23.061427447088736
1204.375 26.560148890348458 23.062786116771377
1204.875 26.56595605402677 23.064148731558582
1205.375 26.57176489135638 23.065501566099506
1205.875 26.577685652360323 23.066860903545262
1206.375 26.583573172128617 23.068227232178597
1206.875 26.58938865186629 23.069584590418188
1207.375 26.59532301677885 23.070943486247273
1207.875 26.601234842201194 23.072306982400267
1208.375 26.607129359136792 23.073659710729544
1208.875 26.61310462538932 23.075031205952868
1209.375 26.61908399545934 23.07639289579418
1209.875 26.625024014964197 23.077769028554837
1210.375 26.63101224081998 23.079121108099745
1210.875 26.636950872978836 23.080485141625083
1211.375 26.642944935683627 23.08185359860922
1211.875 26.648931414463142 23.08321434117091
1212.375 26.65489058563988 23.084583345398038
1212.875 26.66088307722912 23.08595069358988
1213.375 26.66685938018106 23.087316456628564
1213.875 26.672863387037786 23.08868275905769
1214.375 26.67885004732183 23.090056956987265
1214.875 26.684798613878876 23.091426477635004
1215.375 26.690801978523293 23.092784822916745
1215.875 26.69670924312293 23.094163386073152
1216.375 26.702589030740604 23.095525494864034
1216.875 26.70853613810661 23.09688976274351
1217.375 26.714467122044763 23.09826374975348
1217.875 26.720295025761217 23.099626324699916
1218.375 26.72620636603832 23.10100123117355
1218.875 26.73201630113645 23.102368014965545
1219.375 26.73785278355915 23.103727341603197
1219.875 26.743637685128945 23.10509374730993
1220.375 26.749414702616484 23.1064633418127
1220.875 26.755120046242947 23.10784049554867
1221.375 26.760809073142234 23.10920821980484
1221.875 26.766447170467043 23.110568508094154
1222.375 26.772056654774445 23.11193466167851
1222.875 26.777655899513594 23.11330436163746
1223.375 26.783227597874998 23.114679305736786
1223.875 26.78868674997993 23.11603708823517
1224.375 26.794125119063214 23.117402510558975
1224.875 26.79957740437669 23.118768596866516
1225.375 26.805011432188046 23.12013461226783
1225.875 26.810486382653703 23.121501449855202
1226.375 26.81595495192621 23.122875603839823
1226.875 26.821460500360775 23.124248001118623
1227.375 26.826962227896548 23.125621114097335
1227.875 26.83241974195426 23.126989687434175
1228.375 26.83793530317766 23.128347093617112
1228.875 26.84342520247682 23.1297308103533
1229.375 26.848904931997506 23.13110548650606
1229.875 26.85442446696152 23.132472054359496
1230.375 26.85995393475659 23.133844803850746
1230.875 26.86540683738145 23.13521017143303
1231.375 26.870885452190628 23.136592206889244
1231.875 26.87641379455276 23.13796568832285
1232.375 26.881931544094012 23.13932807286575
1232.875 26.887413213013517 23.140719200251286
1233.375 26.89290860092946 23.142088437964535
1233.875 26.898417456950924 23.143463341861334
1234.375 26.9038311803727 23.144842073491233
1234.875 26.909331802157944 23.14622035482958
1235.375 26.914849236381627 23.147603253259447
1235.875 26.920266573385888 23.148974330186224
1236.375 26.925742623760204 23.15035599797422
1236.875 26.931258193845565 23.15172571715224
1237.375 26.93671354838601 23.153118855456874
1237.875 26.942147080863407 23.15449288424551
1238.375 26.947548139523004 23.155874923033906
1238.875 26.95294324160526 23.157248049693614
1239.375 26.958410520079287 23.158628690615437
1239.875 26.963759827682555 23.160015291454354
1240.375 26.96914726723499 23.161391522380107
1240.875 26.97456904919633 23.1627812186326
1241.375 26.97994164076343 23.164162659440372
1241.875 26.985272891287863 23.165554151196833
1242.375 26.990573062306453 23.16693333095173
1242.875 26.99593344529319 23.16831553096074
1342.375 26.999774806768105 23.444251803647287
1342.875 26.99421041604561 23.445604989835918
1343.375 26.988464535588363 23.446970662420906
1343.875 26.98277100299184 23.448329605700895
1344.375 26.977031929125907 23.449674095827472
1344.875 26.97123859966377 23.451031901052474
1345.375 26.965488320343063 23.452394537069374
1345.875 26.959601048191438 23.45373935008532
1346.375 26.953636906808697 23.455100526420566
1346.875 26.94761605831882 23.456447038751026
1347.375 26.941452118310583 23.45779647009715
1347.875 26.93533234512167 23.45914616034124
1348.375 26.928987693756646 23.460489199592942
1348.875 26.922647564722144 23.461844394188958
1349.375 26.916192032610017 23.463191084688564
1349.875 26.9097207692285 23.464534687439553
1350.375 26.903149755001884 23.465875666351717
1350.875 26.89661202945501 23.467223051091665
1351.375 26.889939530056324 23.468553542066694
1351.875 26.88328104431224 23.469904028545855
1352.375 26.87649191624338 23.471240530823604
1352.875 26.86970795314616 23.472575566149946
1353.375 26.862883645569802 23.473910062561313
1353.875 26.856065484302626 23.475247972292603
1354.375 26.849102722203945 23.47657911686696
1354.875 26.84222980652723 23.477917966109466
1355.375 26.835242662010025 23.479234313599704
1355.875 26.828291184162385 23.480577860443614
1356.375 26.821268001911214 23.481905974266127
1356.875 26.814255716086226 23.4832361956464
1357.375 26.807217769805483 23.484562965048706
1357.875 26.80018826207361 23.48589316029507
1358.375 26.79317321270687 23.48721537848205
1358.875 26.786111591312007 23.488546517353797
1359.375 26.77907703985367 23.48987149643272
1359.875 26.772019544587184 23.49117871585115
1360.375 26.764912187318657 23.492517803691882
1360.875 26.75789920826823 23.493827104206964
1361.375 26.750832983956432 23.4951599909718
1361.875 26.743814986901327 23.49647433115834
1362.375 26.736777797387553 23.497789944894688
1362.875 26.7297539212441 23.499118226608722
1363.375 26.722739256881106 23.500431128820203
1363.875 26.715751723979665 23.501748908159396
1364.375 26.70885392232828 23.503074498663658
1364.875 26.701862067929028 23.504379335268702
1365.375 26.694977705209762 23.5057005765146
1365.875 26.68803539635276 23.507015817610785
1366.375 26.681133086229657 23.508325502020103
1366.875 26.67433236053698 23.50965013908903
1367.375 26.667506787042647 23.510956803691094
1367.875 26.660744244349665 23.51227187762977
1368.375 26.653985852644816 23.513585919205365
1368.875 26.647247825198995 23.51488970515364
1369.375 26.640547917549245 23.516198694760867
1369.875 26.63396837082667 23.517511369133967
1370.375 26.627309685177476 23.51881905104831
1370.875 26.620791599681695 23.520127243243888
1371.375 26.614248669528216 23.521450650039476
1371.875 26.607847504572412 23.522752874276776
1372.375 26.601357434923074 23.524064188477748
1372.875 26.59497877008302 23.52537452676057
1373.375 26.588611625202773 23.526679085686013
1373.875 26.582285585182603 23.528002220589737
1374.375 26.576056174646524 23.52929575643237
1374.875 26.56993131621259 23.53061160069011
1375.375 26.563748914295576 23.531917832331462
1375.875 26.557686414656313 23.533207034580887
1376.375 26.551613145986956 23.534523604363443
1376.875 26.545683665252472 23.53583326033649
1377.375 26.539731136220617 23.537147679351435
1377.875 26.533850266990683 23.538450950593834
1378.375 26.52804254669543 23.539760528216643
1378.875 26.522260476022957 23.541069901467708
1379.375 26.516651292046536 23.54237552258954
1379.875 26.510972143971326 23.543676545481482
1380.375 26.50544340898973 23.544986757246043
1380.875 26.4999312376281 23.54628665030259
1381.375 26.494483109446755 23.547604635479576
1381.875 26.48908101009758 23.548913793333064
1382.375 26.483772387709266 23.550224704163014
1382.875 26.478532504124498 23.55153460238832
1383.375 26.473378397476722 23.552838605447338
1383.875 26.46825182197243 23.55415164139304
1384.375 26.463234249461436 23.555452870391555
1384.875 26.458258149268943 23.556760267712548
1385.375 26.45335183701355 23.55807622951009
1385.875 26.448495799235587 23.559388449729603
1386.375 26.443692849862927 23.560696376959708
1386.875 26.438890806153893 23.561998119547006
1387.375 26.434133493120093 23.56330757671557
1387.875 26.42932600030512 23.56461977154475
1388.375 26.424514622578783 23.565922188670825
1388.875 26.41974239286302 23.567233734799984
1389.375 26.41493181290237 23.568535308234743
1389.875 26.410179313837084 23.569842421524775
1390.375 26.405388041100135 23.571146405469786
1390.875 26.400632858276467 23.572452623542766
1391.375 26.395881765171488 23.573761958482024
1391.875 26.391117707482987 23.575069728980708
1392.375 26.386428131780136 23.57635493559872
1392.875 26.381699604946228 23.57765526038152
1393.375 26.376976813016142 23.578954580767764
1393.875 26.372307868676682 23.580258826705034
1394.375 26.367603769232602 23.581551783952193
1394.875 26.36295236442901 23.582855593627684
1395.375 26.35831701333952 23.58415567870727
1395.875 26.35366691359048 23.585453089655275
1396.375 26.349100866423157 23.586741259481393
1396.875 26.34451226225408 23.588043883393375
1397.375 26.339959756244497 23.58933946430981
1397.875 26.335361106535153 23.590637082975775
1398.375 26.3308455557516 23.59193909612
1398.875 26.326370370570103 23.5932263543806
1399.375 26.321883872669112 23.59452096366844
1399.875 26.317410876387232 23.595818041722406
1400.375 26.313033580805694 23.597097072816823
1400.875 26.308631663172363 23.59840593384781
1401.375 26.3042398913224 23.599681238754222
1401.875 26.29993324268492 23.600981021621404
1402.375 26.29561473651647 23.602259728341814
1402.875 26.291279566186404 23.60357421614478
1403.375 26.287067850112543 23.60486555552315
1403.875 26.28281747409001 23.606154174485678
1404.375 26.278623692682576 23.60744454769567
1404.875 26.274429679715592 23.608731794681788
1405.375 26.270295845621185 23.610029431792903
