FastTrWP/PhaseSpace/IAs/snIa_0.61_30.00_1.17_0.08.csv
# %ECSV 0.9
# ---
# datatype:
# - {name: time-rel, datatype: float64}
# - {name: g, datatype: float64}
# - {name: i, datatype: float64}
# schema: astropy-2.0
time-rel g i
[from data line 1435]
248.0 24.44666336687032 22.238520957028847
248.4999999999999 24.448112659964053 22.23878951058301
249.0 24.449596296599474 22.239070039541065
249.5 24.45106484428105 22.239345339641446
249.9999999999999 24.452513507784484 22.23962064258172
250.5 24.453981808191564 22.239896092685377
251.0 24.455442026426994 22.240178087215682
251.4999999999999 24.456928104485076 22.240469693881614
252.0 24.458394716278406 22.240744401635226
252.5 24.459856456009213 22.24101853326964
252.9999999999999 24.461336331999615 22.24130931192741
253.5 24.462808696550976 22.24159891956425
254.0 24.464285797485573 22.241885740034746
254.4999999999999 24.46575725040291 22.242164960995062
255.0 24.467211755969494 22.242458023317276
255.5 24.46870908635331 22.2427407970931
255.9999999999999 24.47015709841022 22.24303822852917
256.5 24.471659920350014 22.243329417506498
257.0 24.473121619317663 22.243623447451174
257.4999999999999 24.47460004040329 22.24391311168845
258.0 24.47607495471125 22.244201135643454
258.5 24.477553222109783 22.24450909023572
258.9999999999999 24.479030146336296 22.244797590465133
259.5 24.480518320532884 22.24510000450449
260.0 24.482006226294885 22.24539131669497
260.4999999999999 24.483490421495947 22.245694060992207
261.0 24.484974154831086 22.246002934753687
261.5 24.486451249304636 22.24629868971973
261.9999999999999 24.48794567555298 22.24660254253013
262.5 24.48939874450889 22.246905925913467
263.0 24.490903082175212 22.247213841867918
263.4999999999999 24.492395609191036 22.24751880588385
264.0 24.49385755039662 22.247830098430292
264.5 24.49536535548472 22.248137546057443
264.9999999999999 24.49684154852951 22.248453013223703
265.5 24.498336988153913 22.248760279922703
266.0 24.49982567653677 22.24907764892545
266.4999999999999 24.50131820937053 22.249399427077403
267.0 24.502809166602386 22.249712177885733
267.5 24.504298675734816 22.250032889426564
267.9999999999999 24.505799106067183 22.250351157814563
268.5 24.507289899506233 22.250668838940953
269.0 24.508772756175624 22.251001890299747
269.4999999999999 24.510266549427214 22.251323021893306
270.0 24.51175942041076 22.25164687183898
270.5 24.513256030564754 22.251974984082143
270.9999999999999 24.514759321089578 22.252302063293456
271.5 24.516266644190114 22.252629836314544
272.0 24.51775251448783 22.252961840865247
272.4999999999999 24.519247055064657 22.253290465524557
273.0 24.520735380560524 22.253622785945794
273.5 24.522256479213812 22.253956286018038
273.9999999999999 24.523744929115928 22.254288403183633
274.5 24.525238979084016 22.25462744492084
275.0 24.526753517592436 22.254975607795373
275.4999999999999 24.528252636575424 22.25530572738507
276.0 24.52975716240932 22.25564490207246
276.5 24.53125570725298 22.25599522535239
276.9999999999999 24.53277738684023 22.256328493685334
277.5 24.534278208072887 22.256676129918947
278.0 24.535798141216027 22.257017137994445
278.4999999999999 24.537299379887287 22.2573616368895
279.0 24.538820022070148 22.257710264298936
279.5 24.540314435617113 22.25805471909748
279.9999999999999 24.541830246208576 22.258406214159415
280.5 24.543325535508274 22.258757902405968
281.0 24.544850073038464 22.25910567067664
281.4999999999999 24.54637335546424 22.259456332424385
282.0 24.54789674026799 22.259812239910296
282.5 24.54941146794215 22.260159459669016
282.9999999999999 24.550913184932828 22.260517857143153
283.5 24.55242566937053 22.2608788111419
284.0 24.553936350244943 22.261227658689442
284.4999999999999 24.55547394067594 22.261587838748614
285.0 24.55699139510721 22.261947963789552
285.5 24.558513143932 22.262311730084114
285.9999999999999 24.560018853439832 22.26267071279469
286.5 24.561554874812295 22.263031381215907
287.0 24.56307857809545 22.263393171372435
287.4999999999999 24.564608646435403 22.263755432523848
288.0 24.566114690233224 22.264120550167426
288.5 24.56768106084819 22.26448372380669
288.9999999999999 24.569179318120593 22.264857996516593
289.5 24.57071194418567 22.265222092469727
290.0 24.57225169404832 22.26558532030498
290.4999999999999 24.573786057718024 22.26595899674227
291.0 24.575337787361097 22.266320915421694
291.5 24.57683662448393 22.266698629393854
291.9999999999999 24.578396248977846 22.267068550511944
292.5 24.57991487991981 22.267438845053068
293.0 24.581462319112866 22.267811822556975
293.4999999999999 24.583004894895026 22.26818091224194
294.0 24.584563539320506 22.268558166672836
294.5 24.586085820808865 22.26893659836554
294.9999999999999 24.587643616210364 22.26930749552934
295.5 24.58916799375082 22.269687665976328
296.0 24.590727475940902 22.270059369414913
296.4999999999999 24.5922781946946 22.270441234203936
297.0 24.59382764624284 22.27082288718893
297.5 24.59538049098688 22.271203604376982
297.9999999999999 24.59692650296782 22.27158332837641
298.5 24.598462754747516 22.271958976244164
299.0 24.60003365474669 22.272337542838212
299.4999999999999 24.60157928667855 22.272720460369214
300.0 24.603149724131445 22.27310547177655
300.5 24.604688548132074 22.273492518100674
300.9999999999999 24.60623880835414 22.273879719742
301.5 24.60780284115577 22.274259484071457
302.0 24.6093785971225 22.274638883142494
302.4999999999999 24.610940484275957 22.275032091961844
303.0 24.612494013675917 22.27542699123326
303.5 24.61406040750149 22.275816943069056
303.9999999999999 24.615632176804134 22.276210808095303
304.5 24.61719470838552 22.276602075864528
305.0 24.618751258844828 22.276992149696838
305.4999999999999 24.620328825255147 22.27738584858904
306.0 24.62189087211781 22.277777781896162
306.5 24.62346428296715 22.278174494357806
306.9999999999999 24.625038209651354 22.278572073307803
307.5 24.626598379452695 22.278974892048666
308.0 24.62817098099906 22.279374147476307
308.4999999999999 24.629740555428327 22.279773900179478
309.0 24.631321667573403 22.280175538021947
309.5 24.632909307510175 22.280584765245735
309.9999999999999 24.634483137572623 22.280984589008096
310.5 24.63605289552501 22.281393149564792
311.0 24.63763802117521 22.281794010766383
311.4999999999999 24.639212037221295 22.282195806243283
312.0 24.640809775605344 22.282605584872197
312.5 24.64238357198517 22.283011260565026
312.9999999999999 24.643964433633364 22.28341734963463
313.5 24.645545740697997 22.283833681556136
314.0 24.647142094548414 22.284251709568274
314.4999999999999 24.648737446183226 22.28465757346138
315.0 24.65031124990865 22.285076990976663
315.5 24.651894244542593 22.28548481995658
315.9999999999999 24.653483080956917 22.2858969607364
316.5 24.655076096264885 22.286311680081702
317.0 24.656683529881494 22.28673591427118
317.4999999999999 24.658261509430368 22.2871480008936
318.0 24.659873549957126 22.287565603484822
318.5 24.661467503837574 22.28799074681289
318.9999999999999 24.66306008381476 22.288414017923838
319.5 24.664667845653703 22.28882998982622
320.0 24.66626394108397 22.28924698006105
320.4999999999999 24.667849489030537 22.28967103868472
321.0 24.669463001138958 22.290099518966567
321.5 24.671090440313243 22.29052080510721
321.9999999999999 24.672690077084987 22.29095290457642
322.5 24.674302110339994 22.291371991830026
323.0 24.675882737321324 22.291804320429772
323.4999999999999 24.677508882787045 22.29223319972826
324.0 24.67911073134544 22.29266002362717
324.5 24.680722044000735 22.29309878053202
324.9999999999999 24.682335158101797 22.293521691703223
325.5 24.683964202830747 22.293952643655196
326.0 24.68557753786191 22.29438639858406
326.4999999999999 24.687201658880426 22.294827346031887
327.0 24.6888208702785 22.29525136084485
327.5 24.690420941495013 22.29568892718256
327.9999999999999 24.692037608903746 22.29612554057532
328.5 24.693674749117292 22.296559652317356
329.0 24.695298466880274 22.29700075661129
329.4999999999999 24.696934977318733 22.297441702991463
330.0 24.698557967415915 22.297878728232593
330.5 24.700168830888387 22.298315481460982
330.9999999999999 24.701803596664384 22.298759457707426
331.5 24.703411627511123 22.299204481707196
332.0 24.70506704556975 22.29964010903999
332.4999999999999 24.706688346157527 22.30008515425657
333.0 24.708364743379203 22.30053338086346
333.5 24.70997968171664 22.30098116999062
333.9999999999999 24.711612242980014 22.301429046427273
334.5 24.71325055922042 22.301868867889233
335.0 24.714889959947584 22.3023112409306
335.4999999999999 24.71653352043206 22.30275913675941
336.0 24.718162580205743 22.303211070858836
336.5 24.719808653268494 22.30366022054982
336.9999999999999 24.72147123499429 22.304108417546125
337.5 24.72313610074165 22.304561899007847
338.0 24.724760945636397 22.30501027115961
338.4999999999999 24.726413731406186 22.305462658981995
339.0 24.728078387993996 22.305915276985292
339.5 24.729726819167777 22.30636595049696
339.9999999999999 24.73140267426581 22.306828799469905
340.5 24.733050525348872 22.307279070146485
341.0 24.73470522475092 22.307739260550417
341.4999999999999 24.736347772438876 22.308198365353533
342.0 24.738030049561928 22.308655868772785
342.5 24.739680397111528 22.309114327128206
342.9999999999999 24.741356059765028 22.309571627748078
343.5 24.743003146073868 22.31003514398484
344.0 24.744668636528743 22.310499921075007
344.4999999999999 24.746345419907996 22.3109575350963
345.0 24.748016691573575 22.31142635521481
345.5 24.749672228380135 22.311887007461483
345.9999999999999 24.751358951259594 22.312353888482228
346.5 24.753024315458152 22.31282231198739
347.0 24.75470244000072 22.313288785493334
347.4999999999999 24.75640526752136 22.313755677796856
348.0 24.758056859903736 22.31422603927748
348.5 24.75972654103834 22.314696821814092
348.9999999999999 24.76141567082353 22.315165705724574
349.5 24.763121252997514 22.315643065235243
350.0 24.764778720336423 22.316116408476383
350.4999999999999 24.76645408729102 22.316591888596427
351.0 24.7681348211826 22.31706117625165
351.5 24.76983284039963 22.317536394088798
351.9999999999999 24.771508184113774 22.31801372825297
352.5 24.77320675451868 22.318492278459633
353.0 24.774934184630215 22.318976812479328
353.4999999999999 24.776597765230267 22.319447383909964
354.0 24.77830699850433 22.319930177754387
354.5 24.780001677259925 22.320413334682897
354.9999999999999 24.78168338481209 22.32089636277077
355.5 24.7833937592939 22.321377287259946
356.0 24.785087463446867 22.32185676166462
356.4999999999999 24.78679394119198 22.322333354952626
357.0 24.788485221768465 22.32282942976439
357.5 24.790202815462212 22.323315989563177
357.9999999999999 24.791890080667535 22.32380218225193
358.5 24.793601149200867 22.324289985386248
359.0 24.795327041841798 22.324778993964955
359.4999999999999 24.797040814219965 22.325266702311254
360.0 24.79873519997579 22.32575749713184
360.5 24.800478806508576 22.326255407489057
360.9999999999999 24.802178900459833 22.32673920445345
361.5 24.803887119184512 22.32723627761713
362.0 24.80561563714805 22.32773625988271
362.4999999999999 24.807339537870625 22.32822219076983
363.0 24.809068641246554 22.32872120495854
363.5 24.81080402089505 22.329219728894778
363.9999999999999 24.812505630673073 22.329714292123363
364.5 24.81423964505444 22.33021268917696
365.0 24.815979693917075 22.33071257941784
365.4999999999999 24.81770745296771 22.331212862614073
366.0 24.819412849103323 22.33171971842306
366.5 24.821179824554775 22.332214392729036
366.9999999999999 24.8228953680694 22.33272405404037
367.5 24.82465016625284 22.3332137010325
368.0 24.826389118047825 22.33372659133618
368.4999999999999 24.828125727438778 22.334231747151442
369.0 24.829852779904783 22.33474676933249
369.5 24.831607276134196 22.33524811807871
369.9999999999999 24.833353852628292 22.33575803839017
370.5 24.83509898195249 22.336259672037006
371.0 24.836857652962383 22.33677038027903
371.4999999999999 24.83861098182938 22.337283199899094
372.0 24.84035623916563 22.33779220626257
372.5 24.84209589641354 22.3382996956952
372.9999999999999 24.843879181521725 22.338823394171076
373.5 24.84562854244091 22.339327078474724
374.0 24.84740854742715 22.33983960601679
374.4999999999999 24.849151161458582 22.340357968145614
375.0 24.85092057341776 22.340882743445107
375.5 24.852692068653496 22.341392949064733
375.9999999999999 24.85446267579873 22.34191111239101
376.5 24.856236583742863 22.34242663519168
377.0 24.858013948953385 22.342947056925617
377.4999999999999 24.859770980302947 22.343466671841888
378.0 24.861543824040943 22.343981087575223
378.5 24.863321351219888 22.3445123495542
378.9999999999999 24.86512396239519 22.345031229563514
379.5 24.866904757580176 22.3455511814441
380.0 24.868660539242 22.34607961271785
380.4999999999999 24.87045355238759 22.346608783591428
381.0 24.872230005421514 22.347134037612197
381.5 24.874028452116725 22.34765870392595
381.9999999999999 24.87581750101064 22.348182913447637
382.5 24.877620789901968 22.348718456241254
383.0 24.8793841950593 22.349248871292037
383.4999999999999 24.88119361402991 22.34977999236684
384.0 24.882969974367303 22.350306208962426
384.5 24.88478422580183 22.350839415007098
384.9999999999999 24.886578568368783 22.3513722911622
385.5 24.888391295139346 22.351908196682796
386.0 24.890182369063556 22.352446697130194
386.4999999999999 24.89199383777367 22.352982640878164
387.0 24.89379920279692 22.353517963091946
387.5 24.89560897705998 22.354054280759314
387.9999999999999 24.89740571380919 22.354594943543646
388.5 24.899245234401604 22.355134575911983
389.0 24.90104071350739 22.355678258747037
389.4999999999999 24.902874441445107 22.35622229904719
390.0 24.90466284722681 22.356764388999338
390.5 24.906493038835396 22.35730194614044
390.9999999999999 24.90829308021537 22.357846988636275
391.5 24.91013059339008 22.35839630497033
392.0 24.911969293242212 22.358941162842555
392.4999999999999 24.913796435257744 22.359490267787542
393.0 24.915603030949825 22.360040399913576
393.5 24.917434277574873 22.360591594983525
393.9999999999999 24.91928070591683 22.36113730398141
394.5 24.921123371841425 22.36168807739552
395.0 24.92295473908889 22.362243668582664
395.4999999999999 24.92477462317478 22.36279596989902
396.0 24.926607542820065 22.363343724415007
396.5 24.92847468082841 22.363897021142453
396.9999999999999 24.93031828067506 22.364454848937548
397.5 24.932172570493883 22.36501425617306
398.0 24.93400629658419 22.365571395824887
398.4999999999999 24.935857957316024 22.366134810004766
399.0 24.937718476997198 22.366687766317366
399.5 24.93957239732303 22.367255636099486
399.9999999999999 24.941421994533954 22.36780855384213
400.5 24.94328597477592 22.368373035315802
401.0 24.945140111459235 22.368932191531886
401.4999999999999 24.947027928823857 22.369498719634766
402.0 24.948883060027782 22.370061191542213
402.5 24.95075104716158 22.370632887967687
402.9999999999999 24.952633214425965 22.371195370053734
403.5 24.954490057297967 22.371763100944992
404.0 24.956367717704182 22.37232864392526
404.4999999999999 24.958231314250135 22.372901099345075
405.0 24.960115449432728 22.373470609093076
405.5 24.962002065030127 22.374038301752712
405.9999999999999 24.963888564234487 22.374609879492677
406.5 24.965769432048152 22.375184275969637
407.0 24.967649722951496 22.375754646860543
407.4999999999999 24.969549255273296 22.376329479169357
408.0 24.971440486835803 22.376908023778196
408.5 24.97332729359734 22.377478693329216
408.9999999999999 24.975226514759786 22.378066684145832
409.5 24.977102996986016 22.378632844359835
410.0 24.979025377883076 22.379215493033456
410.4999999999999 24.98093746889051 22.379799758514718
411.0 24.982846635983236 22.380380389296754
411.5 24.98472248047577 22.380961176199076
411.9999999999999 24.986656244504882 22.381542709945013
412.5 24.988561545417383 22.382119098767404
413.0 24.9904854838774 22.382712919773944
413.4999999999999 24.992396353440142 22.383298259284558
414.0 24.994312459823774 22.383881428047157
414.5 24.99624131375473 22.384469880427893
414.9999999999999 24.99816897123004 22.385052259514836
415.5 25.00009194629532 22.385650869740203
416.0 25.002026743864576 22.386244227728106
