FastTrWP/PhaseSpace/IAs/snIa_0.55_30.00_0.05_-0.16.csv
# %ECSV 0.9
# ---
# datatype:
# - {name: time-rel, datatype: float64}
# - {name: g, datatype: float64}
# - {name: i, datatype: float64}
# schema: astropy-2.0
time-rel g i
[from data line 2511]
838.5 25.52532923551739 23.327603399256848
839.0 25.526609710223212 23.328620707908737
839.5 25.527910838945076 23.32961975381039
840.0 25.529177123336936 23.330621535992456
840.5 25.530428816044118 23.33164505339456
841.0 25.531718313286326 23.33264304880476
841.5 25.533047670127708 23.333646983911144
842.0 25.534318925918008 23.334654712966604
842.5 25.535613292783914 23.335666360757333
843.0 25.536925363926784 23.33667275816589
843.5 25.53825525532382 23.337689412653052
844.0 25.5395641040203 23.338693232540706
844.5 25.5408876633956 23.33970177641249
845.0 25.54218760298172 23.340713779796882
845.5 25.543464282850255 23.34173847355998
846.0 25.5448321804907 23.342737537522773
846.5 25.546148210097677 23.34375161998523
847.0 25.54749227864423 23.344769560660822
847.5 25.54883475351843 23.345782769557246
848.0 25.55021651442364 23.346787779623916
848.5 25.551535062170593 23.347808907976027
849.0 25.55288585063415 23.34882045136489
849.5 25.554226328162528 23.349847455838724
850.0 25.555572178488735 23.35085512399335
850.5 25.55697097118815 23.351864048319193
851.0 25.558320216414 23.352881020016518
851.5 25.559687408926482 23.353901727116614
852.0 25.56103838248145 23.354929759721056
852.5 25.56243423670061 23.35593822742563
853.0 25.563826705476934 23.356957456349704
853.5 25.565198582622845 23.357979156803207
854.0 25.56659646302242 23.35899369907154
854.5 25.567994942769438 23.360017147329394
855.0 25.56937963900035 23.36103781845432
855.5 25.57079719706577 23.362059683550918
856.0 25.572179163527466 23.36308455141641
856.5 25.573629849320984 23.364097355057105
857.0 25.575028939472514 23.365116938928004
857.5 25.576418734032544 23.366128175973092
858.0 25.577860326065462 23.36715937026375
858.5 25.57928446460647 23.368175626491258
859.0 25.58072239625644 23.36920139365499
859.5 25.582145079960583 23.3702234500409
860.0 25.58359344326604 23.371245331755137
860.5 25.58502341509946 23.372264241355403
861.0 25.58645757817108 23.373298753776417
861.5 25.587927169803727 23.374325891143645
862.0 25.589353853079043 23.375349951543505
862.5 25.59081773183104 23.37637409114312
863.0 25.592293902063478 23.377395952778777
863.5 25.593760577522744 23.378420439502513
864.0 25.59526321285152 23.379442049113962
864.5 25.596731169624498 23.380480944341247
865.0 25.598199570012177 23.38149437378155
865.5 25.599683680437284 23.38253576949615
866.0 25.601172321016378 23.383559789908965
866.5 25.60264917673581 23.384589118431887
867.0 25.604161783106104 23.385623084655272
867.5 25.60566529107852 23.38665458070386
868.0 25.607187196712104 23.387687723910197
868.5 25.608716551039066 23.38870781848368
869.0 25.61022840501185 23.389744322015513
869.5 25.61176179592668 23.390776879591023
870.0 25.613266948948535 23.391805257106263
870.5 25.614801181809995 23.392857220349704
871.0 25.616363182466728 23.39387859486681
871.5 25.61787980827479 23.394917441608886
872.0 25.61942433589148 23.395954760667408
872.5 25.620991312323383 23.396995888480703
873.0 25.622542453593834 23.39803189886675
873.5 25.624114621854027 23.399056040004847
