FastTrWP/PhaseSpace/IAs/snIa_0.33_30.00_-0.16_-0.06.csv
# %ECSV 0.9
# ---
# datatype:
# - {name: time-rel, datatype: float64}
# - {name: g, datatype: float64}
# - {name: i, datatype: float64}
# schema: astropy-2.0
time-rel g i
[from data line 1016]
711.8125 22.821129251073256 22.582120768929673
712.3125 22.82192485470869 22.58199760038124
712.8125 22.82270754168357 22.581886071464368
713.3125 22.823509356182292 22.581772466654066
713.8125 22.824295679138334 22.581670790620443
714.3125 22.8250923018015 22.5815647384422
714.8125 22.825904874793554 22.58146109880289
715.3125 22.826701408720535 22.581359763319725
715.8125 22.827516399394057 22.581256351803
716.3125 22.82831764567745 22.58116511531967
716.8125 22.829135393826476 22.581074651090205
717.3125 22.829941908903223 22.580976613564474
717.8125 22.830756303795052 22.580893757169697
718.3125 22.831576051341646 22.580803966193066
718.8125 22.832391729968066 22.580715132574888
719.3125 22.833214686503545 22.580636210226118
719.8125 22.834038483476036 22.580557623558043
720.3125 22.834867485064994 22.580482896037104
720.8125 22.835693296302 22.58040396388467
721.3125 22.836521699903148 22.580331531738317
721.8125 22.837354095491563 22.580266247469364
722.3125 22.838180147335866 22.58019889730786
722.8125 22.83900927072807 22.580129285674097
723.3125 22.839843940424487 22.58006731215076
723.8125 22.840679544431595 22.580009180293242
724.3125 22.841517009454453 22.57995404266561
724.8125 22.842351344910938 22.579893058967304
725.3125 22.843190007491568 22.57983635711696
725.8125 22.844039562839974 22.579788466941725
726.3125 22.8448766941435 22.57974543609278
726.8125 22.845738173827975 22.579698460285815
727.3125 22.846582281066347 22.57965413960791
727.8125 22.84744457170146 22.57961847507464
728.3125 22.84829864499683 22.579573225138407
728.8125 22.849161157140195 22.57954830229583
729.3125 22.850028204135704 22.57950795606861
729.8125 22.850899663030578 22.57947588131683
730.3125 22.851764906506922 22.579454101323982
730.8125 22.852631732751885 22.579425325944534
731.3125 22.85349990466514 22.57940587805123
731.8125 22.85439177865497 22.579384015909902
732.3125 22.855270645810265 22.579362784888012
732.8125 22.856152038164094 22.57934017446623
733.3125 22.857037253988565 22.579340495474227
733.8125 22.85792825263102 22.57933199372311
734.3125 22.858816135386707 22.579321126608004
734.8125 22.859710615196725 22.579316391647687
735.3125 22.860605874374144 22.579312659416793
735.8125 22.861506939583233 22.579307678237978
736.3125 22.862413731025608 22.579314927889286
736.8125 22.863313942396275 22.579309337906224
737.3125 22.864226050755562 22.57932367703357
737.8125 22.865143810104644 22.57933564868711
738.3125 22.866054870699607 22.579338893847254
738.8125 22.866970912762472 22.579359353883714
739.3125 22.8678942010012 22.57937328574295
739.8125 22.86880969062121 22.579396729699877
740.3125 22.86973982357481 22.579410705328982
740.8125 22.87066489621603 22.57943609912021
741.3124999999999 22.871594931869723 22.579463759716205
741.8125 22.872517161230693 22.579491255551464
742.3125 22.873459967543145 22.57952734165758
742.8124999999999 22.874401818577525 22.579551308792404
743.3125 22.87534309328352 22.57958889883912
743.8125 22.87628634403419 22.579626063293713
744.3124999999999 22.877228286320314 22.579670538421563
744.8125 22.878189416805263 22.579716008172348
745.3125 22.879131894985292 22.579761956197384
745.8124999999999 22.8800850874324 22.57980521195948
746.3125 22.881041779668585 22.579860035528057
746.8125 22.88200319824368 22.5798991834742
747.3124999999999 22.88296691446928 22.579952973133473
747.8125 22.883929957013102 22.58001530797887
748.3125 22.88489890055194 22.580069158759024
748.8124999999999 22.885860003808347 22.580130201431587
749.3125 22.88684387229174 22.58019344780343
749.8125 22.887817177904104 22.580264548402834
750.3124999999999 22.8887984922546 22.580330914015093
750.8125 22.889772362765413 22.580401898944096
751.3125 22.890748425635408 22.580472666865624
751.8124999999999 22.89173683891839 22.580542685733683
752.3125 22.892733616723802 22.580621961149486
752.8125 22.893713178947138 22.580698028686168
753.3124999999999 22.894713176373138 22.580779290556805
753.8125 22.895707901981247 22.580862576140493
754.3125 22.896706353614668 22.580953806061153
754.8124999999999 22.897705452608065 22.581038439505413
755.3125 22.89869986437128 22.58112448891869
755.8125 22.89970676761606 22.581224973987734
756.3124999999999 22.90071959068099 22.58131572977238
756.8125 22.901727705523214 22.581412589532487
757.3125 22.902746012533907 22.58150379222492
757.8124999999999 22.903757594638886 22.58161536646657
758.3125 22.904781618854763 22.58171531049003
758.8125 22.905801944155115 22.581819530579903
759.3124999999999 22.906833588705688 22.58192841950339
759.8125 22.90786286482016 22.582041174405
760.3125 22.908892537979597 22.582155818540926
760.8124999999999 22.909920168680145 22.58227028804614
761.3125 22.910966863922965 22.58239346819956
761.8125 22.91200849034775 22.582508417760387
762.3124999999999 22.913052684415746 22.58263306349338
762.8125 22.914100042077887 22.582764538991213
763.3125 22.915149253510275 22.58289214499414
763.8124999999999 22.916203373518897 22.583025281757685
764.3125 22.917260303988847 22.583154715454533
764.8125 22.918319382671477 22.583291234218436
765.3124999999999 22.91937370318079 22.583425044526653
765.8125 22.920446165726815 22.58357089281004
766.3125 22.921524445990823 22.583718301642097
766.8124999999999 22.922584567030974 22.583854170822754
767.3125 22.92366524703905 22.584000983503564
767.8125 22.924744155347348 22.584154055819162
768.3124999999999 22.925816166771916 22.584303723622515
768.8125 22.926905995988157 22.584454634465324
769.3125 22.927987568155274 22.58461773517057
769.8124999999999 22.92907775613744 22.584774014662333
770.3125 22.930174228514574 22.584935488817266
770.8125 22.931261337645346 22.585101851961355
771.3124999999999 22.932364213223885 22.585257132885857
771.8125 22.93346356633168 22.585429915106694
772.3125 22.934561681868093 22.58560485865531
772.8124999999999 22.93566883778142 22.585773261755552
773.3125 22.936785156765307 22.585945860915444
773.8125 22.937895897226607 22.586115695432824
774.3124999999999 22.939004759176548 22.586310647613075
774.8125 22.940117113621174 22.586481477081456
775.3125 22.94125322884911 22.586670424064664
775.8124999999999 22.942368011306797 22.586856818829965
776.3125 22.943497385924285 22.587043809451725
776.8125 22.944615128185355 22.58722646239839
777.3124999999999 22.945750256217778 22.587425434276387
777.8125 22.946882455398754 22.587618833509644
778.3125 22.948021977773358 22.587816164003527
778.8124999999999 22.94915655338649 22.588018088100874
779.3125 22.95029658871972 22.588224326690444
779.8125 22.951439655365732 22.588424164103486
780.3124999999999 22.952589381383447 22.58862881928119
780.8125 22.95373164830954 22.588839326937155
781.3125 22.954885976711786 22.589049434914415
781.8124999999999 22.956041475931425 22.589264745530425
782.3125 22.957195672162513 22.589480566827007
782.8125 22.958347352465612 22.589691419931572
783.3124999999999 22.95950920684487 22.589906430747384
783.8125 22.960675038661535 22.59013669722495
784.3125 22.961843459528115 22.59035385586724
784.8124999999999 22.963013397381246 22.590580793797017
785.3125 22.96418812910837 22.59081155180596
785.8125 22.96535743806089 22.591042177864352
786.3124999999999 22.966536876689055 22.591275597350695
786.8125 22.967708644752413 22.591503694899018
787.3125 22.96889587260891 22.591738612241137
787.8124999999999 22.970073719223613 22.591975750872052
788.3125 22.971261389931804 22.592219977901294
788.8125 22.972446447420722 22.592456653939653
789.3124999999999 22.973640400082328 22.592701956659344
789.8125 22.974832948894207 22.59294861716961
790.3125 22.976046903862514 22.59319114055333
790.8124999999999 22.977248143303747 22.593441843473286
791.3125 22.97845500123936 22.593704524384897
791.8125 22.97967284109709 22.593946876939572
792.3124999999999 22.980885000564975 22.59419745256642
792.8125 22.98210737778586 22.594459917568116
793.3125 22.983330506447427 22.594722143773403
793.8124999999999 22.98456804317198 22.59497740300182
794.3125 22.98579564587666 22.59524006054688
794.8125 22.987037606075766 22.595514668048825
795.3124999999999 22.98826368895666 22.59577822662792
795.8125 22.98952363616442 22.59604767275542
796.3125 22.990769439699168 22.596319097023656
796.8124999999999 22.992022240277777 22.59659066867256
797.3125 22.99326310295831 22.596872059328533
797.8125 22.994534558561565 22.597149323025455
798.3124999999999 22.995780782457462 22.59742810204012
798.8125 22.99704706080377 22.59770791649924
799.3125 22.998312206467656 22.59799783336931
799.8124999999999 22.999580481112353 22.598283167946775
800.3125 23.000856795678462 22.598572358273966
800.8125 23.002129219339366 22.59886072546165
801.3124999999999 23.003406236152472 22.59916022884235
801.8125 23.00469173947759 22.59945405552639
802.3125 23.005974417970027 22.599756465625628
802.8124999999999 23.00725834983245 22.600053326126584
803.3125 23.00854105617985 22.600368166048
803.8125 23.009832564297454 22.600670316207268
804.3124999999999 23.011126802303117 22.600976882202943
804.8125 23.012420476336516 22.601295350138106
805.3125 23.013723045939773 22.60160413871596
805.8124999999999 23.015010270691416 22.60191795499861
806.3125 23.016319972730358 22.602236616779123
806.8125 23.017624816259172 22.602562626405916
807.3124999999999 23.018927488502534 22.602879514138007
807.8125 23.020227088508133 22.60321074615558
808.3125 23.021540871101458 22.6035450165802
808.8124999999999 23.02285825922539 22.603869945274933
809.3125 23.02416178144803 22.604201570146838
809.8125 23.02547567995193 22.6045440151815
810.3124999999999 23.026791367556598 22.604881573725315
810.8125 23.028090946632858 22.605228805055198
811.3125 23.02941803015248 22.60556772492469
811.8124999999999 23.030735589364046 22.605919486158754
812.3125 23.032060901225563 22.606271573821207
812.8125 23.03337624310581 22.60662403308771
813.3124999999999 23.034697506300667 22.60698571212692
813.8125 23.03602305465344 22.60733818547092
814.3125 23.037347562196118 22.60770364017525
814.8124999999999 23.03867441504314 22.608062663054685
815.3125 23.039996146447706 22.608443995880776
815.8125 23.04131932268353 22.60880813400034
816.3124999999999 23.042639733712523 22.60918575457277
816.8125 23.04396978651374 22.609564143616122
817.3125 23.04529129381813 22.609940477915544
817.8124999999999 23.04661140171314 22.61032578417783
818.3125 23.047948065010765 22.61071601871247
818.8125 23.049277202912727 22.611102231964317
819.3124999999999 23.0506026467986 22.61149110421139
819.8125 23.051922428176713 22.611889026277964
820.3125 23.05324913403019 22.612285010266582
820.8124999999999 23.054581835447916 22.612690037444956
821.3125 23.055913512734477 22.613094039156707
821.8125 23.05724964145499 22.613499769735384
822.3124999999999 23.05857300339796 22.613914046847473
822.8125 23.059907480725137 22.614329993888525
823.3125 23.061242316746373 22.614745305847684
823.8124999999999 23.062590561789882 22.615167293330416
824.3125 23.06392560718164 22.615581452656883
824.8125 23.06526860964563 22.6160092369981
825.3124999999999 23.066622657627782 22.61643558338306
825.8125 23.06795689086957 22.616869455046075
826.3125 23.069312142220028 22.617304153094075
826.8124999999999 23.070659194188693 22.61773790523179
827.3125 23.07200561696787 22.618181843332792
827.8125 23.073364990253996 22.61862553488497
828.3124999999999 23.0747162478378 22.61906725299648
828.8125 23.07607900463543 22.61950836432336
829.3125 23.07743771393625 22.61996692968884
829.8124999999999 23.078790703682692 22.62042040206161
830.3125 23.080155860461197 22.620870508353974
830.8125 23.081524275674855 22.6213324233794
831.3124999999999 23.082874229986587 22.621789661678584
831.8125 23.084246749839004 22.622262787941715
832.3125 23.0856163810568 22.622726429693202
832.8124999999999 23.086979030287704 22.623192873090517
833.3125 23.088357003619183 22.623676508742143
833.8125 23.089739477081235 22.624149182691028
834.3124999999999 23.09110748138084 22.624627627435153
834.8125 23.09247976208452 22.62511109726066
835.3125 23.09386323230758 22.625596104188016
835.8124999999999 23.095230733723085 22.626074860213166
836.3125 23.096618029455716 22.626574891966115
836.8125 23.098000936783805 22.627061469625126
837.3124999999999 23.09937712435421 22.627567458263353
837.8125 23.100762632276712 22.628058634959295
838.3125 23.102145470203848 22.628562489976495
838.8124999999999 23.10353427546728 22.629067545870235
839.3125 23.104921880548737 22.629578924798267
839.8125 23.106302192808617 22.630076706422635
840.3124999999999 23.107689893616907 22.630593728367323
840.8125 23.109094032171313 22.631115259415857
841.3125 23.11048594208635 22.63162935913012
841.8124999999999 23.111873984968312 22.632153276662606
842.3125 23.113276951803677 22.632673507726917
842.8125 23.114676314725557 22.63319923383431
843.3124999999999 23.116056457877733 22.6337233568741
843.8125 23.117458972755955 22.63426622803013
844.3125 23.118858646237328 22.634796239439645
844.8124999999999 23.120268276355386 22.63533578543173
845.3125 23.121659028500694 22.635877010008546
845.8125 23.123062743463638 22.636415140710334
846.3124999999999 23.124466411348706 22.636966012009495
846.8125 23.125881571896034 22.637508076860296
847.3125 23.127286897997376 22.638065816849235
847.8124999999999 23.12868462513749 22.638625985177427
848.3125 23.13009802685614 22.63917773965437
848.8125 23.131498891003424 22.63974200662801
849.3124999999999 23.13291539676461 22.640295294689704
849.8125 23.134318818136457 22.640871728103775
850.3125 23.13573306992209 22.641440987235942
850.8124999999999 23.137152797958628 22.642010389425714
851.3125 23.138558535809338 22.642580710429453
851.8125 23.139968350404814 22.643161616239496
852.3124999999999 23.141385312393304 22.64373614908782
852.8125 23.142800912840915 22.644326419317984
853.3125 23.144213792686855 22.644910126080738
853.8124999999999 23.145626373467234 22.645497290854205
854.3125 23.147060131389846 22.646088967065914
854.8125 23.148471477466327 22.64668258976965
855.3124999999999 23.14989943568447 22.647278646554945
855.8125 23.151314707554906 22.647886868926335
856.3125 23.152741472185554 22.648489075752643
856.8124999999999 23.154163670918297 22.649101876917335
857.3125 23.155583585400784 22.649708917476097
857.8125 23.15701301920342 22.65032374585697
858.3124999999999 23.158435261182696 22.650939058267273
858.8125 23.159867050284426 22.65155308822728
859.3125 23.161314016931374 22.652176000788987
859.8124999999999 23.16274061524932 22.652802768602683
860.3125 23.16416866121618 22.6534381211215
860.8125 23.165615835333284 22.654066235767672
861.3124999999999 23.167045205903566 22.65470157067699
861.8125 23.168478479254016 22.655341900689038
862.3125 23.169919964697097 22.65598100546009
862.8124999999999 23.171357269486382 22.65662041590126
863.3125 23.17279821961225 22.65726218509922
863.8125 23.174239992354483 22.65792513119028
864.3124999999999 23.17568144952167 22.658572914145125
864.8125 23.177118485511702 22.65923701325342
865.3125 23.178580134298233 22.659885134704272
865.8124999999999 23.180014347238483 22.66055276682822
866.3125 23.181469264438086 22.661215597399472
866.8125 23.182916751697675 22.661886830367624
867.3124999999999 23.184371860148325 22.662559583920256
867.8125 23.185827829869897 22.663228733128125
868.3125 23.187277911468655 22.66390669294899
868.8124999999999 23.188734527124954 22.664574605796133
869.3125 23.190184379678712 22.665264704960766
869.8125 23.19165122243756 22.665947884123838
870.3124999999999 23.193109655338024 22.666637621203765
870.8125 23.19456288879717 22.667327131993265
871.3125 23.196035796836863 22.668018821605
871.8124999999999 23.197493570486337 22.668719168840823
872.3125 23.198954883408934 22.66941794049351
872.8125 23.200428238216052 22.670124671616975
873.3124999999999 23.201887723831046 22.670827335641736
873.8125 23.203357720153814 22.6715366531381
874.3125 23.204836710193252 22.672246680274476
874.8124999999999 23.206310913844185 22.672957030580186
875.3125 23.20776695399963 22.673681746896577
