FastTrWP/PhaseSpace/IAs/snIa_0.35_30.00_1.07_0.16.csv
# %ECSV 0.9
# ---
# datatype:
# - {name: time-rel, datatype: float64}
# - {name: g, datatype: float64}
# - {name: i, datatype: float64}
# schema: astropy-2.0
time-rel g i
[from data line 1076]
110.5 23.107964323484925 22.296103763707254
111.0 23.108630339853484 22.296002324789615
111.5 23.109304895018848 22.295911144603778
112.0 23.1099755062119 22.295818835710385
112.5 23.110648987594328 22.29573147923571
113.0 23.111337474135844 22.295634413718304
113.5 23.11200335509969 22.295553695077967
114.0 23.112690098266913 22.29546871870607
114.5 23.113381557430607 22.295382271248798
115.0 23.114059308799067 22.295303293423853
115.5 23.114744496171777 22.2952229552976
116.0 23.11544076031947 22.295148456739057
116.5 23.116126967639975 22.295070589459407
117.0 23.116820407188076 22.29499469797688
117.5 23.11752459005657 22.29492103612659
118.0 23.11821858701949 22.294856204839817
118.5 23.118918255615647 22.29479140699061
119.0 23.119618544018955 22.294718184354263
119.5 23.120322446397953 22.294660633240504
120.0 23.121030198417017 22.294592463464255
120.5 23.121736007997015 22.294529176526574
121.0 23.12243783571467 22.294468409937874
121.5 23.123152516550014 22.294415348885526
122.0 23.123858580379245 22.294360636033804
122.5 23.124574392080333 22.294299121299538
123.0 23.12528822196724 22.29424808838873
123.5 23.12599425588004 22.29419901701548
124.0 23.126715156973887 22.29414651118318
124.5 23.127437678468294 22.294094200248846
125.0 23.128144969173874 22.29405540009061
125.5 23.128865830501923 22.29401046384071
126.0 23.12959355626319 22.29396393003877
126.5 23.130300768088766 22.293925420060464
127.0 23.13102337198722 22.293883143663194
127.5 23.131758712632177 22.293840062826074
128.0 23.132474765380863 22.293819108966446
128.5 23.13320357708655 22.29377654375802
129.0 23.133926765798552 22.29373489536441
129.5 23.134654556139253 22.29370873591059
130.0 23.135375860640266 22.293677568525737
130.5 23.13611415139155 22.293656215954535
131.0 23.13683848609713 22.293627310198968
131.5 23.137572411167476 22.293610288594216
132.0 23.138303364668683 22.293573894018962
132.5 23.13904448714873 22.293565506413977
133.0 23.139781318992753 22.293540236129225
133.5 23.14052250098831 22.29352401975482
134.0 23.141269199766768 22.293508874746152
134.5 23.142010600654963 22.293495648957276
135.0 23.14275651869776 22.293481902539533
135.5 23.143507730083716 22.29347446972991
136.0 23.144259513685512 22.29346342477097
136.5 23.145010561798607 22.29345425974824
137.0 23.145759314953946 22.293452422389986
137.5 23.14652600564827 22.293449052067828
138.0 23.147272052229226 22.29345046671686
138.5 23.148031409540366 22.29345451385612
139.0 23.14879706070238 22.29345430426825
139.5 23.149561150673748 22.293461061695027
140.0 23.150326583280737 22.29346727067909
140.5 23.151094506809173 22.293476978429972
141.0 23.151858435561635 22.29348592481337
141.5 23.152633981931427 22.293495665881462
142.0 23.15339841224366 22.293511573201187
142.5 23.15416930928125 22.293522863533717
143.0 23.154949409773753 22.293541897940415
143.5 23.15572374662117 22.293552997553086
144.0 23.156493200650694 22.293575571885377
144.5 23.157282189225445 22.293603099761228
145.0 23.15806537703596 22.293620065187444
145.4999999999999 23.158852077104527 22.29365093759954
146.0 23.159637253531102 22.29367609748522
146.5 23.16041968732199 22.29370643109419
146.9999999999999 23.161213503361346 22.293731628188375
147.5 23.162005657956712 22.293762268867564
148.0 23.162788535075094 22.29380035880788
148.4999999999999 23.16359588446741 22.293838070395267
149.0 23.164374965656766 22.29387856066416
149.5 23.165181829664657 22.293908575993115
149.9999999999999 23.16597804457421 22.293948488498042
150.5 23.166779564823848 22.29399340867779
151.0 23.167582824561435 22.294041561731955
151.4999999999999 23.16839323450043 22.294082909922942
152.0 23.16919186088517 22.2941271240538
152.5 23.16999145283357 22.294180778259918
152.9999999999999 23.17081417225232 22.294228318206905
153.5 23.17161815189719 22.294279541720442
154.0 23.17244177752139 22.294333618107775
154.4999999999999 23.17325241430882 22.29438626729284
155.0 23.17406834587287 22.294445080681207
155.5 23.174881543949688 22.29450592176292
155.9999999999999 23.175694787140863 22.29456357851045
156.5 23.176520196533687 22.29461625569863
157.0 23.177349954522924 22.29468467203929
157.4999999999999 23.17815853111621 22.294748704706354
158.0 23.178994193848617 22.29481912650386
158.5 23.179822945656348 22.294888278165537
158.9999999999999 23.180644878542047 22.294957611418535
159.5 23.181467430356232 22.295030485223947
160.0 23.182311793800487 22.2951016657826
160.4999999999999 23.183144833663153 22.29517614523786
161.0 23.183969952346224 22.295249678608364
161.5 23.18481006365808 22.295321896282715
161.9999999999999 23.185653910767474 22.295399786497985
162.5 23.186484883947536 22.295487751476315
163.0 23.187327899692857 22.295574664681954
163.4999999999999 23.188163504262075 22.295647372628146
164.0 23.18901444694521 22.295742514989286
164.5 23.18985750147 22.295827913484466
164.9999999999999 23.190712891794828 22.295912730319326
165.5 23.191558913742824 22.296008418678564
166.0 23.192401156184744 22.296104834780593
166.4999999999999 23.193262424908916 22.2961905486427
167.0 23.194124006261255 22.29629183370789
167.5 23.194981442628585 22.296390645882926
167.9999999999999 23.19583072177945 22.296488806336818
168.5 23.196700880210805 22.2965938999042
169.0 23.19757187683627 22.29669643772679
169.4999999999999 23.198444929843205 22.296801626155933
170.0 23.199309357944284 22.29690561972319
170.5 23.20017281300543 22.29701886289943
170.9999999999999 23.20103637643492 22.2971255265754
171.5 23.201924213706295 22.297239798765606
172.0 23.20279891095482 22.297351666264397
172.4999999999999 23.203672294110316 22.297466762576118
173.0 23.204546768653422 22.297585811117425
173.5 23.205431540076322 22.29769801675134
173.9999999999999 23.20630961444806 22.297824028351858
174.5 23.2072033385208 22.297943284174593
175.0 23.2080814316868 22.298070029383958
175.4999999999999 23.20897121596179 22.29819199698841
176.0 23.209856831721535 22.29832181409899
176.5 23.21074532356317 22.298444754459727
176.9999999999999 23.21164522975063 22.298572469078252
177.5 23.212534953918045 22.298704315407893
178.0 23.21343108258299 22.298836132788256
178.4999999999999 23.214334723748628 22.298973565645653
179.0 23.21523406765953 22.29910663298789
179.5 23.216129239086797 22.299250664067497
179.9999999999999 23.217035906317697 22.299387259640817
180.5 23.217954305732007 22.29953217544451
181.0 23.218848308293705 22.29967071460871
181.4999999999999 23.219755359847007 22.299819132343167
182.0 23.220664881768464 22.29996101574511
182.5 23.221574623973567 22.300111825845995
182.9999999999999 23.22248302283104 22.30025770818962
183.5 23.22340776270468 22.30041096091322
184.0 23.224320768975527 22.300561925911275
184.4999999999999 23.22523539620027 22.300713753091156
185.0 23.226158868815023 22.30086969468028
185.5 23.22707638534314 22.301030413722714
185.9999999999999 23.22800191337574 22.30119068086161
186.5 23.22892754526611 22.30134434823308
187.0 23.22985027322432 22.30150720688873
187.4999999999999 23.23077699087081 22.301668672675383
188.0 23.23170035774417 22.301835602355247
188.5 23.232634168525866 22.30200236658613
188.9999999999999 23.233569651084988 22.30216861883453
189.5 23.23449916972221 22.302346899520728
190.0 23.235432450163678 22.302512070230577
190.4999999999999 23.23637229043132 22.302680783893454
191.0 23.23731869368504 22.302851942677435
191.5 23.238252260895372 22.30302799249467
191.9999999999999 23.239194421262624 22.30320212087934
192.5 23.240136276693736 22.303377675710795
193.0 23.241059372995608 22.30356069765739
193.4999999999999 23.24202062655076 22.303733595855352
194.0 23.242960190202876 22.303919484065325
194.5 23.243910568043443 22.30410343022639
194.9999999999999 23.24486473526383 22.30429299583449
195.5 23.245811908341505 22.304472775849234
196.0 23.24677052228166 22.304664487175636
196.4999999999999 23.247723007896823 22.304861448592526
197.0 23.248681173016145 22.305045175686683
197.5 23.24965056841645 22.305238348026815
197.9999999999999 23.250618527109353 22.305435159377808
198.5 23.2515763514254 22.305624213172564
199.0 23.252547235098415 22.30582705295534
199.4999999999999 23.253517801979516 22.306022042047537
200.0 23.2544817119918 22.306221249615792
200.5 23.25546091022281 22.306426149313914
200.9999999999999 23.256442087257177 22.306629046849082
201.5 23.25742386605945 22.306830908551056
202.0 23.258405073967168 22.307041603791493
202.4999999999999 23.25939259329159 22.307240023859478
203.0 23.26037139785852 22.307456337052702
203.5 23.26136355011064 22.30766413822621
203.9999999999999 23.262348033724987 22.307874108787104
204.5 23.263343347601563 22.308088477204638
205.0 23.264340185376096 22.308305324691347
205.4999999999999 23.26534313409637 22.308522018630107
206.0 23.26632234402537 22.308735868131265
206.5 23.26732319905102 22.308952983647433
206.9999999999999 23.26832309951751 22.30918616892182
207.5 23.269331396005676 22.30940111475831
208.0 23.27032943397676 22.309630870095432
208.4999999999999 23.271332903963327 22.309857364140086
209.0 23.27234371803017 22.310082450792162
209.5 23.273347051254625 22.310315541324343
209.9999999999999 23.274371609216047 22.310538256932496
210.5 23.275376774575818 22.310775258335333
211.0 23.27638687001784 22.311005619465753
211.4999999999999 23.277395140381046 22.311245478150248
212.0 23.278422088938697 22.311485284634408
212.5 23.279430577435 22.311721837453582
212.9999999999999 23.280454147216872 22.311961213113296
213.5 23.281474666043913 22.312209334355234
214.0 23.282480012905925 22.31245350912549
214.4999999999999 23.283503710775623 22.312693525823363
215.0 23.284525723976873 22.312945139139856
215.5 23.28554048894539 22.31319770847728
215.9999999999999 23.286568348866684 22.313444325025365
216.5 23.287592164196745 22.313701061891212
217.0 23.288616725797077 22.313953313315245
217.4999999999999 23.28964024105847 22.31421238524735
218.0 23.290667315807788 22.314471243383082
218.5 23.291699466487863 22.31473461291821
218.9999999999999 23.29272517060536 22.31499153176864
219.5 23.293758582456835 22.31525463554639
220.0 23.29479317977613 22.315523978888553
220.4999999999999 23.295815326441986 22.315790555404668
221.0 23.29685102921324 22.31605345749379
221.5 23.297875052398478 22.316334964814082
221.9999999999999 23.29890618519964 22.316604824719413
222.5 23.299943847488578 22.31687478670495
223.0 23.300973503773864 22.31715825066678
223.4999999999999 23.301993931597632 22.3174332232622
224.0 23.303036015578908 22.31770874733482
224.5 23.304065224027323 22.317987713183673
224.9999999999999 23.305096108173977 22.318279338022535
225.5 23.306138344828717 22.318557325944653
226.0 23.307158839766018 22.318845528978123
226.4999999999999 23.308197597747 22.319137740355963
227.0 23.309221142899595 22.319427033211007
227.5 23.310264553221195 22.319728937180518
227.9999999999999 23.311288620602166 22.32001815930595
228.5 23.312328919140715 22.32032260773017
229.0 23.31336831026006 22.320620538811944
229.4999999999999 23.31440850883267 22.320916147507642
230.0 23.315436690995814 22.321218424582348
230.5 23.316481727469196 22.321522362305647
230.9999999999999 23.31751768527439 22.321827720013076
231.5 23.318558187943054 22.322138107942774
232.0 23.31960995406408 22.322447350741264
232.4999999999999 23.32065177297013 22.322760951556116
233.0 23.321700574679788 22.32307446589793
233.5 23.32273940600436 22.323394162784794
233.9999999999999 23.32378678372994 22.323711281140017
234.5 23.324840709470248 22.32402420051065
235.0 23.32587958084561 22.324346483076734
235.4999999999999 23.326934460762665 22.32466946125758
236.0 23.327978144907746 22.324991424651486
236.5 23.329035805856186 22.32532126349469
236.9999999999999 23.330088297029874 22.32564466498705
237.5 23.33114260403265 22.325978008371163
238.0 23.33219942976978 22.32631217402954
238.4999999999999 23.333249055636212 22.326641947695478
239.0 23.334302635803773 22.32697824484729
239.5 23.335377623303014 22.327309990810488
239.9999999999999 23.33642550535684 22.327660934151602
240.5 23.33748201459297 22.327997888381304
241.0 23.3385444993762 22.328335636393728
241.4999999999999 23.339604844407322 22.328685903409117
242.0 23.340676508151248 22.3290226013916
242.5 23.341733120977107 22.329380349957333
242.9999999999999 23.342797554584173 22.32972514004728
243.5 23.34386367438845 22.33007723469612
244.0 23.34492359427486 22.330433248395003
244.4999999999999 23.34598953058668 22.3307906653795
245.0 23.34704947088766 22.331140990736955
245.5 23.348128385816537 22.33150005734271
245.9999999999999 23.34919550981413 22.331859348269703
246.5 23.350255280813478 22.332224570013103
247.0 23.351326575313102 22.33258842721177
247.4999999999999 23.35239961089907 22.332946761081054
248.0 23.35346787437075 22.33331920158429
248.5 23.354543334718926 22.33368569334138
248.9999999999999 23.355608685798657 22.334059891151444
249.5 23.35668332495244 22.33443033783682
250.0 23.357760208766596 22.33480333307152
250.4999999999999 23.358838438924984 22.33518389685176
251.0 23.35990642157432 22.335556721358465
251.5 23.3609877339037 22.33593545881528
251.9999999999999 23.36206326763824 22.336320839083925
252.5 23.363133918637374 22.33670561304305
253.0 23.3642120761481 22.337083617000427
253.4999999999999 23.36529933520797 22.3374678749965
254.0 23.366375863330102 22.337859082731043
254.5 23.36745844970697 22.338244959799813
254.9999999999999 23.368531424142 22.338642051935498
255.5 23.369617377042186 22.339027543064397
256.0 23.370695785805626 22.33942463246067
256.4999999999999 23.371769314965043 22.339820195489565
257.0 23.372848173061787 22.34022385753212
257.5 23.373941712440953 22.340615314946298
257.9999999999999 23.375019045887665 22.341016099455857
258.5 23.37609773303204 22.341419397441133
259.0 23.37718324283257 22.34182565122407
259.4999999999999 23.378269877173064 22.342229860491585
260.0 23.379360669250282 22.342644355666067
260.5 23.3804424690125 22.34305209933796
260.9999999999999 23.381531638381453 22.343462204443426
261.5 23.382615997702935 22.343873703630514
262.0 23.383701399958294 22.344287984560776
262.4999999999999 23.384788996457818 22.344709690493787
263.0 23.385884029469924 22.34512871740623
263.5 23.386971284375342 22.345549523044525
263.9999999999999 23.388054255636973 22.3459707439033
264.5 23.389152099227303 22.346395896365458
265.0 23.3902441718779 22.346821127020515
265.4999999999999 23.391330947527535 22.347254231040488
266.0 23.39241909993458 22.347682813949582
266.5 23.393514106207938 22.348116407830588
266.9999999999999 23.394621275836958 22.34855284523585
267.5 23.39570792467732 22.34898457764773
268.0 23.39680990390203 22.34942307197368
268.4999999999999 23.397903651123944 22.349857395434064
269.0 23.398994965047425 22.350307004143378
269.5 23.400097742406274 22.35074714643028
269.9999999999999 23.40119749761973 22.35119220861842
270.5 23.40229553926362 22.351643797532596
271.0 23.40338705104356 22.352086913964698
271.4999999999999 23.404493287027286 22.352539300157215
272.0 23.40559814887697 22.35299689627214
272.5 23.4067029278587 22.353445124356384
272.9999999999999 23.407807588479123 22.353907358680956
273.5 23.408907408272146 22.354362883023345
274.0 23.410001860326336 22.35482387645041
274.4999999999999 23.41111397380097 22.355280621991756
275.0 23.412220028790074 22.355746794179435
275.5 23.41332177207211 22.356207163444957
275.9999999999999 23.41443833006843 22.356670420156473
276.5 23.41553640672931 22.35714548987639
277.0 23.416659490580546 22.357615402960622
277.4999999999999 23.41775998528111 22.3580939691873
278.0 23.4188751553257 22.358559757772586
278.5 23.419979340458386 22.35903565541127
278.9999999999999 23.421102004462213 22.359520806808312
279.5 23.422208171386863 22.359998484265127
280.0 23.423317519705655 22.36047042635423
280.4999999999999 23.42443287032179 22.36095855730419
281.0 23.425551693898154 22.361441350372413
281.5 23.426670514634917 22.361933975294047
281.9999999999999 23.427781073851804 22.36241674502606
