FastTrWP/PhaseSpace/IAs/snIa_0.46_30.00_-1.32_0.02.csv
# %ECSV 0.9
# ---
# datatype:
# - {name: time-rel, datatype: float64}
# - {name: g, datatype: float64}
# - {name: i, datatype: float64}
# schema: astropy-2.0
time-rel g i
[from data line 2018]
1273.4791666666667 25.751085835577637 23.175991531956154
1273.9791666666667 25.752385399269325 23.176790474002047
1274.4791666666667 25.75371561868852 23.177597015017035
1274.9791666666667 25.755059676075412 23.178413719381666
1275.4791666666667 25.756378556820707 23.179219454406947
1275.9791666666667 25.75769076384426 23.180024025198797
1276.4791666666667 25.75900447642608 23.180835713478164
1276.9791666666667 25.760309612537128 23.18165007293143
1277.4791666666667 25.761619958724324 23.182455007834566
1277.9791666666667 25.762924499372417 23.183249399368737
1278.4791666666667 25.764211314372474 23.184065880565498
1278.9791666666667 25.765547948565693 23.184873534279262
1279.4791666666667 25.76684295461103 23.185687112302816
1279.9791666666667 25.768133091652686 23.1864850251729
1280.4791666666667 25.76942238481644 23.18729661440896
1280.9791666666667 25.77073769344235 23.18810516185437
1281.4791666666667 25.772045690809577 23.18891212321152
1281.9791666666667 25.77334671456307 23.189724101479268
1282.4791666666667 25.774637612494153 23.190529264100658
1282.9791666666667 25.775955215982272 23.191338642314925
1283.4791666666667 25.77725450151428 23.192139792686813
1283.9791666666667 25.77854439660237 23.192947489304068
1284.4791666666667 25.779872102051208 23.193755072387177
1284.9791666666667 25.781156632501908 23.194572312916385
1285.4791666666667 25.782475773782338 23.19537744469775
1285.9791666666667 25.783756621050834 23.196192322406333
1286.4791666666667 25.78507705209628 23.197005053913866
1286.9791666666667 25.786369799646756 23.19781489767606
1287.4791666666667 25.787692845364045 23.19861731701635
1287.9791666666667 25.78900275807456 23.199435736644087
1288.4791666666667 25.79035460361173 23.200245392853986
1288.9791666666667 25.79168407406327 23.20105396074691
1289.4791666666667 25.792999010931116 23.20186571691302
1289.9791666666667 25.794333120894947 23.20267959991428
1290.4791666666667 25.795628930872358 23.203490953639324
1290.9791666666667 25.79698750079567 23.204312360914535
1291.4791666666667 25.79830307140653 23.205127635952806
1291.9791666666667 25.79963659112133 23.205935744209757
1292.4791666666667 25.800970162237896 23.206752921396003
1292.9791666666667 25.802259526668493 23.207569186028955
1293.4791666666667 25.803576569242615 23.208375940947708
1293.9791666666667 25.804867640760442 23.209179054520405
1294.4791666666667 25.80613232074231 23.210003295352152
1294.9791666666667 25.80744178652801 23.21080617893839
1295.4791666666667 25.80868250234982 23.211619127924834
1295.9791666666667 25.810000157340177 23.212427987041785
1296.4791666666667 25.81126527535502 23.213235856676818
1296.9791666666667 25.812530855734256 23.214048287413256
1297.4791666666667 25.813773174420565 23.214856451243424
1297.9791666666667 25.815111506071243 23.215665921602117
1298.4791666666667 25.816326846863763 23.216471472548207
1298.9791666666667 25.817585651026008 23.21728444653256
1299.4791666666667 25.818833620256672 23.21809239896716
1299.9791666666667 25.820083925712858 23.218894214299297
1300.4791666666667 25.821354733638728 23.219699717662365
1300.9791666666667 25.82257312614582 23.220518076528656
1301.4791666666667 25.823818120512207 23.22132895178827
1301.9791666666667 25.825039564018674 23.22213240838467
1302.4791666666667 25.826280024083292 23.222942685361957
1302.9791666666667 25.82758142558166 23.22373570569205
1303.4791666666667 25.828781619759805 23.22455221322315
1303.9791666666667 25.829980472860555 23.225358164716212
1304.4791666666667 25.831242121125612 23.226157436161635
1304.9791666666667 25.832478032495665 23.226974693773393
1305.4791666666667 25.83371968912187 23.227778357084166
1305.9791666666667 25.83492526920212 23.22859420689667
1306.4791666666667 25.836158626095486 23.229408367629937
1306.9791666666667 25.837386262385586 23.230203267811163
1307.4791666666667 25.838630666770236 23.231009494836627
1307.9791666666667 25.83985113243102 23.231822462977778
1308.4791666666667 25.841062765145352 23.23263696400042
1308.9791666666667 25.84232744256253 23.233439976029814
1309.4791666666667 25.843556548982146 23.234247625019275
1309.9791666666667 25.844756882890604 23.235049844606962
1310.4791666666667 25.846009720611335 23.235865169503967
1310.9791666666667 25.847210557975938 23.236672484246846
1311.4791666666667 25.848436916694475 23.23747534340121
1311.9791666666667 25.84969337155122 23.23828983573078
1312.4791666666667 25.850945790507062 23.239099502309145
1312.9791666666667 25.852191044966084 23.239915753511266
1313.4791666666667 25.853406427457777 23.240726699504602
1313.9791666666667 25.854615236843365 23.2415365135019
1314.4791666666667 25.85589690976654 23.24234005244755
1314.9791666666667 25.857139048087245 23.243150290405108
1315.4791666666667 25.858366700289977 23.24396168357531
1315.9791666666667 25.85963128732894 23.244779482035447
1316.4791666666667 25.860910118682497 23.24558690751298
1316.9791666666667 25.862177483835783 23.246408369999894
1317.4791666666667 25.863428586991617 23.247218780047895
1317.9791666666667 25.864704082532416 23.248028991421986
1318.4791666666667 25.865973115493265 23.24884671456701
1318.9791666666667 25.86725835191235 23.249664284017364
1319.4791666666667 25.868524411401438 23.2504724358966
1319.9791666666667 25.869789919661237 23.25130199750295
1320.4791666666667 25.87112391051467 23.252110512721217
1320.9791666666667 25.872405089573355 23.252922857329747
1321.4791666666667 25.873716316079367 23.253757868161312
1321.9791666666667 25.875019962018804 23.254566457334448
1322.4791666666667 25.876324229483853 23.25538110201515
1322.9791666666667 25.87762088197462 23.25619632339197
1323.4791666666667 25.878968338587626 23.257019212869793
1323.9791666666667 25.880330412590077 23.25784452331838
1324.4791666666667 25.881625847011808 23.258667031162087
1324.9791666666667 25.88301670443437 23.25948546023848
1325.4791666666667 25.88435265320758 23.26031451422262
1325.9791666666667 25.885695752952277 23.261134511147773
1326.4791666666667 25.887042795932416 23.261966717278337
1326.9791666666667 25.88842466292348 23.262786601394595
1327.4791666666667 25.889789685367862 23.263603077356695
1327.9791666666667 25.891147954189805 23.264441067265594
1328.4791666666667 25.892553579970908 23.265262484518985
1328.9791666666667 25.89393122708659 23.266080946088472
1329.4791666666667 25.89528094521397 23.26691062874009
1329.9791666666667 25.896663105490294 23.26774563057045
1330.4791666666667 25.898028647171827 23.268579949177276
1330.9791666666667 25.89943644347884 23.26938505990472
1331.4791666666667 25.900836906128795 23.2702237858734
1331.9791666666667 25.90222702038983 23.271055335029498
1332.4791666666667 25.90362453571082 23.27188639715638
1332.9791666666667 25.905010328552883 23.272712354854008
1333.4791666666667 25.906409996760527 23.27354726684446
1333.9791666666667 25.90778986344304 23.27437897937047
1334.4791666666667 25.90921898318179 23.275213649679166
1334.9791666666667 25.91061961189268 23.276033709477787
1335.4791666666667 25.912072967848083 23.27686889466677
1335.9791666666667 25.913440159170527 23.277699608808
1336.4791666666667 25.91486828427132 23.278546064616794
1336.9791666666667 25.916287071578946 23.27937207608438
1337.4791666666667 25.91772806981426 23.280202270996835
1337.9791666666667 25.919145661625763 23.28103699966067
1338.4791666666667 25.92056771751387 23.281871789725326
1338.9791666666667 25.92199580792377 23.28270586913178
1339.4791666666667 25.923444007482146 23.283542904456507
1339.9791666666667 25.9248781063538 23.284371197729023
1340.4791666666667 25.926303675310614 23.28521076440289
1340.9791666666667 25.927729403744078 23.286044065264115
1341.4791666666667 25.929203822926358 23.28687497738931
1341.9791666666667 25.930648732904032 23.287724403305052
1342.4791666666667 25.932100750612147 23.28855631449904
1342.9791666666667 25.933553021750356 23.289393598837226
1343.4791666666667 25.934994934100647 23.29022906844754
1343.9791666666667 25.93647121640845 23.29105755268454
1344.4791666666667 25.93793006106808 23.291912669499006
1344.9791666666667 25.939424205851147 23.292731734447663
1345.4791666666667 25.94086585100941 23.293570764387148
1345.9791666666667 25.94233174089513 23.294424835484815
1346.4791666666667 25.943819549538183 23.295263520427024
1346.9791666666667 25.94527662739434 23.29609798037872
1347.4791666666667 25.946786263056335 23.29693857885415
1347.9791666666667 25.948265153692823 23.29776529122331
1348.4791666666667 25.949728938126913 23.298613821647564
1348.9791666666667 25.951224148514925 23.299459890615587
1349.4791666666667 25.952711498426165 23.30029761304776
1349.9791666666667 25.9541957215237 23.301131461268447
1350.4791666666667 25.955698264307962 23.301975229937742
1350.9791666666667 25.95720359180847 23.302812319570414
1351.4791666666667 25.958706807998425 23.303655038021297
1351.9791666666667 25.960190454697504 23.304487685836936
1352.4791666666667 25.961683703613957 23.30533273297086
1352.9791666666667 25.963236665110262 23.30618052530378
1353.4791666666667 25.964730424500644 23.30701284189209
1353.9791666666667 25.966257014825022 23.30785250378249
1354.4791666666667 25.967781179888306 23.30869850730043
1354.9791666666667 25.96927959975407 23.30953495077033
1355.4791666666667 25.97082425427656 23.310379064589192
1355.9791666666667 25.97235398954467 23.311218201971855
1356.4791666666667 25.973871681238556 23.312063927868746
1356.9791666666667 25.975384212489104 23.312907122482876
1357.4791666666667 25.97695531821831 23.313755190889477
1357.9791666666667 25.978437129516372 23.314591587755586
1358.4791666666667 25.980053346819474 23.315430491428067
1358.9791666666667 25.981586159630645 23.31627261137011
1359.4791666666667 25.983113220925592 23.31711051281298
1359.9791666666667 25.98468048966394 23.317953964148096
1360.4791666666667 25.98622262075393 23.318800284295
1360.9791666666667 25.987730647786144 23.31964012829357
1361.4791666666667 25.989311978522373 23.320485936221292
1361.9791666666667 25.990895080516996 23.321335461700183
1362.4791666666667 25.992477740960346 23.322169650140477
1362.9791666666667 25.994030138667576 23.323007561207525
1363.4791666666667 25.995603447390376 23.32386024273463
1363.9791666666667 25.997188608639064 23.324706596732817
1364.4791666666667 25.998758127049555 23.32554839170101
1364.9791666666667 26.000338951124537 23.326396715084492
1365.4791666666667 26.001927149143725 23.32724726808726
1365.9791666666667 26.003513545156622 23.328083025821066
1366.4791666666667 26.00513645921461 23.328928597382145
1366.9791666666667 26.006722567358413 23.329769142533415
1367.4791666666667 26.008313466000132 23.330623125459006
1367.9791666666667 26.009919774258563 23.331467694062678
1368.4791666666667 26.011538632043365 23.33231408197213
1368.9791666666667 26.013118706771813 23.333162770452418
1369.4791666666667 26.01476049016979 23.334007541957796
1369.9791666666667 26.016383874047865 23.334862050752434
1370.4791666666667 26.017994969721833 23.335700524229857
1370.9791666666667 26.019602106995478 23.336550373135587
1371.4791666666667 26.02124597446286 23.337395984262752
1371.9791666666667 26.02287403093171 23.338255441894464
1372.4791666666667 26.024514743121443 23.339101389683865
1372.9791666666667 26.02613211287204 23.339952906290733
1373.4791666666667 26.02776238921832 23.340799800354407
1373.9791666666667 26.029399644987194 23.34163689576773
1374.4791666666667 26.031040129043248 23.342490397153618
1374.9791666666667 26.032716918455165 23.34334566195672
1375.4791666666667 26.0343573069919 23.34419506920836
1375.9791666666667 26.0360299811267 23.3450377086988
1376.4791666666667 26.03768708070179 23.345896144761294
1376.9791666666667 26.039330399414062 23.346741048625933
1377.4791666666667 26.04100370266074 23.347590309907538
1377.9791666666667 26.042671317448566 23.348440490595493
1378.4791666666667 26.044348645555345 23.34929224151702
1378.9791666666667 26.04602921107866 23.35013653711032
1379.4791666666667 26.04770804937775 23.35098888612899
1379.9791666666667 26.049361831700317 23.35183557866136
1380.4791666666667 26.051077665474498 23.3526952382385
1380.9791666666667 26.05274899138962 23.35355538272637
1381.4791666666667 26.054444615979673 23.354390233917975
1381.9791666666667 26.05613971571541 23.35524395230601
1382.4791666666667 26.057844385812402 23.356093890330353
1382.9791666666667 26.059526170681128 23.356945240522215
1383.4791666666667 26.06124260417208 23.357799554815134
1383.9791666666667 26.062940982232575 23.35865013183281
1384.4791666666667 26.064657480334436 23.35950215654914
1384.9791666666667 26.066397973893988 23.360346956370496
1385.4791666666667 26.068121175822313 23.361207161003957
1385.9791666666667 26.069809697568846 23.362052123662448
1386.4791666666667 26.071523279321227 23.36291494140267
1386.9791666666667 26.07324669632705 23.36375481494306
1387.4791666666667 26.074981726742053 23.3646019757928
1387.9791666666667 26.076749447161678 23.365458535618465
1388.4791666666667 26.078453121904495 23.36631058843464
1388.9791666666667 26.080172906762783 23.367155239492376
1389.4791666666667 26.081926405371426 23.36801001190764
1389.9791666666667 26.083680070933134 23.368864309954986
1390.4791666666667 26.08542043766318 23.369695519178194
1390.9791666666667 26.087152500686862 23.370556513583974
1391.4791666666667 26.088958458156313 23.371408466694316
1391.9791666666667 26.09071266148037 23.372265447672266
1392.4791666666667 26.092443009600963 23.37311131073395
1392.9791666666667 26.09421638122029 23.373961271776334
1393.4791666666667 26.095953529338654 23.374803994444303
1393.9791666666667 26.09776146974927 23.375660490997078
1394.4791666666667 26.09951781393656 23.37651098012782
1394.9791666666667 26.101330495418424 23.37736087411956
1395.4791666666667 26.103077631307812 23.378212366516173
1395.9791666666667 26.10485746672023 23.37905580508634
1396.4791666666667 26.106630028383 23.379909089375307
1396.9791666666667 26.108458715839614 23.380753998167986
1397.4791666666667 26.110221486827932 23.38160184192526
1397.9791666666667 26.112044236660616 23.38245541481873
1398.4791666666667 26.113830038076934 23.383301380264786
1398.9791666666667 26.115743175317924 23.384140524249734
1399.4791666666667 26.117523653444067 23.384990402086228
1399.9791666666667 26.119348809239682 23.38583835884617
1400.4791666666667 26.121195579167043 23.386686402588197
1400.9791666666667 26.123042138829188 23.38752969777679
1401.4791666666667 26.124907265490506 23.38837856122113
1401.9791666666667 26.126750425415782 23.38922076127565
1402.4791666666667 26.12862474007393 23.3900629026879
1402.9791666666667 26.130500021541202 23.390921772045257
1403.4791666666667 26.13237582631811 23.391760142564838
1403.9791666666667 26.134190637857397 23.39259279325374
1404.4791666666667 26.136136378764945 23.39344997285375
1404.9791666666667 26.13802915004254 23.39428287620454
1405.4791666666667 26.13990391279411 23.39513468903074
1405.9791666666667 26.141821942725393 23.395970176637604
1406.4791666666667 26.1436794143976 23.39681885711698
1406.9791666666667 26.145584847343745 23.397658207028332
1407.4791666666667 26.147530446894642 23.398512583327033
1407.9791666666667 26.149418311448372 23.399341602936907
1408.4791666666667 26.151326114633182 23.40019567616016
1408.9791666666667 26.153279454756316 23.401035264788945
1409.4791666666667 26.15516675572827 23.401876773943897
1409.9791666666667 26.15709794338944 23.402720263658793
1410.4791666666667 26.159032167610174 23.40357473989318
1410.9791666666667 26.160924635041827 23.404411175628574
1411.4791666666667 26.162886705098494 23.405266980627502
1411.9791666666667 26.16483809701064 23.40609755718266
1412.4791666666667 26.166772567097652 23.406942075605627
