FastTrWP/PhaseSpace/IAs/snIa_0.46_30.00_-0.70_0.05.csv
# %ECSV 0.9
# ---
# datatype:
# - {name: time-rel, datatype: float64}
# - {name: g, datatype: float64}
# - {name: i, datatype: float64}
# schema: astropy-2.0
time-rel g i
[from data line 1413]
311.5 24.212049569794534 22.48182805625925
311.9999999999999 24.213936507798685 22.48258779051508
312.5 24.215813916604354 22.483360149212665
313.0 24.217677147399638 22.484131269514116
313.4999999999999 24.219559199449478 22.48489812247022
314.0 24.22141793585685 22.48566730549181
314.5 24.223285655363064 22.486441713688183
314.9999999999999 24.225160553247388 22.487210176488198
315.5 24.22703896667162 22.48799347985274
316.0 24.228907720128134 22.488771981784478
316.4999999999999 24.230792203508138 22.489543568357174
317.0 24.2326421975708 22.490335516786732
317.5 24.234526922939367 22.49111751075352
317.9999999999999 24.2363918990472 22.491902269267552
318.5 24.238279578428106 22.49270074267612
319.0 24.2401475091507 22.49348787564471
319.4999999999999 24.24201852878969 22.494280399065907
320.0 24.243885346141237 22.495078401315112
320.5 24.24576831128477 22.49587687927246
320.9999999999999 24.247630509489785 22.49667744221444
321.5 24.249517089233446 22.49747553760754
322.0 24.251413191055676 22.498282277717024
322.4999999999999 24.253281964017855 22.49908764848601
323.0 24.255142306995413 22.499892667706174
323.5 24.25702360210339 22.500705559435218
323.9999999999999 24.258888284013356 22.501525348205934
324.5 24.260751606308546 22.502344325427707
325.0 24.262634748827324 22.503166587885943
325.4999999999999 24.264494500777186 22.503998050849646
326.0 24.266368695744287 22.504826241312248
326.5 24.268259718348446 22.505654505115487
326.9999999999999 24.270119661660576 22.506499554625215
327.5 24.27199919794844 22.507340845914744
328.0 24.273857907332264 22.508177565916117
328.4999999999999 24.275733571276334 22.509021650160626
329.0 24.277596199587 22.50987259799745
329.5 24.27946561231348 22.510718034692637
329.9999999999999 24.281344462794337 22.511580188542215
330.5 24.283196386833914 22.51244109806351
331.0 24.285062092976894 22.51329657945208
331.4999999999999 24.28693479893267 22.514166151566073
332.0 24.28878997046923 22.515030935670826
332.5 24.290674606549754 22.51589643257338
332.9999999999999 24.292538810848523 22.516761763173278
333.5 24.294407981189213 22.5176381975443
334.0 24.29626926341516 22.518518714266683
334.4999999999999 24.29813201144851 22.519390640200513
335.0 24.299996737234526 22.520266946622712
335.5 24.301878313596124 22.5211423904299
335.9999999999999 24.303720414375324 22.522040905604605
336.5 24.305605615133622 22.522917199264555
337.0 24.307462157497582 22.523807774222142
337.4999999999999 24.30933950158834 22.524699013626652
338.0 24.311189605886305 22.52559169136346
338.5 24.313060506232617 22.52648314837525
338.9999999999999 24.314933296767155 22.52738200837546
339.5 24.31678956115013 22.52827203135741
340.0 24.318650745186773 22.529178130467507
340.4999999999999 24.320528300007417 22.530073350948598
341.0 24.322380380338778 22.530976367991236
341.5 24.324253571512354 22.53187546809297
341.9999999999999 24.326114990540226 22.532782681893636
342.5 24.327997981173457 22.533690060268565
343.0 24.329844952791618 22.534600217411654
343.4999999999999 24.33171514087089 22.53550035929463
344.0 24.333567332532198 22.536410521015014
344.5 24.335460089594974 22.53732157915547
344.9999999999999 24.337320481344697 22.53823054033964
345.5 24.3391932765463 22.539148769564854
346.0 24.341062343553638 22.540048712717553
346.4999999999999 24.34294104536432 22.540970674023075
347.0 24.34479216037009 22.54189015205612
347.5 24.34666985447141 22.542805575072844
347.9999999999999 24.348542408901203 22.543709776032543
348.5 24.3503957965294 22.544636434720186
349.0 24.352259712456394 22.545556187707973
349.4999999999999 24.354159058438782 22.546468156740524
350.0 24.35602299667581 22.547382018329078
350.5 24.35789163522987 22.548298801440446
350.9999999999999 24.359769333056626 22.5492202093156
351.5 24.36163932563609 22.55013757412884
352.0 24.363520275118805 22.551058291915346
352.4999999999999 24.365401301267205 22.551972774079903
353.0 24.367269861772066 22.55288900387462
353.5 24.36914869901956 22.553811767433064
353.9999999999999 24.37103373353946 22.554728788089513
354.5 24.372909534524926 22.555641841300886
355.0 24.374782951313748 22.556566884104857
355.4999999999999 24.376667796820524 22.557478181092062
356.0 24.378570889768042 22.558393407024315
356.5 24.38044576058937 22.559303824379946
356.9999999999999 24.3823116276079 22.560226851378463
357.5 24.384233380111155 22.56113647554324
358.0 24.386100835941917 22.562052779197938
358.4999999999999 24.387996733717827 22.562972397883133
359.0 24.389853578189673 22.56389035865434
359.5 24.391762837761732 22.56482113204427
359.9999999999999 24.393646433444182 22.56573973187692
360.5 24.395522928249747 22.56665946529367
361.0 24.397402369984444 22.567583965600836
361.4999999999999 24.39930316324142 22.568513371458067
362.0 24.401174338937363 22.569437629292786
362.5 24.403086182744648 22.570370989369554
362.9999999999999 24.404942959031576 22.571303189621574
363.5 24.40681586433689 22.572232936656135
364.0 24.408717487981477 22.573171731804557
364.4999999999999 24.410598732343445 22.574109487567338
365.0 24.41248706982968 22.575047102178974
365.5 24.41438665971549 22.57598198487869
365.9999999999999 24.416278340158193 22.57692544875224
366.5 24.41815570880412 22.577859155359953
367.0 24.42003952551705 22.578802238294276
367.4999999999999 24.42191118363904 22.57975470688288
368.0 24.42380111669239 22.5806874718281
368.5 24.425707918294574 22.581633586311032
368.9999999999999 24.427577226891056 22.58258870690502
369.5 24.429451095278623 22.583528854070593
370.0 24.431352087711566 22.58448094855851
370.4999999999999 24.43322620669292 22.585424119667337
371.0 24.43512340943352 22.58637007243694
371.5 24.43702855582655 22.58732310958857
371.9999999999999 24.43890365106945 22.588272825655785
372.5 24.44078780807172 22.589226826347726
373.0 24.44268054230116 22.590171318237097
373.4999999999999 24.444568261716107 22.591125988803658
374.0 24.44645985695864 22.592083287359156
374.5 24.44835220701482 22.593029892359347
374.9999999999999 24.450233489093822 22.593985763101145
375.5 24.452123587440195 22.594940968720344
376.0 24.45403132857102 22.595899479603542
376.4999999999999 24.455915891594103 22.59685582524081
377.0 24.457815057296163 22.59780434731092
377.5 24.459696285270365 22.598765083287738
377.9999999999999 24.461596322496813 22.599723303906583
378.5 24.46349703146625 22.600672188604463
379.0 24.465383580101427 22.601638291298137
379.4999999999999 24.46728926999066 22.60258437135473
380.0 24.469176699839732 22.60354365190551
380.5 24.471075810682436 22.604508513734846
380.9999999999999 24.472968234143096 22.605458382950424
381.5 24.474869420174056 22.606414652211846
382.0 24.476763000464064 22.607373771114894
382.5 24.478674355014967 22.608322320099585
383.0 24.48057117791517 22.609285175508628
383.5 24.482490581493913 22.610238004079406
384.0 24.484381994186105 22.611194010309603
384.5 24.486287241480206 22.612135381592378
385.0 24.488190052458098 22.61310072867844
385.5 24.490106887836692 22.614052899903875
386.0 24.492003131320125 22.615002099251175
386.5 24.49390902629425 22.615957408957147
387.0 24.49581169968138 22.616913013726993
387.5 24.497713646838356 22.617868391713877
388.0 24.499648762311374 22.61882152523195
388.5 24.50154339800055 22.619773095427774
389.0 24.503479263779372 22.6207206019204
389.5 24.50537558747532 22.621666399663546
390.0 24.507307933159098 22.622625115236183
390.5 24.509205420440296 22.62356410085651
391.0 24.511135953639126 22.624512479438607
391.5 24.51304557456716 22.625453478302195
392.0 24.514967390326415 22.6264025266602
392.5 24.516895006620665 22.627345331881124
393.0 24.51882224276352 22.62828964147081
393.5 24.520753424455215 22.629240745835997
394.0 24.522651058177708 22.630178376520533
394.5 24.524571153883464 22.63112589309265
395.0 24.52651205319438 22.632061632347554
395.5 24.528426693683848 22.63301107863424
396.0 24.53034295875742 22.63394731769236
396.5 24.53229280894601 22.63489337135811
397.0 24.534219037700392 22.63583136590162
397.5 24.536146950703667 22.636780836584222
398.0 24.538077803143175 22.63772507682453
398.5 24.54000723717781 22.638668671690333
399.0 24.541910921437168 22.639607373614975
399.5 24.54386232944614 22.640549961903762
400.0 24.545781596303158 22.641494284372264
400.5 24.547711441109964 22.642429573041948
401.0 24.549652699143785 22.643380360401345
401.5 24.551580327273577 22.644323659398772
402.0 24.55351598944908 22.64526381935971
402.5 24.55543814077956 22.64619961011479
403.0 24.557363991063777 22.64714731543942
403.5 24.55929728764529 22.648094801318344
404.0 24.561246026328046 22.649024030243293
404.5 24.56316935819434 22.649973493184774
405.0 24.56510625348459 22.650915762662017
405.5 24.567037938488458 22.651852659147075
406.0 24.56898135874382 22.65279718390902
406.5 24.570915262349583 22.653738963753227
407.0 24.57285551511155 22.6546796467059
407.5 24.5747929188253 22.655613411777583
408.0 24.576723868982114 22.656562762746372
408.5 24.57868162579452 22.657499616331727
409.0 24.58064473672083 22.658444292730366
409.5 24.58256227144804 22.6593811285354
410.0 24.58450081804964 22.660324746306955
410.5 24.586451937991054 22.661267885413526
411.0 24.588401423756675 22.662202796644706
411.5 24.59035589438997 22.66314073546217
412.0 24.592301447209472 22.664092685593825
412.5 24.594242333626628 22.665036193256736
413.0 24.596198451228055 22.66596803848831
413.5 24.59813485967053 22.666914234995605
414.0 24.600082659024558 22.667850049953383
414.5 24.602035126857732 22.66879170432389
415.0 24.60397382992251 22.66973691829394
415.5 24.605945748251887 22.670681990893154
416.0 24.607886116373084 22.67160975508657
416.5 24.609838482149463 22.67255930771215
417.0 24.61179767295597 22.673498427710093
417.5 24.613753467528458 22.674440861877695
418.0 24.61571694041858 22.675385776578537
418.5 24.617649197072062 22.67632555649403
419.0 24.61964729085661 22.677267376213184
419.5 24.6215853147028 22.678212780809876
420.0 24.62355625698264 22.679154140757802
420.5 24.625514004940282 22.680088131234815
421.0 24.62747502626034 22.681038320042227
421.5 24.629440816147785 22.68197713494093
422.0 24.63140672717546 22.68291627684192
422.5 24.633388206487183 22.68386391068042
423.0 24.635326628740106 22.68479877804644
423.5 24.6373123565223 22.685744132414598
424.0 24.639266967123795 22.686697011192916
424.5 24.641246022629637 22.687638634905248
425.0 24.643222075817203 22.688574728561484
425.5 24.64518230818646 22.689523848505356
426.0 24.64717310251263 22.690469346762825
426.5 24.64914296944585 22.691407347126468
427.0 24.651121795438424 22.692349035344318
427.5 24.653096966801108 22.69330208689357
428.0 24.655070739963392 22.694240855858425
428.5 24.65706382475326 22.69517934958468
429.0 24.659048931793723 22.69613187371457
429.5 24.661009966334852 22.697069334192133
430.0 24.663012560232616 22.6980187930644
430.5 24.66497451222846 22.69895752766348
431.0 24.66695061296059 22.699901329652327
431.5 24.66896354527726 22.700842617913025
432.0 24.670943257200683 22.70179453312272
432.5 24.672909287135326 22.702741791558942
433.0 24.67489549197969 22.703678565156014
433.5 24.67689413488966 22.70461999026011
434.0 24.67887021308175 22.705562886173514
434.5 24.680856795072465 22.70650404819051
435.0 24.68285285799555 22.70745795113639
435.5 24.684832501989323 22.708398803183364
436.0 24.686843015885582 22.709339471800508
436.5 24.68883580442014 22.71027727223265
437.0 24.69081933840849 22.711221521505628
437.5 24.69280710662086 22.712171014483463
438.0 24.694810705911003 22.713112867668617
438.5 24.69679041010499 22.714050482765312
439.0 24.69878686940738 22.71500010454876
439.5 24.700769224403352 22.71593079474912
440.0 24.70279061891281 22.716887709250027
440.5 24.704779333111663 22.717829300851037
441.0 24.706785284641768 22.718773542078722
441.5 24.708765640193477 22.71970597737784
442.0 24.710786053405364 22.72066466858631
442.5 24.712783826813485 22.721598369281555
443.0 24.714787797807215 22.722546544439403
443.5 24.71679277577662 22.723484684527556
444.0 24.718787591670814 22.724430638063502
444.5 24.720803423059586 22.725372406774458
445.0 24.722800594134043 22.726315626865304
445.5 24.72481812413382 22.727261833067228
446.0 24.726819581426653 22.728210652088702
446.5 24.728829682318782 22.72915584375086
447.0 24.730850197775514 22.730098359501085
447.5 24.732868312970744 22.73104602366312
448.0 24.73487466535934 22.731980171439904
448.5 24.73687797291937 22.7329268547588
449.0 24.738886938058023 22.733874293525744
449.5 24.74090888396954 22.7348230787323
450.0 24.742935088051766 22.735768056749443
450.5 24.74494009407745 22.73671612842868
451.0 24.74696088201695 22.737653153218616
451.5 24.74897462973592 22.738603748040763
452.0 24.750994485798174 22.73955044580945
452.5 24.753012636893317 22.74049517843558
453.0 24.755033285352 22.741440622458683
453.5 24.757053777440543 22.742385286590185
454.0 24.759104673522295 22.743332073899612
454.5 24.761124329971665 22.74427123504251
455.0 24.763152858383922 22.745220002566153
455.5 24.76516832186259 22.746171731264155
456.0 24.767202151955235 22.747120492070493
456.5 24.769229768973947 22.748066955333265
457.0 24.77128408567944 22.749015635020857
457.5 24.773289441241737 22.749964358342417
458.0 24.775331752474994 22.75090477570908
458.5 24.7773785432979 22.751858233528278
459.0 24.779406174833415 22.75280539464433
459.5 24.781437217289934 22.753758073907267
460.0 24.783507881031824 22.754703232448218
460.5 24.78551597258344 22.755655810180897
461.0 24.787560840465655 22.75660280521917
461.5 24.78959282259893 22.757548703533686
462.0 24.791659432700214 22.75849453863685
462.5 24.793703668675136 22.759447371344265
463.0 24.795738911639642 22.760396271790093
463.5 24.79779737525209 22.761347120771802
464.0 24.799845667199275 22.76229791359807
464.5 24.80189399374416 22.763242903420302
465.0 24.803949349709697 22.76419121336022
465.5 24.80597906322715 22.76514421939254
466.0 24.80804715969569 22.76609410805132
466.5 24.81010710950798 22.767055956164825
467.0 24.812161205699788 22.76800232038845
467.5 24.814209666387363 22.768949493374464
468.0 24.816262864335297 22.769897255775096
468.5 24.818329145723077 22.7708511164115
469.0 24.820395136732447 22.771803531748006
469.5 24.822454198488852 22.772757436281104
470.0 24.824500137872093 22.773706464855394
470.5 24.826561809338514 22.77466025655889
471.0 24.828639439580442 22.77560768239423
471.5 24.83068315800547 22.7765566985348
472.0 24.832740454817962 22.77751224323719
472.5 24.834819405865932 22.778463876791943
473.0 24.83688779509827 22.77941003060689
473.5 24.83896162451739 22.78036623341498
474.0 24.841032246254223 22.78131966602022
474.5 24.84308809565729 22.782268252790317
475.0 24.84514840486814 22.783227183424128
475.5 24.84725076496892 22.784176105881105
476.0 24.849306358663 22.785130622997247
476.5 24.851389279692853 22.78607598728515
477.0 24.85345973535678 22.787021805376803
477.5 24.85552033474121 22.787986371027475
478.0 24.857590510921824 22.788941527924557
478.5 24.859685112264145 22.7898936520733
479.0 24.86176759507901 22.79084738845757
479.5 24.86384795426426 22.79180063502279
480.0 24.865930012728413 22.792756209840125
480.5 24.86801816378488 22.793710166614925
481.0 24.87009411499092 22.794658216604667
481.5 24.87217390551471 22.79562111446476
482.0 24.874250580441654 22.79657484896337
482.5 24.876346189967734 22.797527663477904
483.0 24.87843097743255 22.798471237504398
483.5 24.880529524884913 22.799435648686096
484.0 24.88260507912656 22.800383452454152
484.5 24.884692440451456 22.801348022561076
485.0 24.886792077971037 22.802289346376373
485.5 24.888879338589206 22.80325630684217
486.0 24.890962357099824 22.804202456757643
486.5 24.893084499926587 22.80516012680004
487.0 24.89518729787698 22.806116762847694
487.5 24.897253233132545 22.80707709774947
488.0 24.899360132283853 22.80802556454642
488.5 24.901472446409436 22.808990926621977
489.0 24.90354244836002 22.809939720139475
489.5 24.90566817191718 22.81089283348318
