FastTrWP/PhaseSpace/IAs/snIa_0.49_30.00_0.54_-0.04.csv
# %ECSV 0.9
# ---
# datatype:
# - {name: time-rel, datatype: float64}
# - {name: g, datatype: float64}
# - {name: i, datatype: float64}
# schema: astropy-2.0
time-rel g i
[from data line 1700]
1003.375 24.15588792722464 22.663192614549985
1003.875 24.1577398410752 22.663967447345982
1004.375 24.159557593495855 22.6647375420302
1004.875 24.16141040680468 22.66551935036619
1005.375 24.163255207112083 22.666282218812167
1005.875 24.16508004420326 22.66706343168142
1006.375 24.166923414063262 22.66782953942545
1006.875 24.168760238906486 22.668609725527578
1007.375 24.170615962290427 22.669387106629966
1007.875 24.17244830989968 22.670147978499948
1008.375 24.174284199228147 22.670936655679807
1008.875 24.176126113920677 22.671710884881332
1009.375 24.177981142791637 22.672492808389215
1009.875 24.179804709179642 22.67326049858839
1010.375 24.181664317352933 22.674034248841938
1010.875 24.183496494741938 22.674817414724973
1011.375 24.185336128228535 22.675601166079026
1011.875 24.18719001449576 22.676378721888394
1012.375 24.189047880893956 22.677149248102303
1012.875 24.190884022863287 22.67793152625948
1013.375 24.192730232101695 22.67871501131853
1013.875 24.19456684557425 22.67949346542281
1014.375 24.19641710466402 22.68027210991423
1014.875 24.198266978821685 22.68105282179974
1015.375 24.200111283851776 22.68183341226571
1015.875 24.201959109065548 22.682608139046852
1016.375 24.203810439068288 22.683402267200687
1016.875 24.20566671460936 22.684176742250205
1017.375 24.207503954014463 22.68496254169293
1017.875 24.209359749984017 22.685741550794777
1018.375 24.211206201375486 22.686525004735365
1018.875 24.213067531587583 22.687311030775067
1019.375 24.21489351129079 22.68809128988495
1019.875 24.216749791984356 22.688880651032598
1020.375 24.218607242845813 22.689663867612822
1020.875 24.220445906932177 22.690452337322526
1021.375 24.22230325735121 22.69122278367977
1021.875 24.22416711611686 22.692012527222918
1022.375 24.226001530856628 22.692804728405736
1022.875 24.227857920193443 22.693594351309333
1023.375 24.229703976561105 22.694384613855853
1023.875 24.23156610125831 22.695166605365845
1024.375 24.23340402567542 22.69595652474067
1024.875 24.235261341817132 22.69674800522459
1025.375 24.237102196725367 22.69753724165728
1025.875 24.238953465742515 22.698331523430895
1026.375 24.240816014730857 22.69911970450829
1026.875 24.24266417769183 22.699905327258598
1027.375 24.244518444035272 22.700703243135525
1027.875 24.2463813762486 22.701500414211424
1028.375 24.24822970848485 22.70228795927206
1028.875 24.2500832443435 22.70308327260849
1029.375 24.25193812510143 22.703876624195093
1029.875 24.253785364053773 22.704675019053468
1030.375 24.255648093834967 22.705466703339624
1030.875 24.257505743327833 22.706270341142005
1031.375 24.25936336200519 22.707066903019925
1031.875 24.261225434538854 22.707861255463804
1032.375 24.263064686486835 22.70866098698947
1032.875 24.264944415599345 22.70945773357918
1033.375 24.26679418213901 22.71026014174013
1033.875 24.26865387478644 22.711059288691146
1034.375 24.270501383119182 22.71185851681601
1034.875 24.272380295141836 22.71267163511894
1035.375 24.27423297403439 22.713470562886243
1035.875 24.27610577191194 22.71427276220999
1036.375 24.27795322815395 22.71506815652959
1036.875 24.279811840295046 22.71588140967324
1037.375 24.28167539098044 22.716689881470952
1037.875 24.28353908440192 22.71749247970058
1038.375 24.285392617629412 22.718289923428028
1038.875 24.287268745826264 22.719100486426143
1039.375 24.28913080377971 22.71990475550934
1039.875 24.290989160581184 22.720710984769145
1040.375 24.29286351270054 22.721529437424728
1040.875 24.294739550920312 22.722337413806915
1041.375 24.296598199813346 22.723145769344097
1041.875 24.29846512887554 22.723955026936707
1042.375 24.300330021288033 22.724772568054057
1042.875 24.30219944887125 22.72558797172185
1043.375 24.30407628400037 22.726395447886254
1043.875 24.30593921721606 22.72721863802607
1044.375 24.307800735602974 22.728028834857167
1044.875 24.309691622736025 22.7288498709968
1045.375 24.311566888804226 22.729661038958007
1045.875 24.31344773403209 22.730481753469807
1046.375 24.3153124109673 22.73129829891782
1046.875 24.317180793584022 22.732116699511707
1047.375 24.319058709729205 22.732928832801033
1047.875 24.320936557416747 22.733758542280928
1048.375 24.322801947883086 22.734575734473935
1048.875 24.3246838851939 22.735398031755526
1049.375 24.32658005924885 22.736219900522986
1049.875 24.328439708738088 22.73704385758782
1050.375 24.330325822521402 22.737873034476532
1050.875 24.33222125726319 22.73869725383839
1051.375 24.33409066838919 22.73951924521674
1051.875 24.33599094224025 22.740345151827853
1052.375 24.337880654613073 22.741178938185595
1052.875 24.3397529148201 22.742004310028978
1053.375 24.341632120708724 22.742834237695774
1053.875 24.343511112636346 22.74366556080611
1054.375 24.345417098924436 22.74449435640814
1054.875 24.34729101661199 22.745314649540976
1055.375 24.34916851935631 22.746157296574268
1055.875 24.351065363116238 22.74698744428932
1056.375 24.35295092911592 22.74782481524268
1056.875 24.354835257870736 22.748651660885017
1057.375 24.356731277351813 22.74949516241923
1057.875 24.358604458862487 22.750326582701625
1058.375 24.360507418206478 22.751167799559866
1058.875 24.362378017316097 22.751998470126402
1059.375 24.36428563195307 22.752836308565566
1059.875 24.36616680400833 22.753673115424903
1060.375 24.368060974360752 22.754516591089875
1060.875 24.36995336510334 22.755349778613763
1061.375 24.371846729293587 22.756193067403096
1061.875 24.37374535100497 22.757034679412765
1062.375 24.375618263280746 22.75787756305178
1062.875 24.37751983709029 22.758715258576125
1063.375 24.379411663265866 22.759559738307736
1063.875 24.381305674580993 22.760400710231057
1064.375 24.383199010126834 22.761251566631522
1064.875 24.38510726958245 22.76210016529665
1065.375 24.386985046513082 22.76294843281281
1065.875 24.388869917506398 22.763785873310773
1066.375 24.390778913720396 22.764631310026644
1066.875 24.392688009185758 22.765486900407538
1067.375 24.39457261095817 22.76632985543248
1067.875 24.396467550785164 22.76719284434312
1068.375 24.398368748599474 22.76803229772128
1068.875 24.400273777618974 22.768892106899674
1069.375 24.402179372239097 22.769741283077764
1069.875 24.404073378688675 22.770586795496452
1070.375 24.405977478853323 22.771445573678125
1070.875 24.40786292189746 22.772300367593495
1071.375 24.409768028704356 22.773155312621476
1071.875 24.411684596999635 22.774020077813613
1072.375 24.413590921011043 22.77487846237111
1072.875 24.415475049343286 22.775736867270723
1073.375 24.417385828277837 22.776588029225323
1073.875 24.4192951506083 22.77745686852075
1074.375 24.42120249588661 22.77831822811907
1074.875 24.423120422618947 22.77917357081519
1075.375 24.425018059857543 22.780041288776243
1075.875 24.42691229516877 22.780902268819602
1076.375 24.42881822786276 22.781770488666684
1076.875 24.430736314272718 22.78263045320041
1077.375 24.432643267889635 22.783502637553788
1077.875 24.434561233930943 22.78437031014356
1078.375 24.43647419215926 22.785234649537024
1078.875 24.438375251915815 22.786107932927763
1079.375 24.440286338444587 22.78697448586644
1079.875 24.442202473530656 22.78784813522822
1080.375 24.44409719188887 22.788724122244155
1080.875 24.44603784933175 22.789599140288793
1081.375 24.44794655317231 22.790466221018857
1081.875 24.44986191299217 22.79134845255834
1082.375 24.451788956266157 22.79221850130348
1082.875 24.45369558918759 22.793096897223695
1083.375 24.45563923305093 22.793982290602838
1083.875 24.457531093146176 22.794854490027618
1084.375 24.459454392721526 22.795734653385917
1084.875 24.461373387513824 22.796616287775045
1085.375 24.46328694306619 22.797501894376722
1085.875 24.465215251361798 22.798382845532235
1086.375 24.467134710677307 22.799266260817447
1086.875 24.469069940633652 22.800154231301914
1087.375 24.470991324195055 22.80104097790764
1087.875 24.47290470177016 22.801931161920113
1088.375 24.47483639168237 22.802815546972496
1088.875 24.47677949915278 22.80370953012398
1089.375 24.478686308399 22.804601333841198
1089.875 24.48063375761127 22.805493114042505
1090.375 24.4825580630377 22.806382199576262
1090.875 24.484481555763395 22.807280140579937
1091.375 24.486403739724164 22.80816933713631
1091.875 24.48833348679315 22.80906413090679
1092.375 24.49025021402878 22.80996236664942
1092.875 24.492200323096238 22.810860224708417
1093.375 24.49412820426716 22.811762628885607
1093.875 24.496059778853052 22.812657572819596
1094.375 24.497976237283567 22.813563068396505
1094.875 24.49991382625256 22.814461163526325
1095.375 24.501845834886105 22.815364329880676
1095.875 24.50379250081836 22.81627095853034
1096.375 24.505738342853345 22.81718694483352
1096.875 24.50765749590898 22.818079389289643
1097.375 24.509595433021268 22.818986595600478
1097.875 24.511524830823426 22.81988948037952
1098.375 24.51344852787535 22.820805429109804
1098.875 24.515399889884275 22.821716633129228
1099.375 24.51732462397417 22.82262835647948
1099.875 24.519265158229416 22.82353880092481
1100.375 24.521213754481586 22.82445253355609
1100.875 24.52315334190458 22.8253679656113
1101.375 24.525092974655323 22.82628868640662
1101.875 24.527043473168312 22.827206512359513
1102.375 24.52897109133041 22.828118266781235
1102.875 24.53089661161323 22.82903197119098
1103.375 24.532846276330496 22.82994978137893
1103.875 24.53478555025319 22.830874051181027
1104.375 24.536737371670803 22.83179753210385
1104.875 24.538682197164377 22.832715491931065
1105.375 24.54062772078485 22.8336412662027
1105.875 24.54255996337945 22.834563700420798
1106.375 24.54450837945453 22.835490298707704
1106.875 24.546468999773253 22.836416337241353
1107.375 24.54840485022167 22.837338484519446
1107.875 24.550351721797433 22.838268942793842
1108.375 24.55230259638846 22.839202009462966
1108.875 24.554242755834675 22.840136009890465
1109.375 24.556201006347113 22.84105488614705
1109.875 24.55814520589324 22.841993335392917
1110.375 24.560089066155616 22.8429220015154
1110.875 24.562042471880293 22.84385211200903
1111.375 24.563989990144286 22.844793871093074
1111.875 24.565943036905193 22.845730612291465
1112.375 24.567904754577373 22.846660524088808
1112.875 24.569852065770938 22.847603020162758
1113.375 24.571805768833208 22.84854665572159
1113.875 24.573766659900986 22.84947596949866
1114.375 24.575730437831837 22.850425134726994
1114.875 24.577667045000247 22.851362613139795
1115.375 24.57964507572808 22.85230025117056
1115.875 24.58156453492378 22.853247770695766
1116.375 24.583529410641116 22.85418280433159
1116.875 24.58549727992887 22.855130792264223
1117.375 24.587443619224775 22.85608008262928
1117.875 24.589421364937905 22.85702204530719
1118.375 24.591371822777703 22.857977473214277
1118.875 24.593346628457216 22.858923345250783
1119.375 24.595304106743207 22.859875129794784
1119.875 24.597266457104332 22.86082193053393
1120.375 24.59920535329651 22.86177376211974
1120.875 24.601184451132415 22.862738828107094
1121.375 24.603149364325922 22.863684580375892
1121.875 24.605101066752866 22.86463278457253
1122.375 24.607079936654358 22.865585458074136
1122.875 24.609034321250704 22.866547808404846
1123.375 24.61099569196346 22.867504538540437
1123.875 24.612960845965986 22.86845159944314
1124.375 24.614951039368034 22.86942031267637
1124.875 24.616920025375716 22.870385638883604
1125.375 24.618880024678795 22.871346213978867
1125.875 24.62085395686895 22.87231427008207
1126.375 24.622832094904886 22.87328374023796
1126.875 24.624781180089563 22.874248972264194
1127.375 24.62675625199388 22.87522160369751
1127.875 24.628744565056806 22.876198966986326
1128.375 24.63071291606616 22.87717448971035
1128.875 24.63268477855471 22.878158213056242
1129.375 24.634656150046787 22.879138553435723
1129.875 24.63662754305775 22.880118365131544
1130.375 24.6386151253847 22.88110821046206
1130.875 24.640579519376416 22.882085120267675
1131.375 24.642545394586364 22.88307289935325
1131.875 24.644526627771043 22.884068691990386
1132.375 24.646482480680966 22.8850562076735
1132.875 24.6484528704698 22.886042931631327
1133.375 24.650451049184547 22.88703520552925
1133.875 24.652416394920635 22.88804050327475
1134.375 24.65439705630199 22.88902932634276
1134.875 24.656395251655304 22.890026189259082
1135.375 24.658361309683915 22.891025000376878
1135.875 24.660338136931923 22.892026504573444
1136.375 24.662322702698184 22.893016973981442
1136.875 24.66428479823017 22.89401896581051
1137.375 24.666288564425937 22.89502826110585
1137.875 24.668263028881565 22.89602723196612
1138.375 24.670258275832477 22.897029495053992
1138.875 24.672208019345014 22.89803410699763
1139.375 24.674201180575412 22.899040341162774
1139.875 24.676183048501194 22.900046042257163
1140.375 24.67816999338373 22.90104858826217
1140.875 24.6801512106643 22.90206316726877
1141.375 24.68212988890395 22.903065628151836
1141.875 24.684121554517734 22.90406452290364
1142.375 24.686113677890752 22.905078005748116
1142.875 24.6880862883624 22.906091044186315
1143.375 24.690071493944114 22.907098323986375
1143.875 24.69207867175815 22.90810559688591
1144.375 24.69405481032465 22.909114310555402
1144.875 24.696039596943624 22.910122058264392
1145.375 24.69803057421613 22.911126193788082
1145.875 24.700020149181565 22.912142015329874
1146.375 24.70199148895795 22.913146760574854
1146.875 24.703990748805076 22.914151257325422
1147.375 24.705979815663888 22.915164712558045
1147.875 24.70797351524757 22.916171509056863
1148.375 24.709939277272206 22.917183087227873
1148.875 24.711955748935335 22.91818542704636
1149.375 24.713967321897293 22.919190379455728
1149.875 24.715944748690845 22.920195921541207
1150.375 24.717917060650493 22.921206108054562
1150.875 24.719929486020888 22.922205384431663
1151.375 24.721916463488945 22.92321544934318
1151.875 24.72389388805987 22.924220212811008
1152.375 24.72589066027625 22.925218451009478
1152.875 24.727891295498573 22.926221162052094
1153.375 24.729887426393624 22.92721009328701
1153.875 24.73188282145836 22.928219645995146
1154.375 24.73387917284684 22.929219959906707
1154.875 24.735861518977508 22.930205355305652
1155.375 24.73786758216015 22.93120844655188
1155.875 24.739876369910775 22.932197452499494
1156.375 24.741875599668205 22.933189906215496
1156.875 24.74387426410541 22.934176463245713
1157.375 24.745866858872624 22.935177934116275
1157.875 24.74786191609571 22.936159200311394
1158.375 24.749880451225856 22.937138108207243
1158.875 24.751863222868163 22.938132378841594
1159.375 24.75385761562194 22.939103392824634
1159.875 24.755852374812527 22.940083521272214
1160.375 24.757855351682778 22.941072887173142
1160.875 24.759856252906395 22.94204908875873
1161.375 24.76187561128521 22.943021911851893
1161.875 24.763859284406948 22.944011918026636
1162.375 24.765875428769085 22.94499189597856
1162.875 24.76785228992311 22.945975374552873
1163.375 24.76988235830636 22.94695147843443
1163.875 24.771868334641493 22.94793221279643
1164.375 24.77388451757833 22.948911443118135
1164.875 24.77589077923669 22.949897574419712
1165.375 24.777899823596428 22.95086759964481
1165.875 24.779905695355893 22.951848008575524
1166.375 24.7818953427875 22.95283139598249
1166.875 24.783917652497532 22.953795073219876
1167.375 24.7859097058914 22.954777097166907
1167.875 24.787915652685967 22.95575780703414
1168.375 24.789946846105558 22.956736448960115
1168.875 24.791931697970004 22.957711097265804
1169.375 24.793948623810426 22.958685014540023
1169.875 24.795951066976805 22.95966371027677
1170.375 24.797944053182654 22.960630620127006
1170.875 24.79997034882702 22.961612675689487
1171.375 24.80197169347752 22.962577266300798
1171.875 24.803970169318887 22.9635543143845
1172.375 24.80599544658758 22.964533505290746
1172.875 24.80799996259117 22.96550506843698
1173.375 24.810024654781145 22.966471769264196
1173.875 24.8120296045578 22.967445204600175
1174.375 24.81402658398632 22.9684175162353
1174.875 24.816036361534252 22.96938669945223
1175.375 24.81806075620486 22.97036013145522
