FastTrWP/PhaseSpace/IAs/snIa_0.66_30.00_0.46_0.04.csv
# %ECSV 0.9
# ---
# datatype:
# - {name: time-rel, datatype: float64}
# - {name: g, datatype: float64}
# - {name: i, datatype: float64}
# schema: astropy-2.0
time-rel g i
[from data line 2509]
818.5 26.231880178370574 23.273602645170854
819.0 26.23348667130742 23.274624598270073
819.5 26.23513601758564 23.275656319308602
820.0 26.236747642124673 23.276671808883425
820.5 26.238307044889403 23.277687559602892
821.0 26.239961051933705 23.27873335290652
821.5 26.241584785662244 23.279748908465635
822.0 26.243196867206677 23.280777588762668
822.5 26.244859135244734 23.28180231863634
823.0 26.246454770530228 23.28282323477807
823.5 26.24808061820748 23.283864390027937
824.0 26.249752526299623 23.2848904570775
824.5 26.251364707423562 23.28592604081664
825.0 26.253016148353503 23.28694567844098
825.5 26.254603284447846 23.287976145477632
826.0 26.256293750233862 23.28901188087126
826.5 26.257907967053846 23.290043492405825
827.0 26.259580862359925 23.291090456826076
827.5 26.261225226487174 23.2921147670583
828.0 26.262836561639546 23.293145491890446
828.5 26.264464915027933 23.29418537429175
829.0 26.26615565182035 23.295231300985737
829.5 26.267779888740336 23.296274060024192
830.0 26.269440166780015 23.29730587504916
830.5 26.27109755388085 23.298354646651838
831.0 26.27275666399424 23.299394391501494
831.5 26.274414985159908 23.30041788186091
832.0 26.27611433277107 23.30145972285154
832.5 26.277792489058484 23.30249990750795
833.0 26.279405558876178 23.3035420816452
833.5 26.2811194529289 23.304562227197682
834.0 26.282811273552106 23.30559446033009
834.5 26.28447183090436 23.30663771276017
835.0 26.286197289257906 23.30767319008779
835.5 26.287843268128782 23.308702146965654
836.0 26.28954567514146 23.309741939806642
836.5 26.291265454568777 23.310774703241705
837.0 26.292958530159268 23.311810104984563
837.5 26.29468929932697 23.312849107876495
838.0 26.29639415523618 23.313858432548535
838.5 26.298125660493803 23.314905899874226
839.0 26.29978437893186 23.31593434952069
839.5 26.30153198618004 23.316972981841232
840.0 26.30323381412959 23.318005441123457
840.5 26.30498835153835 23.319036662801285
841.0 26.30673953949627 23.32006991840572
841.5 26.308432523338034 23.3210928243954
842.0 26.310189674290598 23.322134937150963
842.5 26.311905156729484 23.323154939997046
843.0 26.313655856678814 23.324194595999764
843.5 26.31539168831565 23.325218914525806
844.0 26.317118455252334 23.326257896144043
844.5 26.31890887066449 23.32728906515342
845.0 26.320632588565044 23.32832051637945
845.5 26.322401380979446 23.329346653081316
846.0 26.324161646366193 23.330379403950268
846.5 26.325975543966006 23.331412995009412
847.0 26.327684916259496 23.332445707785322
847.5 26.32951490609702 23.333482313874878
848.0 26.331264581284316 23.33451130468413
848.5 26.333006299940187 23.33554599773354
849.0 26.334785993957972 23.336579333532725
849.5 26.33660215313484 23.337612657112242
850.0 26.338378500503726 23.33865202760017
850.5 26.340159311490453 23.339674980371473
851.0 26.341932208998877 23.340718550708154
851.5 26.343763421202972 23.34176169290101
852.0 26.345522631983634 23.342795519254963
852.5 26.347327780336038 23.34383267622867
853.0 26.34909261164107 23.34486288514
853.5 26.35088855874677 23.34590653173089
854.0 26.352704461424132 23.346950649876185
854.5 26.35452022747775 23.347991709648408
855.0 26.35629028643633 23.34903318883081
855.5 26.358113115508477 23.350062270608095
856.0 26.359930804403685 23.351100966405603
856.5 26.361732782120455 23.35214999980892
857.0 26.36354772087298 23.353196953283614
857.5 26.365357631857137 23.35424487151952
858.0 26.367180761466457 23.355277673806164
858.5 26.368979115966773 23.356332159405223
859.0 26.370785218501393 23.357376864816647
859.5 26.372624837304294 23.358422445424246
860.0 26.37445743715076 23.35947841711255
860.5 26.376277069494904 23.360530279879438
861.0 26.37807094423414 23.361581670568654
861.5 26.379922486860977 23.362639329319734
862.0 26.38175928183481 23.363688118556887
862.5 26.383600012033476 23.364733700654952
863.0 26.38541379558869 23.365792890573328
863.5 26.3872702831017 23.36683632105755
864.0 26.389059109621616 23.36791209707986
864.5 26.390896016700168 23.368969174363542
865.0 26.39273683610356 23.370031026115647
865.5 26.3945245667973 23.371091917284144
866.0 26.396411904282328 23.372158697866595
866.5 26.39827049924552 23.37321115963458
867.0 26.400075273648852 23.37428844105192
867.5 26.4019591167961 23.375355447264493
868.0 26.40376288829053 23.37642360604324
868.5 26.40564231323793 23.377496567051203
869.0 26.40747455460202 23.37857198054593
869.5 26.409311826960916 23.379639572624082
870.0 26.411163589116924 23.380721567834524
870.5 26.412987555522164 23.38178838264121
871.0 26.41481153791648 23.382869436151378
871.5 26.416675304197426 23.38395704111982
872.0 26.418535066527223 23.38503121745105
