FastTrWP/PhaseSpace/IAs/snIa_0.6_20_-1_-0.1.csv
# %ECSV 0.9
# ---
# datatype:
# - {name: time-rel, datatype: float64}
# - {name: g, datatype: float64}
# - {name: i, datatype: float64}
# schema: astropy-2.0
time-rel g i
-13.104166666666666 -24.29452871315529 -25.605892209194394
-12.604166666666666 -24.303394950363796 -25.611330407944447
-12.104166666666666 -24.31220756593237 -25.61675818325165
-11.604166666666666 -24.320982500637925 -25.622171354772803
-11.104166666666666 -24.32972514382268 -25.62757854087093
-10.604166666666666 -24.338416258945024 -25.632957890132747
-10.104166666666666 -24.347054730472507 -25.63832894319386
-9.604166666666666 -24.355699841841627 -25.643695873769957
-9.104166666666666 -24.364267348531893 -25.649032371937356
-8.604166666666666 -24.37280887471526 -25.654360415454928
-8.104166666666666 -24.38130537693503 -25.659662694323266
-7.604166666666666 -24.38977405682655 -25.66499834068797
-7.104166666666666 -24.39818740167778 -25.670280844288587
-6.604166666666666 -24.406567963202463 -25.675543881931034
-6.104166666666667 -24.41493153010849 -25.680823416091656
-5.604166666666666 -24.423269156163148 -25.68604481374773
-5.104166666666666 -24.431530843910654 -25.691295964051456
-4.604166666666666 -24.439817258142902 -25.696529531177266
-4.104166666666666 -24.44802258154782 -25.701729886442116
-3.604166666666666 -24.45619221618259 -25.7069009467337
-3.104166666666666 -24.4643505213089 -25.71210122941313
-2.604166666666666 -24.47248409546868 -25.71726393270755
-2.104166666666666 -24.480571698345667 -25.72244988926958
-1.604166666666666 -24.488638543709357 -25.727577379256743
-1.104166666666666 -24.496658915533036 -25.732711463962413
-0.6041666666666679 -24.5046411441902 -25.737831219372744
-0.10416666666666607 -24.51261927868385 -25.742925450599948
0.3958333333333339 -24.520536805662438 -25.74802616895434
0.8958333333333321 -24.52843972234927 -25.753116575273758
1.395833333333334 -24.53631077123241 -25.758188465286516
1.895833333333334 -24.54412927034508 -25.76325348326722
2.395833333333332 -24.55195530832842 -25.76829204210462
2.895833333333334 -24.5597516971802 -25.77334093677658
3.395833333333334 -24.567535431708865 -25.77836029085582
3.895833333333334 -24.575262326424383 -25.78338188542649
4.395833333333334 -24.582970974005498 -25.788380040179362
4.895833333333334 -24.5906443694887 -25.79338883885553
5.395833333333334 -24.598295425482668 -25.79836158779992
5.895833333333334 -24.60593051077122 -25.803327172400238
6.395833333333334 -24.613550842651826 -25.80828729832247
6.895833333333334 -24.621116234206596 -25.81323991692517
7.395833333333334 -24.628654287022567 -25.818171107783733
7.895833333333334 -24.636155848835575 -25.823096245540103
8.395833333333334 -24.64366300493795 -25.82800777073985
8.895833333333334 -24.651087489392488 -25.83289849982094
9.395833333333334 -24.658549638370488 -25.83779010985081
9.895833333333334 -24.665951020251697 -25.84266408333608
10.395833333333334 -24.673306838894227 -25.847527614186827
10.895833333333334 -24.680659677093708 -25.85237195764506
11.395833333333334 -24.687984701955624 -25.85721384426945
11.89583333333333 -24.69526630633036 -25.862040800190307
12.395833333333334 -24.702534925719707 -25.866845237625895
12.895833333333334 -24.709790134225088 -25.871660205080424
13.39583333333333 -24.71700813239333 -25.876452534669877
13.895833333333334 -24.72415939314743 -25.881240516932706
14.395833333333334 -24.731336124529616 -25.886006294875152
14.89583333333333 -24.738472673122843 -25.890769051905224
15.395833333333334 -24.74557241749594 -25.89550072460448
15.895833333333334 -24.752686548855777 -25.900261374212956
16.39583333333333 -24.759730836658733 -25.904980562844592
16.895833333333336 -24.766761835384546 -25.90968902034816
17.395833333333336 -24.773749440973106 -25.914409210086482
17.89583333333333 -24.78075442821676 -25.91909813594864
18.395833333333336 -24.787685341508055 -25.923787691929675
18.895833333333336 -24.79461715127804 -25.92846025967427
19.395833333333336 -24.80153786386248 -25.933123424786938
19.895833333333336 -24.808439902949985 -25.937787458961097
20.395833333333336 -24.81530911726271 -25.94240870849301
20.895833333333336 -24.822151993277114 -25.94704977347738
21.395833333333336 -24.82894999310409 -25.951673405680854
21.895833333333336 -24.835756191289523 -25.956289509748686
22.395833333333336 -24.842513449900263 -25.960882059369993
22.895833333333336 -24.84927115886237 -25.96548668271926
23.395833333333336 -24.855971439677557 -25.970059264463213
23.895833333333336 -24.862701590845973 -25.97462762674421
24.395833333333336 -24.869388356539694 -25.979190339584598
24.895833333333336 -24.876068663380863 -25.983747329160668
25.395833333333336 -24.882684633567944 -25.988311342817646
25.895833333333336 -24.889307559076403 -25.992832249925407
26.395833333333336 -24.895894906983326 -25.997351115259683
26.895833333333336 -24.902472674588406 -26.001873055419168
27.395833333333336 -24.909015202605573 -26.006368646835757
27.895833333333336 -24.915540518492357 -26.010870896640203
28.395833333333336 -24.92205909543486 -26.015354114328826
28.895833333333336 -24.928566088858794 -26.019833958988766
29.395833333333336 -24.935005051615704 -26.024295733827564
29.895833333333336 -24.941456423435113 -26.028748430273232
30.395833333333336 -24.94790675861808 -26.03319882075105
30.895833333333336 -24.95429339795756 -26.03765319736545
31.395833333333336 -24.96068787901796 -26.042082396634747
31.895833333333336 -24.967037980211778 -26.04649729054617
32.395833333333336 -24.97342635686821 -26.050913369974623
32.895833333333336 -24.97972404662866 -26.055319053845707
33.395833333333336 -24.986037845604244 -26.059706361594127
33.895833333333336 -24.99231794293828 -26.064102390791124
34.395833333333336 -24.998594437364396 -26.068470815959174
34.895833333333336 -25.00482544645501 -26.07284752595323
35.39583333333333 -25.011094370175854 -26.07720743287722
35.895833333333336 -25.017274894276976 -26.08157083998784
36.395833333333336 -25.023483690961285 -26.08591029398026
36.89583333333333 -25.029672996146605 -26.090249950052893
37.395833333333336 -25.03582791724581 -26.094574601182842
37.895833333333336 -25.041950758073305 -26.098885711580706
38.39583333333333 -25.048089288310912 -26.10319265182727
38.895833333333336 -25.05418749656186 -26.107502286110403
39.395833333333336 -25.060285246127776 -26.111788119638554
39.89583333333333 -25.06635266936305 -26.116077630179063
40.395833333333336 -25.07238735853868 -26.12034772565858
40.895833333333336 -25.078414780417543 -26.124619216618193
41.39583333333333 -25.084453367442133 -26.128885116091812
41.895833333333336 -25.090433651925363 -26.133124365820606
42.395833333333336 -25.096423503443543 -26.137379747010165
42.89583333333333 -25.102370805112997 -26.141619570928395
43.395833333333336 -25.10831869216237 -26.145859361292686
43.895833333333336 -25.11426471680923 -26.15008140215481
44.39583333333333 -25.12015760457871 -26.154285713616122
44.895833333333336 -25.126059119737654 -26.158501421586642
45.395833333333336 -25.131945325349175 -26.16269124146497
45.89583333333333 -25.137796672792497 -26.166872448731205
46.395833333333336 -25.143621826760505 -26.171062218789007
46.895833333333336 -25.14945600784627 -26.175215610335457
47.39583333333333 -25.155274177338676 -26.17939349988213
47.895833333333336 -25.161065819209828 -26.183539433887262
48.395833333333336 -25.16683587245849 -26.187692545413512
48.89583333333333 -25.172586914644945 -26.19181981895981
49.395833333333336 -25.178336487500758 -26.19594288934742
49.895833333333336 -25.18405134850884 -26.200063519347715
50.39583333333333 -25.18975089703408 -26.2041884527098
50.895833333333336 -25.195442363503684 -26.20829452203235
51.395833333333336 -25.20111719506403 -26.212386069184493
51.895833333333336 -25.206765764125457 -26.21647542482701
52.395833333333336 -25.212412000616986 -26.22054704347892
52.895833333333336 -25.218052448545237 -26.22462039143176
53.395833333333336 -25.223645345191592 -26.228684595971995
53.895833333333336 -25.229261999460437 -26.232742204635407
54.395833333333336 -25.234831952384297 -26.236788220197408
54.895833333333336 -25.240391385653087 -26.24082483451453
55.395833333333336 -25.245948897542835 -26.244863163839298
55.895833333333336 -25.251478778313402 -26.24889584842616
56.395833333333336 -25.257002355575864 -26.25290484811434
56.895833333333336 -25.26251552739965 -26.256917924644327
57.395833333333336 -25.268016040756645 -26.26092666119673
57.895833333333336 -25.273475627310305 -26.264917302685248
58.395833333333336 -25.27894104900495 -26.268917992362105
58.895833333333336 -25.284380743065896 -26.272900289477356
59.395833333333336 -25.28981703917718 -26.27686763213851
59.895833333333336 -25.295231899569288 -26.280837466718083
60.395833333333336 -25.300639148202247 -26.284791486650594
60.895833333333336 -25.306049399350673 -26.28875264598346
61.395833333333336 -25.311423957526582 -26.29269539161544
61.895833333333336 -25.31679573388083 -26.296649301321825
62.395833333333336 -25.32211296803156 -26.300567907605966
62.895833333333336 -25.327475298276653 -26.304497761296894
63.395833333333336 -25.332793113783595 -26.30842293765633
63.895833333333336 -25.3381060060596 -26.312324989434714
64.39583333333333 -25.343408355308764 -26.31624262239733
64.89583333333333 -25.348699599643826 -26.320131403975072
65.39583333333333 -25.353964178399156 -26.324020131033055
65.89583333333333 -25.359228300527906 -26.327917527368673
66.39583333333333 -25.364485772433248 -26.33181136009494
66.89583333333333 -25.369719647464358 -26.335677964697155
67.39583333333333 -25.374927407100223 -26.339539673184397
67.89583333333333 -25.380152318481272 -26.343404193948352
68.39583333333333 -25.38535614303673 -26.347246742259802
68.89583333333333 -25.390540888763525 -26.35110577080696
69.39583333333333 -25.3957065310409 -26.354935317986175
69.89583333333333 -25.400864788277744 -26.358775001913695
70.39583333333333 -25.40601431330549 -26.36261366479809
70.89583333333333 -25.411163679554207 -26.366441527789924
71.39583333333333 -25.41627631278058 -26.370256570726976
71.89583333333333 -25.421392511969007 -26.37406927781253
72.39583333333333 -25.426498975636783 -26.37787983513101
72.89583333333333 -25.431600144093863 -26.381679223087332
73.39583333333333 -25.436661963322447 -26.385469496821692
73.89583333333333 -25.441744457527157 -26.389266486296343
74.39583333333333 -25.446796528616854 -26.393054292627575
74.89583333333333 -25.451837608419076 -26.396808043850903
75.39583333333333 -25.456866846085887 -26.400599742550416
75.89583333333333 -25.461895541074306 -26.404362171195537
76.39583333333333 -25.466903938004783 -26.4081203650171
76.89583333333333 -25.471918540378375 -26.41187216169294
77.39583333333333 -25.47690081288846 -26.415620372704968
77.89583333333333 -25.481889858612377 -26.419369979615063
78.39583333333333 -25.48686944439043 -26.423114279827885
78.89583333333333 -25.49179969134023 -26.42685024330673
79.39583333333333 -25.4967724340661 -26.430576018005763
79.89583333333333 -25.50171054640287 -26.434292088196113
80.39583333333333 -25.50664224723567 -26.438005020669323
80.89583333333333 -25.51155596850545 -26.441728528427145
81.39583333333333 -25.5164566130931 -26.445425210207997
81.89583333333333 -25.52136583048615 -26.449142405672784
82.39583333333333 -25.526259927937556 -26.45282308621955
82.89583333333333 -25.531139871965507 -26.45652734961954
83.39583333333333 -25.536005021994875 -26.460199122746385
83.89583333333331 -25.54085088837216 -26.463886131275242
84.39583333333333 -25.545697090614073 -26.467558624466037
84.89583333333333 -25.550532146652248 -26.471227129099972
85.39583333333331 -25.555347765155446 -26.474890085797632
85.89583333333333 -25.56016371825372 -26.478548356845565
86.39583333333333 -25.56496224404912 -26.48218366319444
86.89583333333331 -25.569750312346898 -26.48584316397677
87.39583333333333 -25.574522674986234 -26.48947931828992
87.89583333333333 -25.5793067683775 -26.493101261853468
88.39583333333331 -25.584068153567028 -26.496726578109666
88.89583333333333 -25.58881123729135 -26.500343207690168
89.39583333333333 -25.593555146308805 -26.503966724914633
89.89583333333331 -25.59827373054172 -26.50757268280163
90.39583333333333 -25.6029996143182 -26.51118552976412
90.89583333333333 -25.60770204333558 -26.514779170741747
91.39583333333331 -25.61239408470736 -26.518361289816433
91.89583333333333 -25.6170973985973 -26.521951337268376
92.39583333333333 -25.621767812035998 -26.525526582916278
92.89583333333331 -25.626428263713386 -26.529098053083445
93.39583333333333 -25.63109272291218 -26.5326792160021
93.89583333333333 -25.635730701616744 -26.536238920266754
94.39583333333331 -25.64037067047051 -26.539799924675496
94.89583333333333 -25.644998749048025 -26.543345753746046
95.39583333333333 -25.649622914854852 -26.546903456803133
95.89583333333331 -25.654224434505146 -26.550442156695762
96.39583333333333 -25.658835411286915 -26.553972406557666
96.89583333333333 -25.663421071214216 -26.557497233104343
97.39583333333331 -25.66797751097458 -26.56103688861501
97.89583333333333 -25.672565544691626 -26.564554097530724
98.39583333333333 -25.67712539654229 -26.568068392135263
98.89583333333331 -25.681673732745665 -26.571591264203647
99.39583333333333 -25.68621826555317 -26.575083801046695
99.89583333333333 -25.69075616356683 -26.578597808275664
100.39583333333331 -25.695279783079478 -26.582085859887172
100.89583333333333 -25.69979428778391 -26.585580866572663
101.39583333333333 -25.704304889083097 -26.589064993210805
101.89583333333331 -25.708792630058106 -26.592542652828772
102.39583333333333 -25.713287861235116 -26.59602022447838
102.89583333333333 -25.717779794677604 -26.599501546277654
103.39583333333331 -25.722252244004515 -26.6029538341151
103.89583333333333 -25.72668687380411 -26.606409544424338
104.39583333333333 -25.731154075695343 -26.609879749242673
104.89583333333331 -25.73559103419839 -26.61332587122888
105.39583333333333 -25.740033376751757 -26.616770303451176
105.89583333333333 -25.744461560876854 -26.62022433234222
106.39583333333331 -25.748884269208702 -26.62366561397667
106.89583333333333 -25.753288433934255 -26.627102324054132
107.39583333333333 -25.757683792388534 -26.630521671009824
107.89583333333331 -25.762082245841917 -26.63394920114825
108.39583333333333 -25.766487445407815 -26.63737442025042
108.89583333333333 -25.770854710795188 -26.640777129674195
109.39583333333331 -25.775217269942146 -26.644201513722294
109.89583333333333 -25.779578227020437 -26.64760633374479
110.39583333333333 -25.783933535135684 -26.651005715636945
110.89583333333331 -25.78826778634362 -26.654406187387817
111.39583333333333 -25.792628607948878 -26.65780151886336
111.89583333333333 -25.796943625805536 -26.661185459063738
112.39583333333331 -25.80125296060801 -26.664575830500567
112.89583333333333 -25.805561357737442 -26.667949758398354
113.39583333333333 -25.809875280105953 -26.67131953146203
113.89583333333331 -25.814177785130518 -26.67469899669856
114.39583333333333 -25.81847127166357 -26.678058416179802
114.89583333333333 -25.822723878603057 -26.681427544601142
115.39583333333333 -25.82700377049459 -26.684795240277875
115.89583333333333 -25.83128590757102 -26.68814276119647
116.39583333333333 -25.835531507631117 -26.691490840887088
116.89583333333333 -25.8397855574372 -26.694842912046056
117.39583333333333 -25.844033291765353 -26.69818900467253
117.89583333333333 -25.84823671255154 -26.70152975088305
118.39583333333333 -25.852494153980516 -26.70485117092361
118.89583333333333 -25.856708968193804 -26.7081953404627
119.39583333333333 -25.860923016446513 -26.711527579356794
119.89583333333333 -25.865126185225368 -26.714836197802452
120.39583333333333 -25.86933411692194 -26.718169493783506
120.89583333333333 -25.873521078934864 -26.721472079123746
121.39583333333333 -25.87770204668503 -26.724791501011286
121.89583333333333 -25.88189764137732 -26.728098735941067
122.39583333333333 -25.886081333103537 -26.731415723262
122.89583333333333 -25.890273719002206 -26.734725626588926
123.39583333333333 -25.894469901036796 -26.73804269128906
123.89583333333333 -25.898687371840346 -26.741360813633538
124.39583333333333 -25.902892953278887 -26.744673460829645
