FastTrWP/PhaseSpace/IAs/snIa_0.30_30.00_-0.28_0.10.csv
# %ECSV 0.9
# ---
# datatype:
# - {name: time-rel, datatype: float64}
# - {name: g, datatype: float64}
# - {name: i, datatype: float64}
# schema: astropy-2.0
time-rel g i
[from data line 867]
649.6666666666666 22.827880377069484 22.427707511004414
650.1666666666666 22.82797932012004 22.42723906987746
650.6666666666666 22.828089080920975 22.426769138643373
651.1666666666666 22.82820838234222 22.426312012808552
651.6666666666666 22.828318782327457 22.42585178532558
652.1666666666666 22.828437964354777 22.425392132906236
652.6666666666666 22.828568033675015 22.4249395933451
653.1666666666666 22.828699491765605 22.424482050038517
653.6666666666666 22.82883855110571 22.42403407624029
654.1666666666666 22.828979861111634 22.423595024420027
654.6666666666666 22.82913226411327 22.423143126554436
655.1666666666666 22.829285645208426 22.42270396842472
655.6666666666666 22.829439992223598 22.422272867568232
656.1666666666666 22.829620805915166 22.421824784473273
656.6666666666666 22.82978849934986 22.421399618550183
657.1666666666666 22.829959662386173 22.420970501093976
657.6666666666666 22.83014994393078 22.420542724050733
658.1666666666666 22.83032551412484 22.42011824165862
658.6666666666666 22.83052194122668 22.419694467411357
659.1666666666666 22.83072427053594 22.419275007988226
659.6666666666666 22.830928313331885 22.418862063989664
660.1666666666666 22.831137997304666 22.4184506902105
660.6666666666666 22.83134852928512 22.41804372674709
661.1666666666666 22.831573586526886 22.417632132464536
661.6666666666666 22.831797381553848 22.417225305018256
662.1666666666666 22.832039811709322 22.416822706239728
662.6666666666666 22.832280328223327 22.416425984169777
663.1666666666666 22.83253406921849 22.416028742834747
663.6666666666666 22.832790495250748 22.415625945583365
664.1666666666666 22.833048473035966 22.415248699628513
664.6666666666666 22.83331649244652 22.41485333470741
665.1666666666666 22.833585678523477 22.414471671753518
665.6666666666666 22.833878546742117 22.414074611021753
666.1666666666666 22.834153417704318 22.41369279961214
666.6666666666666 22.834465299271905 22.413317510880837
667.1666666666666 22.834751450910282 22.412940433648558
667.6666666666666 22.835065926147124 22.41255929904918
668.1666666666666 22.835370920486362 22.412183785188926
668.6666666666666 22.83569948863677 22.411822905745645
669.1666666666666 22.836022327115888 22.41144653975055
669.6666666666666 22.836350186459033 22.41108571729277
670.1666666666666 22.836685459581865 22.41072384729337
670.6666666666666 22.83702416044588 22.410360950971157
671.1666666666666 22.83737087569332 22.409999234577395
671.6666666666666 22.837723101118712 22.409653249794147
672.1666666666666 22.83808786013429 22.40929662866831
672.6666666666666 22.838446852185577 22.408943768492854
673.1666666666666 22.83882319593076 22.408600137560505
673.6666666666666 22.839188005854062 22.408257699010406
674.1666666666666 22.839573188046984 22.407916753521796
674.6666666666666 22.839953631880036 22.407575132173953
675.1666666666666 22.84034119494371 22.40724010111359
675.6666666666666 22.840736253447975 22.406901184453698
676.1666666666666 22.84113500600936 22.406568957295786
676.6666666666666 22.84153926437595 22.40623817297449
677.1666666666666 22.84195634979961 22.405924267678877
677.6666666666666 22.842354449642013 22.405593480470472
678.1666666666666 22.842771775335518 22.40527640212061
678.6666666666666 22.843201937640735 22.404956879285763
679.1666666666666 22.843617535008967 22.40464800378293
679.6666666666666 22.844057969664398 22.40432933938305
680.1666666666666 22.8444865077389 22.404021220199
680.6666666666666 22.844928617654286 22.403710504741035
681.1666666666666 22.845374570287404 22.403413618023635
681.6666666666666 22.845820064599348 22.403106605766567
682.1666666666666 22.846273522378166 22.402807407939747
682.6666666666666 22.846725501286095 22.402519298428395
683.1666666666666 22.847183347331473 22.402228134809388
683.6666666666666 22.84764882948164 22.401933622696305
684.1666666666666 22.848111579575935 22.40165405596119
684.6666666666666 22.848580041828864 22.401371589394646
685.1666666666666 22.849053017618278 22.401086784140993
685.6666666666666 22.84953918253635 22.400809592988615
686.1666666666666 22.85001168359571 22.40054123419782
686.6666666666666 22.850497528232875 22.400263227532527
687.1666666666666 22.850982549101147 22.399996042254603
687.6666666666666 22.851464507566224 22.399727159648528
688.1666666666666 22.851957409889337 22.399464518334995
688.6666666666666 22.85245460455533 22.399202737799463
689.1666666666666 22.852946390748613 22.398943949365968
689.6666666666666 22.853451646078025 22.398689252044008
690.1666666666666 22.853952531866717 22.398438825954052
690.6666666666666 22.854453816690675 22.398198170219818
691.1666666666666 22.854973794175333 22.39795184038818
691.6666666666666 22.855475704971077 22.39770684921913
692.1666666666666 22.855988590281985 22.397473538966793
692.6666666666666 22.856513442285976 22.397231798957755
693.1666666666666 22.857035738999517 22.397000436565357
693.6666666666666 22.85755854300239 22.396772060113648
694.1666666666666 22.85809084604931 22.396545316693302
694.6666666666666 22.858625118735702 22.396321204849126
695.1666666666666 22.85917479260291 22.396092925182444
695.6666666666666 22.85972094269934 22.39587402280335
696.1666666666666 22.86027510839539 22.395657123066428
696.6666666666666 22.860829935342743 22.39544687366203
697.1666666666666 22.861391355353025 22.3952358521804
697.6666666666666 22.86195250949691 22.395031276525877
698.1666666666666 22.862526051909807 22.39482047852669
698.6666666666666 22.863111202658107 22.394612161725853
699.1666666666666 22.86368620374544 22.394416048959336
699.6666666666666 22.864278025389957 22.394223356496042
700.1666666666666 22.86487304925086 22.39402272673975
700.6666666666666 22.865457364790558 22.39383478050367
701.1666666666666 22.866053829862185 22.393643952011622
701.6666666666666 22.86665676194361 22.39345747831043
702.1666666666666 22.86726392245168 22.393272401312082
702.6666666666666 22.86788062305519 22.393086868471862
703.1666666666666 22.868509311197812 22.392914106016782
703.6666666666666 22.869111422712514 22.392736664642257
704.1666666666666 22.869744659255787 22.392568520076885
704.6666666666666 22.87036841453531 22.39238926899393
705.1666666666666 22.87101726320956 22.39222628449418
705.6666666666666 22.87163965495398 22.39205590015669
706.1666666666666 22.87227178405702 22.391898482977584
706.6666666666666 22.87292398202949 22.39174484081703
707.1666666666666 22.87356549327913 22.391587163064607
707.6666666666666 22.87421688048008 22.39143588963614
708.1666666666666 22.874876602060077 22.39128149560709
708.6666666666666 22.875529939725126 22.391136891798524
709.1666666666666 22.876190726206552 22.390989375857814
709.6666666666666 22.876854252815434 22.39084215606986
710.1666666666666 22.877523275216323 22.390713560244258
710.6666666666666 22.878200596034706 22.390571795215052
711.1666666666666 22.878860386890054 22.39043914598241
711.6666666666666 22.879538474942542 22.390308113562348
712.1666666666666 22.88022045913739 22.39017879960203
712.6666666666666 22.88090250219433 22.39006186040904
713.1666666666666 22.881583370052798 22.389930426226833
713.6666666666666 22.882280835117406 22.38981536865911
714.1666666666666 22.882971604596584 22.38969408712059
714.6666666666666 22.88366076105797 22.389583293866018
715.1666666666666 22.884352915947854 22.38946740633558
715.6666666666666 22.88505460057842 22.389367693192142
716.1666666666666 22.885747631616994 22.389252977090173
716.6666666666666 22.88646058723441 22.38915596945013
717.1666666666666 22.887165439895774 22.38905287997237
717.6666666666666 22.887881315435852 22.388955517579273
718.1666666666666 22.888588521613716 22.388865613971593
718.6666666666666 22.889298646973366 22.38877001122789
719.1666666666666 22.89002073125015 22.388684867321263
719.6666666666666 22.89073737370474 22.388603352236423
720.1666666666666 22.891453037141204 22.388513418257023
720.6666666666666 22.8921715782267 22.388445305905407
721.1666666666666 22.892897896785573 22.38836460520276
721.6666666666666 22.893626960868957 22.388291546249683
722.1666666666666 22.894353961657195 22.3882180372594
722.6666666666666 22.895066264402676 22.388156124647356
723.1666666666666 22.895800991966247 22.38808335016936
723.6666666666666 22.89653713947985 22.388024760019853
724.1666666666666 22.89727008301557 22.38796930490681
724.6666666666666 22.89800529310562 22.387907923044075
725.1666666666666 22.898742033972923 22.387859080390875
725.6666666666666 22.899488795373955 22.387807217452167
726.1666666666666 22.900224965809596 22.38776019633788
726.6666666666666 22.900987320574615 22.38770958919271
727.1666666666666 22.901733065692834 22.387676482670496
727.6666666666666 22.9024981756494 22.387630995261173
728.1666666666666 22.903257825602104 22.387601483735928
728.6666666666666 22.904012678649583 22.387564801125528
729.1666666666666 22.904779732231603 22.387531229687248
729.6666666666666 22.905545307690755 22.387510372239625
730.1666666666666 22.90632966308586 22.387491319195227
730.6666666666666 22.907098128704572 22.387462462968802
731.1666666666666 22.90787888244936 22.38744114950638
731.6666666666666 22.90865351262009 22.387428054464543
732.1666666666666 22.909438719441194 22.38741906618936
732.6666666666666 22.91022649877576 22.387406103768058
733.1666666666666 22.911007864345017 22.38740884121249
733.6666666666666 22.911813714854805 22.387395893570368
734.1666666666666 22.912611039785993 22.387395004727896
734.6666666666666 22.91340779083089 22.38739259658815
735.1666666666666 22.914217938201098 22.38740204523659
735.6666666666666 22.915014660671503 22.387415768490342
736.1666666666666 22.915821391441476 22.387416779143
736.6666666666666 22.916637391658526 22.387428773724565
737.1666666666666 22.917451460962972 22.387443316831053
737.6666666666666 22.918269601656664 22.387467478019527
738.1666666666666 22.91908369832739 22.387489759224536
738.6666666666666 22.919912286119025 22.387512800269317
739.1666666666666 22.92074385889082 22.387535842350886
739.6666666666666 22.921576905261606 22.38756610947583
740.1666666666666 22.922401663700636 22.38759663932925
740.6666666666665 22.92324689687746 22.387637268217773
741.1666666666666 22.92407866417801 22.387676773765172
741.6666666666666 22.924925627162153 22.387712799868158
742.1666666666665 22.925772596242386 22.38775045433478
742.6666666666666 22.92662426421435 22.38779924472516
743.1666666666666 22.92746346098244 22.38784997035735
743.6666666666665 22.92831788619258 22.387900650507273
744.1666666666666 22.92916708490506 22.387950649298748
744.6666666666666 22.93003564709551 22.38800961979252
745.1666666666665 22.930895950449262 22.388067469165374
745.6666666666666 22.931764577205705 22.38812971591269
746.1666666666666 22.932622411267886 22.388185331644834
746.6666666666665 22.933505098971935 22.388262048403465
747.1666666666666 22.93436876879266 22.388332287094407
747.6666666666666 22.935245672560608 22.388400764747317
748.1666666666665 22.936123773262906 22.38847708262525
748.6666666666666 22.937013311362186 22.388557391627224
749.1666666666666 22.937888608512196 22.38863261760553
749.6666666666665 22.93878326538281 22.388713042320845
750.1666666666666 22.93966980215879 22.388806461255296
750.6666666666666 22.94057087196574 22.388886307106826
751.1666666666665 22.941461900154874 22.38897415642385
751.6666666666666 22.94236194275185 22.3890788820965
752.1666666666666 22.94325518966085 22.38916817816137
752.6666666666665 22.944175190319186 22.389264473726346
753.1666666666666 22.945067678060127 22.389365817811754
753.6666666666666 22.945982085044715 22.389464797758812
754.1666666666665 22.946891389695935 22.389570916869573
754.6666666666666 22.947813929942033 22.389679629121936
755.1666666666666 22.948726994501314 22.38979130980466
755.6666666666665 22.949650831901995 22.389903983750653
756.1666666666666 22.950577817439964 22.39002164277978
756.6666666666666 22.951508577066374 22.390144622557383
757.1666666666665 22.952435712301693 22.39026753543979
757.6666666666666 22.95337883028532 22.390384076230404
758.1666666666666 22.954316491392042 22.390518008967994
758.6666666666665 22.955258384305132 22.39065141214569
759.1666666666666 22.95619516336572 22.390789324571656
759.6666666666666 22.95715230172891 22.390917409190898
760.1666666666665 22.958111916710948 22.391060569536997
760.6666666666666 22.959056473588078 22.39119933598427
761.1666666666666 22.960023840845093 22.39133935964975
761.6666666666665 22.960973894444557 22.3914949056334
762.1666666666666 22.96194979375042 22.391644698849706
762.6666666666666 22.96291613468632 22.391795310359065
763.1666666666665 22.963883334772163 22.391942983715303
763.6666666666666 22.964858337536086 22.392102864526017
764.1666666666666 22.965845217399302 22.392264367388567
764.6666666666665 22.966820621841823 22.392433803404256
765.1666666666666 22.96781450376176 22.39260185093552
765.6666666666666 22.968791711423076 22.392769912166607
766.1666666666665 22.969786699722285 22.392943054172495
766.6666666666666 22.970777531435807 22.393109347255443
767.1666666666666 22.97178235611371 22.393294860689323
767.6666666666665 22.97278058654465 22.393474213441742
768.1666666666666 22.973787046115497 22.393646732374087
768.6666666666666 22.97479695138531 22.39383344854131
769.1666666666665 22.975803642112083 22.39402279563474
769.6666666666666 22.976818149008132 22.394213713440084
770.1666666666666 22.97783565829125 22.394404616408828
770.6666666666665 22.978855059082584 22.394604235567414
771.1666666666666 22.97987451016114 22.394796033590136
771.6666666666666 22.980897835250374 22.39500457901169
772.1666666666665 22.981921177792696 22.395213115938382
772.6666666666666 22.982964380254842 22.395409424143175
773.1666666666666 22.983990696895063 22.395621610770885
773.6666666666665 22.985027807344416 22.395830289481047
774.1666666666666 22.9860679166898 22.396048101374177
774.6666666666666 22.98712087688147 22.396262261120462
775.1666666666665 22.98815586506031 22.396479114132145
775.6666666666666 22.989206104489163 22.396704012654595
776.1666666666666 22.99025371398509 22.39692050588118
776.6666666666665 22.991324199090876 22.397154420080927
777.1666666666666 22.992379900055976 22.39738692490963
777.6666666666666 22.993432442228823 22.397616694753676
778.1666666666665 22.994499490614288 22.397843191328302
778.6666666666666 22.99557007059033 22.398084661369214
779.1666666666666 22.99663462120392 22.39832262103942
779.6666666666665 22.99770371355736 22.398563316732837
780.1666666666666 22.998784963853605 22.398810451338953
780.6666666666666 22.999862050959543 22.399059088443494
781.1666666666665 23.00094056645446 22.399302404376474
781.6666666666666 23.002024340662608 22.399554543122576
782.1666666666666 23.003115912057098 22.399807643487875
782.6666666666665 23.004186373218456 22.4000677189372
783.1666666666666 23.005283311174583 22.40031708086784
783.6666666666666 23.006380091739537 22.400578830413977
784.1666666666665 23.00748167614276 22.400850457182898
784.6666666666666 23.008573648810845 22.401114547295442
785.1666666666666 23.009678770203934 22.40137497727922
785.6666666666665 23.0107839205999 22.401648042889484
786.1666666666666 23.011890716398675 22.401921954755736
786.6666666666666 23.013009038447315 22.40220316631855
787.1666666666665 23.01411909891229 22.402478025079144
787.6666666666666 23.01524130806804 22.402752359393226
788.1666666666666 23.016365087966662 22.403042328060142
788.6666666666665 23.01749341557676 22.403322922087888
789.1666666666666 23.01862626523593 22.40361095169336
789.6666666666666 23.01976639874582 22.403899826782432
790.1666666666665 23.02090965704577 22.404187381631118
790.6666666666666 23.022059484746535 22.404480533448424
791.1666666666666 23.023195086614603 22.404773638512836
791.6666666666665 23.024359513589804 22.405074035972167
792.1666666666666 23.025515539165195 22.405376734575412
792.6666666666666 23.026681856334253 22.405677071471004
793.1666666666665 23.02784730463405 22.405991180975526
