FastTrWP/PhaseSpace/IAs/snIa_0.37_30.00_-0.40_0.01.csv
# %ECSV 0.9
# ---
# datatype:
# - {name: time-rel, datatype: float64}
# - {name: g, datatype: float64}
# - {name: i, datatype: float64}
# schema: astropy-2.0
time-rel g i
[from data line 288]
347.6041666666667 24.16772108127825 23.67015703244361
348.1041666666667 24.162796384414204 23.666332927411947
348.6041666666667 24.157903856358782 23.662511591209707
349.1041666666667 24.152989548424216 23.65871433893874
349.6041666666667 24.148103061495952 23.65490184052076
350.1041666666667 24.14322027092037 23.651106370234515
350.6041666666667 24.13836003708473 23.64733127830723
351.1041666666667 24.133497367386383 23.643528801021297
351.6041666666667 24.128660345886587 23.63977900748577
352.1041666666667 24.123830906426114 23.636013285983815
352.6041666666667 24.119007751606038 23.63224410274336
353.1041666666667 24.11418295541241 23.62849314320949
353.6041666666667 24.10938958460339 23.624744229391354
354.1041666666667 24.1046004003893 23.62100478222086
354.6041666666667 24.099810142740377 23.61727675059283
355.1041666666667 24.095041876865373 23.613548041634047
355.6041666666667 24.09028106765925 23.60982808939637
356.1041666666667 24.085541381246397 23.606114864916275
356.6041666666667 24.08080580358487 23.60239987940959
357.1041666666667 24.0760603198365 23.59871161642971
357.6041666666667 24.071331738044584 23.595017884016546
358.10416666666663 24.066647949811536 23.591329458370772
358.6041666666667 24.06193760659043 23.587656197369213
359.1041666666667 24.057241105689634 23.583976455175208
359.60416666666663 24.052570232601717 23.58030869388592
360.1041666666667 24.047892621799292 23.576649193295957
360.6041666666667 24.04323045698594 23.57298977025874
361.10416666666663 24.03856578475456 23.56933554743353
361.6041666666667 24.033936477227332 23.565682729247936
362.1041666666667 24.029302490059607 23.5620458794369
362.60416666666663 24.02467273195231 23.558415696207508
363.1041666666667 24.02006112536579 23.55480500936041
363.6041666666667 24.015456836902437 23.551171450602673
364.10416666666663 24.01085850143996 23.547554183597153
364.6041666666667 24.00626518709535 23.54393862508838
365.1041666666667 24.00169218344689 23.540335948952965
365.60416666666663 23.997115594825985 23.536739590302208
366.1041666666667 23.992545940717932 23.533148120112163
366.6041666666667 23.988011591558944 23.529554548530918
367.10416666666663 23.983472148029286 23.525980322469255
367.6041666666667 23.978938708130695 23.52241657425317
368.1041666666667 23.974405948724993 23.518844023208857
368.60416666666663 23.969899042008326 23.515286314635077
369.1041666666667 23.965397291741795 23.51172260087157
369.6041666666667 23.960899441039807 23.508183502385414
370.10416666666663 23.956423392169107 23.504651189161898
370.6041666666667 23.951948880725062 23.501113688761038
371.1041666666667 23.947488630109675 23.497576329810986
371.60416666666663 23.943031512774272 23.49405675520188
372.1041666666667 23.93857434750455 23.49054511836257
372.6041666666667 23.93415465325846 23.48704012365536
373.10416666666663 23.929725102210814 23.483524211563406
373.6041666666667 23.925317677327094 23.48003995609271
374.1041666666667 23.9209019496921 23.47655315775272
374.60416666666663 23.91649406709107 23.473055170001906
375.1041666666667 23.912105439353052 23.46958341706268
375.6041666666667 23.907716968364294 23.46610535930377
376.10416666666663 23.903348387866494 23.462644495658942
376.6041666666667 23.89900753760991 23.45917387054696
377.1041666666667 23.89461954540769 23.45571923966154
377.60416666666663 23.89029239939308 23.452268976080354
378.1041666666667 23.885946566291416 23.448816405546133
378.6041666666667 23.881619341013472 23.445379561751963
379.10416666666663 23.877297595304476 23.441957440504716
379.6041666666667 23.87296985063871 23.438523872244375
380.1041666666667 23.868678696292736 23.435098539427454
380.60416666666663 23.864377040699853 23.431669624697527
381.1041666666667 23.860088698085494 23.42826261653655
381.6041666666667 23.855804728268982 23.424865557321354
382.10416666666663 23.851526337574196 23.42145008366844
382.6041666666667 23.847274460008364 23.418061262261105
383.1041666666667 23.84300655086846 23.414655031271185
383.60416666666663 23.83875595120678 23.411283753256797
384.1041666666667 23.834524219561025 23.407908124208653
384.6041666666667 23.830287759843152 23.40452203733313
385.10416666666663 23.826046692848045 23.401157646646187
385.6041666666667 23.821845934467948 23.39778967218919
386.1041666666667 23.817635045545206 23.394421088721252
386.60416666666663 23.81342457710459 23.391066717705037
387.1041666666667 23.809239921720735 23.387706034625772
387.6041666666667 23.80505593984692 23.384373159061454
388.10416666666663 23.800872544214617 23.381027752768816
388.6041666666667 23.796699273205206 23.377686353122378
389.1041666666667 23.7925402870067 23.374349541000946
389.60416666666663 23.78837163363822 23.371030403294153
390.1041666666667 23.78421818056827 23.367707500781666
390.6041666666667 23.78007815637949 23.36439012456801
391.10416666666663 23.775935636249606 23.361073454864616
391.6041666666667 23.771817447604068 23.357765055987365
392.1041666666667 23.76769333913822 23.354456824940982
392.60416666666663 23.763573282878994 23.351158550851906
393.1041666666667 23.759471213266558 23.34785983235525
393.6041666666667 23.755372288123823 23.344575408751727
394.10416666666663 23.751277631478192 23.341282781720963
394.6041666666667 23.747189042126262 23.33800100969253
395.1041666666667 23.74309994442477 23.334718296375097
395.60416666666663 23.73902809582832 23.331449977102526
396.1041666666667 23.73496692187934 23.328173649971088
396.6041666666667 23.730895099205632 23.324912679952696
397.10416666666663 23.72684990253346 23.321650265156997
397.6041666666667 23.7227960375426 23.31839225659455
398.1041666666667 23.71875172727417 23.31514326249731
398.60416666666663 23.714722387616764 23.31187467204591
399.1041666666667 23.710655695349626 23.308628970819424
399.6041666666667 23.70661569177248 23.30536532285191
400.10416666666663 23.70255906832471 23.302114791448364
400.6041666666667 23.698494812083474 23.298846875283164
401.1041666666667 23.694446126764845 23.295592622975498
401.60416666666663 23.690369497501745 23.29232750639229
402.1041666666667 23.686308299856705 23.28906092077057
402.6041666666667 23.68224295300946 23.285802545370295
403.10416666666663 23.678177325384482 23.28253756154467
403.6041666666667 23.67412726129349 23.27927729459872
404.1041666666667 23.670067166584747 23.276019053714265
404.60416666666663 23.666009683843185 23.272767040317042
405.1041666666667 23.661945538227116 23.26950454423885
405.6041666666667 23.657881335956002 23.266264588445324
406.10416666666663 23.653850548079383 23.26300193791933
406.6041666666667 23.649804089110333 23.259763509112837
407.1041666666667 23.6457743786052 23.256506605432254
407.60416666666663 23.641734462521153 23.253265535408207
408.1041666666667 23.6377013504532 23.250033642941194
408.6041666666667 23.633672163108663 23.24680792899228
409.10416666666663 23.629668361892065 23.2435829412766
409.6041666666667 23.625670459507905 23.240358698737577
410.1041666666667 23.62167370644196 23.23713360929124
410.60416666666663 23.61769410425559 23.233926990946227
411.1041666666667 23.613703046382668 23.230718065969583
411.6041666666667 23.609740795765006 23.227516780769708
412.10416666666663 23.605770408136326 23.22432091886367
412.6041666666667 23.60183009446272 23.221144892573157
413.1041666666667 23.597896604706364 23.217954147728832
413.60416666666663 23.593958159204398 23.214790098467226
414.1041666666667 23.590048944928895 23.21162511537284
414.6041666666667 23.586140527022597 23.2084581905757
415.10416666666663 23.582260952235767 23.20531117397961
415.6041666666667 23.578381365660665 23.202158317607502
416.1041666666667 23.57450752034222 23.199042660369713
416.60416666666663 23.570672650877647 23.19590919428296
417.1041666666667 23.566831793161867 23.192808370904167
417.6041666666667 23.563019675072976 23.189695149672612
418.10416666666663 23.559207080913154 23.186602119050782
418.6041666666667 23.555415252033086 23.183511518145036
419.1041666666667 23.55165185090009 23.18043792334287
419.60416666666663 23.547897839804076 23.17737621798014
420.1041666666667 23.544150570962053 23.174311636658373
420.6041666666667 23.540428351495 23.171266955547885
421.10416666666663 23.536725800828698 23.16824099734641
421.6041666666667 23.533037577543574 23.165205100670725
422.1041666666667 23.529377647369607 23.162200473832762
422.60416666666663 23.525712174592858 23.159198415868797
423.1041666666667 23.522076755051195 23.15620572751193
423.6041666666667 23.518465203284862 23.153227928130885
424.10416666666663 23.514878591989397 23.150271268241745
424.6041666666667 23.511298420853898 23.147317210858766
425.1041666666667 23.507742597557787 23.144377709725607
425.60416666666663 23.50421601893954 23.141451859251454
426.1041666666667 23.500697287483515 23.138534402297527
426.6041666666667 23.497201531880943 23.135634372405953
427.10416666666663 23.493738037390024 23.132748685125847
427.6041666666667 23.49028294018698 23.12988655666079
428.1041666666667 23.486863755871585 23.127028667163017
428.60416666666663 23.48344694200374 23.124176590619676
429.1041666666667 23.48006770819389 23.121340759811613
429.6041666666667 23.47671152883447 23.11852241223171
430.10416666666663 23.47337276551219 23.115727939879903
430.6041666666667 23.470063131597133 23.112935130196966
431.1041666666667 23.466761421671443 23.110161166437933
431.60416666666663 23.463491291252655 23.107390746520423
432.1041666666667 23.4602054915704 23.10462916215638
432.6041666666667 23.456938566665585 23.10188003606743
433.10416666666663 23.453689281696416 23.099114944224475
433.6041666666667 23.450436080145508 23.09637646679161
434.1041666666667 23.447199511994135 23.09364081375667
434.60416666666663 23.443963099005174 23.090911320181505
435.1041666666667 23.44074855086058 23.088192795867045
435.6041666666667 23.43755048861349 23.085472255989423
436.10416666666663 23.434345329410107 23.08275301953527
436.6041666666667 23.43114028928905 23.080051812287667
437.1041666666667 23.427969910978756 23.07736022921358
437.60416666666663 23.42480467730752 23.074661045147884
438.1041666666667 23.42164113894671 23.071982216502988
438.6041666666667 23.418507017091578 23.06930404454578
439.10416666666663 23.41536463551177 23.066640496875
439.6041666666667 23.412250358866697 23.063976346478672
440.1041666666667 23.409130583909175 23.061333380371153
440.60416666666663 23.40604063651626 23.058683360122373
441.1041666666667 23.402947529836794 23.056046116260816
441.6041666666667 23.399864961194954 23.05341656037925
442.10416666666663 23.396802201319545 23.05079406619569
442.6041666666667 23.393748642209992 23.048189488710737
443.1041666666667 23.39070491403801 23.045573339530662
443.60416666666663 23.387675078240015 23.042984164230788
444.1041666666667 23.38465597953046 23.04039085016585
444.6041666666667 23.381663556738687 23.03781443230127
445.10416666666663 23.378680754993777 23.03524349567486
445.6041666666667 23.375698578309656 23.032676848518925
446.1041666666667 23.37273961753393 23.030130090205816
446.60416666666663 23.369776866915743 23.027575476131243
447.1041666666667 23.36685146604811 23.02504489788031
447.6041666666667 23.363929780453027 23.022521772098553
448.10416666666663 23.36101474961747 23.020002551641056
448.6041666666667 23.35813732293902 23.01749556230861
449.1041666666667 23.355253906642677 23.0149956706086
449.60416666666663 23.352370324691385 23.012508288101408
450.1041666666667 23.349524717601916 23.01002540889883
450.6041666666667 23.346687439743754 23.00755925134121
451.10416666666663 23.34386807139549 23.00508932327834
451.6041666666667 23.341069700540878 23.002641152013865
452.1041666666667 23.338273731770496 23.00020526007853
452.60416666666663 23.335488709294935 22.99777680426748
453.1041666666667 23.332727242749073 22.995351827186376
453.6041666666667 23.32997799690531 22.99294437001819
454.10416666666663 23.327255120829523 22.990544715709582
454.6041666666667 23.32452411214721 22.988151493179963
455.1041666666667 23.3218274883505 22.985766064386706
455.60416666666663 23.319137066296616 22.98339352499816
456.1041666666667 23.316474664787272 22.981042724606915
456.6041666666667 23.313815344369754 22.978691761967806
457.10416666666663 23.311169996808673 22.976345830877676
457.6041666666667 23.30856124515416 22.974019782864644
458.1041666666667 23.3059494153696 22.97170179901133
458.60416666666663 23.30335894416085 22.969400109420974
459.1041666666667 23.300784260429065 22.967105997920303
459.6041666666667 23.298214222946527 22.96481369313943
460.10416666666663 23.2956882500947 22.962536921378227
460.6041666666667 23.293170436706987 22.960278975678726
461.1041666666667 23.2906580987094 22.958026766871047
461.60416666666663 23.288165959376073 22.955786125216598
462.1041666666667 23.285696122674338 22.95355276694592
462.6041666666667 23.28323844958105 22.951328717640056
463.10416666666663 23.280810011486615 22.949125749586408
463.6041666666667 23.278381419598663 22.946923628072874
464.1041666666667 23.27597156212324 22.944744495008912
464.60416666666663 23.27357409404716 22.9425671886122
465.1041666666667 23.271195090838074 22.940393106281917
465.6041666666667 23.268821128652412 22.938237507702866
466.10416666666663 23.266462578903916 22.936071584286722
466.6041666666667 23.26411991332069 22.93393766713735
467.1041666666667 23.261778420166653 22.931800394870315
467.60416666666663 23.259459381318894 22.929670281328388
468.1041666666667 23.257148659691033 22.927557622450404
468.6041666666667 23.25485332820826 22.92544253602726
469.10416666666663 23.252570825936914 22.92334408406989
469.6041666666667 23.250291861812038 22.921243972428634
470.1041666666667 23.24803276220223 22.91916125068415
470.60416666666663 23.245776904456385 22.91707733672481
471.1041666666667 23.24354375656414 22.914996200205874
471.6041666666667 23.24130751896486 22.912935734530656
472.10416666666663 23.239094761839503 22.91088297512891
472.6041666666667 23.236895527425773 22.908827869309402
473.1041666666667 23.234690214960207 22.906795689463245
473.60416666666663 23.23251096315186 22.90476099460255
474.1041666666667 23.23034858543047 22.902739081457835
474.6041666666667 23.22818741863594 22.900719968786653
475.10416666666663 23.226039982194585 22.89871614233489
475.6041666666667 23.22390663386922 22.896723257480996
476.1041666666667 23.22178989049518 22.894723217417216
476.60416666666663 23.21967096836891 22.892742527435757
477.1041666666667 23.21757538155508 22.89075621413903
477.6041666666667 23.215481918065493 22.888797794351916
478.10416666666663 23.213395854977094 22.88683263770059
478.6041666666667 23.21134171299397 22.884877335605672
479.1041666666667 23.209265530574243 22.882937204197724
479.60416666666663 23.207232646541364 22.880995500273677
480.1041666666667 23.205198527675712 22.879064178971774
480.6041666666667 23.20317563700105 22.87713824812478
481.10416666666663 23.201174105341945 22.87521933491739
481.6041666666667 23.19917082226942 22.87331481391703
482.1041666666667 23.197177270314413 22.87141686263224
482.60416666666663 23.195204989009774 22.8695227733102
483.1041666666667 23.19323940845046 22.867642093502013
483.6041666666667 23.191279637130343 22.865763739719146
484.10416666666663 23.189343628221174 22.863891233716394
484.6041666666667 23.187415088684883 22.862035322990323
485.1041666666667 23.18549557819379 22.860180441389346
485.6041666666667 23.183582493972548 22.85833279971783
486.1041666666667 23.181677613822544 22.85648879182491
486.6041666666667 23.179794807700517 22.854651627420782
487.1041666666667 23.17791967630308 22.85283661862577
487.6041666666667 23.176038080425315 22.851020931956025
488.1041666666667 23.17417930925279 22.849207864404928
488.6041666666667 23.172337859201164 22.847407313932642
489.1041666666667 23.17050603849653 22.845602812486824
489.6041666666667 23.168688317532936 22.84382648538793
490.1041666666667 23.166882655035156 22.842039560063007
490.6041666666667 23.165078509759198 22.840268293090205
491.1041666666667 23.163286343441 22.838504376337458
