FastTrWP/PhaseSpace/IAs/snIa_0.6_30_1_-0.1.csv
# %ECSV 0.9
# ---
# datatype:
# - {name: time-rel, datatype: float64}
# - {name: g, datatype: float64}
# - {name: i, datatype: float64}
# schema: astropy-2.0
time-rel g i
[from data line 2297]
1124.625 -25.082584381749783 -27.2982525576367
1125.125 -25.08159174166739 -27.297418815690882
1125.625 -25.080608886638913 -27.296594391123406
1126.125 -25.079631999909225 -27.29575369409011
1126.625 -25.078651448205235 -27.294926799890085
1127.125 -25.077696363286172 -27.29408382615879
1127.625 -25.076738379337122 -27.293249584232843
1128.125 -25.075796482476093 -27.292410922296682
1128.625 -25.074864470170596 -27.29157559286461
1129.125 -25.073921759900315 -27.29073478149669
1129.625 -25.073002972018 -27.289890355658436
1130.125 -25.072073934556826 -27.289055369078316
1130.625 -25.071183202290477 -27.288207043982226
1131.125 -25.07028385508285 -27.28736384042303
1131.625 -25.069360794096553 -27.286519775317256
1132.125 -25.06849404459536 -27.285671488168614
1132.625 -25.067606601210628 -27.284825815010592
1133.125 -25.066738057184793 -27.283977745376795
1133.625 -25.065885773418714 -27.283120856216556
1134.125 -25.06503827091403 -27.28227469441631
1134.625 -25.06419123484433 -27.281424218530145
1135.125 -25.063345924106436 -27.280576975525314
1135.625 -25.062497062242294 -27.279719108735563
1136.125 -25.061690067234977 -27.278864678218948
1136.625 -25.060852382188024 -27.278008969223755
1137.125 -25.060047614986594 -27.277147300890135
1137.625 -25.0592738972891 -27.276284230056355
1138.125 -25.05843770189125 -27.275429599947728
1138.625 -25.05767163020037 -27.27456334857206
1139.125 -25.056885071297714 -27.273707061566515
1139.625 -25.05608021738119 -27.27284976891263
1140.125 -25.055322669174593 -27.271974212433033
1140.625 -25.054569198016022 -27.271111661977443
1141.125 -25.053820633436658 -27.270250195957896
1141.625 -25.053071755024675 -27.269378561129933
1142.125 -25.052315191519984 -27.26851301373916
1142.625 -25.051594670343988 -27.267637121920426
1143.125 -25.050876457179683 -27.266770652373825
1143.625 -25.050145250399808 -27.265895920871756
1144.125 -25.0494328878101 -27.265024600985207
1144.625 -25.04872826358731 -27.264142972564606
1145.125 -25.04801002421779 -27.263275083431402
1145.625 -25.04731515030006 -27.262392632627037
1146.125 -25.046633032790353 -27.261515395509832
1146.625 -25.04594812633635 -27.26063446314965
1147.125 -25.0452677556558 -27.25975358997408
1147.625 -25.044589077726442 -27.25887695463307
1148.125 -25.043945279419447 -27.257997020249036
1148.625 -25.043280883064302 -27.25710419491612
1149.125 -25.042651705570137 -27.256221370357096
1149.625 -25.041988281036915 -27.25533851207429
1150.125 -25.041339357956304 -27.25444511639886
1150.625 -25.040714955902214 -27.253564735014
1151.125 -25.040068889662805 -27.25267086260515
1151.625 -25.039455073984126 -27.251785513560268
1152.125 -25.038842495220564 -27.25088711032653
1152.625 -25.038217334879576 -27.249988893767643
1153.125 -25.037598241758907 -27.24910370032696
1153.625 -25.037026229899123 -27.248208830664375
1154.125 -25.036404574224044 -27.24731949569319
1154.625 -25.035831725825673 -27.246416635583074
1155.125 -25.035239801198337 -27.245518070983195
1155.625 -25.034659356265085 -27.24461151625008
1156.125 -25.034085771354995 -27.243720061048787
1156.625 -25.033494226138885 -27.242810918930857
1157.125 -25.032951194017592 -27.241912190200715
1157.625 -25.032408480639493 -27.24100545856279
1158.125 -25.031887768811284 -27.240104348242326
1158.625 -25.031378390510767 -27.239186208648643
1159.125 -25.03088270056204 -27.238272678279564
1159.625 -25.03038335823476 -27.23736504869951
1160.125 -25.02993833425046 -27.23645336358174
1160.625 -25.02947292456232 -27.235536143498386
1161.125 -25.0290583797052 -27.23461271140604
1161.625 -25.028667616697437 -27.233685977629417
1162.125 -25.028231121769217 -27.23276086341995
1162.625 -25.02787084963176 -27.23184803750558
1163.125 -25.027501103021756 -27.230916684428543
1163.625 -25.02712881557358 -27.229988735527733
1164.125 -25.02679927721354 -27.22905705724304
1164.625 -25.026461437622928 -27.228121478222754
1165.125 -25.02613539239453 -27.227186087168747
1165.625 -25.025825612918794 -27.226258598187428
1166.125 -25.02552909647153 -27.225316420495446
1166.625 -25.025239926867883 -27.224370423856612
1167.125 -25.024963087290217 -27.22344675082811
1167.625 -25.024706971533043 -27.22249864560545
1168.125 -25.02442879750721 -27.221558150115595
1168.625 -25.024163992368813 -27.220614086374752
1169.125 -25.02395186490226 -27.219668121707482
1169.625 -25.023694229506617 -27.21873208096142
1170.125 -25.023463684564863 -27.21776768585931
1170.625 -25.02324551552958 -27.216813739694118
1171.125 -25.023027870228557 -27.215871154193422
1171.625 -25.022834898676738 -27.214916475854515
1172.125 -25.02261527507889 -27.213966195159152
1172.625 -25.022409927295307 -27.213012520058385
1173.125 -25.02221406545228 -27.212058879472444
1173.625 -25.02202581568357 -27.21110104347612
1174.125 -25.021842197239977 -27.210148112677487
1174.625 -25.021649987400053 -27.20918157040703
1175.125 -25.02146482143803 -27.208228013943298
1175.625 -25.02128846338795 -27.207265709715376
1176.125 -25.021113780765507 -27.20631170171906
1176.625 -25.020942059223167 -27.205344760284873
1177.125 -25.020745597369864 -27.20437981952842
1177.625 -25.020570940214384 -27.203422439098127
1178.125 -25.020414320145928 -27.202456277204373
1178.625 -25.02020407769215 -27.20149209263849
1179.125 -25.020031040620722 -27.200530517172332
1179.625 -25.019846001355063 -27.199562296899494
1180.125 -25.019666421167415 -27.19858623368686
1180.625 -25.019474892890642 -27.197626862524213
1181.125 -25.019296094455914 -27.19665985581491
1181.625 -25.019100556003103 -27.195700998997793
1182.125 -25.01888660113424 -27.194731868575662
1182.625 -25.018693443549466 -27.193760660999565
1183.125 -25.018453070548546 -27.192796208845714
1183.625 -25.01827391199196 -27.191818107896438
1184.125 -25.01803201575151 -27.190861383395237
1184.625 -25.017828642742312 -27.189888181942496
1185.125 -25.01758778924365 -27.18892102949792
1185.625 -25.017357024076176 -27.187951928961148
1186.125 -25.017104730139827 -27.186974264683688
1186.625 -25.016813358368285 -27.18601874103728
1187.125 -25.016553680409388 -27.185035001225106
1187.625 -25.01628609748016 -27.1840720563264
1188.125 -25.015990053528828 -27.183108146844358
1188.625 -25.015665924768378 -27.182145353313103
1189.125 -25.015372767797743 -27.181170939854198
1189.625 -25.015050785518138 -27.180202670092655
1190.125 -25.014729633696817 -27.179233737457047
1190.625 -25.014375605411615 -27.178265242626335
1191.125 -25.014026130496422 -27.177300497343552
1191.625 -25.01361834024095 -27.176336496405185
1192.125 -25.013259884887226 -27.175363180984085
1192.625 -25.012855295223034 -27.174400970018585
1193.125 -25.01243806363614 -27.173429462129167
1193.625 -25.011985997470592 -27.172470012376362
1194.125 -25.011558186190324 -27.171506696418266
1194.625 -25.011078894981424 -27.17054814831566
1195.125 -25.010594583034337 -27.169572621999748
1195.625 -25.010097940329835 -27.16862203881429
1196.125 -25.00961012309672 -27.167657450634838
1196.625 -25.0091028308756 -27.166692302619907
1197.125 -25.00858705609838 -27.165726158951383
1197.625 -25.008093975500195 -27.164767550380283
1198.125 -25.00759714206874 -27.16379706965812
1198.625 -25.007066764237457 -27.162837226947097
1199.125 -25.006530505141313 -27.161871653287953
1199.625 -25.0060302244686 -27.160911441727134
1200.125 -25.005471268226096 -27.159943153406942
1200.625 -25.004963400485384 -27.15897717286046
1201.125 -25.004436010040344 -27.15800859433847
1201.625 -25.003894848010695 -27.15704476157387
1202.125 -25.003363765362533 -27.1560682910579
1202.625 -25.002808059719783 -27.155104347981343
1203.125 -25.002256863376743 -27.15414396507765
1203.625 -25.001716346850404 -27.153165219489267
1204.125 -25.001148874057122 -27.15219217699333
1204.625 -25.000577973178423 -27.15122407330677
1205.125 -25.000019616141568 -27.15026633678459
1205.625 -24.99943601701164 -27.149287094790594
1206.125 -24.998866443869243 -27.148324405571387
1206.625 -24.998307509700297 -27.147352744115757
1207.125 -24.997694067329036 -27.1463869926884
1207.625 -24.997118926200145 -27.14540931549664
1208.125 -24.996527177862067 -27.144439316542698
1208.625 -24.99590741669804 -27.143460084994974
1209.125 -24.995268185556295 -27.14250056366626
1209.625 -24.994690484593555 -27.141518683036338
1210.125 -24.994065886227894 -27.14055484094382
1210.625 -24.993422812188477 -27.139573975862547
1211.125 -24.992781369287208 -27.138600772658478
1211.625 -24.992139825190026 -27.13763472893269
1212.125 -24.991513141291122 -27.136667084684746
1212.625 -24.990841937904435 -27.135688002801764
1213.125 -24.99020518005524 -27.13471293877921
1213.625 -24.98953604766299 -27.13375046132282
1214.125 -24.98886418157005 -27.13276566549186
1214.625 -24.988171740101272 -27.131788625823695
1215.125 -24.987500903164065 -27.130816330794758
1215.625 -24.986803614247858 -27.129836436827052
1216.125 -24.986088637605533 -27.128870413084947
1216.625 -24.985374209688317 -27.127888046564358
1217.125 -24.98465337950066 -27.126914256606867
1217.625 -24.983926043097746 -27.125945470141197
1218.125 -24.98320927501282 -27.124965380968447
1218.625 -24.982441250147073 -27.12398973703046
1219.125 -24.981706531153392 -27.123022712722175
1219.625 -24.980970550411673 -27.122043834482202
1220.125 -24.980184645740408 -27.121066730790403
1220.625 -24.97943980125764 -27.12008018990966
1221.125 -24.978631784918505 -27.11911807051895
1221.625 -24.977829997548895 -27.118139640105568
1222.125 -24.977049608195635 -27.11717182604421
1222.625 -24.976222864229133 -27.116187936955484
1223.125 -24.9754114042994 -27.115215069405515
1223.625 -24.974567520502898 -27.114232974333163
1224.125 -24.973742088148896 -27.113264956685136
1224.625 -24.97290924688949 -27.112285119357825
1225.125 -24.972032022862383 -27.111321214868074
1225.625 -24.971179164806635 -27.110330306951106
1226.125 -24.97027639729355 -27.109358165257728
1226.625 -24.969396900012146 -27.10838983655474
1227.125 -24.968495144059236 -27.107408270133483
1227.625 -24.967567934857012 -27.106432007890298
1228.125 -24.96666690101421 -27.105457094747752
1228.625 -24.965734398805385 -27.10447928015464
1229.125 -24.964785817388552 -27.103506966137168
1229.625 -24.963830454366903 -27.102540538877925
1230.125 -24.962875922727847 -27.101552666531468
1230.625 -24.961905717986717 -27.100575407768403
1231.125 -24.960902496540335 -27.099606969756454
1231.625 -24.959881735063895 -27.09863796256615
1232.125 -24.958908755752702 -27.097662484767522
1232.625 -24.95785110230848 -27.096680096763123
1233.125 -24.956839812721388 -27.095703751234876
1233.625 -24.955799838533885 -27.094735063972827
1234.125 -24.954733650827148 -27.09375659760292
1234.625 -24.953676873141667 -27.092785626365362
1235.125 -24.952599404302806 -27.091819505981118
1235.625 -24.951489676328325 -27.09084356242291
1236.125 -24.950441452304464 -27.08985971937503
1236.625 -24.949310056567132 -27.08889408429417
1237.125 -24.948193175841944 -27.087917703253098
1237.625 -24.947090815196606 -27.08694669831263
1238.125 -24.945962722091885 -27.085970500276964
1238.625 -24.944793667278603 -27.08498927195368
1239.125 -24.943670227718254 -27.084022782538707
1239.625 -24.942509158081837 -27.083048485396873
1240.125 -24.94137548655846 -27.082077956784403
1240.625 -24.94015940093743 -27.08109952709943
1241.125 -24.938979150100305 -27.080118869265277
1241.625 -24.937768278661725 -27.079151430645624
1242.125 -24.93657028888922 -27.078170952609977
1242.625 -24.93538598615465 -27.07719350845435
1243.125 -24.934130630431763 -27.07622148223941
1243.625 -24.932911617960485 -27.07524063120452
1244.125 -24.931657718550223 -27.07427737917977
1244.625 -24.930427414500542 -27.07329483557387
1245.125 -24.92915149098983 -27.072317186628204
1245.625 -24.92788603064382 -27.07134548690425
1246.125 -24.926584463284684 -27.070372012294122
1246.625 -24.92530406172795 -27.069396011864658
1247.125 -24.92397508485041 -27.06842923342529
1247.625 -24.922691518958985 -27.067441527557357
1248.125 -24.921376648240678 -27.06647240225365
1248.625 -24.920033797254696 -27.06549481860239
1249.125 -24.918666828231313 -27.064523941352043
1249.625 -24.917332034553972 -27.063546965626163
1250.125 -24.915960577659064 -27.06256924323899
1250.625 -24.914570870339837 -27.061594453828818
1251.125 -24.913189011897487 -27.060612166553387
1251.625 -24.91178656706312 -27.05964110956362
1252.125 -24.910387054048183 -27.058656560277967
1252.625 -24.908977028487737 -27.05769543429005
1253.125 -24.907533692285355 -27.0567187417898
1253.625 -24.90609415340134 -27.055749059639986
1254.125 -24.90463028098853 -27.054767691155593
1254.625 -24.903151443469138 -27.053791833481256
1255.125 -24.901678532739293 -27.052818270609404
1255.625 -24.90020975920025 -27.05184603622485
1256.125 -24.898709040746056 -27.050868134570457
1256.625 -24.8971912324049 -27.049890004612017
1257.125 -24.895686182923246 -27.0489136033665
1257.625 -24.894151338999396 -27.047945886636725
1258.125 -24.892588659785165 -27.04696770517238
1258.625 -24.89103789484933 -27.04598488116702
1259.125 -24.88947412699868 -27.045023464821814
1259.625 -24.887878944997624 -27.044048512192663
1260.125 -24.886289094099183 -27.043067810745466
1260.625 -24.884681130821402 -27.04209297695175
1261.125 -24.883053717450032 -27.041119429918844
1261.625 -24.881421260089276 -27.04015306456349
1262.125 -24.879776620649064 -27.039181568426642
1262.625 -24.878114427865764 -27.03819680824498
1263.125 -24.87647016500025 -27.03723345522669
1263.625 -24.87477106698217 -27.036255327580907
1264.125 -24.87307604981238 -27.035280687900958
1264.625 -24.87137868892662 -27.03430594703748
1265.125 -24.86965953638891 -27.033336219564017
1265.625 -24.867930503151314 -27.032358909617884
1266.125 -24.86617485773504 -27.03138058852444
1266.625 -24.864414675580846 -27.030412519515693
1267.125 -24.862655830966812 -27.029438177855827
1267.625 -24.86085241504093 -27.028469884750006
1268.125 -24.859060195560843 -27.027495631989925
1268.625 -24.857233400995362 -27.02651884393148
1269.125 -24.855395059399026 -27.025543517709384
1269.625 -24.853558326264043 -27.024578277640543
1270.125 -24.851718373794355 -27.02358749693569
1270.625 -24.84983505483467 -27.022635643004005
1271.125 -24.8479216147387 -27.021658852763206
1271.625 -24.8460665251106 -27.02068691367135
1272.125 -24.844128846727642 -27.01971463286938
1272.625 -24.842214318566825 -27.01874513204997
1273.125 -24.84029030912629 -27.017764967039135
1273.625 -24.838328821622614 -27.01679363066812
1274.125 -24.836341504722608 -27.01581938418023
1274.625 -24.834381679106656 -27.01485272590284
1275.125 -24.832398466948472 -27.013877354611115
1275.625 -24.830369622619056 -27.012914929575686
1276.125 -24.828384622628406 -27.011940989172363
1276.625 -24.826335818058656 -27.01096878434865
1277.125 -24.824306127123535 -27.009998591489257
1277.625 -24.822226758566966 -27.009019070920672
1278.125 -24.820169218558917 -27.008052258360088
1278.625 -24.81805771783078 -27.00706996877335
1279.125 -24.81596553624417 -27.006113762514122
1279.625 -24.813852037206857 -27.005136457731208
1280.125 -24.811718606632102 -27.004159909265724
1280.625 -24.809585920825363 -27.00319290010471
1281.125 -24.80740788384436 -27.00221595820871
1281.625 -24.80525713433105 -27.001248653416724
1282.125 -24.80304818359447 -27.00027061519204
1282.625 -24.80084227721422 -26.999306751053048
1283.125 -24.798616332507052 -26.998327173434454
1283.625 -24.79639883350853 -26.997359508105745
1284.125 -24.794154648739774 -26.99638885425124
1284.625 -24.791873614489333 -26.99541909479351
1285.125 -24.789588747885514 -26.99445444614479
1285.625 -24.787326590704982 -26.993469596490197
1286.125 -24.785008573716617 -26.992507741250137
1286.625 -24.782655023854353 -26.99153722163269
1287.125 -24.780320291061848 -26.990566975711587
1287.625 -24.777968486599846 -26.989595645249853
1288.125 -24.775595950515775 -26.98863039060235
1288.625 -24.77319701146221 -26.987660049347802
1289.125 -24.770766236324583 -26.986679812339098
