FastTrWP/PhaseSpace/IAs/snIa_0.4_20_0.0_0.1.csv
# %ECSV 0.9
# ---
# datatype:
# - {name: time-rel, datatype: float64}
# - {name: g, datatype: float64}
# - {name: i, datatype: float64}
# schema: astropy-2.0
time-rel g i
[from data line 2776]
1371.7291666666667 -23.751930838508205 -26.49284754837378
1372.2291666666667 -23.750861768497188 -26.492072716504396
1372.7291666666667 -23.749889908210097 -26.491276686195235
1373.2291666666667 -23.7487880075148 -26.49050062750842
1373.7291666666667 -23.747723505174786 -26.48969665241589
1374.2291666666667 -23.746690736937342 -26.488912304484273
1374.7291666666667 -23.745693208009882 -26.488117549357955
1375.2291666666667 -23.744628112114444 -26.48732843740312
1375.7291666666667 -23.74361309207927 -26.486539051133526
1376.2291666666667 -23.7426025451953 -26.485736115667326
1376.7291666666667 -23.741587675102057 -26.484946999897833
1377.2291666666667 -23.740547648683716 -26.484155298013555
1377.7291666666667 -23.73956530660432 -26.48336125439993
1378.2291666666667 -23.738504868533596 -26.482557101976354
1378.7291666666667 -23.73752877045854 -26.48176860812314
1379.2291666666667 -23.736485071863207 -26.480967234633916
1379.7291666666667 -23.73549194990162 -26.4801793414874
1380.2291666666667 -23.734473229622385 -26.47936560112378
1380.7291666666667 -23.73347504929505 -26.478569656200293
1381.2291666666667 -23.732477708686556 -26.47777388119588
1381.7291666666667 -23.731476352590896 -26.476974223789025
1382.2291666666667 -23.730480956422774 -26.476160277799693
1382.7291666666667 -23.72943891453662 -26.47536817021117
1383.2291666666667 -23.728461865110443 -26.474560156479193
1383.7291666666667 -23.727463183539154 -26.473757713789535
1384.2291666666667 -23.726472086635187 -26.472948083097613
1384.7291666666667 -23.72549391069155 -26.472144066201682
1385.2291666666667 -23.72448020912445 -26.471347270550048
1385.7291666666667 -23.723497869646092 -26.47053226997344
1386.2291666666667 -23.72251664679314 -26.4697299518334
1386.7291666666667 -23.721547243509814 -26.468925231711523
1387.2291666666667 -23.720567904649723 -26.46810592897172
1387.7291666666667 -23.719588951408795 -26.467306477460504
1388.2291666666667 -23.718565562808912 -26.466500382330484
1388.7291666666667 -23.717613919160453 -26.465684142442093
1389.2291666666667 -23.716588695392417 -26.46486523888391
1389.7291666666667 -23.715675013057535 -26.4640669646689
1390.2291666666667 -23.7147165641689 -26.46323991402822
1390.7291666666667 -23.713754695861393 -26.46242111513761
1391.2291666666667 -23.71277721013959 -26.461612927949915
1391.7291666666667 -23.71176906210938 -26.46079536471815
1392.2291666666667 -23.710836936174307 -26.459979026142403
1392.7291666666667 -23.70989275845302 -26.459157488156194
1393.2291666666667 -23.708958978427823 -26.458347920212862
1393.7291666666667 -23.707960712473497 -26.457527748939803
1394.2291666666667 -23.70702045641243 -26.45669898327
1394.7291666666667 -23.70604063188828 -26.45589841661446
1395.2291666666667 -23.70508951261959 -26.45506909821911
1395.7291666666667 -23.70413249078167 -26.45425041034479
1396.2291666666667 -23.703177113917036 -26.453431742579966
1396.7291666666667 -23.702256419245217 -26.452608990526528
1397.2291666666667 -23.701293228511553 -26.451788792299343
1397.7291666666667 -23.70035351110065 -26.450958819515495
1398.2291666666667 -23.699417218572606 -26.450129384844864
1398.7291666666667 -23.698466124432365 -26.449321090623023
1399.2291666666667 -23.697500069678178 -26.448485172974845
1399.7291666666667 -23.696571959503217 -26.447664468706012
1400.2291666666667 -23.695703527923953 -26.44682256307909
1400.7291666666667 -23.69473077146134 -26.446010225730674
1401.2291666666667 -23.69375654439733 -26.44517579092312
1401.7291666666667 -23.692840155907277 -26.44435511809665
1402.2291666666667 -23.691927045345977 -26.44351554766336
1402.7291666666667 -23.690987738688705 -26.442680320611412
1403.2291666666667 -23.69005893057754 -26.441859409994144
1403.7291666666667 -23.6890975310558 -26.441027008203285
1404.2291666666667 -23.688234975772854 -26.44020044882779
1404.7291666666667 -23.687288284532716 -26.439367307635983
1405.2291666666667 -23.686364662006394 -26.43853412873905
1405.7291666666667 -23.685419600462154 -26.43768396869328
1406.2291666666667 -23.6844903210634 -26.436851386294382
1406.7291666666667 -23.68358260961331 -26.43601834891909
1407.2291666666667 -23.682666462241848 -26.435177633745916
1407.7291666666667 -23.681776928898874 -26.43435109653722
1408.2291666666667 -23.68085686713354 -26.43351805026708
1408.7291666666667 -23.679950225228843 -26.43266676652884
1409.2291666666667 -23.679053309678686 -26.431828755510246
1409.7291666666667 -23.678155131502518 -26.430982547734562
1410.2291666666667 -23.677219001573487 -26.430145544512982
1410.7291666666667 -23.67634496559198 -26.42930952764249
1411.2291666666667 -23.675444003564543 -26.428450292856013
1411.7291666666667 -23.674556161684457 -26.427620336523137
1412.2291666666667 -23.673619871035708 -26.426769575579247
1412.7291666666667 -23.67277949484517 -26.42592647765713
1413.2291666666667 -23.671895203521508 -26.425073884828088
1413.7291666666667 -23.670958210791696 -26.42423682103172
1414.2291666666667 -23.67014350620204 -26.423372279560656
1414.7291666666667 -23.669197526759376 -26.422543232484294
1415.2291666666667 -23.6682768370107 -26.421689698927153
1415.7291666666667 -23.667471040216583 -26.420838338091038
1416.2291666666667 -23.666595361532963 -26.419975560030004
1416.7291666666667 -23.665695551190442 -26.419124649946262
1417.2291666666667 -23.66481055745456 -26.418287875871393
1417.7291666666667 -23.663950958983712 -26.417428849237325
1418.2291666666667 -23.66308613553507 -26.416571349225222
1418.7291666666667 -23.66221225092272 -26.415728796044014
1419.2291666666667 -23.66137032335139 -26.414869837932663
1419.7291666666667 -23.66051794069499 -26.41402138844223
1420.2291666666667 -23.659614973462787 -26.413163544255504
1420.7291666666667 -23.65875074337854 -26.412314136809695
1421.2291666666667 -23.657898895278855 -26.411451043104407
1421.7291666666667 -23.657061029373594 -26.410580324935097
1422.2291666666667 -23.656169672613064 -26.409722328943822
1422.7291666666667 -23.65533913252313 -26.408873022730933
1423.2291666666667 -23.654476395274845 -26.40801254212994
