FastTrWP/PhaseSpace/IAs/snIa_0.6_20_-1_0.1.csv
# %ECSV 0.9
# ---
# datatype:
# - {name: time-rel, datatype: float64}
# - {name: g, datatype: float64}
# - {name: i, datatype: float64}
# schema: astropy-2.0
time-rel g i
[from data line 2582]
1277.3125 -23.172243359308894 -26.26329154751317
1277.8125 -23.168339064218195 -26.262122936632668
1278.3125 -23.164428274106385 -26.260940282949225
1278.8125 -23.16051925996365 -26.259772034976177
1279.3125 -23.156523941091564 -26.25861904390647
1279.8125 -23.15258199838351 -26.25746139795347
1280.3125 -23.14862447245714 -26.256288787759935
1280.8125 -23.14459711662434 -26.25514857536742
1281.3125 -23.140595932277265 -26.253966952344435
1281.8125 -23.136541827385013 -26.252807274245335
1282.3125 -23.132507583726674 -26.25165115845779
1282.8125 -23.128435428049197 -26.250499553541005
1283.3125 -23.12430327286064 -26.249350226867996
1283.8125 -23.12023419194022 -26.248189070654313
1284.3125 -23.11616489040697 -26.24703829345977
1284.8125 -23.11201173909836 -26.245873976858498
1285.3125 -23.10787893447455 -26.244727818992168
1285.8125 -23.10369035993572 -26.243574077912584
1286.3125 -23.099501275742785 -26.242417642846444
1286.8125 -23.095310272444806 -26.241280892915313
1287.3125 -23.091096228561142 -26.240122810776853
1287.8125 -23.086924224888506 -26.238983727777175
1288.3125 -23.082694448325217 -26.237815509293107
1288.8125 -23.078417233190294 -26.236666404873702
1289.3125 -23.074184406206747 -26.23553008595263
1289.8125 -23.06991048423345 -26.234370052852928
1290.3125 -23.06566546842326 -26.233223219225405
1290.8125 -23.06146186625037 -26.232078411929717
1291.3125 -23.057082336155908 -26.230929999782923
1291.8125 -23.05283014351548 -26.22977723768965
1292.3125 -23.048536880735384 -26.228629427611764
1292.8125 -23.044203471139543 -26.227486182365894
1293.3125 -23.03995899200597 -26.22633714777761
1293.8125 -23.035640769294368 -26.225190756484622
1294.3125 -23.031372198622854 -26.22404697548251
1294.8125 -23.02707061558777 -26.22289752735285
1295.3125 -23.022747718668644 -26.221746479420325
1295.8125 -23.01836815623496 -26.2206020153647
1296.3125 -23.01406456049041 -26.219442633113125
1296.8125 -23.009787676421713 -26.21830299608839
1297.3125 -23.005451811627132 -26.217157566748842
1297.8125 -23.001155428063154 -26.216001886708238
1298.3125 -22.99682293754154 -26.214853281925624
1298.8125 -22.99254612207711 -26.213703133651563
1299.3125 -22.988230260221304 -26.212548273858218
1299.8125 -22.983945028047206 -26.21138778390872
1300.3125 -22.97966118405681 -26.21023759355619
1300.8125 -22.975348287613976 -26.209090126370693
1301.3125 -22.97106472501826 -26.207932945291542
1301.8125 -22.96679682938743 -26.206774172859703
1302.3125 -22.96252023363018 -26.205620884709493
1302.8125 -22.958267080946815 -26.204460118851216
1303.3125 -22.954035246989815 -26.20330819917251
1303.8125 -22.949872738595303 -26.202147484565206
1304.3125 -22.94561900473958 -26.200988094197818
1304.8125 -22.941442467140458 -26.199808256252958
1305.3125 -22.937290916661745 -26.19865143022517
1305.8125 -22.933113808385844 -26.197489961623738
1306.3125 -22.928968476081288 -26.19632136459584
1306.8125 -22.92477781827514 -26.195164070717396
1307.3125 -22.92069110961733 -26.19399594375183
1307.8125 -22.916628251051772 -26.192815284153653
1308.3125 -22.912559553660078 -26.191663228945472
1308.8125 -22.908518350969093 -26.19048671952569
1309.3125 -22.9044997945492 -26.189322005632995
1309.8125 -22.900495221284277 -26.188120708402334
1310.3125 -22.89648368879441 -26.186949092955444
1310.8125 -22.892576768155635 -26.185773701364067
1311.3125 -22.888678016282952 -26.184579248250273
1311.8125 -22.884737147823557 -26.18340329476712
1312.3125 -22.880829005862044 -26.182224158533828
1312.8125 -22.877019620344626 -26.181030485554466
1313.3125 -22.873107646707066 -26.179849479427048
1313.8125 -22.869239928156308 -26.178661536153356
1314.3125 -22.86544999529209 -26.17746058896891
1314.8125 -22.861579153364037 -26.176276337287497
1315.3125 -22.8577293601997 -26.17510703763797
1315.8125 -22.85392008235536 -26.17391546484962
1316.3125 -22.850082712783216 -26.17270369237967
1316.8125 -22.846298322469366 -26.17152957483624
1317.3125 -22.842541962817073 -26.170335003977048
1317.8125 -22.838799291337367 -26.169154211704388
1318.3125 -22.835012602154343 -26.16796300691139
1318.8125 -22.831293771047537 -26.16675988554229
1319.3125 -22.8274881059731 -26.165576521171857
1319.8125 -22.823875778578852 -26.164383915532827
1320.3125 -22.820138353723088 -26.16318648688089
1320.8125 -22.816428612877647 -26.161985661096754
1321.3125 -22.812728410436613 -26.16077754241733
1321.8125 -22.809032927102038 -26.159595245314335
1322.3125 -22.805371134374077 -26.158381002231955
1322.8125 -22.80173205916039 -26.157186485073836
1323.3125 -22.798169123750014 -26.155987476355197
1323.8125 -22.794471360219042 -26.15479550468576
1324.3125 -22.79089826893019 -26.153588370386416
1324.8125 -22.787321448223214 -26.15239980899531
1325.3125 -22.783739250593825 -26.151189058078007
1325.8125 -22.780151212770583 -26.149983182989487
1326.3125 -22.776627264381357 -26.148774946524092
1326.8125 -22.77305747248007 -26.14758609608485
1327.3125 -22.769556097653023 -26.146379903403115
1327.8125 -22.765987139939877 -26.145162106299047
1328.3125 -22.76248226624338 -26.143971287051908
1328.8125 -22.759078271593612 -26.142762521801295
1329.3125 -22.755508007936868 -26.141550580940493
1329.8125 -22.752108215863704 -26.140344386680063
1330.3125 -22.74861028156789 -26.139133127302244
1330.8125 -22.745231760618942 -26.137920837399452
1331.3125 -22.741766764808467 -26.136713299828727
1331.8125 -22.738336181111283 -26.135509870514383
1332.3125 -22.73495157890502 -26.134304167419234
1332.8125 -22.7315771259565 -26.133096631463467
1333.3125 -22.728241179863456 -26.13187975434826
1333.8125 -22.72488964883256 -26.13066629993384
1334.3125 -22.72153909856412 -26.129470778537915
1334.8125 -22.7182256766389 -26.128240845797926
1335.3125 -22.71494781857948 -26.127030767767426
1335.8125 -22.7116240222276 -26.125809541567673
1336.3125 -22.708341331149988 -26.124583847610193
1336.8125 -22.7050778528962 -26.12338722238047
1337.3125 -22.70181541177047 -26.122166746710086
1337.8125 -22.698583853445193 -26.120959869115833
1338.3125 -22.69540032683298 -26.119735757826767
1338.8125 -22.692193964001312 -26.11851958115182
1339.3125 -22.68900807732372 -26.117306671058618
1339.8125 -22.685771286196378 -26.116087835939354
1340.3125 -22.682631107940523 -26.114876345819233
1340.8125 -22.67949773756432 -26.11364864405814
1341.3125 -22.67634030771491 -26.1124217658479
1341.8125 -22.673245067314326 -26.111215851797635
1342.3125 -22.670127330559815 -26.10997678875116
1342.8125 -22.666989827182856 -26.10876652419915
1343.3125 -22.663937833009125 -26.107554483740287
1343.8125 -22.660912981976846 -26.10632361570594
1344.3125 -22.657795820671257 -26.105097960141926
1344.8125 -22.65480753858273 -26.103876580882854
1345.3125 -22.6518217074182 -26.102650504397054
1345.8125 -22.64877107857623 -26.10142567421309
1346.3125 -22.64587031479863 -26.10020944938931
1346.8125 -22.642850324730382 -26.098981466056593
1347.3125 -22.63996433059438 -26.09775429417056
1347.8125 -22.63698161745742 -26.096530436663873
1348.3125 -22.6340410659442 -26.095301321742607
1348.8125 -22.631150821176547 -26.094081635938394
1349.3125 -22.628250208492247 -26.092844692088857
1349.8125 -22.625382976299445 -26.09162091983409
1350.3125 -22.622608926751 -26.0904012498293
1350.8125 -22.619675923949426 -26.08916236828088
1351.3125 -22.61697493619983 -26.087940127813795
1351.8125 -22.614168125104438 -26.086702883479084
1352.3125 -22.611358931571772 -26.085488310109465
1352.8125 -22.608605077081485 -26.084251022505
1353.3125 -22.605938047400862 -26.0830213845853
1353.8125 -22.603218461081074 -26.081803176061772
1354.3125 -22.600526984860295 -26.080554573453387
1354.8125 -22.59791609558091 -26.07933269704754
1355.3125 -22.59530054392551 -26.078090352949758
1355.8125 -22.59267314734053 -26.076866597802475
1356.3125 -22.590109179660047 -26.075623133366076
1356.8125 -22.587550189676726 -26.07438049298343
1357.3125 -22.584958073798322 -26.073160881152248
1357.8125 -22.582514064958474 -26.071912174668483
1358.3125 -22.58003104864617 -26.070672869536512
1358.8125 -22.577539564393696 -26.06944626246099
1359.3125 -22.575128493561273 -26.068198886055917
1359.8125 -22.57271215097846 -26.066978281658674
1360.3125 -22.570242128493213 -26.065731554342946
1360.8125 -22.567950457821716 -26.064488568667514
1361.3125 -22.565447701171408 -26.063257303118643
1361.8125 -22.56319063081252 -26.062014333347822
1362.3125 -22.560852526914555 -26.06076614652983
1362.8125 -22.558598438768808 -26.05951992158017
1363.3125 -22.556326030860582 -26.058302227177414
1363.8125 -22.55406882800246 -26.05703374927199
1364.3125 -22.551894958863375 -26.055797390729012
1364.8125 -22.54967178030453 -26.054553046996975
1365.3125 -22.547594666942565 -26.053323556549653
1365.8125 -22.545395641616054 -26.052072795962808
1366.3125 -22.543228372908068 -26.05082371662278
1366.8125 -22.54112916550614 -26.049572272164745
1367.3125 -22.53909933647517 -26.048327593343554
1367.8125 -22.537013034190704 -26.047088537436608
1368.3125 -22.534982490149563 -26.045833027544738
1368.8125 -22.532958499835708 -26.044597798036627
1369.3125 -22.531007889433155 -26.043352802101523
1369.8125 -22.528959903447912 -26.042099776424642
1370.3125 -22.527060851285633 -26.04085216268706
1370.8125 -22.525218087230677 -26.039605280729624
1371.3125 -22.523258360468077 -26.03835975371784
1371.8125 -22.521415771049572 -26.03709331864667
1372.3125 -22.519548551338318 -26.035842041262214
1372.8125 -22.517719764275093 -26.03459222520428
1373.3125 -22.515951038794825 -26.033342646991148
1373.8125 -22.514093761893438 -26.03208961775111
1374.3125 -22.512415180176145 -26.030833147031323
1374.8125 -22.51062181000033 -26.029592866312615
1375.3125 -22.508929801933775 -26.028323415129
1375.8125 -22.507267367636672 -26.027068266630376
1376.3125 -22.505546856907355 -26.02582170139314
1376.8125 -22.503918475488057 -26.024556452737855
1377.3125 -22.502291863116902 -26.023299946529406
1377.8125 -22.500633155041783 -26.022068242420033
1378.3125 -22.499169937120286 -26.020795610393716
1378.8125 -22.497484849105135 -26.019531711703216
1379.3125 -22.49599304705822 -26.01828872856377
1379.8125 -22.494480030130887 -26.01703713519159
1380.3125 -22.493083734870204 -26.01576032522397
1380.8125 -22.491542601239104 -26.01451456099756
1381.3125 -22.49006850884307 -26.0132432419598
1381.8125 -22.488592120985288 -26.011995860166877
1382.3125 -22.487214910111994 -26.010735645418062
1382.8125 -22.485833864800966 -26.009466447987393
1383.3125 -22.48441856539046 -26.008202137294916
1383.8125 -22.483194030745523 -26.006955916669817
1384.3125 -22.48183076405532 -26.00568852499299
1384.8125 -22.480473058709002 -26.004427092351353
1385.3125 -22.47921885084604 -26.003160569275202
1385.8125 -22.47798838753319 -26.00189380005706
1386.3125 -22.476765868746607 -26.000624626568705
1386.8125 -22.475614062561064 -25.99937296465543
1387.3125 -22.474405516908384 -25.998107154382165
1387.8125 -22.473166565007688 -25.99683490947615
1388.3125 -22.47206093565484 -25.99556418710092
1388.8125 -22.470979985431857 -25.994306834114717
1389.3125 -22.46987181207391 -25.99304523435228
1389.8125 -22.468915628076374 -25.991772967475484
1390.3125 -22.46782607004283 -25.99049755480104
1390.8125 -22.46689174824077 -25.989229602358314
1391.3125 -22.465895014900525 -25.987955816766586
1391.8125 -22.465060998228633 -25.986696681876143
1392.3125 -22.464226749135516 -25.98540469991478
1392.8125 -22.46338257222537 -25.9841214930874
1393.3125 -22.462550156686607 -25.98286890297917
1393.8125 -22.461803865424812 -25.981586188492972
1394.3125 -22.46109672788506 -25.980314450897573
1394.8125 -22.46038821860976 -25.979047201028944
1395.3125 -22.45975991206995 -25.97775194006063
1395.8125 -22.45913990880169 -25.97648920761651
1396.3125 -22.458545983251824 -25.975205054069978
1396.8125 -22.45794503711403 -25.973940710606414
1397.3125 -22.45735238438517 -25.972642221776855
1397.8125 -22.456926401973707 -25.97136139239025
1398.3125 -22.456441247256336 -25.97009044737679
1398.8125 -22.455920570536417 -25.96880924349227
1399.3125 -22.455525045420327 -25.96751614687705
1399.8125 -22.455204439140353 -25.966241498926944
1400.3125 -22.45477794377355 -25.964951995106333
1400.8125 -22.4544052364097 -25.963673543909746
1401.3125 -22.45408474735286 -25.96238113814995
1401.8125 -22.453834230658387 -25.96109547643897
1402.3125 -22.453546314445333 -25.959806244452626
1402.8125 -22.453384074745774 -25.9585299112316
1403.3125 -22.453080668924663 -25.95723817249274
1403.8125 -22.452888996885193 -25.95595269463699
1404.3125 -22.4527534694776 -25.954667654464604
1404.8125 -22.452640221065273 -25.953389854697036
1405.3125 -22.452496702572414 -25.952092292047567
1405.8125 -22.45240486763677 -25.950801490738577
1406.3125 -22.452334167855454 -25.949520308819835
1406.8125 -22.452236755911322 -25.948222564450965
1407.3125 -22.452171260044757 -25.946951826354997
1407.8125 -22.452141612729722 -25.94564783307076
1408.3125 -22.45212023383644 -25.944367572826938
1408.8125 -22.4522542212194 -25.94308399323694
1409.3125 -22.4522294124304 -25.941786112273455
1409.8125 -22.452266676359955 -25.940496321929047
1410.3125 -22.452414787002425 -25.939203326450624
1410.8125 -22.45242632921885 -25.937926029006753
1411.3125 -22.4525549369301 -25.936631719167764
1411.8125 -22.45263335730902 -25.935327248229353
1412.3125 -22.45282977183117 -25.934046399509036
1412.8125 -22.45298555032845 -25.932769044972297
1413.3125 -22.45311005300874 -25.93148575498192
1413.8125 -22.453383811801054 -25.930188579763012
1414.3125 -22.453516228139776 -25.928902441825393
1414.8125 -22.453730151237732 -25.92760351488043
1415.3125 -22.453947241079835 -25.92632924833542
1415.8125 -22.45425055493451 -25.925037985613265
1416.3125 -22.454459324562634 -25.923732341564598
1416.8125 -22.45463163941843 -25.922449576890706
1417.3125 -22.454934106459795 -25.92115805864353
1417.8125 -22.455312562248146 -25.91986971414084
1418.3125 -22.455585394598533 -25.918586827826147
1418.8125 -22.455847317474106 -25.91729849723883
1419.3125 -22.456137965801442 -25.915996243857965
1419.8125 -22.456540739295875 -25.914719921898147
1420.3125 -22.456744864195187 -25.913443184931026
1420.8125 -22.45709401120567 -25.912147477158936
1421.3125 -22.45745290415483 -25.91084694730457
1421.8125 -22.45784429941557 -25.909571422617002
1422.3125 -22.458148846918675 -25.908284738684944
1422.8125 -22.458493056701908 -25.90700440272778
1423.3125 -22.458825025102605 -25.905709710972307
1423.8125 -22.459161476334852 -25.904434735946545
1424.3125 -22.459618440216435 -25.90316039271943
1424.8125 -22.459934501012974 -25.90186111060437
1425.3125 -22.460294286251703 -25.900596312315592
1425.8125 -22.46064208422299 -25.89930905047979
