FastTrWP/PhaseSpace/IAs/snIa_0.52_30.00_-0.51_0.06.csv
# %ECSV 0.9
# ---
# datatype:
# - {name: time-rel, datatype: float64}
# - {name: g, datatype: float64}
# - {name: i, datatype: float64}
# schema: astropy-2.0
time-rel g i
[from data line 362]
-193.00000000000006 24.296065712585193 23.17833054966419
-192.5 24.29152063721254 23.175322875115576
-192.0 24.286958538359773 23.172327899434567
-191.50000000000006 24.282420328936986 23.16932133060782
-191.0 24.277891949102855 23.166329538866165
-190.5 24.273345540207686 23.16333554951653
-190.00000000000006 24.26880121307477 23.160333969484167
-189.5 24.2642327074932 23.157343707297173
-189.0 24.259670816061224 23.154332664697016
-188.50000000000006 24.255107122285086 23.151338375278794
-188.0 24.25055412011286 23.148331463590885
-187.5 24.245967725005997 23.145326536537446
-187.00000000000006 24.241390357296662 23.142320895992988
-186.5 24.236819886698786 23.13933103881572
-186.0 24.232237553749712 23.136318104085554
-185.50000000000006 24.227660793371946 23.133315051948333
-185.0 24.223084173561315 23.13032681105845
-184.5 24.21850501949475 23.127334248856197
-184.00000000000006 24.21393951864877 23.12432978027475
-183.5 24.209376876939864 23.121329680856356
-183.0 24.20480325953051 23.118339191338578
-182.50000000000006 24.200242834234626 23.115350233859687
-182.0 24.195684236833838 23.112362611492333
-181.5 24.191130066881087 23.109379768317662
-181.00000000000006 24.18658973978232 23.10639566247726
-180.5 24.18204646095083 23.1034138328704
-180.0 24.177500066104297 23.100440393624922
-179.50000000000006 24.172977361682733 23.097469658593464
-179.0 24.168458203132452 23.094501353498693
-178.5 24.163954355799888 23.091534659440107
-178.00000000000006 24.159467159584295 23.088579240369825
-177.5 24.154978733658183 23.08562062720682
-177.0 24.150509421434855 23.082669239517152
-176.50000000000006 24.146024774376528 23.079722652315873
-176.0 24.14157930882018 23.076790259977468
-175.5 24.137129581314824 23.073849434417987
-175.00000000000006 24.1326991212477 23.0709143180507
-174.5 24.128285458217995 23.067995785483646
-174.0 24.123886115661392 23.0650773598299
-173.50000000000006 24.119472928808868 23.06217092474402
-173.0 24.115129369352193 23.059259830072474
-172.5 24.11076762155702 23.05636139532004
-172.00000000000006 24.106420032635448 23.053473737241138
-171.5 24.10210312294529 23.050585263865653
-171.0 24.0977896840846 23.047715719830467
-170.50000000000006 24.093487965195305 23.04484144386949
-170.0 24.08922255264281 23.0419750102907
-169.5 24.08496716329416 23.039118324076302
-169.00000000000006 24.080734995825246 23.0362708189993
-168.5 24.076500708196576 23.033426525517594
-168.0 24.07231105655043 23.03059856384003
-167.50000000000006 24.068118646139304 23.027772654173365
-167.0 24.06396430842163 23.024966772655194
-166.5 24.05983857658747 23.02215226304524
-166.00000000000006 24.05571594383875 23.019360335594705
-165.5 24.051615065531557 23.016573049911205
-165.0 24.047541251541183 23.01378965696498
-164.50000000000006 24.04347536633601 23.01102622820683
-164.0 24.03945072271238 23.00826515006119
-163.5 24.03544208315127 23.005512525013238
-163.00000000000006 24.03146399911913 23.002772184907407
-162.5 24.02749853674034 23.000038022704878
-162.0 24.023542860400813 22.997315855620432
-161.50000000000006 24.019635734854255 22.994604270377824
-161.0 24.015752443884253 22.991901413967476
-160.5 24.011891085067166 22.989208765578827
-160.00000000000006 24.008036862064564 22.986538417896945
-159.5 24.00422599440555 22.983865370843247
-159.0 24.000433084138 22.98121437588254
-158.50000000000006 23.99668066486401 22.97856221893323
-158.0 23.99291208919157 22.97592161954016
-157.5 23.98922111941498 22.973301274179768
-157.00000000000006 23.98553474048789 22.970689325117654
-156.5 23.981870093405412 22.968098636780255
-156.0 23.9782508437613 22.965502846486135
-155.50000000000006 23.974644432761977 22.962927566722243
-155.0 23.971064387854575 22.960362929049218
-154.5 23.96753652660888 22.957811763984356
-154.00000000000006 23.9639780829079 22.95527587096416
-153.5 23.96045744252051 22.952724292793164
-153.0 23.956956664699867 22.95018890380444
-152.50000000000006 23.9534496437888 22.94766047778479
-152.0 23.94994607829257 22.945131831990007
-151.5 23.946475111867194 22.942619410016967
-151.00000000000006 23.942998264842366 22.940102984674077
-150.5 23.939534258083256 22.93758895363538
-150.0 23.936092487173113 22.935082129325444
-149.50000000000006 23.93265761876583 22.932586868520232
-149.0 23.929224355249676 22.93009105108645
-148.5 23.925800873706233 22.92761052865599
-148.00000000000006 23.922393245827895 22.925122986206418
-147.5 23.918998655016637 22.922645663998622
-147.0 23.91561875645636 22.920182116883076
-146.50000000000006 23.912265868644283 22.91771777341983
-146.0 23.908897330304633 22.915259445723308
-145.5 23.90555869059227 22.912802653126832
-145.00000000000006 23.902218465221754 22.91035921477562
-144.5 23.89890015143439 22.907920287477815
-144.0 23.895610465562854 22.90548773670805
-143.50000000000006 23.892304560249773 22.903062839013725
-143.0 23.889030278420055 22.900640607134424
-142.5 23.88577198956694 22.898228695040626
-142.00000000000006 23.882518703698544 22.89582270020246
-141.5 23.879285407646975 22.893425215980578
-141.0 23.876069612156698 22.891032047460953
-140.50000000000006 23.872845322311406 22.88864777136522
-140.0 23.869655545130612 22.886265303576426
-139.5 23.866481141243973 22.883895818754397
-139.00000000000006 23.863309104589085 22.881532570081717
-138.5 23.860164451391263 22.879174718530535
-138.0 23.857038554346744 22.87682358504345
-137.50000000000006 23.853905256186643 22.87448344530475
-137.0 23.850822066676983 22.87214396165586
-136.5 23.847724008145175 22.86981146347983
-136.00000000000006 23.84465638198668 22.867482086224644
-135.5 23.841591433080843 22.86517413347212
-135.0 23.838559678860037 22.862873960059055
-134.50000000000006 23.83552018072898 22.8605749241035
-134.0 23.832529782556936 22.858278693104527
-133.5 23.82953002483168 22.855999114081524
-133.00000000000006 23.826561697671607 22.85372814019088
-132.5 23.823601971112502 22.85145925316892
-132.0 23.820668263745755 22.849189686314233
-131.50000000000006 23.81771702183238 22.846945506045135
-131.0 23.814819157060736 22.84469782235867
-130.5 23.811923557973607 22.84246118778942
-130.00000000000006 23.80904211513062 22.840229136273585
-129.5 23.806179667280396 22.838017024432546
-129.0 23.803353801102773 22.835796093473945
-128.50000000000006 23.800524550086926 22.83360101331637
-128.0 23.797717308326188 22.831406994093836
-127.5 23.79493065821162 22.82921759404617
-127.00000000000006 23.792156106937647 22.827038537497817
-126.5 23.78941424968545 22.824874925558824
-126.0 23.786677139747727 22.822710482668832
-125.50000000000006 23.78396741237889 22.82056223368576
-125.0 23.781264420547124 22.818416028158587
-124.5 23.7785954974162 22.816279057455095
-124.00000000000006 23.77592299988411 22.81415539402669
-123.5 23.773270753551834 22.812037395595944
-123.0 23.770659438514784 22.80992808086573
-122.50000000000006 23.768070045949315 22.80783035889128
-122.0 23.765471214055726 22.80574154121838
-121.5 23.762903984481063 22.803647245631296
-121.00000000000006 23.76035779637697 22.801581541592274
-120.5 23.75782022887346 22.79951170725606
-120.0 23.755315533800037 22.797465261065245
-119.50000000000006 23.75283630256422 22.79542481480993
-119.0 23.750349948624493 22.79338372319956
-118.5 23.74789840783331 22.79135411168703
-118.00000000000006 23.74548574178123 22.789333056367486
-117.5 23.74306977959118 22.787331831927318
-117.0 23.740669849683268 22.78532603791743
-116.50000000000006 23.738274962769207 22.783330391152266
-116.0 23.735904939764545 22.78134025459897
-115.5 23.73353793321167 22.779358978209853
-115.00000000000006 23.731192588777237 22.777377507574915
-114.5 23.72885411814513 22.775410390428252
-114.0 23.726533113097666 22.773450652151766
-113.50000000000006 23.72421809563507 22.771487273839654
-113.0 23.721927247723187 22.769537999045163
-112.5 23.719642563093455 22.767595630440084
-112.00000000000006 23.71737137683226 22.765658720299598
-111.5 23.71512382703851 22.7637385673953
-111.0 23.71288387267953 22.761797897211476
-110.50000000000006 23.71064563290443 22.759898419210867
-110.0 23.708432093820573 22.757979763846418
-109.5 23.706228026876946 22.75607512134151
-109.00000000000006 23.70403295822427 22.754177037024306
-108.5 23.701864535173 22.752295700001905
-108.0 23.699685081791838 22.75040001133544
-107.50000000000006 23.697546800913692 22.74853272784139
-107.0 23.695405179642673 22.746663582206736
-106.5 23.693274956262897 22.74479086366364
-106.00000000000006 23.691161479804478 22.742932300294033
-105.5 23.689050253219097 22.741078827837725
-105.0 23.686963601670325 22.739239525831962
-104.50000000000006 23.684885398249204 22.737402878414798
-104.0 23.682827786695988 22.73556692264362
-103.5 23.680775942775337 22.733746288618594
-103.00000000000006 23.678733995216824 22.731913753305854
-102.5 23.676723815446998 22.730110224604573
-102.0 23.674686154143835 22.728300164086846
-101.50000000000006 23.67268247585176 22.726496078482953
-101.0 23.670703424677747 22.724706925793797
-100.5 23.66871536907592 22.722919321754638
-100.00000000000006 23.666763877075137 22.721133150312788
-99.5 23.664803621953183 22.719357509288965
-99.0 23.662860223208252 22.717592172528455
-98.50000000000006 23.660935686788132 22.715835771911
-98.0 23.659019912678644 22.714067987877865
-97.5 23.657116387551316 22.712317910835345
-97.00000000000006 23.655230869838057 22.71057989263879
-96.5 23.65333887434684 22.708832389528986
-96.0 23.651487856762916 22.707102808156286
-95.50000000000006 23.64963280066557 22.70537462979339
-95.0 23.647782193933264 22.703656780978093
-94.5 23.64595300611437 22.701945947121914
-94.00000000000006 23.644137882537194 22.700234697054924
-93.5 23.642339144546245 22.698528264987047
-93.0 23.64054264360454 22.69683516431701
-92.50000000000006 23.638755864886896 22.695145532415204
-92.0 23.63698967533044 22.693466700716307
-91.5 23.635229597862406 22.691788671672338
-91.00000000000006 23.63348042144175 22.69011806595298
-90.5 23.631743658939538 22.688451999825272
-90.0 23.630019024398912 22.686787067427673
-89.50000000000006 23.628302102942516 22.68513442675213
-89.0 23.62661736248052 22.6834887285052
-88.5 23.624923697326278 22.681841386370397
-88.00000000000006 23.623251549387504 22.6802086560987
-87.5 23.62158908862201 22.67858109665745
-87.0 23.619939899956396 22.676956584844966
-86.50000000000006 23.618296444342214 22.67534085195413
-86.0 23.616659684064494 22.67373007048219
-85.5 23.615053933198237 22.672119238307022
-85.00000000000006 23.613455437514773 22.67051699517677
-84.5 23.611858077861463 22.668931575194755
-84.0 23.610272803307033 22.667336040830243
-83.50000000000006 23.60870538418681 22.66576201619868
-83.0 23.60715351319653 22.664174432914148
-82.5 23.605613501135686 22.66260840507873
-82.00000000000006 23.60407495965446 22.6610383982906
-81.5 23.602565369173668 22.659484577959486
-81.0 23.60104413934629 22.657926001408622
-80.50000000000006 23.59954408097053 22.65637959820685
-80.0 23.59804739016756 22.654835394326525
-79.5 23.596573267910976 22.65329300997341
-79.00000000000006 23.595097169600162 22.6517642864721
-78.5 23.59362971519635 22.650224569322543
-78.0 23.59217199938151 22.64870464081326
-77.50000000000006 23.590728416734343 22.647193632397027
-77.0 23.58929640699657 22.645684000715043
-76.5 23.58788038327901 22.64416989605489
-76.00000000000006 23.58647074207582 22.642662237718895
-75.5 23.585054967739303 22.641166301883228
-75.0 23.583663268746946 22.63967235915
-74.50000000000006 23.58227394951068 22.638189838592737
-74.0 23.580908967999118 22.636711674586497
-73.5 23.5795291914296 22.635228984727775
-73.00000000000006 23.578184293825903 22.63375573329977
-72.5 23.576828193419782 22.63228462662883
-72.0 23.575503666281975 22.630819755773576
-71.50000000000006 23.57417334337879 22.629365085111633
-71.0 23.57286303114386 22.62791252157088
-70.5 23.57155587712362 22.626466720428
-70.0 23.57025948573961 22.62502200352001
-69.5 23.568973602201453 22.623584582848558
-69.0 23.567704451223324 22.622152424854075
-68.5 23.566428883966584 22.62073296761871
-68.0 23.56517225238025 22.61930582197216
-67.5 23.5639221718248 22.617886612599527
-67.0 23.562692877627306 22.61647726380593
-66.5 23.561469206689488 22.615066954982
-66.0 23.560256965300717 22.613665415026468
-65.5 23.559051080237815 22.61227011209202
-65.0 23.557860224842585 22.610881114996836
-64.5 23.55666297036468 22.60949509921245
-64.0 23.555495925001047 22.608117388643485
-63.5 23.554327352536745 22.606731249224335
-63.0 23.55317035297391 22.60536202423452
-62.5 23.552029893810513 22.60398741674116
-62.0 23.550889015494953 22.60263207400857
-61.5 23.549767533615736 22.601282702691805
-61.0 23.54864753781839 22.59992333476932
-60.5 23.547548622326786 22.598584015436607
-60.0 23.54645687825076 22.597242217163696
-59.5 23.545361828318107 22.59591254952198
-59.0 23.544282718442613 22.5945747129827
-58.5 23.543231247018085 22.59324768647439
-58.0 23.542181699785086 22.591921373969303
-57.5 23.54113172489427 22.590612783882715
-57.0 23.540100624684257 22.589301623276068
-56.5 23.53908109922989 22.58800220354499
-56.0 23.538064664849834 22.586698166499247
-55.5 23.537068613893034 22.58540561668495
-55.0 23.53606887906636 22.58410474582016
-54.5 23.53509456019241 22.58282313102404
-54.0 23.53411556050559 22.581542511364653
-53.5 23.533158957849647 22.5802665410271
-53.0 23.532205089832523 22.578998318990934
-52.5 23.531281999081767 22.577732608388914
-52.0 23.530345840778374 22.57647265298306
-51.5 23.529421965100443 22.57521704758443
-51.0 23.528514797196824 22.57396770795515
-50.5 23.527615301420802 22.572724213383957
-50.0 23.526722688603556 22.571480103009087
-49.5 23.525849713161854 22.570254045806173
-49.0 23.524970664836722 22.569025663920858
-48.5 23.52413003962866 22.567800592042676
-48.0 23.52327978366214 22.56657935069205
-47.5 23.522450109877898 22.565363316465273
-47.0 23.521611959901428 22.56416037497713
-46.5 23.520796559835087 22.56294874660737
-46.0 23.51999687960852 22.56175543405241
-45.5 23.519195902127784 22.560553982174643
-45.0 23.518426347753795 22.559364063756945
-44.5 23.517643759153728 22.55818335368363
-44.0 23.516881801036238 22.55700111496047
-43.5 23.516140903194398 22.5558358501133
-43.0 23.51539889335095 22.554655415745252
-42.5 23.51467622281953 22.553491323751654
-42.0 23.513961106032045 22.552340935965628
-41.5 23.51325410831757 22.55117608930341
-41.0 23.51256118929266 22.550033448835155
-40.5 23.511881272026756 22.548888470425645
-40.0 23.511204296693364 22.547736729674437
-39.5 23.510530856544065 22.54660734487342
-39.0 23.50988624578438 22.54547667558509
-38.5 23.50924507088765 22.544349480385648
-38.0 23.50860951004421 22.543227348741063
-37.5 23.50798022320854 22.542111904686482
-37.0 23.507370181105536 22.54099810768194
-36.5 23.50676747798485 22.539890011005816
-36.0 23.50618627719031 22.538783582696983
-35.5 23.50558447368769 22.537684225837143
-35.0 23.50501083488443 22.536592215529232
-34.5 23.504442384663097 22.535495623003285
-34.0 23.50389114734982 22.534409098262582
-33.5 23.50334364277277 22.533337889657478
-33.0 23.50280545639588 22.532257599904394
-32.5 23.502278253636646 22.53118443641808
-32.0 23.50176156892121 22.5301086425784
-31.5 23.501248535368347 22.529054603758397
-31.0 23.500757341130708 22.5279911850855
-30.5 23.500252681778235 22.526930654664348
-30.0 23.499769219142497 22.525880149666886
-29.5 23.499283330166886 22.52483071681105
-29.0 23.49883242183975 22.523789962168166
-28.5 23.498367506833876 22.52275181250767
-28.0 23.497930945459977 22.521713903406066
-27.5 23.497491077376207 22.52068896657662
-27.0 23.497046769744028 22.519663049246105
-26.5 23.496634216087063 22.518639812219845
-26.0 23.496214107635097 22.51762308036551
-25.5 23.49581453010851 22.516604092962634
-25.0 23.495408513622426 22.515602114505
-24.5 23.495026544758623 22.514588139300777
-24.0 23.49464505822436 22.513587606318485
-23.5 23.494268515975925 22.5125893021422
-23.0 23.493895085907962 22.511597059334193
