FastTrWP/PhaseSpace/IAs/snIa_0.47_30.00_-0.38_0.08.csv
# %ECSV 0.9
# ---
# datatype:
# - {name: time-rel, datatype: float64}
# - {name: g, datatype: float64}
# - {name: i, datatype: float64}
# schema: astropy-2.0
time-rel g i
-407.0 26.98281330227376 24.607854143346156
-406.5 26.962378401042734 24.600842157137095
-406.0 26.942329856341928 24.593864483332595
-405.5 26.92253408304233 24.58690792156725
-405.0 26.902963726504403 24.579995211192323
-404.5 26.88372513184227 24.573053771847558
-404.0 26.86466409687363 24.56617506981351
-403.5 26.845844708428075 24.559328958069532
-403.0 26.827339153308493 24.552503745110222
-402.5 26.80901950421386 24.545690744907755
-402.0 26.79091638665693 24.53890229571336
-401.5 26.77304132758579 24.532123711921482
-401.0 26.755387440904496 24.525392795735446
-400.5 26.737947487662993 24.518691320366337
-400.0 26.720708980274495 24.51198309216229
-399.5 26.70363243787811 24.50532500062424
-399.0 26.686837185123913 24.498686380419223
-398.5 26.670160678008436 24.49206764702415
-398.0 26.65367136993741 24.485470034280628
-397.5 26.637422275515608 24.47891613543543
-397.0 26.62128658200256 24.4723636165036
-396.5 26.605367336906095 24.465848638698905
-396.0 26.58953941872278 24.459348559659816
-395.5 26.57397833037455 24.452866761659976
-395.0 26.558488000163667 24.446416718067212
-394.5 26.54326532555901 24.440001411732027
-394.0 26.528098943764952 24.43359673913214
-393.5 26.513105531058976 24.427229364544676
-393.0 26.49823901427085 24.4208695889441
-392.5 26.48360085513103 24.414536056478646
-392.0 26.469013713089502 24.4082373972485
-391.5 26.454655177000603 24.401959040234452
-391.0 26.440314355966986 24.39570754808952
-390.5 26.426248092023634 24.389468142393767
-390.0 26.412208108864625 24.3832582789926
-389.5 26.39836870225541 24.377076270881727
-389.0 26.384610606245047 24.37091053411151
-388.5 26.37100594450535 24.364784002427335
-388.0 26.357500688757888 24.35867444854405
-387.5 26.344110671785025 24.35255694564896
-387.0 26.330866691539143 24.346498754866232
-386.5 26.317750978895788 24.340462419597987
-386.0 26.30468396172885 24.33443898533526
-385.5 26.29178554760774 24.328446376904353
-385.0 26.278972181035904 24.32247993021064
-384.5 26.266293977206555 24.31654075950339
-384.0 26.253677874853437 24.310618666816413
-383.5 26.241240314630012 24.304705187779923
-383.0 26.228827302096658 24.298833454714448
-382.5 26.21653605887602 24.292959258883002
-382.0 26.204360980949886 24.287141724453765
-381.5 26.192268823452174 24.281310777612344
-381.0 26.18029190601564 24.27553343171818
-380.5 26.16841786838865 24.269780939067765
-380.0 26.156564375685406 24.264065646923743
-379.5 26.14487250340912 24.2583273237588
-379.0 26.13329673598227 24.25264477221587
-378.5 26.1217481977 24.246972192926506
-378.0 26.11029566317805 24.241305047278523
-377.5 26.098935874459368 24.235702153190136
-377.0 26.08767486369279 24.23007565780862
-376.5 26.076466648763766 24.224496315930363
-376.0 26.06537322881069 24.218919952004427
-375.5 26.054345271569026 24.213359798295716
-375.0 26.04339046800895 24.207827456104646
-374.5 26.032518785656052 24.202324887537145
-374.0 26.02169522885243 24.196814798821524
-373.5 26.010951738001616 24.19131988167163
-373.0 26.00030935945234 24.185828384323006
-372.5 25.989705494587746 24.180399194791306
-372.0 25.979197849131186 24.174949783469025
-371.5 25.968761726651977 24.169539306513084
-371.0 25.958365040476732 24.164132584435777
-370.5 25.94806579571978 24.158753679495852
-370.0 25.937824711536862 24.15338053183316
-369.5 25.9276431031202 24.148023176226904
-369.0 25.917504814969064 24.142687348441033
-368.5 25.907445619235993 24.13737174280267
-368.0 25.89744626338947 24.132067280534308
-367.5 25.887510206929917 24.126781047991717
-367.0 25.877616864548706 24.1215132548796
-366.5 25.86781761505344 24.1162486217296
-366.0 25.85806943558873 24.111007204092658
-365.5 25.848383300021517 24.105802321320272
-365.0 25.83873821102094 24.10057574607108
-364.5 25.82913179667621 24.095409105078865
-364.0 25.819621914319825 24.090233686129423
-363.5 25.81015412911431 24.08506686974764
-363.0 25.800745201382895 24.079925481769212
-362.5 25.791354547429883 24.074809642067386
-362.0 25.782033273582485 24.069695813982296
-361.5 25.772794083501175 24.064597735247197
-361.0 25.763553541538492 24.059520492546774
-360.5 25.754421415788933 24.05447127645327
-360.0 25.74530192397747 24.049411643438177
-359.5 25.736261483679186 24.044394428056343
-359.0 25.727240903429504 24.03938878899818
-358.5 25.718252929027237 24.034380573984613
-358.0 25.709349554716376 24.029397497950455
-357.5 25.700461441038538 24.02444518735653
-357.0 25.691659912538096 24.019509043576495
-356.5 25.68285602438534 24.014558027780843
-356.0 25.674117204489818 24.00963915768275
-355.5 25.66540492792678 24.004752054547417
-355.0 25.656781395511658 23.999845545764575
-354.5 25.648174600168147 23.99500425327868
-354.0 25.639611022449124 23.990148402667835
-353.5 25.631088271177642 23.98529367228172
-353.0 25.622634376277844 23.98047804118167
-352.5 25.61418785930943 23.97567218217454
-352.0 25.605764327870084 23.9708672280602
-351.5 25.597406682107593 23.96610318109081
-351.0 25.58913740930215 23.961321857605213
-350.5 25.580837482107302 23.9565935845871
-350.0 25.5726341452537 23.951863258223405
-349.5 25.56440792415232 23.94714367605557
-349.0 25.556263126789407 23.94244022070671
-348.5 25.548114805481447 23.937755108666494
-348.0 25.54003523907881 23.93309150360214
-347.5 25.53200270250248 23.928432550895632
-347.0 25.523981334840336 23.923780913051335
-346.5 25.51596605632474 23.91916322606463
-346.0 25.50804814323363 23.91454544013556
-345.5 25.500149094930833 23.909956965910393
-345.0 25.492288645573346 23.905373406308073
-344.5 25.484445100602727 23.900811190406067
-344.0 25.476652409799335 23.896253375487845
-343.5 25.46887813923723 23.89171683836638
-343.0 25.461142918930403 23.88720596033487
-342.5 25.453422440561045 23.882701473287852
-342.0 25.44577358889216 23.878203215757555
-341.5 25.438133845339173 23.87372339396666
-341.0 25.430521073981875 23.869264331147704
-340.5 25.422980900737493 23.864814440733646
-340.0 25.4154203346464 23.86036820047128
-339.5 25.407929961256453 23.855941555614994
-339.0 25.400452413393303 23.851532599759437
-338.5 25.393037347145974 23.84714605672041
-338.0 25.385611710670837 23.842745597377558
-337.5 25.378235675390336 23.838384238131507
-337.0 25.37089292688912 23.834027813803186
-336.5 25.36357511443109 23.829671739079174
-336.0 25.356291975870295 23.825340026218722
-335.5 25.349029193056822 23.821014405162735
-335.0 25.341804660613843 23.816711247611067
-334.5 25.334619225416454 23.81239865210602
-334.0 25.327436629455093 23.80812585166889
-333.5 25.320302015576228 23.803846099614727
-333.0 25.31319744883145 23.799586068663658
-332.5 25.306089807028055 23.79534374139641
-332.0 25.29905822477143 23.791094908631436
-331.5 25.29201927433435 23.78686561369506
-331.0 25.28502072592623 23.78265402633335
-330.5 25.278055907112087 23.778451456021
-330.0 25.27107462952631 23.774267213611257
-329.5 25.264177556066475 23.77007818646662
-329.0 25.25728745666731 23.765898403787823
-328.5 25.250401737416727 23.761745246008843
-328.0 25.24357629910532 23.757597287125623
-327.5 25.23676952226503 23.753458617706336
-327.0 25.229965586201363 23.74932995715139
-326.5 25.223191361448265 23.745205041475582
-326.0 25.216465229071538 23.74111115000239
-325.5 25.209741829360524 23.737011882801056
-325.0 25.203062589727686 23.732914379650488
-324.5 25.19637052871079 23.728845881734998
-324.0 25.189749350895262 23.72476623128311
-323.5 25.18313169532363 23.7207119059226
-323.0 25.176526213937535 23.716671010485356
-322.5 25.1699612532356 23.712643046961617
-322.0 25.16339945092993 23.708613420503593
-321.5 25.1568603322534 23.704597511277825
-321.0 25.15038418381504 23.700587773087726
-320.5 25.14389284568317 23.696592536228867
-320.0 25.137420850285768 23.692615750385624
-319.5 25.1309843673706 23.688629819715075
-319.0 25.12458254931914 23.68465632609045
-318.5 25.118198918045906 23.680697928425907
-318.0 25.111793487769596 23.676750667335558
-317.5 25.10544833172534 23.672803357283758
-317.0 25.099122264954893 23.668864235129945
-316.5 25.092805898873358 23.66494007166416
-316.0 25.086536756207533 23.661033851318514
-315.5 25.0802563229515 23.6571258729471
-315.0 25.074006346675542 23.653219499401228
-314.5 25.067788939374047 23.649338237782793
-314.0 25.061589967640714 23.645446397979878
-313.5 25.0554029979746 23.641571811141155
-313.0 25.049237894655395 23.637717971000207
-312.5 25.043093781104922 23.63386130966908
-312.0 25.036942728565087 23.630003495534446
-311.5 25.03086048751285 23.626163815179968
-311.0 25.024762303405318 23.622331214375766
-310.5 25.018677566870405 23.618508731180157
-310.0 25.012650896842818 23.614690020402087
-309.5 25.006612013770425 23.610889283199153
-309.0 25.000615407214983 23.60707902776805
-308.5 24.994601551668538 23.603299126590723
-308.0 24.988652452169816 23.59949599482782
-307.5 24.982658324307 23.59572660556069
-307.0 24.976731219624114 23.59196141473023
-306.5 24.97080779638065 23.588197973957932
-306.0 24.964891722424483 23.584443668041093
-305.5 24.959044526975482 23.580703127932363
-305.0 24.953186320714956 23.576977944426588
-304.5 24.947314840585662 23.5732542496136
-304.0 24.941500014640642 23.56952783253974
-303.5 24.935703430444846 23.565821469832237
-303.0 24.929908270738366 23.56211919874056
-302.5 24.92414603347365 23.558417031721074
-302.0 24.91839702858549 23.55474944333696
-301.5 24.912661309011387 23.55107563592891
-301.0 24.9069243609193 23.54740347975649
-300.5 24.90123776031469 23.543748231003477
-300.0 24.895553189196548 23.540100481716237
-299.5 24.889893896869133 23.53644820634389
-299.0 24.884225462671836 23.532807229111317
-298.5 24.878616490836407 23.52918977322528
-298.0 24.872998822759534 23.52556401987714
-297.5 24.867408656694792 23.5219483589958
-297.0 24.86182132311348 23.51835078031183
-296.5 24.856241846943604 23.51475284369357
-296.0 24.850710431623465 23.511167806262456
-295.5 24.84518035536158 23.507575821723556
-295.0 24.839652515424607 23.504006448888703
-294.5 24.834164768788398 23.500438419628725
-294.0 24.82866759691717 23.496882282248016
-293.5 24.82320058404285 23.493326603492747
-293.0 24.817737091380003 23.4897826794571
-292.5 24.812310348285745 23.48623795994293
-292.0 24.806865455451796 23.482708575487838
-291.5 24.801473471126265 23.47918240535875
-291.0 24.796066093916387 23.475663610202304
-290.5 24.79068679998897 23.472152109512116
-290.0 24.785302653406468 23.468640516973917
-289.5 24.779959093913625 23.465147707176218
-289.0 24.774638236347904 23.461652793333787
-288.5 24.769327942879134 23.458168979714237
-288.0 24.763998467717045 23.454689319706944
-287.5 24.758692264198746 23.45121854474602
-287.0 24.753417443654957 23.447754405257516
-286.5 24.748136607403328 23.444281290051304
-286.0 24.74289468978235 23.440835783324246
-285.5 24.737654135235484 23.437378006308318
-285.0 24.732411306523566 23.43394449703627
-284.5 24.727210674245796 23.430504280733615
-284.0 24.722005658226326 23.42708362624886
-283.5 24.716803094878365 23.42365580964211
-283.0 24.71163042754346 23.420238592733348
-282.5 24.706447422408566 23.41683280314884
-282.0 24.70131293282823 23.413418399144103
-281.5 24.69619119961512 23.410010269035165
-281.0 24.69104762993969 23.4066098556649
-280.5 24.685920639353544 23.403229540174067
-280.0 24.680826998569827 23.399839966623315
-279.5 24.675722289688018 23.396469667392864
-279.0 24.670648951291625 23.393095392870364
-278.5 24.665585605392423 23.38971780442774
-278.0 24.66053376353083 23.386367392167486
-277.5 24.655498643061936 23.383017481894225
-277.0 24.6504460583876 23.379666283251915
-276.5 24.645430299735093 23.376301922561012
-276.0 24.640415037473705 23.37296780297394
-275.5 24.63543339451848 23.369633974372906
-275.0 24.63044351991819 23.36630639940706
-274.5 24.625451633676533 23.36297215633811
-274.0 24.620477508537988 23.359649365446774
-273.5 24.615545246782258 23.356344729480195
-273.0 24.610599581078368 23.353025277849632
-272.5 24.60566022791683 23.349715977107316
-272.0 24.600746546226368 23.346413142299628
-271.5 24.595839890543534 23.343124407983606
-271.0 24.590944967941244 23.33983423341119
-270.5 24.58604928992157 23.33654199405268
-270.0 24.581165739111547 23.333283384173413
-269.5 24.576320397577753 23.329996748808398
-269.0 24.57146267516208 23.32672870750685
-268.5 24.5666113656376 23.323477394700273
-268.0 24.56179235181102 23.320213811606003
-267.5 24.556983545053054 23.316965244714556
-267.0 24.55215768210328 23.313721266971594
-266.5 24.547374497546386 23.310484151783545
-266.0 24.542586073499493 23.307251379337025
-265.5 24.53782549592125 23.304023708131293
-265.0 24.53303909902166 23.30080310440641
-264.5 24.528308069441778 23.297580497198926
-264.0 24.523574459832478 23.29437334732625
-263.5 24.518828992479293 23.29116759429465
-263.0 24.51414628382738 23.28796618019784
-262.5 24.50941711769576 23.284761801406134
-262.0 24.504727030630043 23.281567050446704
-261.5 24.500029628520576 23.278385890155057
-261.0 24.495351721672492 23.275204071704152
-260.5 24.49069660550439 23.27202410745197
-260.0 24.486047719947578 23.268862896070004
-259.5 24.48140322101384 23.2656942753302
-259.0 24.476757553146854 23.262528607508493
-258.5 24.472149963487947 23.25937510477511
-258.0 24.467519123772362 23.256223681297254
-257.5 24.462933295486433 23.25308566565996
-257.0 24.45834888826553 23.249936606957743
-256.5 24.453750949000632 23.24680250174973
-256.0 24.449169547023132 23.243675229033805
-255.5 24.444601890095612 23.240552740596844
-255.0 24.440053859017357 23.23742397624194
-254.5 24.435515409365507 23.23430846442484
-254.00000000000006 24.430970908964017 23.2311942083436
-253.5 24.4264425557163 23.228089684988777
-253.0 24.421936799305698 23.22497901148588
-252.50000000000006 24.41741166179897 23.221877462987642
-252.0 24.41292622157018 23.218789001681767
-251.5 24.408429962338914 23.21568895848033
-251.00000000000006 24.40394555640085 23.21261067186695
-250.5 24.39948191193295 23.20953070417758
-250.0 24.39502917584803 23.206450121939234
-249.50000000000006 24.390555549389163 23.203377780718014
-249.0 24.386123023305263 23.20031685158773
-248.5 24.381682843915684 23.19725044376499
-248.00000000000006 24.37725510228566 23.19419108244905
-247.5 24.372836099897107 23.191132636824374
-247.0 24.3684211307658 23.18807488982149
-246.50000000000006 24.364027680267483 23.18502129491712
-246.0 24.359642961225116 23.181985048964133
-245.5 24.355247900111117 23.1789433464626
-245.00000000000006 24.350873386602366 23.175913036677724
-244.5 24.346499200919535 23.172876142245048
-244.0 24.34215195848443 23.16985202753513
-243.50000000000006 24.33778638998462 23.166834112780613
-243.0 24.33343812068363 23.163815629229205
-242.5 24.329104813165646 23.16079550439011
-242.00000000000006 24.324805822682364 23.157788174497153
-241.5 24.32047224823544 23.154771842216665
-241.0 24.316158391536526 23.151768678708713
-240.50000000000006 24.3118469163175 23.14876523132334
-240.0 24.307559901142177 23.14577851180436
-239.5 24.303279885024665 23.14278431068596
-239.00000000000006 24.29898789844757 23.139794977793372
-238.5 24.29471910498617 23.136808408058428
-238.0 24.29046092314442 23.13382149160747
-237.50000000000006 24.28620130972256 23.130838883802866
-237.0 24.28196939750662 23.12787064366647
-236.5 24.277707025473187 23.12490115457622
-236.00000000000006 24.273478488376384 23.121928217662703
-235.5 24.269229687095034 23.118955078515842
-235.0 24.264975276560268 23.11598854253539
-234.50000000000006 24.260748855563428 23.11300999276094
-234.0 24.25648771795986 23.110039146353895
-233.5 24.252226958472317 23.107071858575342
-233.00000000000006 24.2479767148925 23.10409097199205
-232.5 24.24372729327977 23.101108841282205
-232.0 24.239482451227772 23.09813994838414
-231.50000000000006 24.235242875322648 23.095159694538864
-231.0 24.23099119306964 23.09218259510567
-230.5 24.226745246903526 23.089219073774352
-230.00000000000006 24.22249174872542 23.086239787029626
-229.5 24.21825278924684 23.0832672928635
-229.0 24.214024204179545 23.08030652632538
