FastTrWP/PhaseSpace/IAs/snIa_0.52_30.00_1.00_0.01.csv
# %ECSV 0.9
# ---
# datatype:
# - {name: time-rel, datatype: float64}
# - {name: g, datatype: float64}
# - {name: i, datatype: float64}
# schema: astropy-2.0
time-rel g i
[from data line 701]
-73.0 23.364020526095864 22.56859384706108
-72.50000000000006 23.36296161037762 22.56752061810189
-72.0 23.36191455599554 22.56645078254077
-71.5 23.36086847329344 22.56538789174002
-71.00000000000006 23.359835516448694 22.564338904370093
-70.5 23.358792344696898 22.563276520064292
-70.0 23.357774593841476 22.56222460750497
-69.50000000000006 23.356754202402144 22.5611816304906
-69.0 23.35574694958546 22.56014566750785
-68.5 23.3547523068805 22.559097633788117
-68.00000000000006 23.35375815662268 22.558066874284457
-67.5 23.352776547641312 22.55704110359817
-67.0 23.351795132373965 22.556009475434745
-66.50000000000006 23.350817828244892 22.554988992363008
-66.0 23.349849275261132 22.553968661835544
-65.5 23.34889830393439 22.552949998431217
-65.0 23.3479414471223 22.551937203284602
-64.5 23.34699975015561 22.55093022881908
-64.0 23.34606062600164 22.54993659361869
-63.5 23.34513273914482 22.54893437842191
-63.0 23.344218415206885 22.547941987432818
-62.5 23.343308920207303 22.546952747939933
-62.0 23.342395655405205 22.545968384456
-61.5 23.341509563856246 22.5449766092905
-61.0 23.340607215618697 22.544008515718545
-60.5 23.339738363593767 22.54302699490584
-60.0 23.33886032108211 22.54206144830566
-59.5 23.337994370663345 22.5410944406428
-59.0 23.33713592077082 22.54013509105578
-58.5 23.33627228590872 22.539176008261883
-58.0 23.335436872138292 22.538216174739972
-57.5 23.334603004616106 22.537272697201413
-57.0 23.333770168047163 22.53633387867817
-56.5 23.33295025939309 22.53538476491873
-56.0 23.332136958579717 22.534449077493015
-55.5 23.3313304783537 22.53352153211809
-55.0 23.330530684474475 22.532593829274887
-54.5 23.329752505380444 22.5316643655454
-54.0 23.32897019642544 22.53074363354408
-53.5 23.32819104481864 22.529825282086648
-53.0 23.32742814897843 22.528915972385764
-52.5 23.326657302660884 22.52801265405694
-52.0 23.32591624703149 22.527114805693795
-51.5 23.325176490750295 22.52621235466926
-51.0 23.32443978307312 22.525311925657427
-50.5 23.32370433213717 22.52443120117689
-50.0 23.32299547915963 22.523542660096428
-49.5 23.32228836767037 22.52265187151551
-49.0 23.32157279843772 22.52177528131321
-48.5 23.3208919511425 22.520901821300928
-48.0 23.320202990515412 22.520039610613992
-47.5 23.31951394070561 22.519166358523496
-47.0 23.318848913993236 22.518314240535346
-46.5 23.31819268931945 22.51745762374696
-46.0 23.31753297150842 22.516599599828183
-45.5 23.31688628763901 22.51575628795294
-45.0 23.316248251102465 22.51490987458684
-44.5 23.315625340818965 22.51406954907523
-44.0 23.315007588910937 22.51323818289416
-43.5 23.314377472884665 22.512409013073746
-43.0 23.313783518747382 22.5115872860302
-42.5 23.31318114169917 22.510765797154654
-42.0 23.312599656567127 22.50994205338444
-41.5 23.31201502447373 22.50913263595894
-41.0 23.31144502610488 22.508322299946112
-40.5 23.310878254513526 22.507513999208328
-40.0 23.31031634175229 22.506721511474247
-39.5 23.30977901788707 22.505925486550062
-39.0 23.309241220955972 22.50512673361087
-38.5 23.30870742160751 22.504344265249806
-38.0 23.30819822008492 22.503565218122723
-37.5 23.3076800573382 22.502785600206686
-37.0 23.307170916500365 22.502012556754593
-36.5 23.3066803669001 22.501241750754698
-36.0 23.306198215892163 22.50047764197262
-35.5 23.305718438866453 22.499719651113402
-35.0 23.305253758084117 22.498967377018264
-34.5 23.30478108453038 22.498212296200045
-34.0 23.304329190291632 22.49746820849087
-33.5 23.303881340236572 22.496719370637447
-33.0 23.3034524209984 22.495989368864322
-32.5 23.303018335030607 22.4952509538552
-32.0 23.302605378352208 22.494527273581696
-31.5 23.302186547282083 22.493790754463223
-31.0 23.3017857257201 22.493075142859055
-30.5 23.301374893207758 22.49235599787223
-30.0 23.3009922712102 22.49164072209752
-29.5 23.30061241147093 22.490929514339214
-29.0 23.300237423243978 22.490220338197805
-28.5 23.29986679069367 22.489526050010888
-28.0 23.29950949035341 22.4888246701438
-27.5 23.299158127564745 22.48812387660565
-27.0 23.298806570740208 22.487437583692618
-26.5 23.298472385485066 22.486754816539577
-26.0 23.298149665427683 22.48606918614446
-25.5 23.297815580198428 22.48538976767847
-25.0 23.297507877573818 22.48470980233219
-24.5 23.29719502136337 22.484038955793324
-24.0 23.296897441961548 22.483373080010374
-23.5 23.296593450361595 22.482709375305035
-23.0 23.29629851536145 22.482045369131512
-22.5 23.29602704373839 22.481384512590683
-22.0 23.295744958133298 22.480737873456746
-21.5 23.295482218314625 22.48008744188814
-21.0 23.295222317847642 22.47944533260469
-20.5 23.29496671687464 22.47879889418734
-20.0 23.29472443814929 22.478155012219734
-19.5 23.29446861988614 22.477513086444816
-19.0 23.294237675701027 22.47688121194376
-18.5 23.294013891218146 22.47624588160911
-18.0 23.293785469958486 22.47562702403073
-17.5 23.29356293659298 22.47499145061203
-17.0 23.29335646023224 22.474375375897925
-16.5 23.293147310409083 22.47376379684178
-16.0 23.292960556945665 22.473143046011824
-15.5 23.29276391936945 22.47253464286431
-15.0 23.29258435733134 22.4719279421975
-14.5 23.29240624386195 22.471308685612126
-14.0 23.292229905305714 22.470711439858842
-13.5 23.292053348513416 22.470115491339428
-13.0 23.29188507628128 22.46951432031033
-12.5 23.291736448950196 22.468920502013106
-12.0 23.2915878486974 22.46832744263651
-11.5 23.291446207396497 22.467740950224172
-11.0 23.291300500508974 22.467158698074673
-10.5 23.291160149343938 22.46656633899008
-10.0 23.29104014475479 22.465991539816304
-9.5 23.290909553851165 22.46541602736273
-9.0 23.29078536808297 22.464837876255803
-8.5 23.29067841581275 22.464267866171568
-8.0 23.29057225018243 22.463698725277066
-7.5 23.290466308438763 22.463130169508844
-7.0 23.290375053660725 22.46256574236614
-6.5 23.290289473328162 22.462001372950795
-6.0 23.290190389792947 22.461447713749383
-5.5 23.29011690054797 22.46088197125683
-5.0 23.29003758402983 22.460332947861126
-4.5 23.2899556328055 22.459778572899744
-4.0 23.289891067120255 22.45923453000127
-3.5 23.289831999273606 22.45868289041644
-3.0 23.2897591280905 22.45814398504716
-2.5 23.289710897793498 22.45760017369035
-2.0 23.289684912577535 22.457056275837708
-1.5 23.289647439108762 22.456530881100104
-1.0 23.289617671746058 22.45599826771036
-0.5 23.28960643855764 22.455479592417365
0.0 23.289596421353256 22.454959695014892
0.5 23.289609987209595 22.454442428563894
1.0 23.289607690562004 22.453935883432013
1.5 23.289632110295383 22.453413217877817
2.0 23.289659414746282 22.4529163459974
2.5 23.289679223364203 22.452413343480014
3.0 23.289721122087123 22.451915639500978
3.5 23.28976929939309 22.451420707033467
4.0 23.28982272653245 22.450934736378862
4.5 23.289888264739325 22.45045482309927
5.0 23.289955421609704 22.449966649934154
5.5 23.290024391027412 22.449481225082838
6.0 23.290108735804967 22.44900945830419
6.5 23.290205832388523 22.448536706373105
7.0 23.29029340295125 22.448061467385664
7.5 23.290399232231813 22.44759876057305
8.0 23.290502595193576 22.447137981006318
8.5 23.290621081059562 22.446671059675865
9.0 23.290749265171854 22.44620940746088
9.5 23.29086550763927 22.44575802708279
10.0 23.291011098038975 22.445301176710064
10.5 23.291134743610364 22.444852426972304
11.0 23.29127666354697 22.444403331450577
11.5 23.291419653127107 22.443968464089295
12.0 23.291583302680866 22.443519374055953
12.5 23.291746021518406 22.44308484162632
13.0 23.291915085126927 22.44264409959928
13.5 23.292087508274605 22.442208189207737
14.0 23.29225282856184 22.441775035535983
14.5 23.292431872182668 22.441340494068278
15.0 23.292623210092273 22.440913003529875
15.5 23.292806501932297 22.440490815601404
16.0 23.292988075718448 22.44006203278863
16.5 23.293186179942765 22.43963957259632
17.0 23.293382157977106 22.439221926221443
17.5 23.29358892718066 22.438795218279814
18.0 23.293799057599255 22.43838229638069
18.5 23.29401896867216 22.43796572084772
19.0 23.294239508747165 22.43755471455326
19.5 23.29443907268 22.43713579222071
20.0 23.294655223015095 22.436727752273214
20.5 23.294904980977517 22.436325755161533
21.0 23.29512564344149 22.435918190105234
21.5 23.295354610756654 22.435507579552105
22.0 23.29559108693108 22.4351034171563
22.5 23.295828168046974 22.434699046302782
23.0 23.296073659416354 22.434294189028797
23.5 23.296312871144206 22.43389148235842
24.0 23.296558982468273 22.433493488256175
24.5 23.296798586093782 22.43309356055922
25.0 23.297046176010735 22.432696081978953
25.5 23.29730110505167 22.43229491469137
26.0 23.297548498239316 22.43189728093006
26.5 23.29780183920964 22.431499297413605
27.0 23.2980713584259 22.431098971648716
27.5 23.298318496093742 22.430715324641483
28.0 23.298588889750693 22.430318117034517
28.5 23.298852801715867 22.42992347009912
29.0 23.299101721966025 22.42953328227481
29.5 23.299369726839814 22.42913153807294
30.0 23.299628715214105 22.42874038004156
30.5 23.29988160429076 22.428347974016276
31.0 23.300160149161584 22.42795570974627
31.5 23.300410252001885 22.427565406373553
32.0 23.300675321279805 22.42717816771137
32.5 23.30095109129894 22.426779876561483
33.0 23.30121302687857 22.426383088380373
33.5 23.30148558165732 22.425999928840174
34.0 23.301750068119354 22.42560172737352
34.5 23.30202827092911 22.425217780050314
35.0 23.302286354291905 22.424820260411188
35.5 23.30257292904486 22.424442330139644
36.0 23.302852343814322 22.42405245751934
36.5 23.30312376027039 22.423673641991066
37.0 23.30342604755546 22.423291302958646
37.5 23.303705810136826 22.422910436081747
38.0 23.30400070708381 22.422520507314125
38.5 23.304294082999984 22.422139266953813
39.0 23.30458645855019 22.42176611249551
39.5 23.304890302073176 22.421384019575488
40.0 23.305193285280637 22.421004645263956
40.5 23.305499682625424 22.420637833194416
41.0 23.305813593255884 22.420264148350824
41.5 23.306115240312785 22.419880408379594
42.0 23.306437036216035 22.419514764723797
42.5 23.306760102970316 22.41914772518379
43.0 23.307079995656647 22.418779145015595
43.5 23.307398258256487 22.418415376810344
44.0 23.307713889193554 22.418041869897838
44.5 23.30805142976338 22.41767500126475
45.0 23.3083860833097 22.417308978349354
45.5 23.30872638526759 22.41695624430281
46.0 23.309062741476826 22.416591021432218
46.5 23.3094068055114 22.41623432605271
47.0 23.309749825985552 22.415876572678552
47.5 23.31010373695237 22.415513570458813
48.0 23.310453774644593 22.41516029153373
48.5 23.31080489680435 22.414803068690304
49.0 23.31115763505011 22.41445540338717
49.5 23.31151756003882 22.41410069304433
50.0 23.31187937480232 22.413747005941946
50.5 23.31225261388849 22.413396783827217
51.0 23.312628957211167 22.413052739825833
51.5 23.312990839315034 22.41271236092979
52.0 23.313375916581975 22.412358848453167
52.5 23.313755613966425 22.412010435037757
53.0 23.31413701639001 22.41168292921873
53.5 23.314521632245928 22.411329027310998
54.0 23.314922830746813 22.41099276915702
54.5 23.31530094818094 22.410646018104977
55.0 23.315701506469356 22.41032011042661
55.5 23.316091367615105 22.40997988725669
56.0 23.316502848707387 22.409650033250962
56.5 23.31690410229884 22.40931095239845
57.0 23.31730667131918 22.408976098161308
57.5 23.317724921612445 22.40865114999421
58.0 23.31813779971686 22.408322318524057
58.5 23.318561537314547 22.407990584367553
59.0 23.31898965287977 22.407667755134813
59.5 23.319409981310628 22.40734791266226
60.0 23.319836376629397 22.407020206990254
60.5 23.320268074562172 22.406701281240355
61.0 23.320708147264156 22.406374646073964
61.5 23.321137448461595 22.406059222388542
62.0 23.321576307824614 22.405737555803498
62.5 23.32202737454653 22.40542764841028
63.0 23.32248642664773 22.40510717230457
63.5 23.32292540371207 22.404797914968174
64.0 23.32338609719635 22.404490274089383
64.5 23.323844602174614 22.404167660042575
65.0 23.324307708410426 22.40386862706214
65.5 23.3247783441899 22.403561116712012
66.0 23.32524146355931 22.403253700114504
66.5 23.3257205774283 22.402945175131993
67.0 23.32619769511185 22.402644466549262
67.5 23.326668421830927 22.40234203380207
68.0 23.327146934050628 22.402046053781905
68.5 23.327638413381994 22.401746616230476
69.0 23.328131699124928 22.40144937900912
69.5 23.328624438942818 22.401146194784225
70.0 23.32912053968672 22.4008547206179
70.5 23.329617079201817 22.40055825461429
71.0 23.330118416080452 22.40026893261106
71.5 23.330621337843546 22.399975031928943
72.0 23.331134098220087 22.399687255425555
72.5 23.3316528641098 22.399399757617758
73.0 23.33217663244262 22.399120977769684
73.5 23.332699637695743 22.398835391052813
74.0 23.33322644722385 22.398556443163173
74.5 23.33374964310655 22.398267561550558
75.0 23.334279360716017 22.39797971837927
75.5 23.334820650813622 22.397703335407662
76.0 23.33535481425177 22.397414786460708
76.5 23.335901594750396 22.39714587979114
77.0 23.33643267178552 22.396872073409963
77.5 23.33697903313019 22.396594240097663
78.0 23.337537072003613 22.396317274633375
78.5 23.338096978928178 22.396043291134863
79.0 23.33864825343731 22.395770021972623
79.5 23.33921105337619 22.395505514951836
80.0 23.339776044905655 22.395229170314085
80.5 23.34035399570338 22.39497279099778
81.0 23.340924009229425 22.394699708745193
81.5 23.341491822187415 22.394437831992686
82.0 23.342077013764808 22.394171837291715
82.5 23.342652039807533 22.393914621845536
83.0 23.343232743477706 22.393649565582777
83.5 23.34383618387575 22.393386095622034
84.0 23.344425315393828 22.39313811052834
84.5 23.3450181789172 22.392879072029164
85.0 23.345616264149097 22.39262065959387
85.5 23.34622879960385 22.392358303336444
86.0 23.34683583449423 22.392111888768085
86.5 23.347448730925137 22.391860084158417
87.0 23.348074262241845 22.391614017703642
87.5 23.348677172507138 22.391365366892945
88.0 23.34930499451088 22.391114803409838
88.5 23.34993312466156 22.390870832286073
89.0 23.350551280006204 22.39062596941753
89.5 23.35118478807274 22.390389858722536
90.0 23.35183114302062 22.390145211439968
90.5 23.352471350127566 22.38990661349344
91.0 23.35310473415166 22.389668943700933
91.5 23.3537565292993 22.389432596845722
92.0 23.35441853309107 22.38918983822898
92.5 23.35506596477503 22.388952243344278
93.0 23.355719088955304 22.388725464554902
93.5 23.356384848173626 22.388497803088804
94.0 23.35705994374078 22.388264193850404
94.5 23.35772722313981 22.388028909064136
95.0 23.35839860195248 22.387807531599876
95.5 23.359066427132582 22.387579820377262
96.0 23.359749424649397 22.387360505626877
96.5 23.360432160849204 22.387139120626802
97.0 23.361122327262073 22.386918313908556
97.5 23.361827696176356 22.38669674016815
98.0 23.362515514406716 22.386476975909304
98.5 23.363218079755967 22.386260685740552
99.0 23.36392416821105 22.38604442958456
99.5 23.364639109314574 22.38582839121754
100.0 23.365354096409167 22.38561962290678
100.5 23.366054421166105 22.38540887946897
101.0 23.36677364133514 22.38519603951326
101.5 23.36749445363828 22.384985962848695
102.0 23.36822322471155 22.384788446113582
102.5 23.368956134943826 22.384575829631093
103.0 23.369705431632553 22.384378741158656
103.5 23.37043017247851 22.38417420098375
104.0 23.371180652236553 22.38397534445646
104.5 23.371917239193756 22.383770724818376
105.0 23.372677743679255 22.383570339904388
105.5 23.373427257844508 22.38338183064467
106.0 23.374194215986588 22.383182311270534
106.5 23.374955716777734 22.382997313937704
107.0 23.37570728758749 22.38280146000701
107.5 23.376501333556497 22.382612052659546
108.0 23.377274123939277 22.38242610238764
108.5 23.378055578527828 22.382236036718957
109.0 23.37885681632873 22.382048837838425
109.5 23.379649030538868 22.381858365220527
110.0 23.38044736659016 22.381679300375303
110.5 23.381257040179992 22.381496824023927
111.0 23.38206674088884 22.381313332289857
111.5 23.3828803894805 22.381132344181616
112.0 23.383703802554656 22.380951580923657
112.5 23.384526126691338 22.38077391698458
113.0 23.385356981336272 22.380593404444515
113.5 23.386185692753777 22.380418342025234
