FastTrWP/PhaseSpace/IAs/snIa_0.50_30.00_-2.54_0.01.csv
# %ECSV 0.9
# ---
# datatype:
# - {name: time-rel, datatype: float64}
# - {name: g, datatype: float64}
# - {name: i, datatype: float64}
# schema: astropy-2.0
time-rel g i
[from data line 1406]
419.0 25.19491931218484 22.77392106331098
419.5 25.19788844382212 22.775049530418464
420.0 25.20086693122043 22.77617004295443
420.5 25.20385299646104 22.777294748340413
421.0 25.20683834764054 22.778410649944604
421.5 25.209816294129027 22.77952973266707
422.0 25.21280079078347 22.78064708135682
422.5 25.21578561599771 22.781774718946245
423.0 25.218780382626864 22.782877701360608
423.5 25.22180430778823 22.783989942877962
424.0 25.22476750828458 22.785107139263758
424.5 25.227759077744803 22.786228466375288
425.0 25.230758438383013 22.78734425498843
425.5 25.233771047557354 22.788456383259884
426.0 25.23677224546597 22.789563364781152
426.5 25.239744848029794 22.790674965951744
427.0 25.242765277686704 22.79179878493141
427.5 25.245770564187147 22.792907958725873
428.0 25.24877852299553 22.794008180036162
428.5 25.251770970739496 22.795115654498748
429.0 25.25479884057226 22.796226588710947
429.5 25.257819567509095 22.79733044836364
430.0 25.260787696932656 22.798436366474153
430.5 25.263838243480855 22.799547727115545
431.0 25.26683846542 22.800643043060628
431.5 25.269842235380434 22.801753798818822
432.0 25.272871180185135 22.80285289220227
432.5 25.275885438307455 22.803955480987913
433.0 25.278913043832056 22.805061419933974
433.5 25.281929399675448 22.806156924344183
434.0 25.284952654494628 22.807261517447337
434.5 25.287988292109794 22.808354581280884
435.0 25.291014031015692 22.8094577744314
435.5 25.29405784496985 22.810553781175894
436.0 25.297082329856657 22.81166037491914
436.5 25.300132175456383 22.81274239059352
437.0 25.303157569465 22.81384883742637
437.5 25.30618897852261 22.814939685587575
438.0 25.309240403128864 22.816034552504995
438.5 25.312263706743188 22.81713451073802
439.0 25.315315863565534 22.81822193062366
439.5 25.31840003411812 22.8193188783834
440.0 25.32141670624329 22.820403740946226
440.5 25.324462451809 22.821497455101195
441.0 25.327517694036267 22.822589264579367
441.5 25.330601659116795 22.823682005830975
442.0 25.333641927658952 22.824766255212925
442.5 25.336724279597682 22.825861008379817
443.0 25.339786795578377 22.82694718333193
443.5 25.342829200909144 22.828038706517788
444.0 25.345911299766414 22.829120695123706
444.5 25.348957291228125 22.830211122656245
445.0 25.35204874612219 22.831287903580577
445.5 25.35511342880752 22.832383306639585
446.0 25.358171550483103 22.833460840357276
446.5 25.36125016091754 22.834539127330707
447.0 25.36435035794927 22.835618747318666
447.5 25.36743440576224 22.836710478330446
448.0 25.37051248167936 22.837787491823228
448.5 25.373621598433207 22.838872511986995
449.0 25.376674198471548 22.83995789981867
449.5 25.379772845000247 22.84103256589596
450.0 25.382855405182767 22.842110697604223
450.5 25.385973734400945 22.84318349199074
451.0 25.38905410064882 22.84427004423059
451.5 25.39212813056066 22.845343678445662
452.0 25.395252751425726 22.84642015401006
452.5 25.398352571734428 22.847486013102586
453.0 25.40144041615502 22.848566890805813
453.5 25.40453648097718 22.849637520577303
454.0 25.407632649554866 22.850711724435794
454.5 25.410758671639858 22.851777362745448
455.0 25.41383780752604 22.85284342935818
455.5 25.41695484257425 22.853914014670732
456.0 25.420067649627946 22.854986769097913
456.5 25.42317845058401 22.85604805433895
457.0 25.426308087497333 22.857123893361802
457.5 25.429403330064176 22.85818575233248
458.0 25.43252638637923 22.859259208621715
458.5 25.4356408538013 22.860313583124313
459.0 25.43874298877263 22.861373298319062
459.5 25.441886768118994 22.86243881930495
460.0 25.444984479071056 22.86350490186024
460.5 25.448103016401365 22.86456452485057
461.0 25.451224138347772 22.865628657560432
461.5 25.454368309631214 22.866673664072646
462.0 25.457472712119284 22.86774572391195
462.5 25.460593830605085 22.868795851072
463.0 25.463739473415718 22.869847644982823
463.5 25.466844190155726 22.87090058733073
464.0 25.47000596932179 22.87195927740192
464.5 25.473119909771583 22.873013564281585
465.0 25.47628550471575 22.874065289766037
465.5 25.479422567441333 22.875115558481646
466.0 25.482529817799776 22.87616807665543
466.5 25.485680851102185 22.877217650505987
467.0 25.488816455774774 22.87827021194886
467.5 25.49194987222663 22.879317855582176
468.0 25.495119555990172 22.88036615385299
468.5 25.498249345822693 22.881416834968825
469.0 25.501388859971556 22.882464444556852
469.5 25.504522279280522 22.883508369651096
470.0 25.507690271294834 22.884547960429998
470.5 25.510846200583796 22.885594704331787
471.0 25.514002822244606 22.886638401856363
471.5 25.517142288632133 22.887671138967157
472.0 25.520308531125053 22.888719258857677
472.5 25.523452702942247 22.889760955859163
473.0 25.526586622058126 22.890794214746638
473.5 25.529784960238814 22.89183520785314
474.0 25.532935937279287 22.892875921611946
474.5 25.53610705480322 22.893905741778127
475.0 25.539290171318502 22.894944052969382
475.5 25.54241661637875 22.895979426155325
476.0 25.545608790931652 22.897017075136816
476.5 25.548730026599987 22.89805388295313
477.0 25.551934004578413 22.899088093300797
477.5 25.555109785886128 22.900117419800683
478.0 25.558278211960616 22.901140515605086
478.5 25.56142923418118 22.90217670526809
479.0 25.564644685648883 22.90320644064199
479.5 25.56780824860303 22.90424249344873
480.0 25.570979866627937 22.905264495988394
480.5 25.57418884549234 22.906293718893664
481.0 25.577355661981784 22.9073238505566
481.5 25.580520579560684 22.908345338412552
482.0 25.583738277123427 22.909372840561062
482.5 25.5869235585268 22.91039134980418
483.0 25.59011801938346 22.911423411985528
483.5 25.593289837661462 22.912455951837075
484.0 25.596497289030484 22.913470772939636
484.5 25.599666749546746 22.914495113836686
485.0 25.602873957334175 22.91550863857787
485.5 25.606081444673137 22.91653013058162
486.0 25.609283164081628 22.91755016947119
486.5 25.61246658961077 22.918575159311434
487.0 25.615658339342207 22.919582877723105
487.5 25.618868988247748 22.920603114079032
488.0 25.622082810148218 22.92161570227391
488.5 25.625264925410185 22.922627044612774
489.0 25.628494665033546 22.92364351342121
489.5 25.631690800558143 22.924652637823883
490.0 25.63491604930924 22.925660877172152
490.5 25.63809188733468 22.926661924852908
491.0 25.64133305202601 22.92767932135435
491.5 25.64451438249325 22.92868359274091
492.0 25.647724570610816 22.929694822812642
492.5 25.650918013291847 22.930693737530095
493.0 25.654165237332435 22.931700146975164
493.5 25.657401420055336 22.932696863362835
494.0 25.66058340057519 22.933702015915443
494.5 25.663790694621763 22.934709223421834
495.0 25.667011303431927 22.93570348166895
495.5 25.6702181047835 22.93670075654701
496.0 25.673454878652326 22.93769980310305
496.5 25.67666060739841 22.938691027826795
497.0 25.679889901246934 22.93968681939831
497.5 25.683069083714436 22.940685965554803
498.0 25.686348732492824 22.941678807115935
498.5 25.689590291896508 22.94268054708055
499.0 25.692761485698963 22.9436644293965
499.5 25.695986067468258 22.944652770209363
500.0 25.69920526411152 22.94564672383595
500.5 25.702431855625573 22.94663114183294
501.0 25.70563958763726 22.947624587649212
501.5 25.70885289459259 22.948609541132615
502.0 25.712106682358865 22.949600204550308
502.5 25.715315562071346 22.950579684909474
503.0 25.7185406224366 22.951568216970944
503.5 25.721781038785636 22.952548671524976
504.0 25.72499804348925 22.953532798585712
504.5 25.728229250185997 22.954515353845217
505.0 25.731451960234434 22.95549564650488
505.5 25.734674747030063 22.956472373748102
506.0 25.7379070547506 22.957463037529863
506.5 25.741134925654833 22.958433445019413
507.0 25.744366119493264 22.959407295569424
507.5 25.747581414794357 22.960394418539195
508.0 25.75084189097096 22.961366273164472
508.5 25.753992679646913 22.96232833133547
509.0 25.757285111717284 22.963321542524096
509.5 25.76050790528623 22.964282804054218
510.0 25.76374881327999 22.96525779283728
510.5 25.76694253344989 22.966229302648653
511.0 25.770192012961232 22.967199898035574
511.5 25.773446523360942 22.968181288892442
512.0 25.776666312234113 22.969137978968565
512.5 25.779909695839752 22.970113078542184
513.0 25.783119339924937 22.97108138324086
513.5 25.78633220737391 22.97204326259515
514.0 25.78956418102215 22.973013021724526
514.5 25.792818212585495 22.973973305980667
515.0 25.796043462669623 22.97494404588695
515.5 25.79924269115011 22.97590717540416
516.0 25.802499178003156 22.97687316075165
516.5 25.805753463687886 22.977844098055932
517.0 25.808999017315305 22.978793737951978
517.5 25.81220572858949 22.979762586208313
518.0 25.815431212971482 22.980727423927313
518.5 25.818666425900048 22.98167982901983
519.0 25.8218944707522 22.982646010014815
519.5 25.82510700326133 22.983606561139602
520.0 25.828371750589998 22.98455540360585
520.5 25.831586063199378 22.98552319449253
521.0 25.834818063757634 22.986474663529926
521.5 25.838040880555184 22.987428927840405
522.0 25.84125215994409 22.98838070410703
522.5 25.844496630646105 22.989334192610016
523.0 25.84769399349446 22.9902839829575
523.5 25.85094182063643 22.99122894570436
524.0 25.85418504680746 22.99218104980181
524.5 25.85740075443733 22.993126169263626
525.0 25.860632092389988 22.99406483844621
525.5 25.863828217475422 22.99500520481198
526.0 25.867127349649913 22.99594378746682
526.5 25.87026930068786 22.996877281146798
527.0 25.873554081125107 22.99780966149862
527.5 25.87675993336515 22.99875346919718
528.0 25.879959108056045 22.999672401309383
528.5 25.88320634395801 23.000613416186102
529.0 25.886402681270113 23.001549754155523
529.5 25.88965779780571 23.002468422700026
530.0 25.892880493423384 23.003403948644184
530.5 25.896101091528273 23.0043174989297
531.0 25.89931158560834 23.00524571962065
531.5 25.902510256904318 23.006169467543064
532.0 25.90573507994352 23.00709209254636
532.5 25.908946539218075 23.00801547928744
533.0 25.912168168640317 23.00893375969739
533.5 25.915401939326188 23.009845954622207
534.0 25.91859012411016 23.010770602356505
534.5 25.921813773373025 23.011687746993623
535.0 25.925024837880212 23.012609796159165
535.5 25.928244868705832 23.0135174011237
536.0 25.931465166722543 23.014436097799145
536.5 25.934653940730378 23.015347602583187
537.0 25.937846240985827 23.01626833311285
537.5 25.94104656118255 23.017166580478673
538.0 25.944222876825272 23.018086661680783
538.5 25.947409111055077 23.019006751259532
539.0 25.95061091367524 23.01991109342385
539.5 25.95384915823098 23.020823525113947
540.0 25.957005667880875 23.021738442362505
540.5 25.96020310429346 23.022647175130246
541.0 25.963385773203633 23.023559414708057
541.5 25.966606989117395 23.024471727751077
542.0 25.969745978272627 23.025389892644736
542.5 25.972924129216008 23.026286060698233
543.0 25.976108490195 23.02720084232018
543.5 25.979277448417193 23.028121199713397
544.0 25.98245950049928 23.02903106968543
544.5 25.98559027981584 23.02993867123748
545.0 25.988761178438324 23.030850232363736
545.5 25.991939260241047 23.03176013809127
546.0 25.995093475211576 23.032676599438417
546.5 25.99825101385568 23.033584014105916
547.0 26.00143422877659 23.034506085062247
547.5 26.00459277706676 23.035426349297367
548.0 26.007702125635088 23.036339710089617
548.5 26.01086539712059 23.03725291045575
549.0 26.014014360095853 23.03816083376261
549.5 26.017109638131544 23.03908874542902
550.0 26.020240988384238 23.04000808381484
550.5 26.023380516548357 23.040935205512767
551.0 26.02651459152653 23.04185395494138
551.5 26.02961541144639 23.04277123977682
552.0 26.032725391818023 23.04369643971983
552.5 26.035871592356724 23.044621213945717
553.0 26.038981051248875 23.0455452092367
553.5 26.04204075736256 23.046473752058358
554.0 26.045148103962283 23.047393104882325
554.5 26.048239995107107 23.048326601660854
555.0 26.05132888865045 23.04925900040075
555.5 26.05439766048967 23.05019561971023
556.0 26.057480260281917 23.05112761506595
556.5 26.060580437206443 23.052061038215953
557.0 26.06362896040889 23.05299552276688
557.5 26.06672750583835 23.05394161553306
558.0 26.069790753134395 23.054876193152403
558.5 26.072824695138607 23.055812456678545
559.0 26.07587482608593 23.05675061671332
559.5 26.07891957598782 23.057687320948016
560.0 26.081981902074695 23.058630999080503
560.5 26.085032645813214 23.059564924982517
561.0 26.088085167122106 23.060504245698034
561.5 26.091112428832943 23.061448391913864
562.0 26.094157745823765 23.062386246367083
562.5 26.097169327001648 23.063326069298302
563.0 26.100178072239522 23.064265373502664
563.5 26.103216190147542 23.065205024098102
564.0 26.106194152674306 23.066145299270744
564.5 26.109216307497142 23.067086210226577
565.0 26.11222482657905 23.06801942368775
565.5 26.115220630391093 23.068963820655036
566.0 26.118191657261395 23.06990935189244
566.5 26.121148498668557 23.070851011067255
567.0 26.124136201371936 23.071791368018616
567.5 26.127137919343827 23.07273861945721
568.0 26.13011967008109 23.07367602890871
568.5 26.133051552797227 23.07461890340804
569.0 26.13605565780078 23.075557607444274
569.5 26.138966044677304 23.07651327755491
570.0 26.141909030426383 23.077462433468988
570.5 26.14484233498695 23.07838838371509
571.0 26.147770910756876 23.079336731667254
571.5 26.150719219152908 23.080281377856515
572.0 26.15363672594831 23.081236356860487
572.5 26.156567749401813 23.08218774107296
573.0 26.159469153954458 23.083133534150633
573.5 26.162368604846236 23.0840803600768
574.0 26.165220787241314 23.085026460207402
574.5 26.16814414214453 23.085974170949008
575.0 26.171013891753656 23.086924211958944
575.5 26.17385810577662 23.087876023225014
576.0 26.17676981366404 23.088831241460895
576.5 26.179645495866094 23.089774869307004
577.0 26.18246482079456 23.09072660638698
577.5 26.18526714031043 23.091674953131793
578.0 26.18813340413155 23.09263497362588
578.5 26.190963262899082 23.093587101526737
579.0 26.193759404980653 23.0945435725031
579.5 26.196590674736445 23.095483742879694
580.0 26.19936680053534 23.096451555752168
580.5 26.20215341492356 23.097404259070192
581.0 26.204951497826322 23.09836755219775
581.5 26.207721094128026 23.099319330532385
582.0 26.21047583581141 23.100273845730865
582.5 26.213234724521335 23.101236509178303
583.0 26.21596919474916 23.1021990344652
583.5 26.2187158903938 23.103169340936944
584.0 26.221457384169792 23.104123664893002
584.5 26.22413663329916 23.105088343703567
585.0 26.22690743221115 23.10604797238748
585.5 26.229564972767218 23.106999682481238
586.0 26.232284877027826 23.107975345766928
586.5 26.23495160502662 23.108938938082133
587.0 26.23761741209092 23.10990512104178
587.5 26.240242490816016 23.110873363732473
588.0 26.242948210459403 23.111849350628862
588.5 26.245537416393496 23.11281061468945
589.0 26.248170644493346 23.113781296098615
589.5 26.250787629951038 23.11475789224596
590.0 26.25340021326995 23.1157402625303
590.5 26.25602019009917 23.116705552978605
591.0 26.25859920108161 23.117671097990716
591.5 26.26117966253123 23.11865355653216
592.0 26.263729395460803 23.11963229546202
592.5 26.266275924081608 23.120611806746844
593.0 26.26880563168049 23.121592306114053
593.5 26.271357451376424 23.122563114356318
594.0 26.27387229989629 23.12354319390026
594.5 26.276362529112063 23.124533506670506
595.0 26.278899381436368 23.125508986068247
595.5 26.281346675874847 23.12649159452581
596.0 26.283845567218712 23.127474439205017
596.5 26.286308835326647 23.12845889451161
597.0 26.28874603990518 23.129434750902288
597.5 26.291203100520434 23.130421664609678
598.0 26.29359437755342 23.1314148031443
598.5 26.296006653126135 23.13239453165975
599.0 26.298448800909966 23.133381865402267
599.5 26.300848368548387 23.134379954664425
600.0 26.303238485047153 23.135357941832268
600.5 26.305619394044307 23.136359432284294
601.0 26.307998120648453 23.13734550168324
601.5 26.31036367841263 23.13833388501221
602.0 26.312704388379217 23.13932624332367
602.5 26.315008416242627 23.140311161658815
603.0 26.317328938667806 23.141311042322048
