FastTrWP/PhaseSpace/IAs/snIa_0.32_30.00_1.56_-0.01.csv
# %ECSV 0.9
# ---
# datatype:
# - {name: time-rel, datatype: float64}
# - {name: g, datatype: float64}
# - {name: i, datatype: float64}
# schema: astropy-2.0
time-rel g i
[from data line 575]
437.3541666666667 23.016852020069688 22.98754314484603
437.8541666666667 23.014751981862492 22.985538994357952
438.35416666666663 23.01265847776541 22.983547602918538
438.8541666666667 23.010587936456318 22.98155927308136
439.3541666666667 23.008518113755954 22.979573945409044
439.85416666666663 23.006454824994876 22.97761367672169
440.3541666666667 23.00441047323809 22.97564429027057
440.8541666666667 23.002373736263205 22.97368419211879
441.35416666666663 23.000343962910115 22.97173561637129
441.8541666666667 22.998321169172996 22.96978778027281
442.3541666666667 22.996314653361523 22.96785113301754
442.85416666666663 22.994282275754042 22.965912421524344
443.3541666666667 22.992286867785225 22.96397484411614
443.8541666666667 22.99028271930364 22.96204640463167
444.35416666666663 22.988285268955877 22.960127478938738
444.8541666666667 22.986311140727018 22.95821899399447
445.3541666666667 22.98432376049233 22.95629818396716
445.85416666666663 22.982343580369083 22.954390054968226
446.3541666666667 22.98037199736384 22.95248298996387
446.8541666666667 22.97840537414836 22.95058950748642
447.35416666666663 22.976455033753716 22.948690713236267
447.8541666666667 22.974510028286804 22.94679829504989
448.3541666666667 22.972566914320396 22.94491497614934
448.85416666666663 22.970630916251462 22.9430306386856
449.3541666666667 22.968694979385273 22.941164674571375
449.8541666666667 22.966779575069452 22.939295472079127
450.35416666666663 22.964862068941056 22.937427236499794
450.8541666666667 22.96295737556164 22.935572813924146
451.3541666666667 22.961049712333942 22.933727176281682
451.85416666666663 22.95915371703597 22.931864867893466
452.3541666666667 22.95727130324873 22.930028806029533
452.8541666666667 22.955392288637675 22.928194986210237
453.35416666666663 22.953523356618675 22.926359143482948
453.8541666666667 22.951645946526842 22.92452795792294
454.3541666666667 22.94980017374254 22.922710522082767
454.85416666666663 22.947945363253638 22.920900274992213
455.3541666666667 22.946096970337962 22.919086005738222
455.8541666666667 22.944259200659666 22.917286740245856
456.35416666666663 22.942440711073708 22.915486603443952
456.8541666666667 22.94062604442984 22.913695198346836
457.3541666666667 22.93880522679323 22.91190603758689
457.85416666666663 22.937008594654806 22.910132499390162
458.3541666666667 22.935219726333894 22.908358972222093
458.8541666666667 22.93342685484424 22.906577126178963
459.35416666666663 22.931664296459427 22.90482321510542
459.8541666666667 22.929881425106473 22.90306658768861
460.3541666666667 22.928130327923945 22.901324379782793
460.85416666666663 22.926375765507082 22.899574174853253
461.3541666666667 22.924631475599565 22.897832602321987
461.8541666666667 22.92289371016219 22.896099948740375
462.35416666666663 22.92116510047528 22.894381233174638
462.8541666666667 22.919451328917127 22.89267039878469
463.3541666666667 22.91774246431235 22.890949005993768
463.85416666666663 22.91604796221076 22.889240497239168
464.3541666666667 22.914349336011046 22.887546862863083
464.8541666666667 22.912666355871334 22.885855255235676
465.35416666666663 22.91099772194288 22.884168529189388
465.8541666666667 22.909332142287532 22.882489349704258
466.3541666666667 22.907683714123802 22.880816271427808
466.85416666666663 22.906033357243704 22.879143771569346
467.3541666666667 22.904401200996297 22.877492177332282
467.8541666666667 22.902777714648614 22.87583908426464
468.35416666666663 22.901155032089477 22.874189515578248
468.8541666666667 22.89954941095935 22.872548087533264
469.3541666666667 22.897960487542306 22.87091974080996
469.85416666666663 22.896364392832144 22.86928893709284
470.3541666666667 22.89478713823179 22.867672511036336
470.8541666666667 22.89322220475583 22.86606968309542
471.35416666666663 22.891667370354895 22.86446183845698
471.8541666666667 22.89011627536985 22.862858463286877
472.3541666666667 22.888576344474068 22.8612716940982
472.85416666666663 22.887051920120292 22.859684195097984
473.3541666666667 22.885526533289656 22.85810903414648
473.8541666666667 22.884003339309622 22.85653748370308
474.35416666666663 22.882502704363823 22.854972157828982
474.8541666666667 22.881000034179234 22.853403191522034
475.3541666666667 22.879500462516464 22.851849764126108
475.85416666666663 22.87802577177624 22.850291690226268
476.3541666666667 22.87654227024675 22.84875473907309
476.8541666666667 22.875076127509857 22.847204208250503
477.35416666666663 22.873611097375473 22.84567978464039
477.8541666666667 22.872151437898776 22.8441367989564
478.3541666666667 22.870698864757063 22.842620478606502
478.85416666666663 22.869257342399187 22.84110416781079
479.3541666666667 22.867827742671963 22.83958617187021
479.8541666666667 22.866399743418718 22.838080366888093
480.35416666666663 22.864978025307224 22.83657751530635
480.8541666666667 22.863563742927905 22.83507803164131
481.3541666666667 22.86215494481308 22.83357802919527
481.85416666666663 22.86076437825786 22.83210198000148
482.3541666666667 22.859387364601474 22.830609995394582
482.8541666666667 22.857992591406926 22.829137574104422
483.35416666666663 22.856616463023947 22.82766283099658
483.8541666666667 22.855242484459176 22.826196865334666
484.3541666666667 22.85388236487611 22.82474115105872
484.85416666666663 22.852532071380665 22.82329082232011
485.3541666666667 22.851196666090964 22.82183824100685
485.8541666666667 22.84984365224918 22.820385598171512
486.3541666666667 22.84851372811986 22.818952970182146
486.8541666666667 22.847195763387276 22.81751771359361
487.3541666666667 22.845879386835215 22.816084594114102
487.8541666666667 22.844567687803096 22.814660387742425
488.3541666666667 22.84327652938165 22.813247664214373
488.8541666666667 22.84196888078135 22.811837826612397
489.3541666666667 22.84068116357198 22.810427608616454
489.8541666666667 22.83940444373991 22.809016897793413
490.3541666666667 22.83812282341934 22.807628072590514
490.8541666666667 22.836856570660697 22.8062367391678
491.3541666666667 22.835599348570888 22.804846767519933
491.8541666666667 22.83435694870709 22.803462234393738
492.3541666666667 22.8331130326073 22.80208913684346
492.8541666666667 22.83187202234208 22.800722404358254
493.3541666666667 22.83064472441154 22.79935405618573
493.8541666666667 22.82942834104093 22.797988311987943
494.3541666666667 22.82820913801317 22.796639009851848
494.8541666666667 22.827011836688634 22.795291987616785
495.3541666666667 22.825803926151163 22.79395147947794
495.8541666666667 22.824615882425384 22.792608593661747
496.3541666666667 22.82343532071372 22.791265308082775
496.8541666666667 22.822250047454055 22.78993549300793
497.3541666666667 22.821083459171966 22.788617025731615
497.8541666666667 22.819924815230735 22.78729862373571
498.3541666666667 22.818770921133783 22.78598468958463
498.8541666666667 22.81760960517485 22.784676490116958
499.3541666666667 22.816482319742445 22.783373993089263
499.8541666666667 22.815358276309304 22.78206934276963
500.3541666666667 22.814220516200983 22.780780925824967
500.8541666666667 22.81310772275448 22.779499155598586
501.3541666666667 22.8119977312006 22.778205290039644
501.8541666666667 22.810888589367913 22.77693728704989
502.3541666666667 22.809797657724296 22.775663774133783
502.8541666666667 22.80871668644096 22.77439938365643
503.3541666666667 22.807631456598184 22.773135621015502
503.8541666666667 22.806558512327484 22.771877257138765
504.3541666666667 22.80549207929151 22.770621740242426
504.8541666666667 22.804431787915473 22.769380746932235
505.3541666666667 22.80337881960811 22.76814583941643
505.8541666666667 22.802338072756886 22.76690295814005
506.3541666666667 22.801291308034063 22.76566962161923
506.8541666666667 22.80026138174032 22.76444707249334
507.3541666666667 22.799221492826142 22.763214004841075
507.8541666666667 22.798206987381597 22.76199561254636
508.3541666666667 22.797195120975932 22.76078011243506
508.8541666666667 22.79618469363806 22.75957352474716
509.3541666666667 22.795176070226333 22.758361850903945
509.8541666666667 22.79418171069463 22.757170322930357
510.3541666666667 22.793190134394262 22.755966297417892
510.8541666666667 22.792209623479383 22.75477459902415
511.3541666666667 22.791232716917506 22.753587549607523
511.8541666666667 22.790255686009356 22.75240078706662
512.3541666666666 22.78929785624718 22.751222326035094
512.8541666666666 22.788335910217704 22.75004558483139
513.3541666666666 22.787382004649107 22.748887804199857
513.8541666666666 22.786436970948827 22.74771290487483
514.3541666666666 22.785490337620764 22.74654971474231
514.8541666666666 22.784569053662448 22.74539169209885
515.3541666666666 22.783637492964687 22.744248710553844
515.8541666666666 22.782728217310336 22.7430992649021
516.3541666666666 22.781802882950075 22.74195200961056
516.8541666666666 22.780909901791798 22.740815688362474
517.3541666666666 22.78000488703728 22.73969026341785
517.8541666666666 22.779118998186586 22.73855895100325
518.3541666666666 22.778237279939283 22.7374297951784
518.8541666666666 22.777341503842614 22.73632007837545
519.3541666666666 22.776480836429307 22.735212128836224
519.8541666666666 22.77560730657467 22.734087571906365
520.3541666666666 22.774756232219996 22.732990076192117
520.8541666666666 22.773904940165846 22.731883073829803
521.3541666666666 22.773059393393503 22.730795369938516
521.8541666666666 22.772223132396732 22.729697632834846
522.3541666666666 22.77138960805337 22.728614255144816
522.8541666666666 22.77056467859373 22.72753247561782
523.3541666666666 22.76974670426819 22.726456093704325
523.8541666666666 22.76893880969016 22.72537808027066
524.3541666666666 22.768132510123593 22.724311500313643
524.8541666666666 22.767336436014872 22.723250855116973
525.3541666666666 22.76654723290499 22.722193376530466
525.8541666666666 22.765763509180445 22.7211449099857
526.3541666666666 22.76498477907145 22.720093839845376
526.8541666666666 22.764211990555513 22.719054651304383
527.3541666666666 22.76346261156663 22.71801213650427
527.8541666666666 22.762704052549378 22.716981187973886
528.3541666666666 22.761959676857487 22.7159517968172
528.8541666666666 22.76120947271762 22.714923712614684
529.3541666666666 22.76048050711621 22.713905538412504
529.8541666666666 22.75974525186717 22.712897124411477
530.3541666666666 22.759031400744046 22.711880837925126
530.8541666666666 22.75831132345924 22.710877813966235
531.3541666666666 22.757614796043892 22.709877433169584
531.8541666666666 22.756912072826594 22.70887431536355
532.3541666666666 22.75623032166878 22.707890438439332
532.8541666666666 22.755541707540488 22.70690381966549
533.3541666666666 22.754865403189623 22.70592248048725
533.8541666666666 22.754204577939912 22.704944925696296
534.3541666666666 22.753541817598958 22.703978066709997
534.8541666666666 22.752888179085602 22.70301038886382
535.3541666666666 22.752240480242925 22.702050749787865
535.8541666666666 22.751597190168816 22.70109153110416
536.3541666666666 22.750968467210644 22.700142275395375
536.8541666666666 22.750348213841363 22.699197830739234
537.3541666666666 22.749724017559174 22.698255297609045
537.8541666666666 22.749121061249582 22.697315858032226
538.3541666666666 22.748515078130044 22.69638401921412
538.8541666666666 22.74792146034052 22.69545889974552
539.3541666666666 22.74732956344717 22.694539143231957
539.8541666666666 22.746753071640477 22.693622845079403
540.3541666666666 22.746183136110485 22.692705596591267
540.8541666666666 22.745614352549147 22.69179887268595
541.3541666666666 22.745055443113152 22.690901124488025
541.8541666666666 22.74450683703764 22.69000715274416
542.3541666666666 22.743963546409887 22.689104390467417
542.8541666666666 22.743424987673173 22.688218982956023
543.3541666666666 22.74289484079305 22.687329706743334
543.8541666666666 22.742375667114096 22.686443345577697
544.3541666666666 22.741849468683743 22.6855695213465
544.8541666666666 22.741341870488284 22.684707453593084
545.3541666666666 22.740834739346912 22.683840430001236
545.8541666666666 22.740330833569786 22.682973016587784
546.3541666666666 22.739849979702367 22.68211840273599
546.8541666666666 22.73936571781398 22.68125981755558
547.3541666666666 22.738892835965512 22.680412949516292
547.8541666666666 22.738407688650064 22.679561131277886
548.3541666666666 22.73794941075858 22.678722683966612
548.8541666666666 22.73748861549358 22.677890383554377
549.3541666666666 22.73703173077255 22.677046462616474
549.8541666666666 22.736586282669823 22.676225321820105
550.3541666666666 22.736136335585073 22.675393740065676
550.8541666666666 22.735708887277816 22.674570900076425
551.3541666666666 22.7352784734385 22.673757300508065
551.8541666666666 22.73485390433192 22.6729419789705
552.3541666666666 22.7344356451841 22.672131372258878
552.8541666666666 22.734021352929066 22.671328023766037
553.3541666666666 22.73362158446361 22.670522508004648
553.8541666666666 22.73321852379913 22.669725666308796
554.3541666666666 22.73282212707873 22.668921086922353
554.8541666666666 22.73243296616628 22.668144275794752
555.3541666666666 22.732053438142646 22.66735569223436
555.8541666666666 22.731670502547374 22.666567301503918
556.3541666666666 22.731300389517756 22.665786823789063
556.8541666666666 22.730932524906365 22.665010332961394
557.3541666666666 22.730573690537092 22.664243511987763
557.8541666666666 22.730213066544547 22.66347110188539
558.3541666666666 22.729864121167452 22.662708744864943
558.8541666666666 22.72951940184202 22.661944625724637
559.3541666666666 22.729167835877714 22.661182280222913
559.8541666666666 22.728836680285056 22.660424378748093
560.3541666666666 22.728508801465953 22.659677659955136
560.8541666666666 22.728178641349057 22.6589224819363
561.3541666666666 22.72785334223928 22.658178105220266
561.8541666666666 22.727540215729697 22.657442153402748
562.3541666666666 22.7272247432288 22.65669454335916
562.8541666666666 22.726921202414236 22.65595635657302
563.3541666666666 22.72661192006518 22.65523748776124
563.8541666666666 22.72632627375372 22.65450164835657
564.3541666666666 22.72602363399788 22.653777561638133
564.8541666666666 22.725740446867615 22.653050775277613
565.3541666666666 22.725455642984787 22.652328550239893
565.8541666666666 22.72517349826571 22.65161449128339
566.3541666666666 22.724901035248145 22.65090598293603
566.8541666666666 22.724625933576274 22.650184172786496
567.3541666666666 22.724365755793553 22.649483307698162
567.8541666666666 22.724096874521234 22.648774922691274
568.3541666666666 22.723852883291112 22.648078494475136
568.8541666666666 22.723597972150138 22.647380051864765
569.3541666666666 22.723372478448688 22.646686597017784
569.8541666666666 22.723136517349033 22.646003479103875
570.3541666666666 22.722918737192167 22.645321388581422
570.8541666666666 22.722695740320876 22.644642177277056
571.3541666666666 22.722488288715287 22.643968516985396
571.8541666666666 22.722281938042386 22.64330678608552
572.3541666666666 22.72208654814012 22.642642503596623
572.8541666666666 22.72189509188066 22.641975498043337
573.3541666666666 22.72171304743749 22.641316580647633
573.8541666666666 22.721525850207165 22.640666561991942
574.3541666666666 22.721363191353774 22.640013028388324
574.8541666666666 22.72119323646406 22.639366766818284
575.3541666666666 22.721032909729317 22.638727292928323
575.8541666666666 22.720878131796027 22.63809093800136
576.3541666666666 22.720729317310727 22.637457636260102
576.8541666666666 22.720583940744294 22.636817900785232
577.3541666666666 22.720445392120652 22.636194791712583
577.8541666666666 22.720322828437304 22.63556320147298
578.3541666666666 22.720194727238436 22.634945027645912
578.8541666666666 22.72007237809732 22.63433534466528
579.3541666666666 22.71995582340997 22.633714689223325
579.8541666666666 22.719840365199953 22.633103351064893
580.3541666666666 22.71973083525456 22.6324928531872
580.8541666666666 22.71962896600366 22.631885448698625
