FastTrWP/PhaseSpace/IAs/snIa_0.37_30.00_-1.06_0.06.csv
# %ECSV 0.9
# ---
# datatype:
# - {name: time-rel, datatype: float64}
# - {name: g, datatype: float64}
# - {name: i, datatype: float64}
# schema: astropy-2.0
time-rel g i
[from data line 2017]
1239.2708333333333 25.144296413983493 23.137576188288804
1239.7708333333333 25.146235842741866 23.138252851949474
1240.2708333333333 25.148179365516082 23.138930945902935
1240.7708333333333 25.15013182784793 23.139602519190507
1241.2708333333333 25.152063957915402 23.140292930357834
1241.7708333333333 25.154011624821813 23.140965261851566
1242.2708333333333 25.15593064762897 23.141650090636467
1242.7708333333333 25.157866254206755 23.14232640249309
1243.2708333333333 25.159829305564433 23.14300694964473
1243.7708333333333 25.161746949177406 23.14368342758431
1244.2708333333333 25.163703384294777 23.144360595233376
1244.7708333333333 25.165609282023805 23.14504774099035
1245.2708333333333 25.167533301496068 23.145729022572056
1245.7708333333333 25.169459716902672 23.146402261564848
1246.2708333333333 25.171387417679828 23.147081067553657
1246.7708333333333 25.173330394949012 23.147767846989588
1247.2708333333333 25.175262493941652 23.148443876535705
1247.7708333333333 25.17716689444741 23.1491276150781
1248.2708333333333 25.179109887000088 23.149816834692928
1248.7708333333333 25.18102874604624 23.15049738002843
1249.2708333333333 25.182961231284715 23.15117864664089
1249.7708333333333 25.184904487827705 23.151859273839214
1250.2708333333333 25.18682119473954 23.152550084453473
1250.7708333333333 25.18874256368168 23.15322504443417
1251.2708333333333 25.190697779564047 23.15391036166723
1251.7708333333333 25.192624446670116 23.154599583289034
1252.2708333333333 25.194581935778867 23.155302430141052
1252.7708333333333 25.196508697259038 23.155983357665797
1253.2708333333333 25.19845719432308 23.15666983459918
1253.7708333333333 25.200394665750817 23.15735901729852
1254.2708333333333 25.202331157143764 23.15805331697417
1254.7708333333333 25.204256045570943 23.158747787439577
1255.2708333333333 25.20618919856171 23.159420675853355
1255.7708333333333 25.208114214367534 23.160109814643942
1256.2708333333333 25.210010357335555 23.160805742912807
1256.7708333333333 25.2119339243538 23.161485798116118
1257.2708333333333 25.213822976900442 23.16217371621729
1257.7708333333333 25.215735422269017 23.162852787565757
1258.2708333333333 25.217634408960446 23.163536647405188
1258.7708333333333 25.219534452987048 23.164226153043124
1259.2708333333333 25.221410122145862 23.16490688716334
1259.7708333333333 25.22331627395427 23.16558967003262
1260.2708333333333 25.2251929615733 23.16627494259024
1260.7708333333333 25.22709385308811 23.16695954091753
1261.2708333333333 25.22896693549262 23.167646013856107
1261.7708333333333 25.230831530429928 23.168317439567335
1262.2708333333333 25.232688951751676 23.169006243398638
1262.7708333333333 25.234545390140752 23.16968684231864
1263.2708333333333 25.236424778677552 23.170369560953215
1263.7708333333333 25.23828067758208 23.171053669413325
1264.2708333333333 25.240140238251726 23.171729365925028
1264.7708333333333 25.24202616317263 23.17241092476337
1265.2708333333333 25.24383764166524 23.173104709463587
1265.7708333333333 25.245719025112816 23.173775004859515
1266.2708333333333 25.24757097066873 23.17446865144829
1266.7708333333333 25.249404650478425 23.17514217874659
1267.2708333333333 25.251275870665573 23.175832678101692
1267.7708333333333 25.253091883695372 23.17651018254418
1268.2708333333333 25.254936042583477 23.177185941426007
1268.7708333333333 25.25680119323927 23.17787014548092
1269.2708333333333 25.25861324137564 23.178554079950622
1269.7708333333333 25.260489740007074 23.179235679440996
1270.2708333333333 25.262302744031892 23.179924210737237
1270.7708333333333 25.264158502897864 23.180613202745413
1271.2708333333333 25.265990626752878 23.181287049105364
1271.7708333333333 25.267821331762775 23.181974356532663
1272.2708333333333 25.269667653678532 23.182659306103197
1272.7708333333333 25.27148460614764 23.183336946704962
1273.2708333333333 25.27332176184666 23.18402397021604
1273.7708333333333 25.275176798936915 23.184715924598706
1274.2708333333333 25.276978420108595 23.18540337112235
1274.7708333333333 25.27885054564621 23.18609251812791
1275.2708333333333 25.280654744768924 23.18677893969837
1275.7708333333333 25.28250967772888 23.18747476743762
1276.2708333333333 25.284337069684703 23.188156502099986
1276.7708333333333 25.286183876908588 23.18885002407418
1277.2708333333333 25.28804396798082 23.189530334066234
1277.7708333333333 25.289863559726893 23.190231400206027
1278.2708333333333 25.29172970460924 23.190933364081214
1278.7708333333333 25.293538554420685 23.19161814602227
1279.2708333333333 25.295378846328887 23.192316559837472
1279.7708333333333 25.29724583944394 23.19301797458725
1280.2708333333333 25.299099783561324 23.19370378449858
1280.7708333333333 25.300938059214033 23.1944041739558
1281.2708333333333 25.30280612328497 23.1951042432855
1281.7708333333333 25.30465428468098 23.195807094506034
1282.2708333333333 25.306530494800263 23.196502374078037
1282.7708333333333 25.308382418219352 23.197204837997575
1283.2708333333333 25.310243612252048 23.197910161591018
1283.7708333333333 25.31209393397034 23.19861502320616
1284.2708333333333 25.3139982889699 23.199315143832383
1284.7708333333333 25.315856158850835 23.200027665861562
1285.2708333333333 25.31773637581573 23.200731182579002
1285.7708333333333 25.319589078510965 23.201447951142256
1286.2708333333333 25.32149771586663 23.202147053414958
1286.7708333333333 25.323388172344927 23.20287014747194
1287.2708333333333 25.325266606569524 23.203571879351465
1287.7708333333333 25.327148625755548 23.204288240098208
1288.2708333333333 25.329035957508555 23.205011915263288
1288.7708333333333 25.330938693239116 23.205723723707248
1289.2708333333333 25.332820828464072 23.206435973168986
1289.7708333333333 25.334717234953523 23.207153604325093
1290.2708333333333 25.33664674957846 23.207874565616194
1290.7708333333333 25.33852089617354 23.208581082289975
1291.2708333333333 25.340400533096627 23.209313034419058
1291.7708333333333 25.342304281390952 23.210021020580083
1292.2708333333333 25.344198022374734 23.210750393355823
1292.7708333333333 25.346103401701527 23.211463125657936
1293.2708333333333 25.34799445837124 23.212189448847393
1293.7708333333333 25.34993110879573 23.212916861559094
1294.2708333333333 25.35177832777817 23.213638097954107
1294.7708333333333 25.353720231865058 23.214357344129226
1295.2708333333333 25.355606693141688 23.215085526018775
1295.7708333333333 25.35751295617246 23.21580417126274
1296.2708333333333 25.359404492462176 23.21654018302951
1296.7708333333333 25.36133124595557 23.217264424634337
1297.2708333333333 25.36320461221756 23.21799383915938
1297.7708333333333 25.365119830234747 23.21871990667927
1298.2708333333333 25.367025971141082 23.219453924600863
1298.7708333333333 25.368951236276285 23.220186463421104
1299.2708333333333 25.370840183648113 23.220915701914038
1299.7708333333333 25.37274683300349 23.221643287845325
1300.2708333333333 25.374667559423926 23.22237001184385
1300.7708333333333 25.376574168535058 23.22311535971952
1301.2708333333333 25.37847345845281 23.223846384426672
1301.7708333333333 25.380398803961526 23.224575813426863
1302.2708333333333 25.382300940154746 23.22530731098789
1302.7708333333333 25.384183491815225 23.226049104647323
1303.2708333333333 25.386097240697755 23.226788143389673
1303.7708333333333 25.38801754689429 23.22752552738908
1304.2708333333333 25.389903595245414 23.228264297201445
1304.7708333333333 25.391810875355354 23.228995096920997
1305.2708333333333 25.393748871171226 23.22973140614325
1305.7708333333333 25.39567844729561 23.23047364219503
1306.2708333333333 25.397583300674768 23.231213208851045
1306.7708333333333 25.399489646724973 23.23196512675367
1307.2708333333333 25.401378066600863 23.23269247391535
1307.7708333333333 25.403286463818926 23.23343605335257
1308.2708333333333 25.405222110174428 23.234174740746827
1308.7708333333333 25.407120982256632 23.234927742540084
1309.2708333333333 25.40904419321638 23.23566564731316
1309.7708333333333 25.410929881167487 23.23641646655279
1310.2708333333333 25.412820333332384 23.237158819269045
1310.7708333333333 25.414750693260256 23.237897927445267
1311.2708333333333 25.416687916879937 23.238652261888188
1311.7708333333333 25.418599790061037 23.239396102673908
1312.2708333333333 25.42048764713547 23.24014246280875
1312.7708333333333 25.422405096033806 23.240887270073408
1313.2708333333333 25.424321338965417 23.241641182697595
1313.7708333333333 25.426238308537364 23.242381189735415
1314.2708333333333 25.428125298399262 23.243142046968313
1314.7708333333333 25.43006640291258 23.243879409397184
1315.2708333333333 25.431921798730993 23.244644864466323
1315.7708333333333 25.433868893355474 23.245390524452848
1316.2708333333333 25.435785542751997 23.246141533678383
1316.7708333333333 25.43766210667647 23.246887513480665
1317.2708333333333 25.439554941849877 23.24764265286989
1317.7708333333333 25.441467143994192 23.24840248039827
1318.2708333333333 25.443392746843475 23.249148619792198
1318.7708333333333 25.445291454404785 23.249911548257604
1319.2708333333333 25.447218612854353 23.250664509769052
1319.7708333333333 25.449095416589273 23.2514192494234
1320.2708333333333 25.451003194338796 23.252176295801124
1320.7708333333333 25.452898155145597 23.252927747315923
1321.2708333333333 25.454815116697066 23.253693042790363
1321.7708333333333 25.45671822874023 23.25444188730725
1322.2708333333333 25.45861414006479 23.2552108968725
1322.7708333333333 25.460547665232948 23.255963239745704
1323.2708333333333 25.462459190807092 23.256731515767555
1323.7708333333333 25.464344435969824 23.257499311560444
1324.2708333333333 25.466232428142227 23.258250736125937
1324.7708333333333 25.46812708369042 23.259012362938165
1325.2708333333333 25.470041605537624 23.259765537984073
1325.7708333333333 25.471969636306945 23.26054636819204
1326.2708333333333 25.473888144340396 23.261314879322583
1326.7708333333333 25.47577740840761 23.262075783154085
1327.2708333333333 25.47766976704377 23.262832824521325
1327.7708333333333 25.47957959325276 23.263611230028623
1328.2708333333333 25.481487998917093 23.264375380441805
1328.7708333333333 25.483378739628687 23.265145114100893
1329.2708333333333 25.48530134798922 23.265909243983995
1329.7708333333333 25.487169236866265 23.26667736898687
1330.2708333333333 25.489093916098202 23.267447604414958
1330.7708333333333 25.491008696860504 23.268221227550605
1331.2708333333333 25.492925902433687 23.26899709789818
1331.7708333333333 25.494819810100367 23.26976481715952
1332.2708333333333 25.496730376409257 23.270536133238352
1332.7708333333333 25.498632916772507 23.271314690495885
1333.2708333333333 25.500526551982624 23.272090865086454
1333.7708333333333 25.50240625389934 23.272854208509678
1334.2708333333333 25.504325634476196 23.27363429792411
1334.7708333333333 25.506240907578395 23.27441079283681
1335.2708333333333 25.508113715029967 23.275193352856366
1335.7708333333333 25.510001819495038 23.275965103637336
1336.2708333333333 25.51190929620565 23.27674012035778
1336.7708333333333 25.513829904487793 23.277519470488418
1337.2708333333333 25.515701739138336 23.27829824609705
1337.7708333333333 25.517611783265334 23.279077937697245
1338.2708333333333 25.519505602202383 23.27986405252176
1338.7708333333333 25.52139011935802 23.280641455332884
1339.2708333333333 25.52329210407402 23.281421963864737
1339.7708333333333 25.525165352835266 23.282210332240968
1340.2708333333333 25.527062305669283 23.282978346148816
1340.7708333333333 25.5289910456842 23.283764479718165
1341.2708333333333 25.53086208771724 23.284550036468907
1341.7708333333333 25.532738525935134 23.285337656404597
1342.2708333333333 25.534610936402885 23.286131367362508
1342.7708333333333 25.53651647259926 23.28689985362584
1343.2708333333333 25.53838736027973 23.287687429846386
1343.7708333333333 25.540287883263876 23.288469811408255
1344.2708333333333 25.542163916989225 23.28926213916402
1344.7708333333333 25.54405122986115 23.290052165235494
1345.2708333333333 25.545943639691572 23.290831707767502
1345.7708333333333 25.547837206051376 23.291619070685726
1346.2708333333333 25.549713552720334 23.292413049444257
1346.7708333333333 25.55160536619193 23.293195266828267
1347.2708333333333 25.5534747818761 23.293989880896557
1347.7708333333333 25.555348677212912 23.294771028394827
1348.2708333333333 25.557229647343796 23.295554869659362
1348.7708333333333 25.55910222187975 23.296350168699412
1349.2708333333333 25.560993096245014 23.29713871220697
1349.7708333333333 25.56286096540003 23.29793274988348
1350.2708333333333 25.564727072356188 23.298731685619206
1350.7708333333333 25.566591812876823 23.29951973436235
1351.2708333333333 25.56842697688886 23.300312505696034
1351.7708333333333 25.570325625789252 23.301095847335986
1352.2708333333333 25.572188940106475 23.30190054369538
1352.7708333333333 25.574043845352982 23.3026796741446
1353.2708333333333 25.575895360896265 23.303476689341693
1353.7708333333333 25.57778464343383 23.30427514990316
1354.2708333333333 25.579587117909345 23.305071193473722
1354.7708333333333 25.581506736531374 23.305868546418864
1355.2708333333333 25.58338473622416 23.30664558906125
1355.7708333333333 25.5851825095603 23.307449519014956
1356.2708333333333 25.587048427269696 23.308244036239962
1356.7708333333333 25.58890797442721 23.309044277118858
1357.2708333333333 25.59079067773865 23.309841037371957
1357.7708333333333 25.592631351617676 23.3106430244204
1358.2708333333333 25.59447290841671 23.311436215969984
1358.7708333333333 25.59632817182388 23.312236858658693
1359.2708333333333 25.59817566776855 23.313029905177856
1359.7708333333333 25.600015818124255 23.313832153849802
1360.2708333333333 25.601878780411454 23.314636933157097
1360.7708333333333 25.60371977114144 23.315426950660893
1361.2708333333333 25.605557923592528 23.316235348245268
1361.7708333333333 25.607417844032003 23.317029690353294
1362.2708333333333 25.60924932477708 23.317836316766485
1362.7708333333333 25.61108874561123 23.31863617979505
1363.2708333333333 25.61294112784767 23.31943775798085
1363.7708333333333 25.61478359261967 23.320246182142547
1364.2708333333333 25.616608087821877 23.321045136388868
1364.7708333333333 25.618420210739387 23.321847432110786
1365.2708333333333 25.620262008655285 23.32265407478082
1365.7708333333333 25.622086438130076 23.323455625050297
1366.2708333333333 25.623921988979845 23.32426779155609
1366.7708333333333 25.62574590966505 23.325070596425125
1367.2708333333333 25.62757123541863 23.32588150556269
1367.7708333333333 25.62938896663018 23.326685712404917
1368.2708333333333 25.63120912844562 23.32748392456174
1368.7708333333333 25.633034913564646 23.32830139065221
1369.2708333333333 25.63487198110222 23.32911777540054
1369.7708333333333 25.63668928706381 23.32992130771472
1370.2708333333333 25.63849496643954 23.330727836556125
1370.7708333333333 25.64031036071909 23.331548710860453
1371.2708333333333 25.642150074232394 23.332363418557556
1371.7708333333333 25.643955916659277 23.33316953301704
1372.2708333333333 25.645770868021014 23.33398706602007
1372.7708333333333 25.647588776621554 23.334797931786436
1373.2708333333333 25.64936047102357 23.335613953791473
1373.7708333333333 25.651189735789757 23.33642764588376
1374.2708333333333 25.652974141128574 23.337239061586065
1374.7708333333333 25.654799868969775 23.338057667606506
1375.2708333333333 25.656594243418333 23.338881900190774
1375.7708333333333 25.658404786822167 23.33970192449058
1376.2708333333333 25.66020066947122 23.340510393212483
1376.7708333333333 25.661982299633955 23.341334120547195
1377.2708333333333 25.663744178322588 23.342151355680496
1377.7708333333333 25.665552716202846 23.34296920491214
1378.2708333333333 25.667367920454538 23.343796236629828
1378.7708333333333 25.66915371607449 23.344613525593306
1379.2708333333333 25.670921928550268 23.34544072523647
1379.7708333333333 25.672703619843684 23.346267055801274
1380.2708333333333 25.674505311696713 23.34708936426003
