FastTrWP/PhaseSpace/IAs/snIa_0.34_30.00_-0.08_0.08.csv
# %ECSV 0.9
# ---
# datatype:
# - {name: time-rel, datatype: float64}
# - {name: g, datatype: float64}
# - {name: i, datatype: float64}
# schema: astropy-2.0
time-rel g i
[from data line 1369]
883.8749999999999 23.387082560164455 22.49436930639309
884.375 23.388513266341487 22.495079721496772
884.875 23.38994631602269 22.49579454796516
885.3749999999999 23.391402805778597 22.496509962976596
885.875 23.392835824943774 22.497233629920164
886.375 23.39426948044948 22.497953436443265
886.8749999999999 23.39571677491877 22.498685508545698
887.375 23.39716904054098 22.49941374652634
887.875 23.398616370104413 22.50014188082075
888.3749999999999 23.40005157432732 22.500882081346983
888.875 23.401517919623235 22.501620875672003
889.375 23.402969981783567 22.50235543778504
889.8749999999999 23.404417725583603 22.50310439488304
890.375 23.405869068545258 22.503849768808244
890.875 23.407339192568696 22.504589972113077
891.3749999999999 23.40878287286254 22.505346704393485
891.875 23.410241717421027 22.50609706205724
892.375 23.41170494965848 22.50685766743431
892.8749999999999 23.41315461392041 22.50761468690971
893.375 23.414630958161744 22.508378234214575
893.875 23.41608506827317 22.509141404172617
894.3749999999999 23.41754689057703 22.5099068037518
894.875 23.41902762096546 22.510684644080712
895.375 23.420474246448645 22.511451000867094
895.8749999999999 23.42195241197603 22.512231074499958
896.375 23.423427431936407 22.51300714091581
896.875 23.424898035210834 22.513791189620317
897.3749999999999 23.4263617749276 22.514573702065903
897.875 23.42784521722657 22.515358276241002
898.375 23.42932216112123 22.516152369373263
898.8749999999999 23.43080948601368 22.516942016722133
899.375 23.432287358872482 22.517733778143096
899.875 23.433767533459257 22.518529405604156
900.3749999999999 23.435241402826197 22.519333211257425
900.875 23.43672860377078 22.520131665395997
901.375 23.438215931565054 22.520935216272196
901.8749999999999 23.439698215989083 22.52174629133583
902.375 23.44118471481454 22.52255659498769
902.875 23.442685840179458 22.523370427108
903.3749999999999 23.444171580379184 22.524183500493002
903.875 23.44567186004657 22.52499828414647
904.375 23.44715796121924 22.5258209246332
904.8749999999999 23.448652442407575 22.52664853757636
905.375 23.450164304525476 22.527471688893105
905.875 23.45165386338546 22.52829904518181
906.3749999999999 23.453164792805033 22.529132984807333
906.875 23.454660072992684 22.529972940362217
907.375 23.45617028482127 22.530800583936454
907.8749999999999 23.457664764513716 22.531646079924535
908.375 23.45917258481704 22.532492782015034
908.875 23.460692762472803 22.533330273392515
909.3749999999999 23.462208904827435 22.53417701693803
909.875 23.46372279490336 22.535033912539614
910.375 23.465233059229472 22.535879673944873
910.8749999999999 23.466751728755145 22.536732024565286
911.375 23.4682712757321 22.53760046342193
911.875 23.469783269470057 22.53846198830018
912.3749999999999 23.47131076895806 22.53931468705382
912.875 23.47283014491549 22.540184449954577
913.375 23.474348952576385 22.54105011832637
913.8749999999999 23.475883829322044 22.541921514298167
914.375 23.477419258108476 22.542800233969245
914.875 23.47895711895278 22.543677686667717
915.3749999999999 23.48048859536999 22.544553358451523
915.875 23.482019699141475 22.545435341904657
916.375 23.483550087796964 22.54631652742633
916.8749999999999 23.485093033857144 22.54719817700316
917.375 23.4866283571736 22.54809671168809
917.875 23.488176743227026 22.548983629642073
918.3749999999999 23.48971840158559 22.54988447112079
918.875 23.491263559366743 22.550787430078287
919.375 23.492820179402067 22.551689712904516
919.8749999999999 23.49437406269129 22.55260417692158
920.375 23.49592803942233 22.55352367255783
920.875 23.49749243527732 22.554441906535104
921.3749999999999 23.49903553524615 22.555371435164687
921.875 23.500604496321937 22.556294571759693
922.375 23.502166485915247 22.55723323737426
922.8749999999999 23.503721703759773 22.558171583702425
923.375 23.505279997760226 22.559110348715244
923.875 23.506854630514766 22.560053447096276
924.3749999999999 23.50841890207213 22.561008312881516
924.875 23.510005321722435 22.56196469621047
925.375 23.51157479985353 22.56291319076316
925.8749999999999 23.513154970109333 22.563869003845664
926.375 23.514734473564364 22.564838285121667
926.875 23.516307483375193 22.56580087775372
927.3749999999999 23.51789277958212 22.56677285576599
927.875 23.51948251005829 22.567747748866797
928.375 23.521066917176118 22.568720890334006
928.8749999999999 23.52265939924163 22.569692487786888
929.375 23.52424880336775 22.57067924114044
929.875 23.52584755438507 22.571666399315042
930.3749999999999 23.527425979890015 22.572651715463977
930.875 23.529020907101263 22.573638788681038
931.375 23.530619393098448 22.57462914930755
931.8749999999999 23.532226570609463 22.57561877443163
932.375 23.533821105778326 22.576612569325448
932.875 23.535423333581576 22.577616681445814
933.3749999999999 23.537029790103983 22.57861368098566
933.875 23.538631778821028 22.579620136412917
934.375 23.540239070435348 22.58061996551703
934.8749999999999 23.541850033877108 22.581622551668605
935.375 23.543463636350644 22.582638049578563
935.875 23.54508716440624 22.583633037162375
936.3749999999999 23.54668856782006 22.58465292764882
936.875 23.54829551193266 22.585658767902256
937.375 23.54991377156559 22.586674307999633
937.8749999999999 23.551541983083236 22.587691874262564
938.375 23.55314694321487 22.58869920806163
938.875 23.554774274262158 22.58970896973015
939.3749999999999 23.556398054508204 22.59073108247676
939.875 23.558014165589615 22.5917425590864
940.375 23.55963590596073 22.592762983599425
940.8749999999999 23.56126343074328 22.593777340549007
941.375 23.56288705071581 22.59479108625216
941.875 23.56451520664134 22.59581512385298
942.3749999999999 23.566156378855098 22.59683373158508
942.875 23.567777287177556 22.597839017990623
943.375 23.56941222676156 22.598866562637312
943.8749999999999 23.571044869575957 22.59988080107826
944.375 23.57267960553477 22.600895287932275
944.875 23.57431658462866 22.601915504382365
945.3749999999999 23.575948671554976 22.602931419100308
945.875 23.577589368820156 22.60394283402206
946.375 23.57921809406011 22.60496044126452
946.8749999999999 23.580867514547663 22.60597177545884
947.375 23.582502981987233 22.60698976152073
947.875 23.584137498558107 22.607997555975547
948.3749999999999 23.58579662257793 22.609011263460445
948.875 23.587427633768435 22.61000880211249
949.375 23.589080861876678 22.611028962580455
949.8749999999999 23.590714347053407 22.6120372556273
950.375 23.592367064403994 22.613038366484126
950.875 23.59399774765169 22.614054703240885
951.3749999999999 23.595651684163983 22.615064212429733
951.875 23.597298300245747 22.616085441304588
952.375 23.598950631412443 22.61710524735253
952.8749999999999 23.600614239209527 22.61811656735963
953.375 23.602270396249164 22.61913555676736
953.875 23.603931500584096 22.620162185488702
954.3749999999999 23.605593215029778 22.621185140794395
954.875 23.607248193644025 22.62220663161967
955.375 23.60890279652636 22.623236789114394
955.8749999999999 23.610570519654207 22.6242605831226
956.375 23.61223564704443 22.625290991706347
956.875 23.613904126263456 22.626326350795324
957.3749999999999 23.615575577241543 22.627356285550263
957.875 23.617247484556337 22.628394401766066
958.375 23.618908323907306 22.62942519985987
958.8749999999999 23.620579606529542 22.63045562016503
959.375 23.622256285640905 22.63148921441396
959.875 23.623935871198263 22.632530703614595
960.3749999999999 23.625608652783235 22.633572138394094
960.875 23.62728626948828 22.634606654106424
961.375 23.628966305541816 22.635648725662012
961.8749999999999 23.63064532005491 22.636689496646568
962.375 23.63233108754292 22.637732101213203
962.875 23.634001116246807 22.638766717642337
963.3749999999999 23.635696233318644 22.639810364375414
963.875 23.637391191835995 22.64084897630785
964.375 23.639088252528502 22.641895421756963
964.8749999999999 23.64076854829069 22.642941126779554
965.375 23.642453450512647 22.64397942279419
965.875 23.6441467886737 22.645027153759226
966.3749999999999 23.645828360187366 22.646072135043557
966.875 23.647532204849526 22.64711501428367
967.375 23.649235370173404 22.64815520970959
967.8749999999999 23.65092251611147 22.64920405640376
968.375 23.65261710463365 22.65024176610812
968.875 23.65433063193602 22.65127922600807
969.3749999999999 23.656021076564137 22.652322370528797
969.875 23.657740196941653 22.65337403774541
970.375 23.659436921443348 22.654402683884143
970.8749999999999 23.661137651696215 22.655447463404165
971.375 23.662841704614088 22.65648382840673
971.875 23.664543348754627 22.657525195625755
972.3749999999999 23.66625403789726 22.65857054729629
972.875 23.667971507864515 22.65959612408588
973.375 23.6696833451998 22.660629375706634
973.8749999999999 23.671388680427732 22.661667719119187
974.375 23.673089922401758 22.66270806934182
974.875 23.6748233255503 22.66373797115228
975.3749999999999 23.67653045726724 22.664772661276025
975.875 23.678257348869003 22.66580094686525
976.375 23.67997051069223 22.666832433151555
976.8749999999999 23.681680513109193 22.667861509173925
977.375 23.683396940493978 22.66889442270518
977.875 23.685129779028394 22.669908712179026
978.3749999999999 23.686851550578627 22.67093003066784
978.875 23.688583478768066 22.671960074319234
979.375 23.690288390187092 22.67297615962992
979.8749999999999 23.692018645928982 22.674001410789067
980.375 23.693739348740834 22.675011659488078
980.875 23.695467861045046 22.676032656919887
981.3749999999999 23.697201743729572 22.6770455468164
981.875 23.698918129314105 22.67806228379193
982.375 23.70065315080851 22.67906543714374
982.8749999999999 23.702386045784294 22.680074413297774
983.375 23.704118438175655 22.68108216087825
983.875 23.705849772422198 22.68209209070377
984.3749999999999 23.707572972779044 22.683102431712804
984.875 23.709321937861944 22.684104910165125
985.375 23.711049798693193 22.685113293638096
985.8749999999999 23.712785858243194 22.68611321091255
986.375 23.714518277919158 22.687120803596468
986.875 23.71625914838191 22.68812511510061
987.3749999999999 23.717994702278293 22.689116769234353
987.875 23.719733451315722 22.6901202400434
988.375 23.721485740004216 22.691124189159687
988.8749999999999 23.723227612623695 22.69212538794914
989.375 23.724969692583837 22.693117046396
989.875 23.726708775750147 22.694121228046118
990.3749999999999 23.7284567312707 22.695117971384704
990.875 23.730208826231888 22.69611083177926
991.375 23.731965144850555 22.69711010205881
991.8749999999999 23.733713062354326 22.698100638125197
992.375 23.735455264034844 22.699098425093
992.875 23.73722063824291 22.70008723487598
993.3749999999999 23.738965049606616 22.701088173701706
993.875 23.740716521460413 22.70207698590871
994.375 23.742475552771115 22.703068507688187
994.8749999999999 23.744244971613945 22.704057002986538
995.375 23.745976989537205 22.70505120963882
995.875 23.74774667625113 22.706037443501256
996.3749999999999 23.749508793377373 22.70702954097995
996.875 23.751271266022425 22.708014524434464
997.375 23.753044027259595 22.708993733645762
997.875 23.75481265716406 22.70998318915408
998.375 23.756573733634024 22.710975302365775
998.875 23.758344800037126 22.71196065974003
999.375 23.760108381543677 22.712943320978198
999.875 23.76188957187988 22.713928968905176
1000.375 23.763661257841985 22.714911973988986
1000.875 23.765434121773442 22.71589329013122
1001.375 23.767212953022625 22.71687405397929
1001.875 23.768980831301164 22.717851212584957
1002.375 23.770758814200686 22.718826914875034
1002.875 23.772549212833706 22.719814737515925
1003.375 23.774320759165338 22.720796370014007
1003.875 23.776110338637494 22.721773320080857
1004.375 23.77789321610055 22.722754268758987
1004.875 23.77968640406189 22.723723302420915
1005.375 23.78146872496768 22.724713604009843
1005.875 23.78325206355295 22.725675138268123
1006.375 23.78504920652884 22.72665190118662
1006.875 23.786851847157852 22.727631491803898
1007.375 23.788636263284214 22.728605751592063
1007.875 23.790441052025177 22.729575953759486
1008.375 23.792225657026403 22.73054752046139
1008.875 23.79403756003579 22.73152698267484
1009.375 23.795844787827946 22.732501215176917
1009.875 23.797634015170953 22.733462940108396
1010.375 23.799448408979316 22.734437480226532
1010.875 23.801256326484342 22.735405535804123
1011.375 23.803068881160264 22.736376790135324
1011.875 23.80486152604037 22.737345721472572
1012.375 23.806682880278856 22.738315608426653
1012.875 23.808514647589657 22.739287128716157
1013.375 23.81032458864748 22.740258395359575
1013.875 23.812131691647494 22.7412280046591
1014.375 23.813950723157845 22.74218795061008
1014.875 23.815785769675127 22.743151961149685
1015.375 23.817608822696627 22.74410697986869
1015.875 23.81943200050021 22.74507559491962
1016.375 23.821266809590533 22.74603997388028
1016.875 23.823089471670798 22.74700475361229
1017.375 23.8249197408407 22.74797439081905
1017.875 23.826738883701204 22.748933493543603
1018.375 23.828577411746743 22.749888707520704
1018.875 23.830407004546714 22.750849517881377
1019.375 23.83224470655874 22.751801314849715
1019.875 23.834084240846142 22.752764477548453
1020.375 23.83592625400581 22.753728867876216
1020.875 23.837771214736225 22.754672625077667
1021.375 23.839594274399648 22.75564043773969
1021.875 23.841452817919947 22.756592464033837
1022.375 23.843296332835937 22.757546957364823
1022.875 23.845147775012578 22.758500036024287
1023.375 23.846978728021007 22.75945109715103
1023.875 23.848826198526428 22.76039971588134
1024.375 23.850695773373825 22.761346001872926
1024.875 23.852548235570858 22.76230854829653
1025.375 23.85439129929235 22.76325216215976
1025.875 23.856257402496965 22.764200241221573
1026.375 23.85811223283236 22.765142493563935
1026.875 23.859958757862223 22.7660938939569
1027.375 23.861829367031472 22.767045248444525
1027.875 23.863704693737354 22.767995897470634
1028.375 23.865564433604256 22.768933733034565
1028.875 23.86743228803336 22.769877198012253
1029.375 23.869279232056982 22.770814811614507
1029.875 23.87116631231823 22.771757687408773
1030.375 23.873036654287063 22.772711882391384
1030.875 23.874899748940397 22.773643573367856
1031.375 23.876794851201527 22.77459419972282
1031.875 23.878687248299862 22.775531905286613
1032.375 23.880555542569795 22.776473031448987
1032.875 23.8824372122263 22.777406235700646
1033.375 23.884323823121033 22.77835136497313
1033.875 23.886197849088052 22.779286139346
1034.375 23.888084970525817 22.780214880008177
1034.875 23.88998421693142 22.781152773803882
1035.375 23.891877834702488 22.782094648365366
1035.875 23.893778704105344 22.783026120924905
1036.375 23.895654760684085 22.783964705871682
1036.875 23.897560893521344 22.784895898905418
1037.375 23.89946798262908 22.785833931501823
1037.875 23.90137367207757 22.78676562514518
1038.375 23.903277415069965 22.787691984606248
1038.875 23.905182860736787 22.788624127780487
1039.375 23.90709200357602 22.78955295398474
1039.875 23.90901388061414 22.79048515849768
1040.375 23.910925274799165 22.79141020137548
1040.875 23.91283801550554 22.792338748435807
1041.375 23.914753232889044 22.79327338242011
1041.875 23.916666024244392 22.794195087035405
1042.375 23.918588301676486 22.795128994972494
1042.875 23.920516916950312 22.79605522482367
1043.375 23.92244856065296 22.796981445185985
1043.875 23.9243829447452 22.797895811809255
1044.375 23.926308983860245 22.798831743926655
1044.875 23.928252524658514 22.799748039996608
1045.375 23.93019755570176 22.80066874762293
1045.875 23.932133765288576 22.801589973252288
1046.375 23.934065131001066 22.802510913125364
1046.875 23.936014015843753 22.803438149672147
1047.375 23.937964151900637 22.80434940547661
1047.875 23.939899781199646 22.8052759042431
1048.375 23.941859319601484 22.806194184206078
1048.875 23.943810636625905 22.8071067594201
1049.375 23.945765998348065 22.808026616921495
1049.875 23.947734691602843 22.80894094089855
1050.375 23.94969209331405 22.8098582062075
