FastTrWP/PhaseSpace/IAs/snIa_0.53_30.00_-3.27_-0.09.csv
# %ECSV 0.9
# ---
# datatype:
# - {name: time-rel, datatype: float64}
# - {name: g, datatype: float64}
# - {name: i, datatype: float64}
# schema: astropy-2.0
time-rel g i
[from data line 715]
129.5 23.460730557349358 22.47461262973617
130.0 23.462178521334977 22.474320340726766
130.5 23.463639775691725 22.474029483739027
131.0 23.465101408352147 22.473744566002768
131.5 23.466572048668034 22.47345726787283
132.0 23.4680423002061 22.473176428909074
132.5 23.46952255257448 22.472898466650072
133.0 23.471004477991894 22.472622422493956
133.5 23.472501678060162 22.472352180566585
134.0 23.473987733091835 22.472099321074083
134.5 23.47549131425982 22.471827176943314
135.0 23.47699370949862 22.47156838941125
135.5 23.47849113056814 22.47131062089354
136.0 23.48001949860901 22.47106499938619
136.5 23.481525878749864 22.470815969246367
137.0 23.483049050544622 22.47056390285422
137.5 23.484576424959723 22.470326478759528
138.0 23.486108533692235 22.47007944947819
138.5 23.48763746861823 22.469850416233434
139.0 23.489165468954756 22.469608916287427
139.5 23.490712075518985 22.46937468006842
140.0 23.492270665643417 22.469153954548588
140.5 23.49381418878364 22.468925876323684
141.0 23.49537438663947 22.468705141894873
141.5 23.496925880808863 22.468486074556285
142.0 23.498482491789435 22.46826613144559
142.5 23.500046905537797 22.468055185828458
143.0 23.501617495495687 22.467839101984865
143.5 23.50318251147645 22.467632925106184
144.0 23.504766843203207 22.467419913583363
144.5 23.50635694040352 22.467217659506513
145.0 23.507931183833488 22.467019324177638
145.5 23.509529966503628 22.466816944814806
146.0 23.51109931235179 22.466628711429486
146.5 23.512710288634516 22.46643380750851
147.0 23.514314802337857 22.466245457609823
147.5 23.515924812785162 22.466068399579314
148.0 23.517548167959944 22.465881880482222
148.5 23.519171893140182 22.465700671675144
149.0 23.52079753985738 22.465537130210592
149.5 23.522432773538196 22.465371784142555
150.0 23.524077841060567 22.46521579940798
150.5 23.52573223224912 22.465057374785825
151.0 23.527381765294038 22.464896301647098
151.5 23.529041365540518 22.46474569636979
152.0 23.53072091308988 22.46460651772481
152.5 23.532395773136766 22.464461348606783
153.0 23.534075678345197 22.464319306814122
153.5 23.535760462422616 22.46418984936557
154.0 23.537449243752988 22.46405870895275
154.5 23.53916047207435 22.463925654995816
155.0 23.540856261817545 22.463797592542576
155.5 23.542578087489936 22.463680032495574
156.0 23.54428984799405 22.463566562047077
156.5 23.546017097967695 22.463448427019625
157.0 23.547747406968497 22.463343063416016
157.5 23.549480770329986 22.46323818825165
158.0 23.551213973615415 22.4631362289219
158.5 23.552967437592493 22.46303770098865
159.0 23.55471402487371 22.462934241847048
159.5 23.5564785548262 22.462838397136654
160.0 23.55823931014452 22.462754193622896
160.5 23.560007571507583 22.462669598078413
161.0 23.56178936192554 22.462586314999
161.5 23.56355559180432 22.46250818821917
162.0 23.56535648850826 22.46242879525891
162.5 23.567130032196964 22.46235724453897
163.0 23.568947111573934 22.462284633577177
163.5 23.57074063489592 22.46221317081436
164.0 23.572548986619335 22.462154114217427
164.5 23.574358886959267 22.462092495616073
165.0 23.576170390128112 22.46204042486875
165.5 23.57800355334731 22.461979859449098
166.0 23.57983723205568 22.461926670327102
166.5 23.581668179206194 22.461875645517438
167.0 23.58349792513511 22.46183088284477
167.5 23.585341191819083 22.461776727116597
168.0 23.587183570309126 22.46173848906334
168.5 23.589030770686318 22.461702662545278
169.0 23.5909024078447 22.46166971470863
169.5 23.592759006879994 22.461624493691808
170.0 23.594632552792945 22.46159505559913
170.5 23.596493651932178 22.461567668198352
171.0 23.598371653374485 22.461549787629362
171.5 23.600257462962485 22.46151675458936
172.0 23.60213202778997 22.461499730245187
172.5 23.604030584112444 22.461479116276983
173.0 23.605925903147384 22.461459779639
173.5 23.60781983993446 22.46144365898764
174.0 23.60972074762592 22.461428515123394
174.5 23.611628714510836 22.461418684923586
175.0 23.613544524253594 22.461412023691835
175.5 23.615457450857136 22.461404335802563
176.0 23.617370831360567 22.461397815919796
176.5 23.619297564458584 22.461397396820043
177.0 23.62122142937066 22.461403595535998
177.5 23.62314630539608 22.461402139143058
178.0 23.62507042929267 22.46140513764753
178.5 23.627024896859872 22.46140761576448
179.0 23.628956711822944 22.46141433396386
179.5 23.630909103970275 22.461429363405845
180.0 23.63285552944252 22.461438128388423
180.5 23.634821584149158 22.461442051324045
181.0 23.636752910576384 22.461464449412635
181.5 23.63872711370901 22.461478128045037
182.0 23.64067388449909 22.461489941014165
182.5 23.642647639287162 22.461516590394915
183.0 23.644620414532447 22.46153867762338
183.5 23.646585312744143 22.46156645144123
184.0 23.648569442898122 22.461589754499816
184.5 23.650551210556422 22.4616179326205
185.0 23.652556458834525 22.461651918674477
185.5 23.654544543239993 22.46168587667837
186.0 23.656556947401107 22.46172767326088
186.5 23.658557704290807 22.461767680502597
187.0 23.66056925582654 22.461808099982985
187.5 23.662594091448792 22.46185375334729
188.0 23.66462459995352 22.461899867651034
188.5 23.66664539325692 22.461950132411825
189.0 23.66868573830792 22.46200179201383
189.5 23.670726544878757 22.462059623063688
190.0 23.672776534753233 22.462112043515994
190.5 23.67482558211591 22.46217458858193
191.0 23.67687733857107 22.46223826797603
191.5 23.67896290132436 22.46230330914974
192.0 23.68102413319269 22.462376848440563
192.5 23.68310500570327 22.462447768835272
193.0 23.68517808049343 22.462523104878343
193.5 23.687263020509008 22.462599264545293
193.9999999999999 23.68935186880075 22.462679848861615
194.5 23.691461990291828 22.462756094822755
195.0 23.693553519063173 22.462836903639953
195.4999999999999 23.69565705283801 22.462920345457928
196.0 23.697773840089106 22.463011436642585
196.5 23.699888430167867 22.463106877865705
196.9999999999999 23.7020265743714 22.463193131203255
197.5 23.7041425433 22.463292558226012
198.0 23.70630152890498 22.463389358341175
198.4999999999999 23.708436633676556 22.46349100414743
199.0 23.710573173890992 22.463591006052965
199.5 23.71272247549737 22.46369870786125
199.9999999999999 23.714892498752597 22.463807405565888
200.5 23.717052524545625 22.463913584056478
201.0 23.719225848792178 22.464031084935105
201.4999999999999 23.721392122231144 22.464149900413126
202.0 23.723586891079073 22.464263679487516
202.5 23.72577869306458 22.464386875335457
202.9999999999999 23.727965449620882 22.46451009481637
203.5 23.73017079752441 22.464637156262878
204.0 23.732370705338177 22.46476324422133
204.4999999999999 23.734583504070326 22.464889321033105
205.0 23.736801346787217 22.46502252344461
205.5 23.739013352177967 22.465153670557697
205.9999999999999 23.74123898587079 22.465298145578153
206.5 23.743479157796333 22.465432227612197
207.0 23.745715200986783 22.46557294392755
207.4999999999999 23.74795299895714 22.465714926679507
208.0 23.750213859542953 22.465864006986425
208.5 23.752453726923697 22.466012347130892
208.9999999999999 23.754728227338777 22.466162425360878
209.5 23.75700564291135 22.466315190315353
210.0 23.759280958789954 22.466468941054227
210.4999999999999 23.761548314935055 22.46663265159164
211.0 23.763837434896153 22.466786091272724
211.5 23.76612848430569 22.466955447098847
211.9999999999999 23.76841871790809 22.467118226014627
212.5 23.77072875223961 22.46728865057278
213.0 23.773039839676706 22.467455651746803
213.4999999999999 23.775349559073643 22.467631605979413
214.0 23.777675846321884 22.467808625704482
214.5 23.779998653553655 22.467984085060596
214.9999999999999 23.782327449035535 22.468162040341895
215.5 23.784666988741122 22.468346288142914
216.0 23.787001834598197 22.468524403102933
216.4999999999999 23.789356796393424 22.468713167102145
217.0 23.791721881741065 22.468900788729165
217.5 23.794074494865065 22.469084950542026
217.9999999999999 23.796445189017547 22.46927824184178
218.5 23.798825024455276 22.4694726483514
219.0 23.80120295748396 22.46967196169401
219.4999999999999 23.803595885006178 22.469868658483414
220.0 23.80598067346957 22.47007235405317
220.5 23.80838629892287 22.470284276063175
220.9999999999999 23.810792455201707 22.4704908976738
221.5 23.813211003843954 22.470702481471513
222.0 23.815630852999572 22.470910666595522
222.4999999999999 23.818063746389363 22.471120839228508
223.0 23.820513419030704 22.471342295244195
223.5 23.82294688399133 22.471563687151367
223.9999999999999 23.8253931404667 22.47178549581211
224.5 23.827861845987286 22.472011317877904
225.0 23.830327615819833 22.472235557815527
225.4999999999999 23.832813699388403 22.472466770742553
226.0 23.835288069825676 22.47270216581077
226.5 23.837771547923335 22.47293535995274
226.9999999999999 23.840278131799316 22.473182730228565
227.5 23.842764084688888 22.473417520774216
228.0 23.845282236633057 22.473659649264444
228.4999999999999 23.847803256286856 22.473901846159137
229.0 23.85034189583945 22.47415815641783
229.5 23.8528704856671 22.47440236895969
229.9999999999999 23.855409008772558 22.47466053189747
230.5 23.85794526332809 22.474914058888345
231.0 23.860504069069776 22.47517078359396
231.4999999999999 23.863073204739734 22.475427671418903
232.0 23.86564156564888 22.475690695116576
232.5 23.8682128681829 22.47595801274211
232.9999999999999 23.870801046234234 22.476230393348878
233.5 23.87339991383776 22.476497112081127
234.0 23.875997580843233 22.47676733789418
234.4999999999999 23.878591560699405 22.477044044150635
235.0 23.88122207710891 22.47731512275356
235.5 23.88383925875852 22.47760716905458
235.9999999999999 23.886459067722377 22.4778890772591
236.5 23.889109916211268 22.47816294341126
237.0 23.89173551574895 22.47845966514175
237.4999999999999 23.8944028541299 22.478734099185253
238.0 23.897046367234488 22.479034045243278
238.5 23.89971291001085 22.47932388745148
238.9999999999999 23.90238117376958 22.479619913410293
239.5 23.905063126418753 22.47991756822764
240.0 23.90776027572421 22.480218181622178
240.4999999999999 23.910449191939897 22.480515064353845
241.0 23.913155031155302 22.48082532874164
241.5 23.915870855684304 22.48113286135368
241.9999999999999 23.918578524505435 22.481440803833
242.5 23.921313919585604 22.481749831952772
243.0 23.924034923056446 22.482069999758373
243.4999999999999 23.926778066392785 22.482384705646798
244.0 23.929525801371927 22.48270315421381
244.5 23.93226875067555 22.48302253532405
244.9999999999999 23.93502665532136 22.48334471597866
245.5 23.937798817626145 22.48367141215907
246.0 23.94058063803184 22.483998888124393
246.4999999999999 23.943353600616653 22.48432476570958
247.0 23.946145122556104 22.48466641058315
247.5 23.948937376773202 22.4849918075531
247.9999999999999 23.951749431007453 22.485326920796286
248.5 23.9545608529774 22.485657935575553
249.0 23.9573654665923 22.485998216603534
249.4999999999999 23.960195660225352 22.48634467099956
250.0 23.963031603998886 22.486687799206603
250.5 23.965875754876365 22.487034921037438
250.9999999999999 23.96870677668502 22.48738563265387
251.5 23.971560347320953 22.487739319409904
252.0 23.974410149974442 22.488084159348702
252.4999999999999 23.97730066204047 22.488436910328396
253.0 23.980171390812068 22.488790389928894
253.5 23.983050222069767 22.4891576611061
253.9999999999999 23.985937308750383 22.48951417080679
254.5 23.988814883659778 22.489880213259475
255.0 23.991748769501168 22.490237695725106
255.4999999999999 23.99463955552377 22.490608374622187
256.0 23.99756209867445 22.490974484427873
256.5 24.000496488143277 22.491342498206166
256.9999999999999 24.00346079155778 22.491717750769645
257.5 24.006428960865016 22.49210825903697
258.0 24.009395616497756 22.49248093005042
258.4999999999999 24.012391614783933 22.49286082125922
259.0 24.015382455690908 22.493249268254054
259.5 24.01841178893139 22.493631650058283
259.9999999999999 24.02145129062189 22.49402441599424
260.5 24.024481570384566 22.4944185378401
261.0 24.02756267522387 22.49481759002935
261.4999999999999 24.030629476680176 22.495225366506784
262.0 24.033730395711423 22.49561553175902
262.5 24.036820447584468 22.496024200866856
262.9999999999999 24.039938000676706 22.496427438575182
263.5 24.043058775582576 22.496835879407648
264.0 24.04620263054281 22.497251821669437
264.4999999999999 24.049341412395332 22.497666180910095
265.0 24.052499995053424 22.498085412938813
265.5 24.05567256029508 22.498500572217758
265.9999999999999 24.058864185887757 22.49892265190987
266.5 24.062031157661636 22.499343936919086
267.0 24.065234086463725 22.499780918672272
267.4999999999999 24.068469526887103 22.500200424776548
268.0 24.071686975535997 22.500629640241407
268.5 24.07492724319742 22.501069255376308
268.9999999999999 24.078172867083776 22.50150235503787
269.5 24.081431622362864 22.50193965742392
270.0 24.08467005650045 22.5023836059276
270.4999999999999 24.08796137254772 22.50282946165243
271.0 24.091232009476784 22.50327438892413
271.5 24.09452429271084 22.50371769523224
271.9999999999999 24.097827092759427 22.50416563937698
272.5 24.101118959243774 22.504617663704238
273.0 24.10444001972467 22.505072959210437
273.4999999999999 24.107748860760697 22.505523597742737
274.0 24.111091576888345 22.505980975008704
274.5 24.114418756194098 22.506442762334512
274.9999999999999 24.117751750831452 22.506905380756326
275.5 24.12110228495514 22.507371778951505
276.0 24.124452242522075 22.507829768560867
276.4999999999999 24.127790491469266 22.50830324902659
277.0 24.131183008046158 22.508769909505236
277.5 24.134529445459464 22.509246730937722
277.9999999999999 24.137907836039748 22.50971452783039
278.5 24.141298640963434 22.510195534747588
279.0 24.144661113920307 22.510668072660465
279.4999999999999 24.148046822869237 22.511141641141034
280.0 24.151446747552697 22.511624269767154
280.5 24.1548272024678 22.512103152945407
280.9999999999999 24.15821894697306 22.51259553828339
281.5 24.161612106919463 22.513075363741926
282.0 24.165015084769994 22.513572632007538
282.4999999999999 24.16841221118689 22.51405443103922
283.0 24.17181876338869 22.514544519754264
283.5 24.17522130028459 22.515034079712443
283.9999999999999 24.1786225017745 22.51552964639128
284.5 24.182030110134534 22.516027923680426
285.0 24.18542749703819 22.516519186707114
285.4999999999999 24.18882565951334 22.517020392781536
286.0 24.192215363820637 22.51751842845719
286.5 24.19561022917682 22.51801670615866
286.9999999999999 24.199025506516676 22.51852472156436
287.5 24.202429171644674 22.51902909108916
288.0 24.20581725747724 22.519531971721953
288.4999999999999 24.209207690327336 22.520038808755743
289.0 24.212572617546464 22.52055240100868
289.5 24.215968738955564 22.52105882727364
289.9999999999999 24.21935496263638 22.521565908733955
290.5 24.222717727461177 22.522072697782292
291.0 24.226088546854648 22.52259016836391
291.4999999999999 24.229448978118455 22.52310096490621
292.0 24.23281732318703 22.523617074089664
292.5 24.23616831449827 22.52413222992218
292.9999999999999 24.23952220234458 22.524651136231526
293.5 24.242874223548455 22.525175297440107
294.0 24.246225905890036 22.525694058471192
294.4999999999999 24.249596689963802 22.526223812413903
295.0 24.252966712978523 22.52674665066921
295.5 24.25633110855391 22.52727253908506
295.9999999999999 24.259712149941585 22.52781011579679
296.5 24.26309387911693 22.528339817828943
297.0 24.26646112447689 22.528871023630273
297.4999999999999 24.26985320966829 22.529403454716434
298.0 24.273225824672746 22.529944126209024
298.5 24.276623020263308 22.530487651615516
298.9999999999999 24.280031373237097 22.531026625573457
299.5 24.283421008024206 22.53157959870629
300.0 24.28680153008186 22.532115169893892
300.4999999999999 24.29022012428693 22.53266937374606
301.0 24.29362423875396 22.533216827800867
301.5 24.2970275666087 22.533775401786404
301.9999999999999 24.30044415689496 22.534327318986538
302.5 24.303828411838143 22.53487477717782
303.0 24.307278589637278 22.535437972714586
303.4999999999999 24.310664776453383 22.535995071669955
