FastTrWP/PhaseSpace/IAs/snIa_0.33_30.00_-0.99_0.01.csv
# %ECSV 0.9
# ---
# datatype:
# - {name: time-rel, datatype: float64}
# - {name: g, datatype: float64}
# - {name: i, datatype: float64}
# schema: astropy-2.0
time-rel g i
[from data line 2141]
673.0 25.2005136980994 23.278135353912116
673.5 25.202425725950572 23.27870039231513
674.0 25.20436212998697 23.27926344038351
674.5 25.206276517327165 23.279831052243914
675.0 25.2082080358278 23.280394136925434
675.5 25.210125291259363 23.280965220547888
676.0 25.212064468667535 23.281538134815722
676.5 25.213993264556805 23.282095180141336
677.0 25.215886387933907 23.282673795082726
677.5 25.217824558055195 23.28324273755888
678.0 25.219718756321665 23.283821959795475
678.5 25.221665236697493 23.284395699993794
679.0 25.223608852441362 23.28497188985578
679.5 25.2254991898049 23.28553987968952
680.0 25.227451011717157 23.286129661777892
680.5 25.229349079798965 23.286692479866197
681.0 25.231280343000503 23.287281675282507
681.5 25.23318090069005 23.28786053156612
682.0 25.235101644575213 23.288442582542835
682.5 25.237025691040177 23.289031233153388
683.0 25.238940710806258 23.28961068932141
683.5 25.240877390672622 23.290193938467564
684.0 25.24277746814398 23.29078750871922
684.5 25.244671153782868 23.29135519212413
685.0 25.24659161033022 23.2919481257754
685.5 25.248516134189153 23.292543110750582
686.0 25.25042735942109 23.293137617854942
686.5 25.252339851027624 23.293711227404504
687.0 25.254218439616167 23.294302951075192
687.5 25.256135471890406 23.294898591429707
688.0 25.258051295803064 23.295492654441738
688.5 25.259943498601434 23.29608442306913
689.0 25.261885234075365 23.29667110426246
689.5 25.26375508665279 23.297271786368277
690.0 25.26565929861755 23.29786939082033
690.5 25.267569889115514 23.298462193108772
691.0 25.269470011525993 23.299056398089615
691.5 25.271367463484296 23.299664797861457
692.0 25.27324995534814 23.300262000985246
692.5 25.27513193664335 23.300860151274296
693.0 25.277051855185615 23.301452120665694
693.5 25.278929374950057 23.302054395350083
694.0 25.280819529474265 23.302656501654837
694.5 25.28271751070244 23.303272381180754
695.0 25.28459903748501 23.303872797254634
695.5 25.286490819767216 23.30447299056789
696.0 25.2883759277166 23.305085059489123
696.5 25.2902690338872 23.305696656961082
697.0 25.29212620321359 23.306295824099838
697.5 25.294012695987714 23.30690886202076
698.0 25.295915021892664 23.307509247224203
698.5 25.2977641849931 23.308116313723517
699.0 25.299675740374003 23.308725024773107
699.5 25.301510602661725 23.309338456246785
700.0 25.303412256981797 23.309959051715698
700.5 25.305274089457154 23.31056843022345
701.0 25.30713412072414 23.311178640945357
701.5 25.309025999255105 23.311789578855592
702.0 25.310881009664822 23.312398330271332
702.5 25.312776677388854 23.31301272451714
703.0 25.314615517318117 23.313625523700637
703.5 25.31647234913222 23.31425457857105
704.0 25.31836360914266 23.31486046741054
704.5 25.320204285394702 23.315487855554387
705.0 25.322067389491828 23.316098721736815
705.5 25.323932112753504 23.316716123257514
706.0 25.32579673468954 23.31734090470027
706.5 25.32765553973061 23.317960152196843
707.0 25.32948240867352 23.318586441253338
707.5 25.33135654039792 23.319201075028715
708.0 25.333221833354564 23.319825300271447
708.5 25.335052951872107 23.320451906380278
709.0 25.336891750450043 23.32107967326939
709.5 25.338743822863353 23.321716670431655
710.0 25.340591938545742 23.322332527431296
710.5 25.34242463623531 23.322956158771845
711.0 25.344297402822153 23.323604559764135
711.5 25.34612599469539 23.324217330330672
712.0 25.347933583487674 23.32486447220751
712.5 25.349777005388106 23.325484904452537
713.0 25.35162223305683 23.326126129962212
713.5 25.353477486053993 23.326759877497448
714.0 25.35529251644085 23.327401749344187
714.5 25.357128218684124 23.328039028925453
715.0 25.358969480435874 23.32867731978043
715.5 25.36076881622446 23.32932675623035
716.0 25.362591525151295 23.329959006920596
716.5 25.364445052182187 23.330620783828444
717.0 25.366256364511557 23.33125577610753
717.5 25.36810445194274 23.33190410836535
718.0 25.369905829211877 23.33254851399987
718.5 25.371710316050557 23.333204072049796
719.0 25.373526228875363 23.333862630737986
719.5 25.375347190667753 23.33450331083594
720.0 25.377151482932305 23.33515830184711
720.5 25.378953487245006 23.33581340410464
721.0 25.38075632912964 23.336475200936654
721.5 25.382585194249884 23.337138027421155
722.0 25.384354471527896 23.33778833657645
722.5 25.386142684314127 23.338450688982867
723.0 25.387957435189065 23.33912356281839
723.5 25.389769406324444 23.339782577997767
724.0 25.391574480510982 23.340449703663033
724.5 25.393346572552797 23.34112384869899
725.0 25.395156443730574 23.341799544964907
725.5 25.396906447489677 23.342460990147302
726.0 25.398727084964356 23.343145208535546
726.5 25.40048779065529 23.34381929967492
727.0 25.40226927263133 23.344494513024877
727.5 25.40405509775436 23.34517170459318
728.0 25.40582979155779 23.345853339773427
728.5 25.407624241286744 23.346544999840773
729.0 25.409354805258918 23.34721994567453
729.5 25.41115118609596 23.347912453888124
730.0 25.412927039013177 23.348604494805375
730.5 25.414709548986103 23.34928607883287
731.0 25.416468214887114 23.349975228005523
731.5 25.418216710180424 23.35066673893675
732.0 25.41999628404301 23.351369490151374
732.5 25.421713821108366 23.35205971868489
733.0 25.423456653169602 23.3527514883379
733.5 25.425208058936043 23.353458275270587
734.0 25.42697031775002 23.354150319929516
734.5 25.42872040277348 23.354856632265797
735.0 25.43047255712693 23.355553230186544
735.5 25.432205400829137 23.356254362428007
736.0 25.4339583350496 23.35696748458547
736.5 25.43568709223409 23.35766631245644
737.0 25.437414494283225 23.358380075263547
737.5 25.439171225950176 23.3590947497709
738.0 25.440887703499836 23.35980581289515
738.5 25.442623411249134 23.360512545304516
739.0 25.44434009092463 23.361224898477467
739.5 25.44606875423827 23.36194592879366
740.0 25.44774458136631 23.36266117343947
740.5 25.449482114269657 23.363378063101578
741.0 25.45120486746031 23.36409517091277
741.5 25.452931528930325 23.36482605804392
742.0 25.454627055249368 23.36554516585288
742.5 25.456345934697563 23.36626556965402
743.0 25.458030719314696 23.366997871868914
743.5 25.45972587626856 23.367729889839175
744.0 25.461431386574446 23.368461863242175
744.5 25.463136051326465 23.36919106155214
745.0 25.464818054245267 23.36992333790542
745.5 25.46653577177322 23.370659182756036
746.0 25.468204499068634 23.37138562589507
746.5 25.46989433565176 23.372141769613428
747.0 25.471582508081898 23.372871825572695
747.5 25.473254284772963 23.373613065745285
748.0 25.474943937368888 23.374357556128963
748.5 25.476629066981033 23.37510382250528
749.0 25.478297511822525 23.375851003729515
749.5 25.47996184114822 23.376586108830978
750.0 25.481600342173195 23.377347446944118
750.5 25.48330507765968 23.378098494534235
751.0 25.484956668995395 23.378847485501822
751.5 25.486612768763056 23.379597741635397
752.0 25.4882834368112 23.380364273767547
752.5 25.48992894692941 23.381120121180402
753.0 25.49156355725668 23.381885089217246
753.5 25.493233116292764 23.38264104056197
754.0 25.49485285762188 23.38340782100684
754.5 25.496517464385057 23.384170337374144
755.0 25.498174574571742 23.38494302316437
755.5 25.499779084309683 23.385707466797086
756.0 25.501424165299614 23.386485364549095
756.5 25.503036127810322 23.387247356052903
757.0 25.504687387255135 23.38801575701861
757.5 25.50632762719234 23.3888049653082
758.0 25.50792712630884 23.389573374274228
758.5 25.509560726703896 23.39035522195838
759.0 25.51116013977161 23.391138764031755
759.5 25.51282129826972 23.3919278500551
760.0 25.514411483640007 23.392714616611627
760.5 25.51601580453562 23.39349326451336
761.0 25.517608756437188 23.39428489487593
761.5 25.519229409227112 23.3950792288014
762.0 25.52080329540738 23.395870131497475
762.5 25.52241235454599 23.39665768904855
763.0 25.524016415481825 23.397455756375948
763.5 25.525596040950163 23.398264503759847
764.0 25.527189094570367 23.39906432002843
764.5 25.52874571808179 23.399871607589834
765.0 25.530342864450493 23.40066623635662
765.5 25.53191384869471 23.401475085848595
766.0 25.5334891499406 23.4022840759256
766.5 25.53504738859244 23.403092728573313
767.0 25.536608222084407 23.403907946244956
767.5 25.53814997750374 23.404724581310724
768.0 25.5397444922871 23.405541216440128
768.5 25.541276609788184 23.406361984820148
769.0 25.542825883001505 23.407177730262077
769.5 25.544396113990988 23.40799551552546
770.0 25.54592310075202 23.408819800161666
770.5 25.547469008652655 23.40965397006032
771.0 25.549010089475686 23.410482422986263
771.5 25.550527857000226 23.41130973039336
772.0 25.552057877868428 23.41213716845131
772.5 25.553617996761577 23.41296962900412
773.0 25.5551280449585 23.41381562798366
773.5 25.556628978917576 23.41464309072005
774.0 25.55818195641278 23.41549145766383
774.5 25.559710574664756 23.416326817793077
775.0 25.561184784989344 23.417168210842902
775.5 25.562723737487147 23.418013131104285
776.0 25.56422659979733 23.41886170237202
776.5 25.565718693776844 23.419705202294878
777.0 25.567227111131615 23.420549180441675
777.5 25.56869797980181 23.421408365791123
778.0 25.570201931762423 23.422252819861193
778.5 25.571664824886724 23.42310768469611
