FastTrWP/PhaseSpace/IAs/snIa_0.67_30.00_0.46_0.11.csv
# %ECSV 0.9
# ---
# datatype:
# - {name: time-rel, datatype: float64}
# - {name: g, datatype: float64}
# - {name: i, datatype: float64}
# schema: astropy-2.0
time-rel g i
[from data line 864]
558.2916666666666 24.396216865170217 22.259851173010475
558.7916666666666 24.396338693867214 22.259386413428018
559.2916666666666 24.396478083457247 22.258916101687255
559.7916666666666 24.396632448095723 22.25845094343418
560.2916666666666 24.396770704534767 22.257985316604717
560.7916666666666 24.39691628868625 22.25752325768767
561.2916666666666 24.397068777541953 22.257060945349366
561.7916666666666 24.397223153914098 22.256604115868917
562.2916666666666 24.397383564124947 22.25615056592817
562.7916666666666 24.397558995350522 22.255694091536476
563.2916666666666 24.397720479818027 22.25524155501426
563.7916666666666 24.397902108246207 22.254790791335196
564.2916666666666 24.398080349583392 22.2543445032302
564.7916666666666 24.39826136987548 22.253897467344363
565.2916666666666 24.39841575954638 22.25345601664721
565.7916666666666 24.398628805842204 22.253012284472298
566.2916666666666 24.39880754456626 22.25256388527257
566.7916666666666 24.399009326614586 22.252128342949824
567.2916666666666 24.39920605621898 22.25168694970634
567.7916666666666 24.39940235881977 22.25125557985917
568.2916666666666 24.399589846610013 22.25082366181041
568.7916666666666 24.399810284202207 22.250386323285657
569.2916666666666 24.400014892603508 22.24995358947473
569.7916666666666 24.40021322756346 22.24952257380545
570.2916666666666 24.40044453723442 22.249102957056838
570.7916666666666 24.400654433643112 22.248675014968796
571.2916666666666 24.400876579426164 22.24824992658447
571.7916666666666 24.401105797365208 22.247825332892205
572.2916666666666 24.40132807249453 22.247404044907682
572.7916666666666 24.40156157231376 22.246983297397975
573.2916666666666 24.401786329011664 22.246560258486426
573.7916666666666 24.40203444772717 22.2461500943213
574.2916666666666 24.402264332342547 22.24572717540451
574.7916666666666 24.40249736691865 22.24531070559332
575.2916666666666 24.40274144383094 22.24490595734814
575.7916666666666 24.402988884680514 22.244491440837635
576.2916666666666 24.403238783861184 22.244077137966602
576.7916666666666 24.40347490734807 22.24367151506694
577.2916666666666 24.40374768143795 22.24326500309325
577.7916666666666 24.40399042257767 22.242853697813164
578.2916666666666 24.40424844849229 22.242452012668977
578.7916666666666 24.404511677165384 22.24204418945632
579.2916666666666 24.404775813252478 22.241656254627095
579.7916666666666 24.405076959342672 22.241248098114674
580.2916666666666 24.405326550886734 22.24085165205758
580.7916666666666 24.405602500439677 22.24045113539708
581.2916666666666 24.405896884722658 22.240064489853445
581.7916666666666 24.406185132782646 22.23966686554344
582.2916666666666 24.406469713210775 22.239283465079588
582.7916666666666 24.406769694187666 22.23889281703641
583.2916666666666 24.407062901470017 22.238510400880998
583.7916666666666 24.40735774559659 22.238123214966254
584.2916666666666 24.40767317248629 22.237742463010456
584.7916666666666 24.407988308124292 22.237361977401186
585.2916666666666 24.408291753167937 22.236985701115515
585.7916666666666 24.408604095610194 22.236606331114594
586.2916666666666 24.408938371538934 22.236226745660286
586.7916666666666 24.40924911435078 22.235847156253804
587.2916666666666 24.409596944231104 22.235484308630767
587.7916666666666 24.409923451495526 22.235109572366905
588.2916666666666 24.410249659933836 22.234741575489817
588.7916666666666 24.410602818181033 22.23438161322068
589.2916666666666 24.410928147547864 22.234009660462966
589.7916666666666 24.411274952754738 22.23365576422802
590.2916666666666 24.411625323895933 22.233289534054236
590.7916666666666 24.411992432286986 22.232925480230186
591.2916666666666 24.412353591536096 22.232574159752435
591.7916666666666 24.412713476898183 22.232217842896492
592.2916666666666 24.4130880340413 22.231865228979967
592.7916666666666 24.413470678582772 22.231517659159326
593.2916666666666 24.41383696687187 22.231165764501224
593.7916666666666 24.414208004856196 22.230819709928728
594.2916666666666 24.414587004858692 22.23046694650451
594.7916666666666 24.414968300464746 22.230123173554222
595.2916666666666 24.41536065783843 22.229784000802326
595.7916666666666 24.41576287756483 22.229444473518566
596.2916666666666 24.41615897915891 22.22910139780771
596.7916666666666 24.41656520231373 22.228770300369227
597.2916666666666 24.416983532150137 22.22843226282583
597.7916666666666 24.417385830661562 22.228099859675588
598.2916666666666 24.417792384165608 22.227774362181755
598.7916666666666 24.418229739937765 22.22744194653758
599.2916666666666 24.418639956598565 22.22711820743628
599.7916666666666 24.419078288234918 22.226800344225936
600.2916666666666 24.419526225132255 22.226473896718865
600.7916666666666 24.41995314364747 22.226144979325227
601.2916666666666 24.420390053955327 22.225838579707727
601.7916666666666 24.420835890427078 22.225516701544873
602.2916666666666 24.421285169311698 22.225197715346642
602.7916666666666 24.421730893342485 22.224893136036133
603.2916666666666 24.422193569112217 22.224577929223635
603.7916666666666 24.422671191619067 22.224271390580547
604.2916666666666 24.423144293183086 22.223963221239785
604.7916666666666 24.42360396981805 22.22365638413016
605.2916666666666 24.424086029138973 22.22335990593824
605.7916666666666 24.42456464791212 22.22306007463242
606.2916666666666 24.425055404976685 22.222758119939385
606.7916666666666 24.425535568086445 22.22246017968191
607.2916666666666 24.42603032607488 22.222165165256985
607.7916666666666 24.426540162265017 22.221875552186443
608.2916666666666 24.427035261847475 22.22158856870786
608.7916666666666 24.427548839983245 22.22129591126173
609.2916666666666 24.428061564646484 22.221009836795844
609.7916666666666 24.428567677515804 22.22072421516771
610.2916666666666 24.429091299085457 22.2204496575322
610.7916666666666 24.4296072417701 22.220170148018884
611.2916666666666 24.430168899141837 22.219885721733338
611.7916666666666 24.430684443454037 22.21960839301203
612.2916666666666 24.431211809129593 22.219338764035328
612.7916666666666 24.43174838694743 22.219069154129627
613.2916666666666 24.432327970760248 22.218800148255077
613.7916666666666 24.432865594021127 22.21853537528751
614.2916666666666 24.433431493790817 22.218270869853537
614.7916666666666 24.43398126822721 22.218002425434477
615.2916666666666 24.434547676038537 22.217746025927955
615.7916666666666 24.435117270160198 22.217485431990376
616.2916666666666 24.435712581498485 22.21722914502362
616.7916666666666 24.436290931583887 22.21697652245649
617.2916666666666 24.4368676521735 22.216725014115806
617.7916666666666 24.437469648946028 22.21646771668547
618.2916666666666 24.438063603829058 22.2162242265207
618.7916666666666 24.43866045633659 22.215974488092584
619.2916666666666 24.43925550345878 22.21573097197249
619.7916666666666 24.439858202413344 22.215483229704226
620.2916666666666 24.440474430390967 22.215246436662056
620.7916666666666 24.44109559444528 22.215005398947348
621.2916666666666 24.441727201647566 22.214767403011027
621.7916666666666 24.44234984940358 22.21452169747954
622.2916666666666 24.442982678354284 22.214300167341943
622.7916666666666 24.44359155005222 22.214060945154763
623.2916666666666 24.444240726670063 22.213831525744162
623.7916666666666 24.444896419345806 22.21360047507677
624.2916666666666 24.445540157927002 22.213373517664166
624.7916666666666 24.446180553884318 22.213143369848893
625.2916666666666 24.446842829471343 22.21292652538495
625.7916666666666 24.447510844009038 22.212710702551806
626.2916666666666 24.44818175490479 22.212487429279154
626.7916666666666 24.44885326191539 22.21226855406381
627.2916666666666 24.4495183149477 22.212055061973718
627.7916666666666 24.45020442034105 22.211838423817714
628.2916666666666 24.450882608004875 22.211627931637956
628.7916666666666 24.45157175690841 22.211420703401092
629.2916666666666 24.45227224761282 22.21120355996507
629.7916666666666 24.45297549251481 22.21100338526227
630.2916666666666 24.453677154513763 22.21080031959159
630.7916666666666 24.454382133451418 22.21060211048576
631.2916666666666 24.45509389626482 22.210393622480574
631.7916666666666 24.455803843036698 22.210204015398546
632.2916666666666 24.45652048712091 22.210006993440615
632.7916666666666 24.4572529837966 22.2098101089481
633.2916666666666 24.457985669704282 22.20961619613819
633.7916666666666 24.45873137168888 22.20942555674381
634.2916666666666 24.459459985246514 22.209241891278285
634.7916666666666 24.460214257035485 22.20906003341821
635.2916666666666 24.460965369208335 22.208867637341182
635.7916666666666 24.461734126661177 22.20868154216365
636.2916666666666 24.46250101036743 22.208500299304195
636.7916666666666 24.463236490834515 22.208326011415693
637.2916666666666 24.4640287274723 22.20815411214089
637.7916666666666 24.464806332166972 22.207973875001066
638.2916666666666 24.465580090787512 22.20780523410024
638.7916666666666 24.46636509337411 22.20763241335409
639.2916666666666 24.467161502895124 22.207461089660853
639.7916666666666 24.467960438189426 22.207294579845044
640.2916666666666 24.468746403749613 22.207133741592948
640.7916666666666 24.46954258823237 22.206969148835523
641.2916666666666 24.470365756218257 22.2068165651109
641.7916666666666 24.471183683342446 22.206651262632825
642.2916666666666 24.472013273975403 22.206497929769775
642.7916666666666 24.472834526370107 22.206341959960234
643.2916666666666 24.473671487018365 22.206190934811314
643.7916666666666 24.474491575320183 22.20603820656812
644.2916666666666 24.475339835331873 22.20589028802668
644.7916666666666 24.476171206587168 22.205742488964283
645.2916666666666 24.477056493429682 22.205602348979028
645.7916666666666 24.477897469487754 22.20546031592473
646.2916666666666 24.478754608778228 22.205317351375307
646.7916666666666 24.479608265393434 22.20517935167388
647.2916666666666 24.480490587422956 22.205042382832787
647.7916666666666 24.481361637590897 22.2049108318771
648.2916666666666 24.482246973010714 22.2047818653783
648.7916666666666 24.483123550907283 22.204650199287617
649.2916666666666 24.484021812110647 22.20452386419617
649.7916666666666 24.484926495122707 22.20439845561527
650.2916666666666 24.48583841040145 22.204276063463098
650.7916666666666 24.486726453105085 22.204157711487873
651.2916666666666 24.48766681044836 22.204029104675683
651.7916666666666 24.488589350572667 22.20392009134222
652.2916666666666 24.489481136117078 22.20380722044969
652.7916666666666 24.490426183198352 22.20369016300323
653.2916666666666 24.491359399063718 22.203579859758307
653.7916666666666 24.49230682329739 22.203472808432014
654.2916666666666 24.493264405732216 22.203370072561135
654.7916666666666 24.49420224214971 22.20326240115254
655.2916666666666 24.495158780473567 22.203162050754518
655.7916666666666 24.496121190827267 22.20306574300516
656.2916666666666 24.497094108705745 22.202966894853073
656.7916666666666 24.498077509835152 22.202871883279514
657.2916666666666 24.49906441346744 22.202774546440068
657.7916666666666 24.500044442778425 22.2026863307307
658.2916666666666 24.50104356477548 22.202593903229875
658.7916666666666 24.50208275459226 22.202509707846552
659.2916666666666 24.503074124468508 22.202422760098916
659.7916666666666 24.504110815148753 22.202344523250108
660.2916666666666 24.505141817588157 22.202262828096973
660.7916666666666 24.50618226568396 22.202192209808757
661.2916666666666 24.507230964984558 22.20211319082051
661.7916666666666 24.508288337833175 22.20203819022112
662.2916666666666 24.509349713554244 22.20196904893968
662.7916666666666 24.510415601867614 22.201900329531785
663.2916666666666 24.511496695087615 22.20182935540761
663.7916666666666 24.512592185290405 22.2017724116873
664.2916666666666 24.513671585402545 22.201708979623955
664.7916666666666 24.5147779559705 22.201647656480745
665.2916666666666 24.51588927377759 22.201589399675928
665.7916666666666 24.517003760165018 22.20153282839002
666.2916666666666 24.518128275716396 22.20147907534741
666.7916666666666 24.519263894346054 22.201431677288646
667.2916666666666 24.520395233647704 22.201376188736894
667.7916666666666 24.521513842626597 22.201326390573556
668.2916666666666 24.522663708068734 22.201279751718626
668.7916666666666 24.523836649554312 22.20124194723367
669.2916666666666 24.524972865294117 22.201199043842017
669.7916666666666 24.526152341873267 22.201150819525903
670.2916666666666 24.527330871393687 22.201120015514228
670.7916666666666 24.52849961835963 22.20108900890186
671.2916666666666 24.529671735344934 22.201051458107592
671.7916666666666 24.53087314324965 22.201016778670038
672.2916666666666 24.532049245060364 22.200985511005808
672.7916666666666 24.533254889326184 22.200960305429977
673.2916666666666 24.53444956205881 22.200935928099106
673.7916666666666 24.535663273488368 22.20090609977578
674.2916666666666 24.536875338837906 22.200888873781686
674.7916666666666 24.53811671538814 22.200859889756266
675.2916666666666 24.53932889683376 22.200848886269746
675.7916666666666 24.540550885008145 22.200832013696797
676.2916666666666 24.54176784967852 22.200819200450464
676.7916666666666 24.543019832919803 22.20080620116782
677.2916666666666 24.54425259896503 22.20079557085796
677.7916666666666 24.545495718588242 22.200794086088433
678.2916666666666 24.5467414297682 22.200779755051357
678.7916666666666 24.547995815662613 22.20077357551834
679.2916666666666 24.54925309244158 22.200764211920244
679.7916666666666 24.550527604135205 22.200773528557338
680.2916666666666 24.5517623971045 22.200770076803153
680.7916666666666 24.553033545969065 22.200777038884475
681.2916666666666 24.55432032824981 22.200780912032197
681.7916666666666 24.55558797551172 22.20078621610886
682.2916666666666 24.556882420134517 22.20079167512762
682.7916666666666 24.558163298853746 22.20080949417323
683.2916666666666 24.559444515835224 22.2008183431401
683.7916666666666 24.56071285723882 22.200823855201808
684.2916666666666 24.562026663622795 22.200845606771672
684.7916666666666 24.563316152858103 22.200858918348185
685.2916666666666 24.56460416623685 22.200880949492397
685.7916666666666 24.565895201727386 22.200899109150946
686.2916666666666 24.567198462338983 22.200920551849848
686.7916666666666 24.56849716906042 22.20094874991513
687.2916666666666 24.569786736439866 22.20097400521121
687.7916666666666 24.57111754260115 22.20099859607636
688.2916666666666 24.572415867799087 22.201030490065307
688.7916666666666 24.573712301821864 22.201059966457557
689.2916666666666 24.57502373009115 22.201089200511902
689.7916666666666 24.57635124306536 22.201123480658683
690.2916666666666 24.577679851262776 22.201158814177152
690.7916666666666 24.578974168898874 22.201194129645163
691.2916666666666 24.58028243799572 22.201237241659566
691.7916666666666 24.58160368648978 22.201270695101087
692.2916666666666 24.582911767934753 22.20131496109967
692.7916666666666 24.584241850211352 22.201362600873352
693.2916666666666 24.585550544839293 22.201412653073163
693.7916666666666 24.586861514480574 22.20145659288841
694.2916666666666 24.588190623897475 22.20150079848738
694.7916666666666 24.58951331389415 22.20155479297916
695.2916666666666 24.59083940698685 22.201601472064812
695.7916666666666 24.592153520730232 22.201660921414508
696.2916666666666 24.59347031677675 22.201711616927696
696.7916666666666 24.59479044362212 22.201766264611802
697.2916666666666 24.596122978079016 22.201825894474588
697.7916666666666 24.597438429928033 22.201889160587704
698.2916666666666 24.598788321616794 22.201946476948173
698.7916666666666 24.600127959504068 22.202018851338337
699.2916666666666 24.60145726259393 22.202081838293566
699.7916666666666 24.60281761653085 22.20214990403736
700.2916666666666 24.604184402131985 22.20222254179434
700.7916666666666 24.605536025298598 22.202293301397763
701.2916666666666 24.60689622656936 22.202371341847105
701.7916666666666 24.608278867968913 22.202451537081195
