FastTrWP/PhaseSpace/IAs/snIa_0.46_30.00_-0.70_0.05.csv
# %ECSV 0.9
# ---
# datatype:
# - {name: time-rel, datatype: float64}
# - {name: g, datatype: float64}
# - {name: i, datatype: float64}
# schema: astropy-2.0
time-rel g i
[from data line 1771]
490.5 24.90986392716124 22.81281180880228
491.0 24.911947712658282 22.813766699095655
491.5 24.914078771430077 22.814717676379033
492.0 24.916196442930225 22.815684383231527
492.5 24.91829369425695 22.81663582028436
493.0 24.92041892097187 22.817593568152603
493.5 24.922503186150333 22.818542242285538
494.0 24.924633713841335 22.819504479405552
494.5 24.926736785085502 22.820465627802268
495.0 24.92884311203412 22.821419179847876
495.5 24.930981450069993 22.822388753031394
496.0 24.93309668115289 22.82333947919881
496.5 24.935216905478267 22.824292841201448
497.0 24.937334017715365 22.825255820791437
497.5 24.939438995989228 22.826222908475437
498.0 24.941547751476072 22.82717909520514
498.5 24.94368886791776 22.828139420500783
499.0 24.94582456390795 22.829095991875164
499.5 24.947924158671366 22.830053324134614
500.0 24.950061912001793 22.83101392719997
500.5 24.95219310932107 22.83198037081775
501.0 24.95432580387428 22.832943835408855
501.5 24.956480048670567 22.833902088703223
502.0 24.95858908065497 22.834860727783813
502.5 24.960705214489497 22.835831786917566
503.0 24.96285976347997 22.83679307742171
503.5 24.964978215732504 22.837752970464123
504.0 24.96712100139738 22.838722826602872
504.5 24.969251953525273 22.83968649073264
505.0 24.97138937630046 22.84065465912199
505.5 24.973537917086457 22.841615908283526
506.0 24.97569044866935 22.84258443608001
506.5 24.977819892365073 22.84355110119044
507.0 24.97998041034255 22.844510721876773
507.5 24.982121550415588 22.84547336337888
508.0 24.984245338786046 22.846442373163494
508.5 24.986418941728573 22.847412243744195
509.0 24.988557915946572 22.84838478631825
509.5 24.990717817453998 22.849345878159003
510.0 24.99284419629811 22.85030881616054
510.5 24.99500266508578 22.851267784025392
511.0 24.997160657137538 22.852243250021136
511.5 24.999332613086843 22.853211040578664
512.0 25.001475792067517 22.854175594415768
512.5 25.003638021060546 22.855149467262077
513.0 25.005803465765993 22.856106650662944
513.5 25.00796350729444 22.857084744635856
514.0 25.010091891760933 22.85804212235119
514.5 25.012249095954232 22.85900570630766
515.0 25.014427586845894 22.85998221139848
515.5 25.016592416087853 22.860940553790368
516.0 25.018753947989403 22.86191648646212
516.5 25.020907657354442 22.86287668580237
517.0 25.0230696561717 22.86384935898655
517.5 25.025240551253837 22.864804940464047
518.0 25.027371409810716 22.865772486322808
518.5 25.029543856502183 22.866740986701526
519.0 25.031735004805675 22.867703219063245
519.5 25.033881730233716 22.868674687703944
520.0 25.036036339194766 22.86963006313647
520.5 25.03819660990441 22.870597290917807
521.0 25.040372014503877 22.871567594924986
521.5 25.042549820543172 22.872526116012132
522.0 25.044726279135205 22.87349944264767
522.5 25.046864939764504 22.87445459406888
523.0 25.049040816975925 22.87542474685916
523.5 25.051181969601718 22.87637223836999
524.0 25.053383088698222 22.87733695208789
524.5 25.05553938231852 22.878307063645966
525.0 25.057718881060367 22.879260674792828
525.5 25.05989812442724 22.88021670986568
526.0 25.062048358749905 22.88117879560362
526.5 25.06420047245679 22.8821424205795
527.0 25.066373656196177 22.88309773532845
527.5 25.0685367723214 22.884050489170523
528.0 25.070707380637806 22.88501497304219
528.5 25.072880510296464 22.885968668765262
529.0 25.075033471577495 22.88692401987499
529.5 25.077227851139412 22.88788194044715
530.0 25.07938574165526 22.888840892360037
530.5 25.081539956824304 22.889789129433172
531.0 25.083710585878475 22.890745359529436
531.5 25.08589336466285 22.89169620817033
532.0 25.088064682510645 22.89265191781628
532.5 25.09021370424434 22.893596419578405
533.0 25.092358145046042 22.894550864734626
533.5 25.094555750964997 22.895503921435676
534.0 25.096706982052616 22.896454614410008
534.5 25.09888861249589 22.897405049031878
535.0 25.101022630808668 22.89835581559645
535.5 25.103221789898896 22.89930002781173
536.0 25.105382036267684 22.90026180261666
536.5 25.10755097301042 22.90120835474618
537.0 25.10973435254817 22.902145142452817
537.5 25.11188538266564 22.903099743704622
538.0 25.11403987695641 22.904052752151024
538.5 25.116252354779572 22.904990854250883
539.0 25.118394840030014 22.905947825551202
539.5 25.120571236238884 22.90689539210222
540.0 25.122747550742073 22.907832643658274
540.5 25.12494017723281 22.908783292420086
541.0 25.127084378679694 22.90972568418004
541.5 25.12926180092634 22.910687112694994
542.0 25.131423955508705 22.911633621386287
542.5 25.133607857492933 22.912572967585135
543.0 25.13578725456707 22.913516687229677
543.5 25.1379510191298 22.91445779805725
544.0 25.14012300089807 22.91541457965141
544.5 25.14229891920089 22.916352254918753
545.0 25.14448400220642 22.917294374816734
545.5 25.146633912447758 22.918233773824763
546.0 25.148804776671856 22.91917775746267
546.5 25.150979117589934 22.920123063964198
547.0 25.15312899785682 22.921065916560437
547.5 25.155310269067883 22.922003344639087
548.0 25.15748522265751 22.922944273702072
548.5 25.159657010403617 22.92388330349433
549.0 25.16183335885989 22.924822735423124
549.5 25.163984452613594 22.925752229806477
550.0 25.16616295460494 22.926706454354452
550.5 25.168340997378813 22.927650303992046
551.0 25.170518262914385 22.928584390983808
551.5 25.17268061517491 22.929511843046654
552.0 25.17486601762321 22.930448809225616
552.5 25.177030115495338 22.931393155723917
553.0 25.179167048425136 22.932328086685043
553.5 25.18135508968028 22.93326289573208
554.0 25.183520733614774 22.934196702787496
554.5 25.18566803167319 22.935134542987704
555.0 25.187865752314092 22.93606343914007
555.5 25.190007484535137 22.93700032540213
556.0 25.192185147010356 22.937931680891104
556.5 25.194351340351165 22.938867882142485
557.0 25.19651348269725 22.939793514142327
557.5 25.19868305967102 22.940724018621456
558.0 25.2008348357157 22.941652501696854
558.5 25.20299755961323 22.942586076990747
559.0 25.20515414092341 22.943511098073643
559.5 25.20733125605755 22.94444307764629
560.0 25.209508206707053 22.945367997353003
560.5 25.21165568455862 22.946299011019867
561.0 25.21380249870591 22.947232400888815
561.5 25.215968109106516 22.948153072178542
562.0 25.218113880987772 22.949079062318365
562.5 25.22030504935822 22.94999738650732
563.0 25.222424374170895 22.950919305702126
563.5 25.224615570785186 22.951852823657305
564.0 25.22675268107768 22.95277527157002
564.5 25.228881744314002 22.953700683882403
565.0 25.23105859772476 22.95461570576937
565.5 25.233192119644578 22.955537452551876
566.0 25.23536332220825 22.956461753895535
566.5 25.237505176226556 22.957382839539026
567.0 25.239654130002144 22.958296937896222
567.5 25.241796606561287 22.959214472430176
568.0 25.243944683256224 22.96012045205542
568.5 25.24608911429251 22.961052900885463
569.0 25.248211437136913 22.96195966567938
569.5 25.250381061719022 22.962877818302943
570.0 25.252516632417365 22.963799273841985
570.5 25.25466804192537 22.964706861521293
571.0 25.256819968622757 22.96561607674728
571.5 25.258936907119395 22.966537800473994
572.0 25.26108799091388 22.967457428967744
572.5 25.263217236081545 22.968367434857406
573.0 25.265392137812967 22.969276461787857
573.5 25.267547326113146 22.970194061226927
574.0 25.26965661693827 22.971099912760042
574.5 25.271798102403267 22.97201117543112
575.0 25.27394115294235 22.97291887434186
575.5 25.276070398641295 22.97383079024623
576.0 25.27821393056142 22.974741405256385
576.5 25.28033412779632 22.97563902233742
577.0 25.28246680532581 22.976553434049055
577.5 25.28460366084108 22.977455353143377
578.0 25.286740874396607 22.978368929088514
578.5 25.28887104236679 22.979266035521157
579.0 25.291008289077865 22.98018026667799
579.5 25.293124830324473 22.98107243678921
580.0 25.295249177014007 22.98197532001256
580.5 25.297381733176017 22.98288589516507
581.0 25.29952533979133 22.983788231224942
581.5 25.301612600920173 22.98469321138244
582.0 25.303748485266865 22.98559617376086
582.5 25.30587110106627 22.986490551950354
583.0 25.30797630589142 22.98738193983359
583.5 25.310130419045972 22.988285542096065
584.0 25.31224760536386 22.98917987344579
584.5 25.314355433748823 22.99008565873217
585.0 25.31647957887958 22.99097770310675
585.5 25.31853678923341 22.991871352911815
586.0 25.320666524918526 22.99276881132277
586.5 25.322790150570995 22.993661032753664
587.0 25.32489912922857 22.99455260999233
587.5 25.327019269837642 22.99544815141113
588.0 25.32911232256246 22.99634135091058
588.5 25.331206135744452 22.997229464579792
589.0 25.33332629325455 22.998113524085486
589.5 25.33540320886338 22.99900733951262
590.0 25.337500066485937 22.9999078934806
590.5 25.33958813607636 23.000786042719543
591.0 25.341690833782536 23.00167561417695
591.5 25.343798082683286 23.002562950640524
592.0 25.345860884647237 23.003439910144902
592.5 25.347946853870823 23.004324817555446
593.0 25.35005795068876 23.005221906661358
593.5 25.352138510730313 23.00609288540654
594.0 25.354225419511756 23.006980427417005
594.5 25.356299269611988 23.007864703249655
595.0 25.358370307165575 23.008756129479885
595.5 25.360432969574504 23.009621684104054
596.0 25.36252192576601 23.010499860553427
596.5 25.36458646814498 23.011378185869678
597.0 25.366648027507843 23.012252656920474
597.5 25.368731928101553 23.01312688986654
598.0 25.370747390610326 23.014005210926705
598.5 25.372842814419716 23.014875769240636
599.0 25.374907361866615 23.01575239215441
599.5 25.376963095653675 23.016626645707646
600.0 25.37897445616208 23.01748861409802
600.5 25.381058300291755 23.01836688526712
601.0 25.383103960614566 23.019225724373584
601.5 25.385132351590755 23.020096185168427
602.0 25.387185962720565 23.020963247760573
602.5 25.389192562837742 23.02183389601349
603.0 25.39123922049236 23.02269843126954
603.5 25.39328745362619 23.023562150078906
604.0 25.395317402224634 23.024423939865493
604.5 25.397316836867745 23.02529215517751
605.0 25.399361156628224 23.026165456331647
605.5 25.40142137517147 23.027019047727798
606.0 25.403412605523975 23.027882266644944
606.5 25.405456714538253 23.02873919965168
607.0 25.40747018446105 23.029591243574256
607.5 25.40947918516447 23.03045693637145
608.0 25.411510438402654 23.031312122746172
608.5 25.41349588862268 23.0321679200229
609.0 25.415520385496272 23.033030497119288
609.5 25.417526180846618 23.03388199565292
610.0 25.41954637699389 23.03474846405036
610.5 25.421534026288015 23.035581187592644
611.0 25.423533503292802 23.036448119109334
611.5 25.425540086186984 23.037295477998594
612.0 25.4275098970537 23.03815031974655
612.5 25.429507799421458 23.039004383490077
613.0 25.43152177484326 23.03984812961115
613.5 25.433500345918738 23.040695841907212
614.0 25.43548898142777 23.041550496109764
614.5 25.437471540837436 23.04238257903622
615.0 25.439443776547762 23.043241343450205
615.5 25.44141970860629 23.044074916925727
616.0 25.44338908769227 23.04492291631601
616.5 25.445377444516154 23.045766227641565
617.0 25.447312484250247 23.046610623991384
617.5 25.449292318584355 23.047455993301803
618.0 25.451247317997083 23.048283303835944
618.5 25.453203566727616 23.049126218022273
619.0 25.455170493262504 23.04996792091576
619.5 25.457123483297458 23.05079599398453
620.0 25.45905341619263 23.051641069898547
620.5 25.460995699211978 23.05246814364823
621.0 25.46291424018889 23.05330698471133
621.5 25.46489197706795 23.054133814179405
622.0 25.46681751542271 23.054971597383513
622.5 25.46876491899916 23.055796099734373
623.0 25.470631438999284 23.056633811545744
623.5 25.472571553499698 23.05745160482659
624.0 25.47446887421268 23.058281233101326
624.5 25.476392839370728 23.05910387367085
625.0 25.4783047192679 23.05993063409756
625.5 25.480235210404828 23.060754645034184
626.0 25.482109991561323 23.06158243110643
626.5 25.48403070993443 23.06239977459359
627.0 25.48589148883185 23.06322081520677
627.5 25.487780750080773 23.064037778228162
628.0 25.489653961408308 23.064854335394042
628.5 25.491566878740155 23.06567072878067
629.0 25.49342836751368 23.066488883805732
629.5 25.49529776998829 23.067299083208574
630.0 25.497139827663876 23.068103992649785
630.5 25.499002682851597 23.068923865664456
631.0 25.500865892861384 23.069731488807523
631.5 25.50270539506577 23.070549106368023
632.0 25.504552879815996 23.07134592827306
632.5 25.506389529979202 23.07215102835453
633.0 25.50824542456107 23.072956214865993
633.5 25.51006790099864 23.073761794435022
634.0 25.511919192135274 23.074560421082573
634.5 25.513735328203666 23.075366368314278
635.0 25.515529936710276 23.07616618055627
635.5 25.51736248351385 23.076966634186405
636.0 25.519146701832653 23.077758796378557
636.5 25.520966112491 23.078553166006238
637.0 25.522732918094114 23.079340264454785
637.5 25.524531841532855 23.080134806480523
638.0 25.526339571086506 23.08092349124771
638.5 25.52808669998399 23.081719242458544
639.0 25.52982257662235 23.082499143683496
639.5 25.531604972732026 23.083292520579185
640.0 25.53334299448052 23.084065421804873
640.5 25.53507647613852 23.08483834807997
641.0 25.536794558053156 23.085619074343533
641.5 25.53850991904635 23.086383944437287
642.0 25.540244821961252 23.087169545199167
642.5 25.54194485695826 23.08793307320938
643.0 25.543645210376937 23.088706176984985
643.5 25.545331477608254 23.08947447437707
644.0 25.547007507795946 23.090247490740143
644.5 25.54866857358074 23.09100467461032
645.0 25.55033859978351 23.091771353645306
645.5 25.5519976221915 23.092531782637927
646.0 25.553666546297904 23.09329025208116
646.5 25.55531759193732 23.094049118470124
647.0 25.5569561080762 23.094802594815455
647.5 25.558597946003093 23.09556162470729
648.0 25.56019406127153 23.096310688718024
648.5 25.561841706677278 23.097065046945495
649.0 25.563450858272965 23.097813785715665
649.5 25.565089904992636 23.098561934924476
650.0 25.566681307631228 23.09931948817672
650.5 25.568287316079704 23.10006799876468
651.0 25.569899043011645 23.100806886254208
651.5 25.571496112819517 23.101550996673698
652.0 25.573077650033124 23.102298910116012
652.5 25.574670661118102 23.103039846323313
653.0 25.576252510418822 23.103781729930336
653.5 25.577808246616716 23.104523481452436
654.0 25.579417981836116 23.105262559845396
654.5 25.58097382962042 23.1060097352383
655.0 25.582526625683467 23.106750779001587
655.5 25.584083295516447 23.10748835528552
656.0 25.5856375465958 23.108215640444737
656.5 25.587213064051703 23.108957509627963
657.0 25.588760208949147 23.109684656943173
657.5 25.590320223472013 23.110421742346006
658.0 25.591869188201738 23.111161052107857
658.5 25.593412361073156 23.11189385053055
659.0 25.59497053307766 23.11262191879457
659.5 25.596500280212787 23.113362753713922
660.0 25.598044772727956 23.114093672427614
660.5 25.59959051079698 23.114825085304087
661.0 25.601111817482852 23.115562224570844
661.5 25.602655911107792 23.11629316128162
662.0 25.604206832727435 23.117026542335832
662.5 25.60574953726468 23.117747778088734
663.0 25.60730406540788 23.118485612000764
663.5 25.608799920043825 23.119223169220646
664.0 25.610354114809 23.119950705794952
664.5 25.61193205163855 23.120686990419735
665.0 25.613443510365798 23.121412928447796
665.5 25.614975815784526 23.122139446581237
666.0 25.61649192874611 23.12287546004589
666.5 25.61804266715175 23.1236033785239
667.0 25.61956584105527 23.124335411150483
667.5 25.621108163638716 23.125082804629173
668.0 25.62267874076725 23.125802798801196
668.5 25.624207408740673 23.126551294435117
669.0 25.62574737565346 23.127278215203823
669.5 25.627328716723664 23.128012417224145
670.0 25.628843500850586 23.128751890899792
670.5 25.630405720719377 23.129479726395253
671.0 25.63195623671126 23.13021392405039
671.5 25.633552747797786 23.130950033788867
672.0 25.635079550902717 23.131693128945162
672.5 25.636648562153063 23.132428116642277
673.0 25.638206601446324 23.133166812048422
673.5 25.639743001090665 23.13390052990102
674.0 25.641283541843055 23.13462725874542
674.5 25.642815811753273 23.13535943880115
