FastTrWP/PhaseSpace/IAs/snIa_0.34_30.00_-0.08_0.08.csv
# %ECSV 0.9
# ---
# datatype:
# - {name: time-rel, datatype: float64}
# - {name: g, datatype: float64}
# - {name: i, datatype: float64}
# schema: astropy-2.0
time-rel g i
[from data line 358]
-245.0 23.79678413438928 23.3385264734604
-244.50000000000006 23.792789996957882 23.335170214176614
-244.0 23.788807917354834 23.331809332113963
-243.5 23.784827225431183 23.3284637626023
-243.00000000000006 23.78085047345308 23.325112664226594
-242.5 23.776894926993823 23.321785105151736
-242.0 23.77294301198551 23.318439374097157
-241.50000000000006 23.7690107297856 23.315118449703334
-241.0 23.76507484395548 23.31180298787867
-240.5 23.76114335857528 23.30847383972678
-240.00000000000006 23.757223616284552 23.30517203117698
-239.5 23.753308836940704 23.301869433253586
-239.0 23.749408699270344 23.298571309167045
-238.50000000000006 23.745510371842006 23.295274004615294
-238.0 23.741623688781175 23.291988873952434
-237.5 23.737733521914166 23.288718982230698
-237.00000000000006 23.733870664829688 23.285430200462216
-236.5 23.730008764813768 23.282160544407514
-236.0 23.72614621538059 23.278901185098903
-235.50000000000006 23.722301151369226 23.275637580869898
-235.0 23.718455610210473 23.27238090855178
-234.5 23.714614437088652 23.269133630205996
-234.00000000000006 23.710787601817213 23.265890556974544
-233.5 23.706960450161425 23.26265745688895
-233.0 23.703140279775013 23.25942617915869
-232.50000000000006 23.69933116586148 23.256191608068516
-232.0 23.695531857493634 23.252976687451895
-231.5 23.691737528599454 23.249752985251675
-231.00000000000006 23.68796600942492 23.246535976999358
-230.5 23.684165615159813 23.243347196420316
-230.0 23.680394105632125 23.240130417261074
-229.50000000000006 23.676625767171593 23.23693219372513
-229.0 23.672859784291216 23.233742851683793
-228.5 23.66912062540626 23.230555451093306
-228.00000000000006 23.66536943670985 23.227370828318918
-227.5 23.661616915074166 23.22419679876647
-227.0 23.657882656340373 23.221024563317588
-226.50000000000006 23.654150285124512 23.217852618291502
-226.0 23.65044588699506 23.214679742840705
-225.5 23.646726899726183 23.211529017724995
-225.00000000000006 23.643011029024777 23.208366279119392
-224.5 23.639302395532766 23.205229446851558
-224.0 23.63561435435894 23.202074000312322
-223.50000000000006 23.63191744868677 23.19893408289609
-223.0 23.628239388943072 23.195796256988753
-222.5 23.624560532173007 23.19266233686062
-222.00000000000006 23.620882409822038 23.1895386291005
-221.5 23.6172297893812 23.18641132346255
-221.0 23.613561068893937 23.18329367171267
-220.50000000000006 23.609913532243205 23.180166951651955
-220.0 23.606255967195672 23.17706110940133
-219.5 23.602612304197432 23.17395212127394
-219.00000000000006 23.598984341161213 23.170843017138342
-218.5 23.595345199264067 23.16774979584704
-218.0 23.591702385640886 23.164642689644342
-217.50000000000006 23.58806243120774 23.161537000931443
-217.0 23.584413378749236 23.1584284050006
-216.5 23.580760624184048 23.1553275674429
-216.00000000000006 23.577118982105205 23.152218116888484
-215.5 23.573467119763567 23.149104600500582
-215.0 23.56982311890413 23.145998466405814
-214.50000000000006 23.56615405169287 23.142895325992583
-214.0 23.56250939960209 23.139799204114084
-213.5 23.55886953699973 23.136690877201925
-213.00000000000006 23.555210198512132 23.13358591433703
-212.5 23.551579440384405 23.130494021755478
-212.0 23.54792860040223 23.127385100015225
-211.50000000000006 23.544294366229984 23.1242913705521
-211.0 23.540647554784485 23.12119655347854
-210.5 23.537011926764958 23.118110941880303
-210.00000000000006 23.533396419610355 23.115029337717026
-209.5 23.529775344376347 23.11194466414854
-209.0 23.52615614832387 23.108872561895446
-208.50000000000006 23.522549137728927 23.105792651454745
-208.0 23.51894581932814 23.102731404536833
-207.5 23.51535429407308 23.099664496114393
-207.00000000000006 23.511753104824216 23.096607220767265
-206.5 23.508170060474924 23.093551850212755
-206.0 23.50460403760176 23.0904997234897
-205.50000000000006 23.501033699600477 23.08745945312625
-205.0 23.49748424955498 23.084428698545185
-204.5 23.493933318373294 23.08140046844811
-204.00000000000006 23.490395185748433 23.078379118775597
-203.5 23.48686002181667 23.07536075401151
-203.0 23.48334778835833 23.072355713408612
-202.50000000000006 23.479834583448458 23.069352612169997
-202.0 23.47633275990497 23.066356532447422
-201.5 23.472853512187093 23.06337085215851
-201.00000000000006 23.46938778296797 23.060397024816094
-200.5 23.465927059199643 23.057429131762383
-200.0 23.46246979656369 23.054473993725956
-199.50000000000006 23.45904024385178 23.051511332977856
-199.0 23.455624491778995 23.04857520481213
-198.5 23.452214820247303 23.045645378415855
-198.00000000000006 23.448822218306216 23.042729315709657
-197.5 23.445434900727943 23.039798591284864
-197.0 23.44206875233704 23.036896672413107
-196.50000000000006 23.438720461105397 23.034013443738374
-196.0 23.435388948058858 23.031129428299288
-195.5 23.432062867220196 23.0282579285065
-195.00000000000006 23.42876344803317 23.02538663769908
-194.5 23.425470639120785 23.02254712077598
-194.0 23.42220153562296 23.019706586660917
-193.50000000000006 23.418947009377856 23.01688317407489
-193.0 23.415704429575367 23.0140644749058
-192.5 23.41248300233793 23.011257515148213
-192.00000000000006 23.409275196233295 23.008461088634007
-191.5 23.40609999130249 23.00567672885698
-191.0 23.402932199541837 23.00290930222518
-190.50000000000006 23.399779144007145 23.00015157216819
-190.0 23.39665222234236 22.997409985920143
-189.5 23.39354997062852 22.994681673898818
-189.00000000000006 23.39044597213668 22.991969560042158
-188.5 23.38737355446102 22.98926336708506
-188.0 23.384327405176432 22.98657712384863
-187.50000000000006 23.381286808556652 22.983895454154222
-187.0 23.378276440547374 22.981224204700226
-186.5 23.375273601069896 22.978586939261415
-186.00000000000006 23.372285293919646 22.975939261948536
-185.5 23.369304281358225 22.973296273920525
-185.0 23.366328577957876 22.97065312411187
-184.50000000000006 23.363351852918175 22.96802225387146
-184.0 23.360391797577947 22.96539401933343
-183.5 23.35744538383992 22.962776862535456
-183.00000000000006 23.354508668959298 22.960167380099538
-182.5 23.35156821215472 22.95756186351666
-182.0 23.348655866386547 22.95496414654628
-181.50000000000006 23.34573266464712 22.95237521191646
-181.0 23.34281732148326 22.94979118784143
-180.5 23.339933468626782 22.94721104741513
-180.00000000000006 23.337036742267397 22.94462880447975
-179.5 23.334163381078984 22.942066263389517
-179.0 23.33128685706001 22.939512652319735
-178.50000000000006 23.32843017260705 22.936956831928498
-178.0 23.325590367718824 22.934418062274638
-177.5 23.322741851894854 22.93187488526631
-177.00000000000006 23.31991254677726 22.929354657228092
-176.5 23.317103572831183 22.926834025067706
-176.0 23.314294666462413 22.92431821016484
-175.50000000000006 23.31148854084331 22.92181525258424
-175.0 23.308710884161425 22.919317473889073
-174.5 23.30593667112051 22.916824417906604
-174.00000000000006 23.303174916324796 22.91435266146395
-173.5 23.300421476834128 22.91187096855371
-173.0 23.29769238877393 22.909402591297653
-172.50000000000006 23.2949573371044 22.906940345610337
-172.0 23.292242017759314 22.904493715870515
-171.5 23.28953803157752 22.902052980969696
-171.00000000000006 23.286845625107997 22.899631841637408
-170.5 23.284173540562204 22.897191761648617
-170.0 23.28148819703131 22.89476872054934
-169.50000000000006 23.27885125146576 22.89238018669957
-169.0 23.276191109543557 22.889979527862746
-168.5 23.273558368725176 22.887591321018537
-168.00000000000006 23.270949201545726 22.885210896259057
-167.5 23.26834097601402 22.88283922752857
-167.0 23.26574794873933 22.880482823934692
-166.50000000000006 23.263170293592715 22.878132002354054
-166.0 23.260610113640134 22.875787593944107
-165.5 23.258056471010665 22.873449838553896
-165.00000000000006 23.25551942801612 22.871124209218827
-164.5 23.252983603490147 22.86880505808996
-164.0 23.250479523943607 22.86649960942526
-163.50000000000006 23.247985955895423 22.864199615198192
-163.0 23.245492544739687 22.861919030328593
-162.5 23.243032692747704 22.859649740623333
-162.00000000000006 23.240571585322577 22.857381532332596
-161.5 23.23812234987624 22.85512240318157
-161.0 23.235701956318454 22.852869825865895
-160.50000000000006 23.233282749186095 22.85063598011472
-160.0 23.23087894405621 22.848408436020392
-159.5 23.228491125303748 22.846200536526347
-159.00000000000006 23.226126154501955 22.84399533344383
-158.5 23.22376772872147 22.841797687026983
-158.0 23.22142372708911 22.83960959609393
-157.50000000000006 23.219101649541464 22.837430816652816
-157.0 23.21679786379513 22.835268562915516
-156.5 23.21449505795598 22.83311219264945
-156.00000000000006 23.212212015963484 22.830974375081368
-155.5 23.20994805617271 22.8288351987346
-155.0 23.2076974531857 22.826717237680093
-154.50000000000006 23.205469229898668 22.824620109571732
-154.0 23.203238544793166 22.82251006666315
-153.5 23.201030085768174 22.820410864348123
-153.00000000000006 23.198826688243955 22.818317098770954
-152.5 23.19663737709397 22.816241256892717
-152.0 23.194456142790774 22.814169466867668
-151.50000000000006 23.192288879983845 22.812107980468955
-151.0 23.19011702184038 22.810050687330193
-150.5 23.187965094193434 22.8079945220377
-150.00000000000006 23.185833762699623 22.805950999567436
-149.5 23.183708441106536 22.803924103299266
-149.0 23.181587187545997 22.801903879604133
-148.50000000000006 23.179478447915645 22.799880069599936
-148.0 23.17737890588817 22.79787250272511
-147.5 23.175304253354017 22.795862851091027
-147.00000000000006 23.17322681091744 22.793873955101684
-146.5 23.171162824790557 22.791882992617843
-146.0 23.169108519815996 22.78990646297695
-145.50000000000006 23.167067870343892 22.787936503172887
-145.0 23.16503803657892 22.785970337823223
-144.5 23.163016371361586 22.784004418303535
-144.00000000000006 23.160996103339 22.78206737189798
-143.5 23.158997731817696 22.780125684001646
-143.0 23.157009458622486 22.778183599876535
-142.50000000000006 23.155031725599635 22.776261375377555
-142.0 23.153055628550746 22.774344042912258
-141.5 23.15110384320125 22.772424586727848
-141.00000000000006 23.149155151084354 22.77052115550877
-140.5 23.147207215883356 22.76862043582976
-140.0 23.145282658712123 22.766736012542207
-139.50000000000006 23.143365255536583 22.76485878301978
-139.0 23.141452146764138 22.762969537427917
-138.5 23.139561958744643 22.76111255352977
-138.0 23.13767404431321 22.759248859865608
-137.5 23.135794647299008 22.75739956405146
-137.0 23.133929091419283 22.755549318696872
-136.5 23.132077884558946 22.75370696290668
-136.0 23.130237714561556 22.75188517134026
-135.5 23.128394803697777 22.750062884030747
-135.0 23.126562701136223 22.74824755827231
-134.5 23.12475497457251 22.74643476462817
-134.0 23.12294796612871 22.744631536394415
-133.5 23.12114869495786 22.742828997257547
-133.0 23.119367791391987 22.741048337405473
-132.5 23.11758702983483 22.739265861073807
-132.0 23.115838318031944 22.737500736146142
-131.5 23.11407144883965 22.73573308636061
-131.0 23.112329711636676 22.733966670969462
-130.5 23.110592804777056 22.732216039662227
-130.0 23.108866269868777 22.730473611144212
-129.5 23.107159935976643 22.72873910258284
-129.0 23.105449765448643 22.727005888550188
-128.5 23.103758862445595 22.725283217234917
-128.0 23.102068164484916 22.723559877088814
-127.5 23.100399813982882 22.721853952215092
-127.0 23.09873186589169 22.72015139787313
-126.5 23.097063541324623 22.718467149598894
-126.0 23.095429625019882 22.716772931840012
-125.5 23.093789333927617 22.715086000218744
-125.0 23.092180802992864 22.713417484046516
-124.5 23.090555400073907 22.71175024590304
-124.0 23.088948983546228 22.710087878716706
-123.5 23.08734495019571 22.708433935159377
-123.0 23.085774391577406 22.706795411718662
-122.5 23.084183056158306 22.705150566842498
-122.0 23.082624101208626 22.70351215085668
-121.5 23.081067234384957 22.701890422786697
-121.0 23.079510758333814 22.70026886764999
-120.5 23.07796597664918 22.698658451681368
-120.0 23.076425267607 22.697046748394712
-119.5 23.07490592334353 22.69544649428797
-119.0 23.073389909792105 22.693842851796752
-118.5 23.07187480115627 22.69224714776631
-118.0 23.07037415116898 22.690669722275594
-117.5 23.068886778267487 22.689089904444355
-117.0 23.067401681011738 22.687518157433818
-116.5 23.065928824069108 22.685945722680415
-116.0 23.064462939838116 22.684387736110452
-115.5 23.06299448573124 22.682826575959115
-115.0 23.061554456657444 22.681287379142567
-114.5 23.060101209114613 22.6797429349887
-114.0 23.05867033569537 22.678207411326543
-113.5 23.057251147951998 22.67667709109308
-113.0 23.055826972953955 22.67515500385706
-112.5 23.054418347390907 22.673638335999012
-112.0 23.053014774819122 22.672119415888194
-111.5 23.051633612097163 22.67061539580496
-111.0 23.050241307806218 22.66911888452676
-110.5 23.048877781460057 22.667626150787473
-110.0 23.047506640158364 22.66613612598505
-109.5 23.04614237450655 22.66466267203932
-109.0 23.044799863713497 22.663181967369002
-108.5 23.04346318967998 22.661713729997754
-108.0 23.04212837528503 22.66024779433714
-107.5 23.04080624387762 22.658797783160235
-107.0 23.039486850330512 22.65733633606643
-106.5 23.03818594576089 22.65590451827064
-106.0 23.036888569148886 22.654452477397076
-105.5 23.035604115283142 22.653023494030677
-105.0 23.0343153174261 22.651594267574275
-104.5 23.03304568791889 22.650176648651204
-104.0 23.03178186390962 22.648755649414035
-103.5 23.030526451017714 22.647351187176913
-103.0 23.029281112727187 22.645944210246984
-102.5 23.028051446520944 22.644558923594413
-102.0 23.026829281627954 22.643168453668263
-101.5 23.02559653779868 22.641777866551216
-101.0 23.02439196829347 22.64039765651052
-100.5 23.023191045787925 22.63903099653861
-100.0 23.021998580968184 22.637662211295083
-99.5 23.020813035698538 22.636302882638795
-99.0 23.019638327970764 22.634958166517436
-98.5 23.018475271915705 22.633606901970893
-98.0 23.017327792647706 22.6322731792591
-97.5 23.016169477454902 22.630931158137336
-97.0 23.015036731446365 22.62960178246319
-96.5 23.01390035289232 22.628282295137474
-96.0 23.01277656025896 22.62697402473472
-95.5 23.011667525097085 22.625654594565063
-95.0 23.010558204154933 22.62434881202594
-94.5 23.009461039405586 22.6230483118293
-94.0 23.008378469560363 22.621755108990346
-93.5 23.00730245918619 22.62047555707582
-93.0 23.006240371164832 22.619198876333435
-92.5 23.005174948478388 22.61792121490604
-92.0 23.00412338778333 22.616659464349404
-91.5 23.003078336272868 22.615393697408905
-91.0 23.002052380341826 22.614137910381636
-90.5 23.001028110640323 22.612895297275838
-90.0 23.000010387505228 22.611656238135534
-89.5 22.99900493992203 22.610412917653385
-89.0 22.99800548859875 22.609187482812917
-88.5 22.997018351478108 22.607967250603274
-88.0 22.996043347982003 22.606750965196554
-87.5 22.99507506081024 22.60553463142461
-87.0 22.994100870099544 22.604331462180483
-86.5 22.993156318080207 22.60312895395192
-86.0 22.992211728760843 22.601936688939443
-85.5 22.991276711044218 22.60074305503657
-85.0 22.990339553446614 22.5995615956641
-84.5 22.98941835934039 22.598381211715925
-84.0 22.98851339138052 22.597215781788897
-83.5 22.98760776716874 22.596054135399143
-83.0 22.98670912141061 22.594893795964197
-82.5 22.98582444872646 22.5937386363087
-82.0 22.98493102297295 22.592587382209718
-81.5 22.984063249229976 22.591441131944094
-81.0 22.983197456163072 22.590306522554087
-80.5 22.982347216838054 22.589178397404876
-80.0 22.981494303831038 22.588047697789655
-79.5 22.98066240361356 22.586928954095796
-79.0 22.979828094911262 22.58581002380788
-78.5 22.978995628432397 22.584698466720607
-78.0 22.978182227585137 22.583589054227595
-77.5 22.97737456186164 22.582489213460768
-77.0 22.97656867021125 22.58139767096718
-76.5 22.97576328762603 22.580308718784927
-76.0 22.974975782054496 22.579225630264208
-75.5 22.974207966849413 22.578137610086962
-75.0 22.9734217431134 22.577060993655188
