FastTrWP/PhaseSpace/IAs/snIa_0.60_30.00_0.15_0.05.csv
# %ECSV 0.9
# ---
# datatype:
# - {name: time-rel, datatype: float64}
# - {name: g, datatype: float64}
# - {name: i, datatype: float64}
# schema: astropy-2.0
time-rel g i
[from data line 1051]
657.25 23.953629414800183 22.250177117462204
657.75 23.954622533417794 22.249998795731194
658.25 23.95558881734303 22.249827697764296
658.75 23.95660710807336 22.249652545882697
659.25 23.9576171774154 22.2494849344549
659.75 23.958649314035636 22.24931224649827
660.25 23.959668501250796 22.24915518692213
660.75 23.960691763333088 22.248993477924117
661.25 23.961734100258884 22.248832530894408
661.75 23.96279728791949 22.248678446212303
662.25 23.963848955031033 22.248531855172082
662.75 23.964895151252712 22.248379212043204
663.25 23.965969083256454 22.248232685958016
663.75 23.967040561842133 22.248089211118284
664.25 23.96812044095976 22.247947440690993
664.75 23.9691997125316 22.24780484015776
665.25 23.9703054509718 22.247672566804294
665.75 23.971407602810288 22.247537972923816
666.25 23.972516609780385 22.247407314099217
666.75 23.973628417508095 22.24727752669809
667.25 23.974752454934997 22.247150066604533
667.75 23.975882652946613 22.247027892943546
668.25 23.977012871668283 22.24690874480804
668.75 23.978150219521098 22.246788050783863
669.25 23.9792985457025 22.246671396079126
669.75 23.980444893322904 22.246558350133885
670.25 23.98160778470205 22.246449438339816
670.75 23.982769804574605 22.24633139529569
671.25 23.983931133466218 22.24623357133553
671.75 23.985116322450423 22.246128875102205
672.25 23.98629803010946 22.246024688282464
672.75 23.987467023610122 22.245926752851112
673.25 23.988667032770735 22.245827768773427
673.75 23.989847763739512 22.24573056309477
674.25 23.991052195154353 22.245639399760222
674.75 23.99226326349944 22.245544945862328
675.25 23.993468204768345 22.245453147338527
675.75 23.994693218838087 22.24536566087563
676.25 23.995904619110963 22.245285863159726
676.75 23.997125330561644 22.245203619423787
677.25 23.998377121805056 22.24511964024229
677.75 23.999599832689647 22.245045620131492
678.25 24.000838707349878 22.24497061149778
678.75 24.002074357344824 22.244894064086644
679.25 24.003327306354617 22.244823298749594
679.75 24.00456449540006 22.244747429401095
680.25 24.00582058190123 22.244680994643772
680.75 24.007081823828408 22.244618532717084
681.25 24.008347169386738 22.24456001842714
681.75 24.009613726637244 22.244487443378826
682.25 24.010871499777068 22.244429490941215
682.75 24.0121421479571 22.244374240660065
683.25 24.01342219247953 22.24431551101683
683.75 24.014709033540452 22.24426424013234
684.25 24.016007047736704 22.244208367613325
684.75 24.017262817029142 22.244158379501666
685.25 24.018563733532467 22.244104415214974
685.75 24.019848911694567 22.24406119220173
686.25 24.021147650453628 22.244010405256667
686.75 24.022443592763846 22.243975958169727
687.25 24.023748242517403 22.24393153107334
687.75 24.02504579838224 22.243886061665236
688.25 24.026343717809098 22.24384948806968
688.75 24.02764597153192 22.243811028901227
689.25 24.0289604279144 22.243776117953644
689.75 24.03027776521053 22.24374146428596
690.25 24.031599564666678 22.243707186350488
690.75 24.032906520924794 22.24367903293276
691.25 24.034209059626477 22.243642917525218
691.75 24.035536773779114 22.243619903311576
692.25 24.03684947913007 22.243588279000974
692.75 24.038178721726183 22.243573229761417
693.25 24.039496997820304 22.243545412389455
693.75 24.040822015298797 22.243521826533012
694.25 24.04214034185376 22.243504139820093
694.75 24.043475581553253 22.243479243788222
695.25 24.04479826685032 22.24346989792368
695.75 24.04612554254221 22.243452336795016
696.25 24.047452269412737 22.243431877400432
696.75 24.048790519613583 22.243419537733416
697.25 24.050128984958082 22.243409913680694
697.75 24.051457451597365 22.243395572850595
698.25 24.05279968477556 22.243393437716236
698.75 24.05415839981917 22.24338847317998
699.25 24.055517120274146 22.24338419357253
699.75 24.0568750633812 22.243389057213783
700.25 24.058254332391535 22.243386723847344
700.75 24.059615732523657 22.24339466520896
701.25 24.061015044209555 22.24339802204271
701.75 24.062391176765132 22.24341099507294
702.25 24.063782875821648 22.243424215040882
702.75 24.065179693204968 22.24343197186817
703.25 24.06657361757855 22.243450117430285
703.75 24.067969913931478 22.2434646853893
704.25 24.069375263928826 22.243483865335214
704.75 24.0707888844368 22.243503907469623
705.25 24.072197278306206 22.24352376230554
705.75 24.073620372935327 22.243554316978766
706.25 24.075048965560196 22.24357460278441
706.75 24.07646372087406 22.243608737552655
707.25 24.077915311756545 22.243640898253034
707.75 24.079350033692982 22.243670008314325
708.25 24.080777962930767 22.243702973886343
708.75 24.082234397713943 22.243744631188427
709.25 24.08367219602215 22.2437746504892
709.75 24.085131740640485 22.243817746641945
710.25 24.086578569162707 22.243861408028394
710.75 24.088044035905863 22.243906648885925
711.25 24.089508346738864 22.243956360691218
711.75 24.090973143002113 22.243999330671844
712.25 24.092438654724738 22.244038324935293
712.75 24.093921488117182 22.244093215729535
713.25 24.09540236164259 22.244144262428858
713.75 24.096873220467742 22.24420190927762
714.25 24.098343562465843 22.24425936864053
714.75 24.0998289314567 22.2443137138551
715.25 24.101322659157397 22.244370502193572
715.75 24.10281557497223 22.24442994231061
716.25 24.104311850486468 22.244490792715027
716.75 24.10579882493757 22.2445555770811
717.25 24.107310019045244 22.244621184649876
717.75 24.108817064891145 22.24469002358098
718.25 24.11031628298746 22.244750473001456
718.75 24.111826036537888 22.24482800250695
719.25 24.11331935052604 22.244898856564646
719.75 24.11485652436172 22.244973427214447
720.25 24.116356973393906 22.245046755055625
720.75 24.117866037397807 22.245113757791355
721.25 24.11937848316994 22.245196210317072
721.75 24.120906570830517 22.245278027009704
722.25 24.12241917712692 22.24535429538017
722.75 24.123943209792273 22.24543939342274
723.25 24.125475286603553 22.245517077578555
723.75 24.126995743018224 22.245607498703954
724.25 24.128528286067386 22.245689270592127
724.75 24.13004734431032 22.245779844062405
725.25 24.131568965084263 22.245866113359263
725.75 24.133107778345465 22.245953755358414
726.25 24.134649702909474 22.2460454955571
726.75 24.136178188911597 22.246135948543994
727.25 24.137701010907485 22.246232479426954
727.75 24.13924377543616 22.246330242231444
728.25 24.140777324994186 22.246422218598422
728.75 24.142315234957465 22.246519595005946
729.25 24.14385404391687 22.24661043005105
729.75 24.145374488612962 22.24671204082227
730.25 24.1469120642085 22.246817077742385
730.75 24.148448183713874 22.246911113371848
731.25 24.149985989881024 22.247020222937003
731.75 24.15153137967082 22.247116271107792
732.25 24.153051049084123 22.24723030738335
732.75 24.15459598712698 22.247328711295612
733.25 24.156118838404034 22.247437220630996
733.75 24.157678157917097 22.24754883559582
734.25 24.159217226386794 22.24765756993413
734.75 24.16073713219392 22.247771815450772
735.25 24.162279109266883 22.24787814685339
735.75 24.163820472223563 22.24799166447584
736.25 24.165350723584105 22.248104300309134
736.75 24.166919524977857 22.248220672188932
737.25 24.168450529616166 22.248340239543204
737.75 24.169985301984802 22.24845993691105
738.25 24.171548798823235 22.248576476680476
738.75 24.17307668004545 22.24869782508476
739.25 24.174635024392465 22.248820449751392
739.75 24.176213599503118 22.24894785248681
740.25 24.17775007637539 22.249071991065662
740.75 24.179306005816713 22.249202909250773
741.25 24.18087230664225 22.249331398742783
741.75 24.182434301456436 22.249461437077755
742.25 24.183993360455066 22.249589719656598
742.75 24.18557230393381 22.249724635453752
743.25 24.18714604862641 22.249862101843284
743.75 24.188699400829357 22.249992417558136
744.25 24.19028013869653 22.25014026113238
744.7499999999999 24.191855693123006 22.2502775880695
745.25 24.193415726853278 22.250418016131537
745.75 24.19499529067061 22.250556353527262
746.2499999999999 24.196572325641043 22.250698892825028
746.75 24.198160996422477 22.250847978451255
747.25 24.199733111867427 22.25099609565275
747.7499999999999 24.201315596053167 22.251140540923146
748.25 24.202922166490627 22.251290385233396
748.75 24.204485328369934 22.251443576159474
749.2499999999999 24.206086506934803 22.251595420323504
749.75 24.207679731393554 22.251745930302267
750.25 24.209266238030462 22.251905828800332
750.7499999999999 24.21088051375004 22.252057812058425
751.25 24.212470813018907 22.252219541515196
751.75 24.214090052361016 22.252370949694438
752.2499999999999 24.215689657728138 22.25253983885311
752.75 24.217289897871392 22.252699859881112
753.25 24.218891130047886 22.25286518823582
753.7499999999999 24.220480700819166 22.25302457240288
754.25 24.22211247152459 22.25319537475539
754.75 24.223694918044934 22.253362258791963
755.2499999999999 24.22532750099637 22.253531727465422
755.75 24.2269329196599 22.253700416310572
756.25 24.228546379199084 22.25387163715045
756.7499999999999 24.23017278079373 22.254044562468355
757.25 24.231792274515588 22.254229685158936
757.75 24.233427198337182 22.2543938458361
758.2499999999999 24.235050987783218 22.254582864828656
758.75 24.236677639360753 22.25475267367603
759.25 24.238296134026402 22.254937208679927
759.7499999999999 24.239938775170337 22.255120074389353
760.25 24.241560068754183 22.255304857819777
760.75 24.24317168012839 22.255481500448283
761.2499999999999 24.24483480310822 22.25566944639976
761.75 24.246456381527928 22.25585880144278
762.25 24.248106984526856 22.2560445340126
762.7499999999999 24.249738534327644 22.25622915353011
763.25 24.251384539305064 22.256425332268904
763.75 24.25302912802705 22.256614242084613
764.2499999999999 24.254674799806978 22.256807785772814
764.75 24.256319969336456 22.25700483399197
765.25 24.257978518688702 22.25719637287284
765.7499999999999 24.259616886256783 22.257397496656726
766.25 24.261269419274146 22.257593829187982
766.75 24.262931339933118 22.257794704456188
767.2499999999999 24.26459631407582 22.2579957082079
767.75 24.266251776700436 22.258198865852986
768.25 24.26790597870658 22.258405262573056
768.7499999999999 24.269558046596693 22.258612113554367
769.25 24.271217995043102 22.25881287341182
769.75 24.272892971326566 22.259020936827785
770.2499999999999 24.27454877944748 22.259230618428447
770.75 24.27621849148322 22.259443159729795
771.25 24.277882942448585 22.25965527117357
771.7499999999999 24.279558725722193 22.25986445669787
772.25 24.281245436284607 22.260087780094974
772.75 24.28291745235991 22.260294614434848
773.2499999999999 24.284580830640692 22.26050987925713
773.75 24.286263111663512 22.260728105283505
774.25 24.287959543104535 22.260954336553024
774.7499999999999 24.28963614531739 22.261167305436395
775.25 24.291315186926003 22.261394317913513
775.75 24.293005369697177 22.261619109339193
776.2499999999999 24.29470376553399 22.26183972172862
776.75 24.296367600839584 22.262074324700116
777.25 24.298062169069034 22.262296795868846
777.7499999999999 24.299766386600126 22.262531806851513
778.25 24.30147119521252 22.262762399504826
778.75 24.303159723584685 22.26299414178618
779.2499999999999 24.304883100351162 22.26322938710642
779.75 24.30658168525531 22.26346316170821
780.25 24.308287796103663 22.263698490990073
780.7499999999999 24.309974236623372 22.26394063162777
781.25 24.31171148180045 22.26418283764971
781.75 24.313415292623727 22.264425017617558
782.2499999999999 24.31511321336471 22.264668707443448
782.75 24.316838559273748 22.264908312187437
783.25 24.31854880480534 22.26516283231845
783.7499999999999 24.320275717585815 22.265406917246587
784.25 24.322001845072243 22.265653135444087
784.75 24.323734552667737 22.265903354794286
785.2499999999999 24.32545590196185 22.26616161227677
785.75 24.32717699265431 22.26640811882847
786.25 24.328912885779147 22.266662677620417
786.7499999999999 24.33066186615578 22.266919503081244
787.25 24.332388957816708 22.2671814323399
787.75 24.33412964958295 22.267433307689146
788.2499999999999 24.33585589086475 22.26769538701103
788.75 24.337616011728795 22.267957918267275
789.25 24.339352857912413 22.26821741490633
789.7499999999999 24.34109319629966 22.268485494984688
790.25 24.34282851639937 22.268752077365246
790.75 24.34458225980841 22.26901173419681
791.2499999999999 24.34634589980305 22.269285832153752
791.75 24.348096511056198 22.26954757995795
792.25 24.34985246022912 22.269825304298237
792.7499999999999 24.35160852208299 22.270095287039236
793.25 24.35337358172458 22.270367435392547
793.75 24.355137171111416 22.27064280478219
794.2499999999999 24.35688465831843 22.270912463747745
794.75 24.358664220018092 22.271196129179067
795.25 24.36041949941993 22.271476396139377
795.7499999999999 24.362196174217615 22.27175657973315
796.25 24.363952611129676 22.2720377035051
796.75 24.36571456469605 22.272321904946352
797.2499999999999 24.367497490397447 22.27260076454081
797.75 24.36928810475807 22.272883937320334
798.25 24.37106567118295 22.273174676597634
798.7499999999999 24.372849857749138 22.273455830327975
799.25 24.37463385102999 22.27374823051521
799.75 24.376417848472343 22.274032728867418
800.2499999999999 24.378212693262636 22.274333026912977
800.75 24.379980655654112 22.274627346375958
801.25 24.381774262859004 22.27491522456557
801.7499999999999 24.383569282406693 22.275211824281953
802.25 24.385360995101134 22.275508759547627
802.75 24.387139413746496 22.275804511657583
803.2499999999999 24.388937416882012 22.27610319201262
803.75 24.390744868247477 22.27640524684045
804.25 24.39254430652591 22.27669953977095
804.7499999999999 24.39435973551833 22.277005635837774
805.25 24.39613728797717 22.277311217173263
805.75 24.39795158183639 22.27761399623191
806.2499999999999 24.39978467091244 22.27791975375922
806.75 24.40157437833804 22.278226933973038
807.25 24.40338779615793 22.278532671133856
807.7499999999999 24.405199286816007 22.27884438826324
808.25 24.407012645534163 22.279155276070412
808.75 24.408837108427207 22.279463478893888
809.2499999999999 24.410658790032855 22.279779398114755
809.75 24.41246934508034 22.28009040552182
810.25 24.414296694940695 22.280408885344173
810.7499999999999 24.41610526693086 22.280723627643056
811.25 24.41793855895254 22.28104261492931
811.75 24.41975615394788 22.281352034292098
812.2499999999999 24.421599468737853 22.281677754809603
812.75 24.423424295156465 22.281995848300525
813.25 24.42526945824866 22.28232379609041
813.7499999999999 24.427118916045757 22.282645448731373
814.25 24.428936747691218 22.282976246919077
814.75 24.430804860440844 22.28330274756218
815.2499999999999 24.432653289864493 22.283626845026564
815.75 24.434503914853636 22.28396271726123
816.25 24.436390433320227 22.284289338654773
816.7499999999999 24.43822710836798 22.28463119894881
817.25 24.440096331118937 22.284963875551984
817.75 24.441946652077387 22.285295490343838
818.2499999999999 24.443828642940588 22.285638400229267
818.75 24.445701440136794 22.28597943252638
819.25 24.447577476904595 22.28631386929966
819.7499999999999 24.449451025640506 22.28666432831041
820.25 24.45132234557382 22.28700251096789
820.75 24.45321387809202 22.287347107843214
821.2499999999999 24.455107236074262 22.28770012908474
821.75 24.45698111240661 22.28804594441078
822.25 24.458884400014874 22.28840420174622
822.7499999999999 24.460765287130435 22.288743120497724
823.25 24.462670080488643 22.289100246809504
823.75 24.46456009634364 22.289455359864693
824.2499999999999 24.46646231007366 22.28981305871035
824.75 24.468373390191317 22.290162028134624
825.25 24.470263607449358 22.29052477140816
825.7499999999999 24.472169307545908 22.29087808509597
826.25 24.474084262818522 22.291247484565474
826.75 24.47597516343184 22.291606537341874
827.2499999999999 24.47789135631752 22.291968461668112
827.75 24.479813520548714 22.29233279434752
828.25 24.48173226224126 22.292695430657083
828.7499999999999 24.48365724019721 22.29306751478098
829.25 24.485566584399177 22.2934331345257
829.75 24.48749857914897 22.293798746714366
