FastTrWP/PhaseSpace/IAs/snIa_0.32_30.00_0.73_-0.02.csv
# %ECSV 0.9
# ---
# datatype:
# - {name: time-rel, datatype: float64}
# - {name: g, datatype: float64}
# - {name: i, datatype: float64}
# schema: astropy-2.0
time-rel g i
[from data line 352]
351.75 23.669942611060797 23.53446684411713
352.25 23.666126186083893 23.531155922319368
352.75 23.662312979083797 23.527867918548694
353.25 23.658517922826114 23.52457211182791
353.75 23.654727606729114 23.52129641868175
354.25 23.650963207979427 23.518032289462955
354.75 23.647188765958678 23.514758993713034
355.25 23.643452540044688 23.511506043041788
355.75 23.639699221371842 23.50826328378666
356.25 23.63595931924646 23.50501147617155
356.75 23.632242401073754 23.501783213230198
357.25 23.62853024137938 23.498565591748026
357.75 23.6248207461551 23.495358397580265
358.24999999999994 23.621133092370748 23.492146243560473
358.75 23.617453344949237 23.488948039449863
359.25 23.613781920778397 23.48575487566796
359.74999999999994 23.610123450479318 23.482566804575676
360.25 23.60647680728363 23.479384392511694
360.75 23.602827482478276 23.476216281872123
361.24999999999994 23.599186572768787 23.473039713023873
361.75 23.59556395552339 23.46988345435578
362.25 23.59194514580606 23.466742221903246
362.74999999999994 23.588347956039932 23.463602690014937
363.25 23.58473762095656 23.460462435600967
363.75 23.58114868119958 23.457339253127955
364.24999999999994 23.5775809900113 23.454220297932782
364.75 23.574006216450847 23.45109773695402
365.25 23.57044101624271 23.44798020187973
365.74999999999994 23.566885482841798 23.444885267107512
366.25 23.56334374404949 23.44179527057691
366.75 23.559799812065148 23.438704642144916
367.24999999999994 23.55627865319722 23.435619798194693
367.75 23.55277060234434 23.432538395849033
368.25 23.549247629092584 23.429471598817592
368.74999999999994 23.545754911925243 23.42640628453927
369.25 23.54225815951368 23.423350317009213
369.75 23.538771026395953 23.420290388996484
370.24999999999994 23.535276238957504 23.417257157344533
370.75 23.531815757264898 23.414212167821194
371.25 23.52834767873589 23.411176572141418
371.74999999999994 23.52489029581731 23.408154547187813
372.25 23.521436596767007 23.405132228198333
372.75 23.51799315616594 23.402121971245357
373.24999999999994 23.51455625399035 23.399102187687703
373.75 23.511141792834355 23.396097495767435
374.25 23.50771783228296 23.393089865259658
374.74999999999994 23.50431178258313 23.3901030726638
375.25 23.500897055885815 23.387104029510247
375.75 23.49750539998769 23.38413125576631
376.24999999999994 23.494111548110542 23.38114538573013
376.75 23.490728696623254 23.37817869427905
377.25 23.48734263130465 23.37520589780832
377.74999999999994 23.483979052015215 23.372248691717434
378.25 23.480628349210406 23.369293589660657
378.75 23.477275318512476 23.366347820434964
379.24999999999994 23.473939845861782 23.363426385894364
379.75 23.470597228633988 23.360482787768724
380.25 23.467273901856977 23.35756007571364
380.74999999999994 23.463955672634924 23.354634887133653
381.25 23.46063793950025 23.351715032119532
381.75 23.4573287769517 23.348804177490617
382.24999999999994 23.454040515377535 23.345904805039268
382.75 23.450748054826477 23.343013704137952
383.25 23.447475988264188 23.340118786160765
383.74999999999994 23.444189505553403 23.33723052922202
384.25 23.440920916666066 23.33435944674957
384.75 23.437673439858937 23.331479850630082
385.24999999999994 23.43440828871614 23.32860433827349
385.75 23.43117456082659 23.325738496955797
386.25 23.427929197417846 23.32288504253917
386.74999999999994 23.42469328343297 23.32003783435349
387.25 23.4214612931734 23.317164825904104
387.75 23.418253822880732 23.314340846237904
388.24999999999994 23.415037139260484 23.311505602303022
388.75 23.411831893222008 23.308672356455528
389.25 23.4086501563366 23.30585569920438
389.74999999999994 23.405446401183518 23.303033943503266
390.25 23.402264073496035 23.300207634097116
390.75 23.39908678038219 23.297400871169497
391.24999999999994 23.395924079563958 23.294595561245366
391.75 23.39274782553769 23.2917958094319
392.25 23.3895832646699 23.28899444140019
392.74999999999994 23.38643555725412 23.286207278551906
393.25 23.383284978342385 23.283424936292924
393.75 23.380150978175315 23.280642173464745
394.24999999999994 23.377020066987683 23.277865660912703
394.75 23.373884233922126 23.2750883310332
395.25 23.370770249454086 23.272333226600015
395.74999999999994 23.367647649084383 23.269571808101517
396.25 23.364537372114242 23.266806680641498
396.75 23.361436771601415 23.26405254025022
397.24999999999994 23.358337627716953 23.261310273964256
397.75 23.355248272977303 23.25857352406088
398.25 23.352159373825124 23.25581950746816
398.74999999999994 23.3490769731044 23.25307674639038
399.25 23.346001058498196 23.250358259679164
399.75 23.34292737890458 23.24763659104384
400.24999999999994 23.33987925254803 23.244910653666185
400.75 23.336810831388213 23.242190562082715
401.25 23.33375743818244 23.23948418661821
401.74999999999994 23.33071770490806 23.236776143027154
402.25 23.327680169264553 23.23406662116976
402.75 23.32463524083987 23.231365849597395
403.24999999999994 23.321615677254613 23.228680813202928
403.75 23.318587887004192 23.225987434690207
404.25 23.315568925205227 23.223299334353328
404.74999999999994 23.31256171424728 23.220614019741067
405.25 23.30953978418572 23.21792960465951
405.75 23.306532690338333 23.21524827966007
406.24999999999994 23.303536316802006 23.21257950169272
406.75 23.300546860468554 23.20991169664056
407.25 23.29756072311964 23.20724903376066
407.74999999999994 23.29456657120337 23.204590189319187
408.25 23.291588470754547 23.20192656823121
408.75 23.288584233857318 23.199272181366972
409.24999999999994 23.285597099291316 23.196593291425845
409.75 23.282595102814692 23.1939366270238
410.25 23.279610231112922 23.19127146216221
410.74999999999994 23.27662124245181 23.188607660859127
411.25 23.273632158811843 23.185956831790744
411.75 23.270638548861214 23.183303086215915
412.24999999999994 23.26765881903291 23.18065557192899
412.75 23.26466645463303 23.17799011095902
413.25 23.26168461188702 23.175340620845354
413.74999999999994 23.258704003752282 23.172680577102675
414.25 23.255725726340163 23.170045778847967
414.75 23.252746463378237 23.167397869161288
415.24999999999994 23.249781383348708 23.16475254921577
415.75 23.246809421130948 23.162116424839724
416.25 23.24384428014708 23.15948359443865
416.74999999999994 23.24087668147477 23.156854066221545
417.25 23.237926056664378 23.154224681715245
417.75 23.2349700303331 23.151602623892877
418.24999999999994 23.23204057349769 23.148990705146716
418.75 23.22909583295171 23.14636695226386
419.25 23.2261602682146 23.14376583487273
419.74999999999994 23.223236246876816 23.141153552596347
420.25 23.220315758216707 23.138540934045313
420.75 23.21739908670697 23.135957759527585
421.24999999999994 23.214501297529978 23.13337497127998
421.75 23.21159225765478 23.13078546896174
422.25 23.208699365685238 23.12819517091519
422.74999999999994 23.205818371622954 23.12563242255336
423.25 23.20293981891718 23.123064550164628
423.75 23.20008851731679 23.12049825069885
424.24999999999994 23.197220815951024 23.117943991329494
424.75 23.194361454162635 23.115406859016563
425.25 23.191533587373627 23.112861162074992
425.74999999999994 23.188700673346535 23.11032186430017
426.25 23.18588637963934 23.10779665946718
426.75 23.183073699434757 23.105274958934437
427.24999999999994 23.18026683270807 23.10275289801212
427.75 23.17748248505916 23.10025181737481
428.25 23.17470560837656 23.09776425947978
428.74999999999994 23.171935493397946 23.095277531260937
429.25 23.16918171356758 23.09279130365699
429.75 23.166434968499527 23.090315099630445
430.24999999999994 23.163697987342154 23.087855211662898
430.75 23.160973537040043 23.08540296086885
431.25 23.158270464080637 23.082946465276002
431.74999999999994 23.155576631158816 23.080517462990052
432.25 23.152897562694086 23.078079103676075
432.75 23.150211176551085 23.075664019301037
433.24999999999994 23.14756276557946 23.07324497633025
433.75 23.144922207374226 23.07084788902965
434.25 23.142287182619246 23.068451664506973
434.74999999999994 23.139670139596568 23.06606816013314
435.25 23.1370770557678 23.06369129798623
435.75 23.13448335581169 23.061334678609807
436.24999999999994 23.13190106441781 23.058985776006903
436.75 23.129355221379143 23.05663289571433
437.25 23.126795304023545 23.05430663292569
437.74999999999994 23.1242814570518 23.05198198189376
438.25 23.121761298485318 23.049666024058833
438.75 23.119262765136128 23.047368245607625
439.24999999999994 23.116773127851648 23.045073597335268
439.75 23.11431020197348 23.042790372003417
440.25 23.111829799116897 23.04050175036583
440.74999999999994 23.109362300062063 23.038238189864675
441.25 23.10691571717411 23.035964790897886
441.75 23.104463119974795 23.03370606265412
442.24999999999994 23.10201277613541 23.03143281469375
442.75 23.099575270402262 23.029192774867994
443.25 23.097141308843483 23.0269401605505
443.74999999999994 23.094712409940694 23.02469817743049
444.25 23.092302582551593 23.022456506491906
444.75 23.08989674121356 23.020220958577234
445.24999999999994 23.087499445059912 23.017995831383967
445.75 23.085097846117705 23.015771490219485
446.25 23.082709843029086 23.0135569169285
446.74999999999994 23.080345148134068 23.01135271357665
447.25 23.07797440586379 23.009142556226315
447.75 23.075607639245188 23.00694544494902
448.24999999999994 23.07325559833942 23.004752247775034
448.75 23.07091409141933 23.00256413853408
449.25 23.068578133835274 23.000386328496056
449.74999999999994 23.066255755404313 22.99821112209714
450.25 23.06392262794127 22.996046685088295
450.75 23.06161814313036 22.993889089915104
451.24999999999994 23.059320722886127 22.991732235576023
451.75 23.05702819392448 22.989582562523662
452.25 23.05474128305828 22.98744244955056
452.74999999999994 23.052465153918433 22.985313920946318
453.25 23.050201930722032 22.983179499994332
453.75 23.047949574664116 22.981072283550677
454.24999999999994 23.045702921751637 22.97895146226629
454.75 23.043465394000748 22.976849027206537
455.25 23.04122909027877 22.974752000427642
455.74999999999994 23.0390240706257 22.972655100156718
456.25 23.036822497708677 22.970578851639697
456.75 23.034620256494428 22.96849148061036
457.24999999999994 23.032437830905717 22.966420453738774
457.75 23.030264528840743 22.964356829191775
458.25 23.028089837184407 22.96229897044217
458.74999999999994 23.025933631245984 22.9602516162176
459.25 23.02379185976428 22.95821609074895
459.75 23.021657929706336 22.95618422770881
460.24999999999994 23.019542407484707 22.95416376309649
460.75 23.017421026740372 22.952142023474295
461.25 23.015323072778333 22.95012615511571
461.74999999999994 23.013230616670942 22.94812130059968
462.25 23.011160255410704 22.94612991409252
462.75 23.00908025905037 22.94414609981839
463.24999999999994 23.007024329324004 22.9421713251591
463.75 23.004975668463594 22.940198557690174
464.25 23.002943915473324 22.93823116128403
464.74999999999994 23.000912239899016 22.936276038530316
465.25 22.998909958575492 22.93433020261873
465.75 22.996909379662217 22.932390574980776
466.24999999999994 22.99492173148709 22.930473867199794
466.75 22.992944105498086 22.928544822102474
467.25 22.990982850537975 22.92663488383456
467.74999999999994 22.989033883366524 22.924734323007808
468.25 22.987083936282016 22.922833517735093
468.75 22.985158678582856 22.92095464272288
469.24999999999994 22.98324446089126 22.919063099676986
469.75 22.98133564728211 22.917194354461294
470.25 22.979444239455123 22.915334439699375
470.74999999999994 22.97756837327246 22.91348354098563
471.25 22.975703426371 22.91164867765852
471.75 22.973845742814277 22.909806988475076
472.24999999999994 22.971992824952917 22.907976033222724
472.75 22.970160356835613 22.906155367934623
473.25 22.968316958599914 22.904328705813157
473.74999999999994 22.966501467545424 22.90252671777221
474.25 22.96468960157883 22.900717073913867
474.75 22.962884697831246 22.89891077557931
475.24999999999994 22.96107038061139 22.8971272591359
475.75 22.95929119458206 22.895343324600113
476.25 22.95752175382733 22.893566364633312
476.74999999999994 22.955734799962016 22.891787095326848
477.25 22.953989620801302 22.890020953604278
477.75 22.952224048917216 22.888263505852798
478.24999999999994 22.950482773806556 22.8865132445167
478.75 22.948749588124464 22.884769280734382
479.25 22.947036178048414 22.883015985244725
479.74999999999994 22.945313716934336 22.881292634800857
480.25 22.943593474033225 22.879562915015587
480.75 22.941896397199855 22.877841352685927
481.24999999999994 22.940214235892626 22.876120688767067
481.75 22.938537912500763 22.87442329503909
482.25 22.93685302493822 22.872715567012953
482.74999999999994 22.935193498841706 22.871009543542023
483.25 22.933535321076555 22.86932886309796
483.75 22.93188925776036 22.867647339121305
484.24999999999994 22.930249633610206 22.865976110015414
484.75 22.928621063751855 22.864303800175886
485.25 22.927001322774466 22.8626300655926
485.75 22.925384663767666 22.86097432484543
486.25 22.92378251692576 22.85931731009861
486.75 22.92218952817511 22.85767605740549
487.25 22.92061781230818 22.856041153177085
487.75 22.919026466245267 22.85440888819838
488.25 22.91746287659725 22.85277546185167
488.75 22.915906575393834 22.851160854982098
489.25 22.914348385959133 22.849544639471166
489.75 22.912811302036452 22.84793431206786
490.25 22.911276239569457 22.846327381163242
490.75 22.909758649659278 22.84473940523492
491.25 22.908227345127035 22.843150688358243
491.75 22.906720827667225 22.841563042387996
492.25 22.90522118526082 22.839981437501
492.75 22.903741106473113 22.838418842459227
493.25 22.902252367593505 22.836850606704342
493.75 22.900777265977975 22.83529298303605
494.25 22.89931792173661 22.83374343234985
494.75 22.897862748154285 22.832196864695014
495.25 22.896410247531435 22.83065834001901
495.75 22.894966111428012 22.82912372398384
496.25 22.893541841323966 22.827587922685147
496.75 22.892125315406354 22.82606646665392
497.25 22.890713549764648 22.824545823012873
497.75 22.88930762628681 22.82303531689903
498.25 22.887908792693608 22.82153634796877
498.75 22.886526417079473 22.820026662964867
499.25 22.88514682096028 22.81853998934412
499.75 22.883778168311043 22.817058797773292
500.25 22.882404461086207 22.81557947957313
500.75 22.881066649600946 22.814101353612863
501.25 22.879713909657866 22.81263826647394
501.75 22.878380660317035 22.81117031293558
502.25 22.877052327490084 22.809721045621323
502.75 22.875741100016306 22.808266843857282
503.25 22.874429018338702 22.806820610153068
503.75 22.873120364327594 22.80538548650124
504.25 22.871828486617268 22.803940933335237
504.75 22.87053780721464 22.80251966026905
505.25 22.86925123364825 22.80110489865173
505.75 22.86798963444255 22.799680855479288
506.25 22.86671290296023 22.79826947197014
506.75 22.865453148517545 22.7968639803407
507.25 22.86419800644707 22.79546046876883
507.75 22.862956131530275 22.794060886926488
508.25 22.861714941490572 22.792663116860265
508.75 22.860487413357138 22.79128471381016
509.25 22.859260922339843 22.789898595801105
509.75 22.85804326037229 22.788524123000343
510.25 22.856842413228083 22.787154740941993
510.75 22.85563030751533 22.785782263443895
511.25 22.854440713929005 22.784427543649414
511.75 22.853256840844423 22.783072284341284
512.25 22.852073246987878 22.781719792043837
512.75 22.8509027149622 22.780370374737984
513.25 22.84973558086357 22.77903452642052
513.75 22.848582023646436 22.777695784899766
514.25 22.84742767724915 22.77636986061522
514.75 22.846287094979296 22.775048224742598
515.25 22.845148280150266 22.773731850505904
515.75 22.844030522939814 22.77241548348328
516.25 22.842914803938022 22.771108736221443
516.75 22.84179154073926 22.7698078721342
517.25 22.84069002647325 22.7685092780091
517.75 22.83959063536621 22.767218601849713
518.25 22.838516949400606 22.76593607696892
518.75 22.83743160543636 22.764647919983364
519.25 22.83635085585225 22.763382897465636
519.75 22.835290644669048 22.76210653088122
520.25 22.834231142497508 22.76084107043824
520.75 22.833180916373287 22.759584659260874
