FastTrWP/PhaseSpace/IAs/snIa_0.61_30.00_-0.12_-0.13.csv
# %ECSV 0.9
# ---
# datatype:
# - {name: time-rel, datatype: float64}
# - {name: g, datatype: float64}
# - {name: i, datatype: float64}
# schema: astropy-2.0
time-rel g i
[from data line 2395]
1310.625 25.638867338040924 23.206436644618265
1311.125 25.639217990468147 23.20765206114361
1311.625 25.639536559771308 23.208874063439694
1312.125 25.639868056161646 23.210083329800884
1312.625 25.64015466773005 23.21129248890822
1313.125 25.64042774416315 23.212515907214947
1313.625 25.64071575063529 23.21373194548755
1314.125 25.640955596424455 23.214949732433986
1314.625 25.641176803001805 23.21616457610085
1315.125 25.641328182534224 23.21737191669136
1315.625 25.641499692426816 23.218584300765915
1316.125 25.64165520180699 23.219813032409583
1316.625 25.641759240084046 23.22103179761791
1317.125 25.64183842488592 23.222252194493937
1317.625 25.641919526570945 23.22345052315947
1318.125 25.641974021220044 23.224663326070928
1318.625 25.64203610003051 23.225888997786285
1319.125 25.6420492957699 23.227099728304527
1319.625 25.64200703626273 23.228326635516858
1320.125 25.641974802793666 23.229547326535418
1320.625 25.64192433048152 23.2307617936986
1321.125 25.64182040603583 23.231961972049948
1321.625 25.641775761075763 23.233178847515262
1322.125 25.641646048653882 23.234402179317946
1322.625 25.641521338600732 23.23562235480395
1323.125 25.64138778208691 23.236833490533225
1323.625 25.641241536737848 23.238058352132246
1324.125 25.641062717993574 23.23926969538006
1324.625 25.6408670051717 23.240486039207063
1325.125 25.640681428282956 23.24170764517501
1325.625 25.640445002345288 23.2429211617346
1326.125 25.640202407510916 23.244136200810846
1326.625 25.639964132332544 23.24535435777033
1327.125 25.63971229046789 23.24656936733408
1327.625 25.639477796275138 23.247790342733484
1328.125 25.63919848046747 23.249009140579776
1328.625 25.6388851219399 23.250223854759344
1329.125 25.6385933172631 23.251445841797103
1329.625 25.638292882625432 23.252663695695617
1330.125 25.63792229683465 23.253879074359382
1330.625 25.63763389349049 23.25510410959394
1331.125 25.637288618920753 23.256320758088762
1331.625 25.636968596803005 23.257528993655427
1332.125 25.636594414427428 23.258760145979387
1332.625 25.636249047989615 23.259987140789633
1333.125 25.635875588679777 23.26119406170477
1333.625 25.635504559724502 23.262416179914265
1334.125 25.635141200140335 23.26364527794305
1334.625 25.634751729238747 23.264856322947626
1335.125 25.63438156698451 23.266080169784487
1335.625 25.634024960040463 23.267296466425922
1336.125 25.633598401530463 23.26851951149768
1336.625 25.633231659158202 23.269748933119946
1337.125 25.63283342008832 23.27096525278425
1337.625 25.63244776247171 23.272175422763006
1338.125 25.63207915516842 23.273406113289766
1338.625 25.631655183265813 23.274628105292507
1339.125 25.631239146844678 23.27585514803917
1339.625 25.63087615802796 23.27707494935168
1340.125 25.630480480748204 23.278299436431396
1340.625 25.630093774796414 23.279520286200423
1341.125 25.629722996646255 23.280742635932175
1341.625 25.62932698768122 23.281981641059822
1342.125 25.628971611816098 23.283192744637397
1342.625 25.628565221047275 23.28442430105556
1343.125 25.62821696666052 23.28564516242863
1343.625 25.627835795140797 23.286864165724236
1344.125 25.62748664013376 23.288095433545877
1344.625 25.627135604353903 23.289323198577097
1345.125 25.62677928128673 23.290549277036074
1345.625 25.62642436766996 23.291771415960003
1346.125 25.626127154288703 23.29299597827086
1346.625 25.625810179158588 23.294232235567975
1347.125 25.62552631993631 23.295458100143588
1347.625 25.625202155449248 23.29668935014157
1348.125 25.62492211920661 23.297913405772164
1348.625 25.624596391255842 23.29915459750155
1349.125 25.624340941384286 23.300373704566884
1349.625 25.62406450628727 23.30160894732394
1350.125 25.62384489163736 23.302834326406767
1350.625 25.623617463753007 23.30406683887999
1351.125 25.62338727433431 23.305300028477443
1351.625 25.623188789082892 23.306530385418498
1352.125 25.623012016341317 23.30775989548144
1352.625 25.622789883512127 23.309000416017653
1353.125 25.622634460216464 23.310217392768973
1353.625 25.622410035167952 23.311473428071196
1354.125 25.622164808580024 23.31268871180766
1354.625 25.621969082229263 23.31392497120053
1355.125 25.62170173503602 23.315168680492327
1355.625 25.621487193310465 23.316394121106757
1356.125 25.621234710205812 23.31762906435963
1356.625 25.62099805121423 23.31886050722378
1357.125 25.620758073865897 23.32010907713352
1357.625 25.62054480157071 23.321334975576036
1358.125 25.620260894540657 23.32257099734172
1358.625 25.619981046522376 23.323807493747907
1359.125 25.619723194968547 23.325043210864912
1359.625 25.61945684756248 23.326292538316487
1360.125 25.61919949168631 23.327514590395925
1360.625 25.618890470661544 23.32875177086063
1361.125 25.61863084203749 23.329997553006002
1361.625 25.61833378472853 23.3312257754843
1362.125 25.618080109784085 23.332468845034743
1362.625 25.617779119467873 23.333699336227404
1363.125 25.617491950289015 23.334943959265235
1363.625 25.61721907244356 23.336181074368017
1364.125 25.61696105073422 23.337413384840858
1364.625 25.616664224435077 23.33865573175441
1365.125 25.616380197794825 23.33990976500931
1365.625 25.616119738891086 23.341137984104478
1366.125 25.615810867131113 23.342385629972554
1366.625 25.615567025699097 23.3436150869963
1367.125 25.615297751101693 23.34485214193044
1367.625 25.615004881238896 23.34610002422035
1368.125 25.614754836729084 23.347335851063548
1368.625 25.61448499510319 23.348587374974894
1369.125 25.61422686346007 23.34982489862484
1369.625 25.6139965216142 23.351069167260576
1370.125 25.613715601934494 23.352306974428018
1370.625 25.61344021204217 23.3535544745677
1371.125 25.61324192487334 23.354789058536554
1371.625 25.61299971485679 23.356036608482253
1372.125 25.612785148555986 23.357273295616867
1372.625 25.612530237759934 23.358504623470118
1373.125 25.612335994524322 23.359754741997016
1373.625 25.612109906774126 23.361004237018307
1374.125 25.61191127400246 23.362247393040434
1374.625 25.611699300481373 23.363494649321698
1375.125 25.61152204328756 23.36474337600948
1375.625 25.6113422344065 23.365978081659957
1376.125 25.611194940327174 23.367233121612756
1376.625 25.611019490865093 23.36847296245876
1377.125 25.610868822530662 23.36972551179242
1377.625 25.61073721914447 23.370966205254383
1378.125 25.61062063450354 23.372208379315005
1378.625 25.610482852906244 23.37346039561784
1379.125 25.610381864174144 23.37469861916304
1379.625 25.610268914244372 23.37594349872186
1380.125 25.61018196651056 23.377199255780976
1380.625 25.610116074026475 23.378449380719054
1381.125 25.610041768691907 23.379695437492888
1381.625 25.609998673910283 23.380947870625697
1382.125 25.609981756746546 23.382185921389734
1382.625 25.609943962359406 23.383447585852167
1383.125 25.609925519670455 23.384687258467203
1383.625 25.609963172711776 23.38593781803178
1384.125 25.609969060483095 23.387188823283296
1384.625 25.610011873744373 23.38844349007031
1385.125 25.61006100670991 23.389690437382345
1385.625 25.610148565869004 23.39093386232012
1386.125 25.610225008887717 23.392196376291658
1386.625 25.610311886558236 23.393439518462156
1387.125 25.610459525252338 23.394687046811086
1387.625 25.610544435039287 23.395941277485353
1388.125 25.61072222412951 23.39719585291437
1388.625 25.61089163358639 23.398449775082334
1389.125 25.61106585205384 23.399693627884382
1389.625 25.61129133560934 23.40095130509955
1390.125 25.61152228663158 23.402204367881122
1390.625 25.61176386272701 23.40344836583782
1391.125 25.612043411523658 23.40470750642901
1391.625 25.612305954127514 23.40596969735794
1392.125 25.6125737229217 23.407212779860046
1392.625 25.612876977131176 23.408472105209086
1393.125 25.613169216827956 23.409729097678248
1393.625 25.61347110652995 23.410989796607133
1394.125 25.613801034196566 23.412247079132406
1394.625 25.61412236316826 23.41350359379284
1395.125 25.614475187718853 23.414749149783987
1395.625 25.614840292388962 23.416013764970252
1396.125 25.61518717392368 23.417278206856874
1396.625 25.61556863835751 23.41853558472311
1397.125 25.615952780291188 23.41979354196541
1397.625 25.616322675176576 23.421056060457488
1398.125 25.61672833508154 23.422311148190282
1398.625 25.617157198144348 23.42357355714915
1399.125 25.617600723261774 23.42482709550785
1399.625 25.6180409291649 23.426094318324186
1400.125 25.618484930729373 23.427358492587015
1400.625 25.618919196904496 23.428629400225876
1401.125 25.619404743051554 23.429869285334956
1401.625 25.61988051331861 23.431139901029255
1402.125 25.62038857684061 23.432397306828378
1402.625 25.620843857685554 23.433659391614448
1403.125 25.621398526976215 23.43493644229314
1403.625 25.621901474886624 23.436195620584993
1404.125 25.622437766028938 23.437444086546524
1404.625 25.622996659670854 23.43871097290929
1405.125 25.623544831766626 23.439983641464632
1405.625 25.624102591780165 23.441243392730353
1406.125 25.624696242380626 23.442505213982695
1406.625 25.625257073372254 23.44378152804472
1407.125 25.62584120786443 23.445031423682323
1407.625 25.626473034148795 23.446305184903473
1408.125 25.627098437872068 23.447562735887995
1408.625 25.627751324143176 23.448836422929304
1409.125 25.628380013044975 23.450101309713126
1409.625 25.62901907341643 23.451360059951632
1410.125 25.629716529165858 23.452613336016643
1410.625 25.63036429358636 23.453893547181657
1411.125 25.63107105563961 23.455164251146915
1411.625 25.63177731772249 23.45642694105122
1412.125 25.632451713995632 23.45768980481789
1412.625 25.633211636192566 23.45895100070051
1413.125 25.633943019845226 23.46022828763191
1413.625 25.634695131411647 23.461491875478778
1414.125 25.635426293776643 23.46275471690553
1414.625 25.636202181796396 23.46402097511019
1415.125 25.63696129669529 23.465287522921795
1415.625 25.63777831935252 23.4665471052778
1416.125 25.63856990817847 23.46782484636911
