FastTrWP/PhaseSpace/IAs/snIa_0.58_30.00_0.73_0.11.csv
# %ECSV 0.9
# ---
# datatype:
# - {name: time-rel, datatype: float64}
# - {name: g, datatype: float64}
# - {name: i, datatype: float64}
# schema: astropy-2.0
time-rel g i
[from data line 2018]
1125.7916666666667 25.567269924455125 22.60040389072589
1126.2916666666667 25.56879381076031 22.601216779969796
1126.7916666666667 25.570292934461452 22.602030428951174
1127.2916666666667 25.571844389022097 22.60284893333873
1127.7916666666667 25.57332783289075 22.60367294600105
1128.2916666666667 25.57487164115328 22.604487121320457
1128.7916666666667 25.576382355381618 22.605306331046116
1129.2916666666667 25.5779313228416 22.60612348959913
1129.7916666666667 25.579408492906694 22.60695191920503
1130.2916666666667 25.58092755955565 22.60777341583751
1130.7916666666667 25.58243054357863 22.608597377890547
1131.2916666666667 25.58395359878389 22.60942546524246
1131.7916666666667 25.585476230276218 22.610245078255605
1132.2916666666667 25.586953810628287 22.611086016371953
1132.7916666666667 25.588436972145573 22.611917503355503
1133.2916666666667 25.58995901293484 22.612735228450735
1133.7916666666667 25.591432117210825 22.613563468874855
1134.2916666666667 25.592958992324636 22.61440384733403
1134.7916666666667 25.59445350579073 22.615235134799295
1135.2916666666667 25.595943550642133 22.616068602246884
1135.7916666666667 25.59741815722195 22.616909094505235
1136.2916666666667 25.598908185827625 22.617745302449386
1136.7916666666667 25.60038160924508 22.61858180934886
1137.2916666666667 25.601887181848923 22.61942035380152
1137.7916666666667 25.603339191057106 22.62025561308748
1138.2916666666667 25.60484443784977 22.621100948519963
1138.7916666666667 25.606309661193883 22.621941767249993
1139.2916666666667 25.607783546491323 22.62278987902779
1139.7916666666667 25.609287037095314 22.623641507940167
1140.2916666666667 25.610754358711812 22.62447837122091
1140.7916666666667 25.61221271046262 22.625326549045752
1141.2916666666667 25.61370387633921 22.62617937230374
1141.7916666666667 25.615156268523656 22.627027808497736
1142.2916666666667 25.6166295932968 22.627874626436913
1142.7916666666667 25.61812522104312 22.628723277328483
1143.2916666666667 25.619573342262292 22.629579462659066
1143.7916666666667 25.62104085652858 22.630439707086943
1144.2916666666667 25.622472885277002 22.631291616154016
1144.7916666666667 25.623958619834045 22.632143028092475
1145.2916666666667 25.625436178948764 22.633003382121203
1145.7916666666667 25.62684578017994 22.633859619199864
1146.2916666666667 25.628331067091118 22.634726496706612
1146.7916666666667 25.629799414043987 22.635586098967305
1147.2916666666667 25.63123434705592 22.636443659924154
1147.7916666666667 25.632698660706403 22.63730971665742
1148.2916666666667 25.634173729838455 22.63817789915986
1148.7916666666667 25.635569784614574 22.639039389214414
1149.2916666666667 25.637071494291362 22.639905732289822
1149.7916666666667 25.638512758992587 22.640777478956707
1150.2916666666667 25.639949323485517 22.64164996417221
1150.7916666666667 25.641415974085856 22.64252039297684
1151.2916666666667 25.642836170578548 22.643389798440655
1151.7916666666667 25.6442847101837 22.644265572785677
1152.2916666666667 25.645724316007605 22.645137001677295
1152.7916666666667 25.64717674457084 22.646007973708958
1153.2916666666667 25.648616685385758 22.646888262236416
1153.7916666666667 25.65005556057769 22.647771311436493
1154.2916666666667 25.651457469059096 22.648648402854626
1154.7916666666667 25.65288874554796 22.64952839393643
1155.2916666666667 25.65429993144243 22.65041669453614
1155.7916666666667 25.65572039183818 22.651296653205712
1156.2916666666667 25.657127708558352 22.652195586190086
1156.7916666666667 25.65853542749518 22.653083883770613
1157.2916666666667 25.659905623354817 22.65397365601065
1157.7916666666667 25.661347499362673 22.654872982337146
1158.2916666666667 25.662751824168673 22.655775923727045
1158.7916666666667 25.66412412039538 22.656669208923383
1159.2916666666667 25.665479953166873 22.65756294007744
1159.7916666666667 25.66686670193509 22.65846608754851
1160.2916666666667 25.668254345377836 22.659373314809855
1160.7916666666667 25.669627701789963 22.66028379408325
1161.2916666666667 25.671020641741325 22.6611794438831
1161.7916666666667 25.672338837295875 22.66209186327513
1162.2916666666667 25.673716032812838 22.66300332527548
1162.7916666666667 25.675074005069614 22.663919223830252
1163.2916666666667 25.676466060581458 22.66482669578137
1163.7916666666667 25.677797248758996 22.66573508756952
1164.2916666666667 25.679180614378012 22.666656467032077
1164.7916666666667 25.6805143030976 22.667570916503372
1165.2916666666667 25.6818424222919 22.668492725605187
1165.7916666666667 25.683209885178652 22.669420140681638
1166.2916666666667 25.684566073572277 22.670336971517997
1166.7916666666667 25.685880286500918 22.67125502099484
1167.2916666666667 25.687243695045943 22.672180659501798
1167.7916666666667 25.688603206834895 22.6730941393398
1168.2916666666667 25.689942873021337 22.674032937780115
1168.7916666666667 25.691241337666334 22.674957307541952
1169.2916666666667 25.692591998778465 22.675884373324354
1169.7916666666667 25.693936395360552 22.67680742527777
1170.2916666666667 25.695257905690244 22.677740116855603
1170.7916666666667 25.696604111932665 22.678670439595493
1171.2916666666667 25.697916801587567 22.67960135709027
1171.7916666666667 25.699234094408364 22.68053597204205
1172.2916666666667 25.70059049826815 22.681463277494696
1172.7916666666667 25.701920402245978 22.68240043431634
1173.2916666666667 25.703254251356018 22.68334088908551
1173.7916666666667 25.704568762068632 22.684272828137807
1174.2916666666667 25.705898195749075 22.685207416309577
1174.7916666666667 25.707245422681282 22.68614337773851
1175.2916666666667 25.708570321446317 22.687083020056974
1175.7916666666667 25.709933772149913 22.68802345204131
1176.2916666666667 25.711255588533177 22.688962089575853
1176.7916666666667 25.712567212247606 22.68989870490656
1177.2916666666667 25.71389755164651 22.69083552987299
1177.7916666666667 25.71527774841229 22.691778827385942
1178.2916666666667 25.716561445929912 22.69271563355329
1178.7916666666667 25.717912298548026 22.69365869000549
1179.2916666666667 25.71926292198939 22.69459892125983
1179.7916666666667 25.72061013087364 22.695540809276142
1180.2916666666667 25.72194031371778 22.69648196570445
1180.7916666666667 25.723279869409996 22.69742011258394
1181.2916666666667 25.72461665624012 22.69837020107782
1181.7916666666667 25.725993997458545 22.699306557035378
1182.2916666666667 25.72730529223005 22.700254190432112
1182.7916666666667 25.728684082901253 22.701186631760795
1183.2916666666667 25.73002026818007 22.702123786114306
1183.7916666666667 25.73140770723115 22.703070864599976
1184.2916666666667 25.73275473784812 22.7040181044504
1184.7916666666667 25.734133522641187 22.704959732998354
1185.2916666666667 25.73548008212044 22.705899756244442
1185.7916666666667 25.736876210952527 22.706837687695657
1186.2916666666667 25.73822918580297 22.70778477843404
1186.7916666666667 25.739634230365176 22.70872097036506
1187.2916666666667 25.740990760273608 22.709664169450832
1187.7916666666667 25.742392399254577 22.7105948242013
1188.2916666666667 25.743794789350982 22.711535350017463
1188.7916666666667 25.7451751377685 22.71247047361687
1189.2916666666667 25.746602848324528 22.713417199281576
1189.7916666666667 25.747960089836365 22.71434720514391
1190.2916666666667 25.749412918057097 22.715286142406875
1190.7916666666667 25.75083037449612 22.71622603197351
1191.2916666666667 25.7522474417569 22.717161730728293
1191.7916666666667 25.753642583908764 22.718098701776466
1192.2916666666667 25.75506517683298 22.71903651888101
1192.7916666666667 25.75647172364925 22.719973400486694
1193.2916666666667 25.75789133424312 22.720911076970488
1193.7916666666667 25.75933188977928 22.72185300067243
1194.2916666666667 25.760737814440688 22.722796221874194
1194.7916666666667 25.762184370738996 22.72372714509625
1195.2916666666667 25.763585695724508 22.72466927879514
1195.7916666666667 25.765024221440708 22.72561504960532
1196.2916666666667 25.766425619990223 22.726545063028432
1196.7916666666667 25.767858349259658 22.727495780074513
1197.2916666666667 25.769288643617262 22.72843587372889
1197.7916666666667 25.77073347400619 22.729380029733658
1198.2916666666667 25.772182708970593 22.730322489728053
1198.7916666666667 25.7735831083834 22.731273128024725
1199.2916666666667 25.775038065008268 22.73220547905392
1199.7916666666667 25.77646782899955 22.733147099037264
1200.2916666666667 25.777895784084507 22.73409266855422
1200.7916666666667 25.779323284346734 22.735043258230835
1201.2916666666667 25.78076142242052 22.73598753528993
1201.7916666666667 25.782218887029074 22.73693555179728
1202.2916666666667 25.78364067317443 22.737878581630582
1202.7916666666667 25.78510593300914 22.738818220276812
1203.2916666666667 25.786515575606728 22.73976819014138
1203.7916666666667 25.78800156701636 22.74071590296665
1204.2916666666667 25.78942155766982 22.741663487207052
1204.7916666666667 25.790889193972557 22.742616042193045
1205.2916666666667 25.79234401893701 22.743561919287085
1205.7916666666667 25.79378232666287 22.74450340678847
1206.2916666666667 25.79523498311916 22.745459315881597
1206.7916666666667 25.79664842530224 22.746406162139174
1207.2916666666667 25.798115207670843 22.74736124312154
1207.7916666666667 25.799622578705694 22.74830302063264
1208.2916666666667 25.80105031636579 22.749248882102954
1208.7916666666667 25.802533424809617 22.750200780012758
1209.2916666666667 25.804014116790764 22.751146964840288
1209.7916666666667 25.80546009389266 22.752108687925134
1210.2916666666667 25.80694177039238 22.753052385749054
1210.7916666666667 25.808374241149128 22.754007051272012
1211.2916666666667 25.809865068776997 22.75496153070129
1211.7916666666667 25.811359960623076 22.755907621701596
1212.2916666666667 25.81278668464078 22.756862493184116
1212.7916666666667 25.81428645251283 22.757812655956865
1213.2916666666667 25.8157930823722 22.75876049393386
1213.7916666666667 25.81727637039772 22.759719225259648
1214.2916666666667 25.818754371655658 22.760666726835144
1214.7916666666667 25.82025514682257 22.76161835729222
1215.2916666666667 25.821728068635828 22.76257518425541
1215.7916666666667 25.823212782934633 22.76352996465353
1216.2916666666667 25.82469464442008 22.764480355229942
1216.7916666666667 25.826224482138386 22.7654240088959
1217.2916666666667 25.827706626774976 22.766384462779552
1217.7916666666667 25.829209803360843 22.767341637430007
1218.2916666666667 25.83070070874602 22.768290649779566
1218.7916666666667 25.832225794663067 22.769246747369877
1219.2916666666667 25.833735997756364 22.77020825514219
1219.7916666666667 25.835236304464733 22.771152920335535
1220.2916666666667 25.836766553154916 22.772104033813932
1220.7916666666667 25.838319923135458 22.773067447775347
1221.2916666666667 25.839800456963257 22.77401445159117
1221.7916666666667 25.841333529896232 22.77497359031237
1222.2916666666667 25.842871143772935 22.775922800753314
1222.7916666666667 25.844402757117102 22.776877310477914
1223.2916666666667 25.84593843359281 22.777824498156164
1223.7916666666667 25.84746160749421 22.778786809788688
1224.2916666666667 25.849048360022906 22.779737674160824
1224.7916666666667 25.850555086382446 22.780689583551744
1225.2916666666667 25.85209837744194 22.78164520685432
1225.7916666666667 25.853664971331284 22.78260708820973
1226.2916666666667 25.855223739892526 22.783557228020364
1226.7916666666667 25.85675816165012 22.784512758258728
1227.2916666666667 25.858333077316953 22.78546241593248
1227.7916666666667 25.859875515253833 22.786414121856026
1228.2916666666667 25.861452706430043 22.78737636279955
1228.7916666666667 25.86301055837717 22.788327843067364
1229.2916666666667 25.864575762240918 22.789287044152864
1229.7916666666667 25.866178801143967 22.79023376337527
1230.2916666666667 25.867747713529404 22.791180294274433
1230.7916666666667 25.869359806568824 22.792135876429136
1231.2916666666667 25.870918680148435 22.793093316737778
1231.7916666666667 25.87252887127647 22.794055278761363
1232.2916666666667 25.874134400494675 22.795008186720306
1232.7916666666667 25.875715438024503 22.79596378785068
1233.2916666666667 25.877279854385016 22.79691544862756
1233.7916666666667 25.878868520222053 22.797876897681935
1234.2916666666667 25.88045943511631 22.79882458913309
1234.7916666666667 25.88208223566777 22.799775333023078
1235.2916666666667 25.88369996531773 22.800739783763287
1235.7916666666667 25.88528583663578 22.80169834346584
1236.2916666666667 25.88692119446514 22.80265286109487
1236.7916666666667 25.888546440175354 22.803610098267665
1237.2916666666667 25.89016706012599 22.804559246782304
1237.7916666666667 25.89177352863803 22.805520416770243
1238.2916666666667 25.893390842816274 22.806473377543544
1238.7916666666667 25.895023440803783 22.807426583211367
1239.2916666666667 25.89666561140589 22.808390579049348
1239.7916666666667 25.898296718855963 22.809345387174243
1240.2916666666667 25.89993405725039 22.81029600785013
1240.7916666666667 25.901572538182034 22.811251656894356
1241.2916666666667 25.903216381516238 22.812219124898863
1241.7916666666667 25.904843182466074 22.813171982111054
1242.2916666666667 25.906507713836262 22.8141362921354
1242.7916666666667 25.908181331228562 22.815081711219566
1243.2916666666667 25.90982426431588 22.816043956491896
1243.7916666666667 25.911442015788126 22.81700012736647
1244.2916666666667 25.91311012643249 22.817962764855583
1244.7916666666667 25.914776999768364 22.818918778840718
1245.2916666666667 25.91644041339435 22.8198836203233
1245.7916666666667 25.918091168577092 22.820838008881204
1246.2916666666667 25.919774973943646 22.821788658997193
1246.7916666666667 25.921470102581253 22.822753441182634
1247.2916666666667 25.92313867786643 22.823707149594146
1247.7916666666667 25.924827565214827 22.824667679342703
1248.2916666666667 25.926496764928785 22.825624968845876
1248.7916666666667 25.928194045961437 22.8265866520455
1249.2916666666667 25.929872924588754 22.827545120505217
1249.7916666666667 25.93155352848918 22.828495804513516
1250.2916666666667 25.933288396084883 22.829461341557064
1250.7916666666667 25.934971581374597 22.83042378546424
1251.2916666666667 25.936631874889745 22.831377922220067
1251.7916666666667 25.938353769697944 22.83233954026523
1252.2916666666667 25.94007158646674 22.833297479146736
1252.7916666666667 25.941797810160573 22.834261093388
1253.2916666666667 25.943501762860556 22.835213524580208
1253.7916666666667 25.945216521888472 22.836174607947576
1254.2916666666667 25.946919953399824 22.837131178285194
1254.7916666666667 25.94867938638376 22.838098916770733
1255.2916666666667 25.9503943818788 22.8390565653052
1255.7916666666667 25.95216093468307 22.840022106078102
1256.2916666666667 25.953888945165563 22.84097249482693
1256.7916666666667 25.95561027190349 22.841927762081646
1257.2916666666667 25.95737219852473 22.842892700167738
1257.7916666666667 25.95910619758046 22.843854711608916
1258.2916666666667 25.960842242733126 22.844811598090807
1258.7916666666667 25.962592450257734 22.845775638009982
1259.2916666666667 25.964370167438673 22.846731479052494
1259.7916666666667 25.966135242887837 22.847695785190286
1260.2916666666667 25.967868969448688 22.84865508842962
1260.7916666666667 25.969620392383593 22.84961242319532
1261.2916666666667 25.971415634868823 22.850573322865184
1261.7916666666667 25.97318404652072 22.851533648666607
1262.2916666666667 25.974995295686263 22.852494692354902
1262.7916666666667 25.97673017131802 22.85346003965668
1263.2916666666667 25.97853744768595 22.854421170705844
1263.7916666666667 25.980294400550076 22.85537057682121
1264.2916666666667 25.98209542740093 22.856340820032695
1264.7916666666667 25.983918413924837 22.85729269755305
1265.2916666666667 25.98571764140328 22.858263175308306
1265.7916666666667 25.987484729794282 22.85922485644081
1266.2916666666667 25.989276612132315 22.860175127920034
1266.7916666666667 25.991139577433323 22.861135503419195
1267.2916666666667 25.992926646158953 22.862095670988765
