FastTrWP/PhaseSpace/IAs/snIa_0.36_30.00_-0.18_-0.21.csv
# %ECSV 0.9
# ---
# datatype:
# - {name: time-rel, datatype: float64}
# - {name: g, datatype: float64}
# - {name: i, datatype: float64}
# schema: astropy-2.0
time-rel g i
[from data line 701]
-65.5 22.686888742713975 22.950571125353232
-65.0 22.686142255476526 22.949502012295554
-64.5 22.685408958413245 22.948440472430583
-64.0 22.684686102807788 22.94737544002203
-63.5 22.68396697208607 22.946324399986942
-63.0 22.683255486985306 22.94527223765911
-62.5 22.682556758046704 22.944218879509638
-62.0 22.68185859836491 22.943178669232886
-61.5 22.681172052323262 22.942140716523124
-61.0 22.680498325656213 22.941120446499422
-60.5 22.679822014107963 22.940092793853907
-60.0 22.679167325389344 22.939071675430537
-59.5 22.678507396598718 22.93805262170993
-59.0 22.677857333373957 22.937037426958497
-58.5 22.6772162489645 22.93603111789708
-58.0 22.676580247773668 22.93502756211243
-57.5 22.67595100270306 22.934029085165484
-57.0 22.675337928498887 22.93302722100165
-56.5 22.674722701523862 22.932042062950735
-56.0 22.674111237067752 22.931052501276817
-55.5 22.673513757784818 22.930070178094468
-55.0 22.672923601797663 22.929095864162914
-54.5 22.67233294251799 22.928118896806726
-54.0 22.671759019244845 22.92715253755141
-53.5 22.67118983597335 22.926190963975294
-53.0 22.670624104825055 22.92522234089834
-52.5 22.670073946388133 22.924266628365217
-52.0 22.669514738751367 22.923314957516233
-51.5 22.668969536786395 22.922360226527978
-51.0 22.668440116575432 22.921425435240845
-50.5 22.667907600544353 22.92048079564621
-50.0 22.667390413257383 22.91954216477307
-49.5 22.666861848014307 22.918601956200362
-49.0 22.66634710765789 22.91767182028632
-48.5 22.665847021582906 22.916750125994625
-48.0 22.665337872486532 22.91582478292188
-47.5 22.664851417997973 22.91491341544047
-47.0 22.664368632227085 22.913990427998193
-46.5 22.663883476315352 22.9130872175422
-46.0 22.663416267513703 22.912172266797803
-45.5 22.6629515605098 22.911266028735916
-45.0 22.662491584900906 22.910371241123407
-44.5 22.662040078838075 22.90947751488321
-44.0 22.661603741824507 22.908597217661594
-43.5 22.661171542783173 22.907714876183242
-43.0 22.66075871791431 22.90684551186224
-42.5 22.660352286673916 22.905970011235798
-42.0 22.659946880623774 22.905102047450082
-41.5 22.65954735836928 22.904243319817
-41.0 22.659162165081483 22.90339152848537
-40.5 22.65878403580842 22.902542644123084
-40.0 22.658405140160642 22.901696290558803
-39.5 22.658051960890933 22.90085672601589
-39.0 22.65769939267912 22.900018132572693
-38.5 22.6573475726037 22.899184591391737
-38.0 22.657007340936403 22.898363798277977
-37.5 22.656679843687915 22.897543635995508
-37.0 22.656345927999414 22.89672447285678
-36.5 22.65603488099622 22.895910488008788
-36.0 22.655723941433475 22.89509892230226
-35.5 22.655419125225862 22.894287808768865
-35.0 22.655122297539535 22.893483467948478
-34.5 22.654823916397675 22.892688743221235
-34.0 22.654538762061783 22.891891280287403
-33.5 22.654259673154833 22.891103254684
-33.0 22.653990716517157 22.890318515476274
-32.5 22.653725192684433 22.889536713097883
-32.0 22.65346745246459 22.888754289486908
-31.5 22.65320798512611 22.8879706085109
-31.0 22.65296680450923 22.887197999014628
-30.5 22.6527217127154 22.88642976494667
-30.0 22.652485481570082 22.885660784915437
-29.5 22.652251830277983 22.88490077528717
-29.0 22.65202664477195 22.884131126764927
-28.5 22.65180917403299 22.883386094119537
-28.0 22.65158946374784 22.882625563814276
-27.5 22.651388093841057 22.88186739726804
-27.0 22.651176498164105 22.88111682049675
-26.5 22.65098239578093 22.880370335192133
-26.0 22.65078272026983 22.879621582791472
-25.5 22.65059053664317 22.878881716867593
-25.0 22.650402497258007 22.87814137337792
-24.5 22.65021769821617 22.87740688134367
-24.0 22.650044390086524 22.876669894104342
-23.5 22.64986186111245 22.875936751917024
-23.0 22.64970129538771 22.875202582736627
-22.5 22.64953924376651 22.874469725169682
-22.0 22.64937208245155 22.873741949055617
-21.5 22.64921536667603 22.87301982997292
-21.0 22.649053644013613 22.872292658514574
-20.5 22.648904859235714 22.871557696120306
-20.0 22.648753167214043 22.870850034905487
-19.5 22.64860936164393 22.870123928386672
-19.0 22.648466671856724 22.869413398278866
-18.5 22.64833100335678 22.8686909926062
-18.0 22.648202599317834 22.867978602691718
-17.5 22.648064289990014 22.867255464086476
-17.0 22.647935730964853 22.866552512744818
-16.5 22.647807183364005 22.865831960171544
-16.0 22.647678963674387 22.865128039026064
-15.5 22.647555837364205 22.864423611247723
-15.0 22.647433175275744 22.863708409335292
-14.5 22.647319192706206 22.862992433724475
-14.0 22.647201955377266 22.862286793017365
-13.5 22.64708622247297 22.86157512013334
-13.0 22.646984195335826 22.86087133268325
-12.5 22.646868111162423 22.860170766789246
-12.0 22.646769488435243 22.85946554542448
-11.5 22.64667164329376 22.858767377183558
-11.0 22.646570073020555 22.858069972842387
-10.5 22.646477835791185 22.857374803396144
-10.0 22.646393173928395 22.856685448266326
-9.5 22.64631723149793 22.855987170317356
-9.0 22.646242911675202 22.85530365507689
-8.5 22.64616846235272 22.85460591472927
-8.0 22.646095747973234 22.853928443327046
-7.5 22.6460306537528 22.85324167266485
-7.0 22.64596046470035 22.85255877291953
-6.5 22.645902006798188 22.851884821903475
-6.0 22.645862866321586 22.85119624535441
-5.5 22.645804327797713 22.850526927505612
-5.0 22.645760377988697 22.84985232205043
-4.5 22.64571833816827 22.849174868847065
-4.0 22.645687239326563 22.84851371201563
-3.5 22.64564882096596 22.847837273829413
-3.0 22.64561992281136 22.847176720823462
-2.5 22.645596426311627 22.84650875835831
-2.0 22.645578299807777 22.84585583960429
-1.5 22.645566360833683 22.845193648094
-1.0 22.645543910165593 22.844535323377922
-0.5 22.645543958214848 22.843884512604518
0.0 22.645534450377298 22.84322807872908
0.5 22.64553737421872 22.842573728166368
1.0 22.645541695404845 22.841924529175248
1.5 22.64555330182347 22.841288463842872
2.0 22.645569921182428 22.840634364260474
2.5 22.645588497814238 22.839995102962384
3.0 22.64561310701484 22.839341470558136
3.5 22.645638950407378 22.838718530533693
4.0 22.645668959295968 22.83808316207461
4.5 22.64570902956253 22.8374503316218
5.0 22.645750868670028 22.83681135449686
5.5 22.64578997668629 22.83618480338907
6.0 22.645845055142757 22.83554642777069
6.5 22.6459033086513 22.83492947281267
7.0 22.64596118817518 22.834313922499216
7.5 22.64602545882112 22.83368778941036
8.0 22.64609428021865 22.833062262730927
8.5 22.646166221507112 22.832446253968797
9.0 22.64624921911468 22.83183380488364
9.5 22.646322546646136 22.831228042140946
10.0 22.64641680884977 22.830618559526528
10.5 22.64650992785667 22.83000845143787
11.0 22.646601123267192 22.82940747927332
11.5 22.64669878492192 22.828809555595647
12.0 22.646809417835584 22.828195577654963
12.5 22.64692113889309 22.82761037051667
13.0 22.647039393379032 22.827012940199026
13.5 22.647155533249595 22.826413389627152
14.0 22.64728062454877 22.82582372016604
14.5 22.647404100812647 22.825236329079793
15.0 22.647542495757122 22.824648475790422
15.5 22.647689392723983 22.824063115230423
16.0 22.64783415575166 22.82348428166077
16.5 22.647970377080323 22.822907915822675
17.0 22.64813263037393 22.82232789219874
17.5 22.648295454737983 22.8217447960959
18.0 22.648452383434222 22.821173320474124
18.5 22.648628164988438 22.820610248861254
19.0 22.648803408023173 22.820042831666186
19.5 22.648982804793945 22.81947665820704
20.0 22.649165315744355 22.818915010257154
20.5 22.64934798781995 22.81835353048514
21.0 22.649546956247537 22.81779162292382
21.5 22.6497396593693 22.817233593911244
22.0 22.649940254791453 22.816667718653925
22.5 22.650146570847127 22.81612328169757
23.0 22.65035730571773 22.81557138685074
23.5 22.650570822100136 22.81502374819498
24.0 22.65079482073395 22.81446746007316
24.5 22.65100869872146 22.813926725880698
25.0 22.651247480165097 22.813390634082175
25.5 22.65148075470681 22.812841619461878
26.0 22.651712391016922 22.812301717446136
26.5 22.651954807361214 22.811763481678994
27.0 22.65219462385474 22.811220235723404
27.5 22.652450609748655 22.810688631871248
28.0 22.65270468938943 22.810162737537617
28.5 22.65296776696676 22.809630148978638
29.0 22.653237739554427 22.809101227390197
29.5 22.653505415254518 22.808571038470813
30.0 22.653778411122282 22.808050800866045
30.5 22.65405887175345 22.807532794802555
31.0 22.65434000307949 22.807013969578932
31.5 22.6546354905147 22.806498595035936
32.0 22.654921849614638 22.805982057557763
32.5 22.655223857954482 22.80546909284338
33.0 22.65552278525356 22.804957094392556
33.5 22.655828143032206 22.804451540122873
34.0 22.65614406305357 22.803940250519812
34.5 22.6564588832047 22.803440256653662
35.0 22.656797713494296 22.80293640988567
35.5 22.657119557159024 22.802430032318686
36.0 22.65745144784284 22.801939339358796
36.5 22.657783029677717 22.80144549411591
37.0 22.658119013447838 22.800954775606765
37.5 22.65847295387271 22.80046388469584
38.0 22.658825326559242 22.799967869416093
38.5 22.659183233290282 22.799485294688935
39.0 22.65954565935351 22.798992662095326
39.5 22.659901985169878 22.798513554490402
40.0 22.66027701568533 22.79803783850425
40.5 22.66065452527334 22.79755906514479
41.0 22.661041192029142 22.79707667514591
41.5 22.661425289202523 22.79660811015237
42.0 22.66182024542217 22.796135353628948
42.5 22.662213464112714 22.795671964806743
43.0 22.662614366387462 22.79520529317628
43.5 22.663020611640956 22.79473863071386
44.0 22.66343725164806 22.79428007904366
44.5 22.663856075734206 22.79382073344037
45.0 22.66427134200952 22.793359290626046
45.5 22.664705934285934 22.792899102546237
46.0 22.665133950599685 22.792442195000415
46.5 22.6655738802009 22.792000579307018
47.0 22.666015952269923 22.791551159925394
47.5 22.66646174278634 22.79110998830042
48.0 22.666913202270543 22.79066477055618
48.5 22.667376753706723 22.790216410114162
49.0 22.667835886192517 22.78978118026922
49.5 22.668308978303862 22.789339965186656
50.0 22.668788228355062 22.788908400543736
50.5 22.66925889222355 22.78847550985852
51.0 22.669747374970463 22.788048886313597
51.5 22.67023546206005 22.787624914154208
52.0 22.670740636298795 22.787191984520433
52.5 22.67123953120042 22.7867740018506
53.0 22.671750287086937 22.786355966973474
53.5 22.672272738180197 22.785930688571874
54.0 22.672793853276193 22.785512558681397
54.5 22.673321968754657 22.78508953822456
55.0 22.67386055966087 22.784689995119287
55.5 22.67440230837114 22.784269178742505
56.0 22.674957249053996 22.78386296420137
56.5 22.675506246884893 22.783450143815912
57.0 22.676074145903407 22.78304716289787
57.5 22.67664577805855 22.78264012572518
58.0 22.67722239493619 22.78223750337499
58.5 22.677805442061725 22.78182902804258
59.0 22.6783953917298 22.781440480153687
59.5 22.678987447391773 22.781040672218342
60.0 22.67958988594969 22.780644206695545
60.5 22.68019021245657 22.780253111914913
61.0 22.680800298650805 22.779860291670847
61.5 22.681421414231586 22.779466915030472
62.0 22.682041364109068 22.77909073917385
62.5 22.682668507026904 22.778701412557147
63.0 22.683295977688932 22.778324117260475
63.5 22.683935754568274 22.777933479991177
64.0 22.68458732891023 22.777567733606624
64.5 22.685233444004762 22.77718771209194
65.0 22.68588583116371 22.77681553385216
65.5 22.686540143557238 22.776437601596413
66.0 22.68720331966158 22.776072979907788
66.5 22.687869948872578 22.775707741050837
67.0 22.688548073143476 22.775349384810898
67.5 22.689216133819798 22.77498577415773
68.0 22.689895172911456 22.774624679553757
68.5 22.690585168030132 22.77425509155449
69.0 22.691274733283894 22.773908645187536
69.5 22.69197624737016 22.773552423962897
70.0 22.692662601839775 22.773205096912807
70.5 22.69337046606814 22.7728510997396
71.0 22.6940749969422 22.77250188479425
71.5 22.694787482409012 22.772164906114142
72.0 22.695496529617746 22.771822167524405
72.5 22.696211760009383 22.77148527514901
73.0 22.696934730101262 22.771151897385494
73.5 22.697659236814047 22.770824569967655
74.0 22.698394077215287 22.770485802913797
74.5 22.699126629023247 22.770158490142297
75.0 22.69985406127507 22.769831000891795
75.5 22.700588587092334 22.769508306628424
76.0 22.701336530638816 22.769194830948635
76.5 22.702078849398106 22.768879418318196
77.0 22.702825646425495 22.768555387430858
77.5 22.703578215404203 22.76824558875966
78.0 22.70433217175817 22.76794061018357
78.5 22.705081561628898 22.767635572488537
79.0 22.70583588440775 22.767325808843655
79.5 22.706602103086468 22.76702776463801
80.0 22.70735780909792 22.766729511066593
80.5 22.708125019073325 22.766436268279897
81.0 22.708886849568014 22.766142277649777
81.5 22.70965851804342 22.765843576839654
82.0 22.710425564812592 22.76555756211113
82.5 22.711195656648474 22.765269654503754
83.0 22.711972313695142 22.76499467176146
83.5 22.712756805039387 22.764719073149323
84.0 22.713531250985305 22.76444118462431
84.5 22.714308029617797 22.764163358950217
85.0 22.715095152304528 22.763904080082085
85.5 22.715881136403866 22.763630313532577
86.0 22.71667824889951 22.763361530520363
86.5 22.71748882851948 22.763098982534093
87.0 22.718291963490103 22.76283921666568
87.5 22.719099048015256 22.762581387266557
88.0 22.719919342206076 22.762318568301193
88.5 22.720732604145653 22.762065948687873
89.0 22.72156261085272 22.761815795349996
89.5 22.72239597708215 22.761571559145253
90.0 22.72322790234581 22.761316494719868
90.5 22.72406436993895 22.76107389263801
91.0 22.72490913658002 22.76082732042756
91.5 22.725750668515197 22.760593612637102
92.0 22.726603977058588 22.760346315176086
92.5 22.727461823465834 22.760122104444317
93.0 22.7283205403086 22.75987979684259
93.5 22.729179872164412 22.759656630972902
94.0 22.730051521541014 22.759433851429232
94.5 22.730924861272875 22.759198930909015
95.0 22.731807351765198 22.758977508272096
95.5 22.732679927242373 22.75875873496416
96.0 22.73357116812789 22.758539739811376
96.5 22.73445209561981 22.758318334092678
97.0 22.735342773047613 22.75810500933296
97.5 22.73623946019242 22.757901806132597
98.0 22.73713802855839 22.75768636747637
98.5 22.73803188492234 22.757486291240024
99.0 22.738938173942103 22.75728012494003
99.5 22.739844379496667 22.757079472757948
100.0 22.740757786464073 22.756886209442783
100.5 22.74166841938181 22.756693113354554
101.0 22.742588168836072 22.75648917339208
101.5 22.743505421470203 22.756299591092258
102.0 22.744430543003734 22.75610773078265
102.5 22.745355679887727 22.755924803959573
103.0 22.746283811675042 22.755739294945563
103.5 22.74721764305278 22.755567028488095
104.0 22.748150026164204 22.755385335644583
104.5 22.749081929596947 22.755211241788498
105.0 22.750019777850447 22.75503244445793
105.5 22.750962760989463 22.754862119224192
106.0 22.751910281089657 22.75470005948836
106.5 22.75285188979536 22.754536637299346
107.0 22.75379780788228 22.754375459456156
107.5 22.75475105305633 22.75421562368131
108.0 22.755708036501424 22.754060847666793
108.5 22.756658067090896 22.753906511554227
109.0 22.757609338410628 22.753741717856904
109.5 22.758570566835687 22.753610938156154
110.0 22.75952560424955 22.75346367357968
110.5 22.760486204486106 22.753314525687884
111.0 22.76145002312508 22.753172378416227
111.5 22.762414231650162 22.753036313555683
112.0 22.763374801139 22.752902786038195
112.5 22.764345344498427 22.752766635465946
113.0 22.765317031899897 22.752637827316164
113.5 22.76628746046143 22.75251392383384
114.0 22.7672589271557 22.75239334262556
114.5 22.768227185244992 22.752268586276557
115.0 22.769195603702407 22.75215560140474
115.5 22.77017729126923 22.752041041986445
116.0 22.771141834064128 22.751917674900323
116.5 22.772122779145466 22.751816831774626
117.0 22.77309610283541 22.751705118168065
117.5 22.774070045708108 22.751599552462693
118.0 22.77504995423403 22.751504431462337
118.5 22.776036357146246 22.751395958775305
119.0 22.777023049312348 22.751308867669277
119.5 22.77800859705524 22.75121309002223
120.0 22.779004777813732 22.75112272983412
120.5 22.779988663051984 22.751029977403352
121.0 22.780984763209155 22.75094426473562
