FastTrWP/PhaseSpace/IAs/snIa_0.36_30.00_0.57_0.12.csv
# %ECSV 0.9
# ---
# datatype:
# - {name: time-rel, datatype: float64}
# - {name: g, datatype: float64}
# - {name: i, datatype: float64}
# schema: astropy-2.0
time-rel g i
[from data line 1077]
112.0 23.107114766623226 22.353195910022173
112.5 23.10787325074938 22.35310646365332
113.0 23.10864671613573 22.35301792649924
113.5 23.109407208405734 22.352934046837238
114.0 23.110162968261974 22.352853499454998
114.5 23.11093605411827 22.35276395179231
115.0 23.11170376418595 22.35269104361197
115.5 23.112482741107723 22.352613447366995
116.0 23.113246487622586 22.352540079121027
116.5 23.11401846618257 22.352465236405795
117.0 23.11479824332228 22.35239204229554
117.5 23.115566867334756 22.352324783808722
118.0 23.116346368653836 22.352262751843778
118.5 23.117121717280142 22.35219768450517
119.0 23.11790015481445 22.35213450151267
119.5 23.118666442607683 22.352075214398155
120.0 23.11946264889425 22.35201979502058
120.5 23.120235923558226 22.3519516175941
121.0 23.1210310618427 22.35190316527895
121.5 23.121811036498478 22.351849557404652
122.0 23.122606367541252 22.351801216700675
122.5 23.1233905283512 22.35175302519949
123.0 23.124187114831777 22.351710182341176
123.5 23.12498556775875 22.351667754217928
124.0 23.12577475342717 22.351625559821592
124.5 23.126578859664075 22.35158701338863
125.0 23.127380303833487 22.351548668442646
125.5 23.12818425884057 22.351518350629895
126.0 23.12899006323413 22.351480929534194
126.5 23.129787350111926 22.351453500139378
127.0 23.13060424608959 22.35142092712293
127.5 23.131423356943557 22.351399033121695
128.0 23.132227417952432 22.351364313246457
128.5 23.133040408337166 22.35135301220668
129.0 23.13386793420761 22.351336756656387
129.5 23.13468666653887 22.351316368134547
130.0 23.135505189707782 22.35129662889122
130.5 23.13632023751994 22.351295173517745
131.0 23.137161743478565 22.351275193649688
131.5 23.13798515653252 22.35126135957745
132.0 23.138818914233017 22.35125332045981
132.5 23.13964045970041 22.351251157659075
133.0 23.140474507900187 22.351246309344482
133.5 23.141313914933225 22.351246437575885
134.0 23.142149126059792 22.351245731106182
134.5 23.142990902636402 22.351251777631404
135.0 23.143838416406112 22.351258399070222
135.4999999999999 23.14468094611906 22.351266569895234
136.0 23.14553445152624 22.35127515557916
136.5 23.146381604142494 22.351282313493495
136.9999999999999 23.147225561696118 22.351305561631
137.5 23.14808551502297 22.351313308239497
138.0 23.148934744600524 22.351327179756094
138.4999999999999 23.149787514312656 22.351349349848523
139.0 23.15064659015103 22.35136486057447
139.5 23.151507814794737 22.35139035669856
139.9999999999999 23.152369119749974 22.351419128800025
140.5 23.153229183049508 22.351443121881545
141.0 23.15409958747349 22.351479376170587
141.4999999999999 23.15497302864745 22.35149852995777
142.0 23.155832400793063 22.351540960582476
142.5 23.15670779628067 22.351570504259456
142.9999999999999 23.157585755107025 22.351611281732776
143.5 23.158464772917092 22.351646892644375
144.0 23.15933560221099 22.35169283614394
144.4999999999999 23.160207975857794 22.351735522178508
145.0 23.161092057505105 22.35177646753188
145.5 23.16198730951252 22.351830923236896
145.9999999999999 23.162862169884008 22.351880497578534
146.5 23.163754843952123 22.35192307097091
147.0 23.164640214730138 22.351983636133717
147.4999999999999 23.165526643164487 22.352035077285603
148.0 23.16641837287685 22.35209274068266
148.5 23.16731127011034 22.35215248480378
148.9999999999999 23.16821479046789 22.35221366089878
149.5 23.169110038778804 22.35227029269886
150.0 23.17000790901728 22.352330286846524
150.4999999999999 23.170905203665455 22.352399639972713
151.0 23.171812372985666 22.352471499958853
151.5 23.17272431395964 22.35253301300897
151.9999999999999 23.17361474924954 22.3526066526253
152.5 23.174538381929885 22.35268377434544
153.0 23.175442220415977 22.352761209532126
153.4999999999999 23.176348271971165 22.35283171797731
154.0 23.177270396031457 22.352918389034283
154.5 23.178188288575072 22.3529987474291
154.9999999999999 23.179096811309705 22.353080765716456
155.5 23.180021097105868 22.353166130717874
156.0 23.180957362212652 22.353257720939776
156.4999999999999 23.181880877249053 22.35334123884968
157.0 23.182810386374246 22.353441032277352
157.5 23.18373982642546 22.353532790552766
157.9999999999999 23.18467564257444 22.353622105617905
158.5 23.18560747368085 22.35372409520583
159.0 23.186537490885087 22.35382506285088
159.4999999999999 23.18748396614201 22.353932478908767
160.0 23.188420155304517 22.354035734595634
160.5 23.189367611050265 22.354140045155933
160.9999999999999 23.190317221301324 22.354251100779088
161.5 23.191258747844454 22.35436032678145
162.0 23.192220557191767 22.354475075514607
162.4999999999999 23.193168158678063 22.35459646829787
163.0 23.194111176552788 22.354705316286747
163.5 23.195079260895373 22.35482480810753
163.9999999999999 23.196033310601063 22.35495059972012
164.5 23.197001939440227 22.355067742638003
165.0 23.197963609282375 22.35519314575358
165.4999999999999 23.198924216486464 22.355320986437228
166.0 23.199895320989988 22.35544754620671
166.5 23.20086806596302 22.355577124646203
166.9999999999999 23.20182718659284 22.355708777522626
167.5 23.20280718947081 22.35584455380569
168.0 23.203785903262983 22.355982307084012
168.4999999999999 23.204761383836107 22.356119962660827
169.0 23.205733232766104 22.35626068587355
169.5 23.206719807364266 22.356398991233725
169.9999999999999 23.207695143519388 22.356546756418908
170.5 23.208686653077685 22.35669444976166
171.0 23.209669870741312 22.35684405256755
171.4999999999999 23.21067084881671 22.356989724588395
172.0 23.21164661483545 22.357140345106647
172.5 23.212640175109776 22.357296070312344
172.9999999999999 23.213637878854424 22.357454308061758
173.5 23.214637912696464 22.35760490973331
174.0 23.21562996948942 22.35776680924506
174.4999999999999 23.216638116851982 22.357920426384567
175.0 23.217643252697847 22.358087824664512
175.5 23.218644056433213 22.35825298403352
175.9999999999999 23.219647300313486 22.3584225184253
176.5 23.220661585943695 22.358585633538894
177.0 23.22166387650304 22.358755944150197
177.4999999999999 23.22267978277472 22.358932413634427
178.0 23.223688334537 22.359104951823568
178.5 23.224710517143695 22.359272554374513
178.9999999999999 23.225722871781382 22.359453117517177
179.5 23.226736105841447 22.35963540899011
180.0 23.22775080093757 22.359809197573778
180.4999999999999 23.228776051496382 22.35999638124987
181.0 23.229802328622263 22.36017824153756
181.5 23.23082980882677 22.360374281361164
181.9999999999999 23.231847515023063 22.360548465005742
182.5 23.23288811571437 22.36074399459504
183.0 23.23391203839497 22.360926978840933
183.4999999999999 23.234934412155056 22.361123701223168
184.0 23.235978885683387 22.36131643971804
184.5 23.23701715533081 22.36151874182599
184.9999999999999 23.238050465029957 22.361715298136886
185.5 23.239090202322817 22.36191669018382
186.0 23.240131274038433 22.362113810772733
186.4999999999999 23.24118635887792 22.362322789020975
187.0 23.24222552172185 22.362525503066063
187.5 23.243288516686196 22.362729915764838
187.9999999999999 23.24434125475809 22.3629390826637
188.5 23.245391086240858 22.363152096392756
189.0 23.24645510081138 22.363361626479694
189.4999999999999 23.247512484294198 22.363575975295372
190.0 23.248581912386644 22.36379361623576
190.5 23.249657017671662 22.364015246772247
190.9999999999999 23.250720700810188 22.364232616548318
191.5 23.251796560623212 22.36445648251795
192.0 23.252869515088396 22.36468781456346
192.4999999999999 23.25394678200042 22.364904112428384
193.0 23.255028815174988 22.3651343071458
193.5 23.25610954845509 22.36536479691953
193.9999999999999 23.257194527952283 22.365599036329947
194.5 23.258289209879116 22.365832572003864
195.0 23.259377219399244 22.366062345645105
195.4999999999999 23.26046622386351 22.366307522381256
196.0 23.26155696700688 22.36654427971283
196.5 23.262652627172553 22.366779578768043
196.9999999999999 23.26375889579783 22.367024911896436
197.5 23.26485492438804 22.36726786108481
198.0 23.26596076060222 22.367518134640697
198.4999999999999 23.267061808252723 22.367764053138576
199.0 23.26816855048809 22.368010538412683
199.5 23.26927867602526 22.368269511961998
199.9999999999999 23.270384550736352 22.368525646903286
200.5 23.2715013227579 22.368777900808343
201.0 23.272603935807666 22.369040109194778
201.4999999999999 23.27372356873141 22.369296196279578
202.0 23.274834810474573 22.369557600503967
202.5 23.275956295119787 22.369822535605316
202.9999999999999 23.27707369413943 22.370091179739656
203.5 23.278183602665642 22.37036011236645
204.0 23.279317136433782 22.370624692496644
204.4999999999999 23.280428793918077 22.3708974068834
205.0 23.28155766030544 22.371167015675027
205.5 23.2826770430602 22.371445188722095
205.9999999999999 23.28379634415007 22.371722731201263
206.5 23.284931588225923 22.371996583555994
207.0 23.28605387139763 22.372283045703153
207.4999999999999 23.2871794084669 22.37256664926617
208.0 23.288312200900826 22.37284915835055
208.5 23.28944168288607 22.37314035539805
208.9999999999999 23.29057583854965 22.373417220102148
209.5 23.291701419390407 22.37371563183033
210.0 23.29283630121561 22.374006688498902
210.4999999999999 23.29397394761206 22.374300611426076
211.0 23.295104406644754 22.374599912076263
211.5 23.296244070905757 22.37489376037725
211.9999999999999 23.297371652882937 22.375188408518966
212.5 23.2985038437658 22.375495274617485
213.0 23.299640456232172 22.37579450408676
213.4999999999999 23.30078500476629 22.376110372779216
214.0 23.301907949334208 22.376412416135672
214.5 23.303047577439667 22.376713379681053
214.9999999999999 23.304176086260032 22.377030132311035
215.5 23.305314228686548 22.377346737382563
216.0 23.306455380946566 22.37765950105423
216.4999999999999 23.30759401688471 22.37797618735716
217.0 23.308714179075967 22.378294926050216
217.5 23.309860560409355 22.378620488485996
217.9999999999999 23.31098521474067 22.378946721788886
218.5 23.31212884742728 22.379260659590567
219.0 23.31325996391444 22.37959570802646
219.4999999999999 23.31441524140677 22.37992272912851
220.0 23.3155500809662 22.380253671751923
220.5 23.316686526927416 22.380588464202358
220.9999999999999 23.31783333954921 22.38092315499423
221.5 23.31898576332488 22.381258869775955
222.0 23.32012747926541 22.381597521941487
222.4999999999999 23.321279948071556 22.381941918656246
223.0 23.32242380119746 22.382284604993412
223.5 23.32357176997261 22.382636261014
223.9999999999999 23.324723954481705 22.382973338042824
224.5 23.325889423913576 22.38332357405211
225.0 23.327026569626256 22.383671619239394
225.4999999999999 23.328180426897266 22.384032782851577
226.0 23.32934887203056 22.384383280323455
226.5 23.330496463766863 22.384745633832477
226.9999999999999 23.33165044430974 22.38509915478087
227.5 23.332815179199766 22.38546628823773
228.0 23.333974457979878 22.385832122765812
228.4999999999999 23.335140899831025 22.386194404595926
229.0 23.336298409619015 22.386558178048123
229.5 23.337460427584816 22.386931686376087
229.9999999999999 23.33863499023362 22.3873000023533
230.5 23.33978384033248 22.387678924150272
231.0 23.340956954257813 22.38805123466942
231.4999999999999 23.342128914271193 22.388434066480777
232.0 23.343288843212463 22.388812713567084
232.5 23.344457446796344 22.389187179128275
232.9999999999999 23.34562909602476 22.389567800456614
233.5 23.34678498459742 22.389955607254194
234.0 23.34797258304004 22.390343553976994
234.4999999999999 23.349143635517752 22.39073037472781
235.0 23.350312149962033 22.391125475863394
235.5 23.351485417066336 22.39151134670328
235.9999999999999 23.35265991325094 22.391914112645452
236.5 23.35383613072251 22.392306588744432
237.0 23.35501912646582 22.392703239157576
237.4999999999999 23.356196808977863 22.393105630212226
238.0 23.357367749090663 22.393506688436883
238.5 23.358554470520495 22.393905555385203
238.9999999999999 23.359726235552376 22.39432052698576
239.5 23.360907068560252 22.394720017551982
240.0 23.36208731045161 22.395129385733632
240.4999999999999 23.363271989022998 22.395544921845495
241.0 23.3644667919876 22.3959619731811
241.5 23.365642840322135 22.396372650069047
241.9999999999999 23.36682353729071 22.396781881061738
242.5 23.368005911272178 22.397207475078286
243.0 23.369183222431413 22.397628127568538
243.4999999999999 23.370378913047787 22.398047719579598
244.0 23.371566612871852 22.398474372312933
244.5 23.372750816025132 22.39890342324574
244.9999999999999 23.373949438589385 22.39932861771393
245.5 23.375126902479643 22.39975092831989
246.0 23.37630702189426 22.400194602980243
246.4999999999999 23.377505633568433 22.400621525464018
247.0 23.37870219652906 22.401053513732577
247.5 23.37988936972398 22.40148804274853
247.9999999999999 23.381090292719435 22.40193120658474
248.5 23.382266360965108 22.402366331092445
249.0 23.3834659640044 22.40281245737669
249.4999999999999 23.384649132313218 22.40326054414496
250.0 23.38584647035859 22.403701768583957
250.5 23.38704289792449 22.404153435653086
250.9999999999999 23.388236714971168 22.404599776122733
251.5 23.3894379731654 22.405049586566726
252.0 23.390626761536573 22.405505936079386
252.4999999999999 23.391828396720914 22.40595959623715
253.0 23.393016819629125 22.406413189347816
253.5 23.39421730528317 22.40687783550204
253.9999999999999 23.395407624822656 22.407330768934393
254.5 23.396619911941343 22.40780370890555
255.0 23.397811380668372 22.40826792253307
255.4999999999999 23.399020278285818 22.408731157277618
256.0 23.4002224716196 22.409201851400624
256.5 23.401424367657057 22.40967844672461
256.9999999999999 23.40263314051925 22.410148311226116
257.5 23.403828362045694 22.410620737360297
258.0 23.40503401533943 22.411106986460616
258.4999999999999 23.406240968547273 22.41158447768853
259.0 23.407446413476784 22.41206311751395
259.5 23.408650046037987 22.412547228201607
259.9999999999999 23.40986409556507 22.413030663789787
260.5 23.411069782488887 22.413525870469254
261.0 23.41229252788219 22.414015229925486
261.4999999999999 23.41349226658558 22.414500674326128
262.0 23.414709789948112 22.414999255176618
262.5 23.415918274679935 22.415488877083988
262.9999999999999 23.41714295150706 22.41599292170308
263.5 23.418338645550616 22.416491376185654
264.0 23.419555995222257 22.416986870818963
264.4999999999999 23.42077329643276 22.41750355445785
265.0 23.421986306620994 22.417991030705856
265.5 23.423209878562986 22.418509231749585
265.9999999999999 23.42442807624813 22.419010223851114
266.5 23.425642224475247 22.419524321141413
267.0 23.42685497118024 22.420035384668594
267.4999999999999 23.428076133328823 22.420551257589004
268.0 23.429299976465114 22.421073276662334
268.5 23.430518208714155 22.421585584564163
268.9999999999999 23.431758786694374 22.422108233114677
269.5 23.432973056884904 22.42262677826018
270.0 23.434194277202053 22.42315096436006
270.4999999999999 23.43541737391213 22.423680841085357
271.0 23.43665943939643 22.424207589979265
271.5 23.437878914068847 22.424735313293493
271.9999999999999 23.439109109122466 22.425269199726642
272.5 23.440334819375863 22.42579878851716
273.0 23.441562408235022 22.42633327344551
273.4999999999999 23.44280191281174 22.426864620454396
274.0 23.44403403648655 22.427411125437775
274.5 23.44525090572688 22.427951808472834
274.9999999999999 23.446496506182626 22.42848926406203
275.5 23.44773185828686 22.42903061720166
276.0 23.448976373220344 22.429580915318837
276.4999999999999 23.450193822188837 22.430126170036942
277.0 23.451435820057938 22.43067595458127
277.5 23.45266327120404 22.43122464551762
277.9999999999999 23.453917053319955 22.4317845359422
278.5 23.455165384366214 22.43233675783882
279.0 23.45639840821377 22.432892299901358
279.4999999999999 23.45764177903961 22.433455379323355
280.0 23.4588875636681 22.43400951812612
280.5 23.460123058999827 22.434573492908537
280.9999999999999 23.46136306104306 22.435140084383004
281.5 23.46261817223311 22.435697040473258
282.0 23.463862034390907 22.436270546925286
282.4999999999999 23.465112104819326 22.43683195499081
