FastTrWP/PhaseSpace/IAs/snIa_0.57_30.00_0.12_-0.05.csv
# %ECSV 0.9
# ---
# datatype:
# - {name: time-rel, datatype: float64}
# - {name: g, datatype: float64}
# - {name: i, datatype: float64}
# schema: astropy-2.0
time-rel g i
[from data line 362]
-233.0 24.383045117838186 23.3205075471689
-232.5 24.3788959408235 23.317590959129348
-232.0 24.374737574632604 23.314671343362214
-231.5 24.37061214442142 23.311761301105115
-231.0 24.366463432601538 23.308864087536286
-230.5 24.362374460380916 23.30596489037273
-230.0 24.358251469741276 23.30307406041144
-229.5 24.35413154178093 23.300184260345723
-229.0 24.350019829036235 23.29730243788347
-228.5 24.345932710997474 23.294420930436686
-228.0 24.341823733415197 23.291539151460007
-227.5 24.337755131812443 23.288668854553055
-227.0 24.333679267245767 23.285816956206528
-226.5 24.32957032693382 23.282949262933887
-226.0 24.325531932301057 23.28008715326999
-225.5 24.32146993405791 23.277244940595047
-225.0 24.31740484101521 23.27440311455028
-224.5 24.313361354814326 23.271554099527535
-224.0 24.309316108105563 23.26871565679117
-223.5 24.30528381580039 23.2658878663904
-223.0 24.301239114041266 23.263056204203888
-222.5 24.297212212581776 23.260235574804188
-222.0 24.29318301432233 23.25740575622687
-221.5 24.289198530541377 23.25459551133084
-221.0 24.285180074001026 23.25178393882443
-220.5 24.281187340351075 23.248976849891182
-220.0 24.277172332011755 23.246182258312945
-219.5 24.2732018950815 23.243388457160634
-219.0 24.269230383484633 23.240600906783886
-218.5 24.265238059485288 23.237816267148897
-218.0 24.261277795493058 23.235033572957096
-217.5 24.257323104909748 23.232258854188945
-217.0 24.253373720288913 23.229488102579676
-216.5 24.24943521520575 23.2267239008926
-216.0 24.245497337470926 23.223952218564925
-215.5 24.241565295541267 23.221215352312882
-215.0 24.237631926586936 23.218458531173937
-214.5 24.23371529241807 23.215718144618997
-214.0 24.229793128425765 23.21298461867224
-213.5 24.225890768745877 23.210230779100648
-213.0 24.221995528414606 23.20751073135229
-212.5 24.218095678515887 23.20478303845997
-212.0 24.21420849516203 23.20205650667415
-211.5 24.21032082474014 23.1993367160605
-211.0 24.206450034530835 23.196623871912642
-210.5 24.20257374510728 23.19391887009223
-210.0 24.198724734533318 23.1912129713037
-209.5 24.194855869214358 23.188517227516392
-209.0 24.191016644708046 23.185818448461713
-208.5 24.18714753326345 23.18312843200518
-208.0 24.18332374086138 23.180443218999397
-207.5 24.179488295384708 23.177750547453968
-207.0 24.175650314374977 23.175076258711652
-206.5 24.171835913088895 23.1723957997242
-206.0 24.168018721284184 23.169729465922035
-205.5 24.164203995572677 23.16707017000258
-205.0 24.160409344092656 23.164406587279423
-204.5 24.156609199318417 23.161748945179323
-204.0 24.15279454016676 23.15909098262231
-203.5 24.149023235922495 23.15643374782297
-203.0 24.145251279127756 23.153809367911244
-202.5 24.14147703685254 23.151154839207535
-202.0 24.137705513943956 23.148528122513483
-201.5 24.133939237654797 23.145880796426468
-201.0 24.130151488499504 23.14325443955399
-200.5 24.126425632028887 23.140626662358017
-200.0 24.122665102570036 23.137998093640732
-199.5 24.118930794040295 23.135389229114104
-199.0 24.115182174939925 23.132764096077707
-198.5 24.11145886442634 23.1301600420105
-198.0 24.107736294441846 23.12754336345126
-197.5 24.104007811357576 23.124947299166898
-197.0 24.100291647316894 23.122347712817664
-196.5 24.096575732766258 23.119754598493042
-196.0 24.092879281604645 23.117170669138247
-195.5 24.08916415481276 23.11457307793056
-195.0 24.085465945217717 23.111988560920885
-194.5 24.08180787417521 23.109404896662046
-194.0 24.078098286737067 23.106829400600372
-193.5 24.074444772490775 23.104258125922353
-193.0 24.070756897604745 23.101679836211236
-192.5 24.06709006009724 23.099105601106103
-192.0 24.063420804386652 23.096551166685945
-191.5 24.059774269865137 23.09398589814128
-191.0 24.05610134659398 23.09143077589624
-190.5 24.052456367736703 23.088880053299686
-190.0 24.048805347899467 23.086331884177483
-189.5 24.045178047054133 23.083785151900337
-189.0 24.041540959645037 23.081225381077886
-188.5 24.037927149204 23.078699690458592
-188.0 24.03429241853642 23.07616278663328
-187.5 24.030672171358688 23.07362271968866
-187.0 24.02706030708917 23.071097913571403
-186.5 24.023446011830153 23.06856833201815
-186.0 24.019851276559496 23.066038884688425
-185.5 24.016244685529266 23.063515623438754
-185.0 24.012661012754222 23.061004274555245
-184.5 24.009057015810903 23.058486604527282
-184.0 24.005460122783035 23.05597398121445
-183.5 24.00185179086499 23.053442237765083
-183.0 23.998252037809134 23.050935927144963
-182.5 23.994634339915095 23.04841499600821
-182.0 23.991025327456846 23.04590434543084
-181.5 23.987396406535805 23.043386735558983
-181.00000000000006 23.983765576245485 23.040881528350575
-180.5 23.980145766057564 23.0383493880321
-180.0 23.976514099155338 23.035845523430147
-179.50000000000006 23.97286765282601 23.033332435230168
-179.0 23.96924138292244 23.030814876348522
-178.5 23.96560219203711 23.02830302233864
-178.00000000000006 23.9619605517929 23.02579159472286
-177.5 23.958327551266997 23.023287287922017
-177.0 23.954691784194676 23.020784615205585
-176.50000000000006 23.951071753098443 23.01828040560189
-176.0 23.947439039221038 23.01577930470045
-175.5 23.94381336307328 23.013278415905635
-175.00000000000006 23.940192724012764 23.010773291745533
-174.5 23.936555466517117 23.008279241427523
-174.0 23.932949380329404 23.005792256931944
-173.50000000000006 23.92933951074567 23.003296877518174
-173.0 23.925722069582235 23.000815317320367
-172.5 23.92210134787142 22.998325632745008
-172.00000000000006 23.918501981708395 22.995848608222968
-171.5 23.914928225114664 22.993376640671485
-171.0 23.911331562121305 22.990895098891183
-170.50000000000006 23.907751725871815 22.988435840270594
-170.0 23.904163902415196 22.985964846455126
-169.5 23.90059550324752 22.98350117184922
-169.00000000000006 23.897038260515693 22.98104901563893
-168.5 23.893491123733664 22.97859312943018
-168.0 23.889941405973076 22.97614606164784
-167.50000000000006 23.886433707785145 22.973700401952858
-167.0 23.88289914764719 22.971257693586708
-166.5 23.879389208668304 22.9688202971302
-166.00000000000006 23.87588185403405 22.96639103551207
-165.5 23.8723937009644 22.963979153436615
-165.0 23.868897855050378 22.961560211405644
-164.50000000000006 23.865446771683672 22.959140140250916
-164.0 23.861980634414557 22.956735434554073
-163.5 23.858529334012797 22.95433528828123
-163.00000000000006 23.855087175762787 22.95194223686748
-162.5 23.851678965693278 22.94954760922504
-162.0 23.84827673853946 22.94716354400574
-161.50000000000006 23.844867315400805 22.94477754464819
-161.0 23.841502995027447 22.94240673802403
-160.5 23.838123702690346 22.9400391630056
-160.00000000000006 23.834762734131264 22.93768213468658
-159.5 23.831428417016536 22.935322807342455
-159.0 23.828112852620382 22.93298423964378
-158.50000000000006 23.824809205627805 22.930638927908657
-158.0 23.82151261029536 22.92830519151382
-157.5 23.818245399176867 22.92598209369786
-157.00000000000006 23.814981639971474 22.923661577190252
-156.5 23.811736215107146 22.921351250321923
-156.0 23.808503580996643 22.919047565116063
-155.50000000000006 23.805287245318382 22.916748817101876
-155.0 23.80209231554513 22.914454796858884
-154.5 23.798917116985137 22.91217630406195
-154.00000000000006 23.795769565939423 22.9099086470217
-153.5 23.792617477116845 22.907636724622037
-153.0 23.789493296397207 22.905378017612414
-152.50000000000006 23.786386989799013 22.903130443234435
-152.0 23.783318056279175 22.90088403905401
-151.5 23.780248122732253 22.89865688008375
-151.00000000000006 23.77721139422007 22.896435086618077
-150.5 23.77418618224706 22.894224201424812
-150.0 23.77116728911797 22.89200964095583
-149.50000000000006 23.768185925030977 22.889806655078125
-149.0 23.76522561480585 22.8876163131836
-148.5 23.76228435580506 22.885434470524192
-148.00000000000006 23.759342222203145 22.883252742822503
-147.5 23.756447693684343 22.881104349701204
-147.0 23.753571501808082 22.87894173595658
-146.50000000000006 23.750696747137205 22.87680140586697
-146.0 23.747840415478766 22.874647941569357
-145.5 23.744985642606412 22.872506752230866
-145.00000000000006 23.742136681234904 22.870374626927802
-144.5 23.73929258161164 22.868237606334162
-144.0 23.736452648464578 22.866109561557458
-143.50000000000006 23.73363473152448 22.863985797449843
-143.0 23.730816888249752 22.86186335666728
-142.5 23.72800830583591 22.859740985913714
-142.00000000000006 23.725190885687173 22.857638118223825
-141.5 23.72240971424671 22.855532990238075
-141.0 23.719634371971967 22.853433907766746
-140.50000000000006 23.71685760451017 22.851328639544633
-140.0 23.71408004498761 22.84924276896958
-139.5 23.711338069410527 22.84715166839584
-139.00000000000006 23.708585162133197 22.845064131994697
-138.5 23.705818695717895 22.842993560363883
-138.0 23.70309279210074 22.840915650224233
-137.50000000000006 23.700387848349994 22.838840807807827
-137.0 23.697667319494535 22.83677341212662
-136.5 23.694987620578228 22.834721713685955
-136.00000000000006 23.692287653755272 22.832671695201793
-135.5 23.68960476778545 22.83061160193919
-135.0 23.686929207198485 22.828575795239377
-134.50000000000006 23.68427204750066 22.82653410344284
-134.0 23.681619228747756 22.82449455276341
-133.5 23.678992945323895 22.822469077618642
-133.00000000000006 23.676348788190825 22.820437001962897
-132.5 23.673730849189095 22.818427107648116
-132.0 23.671125517925447 22.81641826262858
-131.50000000000006 23.668526347358664 22.814418729564917
-131.0 23.665948474489692 22.81241557237367
-130.5 23.663372403685067 22.81040440751257
-130.00000000000006 23.660816110365314 22.808423165108284
-129.5 23.658269617592783 22.80643854499597
-129.0 23.655736832086838 22.804460190028944
-128.50000000000006 23.653201199756726 22.802492118068276
-128.0 23.650696510476898 22.800517610441954
-127.5 23.648192451126853 22.798553152930573
-127.00000000000006 23.645709084312756 22.7966010290673
-126.5 23.64323048106119 22.794646476215096
-126.0 23.640753470463277 22.7927062185711
-125.50000000000006 23.638301926773142 22.790772388654148
-125.0 23.635875703770232 22.78883768367284
-124.5 23.63344082146209 22.786914397567116
-124.00000000000006 23.631043492419593 22.784991685831308
-123.5 23.628634056323115 22.783074958883706
-123.0 23.62625306800275 22.781163011678395
-122.50000000000006 23.623877939142996 22.779275271600035
-122.0 23.62150838093074 22.777371864187938
-121.5 23.6191784043137 22.77547955652317
-121.00000000000006 23.61684218672632 22.773608339100853
-120.5 23.614517577322523 22.771727353870652
-120.0 23.61221979008289 22.769864884579036
-119.50000000000006 23.60992659249122 22.76798848617727
-119.0 23.60764204107714 22.766143502113827
-118.5 23.60538359648035 22.764296331453075
-118.00000000000006 23.603139434466573 22.76245429007784
-117.5 23.600901402128763 22.760616684853098
-117.0 23.59868564735742 22.758788394698346
-116.50000000000006 23.596469517190258 22.756961143108256
-116.0 23.59427790703982 22.755142594749213
-115.5 23.592105524249078 22.75333481185536
-115.00000000000006 23.589941629615904 22.751536632475084
-114.5 23.587806261123983 22.749740912605777
-114.0 23.58567367611508 22.74794883930658
-113.50000000000006 23.583556064121357 22.746167203044855
-113.0 23.581448060758632 22.74439483844961
-112.5 23.579369145359053 22.742630910611027
-112.00000000000006 23.577294173944505 22.74086066936729
-111.5 23.575253027072996 22.739109885718108
-111.0 23.573207614838218 22.73736353612298
-110.50000000000006 23.57117463048318 22.73562517420575
-110.0 23.569177178718125 22.73389282483025
-109.5 23.56719447432967 22.73216428471095
-109.00000000000006 23.565209485921486 22.7304477353018
-108.5 23.563247481501236 22.728735787038197
-108.0 23.561285261286166 22.7270334814083
-107.50000000000006 23.55934259359705 22.725321780145222
-107.0 23.557410230384164 22.72363029464686
-106.5 23.55547526585473 22.72194031088544
-106.00000000000006 23.553570515342678 22.72025036489026
-105.5 23.55166708827287 22.718571472816613
-105.0 23.549774338553352 22.71689297706272
-104.50000000000006 23.547897876517233 22.71521984636291
-104.0 23.546026939306618 22.713554159357983
-103.5 23.544173722932147 22.711893585257048
-103.00000000000006 23.542319599351877 22.71024255734961
-102.5 23.540485706797128 22.708594563493428
-102.0 23.538663129514994 22.70695446848066
-101.50000000000006 23.536832513875588 22.705302581862703
-101.0 23.535022124418084 22.703675886592105
-100.5 23.533216411589883 22.7020498301276
-100.00000000000006 23.531448653990452 22.700424645316378
-99.5 23.529667956501687 22.69880505217705
-99.0 23.52791249924571 22.697195615746878
-98.50000000000006 23.526149099178546 22.695587692752476
-98.0 23.52440990174253 22.693984154076677
-97.5 23.522670149948944 22.692384783211125
-97.00000000000006 23.520961359760637 22.690798618309522
-96.5 23.519228701003726 22.689204389184397
-96.0 23.517538842060226 22.687622430166442
-95.50000000000006 23.515835016160974 22.686047237497213
-95.0 23.51415963014947 22.684478731916986
-94.5 23.512495154239037 22.682911340437613
-94.00000000000006 23.510840067068564 22.681350335349077
-93.5 23.5091719158008 22.679792722342885
-93.0 23.507533632342877 22.678230783504976
-92.50000000000006 23.505906906131784 22.676690551653884
-92.0 23.504286640807397 22.675158414089843
-91.5 23.50268345205079 22.673616836996406
-91.00000000000006 23.501073811659637 22.67208066333426
-90.5 23.499483766079482 22.670558865129973
-90.0 23.497918538427392 22.669040014867807
-89.50000000000006 23.49634430391779 22.667522187260772
-89.0 23.494791663472178 22.666008327793357
-88.5 23.49323784339054 22.66450397807749
-88.00000000000006 23.49169492902839 22.66300681923265
-87.5 23.490170134064865 22.661501574993004
-87.0 23.488654650670714 22.660011510416325
-86.50000000000006 23.487144718150667 22.658531499939212
-86.0 23.48565069641527 22.657042803572693
-85.5 23.484156443073697 22.655569090295494
-85.00000000000006 23.48269398146019 22.65409537240865
-84.5 23.48121518203937 22.652640137820526
-84.0 23.47977420799478 22.651164436484656
-83.50000000000006 23.478312524971265 22.649713086568077
-83.0 23.476878590516904 22.648264556693466
-82.5 23.47545823050315 22.646815529653832
-82.00000000000006 23.474041296989398 22.64537374746705
-81.5 23.472627622199653 22.643929755541954
-81.0 23.471230638224945 22.642501041138505
-80.50000000000006 23.469858016136378 22.641078152997288
-80.0 23.468488052163664 22.63964951461858
-79.5 23.467110965049965 22.63823907517353
-79.00000000000006 23.46576090478013 22.63682695843891
-78.5 23.464407669553616 22.63540564553828
-78.0 23.463069167011593 22.6340109916137
-77.50000000000006 23.461745501740374 22.632616225228958
-77.0 23.460426478194584 22.63122688157404
-76.5 23.459128613725355 22.629833778186878
-76.00000000000006 23.457835835390735 22.628447284986265
-75.5 23.45654736330317 22.62706561742741
-75.0 23.455262348130663 22.625691435430685
-74.50000000000006 23.453999017221612 22.62432609958397
-74.0 23.452752882337514 22.62296110651674
-73.5 23.451516116525898 22.62160355078494
-73.00000000000006 23.45027388592755 22.62024703525569
-72.5 23.449048642305982 22.61889715968819
-72.0 23.44782454253256 22.617551313575404
-71.50000000000006 23.44663158694599 22.61621848047122
-71.0 23.44543169948928 22.614877286763374
-70.5 23.444245505670946 22.613542808408475
-70.00000000000006 23.443057424964348 22.61220796052669
-69.5 23.441887814188757 22.610888975127892
-69.0 23.44072710877249 22.609566684033616
-68.50000000000006 23.439569103456282 22.608242814975515
-68.0 23.43840989663995 22.60693958531117
-67.5 23.437279378871395 22.605630096860327
-67.00000000000006 23.436151774139088 22.6043294536357
-66.5 23.435027260586363 22.603030211508344
-66.0 23.4339314398014 22.60173124022576
-65.50000000000006 23.432816888059374 22.6004361697894
-65.0 23.431719907567434 22.599160077949563
-64.5 23.430628036535857 22.597873297973887
-64.00000000000006 23.429547943462058 22.59659708798319
