FastTrWP/PhaseSpace/IAs/snIa_0.67_30.00_0.46_0.11.csv
# %ECSV 0.9
# ---
# datatype:
# - {name: time-rel, datatype: float64}
# - {name: g, datatype: float64}
# - {name: i, datatype: float64}
# schema: astropy-2.0
time-rel g i
[from data line 1428]
295.0 25.032748140702484 22.285857031018566
295.4999999999999 25.03437950798307 22.286371838285568
296.0 25.035975217298482 22.286883457501183
296.5 25.03759944876275 22.287400449437207
296.9999999999999 25.039234887377432 22.287927694813632
297.5 25.040832301847548 22.28844243379536
298.0 25.04244375050248 22.288962921503497
298.4999999999999 25.044057242603053 22.289485351561638
299.0 25.045692891814745 22.29000362735836
299.5 25.047286942047545 22.29052917664098
299.9999999999999 25.04890816604357 22.291052516552675
300.5 25.05055316063578 22.29157768369577
301.0 25.052146072418488 22.292103172328112
301.4999999999999 25.05378499570787 22.292636393406113
302.0 25.055400543540006 22.29316497095298
302.5 25.05701082107889 22.293689080518146
302.9999999999999 25.05863296876969 22.294214297608292
303.5 25.060242358267093 22.2947549889101
304.0 25.061867819501522 22.295277203162417
304.4999999999999 25.06349581631623 22.295810546351674
305.0 25.06514354666228 22.29634143446266
305.5 25.06675815007364 22.296879424200373
305.9999999999999 25.06839471900044 22.29741102677709
306.5 25.07000426091284 22.297946161518357
307.0 25.07162791900415 22.29848546961241
307.4999999999999 25.07325054223911 22.299015912009573
308.0 25.07488115813731 22.299555546465864
308.5 25.076520220961807 22.300093866750036
308.9999999999999 25.07816115099129 22.30063044311461
309.5 25.07977894026077 22.301164260941793
310.0 25.081430790448685 22.30169950221299
310.4999999999999 25.08303644018282 22.302241891687885
311.0 25.084680711324165 22.302782322727555
311.5 25.08629808052969 22.30332309631104
311.9999999999999 25.08794475438531 22.30386015437357
312.5 25.089584868142584 22.304394454754917
313.0 25.09123328883359 22.30494817215242
313.4999999999999 25.09287331130197 22.305483516266314
314.0 25.094493177202377 22.30603542039924
314.5 25.09614788900132 22.306578405907217
314.9999999999999 25.097768092707877 22.3071243722936
315.5 25.09941048071166 22.307670868600017
316.0 25.101044458869033 22.308225324029127
316.4999999999999 25.102658657429636 22.3087710919079
317.0 25.104348729165945 22.309328214515666
317.5 25.10597797924457 22.309879110448602
317.9999999999999 25.107628091840077 22.310439457392555
318.5 25.109264270642747 22.310992693822584
319.0 25.110874948279687 22.31154488181895
319.4999999999999 25.112564303036812 22.31210086071904
320.0 25.114174852254006 22.312660423128825
320.5 25.115818796037285 22.31321948089105
320.9999999999999 25.117480331244405 22.313785332862093
321.5 25.1191128409421 22.31434660751124
322.0 25.120749635087954 22.31491093792494
322.4999999999999 25.12242240068531 22.315472540152275
323.0 25.124058848969728 22.31604340810433
323.5 25.12571617237683 22.31659961457906
323.9999999999999 25.127356632934283 22.317170113128025
324.5 25.128992225223826 22.31773533069138
325.0 25.130631630745327 22.31830712977235
325.4999999999999 25.13229782673937 22.31888134406035
326.0 25.13395506006227 22.319448678569557
326.5 25.135596780944137 22.320031491025315
326.9999999999999 25.13726396818598 22.320602543342794
327.5 25.138922029009173 22.32116921911611
328.0 25.140563558459927 22.32174974059314
328.4999999999999 25.142187015048872 22.322333397796704
329.0 25.143856179183793 22.322905220940314
329.5 25.145521128769232 22.323482936474793
329.9999999999999 25.14716069649955 22.324061841368014
330.5 25.148840545246863 22.3246430764817
331.0 25.15048953345807 22.325217681082318
331.4999999999999 25.152136573551473 22.325803353570393
332.0 25.153797853903374 22.326395500486385
332.5 25.15547471532792 22.32697552830707
332.9999999999999 25.15711825244052 22.327561356165585
333.5 25.1587941456596 22.328151995896697
334.0 25.160434253856714 22.32873341657577
334.4999999999999 25.162108844687122 22.32932343470018
335.0 25.163763707294777 22.329914900482347
335.5 25.165420036368914 22.33050892373576
335.9999999999999 25.16709486416152 22.331091737544565
336.5 25.168759849522104 22.331690640779254
337.0 25.170414742966877 22.33228315818757
337.4999999999999 25.17207299039722 22.33287482911955
338.0 25.173761227359496 22.333472312005085
338.5 25.175432520835805 22.334064451179692
338.9999999999999 25.1770892648076 22.334663713471997
339.5 25.17875754590591 22.33525411866586
340.0 25.180426213568015 22.335855902341493
340.4999999999999 25.18210675062811 22.336452624403083
341.0 25.183790133398936 22.33705449200254
341.5 25.185451067724266 22.33765751662057
341.9999999999999 25.187114337552728 22.33825638249109
342.5 25.188794295067982 22.338858411280782
343.0 25.19045242900427 22.339462927245314
343.4999999999999 25.192136316245957 22.340061546748736
344.0 25.19382501752802 22.340675205318156
344.5 25.19549926776396 22.341273556522644
344.9999999999999 25.197171205658098 22.341880608058176
345.5 25.198827287590255 22.342487422287025
346.0 25.200525174990442 22.343095521480674
346.4999999999999 25.20220494430619 22.343698269634498
347.0 25.203901792995758 22.344314344702852
347.5 25.205586663950996 22.3449207849529
347.9999999999999 25.207248046725127 22.345536465360887
348.5 25.2089343095248 22.346145387851696
349.0 25.210627253564546 22.346755493923762
349.4999999999999 25.212306585008033 22.34736871802125
350.0 25.213984262476675 22.347983083341525
350.5 25.215664443612248 22.348596861688005
350.9999999999999 25.21736548548304 22.349214697800228
351.5 25.219048868601025 22.349829100857598
352.0 25.22072914451776 22.350441300492303
352.4999999999999 25.222451615491195 22.351061651298956
353.0 25.224116592739275 22.351682574704185
353.5 25.22582751672797 22.352297027176657
353.9999999999999 25.227504708820767 22.35291519020479
354.5 25.22921544926222 22.35353697305645
355.0 25.230917288719496 22.354163126423497
355.4999999999999 25.232594382261016 22.35478408514641
356.0 25.23429716424381 22.355415379970694
356.5 25.23596809634173 22.35603556486691
356.9999999999999 25.237683656468892 22.356658455578536
357.5 25.239387892476856 22.35727626931251
358.0 25.241056575034882 22.35791213790046
358.4999999999999 25.242782942738124 22.3585373463589
359.0 25.244455399794678 22.35916992855776
359.5 25.24617011688217 22.35979908543024
359.9999999999999 25.24785612681559 22.360431000941198
360.5 25.249572979033506 22.361062407129396
361.0 25.251266403178043 22.361701360179808
361.4999999999999 25.252965266445994 22.362327989320384
362.0 25.25466897526784 22.362963971820488
362.5 25.256360392208666 22.363598054547
362.9999999999999 25.25807563196856 22.3642327965282
363.5 25.259785799002252 22.364872069126797
364.0 25.261499068044586 22.365511298686386
364.4999999999999 25.263177463391287 22.366150642229773
365.0 25.264899699447053 22.36679382895972
365.5 25.266593383746393 22.36742960509822
365.9999999999999 25.268312863807225 22.368076535399158
366.5 25.270028836495744 22.368712876774236
367.0 25.271744343629678 22.369363688653916
367.4999999999999 25.273451774186544 22.3700060005511
368.0 25.275143352476874 22.370643117152603
368.5 25.276879017862626 22.371295111454913
368.9999999999999 25.27857757214324 22.371950635861296
369.5 25.28030607215789 22.372592843759524
370.0 25.281996769923616 22.373242405987504
370.4999999999999 25.28372735233233 22.373895693965284
371.0 25.285426092215168 22.374545500569
371.5 25.287145191229374 22.375197929175133
371.9999999999999 25.288865179263006 22.37584964166477
372.5 25.290582216837045 22.376503491057235
373.0 25.29230169859266 22.377157801777802
373.4999999999999 25.294045155120255 22.37781477829015
374.0 25.29576319034133 22.378469996361368
374.5 25.297451273791076 22.379126035676023
374.9999999999999 25.299189144229054 22.379789437884646
375.5 25.300910293315376 22.38044679262288
376.0 25.302642307706805 22.381115537814647
376.4999999999999 25.30434682285753 22.381769921912262
377.0 25.30611596794142 22.38244217392737
377.5 25.307808070281844 22.383098765449287
377.9999999999999 25.30955207087288 22.38375978905146
378.5 25.311258102679382 22.384424361819786
379.0 25.31300997623328 22.385089478802527
379.4999999999999 25.314748635740646 22.385762177631108
380.0 25.316479731642453 22.386428992895056
380.5 25.318217506820645 22.38709462323842
380.9999999999999 25.319933598569577 22.387766701095888
381.5 25.321648583849093 22.38843902260691
382.0 25.323383862084174 22.389110028040513
382.4999999999999 25.325135580502184 22.389781380733112
383.0 25.326873521814402 22.390449353830686
383.5 25.328615370153365 22.391128265461493
383.9999999999999 25.3303404518185 22.39180027526524
384.5 25.332083447228083 22.39247995903711
385.0 25.33384082968074 22.39315572558319
385.4999999999999 25.335596935865702 22.393831851208944
386.0 25.337319361064257 22.394514031729507
386.5 25.33906447560809 22.395191663368198
386.9999999999999 25.340799581943948 22.395878449894635
387.5 25.3425560120634 22.39655681677075
388.0 25.344297939316967 22.397235459902028
388.4999999999999 25.346060591757848 22.397921877913817
389.0 25.347810350458793 22.39860186436946
389.5 25.34952075403975 22.399287820765082
389.9999999999999 25.35130455279118 22.39997402697135
390.5 25.353049679135008 22.40065841425129
391.0 25.354803945755982 22.401349382393093
391.4999999999999 25.356549602439927 22.40204086630657
392.0 25.358350060367787 22.402726317687506
392.5 25.360067856385832 22.403417733941783
392.9999999999999 25.36182899752817 22.404106035616703
393.5 25.363593882065327 22.404804531844384
394.0 25.365365242001175 22.40549766899806
394.4999999999999 25.367124503338143 22.406188306844133
395.0 25.368885903454185 22.406887388450677
395.5 25.370649752561725 22.407576478753537
395.9999999999999 25.37240464154045 22.40827412471452
396.5 25.374159132717548 22.40897413151953
397.0 25.375936102450282 22.40967563417997
397.4999999999999 25.37767845376603 22.41037101261467
398.0 25.37944627488855 22.41107782671105
398.5 25.38122636605 22.41178112887669
398.9999999999999 25.382970095953034 22.412485811371972
399.5 25.38476450843154 22.41318397608253
400.0 25.38651759134387 22.413888092383225
400.4999999999999 25.388334895569614 22.414598632510128
401.0 25.39007287639867 22.41530495296162
401.5 25.391824866895817 22.416006728127496
401.9999999999999 25.393616449551104 22.41672364900975
402.5 25.395407747962942 22.41743815288848
403.0 25.397179793187085 22.418149695030124
403.4999999999999 25.398935710467253 22.418855879564994
404.0 25.40069415537401 22.41956927933431
404.5 25.402482360636828 22.42028563913426
404.9999999999999 25.40425951318305 22.42100194966443
405.5 25.4060348313332 22.4217156809933
406.0 25.40781149896302 22.42242691588133
406.4999999999999 25.40959952284597 22.42315545085969
407.0 25.411371432733084 22.423864018021092
407.5 25.413166199588545 22.424594045123357
407.9999999999999 25.414937445257543 22.42530693697927
408.5 25.41672758026859 22.4260341681751
409.0 25.41851713373955 22.42675189872965
409.4999999999999 25.420300656023333 22.427479091951547
410.0 25.422085536330584 22.428202346758518
410.5 25.42384405014598 22.42892930301496
410.9999999999999 25.42565691588324 22.429649453415234
411.5 25.427472988161387 22.430380268523187
412.0 25.42925379185654 22.431113515703096
412.4999999999999 25.431030396396043 22.43183862417617
413.0 25.43283166609576 22.432568757350417
413.5 25.434628675641573 22.433309335732613
413.9999999999999 25.436407405277986 22.43403639889603
414.5 25.438213338341164 22.434767920402834
415.0 25.440021125710842 22.435498941870144
415.4999999999999 25.441817822319116 22.436236124321553
416.0 25.443611498281946 22.436977910766288
416.5 25.445396596729395 22.437715694587087
416.9999999999999 25.44720924533038 22.438455602385048
417.5 25.449006478827414 22.439200095932268
418.0 25.450806639279257 22.43993508615929
418.4999999999999 25.452635583424446 22.44067541453345
419.0 25.45442856850773 22.441419236935523
419.5 25.456227699068002 22.442161161471155
419.9999999999999 25.45804294363193 22.442913441412664
420.5 25.459875280087335 22.443663566794683
421.0 25.46169674501938 22.444407544931465
421.4999999999999 25.46347390846043 22.445149950878083
422.0 25.46529038878106 22.445901036973584
422.5 25.467104196880946 22.44665699309506
422.9999999999999 25.468947527595272 22.447401864887794
423.5 25.470746595289036 22.448150209817502
424.0 25.472568807777044 22.448904808946104
424.4999999999999 25.47438845446617 22.449663783183244
425.0 25.476197022474935 22.45042148627885
425.5 25.47804908511196 22.451172626866637
425.9999999999999 25.479854495199316 22.45193151945104
426.5 25.481657414718693 22.452692362282388
427.0 25.48349464356885 22.453451256148522
427.4999999999999 25.48534528458944 22.454209714679166
428.0 25.48718010258295 22.454969691795526
428.5 25.488966475752605 22.45573865668912
428.9999999999999 25.49085954051689 22.456499025218957
429.5 25.492630227692455 22.45725829190969
430.0 25.49449390207577 22.458029768203602
430.4999999999999 25.4963326850287 22.458787910101094
431.0 25.49815011068052 22.45956266448957
431.5 25.50001057595113 22.460329025130342
431.9999999999999 25.501829228297375 22.461105582425603
432.5 25.503675227792463 22.4618743799636
433.0 25.505505977096362 22.46264585573549
433.4999999999999 25.507394583974353 22.463414544662935
434.0 25.509235771540414 22.46418734931033
434.5 25.511106895954754 22.464965979628282
434.9999999999999 25.51293383268774 22.465751575564394
435.5 25.514800869920748 22.46653447487185
436.0 25.516654227471616 22.467310960698654
436.4999999999999 25.518487645220276 22.46809008146025
437.0 25.520355379242847 22.468877016547072
437.5 25.52220202094704 22.469658132322078
437.9999999999999 25.52408768758226 22.470446942777556
438.5 25.52594777872322 22.471237864344715
439.0 25.52779618103429 22.472028757586383
439.4999999999999 25.529666381406088 22.472808477982383
440.0 25.531581150855416 22.47360580917914
440.5 25.53342902100762 22.474397801484322
440.9999999999999 25.535310991491144 22.47519722834983
441.5 25.537193023662216 22.475987298694303
442.0 25.539054954472252 22.476787970881354
442.4999999999999 25.540933218515324 22.47758621318466
443.0 25.542811421565457 22.478389275699513
443.5 25.54472872890569 22.479186125442837
443.9999999999999 25.546588078616562 22.479986291136044
444.5 25.54847323726299 22.48078564763243
445.0 25.550367275808746 22.481589380934828
445.4999999999999 25.55225358718516 22.48240603828817
446.0 25.554124252977665 22.48321376066826
446.5 25.556019808671913 22.484021698796063
446.9999999999999 25.557902193328644 22.48482795973803
447.5 25.55980788378637 22.485632495658766
448.0 25.561713018222942 22.48645565412732
448.4999999999999 25.5636038409588 22.487263632831826
449.0 25.565500177249632 22.4880764890167
449.5 25.567392894547318 22.488891522101465
449.9999999999999 25.569297879463953 22.48970082660605
450.5 25.57121239766323 22.49051505672899
451.0 25.573073664929634 22.491343704608425
451.4999999999999 25.575022385353087 22.49215381354019
452.0 25.576923637026205 22.492979671495977
452.5 25.578799115146538 22.493795477387298
452.9999999999999 25.580695226183238 22.494609434544653
453.5 25.582601280159672 22.495436476915607
454.0 25.58449467927649 22.496263710041987
454.4999999999999 25.586415849168098 22.49708578633632
455.0 25.58831663437364 22.497908385162603
455.5 25.590222940394412 22.498735524033545
456.0 25.59213346458543 22.49956210023037
456.5 25.594021367315413 22.500388236705838
457.0 25.59593750583568 22.50121414859563
457.5 25.597883563611873 22.50204254517952
458.0 25.59975160836462 22.502872398750455
458.5 25.601692257148944 22.503695932232077
459.0 25.603582328638307 22.504530283247597
459.5 25.605500897874336 22.50536566133599
460.0 25.607392678081947 22.50619168749124
460.5 25.60933147094403 22.507025372639575
461.0 25.611217935404266 22.507860297151492
461.5 25.613136626589924 22.50869407224062
462.0 25.615024443794074 22.50952883360863
462.5 25.616948901383033 22.510367544192988
463.0 25.6188372991479 22.511197225317716
463.5 25.620785827641342 22.5120330096886
464.0 25.622642138516042 22.512871241664026
464.5 25.624606797924972 22.51371070317093
