FastTrWP/PhaseSpace/IAs/snIa_0.39_30.00_-0.14_-0.03.csv
# %ECSV 0.9
# ---
# datatype:
# - {name: time-rel, datatype: float64}
# - {name: g, datatype: float64}
# - {name: i, datatype: float64}
# schema: astropy-2.0
time-rel g i
[from data line 2017]
1200.1041666666667 24.688341306379023 23.109048257387926
1200.6041666666667 24.69047510903738 23.109867468796725
1201.1041666666667 24.692650904579644 23.110687660737703
1201.6041666666667 24.694786552565738 23.11150920372516
1202.1041666666667 24.696934305622772 23.112322912935813
1202.6041666666667 24.699085625255513 23.113138945017838
1203.1041666666667 24.701230184709555 23.113948461998387
1203.6041666666667 24.703356936789135 23.114759314221093
1204.1041666666667 24.70550278644666 23.115566720678252
1204.6041666666667 24.707658906615396 23.116377592968313
1205.1041666666667 24.7097969448952 23.117187825814472
1205.6041666666667 24.711929444459972 23.118011152595685
1206.1041666666667 24.71406824317876 23.118798852925117
1206.6041666666667 24.716199044659266 23.1195999299905
1207.1041666666667 24.718323052102594 23.120407624190772
1207.6041666666667 24.72042822521056 23.121205385859483
1208.1041666666667 24.72257575095928 23.12200211355782
1208.6041666666667 24.724701350385523 23.122802404540373
1209.1041666666667 24.726829448323898 23.123589480480398
1209.6041666666667 24.728932243262612 23.124388812394052
1210.1041666666667 24.73106328741852 23.125185490539607
1210.6041666666667 24.733177241246853 23.125971569708508
1211.1041666666667 24.73528058113341 23.126761813128923
1211.6041666666667 24.73740170395419 23.127554602325063
1212.1041666666667 24.739497150932376 23.128352920071187
1212.6041666666667 24.741602671738164 23.129125804089902
1213.1041666666667 24.743711348200947 23.12990259619688
1213.6041666666667 24.745806944824857 23.130690628671523
1214.1041666666667 24.747938307300117 23.131471400696807
1214.6041666666667 24.750014810176136 23.13225249368641
1215.1041666666667 24.752124903625848 23.133024169054043
1215.6041666666667 24.754201759419555 23.133807037196085
1216.1041666666667 24.75629168061067 23.134573585998403
1216.6041666666667 24.75837618745529 23.13535100196853
1217.1041666666667 24.760445779673393 23.13612769322952
1217.6041666666667 24.762548319890044 23.136887408704197
1218.1041666666667 24.76462333991959 23.13766324577642
1218.6041666666667 24.766690983053294 23.13842924840728
1219.1041666666667 24.768752172968988 23.13918512014173
1219.6041666666667 24.77084011074522 23.139941504953214
1220.1041666666667 24.772891982029876 23.140703382795266
1220.6041666666667 24.774953695025342 23.14146078484239
1221.1041666666667 24.777012676199423 23.142226774975217
1221.6041666666667 24.779064708149058 23.142975151728077
1222.1041666666667 24.781133292750752 23.143728766042557
1222.6041666666667 24.783177653420193 23.14447783593442
1223.1041666666667 24.785236833365914 23.145234739429622
1223.6041666666667 24.787262129723686 23.145978205824886
1224.1041666666667 24.78928917542808 23.146722448890642
1224.6041666666667 24.791335512649933 23.147456840776712
1225.1041666666667 24.793365890133657 23.148199965095912
1225.6041666666667 24.795401922617287 23.148951001359144
1226.1041666666667 24.79743684239829 23.149688589260357
1226.6041666666667 24.799424039783894 23.15042049804534
1227.1041666666667 24.801447830184934 23.151154095737194
1227.6041666666667 24.80346020269757 23.151892678670954
1228.1041666666667 24.805452500672153 23.152605273759214
1228.6041666666667 24.807455635919105 23.153331244902976
1229.1041666666667 24.809461436278482 23.154051917163887
1229.6041666666667 24.811430634094513 23.15477467609353
1230.1041666666667 24.813388230494105 23.155484033554153
1230.6041666666667 24.815381830467725 23.156200972263
1231.1041666666667 24.817343933977675 23.156904855859946
1231.6041666666667 24.81928461824742 23.157621165419894
1232.1041666666667 24.821281118898607 23.158323710801263
1232.6041666666667 24.823223185641403 23.15901048253401
1233.1041666666667 24.825144230443506 23.15972239304816
1233.6041666666667 24.82709396638436 23.160425376658583
1234.1041666666667 24.829045901671943 23.161110629794834
1234.6041666666667 24.83094305287878 23.16180661841733
1235.1041666666667 24.83287848343684 23.162507523475988
1235.6041666666667 24.834805005508557 23.163189050072177
1236.1041666666667 24.836711784572913 23.163877724592176
1236.6041666666667 24.838630701952532 23.164571048551217
1237.1041666666667 24.840570983711324 23.165247344532066
1237.6041666666667 24.84248035469001 23.165925964643556
1238.1041666666667 24.844378317428472 23.166607177765254
1238.6041666666667 24.846269456576522 23.167288157212575
1239.1041666666667 24.84814892222061 23.16796262535645
1239.6041666666667 24.85004827365922 23.168631395995526
1240.1041666666667 24.851934900906322 23.169311418820723
1240.6041666666667 24.853826827270254 23.16998531804758
1241.1041666666667 24.85568391648348 23.17065091092794
1241.6041666666667 24.85758377459415 23.171321088129027
1242.1041666666667 24.859456286954185 23.171987952371907
1242.6041666666667 24.861309412035183 23.172656364551116
1243.1041666666667 24.863217217193174 23.173325019012903
1243.6041666666667 24.865058225703965 23.173984086971856
1244.1041666666667 24.866946268055234 23.174643247013055
1244.6041666666667 24.868792323381015 23.1753083370096
1245.1041666666667 24.870684407815205 23.175965342063975
1245.6041666666667 24.87254390769294 23.176623907807073
1246.1041666666667 24.874375545652434 23.17728667759875
1246.6041666666667 24.876242722585417 23.177943149398846
1247.1041666666667 24.87810112481476 23.178608240191416
1247.6041666666667 24.87994920563839 23.17926074623466
1248.1041666666667 24.88180581529541 23.179911755333734
1248.6041666666667 24.883668011792505 23.180583864450163
1249.1041666666667 24.885522700515534 23.181224552438664
1249.6041666666667 24.887387473922388 23.18187986526292
1250.1041666666667 24.889219138821687 23.182535094037835
1250.6041666666667 24.891061965906548 23.183186071146867
1251.1041666666667 24.8929304539295 23.183853550474105
1251.6041666666667 24.89473736825966 23.18450184716657
1252.1041666666667 24.896625250785583 23.18515535467037
1252.6041666666667 24.89846842200555 23.185800386736055
1253.1041666666667 24.900302568588607 23.186460025665255
1253.6041666666667 24.90215959275269 23.187104527608465
1254.1041666666667 24.904003055925866 23.187764006295453
1254.6041666666667 24.90587664526599 23.188411415011736
1255.1041666666667 24.907703757736318 23.18907118916276
1255.6041666666667 24.909551326060992 23.189743005212044
1256.1041666666667 24.911419695721335 23.190379581818753
1256.6041666666667 24.913257333901548 23.191042910063864
1257.1041666666667 24.915140643613 23.191691185649393
1257.6041666666667 24.916978367113437 23.192358100288992
1258.1041666666667 24.91884528511636 23.19300202092154
1258.6041666666667 24.920695485131766 23.193660949679902
1259.1041666666667 24.922553324792563 23.194324523236318
1259.6041666666667 24.924443351604992 23.194987447935777
1260.1041666666667 24.926283642900344 23.19563431414761
1260.6041666666667 24.928165317652557 23.196305759381634
1261.1041666666667 24.9300002936477 23.196944360140442
1261.6041666666667 24.931880183666756 23.19761289057705
1262.1041666666667 24.93371956736498 23.198259163484792
1262.6041666666667 24.935565994860394 23.198918871192337
1263.1041666666667 24.937409865187586 23.199560888144415
1263.6041666666667 24.939255113651107 23.20021482486482
1264.1041666666667 24.94110722236036 23.20086192911742
1264.6041666666667 24.942932016184834 23.2015094986143
1265.1041666666667 24.944773255456262 23.20215741828917
1265.6041666666667 24.94660642176488 23.20279771575894
1266.1041666666667 24.948426810836178 23.203447001421083
1266.6041666666667 24.95025904578748 23.204082834152523
1267.1041666666667 24.952085937777973 23.204724889532933
1267.6041666666667 24.95390006407202 23.20536490978137
1268.1041666666667 24.95573670037702 23.206012131093054
1268.6041666666667 24.957556882530888 23.206648738949276
1269.1041666666667 24.959378750614086 23.20728364100145
1269.6041666666667 24.961163866382996 23.20792713760008
1270.1041666666667 24.962994909992 23.208559951329086
1270.6041666666667 24.964799579722545 23.209205298444914
1271.1041666666667 24.96663300982768 23.209842257935026
1271.6041666666667 24.968425960807874 23.210474059997313
1272.1041666666667 24.97022583881796 23.211115517178676
1272.6041666666667 24.972030431836796 23.211749613657936
1273.1041666666667 24.973855009329455 23.2123799464104
1273.6041666666667 24.97564147036444 23.213017146219247
1274.1041666666667 24.97746126170167 23.213651544382365
1274.6041666666667 24.979259840028178 23.214285885410654
1275.1041666666667 24.98107103169052 23.214910962810862
1275.6041666666667 24.982852355110687 23.21554954620463
1276.1041666666667 24.984665564123418 23.2161880988903
1276.6041666666667 24.98648018721586 23.216813467626217
1277.1041666666667 24.988278050442272 23.21744663502966
1277.6041666666667 24.990073287805174 23.218087140138095
1278.1041666666667 24.991838215004275 23.218720019843207
1278.6041666666667 24.99366667407662 23.2193531869285
1279.1041666666667 24.995491557050485 23.21998994654557
1279.6041666666667 24.99728221622567 23.220621129725387
1280.1041666666667 24.999078309147794 23.221254405757648
1280.6041666666667 25.00088322448248 23.22187729463209
1281.1041666666667 25.002682133859654 23.22252247445252
1281.6041666666667 25.004495218085236 23.22315727761574
1282.1041666666667 25.006276977450952 23.22379521970881
1282.6041666666667 25.008081846367446 23.22442804199872
1283.1041666666667 25.009910049970298 23.225063623465687
1283.6041666666667 25.011704582896684 23.22569439169762
1284.1041666666667 25.013534751522855 23.22634056133362
1284.6041666666667 25.015314113500917 23.226970781453737
1285.1041666666667 25.017144549031883 23.2276135982648
1285.6041666666667 25.018957733337047 23.22825481849007
1286.1041666666667 25.020769867080325 23.22889645850657
1286.6041666666667 25.02257700894887 23.229526552401918
1287.1041666666667 25.024378370316125 23.230170978588077
1287.6041666666667 25.02623022533858 23.230809334598113
1288.1041666666667 25.028040407747586 23.231450994740687
1288.6041666666667 25.02987529236281 23.232090923641714
1289.1041666666667 25.03170106344227 23.232747457480237
1289.6041666666667 25.03353996599316 23.233388280271452
1290.1041666666667 25.035349267442378 23.234029302417227
1290.6041666666667 25.037200439633022 23.23469036547836
1291.1041666666667 25.039033811501902 23.235338478710638
1291.6041666666667 25.040863315959566 23.235987114868813
1292.1041666666667 25.042700894862374 23.236643657516815
1292.6041666666667 25.04457259383599 23.23729357092841
1293.1041666666667 25.046412829398427 23.23794145673486
1293.6041666666667 25.04826036044225 23.238600181780203
1294.1041666666667 25.050109359093803 23.239255579321995
1294.6041666666667 25.051956567603604 23.239901436255774
1295.1041666666667 25.05380938239602 23.240564384162017
1295.6041666666667 25.05568513141691 23.241214560725947
1296.1041666666667 25.05752379204916 23.24187170818165
1296.6041666666667 25.059389699728328 23.24252809867982
1297.1041666666667 25.061240905930326 23.24319835304651
1297.6041666666667 25.06309223269077 23.243847263297912
1298.1041666666667 25.06497050150079 23.244513661536338
1298.6041666666667 25.066820950752813 23.24516235222022
1299.1041666666667 25.068678590748764 23.245826242150095
1299.6041666666667 25.070544837244828 23.246478175206867
1300.1041666666667 25.072410332941853 23.247155490947616
1300.6041666666667 25.074287667510728 23.247806040752657
1301.1041666666667 25.07614401832626 23.24847137402231
1301.6041666666667 25.078015772432245 23.249127336569945
1302.1041666666667 25.079864833992943 23.249801093382032
1302.6041666666667 25.081748555237198 23.250455779209833
1303.1041666666667 25.083624234883615 23.25111517229189
1303.6041666666667 25.085486583915404 23.25178026970487
1304.1041666666667 25.08736476804173 23.25245473546981
1304.6041666666667 25.089237742538604 23.253116743958337
1305.1041666666667 25.091115644016327 23.253774262773867
1305.6041666666667 25.09297934961621 23.25444027696063
1306.1041666666667 25.094856271900376 23.255107347104257
1306.6041666666667 25.096745714891163 23.255775137706806
1307.1041666666667 25.098618748446828 23.256444168641927
1307.6041666666667 25.100485398112383 23.257105345282984
1308.1041666666667 25.102353096888457 23.257772964604044
1308.6041666666667 25.1042687303476 23.258434831205438
1309.1041666666667 25.10611722624239 23.259102459544437
1309.6041666666667 25.108009253326756 23.25978237028581
1310.1041666666667 25.109878878711463 23.260439295767835
1310.6041666666667 25.11176877390855 23.261119996765714
1311.1041666666667 25.113647229871695 23.26178363190411
1311.6041666666667 25.115524453230197 23.262447641479028
1312.1041666666667 25.117397270830153 23.263119472162845
1312.6041666666667 25.11928134999492 23.263782611002796
1313.1041666666667 25.12117902233888 23.264461229454973
1313.6041666666667 25.12306509306361 23.26512968939715
1314.1041666666667 25.124930538499584 23.2657923662422
1314.6041666666667 25.126841018228706 23.266466714515225
1315.1041666666667 25.12871867637029 23.267143291670184
1315.6041666666667 25.13058204615504 23.267804331691984
1316.1041666666667 25.132489055272362 23.268477863971214
1316.6041666666667 25.13435574227849 23.26916521608016
1317.1041666666667 25.13625086755787 23.269826898662217
1317.6041666666667 25.138117881851002 23.27051067608211
1318.1041666666667 25.140011232560816 23.271175321502486
1318.6041666666667 25.141907751776714 23.271840757953996
1319.1041666666667 25.14380890518684 23.272535805071286
1319.6041666666667 25.14566946687699 23.2731935725724
1320.1041666666667 25.14759651337691 23.273877626372506
1320.6041666666667 25.14946411332689 23.274548004598454
1321.1041666666667 25.151352568769912 23.275212323828242
1321.6041666666667 25.153221310082547 23.275887471239038
1322.1041666666667 25.15513093062683 23.276558145124998
1322.6041666666667 25.156996365101193 23.277237386383124
1323.1041666666667 25.15889466167971 23.277916893171952
1323.6041666666667 25.160766521161687 23.278591912878642
1324.1041666666667 25.162641144910083 23.279265638992843
1324.6041666666667 25.164545558220798 23.279936272242054
1325.1041666666667 25.16643666494843 23.280626513659772
1325.6041666666667 25.16832165921144 23.281294909234475
1326.1041666666667 25.170220979816257 23.281969787265705
1326.6041666666667 25.17209774750325 23.282650943081116
1327.1041666666667 25.17396404413415 23.283329567741685
1327.6041666666667 25.175855793363368 23.284006634644214
1328.1041666666667 25.17777666344426 23.284674339203487
1328.6041666666667 25.179621138559526 23.28534964406757
1329.1041666666667 25.181537918058186 23.28604060187214
1329.6041666666667 25.183408500504065 23.28671763976864
1330.1041666666667 25.185295074910545 23.287395440971437
1330.6041666666667 25.187172653447938 23.288086564097874
1331.1041666666667 25.189081269498622 23.2887615417718
1331.6041666666667 25.190965485463757 23.28943064745212
1332.1041666666667 25.19287791022161 23.29011309147091
1332.6041666666667 25.194755962499325 23.29079981562263
1333.1041666666667 25.1966263983724 23.291469959184422
1333.6041666666667 25.198511528075443 23.29216278095935
1334.1041666666667 25.20043354855698 23.292845570010364
1334.6041666666667 25.202327697738443 23.293520221158364
1335.1041666666667 25.204218011526677 23.29420824830979
1335.6041666666667 25.206107580290492 23.29488766878721
1336.1041666666667 25.207997659119027 23.29558185914641
1336.6041666666667 25.20985739804828 23.296260279053698
1337.1041666666667 25.21177829631381 23.296938732626927
1337.6041666666667 25.213670031951082 23.29762898755658
1338.1041666666667 25.215577673984946 23.298310902825424
1338.6041666666667 25.217462704716546 23.298998272871536
1339.1041666666667 25.219353354172235 23.299679371151058
1339.6041666666667 25.221266806555004 23.30036719699909
1340.1041666666667 25.223131585464287 23.30104866656984
1340.6041666666667 25.22505523706418 23.30174194709677
1341.1041666666667 25.226919530562746 23.302422126436927
