FastTrWP/PhaseSpace/IAs/snIa_0.70_30.00_-0.14_-0.01.csv
# %ECSV 0.9
# ---
# datatype:
# - {name: time-rel, datatype: float64}
# - {name: g, datatype: float64}
# - {name: i, datatype: float64}
# schema: astropy-2.0
time-rel g i
[from data line 710]
-76.0 24.08372875914866 22.524762731600543
-75.50000000000006 24.082590097481397 22.52337413319069
-75.0 24.08146565498385 22.521964606117137
-74.5 24.080326382896956 22.520569112446765
-74.00000000000006 24.079206651351825 22.51918019692635
-73.5 24.078097207863127 22.517798571311694
-73.0 24.076964523447586 22.516422951408387
-72.50000000000006 24.075881986759104 22.515046797599368
-72.0 24.074793407259513 22.513671940590857
-71.5 24.073720622176072 22.512307813688224
-71.00000000000006 24.07265144121694 22.510943843322288
-70.5 24.071579714604244 22.50957956484221
-70.0 24.07054501954449 22.50822924025682
-69.50000000000006 24.06949813179289 22.50688287910023
-69.0 24.068463804333557 22.505548345103186
-68.5 24.067425590874404 22.504203953785655
-68.00000000000006 24.06640352533932 22.502870238325897
-67.5 24.065399469554848 22.50153995269965
-67.0 24.064398219084463 22.500213015017803
-66.50000000000006 24.063410103887012 22.498891935097383
-66.0 24.062392427331144 22.497571234361505
-65.5 24.061414484709253 22.49626025738695
-65.00000000000006 24.060446792537206 22.494957837945027
-64.5 24.059473015768713 22.493651751741666
-64.0 24.058530150081182 22.49234089744825
-63.50000000000006 24.057563939916786 22.49104508315245
-63.0 24.05662565921797 22.489742974667365
-62.5 24.05568502187367 22.488461989347122
-62.00000000000006 24.0547473975938 22.487177751748195
-61.5 24.05382888186431 22.48589763255701
-61.0 24.052906963122158 22.48461746794093
-60.50000000000006 24.05200458084899 22.483332008271518
-60.0 24.051089264941034 22.48206847323159
-59.5 24.050195971331373 22.480801843764844
-59.00000000000006 24.049310694831366 22.47953090408997
-58.5 24.048417072281822 22.478275116176153
-58.0 24.047551529290097 22.477024258905
-57.50000000000006 24.04668151280674 22.47577430510054
-57.0 24.045832514211863 22.47452825879925
-56.5 24.044961584258616 22.473281604449184
-56.00000000000006 24.044120444882967 22.47203911533142
-55.5 24.04328179460514 22.470809646945725
-55.0 24.0424547001715 22.46958020123451
-54.50000000000006 24.04162947087771 22.46835604848867
-54.0 24.040814956083608 22.467121517703706
-53.5 24.039988250887955 22.46591083232973
-53.00000000000006 24.03919158979911 22.46468760355366
-52.5 24.038404303979416 22.463484904266945
-52.0 24.037626310916632 22.462273263070855
-51.50000000000006 24.036835190874374 22.461071187853683
-51.0 24.036068754244404 22.459868624758915
-50.5 24.035298637502827 22.45867326499046
-50.00000000000006 24.0345430815082 22.45747899244102
-49.5 24.033793070796648 22.456288449830065
-49.0 24.03304749819617 22.45510671815415
-48.50000000000006 24.032308059921608 22.453926283325533
-48.0 24.03157388605797 22.452752876337915
-47.5 24.030860141335054 22.451579573085404
-47.00000000000006 24.030145641481752 22.4504069710617
-46.5 24.02942514265623 22.44923987982488
-46.0 24.028730528895665 22.448091954023248
-45.50000000000006 24.028045598889925 22.446937751437233
-45.0 24.02737267809823 22.445775117489013
-44.5 24.026693887511588 22.4446264556699
-44.00000000000006 24.026026027760565 22.443485378899375
-43.5 24.025352810102753 22.442343772071006
-43.0 24.02470549709963 22.441207264358773
-42.50000000000006 24.024074477808508 22.440074148083582
-42.0 24.023428402073716 22.438944023944565
-41.5 24.022799538839944 22.43781451398543
-41.00000000000006 24.022179950707336 22.436697152242935
-40.5 24.02158233882902 22.435580988319547
-40.0 24.020957342610295 22.434466063937517
-39.50000000000006 24.020350122643038 22.433355609210643
-39.0 24.01976651654424 22.43225441000092
-38.5 24.019185813675126 22.431150872094655
-38.00000000000006 24.018610339554538 22.430055124563527
-37.5 24.018055644649117 22.42896083140701
-37.0 24.01749074773885 22.427873875661163
-36.50000000000006 24.01693872307597 22.426786291556006
-36.0 24.01639482753451 22.425707718729665
-35.5 24.015863164930373 22.42463082580924
-35.00000000000006 24.015328533430548 22.42355315814312
-34.5 24.014809802979332 22.42249214330506
-34.0 24.014301309407724 22.421418396967525
-33.50000000000006 24.01380289641012 22.42036463959586
-33.0 24.01330851283121 22.419301376277303
-32.5 24.012813544501817 22.418246407286027
-32.00000000000006 24.01233717016034 22.417192043203094
-31.5 24.011871071794655 22.416148898774143
-31.0 24.011402367327513 22.415104343573997
-30.5 24.010938991712184 22.41406865452026
-30.0 24.010508067408914 22.413028808166008
-29.5 24.010059649539144 22.412003038188814
-29.0 24.009622721861096 22.410970062244758
-28.5 24.009218494700924 22.4099597867111
-28.0 24.00880682626169 22.40894203196904
-27.5 24.00839724669578 22.407927227264945
-27.0 24.007996002090696 22.406915162301203
-26.5 24.00761050781497 22.405911780827733
-26.0 24.007225667370307 22.404909925786693
-25.5 24.006861080602576 22.403916789719688
-25.0 24.006485820294216 22.40291682119171
-24.5 24.006135397727935 22.40191467358468
-24.0 24.005805903305824 22.400933892369096
-23.5 24.00546059516119 22.399957141505872
-23.0 24.005135076190214 22.398968113547223
-22.5 24.00482054858007 22.3979984281266
-22.0 24.004519245962314 22.397020704557818
-21.5 24.004196062046752 22.396056020018595
-21.0 24.0039148199546 22.395087671720503
-20.5 24.00362296798733 22.39412387270596
-20.0 24.003344570309196 22.393169350343793
-19.5 24.00308445144138 22.392213171376724
-19.0 24.00283118492265 22.391257917984355
-18.5 24.00255609237144 22.390312510228373
-18.0 24.00232470600657 22.38936489937003
-17.5 24.002092397640094 22.388423402627406
-17.0 24.001860935542418 22.387496430072737
-16.5 24.001629274183678 22.38655860072206
-16.0 24.001434885996215 22.385623512027976
-15.5 24.001237870417327 22.384698115009062
-15.0 24.001043471866012 22.383775973108612
-14.5 24.00083757934013 22.382852512106588
-14.0 24.000650669933737 22.381941735205597
-13.5 24.00048534247608 22.381022969923485
-13.0 24.000319288684523 22.380117980209246
-12.5 24.000160995118833 22.379211552133818
-12.0 24.000006238922946 22.378309414963105
-11.5 23.999871346948037 22.377409395259743
-11.0 23.999737440700596 22.376517980964206
-10.5 23.999597933628838 22.37562596756698
-10.0 23.99946720084877 22.374737762748346
-9.5 23.999351236498985 22.373855195739544
-9.0 23.99925338862232 22.372968250071278
-8.5 23.999135822282554 22.372088912217748
-8.0 23.999053715220686 22.371211089593686
-7.5 23.99894923746337 22.370341372516247
-7.0 23.998881217173125 22.369475493860875
-6.5 23.998799113603837 22.36860862646717
-6.0 23.998720598732422 22.367746722771194
-5.5 23.99866908833168 22.366888838018674
-5.0 23.998615337857263 22.366031290162965
-4.5 23.998578709531042 22.365181768034997
-4.0 23.99853442715721 22.364330235610943
-3.5 23.998490847833974 22.363484211663412
-3.0 23.9984493208675 22.362643707817107
-2.5 23.998428690452087 22.361801178621743
-2.0 23.998405563125363 22.36096828439623
-1.5 23.99840198502806 22.360133438929992
-1.0 23.998398367725244 22.359304344165068
-0.5 23.998396820567027 22.358477776080083
0.0 23.998391080903883 22.35765841005022
0.5 23.998403422997498 22.356835133604488
1.0 23.998415450941856 22.356024456936172
1.5 23.998444638273075 22.355209106394746
2.0 23.998470414985288 22.354390914355655
2.5 23.99848962260577 22.353590216116807
3.0 23.998544892991976 22.352786705580705
3.5 23.998587161129535 22.351984527607947
4.0 23.998649669716002 22.351183777715953
4.5 23.998691599850247 22.350388725578245
5.0 23.998763626501855 22.34960323248761
5.5 23.99880575764746 22.34881426158941
6.0 23.998891681180208 22.34802886629549
6.5 23.998960122633505 22.347241283049257
7.0 23.999047997984245 22.346465103976705
7.5 23.999118488882075 22.345691903369122
8.0 23.999231688125462 22.34490876851076
8.5 23.999321849464653 22.34414460137458
9.0 23.999430438315223 22.3433834961776
9.5 23.99952197403649 22.342614980673787
10.0 23.999642645196246 22.34186118006297
10.5 23.999754192778294 22.341091383968458
11.0 23.99987302074663 22.34033892514441
11.5 23.999999186329664 22.339592034744527
12.0 24.000127648976495 22.33884095495683
12.5 24.0002446943264 22.338101849926296
13.0 24.000397199430815 22.337355286359628
13.5 24.0005254993458 22.336612112051327
14.0 24.000676203307414 22.335877633102726
14.5 24.000832673067848 22.335145855149044
15.0 24.000979493617663 22.33441712615707
15.5 24.001156281512298 22.33369144980548
16.0 24.00133321148473 22.33296683803175
16.5 24.001527866303572 22.3322439031532
17.0 24.001732694924538 22.331526298339615
17.5 24.00192802985762 22.330812426930255
18.0 24.002142661103143 22.330104159846144
18.5 24.00236204559027 22.329403630215452
19.0 24.0025899190162 22.328696734003827
19.5 24.002828131454443 22.3279889749049
20.0 24.003070680911435 22.327296459080053
20.5 24.003328251397424 22.32659998238025
21.0 24.00359987141025 22.325904784259734
21.5 24.003856954463586 22.32522455462366
22.0 24.00414115290786 22.32453693609166
22.5 24.00442728411267 22.32385605130823
23.0 24.00470656761325 22.32317288409466
23.5 24.005018891950737 22.32249720005615
24.0 24.00531263395798 22.321826117765873
24.5 24.005625177379372 22.32115925019528
25.0 24.00595003272909 22.32048733078157
25.5 24.006279912198867 22.319827790955777
26.0 24.006604870037975 22.319159384158347
26.5 24.006944565984227 22.318502839045514
27.0 24.007294822603175 22.31785044336949
27.5 24.007634100606005 22.317202868377137
28.0 24.008000916676316 22.316550924318783
28.5 24.008359497317258 22.315903952226517
29.0 24.008732461321685 22.315262515854638
29.5 24.009103415808553 22.314616739199103
30.0 24.009480688432397 22.313977986184277
30.5 24.00987337704167 22.31334783340028
31.0 24.01026074680784 22.31271169935838
31.5 24.01066804848119 22.31208601507835
32.0 24.011047660883218 22.311455253756204
32.5 24.011458449797104 22.310843699471977
33.0 24.011875579091836 22.310213337365276
33.5 24.01228134597421 22.30958892809763
34.0 24.012715768186645 22.308971615077343
34.5 24.01313463916464 22.30836190177183
35.0 24.013567782303127 22.30775650637922
35.5 24.013989163404585 22.307145922292296
36.0 24.014411833507125 22.306540085433095
36.5 24.01486660229905 22.30593764098944
37.0 24.015310691856705 22.305335046061824
37.5 24.015747417222602 22.30473498207455
38.0 24.016197495674735 22.304139880943218
38.5 24.016649987673027 22.30354774762499
39.0 24.017105258533277 22.302955704826548
39.5 24.017569501652368 22.302371604942756
40.0 24.01802235494725 22.30178173538556
40.5 24.01849060070697 22.301200933834746
41.0 24.018940638415827 22.30062502224474
41.5 24.019439047936466 22.300039819219826
42.0 24.019906399742858 22.29946145929972
42.5 24.020376070542184 22.298898987114512
43.0 24.02084962200984 22.29832254267923
43.5 24.021331344831903 22.297757095049825
44.0 24.02180961435939 22.297187965499624
44.5 24.02228376047883 22.29661843977649
45.0 24.022778903857507 22.296072898525367
45.5 24.023259046722597 22.2955082200048
46.0 24.023734807414282 22.294948416504937
46.5 24.02422004521499 22.29439401046129
47.0 24.02471267077125 22.29384384428918
47.5 24.025213912352225 22.293284180986987
48.0 24.025684313149203 22.29273515484451
48.5 24.026160912752918 22.29219736193581
49.0 24.02667483568482 22.291652796988085
49.5 24.027140457314403 22.291111514730005
50.0 24.02764570798871 22.29056663087666
50.5 24.028134300900827 22.290029595481023
51.0 24.028632046859364 22.289495551114964
51.5 24.029115252040164 22.288964257331827
52.0 24.029600302465255 22.288429973917204
52.5 24.03008001503619 22.287905976480936
53.0 24.030577706561292 22.28738196418966
53.5 24.03105738257702 22.28685369216783
54.0 24.031545662792038 22.286332015177436
54.5 24.03202389903877 22.28581077050857
55.0 24.032522675642447 22.285292141487144
55.5 24.032985697111563 22.28477299218348
56.0 24.03347556316718 22.28426035637449
56.5 24.033979600088617 22.283740866452682
57.0 24.03447021558695 22.2832368519536
57.5 24.03496102167464 22.28272056131468
58.0 24.03545234581783 22.282219109223398
58.5 24.035955790919598 22.28171367345176
59.0 24.036465385560533 22.28121804795192
59.5 24.036957785306843 22.280717151715578
60.0 24.03746215246246 22.280216521185142
60.5 24.03797664268335 22.27971371246221
61.0 24.0384915594204 22.279228214438636
61.5 24.038986011451527 22.2787381016472
62.0 24.03950713496181 22.278247366891918
62.5 24.040030036012404 22.27775740329634
63.0 24.040556317041478 22.277276848107526
63.5 24.04107545147809 22.27678829911298
64.0 24.041603997154994 22.276311428489276
64.5 24.04211776782727 22.275829061500506
65.0 24.042665493078573 22.275350230573263
65.5 24.043180536529015 22.27488018072025
66.0 24.04372054675615 22.274407516631562
66.5 24.044238749147343 22.273935334827218
67.0 24.044793549860092 22.273473613741466
67.5 24.045339997689453 22.273011139474804
68.0 24.045871786153448 22.272549782480738
68.5 24.04642121991123 22.272082693861464
69.0 24.04697306898033 22.27162989116095
69.5 24.047520133197573 22.27117432977177
70.0 24.048081895201335 22.270713985291977
70.5 24.048638156044344 22.27026040871951
71.0 24.049186935156598 22.269811217442182
71.5 24.049752042346025 22.269371509558873
72.0 24.050320988696967 22.268928334491186
72.5 24.050895726042995 22.26848085548295
73.0 24.05145462452927 22.26804007774031
73.5 24.05203201900744 22.26759760582762
74.0 24.052594288662906 22.267167041363326
74.5 24.05318019780013 22.26673356960824
75.0 24.053753191840805 22.26630328628108
75.5 24.054338081274874 22.265875207724793
76.0 24.054918628944996 22.265447625935604
76.5 24.055503411915712 22.265024275591806
77.0 24.05609386173222 22.264606875901777
77.5 24.05668340967264 22.26417722468411
78.0 24.05728305933677 22.263763377885716
78.5 24.057881580942077 22.263354430936424
79.0 24.058464806068947 22.262934772112875
79.5 24.05907129786041 22.262523254798253
80.0 24.05966858823399 22.262118246161748
80.5 24.060286954126045 22.261715445338975
81.0 24.06089250829576 22.261316270242617
81.5 24.061514345936388 22.26090875915295
82.0 24.062117470920725 22.260512063912643
82.5 24.062748859429675 22.260117714650292
83.0 24.063368713932675 22.259722121681698
83.5 24.063977470257385 22.259333990338753
84.0 24.06461949188019 22.258940993804046
84.5 24.065234512166292 22.258560805299282
85.0 24.06588154107321 22.258175854456223
85.5 24.06650478344172 22.25779683655036
86.0 24.067164673768158 22.25741959337217
86.5 24.067790429637483 22.25703625855114
87.0 24.06842794842598 22.25667026428553
87.5 24.06907311477306 22.256293085594873
88.0 24.069721345518374 22.255925976767855
88.5 24.07037665173787 22.255560130042056
89.0 24.071014894766066 22.255199612644212
89.5 24.071665032598734 22.25484109015893
90.0 24.072341604856184 22.254481071854197
90.5 24.072998073409046 22.254122835575764
91.0 24.073656698515038 22.253765270572682
91.5 24.074327896090118 22.253415198323143
92.0 24.075000205188534 22.253067295210364
92.5 24.0756514713294 22.25272065688346
93.0 24.076329924772573 22.252374166248483
93.5 24.0770122447027 22.25204262516396
94.0 24.077693337554805 22.2517010302446
94.5 24.078365529962433 22.25136143106637
95.0 24.079053681405888 22.25103199549696
95.5 24.07975198510785 22.250700507470036
96.0 24.080430999904276 22.2503696453944
96.5 24.08113868124496 22.25004641665589
97.0 24.081836227872277 22.24972108010951
97.5 24.082532719057927 22.24939741556173
98.0 24.083247479451508 22.24908367027938
98.5 24.083948489833343 22.2487654192534
99.0 24.08464564656996 22.248447776716276
99.5 24.085356549682636 22.24813573944737
100.0 24.08605548769168 22.2478210968959
100.5 24.086793229381385 22.247513648386924
101.0 24.087504917848985 22.247207903136857
101.5 24.08824022791582 22.246910195333626
102.0 24.088966301286142 22.246604573966092
102.5 24.089673649016866 22.24630356966271
103.0 24.09040729578384 22.24600172548893
103.5 24.091149192605794 22.245711489097513
104.0 24.091881542140214 22.24541742580257
104.5 24.092608365445713 22.245123482467385
105.0 24.093353842948133 22.244836406653302
105.5 24.094119335600304 22.244556734094722
106.0 24.094857150668105 22.24427169910223
106.5 24.095598273587377 22.243987955694248
