FastTrWP/PhaseSpace/IAs/snIa_0.35_30.00_-1.37_0.03.csv
# %ECSV 0.9
# ---
# datatype:
# - {name: time-rel, datatype: float64}
# - {name: g, datatype: float64}
# - {name: i, datatype: float64}
# schema: astropy-2.0
time-rel g i
250.5625 26.99249119172736 25.21866567803213
251.0625 26.9666549212037 25.20937134093659
251.5625 26.94124294207047 25.20016877212786
252.0625 26.916290565799272 25.19098962182655
252.5625 26.891784342270675 25.181870300979796
253.0625 26.867668022053287 25.172797844711134
253.5625 26.84401088081013 25.163745430291875
254.0625 26.82073066559709 25.154753978491865
254.5625 26.79777523838272 25.14579166011087
255.0625 26.77518654809677 25.13687721542952
255.5625 26.752946491026442 25.128029341321163
256.0625 26.73098286061451 25.119199031995155
256.5625 26.709461604579353 25.11042448580652
257.0625 26.688133621294575 25.101687163208485
257.5625 26.66716904513212 25.092970121149342
258.0625 26.646447007619393 25.084341383404233
258.5625 26.62601482813113 25.07571274498264
259.0625 26.605857095695548 25.06715522441709
259.5625 26.585975140324834 25.05860601620302
260.0625 26.566313580114507 25.050084834401712
260.5625 26.546922045177062 25.041663195983503
261.0625 26.527741661160135 25.033238263769817
261.5625 26.508806104433347 25.024855143498343
262.0625 26.49004844634935 25.016521906556584
262.5625 26.471511171569674 25.008220957052316
263.0625 26.45321547826658 24.9999552945072
263.5625 26.435119484548434 24.991718977490358
264.0625 26.4171992501338 24.98354618527838
264.5625 26.39950155921149 24.97538312703963
265.0625 26.381960179605542 24.967256705755663
265.5625 26.36460399416162 24.959190055340443
266.0625 26.347424172717083 24.95112343454375
266.5625 26.330369355618313 24.943113992756324
267.0625 26.31354470295709 24.935116230162055
267.5625 26.29683515680214 24.92719591104079
268.0625 26.280312255662302 24.9192724434663
268.5625 26.263937393593736 24.91140566067921
269.0625 26.24771442804669 24.90357117472493
269.5625 26.23161466210599 24.89576505779044
270.0625 26.2156625385809 24.887982730685735
270.5625 26.19988477543327 24.880226758513437
271.0625 26.184229283439397 24.872534298934784
271.5625 26.168728788787124 24.864864046405316
272.0625 26.153291671967935 24.85719326278881
272.5625 26.1380577991994 24.84959075009272
273.0625 26.122986549936194 24.842011494778706
273.5625 26.10810601891306 24.834472124976443
274.0625 26.09328670491979 24.826973275476124
274.5625 26.0787107251359 24.819482574468218
275.0625 26.06426847553842 24.812048913834097
275.5625 26.049932744411727 24.80461395081701
276.0625 26.035726776635197 24.797210028768912
276.5625 26.021683512964636 24.789882167690543
277.0625 26.007769464525943 24.782520640725167
277.5625 25.99393522298208 24.775230957374315
278.0625 25.980250025218762 24.767976143250642
278.5625 25.96665391925086 24.760742847737287
279.0625 25.953178643448286 24.753520784148975
279.5625 25.93986595838967 24.746347983531514
280.0625 25.92662306933603 24.73919751377274
280.5625 25.913461886324022 24.732056670713803
281.0625 25.90043545603522 24.724954333981835
281.5625 25.887482729106395 24.717868195508363
282.0625 25.874629264054665 24.71083691890251
282.5625 25.861871106265788 24.70380072013735
283.0625 25.849184837835132 24.696799950253805
283.5625 25.836619999878273 24.689838094161544
284.0625 25.824131471973473 24.682885464295335
284.5625 25.81169604533049 24.67597280920531
285.0625 25.799406175248684 24.66905565962749
285.5625 25.787160730932467 24.662190112245877
286.0625 25.774970300652633 24.655347092097813
286.5625 25.76287893855891 24.648532038403474
287.0625 25.750897107435637 24.641718074046267
287.5625 25.738906699362396 24.634948926717406
288.0625 25.72702433802054 24.628192755454975
288.5625 25.715212032385608 24.621458089376397
289.0625 25.703477713727278 24.61473220537785
289.5625 25.69181290150069 24.60804245004997
290.0625 25.680192197310248 24.601371462820083
290.5625 25.668626463299454 24.594731432772853
291.0625 25.657141730402216 24.58808598296627
291.5625 25.64571353375111 24.581520590433257
292.0625 25.63429674455864 24.574905343220514
292.5625 25.62300826868857 24.56833164498977
293.0625 25.611718114268314 24.56179740884998
293.5625 25.60051057831442 24.555269769196876
294.0625 25.589347810856033 24.5487799455083
294.5625 25.578226401712392 24.54227706442909
295.0625 25.567176732113683 24.535801204845
295.5625 25.556169576916705 24.52936209145124
296.0625 25.545197852210148 24.522929581489706
296.5625 25.534281645434334 24.51654004597202
297.0625 25.523407382125004 24.51014757147395
297.5625 25.512592724938013 24.5037713114202
298.0625 25.501816326547253 24.497411059143698
298.5625 25.49105850165581 24.49108258871878
299.0625 25.48038279164622 24.484773971926067
299.5625 25.46970362594317 24.478457771243885
300.0625 25.459094436713627 24.472168216202228
300.5625 25.448536371425952 24.465900154640057
301.0625 25.43795383220976 24.45963896508693
301.5625 25.42749140937504 24.453421428895147
302.0625 25.41703818726119 24.447208188152576
302.5625 25.40658924642568 24.441003936316047
303.0625 25.396198375455306 24.434838159150804
303.5625 25.38585232748818 24.428634719943247
304.0625 25.375525252397463 24.42251170976871
304.5625 25.365245303353813 24.416358046343515
305.0625 25.35501688881906 24.41025569332679
305.5625 25.344817992453198 24.404142774211962
306.0625 25.33466727873722 24.39806525628281
306.5625 25.324580584721275 24.39199433592146
307.0625 25.314531676845533 24.385957431192743
307.5625 25.304549002264523 24.379923512479827
308.0625 25.2945859223314 24.373930601515355
308.5625 25.284651751502114 24.367920410783324
309.0625 25.274784128873065 24.361955432127523
309.5625 25.26495447354663 24.356017160409586
310.0625 25.255173241697392 24.350058493536956
310.5625 25.245421908703435 24.344126242634267
311.0625 25.235726891738967 24.338220939309867
311.5625 25.226082404141806 24.332342613253562
312.0625 25.216422486643097 24.326461283694716
312.5625 25.20685021144972 24.32058907857928
313.0625 25.19732568141452 24.314765045558122
313.5625 25.187822732460834 24.308927105658263
314.0625 25.178365712556406 24.30310900697082
314.5625 25.16892680378878 24.297350814760467
315.0625 25.15956780459981 24.29154710696231
315.5625 25.15023975672438 24.285802202568657
316.0625 25.140927854025254 24.28003290560647
316.5625 25.1316566544386 24.274308368807684
317.0625 25.122436062727683 24.26859848176673
317.5625 25.113273156852046 24.262874119451148
318.0625 25.10410635775932 24.25719142393141
318.5625 25.094994909941644 24.25152253060444
319.0625 25.085934274422122 24.245873233830835
319.5625 25.076879638560516 24.24022156860092
320.0625 25.06789286898874 24.234578842813388
320.5625 25.05892380548934 24.228983456063812
321.0625 25.049998061314128 24.22338540401315
321.5625 25.041108165440164 24.217785412236168
322.0625 25.03223681088317 24.21222908576418
322.5625 25.02343128188302 24.206661884018764
323.0625 25.01463362868414 24.201129427423687
323.5625 25.005889081752333 24.19558782113146
324.0625 24.997162376662505 24.190077460122072
324.5625 24.988483991998915 24.184583880684833
325.0625 24.979848312007743 24.179094153079305
325.5625 24.971236816675106 24.17361083893987
326.0625 24.962638734322944 24.16815325606826
326.5625 24.954103010199077 24.162708816491623
327.0625 24.945571544244945 24.157274555322164
327.5625 24.93709837189243 24.15187090283762
328.0625 24.928647692711188 24.146455845516055
328.5625 24.92022542912273 24.14104426255232
329.0625 24.91183109615331 24.13566016572922
329.5625 24.90347814033306 24.13028784305893
330.0625 24.895161101181046 24.124936122641753
330.5625 24.886863100001825 24.1195977258022
331.0625 24.878614940048408 24.114272389963958
331.5625 24.870380352935484 24.10894717388171
332.0625 24.862173715856912 24.10364042039953
332.5625 24.854007871685795 24.098331417255835
333.0625 24.845843012328142 24.093053964701983
333.5625 24.837741336227243 24.087789523274008
334.0625 24.8296611316073 24.08252888796937
334.5625 24.82162790539791 24.07729210905286
335.0625 24.813608923170033 24.07204649863434
335.5625 24.805606836243015 24.066821662057013
336.0625 24.797654997455187 24.061613363127925
336.5625 24.78971626618658 24.056433094181884
337.0625 24.781798882975256 24.05123818064166
337.5625 24.77394567347714 24.046064278249926
338.0625 24.766100757779817 24.04090517815662
338.5625 24.758279386356822 24.03576447125618
339.0625 24.750478884182378 24.030634864682597
339.5625 24.74272290155017 24.025508814315984
340.0625 24.73501051087897 24.020401041975607
340.5625 24.727294475552085 24.015304069682273
341.0625 24.719634702879013 24.010210510702986
341.5625 24.711978808161994 24.005144458822198
342.0625 24.704352517006548 24.000085664629633
342.5625 24.696750487136335 23.99503618941262
343.0625 24.689188268234112 23.99000120212555
343.5625 24.681641037545617 23.98498561126658
344.0625 24.674134054062723 23.979975723709856
344.5625 24.666637261254238 23.974977072110256
345.0625 24.659168258419598 23.9699629796347
345.5625 24.65174704439278 23.965008577515732
346.0625 24.644333005297312 23.960038114871246
346.5625 24.636948537560833 23.955086816413775
347.0625 24.62957181798792 23.950140000900607
347.5625 24.62224010978098 23.945225058477604
348.0625 24.614934330013778 23.94028775732023
348.5625 24.60764054108457 23.93536657605093
349.0625 24.600370113389648 23.93046840134051
349.5625 24.59311525124743 23.92559529856061
350.0625 24.58591462636133 23.920711708792545
350.5625 24.5787184790121 23.915849222105837
351.0625 24.571532377282562 23.910982259693732
351.5625 24.564383231878203 23.90614353949154
352.0625 24.55725982451935 23.90129572404037
352.5625 24.550158376776153 23.89647322014042
353.0625 24.543065863504374 23.89165525499537
353.5625 24.536000275370903 23.886847377463027
354.0625 24.528966291161534 23.882056055763805
354.5625 24.521940497676674 23.877265069503487
355.0625 24.514935407292025 23.872477910442665
355.5625 24.507958683324695 23.867717044275096
356.0625 24.50101768834321 23.86296626072213
356.5625 24.494095727675166 23.858195699580207
357.0625 24.487163374236363 23.853462440969864
357.56249999999994 24.480280006525128 23.848714622420264
358.0625 24.47339259266752 23.844021210008194
358.5625 24.466553693084112 23.83929472869603
359.06249999999994 24.459718947226115 23.83457780702216
359.5625 24.45290551158131 23.829904000341223
360.0625 24.446100474138063 23.825201405550082
360.56249999999994 24.43932845733591 23.82052704969432
361.0625 24.432578315107595 23.815855254925125
361.5625 24.425831203107474 23.81119698251237
362.06249999999994 24.41912839477196 23.806551715151286
362.5625 24.412430312492695 23.801907037797353
363.0625 24.405762462463628 23.797271950195594
363.56249999999994 24.399095614804985 23.79263969834232
364.0625 24.39245245707198 23.78803047196566
364.5625 24.38584114033177 23.783420031284727
365.06249999999994 24.379214321785348 23.778823519186258
365.5625 24.372617606379343 23.77422757731512
366.0625 24.366066047759432 23.769622707396735
366.56249999999994 24.35951052227811 23.765070544626894
367.0625 24.352965217450873 23.760483835886376
367.5625 24.346473137292822 23.755932356069522
368.06249999999994 24.339941570609746 23.751372543360368
368.5625 24.333483202910692 23.746829019113246
369.0625 24.32700666474367 23.742289551914652
369.56249999999994 24.32056782908658 23.73775218061979
370.0625 24.314135069977986 23.733252342184073
370.5625 24.307722448097117 23.728726468188384
371.06249999999994 24.301346602972163 23.72422336105993
371.5625 24.29498458564456 23.719729659152943
372.0625 24.288629908981747 23.715250516016585
372.56249999999994 24.28226124493363 23.710780334962436
373.0625 24.275959812641716 23.706325548772714
373.5625 24.269675115524052 23.70185228057533
374.06249999999994 24.26338549073314 23.69739870586528
374.5625 24.25713034477676 23.69297660866776
375.0625 24.250871385162178 23.688532918715424
375.56249999999994 24.244649616769827 23.68411614454143
376.0625 24.238446154175183 23.67969001218173
376.5625 24.232255017806438 23.67529066672498
377.06249999999994 24.226054803950163 23.670883635581177
377.5625 24.21990989960086 23.666498743399558
378.0625 24.21375673820332 23.662127106310837
378.56249999999994 24.207639851871086 23.65775049520024
379.0625 24.201519505471527 23.65339274240616
379.5625 24.19542459118267 23.64903023234028
380.06249999999994 24.189351824353892 23.64468133490712
380.5625 24.183293183930022 23.64032312232601
381.0625 24.177244757961102 23.63600354717835
381.56249999999994 24.171202090615047 23.631676378492568
382.0625 24.16519731327174 23.62735370668281
382.5625 24.159184153663702 23.62303781646705
383.06249999999994 24.153204333782995 23.618738756816633
383.5625 24.147238311757313 23.614448798140838
384.0625 24.141278677389238 23.61015193888357
384.56249999999994 24.13535485622949 23.605889794554628
385.0625 24.12942676927596 23.601615281595237
385.5625 24.123511419747818 23.597348127629797
386.06249999999994 24.117610417565245 23.59309085604046
386.5625 24.111728789954434 23.588835601872002
387.0625 24.105881623197163 23.584593400428076
387.56249999999994 24.10002568453041 23.580359326676735
388.0625 24.094182639983508 23.57611661409536
388.5625 24.0883509152642 23.571907232616987
389.06249999999994 24.082544587861832 23.56769169848763
389.5625 24.076765929084026 23.56346952423077
390.0625 24.070993098031547 23.5592751075858
390.56249999999994 24.0652115446159 23.555077433625243
391.0625 24.059460556035155 23.550894913306575
391.5625 24.05373026714563 23.546713807618666
392.06249999999994 24.04798727112343 23.542531145951962
392.5625 24.042284577605244 23.538357386162296
393.0625 24.036594607492564 23.53420497423981
393.56249999999994 24.0309093010271 23.53004383093113
394.0625 24.02524135110196 23.52589735722161
394.5625 24.01957011174457 23.521754914014977
395.06249999999994 24.013952483231677 23.517620090044048
395.5625 24.00831480813777 23.513483519367217
396.0625 24.002683193720348 23.509372966249078
396.56249999999994 23.997081060114493 23.505262737592133
397.0625 23.991489689274204 23.501140528228476
397.5625 23.98590805572994 23.497030315000217
398.06249999999994 23.98033427285538 23.492940158219934
398.5625 23.974775189375478 23.488849993618985
399.0625 23.969237881628437 23.48476037688105
399.56249999999994 23.96369382346867 23.480680852376672
400.0625 23.958178509252864 23.476602230877578
400.5625 23.952681076438335 23.472543699015898
401.06249999999994 23.947184364209804 23.468469440627267
401.5625 23.941682418663678 23.46441121009768
402.0625 23.936192254934415 23.4603432484176
402.56249999999994 23.930693314485175 23.456290962179093
403.0625 23.92519246405232 23.452209273529718
403.5625 23.919678182383294 23.448142715337564
404.06249999999994 23.914174586699776 23.444069459548324
404.5625 23.908669961241678 23.44000028887531
405.0625 23.903152330503616 23.435917611973963
405.56249999999994 23.897652960085267 23.431848016316085
406.0625 23.892148799807046 23.427777715096255
406.5625 23.886647673231142 23.423710043430624
407.06249999999994 23.88115071004792 23.41963115944681
407.5625 23.87565420173335 23.415574494636825
408.0625 23.8701846387584 23.411506213272702
408.56249999999994 23.864706936015537 23.407445489064376
409.0625 23.85923154962121 23.403392442238
409.5625 23.853778122861385 23.399333721823528
410.06249999999994 23.84833497098655 23.39529241807876
410.5625 23.842892902091787 23.39124262041299
411.0625 23.837455726387823 23.38721786424245
411.56249999999994 23.832050500589613 23.38317539283167
412.0625 23.826636500446256 23.37915766841535
412.5625 23.821245718800867 23.375132111029405
413.06249999999994 23.81587764204909 23.371129624089328
413.5625 23.81051213679318 23.36713332487172
414.0625 23.805183089598433 23.363130339122677
414.56249999999994 23.7998455096944 23.35914969703666
415.0625 23.794541943003953 23.35517450915638
415.5625 23.789237438018873 23.351214193459143
416.06249999999994 23.78396967207666 23.347252485483523
416.5625 23.778707390500266 23.343300819803112
417.0625 23.773488373753185 23.339370451823957
417.56249999999994 23.76826137871496 23.335446423124875
418.0625 23.763064502575073 23.33153535659518
418.5625 23.7579023015321 23.327634132188603
