FastTrWP/PhaseSpace/IAs/snIa_0.6_25_1_0.0.csv
# %ECSV 0.9
# ---
# datatype:
# - {name: time-rel, datatype: float64}
# - {name: g, datatype: float64}
# - {name: i, datatype: float64}
# schema: astropy-2.0
time-rel g i
[from data line 664]
313.125 -26.156755669822363 -27.450414241036366
313.625 -26.15842556644171 -27.451784246371666
314.125 -26.16010310888388 -27.453148795840722
314.625 -26.161754954686934 -27.454517450273258
315.125 -26.163397351319073 -27.45586411639255
315.625 -26.16502920613112 -27.45721777878632
316.125 -26.166672629313545 -27.458567817716784
316.625 -26.16828496132107 -27.459911654204234
317.125 -26.16988887813427 -27.461250198143464
317.625 -26.171504824961044 -27.462583905553764
318.125 -26.173106189006926 -27.463908100918214
318.625 -26.17468947796903 -27.465247282574964
319.125 -26.176282271162282 -27.46656173355893
319.625 -26.177836987101287 -27.467881573773315
320.125 -26.179414309572092 -27.469189799422693
320.625 -26.18097834130409 -27.470502693337234
321.125 -26.182527771318725 -27.47180077855065
321.625 -26.184071487852204 -27.473108257734804
322.125 -26.185606962303257 -27.474403347813595
322.625 -26.187143273048406 -27.475691706949874
323.125 -26.188658964004198 -27.4769781685732
323.625 -26.190158556890097 -27.47826656202211
324.125 -26.19167129903044 -27.479547105969107
324.625 -26.193169426975675 -27.48081389568405
325.125 -26.194658672581646 -27.482081160768
325.625 -26.196125895763913 -27.48335798320948
326.125 -26.19760031798975 -27.48461394788177
326.625 -26.199064829318473 -27.485871788140713
327.125 -26.200530695086997 -27.487122583576515
327.625 -26.2019737211239 -27.48837866401907
328.125 -26.203414841093682 -27.489618946447223
328.625 -26.20484950895206 -27.49085964171245
329.125 -26.206261590861143 -27.492096396849426
329.625 -26.207687425535585 -27.493330059385237
330.125 -26.20908769783824 -27.494556961127053
330.625 -26.210508233208326 -27.495779456996708
331.125 -26.211905091778714 -27.49699048932781
331.625 -26.213286055801177 -27.49821333209635
332.125 -26.21465548092711 -27.49941896066189
332.625 -26.216020068112265 -27.500624365796064
333.125 -26.217386933200054 -27.501829151922923
333.625 -26.21874291192421 -27.503026449394593
334.125 -26.22009282904329 -27.5042161595654
334.625 -26.221428738851145 -27.50540953286241
335.125 -26.222765318077847 -27.506587301706155
335.625 -26.224086026083192 -27.507764510358918
336.125 -26.225410756241345 -27.50895527808745
336.625 -26.22672688741961 -27.510124601857193
337.125 -26.22801530425444 -27.5112899882172
337.625 -26.229313838444664 -27.51245916093871
338.125 -26.230595198132715 -27.513619193403848
338.625 -26.231872851065997 -27.514774374637355
339.125 -26.23314247096724 -27.515927469991148
339.625 -26.23439817498209 -27.517074967170593
340.125 -26.235665342155276 -27.518214131894613
340.625 -26.236899021195306 -27.51935484575821
341.125 -26.238131794165312 -27.520477450440254
341.625 -26.239369303538247 -27.52161407367552
342.125 -26.240603533847228 -27.522738745589535
342.625 -26.241814842670315 -27.52385735233133
343.125 -26.24302649063223 -27.52497967115658
343.625 -26.244223013996457 -27.52609545634676
344.125 -26.245423961126196 -27.52720510108588
344.625 -26.246597638882978 -27.52831553667857
345.125 -26.24777829435115 -27.529406965275815
345.625 -26.248952185751104 -27.530505222979972
346.125 -26.250115790644372 -27.531597451280994
346.625 -26.251258707645924 -27.532682784997288
347.125 -26.2524135628456 -27.533766927098732
347.625 -26.253549776552795 -27.534845334112028
348.125 -26.254684055652497 -27.535928466282474
348.625 -26.255796407111056 -27.53699503620048
349.125 -26.25690838835316 -27.538068079777837
349.625 -26.258013263202308 -27.539124855556008
350.125 -26.259116610068368 -27.540195651504938
350.625 -26.26021090003672 -27.541235356797557
351.125 -26.26130993063387 -27.542291370040797
351.625 -26.26237386495047 -27.543344423400335
352.125 -26.263448331140083 -27.54438044412341
352.625 -26.264511626557603 -27.545419153255317
353.125 -26.26556928141364 -27.546458434904302
353.625 -26.266619404056144 -27.547496933937083
354.125 -26.267682328952112 -27.548516121746825
354.625 -26.268722259949616 -27.549545971557347
355.125 -26.269747573801663 -27.55057014911953
355.625 -26.27079238507924 -27.55158822416829
356.125 -26.271796067808637 -27.552600121907204
356.625 -26.272811899587616 -27.553613901447864
357.125 -26.27381908374591 -27.55462220191848
357.625 -26.274813886431758 -27.555622711727302
358.125 -26.275825131411143 -27.556628399471226
358.625 -26.27680484109635 -27.55762617126753
359.125 -26.277792827097276 -27.558614052194848
359.625 -26.278755832455786 -27.559601407377357
360.125 -26.2797306959305 -27.56058670346123
360.625 -26.280692450565585 -27.56157453248335
361.125 -26.281637995672952 -27.562553068986993
361.625 -26.282593561884198 -27.563527028485105
362.125 -26.283536518380508 -27.564496621226986
362.625 -26.284471273150288 -27.565463968790908
363.125 -26.285410671943534 -27.56642844755809
363.625 -26.28633576218885 -27.567384404155586
364.125 -26.287247663807847 -27.568347630276634
364.625 -26.28814882726744 -27.569296734183627
365.125 -26.28903830137819 -27.57024884033853
365.625 -26.2899481528859 -27.571193440663397
366.12499999999994 -26.290822034742142 -27.572137403971524
366.625 -26.2917218334575 -27.57307868202676
367.125 -26.292591935831343 -27.574009712350453
367.62499999999994 -26.29345215242209 -27.574937555878208
368.125 -26.294311773839823 -27.57586512794085
368.625 -26.295168002983864 -27.576787955152998
369.12499999999994 -26.296025817785427 -27.57770762632414
369.625 -26.296859855272032 -27.578623871952665
370.125 -26.297695671540513 -27.57953775510078
370.62499999999994 -26.298517795013304 -27.58044729272815
371.125 -26.299348539405585 -27.581350315081565
371.625 -26.300153524855453 -27.58224629825709
372.12499999999994 -26.30095651105755 -27.583139384769233
372.625 -26.301766457467338 -27.58403209108876
373.125 -26.30254457455425 -27.584929085782374
373.62499999999994 -26.303332570465983 -27.585807089147526
374.125 -26.304123738925966 -27.586697052928507
374.625 -26.304881484484255 -27.587571553046327
375.12499999999994 -26.305650073349767 -27.588448077610494
375.625 -26.30640364531153 -27.58931458210089
376.125 -26.30715942637393 -27.590187220343466
376.62499999999994 -26.307904788605143 -27.591041162084796
377.125 -26.308628947788776 -27.591908213353783
377.625 -26.309370519757508 -27.59276439144044
378.12499999999994 -26.310101399385108 -27.593616655931644
378.625 -26.31080550269664 -27.59445825915476
379.125 -26.311509330609532 -27.59529986702711
379.62499999999994 -26.312216114016458 -27.596142618922176
380.125 -26.312904863074323 -27.59697851199498
380.625 -26.313600015662995 -27.597812331440498
381.12499999999994 -26.314272270381704 -27.59864041402883
381.625 -26.31495158772712 -27.599463246552205
382.125 -26.315612339674278 -27.6002841406696
382.62499999999994 -26.31627607764884 -27.601096954488916
383.125 -26.31691819166182 -27.60190692980736
383.625 -26.317564695024306 -27.60272341647566
384.12499999999994 -26.318203676405073 -27.603522832770363
384.625 -26.31884441480995 -27.60432245812411
385.125 -26.31944734333552 -27.605120421477913
385.62499999999994 -26.320064605031646 -27.605911421332664
386.125 -26.320680462418764 -27.606706549136423
386.625 -26.321280851723905 -27.607483330561372
387.12499999999994 -26.32186516010909 -27.608263008878083
387.625 -26.322454913976348 -27.609050418580196
388.125 -26.323024363445345 -27.60982135213454
388.62499999999994 -26.323596483445368 -27.610589325046462
389.125 -26.32416142862897 -27.611353651038325
389.625 -26.324714983873847 -27.6121191919073
390.12499999999994 -26.325271758199197 -27.612876252313228
390.625 -26.32579903072855 -27.613626038956784
391.125 -26.32634130036643 -27.61438124254298
391.62499999999994 -26.32686688406196 -27.61512126673455
392.125 -26.32737861133215 -27.615866532944693
392.625 -26.327891905259957 -27.616600159200964
393.12499999999994 -26.328404310602266 -27.617328838740313
393.625 -26.328894522269856 -27.618067988583412
394.125 -26.329379578749542 -27.618790746857236
394.62499999999994 -26.32986441284064 -27.619514864201086
395.125 -26.33033331925209 -27.620230007552934
395.625 -26.330805716075005 -27.620947390363057
396.12499999999994 -26.331268067706585 -27.62165857768336
396.625 -26.331723871929835 -27.622362161263922
397.125 -26.332167192633975 -27.623074202874008
397.62499999999994 -26.332628768046785 -27.62376668254695
398.125 -26.333055201841617 -27.62446683313078
398.625 -26.333481443992 -27.625153644244133
399.12499999999994 -26.333909107081006 -27.625840048876764
399.625 -26.33431828033625 -27.626533756582905
400.125 -26.334723063311532 -27.627217583185157
400.62499999999994 -26.335122913387828 -27.627892028999494
401.125 -26.33551891535666 -27.62857085758928
401.625 -26.335911873580073 -27.629234099176443
402.12499999999994 -26.336295748531246 -27.6298969637078
402.625 -26.336662995665307 -27.630571974944417
403.125 -26.337032619652415 -27.63123141654617
403.62499999999994 -26.337390547878826 -27.6318920108017
404.125 -26.337761538457123 -27.632543591864437
404.625 -26.33810448515844 -27.633194370404905
405.12499999999994 -26.338441021674818 -27.63384461700399
405.625 -26.338777081910315 -27.63448491815671
406.125 -26.339106642041944 -27.63512846809863
406.62499999999994 -26.339449508077436 -27.635766030744016
407.125 -26.33975139906298 -27.63640230498741
407.625 -26.34007027461226 -27.63703100807706
408.12499999999994 -26.340369117837653 -27.63766780692955
408.625 -26.340668946949005 -27.638286836412163
409.125 -26.340962251419647 -27.638902564099666
409.62499999999994 -26.341255085230205 -27.6395298013173
410.125 -26.341528747906715 -27.640145545901106
410.625 -26.341802623598596 -27.640756886927626
411.12499999999994 -26.342079115595325 -27.641366490736694
411.625 -26.34234273287231 -27.64196862598617
412.125 -26.342606759101123 -27.642575674463604
412.62499999999994 -26.34286039637781 -27.643171237107214
413.125 -26.343100580567235 -27.643767597804555
413.625 -26.343351037317262 -27.64436899802884
414.12499999999994 -26.343573108797088 -27.64496370167325
414.625 -26.34380606038832 -27.645553312959823
415.125 -26.344024718836767 -27.64614374601478
415.62499999999994 -26.344250745859718 -27.64672328599793
416.125 -26.344453369772683 -27.647301893213236
416.625 -26.34466236681604 -27.647881960449215
417.12499999999994 -26.344870124215838 -27.64845628071756
417.625 -26.34505984263096 -27.64903294685
418.125 -26.34524559852013 -27.6495929918558
418.62499999999994 -26.345441676595026 -27.65015320613234
419.125 -26.34562845928147 -27.65072088696272
419.625 -26.345800575188676 -27.651285412086995
420.12499999999994 -26.345972080839033 -27.651847012189393
420.625 -26.34612939549006 -27.652398581026162
421.125 -26.34628562332277 -27.652951848042417
421.62499999999994 -26.346438657137927 -27.6535045788008
422.125 -26.346583243291693 -27.654055066064828
422.625 -26.346737053037195 -27.654603823732714
423.12499999999994 -26.346880370037113 -27.65513876122338
423.625 -26.347008831558377 -27.655676409122982
424.125 -26.347119689208537 -27.656217844748525
424.62499999999994 -26.3472396451362 -27.656753691282837
425.125 -26.347375417041693 -27.65728051555964
425.625 -26.347478237114878 -27.657817015272087
426.12499999999994 -26.347587622541127 -27.658341998390704
426.625 -26.34769962501702 -27.658872079256994
427.125 -26.347793916684846 -27.659383322586407
427.62499999999994 -26.347875327584923 -27.659909417490898
428.125 -26.34797365146744 -27.66043805902887
428.625 -26.348047793019845 -27.660949123923725
429.12499999999994 -26.34812235377231 -27.661457168098437
429.625 -26.34817623154015 -27.661965511237568
430.125 -26.34822973374125 -27.662463232693717
430.62499999999994 -26.34829030413909 -27.662962876973527
431.125 -26.34833713322881 -27.663459385823504
431.625 -26.348373265508478 -27.663947416714688
432.12499999999994 -26.34839646811775 -27.664435791459695
432.625 -26.34841573457937 -27.66492815437754
433.125 -26.348430240164436 -27.665399079161602
433.62499999999994 -26.34842184584737 -27.665888857236478
434.125 -26.34844703408348 -27.666363759182605
434.625 -26.34843987602231 -27.666827823678005
435.12499999999994 -26.348423856255327 -27.667302248450568
435.625 -26.34840408635298 -27.66775971457332
436.125 -26.348375766457927 -27.6682317403765
436.62499999999994 -26.348362812112608 -27.668685118915665
437.125 -26.348324695359796 -27.66914258793182
437.625 -26.34828297485823 -27.66959832873728
438.12499999999994 -26.348227452363396 -27.670040856680373
438.625 -26.34817282904182 -27.670491825075022
439.125 -26.348105275695282 -27.670936393235863
439.62499999999994 -26.348045107731906 -27.67138423741974
440.125 -26.34796831138287 -27.671820145484634
440.625 -26.347902132254045 -27.672253284868134
441.12499999999994 -26.347813820793583 -27.67269352863993
441.625 -26.347719854396246 -27.673119831220795
442.125 -26.3476304268438 -27.673550370251277
442.62499999999994 -26.347526370108113 -27.67396991339837
443.125 -26.347429161650137 -27.67439913400276
443.625 -26.34731979877658 -27.674819297972167
444.12499999999994 -26.347200285389025 -27.67523876796361
444.625 -26.347083831255635 -27.675653237594247
445.125 -26.346958633528853 -27.67606966619298
445.62499999999994 -26.346827680603916 -27.676488935800208
446.125 -26.346696352333097 -27.676894560178987
446.625 -26.346546129296943 -27.677304341912084
447.12499999999994 -26.346407894762976 -27.67770580965213
447.625 -26.346256260253913 -27.678109534642275
448.125 -26.346097641174936 -27.678509817370795
448.62499999999994 -26.34595329685416 -27.67891031171869
449.125 -26.345798597382043 -27.679301180029743
449.625 -26.345635662323904 -27.679704739234072
450.12499999999994 -26.34546391100491 -27.680096856584182
450.625 -26.34527868289355 -27.680492254701754
451.125 -26.345112372000866 -27.680882216210083
451.62499999999994 -26.344911158688262 -27.681268603232688
452.125 -26.34474109207734 -27.681659007712444
452.625 -26.3445430683233 -27.682044686059513
453.12499999999994 -26.344353597638946 -27.682423234039504
453.625 -26.34417293465684 -27.682803187340525
454.125 -26.343957528417196 -27.683184494679946
454.62499999999994 -26.343749104545303 -27.683572405981135
455.125 -26.34354349643114 -27.683944142894465
455.625 -26.343330732237217 -27.684319215425077
456.12499999999994 -26.343118592544833 -27.6847019554628
456.625 -26.34291075506226 -27.68506629816801
457.125 -26.34268528185158 -27.685439653657372
457.62499999999994 -26.34246378022352 -27.685808280674323
458.125 -26.34224496862675 -27.68618641399729
458.625 -26.34201060809596 -27.68655449746558
459.12499999999994 -26.34177634220062 -27.68691550845731
459.625 -26.341530611765865 -27.6872814130768
460.125 -26.341307775019512 -27.687651144493167
460.62499999999994 -26.3410612713629 -27.688005179953194
461.125 -26.3408126739999 -27.68837540823078
461.625 -26.340576462456134 -27.688741651587392
462.12499999999994 -26.340325987183242 -27.689103023311446
462.625 -26.340083743660593 -27.689459931566095
463.125 -26.339816514281893 -27.689823999138532
463.62499999999994 -26.339564934655712 -27.690182707030857
464.125 -26.339321240199624 -27.690535713421
464.625 -26.33906538576861 -27.69090717933907
465.12499999999994 -26.33879766442751 -27.691259286959557
465.625 -26.338537236522058 -27.691617150541987
466.125 -26.33827582925417 -27.69197104999748
466.62499999999994 -26.33801257939539 -27.692326023852015
467.125 -26.337738280703622 -27.692684503203957
467.625 -26.337466514565662 -27.69303609481824
468.12499999999994 -26.337193588182117 -27.693388407462773
468.625 -26.33689867697442 -27.69372691698171
469.125 -26.33661872457122 -27.694088293212268
469.62499999999994 -26.336326735467168 -27.69442558512907
470.125 -26.33604457708031 -27.694777797396487
470.625 -26.335748798299242 -27.695116892606315
471.12499999999994 -26.335448814652818 -27.695463834965032
471.625 -26.33514469485017 -27.69580314817734
472.125 -26.334833282499442 -27.696147103483426
472.62499999999994 -26.334532697904528 -27.69648582058874
473.125 -26.33421745166219 -27.69681827040626
