FastTrWP/PhaseSpace/IAs/snIa_0.64_30.00_-0.79_0.19.csv
# %ECSV 0.9
# ---
# datatype:
# - {name: time-rel, datatype: float64}
# - {name: g, datatype: float64}
# - {name: i, datatype: float64}
# schema: astropy-2.0
time-rel g i
[from data line 359]
-162.5 25.057090121884862 22.825014825561595
-162.00000000000006 25.05374559888141 22.822405270682257
-161.5 25.050420518468677 22.819811787042617
-161.0 25.04711136260741 22.81722549791187
-160.50000000000006 25.043783964818864 22.81463391360574
-160.0 25.04052676906295 22.812057576845604
-159.5 25.037196997618526 22.80947705032933
-159.00000000000006 25.03390999820665 22.806911214361307
-158.5 25.030623461702177 22.80435118664076
-158.0 25.02739910348243 22.801772997851128
-157.50000000000006 25.024110953860152 22.799226239728814
-157.0 25.020876535156965 22.79667622288109
-156.5 25.017643014226955 22.79412245351851
-156.00000000000006 25.014421649602365 22.791587176752614
-155.5 25.01120365875525 22.7890595245642
-155.0 25.007999030458375 22.786519989016995
-154.50000000000006 25.004815462289226 22.7839964173759
-154.0 25.001631093623374 22.781479690434647
-153.5 24.998447339526532 22.778966179390288
-153.00000000000006 24.995294239448423 22.776457158065213
-152.5 24.992160712473463 22.773956523705063
-152.0 24.98902584921561 22.771460565495396
-151.50000000000006 24.98586929564171 22.768975222937257
-151.0 24.982764228143175 22.766488451222674
-150.5 24.97967442510555 22.764009550290897
-150.00000000000006 24.97658309259315 22.761543798078137
-149.5 24.97349130826168 22.759072966340707
-149.0 24.970421707709782 22.756622402876246
-148.50000000000006 24.967387144799776 22.754173402019898
-148.0 24.964323721901177 22.751719088298152
-147.5 24.961313526430168 22.74928109371704
-147.00000000000006 24.958311100289073 22.74684582460487
-146.5 24.95530298787129 22.744421767168085
-146.0 24.95230315270338 22.74199640684462
-145.50000000000006 24.949309150780167 22.73959008674425
-145.0 24.946351589816167 22.737176478684663
-144.5 24.9434189788646 22.734775392195132
-144.00000000000006 24.940471206187176 22.732385626342662
-143.5 24.937550620409837 22.729997914314723
-143.0 24.934639304640378 22.727620369937817
-142.50000000000006 24.931755936275795 22.72523514027125
-142.0 24.92884998407495 22.72288297688908
-141.5 24.925991012593038 22.72052242860649
-141.00000000000006 24.92313630603625 22.718162711562076
-140.5 24.92031659013407 22.715824571649996
-140.0 24.91749150492357 22.713477925527474
-139.50000000000006 24.91468431954601 22.711157891102808
-139.0 24.91188226423462 22.708833299795728
-138.5 24.909087804781596 22.706518502267752
-138.00000000000006 24.90633442791181 22.70420796184674
-137.5 24.90357859310248 22.701900204604733
-137.0 24.90084443592227 22.69961045319437
-136.50000000000006 24.898116812130255 22.697323665903127
-136.0 24.895443987431815 22.695048068689193
-135.5 24.892734039267552 22.692778751459905
-135.00000000000006 24.890070925143057 22.690505835865345
-134.5 24.887427974136955 22.68824350108517
-134.0 24.884767399339957 22.68600093736523
-133.50000000000006 24.8821475628654 22.68376491890646
-133.0 24.879519323764026 22.681529207566626
-132.5 24.876948279069026 22.679303641382006
-132.00000000000006 24.874351809875815 22.67709421541789
-131.5 24.87178628719821 22.674879112175486
-131.0 24.869229989454844 22.672682630649334
-130.50000000000006 24.866705542660274 22.670479397176916
-130.0 24.864198485883364 22.668298227278964
-129.5 24.861681123772847 22.666116608910873
-129.00000000000006 24.859199890422495 22.66395010218958
-128.5 24.856753419444697 22.661792954843477
-128.0 24.854307250411757 22.65963345641191
-127.50000000000006 24.851860614753463 22.65748776442024
-127.0 24.849457850255995 22.65534912673911
-126.5 24.847040912975274 22.65321830773109
-126.00000000000006 24.84466439840784 22.651095830975635
-125.5 24.842304908387845 22.648985759952453
-125.0 24.83996660757648 22.646882244478913
-124.50000000000006 24.83763402090191 22.644786081532487
-124.0 24.835330826900734 22.642701789038185
-123.5 24.83302765304204 22.640613308219034
-123.00000000000006 24.830723635939236 22.638548273477745
-122.5 24.828502822405554 22.63648443811491
-122.0 24.82623977965854 22.634435121038248
-121.50000000000006 24.82399832001638 22.632384175701677
-121.0 24.82177371985521 22.63033515037925
-120.5 24.819560505285786 22.628300473127926
-120.00000000000006 24.817354974070433 22.62626440733235
-119.5 24.815159778246386 22.62423249604379
-119.0 24.813004431830215 22.622224318404434
-118.50000000000006 24.810815143618363 22.620202451870522
-118.0 24.80866467542118 22.618204022806943
-117.5 24.806509863660025 22.61619376855203
-117.00000000000006 24.804390482111568 22.614202670862937
-116.5 24.802260891850555 22.61220506075775
-116.0 24.800173020826918 22.61023056677749
-115.50000000000006 24.798048355695382 22.608255515125148
-115.0 24.795964806724797 22.60628428798303
-114.5 24.793885293975837 22.604313383864945
-114.00000000000006 24.791832341899962 22.60235476298358
-113.5 24.789768972030814 22.60039953939887
-113.0 24.78772229207177 22.598451891074653
-112.50000000000006 24.785717214824253 22.5965132172734
-112.0 24.783688833411293 22.594577280509547
-111.5 24.78168490574863 22.592652969344332
-111.00000000000006 24.77967485898374 22.59073371365982
-110.5 24.77769273024167 22.588801316158285
-110.0 24.775741358290535 22.586887214336254
-109.50000000000006 24.77375639185812 22.584986227281316
-109.0 24.771804173451425 22.583085252983413
-108.5 24.76987289245427 22.58119162031129
-108.00000000000006 24.767932990809335 22.579301987390256
-107.5 24.766031815040748 22.57742197560073
-107.0 24.764128599002944 22.57554683410355
-106.50000000000006 24.762228595049613 22.573674644056943
-106.0 24.76032219873076 22.571811213085677
-105.5 24.758463330833838 22.569943889117408
-105.00000000000006 24.75659481073007 22.56809194516867
-104.5 24.754760981632522 22.566241064928214
-104.0 24.752890840838276 22.564399469867794
-103.50000000000006 24.75108150580867 22.56256059661625
-103.0 24.74925968515364 22.56072262940642
-102.5 24.747461380445177 22.558904313445804
-102.00000000000006 24.74565436519782 22.55707941197877
-101.5 24.743891540681666 22.55527166748802
-101.0 24.742085029448234 22.55346219340459
-100.50000000000006 24.740337378804416 22.55165392744886
-100.0 24.73857582754802 22.5498540767641
-99.5 24.73683437880331 22.54805751328526
-99.00000000000006 24.735102123403514 22.546273807643008
-98.5 24.733382637315785 22.54449286555306
-98.0 24.731692970548814 22.54271366937242
-97.50000000000006 24.729980752340737 22.54094507863001
-97.0 24.72828948131022 22.53917272715387
-96.5 24.726615269134157 22.537412223759162
-96.00000000000006 24.72495256020874 22.535662821535563
-95.5 24.7232819976624 22.533907732940467
-95.0 24.72164661941294 22.532161125836847
-94.50000000000006 24.719996597701098 22.53042494635695
-94.0 24.71837824516062 22.528697097381798
-93.5 24.71677224952197 22.526970954196766
-93.00000000000006 24.715151620606047 22.525243481069456
-92.5 24.71356574117992 22.52353343282969
-92.0 24.711980550881552 22.521812237008373
-91.50000000000006 24.710409735690853 22.5201083213415
-91.0 24.70886440698113 22.518410684211844
-90.5 24.707325744403008 22.51671184258211
-90.00000000000006 24.7057662957833 22.515019309282852
-89.5 24.704247289492475 22.51333902726566
-89.0 24.702712543790497 22.51166011678737
-88.50000000000006 24.701214933694025 22.509972807025065
-88.0 24.699697335570185 22.508306910602812
-87.5 24.698220600767748 22.50664208616984
-87.00000000000006 24.696715931855394 22.5049845503031
-86.5 24.695273734389698 22.503331544826946
-86.0 24.693814023171118 22.501679398763574
-85.50000000000006 24.692357042371498 22.50003971540965
-85.0 24.690923028935728 22.498389999074252
-84.5 24.689505890127602 22.496762095474523
-84.00000000000006 24.688092900761575 22.495134028929943
-83.5 24.686695956049046 22.493506734144123
-83.0 24.68528901469456 22.49189201314511
-82.50000000000006 24.683901845669705 22.49027430600578
-82.0 24.68251060503974 22.488664120147853
-81.5 24.681148292352333 22.48705922587074
-81.00000000000006 24.679786332404376 22.48545060462034
-80.5 24.67842719199591 22.48385809038097
-80.0 24.677093135894577 22.48227104074401
-79.50000000000006 24.675757551321315 22.48067397898456
-79.0 24.67443318186627 22.47909816248864
-78.5 24.67310774821169 22.477519738647512
-78.00000000000006 24.671795086246256 22.475943719026894
-77.5 24.670494515331075 22.474371035924293
-77.0 24.669195594918016 22.472806987294796
-76.50000000000006 24.66792539910479 22.471244119174433
-76.0 24.66664282470009 22.469697784692585
-75.5 24.665379236649127 22.46814139747631
-75.00000000000006 24.664114338606407 22.466593197725004
-74.5 24.662882030612483 22.465048723036123
-74.0 24.66161909304587 22.46350694580162
-73.50000000000006 24.66038772657872 22.461977814106415
-73.0 24.659165566960905 22.460453483951554
-72.5 24.657956559280755 22.458926189356795
-72.00000000000006 24.656764046094747 22.457406911668713
-71.5 24.655558848301197 22.45589422569718
-71.0 24.654364817705883 22.454379622838513
-70.50000000000006 24.653195132037034 22.452868826155928
-70.0 24.652026260313733 22.45136839362569
-69.5 24.650864690516734 22.449867532817805
-69.00000000000006 24.649709422968122 22.4483769523697
-68.5 24.64856683302741 22.446892253768308
-68.0 24.647442231231015 22.44540706941644
-67.50000000000006 24.64629647770739 22.443924487657902
-67.0 24.6452167025475 22.442447853206254
-66.5 24.64408644212068 22.440977433452733
-66.00000000000006 24.6429843916305 22.439507416943062
-65.5 24.64188930419251 22.438049317771764
-65.0 24.64080995819756 22.436592502399712
-64.50000000000006 24.63974192853805 22.435136725331596
-64.0 24.638688053528494 22.433688260537213
-63.5 24.63764227361206 22.432243156625653
-63.00000000000006 24.63657775903064 22.430798500592314
-62.5 24.63554802834272 22.42936286351157
-62.0 24.6345201629171 22.4279322432823
-61.50000000000006 24.633495001224155 22.426504835085925
-61.0 24.63248991959269 22.425083698677962
-60.5 24.631487076512826 22.42366984175144
-60.00000000000006 24.630499255748827 22.422256917088923
-59.5 24.62952252731242 22.42084661621562
-59.0 24.628544891503093 22.419438649559197
-58.50000000000006 24.627577643588374 22.418037093285147
-58.0 24.626628617694113 22.416640330166633
-57.5 24.625672858968958 22.415245545566634
-57.00000000000006 24.62474552107704 22.413862787620893
-56.5 24.623816273186414 22.412479313701606
-56.0 24.62290369877814 22.411101626990625
-55.5 24.621975007625952 22.40972186020597
-55.0 24.621079265054128 22.40835088496187
-54.5 24.620197260566954 22.4069851942061
-54.0 24.61931573918313 22.405630541450474
-53.5 24.618452407229455 22.40427399250904
-53.0 24.617583732608583 22.402921669842605
-52.5 24.616720585211564 22.401567714722965
-52.0 24.615905513982995 22.400225051911
-51.5 24.615040697589965 22.39888596281348
-51.0 24.614223428764017 22.39755001211773
-50.5 24.613409184232793 22.39621904431982
-50.0 24.6125841214428 22.394891631339892
-49.5 24.611782433648575 22.39356949394577
-49.0 24.61100560825237 22.39225381851535
-48.5 24.61023073341302 22.39094390216815
-48.0 24.609464232855103 22.389630429526868
-47.5 24.608701548454373 22.38832446531697
-47.0 24.607941038539938 22.387024121187125
-46.5 24.607224474229046 22.385724411766695
-46.0 24.606469775791982 22.38443306980715
-45.5 24.60574971015507 22.383148079949077
-45.0 24.60503884070741 22.38186173247932
-44.5 24.60432671444663 22.380583549324857
-44.0 24.603636673893604 22.37931044175847
-43.5 24.602961701485704 22.378041404272576
-43.0 24.60226887590466 22.376766341819305
-42.5 24.601599887221127 22.37549873666284
-42.0 24.600965249002186 22.374239768380164
-41.5 24.60032497730603 22.37297992019362
-41.0 24.599677616430373 22.37172826725169
-40.5 24.599047645528152 22.37047537196335
-40.0 24.59843549050668 22.369233667820623
-39.5 24.597830504670746 22.36799577448941
-39.0 24.597223713439025 22.36674953682058
-38.5 24.596634614052938 22.36551225293223
-38.0 24.596048817544233 22.36428507408658
-37.5 24.595471809208828 22.36305608643086
-37.0 24.5949219062045 22.361826647511002
-36.5 24.594363370464873 22.36060841477006
-36.0 24.593806504910116 22.359384561544825
-35.5 24.593271897348863 22.35818060996429
-35.0 24.59274898894398 22.356966031980726
-34.5 24.592223077331102 22.355759853723317
-34.0 24.59172539474299 22.35454956087083
-33.5 24.591219383894266 22.353355983191747
-33.0 24.590708037121093 22.35216160098069
-32.5 24.590224429704275 22.350970584491918
-32.0 24.58975390666627 22.349784264849024
-31.5 24.58929542784261 22.348601817134046
-31.0 24.588826240869594 22.347416231205976
-30.5 24.58838273996108 22.34624327314073
-30.0 24.587922636876833 22.34506973942578
-29.5 24.58747655279406 22.34389414198088
-29.0 24.587052193381602 22.34273504778926
-28.5 24.586620824210513 22.341574909178192
-28.0 24.586215742354 22.340412870703762
-27.5 24.5858151242134 22.339257981104318
-27.0 24.58542306712261 22.33811520206748
-26.5 24.58502812715416 22.336956324359548
-26.0 24.58464061503413 22.335814229487614
-25.5 24.584272597408244 22.334675376663654
-25.0 24.583891202597492 22.333541560434888
-24.5 24.583552086276605 22.332406776567204
-24.0 24.583182825605718 22.331281269395383
-23.5 24.58286741839201 22.3301607914038
-23.0 24.58250729097773 22.329036345603264
-22.5 24.58218900839451 22.327921799684173
-22.0 24.5818440005363 22.32680906676789
-21.5 24.58154014168872 22.325698451461207
-21.0 24.5812632299406 22.324594414613532
-20.5 24.580949442087263 22.323494724880636
-20.0 24.580638285333123 22.322396251683372
-19.5 24.580347576904053 22.321304686986746
-19.0 24.580079676616585 22.3202111949859
-18.5 24.579797890002965 22.319124983780227
-18.0 24.579526162169397 22.318048501749054
-17.5 24.579274445853827 22.316966940877485
-17.0 24.579019468438293 22.315896358375543
-16.5 24.57876928474469 22.3148286306984
-16.0 24.578550795828193 22.313757280044477
-15.5 24.5782944653771 22.312694331328345
-15.0 24.578071771929118 22.311635809794574
-14.5 24.57785348111488 22.31058480304123
-14.0 24.577650621473918 22.309528547033544
-13.5 24.5774552499389 22.308479259492543
-13.0 24.577229290319917 22.307440883004613
-12.5 24.577041080733398 22.306400341694477
-12.0 24.576850616811406 22.305366953188845
-11.5 24.57667870315661 22.30433407356269
-11.0 24.576499478212273 22.303306908669114
-10.5 24.576317938711423 22.302286877974076
-10.0 24.576177096348882 22.301267440593925
-9.5 24.576012528038326 22.30025004688278
-9.0 24.57585444284922 22.29924099328642
-8.5 24.575731115194657 22.298229319737075
-8.0 24.57555194227801 22.297230807483825
-7.5 24.57543726418191 22.296225550895517
-7.0 24.57530185841266 22.295235915517257
-6.5 24.575184017850194 22.294238860711474
-6.0 24.575079844080506 22.29325012713558
-5.5 24.574959023363814 22.29226821857475
-5.0 24.574861940297573 22.291294287848945
-4.5 24.574734664933395 22.290313822733747
-4.0 24.574681612807904 22.28934735615063
-3.5 24.57458977762466 22.288367381422
-3.0 24.574542085919933 22.287406445846933
-2.5 24.57446037587527 22.28644498758807
-2.0 24.57441163041018 22.28548212500369
-1.5 24.57438415609246 22.28452355787305
-1.0 24.574346066345292 22.283567003359742
-0.5 24.574330981334803 22.28261750590045
0.0 24.574292648225082 22.28167305121837
0.5 24.57431964962481 22.280726470877173
1.0 24.574312164065155 22.279783862517387
1.5 24.574315721664863 22.278849321717328
2.0 24.574327392931462 22.277908301150138
2.5 24.574349516443775 22.27698344850583
3.0 24.574408464809334 22.276050379123813
3.5 24.574440971478474 22.27512472982241
4.0 24.574495997305593 22.274200651645664
4.5 24.574543509503716 22.27328633494487
5.0 24.574613018862763 22.272372225769068
5.5 24.574694972334747 22.271462878734255
6.0 24.574770420775046 22.270548513101758
6.5 24.574873217543708 22.2696501433483
7.0 24.574976153332834 22.26874223292922
7.5 24.575067663146264 22.26784107241443
8.0 24.57515703984249 22.266952209386723
8.5 24.57528265493622 22.266053666126226
9.0 24.5754238685369 22.26516657705119
9.5 24.5755225181324 22.264284439312043
10.0 24.575672417658787 22.26340965956784
10.5 24.57582326133239 22.262527767907905
