FastTrWP/PhaseSpace/IAs/snIa_0.45_30.00_0.05_0.09.csv
# %ECSV 0.9
# ---
# datatype:
# - {name: time-rel, datatype: float64}
# - {name: g, datatype: float64}
# - {name: i, datatype: float64}
# schema: astropy-2.0
time-rel g i
[from data line 288]
332.2291666666667 24.474519348256976 23.335505040834455
332.7291666666667 24.470125897740246 23.33227873489209
333.2291666666667 24.465725767241814 23.329080679046367
333.7291666666667 24.461361869547957 23.325869976061423
334.2291666666667 24.457008670117304 23.32269140858985
334.7291666666667 24.452648445742472 23.319493703910922
335.2291666666667 24.448338545263198 23.316306029118998
335.7291666666667 24.443989761331576 23.313136825078345
336.2291666666667 24.43967033750798 23.309965988385265
336.7291666666667 24.43536528998015 23.306796025970613
337.2291666666667 24.43106293698941 23.30363215388556
337.7291666666667 24.42676900062896 23.30047433929373
338.2291666666667 24.42248085728702 23.297322681904063
338.7291666666667 24.4182182330794 23.29417278049917
339.2291666666667 24.413943686753797 23.29103976652968
339.7291666666667 24.409688229559542 23.287898594166005
340.2291666666667 24.40544744037129 23.284769487352904
340.7291666666667 24.401223954141763 23.281640584480723
341.2291666666667 24.396986440711068 23.27853518973697
341.7291666666667 24.392766264098633 23.275404516175684
342.2291666666667 24.388550809591546 23.272295923571047
342.7291666666667 24.384351353687926 23.269191046675317
343.2291666666667 24.380161142468392 23.266084233714274
343.7291666666667 24.375969096820103 23.262990526396543
344.2291666666667 24.371802979848663 23.25990927494602
344.7291666666667 24.367636012972575 23.256817103146822
345.2291666666667 24.363485394464334 23.25373429649014
345.7291666666667 24.359327808995324 23.250663179337565
346.2291666666667 24.355170088530123 23.247592723867896
346.7291666666667 24.351047347347972 23.24452612143519
347.2291666666667 24.346915065788394 23.24147371447721
347.7291666666667 24.34282100124304 23.238401773442593
348.2291666666667 24.338708633152272 23.235349090778055
348.7291666666667 24.33459870024349 23.232311888127853
349.2291666666667 24.330514532803225 23.22926655147407
349.7291666666667 24.326424784685603 23.226238620364793
350.2291666666667 24.322370476587274 23.223208993228106
350.7291666666667 24.318310004668188 23.22018075004167
351.2291666666667 24.314271308142963 23.21717902177527
351.7291666666667 24.310216076579433 23.214173576454296
352.2291666666667 24.306184326725017 23.211161706438762
352.7291666666667 24.302152996840128 23.208151514831407
353.2291666666667 24.298136636667532 23.2051566221634
353.7291666666667 24.294123795342664 23.202169725664522
354.2291666666667 24.290111661375313 23.19918498268447
354.7291666666667 24.286135904231294 23.19618787380772
355.2291666666667 24.28214135844895 23.193223342795942
355.7291666666667 24.27818001477393 23.19025555792988
356.2291666666667 24.274207838198933 23.187296180655437
356.7291666666667 24.270245155194033 23.18433098660638
357.2291666666667 24.26630581671165 23.181374495577955
357.7291666666667 24.262361474320166 23.17842528084747
358.2291666666667 24.2584322237702 23.175465503861354
358.72916666666663 24.25450324389994 23.172531117998364
359.2291666666667 24.2505770657184 23.169600858869313
359.7291666666667 24.246682885864395 23.166665102117392
360.22916666666663 24.24277477463029 23.163742813920123
360.7291666666667 24.238865530123622 23.160806435363092
361.2291666666667 24.234987461820268 23.15788280207351
361.72916666666663 24.231115644618882 23.154977552139698
362.2291666666667 24.227246790120432 23.152069837340335
362.7291666666667 24.223375429969074 23.149159211869854
363.22916666666663 24.219521987994366 23.146257422830374
363.7291666666667 24.215664635190493 23.14336419973401
364.2291666666667 24.21183575803029 23.140471899364826
364.72916666666663 24.207993710056495 23.137590131327283
365.2291666666667 24.20415882594063 23.134702002113997
365.7291666666667 24.20034283139843 23.131824673984624
366.22916666666663 24.196524464768608 23.128953246102576
366.7291666666667 24.192728633632463 23.126073037101108
367.2291666666667 24.188924127506418 23.123214693761582
367.72916666666663 24.18511669827457 23.12035132825749
368.2291666666667 24.181350736029444 23.117483245525467
368.7291666666667 24.177564775519002 23.114628518054495
369.22916666666663 24.173789323614262 23.11178924978833
369.7291666666667 24.17002767520572 23.108946247960986
370.2291666666667 24.16626208511748 23.106095966398165
370.72916666666663 24.162506504961417 23.103258973936605
371.2291666666667 24.15876799719872 23.100417461121367
371.7291666666667 24.1550206987555 23.097584742240187
372.22916666666663 24.151294132714717 23.094759518137955
372.7291666666667 24.14757215565278 23.091946731459053
373.2291666666667 24.14385289174323 23.089125009164704
373.72916666666663 24.140152876997686 23.086305092130196
374.2291666666667 24.136436239164855 23.083495834833517
374.7291666666667 24.132735337027004 23.080691705988094
375.22916666666663 24.129039181091354 23.077887450726372
375.7291666666667 24.12535900029735 23.075082224528728
376.2291666666667 24.12168235123953 23.07228717411426
376.72916666666663 24.118003778521732 23.069497356361683
377.2291666666667 24.114330912286377 23.06669605885549
377.7291666666667 24.11067144139089 23.063912196611533
378.22916666666663 24.107006622563482 23.06114099700479
378.7291666666667 24.10336032403216 23.058356464489602
379.2291666666667 24.099723871609218 23.055583339214003
379.72916666666663 24.096081251740493 23.052812838621826
380.2291666666667 24.092445987749453 23.050041135780926
380.7291666666667 24.08882833772989 23.047267896507968
381.22916666666663 24.085204085552682 23.04451406276268
381.7291666666667 24.08157609322593 23.041746338501348
382.2291666666667 24.077946851836337 23.038981346101668
382.72916666666663 24.07429039162647 23.036206690857234
383.2291666666667 24.070675120022486 23.033442352164904
383.7291666666667 24.06704319342754 23.03067578477501
384.22916666666663 24.063405745782017 23.02790957386626
384.7291666666667 24.059751666086285 23.025143779925074
385.2291666666667 24.05612337361567 23.022375174883937
385.72916666666663 24.052484597343387 23.019614446723352
386.2291666666667 24.048844999757122 23.01683527506082
386.7291666666667 24.04521322989083 23.014077212258638
387.22916666666663 24.041586614986578 23.011319831135637
387.7291666666667 24.03796250301805 23.008564493039838
388.2291666666667 24.034339337430687 23.005806191039486
388.72916666666663 24.03071682751396 23.003044608995413
389.2291666666667 24.02708766293021 23.000303154463005
389.7291666666667 24.02346455500659 22.99754541857437
390.22916666666663 24.019871406928548 22.99479226578338
390.7291666666667 24.016256991171197 22.992046118451807
391.2291666666667 24.012656186800044 22.989317147054678
391.72916666666663 24.00907473645205 22.986563383559556
392.2291666666667 24.005474146651412 22.983833292620215
392.7291666666667 24.00189574616388 22.981107081710405
393.22916666666663 23.998321793022036 22.97838221392507
393.7291666666667 23.994760147464923 22.975657168379122
394.2291666666667 23.99119340057446 22.972930645839273
394.72916666666663 23.98764155548621 22.970222516054143
395.2291666666667 23.98409486847762 22.96752044566885
395.7291666666667 23.980558902805225 22.964806777351725
396.22916666666663 23.97703772836996 22.962118488095896
396.7291666666667 23.97350364109723 22.959411527893327
397.2291666666667 23.96998846157082 22.95672939279926
397.72916666666663 23.96650448856439 22.954043631586618
398.2291666666667 23.963012811041683 22.951366764034535
398.7291666666667 23.95953756166559 22.948697484447017
399.22916666666663 23.956071795767212 22.94603193109505
399.7291666666667 23.952615497075502 22.943368883668068
400.2291666666667 23.949167509629298 22.94071628567267
400.72916666666663 23.945743105641924 22.938073635000215
401.2291666666667 23.942305068881677 22.93543103834365
401.7291666666667 23.93889048957557 22.93280517252888
402.22916666666663 23.935509932002997 22.93017818637978
402.7291666666667 23.93211830143546 22.927557518818332
403.2291666666667 23.928743100805498 22.92495177278348
403.72916666666663 23.925391234200866 22.922343838868024
404.2291666666667 23.922051290446596 22.9197539130588
404.7291666666667 23.91872035219043 22.917165717959016
405.22916666666663 23.915424592834427 22.914592351296392
405.7291666666667 23.912090909142826 22.912022118971727
406.2291666666667 23.908820627111776 22.90944989660146
406.72916666666663 23.905558508026573 22.90690199245342
407.2291666666667 23.90229702013513 22.904360704134717
407.7291666666667 23.899055473211035 22.901820177302987
408.22916666666663 23.895836995003968 22.899293046480246
408.7291666666667 23.89262768752023 22.896780611977377
409.2291666666667 23.889423101412834 22.89426415468135
409.72916666666663 23.88626311224872 22.891777208690222
410.2291666666667 23.88311619816843 22.889275281002025
410.7291666666667 23.879956214169937 22.8867889942701
411.22916666666663 23.876844751662098 22.884328281861666
411.7291666666667 23.873730052097635 22.881863403781377
412.2291666666667 23.87064221977844 22.87941024660567
412.72916666666663 23.86755898413906 22.876973964471034
413.2291666666667 23.86451867919185 22.874548006199543
413.7291666666667 23.861472905747043 22.87213137873927
414.22916666666663 23.85845494690709 22.86971400673538
414.7291666666667 23.855468688051 22.867318178889413
415.2291666666667 23.85248875160519 22.864941718926804
415.72916666666663 23.849526503560327 22.862559198379422
416.2291666666667 23.846580496372543 22.860181287028645
416.7291666666667 23.843633301325838 22.85782104809764
417.22916666666663 23.84069055872512 22.855452656534894
417.7291666666667 23.83776771117025 22.853097602893634
418.2291666666667 23.83484250942747 22.850739597599077
418.72916666666663 23.831926242223172 22.84839712970189
419.2291666666667 23.829030262201513 22.846047203651224
419.7291666666667 23.826127580629553 22.84372071070588
420.22916666666663 23.8232288225852 22.84137518638678
420.7291666666667 23.82036033032164 22.839047206732424
421.2291666666667 23.81748392005989 22.836724277257265
421.72916666666663 23.814624771088834 22.83441117687036
422.2291666666667 23.811762178656736 22.832103018357152
422.7291666666667 23.808904405631086 22.829796012651357
423.22916666666663 23.80606972053084 22.827494198671214
423.7291666666667 23.803251914119116 22.82520012712879
424.2291666666667 23.80042905785537 22.82290876020874
424.72916666666663 23.79761540116895 22.82062107329482
425.2291666666667 23.794820230192396 22.81835155685205
425.7291666666667 23.7920279197498 22.816078976207194
426.22916666666663 23.789245267019513 22.813808351757217
426.7291666666667 23.786480147515153 22.811554313876748
427.2291666666667 23.783724524111417 22.809290769364033
427.72916666666663 23.780965080351415 22.807056129709196
428.2291666666667 23.778239865781167 22.804805137746076
428.7291666666667 23.775498469862857 22.80256711765892
429.22916666666663 23.77278057497762 22.800339458608093
429.7291666666667 23.770068887927756 22.798116343432156
430.2291666666667 23.76736281592901 22.795897325901514
430.72916666666663 23.76467536047286 22.793686985358114
431.2291666666667 23.762008003265986 22.791490878749656
431.7291666666667 23.759348230053583 22.789297013901056
432.22916666666663 23.756696103196283 22.787098823536756
432.7291666666667 23.7540448142555 22.784924483983136
433.2291666666667 23.75141263259262 22.782753543848262
433.72916666666663 23.748793763673977 22.780571810476808
434.2291666666667 23.746185317460714 22.778419935220565
434.7291666666667 23.743589194807715 22.77626152680351
435.22916666666663 23.74099753173285 22.77411291775762
435.7291666666667 23.73841405741792 22.771973464634932
436.2291666666667 23.735861183284243 22.769835749002517
436.72916666666663 23.73331084528207 22.767706005783687
437.2291666666667 23.73077469636892 22.765590834015153
437.7291666666667 23.728257906073907 22.763481117054468
438.22916666666663 23.725740174363693 22.7613740235666
438.7291666666667 23.723244578205684 22.759273877787415
439.2291666666667 23.72074062589183 22.75718784936273
439.72916666666663 23.718265025172663 22.755112720348777
440.2291666666667 23.715799180746068 22.753031341861217
440.7291666666667 23.7133602090045 22.750971660489263
441.22916666666663 23.710915844983575 22.748905242103078
441.7291666666667 23.708493041907836 22.746854649818232
442.2291666666667 23.70607801747889 22.744814870386648
442.72916666666663 23.70367578306793 22.742776673980785
443.2291666666667 23.701288913888348 22.74074280801812
443.7291666666667 23.698913626334573 22.738730429632945
444.22916666666663 23.69656077804651 22.736713740204948
444.7291666666667 23.69420219733852 22.73471321144045
445.2291666666667 23.691873819954765 22.732717578430353
445.72916666666663 23.689562355724952 22.730728364494297
446.2291666666667 23.68725958314895 22.728751701561308
446.7291666666667 23.68496168511308 22.72677736359602
447.22916666666663 23.682681561298317 22.72481336080396
447.7291666666667 23.680418498994364 22.722859478544038
448.2291666666667 23.678161156270924 22.720913232868046
448.72916666666663 23.675939785621356 22.718975379503497
449.2291666666667 23.673713476524973 22.7170479404882
449.7291666666667 23.671502271030924 22.71512890408203
450.22916666666663 23.669306489895035 22.71321747721684
450.7291666666667 23.667132602822015 22.711311135268613
451.2291666666667 23.664965508603967 22.709410604990595
451.72916666666663 23.662801754613426 22.70752241467978
452.2291666666667 23.660653224818958 22.705632299036807
452.7291666666667 23.658503762403782 22.703757443000427
453.22916666666663 23.656373315871143 22.701878999464803
453.7291666666667 23.654265268580446 22.700014686736974
454.2291666666667 23.652143702198533 22.698157271275996
454.72916666666663 23.650037059300494 22.696302787116824
455.2291666666667 23.64795217940012 22.69444615222458
455.7291666666667 23.64587855573248 22.69261171812818
456.22916666666663 23.643803791278685 22.690775678699886
456.7291666666667 23.641727139908078 22.688946935020574
457.2291666666667 23.63968584376098 22.68712411147753
457.72916666666663 23.637642583181563 22.685308506658288
458.2291666666667 23.635611479566876 22.68349937108954
458.7291666666667 23.63358865268411 22.681686587925512
459.22916666666663 23.631575357824598 22.679894553028063
459.7291666666667 23.629580101279313 22.678107407767047
460.2291666666667 23.62758407926645 22.676311919135816
460.72916666666663 23.625607620342024 22.674535191220006
461.2291666666667 23.623622571759384 22.672757318611065
461.7291666666667 23.621668035000457 22.670997409677756
462.22916666666663 23.61971524637483 22.669233315133926
462.7291666666667 23.617767458850448 22.66747561487388
463.2291666666667 23.615830066029414 22.665721212498227
463.72916666666663 23.613910601994583 22.66398466558046
464.2291666666667 23.61198635049257 22.6622361825066
464.7291666666667 23.61009651762433 22.660509196169446
465.22916666666663 23.608198520521025 22.65878418943226
465.7291666666667 23.606295374773932 22.657059868945208
466.2291666666667 23.60442698884906 22.655351895385152
466.72916666666663 23.602559632143205 22.653643556085434
467.2291666666667 23.600702442785067 22.65193840256486
467.7291666666667 23.59883541041406 22.650238781236677
468.22916666666663 23.59699213478498 22.648553497159902
468.7291666666667 23.595167321138987 22.64687147632168
469.2291666666667 23.593349700206616 22.64518934042167
469.72916666666663 23.591529585472646 22.643519649798634
470.2291666666667 23.589740254887744 22.64184833217903
470.7291666666667 23.587937849983042 22.64019230884715
471.22916666666663 23.586153083756685 22.638533581605426
471.7291666666667 23.584373647660296 22.636878822567326
472.2291666666667 23.5826153656294 22.63524358620031
472.72916666666663 23.58085528896211 22.63359991013241
473.2291666666667 23.57911201095221 22.63197544134105
473.7291666666667 23.577374025303094 22.6303436857391
474.22916666666663 23.575650810943873 22.628725779086423
474.7291666666667 23.57392657775943 22.627109962318976
475.2291666666667 23.572230092399174 22.625506315036045
