FastTrWP/PhaseSpace/IAs/snIa_0.55_30.00_2.69_0.02.csv
# %ECSV 0.9
# ---
# datatype:
# - {name: time-rel, datatype: float64}
# - {name: g, datatype: float64}
# - {name: i, datatype: float64}
# schema: astropy-2.0
time-rel g i
[from data line 286]
199.58333333333334 24.782679543609255 23.480699513139033
200.08333333333331 24.777738820009723 23.475905377598117
200.58333333333334 24.772824578297513 23.471128081159073
201.08333333333334 24.767923312874434 23.46636686032015
201.58333333333331 24.763060773305035 23.461630821350766
202.08333333333334 24.758203569974626 23.456915751904702
202.58333333333334 24.75337607476542 23.452225802464387
203.08333333333331 24.748544859347206 23.447554681695053
203.58333333333334 24.74375704599651 23.442893949192303
204.08333333333334 24.73899129994725 23.4382598488519
204.58333333333331 24.734237583811694 23.4336449968951
205.08333333333334 24.729496638364623 23.429064845008014
205.58333333333334 24.72478701829102 23.424495761375145
206.08333333333331 24.72008232843891 23.419947320567406
206.58333333333334 24.715416082413185 23.415427598968236
207.08333333333334 24.7107461234803 23.410920590665448
207.58333333333331 24.70611829926422 23.40644370294939
208.08333333333334 24.701503000420143 23.401993267586484
208.58333333333334 24.696898951063343 23.397554881556687
209.08333333333331 24.692320660467825 23.393143901414053
209.58333333333334 24.687764942869066 23.388764912763108
210.08333333333334 24.68323803930689 23.38438187164105
210.58333333333331 24.67873387943023 23.380047127068377
211.08333333333334 24.674225444418024 23.3757192072185
211.58333333333334 24.66976036433739 23.37141878782187
212.08333333333331 24.66529782011493 23.36715158474403
212.58333333333334 24.660865921030993 23.3628840572629
213.08333333333334 24.656422893224125 23.358638202456206
213.58333333333331 24.652010816847273 23.354382610181993
214.08333333333334 24.647588376555856 23.350153685827966
214.58333333333334 24.64321013442131 23.34593079469252
215.08333333333331 24.638814163751746 23.341715100739123
215.58333333333334 24.634438712637067 23.337512701559923
216.08333333333334 24.630086400255777 23.333314508542927
216.58333333333331 24.625725599467025 23.329126337708303
217.08333333333334 24.62137417542509 23.324955852586626
217.58333333333334 24.617040144837517 23.320794209783543
218.08333333333331 24.612727903955545 23.316663270149327
218.58333333333334 24.608424134927624 23.312507877026224
219.08333333333334 24.604102187845115 23.308384904498027
219.58333333333331 24.59984267322045 23.304267235747524
220.08333333333334 24.59555796003349 23.300164646993863
220.58333333333334 24.591288110535704 23.296065397465384
221.08333333333331 24.587057898943343 23.291991733054395
221.58333333333334 24.582819376036177 23.28792887983434
222.08333333333334 24.578615452488805 23.28387813306756
222.58333333333331 24.5743836782526 23.27983835853413
223.08333333333334 24.57017118770862 23.275814508726857
223.58333333333334 24.566012153721797 23.27178177273616
224.08333333333331 24.561826285143937 23.267791014944855
224.58333333333334 24.55767934280904 23.263802528741998
225.08333333333334 24.553548928565128 23.259835982086514
225.58333333333331 24.54940061955551 23.25587785101319
226.08333333333334 24.545280347782672 23.25193424072234
226.58333333333334 24.541162600380332 23.248002088076486
227.08333333333331 24.53708943743948 23.24407825325862
227.58333333333334 24.533000854675244 23.24018178124982
228.08333333333334 24.52893776364231 23.236301912421435
228.58333333333331 24.524882807708902 23.23243825876816
229.08333333333334 24.52083849851232 23.22857042871278
229.58333333333334 24.516822690503098 23.224732801876506
230.08333333333331 24.512820196376744 23.2208991111403
230.58333333333334 24.5088230290106 23.21709268463795
231.08333333333334 24.504840136521597 23.213300789074324
231.58333333333331 24.50087447587134 23.209528966034107
232.08333333333334 24.496930110889497 23.205761482721297
232.58333333333334 24.49298585919494 23.202023286569986
233.08333333333334 24.489054447535157 23.19828952268589
233.58333333333334 24.485166305226983 23.194580667930104
234.08333333333334 24.481256758303516 23.19087563915894
234.58333333333334 24.47737630000689 23.1872003265017
235.08333333333334 24.473507150882906 23.18353192476652
235.58333333333334 24.469658970305122 23.179897818165554
236.08333333333334 24.465847016077742 23.176265798485684
236.58333333333334 24.461993849401544 23.172652400458325
237.08333333333334 24.458207358952716 23.169054698788067
237.58333333333334 24.454419995971037 23.165486380966666
238.08333333333334 24.450633758661816 23.16192375883083
238.58333333333334 24.446899809673248 23.158378679242546
239.08333333333334 24.44314069232838 23.15484586849284
239.58333333333334 24.4394096399294 23.1513479529252
240.08333333333334 24.435681192118516 23.147854655383206
240.58333333333334 24.43198721592482 23.1443908734774
241.08333333333334 24.428315956419464 23.140931738077924
241.58333333333334 24.424638594215438 23.137498154071807
242.08333333333334 24.420990992939565 23.134089635887257
242.58333333333334 24.417359879790613 23.130680946875152
243.08333333333334 24.413740082203628 23.127299059030598
243.58333333333334 24.41013849170519 23.123956655755666
244.08333333333334 24.406549075650062 23.120597904789605
244.58333333333334 24.402966089591345 23.117280272528305
245.08333333333334 24.39942976085088 23.11397212607646
245.58333333333334 24.39586982680847 23.110694396710812
246.08333333333334 24.3923327832576 23.107419168337294
246.58333333333334 24.388837874815916 23.10417184623464
247.08333333333334 24.385338154378612 23.10094837615562
247.58333333333334 24.381875659199146 23.09773448784583
248.08333333333334 24.37840682229374 23.094552694845326
248.58333333333334 24.374967430595092 23.091378302556976
249.08333333333334 24.371544149697492 23.08823430026613
249.58333333333334 24.368126367030868 23.08509718211363
250.08333333333334 24.364720860189006 23.081976793842408
250.58333333333334 24.361331729452242 23.07888408169456
251.08333333333334 24.35796790923632 23.075790963262914
251.58333333333334 24.35460337767806 23.07272435233203
252.08333333333334 24.351246761711334 23.069663688107717
252.58333333333334 24.34792094542822 23.066622498042907
253.08333333333334 24.344595531187245 23.06359511972685
253.58333333333334 24.341261935892767 23.060575137249693
254.08333333333334 24.33797956674796 23.057579413799594
254.58333333333334 24.334695523386685 23.054591771147184
255.08333333333334 24.331422567346458 23.0516178558084
255.58333333333334 24.328154379151258 23.048658694970282
256.0833333333333 24.32489354335538 23.045711986748362
256.5833333333333 24.321672237151 23.042783384162995
257.0833333333333 24.318430333965605 23.039860825997774
257.5833333333333 24.315220502690597 23.036944139432272
258.0833333333333 24.312015342575744 23.03405734310962
258.5833333333333 24.30882443611698 23.03118177638936
259.0833333333333 24.305642772664562 23.02830238521469
259.5833333333333 24.302468472615853 23.025450525248857
260.0833333333333 24.299323421387733 23.02261083211996
260.5833333333333 24.296167784438182 23.019772207401928
261.0833333333333 24.293039364090703 23.016957948616525
261.5833333333333 24.289895375115364 23.014146235484652
262.0833333333333 24.28676324697692 23.011360299853877
262.5833333333333 24.283672541413427 23.00856424913516
263.0833333333333 24.280580220519585 23.005793528045725
263.5833333333333 24.277477665693702 23.003041361374276
264.0833333333333 24.27441039489149 23.00028460747427
264.5833333333333 24.271326466389553 22.99754044421855
265.0833333333333 24.26827092540709 22.99482594359514
265.5833333333333 24.2652265582546 22.992105252117582
266.0833333333333 24.2621976813429 22.989402802332947
266.5833333333333 24.259166256227395 22.98671253369917
267.0833333333333 24.25614068971346 22.984028057128974
267.5833333333333 24.253138053796405 22.981361343529944
268.0833333333333 24.25013608267177 22.978685296891893
268.5833333333333 24.2471407888507 22.976046308437603
269.0833333333333 24.244158842189453 22.97339848706892
269.5833333333333 24.241195684160367 22.970778632516343
270.0833333333333 24.23822382929987 22.96815495818703
270.5833333333333 24.235276762555568 22.96554692646434
271.0833333333333 24.23231518842784 22.962940233956836
271.5833333333333 24.229389035571515 22.960358177786695
272.0833333333333 24.22646219808064 22.957770980744257
272.5833333333333 24.223542212229347 22.955205855151984
273.0833333333333 24.220626391957012 22.952649120010374
273.5833333333333 24.217734349267165 22.950091419129528
274.0833333333333 24.214836234392045 22.947548520239806
274.5833333333333 24.21194263765118 22.945015478333943
275.0833333333333 24.20907101575907 22.942502067013237
275.5833333333333 24.206191177130172 22.939987820549895
276.0833333333333 24.203347597780574 22.937473910146558
276.5833333333333 24.200469256815687 22.934986781402472
277.0833333333333 24.197626413692937 22.932498508068413
277.5833333333333 24.194795556091584 22.930017221789846
278.0833333333333 24.191960762255714 22.92755348856286
278.5833333333333 24.189141918617665 22.92508419266761
279.0833333333333 24.186330076590757 22.92263387847228
279.5833333333333 24.183510173103976 22.92019908017705
280.0833333333333 24.180721788167165 22.917762407703727
280.5833333333333 24.177922210532262 22.915334064175596
281.0833333333333 24.175141554243197 22.912913564467434
281.5833333333333 24.172352417066627 22.910504976158048
282.0833333333333 24.169581626202586 22.90810610801047
282.5833333333333 24.166819951688083 22.905707611973078
283.0833333333333 24.164058264129103 22.90331930397543
283.5833333333333 24.161318311087477 22.900943958650778
284.0833333333333 24.158573684422556 22.89857148061676
284.5833333333333 24.155836814207564 22.896207470223537
285.0833333333333 24.153083001898523 22.893856773293123
285.5833333333333 24.150365007612752 22.891513982626858
286.0833333333333 24.147646542201457 22.8891728573778
286.5833333333333 24.144956029366128 22.886845609789145
287.0833333333333 24.14223984162589 22.884505075323
287.5833333333333 24.13955889623598 22.882197995506345
288.0833333333333 24.1368534619785 22.879889925055956
288.5833333333333 24.134185568385327 22.877589545892025
289.0833333333333 24.131515863866074 22.875304157956805
289.5833333333333 24.128835668909822 22.873023483367398
290.0833333333333 24.12618990254274 22.87073999755066
290.5833333333333 24.12354135679795 22.868478284023986
291.0833333333333 24.120892836920795 22.866231079644113
291.5833333333333 24.11826886348895 22.863983135847917
292.0833333333333 24.11563309314916 22.861737248357162
292.5833333333333 24.113011868901403 22.859509096006832
293.0833333333333 24.1103897506324 22.857270918833237
293.5833333333333 24.107781726851783 22.855062907439056
294.0833333333333 24.10520578442512 22.8528583028548
294.5833333333333 24.102601275273056 22.85066186837236
295.0833333333333 24.10001632814076 22.848462728767387
295.5833333333333 24.09744385464281 22.846284418829693
296.0833333333333 24.09487038416752 22.844104732285476
296.5833333333333 24.09228706592037 22.841939799172543
297.0833333333333 24.089737800178334 22.83978592697139
297.5833333333333 24.087180487894347 22.837624747064428
298.0833333333333 24.084638929702 22.835474485693812
298.5833333333333 24.082100780940433 22.833336220279268
299.0833333333333 24.079569776194127 22.83119701325417
299.5833333333333 24.07705197740022 22.82908125349595
300.0833333333333 24.074520942163215 22.8269634720789
300.5833333333333 24.07201573432395 22.82485657083835
301.0833333333333 24.069500258985258 22.822748181224846
301.5833333333333 24.067001738900778 22.820648645004177
302.0833333333333 24.064500750167923 22.81856344973076
302.5833333333333 24.0620168541651 22.81648386841439
303.0833333333333 24.05953925054809 22.814402631419142
303.5833333333333 24.057053958219008 22.81233806262829
304.0833333333333 24.054577930754192 22.810279593268234
304.5833333333333 24.05211472817127 22.80821987001837
305.0833333333333 24.049665177721625 22.806173843127773
305.5833333333333 24.04721197942311 22.804125773645897
306.0833333333333 24.044746742597237 22.802098182183915
306.5833333333333 24.04230430594188 22.800066505272927
307.0833333333333 24.039873701834267 22.798043628254025
307.5833333333333 24.037456260439725 22.796024829153126
308.0833333333333 24.035014138937512 22.794016576161518
308.5833333333333 24.032588197064225 22.792010452420865
309.0833333333333 24.030189292469288 22.79001236955065
309.5833333333333 24.027758920613984 22.788025266359682
310.0833333333333 24.02537453774474 22.786041593720853
310.5833333333333 24.02298053861728 22.78406420691653
311.0833333333333 24.020579406842284 22.782083329011606
311.5833333333333 24.01818811288177 22.78012247425492
312.0833333333333 24.015814362184955 22.77816269422606
312.5833333333333 24.01342562419088 22.776210387063863
313.0833333333333 24.011047195974115 22.77425617543203
313.5833333333333 24.008691379895204 22.772311163519134
314.0833333333333 24.006319555719614 22.770374275073838
314.5833333333333 24.003970102620652 22.76844538841768
315.0833333333333 24.001603620797212 22.76651604040934
315.5833333333333 23.999272935276 22.764602817923745
316.0833333333333 23.996909770663972 22.762691491543382
316.5833333333333 23.994579593084687 22.76077635056521
317.0833333333333 23.992253433432623 22.758869846609624
317.5833333333333 23.98991113911375 22.756970770230723
318.0833333333333 23.987586561120562 22.755078296244907
318.5833333333333 23.985262235379277 22.75320090459779
319.0833333333333 23.98295219002438 22.751317619503382
319.5833333333333 23.980645348261618 22.749435896755518
320.0833333333333 23.978334848002383 22.747565386103552
320.5833333333333 23.97602237033216 22.74569834579175
321.0833333333333 23.973734831574607 22.74384167916486
321.5833333333333 23.971436085096087 22.741982387262443
322.0833333333333 23.969153668606825 22.740133433359098
322.5833333333333 23.96686668998268 22.73828908096573
323.0833333333333 23.964584664197766 22.73644464494787
323.5833333333333 23.962316987365206 22.734609717636367
324.0833333333333 23.960028144767577 22.732783191526373
324.5833333333333 23.95775978459435 22.730958999577947
325.0833333333333 23.95548943415015 22.729135600935955
325.5833333333333 23.953239251582758 22.727323357628222
326.0833333333333 23.95098095779379 22.725522500087102
326.5833333333333 23.948739513040746 22.723714008025475
327.0833333333333 23.946499967946995 22.721917715738677
327.5833333333333 23.94426273688537 22.72012579145525
328.0833333333333 23.942018279310837 22.718342911884637
328.5833333333333 23.939801033113405 22.71655932520012
329.0833333333333 23.937582555189216 22.714783285084785
329.5833333333333 23.93536418845242 22.713001549537903
330.0833333333333 23.933143204180993 22.71125126510503
330.5833333333333 23.930926588749813 22.70948055450559
331.0833333333333 23.92871725767419 22.707735458675472
331.5833333333333 23.926514415384204 22.705979976002407
332.0833333333333 23.924323750695216 22.70424256213088
332.5833333333333 23.92211642126601 22.70249873826321
333.0833333333333 23.919930638108102 22.700772544532942
333.5833333333333 23.917758940902225 22.699033722245424
334.0833333333333 23.915567846103 22.69730761230468
334.5833333333333 23.91339650157091 22.69560006558634
335.0833333333333 23.91122160638129 22.69387589557118
335.5833333333333 23.90907016285423 22.692171206423666
336.0833333333333 23.906885061839084 22.690465329466324
336.5833333333333 23.904730091723792 22.688764496845614
337.0833333333333 23.902573832198296 22.687073708573166
337.5833333333333 23.900424337242036 22.685392036335493
338.0833333333333 23.89828315900231 22.683694702810747
338.5833333333333 23.8961442233853 22.682013047767278
339.0833333333333 23.893995991439688 22.680348384140387
339.5833333333333 23.891857786064016 22.678680482796103
340.0833333333333 23.889740518299902 22.677008097653832
340.5833333333333 23.88761628177058 22.675359299001983
341.0833333333333 23.885500973393704 22.67369750574776
341.5833333333333 23.88337484399759 22.672036362673666
342.0833333333333 23.881257271670023 22.670396272875006
342.5833333333333 23.87914161080171 22.668754252676937
