FastTrWP/PhaseSpace/IAs/snIa_0.68_30.00_0.26_0.02.csv
# %ECSV 0.9
# ---
# datatype:
# - {name: time-rel, datatype: float64}
# - {name: g, datatype: float64}
# - {name: i, datatype: float64}
# schema: astropy-2.0
time-rel g i
[from data line 863]
535.6458333333334 24.061394098387826 22.31944826038951
536.1458333333334 24.061364863421563 22.31881105663925
536.6458333333334 24.061348482151168 22.318170670239915
537.1458333333334 24.061346173118107 22.317538096834333
537.6458333333334 24.061346656137623 22.31690348063758
538.1458333333334 24.061359738731078 22.316283356628546
538.6458333333334 24.061373582005622 22.315658729852398
539.1458333333334 24.061402899668188 22.315035605841057
539.6458333333334 24.061422031471476 22.31442203624146
540.1458333333334 24.061462301333062 22.313812011378516
540.6458333333334 24.06152357475271 22.313201134799463
541.1458333333334 24.06156166406632 22.312590784130748
541.6458333333334 24.061606592721013 22.311990668701345
542.1458333333334 24.061692439166613 22.31139735497898
542.6458333333334 24.061754964669973 22.310797106789614
543.1458333333334 24.061828929532062 22.310202086668927
543.6458333333334 24.061918428723118 22.309607305684036
544.1458333333334 24.062016177989026 22.309019166583035
544.6458333333334 24.062113068677903 22.308434068979885
545.1458333333334 24.06220848326782 22.30785125576643
545.6458333333334 24.06232276193667 22.30727335528529
546.1458333333334 24.06243338384882 22.30669715857708
546.6458333333334 24.062553376598732 22.306126494205483
547.1458333333334 24.06268757896855 22.305557729317055
547.6458333333334 24.062825765729507 22.304989757179797
548.1458333333334 24.06295163132718 22.30442246700435
548.6458333333334 24.063108989879094 22.303858154686296
549.1458333333334 24.063259119054514 22.30329907344942
549.6458333333334 24.06340839780917 22.302744762451745
550.1458333333334 24.063570794041592 22.30219165460897
550.6458333333334 24.063749568132415 22.301641865992305
551.1458333333334 24.063909578825623 22.30109287929436
551.6458333333334 24.064104158593548 22.300545372132866
552.1458333333334 24.06427298910032 22.30000434513463
552.6458333333334 24.06446666967603 22.29946437630213
553.1458333333334 24.064668129799365 22.298928491678986
553.6458333333334 24.064852741524334 22.298389645293316
554.1458333333334 24.06505689971223 22.297861044337083
554.6458333333334 24.065260427254593 22.297329059721992
555.1458333333334 24.065483447399224 22.296802594091183
555.6458333333334 24.065700431550596 22.2962754792305
556.1458333333334 24.065929143393852 22.295753767045994
556.6458333333334 24.066147481781435 22.2952288683209
557.1458333333334 24.06638067054807 22.294717653896544
557.6458333333334 24.06660540147119 22.294201815292315
558.1458333333334 24.066846908602315 22.293686123567994
558.6458333333334 24.067093206080994 22.293174976852214
559.1458333333334 24.067332589123378 22.292670215076384
559.6458333333334 24.06758528547502 22.292162558556893
560.1458333333334 24.067829677833625 22.291657259613654
560.6458333333334 24.06809331523891 22.29115537695858
561.1458333333334 24.068355295851006 22.290660242228938
561.6458333333334 24.06861678524696 22.290155248439323
562.1458333333334 24.068886466555913 22.289665290930316
562.6458333333334 24.06916631649436 22.289172043568215
563.1458333333334 24.069435656919886 22.28867802851814
563.6458333333334 24.06971726402722 22.288194919176647
564.1458333333334 24.06999746373762 22.287701669296474
564.6458333333334 24.070281373734552 22.28721978130966
565.1458333333334 24.070564338682566 22.286737124487583
565.6458333333334 24.070848096969684 22.28625647348696
566.1458333333334 24.071154074116862 22.285778309709695
566.6458333333334 24.07143885205432 22.28530039125006
567.1458333333334 24.071746188650614 22.284820522061004
567.6458333333334 24.072044969407138 22.28434629410355
568.1458333333334 24.07233854630041 22.28387534767236
568.6458333333334 24.07266597774963 22.28341555165001
569.1458333333334 24.072972871000864 22.282938317088
569.6458333333334 24.073266980815884 22.282475871035427
570.1458333333334 24.07359055706813 22.2820066217337
570.6458333333334 24.073897798241898 22.28155868950452
571.1458333333334 24.0742158356402 22.28109155048816
571.6458333333334 24.074536948643235 22.28062984199401
572.1458333333334 24.074847086674865 22.28017364224275
572.6458333333334 24.075188267014855 22.279713489599015
573.1458333333334 24.075497672686012 22.279262877610595
573.6458333333334 24.07582686646699 22.27880872950669
574.1458333333334 24.076146233037868 22.27835937527477
574.6458333333334 24.07647790774854 22.27791324494284
575.1458333333334 24.07681584955909 22.27746509445967
575.6458333333334 24.07713699259219 22.277017039132538
576.1458333333334 24.077458373460207 22.27657897324534
576.6458333333334 24.077802958886956 22.27613123541541
577.1458333333334 24.078139150829585 22.27569352759234
577.6458333333334 24.07848305069672 22.27525578318828
578.1458333333334 24.078826379883186 22.274816886050978
578.6458333333334 24.07916872982471 22.274385447784937
579.1458333333334 24.079535837705407 22.273944803914866
579.6458333333334 24.079880922877514 22.2735151016043
580.1458333333334 24.08024461300682 22.2730894143098
580.6458333333334 24.08060339813831 22.272661440233904
581.1458333333334 24.08096791600121 22.2722354536398
581.6458333333334 24.081315350875375 22.27181233299654
582.1458333333334 24.081706792924802 22.27140029669995
582.6458333333334 24.082079140545712 22.2709696438842
583.1458333333334 24.082450304941034 22.270553070045366
583.6458333333334 24.08282594810929 22.27013171202899
584.1458333333334 24.083212735313573 22.2697234781432
584.6458333333334 24.083606243189138 22.26931103540395
585.1458333333334 24.08399450074674 22.268905509965933
585.6458333333334 24.08438786640099 22.268494314850706
586.1458333333334 24.084789670614658 22.26808275473854
586.6458333333334 24.085187873427092 22.267683032707684
587.1458333333334 24.085603879407884 22.267279145120284
587.6458333333334 24.086004019805834 22.266882415471585
588.1458333333334 24.08644192762084 22.2664830589466
588.6458333333334 24.08684587705446 22.266088713641317
589.1458333333334 24.0872510656852 22.265690994717463
589.6458333333334 24.08767470322861 22.26529850182599
590.1458333333334 24.088107311464043 22.264904040117543
590.6458333333334 24.088528356842996 22.264520892210538
591.1458333333334 24.08895882299738 22.264134610547263
591.6458333333334 24.08941236513737 22.263749683584912
592.1458333333334 24.089833060803088 22.263369515770606
592.6458333333334 24.09028540116786 22.262987105263797
593.1458333333334 24.09074082749609 22.26261018551063
593.6458333333334 24.091181271647102 22.262238220797098
594.1458333333334 24.09163448090403 22.261857429224285
594.6458333333334 24.09209594949281 22.261488775088473
595.1458333333334 24.092563925845717 22.261120490810377
595.6458333333334 24.093033715296613 22.26075867019302
596.1458333333334 24.093480389647 22.260389077090714
596.6458333333334 24.093969889712284 22.260027825335115
597.1458333333334 24.094444035628023 22.259655374163728
597.6458333333334 24.09493125400925 22.25930526886664
598.1458333333334 24.095404652386065 22.25894143484433
598.6458333333334 24.095901129248503 22.258584084927605
599.1458333333334 24.096397616923415 22.25823490302544
599.6458333333334 24.09687533827716 22.25788703008391
600.1458333333334 24.09738275496582 22.257531587496246
600.6458333333334 24.09788420960092 22.25718936634602
601.1458333333334 24.09837701868167 22.256844871105233
601.6458333333334 24.09890322963374 22.256505455296804
602.1458333333334 24.09941022142398 22.25615886918627
602.6458333333334 24.099937063228182 22.255824309233873
603.1458333333334 24.100465586026477 22.255492330556258
603.6458333333334 24.100976722946985 22.255152881351165
604.1458333333334 24.101498506201672 22.254823039165593
604.6458333333334 24.102047032128713 22.254489747429936
605.1458333333334 24.10257695539403 22.25416104841514
605.6458333333334 24.103124618640727 22.253843606765148
606.1458333333334 24.103662639974925 22.253523774888993
606.6458333333334 24.104218134742208 22.253199262614302
607.1458333333334 24.104785170309867 22.252879999246073
607.6458333333334 24.10533049069371 22.252563999798927
608.1458333333334 24.10588612953115 22.252248201584553
608.6458333333334 24.106460408510912 22.251941203207153
609.1458333333334 24.107016153346954 22.25162856182925
609.6458333333334 24.107594734099482 22.25132005418145
610.1458333333334 24.108160426118474 22.251013926503806
610.6458333333334 24.108774499961815 22.250719148204688
611.1458333333334 24.10934623379591 22.25040699352371
611.6458333333334 24.109932104254675 22.250115121026628
612.1458333333334 24.110521549585755 22.249811551141683
612.6458333333334 24.111115405336314 22.24952193548323
613.1458333333334 24.111706856785894 22.24923334117243
613.6458333333334 24.112333426031967 22.248943148292504
614.1458333333334 24.11293994069531 22.248658535758793
614.6458333333334 24.113548553821452 22.248366576341393
615.1458333333334 24.114157707861935 22.248086460869363
615.6458333333334 24.114797910598543 22.247805871617334
616.1458333333334 24.115423618935772 22.247534090462615
616.6458333333334 24.11606160148836 22.247254977691206
617.1458333333334 24.116687606827448 22.24698092023321
617.6458333333334 24.117328959322606 22.246711976303374
618.1458333333334 24.11795608999942 22.246441785836346
618.6458333333334 24.118603809796227 22.24617098357737
619.1458333333334 24.119271759115147 22.245901592044056
619.6458333333334 24.119906199902186 22.24564789961797
620.1458333333334 24.120568600730902 22.245377945532105
620.6458333333334 24.121237389514523 22.24511972545912
621.1458333333334 24.121909692051617 22.244860896643694
621.6458333333334 24.122575759991165 22.244605382479463
622.1458333333334 24.123238619157995 22.244349034034002
622.6458333333334 24.123932420415773 22.244097471644494
623.1458333333334 24.12460352437484 22.243849572915153
623.6458333333334 24.12531558396943 22.243603381055173
624.1458333333334 24.12599869524936 22.2433655200757
624.6458333333334 24.126691695929612 22.243108688024044
625.1458333333334 24.127388040307068 22.2428695460518
625.6458333333334 24.128093032183124 22.242630660606242
626.1458333333334 24.12880088312903 22.242388310951426
626.6458333333334 24.129512891974848 22.242155069214956
627.1458333333334 24.13022708021738 22.24191729988066
627.6458333333334 24.130935318400084 22.24169543961766
628.1458333333334 24.131686085667194 22.24146485519519
628.6458333333334 24.132384923292797 22.241232392306145
629.1458333333334 24.133134020875723 22.24101221120309
629.6458333333334 24.13386545293269 22.240788342679462
630.1458333333334 24.134598169149086 22.24056917237691
630.6458333333334 24.135348330243396 22.240345640528936
631.1458333333334 24.13610922968754 22.2401273883666
631.6458333333334 24.136856608946353 22.23991215491781
632.1458333333334 24.13761388425668 22.239705547033076
632.6458333333334 24.138373319693834 22.239488053903425
633.1458333333334 24.139141454230113 22.239283431344813
633.6458333333334 24.13991004336959 22.239078454272388
634.1458333333334 24.140692611930653 22.23887097015959
634.6458333333334 24.14145771281546 22.238663080341322
635.1458333333334 24.142248409528143 22.2384714877376
635.6458333333334 24.14303608020575 22.23827217491892
636.1458333333334 24.143819437790395 22.238070396563288
636.6458333333334 24.14461866586838 22.237880112874258
637.1458333333334 24.145427140619958 22.23768060644815
637.6458333333334 24.14623257625587 22.237496603457355
638.1458333333334 24.14704853516681 22.237308322102365
638.6458333333334 24.14785251393312 22.23712392062231
639.1458333333334 24.148663756826622 22.23693788058387
639.6458333333334 24.149487596531362 22.236757850073566
640.1458333333334 24.150328115796622 22.236581045503762
640.6458333333334 24.15115095703326 22.236403397612136
641.1458333333334 24.1519817174196 22.23623353556008
641.6458333333334 24.15284299349559 22.236056558545837
642.1458333333334 24.153681962320597 22.235888143272675
642.6458333333334 24.15452917909411 22.23572043880126
643.1458333333334 24.15536227731035 22.235550208622694
643.6458333333334 24.156233481961145 22.23538938226602
644.1458333333334 24.15711120638754 22.23522716092514
644.6458333333334 24.15796982537769 22.235068444742584
645.1458333333334 24.158845446453967 22.234908626380502
645.6458333333334 24.159737857438582 22.23475969720459
646.1458333333334 24.160604297829448 22.23460308668832
646.6458333333334 24.161489077470954 22.23445569760896
647.1458333333334 24.162378638661053 22.234306511338072
647.6458333333334 24.16327871276303 22.234162106016893
648.1458333333334 24.164186052959575 22.234021862353984
648.6458333333334 24.165080190884186 22.23387294403832
649.1458333333334 24.16600399838982 22.23373863582404
649.6458333333334 24.16690509096915 22.233603864873285
650.1458333333334 24.167845272729593 22.233466411550538
650.6458333333334 24.168749909662424 22.233332705653787
651.1458333333334 24.169684629899248 22.23319932223784
651.6458333333334 24.170622377125067 22.233077805007643
652.1458333333334 24.171557510092402 22.232949477161043
652.6458333333334 24.172494598310664 22.23282504937055
653.1458333333334 24.173451733958174 22.232706789134788
653.6458333333334 24.174419741845867 22.232587233037894
654.1458333333334 24.17536841881672 22.232471042142397
654.6458333333334 24.176323724792994 22.23235708034271
655.1458333333334 24.17727955157483 22.23224654005923
655.6458333333334 24.178266938481134 22.23214178590089
656.1458333333334 24.17924398095765 22.232030486587377
656.6458333333334 24.180226527242944 22.231929990689107
657.1458333333334 24.18120672720161 22.23182192683432
657.6458333333334 24.18221777265922 22.231723002460004
658.1458333333334 24.18322446428585 22.231631086077623
658.6458333333334 24.184235690329675 22.231530720606578
659.1458333333334 24.18524416931548 22.231438842519378
659.6458333333334 24.1862693385024 22.2313482842041
660.1458333333334 24.187311369037893 22.231260725074208
660.6458333333334 24.18835989361346 22.23117370410321
661.1458333333334 24.18939276571541 22.231092093703406
661.6458333333334 24.19044148562812 22.23100937512498
662.1458333333334 24.191500517548583 22.2309319612533
662.6458333333334 24.192572491453138 22.230859555534085
663.1458333333334 24.193645599715687 22.23077978371319
663.6458333333334 24.194732121685128 22.23071135559868
664.1458333333334 24.195813417450665 22.230646383440376
664.6458333333334 24.19689663072414 22.23057614443245
665.1458333333334 24.19801103281563 22.230514681636638
665.6458333333334 24.199103737588388 22.230448418407605
666.1458333333334 24.20022529719741 22.230390468550617
666.6458333333334 24.201324497730855 22.230335085738187
667.1458333333334 24.20246118955135 22.230274588229918
667.6458333333334 24.203581194166688 22.230224157541038
668.1458333333334 24.204716747550137 22.23017364818969
668.6458333333334 24.20585055184306 22.230131786247252
669.1458333333334 24.206991083820594 22.230080189822235
669.6458333333334 24.20815849301395 22.230033194932133
670.1458333333334 24.209301246703404 22.22999537207332
670.6458333333334 24.210451424117267 22.22995563936484
671.1458333333334 24.21161380064262 22.22991296939177
671.6458333333334 24.21280099151136 22.229878198183272
672.1458333333334 24.213966755460923 22.22984149575271
672.6458333333334 24.215164753111633 22.22981889966202
673.1458333333334 24.216336613672475 22.229781126606632
673.6458333333334 24.217512014511197 22.229760248734483
674.1458333333334 24.218717869080095 22.229727447850223
674.6458333333334 24.219913178095645 22.229707559659087
675.1458333333334 24.221107187017097 22.229686675978346
675.6458333333334 24.22231752627959 22.2296699327258
676.1458333333334 24.22352939792919 22.229654178154128
676.6458333333334 24.224754328065803 22.229636029340632
677.1458333333334 24.225963575005775 22.22962668370183
677.6458333333334 24.22720230274788 22.22961339138028
678.1458333333334 24.22843164134328 22.22960653514544
678.6458333333334 24.22965176345101 22.229593402675356
679.1458333333334 24.23087702441103 22.229588909117094
679.6458333333334 24.23211568234024 22.22958358872049
