FastTrWP/PhaseSpace/IAs/snIa_0.45_30.00_0.92_-0.23.csv
# %ECSV 0.9
# ---
# datatype:
# - {name: time-rel, datatype: float64}
# - {name: g, datatype: float64}
# - {name: i, datatype: float64}
# schema: astropy-2.0
time-rel g i
[from data line 2139]
649.0 24.466777792517554 23.20730021666853
649.5 24.468803438176316 23.208157254676447
650.0 24.470837559433804 23.209021675136242
650.5 24.47287072242544 23.209869079792107
651.0 24.47488668703108 23.21072529651085
651.5 24.476921759424336 23.211580033491288
652.0 24.478951354911157 23.212443773436227
652.5 24.480981936825067 23.21328447640149
653.0 24.48300456534222 23.214144619510684
653.5 24.485060719522018 23.21498763483753
654.0 24.487070256365058 23.215828698354922
654.5 24.48911476763893 23.21668656056026
655.0 24.491160999841462 23.217521324999318
655.5 24.493192436116203 23.218366073900093
656.0 24.49521462050733 23.21920942179172
656.5 24.49726554043717 23.220053674113295
657.0 24.49930418380681 23.220904912969832
657.5 24.501334614457093 23.221732821107736
658.0 24.50339682399229 23.222569042131155
658.5 24.505446384385166 23.22339975840961
659.0 24.50746210584039 23.22423624697217
659.5 24.5095271260292 23.22505722025632
660.0 24.511545243377117 23.2258976784252
660.5 24.51361695857915 23.226721510214887
661.0 24.515649348497238 23.227546843523715
661.5 24.51770775210937 23.228366909706317
662.0 24.519742195310368 23.229196240742134
662.5 24.52180516333163 23.2300199957916
663.0 24.52384473362447 23.230831990551707
663.5 24.525898566500494 23.231661971352807
664.0 24.52794962960608 23.232477547645306
664.5 24.529978564471563 23.233289543971964
665.0 24.532060581385146 23.23410249468894
665.5 24.534077162851354 23.234925376299792
666.0 24.53616028668425 23.23572702751286
666.5 24.538190038007816 23.23653189295498
667.0 24.540255032389492 23.237333807016654
667.5 24.542321329028557 23.238149485212173
668.0 24.544361940157195 23.238947565367738
668.5 24.546410590255054 23.239745180386556
669.0 24.54848264559901 23.240541321671987
669.5 24.550508550544194 23.241348763447323
670.0 24.552591955228678 23.24214285985922
670.5 24.55463091141493 23.242938117563114
671.0 24.55670134465057 23.243740077791504
671.5 24.558753226869516 23.244515046132584
672.0 24.560798317009485 23.245306329369825
672.5 24.562862233828852 23.246086827462086
673.0 24.564932751879294 23.246868196891963
673.5 24.566969429682814 23.247649399576453
674.0 24.569043040129138 23.248440474092913
674.5 24.571091262403904 23.249212018479195
675.0 24.573148524077254 23.249995783646003
675.5 24.575205448449466 23.2507651301084
676.0 24.57725862193548 23.25154330382751
676.5 24.579321967708665 23.252314988502608
677.0 24.581401525637858 23.253079780172044
677.5 24.583432914685865 23.25384731676701
678.0 24.58549502250333 23.254610802707646
678.5 24.587566915341075 23.25537368481622
679.0 24.58961878524245 23.256131845980924
679.5 24.5916809686235 23.25688757823464
680.0 24.59373146855528 23.25765324902113
680.5 24.595811162620013 23.258394609238444
681.0 24.597848370040936 23.25915873183011
681.5 24.59989673720896 23.25989689934321
682.0 24.601954452598566 23.26064682037464
682.5 24.604020335068522 23.261392430829236
683.0 24.606083604184047 23.2621229175761
683.5 24.608136521700736 23.262863926742774
684.0 24.610196774101194 23.263587877833082
684.5 24.612241866147677 23.264310531705217
685.0 24.614292874712817 23.265045623729765
685.5 24.616348456032142 23.26577490525903
686.0 24.61842420999072 23.266485960871393
686.5 24.62047308211644 23.267220325263956
687.0 24.622528023046858 23.267929597680688
687.5 24.62459761234344 23.268639097642335
688.0 24.626648767615997 23.269354522356366
688.5 24.628705373121104 23.270074820620955
689.0 24.63074726452453 23.270774257889553
689.5 24.632807627797874 23.271480952630334
690.0 24.634851855292407 23.272185049309776
690.5 24.636943805180458 23.272899009464382
691.0 24.638997986581153 23.273587733259863
691.5 24.641039162733552 23.27428013699398
692.0 24.643100057470576 23.27496629625933
692.5 24.64514007213504 23.275666253536546
693.0 24.647215586059286 23.276356409454564
693.5 24.649253115468845 23.277050194321905
694.0 24.651333792777997 23.277747322899263
694.5 24.65337493458966 23.278423410111575
695.0 24.65546319273489 23.279101120906567
695.5 24.657503469930152 23.279790618682135
696.0 24.659564047490363 23.28046901240739
696.5 24.66163067935044 23.28113986861783
697.0 24.663686252466714 23.281818697821443
697.5 24.665740888908196 23.282495388233816
698.0 24.667807689469434 23.283169385717795
698.5 24.669860324303716 23.28385569519717
699.0 24.671922875279463 23.28452115020886
699.5 24.673997809517402 23.285191461312692
700.0 24.67602874759281 23.285859940386512
700.5 24.678099714841583 23.28653493810668
701.0 24.68014970331645 23.287199302409704
701.5 24.682225914104997 23.28785854587577
702.0 24.68427642898296 23.288529355098536
702.5 24.686345556909597 23.289197875816296
703.0 24.688408703753492 23.289860815130506
703.5 24.690484305849438 23.290534154421792
704.0 24.692531611057518 23.291195323300343
704.5 24.694604651212376 23.29185187407007
705.0 24.696678545176752 23.292504274676133
705.5 24.6987362031809 23.293172317494978
706.0 24.700812284686045 23.293829055269605
706.5 24.702871125257634 23.29448939396422
707.0 24.704945749723635 23.295150629866303
707.5 24.707006758411588 23.295815129856408
708.0 24.7090689127845 23.29646697737223
708.5 24.711132128307597 23.297125897306415
709.0 24.713207053803888 23.297792751669803
709.5 24.71529399698794 23.298432475047015
710.0 24.717364872314704 23.29910623370739
710.5 24.71942204452029 23.299765474396036
711.0 24.721497299608792 23.300421022341176
711.5 24.723588014715997 23.301081764675914
712.0 24.72566450825681 23.301729900622185
712.5 24.72773334442604 23.302399235657774
713.0 24.72980146881008 23.30305215282319
713.5 24.731875293916627 23.303716696647797
714.0 24.733967264086605 23.304377083358684
714.5 24.736032083867375 23.305042124962526
715.0 24.738121429367656 23.305704479214175
715.5 24.74018592771557 23.30635308344688
716.0 24.742284916699944 23.307008138406093
716.5 24.744375406279442 23.307660748592358
717.0 24.746432469904445 23.30831400238111
717.5 24.748549968541433 23.30897234170147
718.0 24.750620895518697 23.309621601869672
718.5 24.752711887495884 23.310268262172475
719.0 24.754780213503015 23.310915439039896
719.5 24.756859067316135 23.31156896081407
720.0 24.75893984408676 23.31220596377957
720.5 24.761023700271352 23.31284442494872
721.0 24.763100595566293 23.31349332286176
721.5 24.76518936270976 23.314123337210198
722.0 24.767281248861387 23.314766177268822
722.5 24.769375121706982 23.315407715136267
723.0 24.77144167070645 23.31604874365472
723.5 24.773520602657307 23.316685918466824
724.0 24.7756155036358 23.31731418190968
724.5 24.777696380414515 23.317953047706872
725.0 24.77976972530454 23.318585685815762
725.5 24.78187406697426 23.319213366978687
726.0 24.783954308129697 23.31985220512401
726.5 24.786047139120697 23.320486871114092
727.0 24.788124143298486 23.32110859901644
727.5 24.7902177117998 23.32173906586984
728.0 24.792306424840692 23.322358733500884
728.5 24.79438086963466 23.322992267701977
729.0 24.796468891550994 23.32362554909028
729.5 24.798560895748828 23.324247766766398
730.0 24.800652357642786 23.32487165760608
730.5 24.802747713336018 23.325500613262832
731.0 24.8048285947719 23.326123366914842
731.5 24.80690809233448 23.32675370823386
732.0 24.80901947609778 23.32736641833682
732.5 24.81108997365567 23.327992717298855
733.0 24.813183048951398 23.32860949581898
733.5 24.815273856940227 23.329240367890648
734.0 24.81735048515379 23.329861519070164
734.5 24.819467940831732 23.33048004733843
735.0 24.82153772839677 23.331104095123926
735.5 24.823641162776866 23.331725548914637
736.0 24.82572443190218 23.332348117585457
736.5 24.827816946342203 23.332966793362292
737.0 24.829910551678566 23.333583945496063
737.5 24.831997799897266 23.33420763502125
738.0 24.83408997255936 23.334827858265147
738.5 24.836176118056883 23.335447163691935
739.0 24.83827255913486 23.33607575596906
739.5 24.840365170566333 23.33669222705374
740.0 24.84246820189282 23.33730930977922
740.5 24.844563325650867 23.337933971096177
741.0 24.84665383151766 23.338558000537994
741.5 24.848749400505923 23.33916972235444
742.0 24.850854103211283 23.339798538203617
742.5 24.852941040373988 23.340412235107717
743.0 24.855028258464845 23.341046223217244
743.5 24.8571205819842 23.341665886790885
744.0 24.859212547105155 23.342284031043192
744.5 24.861322607836016 23.342907368078507
745.0 24.86342226307292 23.3435428464447
745.5 24.865530249712503 23.344154444003685
746.0 24.86760671004321 23.344794354036146
746.5 24.869712789813327 23.345408991373553
747.0 24.871810729009397 23.346035644827495
747.5 24.873922704651807 23.346662306012128
748.0 24.87603250941444 23.347286957469976
748.5 24.878110512824797 23.347916483100022
749.0 24.88021413244975 23.348549715641447
749.5 24.8823123401912 23.34918115854364
750.0 24.884413941275895 23.349815300071533
750.5 24.88651142091677 23.35043370084023
751.0 24.888624408556545 23.35107011425212
751.5 24.890721203096312 23.351698040448504
752.0 24.892836738580648 23.35233435625279
752.5 24.894924736404004 23.352966115310828
753.0 24.897038490737373 23.35358689455342
753.5 24.899150704131046 23.354224578535586
754.0 24.90125289349709 23.35485146352776
754.5 24.90337307450077 23.3554846845838
755.0 24.90549627590323 23.356115925004296
755.5 24.90757619428844 23.356746475920488
756.0 24.90966248541941 23.357386088013374
756.5 24.911785916192667 23.35801315330145
757.0 24.91389453562217 23.35864144645726
757.5 24.91600141725231 23.35926417608201
758.0 24.91813046174397 23.35991034633201
758.5 24.92023188421318 23.360540212346613
759.0 24.922320124559075 23.361166607691874
759.5 24.92443564127589 23.361809262235592
760.0 24.92655417040926 23.362435981669954
760.5 24.928679907367425 23.363061231257554
761.0 24.930775678214854 23.36370506840432
761.5 24.932895490367866 23.364324739418972
762.0 24.935002804128246 23.364959638574206
762.5 24.93711458515704 23.36558586931247
763.0 24.939215627569887 23.366221883271237
763.5 24.941318509901414 23.366849878892765
764.0 24.943444253529773 23.36748826068785
764.5 24.94554166122122 23.36811421624947
765.0 24.947665076695415 23.368754666978198
765.5 24.949757502131575 23.369365150426372
766.0 24.951886393757192 23.370010770213486
766.5 24.95397020416435 23.370621601574296
767.0 24.956104008336702 23.371274793226064
767.5 24.9582014785922 23.371908113130555
768.0 24.960298132834325 23.37252474230288
768.5 24.96242187121727 23.373163488456093
769.0 24.964518425920485 23.373794311417114
769.5 24.966612790708965 23.374431431525625
770.0 24.96872524850911 23.37505092696713
770.5 24.97083466015301 23.375692119707566
771.0 24.972924196869993 23.3763160031512
771.5 24.975047201838116 23.37694688532094
772.0 24.977149792946875 23.377572794335396
772.5 24.97925021533441 23.378201950062607
773.0 24.981345559717553 23.378835435577564
773.5 24.98346637872895 23.379458547524045
774.0 24.985563302602284 23.380098018038147
774.5 24.987660738121825 23.380730723300903
775.0 24.98976358756087 23.381351542271155
775.5 24.991860711218305 23.381967208029607
776.0 24.993944287118413 23.382610013671044
776.5 24.996063381862225 23.383231990512737
777.0 24.998144765951942 23.383858855388052
777.5 25.00023734514775 23.384490192534578
778.0 25.002341333273264 23.38512761102198
778.5 25.004419540178183 23.385740797117617
779.0 25.006521172397136 23.386366611139092
779.5 25.008614792180587 23.386989724038187
780.0 25.010682270888516 23.387615553868674
780.5 25.012781860037304 23.388261839335904
781.0 25.01486339727682 23.388879903615496
781.5 25.01695634819289 23.389493753645215
782.0 25.019008352825253 23.390124136502955
782.5 25.021112967539846 23.390748377838694
783.0 25.023196656853415 23.391377413092602
783.5 25.02528241258515 23.391997929465226
784.0 25.027352885395956 23.39263560486952
784.5 25.029431651920568 23.393254240339193
785.0 25.03151082959716 23.393879785761587
785.5 25.033586507402873 23.394491748934108
786.0 25.035658882176023 23.395123018644178
786.5 25.03774038278064 23.3957492150406
787.0 25.03978788140419 23.39638194308531
787.5 25.041863446710785 23.39700896417922
788.0 25.04394763455347 23.397630329452316
788.5 25.045997658305197 23.398239697019903
789.0 25.048072332910092 23.398876535192436
789.5 25.05013576995151 23.399496380471263
790.0 25.05223064432423 23.400115916589385
790.5 25.05426148582623 23.400731001935753
791.0 25.05634238754989 23.401361314379873
791.5 25.0584234105359 23.401990533886135
792.0 25.060469480463006 23.402615565165227
792.5 25.062536978424447 23.40322677973274
793.0 25.06459607082862 23.40385225484524
793.5 25.066642682987723 23.404476387095656
794.0 25.06870187319918 23.40509964087712
794.5 25.070770588517092 23.405718071422037
795.0 25.072818449950745 23.406345430909788
795.5 25.074881906497872 23.406965862610857
796.0 25.076931056494903 23.40759372704774
796.5 25.079012311649368 23.408209169799242
797.0 25.081049388401464 23.408828375913373
797.5 25.083073372943424 23.409451428773135
798.0 25.085114028649347 23.410080162983245
798.5 25.08718425312314 23.41069117068811
799.0 25.08923336749833 23.411319622676807
799.5 25.091240332796886 23.411929650060653
800.0 25.09331931919018 23.41255452502167
800.5 25.09533005794454 23.413178112829023
801.0 25.097384466360285 23.413806945600637
801.5 25.09941165150229 23.414415106557946
802.0 25.10148019289252 23.415038653720526
802.5 25.1034905682651 23.415644640908134
803.0 25.10550068240923 23.41627200126586
803.5 25.107542721348537 23.416894633323885
804.0 25.10957380974689 23.4175104484269
804.5 25.11161420117885 23.418117826331507
805.0 25.113643912714707 23.418737039886306
805.5 25.11565176041664 23.41935542103649
806.0 25.11769301797949 23.41997724729982
806.5 25.119678845864243 23.42059484619189
807.0 25.12170366954514 23.421221772127726
807.5 25.123710511510712 23.421827844962813
808.0 25.12573684619931 23.42243573259183
808.5 25.127710701012408 23.423049035259528
809.0 25.129714519586102 23.423675590692717
809.5 25.131744279485055 23.424294730055266
810.0 25.133751591751242 23.424917405835654
810.5 25.135735593464293 23.425519611125342
811.0 25.137752669724698 23.426135153141622
811.5 25.139730836142835 23.42675220349244
812.0 25.14172676615924 23.427363245783532
812.5 25.143736357314733 23.42796978673832
813.0 25.145729151015225 23.42857551031058
813.5 25.147703995283965 23.429191535962982
814.0 25.14968743177734 23.42981141373409
814.5 25.15164788069186 23.43041584710045
815.0 25.15366239571741 23.431019123048813
815.5 25.1556087343686 23.43163893995831
816.0 25.157592752551107 23.432237864329647
816.5 25.15956201165985 23.43286229580801
817.0 25.16153352848101 23.433470520858585
817.5 25.163487820973273 23.43408069471037
818.0 25.165461976230578 23.434678621025643
818.5 25.16743448061184 23.435292769461565
819.0 25.16937754271927 23.435895993162216
819.5 25.17131443266992 23.436509960437263
820.0 25.173269590356895 23.437117270715305
820.5 25.175245403744768 23.43771020148096
821.0 25.17715492144749 23.438323308893956
821.5 25.179116731146813 23.43893693232474
822.0 25.181047756891644 23.43953098452268
822.5 25.182983485985865 23.440131865237824
823.0 25.184900939467486 23.440738282563665
823.5 25.18683789417061 23.44133675959813
824.0 25.18873546470944 23.44195220034765
824.5 25.190669014721955 23.442537816494546
825.0 25.19259523666183 23.44314489450405
825.5 25.194501644857684 23.44374802486869
826.0 25.19641851890306 23.444359516492064
826.5 25.19831178600304 23.444948310626913
827.0 25.200221542381264 23.445542904948038
827.5 25.202124002454397 23.446151955878918
828.0 25.203992473246913 23.446747148987804
828.5 25.205893348520945 23.447344181020032
829.0 25.2077993296281 23.44793980217244
829.5 25.209695031624513 23.44854609447582
830.0 25.211578500611182 23.449138593085664
830.5 25.213424462765474 23.44973344134024
831.0 25.215313797682185 23.450330660430105
831.5 25.21718158574567 23.45093825515985
832.0 25.219059268996986 23.451519829282095
832.5 25.220944250732842 23.452123335252235
833.0 25.222795567695428 23.45271701282762
