FastTrWP/PhaseSpace/IAs/snIa_0.66_30.00_1.05_0.02.csv
# %ECSV 0.9
# ---
# datatype:
# - {name: time-rel, datatype: float64}
# - {name: g, datatype: float64}
# - {name: i, datatype: float64}
# schema: astropy-2.0
time-rel g i
[from data line 1733]
963.3333333333333 24.920036025526944 22.448235321814174
963.8333333333334 24.92195348192636 22.448924643298547
964.3333333333334 24.92382162720692 22.449622364294154
964.8333333333333 24.925720644991962 22.450315224725493
965.3333333333334 24.927608776053603 22.451009343184314
965.8333333333334 24.929520450690625 22.451714114077394
966.3333333333333 24.931427008794348 22.452410538641438
966.8333333333334 24.933370876826324 22.45311775872551
967.3333333333334 24.93526743531218 22.45381048871409
967.8333333333333 24.937214273358542 22.45451640459389
968.3333333333334 24.93911386758748 22.455213555683677
968.8333333333334 24.94105692887288 22.4559207896397
969.3333333333333 24.942995324790207 22.456620618869067
969.8333333333334 24.94494194696696 22.457333781378274
970.3333333333334 24.946892432109472 22.458037574911952
970.8333333333333 24.948834906032214 22.458743477714837
971.3333333333334 24.95079294744102 22.459449942581568
971.8333333333334 24.952756626731542 22.460161352955645
972.3333333333333 24.954734204389375 22.460871816964097
972.8333333333334 24.956686058562344 22.461582160173116
973.3333333333334 24.95865864228027 22.462289674289394
973.8333333333333 24.960652188292155 22.462994994915505
974.3333333333334 24.962614047545777 22.463717893616078
974.8333333333334 24.964617590862296 22.464429861754947
975.3333333333333 24.966598814936106 22.46514405345627
975.8333333333334 24.96861780340638 22.465864450625617
976.3333333333334 24.9706206087846 22.46657665049854
976.8333333333333 24.97265264905215 22.46729868541861
977.3333333333334 24.974668758553307 22.468022385572684
977.8333333333334 24.97671780618177 22.468738102159026
978.3333333333333 24.9787412782715 22.469456838377646
978.8333333333334 24.980811784597062 22.470184367292795
979.3333333333334 24.98286659034966 22.47090635613852
979.8333333333333 24.98493886413431 22.47163994300566
980.3333333333334 24.987025931311628 22.47235887958459
980.8333333333334 24.989102316505342 22.473086923752035
981.3333333333333 24.991189766404077 22.473817742617577
981.8333333333334 24.993272014542196 22.47455082626802
982.3333333333334 24.995405996215787 22.475280766625087
982.8333333333333 24.997509191055695 22.47601230229509
983.3333333333334 24.999644759287023 22.47674157992453
983.8333333333334 25.001771006291385 22.47747798005105
984.3333333333333 25.003894442571884 22.47821657531094
984.8333333333334 25.006036421052976 22.47894961545373
985.3333333333334 25.008182523801025 22.479678217564988
985.8333333333333 25.01032594749701 22.48042571239987
986.3333333333334 25.012488917826296 22.481162574043022
986.8333333333334 25.014680665639247 22.48190275261195
987.3333333333333 25.016821913084733 22.482644054391518
987.8333333333334 25.019004155573437 22.483386797013463
988.3333333333334 25.02118129513987 22.48413190720227
988.8333333333333 25.023386659688896 22.484875395792674
989.3333333333334 25.025573418095945 22.485618774614448
989.8333333333334 25.02775537958283 22.486361916949473
990.3333333333333 25.029968337249656 22.487112501399107
990.8333333333334 25.032190609216354 22.48786083147035
991.3333333333334 25.03438332619147 22.48861123107149
991.8333333333333 25.036616065113382 22.489358894315043
992.3333333333334 25.03881311984347 22.490110134188917
992.8333333333334 25.04105121139701 22.49085778408217
993.3333333333333 25.04327832170748 22.491612892798827
993.8333333333334 25.04550158015946 22.492358754680435
994.3333333333334 25.04775486071967 22.49311337161696
994.8333333333333 25.04999490910801 22.4938601631106
995.3333333333334 25.052249747824508 22.49462350950756
995.8333333333334 25.054484117884385 22.49538444848582
996.3333333333333 25.056752771959907 22.49613482656891
996.8333333333334 25.058979442850923 22.49689358313171
997.3333333333334 25.061219550369106 22.497653703038246
997.8333333333333 25.063470829303718 22.49841992535496
998.3333333333334 25.065752483640015 22.499172389311664
998.8333333333334 25.06801347976449 22.49993097552654
999.3333333333333 25.070288685656 22.50069672939054
999.8333333333334 25.072551173218237 22.50145834137804
1000.3333333333334 25.07481109563022 22.50222434815769
1000.8333333333334 25.07707665218505 22.50299084207625
1001.3333333333334 25.079350679121323 22.503744859003874
1001.8333333333334 25.08162513245353 22.504511213188685
1002.3333333333334 25.083863415771713 22.505278622493364
1002.8333333333334 25.086156529129298 22.50604149583885
1003.3333333333334 25.088429528268115 22.506803384670107
1003.8333333333334 25.090712036271828 22.50757210133825
1004.3333333333334 25.092959353122076 22.508341648804212
1004.8333333333334 25.095237103449843 22.509118691862
1005.3333333333334 25.09751139619139 22.50987739470927
1005.8333333333334 25.09980431743908 22.510654575877517
1006.3333333333334 25.102076695178614 22.511420744011915
1006.8333333333334 25.10434518216318 22.51219386977697
1007.3333333333334 25.10661604925196 22.51296333389606
1007.8333333333334 25.108855386029106 22.513735534704246
1008.3333333333334 25.11113219449062 22.514505595817155
1008.8333333333334 25.113394136798224 22.515282831552874
1009.3333333333334 25.115650294316616 22.51605116568531
1009.8333333333334 25.117934350373528 22.51682324240758
1010.3333333333334 25.120188061676245 22.51759795909699
1010.8333333333334 25.122446888382903 22.518372059276494
1011.3333333333334 25.124695627191073 22.51914503583357
1011.8333333333334 25.126931641684713 22.519923133028342
1012.3333333333334 25.12919544213032 22.520700969687113
1012.8333333333334 25.131442187872224 22.521474497282274
1013.3333333333334 25.13366201310554 22.522249251296216
1013.8333333333334 25.13591797573571 22.523023223826108
1014.3333333333334 25.13812751848223 22.52380596599098
1014.8333333333334 25.14039188659943 22.524581223099066
1015.3333333333334 25.142588929715366 22.525365713983014
1015.8333333333334 25.144815792569858 22.526136763676604
1016.3333333333334 25.14707501965024 22.52691806242508
1016.8333333333334 25.149295243229894 22.527700101584447
1017.3333333333334 25.15156208680405 22.528474204395103
1017.8333333333334 25.153799359925905 22.529268949850653
1018.3333333333334 25.15605093590466 22.530041713653684
1018.8333333333334 25.158315378072707 22.530832552438703
1019.3333333333334 25.160555526487016 22.531622781923005
1019.8333333333334 25.162815595986263 22.53240172202213
1020.3333333333334 25.16509254063324 22.533190293214265
1020.8333333333334 25.16733755489146 22.53397669932117
1021.3333333333334 25.169594600783277 22.53476962828804
1021.8333333333334 25.171874632977392 22.53555713912126
1022.3333333333334 25.17415216387837 22.53634297119582
1022.8333333333334 25.17641131345892 22.537131359441823
1023.3333333333334 25.178678540513385 22.537922949473547
1023.8333333333334 25.180968536299453 22.538715498334298
1024.3333333333333 25.183246516244857 22.53950212530502
1024.8333333333333 25.185516361369405 22.540301310623654
1025.3333333333333 25.187794461697845 22.541092642163846
1025.8333333333333 25.190092414258856 22.541889045983194
1026.3333333333333 25.192376118747376 22.54268644202153
1026.8333333333333 25.194652371050253 22.543481288077345
1027.3333333333333 25.19691850255871 22.54427986772906
1027.8333333333333 25.19921417255663 22.545078361977705
1028.3333333333333 25.201506892303854 22.54587545282728
1028.8333333333333 25.203787603832843 22.546674399798462
1029.3333333333333 25.206090196719465 22.54747560111528
1029.8333333333333 25.208370581599286 22.54827967132308
1030.3333333333333 25.210643648516722 22.54907605523953
1030.8333333333333 25.212954641328448 22.54987800936306
1031.3333333333333 25.215211524436384 22.550679261540957
1031.8333333333333 25.217501202093775 22.551486439044673
1032.3333333333333 25.21980139599333 22.552287460382736
1032.8333333333333 25.222091022600985 22.553090183448884
1033.3333333333333 25.22437172190933 22.55389835061227
1033.8333333333333 25.226670876390585 22.55470270710365
1034.3333333333333 25.228942238627074 22.55550827826532
1034.8333333333333 25.231241813584386 22.55631350959121
1035.3333333333333 25.233543555964175 22.557121493820684
1035.8333333333333 25.23578872188979 22.557931131502833
1036.3333333333333 25.238063880840045 22.558743137596156
1036.8333333333333 25.24033099413723 22.559553920387646
1037.3333333333333 25.24261670595739 22.560358134153976
1037.8333333333333 25.244888443195425 22.561176322941566
1038.3333333333333 25.247185931733792 22.561985458959903
1038.8333333333333 25.249447138092247 22.562795548467008
1039.3333333333333 25.251727991488274 22.56361018681902
1039.8333333333333 25.253975798270258 22.56442109902721
1040.3333333333333 25.256222718373586 22.565238576960652
1040.8333333333333 25.25849661704182 22.56604916817298
1041.3333333333333 25.26075711893803 22.566862745265542
1041.8333333333333 25.26301616596351 22.567684617382024
1042.3333333333333 25.265243888010673 22.568504812461573
1042.8333333333333 25.26748857218037 22.569313600609604
1043.3333333333333 25.269743261596332 22.570132837902385
1043.8333333333333 25.271968391433823 22.570949031137594
1044.3333333333333 25.274205601760343 22.571765640476237
1044.8333333333333 25.276436828733303 22.57259070632124
1045.3333333333333 25.278683566090933 22.573402919005538
1045.8333333333333 25.280915918538078 22.574219576578393
1046.3333333333333 25.28315312155509 22.575045528078114
1046.8333333333333 25.285324288745855 22.57586275600545
1047.3333333333333 25.28756208310434 22.57668826466409
1047.8333333333333 25.289759562018407 22.57751063056631
1048.3333333333333 25.291948033733345 22.578328291912676
1048.8333333333333 25.294134915786913 22.57916147706297
1049.3333333333333 25.296351206587126 22.579983211476
1049.8333333333333 25.298507181591035 22.580801595924797
1050.3333333333333 25.30070334389667 22.581630116262513
1050.8333333333333 25.302863944271206 22.582450562844464
1051.3333333333333 25.305019185146765 22.58327305840894
1051.8333333333333 25.30719271487014 22.584099620997115
1052.3333333333333 25.309342776664 22.584924334599084
1052.8333333333333 25.3114647639782 22.58575555107295
1053.3333333333333 25.31361528152315 22.586583568494664
1053.8333333333333 25.31576787791215 22.587400535265324
1054.3333333333333 25.31786859157929 22.58823584539214
1054.8333333333333 25.319981355348652 22.589063525882533
1055.3333333333333 25.322115604307452 22.589889445915258
1055.8333333333333 25.32423284733101 22.590722498073774
1056.3333333333333 25.32633187666908 22.59154912750343
1056.8333333333333 25.328421387456896 22.592377884870555
1057.3333333333333 25.330510979349953 22.593210620850172
1057.8333333333333 25.332585608031568 22.59404350917949
1058.3333333333333 25.334685481587886 22.594874569936568
1058.8333333333333 25.336776020805818 22.59570321843983
1059.3333333333333 25.338852118357458 22.59653763210871
1059.8333333333333 25.340946800012603 22.597369396918722
1060.3333333333333 25.34300303114369 22.598209843197274
1060.8333333333333 25.345032790998165 22.599039732124506
1061.3333333333333 25.347105100338343 22.599877059891487
1061.8333333333333 25.349167732780778 22.60070676707283
1062.3333333333333 25.35120093100439 22.60154657974318
1062.8333333333333 25.353242059879197 22.602374896876572
1063.3333333333333 25.35528779524311 22.603216747234644
1063.8333333333333 25.357328716292614 22.604053072236475
1064.3333333333333 25.3593435864949 22.604897844527827
1064.8333333333333 25.361391665517562 22.60573431598539
1065.3333333333333 25.363409303941133 22.60657316068167
1065.8333333333333 25.36540386772465 22.607411562418296
1066.3333333333333 25.367425303920616 22.60825749207865
1066.8333333333333 25.3694311165333 22.60909494875286
1067.3333333333333 25.371437841985838 22.60993568090633
1067.8333333333333 25.373437175725506 22.610781829418055
1068.3333333333333 25.37541195287142 22.61162033231681
1068.8333333333333 25.377415488693504 22.612465455150975
1069.3333333333333 25.37937040620981 22.613310951263557
1069.8333333333333 25.381381369858826 22.61415742436681
1070.3333333333333 25.38332252580259 22.614993183118067
1070.8333333333333 25.385307672875456 22.615842685615547
1071.3333333333333 25.387271233012534 22.616686697657194
1071.8333333333333 25.38923126883291 22.617548246852518
1072.3333333333333 25.39116695398647 22.618390683652102
1072.8333333333333 25.393129953632517 22.619233991722364
1073.3333333333333 25.395068506844552 22.620083255467375
1073.8333333333333 25.396975829517423 22.620932124320525
1074.3333333333333 25.398955337092758 22.621783578836485
1074.8333333333333 25.400846382494343 22.622634625244423
1075.3333333333333 25.40279883418372 22.623490357704455
1075.8333333333333 25.404698857020797 22.624343902490534
1076.3333333333333 25.40662100393584 22.62519215884189
1076.8333333333333 25.40851291637029 22.626042303345322
1077.3333333333333 25.410408682399435 22.626897597781962
1077.8333333333333 25.412317023148766 22.627758975108854
1078.3333333333333 25.414214639415103 22.628611092597296
1078.8333333333333 25.416071255647715 22.629469770966022
1079.3333333333333 25.417979604505984 22.630334294040072
1079.8333333333333 25.419821292269948 22.631186765706875
1080.3333333333333 25.42169428961376 22.632040846144644
1080.8333333333333 25.423564867121122 22.632902697587227
1081.3333333333333 25.42543928562564 22.633766035722367
1081.8333333333333 25.427297040731567 22.63462529068223
1082.3333333333333 25.42911409948537 22.63548932332938
1082.8333333333333 25.430969734470736 22.63634810474523
1083.3333333333333 25.432776572943702 22.637214339066688
1083.8333333333333 25.434632892640856 22.638079209128176
1084.3333333333333 25.436479176498196 22.638942535189237
1084.8333333333333 25.43828678717224 22.639801942186907
1085.3333333333333 25.4400970959419 22.64066953518228
1085.8333333333333 25.441907111017205 22.641544652887582
1086.3333333333333 25.44369813155109 22.642407594582213
1086.8333333333333 25.44551184461442 22.64327173550207
1087.3333333333333 25.447269780975304 22.644144939891486
1087.8333333333333 25.44909829123845 22.64501895155544
1088.3333333333333 25.450857773436134 22.645884052815543
1088.8333333333333 25.452665395027296 22.64675424985674
1089.3333333333333 25.454406804115045 22.6476293687669
1089.8333333333333 25.45617456656032 22.648498092908127
1090.3333333333333 25.457952497725746 22.649380577237114
1090.8333333333333 25.459698186147463 22.650249649431878
1091.3333333333333 25.46142983495693 22.65112738311633
1091.8333333333333 25.463177288955986 22.652003762377273
1092.3333333333333 25.464913480969237 22.652875081503097
1092.8333333333333 25.46667272008992 22.653764005257106
1093.3333333333333 25.468381804438142 22.654637451983053
1093.8333333333333 25.470101124256477 22.655519762616333
1094.3333333333333 25.47182477558724 22.656394771685015
1094.8333333333333 25.473517887433765 22.657279152847888
1095.3333333333333 25.475236553127992 22.65816886778054
1095.8333333333333 25.476909177465032 22.65905010045099
1096.3333333333333 25.478596153408187 22.65992325912729
1096.8333333333333 25.480303052349473 22.66081067842778
1097.3333333333333 25.481983197877682 22.661696625645167
1097.8333333333333 25.483638742987612 22.6625823014823
1098.3333333333333 25.485291970116073 22.663469406251924
1098.8333333333333 25.486931107936456 22.66435270854853
1099.3333333333333 25.48859509986704 22.66523756375357
1099.8333333333333 25.490231884123414 22.666129572339905
1100.3333333333333 25.491902596631814 22.66701512409825
1100.8333333333333 25.49352153083277 22.667904738355066
1101.3333333333333 25.495167127496302 22.66879758608949
1101.8333333333333 25.496753043591287 22.669686353293734
1102.3333333333333 25.498361985069696 22.67057479908159
1102.8333333333333 25.49997554801841 22.671470481540688
1103.3333333333333 25.50155825926531 22.672366714214892
1103.8333333333333 25.503150433836893 22.673259258994207
1104.3333333333333 25.50474370558912 22.67415509876477
1104.8333333333333 25.506336010574202 22.675052328751804
1105.3333333333333 25.507874444773094 22.67594514097542
