FastTrWP/PhaseSpace/IAs/snIa_0.6_30_0.0_-0.1.csv
# %ECSV 0.9
# ---
# datatype:
# - {name: time-rel, datatype: float64}
# - {name: g, datatype: float64}
# - {name: i, datatype: float64}
# schema: astropy-2.0
time-rel g i
[from data line 829]
390.9583333333333 -26.276078008851037 -27.14078883239605
391.45833333333326 -26.27883815761443 -27.142971135444792
391.9583333333333 -26.2815877542802 -27.145145171846004
392.4583333333333 -26.2843230616365 -27.147318081965402
392.95833333333326 -26.28705543204315 -27.149481254204254
393.4583333333333 -26.289789523356365 -27.15164814467274
393.9583333333333 -26.29251308078637 -27.15380816310445
394.45833333333326 -26.295227044616745 -27.15595968152565
394.9583333333333 -26.297925750380475 -27.158109365099023
395.4583333333333 -26.300613795672678 -27.16025256558126
395.95833333333326 -26.303321118825664 -27.162394128820267
396.4583333333333 -26.305996252067278 -27.164527932556652
396.9583333333333 -26.30866383009192 -27.166661102959214
397.45833333333326 -26.311325346484185 -27.168786642206154
397.9583333333333 -26.313987591814467 -27.170907116109014
398.4583333333333 -26.316634980298442 -27.1730251916081
398.95833333333326 -26.31927937045321 -27.175141293699397
399.4583333333333 -26.321888140393117 -27.177247818487892
399.9583333333333 -26.32451364537448 -27.179350607528367
400.45833333333326 -26.327118110256773 -27.181444706725756
400.9583333333333 -26.32973021027311 -27.183538338055907
401.4583333333333 -26.332322473691484 -27.18562466330329
401.95833333333326 -26.33488450144948 -27.1877118201228
402.4583333333333 -26.337467758813695 -27.18978267767744
402.9583333333333 -26.340024276561415 -27.191858933495524
403.45833333333326 -26.342567500509553 -27.193921144271734
403.9583333333333 -26.345116799392425 -27.195991474434837
404.4583333333333 -26.347636752435818 -27.19803859586634
404.95833333333326 -26.350154392207333 -27.20009349694913
405.4583333333333 -26.35266305630306 -27.202135086201555
405.9583333333333 -26.355178328800434 -27.204167863059972
406.45833333333326 -26.357661501716 -27.206204676863656
406.9583333333333 -26.360139996942454 -27.20822738820582
407.4583333333333 -26.36259442868696 -27.21024769655475
407.95833333333326 -26.36505932481549 -27.212277800156087
408.4583333333333 -26.36748913927653 -27.214280643585663
408.9583333333333 -26.369936398371795 -27.216284322402622
409.45833333333326 -26.37235523888561 -27.218284347338884
409.9583333333333 -26.374757161581428 -27.22028147351951
410.4583333333333 -26.377143732176677 -27.22226322895853
410.95833333333326 -26.379535583965556 -27.224241115388637
411.4583333333333 -26.381915272531423 -27.22622441845338
411.9583333333333 -26.384280980403464 -27.22819094566247
412.45833333333326 -26.38662001871282 -27.230145632152922
412.9583333333333 -26.38894868438627 -27.232106296395123
413.4583333333333 -26.39128737097785 -27.23406449940008
413.95833333333326 -26.39358922215378 -27.236005223867874
414.4583333333333 -26.395887088596396 -27.237940461654308
414.9583333333333 -26.398177602804726 -27.23986926022194
415.45833333333326 -26.40045263694804 -27.241793204772158
415.9583333333333 -26.402714207965413 -27.24371651441507
416.4583333333333 -26.404960695437264 -27.24561969882079
416.95833333333326 -26.407196616249408 -27.24753292988875
417.4583333333333 -26.409415194311464 -27.249427249056666
417.9583333333333 -26.4116312973878 -27.251325929154376
418.45833333333326 -26.413817900443973 -27.253208864924304
418.9583333333333 -26.416001547373988 -27.255094150019758
419.4583333333333 -26.41817341676046 -27.2569585299709
419.95833333333326 -26.420322528040444 -27.258828080362186
420.4583333333333 -26.422467163963933 -27.26068648069152
420.9583333333333 -26.42460363235196 -27.26254146892296
421.45833333333326 -26.426707136916807 -27.264378548547814
421.9583333333333 -26.428814194253945 -27.266224341507485
422.4583333333333 -26.430901227666208 -27.268056952328145
422.95833333333326 -26.43296811820481 -27.26987988251158
423.4583333333333 -26.43501762947909 -27.271696513110268
423.9583333333333 -26.43707127930814 -27.27351276475511
424.45833333333326 -26.43909900724685 -27.27530874478647
424.9583333333333 -26.44110399074289 -27.27710411066919
425.4583333333333 -26.443108405572417 -27.278892583284605
425.95833333333326 -26.445086962805448 -27.28067453933277
426.4583333333333 -26.447059894083978 -27.282454675390625
426.9583333333333 -26.449007610298224 -27.284221544471578
427.45833333333326 -26.45095074736773 -27.285982016848436
427.9583333333333 -26.452871684353426 -27.2877453795353
428.4583333333333 -26.45479392599774 -27.28948186170752
428.95833333333326 -26.456691156361597 -27.291232600936937
429.4583333333333 -26.458594954133186 -27.29297544003571
429.9583333333333 -26.460476096315595 -27.29469331483733
430.45833333333326 -26.462348154742962 -27.29642140400032
430.9583333333333 -26.464214930705804 -27.298145527270137
431.4583333333333 -26.466068971894018 -27.299862025525975
431.95833333333326 -26.467915709490825 -27.30156968689938
432.4583333333333 -26.46976090932494 -27.303282409725547
432.9583333333333 -26.471576056198572 -27.304984785371996
433.45833333333326 -26.473386583781444 -27.306678311048465
433.9583333333333 -26.475198296905255 -27.308362834086083
434.4583333333333 -26.476989093446882 -27.31005067455007
434.95833333333326 -26.478773271669812 -27.311729638109668
435.4583333333333 -26.480546249977674 -27.313403909436484
435.9583333333333 -26.482305421907824 -27.315072102120283
436.45833333333326 -26.48407513880184 -27.316731937403638
436.9583333333333 -26.485814665070126 -27.31839820377281
437.4583333333333 -26.487556617908616 -27.320044708627282
437.95833333333326 -26.489265431443243 -27.321699060227026
438.4583333333333 -26.491000460630964 -27.323338151289498
438.9583333333333 -26.492701504446366 -27.32497745518311
439.45833333333326 -26.494394615283756 -27.326605298351545
439.9583333333333 -26.49607860395815 -27.32823431258156
440.4583333333333 -26.497742009028336 -27.329856755814113
440.95833333333326 -26.499420532870992 -27.331474622822093
441.4583333333333 -26.50107239971867 -27.333082398898615
441.9583333333333 -26.50272764662278 -27.334703120780517
442.45833333333326 -26.50436378029353 -27.336297516220547
442.9583333333333 -26.505998179345752 -27.33789157298379
443.4583333333333 -26.507606531054726 -27.339480918705288
443.95833333333326 -26.509219337906572 -27.34106273530081
444.4583333333333 -26.510822796937635 -27.342654357118725
444.9583333333333 -26.512391484110335 -27.344221917006408
445.45833333333326 -26.513974032566118 -27.345795717627787
445.9583333333333 -26.515555719515508 -27.347373523711912
446.4583333333333 -26.51709916698771 -27.34892340738789
446.95833333333326 -26.518661420449764 -27.350493766888512
447.4583333333333 -26.520202554147893 -27.352035167169376
447.9583333333333 -26.521732242008724 -27.353580345857846
448.45833333333326 -26.52325246525272 -27.355120627071
448.9583333333333 -26.5247558535831 -27.356665117552723
449.4583333333333 -26.52626087216236 -27.35818633911601
449.95833333333326 -26.5277383906302 -27.359721075763048
450.4583333333333 -26.529241849285363 -27.361238013831034
450.9583333333333 -26.53070550342259 -27.362759956626963
451.45833333333326 -26.532174599393773 -27.364267428821965
451.9583333333333 -26.533622185856267 -27.365781930427254
452.4583333333333 -26.53507239776605 -27.36728264817904
452.95833333333326 -26.53649341027515 -27.36878076188011
453.4583333333333 -26.53792422224504 -27.370266564954598
453.9583333333333 -26.53934627756894 -27.371758162595057
454.45833333333326 -26.54075735991337 -27.373244570473695
454.9583333333333 -26.542144433766953 -27.3747169592658
455.4583333333333 -26.543527045898202 -27.376192830390814
455.95833333333326 -26.544907073673247 -27.377663576205013
456.4583333333333 -26.54627127253626 -27.379121183750673
456.9583333333333 -26.547631357056787 -27.38058896259021
457.45833333333326 -26.5489826300394 -27.382033533686972
457.9583333333333 -26.55032298924382 -27.383482568800048
458.4583333333333 -26.55165055817025 -27.384924813579854
458.95833333333326 -26.552965238667575 -27.38636977227751
459.4583333333333 -26.554279535950386 -27.387786247027485
459.9583333333333 -26.55558399655673 -27.38922872850338
460.45833333333326 -26.556873740542844 -27.39065430652994
460.9583333333333 -26.55814599034255 -27.392072891235962
461.4583333333333 -26.559437177575553 -27.393479738821757
461.95833333333326 -26.56068988300924 -27.394906328920925
462.4583333333333 -26.56194204115568 -27.39630716190316
462.9583333333333 -26.56319114036686 -27.39769929226386
463.45833333333326 -26.56442005830649 -27.39910513302029
463.9583333333333 -26.565649942471076 -27.400494959970224
464.4583333333333 -26.566871993891613 -27.40187630068767
464.95833333333326 -26.568068021247576 -27.403260176161773
465.4583333333333 -26.569264323813144 -27.404635854202496
465.9583333333333 -26.570454276241588 -27.406007792658006
466.45833333333326 -26.571640627521212 -27.407381272006212
466.9583333333333 -26.57280400022664 -27.40874041150449
467.4583333333333 -26.573963384667763 -27.410098553711748
467.95833333333326 -26.57512596381659 -27.411456678788284
468.4583333333333 -26.57626641985596 -27.412800694205515
468.9583333333333 -26.57741421523701 -27.41415639855164
469.45833333333326 -26.578544648031407 -27.415495800561533
469.9583333333333 -26.579659543279853 -27.4168341427611
470.4583333333333 -26.58078263603757 -27.418169308757342
470.95833333333326 -26.58188693040012 -27.419499117122808
471.4583333333333 -26.582986500977974 -27.42083092504182
471.9583333333333 -26.58408469635477 -27.42214927133665
472.45833333333326 -26.585156699516872 -27.42346763350762
472.9583333333333 -26.5862345520761 -27.424790081807817
473.4583333333333 -26.587306091502892 -27.426095571849395
473.95833333333326 -26.588364080822142 -27.427398220730787
474.4583333333333 -26.589430293028826 -27.428705302692276
474.9583333333333 -26.590452761293225 -27.43000232542501
475.45833333333326 -26.59150163150319 -27.431294416914476
475.9583333333333 -26.592523688742567 -27.432585140895547
476.4583333333333 -26.59355092730867 -27.43387201001944
476.95833333333326 -26.594561089679583 -27.435154260364
477.4583333333333 -26.595559629348312 -27.436425501543052
477.9583333333333 -26.59655851471639 -27.43770359257158
478.45833333333326 -26.59753847474153 -27.43897121035138
478.9583333333333 -26.598526479608253 -27.440234885523704
479.4583333333333 -26.59949280768513 -27.441501580950025
479.95833333333326 -26.600453083686645 -27.442754119996756
480.4583333333333 -26.601408694562977 -27.444003562892348
480.9583333333333 -26.60235867294673 -27.44524568355111
481.45833333333326 -26.60330001861737 -27.44649545312115
481.9583333333333 -26.60423496034401 -27.447739246969892
482.4583333333333 -26.60514949657275 -27.44898071800327
482.95833333333326 -26.60606454905296 -27.450205805055113
483.4583333333333 -26.60697386108179 -27.45143261509846
483.9583333333333 -26.607865601052517 -27.452657651653112
484.45833333333326 -26.60875813945918 -27.453881135642206
484.9583333333333 -26.609637934643764 -27.45509726037199
485.4583333333333 -26.610511578451387 -27.45630262071248
485.95833333333326 -26.611371378140053 -27.457508001074075
486.4583333333333 -26.612222326965295 -27.45871626992988
486.9583333333333 -26.613075108811035 -27.459913972846003
487.45833333333326 -26.613924101788008 -27.46110214042872
487.9583333333333 -26.61474006352894 -27.462295097108406
488.4583333333333 -26.61555986901655 -27.463478214024097
488.9583333333333 -26.61637267002987 -27.46466410507272
489.4583333333333 -26.617185640197796 -27.465844626973222
489.9583333333333 -26.61798660897846 -27.467013607477924
490.4583333333333 -26.618766808905118 -27.468186831423434
490.9583333333333 -26.61954034569762 -27.469352269969324
491.4583333333333 -26.62031898422407 -27.470509179719656
491.9583333333333 -26.621085044919056 -27.4716733573297
492.4583333333333 -26.62183722681602 -27.47281847819322
492.9583333333333 -26.62257523648632 -27.473972790340618
493.4583333333333 -26.623309765187017 -27.475117735661353
493.9583333333333 -26.62404317398293 -27.476257754556723
494.4583333333333 -26.624757109573125 -27.477394866406645
494.9583333333333 -26.625466991152074 -27.478522436926305
495.4583333333333 -26.62617941768893 -27.47965801520662
495.9583333333333 -26.62686421907123 -27.48077925600441
496.4583333333333 -26.627565441338223 -27.48189734215362
496.9583333333333 -26.62822626769938 -27.483009661151133
497.4583333333333 -26.628895973614675 -27.484118998526817
497.9583333333333 -26.62955407630924 -27.48522937260928
498.4583333333333 -26.630209007140483 -27.486334712838882
498.9583333333333 -26.630841641439208 -27.48743138086629
499.4583333333333 -26.631473747810567 -27.488526032339816
499.9583333333333 -26.63209931655352 -27.489617028827293
500.4583333333333 -26.632709303497407 -27.490703408826892
500.9583333333333 -26.63331284978922 -27.491787151679127
501.4583333333333 -26.63392169072448 -27.4928621500864
501.9583333333333 -26.634493764499943 -27.493936730022448
502.4583333333333 -26.635081224087543 -27.49500295506175
502.9583333333333 -26.63565568112841 -27.496069316157662
503.4583333333333 -26.63620900819577 -27.497132702154303
503.9583333333333 -26.636765150121548 -27.49818552539572
504.4583333333333 -26.6373006063353 -27.49924427600705
504.9583333333333 -26.63783846236326 -27.500291322231483
505.4583333333333 -26.63836207318486 -27.50133427632447
505.9583333333333 -26.638868567754052 -27.50237402568645
506.4583333333333 -26.639367342878582 -27.5034164975931
506.9583333333333 -26.639872318738522 -27.504449500496563
507.4583333333333 -26.64034288719293 -27.505475547647254
507.9583333333333 -26.640831634441334 -27.506505840779518
508.4583333333333 -26.641302379164312 -27.507526356711523
508.9583333333333 -26.6417619137534 -27.508545135111426
509.4583333333333 -26.6422082734119 -27.509559990685556
509.9583333333333 -26.642656552096287 -27.510574323268628
510.4583333333333 -26.64309184430728 -27.51157893650289
510.9583333333333 -26.643515431720935 -27.512578503561187
511.4583333333333 -26.643934017208892 -27.513570526140086
511.9583333333333 -26.644339031601344 -27.514573934209757
512.4583333333334 -26.64473524330912 -27.51556222619298
512.9583333333334 -26.645121041420346 -27.516550243359134
513.4583333333334 -26.645499353891395 -27.517537081590405
513.9583333333334 -26.645874514824754 -27.518515267219907
514.4583333333334 -26.646234408511475 -27.519491077536927
514.9583333333334 -26.64660879729474 -27.520468408256598
515.4583333333334 -26.646935159002787 -27.52143864433838
515.9583333333334 -26.647278128277478 -27.522394572262208
516.4583333333334 -26.647606746706323 -27.52336424511858
516.9583333333334 -26.647937601001132 -27.52432434586172
517.4583333333334 -26.64824867159726 -27.52527599648101
517.9583333333334 -26.648565222021602 -27.526227351882877
518.4583333333334 -26.648858941489838 -27.527173542101373
518.9583333333334 -26.649147961452513 -27.528127452764192
519.4583333333334 -26.649442985419228 -27.52905788606987
519.9583333333334 -26.649720955691564 -27.529989972448263
520.4583333333334 -26.649980066617992 -27.530930371605052
520.9583333333334 -26.650237900017594 -27.531863388069166
521.4583333333334 -26.650501205324886 -27.53278652342629
521.9583333333334 -26.65075071822903 -27.53370672938713
522.4583333333334 -26.65098072850919 -27.534625693214224
522.9583333333334 -26.651212939952096 -27.53554143666387
523.4583333333334 -26.65144468524485 -27.536454109692066
523.9583333333334 -26.651653470080724 -27.53736350163072
524.4583333333334 -26.651867925522748 -27.538261599133193
524.9583333333334 -26.652077808418376 -27.539167423797227
525.4583333333334 -26.652272390186905 -27.5400654166232
525.9583333333334 -26.65245889463367 -27.540963588583086
526.4583333333334 -26.65263728449823 -27.541850293219618
526.9583333333334 -26.652803245422525 -27.542743753704286
527.4583333333334 -26.652984216848424 -27.543626658956924
527.9583333333334 -26.65315566118381 -27.544514479336073
528.4583333333334 -26.653303083260532 -27.54538571161714
528.9583333333334 -26.65344762957174 -27.54625944620488
529.4583333333334 -26.653588105353712 -27.547126007870077
