FastTrWP/PhaseSpace/IAs/snIa_0.39_30.00_-0.76_-0.15.csv
# %ECSV 0.9
# ---
# datatype:
# - {name: time-rel, datatype: float64}
# - {name: g, datatype: float64}
# - {name: i, datatype: float64}
# schema: astropy-2.0
time-rel g i
[from data line 577]
496.9166666666667 22.99555516173228 22.98169412751943
497.4166666666667 22.993798704826915 22.979883675026365
497.9166666666667 22.99206002366928 22.97808532358704
498.4166666666667 22.99032618444205 22.97629667798474
498.9166666666667 22.98859146962457 22.97450629318494
499.4166666666667 22.986884836063194 22.972725358115827
499.9166666666667 22.985174459936935 22.970940262695652
500.4166666666667 22.9834859206766 22.969185136373902
500.9166666666667 22.98178914404888 22.967424375229342
501.4166666666667 22.980116070808833 22.965670586118794
501.9166666666667 22.978450576797293 22.963918711137843
502.4166666666667 22.97679984680086 22.962168353129023
502.9166666666667 22.975161178286307 22.96044278273317
503.4166666666667 22.973525435414142 22.95870333091323
503.9166666666667 22.971902135868007 22.9569723967183
504.4166666666667 22.97027859416923 22.95525908514918
504.9166666666667 22.968687636807307 22.95354315359124
505.4166666666667 22.96709146241708 22.951836324538828
505.9166666666667 22.965511927749738 22.95013837916843
506.4166666666667 22.963948231918593 22.94844701764132
506.9166666666667 22.962382295352906 22.946766807856545
507.4166666666667 22.96083004328052 22.94507954115859
507.9166666666667 22.959291546040635 22.943406454979545
508.4166666666667 22.95776459122807 22.941733810970565
508.9166666666667 22.956237954695236 22.940065194842603
509.4166666666667 22.954726316584967 22.938404982456543
509.9166666666667 22.953237119925355 22.93675789530459
510.4166666666667 22.951747363662072 22.93510928628328
510.9166666666667 22.950263754875145 22.933468288248157
511.4166666666667 22.948799956421837 22.931846420827213
511.9166666666667 22.94734756495792 22.9302155442627
512.4166666666666 22.945893375537892 22.928596000535144
512.9166666666666 22.944456241990025 22.926980459768483
513.4166666666666 22.943028471762112 22.925362237721725
513.9166666666666 22.941612698920913 22.92376699559974
514.4166666666666 22.940200252242107 22.922177511765934
514.9166666666666 22.93880607431536 22.920592253932718
515.4166666666666 22.93742446472529 22.918994146864037
515.9166666666666 22.936052159489194 22.91741599367105
516.4166666666666 22.934681235605524 22.915844517205866
516.9166666666666 22.9333380418406 22.914273728098586
517.4166666666666 22.931980309432973 22.91272515115317
517.9166666666666 22.93066151270572 22.9111695683929
518.4166666666666 22.929330556983388 22.909619916146507
518.9166666666666 22.928029864000145 22.90808364376305
519.4166666666666 22.926727100823392 22.906540317267762
519.9166666666666 22.925426255311447 22.905019028185546
520.4166666666666 22.92415265849575 22.903498770978747
520.9166666666666 22.922876911782303 22.901982427085628
521.4166666666666 22.92162431394196 22.900472467962295
521.9166666666666 22.920371332859343 22.898963736045317
522.4166666666666 22.91913250516754 22.89746934519151
522.9166666666666 22.917900818188357 22.89596465327182
523.4166666666666 22.916682324137017 22.894483291070777
523.9166666666666 22.915487829351534 22.893005761265954
524.4166666666666 22.91428071362273 22.891529660248654
524.9166666666666 22.91308380185424 22.89005846233406
525.4166666666666 22.91192305752952 22.888594778789226
525.9166666666666 22.910755920046185 22.887135745888678
526.4166666666666 22.90960343648711 22.885684409897287
526.9166666666666 22.908466886208252 22.884241946552365
527.4166666666666 22.907317355625636 22.882807981457304
527.9166666666666 22.906193023608928 22.881364046837945
528.4166666666666 22.905088569792113 22.879940631369735
528.9166666666666 22.903979850806596 22.87852544792671
529.4166666666666 22.902896755637787 22.877102214748856
529.9166666666666 22.901810543495763 22.875698183679173
530.4166666666666 22.900739625812886 22.87429544575645
530.9166666666666 22.8996729415126 22.8728886713562
531.4166666666666 22.898619067378846 22.871495231575437
531.9166666666666 22.8975802910374 22.8701009913974
532.4166666666666 22.89654622024308 22.868730710195567
532.9166666666666 22.8955226369952 22.86734565347441
533.4166666666666 22.89450637691772 22.865971233224236
533.9166666666666 22.893504660930258 22.86460875260436
534.4166666666666 22.892510382021083 22.86325434922667
534.9166666666666 22.89153144552159 22.861889099799214
535.4166666666666 22.890548983329197 22.860546498506448
535.9166666666666 22.889581074163324 22.85920031027195
536.4166666666666 22.88862741741132 22.857863137527254
536.9166666666666 22.88768368465238 22.856524613588487
537.4166666666666 22.88673802822383 22.855194597285674
537.9166666666666 22.88580547527353 22.85387687040789
538.4166666666666 22.88488613891849 22.852551144295884
538.9166666666666 22.883975772969496 22.851236137779246
539.4166666666666 22.88307421521455 22.84992889698923
539.9166666666666 22.882178421211616 22.848637336951583
540.4166666666666 22.881297173898464 22.847328492390048
540.9166666666666 22.880421701440614 22.84603101989672
541.4166666666666 22.87954992420302 22.844750414061853
541.9166666666666 22.87869194722977 22.843468709007727
542.4166666666666 22.877840881314416 22.842183276687855
542.9166666666666 22.876997286625873 22.84091364195396
543.4166666666666 22.87616607669737 22.839643455956736
543.9166666666666 22.87534680257314 22.83837539301998
544.4166666666666 22.874531523780274 22.837122433517322
544.9166666666666 22.873707240654994 22.835868349256092
545.4166666666666 22.872919666238225 22.83461225028365
545.9166666666666 22.87211706746399 22.83337117629508
546.4166666666666 22.871340758345692 22.832143126906228
546.9166666666666 22.87056470563143 22.83089438974013
547.4166666666666 22.86979549172888 22.829681405046
547.9166666666666 22.86903631901894 22.82843965893321
548.4166666666666 22.86828127245726 22.8272187832954
548.9166666666666 22.867543027307153 22.826013951640263
549.4166666666666 22.866807069443517 22.82479233670965
549.9166666666666 22.86606715484011 22.82359099904639
550.4166666666666 22.86535527429222 22.822381499817176
550.9166666666666 22.864641844163348 22.82119149341577
551.4166666666666 22.863934022934735 22.819998929900084
551.9166666666666 22.863237496794614 22.818809764046357
552.4166666666666 22.86254244300805 22.817623075397385
552.9166666666666 22.861866974389685 22.816449488138954
553.4166666666666 22.86119158582754 22.815270429611036
553.9166666666666 22.8605197210762 22.814102359232187
554.4166666666666 22.859864424569516 22.812928755328656
554.9166666666666 22.85920607521041 22.811770015227225
555.4166666666666 22.858563211621945 22.81061616658374
555.9166666666666 22.85792401605608 22.809456651532287
556.4166666666666 22.85728897357948 22.808307118242407
556.9166666666666 22.856661985194894 22.807168612158364
557.4166666666666 22.85604652651575 22.80602640283575
557.9166666666666 22.85544044844059 22.804894491946555
558.4166666666666 22.854833349129564 22.803751537882736
558.9166666666666 22.854233370407986 22.802632983997544
559.4166666666666 22.853645231832736 22.801506888418935
559.9166666666666 22.85306046714407 22.800388095236794
560.4166666666666 22.852476646844195 22.79927193771423
560.9166666666666 22.851918594322562 22.798167457932305
561.4166666666666 22.85136574680333 22.797060098121776
561.9166666666666 22.85081634028538 22.79595471710287
562.4166666666666 22.850286105495435 22.7948708323903
562.9166666666666 22.849751641992626 22.793771967190878
563.4166666666666 22.849232762315594 22.792696300131233
563.9166666666666 22.848723094528776 22.791606902187684
564.4166666666666 22.848229266695874 22.790534698344935
564.9166666666666 22.84773487033555 22.78946379967278
565.4166666666666 22.847240026507517 22.78839251803005
565.9166666666666 22.84678025319344 22.787332453793407
566.4166666666666 22.846308545378456 22.786279930209467
566.9166666666666 22.845857908744108 22.785220068335967
567.4166666666666 22.845400123496482 22.78417663597938
567.9166666666666 22.844955023019885 22.78313239274004
568.4166666666666 22.844521788749223 22.782080990206417
568.9166666666666 22.84409856794113 22.781057777819665
569.4166666666666 22.843676491482658 22.780027903550184
569.9166666666666 22.84327353212749 22.778996086058978
570.4166666666666 22.842856473633645 22.777975917313622
570.9166666666666 22.84247079922187 22.776958892768423
571.4166666666666 22.842080391361144 22.77593940316034
571.9166666666666 22.841707092795577 22.774932769140037
572.4166666666666 22.84132837172327 22.77392550941986
572.9166666666666 22.840964613453473 22.772917844994684
573.4166666666666 22.8406069115217 22.77192120824415
573.9166666666666 22.840249426365872 22.77092679185006
574.4166666666666 22.839899033377506 22.769935010771704
574.9166666666666 22.839563685800144 22.768944558420333
575.4166666666666 22.83922870201788 22.76797236885813
575.9166666666666 22.838897444933856 22.766984879697976
576.4166666666666 22.838582096957566 22.766008301870855
576.9166666666666 22.838270271108804 22.765033104057302
577.4166666666666 22.837961886654075 22.764066685127915
577.9166666666666 22.837653959583225 22.763109254355093
578.4166666666666 22.83735361310971 22.762135541599143
578.9166666666666 22.837070226649516 22.761184303815792
579.4166666666666 22.836778169348797 22.760232221821234
579.9166666666666 22.836499528210823 22.759282534632284
580.4166666666666 22.836234422887223 22.758336002307963
580.9166666666666 22.83595729645294 22.757393671579248
581.4166666666666 22.835691153387305 22.756444405886516
581.9166666666666 22.835438004210747 22.75550738677568
582.4166666666666 22.835179558633243 22.754575142520927
582.9166666666666 22.834932780391853 22.753645336640368
583.4166666666666 22.83468371208462 22.752711332456414
583.9166666666666 22.83445948379309 22.751791510700492
584.4166666666666 22.834222911615306 22.75086062514933
584.9166666666666 22.83399006242144 22.74994236608324
585.4166666666666 22.83375825636975 22.749027713639233
585.9166666666666 22.83353610722203 22.74811760706818
586.4166666666666 22.833316872260983 22.747208091986483
586.9166666666666 22.833111664236778 22.74629410427151
587.4166666666666 22.83289402886168 22.745399641912293
587.9166666666666 22.832690321737882 22.744487102354665
588.4166666666666 22.83248709722296 22.743594110617526
588.9166666666666 22.832290949161123 22.742697495363622
589.4166666666666 22.83210012254211 22.74180123834205
589.9166666666666 22.83191152475013 22.740917662669556
590.4166666666666 22.831721025110618 22.740028931530606
590.9166666666666 22.831541960721218 22.73914279012256
591.4166666666666 22.831351762796448 22.738256410057968
591.9166666666666 22.831177769984876 22.737368315359284
592.4166666666666 22.831000141282743 22.73650145628993
592.9166666666666 22.830832284896925 22.735620765319894
593.4166666666666 22.830669051596864 22.734744257102633
593.9166666666666 22.830493265287927 22.733869242367568
594.4166666666666 22.83033632397523 22.733012046408284
594.9166666666666 22.830174869824077 22.732144911644102
595.4166666666666 22.830025040826083 22.73127589402733
595.9166666666666 22.82987144035744 22.730410785103437
596.4166666666666 22.829735276758992 22.72955741629214
596.9166666666666 22.829592180496515 22.728703539131907
597.4166666666666 22.829460860909006 22.727861187638958
597.9166666666666 22.829330177392563 22.727003705483867
598.4166666666666 22.82920979247393 22.726163361911826
598.9166666666666 22.829085102154664 22.72531762495438
599.4166666666666 22.828980629674454 22.7244748663517
599.9166666666666 22.82886004911547 22.723638137436435
600.4166666666666 22.82875988257201 22.7228008101873
600.9166666666666 22.828656892914093 22.72197342129525
601.4166666666666 22.82856306777849 22.721141865940258
601.9166666666666 22.828474167037687 22.720313274197423
602.4166666666666 22.82838094565815 22.719491447438568
602.9166666666666 22.82829413425641 22.71867127210406
603.4166666666666 22.828221299851688 22.717856124775828
603.9166666666666 22.82814439620001 22.717034606402983
604.4166666666666 22.82808038357873 22.716224499008103
604.9166666666666 22.82801844597301 22.715415435230998
605.4166666666666 22.82795149082725 22.71461477280318
605.9166666666666 22.827908885934598 22.713806750405183
606.4166666666666 22.827866341604732 22.713009581400723
606.9166666666666 22.82781277818591 22.712209481172305
607.4166666666666 22.82777653405542 22.71141316562747
607.9166666666666 22.827744618947836 22.710622144990744
608.4166666666666 22.82771944844329 22.709833535968276
608.9166666666666 22.82769328830382 22.709049012414546
609.4166666666666 22.82767962188982 22.70827287209427
609.9166666666666 22.827661881267225 22.707493385521254
610.4166666666666 22.827656861861524 22.706712183950792
610.9166666666666 22.82765181094365 22.705942858642768
611.4166666666666 22.827646907430584 22.70516187190717
611.9166666666666 22.827655826512 22.704401250065068
612.4166666666666 22.82768097184858 22.703632063894634
612.9166666666666 22.82769782731551 22.702876320206386
613.4166666666666 22.827717512957015 22.70212067587294
613.9166666666666 22.827742462118273 22.70135685261216
614.4166666666666 22.827772159736842 22.700612021377484
614.9166666666666 22.82781964564336 22.6998603073312
615.4166666666666 22.827855892203477 22.699109423830876
615.9166666666666 22.827909946392076 22.69836528804848
616.4166666666666 22.827964479112808 22.697633916280793
616.9166666666666 22.828019518899563 22.69689948012942
617.4166666666666 22.828076171145675 22.696160070935814
617.9166666666666 22.82815198200899 22.69543347214412
618.4166666666666 22.828231449214762 22.694699616736425
618.9166666666666 22.828301094531692 22.693982465457246
619.4166666666666 22.828393615781856 22.69326247803376
619.9166666666666 22.82849347441453 22.692546138064106
620.4166666666666 22.828580466300185 22.691825263760393
620.9166666666666 22.828687688722034 22.691115212482913
621.4166666666666 22.828790276511597 22.690406935695208
621.9166666666666 22.828906892435338 22.689704416922062
622.4166666666666 22.829024640814165 22.6890023147159
622.9166666666666 22.829151845674485 22.688301263600298
623.4166666666666 22.829280964593607 22.687609820500985
623.9166666666666 22.829414654066746 22.686911040483476
624.4166666666666 22.82955723268894 22.686222846198444
624.9166666666666 22.829700932635074 22.685545964400198
625.4166666666666 22.82985933178557 22.684852689469565
625.9166666666666 22.830014959451184 22.684184449037947
626.4166666666666 22.83018110872163 22.683500482396312
626.9166666666666 22.830355911685984 22.682825263876406
627.4166666666666 22.83052573132169 22.68215684313106
627.9166666666666 22.83071030985702 22.681485714631457
628.4166666666666 22.830891440853193 22.68082256979787
628.9166666666666 22.831081095883093 22.680171020861053
629.4166666666666 22.83128127638826 22.679508449459313
629.9166666666666 22.83147431496301 22.67885421545991
630.4166666666666 22.83168371108365 22.678199139610715
630.9166666666666 22.83189612633827 22.677547823965725
631.4166666666666 22.832111755846146 22.676897908211874
631.9166666666666 22.832332200346986 22.676258116316465
632.4166666666666 22.832557313110485 22.675614558283023
632.9166666666666 22.83278966788691 22.67496980851737
633.4166666666666 22.833020554740102 22.674333164693948
633.9166666666666 22.83326386573959 22.673704680123436
634.4166666666666 22.83351722435406 22.67307416837451
634.9166666666666 22.83376515306564 22.672445396336876
635.4166666666666 22.83402870530829 22.6718239096557
635.9166666666666 22.834288999892287 22.671199802978105
636.4166666666666 22.834556831929888 22.670574536273037
636.9166666666666 22.83483076527493 22.66996470277832
637.4166666666666 22.835106234788686 22.66934829386717
637.9166666666666 22.83539333912275 22.668734087076597
638.4166666666666 22.83568594853586 22.668129611099598
638.9166666666666 22.83597437629522 22.66751614829556
639.4166666666666 22.83628136796004 22.666916802956347
639.9166666666666 22.83659245386501 22.666312038279735
640.4166666666666 22.836898603921423 22.665721631095003
640.9166666666666 22.837217554400443 22.66512524156425
