FastTrWP/PhaseSpace/IAs/snIa_0.39_30.00_-0.14_-0.03.csv
# %ECSV 0.9
# ---
# datatype:
# - {name: time-rel, datatype: float64}
# - {name: g, datatype: float64}
# - {name: i, datatype: float64}
# schema: astropy-2.0
time-rel g i
191.60416666666663 26.9839319498449 25.429066400103952
192.10416666666666 26.958871827900968 25.41904808408273
192.60416666666666 26.934376760224474 25.409048058050292
193.10416666666663 26.910212009582345 25.39912733928397
193.60416666666666 26.88643698632619 25.38923802642089
194.10416666666666 26.863012617664307 25.37943133715999
194.60416666666663 26.839925589317915 25.369680564376836
195.10416666666666 26.817194759402092 25.359926649280077
195.60416666666666 26.794603338265752 25.350235219097677
196.10416666666663 26.772406658407935 25.340587474762778
196.60416666666666 26.750456296518003 25.33092527810681
197.10416666666666 26.728623353276614 25.321319039867056
197.60416666666663 26.70716063122226 25.311745336817324
198.10416666666666 26.685865348282864 25.302200949480333
198.60416666666666 26.664846525163707 25.29268238268427
199.10416666666663 26.644060370792992 25.283222443618175
199.60416666666666 26.62352295579327 25.273773098596344
200.10416666666666 26.603176418738684 25.264382136545365
200.60416666666663 26.583024801275563 25.25496857894528
201.10416666666666 26.56314038334141 25.245652690393104
201.60416666666666 26.543443250364135 25.236359079459014
202.10416666666663 26.523942260870193 25.227062407823343
202.60416666666666 26.504688723124303 25.217843818702978
203.10416666666666 26.485627289690463 25.208611796445503
203.60416666666663 26.466757777397373 25.199459965799328
204.10416666666666 26.448104692287117 25.190355698453462
204.60416666666666 26.429575908384813 25.18125228233243
205.10416666666663 26.4112913829506 25.172181249460927
205.60416666666666 26.39320270678313 25.163168731958173
206.10416666666666 26.37530698246477 25.154205796507966
206.60416666666663 26.357543543308097 25.14522980843804
207.10416666666666 26.339961191987467 25.136322736619444
207.60416666666666 26.322613484570745 25.12743340314202
208.10416666666663 26.305392561185585 25.11860530893159
208.60416666666666 26.288315450149526 25.109797208105423
209.10416666666666 26.27142743629827 25.101023624747434
209.60416666666663 26.254732236438144 25.092300506132887
210.10416666666666 26.23817658085841 25.083598608222736
210.60416666666666 26.221778588130086 25.074957335924207
211.10416666666663 26.20552033213942 25.066334933093156
211.60416666666666 26.189444607727662 25.057750054531684
212.10416666666666 26.17355482882545 25.04920742583888
212.60416666666663 26.15776034648436 25.040694424164215
213.10416666666666 26.14213112354104 25.03223088231719
213.60416666666666 26.126680923639487 25.023802227923944
214.10416666666663 26.111312473718044 25.015389275080352
214.60416666666666 26.096110172442412 25.007040989983537
215.10416666666666 26.081060989791297 24.998742850912173
215.60416666666663 26.066113572118226 24.990436440200057
216.10416666666666 26.05132589420853 24.982194019772788
216.60416666666666 26.036696329419424 24.973981856739695
217.10416666666663 26.02217383820447 24.965818525179294
217.60416666666666 26.00777220181312 24.95768180011437
218.10416666666666 25.99352072929087 24.949587018425348
218.60416666666663 25.979417945271823 24.94153638990841
219.10416666666666 25.9654100434171 24.933527351006404
219.60416666666666 25.95150071704332 24.925554518684486
220.10416666666663 25.937754795972516 24.917600459175095
220.60416666666666 25.924123930744308 24.909689395310362
221.10416666666666 25.910603112163 24.90182722976612
221.60416666666663 25.897190348497805 24.893961060846173
222.10416666666666 25.88391759775643 24.88615643526989
222.60416666666666 25.870759816353043 24.87839358807412
223.10416666666663 25.857673957099895 24.870665710668327
223.60416666666666 25.844737646476492 24.862990958306376
224.10416666666666 25.831889294225267 24.855322996772603
224.60416666666663 25.81914029645104 24.847714173386404
225.10416666666666 25.806570667928156 24.840120368065
225.60416666666666 25.794063251946746 24.832587462593757
226.10416666666663 25.781599202742544 24.825091161691635
226.60416666666666 25.769291573496716 24.817624444001645
227.10416666666666 25.757112440416364 24.810184943312514
227.60416666666663 25.745008055281513 24.802771606528452
228.10416666666666 25.733021231267234 24.79540773851437
228.60416666666666 25.721086777962114 24.788069141260728
229.10416666666663 25.70923365219363 24.780758126973346
229.60416666666666 25.697425652330665 24.773438223026535
230.10416666666666 25.685731991812304 24.766183851930723
230.60416666666666 25.674076150014184 24.75891801713894
231.10416666666666 25.66250484192322 24.75169818961838
231.60416666666666 25.651029147979862 24.744506787895276
232.10416666666666 25.639586670678895 24.737326540617985
232.60416666666666 25.628242485195116 24.730168654585228
233.10416666666666 25.616956193294964 24.723027073297406
233.60416666666666 25.605712389022678 24.715939140967347
234.10416666666666 25.59461642704036 24.708842822958825
234.60416666666666 25.58351818329828 24.70177597394685
235.10416666666666 25.57252668368467 24.69477110506587
235.60416666666666 25.561540937389765 24.687763923454227
236.10416666666666 25.550686035907283 24.680783299698227
236.60416666666666 25.539881766187513 24.673816755682676
237.10416666666666 25.529108772357546 24.666887431415667
237.60416666666666 25.51843731718824 24.65998871998422
238.10416666666666 25.507857115524885 24.653084868677983
238.60416666666666 25.49726926639462 24.64623917920305
239.10416666666666 25.48677442729913 24.63941513045019
239.60416666666666 25.47634707251266 24.632595919434138
240.10416666666666 25.465990796146155 24.625796478979048
240.60416666666666 25.455713011663992 24.61903378658956
241.10416666666666 25.445448018699196 24.612327521418585
241.60416666666666 25.43526503403183 24.60561322728718
242.10416666666666 25.425132727191926 24.598924508926707
242.60416666666666 25.415094338255642 24.592263101924146
243.10416666666666 25.40508452281334 24.585633640161156
243.60416666666666 25.39513541678527 24.57901770972823
244.10416666666666 25.385272852080483 24.572439973371736
244.60416666666666 25.375434710491067 24.565895144293243
245.10416666666666 25.365663227729787 24.559341566267353
245.60416666666666 25.355921901683168 24.55286094263693
246.10416666666666 25.34630043072621 24.546361075079744
246.60416666666666 25.33667688810699 24.539927283861864
247.10416666666666 25.32717587039075 24.533486434145885
247.60416666666666 25.317674855321254 24.527079571047537
248.10416666666666 25.30824522932642 24.52068200259316
248.60416666666666 25.29884484897872 24.514332799483892
249.10416666666666 25.28949861964456 24.50801360765766
249.60416666666666 25.280225749680678 24.501703599779205
250.10416666666666 25.27101394350238 24.495422897502706
250.60416666666666 25.261861372594172 24.48916525231382
251.10416666666666 25.252720584477025 24.482942123031656
251.60416666666666 25.24368087290446 24.476716733444462
252.10416666666666 25.234647012824723 24.470529573974908
252.60416666666666 25.225678868658147 24.46438994230863
253.10416666666666 25.21677887491467 24.458264019663968
253.60416666666666 25.20791252952073 24.45216999546533
254.10416666666666 25.199119371337115 24.446088284382654
254.60416666666666 25.190346081426746 24.44001097036987
255.10416666666666 25.181637637956413 24.43399475456118
255.60416666666666 25.172954345310824 24.4279915254237
256.1041666666667 25.164355714492686 24.42200308172868
256.6041666666667 25.15579090514317 24.41605339894611
257.1041666666667 25.147276639640506 24.410111496633135
257.6041666666667 25.13879245088184 24.404201853666628
258.1041666666667 25.13035490491464 24.398322874192502
258.6041666666667 25.121986106701314 24.39246907894422
259.1041666666667 25.11366699446623 24.386624680938507
259.6041666666667 25.105352849656587 24.380825954125683
260.1041666666667 25.09711209413361 24.37504841031742
260.6041666666667 25.088931447881603 24.36925811656092
261.1041666666667 25.0807872028151 24.363525016864592
261.6041666666667 25.07266597390831 24.35780973726635
262.1041666666667 25.064600762448265 24.352115975094513
262.6041666666667 25.05656035697089 24.346432310664348
263.1041666666667 25.048560180291947 24.340762357447492
263.6041666666667 25.040592164515463 24.335119828189807
264.1041666666667 25.032675861900024 24.329501838136693
264.6041666666667 25.024753371410537 24.32389545364061
265.1041666666667 25.016903216607936 24.31829826393534
265.6041666666667 25.00908812533815 24.31271529126423
266.1041666666667 25.001287945584927 24.307149868117296
266.6041666666667 24.99355340074071 24.301619012519676
267.1041666666667 24.98583680110356 24.296102625484693
267.6041666666667 24.978156347901024 24.290577920419306
268.1041666666667 24.97050477415355 24.2850985243805
268.6041666666667 24.962882577465177 24.279610734699123
269.1041666666667 24.95531557688456 24.274176554895615
269.6041666666667 24.947746369380997 24.26873928470233
270.1041666666667 24.940237784052854 24.263311914417116
270.6041666666667 24.932755991567355 24.257912449394993
271.1041666666667 24.92531832356192 24.25252452845851
271.6041666666667 24.917878391708996 24.247165384568056
272.1041666666667 24.91050781461212 24.241797287855317
272.6041666666667 24.90314621691556 24.236483146541175
273.1041666666667 24.89583670754605 24.23118959031345
273.6041666666667 24.88853882687031 24.22587412324431
274.1041666666667 24.88126808936334 24.2206015432008
274.6041666666667 24.874037555825442 24.215329102940135
275.1041666666667 24.86682932145534 24.21009295401648
275.6041666666667 24.85967275881172 24.204859082428367
276.1041666666667 24.852540087014205 24.199635501920255
276.6041666666667 24.845434243734825 24.19444820654431
277.1041666666667 24.838355662746245 24.18927983495709
277.6041666666667 24.831314099143874 24.18412964490548
278.1041666666667 24.824285498878478 24.17898140967595
278.6041666666667 24.817291969710034 24.173846778304426
279.1041666666667 24.81033133746337 24.168754662679707
279.6041666666667 24.80340231158052 24.163654966560163
280.1041666666667 24.796511731386126 24.158573124447294
280.6041666666667 24.78963435044774 24.15352574603628
281.1041666666667 24.782783104622375 24.1484882609622
281.6041666666667 24.77596135750906 24.143475296966468
282.1041666666667 24.769179944568318 24.138451886318833
282.6041666666667 24.76241066246217 24.133473155352533
283.1041666666667 24.75566634654264 24.128505110365573
283.6041666666667 24.748982899346966 24.123545153752055
284.1041666666667 24.742281870460502 24.118594069486367
284.6041666666667 24.735629454458756 24.113675076621966
285.1041666666667 24.729002863105613 24.10877258205602
285.6041666666667 24.722406922751397 24.103883527160733
286.1041666666667 24.71583070886817 24.099008925328988
286.6041666666667 24.709280085406327 24.09415723460662
287.1041666666667 24.70275252089968 24.089318614478927
287.6041666666667 24.69625327114016 24.084487162283367
288.1041666666667 24.689795834282222 24.079688875028886
288.6041666666667 24.6833446548509 24.074882837950323
289.1041666666667 24.676921517820503 24.070121670969034
289.6041666666667 24.670516389987004 24.065375747211405
290.1041666666667 24.664155836857415 24.060630442926243
290.6041666666667 24.657791887103784 24.055911286128012
291.1041666666667 24.651476272335753 24.051200793434376
291.6041666666667 24.645209544262443 24.046489054696934
292.1041666666667 24.638918806755417 24.041842276224198
292.6041666666667 24.63266949898501 24.037167381835573
293.1041666666667 24.626454621052623 24.032525994872188
293.6041666666667 24.620253021640465 24.02791202036335
294.1041666666667 24.614091934052624 24.023277111791725
294.6041666666667 24.607919548557714 24.01868865192175
295.1041666666667 24.60179981674452 24.0141186656777
295.6041666666667 24.595695130934544 24.009555471000166
296.1041666666667 24.589607636595087 24.00501072861107
296.6041666666667 24.58355148710561 24.00044080211262
297.1041666666667 24.5775008967964 23.9959522990437
297.6041666666667 24.571493187450045 23.99143884785081
298.1041666666667 24.565506350307555 23.986937931920906
298.6041666666667 24.559538795888514 23.98244758456791
299.1041666666667 24.553578748249247 23.97798931086168
299.6041666666667 24.54764461829761 23.973538452366444
300.1041666666667 24.541728013889692 23.969096785774884
300.6041666666667 24.53584679941647 23.964671041016786
301.1041666666667 24.529998659619014 23.960265155356293
301.6041666666667 24.52412870016245 23.95586204125224
302.1041666666667 24.51829797959501 23.95148095506149
302.6041666666667 24.512504608822013 23.947109923906854
303.1041666666667 24.506709335561595 23.94274646698402
303.6041666666667 24.500936240722417 23.9384038467268
304.1041666666667 24.495190293533522 23.934071298177372
304.6041666666667 24.489465359051255 23.929743344842294
305.1041666666667 24.48375545500355 23.925430805015182
305.6041666666667 24.478061425320597 23.921124915129003
306.1041666666667 24.472384712324807 23.916842554337986
306.6041666666667 24.46672093514886 23.91258069358292
307.1041666666667 24.461111770129204 23.90831459482456
307.6041666666667 24.455472101040353 23.904059026596567
308.1041666666667 24.449861191737416 23.89982092063544
308.6041666666667 24.444282504580194 23.895592928114816
309.1041666666667 24.438703010772326 23.891376332193666
309.6041666666667 24.433171879884842 23.887172613202363
310.1041666666667 24.427642443818975 23.882988070998792
310.6041666666667 24.422119000839903 23.87881063905061
311.1041666666667 24.41663634341266 23.874628198912227
311.6041666666667 24.411147418169726 23.87046762884818
312.1041666666667 24.405675715804524 23.86632047897157
312.6041666666667 24.40023831383614 23.862173638658707
313.1041666666667 24.394805048715043 23.85805766860297
313.6041666666667 24.389408170140175 23.853928023664768
314.1041666666667 24.384001962666353 23.849830632730583
314.6041666666667 24.37863113397281 23.845723509215727
315.1041666666667 24.373252804111345 23.841640921366363
315.6041666666667 24.36789949563901 23.837572944100827
316.1041666666667 24.3625746869402 23.833506123633143
316.6041666666667 24.357251613634816 23.829457552238324
317.1041666666667 24.351937976748353 23.825399358868722
317.6041666666667 24.346655218421063 23.821357975739296
318.1041666666667 24.34137885423699 23.81733186442191
318.6041666666667 24.336117686305055 23.813306523518044
319.1041666666667 24.330879217885453 23.80930034824282
319.6041666666667 24.32565033208373 23.805299970351363
320.1041666666667 24.320423983550427 23.80131622157535
320.6041666666667 24.315245387158882 23.797320749052474
321.1041666666667 24.310031086213144 23.793366516873824
321.6041666666667 24.304882664929156 23.789405997660893
322.1041666666667 24.29970982635305 23.785444372226983
322.6041666666667 24.29456515318998 23.781503684304894
323.1041666666667 24.289438685862393 23.777566515399048
323.6041666666667 24.28432556586147 23.773642166030005
324.1041666666667 24.279220622041137 23.769717391483766
324.6041666666667 24.274147066527576 23.76580742140971
325.1041666666667 24.269066753135565 23.761893429254176
325.6041666666667 24.263999997419692 23.75801298313183
326.1041666666667 24.25893564901981 23.754125500304202
326.6041666666667 24.25391848487144 23.75024319845185
327.1041666666667 24.248893191599027 23.74637677661253
327.6041666666667 24.243896390029576 23.742533562036698
328.1041666666667 24.238901089103265 23.73868140697477
328.6041666666667 24.233895367460804 23.734827906312177
329.1041666666667 24.22893373846557 23.73099452848637
329.6041666666667 24.223986515241197 23.72717573336255
330.1041666666667 24.21902694125198 23.723362546344525
330.6041666666667 24.21411353478076 23.719554694936555
331.1041666666667 24.209201484097704 23.715764059713692
331.6041666666667 24.20432460455206 23.71198824290793
332.1041666666667 24.19942298474842 23.708207042329832
332.6041666666667 24.19455056605863 23.704433922965467
333.1041666666667 24.189694211411283 23.700673138579226
333.6041666666667 24.184853904669218 23.696934100962235
334.1041666666667 24.18002105776072 23.69318837379125
334.6041666666667 24.17520457931852 23.689448850122368
