FastTrWP/PhaseSpace/IAs/snIa_0.39_30.00_-0.14_-0.03.csv
# %ECSV 0.9
# ---
# datatype:
# - {name: time-rel, datatype: float64}
# - {name: g, datatype: float64}
# - {name: i, datatype: float64}
# schema: astropy-2.0
time-rel g i
[from data line 1417]
293.0 23.551638989965817 22.579114739666295
293.5 23.553132445092366 22.57976144776474
293.9999999999999 23.55464106458583 22.580393903339715
294.5 23.55612459409242 22.58102724363949
295.0 23.55763090827025 22.581661224130332
295.4999999999999 23.559127411310282 22.58230774917202
296.0 23.560614986832814 22.58294926051302
296.5 23.56211957731988 22.583591395316894
296.9999999999999 23.563630235733115 22.584241883261512
297.5 23.565138345300184 22.5848859422143
298.0 23.566642918079005 22.58554044055494
298.4999999999999 23.568147142922157 22.586197686674957
299.0 23.56964980495026 22.586848216128836
299.5 23.571163752573355 22.587509287595076
299.9999999999999 23.572665622327612 22.588171296220658
300.5 23.574181647908382 22.58883395384629
301.0 23.575690925583054 22.589486729679376
301.4999999999999 23.57720065911273 22.59016054319778
302.0 23.578714110360778 22.590831159988134
302.5 23.580217405941326 22.59149585925982
302.9999999999999 23.581733843468037 22.592171556393144
303.5 23.583253011621856 22.592845825002996
304.0 23.584768413433 22.593523745712506
304.4999999999999 23.58628919280154 22.59419672845464
305.0 23.587811671963436 22.594877698546867
305.5 23.589321690879434 22.595561239704864
305.9999999999999 23.590843542800698 22.59624464621816
306.5 23.592363710343065 22.59693402211395
307.0 23.593892162973727 22.5976169969338
307.4999999999999 23.595408011612108 22.598316701261908
308.0 23.596943683980815 22.599003892594997
308.5 23.59846178848382 22.599695628096267
308.9999999999999 23.59999316597799 22.60039770924933
309.5 23.60153042070756 22.601088317116904
310.0 23.603051547460478 22.60178615959159
310.4999999999999 23.604579740379464 22.602487699970332
311.0 23.606121511771967 22.60319773411162
311.5 23.60765164634362 22.60390353599825
311.9999999999999 23.609186888580098 22.60460833694622
312.5 23.61072818674851 22.605329008415197
313.0 23.612252597373153 22.606034396117245
313.4999999999999 23.613790269274034 22.606744519031334
314.0 23.61533466503309 22.60746045557096
314.5 23.616871778355147 22.608181869319065
314.9999999999999 23.618429737296644 22.60891007541527
315.5 23.619973222810216 22.60962270471715
316.0 23.62150490013073 22.61035263534051
316.4999999999999 23.623053457995894 22.61108105994338
317.0 23.624597496934953 22.61180831745254
317.5 23.626139647986477 22.61253579705873
317.9999999999999 23.627703383286573 22.6132660945153
318.5 23.629244512073445 22.614002465365587
319.0 23.63080242292227 22.61473808538948
319.4999999999999 23.632364182639208 22.615479006912867
320.0 23.63391400035761 22.61621187638611
320.5 23.635472386507526 22.61696375456409
320.9999999999999 23.637033432976033 22.61771255358372
321.5 23.638579800468836 22.6184630580406
322.0 23.640147608199772 22.619219729990935
322.4999999999999 23.64172152529686 22.619971130572218
323.0 23.64327250654496 22.620737276640078
323.5 23.64483994934032 22.62149983300113
323.9999999999999 23.64640808823157 22.622267267838446
324.5 23.6479690501365 22.623032773436556
325.0 23.649537583883603 22.623805681944567
325.4999999999999 23.651116019635708 22.624576802297565
326.0 23.652688669941426 22.625355783451447
326.5 23.65425110502262 22.626142278684114
326.9999999999999 23.65583734803211 22.626924702907367
327.5 23.657409592701324 22.62770081732562
328.0 23.65898447053314 22.628488700971317
328.4999999999999 23.660561586378424 22.6292868578261
329.0 23.6621551551912 22.630076026533025
329.5 23.66371670669086 22.63087173636145
329.9999999999999 23.66530518587431 22.6316749995253
330.5 23.666887412396008 22.632484353225983
331.0 23.66846952525533 22.63327495184395
331.4999999999999 23.6700562919996 22.634079373124756
332.0 23.67164183098304 22.634889687201994
332.5 23.673235701940776 22.635696058997546
332.9999999999999 23.67482269298435 22.636511430960972
333.5 23.67641395932302 22.637322443416306
334.0 23.677999123479715 22.63813469524554
334.4999999999999 23.679595874472316 22.638948625155567
335.0 23.681201757034806 22.63977270124467
335.5 23.6827982445234 22.640587398049
335.9999999999999 23.68439399516663 22.64141194693189
336.5 23.685979756762396 22.642231522197577
337.0 23.687577439402414 22.64306092631655
337.4999999999999 23.68918563025089 22.643886586384102
338.0 23.69078574041201 22.644711452900722
338.5 23.69238893840553 22.645543991028248
338.9999999999999 23.69399234881344 22.646373041201446
339.5 23.695597670072225 22.647205223752035
340.0 23.697193680177378 22.64804258533207
340.4999999999999 23.698809313394612 22.648878886708793
341.0 23.700420903319298 22.64970838010204
341.5 23.702032995299234 22.65055053940258
341.9999999999999 23.70363689906767 22.651385340459687
342.5 23.70524461584077 22.652222708531422
343.0 23.70684938785296 22.65306379930671
343.4999999999999 23.708471896410597 22.65389883435237
344.0 23.710090739606095 22.654741604871553
344.5 23.711708050311127 22.65558142922515
344.9999999999999 23.713322695947248 22.656426848231177
345.5 23.714930328849952 22.657261345036993
346.0 23.71654212888658 22.658112494544774
346.4999999999999 23.71817067437206 22.65894900044616
347.0 23.71979868133922 22.65979405089114
347.5 23.72141912966841 22.660638195710643
347.9999999999999 23.723033265851004 22.661485864686533
348.5 23.7246695998847 22.662325627000264
349.0 23.72629518630781 22.663174818075685
349.4999999999999 23.727895243744676 22.664020457464304
350.0 23.729529805013172 22.664865151407728
350.5 23.731157817286416 22.665707273679775
350.9999999999999 23.732797853553265 22.666545635449182
351.5 23.734418204952274 22.66739943854979
352.0 23.736049122715293 22.668242443742628
352.4999999999999 23.737674431576224 22.66907956684642
353.0 23.739314946781235 22.66992499610504
353.5 23.74095008019612 22.670762217362256
353.9999999999999 23.74259536703299 22.671618304782243
354.5 23.74421923014776 22.67245924188186
355.0 23.745857367603445 22.673308376737467
355.4999999999999 23.74749772675049 22.67415933722093
356.0 23.74914409771072 22.675021061742264
356.5 23.750766109890225 22.675874793822317
356.9999999999999 23.752412103643344 22.676731475047085
357.5 23.75405725605043 22.67758967460064
358.0 23.755691889533836 22.67844620740433
358.4999999999999 23.7573472374979 22.679306898706667
359.0 23.75899858315175 22.680166624596172
359.5 23.760635594313424 22.681033304686608
359.9999999999999 23.76227898911577 22.681896610226467
360.5 23.763938949745963 22.682757301456288
361.0 23.765583840446013 22.683631229824783
361.4999999999999 23.76723376349451 22.684494018330867
362.0 23.76888346736297 22.685365600358374
362.5 23.77054037148763 22.68623055843062
362.9999999999999 23.77219767251666 22.687100339489387
363.5 23.77384686417022 22.687975769268224
364.0 23.77551719422214 22.688850964194437
364.4999999999999 23.77716130383181 22.68972539974349
365.0 23.778815775949617 22.690597149547358
365.5 23.780485462852123 22.691480498973526
365.9999999999999 23.782152402398275 22.692350866472054
366.5 23.78380814066091 22.693234054654972
367.0 23.785469007987157 22.69411432398913
367.4999999999999 23.78713113382333 22.69498920105177
368.0 23.788807080868388 22.695866713633393
368.5 23.790467637324753 22.69674720579215
368.9999999999999 23.792140437955617 22.69763421690492
369.5 23.79381356009171 22.698519429457725
370.0 23.795472811736296 22.69940368909699
370.4999999999999 23.797156517567895 22.70028210003767
371.0 23.798835819298887 22.7011667562195
371.5 23.800498037774688 22.70205618807655
371.9999999999999 23.802174103428726 22.702932591274628
372.5 23.80385560658994 22.7038248371423
373.0 23.805538269617404 22.704704581731168
373.4999999999999 23.807202645243528 22.705593978145394
374.0 23.808886814101022 22.706480720335787
374.5 23.810574505347667 22.70736885297636
374.9999999999999 23.812254713422814 22.70826136875714
375.5 23.813941373688717 22.709146870115955
376.0 23.81562317016241 22.710030365343524
376.4999999999999 23.817313506021858 22.710914595293286
377.0 23.81899351968571 22.711807646787218
377.5 23.820678682786728 22.712694277403788
377.9999999999999 23.822372318006977 22.713584463671253
378.5 23.824058775393247 22.71446994844783
379.0 23.825738991992175 22.715361442611318
379.4999999999999 23.827445508281578 22.716252858501548
380.0 23.829132355218377 22.717140517550355
380.5 23.830843722282093 22.71802514767723
380.9999999999999 23.83252384725057 22.71890701803669
381.5 23.834224586636935 22.719796005387607
382.0 23.835913413748337 22.72069170559647
382.4999999999999 23.837619121406167 22.721571043513613
383.0 23.83931284558603 22.722461110115752
383.5 23.8410252331367 22.72335352658027
383.9999999999999 23.842728500808988 22.724228939513086
384.5 23.84443448629056 22.72512287959344
385.0 23.846143218500707 22.726006070227697
385.4999999999999 23.847837333008158 22.726884239001258
386.0 23.849544602031255 22.727770176476607
386.5 23.85126800293139 22.728650989649655
386.9999999999999 23.852963296888092 22.729536378632137
387.5 23.854664970633035 22.730420415744348
388.0 23.856383978424887 22.731297919243506
388.4999999999999 23.858082055579736 22.7321792187118
389.0 23.859814651015515 22.733066626159587
389.5 23.861514841510534 22.733960038364415
389.9999999999999 23.86322694692026 22.734844757144007
390.5 23.86494205555911 22.735723055341495
391.0 23.866670611969617 22.73660282163103
391.5 23.86837765886517 22.737494127727228
392.0 23.87009667539641 22.738376266233907
392.5 23.87182027891337 22.73926043695845
393.0 23.873539384854435 22.740147371109032
393.5 23.87526556156692 22.741030221445154
394.0 23.876984215865058 22.74191158636652
394.5 23.878704942175396 22.742790017845927
395.0 23.880436950036916 22.743681041528752
395.5 23.882157916048644 22.744572099415983
396.0 23.883886994435493 22.74545498876101
396.5 23.885610748342707 22.74634455412491
397.0 23.887337698175763 22.747224666690432
397.5 23.88907414343742 22.74811255913844
398.0 23.890800926604445 22.748996636746405
398.5 23.892543639132473 22.74988600469648
399.0 23.894280163547936 22.750773680045558
399.5 23.89601348562754 22.751656454143706
400.0 23.897741406257545 22.752551065080414
400.5 23.899480481798115 22.75343347463274
401.0 23.90122269020756 22.754325903381712
401.5 23.90295584472422 22.755212639527528
402.0 23.90470074637014 22.75609621278889
402.5 23.90643941620614 22.756984994061547
403.0 23.90818205829481 22.757873798498707
403.5 23.909939273823216 22.758768791011335
404.0 23.911684662226335 22.759657976576744
404.5 23.91343290051492 22.76054625196572
405.0 23.91518207740758 22.761442292779563
405.5 23.916929173502986 22.762327694077534
406.0 23.918682732623747 22.763214824854387
406.5 23.92043508747497 22.76411100502748
407.0 23.922185064290282 22.76500062735549
407.5 23.923949989730122 22.765889317197026
408.0 23.925702075247504 22.76678214070091
408.5 23.92745916337634 22.767677503317646
409.0 23.92922119845785 22.768574352558716
409.5 23.93098962130575 22.769458342971696
410.0 23.932757096810136 22.77035043672765
410.5 23.934516025042967 22.77124701508078
411.0 23.9362814148507 22.772147597702347
411.5 23.93804775716731 22.77303594034267
412.0 23.939820129424717 22.77392640984782
412.5 23.941596867195635 22.774819425365145
413.0 23.94338039697854 22.77572348495832
413.5 23.94515380998027 22.776615453719053
414.0 23.946916367314174 22.77751250358937
414.5 23.94870014373042 22.778414357667177
415.0 23.950486461942873 22.779309129299573
415.5 23.952258883745433 22.780205005972842
416.0 23.954054609262798 22.781099641519592
416.5 23.955821665183276 22.782000418991828
417.0 23.957625199232908 22.782899271317866
417.5 23.959401754470836 22.783796704031882
418.0 23.961193475026388 22.784695691821103
418.5 23.962977875425125 22.785592845963105
419.0 23.96478740362999 22.786491221108424
419.5 23.966582360629033 22.78740864885879
420.0 23.968376521141526 22.7883013804706
420.5 23.970175752426286 22.789204670288242
421.0 23.97198738059778 22.790106377291877
421.5 23.973778597405232 22.791002435996766
422.0 23.975589950223508 22.79191101938363
422.5 23.977390065259723 22.792808562982966
423.0 23.97918339629093 22.79371773932441
423.5 23.980996973911907 22.794610456961067
424.0 23.982797522712985 22.795519556738448
424.5 23.984613278301943 22.796415855259674
425.0 23.98642394090967 22.797327072682002
425.5 23.98823616363471 22.798226277807252
426.0 23.990052138237424 22.79913667049579
426.5 23.99187514314798 22.800041806842145
427.0 23.993682649210196 22.80094305462712
427.5 23.995510451261325 22.80184974078933
428.0 23.997311649049237 22.802756295208884
428.5 23.999150248110723 22.803661694689033
429.0 24.00097597036015 22.804569775072583
429.5 24.002800662120734 22.805468400033867
430.0 24.004629612409015 22.80637884807662
430.5 24.00644943043996 22.807288043957993
431.0 24.008273578241592 22.80819783336163
431.5 24.01011860232589 22.80910554166326
432.0 24.011929107750404 22.810009973298268
432.5 24.013770858397336 22.810926213661496
433.0 24.015599426001508 22.811831984759962
433.5 24.017444923084554 22.812740098548044
434.0 24.019286382305793 22.81364852778754
434.5 24.02112194519923 22.814558493456754
435.0 24.022974131397948 22.815463378816304
435.5 24.02481557598239 22.816375351842563
436.0 24.0266581348519 22.817290392536115
436.5 24.02851344340948 22.818209220614808
437.0 24.030367987570315 22.81911539413754
437.5 24.032216073990856 22.820024234594825
438.0 24.034068040874722 22.82093986259657
438.5 24.035921143372594 22.821852859000312
439.0 24.037770508122662 22.822766253598363
439.5 24.039638214966704 22.823679710918967
440.0 24.041501733131465 22.82459131993761
440.5 24.0433531417492 22.82550761407093
441.0 24.04521801856445 22.826422855010094
441.5 24.04708969368889 22.827342688908526
442.0 24.048953461806597 22.82825801529731
442.5 24.05083144717842 22.829174177433483
443.0 24.05269622974349 22.830095328003267
443.5 24.05458651610472 22.831005414949907
444.0 24.056452275831877 22.831928857698287
444.5 24.05833775979818 22.83285253356976
445.0 24.06020597079096 22.833778389986303
445.5 24.062093669960227 22.834690571455432
446.0 24.063979618911123 22.835609313521775
446.5 24.065864543071385 22.83652763113224
447.0 24.06775016094457 22.83745389966277
447.5 24.069639982688283 22.838371211723402
448.0 24.071529692089136 22.839292880483146
448.5 24.073428536664583 22.840218302571955
449.0 24.075311384728074 22.841144232266466
449.5 24.077226443281678 22.842070457119284
450.0 24.079124284840752 22.842990422784982
450.5 24.08103608900628 22.843915181168146
451.0 24.08293550915151 22.844840370294634
451.5 24.084836634866086 22.845772026340647
452.0 24.086764266323243 22.846707280289532
452.5 24.088664278956568 22.847626439028424
453.0 24.090579619669587 22.848552708193512
453.5 24.09250978716775 22.849477314780152
454.0 24.094410419499752 22.85041461950992
454.5 24.096336725631406 22.851339510079605
455.0 24.09826973076269 22.852275016691
455.5 24.1001804056134 22.853205139678508
456.0 24.102114038404636 22.854148285062706
456.5 24.10403734601999 22.85507298392599
457.0 24.105975376723528 22.85600252496531
457.5 24.107911549187726 22.85693147170635
458.0 24.10984139596518 22.857867852657368
458.5 24.11178841764181 22.85880128394873
459.0 24.113722787936766 22.859737410341246
459.5 24.115652182780547 22.86067613232021
460.0 24.117621733507516 22.861608825682044
460.5 24.119561471078672 22.862552260233763
461.0 24.121503448541475 22.863479371075194
461.5 24.12344739350872 22.8644144806618
462.0 24.12539486983094 22.865357564195364
462.5 24.127371118898026 22.86629979946074
463.0 24.129309023855438 22.86723792980218
463.5 24.13127678545502 22.868172472149183
464.0 24.13322756659366 22.869111963032516
464.5 24.13520227238847 22.87005320132301
465.0 24.137160045875177 22.87099391561542
465.5 24.139131681513874 22.871935640141064
466.0 24.141091008208527 22.872876072356355
466.5 24.143070188479268 22.873815738507904
467.0 24.14506107986459 22.87476003341101
467.5 24.14703039248334 22.87569966678213
468.0 24.149006690905818 22.876650625260268
468.5 24.150983493475877 22.87759235707402
