FastTrWP/PhaseSpace/IAs/snIa_0.39_30.00_-0.48_-0.25.csv
# %ECSV 0.9
# ---
# datatype:
# - {name: time-rel, datatype: float64}
# - {name: g, datatype: float64}
# - {name: i, datatype: float64}
# schema: astropy-2.0
time-rel g i
[from data line 1445]
917.2083333333334 23.348288650175174 22.860936917340894
917.7083333333333 23.349982028920376 22.86168528037588
918.2083333333334 23.35167858146026 22.862430204724966
918.7083333333334 23.35338968224044 22.86317151676387
919.2083333333333 23.355090700807423 22.86391397981207
919.7083333333334 23.356790262216457 22.864666549393142
920.2083333333334 23.3584931578689 22.865418486696775
920.7083333333333 23.360200150112224 22.86618001713464
921.2083333333334 23.36189756941407 22.866930590776487
921.7083333333334 23.363609326599416 22.867682848156065
922.2083333333333 23.365317385018876 22.868448546359353
922.7083333333334 23.367022038611545 22.86921346702124
923.2083333333334 23.368736478073778 22.86996871190569
923.7083333333333 23.370443800963177 22.870735598475058
924.2083333333334 23.37216034602861 22.871507750580516
924.7083333333334 23.373878507029936 22.87226823068292
925.2083333333333 23.375586384245395 22.873046442874255
925.7083333333334 23.37730447391735 22.873815324569513
926.2083333333334 23.37902848516283 22.87460542913223
926.7083333333333 23.38074747350919 22.875373500589802
927.2083333333334 23.3824651872083 22.876155992904692
927.7083333333334 23.384188663436127 22.87693965020033
928.2083333333333 23.38590728864486 22.877728685002623
928.7083333333334 23.38764049044606 22.878526352541712
929.2083333333334 23.389359992726753 22.879321589797783
929.7083333333333 23.391082616775087 22.880116431439884
930.2083333333334 23.39281737067497 22.88091551292473
930.7083333333334 23.394542335169064 22.881724269297308
931.2083333333333 23.396274246322626 22.88253320347807
931.7083333333334 23.397998712882245 22.88334244581041
932.2083333333334 23.399727142093813 22.884154075320527
932.7083333333333 23.40146621158481 22.884967089041623
933.2083333333334 23.40319407015305 22.885795436756666
933.7083333333334 23.404927756102065 22.886615766296124
934.2083333333333 23.406666548648634 22.88744416412974
934.7083333333334 23.408400274060806 22.888263191092925
935.2083333333334 23.410131101633574 22.88909900068537
935.7083333333333 23.411880228020717 22.889927683987956
936.2083333333334 23.413621167617155 22.89077378097524
936.7083333333334 23.415358442286298 22.89160777180775
937.2083333333333 23.41710572984517 22.89244515370243
937.7083333333334 23.418842965967638 22.89328853090971
938.2083333333334 23.42058716811082 22.894142233505047
938.7083333333333 23.422333396446074 22.89498577315207
939.2083333333334 23.424071664725027 22.89582984132588
939.7083333333334 23.42582781521589 22.89668252814932
940.2083333333333 23.427584163733233 22.89753849504708
940.7083333333334 23.429320445721192 22.898390398906013
941.2083333333334 23.431085559526657 22.899254969455033
941.7083333333333 23.43282829497133 22.900107461518367
942.2083333333334 23.434571407685763 22.900968481141422
942.7083333333334 23.436325784192412 22.901836202313067
943.2083333333333 23.43808358099794 22.902703785138492
943.7083333333334 23.43984008348688 22.903574548347393
944.2083333333334 23.441595900403698 22.90443534258406
944.7083333333333 23.443351633396485 22.905302589108413
945.2083333333334 23.445111133698884 22.90617950840605
945.7083333333334 23.446866971413684 22.907049685575128
946.2083333333333 23.448629287779085 22.907926919905034
946.7083333333334 23.450397388136448 22.908800650249987
947.2083333333334 23.452164761276197 22.90967159054884
947.7083333333333 23.453925348301773 22.91055620155749
948.2083333333334 23.45568609033225 22.911429065328804
948.7083333333334 23.457445497744068 22.912315495268412
949.2083333333333 23.459211609194625 22.913182476433683
949.7083333333334 23.46099062146019 22.914064909100226
950.2083333333334 23.46275362418681 22.91495532070907
950.7083333333333 23.464531232078603 22.91583160847491
951.2083333333334 23.466304668630936 22.916723274684898
951.7083333333334 23.468061192089262 22.917597195777283
952.2083333333333 23.46984402698295 22.918485320810873
952.7083333333334 23.471626363007687 22.91936908757276
953.2083333333334 23.473387557589117 22.920257565244174
953.7083333333333 23.475174868239982 22.921140057326205
954.2083333333334 23.476943432565026 22.922031595409813
954.7083333333334 23.478717210787945 22.922906040112654
955.2083333333333 23.480499587353005 22.92380185620415
955.7083333333334 23.48227519095728 22.924680510808194
956.2083333333334 23.48407027342905 22.925563961857453
956.7083333333333 23.48584396323583 22.92645697995003
957.2083333333334 23.48762205878774 22.92733978159148
957.7083333333334 23.48940875546061 22.92822804652708
958.2083333333333 23.491200833386902 22.9291062465007
958.7083333333334 23.492986675787808 22.92999445904488
959.2083333333334 23.49477628980846 22.9308917796625
959.7083333333333 23.496557301631483 22.931759184291742
960.2083333333334 23.498346541388845 22.9326495077336
960.7083333333334 23.500140402855763 22.933524055891446
961.2083333333333 23.50193228314682 22.934423308710112
961.7083333333334 23.503729274951652 22.935306465841453
962.2083333333334 23.505514689812877 22.93619824039493
962.7083333333333 23.50730379895412 22.93709079647753
963.2083333333334 23.50910629211505 22.937978608659893
963.7083333333334 23.51089030291675 22.93887558939582
964.2083333333333 23.512707761929278 22.939768355342206
964.7083333333334 23.514492848785203 22.94067160181026
965.2083333333334 23.516290693530202 22.941570034222806
965.7083333333333 23.51808657608749 22.94246939193901
966.2083333333334 23.519895878751885 22.94336938306443
966.7083333333334 23.521683186932997 22.944271337137234
967.2083333333333 23.523503589180073 22.945176533833056
967.7083333333334 23.525303505032653 22.946079823153127
968.2083333333334 23.52710093829461 22.946988278085463
968.7083333333333 23.528912159348927 22.94788659806069
969.2083333333334 23.53072304473376 22.948805059352377
969.7083333333334 23.532532894431615 22.94972020588807
970.2083333333333 23.53433909663179 22.95062872185361
970.7083333333334 23.53614453463825 22.95155083507838
971.2083333333334 23.537964104645393 22.952462765766445
971.7083333333333 23.539774501191427 22.953367780957798
972.2083333333334 23.541576071025755 22.954283046405774
972.7083333333334 23.543388507310713 22.955195698835883
973.2083333333333 23.545213677395406 22.956115356821005
973.7083333333334 23.547023717272083 22.957029702444977
974.2083333333334 23.5488460798895 22.95795207050751
974.7083333333333 23.55065698287174 22.958868516297606
975.2083333333334 23.55247743424275 22.959792604782237
975.7083333333334 23.55429584538411 22.96070900854115
976.2083333333333 23.556127658582106 22.961631490792584
976.7083333333334 23.55794117256195 22.962551543142453
977.2083333333334 23.559772691655517 22.963470178855793
977.7083333333333 23.561587326345755 22.96439917643123
978.2083333333334 23.56341485085027 22.96530825761968
978.7083333333334 23.5652413628795 22.966242755629366
979.2083333333333 23.567072335291893 22.967161056762922
979.7083333333334 23.568899712185768 22.96808741018527
980.2083333333334 23.570730247739267 22.969014885298108
980.7083333333333 23.57256252010821 22.96993913190613
981.2083333333334 23.574399271342546 22.97085319515387
981.7083333333334 23.57622371836075 22.971785509014385
982.2083333333333 23.57806395819919 22.972704145918886
982.7083333333334 23.579896149349374 22.97363949523847
983.2083333333334 23.581741565696504 22.974553758934228
983.7083333333333 23.583574368128026 22.975484977184372
984.2083333333334 23.585402988663127 22.976410556362687
984.7083333333334 23.587252709947105 22.977335877641394
985.2083333333333 23.589098659240754 22.978262219193724
985.7083333333334 23.590945871999796 22.979177967080417
986.2083333333334 23.59278214512655 22.980095773233387
986.7083333333333 23.59462368503101 22.981026127487073
987.2083333333334 23.596470644672664 22.981951843437823
987.7083333333334 23.598313048169246 22.982883281306393
988.2083333333333 23.600163518951177 22.983800176124266
988.7083333333334 23.60200884752694 22.984716656958337
989.2083333333334 23.603866588505362 22.985642061626443
989.7083333333333 23.605721014529895 22.986561371284417
990.2083333333334 23.60756545319059 22.987489685474213
990.7083333333334 23.609404917410856 22.988408165756926
991.2083333333333 23.611268477944837 22.98932256208949
991.7083333333334 23.61313367717953 22.990237568491033
992.2083333333334 23.614978516256564 22.991162054892825
992.7083333333333 23.61684731430308 22.99207344855923
993.2083333333334 23.61870665601314 22.992990726378892
993.7083333333334 23.620568909409215 22.993910238857076
994.2083333333333 23.622429074184677 22.994827968307447
994.7083333333334 23.624293286288747 22.995750227675668
995.2083333333334 23.626151952951343 22.99666703848059
995.7083333333333 23.62802112936008 22.997571874118997
996.2083333333334 23.62989019148393 22.998492204749795
996.7083333333334 23.63174883535363 22.999404630727778
997.2083333333333 23.633610064478724 23.000324976897613
997.7083333333334 23.635475549622818 23.001243754214578
998.2083333333334 23.637355142960153 23.002144572914997
998.7083333333334 23.63922534064711 23.003064703246
999.2083333333334 23.641090686406606 23.00397804273818
999.7083333333334 23.642969766937647 23.004905924215542
1000.2083333333334 23.64483913898004 23.00581624728622
1000.7083333333334 23.64670279741398 23.006725789377903
1001.2083333333334 23.64858234502045 23.007648040573947
1001.7083333333334 23.650460267262112 23.008557318839017
1002.2083333333334 23.65233234967246 23.009468573810935
1002.7083333333334 23.65422619230454 23.01039130868655
1003.2083333333334 23.65608799849629 23.0113079331333
1003.7083333333334 23.65798073538064 23.012223360420776
1004.2083333333334 23.659856701134476 23.013130521107385
1004.7083333333334 23.661735967846944 23.01405834749454
1005.2083333333334 23.663633419013465 23.014969200332217
1005.7083333333334 23.66550562943095 23.01588267940582
1006.2083333333334 23.667392155905908 23.016796832070156
1006.7083333333334 23.669272803275597 23.01771346693988
1007.2083333333334 23.67116566354977 23.018630526963708
1007.7083333333334 23.673052450801823 23.019542515750583
1008.2083333333334 23.67494828444829 23.020461491449197
1008.7083333333334 23.67684066033028 23.021373144454465
1009.2083333333334 23.678731222751225 23.022279860253285
1009.7083333333334 23.680626820755087 23.02320907629955
1010.2083333333334 23.682522197813825 23.02411502251953
1010.7083333333334 23.684421027107586 23.02503421084006
1011.2083333333334 23.68632881541966 23.025950227180658
1011.7083333333334 23.688208079407758 23.026874798855058
1012.2083333333334 23.690107403928703 23.027788481094692
1012.7083333333334 23.692022774164627 23.02870896728633
1013.2083333333334 23.69392132750185 23.02962474090112
1013.7083333333334 23.695823596093042 23.030540353859827
1014.2083333333334 23.697740057074945 23.031463077825414
1014.7083333333334 23.69964501389235 23.032370445780185
1015.2083333333334 23.701551415944806 23.033298710776265
1015.7083333333334 23.703460773502645 23.0342088097844
1016.2083333333334 23.705365019651726 23.035126220093403
1016.7083333333334 23.707277978235915 23.036035788552166
1017.2083333333334 23.70919433242976 23.036960634593655
1017.7083333333334 23.71111711550107 23.037876047317184
1018.2083333333334 23.71303266273683 23.038794164126646
1018.7083333333334 23.714940388812526 23.039714937335276
1019.2083333333334 23.716871001164506 23.040630222988014
1019.7083333333334 23.71878913659728 23.04155156674151
1020.2083333333334 23.72072102583745 23.04247289811249
1020.7083333333334 23.722656839333492 23.043395088807497
1021.2083333333334 23.72457371741507 23.044302040776593
1021.7083333333334 23.72649690303696 23.045231945778305
1022.2083333333334 23.728429427056682 23.046154889861054
1022.7083333333334 23.730361226023476 23.047072362796786
1023.2083333333334 23.73228788704871 23.047991342982247
1023.7083333333334 23.734228077169398 23.04892170868785
1024.2083333333333 23.736164717965387 23.049828779903308
1024.7083333333333 23.738103310412264 23.05074940063185
1025.2083333333333 23.740053601782375 23.051670317481083
1025.7083333333333 23.741975236544448 23.052592995157426
1026.2083333333333 23.743929798697362 23.053519122557105
1026.7083333333333 23.745874685926132 23.054438557467027
1027.2083333333333 23.747820839497265 23.055357791813602
1027.7083333333333 23.749778999199755 23.05627962453961
1028.2083333333333 23.751710186323294 23.057212282316204
1028.7083333333333 23.753667321292625 23.05812309419065
1029.2083333333333 23.755630224613427 23.05905272179716
1029.7083333333333 23.75757465369936 23.05997842194044
1030.2083333333333 23.75953854757505 23.06089447065399
1030.7083333333333 23.761479640579665 23.061827470225236
1031.2083333333333 23.763449006258245 23.062740323829264
1031.7083333333333 23.765394394865442 23.0636596267416
1032.2083333333333 23.767359749079084 23.06458934932135
1032.7083333333333 23.769322704703022 23.06552596799876
1033.2083333333333 23.771290750894142 23.066442869730995
1033.7083333333333 23.7732473322059 23.067355651954426
1034.2083333333333 23.775220443667642 23.068276246623608
1034.7083333333333 23.777184327326736 23.069203910665546
1035.2083333333333 23.779145101072807 23.070130723092106
1035.7083333333333 23.781125774955104 23.071051586217138
1036.2083333333333 23.783096441386956 23.07197856002171
1036.7083333333333 23.78506164867028 23.072895950912656
1037.2083333333333 23.787030562032612 23.07382309091585
1037.7083333333333 23.789021321219245 23.074744699152877
1038.2083333333333 23.790995582916494 23.07566337351571
1038.7083333333333 23.792963027588016 23.076593964764143
1039.2083333333333 23.7949482075163 23.077517789008468
1039.7083333333333 23.79693247436751 23.078447858694386
1040.2083333333333 23.79890624205189 23.079373101021588
1040.7083333333333 23.80089121246835 23.08029696789346
1041.2083333333333 23.80288835353376 23.081217257356794
1041.7083333333333 23.804886394659754 23.08214960545557
1042.2083333333333 23.806860442992782 23.083077887967217
1042.7083333333333 23.808860057185925 23.083997862211653
1043.2083333333333 23.81085065149781 23.084925077014326
1043.7083333333333 23.812843265121437 23.085846553164444
1044.2083333333333 23.81484801805224 23.086789491381268
1044.7083333333333 23.81683911910004 23.087704563697436
1045.2083333333333 23.818838150654884 23.08862924642622
1045.7083333333333 23.82084453875205 23.0895579829158
1046.2083333333333 23.82285079741613 23.090485790123267
1046.7083333333333 23.824850976703424 23.091408647277433
1047.2083333333333 23.826849940542793 23.0923387565161
1047.7083333333333 23.828857578919763 23.0932681405504
1048.2083333333333 23.830869427635072 23.09420494590817
1048.7083333333333 23.832885599146493 23.095120215789414
1049.2083333333333 23.834896987829204 23.096053882207205
1049.7083333333333 23.836912372212055 23.096973894117163
1050.2083333333333 23.838935196761625 23.09791107501592
1050.7083333333333 23.84094922141337 23.098844199871312
1051.2083333333333 23.842975561223728 23.099776621810307
1051.7083333333333 23.84499838344786 23.100703234380305
1052.2083333333333 23.847021190536303 23.101633004385892
1052.7083333333333 23.849049853701224 23.10256865214128
1053.2083333333333 23.851085340315485 23.10350368146991
1053.7083333333333 23.853107870723008 23.104426888286064
1054.2083333333333 23.855143702100527 23.10536011135291
1054.7083333333333 23.857184256117417 23.10629447165236
1055.2083333333333 23.859223239849314 23.10722521730429
1055.7083333333333 23.861249388920918 23.108155952574773
1056.2083333333333 23.86329388314044 23.10909122787311
1056.7083333333333 23.865332328217214 23.11002889658709
1057.2083333333333 23.867390937981853 23.11095460549231
1057.7083333333333 23.869437447420637 23.11189951281946
1058.2083333333333 23.87149659470338 23.112824664289953
1058.7083333333333 23.87352701058235 23.11376745630546
1059.2083333333333 23.875591884654263 23.114696616745796
1059.7083333333333 23.87764665885255 23.115632156586138
1060.2083333333333 23.879713892111077 23.11656969599598
