FastTrWP/PhaseSpace/IAs/snIa_0.50_30.00_2.61_0.14.csv
# %ECSV 0.9
# ---
# datatype:
# - {name: time-rel, datatype: float64}
# - {name: g, datatype: float64}
# - {name: i, datatype: float64}
# schema: astropy-2.0
time-rel g i
[from data line 575]
404.5208333333333 23.662009641149982 22.539089079656126
405.02083333333326 23.660240267189202 22.537744572830047
405.5208333333333 23.658478658688516 22.536406990183888
406.0208333333333 23.65672994115232 22.535064924784955
406.52083333333326 23.654998236632714 22.533735034566188
407.0208333333333 23.65327047574226 22.532408520789055
407.5208333333333 23.651538696430716 22.531091435662667
408.02083333333326 23.649836402951273 22.529766978126293
408.5208333333333 23.648137532322572 22.528455106869863
409.0208333333333 23.646447112523138 22.527158360316918
409.52083333333326 23.644763292583516 22.525853121514526
410.0208333333333 23.643072926958983 22.524548725671703
410.5208333333333 23.64140673771397 22.523253578073067
411.02083333333326 23.63971418986459 22.52196060972682
411.5208333333333 23.638051714734903 22.520675394898323
412.0208333333333 23.636399118565787 22.519387996454366
412.52083333333326 23.634727845480118 22.51809878538788
413.0208333333333 23.63308332901321 22.516830320044082
413.5208333333333 23.63143436985544 22.515549386161958
414.02083333333326 23.6297830741867 22.514276093133518
414.5208333333333 23.62815037242033 22.513004774817702
415.0208333333333 23.62651911346015 22.511738382499665
415.52083333333326 23.624890236548573 22.51047727131144
416.0208333333333 23.623263413710305 22.509217626558417
416.5208333333333 23.621652170991805 22.50795665546623
417.02083333333326 23.62005341217346 22.506712559905353
417.5208333333333 23.61844687445757 22.505465531374202
418.0208333333333 23.616831199313356 22.504224991757024
418.52083333333326 23.615239398054854 22.50297978264168
419.0208333333333 23.613660314847603 22.50174180223283
419.5208333333333 23.612072243040846 22.500506851024866
420.02083333333326 23.610508014193606 22.49928150072599
420.5208333333333 23.60893917501241 22.498054577291917
421.0208333333333 23.607365057305465 22.49683266695954
421.52083333333326 23.60581002321993 22.495615296613263
422.0208333333333 23.604272274830347 22.49440042936508
422.5208333333333 23.602714525826087 22.49318768301666
423.02083333333326 23.601181138895342 22.491983664513604
423.5208333333333 23.599648834293312 22.49077751240418
424.0208333333333 23.598119867278264 22.48958413893004
424.52083333333326 23.59660204925845 22.48837998814048
425.0208333333333 23.595082338714658 22.487192999139456
425.5208333333333 23.593589283052395 22.486006502012916
426.02083333333326 23.59208796405948 22.484820745548618
426.5208333333333 23.59058473337135 22.483645118306377
427.0208333333333 23.58909831867745 22.48245901415304
427.52083333333326 23.587635932566528 22.481291000477736
428.0208333333333 23.586160151588377 22.480130807295545
428.5208333333333 23.584688843813446 22.47895950004256
429.02083333333326 23.5832454440934 22.477805994762143
429.5208333333333 23.5817905301112 22.47664901855657
430.0208333333333 23.580341860792053 22.475501638254705
430.52083333333326 23.578905796884953 22.474346570649402
431.0208333333333 23.577486697968048 22.473202886797516
431.5208333333333 23.576059742574678 22.47207158889093
432.02083333333326 23.574646771886663 22.470941095852904
432.5208333333333 23.573236200176687 22.469805032601254
433.0208333333333 23.571833914980715 22.46868232915991
433.52083333333326 23.570449876261016 22.467556486697063
434.0208333333333 23.56905882872937 22.466439575916816
434.5208333333333 23.567672711553783 22.465323552818166
435.02083333333326 23.566310086236765 22.46421440780402
435.5208333333333 23.564947506847126 22.46311401699204
436.0208333333333 23.563605055273065 22.462012437597444
436.52083333333326 23.56225403864299 22.46091187737788
437.0208333333333 23.560916577171866 22.459826258303522
437.5208333333333 23.559589340678613 22.458738277117444
438.02083333333326 23.55826417816595 22.457653310342486
438.5208333333333 23.556962793463544 22.456574421433537
439.0208333333333 23.555653676854288 22.455497750657077
439.52083333333326 23.554350393485866 22.454434117216987
440.0208333333333 23.553068663310704 22.453374321950136
440.5208333333333 23.55179067269536 22.452311244966587
441.02083333333326 23.55051457004947 22.451251205094817
441.5208333333333 23.549251573294733 22.450200609194265
442.0208333333333 23.547990711992966 22.449152903734486
442.52083333333326 23.54674602484006 22.44811169065363
443.0208333333333 23.54550398939429 22.4470749408397
443.5208333333333 23.544274859515014 22.446039030333942
444.02083333333326 23.54305815096311 22.445008224324425
444.5208333333333 23.541842822594564 22.443985136330035
445.0208333333333 23.540634600305562 22.442964610526694
445.52083333333326 23.53943124977477 22.44194955986231
446.0208333333333 23.538250214139378 22.44093362237379
446.5208333333333 23.537070888591536 22.439932845977122
447.02083333333326 23.535879906990257 22.438926938304967
447.5208333333333 23.534710435076285 22.43791557164945
448.0208333333333 23.533542026761523 22.436922766507696
448.52083333333326 23.532379250608813 22.435927536715205
449.0208333333333 23.531224651608124 22.434936492997956
449.5208333333333 23.530078545241324 22.43395115621544
450.02083333333326 23.52893876760104 22.432969046147125
450.5208333333333 23.527814185642075 22.431982057925627
451.0208333333333 23.52667878103101 22.43101104489092
451.52083333333326 23.5255628919275 22.43003657244714
452.0208333333333 23.524436225263464 22.4290674972516
452.5208333333333 23.523326922507948 22.42810647084194
453.02083333333326 23.52222667568371 22.42714039267204
453.5208333333333 23.521127375110318 22.42618467011123
454.0208333333333 23.520051849523217 22.425225556532638
454.52083333333326 23.51895172663098 22.424275557656706
455.0208333333333 23.517877882705758 22.423333449382
455.5208333333333 23.51680235071766 22.422393362993745
456.02083333333326 23.51574038494781 22.421446127031224
456.5208333333333 23.51467508840328 22.420511748675818
457.0208333333333 23.513625505654197 22.41958339791362
457.52083333333326 23.512568519207534 22.41865648427551
458.0208333333333 23.511540127836973 22.417722036118647
458.5208333333333 23.510510565527927 22.41681166802661
459.02083333333326 23.509486541904003 22.41588967769472
459.5208333333333 23.50845637462499 22.414975701891446
460.0208333333333 23.507453586478626 22.414069055208536
460.52083333333326 23.506443078390635 22.413160281715506
461.0208333333333 23.505442759839468 22.412254899487024
461.5208333333333 23.504453521307415 22.411358978491567
462.02083333333326 23.50345069724181 22.410463972452476
462.5208333333333 23.502468507700108 22.409580322704414
463.0208333333333 23.501495316896207 22.408688288592693
463.52083333333326 23.50053240907677 22.407799527924052
464.0208333333333 23.49957496413043 22.406927106318996
464.5208333333333 23.498624529963106 22.406057900638597
465.02083333333326 23.497670142097515 22.40518289706557
465.5208333333333 23.49672832024722 22.404309431829997
466.0208333333333 23.495786849913397 22.403451612384767
466.52083333333326 23.49486331384164 22.402583865896624
467.0208333333333 23.49392744867116 22.401726100735324
467.5208333333333 23.493011285779062 22.40087575456919
468.02083333333326 23.4921161113275 22.400030291326004
468.5208333333333 23.491208315378962 22.399181296552896
469.0208333333333 23.490302847339283 22.398341951007005
469.52083333333326 23.48942043443127 22.397501867424644
470.0208333333333 23.48854178660801 22.39667527735651
470.5208333333333 23.487654445662976 22.395832882704237
471.02083333333326 23.48678617118128 22.395016213384842
471.5208333333333 23.48592335751676 22.39418223722856
472.0208333333333 23.485069071482542 22.393367398579823
472.52083333333326 23.484209900665746 22.39255489138396
473.0208333333333 23.48336680985186 22.39173858344578
473.5208333333333 23.482539342452245 22.390928410401216
474.02083333333326 23.481704540098235 22.39012828804944
474.5208333333333 23.480888786631546 22.389336759871988
475.0208333333333 23.480067187504122 22.388532743992098
475.52083333333326 23.479248367555297 22.387745563555672
476.0208333333333 23.478453987827614 22.38695092603563
476.5208333333333 23.47764651190189 22.386166958560697
477.02083333333326 23.476854126192258 22.385386540770114
477.5208333333333 23.47607282547515 22.384608753023908
478.0208333333333 23.475305700322888 22.383842805530747
478.52083333333326 23.47452397068807 22.383069515728057
479.0208333333333 23.473763387187518 22.382306343106038
479.5208333333333 23.473016944848162 22.38154379955446
480.02083333333326 23.472257386479196 22.380785063699395
480.5208333333333 23.471520140929144 22.380030510017974
481.0208333333333 23.470777502342656 22.379284939816916
481.52083333333326 23.4700465835266 22.378531831137018
482.0208333333333 23.46931665622416 22.37779317353764
482.5208333333333 23.46859487248465 22.377046859966182
483.02083333333326 23.46787919359274 22.376311849036252
483.5208333333333 23.467177689565748 22.375582341614372
484.0208333333333 23.466470086476043 22.374850982169736
484.52083333333326 23.465774444055167 22.374124668104866
485.0208333333333 23.465090690304827 22.37339616466025
485.5208333333333 23.464392134302514 22.372674174892957
486.02083333333326 23.463718996542283 22.371961956191445
486.5208333333333 23.463039695350542 22.37124701130558
487.0208333333333 23.462375304002205 22.37053499348964
487.52083333333326 23.461708914369556 22.36982767510883
488.0208333333333 23.461041045341496 22.369121099298393
488.5208333333333 23.46039044030068 22.368422377515223
489.0208333333333 23.45973870957146 22.367729532429234
489.5208333333333 23.459105082506348 22.36703179032351
490.0208333333333 23.45846447888796 22.36634167907151
490.5208333333333 23.45784119429672 22.36565269258839
491.0208333333333 23.45721670957628 22.364970114174533
491.5208333333333 23.456600664710535 22.364290564350352
492.0208333333333 23.45598471182266 22.363617837463146
492.5208333333333 23.4553741487274 22.362943950037973
493.0208333333333 23.45479036789026 22.36227166029363
493.5208333333333 23.45417635975756 22.361606587427726
494.0208333333333 23.45360186777201 22.3609404742064
494.5208333333333 23.45301478920809 22.36028193636593
495.0208333333333 23.45244052800353 22.359628830789266
495.5208333333333 23.451880034520933 22.358969514092447
496.0208333333333 23.45130979991264 22.358323283999564
496.5208333333333 23.450752440589113 22.357679163379302
497.0208333333333 23.450205922009406 22.357038244041764
497.5208333333333 23.449649819645405 22.356396463809347
498.0208333333333 23.449119201626118 22.35576515973826
498.5208333333333 23.44858968534116 22.35512739258557
499.0208333333333 23.448056308066214 22.354503706317214
499.5208333333333 23.447533285281263 22.3538788510392
500.0208333333333 23.44703424119627 22.353258253144684
500.5208333333333 23.446517146889768 22.35264136491258
501.0208333333333 23.44602262390753 22.35203182453942
501.5208333333333 23.445519834574398 22.351417633166296
502.0208333333333 23.445035981498975 22.35080843200174
502.5208333333333 23.444558145891218 22.350208510911248
503.0208333333333 23.44407435026372 22.34961183678783
503.5208333333333 23.44360813818881 22.34901377552315
504.0208333333333 23.443151030579493 22.348429583978046
504.5208333333333 23.442680685527936 22.34783428242104
505.0208333333333 23.4422301660989 22.347256462751375
505.5208333333333 23.441802709294137 22.34667460144253
506.0208333333333 23.441352395152805 22.346095034083984
506.5208333333333 23.44093051712607 22.345527616170667
507.0208333333333 23.44050022119006 22.344950443978405
507.5208333333333 23.440084045811695 22.344388023849856
508.0208333333333 23.439670055992256 22.343822172205424
508.5208333333333 23.43926186048982 22.343266100542646
509.0208333333333 23.438867690158105 22.342710607966254
509.5208333333333 23.438485580074563 22.3421658440907
510.0208333333333 23.438095003335526 22.34161774653345
510.5208333333333 23.437716395259702 22.341071242461705
511.0208333333333 23.437347694209937 22.34053478019311
511.5208333333333 23.4369757914344 22.339996465767996
512.0208333333334 23.436623246197655 22.33946621008688
512.5208333333334 23.436267238787952 22.33893499813625
513.0208333333334 23.435932365397413 22.338421242558898
513.5208333333334 23.4356020991628 22.337894431671966
514.0208333333334 23.43525937031034 22.33737655950515
514.5208333333334 23.434943766249607 22.336867914724383
515.0208333333334 23.43461664726318 22.33636388165344
515.5208333333334 23.434300120236994 22.335856100030476
516.0208333333334 23.434011148941053 22.33535543821151
516.5208333333334 23.433702611947048 22.334859244356796
517.0208333333334 23.4334242637177 22.33436781197168
517.5208333333334 23.433139267885956 22.33387298433033
518.0208333333334 23.432867038594058 22.333394903424086
518.5208333333334 23.432602358567408 22.332917011102396
519.0208333333334 23.432342820776732 22.332441045870965
519.5208333333334 23.432089703886927 22.331970148849038
520.0208333333334 23.4318548517221 22.331507151797148
520.5208333333334 23.431622440379837 22.331038434754742
521.0208333333334 23.43138949572586 22.33058136853844
521.5208333333334 23.43116051625577 22.330132071330667
522.0208333333334 23.430955384463566 22.329678204346777
522.5208333333334 23.430754053228156 22.329233982238016
523.0208333333334 23.430539905981345 22.328788079154847
523.5208333333334 23.430345283958644 22.32835256994546
524.0208333333334 23.430161653469224 22.32791717632584
524.5208333333334 23.429987765907928 22.32748425126659
525.0208333333334 23.42980340708888 22.32706357609167
525.5208333333334 23.42964153623086 22.326636023317338
526.0208333333334 23.429488019737864 22.32621564869286
526.5208333333334 23.42932413433211 22.325803676815802
527.0208333333334 23.429181547937436 22.32538824702086
527.5208333333334 23.42903280890613 22.32498507452208
528.0208333333334 23.428897425404315 22.324579279409164
528.5208333333334 23.428758578946216 22.324176058783124
529.0208333333334 23.428651488707754 22.323774779298454
529.5208333333334 23.428534674606656 22.323384668096104
530.0208333333334 23.428431475821636 22.322991669050868
530.5208333333334 23.428323323296752 22.322607661862804
531.0208333333334 23.428225417027384 22.322220671830646
531.5208333333334 23.428121855359727 22.321835033827902
532.0208333333334 23.428036710461598 22.32146579400085
532.5208333333334 23.427966818775587 22.321083762635677
533.0208333333334 23.427892663738458 22.320713615082237
533.5208333333334 23.427817941739903 22.32034548860996
534.0208333333334 23.42776170759063 22.319981054449652
534.5208333333334 23.42769183243209 22.319611112244438
535.0208333333334 23.427646159075913 22.319252801753006
535.5208333333334 23.427587063058514 22.31889885820427
536.0208333333334 23.427555291388742 22.318542984007408
536.5208333333334 23.427520339547794 22.318194660038564
537.0208333333334 23.427491214158916 22.31784425079303
537.5208333333334 23.427452971193354 22.317495685779853
538.0208333333334 23.427450570150313 22.317156807798032
538.5208333333334 23.42741521207448 22.316810854425082
539.0208333333334 23.42741928290138 22.316476875712844
539.5208333333334 23.427406279998696 22.31614395374354
540.0208333333334 23.42740593282414 22.315816119470337
540.5208333333334 23.427411417227507 22.315481613546204
541.0208333333334 23.427421317432007 22.315154918001248
541.5208333333334 23.427433752255112 22.314830363819496
542.0208333333334 23.42745389757456 22.314512802480564
542.5208333333334 23.427471817226312 22.31419112500275
543.0208333333334 23.42750268728341 22.313865482832554
543.5208333333334 23.427530184497126 22.313553845033308
544.0208333333334 23.427568527543336 22.313243029240986
544.5208333333334 23.427613780788263 22.312932777150305
545.0208333333334 23.42765990614671 22.31262022780158
545.5208333333334 23.42770442338757 22.312311124497644
546.0208333333334 23.42776001151464 22.312015360333177
546.5208333333334 23.427819948492147 22.31171335368145
547.0208333333334 23.42788325890355 22.31140676115523
547.5208333333334 23.427948215202 22.3111116328424
548.0208333333334 23.428029129316286 22.310812130933154
