FastTrWP/PhaseSpace/IAs/snIa_0.59_30.00_-1.16_-0.11.csv
# %ECSV 0.9
# ---
# datatype:
# - {name: time-rel, datatype: float64}
# - {name: g, datatype: float64}
# - {name: i, datatype: float64}
# schema: astropy-2.0
time-rel g i
[from data line 362]
-171.5 24.0104057905554 23.30205522043924
-171.0 24.005848342406484 23.298543816794957
-170.5 24.001301860391262 23.295063153361028
-170.00000000000006 23.99675413116548 23.291574836934057
-169.5 23.99222514834301 23.288079739087006
-169.0 23.987689312215164 23.28459549679273
-168.50000000000006 23.983172694323244 23.281107946731222
-168.0 23.978637987676574 23.27763460290408
-167.5 23.97412425521324 23.27415643505732
-167.00000000000006 23.96962438260051 23.270677457457232
-166.5 23.965115919843065 23.2672106635924
-166.0 23.96061653467479 23.26374084306352
-165.50000000000006 23.956129165378407 23.26029015937936
-165.0 23.9516562524874 23.256840177083824
-164.5 23.947182899539655 23.253380894475924
-164.00000000000006 23.942734012276865 23.249932841717552
-163.5 23.938295104456195 23.24649809397497
-163.0 23.93386124732672 23.243061672174896
-162.50000000000006 23.929431084521255 23.23964392777025
-162.0 23.92501744841381 23.236215137643423
-161.5 23.920616684762916 23.232806820590426
-161.00000000000006 23.916245281607313 23.229399840746908
-160.5 23.911888508365784 23.22600437121075
-160.0 23.90752562808528 23.22261256812964
-159.50000000000006 23.903181772427406 23.2192267947482
-159.0 23.898836249079615 23.215846809721764
-158.5 23.894561425736434 23.212477050289856
-158.00000000000006 23.890251355453472 23.209119712664027
-157.5 23.88598631679215 23.205764307640745
-157.0 23.8817166811101 23.202407852493153
-156.50000000000006 23.87748511873241 23.199080127997057
-156.0 23.873257502705727 23.195757991212858
-155.5 23.869045509493205 23.19243011075067
-155.00000000000006 23.864857399869024 23.189125665576192
-154.5 23.86068956215056 23.18582726227611
-154.0 23.856553099434343 23.182531133775875
-153.50000000000006 23.852413598324844 23.179249402945526
-153.0 23.848314636314925 23.17597369917994
-152.5 23.844229821927847 23.17271081331055
-152.00000000000006 23.840162988770825 23.169468082288383
-151.5 23.836125457623666 23.16623336098128
-151.0 23.8320992046426 23.163003536827212
-150.50000000000006 23.82810843973631 23.159771103481425
-150.0 23.824122019781736 23.156571001680476
-149.5 23.820160736812337 23.153371456191522
-149.00000000000006 23.816234691655723 23.150191748114693
-148.5 23.812325863867876 23.147013547253117
-148.0 23.808444781828353 23.14384975725398
-147.50000000000006 23.804577902356424 23.140703611737692
-147.0 23.80074302375585 23.137552318988238
-146.5 23.79693204553883 23.13442968487996
-146.00000000000006 23.793142982201097 23.131323993434254
-145.5 23.78938454700126 23.128203535030927
-145.0 23.78564864838522 23.12512487732903
-144.50000000000006 23.781936206215576 23.122051299463173
-144.0 23.77824056546448 23.118981146588126
-143.5 23.774599235285873 23.11593021315837
-143.00000000000006 23.770958624523608 23.112880385549452
-142.5 23.767356821079048 23.109858454345172
-142.0 23.76379093218874 23.106840070839382
-141.50000000000006 23.76022884266628 23.103847785709732
-141.0 23.756712305505594 23.1008587831747
-140.5 23.75321789338749 23.097893019471574
-140.00000000000006 23.749752494297223 23.094935393077755
-139.5 23.746321095474894 23.091986605304005
-139.0 23.742887691333877 23.089042051465007
-138.50000000000006 23.739467096361775 23.086101257559903
-138.0 23.73605856712764 23.0831774781566
-137.5 23.73265383886372 23.08025298495926
-137.00000000000006 23.729263800928187 23.07733352745073
-136.5 23.72588600126862 23.074432831382403
-136.0 23.722507186614475 23.07152234895604
-135.50000000000006 23.71915180085384 23.06862608094859
-135.0 23.71580309974496 23.065727020973938
-134.5 23.712472588134833 23.06285769812693
-134.00000000000006 23.70914139653584 23.05996143995045
-133.5 23.705833853300426 23.057093471451648
-133.0 23.70253495310382 23.054238993510307
-132.50000000000006 23.699241146485505 23.051373447936893
-132.0 23.695974921664956 23.048509690691755
-131.5 23.692685637054602 23.045669191314786
-131.00000000000006 23.689446830408137 23.042837668147918
-130.5 23.686202898579825 23.040005114258413
-130.0 23.68299105914066 23.037167819226994
-129.50000000000006 23.67977435951144 23.03435581416091
-129.0 23.676573698010635 23.031543375043984
-128.5 23.673393209036515 23.028746675449355
-128.00000000000006 23.67022673544629 23.02594199751377
-127.5 23.667042460078378 23.02315715310622
-127.0 23.663900722338568 23.02037741695191
-126.50000000000006 23.660778494750613 23.01759788480141
-126.0 23.65765573854876 23.014836104726605
-125.5 23.65456134601413 23.01208043607978
-125.00000000000006 23.651470892526927 23.009327821406615
-124.5 23.648390295073213 23.00658331011906
-124.0 23.645342126408654 23.003845652787504
-123.50000000000006 23.642274878878524 23.001118569172494
-123.0 23.63925334362671 22.99839614560203
-122.5 23.636239773969375 22.995686011054964
-122.00000000000006 23.633231024166044 22.992984262796092
-121.5 23.630252621795528 22.990285634259724
-121.0 23.627285558982912 22.987606993208765
-120.50000000000006 23.624318447035485 22.98493294049515
-120.0 23.62139151000772 22.98226189733533
-119.5 23.6184726194707 22.97959579686539
-119.00000000000006 23.615558196684155 22.97693843176252
-118.5 23.61267246946717 22.9742960183983
-118.0 23.60980032384632 22.971656030680272
-117.50000000000006 23.60694755797601 22.969026795716424
-117.0 23.604106954576505 22.966414230582952
-116.5 23.601281794189827 22.963792591069062
-116.00000000000006 23.598471480562452 22.961200120782266
-115.5 23.59567584660995 22.958612157156566
-115.0 23.59290698966329 22.95602359017903
-114.50000000000006 23.59014676813386 22.953442257736185
-114.0 23.587411181063587 22.950881095386308
-113.5 23.584697272125368 22.94832125069253
-113.00000000000006 23.58199153527064 22.94577821952005
-112.5 23.579318987590646 22.943230565342564
-112.0 23.57662905097207 22.9407003660636
-111.50000000000006 23.573984723898782 22.93817399211253
-111.0 23.571345559692595 22.935670246356157
-110.5 23.568732613709116 22.93316774770622
-110.00000000000006 23.566151985446634 22.930669401778978
-109.5 23.563566131128756 22.92818018196712
-109.0 23.56101146520954 22.92571300948105
-108.50000000000006 23.55846138307783 22.923245446100466
-108.0 23.55594154066205 22.920795132435163
-107.5 23.55344185799858 22.91835310482771
-107.00000000000006 23.550961898354362 22.915912081455076
-106.5 23.548485608473086 22.91348522783784
-106.0 23.546042137189666 22.91107155865816
-105.50000000000006 23.543611511610823 22.908664129140185
-105.0 23.541212619398518 22.90626351681475
-104.5 23.538818402041603 22.90387078819503
-104.00000000000006 23.536450354203833 22.901499436929033
-103.5 23.534086114766104 22.899131772909772
-103.0 23.531774354420527 22.896773336907764
-102.50000000000006 23.529455746908113 22.894415859756624
-102.0 23.527169444772596 22.892085543797123
-101.5 23.524898590555672 22.889759701376057
-101.00000000000006 23.52262661660312 22.887439384692097
-100.5 23.520389303013715 22.885120902385406
-100.0 23.51816381630506 22.882808383634988
-99.50000000000006 23.51594030466415 22.88052274054424
-99.0 23.513743168590008 22.878218486825567
-98.5 23.511543732934022 22.875941918565204
-98.00000000000006 23.509376551987305 22.873663279129136
-97.5 23.50720647434333 22.87139930503632
-97.0 23.505054806280373 22.86912964971734
-96.50000000000006 23.502916653889628 22.86687456025247
-96.0 23.500800157393336 22.86462677161412
-95.5 23.498686448381374 22.86238714499978
-95.00000000000006 23.49657650088545 22.860154255657783
-94.5 23.494501056143985 22.857927520343022
-94.0 23.49242167893175 22.855705473397528
-93.50000000000006 23.49035593629005 22.853495591616273
-93.0 23.48831836359893 22.851282825865518
-92.5 23.486284045108057 22.849091663376903
-92.00000000000006 23.484269906550544 22.846900825712982
-91.5 23.482253907082843 22.84472524204177
-91.0 23.48025316327081 22.84254207248495
-90.50000000000006 23.478278806672137 22.840369090990386
-90.0 23.476316875338146 22.838207992531302
-89.5 23.474350859801085 22.836049367885117
-89.00000000000006 23.472409125946818 22.833898411770818
-88.5 23.4704836690989 22.831758293600494
-88.0 23.468560636635694 22.829619033324494
-87.50000000000006 23.466655611947527 22.82748828023347
-87.0 23.46476603197643 22.825367246555462
-86.5 23.462887399691695 22.8232493269101
-86.00000000000006 23.461015514425647 22.821141332770615
-85.5 23.459157393811463 22.819041920170164
-85.0 23.45732413935798 22.81693935181982
-84.50000000000006 23.455489672861027 22.814852085384196
-84.0 23.45367870176971 22.81277522362171
-83.5 23.451874343178154 22.810692527640782
-83.00000000000006 23.450078328354195 22.80862682932506
-82.5 23.448290898667207 22.806563795068783
-82.0 23.446538125733753 22.804505333808798
-81.50000000000006 23.444779305247266 22.80245182731742
-81.0 23.443028248619633 22.800406136903497
-80.5 23.441312465188982 22.79837369720066
-80.00000000000006 23.439581600850737 22.7963422767785
-79.5 23.437887831703904 22.79431619332055
-79.0 23.43620058949044 22.792297319255837
-78.50000000000006 23.434510612849113 22.79028101886773
-78.0 23.43284011095943 22.788283065278453
-77.5 23.431188640827113 22.78628072991177
-77.00000000000006 23.42954648801583 22.784288518313744
-76.5 23.42791275432637 22.78230237211828
-76.0 23.426288426076365 22.780326331367423
-75.50000000000006 23.424680702330562 22.77834642211168
-75.0 23.423100750484135 22.77638256339742
-74.5 23.42151260439174 22.77441902532765
-74.00000000000006 23.41993530593936 22.77246028265434
-73.5 23.41837396284642 22.77051620662306
-73.0 23.4168376429082 22.768568316132
-72.50000000000006 23.415289317479328 22.766638298217753
-72.0 23.413774836728592 22.764704617217
-71.5 23.412280869835385 22.762780820731066
-71.00000000000006 23.41078519450604 22.76085998832029
-70.5 23.409296116610516 22.75894757041318
-70.0 23.40781259206931 22.757051563449743
-69.50000000000006 23.4063662084315 22.755138170673202
-69.0 23.40490534939471 22.753250730050816
-68.5 23.40346899119033 22.75135434137877
-68.00000000000006 23.40204633280861 22.749477447800537
-67.5 23.4006286381201 22.747595199528483
-67.0 23.399241003365006 22.745732552857227
-66.50000000000006 23.397846216997515 22.743865342657124
-66.0 23.396473636228933 22.742009093468667
-65.5 23.395100584043703 22.74015313005696
-65.00000000000006 23.393754476191315 22.738302666428925
-64.5 23.392420650351752 22.736461024532023
-64.0 23.391099367480123 22.734622675319677
-63.50000000000006 23.389770801703847 22.732801013246046
-63.0 23.388473228923083 22.730971404276904
-62.5 23.387162803673448 22.729153623174202
-62.00000000000006 23.385891220817484 22.72733755662237
-61.5 23.38460679437719 22.725528396194935
-61.0 23.383339973586345 22.723726108180585
-60.50000000000006 23.38208319705755 22.721929409681675
-60.0 23.380841031547423 22.720135811357345
-59.5 23.37960498541104 22.71834601046208
-59.00000000000006 23.378381133478104 22.716567575774857
-58.5 23.377165350499403 22.714790284607844
-58.0 23.37596243509781 22.71301709573415
-57.50000000000006 23.37476118259977 22.71125682756747
-57.0 23.373583579781982 22.709495432556466
-56.5 23.372404591817215 22.707729811951896
-56.00000000000006 23.371239763432342 22.705974316281964
-55.5 23.370073002523167 22.704234053389225
-55.0 23.36892816313358 22.702496621350715
-54.50000000000006 23.36780362711086 22.700753096337554
-54.0 23.36668551053609 22.69902856278199
-53.5 23.365559861452226 22.697305804657823
-53.00000000000006 23.364462382139788 22.695580318491345
-52.5 23.363363419098945 22.693867222118772
-52.0 23.362279407575045 22.692155250761466
-51.50000000000006 23.36119923901585 22.690451308732115
-51.0 23.360132458155466 22.688746864560162
-50.5 23.359093450743575 22.687056880953733
-50.00000000000006 23.358050835794515 22.68536399158584
-49.5 23.35701329278063 22.683674525740635
-49.0 23.355999957120993 22.68199549519716
-48.50000000000006 23.354983512739324 22.680324794959517
-48.0 23.353978768886407 22.678651952279285
-47.5 23.352985028800113 22.676985528293137
-47.00000000000006 23.352008081091213 22.675326603721302
-46.5 23.351032776896187 22.67367150027145
-46.0 23.350069729201298 22.67202738067381
-45.50000000000006 23.349130386448923 22.67037865892334
-45.0 23.34818836650239 22.66873174727281
-44.5 23.347253149505633 22.667101821850004
-44.00000000000006 23.346345206939986 22.665477170519917
-43.5 23.345438601671518 22.66385301799145
-43.0 23.344543404045012 22.662229816178673
-42.5 23.34365856076758 22.660608792123792
-42.0 23.342778182788816 22.65900968622345
-41.5 23.341915618333857 22.657399965771347
-41.0 23.34106355735272 22.655798923179105
-40.5 23.340209620380605 22.654210245868246
-40.0 23.339376953239046 22.652620586322602
-39.5 23.338556966184562 22.651024197399174
-39.0 23.33774948358922 22.64945327615887
-38.5 23.336944807062675 22.647874394887246
-38.0 23.336155447024094 22.6463022085176
-37.5 23.335372409984714 22.6447369629653
-37.0 23.3346081879476 22.64317557286131
-36.5 23.333850107331987 22.641623299635118
-36.0 23.33310431096717 22.64007141492399
-35.5 23.332362937586755 22.638527578588622
-35.0 23.33164395420689 22.63698288332896
-34.5 23.33092183798717 22.635448523078217
-34.0 23.330227668147035 22.633921654639998
-33.5 23.329535462227867 22.632390361786385
-33.0 23.328848873661883 22.630864743568143
-32.5 23.32818340226153 22.629351957498763
-32.0 23.327523643444025 22.627846607052604
-31.5 23.326865379461058 22.626329400729364
-31.0 23.32623659055021 22.6248375029584
-30.5 23.325609763300367 22.62333191167833
-30.0 23.32500046397605 22.621838234457428
-29.5 23.32438990202612 22.620360500300208
-29.0 23.32378917839987 22.618872559780094
-28.5 23.32322179319311 22.61739923850342
-28.0 23.322639649903714 22.61592234885944
-27.5 23.322087638091773 22.61444961594264
-27.0 23.321544555763097 22.61299611803026
-26.5 23.321001038336384 22.611525125182762
-26.0 23.320491761828094 22.610069787940862
-25.5 23.319958575385034 22.608627099348453
-25.0 23.319466698485215 22.60718078611464
-24.5 23.318973969873085 22.60574366642053
-24.0 23.318501648644766 22.60430229356457
-23.5 23.318032163877444 22.602870729162717
-23.0 23.317581574332458 22.601442480051666
-22.5 23.317150230599392 22.600017092426803
-22.0 23.316718795272642 22.598604366794824
-21.5 23.316298397799763 22.59717714377299
-21.0 23.315888329680277 22.595765375104122
-20.5 23.315509949498917 22.594358134521745
-20.0 23.315115986372852 22.59295478199995
-19.5 23.3147563184064 22.591551492992018
-19.0 23.314399972549282 22.590157955535275
-18.5 23.314048070983986 22.58877181410268
-18.0 23.31371031902895 22.587373099084182
-17.5 23.313395362451544 22.58599506768775
-17.0 23.31306202861393 22.584617882035527
-16.5 23.31277106938809 22.583234499898065
-16.0 23.312470888845507 22.581868109329378
-15.5 23.312194288027207 22.58050240409945
-15.0 23.311925694560895 22.579134292405744
-14.5 23.31166165441862 22.577775792411398
-14.0 23.311407482372857 22.576420041458928
-13.5 23.311163891831548 22.575069554394233
-13.0 23.310934772108176 22.573728664382735
-12.5 23.31072560581587 22.57238028320263
-12.0 23.310505394478902 22.571038749650526
-11.5 23.310305567690797 22.56970603482591
-11.0 23.310117476483963 22.568371048986645
-10.5 23.309933272096686 22.567045653792817
-10.0 23.309764791822268 22.56572390880111
-9.5 23.3096165750958 22.564402726813377
-9.0 23.30946186263469 22.563093554240314
-8.5 23.309306184433687 22.561782482905492
-8.0 23.30917286536613 22.560474970163465
-7.5 23.309057211414444 22.55917289511801
-7.0 23.308930738892222 22.557878018365027
-6.5 23.30882229288616 22.55658707223524
-6.0 23.308727029524334 22.555297816919328
-5.5 23.30864142400456 22.554011757101456
-5.0 23.30855755829315 22.552735208789972
-4.5 23.308481271129992 22.551460552763444
-4.0 23.308415581555835 22.55018908156368
-3.5 23.308349592801484 22.54891287960405
-3.0 23.308315810738467 22.547658195892126
-2.5 23.308278124634892 22.546390758828608
-2.0 23.308243933929607 22.545136686345096
-1.5 23.308226530901592 22.543884950982434
