FastTrWP/PhaseSpace/IAs/snIa_0.58_30.00_-1.78_-0.06.csv
# %ECSV 0.9
# ---
# datatype:
# - {name: time-rel, datatype: float64}
# - {name: g, datatype: float64}
# - {name: i, datatype: float64}
# schema: astropy-2.0
time-rel g i
[from data line 1061]
754.75 23.97159800494991 22.325376398660907
755.25 23.9737065575913 22.325561637911303
755.7499999999999 23.9758001247954 22.325754989518096
756.25 23.97791721022483 22.325959401144132
756.75 23.980015019562465 22.32615490745897
757.2499999999999 23.982141410434785 22.326363970734135
757.75 23.984261104120776 22.326560840228055
758.25 23.9863859718278 22.326771151523484
758.7499999999999 23.988516867426554 22.32697372952781
759.25 23.990640756120847 22.32718559430999
759.75 23.992801862241425 22.327395102228223
760.2499999999999 23.99493059411986 22.32760751512351
760.75 23.997086851963616 22.327822755463316
761.25 23.999236006989747 22.328041501138514
761.7499999999999 24.001396089664834 22.328262405851813
762.25 24.003561771598008 22.328478525144902
762.75 24.005728232807975 22.32870494162832
763.2499999999999 24.00790264273985 22.32893556000863
763.75 24.010069899060515 22.32915898520715
764.25 24.012260747690732 22.329391937837322
764.7499999999999 24.014456812151504 22.32962410584615
765.25 24.016645954597358 22.329859314545626
765.75 24.018835995936236 22.330096928447354
766.2499999999999 24.021041646531593 22.33033931008828
766.75 24.02325208969643 22.330570930924637
767.25 24.025470174625532 22.33081255057527
767.7499999999999 24.02766854113851 22.331063335125204
768.25 24.02989822376069 22.33130681291207
768.75 24.032128561507026 22.331554157419443
769.2499999999999 24.034361460592105 22.331808233697622
769.75 24.036595067334513 22.332058493067926
770.25 24.038843710164667 22.33230889336307
770.7499999999999 24.04108159190312 22.332567978207948
771.25 24.043332722735826 22.33282853437786
771.75 24.045581346867145 22.33308332664283
772.2499999999999 24.04783344089768 22.33334680826671
772.75 24.050097582909512 22.333615080470462
773.25 24.05237165296682 22.333881621349935
773.7499999999999 24.0546549902345 22.334150396066427
774.25 24.056933185450006 22.334419990501374
774.75 24.059217782013466 22.334691810792098
775.2499999999999 24.0615042758216 22.334973548458414
775.75 24.063831453217905 22.33523872556184
776.25 24.066118461760077 22.335534253943674
776.7499999999999 24.06842956895938 22.33581487570206
777.25 24.070741651700565 22.336093798672685
777.75 24.073070865201103 22.33639251225204
778.2499999999999 24.0753987243615 22.33668030544084
778.75 24.07775202344148 22.336975846369015
779.25 24.08008903991552 22.33726795628765
779.7499999999999 24.082433656891876 22.337556039163115
780.25 24.084793952702938 22.337866595188324
780.75 24.087143838978797 22.33816713253419
781.2499999999999 24.08951529996242 22.338470502034088
781.75 24.091889010423962 22.33877465023862
782.25 24.09425588657312 22.339076589699847
782.7499999999999 24.096639751988597 22.33939129298571
783.25 24.099022014099383 22.339708809460753
783.75 24.101445193986418 22.340020474871572
784.2499999999999 24.103829844091862 22.340338634796325
784.75 24.106228713306667 22.34065969731999
785.25 24.10865399541647 22.34097769575444
785.7499999999999 24.11106592633992 22.341308837371336
786.25 24.11350667335234 22.341632493112385
786.75 24.11592641295856 22.341957346106142
787.2499999999999 24.118369874037423 22.342282753802394
787.75 24.12081255354537 22.342614865281924
788.25 24.123248942022357 22.342958707614894
788.7499999999999 24.125714388856135 22.34329308859384
789.25 24.128175294707027 22.343635381249083
789.75 24.13063575693585 22.343972315167168
790.2499999999999 24.133111188598853 22.344312420825972
790.75 24.13558036637155 22.344659375887947
791.25 24.138070470943443 22.345003439824353
791.7499999999999 24.140558221075473 22.34535655029844
792.25 24.14305348052249 22.345702604999502
792.75 24.145545808071024 22.34606324862046
793.2499999999999 24.148067292088157 22.346412673590578
793.75 24.15059371448011 22.346770982973574
794.25 24.1530943072729 22.34713157480915
794.7499999999999 24.15563960661402 22.34749006762806
795.25 24.158172145867077 22.347860318368657
795.75 24.160701197541275 22.348218870370925
796.2499999999999 24.1632586730746 22.348593236683627
796.75 24.165791169808234 22.348960508940117
797.25 24.16834158700215 22.34932929691878
797.7499999999999 24.17090387177982 22.349699603149272
798.25 24.173459811424813 22.350074605699636
798.75 24.17603239478368 22.350457677034253
799.2499999999999 24.17862117813042 22.350831780658936
799.75 24.18120521343966 22.35121796101652
800.25 24.183792128074174 22.351585584446614
800.7499999999999 24.186382202517706 22.35198198359963
801.25 24.18897596025591 22.352365640538757
801.75 24.191593996970514 22.35276329592802
802.2499999999999 24.194201364167867 22.353146669738578
802.75 24.196820893275405 22.353538698798143
803.25 24.199438848060115 22.353932836157494
803.7499999999999 24.20205778935555 22.354326960117685
804.25 24.204697080707316 22.35472099735762
804.75 24.20733566312462 22.355125623636468
805.2499999999999 24.209988074670036 22.35552506934131
805.75 24.21262310859224 22.355929705085074
806.25 24.21528797559204 22.35632726305576
806.7499999999999 24.217947389245637 22.35673907835247
807.25 24.220603565677603 22.357148339354072
807.75 24.22328980913037 22.35755226769626
808.2499999999999 24.22596557149868 22.35796863052912
808.75 24.22864058789702 22.358385840180762
809.25 24.231326721719938 22.358800994010885
809.7499999999999 24.23402737668294 22.359220968767445
810.25 24.236726128378816 22.359632485466197
810.75 24.239420797064717 22.360056328536334
811.2499999999999 24.242144650350298 22.360478874786924
811.75 24.2448669448624 22.36090191170648
812.25 24.247621238682264 22.36133128901523
812.7499999999999 24.25036424808445 22.361765806588604
813.25 24.25313630670791 22.362196331680252
813.75 24.255920790988434 22.362632983690958
814.2499999999999 24.258695180295078 22.363076014488374
814.75 24.26152010160238 22.36351858392198
815.25 24.26431429603255 22.363968436080444
815.7499999999999 24.267146778003863 22.364412656080592
816.25 24.2699817882457 22.364867797398205
816.75 24.272839046816234 22.365332472529694
817.2499999999999 24.275678604510986 22.365779048442803
817.75 24.27853287375198 22.36624174855723
818.25 24.281427317103027 22.3666961828185
818.7499999999999 24.284327153292807 22.367162217767916
819.25 24.2872135107677 22.367627811544757
819.75 24.290115763530615 22.368100177009577
820.2499999999999 24.29304102505965 22.36857185763569
820.75 24.2959592460592 22.36904268518821
821.25 24.298899062644704 22.369516990764215
821.7499999999999 24.301844866914163 22.36999479311898
822.25 24.30479117287903 22.370471475246127
822.75 24.3077418004562 22.37095732793466
823.2499999999999 24.31070741597098 22.37143812739923
823.75 24.313698516431185 22.371928322440226
824.25 24.31667224139309 22.37241010758975
824.7499999999999 24.319663554871372 22.37290917913896
825.25 24.322654680921353 22.373402390961388
825.75 24.325658750701958 22.373894310574943
826.2499999999999 24.328670452820752 22.374383372540297
826.75 24.331697130709877 22.374886410321405
827.25 24.33470810085575 22.37537783576339
827.7499999999999 24.337740029789504 22.375878323290767
828.25 24.340764637561914 22.37638158422994
828.75 24.343809094796285 22.376892060027732
829.2499999999999 24.3468596710527 22.37740189926312
829.75 24.349906740383183 22.377906732005233
830.25 24.35295554162211 22.37841900202791
830.7499999999999 24.356033851555768 22.378924010373478
831.25 24.359072042504692 22.379440768929058
831.75 24.3621455101326 22.379950217014418
832.2499999999999 24.365210416743675 22.38046344919335
832.75 24.368287671681422 22.380992504966972
833.25 24.37136416766885 22.381507386493006
833.7499999999999 24.374415052979195 22.382024560116843
834.25 24.37752290547678 22.382536344300608
834.75 24.380580449892825 22.383065572165254
835.2499999999999 24.38367877193448 22.38358241007614
835.75 24.3867578525872 22.384105557331715
836.25 24.389837002351914 22.38463345742188
836.7499999999999 24.392914210844772 22.3851587531652
837.25 24.39600192488687 22.385678861948023
837.75 24.39908272319389 22.386214864446714
838.2499999999999 24.402184891177484 22.38674341329576
838.75 24.405254609635165 22.387270639660585
839.25 24.408346690364265 22.387801518213756
839.7499999999999 24.41143412305822 22.388332898109702
840.25 24.414507070780314 22.388866801614505
840.75 24.417584532056544 22.38939676862035
841.2499999999999 24.420660122741754 22.389925634545676
841.75 24.42373451227575 22.390460854097224
842.25 24.426789699648182 22.39100424304784
842.7499999999999 24.4298513364571 22.391537690104172
843.25 24.43292481042193 22.39207182378399
843.75 24.43598557606135 22.39260073002574
844.2499999999999 24.439032364015354 22.393135476222316
844.75 24.442089992159207 22.39367621791857
845.25 24.44510718013308 22.394211521894647
845.7499999999999 24.44815280711647 22.394745207501202
846.25 24.451183347749136 22.395292496998735
846.75 24.45419669099917 22.39582346578348
847.2499999999999 24.457217329834467 22.396363400294213
847.75 24.460216758660465 22.396896449645
848.25 24.46323164229931 22.39743618841469
848.7499999999999 24.46622800706681 22.3979737758328
849.25 24.469221442785205 22.398510466950846
849.75 24.47223622995613 22.399044973424857
850.2499999999999 24.475212092148105 22.399590282450575
850.75 24.478209141133846 22.40013207360061
851.25 24.481197577183245 22.40067893342402
851.7499999999999 24.48420721706149 22.40122339450994
852.25 24.48721578613935 22.401772251067563
852.75 24.490215511093048 22.402325703538274
853.2499999999999 24.493219908119176 22.40287217655816
853.75 24.49620753285769 22.40342552799547
854.25 24.499207747727944 22.403978424921466
854.7499999999999 24.5022120078159 22.4045249427928
855.25 24.5052242019398 22.405081687887414
855.75 24.508207845821946 22.405638701589172
856.2499999999999 24.511215801990637 22.406200802860084
856.75 24.514229030703905 22.40675139318401
857.25 24.517221819041694 22.407321150972145
857.7499999999999 24.520223448720728 22.407879013738736
858.25 24.523213150910877 22.408436315763183
858.75 24.526221784344685 22.40899484845776
859.2499999999999 24.529222806019643 22.409564694402093
859.75 24.532214819664546 22.41013861052675
860.25 24.535221825727742 22.41069612639272
860.7499999999999 24.53821735087474 22.411269722086267
861.25 24.541224972531268 22.411833668560437
861.75 24.54422022578614 22.412400741080422
862.2499999999999 24.54719674817543 22.412974740664847
862.75 24.550202594129296 22.413546447871163
863.25 24.55320356346689 22.414123023475074
863.7499999999999 24.556179914077063 22.414694291014836
864.25 24.55918744860522 22.415274401406403
864.75 24.562173594888304 22.415847938745493
865.2499999999999 24.565173649123903 22.41642704856917
865.75 24.568140898066112 22.4170002180696
866.25 24.571137342201 22.41758432440866
866.7499999999999 24.574081682064897 22.418165393001487
867.25 24.577106005482065 22.41875048856416
867.75 24.580079243206214 22.41933012953721
868.2499999999999 24.58304538587985 22.41991752260075
868.75 24.58601676137835 22.420498376845444
869.25 24.588992880775358 22.421089069429392
869.7499999999999 24.59196799782523 22.4216701595409
870.25 24.594939147721817 22.42225777185824
870.75 24.597891158723613 22.42284330699233
871.2499999999999 24.600855789391577 22.42343080227334
871.75 24.60382439581815 22.424024313674543
872.25 24.606772030583723 22.424613074799442
872.7499999999999 24.60972328802679 22.425210079985685
873.25 24.61268078054593 22.42579679563501
873.75 24.61562026062154 22.42639024751248
874.2499999999999 24.61858355246829 22.4269857816016
874.75 24.621503117101824 22.4275776051187
875.25 24.624443881682158 22.428173912807075
875.7499999999999 24.62738865443779 22.42877559138256
876.25 24.63031149208071 22.429367339506324
876.75 24.633220770063573 22.42996351743503
877.2499999999999 24.63614297578237 22.43056545220557
877.75 24.639066862164263 22.4311674130707
878.25 24.641999412169284 22.431769519438273
878.7499999999999 24.64490313413922 22.432365286252942
879.25 24.64779939193709 22.432966957860575
879.75 24.650684260847378 22.433565936065452
880.2499999999999 24.653600347854017 22.43417171955557
880.75 24.656497070490303 22.434769155409576
881.25 24.65936136481251 22.435381281946377
881.7499999999999 24.662240235107497 22.43597484852957
882.25 24.66512658880096 22.436581801480106
882.75 24.667993798410688 22.437189123327464
883.2499999999999 24.670846427724324 22.437798683117084
883.75 24.673698566527204 22.438401778208572
884.25 24.676560361110916 22.439009473817897
884.7499999999999 24.679400216950732 22.43961496535627
885.25 24.682244942986 22.440226806129942
885.75 24.685073480740286 22.440830498580905
886.2499999999999 24.687892423964257 22.44143952077655
886.75 24.690729311137684 22.442052328170444
887.25 24.69352402228693 22.442660395430313
887.7499999999999 24.69635174591223 22.443275221465694
888.25 24.699135025837688 22.443885438461507
888.75 24.701935061887422 22.44450236771762
889.2499999999999 24.704727298366663 22.445115695203867
889.75 24.707525196001335 22.445732943122863
890.25 24.710281941145844 22.446350892732237
890.7499999999999 24.713061181956544 22.446966118422537
891.25 24.71583009927414 22.447587099393864
891.75 24.718589395025866 22.44819930457673
892.2499999999999 24.72133289800305 22.448818059857576
892.75 24.724072262800195 22.449441050185982
893.25 24.72683939462192 22.45006249197249
893.7499999999999 24.72955711096782 22.450677057640714
894.25 24.73229062200897 22.451300427550137
894.75 24.735009187556752 22.451922939287638
895.2499999999999 24.737729475672374 22.452546958988407
895.75 24.740417141785912 22.45317454283388
896.25 24.743120165756018 22.453801082809367
896.7499999999999 24.745831907455326 22.454428388330005
897.25 24.748532486048642 22.455057203511124
897.75 24.751197162908383 22.455685159904434
898.2499999999999 24.75389407183367 22.456316141378515
898.75 24.756559684959104 22.456944814173056
899.25 24.75921095624384 22.457572347159168
899.7499999999999 24.761868310349104 22.458208056186322
900.25 24.764516898176836 22.45883906704252
900.75 24.76717101935137 22.459471094361586
901.2499999999999 24.769799534456055 22.460110183103936
901.75 24.772435574371166 22.460742724716454
902.25 24.775062138784882 22.461378741658756
902.7499999999999 24.777693155880883 22.462017484432884
903.25 24.780294518321448 22.46265267050547
903.75 24.7828864147101 22.46329350820515
904.2499999999999 24.785471495900193 22.46393527287125
904.75 24.78808586017262 22.464571098761258
905.25 24.790669612134305 22.465216908183375
905.7499999999999 24.793255381561316 22.465856631566172
906.25 24.79580797427198 22.46649363293535
906.75 24.79839395308939 22.467143924993522
907.2499999999999 24.80095934856022 22.46779501648416
907.75 24.803498187053947 22.46844091004428
908.25 24.806054401215505 22.469076744529914
908.7499999999999 24.8085907406192 22.46971810136092
909.25 24.81111419999779 22.470371338162956
909.75 24.813644361050194 22.471021875907017
910.2499999999999 24.81616531204121 22.47167326164819
910.75 24.818681649212945 22.47232478773759
911.25 24.821202928950903 22.47298269080243
911.7499999999999 24.823673564101284 22.473632596414973
912.25 24.826201169086033 22.474276908155268
912.75 24.828671357523447 22.474933551816104
913.2499999999999 24.831149438827968 22.47559776936655
913.75 24.833612289696767 22.47624426769242
914.25 24.83610606343969 22.47690641735515
914.7499999999999 24.838550862029134 22.477566589619848
915.25 24.84102143513193 22.478214291063523
915.75 24.843448823286252 22.478876903975568
916.2499999999999 24.8458880760369 22.47953917931448
916.75 24.848344789381585 22.48019725721926
917.25 24.850743046328063 22.48085406878131
917.7499999999999 24.8532004422329 22.481518492326856
918.25 24.85559151107917 22.482182588816638
918.75 24.85799338296642 22.482851475586457
919.2499999999999 24.860403688157238 22.483512533123886
919.75 24.862797034185814 22.484180603451502
920.25 24.86518270267835 22.484842209419025
920.7499999999999 24.86755519464781 22.48551293378647
