FastTrWP/PhaseSpace/IAs/snIa_0.4_20_0.0_-0.1.csv
# %ECSV 0.9
# ---
# datatype:
# - {name: time-rel, datatype: float64}
# - {name: g, datatype: float64}
# - {name: i, datatype: float64}
# schema: astropy-2.0
time-rel g i
[from data line 2500]
1234.0208333333333 -24.359781441668492 -26.465183828907605
1234.5208333333333 -24.35817034122436 -26.464468008801557
1235.0208333333333 -24.35652283863863 -26.463758066153428
1235.5208333333333 -24.354935776508235 -26.463032121781737
1236.0208333333333 -24.353283838009084 -26.46231878875566
1236.5208333333333 -24.351663072667087 -26.461603779964243
1237.0208333333333 -24.350069402131727 -26.46089227020786
1237.5208333333333 -24.348436462452923 -26.46016696227846
1238.0208333333333 -24.346844287182392 -26.459455551479518
1238.5208333333333 -24.34521269666439 -26.45874879121645
1239.0208333333333 -24.343624879641993 -26.45802829947605
1239.5208333333333 -24.342013076859534 -26.45731973033927
1240.0208333333333 -24.340435721694142 -26.456593290860255
1240.5208333333333 -24.338836520109496 -26.455877860648947
1241.0208333333333 -24.33722643123172 -26.455164903023043
1241.5208333333333 -24.335652323221627 -26.454432376604213
1242.0208333333333 -24.33407196287014 -26.453726572920093
1242.5208333333333 -24.3324927790461 -26.45301239806034
1243.0208333333333 -24.3309301607534 -26.452282909444772
1243.5208333333333 -24.32935456762953 -26.451570840325008
1244.0208333333333 -24.327774956319146 -26.4508543853712
1244.5208333333333 -24.32624487872614 -26.4501408308967
1245.0208333333333 -24.32464042544002 -26.449420423973994
1245.5208333333333 -24.32310851031057 -26.4486961004052
1246.0208333333333 -24.3215573771103 -26.44798250188679
1246.5208333333333 -24.31999956917444 -26.44726962922544
1247.0208333333333 -24.318434687844935 -26.44654776178659
1247.5208333333333 -24.316895600911472 -26.4458335037884
1248.0208333333333 -24.31534559545088 -26.445115698448305
1248.5208333333333 -24.313813902957083 -26.44440759048166
1249.0208333333333 -24.31225801822854 -26.443680613963373
1249.5208333333333 -24.310758971898807 -26.44296550056781
1250.0208333333333 -24.30922352850974 -26.44225197182783
1250.5208333333333 -24.30770083747449 -26.441522950698545
1251.0208333333333 -24.30617330097027 -26.440805188502395
1251.5208333333333 -24.304654531308355 -26.440092359683018
1252.0208333333333 -24.30315377457671 -26.439375245701285
1252.5208333333333 -24.30159400807215 -26.438665800794535
1253.0208333333333 -24.30012669494195 -26.437938476820754
1253.5208333333333 -24.298624299090324 -26.437219575244978
1254.0208333333333 -24.297113072763086 -26.436509939609827
1254.5208333333333 -24.295623291634364 -26.435787182116805
1255.0208333333333 -24.294141072632126 -26.435074353842822
1255.5208333333333 -24.292630737083492 -26.43435950294366
1256.0208333333333 -24.291124205625106 -26.43363382188714
1256.5208333333333 -24.289652463000444 -26.432918134165465
1257.0208333333333 -24.28818209436445 -26.43220540757817
1257.5208333333333 -24.286703520101767 -26.43147423391475
1258.0208333333333 -24.28518608544588 -26.43077106272746
1258.5208333333333 -24.283722311356154 -26.43003551936413
1259.0208333333333 -24.28225308983216 -26.429331926502762
1259.5208333333333 -24.280771048364702 -26.42861609337514
1260.0208333333333 -24.279328502710086 -26.427888336976864
1260.5208333333333 -24.277895021242962 -26.427173927113405
1261.0208333333333 -24.27636348166592 -26.426455171392856
1261.5208333333333 -24.274933400403476 -26.425745662134112
1262.0208333333333 -24.27348596977052 -26.425027422250125
1262.5208333333333 -24.272046057446467 -26.42430807804803
1263.0208333333333 -24.270607750522423 -26.42358462961965
1263.5208333333333 -24.269159950311664 -26.422879276774857
1264.0208333333333 -24.26771491165276 -26.422152698587908
1264.5208333333333 -24.266274630122588 -26.421437228786992
1265.0208333333333 -24.264815795127582 -26.42073172118306
1265.5208333333333 -24.26340007585326 -26.41999884491032
1266.0208333333333 -24.261968117900054 -26.41928185451579
1266.5208333333333 -24.260552434134347 -26.418572917714307
1267.0208333333333 -24.259163216222326 -26.417851420442247
1267.5208333333333 -24.25770919804623 -26.417134175701378
1268.0208333333333 -24.256307005818762 -26.416419302413594
1268.5208333333333 -24.254858291605235 -26.41570235524918
1269.0208333333333 -24.253474276707117 -26.414995701454682
1269.5208333333333 -24.252059262032603 -26.41427526906348
1270.0208333333333 -24.250647745387038 -26.413559666189666
1270.5208333333333 -24.24926875595451 -26.412843809870328
1271.0208333333333 -24.247858123474906 -26.412123108354095
1271.5208333333333 -24.246460805639344 -26.411400294477016
1272.0208333333333 -24.245092731943764 -26.41069484251269
1272.5208333333333 -24.243681152492336 -26.409993182176656
1273.0208333333333 -24.242307747757085 -26.409249409593812
1273.5208333333333 -24.240945370381176 -26.408552448610727
1274.0208333333333 -24.2395822014525 -26.407839084583856
1274.5208333333333 -24.238214207639473 -26.40711635214913
1275.0208333333333 -24.23685125371128 -26.40640998283502
1275.5208333333333 -24.235462717784678 -26.405691450776494
1276.0208333333333 -24.234123822985353 -26.40497480316021
1276.5208333333333 -24.23279933084096 -26.40426088030808
1277.0208333333333 -24.231399685947018 -26.40355027049226
1277.5208333333333 -24.230094493617464 -26.402826535620903
1278.0208333333333 -24.228767799221174 -26.402125292048595
1278.5208333333333 -24.227422066984854 -26.40140388959191
1279.0208333333333 -24.226090562606068 -26.400693676577728
1279.5208333333333 -24.224762270530466 -26.399996644028256
1280.0208333333333 -24.223414170954136 -26.399279303243738
1280.5208333333333 -24.222136372310917 -26.39856879351166
1281.0208333333333 -24.220812588753503 -26.397835495085545
1281.5208333333333 -24.219486624435348 -26.39713547735677
1282.0208333333333 -24.21820193779419 -26.396419522558936
1282.5208333333333 -24.216900899334238 -26.395709757363125
1283.0208333333333 -24.215601318883408 -26.394985394386715
1283.5208333333333 -24.214310998573477 -26.394283593724953
1284.0208333333333 -24.213023897648824 -26.39356021552386
1284.5208333333333 -24.211732118864447 -26.392847799289797
1285.0208333333333 -24.21044111750435 -26.39213945057428
1285.5208333333333 -24.209192908362237 -26.39143493722264
1286.0208333333333 -24.20790252262001 -26.39071867576483
1286.5208333333333 -24.20661587460343 -26.39000966343979
1287.0208333333333 -24.205368600062126 -26.389295876956403
1287.5208333333333 -24.204084099364028 -26.38858919758949
1288.0208333333333 -24.202846868687537 -26.387864494296018
1288.5208333333333 -24.20154677177905 -26.387143585556974
1289.0208333333333 -24.20030518056614 -26.386446736969106
1289.5208333333333 -24.1990666398422 -26.38572759954997
1290.0208333333333 -24.197822474101823 -26.385015505878968
1290.5208333333333 -24.196586350827936 -26.384293632127275
1291.0208333333333 -24.195305846171372 -26.38358756394842
1291.5208333333333 -24.194079046796205 -26.38287515800176
1292.0208333333333 -24.19285935460131 -26.3821540378069
1292.5208333333333 -24.191592667048802 -26.381449258000526
1293.0208333333333 -24.19036930221797 -26.380732937113617
1293.5208333333333 -24.189133897181136 -26.38002208515922
1294.0208333333333 -24.18790823985105 -26.379304420522438
1294.5208333333333 -24.18668707028699 -26.378590683448564
1295.0208333333333 -24.18544705675496 -26.377875513302453
1295.5208333333333 -24.184261261558333 -26.377163067379602
1296.0208333333333 -24.183056618482432 -26.376457014505796
1296.5208333333333 -24.181818661049338 -26.375741777841327
1297.0208333333333 -24.180614807699 -26.3750226836257
1297.5208333333333 -24.17942434033523 -26.374305159685495
1298.0208333333333 -24.178204674073342 -26.37358268091792
1298.5208333333333 -24.17699025258242 -26.37287566064324
1299.0208333333333 -24.175805541139713 -26.372158333203842
1299.5208333333333 -24.174608345817585 -26.371432105461018
1300.0208333333333 -24.173391344559718 -26.370719056057453
1300.5208333333333 -24.172197831550157 -26.37000922703605
1301.0208333333333 -24.17102310375781 -26.369288222430292
1301.5208333333333 -24.169844152044668 -26.368556838262943
1302.0208333333333 -24.168643281868793 -26.36784039061038
1302.5208333333333 -24.167415848766733 -26.367126523839893
1303.0208333333333 -24.166233971951534 -26.366407153057242
1303.5208333333333 -24.165091250668226 -26.365692003066425
1304.0208333333333 -24.163886099856796 -26.3649725229553
1304.5208333333333 -24.162751277893406 -26.36425129690852
1305.0208333333333 -24.161549546388127 -26.36352527643949
1305.5208333333333 -24.16035603492283 -26.362806933843355
1306.0208333333333 -24.159185625986368 -26.362084277966304
1306.5208333333333 -24.15805410420724 -26.361380169442228
1307.0208333333333 -24.156883891483545 -26.360642149856517
1307.5208333333333 -24.15576082486018 -26.359936187058516
1308.0208333333333 -24.15460005247678 -26.35921022799474
1308.5208333333333 -24.153436172275345 -26.35849561398558
1309.0208333333333 -24.152319454916004 -26.35777367101199
1309.5208333333333 -24.15120545584191 -26.357057040813064
1310.0208333333333 -24.15005637557808 -26.35634978440548
1310.5208333333333 -24.148947654376236 -26.35562422308176
1311.0208333333333 -24.147803540941986 -26.354903148072882
1311.5208333333333 -24.14668106057572 -26.354178086369473
1312.0208333333333 -24.145574004936456 -26.35346362977039
1312.5208333333333 -24.14446377120108 -26.352750658636385
1313.0208333333333 -24.143346900092123 -26.35204348629522
1313.5208333333333 -24.142272266546723 -26.351308331129452
1314.0208333333333 -24.141177705948557 -26.35060116902836
1314.5208333333333 -24.140085077497233 -26.34987291244185
1315.0208333333333 -24.138964511239532 -26.349172012003343
1315.5208333333333 -24.13790295020889 -26.348447315408254
1316.0208333333333 -24.136792133407386 -26.347716612275658
1316.5208333333333 -24.13572829598686 -26.346993672559304
1317.0208333333333 -24.13462391968599 -26.346293589871944
1317.5208333333333 -24.1335646409753 -26.345572703550395
1318.0208333333333 -24.132499541364844 -26.344843990639273
1318.5208333333333 -24.13143944665873 -26.34412256311911
1319.0208333333333 -24.130379029260563 -26.343398044718633
1319.5208333333333 -24.129313599824727 -26.342677184949295
1320.0208333333333 -24.12824682386692 -26.341967949831428
1320.5208333333333 -24.127157304478516 -26.341234462857614
1321.0208333333333 -24.126110424854307 -26.34052214318234
1321.5208333333333 -24.125049103672378 -26.339815708981362
1322.0208333333333 -24.124026859406584 -26.339073802722936
1322.5208333333333 -24.12295306015161 -26.338351409326325
1323.0208333333333 -24.12193773173216 -26.337634741861034
1323.5208333333333 -24.120889488545036 -26.336911426754085
1324.0208333333333 -24.119799426923176 -26.336171805979006
1324.5208333333333 -24.118794800270948 -26.33545101233183
1325.0208333333333 -24.117743105818818 -26.334729822487425
1325.5208333333333 -24.116717917585095 -26.33400279213689
1326.0208333333333 -24.115689007196245 -26.333276508430103
1326.5208333333333 -24.114661906642148 -26.3325410771465
1327.0208333333333 -24.113611693259358 -26.33182003941352
1327.5208333333333 -24.11259300595734 -26.331091934504588
1328.0208333333333 -24.111536947790185 -26.330359175793543
1328.5208333333333 -24.11052236506363 -26.329634007599097
1329.0208333333333 -24.109462685591527 -26.328916837531303
1329.5208333333333 -24.10850062453864 -26.328183292784388
1330.0208333333333 -24.107444185778345 -26.32743714064134
1330.5208333333333 -24.106458530495438 -26.326713461212663
1331.0208333333333 -24.105394711087662 -26.325970784051258
1331.5208333333333 -24.104395643676597 -26.32524151348907
1332.0208333333333 -24.103371199684513 -26.32450667758418
1332.5208333333333 -24.102341223947725 -26.323765308495584
1333.0208333333333 -24.10136358823086 -26.323025629259913
1333.5208333333333 -24.100288054728555 -26.322293496254755
1334.0208333333333 -24.099292124414262 -26.32155175516397
1334.5208333333333 -24.09824384755485 -26.32081295840584
1335.0208333333333 -24.097234628798336 -26.320067650305905
1335.5208333333333 -24.096229911796616 -26.31933047030484
1336.0208333333333 -24.095212976897052 -26.318575121566745
1336.5208333333333 -24.094186340332918 -26.31784676762855
1337.0208333333333 -24.093188258360986 -26.31709520943064
1337.5208333333333 -24.092147123614453 -26.3163541618097
1338.0208333333333 -24.091146159895903 -26.31559826866393
1338.5208333333333 -24.09011747929817 -26.31484916171315
1339.0208333333333 -24.089089922593185 -26.314109346321306
1339.5208333333333 -24.08811318675796 -26.313358224710832
1340.0208333333333 -24.08708432287185 -26.312604810444903
1340.5208333333333 -24.086090180091052 -26.311865280250437
1341.0208333333333 -24.08506496074097 -26.3111013958829
1341.5208333333333 -24.084073916141126 -26.310344189163377
1342.0208333333333 -24.083082989879326 -26.309606341672833
1342.5208333333333 -24.082054001147498 -26.308847918632715
1343.0208333333333 -24.08109062250321 -26.308090928655226
1343.5208333333333 -24.080061094831624 -26.30733826546592
1344.0208333333333 -24.07907198092879 -26.30657198606891
1344.5208333333333 -24.078104133416996 -26.30582291158667
1345.0208333333333 -24.077073161454955 -26.305073295155843
1345.5208333333333 -24.076122138462125 -26.304315423242
1346.0208333333333 -24.075147775115155 -26.303547229743295
1346.5208333333333 -24.074126244679128 -26.302806796696082
1347.0208333333333 -24.073185386258622 -26.302017337958738
1347.5208333333333 -24.072191266500482 -26.301274998406377
1348.0208333333333 -24.071230060948924 -26.300506407044935
1348.5208333333333 -24.070229159517563 -26.2997571740976
1349.0208333333333 -24.069286265937507 -26.298985309021184
1349.5208333333333 -24.068277158083315 -26.298233602267462
1350.0208333333333 -24.067333897334727 -26.297463825231926
1350.5208333333333 -24.066369893183676 -26.29670242764382
1351.0208333333333 -24.065366197535205 -26.295944653214253
1351.5208333333333 -24.06443017286353 -26.295161422463398
1352.0208333333333 -24.063475480224696 -26.29439510545563
1352.5208333333333 -24.06249808929099 -26.29362382117865
1353.0208333333333 -24.061510355808487 -26.292860440560343
1353.5208333333333 -24.060594532361034 -26.292104181801797
1354.0208333333333 -24.05958814982656 -26.291335271506362
1354.5208333333333 -24.05865739066261 -26.290563348687144
1355.0208333333333 -24.057686867537118 -26.28977999977669
1355.5208333333333 -24.05669998310541 -26.289015118168763
1356.0208333333333 -24.05577495029469 -26.288242873285984
1356.5208333333333 -24.05483075366691 -26.287472296715706
1357.0208333333333 -24.053899233000745 -26.286702870624573
1357.5208333333333 -24.052947660314423 -26.28591643828316
1358.0208333333333 -24.05202640781522 -26.285156346687057
1358.5208333333333 -24.051061227292287 -26.284374623188192
1359.0208333333333 -24.05016028505297 -26.28359379504046
1359.5208333333333 -24.049182145891802 -26.28283048653167
1360.0208333333333 -24.04820821831647 -26.282043697224623
1360.5208333333333 -24.047332023313132 -26.281273010120593
1361.0208333333333 -24.04637561758563 -26.280492591842382
1361.5208333333333 -24.045481200791883 -26.2797154180622
1362.0208333333333 -24.044555609939707 -26.27893252359218
1362.5208333333333 -24.043549320332286 -26.278152100949903
1363.0208333333333 -24.042625140696092 -26.277370587307676
1363.5208333333333 -24.04173118461336 -26.27658748207785
1364.0208333333333 -24.04081957430076 -26.27580617354493
1364.5208333333333 -24.039880503677765 -26.275021950766757
1365.0208333333333 -24.038960186377942 -26.274237852855293
1365.5208333333333 -24.038034360366403 -26.27345941743135
1366.0208333333333 -24.037115100066533 -26.272670728007736
1366.5208333333333 -24.036167489859174 -26.27188828220417
1367.0208333333333 -24.035256096986753 -26.271102075466793
1367.5208333333333 -24.03432089857172 -26.2703118812221
1368.0208333333333 -24.03343778907075 -26.269529820977837
1368.5208333333333 -24.03252970976334 -26.26873663797868
1369.0208333333333 -24.031596633327048 -26.267957147989073
1369.5208333333333 -24.0306929752378 -26.26716950716649
1370.0208333333333 -24.029788886106846 -26.266364608669587
1370.5208333333333 -24.028899102676995 -26.265583596254068
