FastTrWP/PhaseSpace/IAs/snIa_0.51_30.00_0.24_-0.08.csv
# %ECSV 0.9
# ---
# datatype:
# - {name: time-rel, datatype: float64}
# - {name: g, datatype: float64}
# - {name: i, datatype: float64}
# schema: astropy-2.0
time-rel g i
[from data line 701]
-61.5 23.15264569301727 22.655198543420333
-61.0 23.15165701412913 22.65405218354569
-60.5 23.15067506421252 22.6529194338436
-60.0 23.149713019398114 22.6517853442345
-59.5 23.148753980345738 22.650650884738724
-59.0 23.14779477530601 22.649523659070915
-58.5 23.14686446315158 22.648406178432552
-58.0 23.14591953375693 22.647292224372393
-57.5 23.145000011502525 22.646178700285837
-57.0 23.144080093128643 22.64506902065742
-56.5 23.14318916474702 22.643965941367163
-56.0 23.142280095160864 22.642869716020463
-55.5 23.14139671883408 22.6417775817132
-55.0 23.140521600035665 22.64068903726215
-54.5 23.13964879392481 22.63960932745443
-54.0 23.138790762520372 22.63853001091406
-53.5 23.137930498586844 22.637453150221248
-53.0 23.13708355971339 22.63638847821745
-52.5 23.13625723149257 22.63532450771259
-52.0 23.13543454556468 22.63426101128861
-51.5 23.134617129705603 22.63319566427656
-51.0 23.133803119870194 22.632153899456302
-50.5 23.13301283199713 22.63110336574714
-50.0 23.13221612266147 22.63006654897108
-49.5 23.13144099450629 22.62903065592807
-49.0 23.13067072454508 22.627991409063664
-48.5 23.129911126079726 22.626964006552406
-48.0 23.129150157875156 22.625937947184347
-47.5 23.128420022947584 22.624926391559978
-47.0 23.127681820672876 22.62391092978485
-46.5 23.126958275689297 22.62290375388786
-46.0 23.126229631333793 22.621897365047907
-45.5 23.12553414759513 22.620905836195035
-45.0 23.124840270748738 22.619901318576424
-44.5 23.12414578936846 22.618916520164664
-44.0 23.12347254198005 22.6179262870135
-43.5 23.122808702239293 22.616946970493203
-43.0 23.122158445365358 22.615968265806234
-42.5 23.12150789866945 22.61500164358587
-42.0 23.120864126114256 22.614030817949455
-41.5 23.120229620545352 22.61307160975042
-41.0 23.11960997688592 22.61211790439139
-40.5 23.119004898314692 22.611163407929936
-40.0 23.118393884915417 22.610213966152486
-39.5 23.117803841263175 22.609270041984555
-39.0 23.117219408078824 22.608336985384653
-38.5 23.116650136871932 22.60739963981706
-38.0 23.11607542802654 22.606471594234794
-37.5 23.115513296851482 22.60553657227499
-37.0 23.114975446401296 22.60462027467719
-36.5 23.114434819673026 22.603704216335924
-36.0 23.113899420576516 22.60278511678529
-35.5 23.113383145183597 22.601879205698193
-35.0 23.11286652380379 22.60097206105534
-34.5 23.11236075859722 22.600075807569524
-34.0 23.11185937122541 22.599173785927732
-33.5 23.1113697802402 22.598287991633153
-33.0 23.110894219863376 22.597400036425057
-32.5 23.11040640040047 22.59651102335595
-32.0 23.10995078569952 22.595631802224307
-31.5 23.10949013193571 22.594755520657447
-31.0 23.109039788498393 22.593884161745006
-30.5 23.108597357031414 22.593013742628806
-30.0 23.108164367821793 22.59214938838899
-29.5 23.107741163036305 22.5912896725687
-29.0 23.107332570264543 22.590439351629517
-28.5 23.106913463490013 22.589581579974087
-28.0 23.106503602773316 22.58873004824068
-27.5 23.106107127065286 22.587891535900738
-27.0 23.10572962995455 22.58704456552577
-26.5 23.105345648798348 22.586215869772612
-26.0 23.10497611271787 22.58538299129699
-25.5 23.104609997010375 22.584547135325295
-25.0 23.10425003331514 22.583716067643152
-24.5 23.1038934381765 22.58290090530865
-24.0 23.103550563320603 22.582081031801717
-23.5 23.10320724863798 22.58126464955751
-23.0 23.102888939921982 22.58045778378286
-22.5 23.10255202927532 22.579646637755417
-22.0 23.102243097036354 22.578839761720776
-21.5 23.10192784184196 22.5780499130641
-21.0 23.10162013793523 22.577243811664836
-20.5 23.101326335299216 22.576450026938794
-20.0 23.10104343743406 22.57566698838753
-19.5 23.100753295266895 22.57486938403613
-19.0 23.100481304473984 22.574087348396226
-18.5 23.100209784834895 22.573312136904534
-18.0 23.099952132370703 22.572536665209704
-17.5 23.099685272036016 22.57175745793965
-17.0 23.099436903382802 22.570988533395592
-16.5 23.099189239171587 22.57022592683505
-16.0 23.098966198153718 22.569455849481052
-15.5 23.09872404929485 22.56869832507838
-15.0 23.09850867792468 22.567938480458885
-14.5 23.098276617089564 22.567184543769486
-14.0 23.09805871159397 22.566435824214995
-13.5 23.09785737807136 22.56568758710096
-13.0 23.09765549093173 22.56494026635622
-12.5 23.097455667610003 22.564205410384016
-12.0 23.097268033264168 22.563460557258267
-11.5 23.09707890287725 22.56272227143115
-11.0 23.096898179813184 22.561996803048892
-10.5 23.09672197833711 22.561266057153805
-10.0 23.096554330056996 22.560545329569873
-9.5 23.09639898109245 22.55980829668094
-9.0 23.096236190141898 22.559091452459143
-8.5 23.096094582614054 22.558368936964857
-8.0 23.095951179125965 22.55765904719825
-7.5 23.095817799194016 22.55695411054459
-7.0 23.095691633440403 22.556247133068425
-6.5 23.095571319622135 22.555542528904475
-6.0 23.095471113359505 22.55484835014526
-5.5 23.095370506070488 22.554155360477537
-5.0 23.095284011660695 22.553472626598836
-4.5 23.095208465939482 22.552786378997702
-4.0 23.095135133251205 22.552099377296756
-3.5 23.095072473053047 22.55142459339782
-3.0 23.095016929247038 22.550750416603794
-2.5 23.094969550911113 22.550083513193485
-2.0 23.094934594466665 22.549417151535643
-1.5 23.09490049371036 22.548756531117625
-1.0 23.09487723780841 22.548094955427867
-0.5 23.09487075459373 22.547444229359147
0.0 23.094864257712487 22.54678739460498
0.5 23.09487014184516 22.546140283352184
1.0 23.09486689567077 22.54550321146761
1.5 23.09488110920208 22.544855932220994
2.0 23.09489784055891 22.54422286565358
2.5 23.094941050204692 22.54359045202169
3.0 23.09496676403954 22.542960118843695
3.5 23.09502178605698 22.542335266300455
4.0 23.09507136833119 22.541705533303386
4.5 23.095116953310647 22.541085433336583
5.0 23.095184170856562 22.540465488667124
5.5 23.09524336542331 22.539852069716435
6.0 23.095324271926664 22.53924150367595
6.5 23.09540178403323 22.538628884114715
7.0 23.095495822689976 22.538024260077833
7.5 23.095580044617098 22.53742232065767
8.0 23.09567750864613 22.536819351807548
8.5 23.09578538081442 22.536218461533274
9.0 23.095886873987403 22.535628155016045
9.5 23.0960000966622 22.53502749127229
10.0 23.096120137464347 22.534437405896014
10.5 23.09624701416565 22.533848797716225
11.0 23.096370206150535 22.533279037197484
11.5 23.096501168201783 22.532681168779874
12.0 23.096634440964916 22.532104705177257
12.5 23.09678869132454 22.531524758210587
13.0 23.096922711603796 22.530943164814943
13.5 23.097078421473043 22.530375198347517
14.0 23.097233676133975 22.52980218311706
14.5 23.09738554002935 22.52923831196973
15.0 23.097551436444746 22.528663664548617
15.5 23.097716344440713 22.528106350971278
16.0 23.097881221499126 22.52753873489044
16.5 23.098062658898613 22.526971328703127
17.0 23.09824028925279 22.526416233454395
17.5 23.098409367442827 22.525854269286043
18.0 23.09859479756504 22.5252971314154
18.5 23.098780182018658 22.524753788962457
19.0 23.098968075348843 22.524192865459366
19.5 23.099163135389343 22.52364695447229
20.0 23.099352294259866 22.523097496410507
20.5 23.0995506707892 22.522551413203647
21.0 23.09974731304411 22.521998517708504
21.5 23.09994813522911 22.52145146764287
22.0 23.10014669411304 22.520917601137775
22.5 23.100352456087016 22.520369128934448
23.0 23.100549375691003 22.51983095535401
23.5 23.100761535936737 22.519299630550318
24.0 23.10096775910327 22.51875087317969
24.5 23.101172657669927 22.518221034118326
25.0 23.10139626809935 22.517687331771505
25.5 23.101599969685513 22.517145839226863
26.0 23.10182616769143 22.516613589224974
26.5 23.102022515945592 22.51608042492687
27.0 23.102244139997797 22.515548304675086
27.5 23.102461507348984 22.515012908797804
28.0 23.102671830682095 22.514487015247987
28.5 23.102900486744765 22.513960669464073
29.0 23.10312387723051 22.513437337388226
29.5 23.10333976568578 22.512909045553503
30.0 23.103572855822758 22.51238612522804
30.5 23.103813897872616 22.51186539296861
31.0 23.10405682336583 22.511343549735937
31.5 23.104283976902448 22.510831140810108
32.0 23.10453013919197 22.510313115507724
32.5 23.104784724780075 22.50980260690849
33.0 23.105034362805206 22.509284615065624
33.5 23.10529436464077 22.508776404825007
34.0 23.105544177008092 22.50826886743471
34.5 23.105800690373638 22.507762029401714
35.0 23.10607233159647 22.507255380472802
35.5 23.106331453470123 22.506748632579217
36.0 23.106608449791878 22.50625402783853
36.5 23.106882838423417 22.505751658424096
37.0 23.107165913921435 22.50525420025002
37.5 23.1074458321129 22.504761125892685
38.0 23.107728215357334 22.50426841259442
38.5 23.108017841746722 22.503774185285174
39.0 23.108301488675668 22.50328305272374
39.5 23.10861112271789 22.50279767229606
40.0 23.10890842541713 22.50230611093697
40.5 23.109219757436303 22.501826957167342
41.0 23.109532053216558 22.50133298570418
41.5 23.10983325666822 22.50086031800324
42.0 23.110148752946472 22.50038273701844
42.5 23.110461376067562 22.49990775752029
43.0 23.11077526666398 22.499420782486542
43.5 23.111113689747214 22.49895390022771
44.0 23.111439366674063 22.498485296288052
44.5 23.111777429385256 22.498016627171623
45.0 23.112108346149107 22.497540116148294
45.5 23.112452353291133 22.49707594992598
46.0 23.11279901993872 22.49661488479486
46.5 23.113142486541637 22.496152771386484
47.0 23.11349103082227 22.495694311190917
47.5 23.113851321987887 22.49524083445749
48.0 23.114217119157598 22.494780543049053
48.5 23.114575591522296 22.49432680005787
49.0 23.114935880372045 22.493870898696212
49.5 23.115308189549907 22.493423488612606
50.0 23.115691975564985 22.492975206795897
50.5 23.116062798463833 22.49253650352259
51.0 23.11644280870719 22.492081719432605
51.5 23.11683926633772 22.491646636308925
52.0 23.11723474451182 22.49120275007755
52.5 23.117617861757388 22.490765467306822
53.0 23.118026456883435 22.490335711360157
53.5 23.11842522673023 22.489896495760785
54.0 23.11882995191541 22.48946424250471
54.5 23.119236076631516 22.489030180068262
55.0 23.11965076678492 22.488602180669943
55.5 23.120071823111473 22.48818441940479
56.0 23.12049782026394 22.487757538136396
56.5 23.120927008961743 22.48733355429664
57.0 23.1213616658738 22.486915927807203
57.5 23.121788553792033 22.48649754776903
58.0 23.12223101263834 22.486080636831907
58.5 23.12267643045416 22.485661978649155
59.0 23.12311791050852 22.485253890429707
59.5 23.123574469343065 22.48485066632696
60.0 23.12402202212397 22.484442836754855
60.5 23.12448872037651 22.484039892609413
61.0 23.12495236279373 22.48363064935017
61.5 23.125415891439406 22.48322911740685
62.0 23.125888706579918 22.482837707988818
62.5 23.126364501343435 22.482433437358495
63.0 23.126842251867018 22.48204323025284
63.5 23.12733431871624 22.481646806577523
64.0 23.12782166293959 22.481259214610954
64.5 23.128314422496757 22.480873419025468
65.0 23.12880497385741 22.48048824953734
65.5 23.129315949420665 22.48009961891436
66.0 23.129814545827916 22.479723574498745
66.5 23.130323080165482 22.479340013695396
67.0 23.13085240449247 22.4789610486717
67.5 23.13135703504605 22.478576333028705
68.0 23.131871031941152 22.478205863450516
68.5 23.132396874360502 22.47782941283242
69.0 23.13293196641835 22.47746086220696
69.5 23.13346249556386 22.477092139532463
70.0 23.1340056075337 22.47672436778554
70.5 23.134545465107212 22.476354592919435
71.0 23.135081527845077 22.47599036377631
71.5 23.13563955059246 22.475632321726778
72.0 23.136187084330714 22.475272058414394
72.5 23.136756534548063 22.47490823576348
73.0 23.137320063576723 22.47455905181794
73.5 23.137885747064285 22.474197897286587
74.0 23.138443586633848 22.47384572930517
74.5 23.13901619654942 22.473491786008807
75.0 23.139607032777228 22.473138789561247
75.5 23.14018145818303 22.472792308167485
76.0 23.14076661964759 22.472449394407974
76.5 23.14135694612495 22.47210567678522
77.0 23.141954397628265 22.471764436536695
77.5 23.142558424504287 22.471418299565904
78.0 23.14315617430499 22.471089065439923
78.5 23.143770217896595 22.47075476582857
79.0 23.144383359154457 22.47042130504075
79.5 23.14499220540093 22.470084681359314
80.0 23.145616725896524 22.46975580748
80.5 23.146241419925598 22.469429447521353
81.0 23.14686613416177 22.469104310678457
81.5 23.147503668328376 22.46877783434926
82.0 23.148145803372444 22.46845630482644
82.5 23.148778349558235 22.46813478309736
83.0 23.149423190469484 22.467814654840037
83.5 23.15008122857179 22.467494236326115
84.0 23.15074174966266 22.467182617161377
84.5 23.15140378640054 22.46686596128612
85.0 23.152065028295823 22.466567609386207
85.5 23.15272784526455 22.46625834038005
86.0 23.15340261733175 22.465948461747338
86.5 23.15407932608437 22.4656456619952
87.0 23.154760022424725 22.46534411662187
87.5 23.15544703019386 22.46503484344354
88.0 23.156137260915663 22.464737223080803
88.5 23.156834668789546 22.464441029641876
89.0 23.157540042860067 22.464152650717317
89.5 23.15823795484559 22.46386326338472
90.0 23.158951138078795 22.463566929758862
90.5 23.15966219992724 22.463284538003947
91.0 23.160374800257998 22.463002401424035
91.5 23.161100053591845 22.46270942687113
92.0 23.16182837618645 22.462427245694016
92.5 23.1625629419613 22.462151783488473
93.0 23.163290765705508 22.461871410761912
93.5 23.164033965487217 22.46159608231652
94.0 23.164786394235854 22.461325327033997
94.5 23.16552921205005 22.461057197671597
95.0 23.16628505147117 22.460787178896883
95.5 23.167047566062244 22.460513006033228
96.0 23.167810982695443 22.460246667688388
96.5 23.168577424483757 22.459989119662605
97.0 23.16934964590216 22.459725605710293
97.5 23.17013286839851 22.45947049213043
98.0 23.170914297293756 22.4592052176299
98.5 23.171701875914508 22.45895729190653
99.0 23.172498377781395 22.458701093382096
99.5 23.17329925420781 22.45845823792646
100.0 23.174096781407115 22.45821024945712
100.5 23.17491237531931 22.45796264139353
101.0 23.17572517280365 22.457720859645462
101.5 23.17653616039194 22.45747895278518
102.0 23.177365704089045 22.45723590456231
102.5 23.178203491186487 22.45699711927754
103.0 23.17904483544829 22.456764214802707
103.5 23.179888923824507 22.456530424440974
104.0 23.180742668954597 22.4563026595265
104.5 23.181593395234387 22.45607370582406
105.0 23.1824685228878 22.45584351479964
105.5 23.18333983198365 22.4556130261997
106.0 23.184218526562365 22.455392028790495
106.5 23.185110179005054 22.455165371356742
107.0 23.18599343882329 22.454951904092244
107.5 23.186887923128985 22.454734134909163
108.0 23.18779601913922 22.454517301109753
108.5 23.18869100479479 22.454302455733995
109.0 23.189607074424224 22.45409224161692
109.5 23.19052870089159 22.453884425901464
110.0 23.191452148977937 22.453673076121326
110.5 23.19238618553603 22.45346952200542
111.0 23.193312575334456 22.453268319717576
111.5 23.19425192264898 22.453064975547345
112.0 23.19519560985681 22.452872937576444
112.5 23.196148981461636 22.452669249553516
113.0 23.19710072859211 22.452471579010123
113.5 23.198052357403295 22.452280809881017
114.0 23.199035969911996 22.452090735762987
114.5 23.19999584341735 22.45189175593504
115.0 23.200974535202935 22.451718844303002
115.5 23.20194698229526 22.451529381036366
116.0 23.20293395780846 22.451337892328684
116.5 23.20391432288136 22.451163571923686
117.0 23.20491954300046 22.450979452797995
117.5 23.205907169698165 22.45080624096635
118.0 23.206910393808037 22.45062338528789
118.5 23.207907619232273 22.45044709781574
119.0 23.208914253677197 22.450279511446652
119.5 23.20993789900166 22.450107227288232
120.0 23.210952813010103 22.449945489705346
120.5 23.211974484863966 22.44977434015412
121.0 23.213000380629577 22.449614428874995
121.5 23.214023936095867 22.449450398961037
122.0 23.215061935839465 22.44929228568708
122.5 23.216087383926165 22.449131099809463
123.0 23.217126375462893 22.448975926988865
123.5 23.21817527997617 22.448819642174527
124.0 23.21920992035637 22.448665558635295
124.5 23.220263908162604 22.44851471991378
125.0 23.221311108988658 22.448361114321457
125.5 23.222366091381467 22.448222197504975
