FastTrWP/PhaseSpace/IAs/snIa_0.36_30.00_0.57_0.12.csv
# %ECSV 0.9
# ---
# datatype:
# - {name: time-rel, datatype: float64}
# - {name: g, datatype: float64}
# - {name: i, datatype: float64}
# schema: astropy-2.0
time-rel g i
[from data line 1420]
283.5 23.467613305346294 22.437976120951003
283.9999999999999 23.46885369051143 22.438553147180855
284.5 23.470106681247135 22.43912624270326
285.0 23.47136099379195 22.439705073127346
285.4999999999999 23.4726262577611 22.440288938638474
286.0 23.473860712713748 22.440870656377108
286.5 23.475126711238122 22.441454425780258
286.9999999999999 23.476371847269366 22.442038061693932
287.5 23.47762897796892 22.442628947849343
288.0 23.478879445670543 22.443224744676105
288.4999999999999 23.480147525532395 22.44381576228942
289.0 23.48140111405188 22.444408543231106
289.5 23.482667889536334 22.445005139187355
289.9999999999999 23.48392384219091 22.445602268224185
290.5 23.48518477829151 22.44620115856964
291.0 23.486452410985855 22.446802018342776
291.4999999999999 23.48772176088581 22.44740331696189
292.0 23.488985351152046 22.448016141472266
292.5 23.49024495368188 22.448624915487745
292.9999999999999 23.491503590847085 22.449233805970298
293.5 23.492779810850912 22.44984468827901
294.0 23.494051241482463 22.450459811537506
294.4999999999999 23.49530848268015 22.45107914149778
295.0 23.496597213877543 22.451689127719014
295.5 23.497866951901614 22.452309316037177
295.9999999999999 23.499138315890793 22.45293682489679
296.5 23.500391028089002 22.453560934299524
297.0 23.50167892291207 22.454184917439047
297.4999999999999 23.50295933988411 22.454810963615618
298.0 23.504234329592308 22.455443489766797
298.5 23.505517047071148 22.456069254242195
298.9999999999999 23.506797373771594 22.456704013252295
299.5 23.508063611886165 22.457346880805815
300.0 23.50934943011878 22.457982932003976
300.4999999999999 23.510621190029287 22.458619647596404
301.0 23.51191298202652 22.45926650471847
301.5 23.513186379245 22.45990137228216
301.9999999999999 23.514480298219475 22.460543197913356
302.5 23.515761531494363 22.46120220905357
303.0 23.517044256371413 22.461849657302913
303.4999999999999 23.518335952477464 22.46249484867288
304.0 23.519625603704867 22.463149546868287
304.5 23.52090817962776 22.463804457616607
304.9999999999999 23.522206962783603 22.46446128607767
305.5 23.523499995401053 22.465121236671983
306.0 23.524788390662252 22.465783682484943
306.4999999999999 23.52608581217 22.46644140802384
307.0 23.52738613035941 22.467103120721255
307.5 23.528677498774265 22.46777105229541
307.9999999999999 23.52997637130962 22.46843678515308
308.5 23.53126926309048 22.46910308555794
309.0 23.53256755746819 22.469778027270493
309.4999999999999 23.53386988529219 22.47045010791767
310.0 23.535176926257027 22.471128616002037
310.5 23.536488786875097 22.471799968845318
310.9999999999999 23.537794040334713 22.47248248891733
311.5 23.53908349668452 22.47316345233996
312.0 23.54040307571417 22.473845018163505
312.4999999999999 23.54170927756408 22.47452269480786
313.0 23.543015496093155 22.475219219485112
313.5 23.544318339769106 22.475902165553542
313.9999999999999 23.545645166349367 22.476592888202024
314.5 23.546952231237906 22.477288967831633
315.0 23.548263059194685 22.477987267835164
315.4999999999999 23.549593168805725 22.478677283108823
316.0 23.550910254534735 22.479376282684292
316.5 23.552220726753973 22.480082715014564
316.9999999999999 23.553543706692462 22.480788267657704
317.5 23.554862969080418 22.481496236008965
318.0 23.556185797813246 22.482213691236325
318.4999999999999 23.557514858425442 22.482920550895827
319.0 23.558837681592873 22.483639079611528
319.5 23.56015374626065 22.484362525165974
319.9999999999999 23.561496790684238 22.485081779112882
320.5 23.562825688718235 22.485807420555517
321.0 23.564141626737797 22.48653925721682
321.4999999999999 23.56547770298379 22.487266066876405
322.0 23.566807398162325 22.487995662139973
322.5 23.568147738775842 22.488739104976332
322.9999999999999 23.56947197586849 22.489476755016398
323.5 23.570807322547974 22.490216899739156
324.0 23.572150970208238 22.49095589389883
324.4999999999999 23.573486244550566 22.49170512355215
325.0 23.574823635999735 22.492442737566453
325.5 23.576167039679813 22.493199139522588
325.9999999999999 23.577510092795364 22.493948343526036
326.5 23.578850575729845 22.494703804431406
327.0 23.580201852961977 22.49545727490861
327.4999999999999 23.581539767884276 22.496220424257437
328.0 23.58289162281409 22.496982874183146
328.5 23.584229481207565 22.497739684032425
328.9999999999999 23.58558308966049 22.498501633736687
329.5 23.586943275194553 22.49926471774392
330.0 23.588285673000037 22.50002990759199
330.4999999999999 23.589633101151644 22.500795265436153
331.0 23.590989622134856 22.501563752581035
331.5 23.592354635912084 22.50233505062273
331.9999999999999 23.593704199979154 22.503109256719004
332.5 23.595060166865647 22.50387900255831
333.0 23.596419609739105 22.504660187187863
333.4999999999999 23.597774231899947 22.50543423511429
334.0 23.599144383175826 22.506212742776157
334.5 23.600511546129688 22.50699216770181
334.9999999999999 23.601872338780506 22.507770586573557
335.5 23.603219849771637 22.50855040526436
336.0 23.604606277649193 22.50933173125832
336.4999999999999 23.60596655292269 22.510111115593986
337.0 23.607315245540054 22.51089369408433
337.5 23.608700207960066 22.511685498972405
337.9999999999999 23.610062318002228 22.512467492842944
338.5 23.61143539477382 22.513251806788027
339.0 23.612806818506872 22.514043836457205
339.4999999999999 23.614176290062613 22.51483303736308
340.0 23.6155631214489 22.515618366134674
340.5 23.616938736621176 22.516398831780005
340.9999999999999 23.618315216991167 22.517191915713084
341.5 23.619695275881906 22.517974487190404
342.0 23.62107629131287 22.518772838329365
342.4999999999999 23.622456141939708 22.519558870631418
343.0 23.623833068412647 22.52035398197116
343.5 23.625216887520395 22.52114345858821
343.9999999999999 23.6266126128282 22.52193648244949
344.5 23.627988002988122 22.522722084529402
345.0 23.62937342641721 22.5235145911782
345.4999999999999 23.63076219794685 22.52430119875939
346.0 23.63215016523889 22.525093152605432
346.5 23.633544549835214 22.525885754821495
346.9999999999999 23.634927395444166 22.526675066040003
347.5 23.636327027221903 22.527463619201264
348.0 23.637725565658467 22.52825160868408
348.4999999999999 23.63910915577721 22.529049928419557
349.0 23.64050679117507 22.52983587419176
349.5 23.641907411006674 22.530631561426553
349.9999999999999 23.643311982091305 22.531431261264846
350.5 23.644720611704063 22.532225449763512
351.0 23.646106389137035 22.533028993211246
351.4999999999999 23.64750292905009 22.533838045285528
352.0 23.648906956574077 22.53462857937563
352.5 23.65031690354904 22.535437469602
352.9999999999999 23.65171644091066 22.536245985773146
353.5 23.65311598619522 22.53705782782258
354.0 23.65453926901108 22.53785013398078
354.4999999999999 23.65595244512548 22.53866809794954
355.0 23.657342508490284 22.53947514744652
355.5 23.65876804889584 22.540287908739714
355.9999999999999 23.660174376816585 22.541103326839398
356.5 23.66159655941116 22.54190919784012
357.0 23.66300607322616 22.54272540246347
357.4999999999999 23.664421486172692 22.54354356031991
358.0 23.66584073198093 22.544365703472806
358.5 23.667259904332774 22.545180206699833
358.9999999999999 23.668671818019966 22.545994378786474
359.5 23.67009917750348 22.546811253694553
360.0 23.671538191469445 22.547643254494044
360.4999999999999 23.67295351478338 22.548452808929675
361.0 23.674381651420152 22.54927189119121
361.5 23.675810935932997 22.550103055573274
361.9999999999999 23.677227265244063 22.55092382932135
362.5 23.678662654576552 22.551750048016544
363.0 23.680095346491296 22.552568042227897
363.4999999999999 23.681525318976092 22.553398426578273
364.0 23.68296883245931 22.554224676707282
364.5 23.684393650611696 22.5550556247163
364.9999999999999 23.685839198124064 22.55587876941652
365.5 23.68726559365556 22.556711191750335
366.0 23.68871744429881 22.557541553248647
366.4999999999999 23.69015738855365 22.558370662925892
367.0 23.691593010347205 22.559192809020555
367.5 23.69304819896922 22.560022479872433
367.9999999999999 23.694480597673873 22.560860201039105
368.5 23.69592693193497 22.561687433181177
369.0 23.69738258643196 22.56251329609563
369.4999999999999 23.698816839653425 22.563348771573658
370.0 23.700260301248107 22.564173866921607
370.5 23.70171905244076 22.565008628098436
370.9999999999999 23.703176899354986 22.565839719969823
371.5 23.704632760122006 22.566668902727038
372.0 23.706082930283408 22.56750748149125
372.4999999999999 23.7075339889801 22.56832933589541
373.0 23.709004030797036 22.56916754675563
373.5 23.71046032941624 22.569995588747002
373.9999999999999 23.711922256974578 22.570831493788223
374.5 23.713385144511314 22.57165420728816
375.0 23.714839299962822 22.572494799629098
375.4999999999999 23.71631177053782 22.573317698293444
376.0 23.717770790096296 22.574157990601478
376.5 23.719240254201956 22.57498721478604
376.9999999999999 23.72071190388447 22.575809908399474
377.5 23.72218538323702 22.576644420801482
378.0 23.723667995329333 22.577473815633894
378.4999999999999 23.72513382792345 22.578302569638854
379.0 23.72662040130951 22.579126203939627
379.5 23.728085750886105 22.579966004144524
379.9999999999999 23.729558533459905 22.58078807867484
380.5 23.731035910392958 22.581618387943593
381.0 23.732536578269446 22.582452604584656
381.4999999999999 23.734006701100554 22.583270881115794
382.0 23.735501838743094 22.584100895700985
382.5 23.736973242572837 22.584933193261424
382.9999999999999 23.738462804377495 22.585761548095284
383.5 23.739943407629717 22.58658583696727
384.0 23.741447440642126 22.587419438441003
384.4999999999999 23.74292665482467 22.588246785391842
385.0 23.74442062946034 22.589073231898237
385.5 23.745902664524785 22.58990456161421
385.9999999999999 23.747405043365095 22.590734679659587
386.5 23.74889861655546 22.591561357316724
387.0 23.750385237668112 22.592388631684386
387.4999999999999 23.751910443058605 22.593225086995858
388.0 23.75340802429769 22.59405417347587
388.5 23.754902852201848 22.59488260721231
388.9999999999999 23.756393091494704 22.595713848284266
389.5 23.757901633758244 22.59654431509147
390.0 23.75939974419833 22.597377056516592
390.4999999999999 23.760911444642435 22.598210308574703
391.0 23.762428585081466 22.599045203750443
391.5 23.763923140272794 22.599877504178867
392.0 23.765440280590525 22.600704909472995
392.5 23.766943046062337 22.60153535600406
393.0 23.76847028523592 22.60236394444439
393.5 23.769980653031283 22.603208700650306
394.0 23.771503390897998 22.604038768838972
394.5 23.773027772106662 22.604875607398938
395.0 23.774542218730467 22.60570861288832
395.5 23.77605965512672 22.60654383693204
396.0 23.777568517918986 22.60737559972416
396.5 23.779119563246518 22.608210950310713
397.0 23.780623856739112 22.609046852493933
397.5 23.782169814727453 22.609887338960565
398.0 23.783701099542487 22.610717424239077
398.5 23.785235384247244 22.611555734418527
399.0 23.78676041464004 22.612391329841785
399.5 23.788283249617432 22.6132249699068
400.0 23.78983086704716 22.614061917828174
400.5 23.791371566049637 22.61490237308175
401.0 23.79292489317372 22.61573736921818
401.5 23.79445108224795 22.616576565581454
402.0 23.796000216399463 22.617413414722428
402.5 23.797537756284648 22.618249403579135
403.0 23.799096554937442 22.619091519308437
403.5 23.80063476181332 22.61992816720084
404.0 23.802194430437943 22.620771599306085
404.5 23.803752884510757 22.621612078490926
405.0 23.805307719767047 22.622450068400756
405.5 23.80686191284536 22.623285971964137
406.0 23.808420337530436 22.624139760710445
406.5 23.80996686462588 22.62497630653284
407.0 23.811556554034915 22.625816483987556
407.5 23.813102184677728 22.626663245414342
408.0 23.81466803959212 22.627491766648767
408.5 23.81625181979594 22.628345555756937
409.0 23.817824497762142 22.629192904403418
409.5 23.819393200035073 22.63003938026759
410.0 23.82096964169847 22.630878793244904
410.5 23.822544728206182 22.631731168906867
411.0 23.824125331225964 22.632567587772346
411.5 23.82570712569406 22.633423446213254
412.0 23.82728971078352 22.63426917974842
412.5 23.82886946273573 22.635114003862242
413.0 23.830458878926514 22.635953912258646
413.5 23.83205855433176 22.63680113287772
414.0 23.833636005344736 22.637658763698578
414.5 23.8352253397767 22.63851044989696
415.0 23.836827405126098 22.639351193359047
415.5 23.838421703629095 22.640204587518582
416.0 23.840028478929266 22.641058638798825
416.5 23.84162376621147 22.641901450700793
417.0 23.84320858923143 22.642750801151376
417.5 23.844828996233204 22.64359723813742
418.0 23.846430577355292 22.64445344114187
418.5 23.848025990641993 22.64530286123064
419.0 23.849633113565723 22.646156400928756
419.5 23.851248409630266 22.646999530170806
420.0 23.85286740895736 22.647860881134907
420.5 23.854477034291946 22.648709637378563
421.0 23.856107167081397 22.649560642414528
421.5 23.857715973492017 22.650417083286534
422.0 23.859334568496738 22.651263995172116
422.5 23.860944754408866 22.65212188638742
423.0 23.862602983796762 22.652976766024867
423.5 23.864198716760203 22.653824321243995
424.0 23.86583340284514 22.654684001851404
424.5 23.86747287240118 22.655543937653263
425.0 23.869090723760664 22.65639858064455
425.5 23.87073436322136 22.65724782175974
426.0 23.87237949932934 22.658104465735185
426.5 23.874012462568267 22.658969578103253
427.0 23.875660987158124 22.65982244465397
427.5 23.877289664481896 22.660680964051778
428.0 23.878938863560396 22.661535498306414
428.5 23.880582081706507 22.66239775713773
429.0 23.882244869356114 22.663256413091183
429.5 23.883882088397947 22.664116306475925
430.0 23.885539564634463 22.664973246508474
430.5 23.88719611292349 22.66583112652424
431.0 23.8888538340591 22.666694684033907
431.5 23.890513081044617 22.66755286568557
432.0 23.89217497288238 22.668418325909453
432.5 23.893837607331903 22.669280941901093
433.0 23.89551012981347 22.670143106752985
433.5 23.897178117932864 22.671007289485825
434.0 23.89884000364661 22.671866102316486
434.5 23.90054438244231 22.672733139913426
435.0 23.90220031784057 22.673593898703782
435.5 23.903865330512115 22.674465634719244
436.0 23.9055635500933 22.67532709382227
436.5 23.90723146100248 22.67619036063178
437.0 23.908939154083857 22.67705889090702
437.5 23.910609234503536 22.67792866598604
438.0 23.912312216099366 22.678793193082612
438.5 23.914001669107773 22.679659900798377
439.0 23.915701995423646 22.680526900997936
439.5 23.917395453092666 22.681399761991898
440.0 23.91910350710284 22.68226900465003
440.5 23.920813798282378 22.683141467024143
441.0 23.92251504523896 22.68401209844101
441.5 23.92421158630706 22.684882655534363
442.0 23.925940558405884 22.68575702452487
442.5 23.92763922579458 22.68662805489543
443.0 23.929379908867073 22.68750944200242
443.5 23.931087156690563 22.688375665520446
444.0 23.93280321307835 22.689248290727125
444.5 23.934536676069172 22.690129265201776
445.0 23.936270645258638 22.69100473414393
445.5 23.93798596421344 22.69187736906055
446.0 23.93973411082893 22.6927598663859
446.5 23.94145616311122 22.693629648047242
447.0 23.94320328522397 22.694515111064554
447.5 23.944950348544978 22.695398799426442
448.0 23.94668419304777 22.696271612993762
448.5 23.948437293081618 22.697154907130322
449.0 23.950192564271724 22.698029423341858
449.5 23.951931885018773 22.698915759917945
450.0 23.953698179801766 22.699790104300046
450.5 23.955443732998024 22.700676593697246
451.0 23.957208029517425 22.701563723975944
451.5 23.958979598666083 22.702442675127877
452.0 23.96073209549008 22.703331441906695
452.5 23.962488813053994 22.704210523337206
453.0 23.964280201556477 22.705090768468025
453.5 23.966039173953217 22.705984917881572
454.0 23.967816073760936 22.70686969129574
454.5 23.969616615573607 22.707754071233165
455.0 23.971391029744943 22.70864635006538
455.5 23.973171224249775 22.709538952614288
456.0 23.97496084004373 22.710420175454146
456.5 23.976743001055798 22.711308059516732
457.0 23.97852848259939 22.71219883656768
