FastTrWP/PhaseSpace/IAs/snIa_0.51_30.00_-1.68_0.05.csv
# %ECSV 0.9
# ---
# datatype:
# - {name: time-rel, datatype: float64}
# - {name: g, datatype: float64}
# - {name: i, datatype: float64}
# schema: astropy-2.0
time-rel g i
[from data line 290]
416.7083333333333 24.09113916175862 23.075171492288987
417.2083333333333 24.086612423219496 23.071997574979104
417.70833333333326 24.08213178230592 23.068849019780004
418.2083333333333 24.07764965120211 23.065706866812718
418.7083333333333 24.073181306572614 23.062567566522638
419.20833333333326 24.06876920056844 23.059436208170716
419.7083333333333 24.064362111791 23.056331072062846
420.2083333333333 24.059977755409605 23.053220602906066
420.70833333333326 24.0556102614203 23.05012576447019
421.2083333333333 24.05129587908863 23.047036876369404
421.7083333333333 24.046969964663823 23.043965679635335
422.20833333333326 24.042676546512833 23.04091031491271
422.7083333333333 24.038430677857598 23.037855332462055
423.2083333333333 24.034178331078774 23.03481034034604
423.70833333333326 24.029952017289297 23.031782193509777
424.2083333333333 24.025757977957582 23.028756756506663
424.7083333333333 24.021577277033927 23.025741048664855
425.20833333333326 24.017452659704777 23.02275266092945
425.7083333333333 24.013314924104137 23.019753631273257
426.2083333333333 24.009223404457853 23.01678504103068
426.70833333333326 24.005157592781032 23.013832439784366
427.2083333333333 24.001105556962624 23.010867282510308
427.7083333333333 23.997084579590584 23.00792694601148
428.20833333333326 23.993088956436136 23.004990790828334
428.7083333333333 23.989104137451115 23.00208522027188
429.2083333333333 23.98516345242369 22.999168629992365
429.70833333333326 23.98123424200868 22.99627130922561
430.2083333333333 23.977348243434434 22.993396777011768
430.7083333333333 23.97347310665227 22.990517329119697
431.20833333333326 23.969619895123174 22.98766108613712
431.7083333333333 23.96580650726365 22.984812597864284
432.2083333333333 23.96199023309286 22.981974959033003
432.70833333333326 23.958234961657972 22.97914837025597
433.2083333333333 23.9544794159506 22.976337988311673
433.7083333333333 23.95077599843402 22.973544394499783
434.20833333333326 23.94707480635649 22.970745682877627
434.7083333333333 23.943404584187302 22.96797282985375
435.2083333333333 23.939773504195685 22.9652096594258
435.70833333333326 23.936157593019125 22.962454354140966
436.2083333333333 23.93259042705599 22.959720858388618
436.7083333333333 23.92903179240774 22.95699066994866
437.20833333333326 23.925459947914405 22.954281480223052
437.7083333333333 23.921981856079697 22.951581479917124
438.2083333333333 23.918505712128724 22.9488913722545
438.70833333333326 23.915048705665857 22.94621128901054
439.2083333333333 23.911608982599407 22.94355386973598
439.7083333333333 23.908230149909066 22.940899523238436
440.20833333333326 23.90485096434314 22.938266753788046
440.7083333333333 23.90149042505188 22.93563868957527
441.2083333333333 23.898195828698885 22.93302350700327
441.70833333333326 23.894900292321918 22.930419747893
442.2083333333333 23.891613315846094 22.927835624237684
442.7083333333333 23.888346803597212 22.925250124600545
443.20833333333326 23.88513037068849 22.92268345108599
443.7083333333333 23.881917631341242 22.920120247702656
444.2083333333333 23.878702533214256 22.917565131713932
444.70833333333326 23.875516879526213 22.915025097506202
445.2083333333333 23.872357484527 22.91248403602818
445.7083333333333 23.869215441988302 22.90995934211395
446.20833333333326 23.866095669288157 22.907451543186692
446.7083333333333 23.862978204388373 22.90493989572219
447.2083333333333 23.859894675078817 22.902442295515215
447.70833333333326 23.85681448609138 22.899953672628936
448.2083333333333 23.85376144066269 22.89747558634452
448.7083333333333 23.850729644784103 22.89500756706843
449.20833333333326 23.847717709607178 22.89253578540714
449.7083333333333 23.84469839342931 22.89009563568596
450.2083333333333 23.84172273728446 22.887645094233893
450.70833333333326 23.838752043197577 22.885210920415012
451.2083333333333 23.83581016899436 22.882785377215505
451.7083333333333 23.83287377992717 22.880375060606582
452.20833333333326 23.829963879238033 22.877964017907782
452.7083333333333 23.82706121157871 22.87556823427355
453.2083333333333 23.824197988155507 22.87318078606383
453.70833333333326 23.82132028201792 22.87079157615711
454.2083333333333 23.818474783391505 22.86841897096712
454.7083333333333 23.815648862526942 22.866052687846178
455.20833333333326 23.812837375940884 22.863694743983295
455.7083333333333 23.810046557062403 22.861351324006918
456.2083333333333 23.80726008044073 22.859002018526425
456.70833333333326 23.804498104907033 22.856681406721297
457.2083333333333 23.80174864191003 22.85435626776616
457.7083333333333 23.799021508555562 22.852046638477262
458.20833333333326 23.79630933880902 22.849744622421234
458.7083333333333 23.79360523903194 22.847449125843934
459.2083333333333 23.79093697429655 22.845157013912836
459.70833333333326 23.78827166942329 22.84287934942913
460.2083333333333 23.785621086155615 22.84060746086475
460.7083333333333 23.78299264652068 22.83834662454384
461.20833333333326 23.780380782988445 22.83609374611679
461.7083333333333 23.7777676299409 22.833844321276292
462.2083333333333 23.775182353878765 22.831600753771273
462.70833333333326 23.772627039335784 22.829376312118946
463.2083333333333 23.7700705381698 22.827145279324892
463.7083333333333 23.76752348925391 22.8249352147199
464.20833333333326 23.765021373894534 22.82273783799363
464.7083333333333 23.762513602183553 22.820533837555786
465.2083333333333 23.760011019851643 22.818337347541444
465.70833333333326 23.757542333957765 22.816162838099885
466.2083333333333 23.75508791076995 22.81398387484647
466.7083333333333 23.75263514476824 22.81181240792952
467.20833333333326 23.750201944292794 22.809662549547784
467.7083333333333 23.747795513197328 22.807510823631517
468.2083333333333 23.745398778012223 22.805370171154777
468.70833333333326 23.7430223465187 22.803238721078664
469.2083333333333 23.740630304617213 22.801102295342442
469.7083333333333 23.7382879368359 22.798984997135385
470.20833333333326 23.73594151219993 22.796878271137572
470.7083333333333 23.733625817120213 22.794766646221646
471.2083333333333 23.73132049901178 22.79267324281829
471.70833333333326 23.72901790093337 22.790589570851992
472.2083333333333 23.726751000201855 22.788504107301165
472.7083333333333 23.724486999282398 22.786426730276137
473.20833333333326 23.722223700508792 22.784367550084497
473.7083333333333 23.72000769004981 22.78229981352061
474.2083333333333 23.71777761766726 22.780259732996512
474.70833333333326 23.71557956048109 22.778213093731683
475.2083333333333 23.713387719317105 22.776173336245673
475.7083333333333 23.71120252715619 22.774142654034794
476.20833333333326 23.709038096361926 22.77213439739063
476.7083333333333 23.706909294026683 22.770112271289328
477.2083333333333 23.70475397104736 22.768104484385
477.70833333333326 23.702634695938244 22.766111913665696
478.2083333333333 23.700535171694902 22.76411171992862
478.7083333333333 23.698440882623032 22.76213148039201
479.20833333333326 23.69635219110362 22.760144220962104
479.7083333333333 23.694282458434284 22.75817853726851
480.2083333333333 23.69221958864265 22.756207982245638
480.70833333333326 23.690171792306923 22.754246586451977
481.2083333333333 23.688146509548446 22.752300119984405
481.7083333333333 23.686124907333657 22.75035433999328
482.20833333333326 23.68410815387888 22.748416954727404
482.7083333333333 23.682116191046774 22.74648712183933
483.2083333333333 23.680127946734565 22.744555399853994
483.70833333333326 23.67814930256609 22.742631356693902
484.2083333333333 23.676187831932012 22.740725661575922
484.7083333333333 23.674243523555084 22.73881511923246
485.20833333333326 23.672305352766088 22.73691298635213
485.7083333333333 23.670368541838943 22.73501919768366
486.2083333333333 23.66847704795642 22.73312516401426
486.7083333333333 23.666573721426488 22.731248483009708
487.2083333333333 23.664675313484036 22.729377180395552
487.7083333333333 23.662795738622002 22.727513091624814
488.2083333333333 23.66093761373884 22.725645453225415
488.7083333333333 23.65909032683 22.723795906284693
489.2083333333333 23.657243138011882 22.721943009695785
489.7083333333333 23.655420601558717 22.720091950399222
490.2083333333333 23.65359427498577 22.718256599767535
490.7083333333333 23.651799005055857 22.71642998592656
491.2083333333333 23.649998696714917 22.714602882327984
491.7083333333333 23.64820128108519 22.712793888795918
492.2083333333333 23.64644078855433 22.710981233553014
492.7083333333333 23.64468649491699 22.709180028597412
493.2083333333333 23.642939470689534 22.70738049416245
493.7083333333333 23.64120592934583 22.705589843429674
494.2083333333333 23.63948676216921 22.703799545404998
494.7083333333333 23.637785688792615 22.702018801295623
495.2083333333333 23.63607565344995 22.700248232363165
495.7083333333333 23.63439737675945 22.698486948478006
496.2083333333333 23.632720928983577 22.696726016094114
496.7083333333333 23.631055940437122 22.694963530153377
497.2083333333333 23.62940756166295 22.693221338004903
497.7083333333333 23.62777496008494 22.691477065737654
498.2083333333333 23.62614574607179 22.6897510432511
498.7083333333333 23.62452180530973 22.688019050967384
499.2083333333333 23.62292784329839 22.68629258834833
499.7083333333333 23.621341775519568 22.684569200366234
500.2083333333333 23.619757350224496 22.6828656940431
500.7083333333333 23.61818523014362 22.681166810645482
501.2083333333333 23.616632551540377 22.679461908551318
501.7083333333333 23.615085127225896 22.67777546273797
502.2083333333333 23.613554534072257 22.676089800527542
502.7083333333333 23.612031705607983 22.67440874320222
503.2083333333333 23.610532533089128 22.67273809088536
503.7083333333333 23.60903215522149 22.671069665647117
504.2083333333333 23.60755341080576 22.66940764250943
504.7083333333333 23.606077586795458 22.667761206857513
505.2083333333333 23.604619017782955 22.666099973035738
505.7083333333333 23.603170624267577 22.66446049149266
506.2083333333333 23.601727984106816 22.66282944355403
506.7083333333333 23.60030958107454 22.661192805063518
507.2083333333333 23.598893008299704 22.659571952308365
507.7083333333333 23.597488183709668 22.657957560714213
508.2083333333333 23.596090125221355 22.65634412478898
508.7083333333333 23.594732845464975 22.654735599814437
509.2083333333333 23.593356415173602 22.65313443702251
509.7083333333333 23.592000939604866 22.65154630115579
510.2083333333333 23.59066495779022 22.649957106159096
510.7083333333333 23.589328788885844 22.64837074828212
511.2083333333333 23.5880150902533 22.646798698616504
511.7083333333333 23.58671134351603 22.64523115678415
512.2083333333334 23.585411143645658 22.64366930189798
512.7083333333334 23.584127595962347 22.64211226116833
513.2083333333334 23.58284963583358 22.640563477103548
513.7083333333334 23.58159085308821 22.639018107910346
514.2083333333334 23.580354112667145 22.637476840780415
514.7083333333334 23.579104080638267 22.635939898910035
515.2083333333334 23.57789657720008 22.634413098869295
515.7083333333334 23.576673989178794 22.632890520086274
516.2083333333334 23.575478693393492 22.63136843242707
516.7083333333334 23.574279042092677 22.629854048659503
517.2083333333334 23.57310514270633 22.62834630897297
517.7083333333334 23.57194352418331 22.62685125861146
518.2083333333334 23.57077922050676 22.625361648660444
518.7083333333334 23.569641674908397 22.623864301803835
519.2083333333334 23.568506876511744 22.622376000399747
519.7083333333334 23.56738639849808 22.620901343314447
520.2083333333334 23.566257869270302 22.619417481901877
520.7083333333334 23.565163584017057 22.61794689378805
521.2083333333334 23.564063494585497 22.616492070541874
521.7083333333334 23.562992633849603 22.61503478589301
522.2083333333334 23.561920171448072 22.613578875194825
522.7083333333334 23.560860708248047 22.61212656994354
523.2083333333334 23.559808293405915 22.61068779400474
523.7083333333334 23.558767039575564 22.609239355546194
524.2083333333334 23.55774890130261 22.607812632883608
524.7083333333334 23.556721797769743 22.606388326550558
525.2083333333334 23.555707558823244 22.604965384016328
525.7083333333334 23.554709009469157 22.603537987220225
526.2083333333334 23.553720074492638 22.60213513147381
526.7083333333334 23.552745578177927 22.60072242608075
527.2083333333334 23.55178282139144 22.599322479294077
527.7083333333334 23.550819204676973 22.597929932424556
528.2083333333334 23.549871902224545 22.596532816120323
528.7083333333334 23.548919042527487 22.595148984073646
529.2083333333334 23.548001251199587 22.593766235191058
529.7083333333334 23.547075543876904 22.592393374035108
530.2083333333334 23.54617051830433 22.591015481537838
530.7083333333334 23.545251268043454 22.589653580355517
531.2083333333334 23.544370769657988 22.588290311306764
531.7083333333334 23.543496709222403 22.586941854147476
532.2083333333334 23.542620795287924 22.585577654270082
532.7083333333334 23.54175679272568 22.584240326448043
533.2083333333334 23.540899612133074 22.582898634938516
533.7083333333334 23.540048217315864 22.581555543711502
534.2083333333334 23.53921403910671 22.580230997073294
534.7083333333334 23.53839701436856 22.57889781828102
535.2083333333334 23.537572002947375 22.577576876419055
535.7083333333334 23.536767360923065 22.576265457307763
536.2083333333334 23.535964601828972 22.574953953990047
536.7083333333334 23.535170649943517 22.573649751702188
537.2083333333334 23.534387515948197 22.572336609390398
537.7083333333334 23.533622726113418 22.571053358784688
538.2083333333334 23.532852427525373 22.56975340235502
538.7083333333334 23.532096304490445 22.56846809980901
539.2083333333334 23.5313527893033 22.567188945246116
539.7083333333334 23.53059649084532 22.56591027909351
540.2083333333334 23.529874988735322 22.564636367922123
540.7083333333334 23.529158690597903 22.563370637335204
541.2083333333334 23.528438892669357 22.562108408378997
541.7083333333334 23.527738247989888 22.560855507364277
542.2083333333334 23.527033769690597 22.5595950513492
542.7083333333334 23.52635282748392 22.558353965466257
543.2083333333334 23.525666496794557 22.55710655199993
543.7083333333334 23.524992013089594 22.55586507632012
544.2083333333334 23.524335066257432 22.554634678218058
544.7083333333334 23.523670469095105 22.553404112789757
545.2083333333334 23.523028407311386 22.552183051403304
545.7083333333334 23.52238454942882 22.55095989376934
546.2083333333334 23.52174217176961 22.549743759932383
546.7083333333334 23.521117812319886 22.54854088395531
547.2083333333334 23.520510704843037 22.547337675305915
547.7083333333334 23.51990189214672 22.546131455701577
548.2083333333334 23.519288442757418 22.544934276474407
548.7083333333334 23.51870409882311 22.543745446355487
549.2083333333334 23.518124908564324 22.54255990693857
549.7083333333334 23.51753310902843 22.541375299763537
550.2083333333334 23.51696470473999 22.540193129895222
550.7083333333334 23.51640787333105 22.539023840410533
551.2083333333334 23.515860653418024 22.537855756381706
551.7083333333334 23.51531576523253 22.536685595051267
552.2083333333334 23.514796076119385 22.535537801535312
552.7083333333334 23.514273601207183 22.534381046874902
553.2083333333334 23.513774570027298 22.533225592781193
553.7083333333334 23.513277943655385 22.5320800005673
554.2083333333334 23.512779631109485 22.530947195843233
554.7083333333334 23.512305966646792 22.529810721442196
555.2083333333334 23.5118468183034 22.528672193170507
555.7083333333334 23.511373637304693 22.527542210464592
556.2083333333334 23.51093863214988 22.526427444413244
556.7083333333334 23.510483497871068 22.52530924538967
557.2083333333334 23.51006108046754 22.524189755301155
557.7083333333334 23.509631193348493 22.523084986837397
558.2083333333334 23.509221456517242 22.521979085591752
558.7083333333334 23.508825598457882 22.520879004774088
559.2083333333334 23.508424737326195 22.519785041369744
559.7083333333334 23.508047574163065 22.51868224384645
560.2083333333334 23.507660208539377 22.517602951790767
