FastTrWP/PhaseSpace/IAs/snIa_0.4_25_1_-0.1.csv
# %ECSV 0.9
# ---
# datatype:
# - {name: time-rel, datatype: float64}
# - {name: g, datatype: float64}
# - {name: i, datatype: float64}
# schema: astropy-2.0
time-rel g i
-20.083333333333332 -19.252207282735792 -22.96205901535798
-19.583333333333332 -19.2412160685938 -22.977217026324798
-19.083333333333332 -19.22819381965732 -22.992220070517607
-18.583333333333332 -19.21336663990894 -23.007173458485166
-18.083333333333332 -19.196844373851928 -23.021914364672142
-17.583333333333332 -19.178539852835478 -23.036619615507394
-17.083333333333332 -19.159039847415425 -23.051159582656027
-16.583333333333332 -19.1376237459988 -23.065628030826883
-16.083333333333332 -19.11492530289882 -23.079981018938803
-15.583333333333332 -19.09139933655802 -23.09425919412437
-15.083333333333332 -19.066108370463212 -23.108437326407028
-14.583333333333332 -19.04027763698988 -23.12255668993432
-14.083333333333332 -19.01387474358444 -23.136533948917787
-13.583333333333332 -18.98621141812045 -23.150450885954772
-13.083333333333332 -18.95814836014287 -23.164326117753617
-12.583333333333332 -18.92986322707003 -23.178005330662796
-12.083333333333332 -18.90142273025226 -23.191690157673207
-11.583333333333332 -18.873546699791664 -23.205272764592447
-11.083333333333332 -18.845963078192657 -23.218840532927064
-10.583333333333332 -18.818677773790423 -23.232294820993467
-10.083333333333332 -18.792783751238655 -23.245729785913856
-9.583333333333332 -18.76847839368334 -23.25900379715083
-9.083333333333332 -18.745632907596438 -23.272265619326674
-8.583333333333332 -18.725053854109802 -23.285478336527486
-8.083333333333332 -18.707132144038187 -23.298681569882827
-7.583333333333334 -18.69170748220467 -23.311728690905493
-7.083333333333332 -18.68034808323908 -23.32475560094194
-6.583333333333332 -18.672322312525576 -23.33772268115738
-6.083333333333334 -18.668957313665995 -23.350693053022482
-5.583333333333332 -18.669585221761672 -23.363605693200142
-5.083333333333332 -18.67497068616863 -23.376406591319547
-4.583333333333334 -18.685505389620154 -23.389229149629536
-4.083333333333332 -18.700808710993766 -23.401961922578735
-3.583333333333332 -18.72149196049195 -23.41460311343742
-3.083333333333332 -18.746886040446178 -23.427313072542127
-2.583333333333332 -18.777973036908953 -23.43996355601184
-2.083333333333332 -18.813361163464847 -23.452537860771493
-1.5833333333333321 -18.853665776777675 -23.465077229866957
-1.0833333333333321 -18.898084433418056 -23.47758151794752
-0.5833333333333321 -18.946145741343308 -23.490045909958166
-0.08333333333333215 -18.998037829652556 -23.50249710980554
0.41666666666666785 -19.052859169136788 -23.514875486134116
0.9166666666666679 -19.110656260798926 -23.527250731632407
1.4166666666666679 -19.170473563008763 -23.53956398240679
1.9166666666666679 -19.23264756077169 -23.55191734834612
2.416666666666668 -19.296442995719044 -23.564186898704044
2.916666666666668 -19.361476507492796 -23.576404345879496
3.416666666666668 -19.427929032263535 -23.58862902701039
3.916666666666668 -19.49465225776732 -23.60082940265468
4.416666666666668 -19.562200883406266 -23.612973867018408
4.916666666666664 -19.630114071250425 -23.625144991592194
5.416666666666668 -19.69824551367726 -23.637219002741617
5.916666666666668 -19.765927964774683 -23.64932205159295
6.416666666666664 -19.833787450042465 -23.661353755718643
6.916666666666668 -19.901378554193045 -23.673348222509205
7.416666666666668 -19.96849727590962 -23.685369454082583
7.916666666666664 -20.0352485126197 -23.69742295430809
8.416666666666668 -20.101299164959485 -23.709324430052416
8.916666666666668 -20.16611534179257 -23.72128968074144
9.416666666666664 -20.226823224598455 -23.73311975724952
9.916666666666668 -20.28254741896447 -23.744833661483344
10.416666666666668 -20.334414442830486 -23.756472660290008
10.916666666666664 -20.382851273025615 -23.76803619899617
11.416666666666668 -20.428364994694178 -23.77948425052892
11.916666666666668 -20.471158167115192 -23.790847378035615
12.416666666666668 -20.5116795037331 -23.802062271148703
12.916666666666668 -20.5502029572709 -23.813302954538955
13.416666666666668 -20.587180199087832 -23.824434482412347
13.916666666666668 -20.62274453341482 -23.835464080271976
14.416666666666668 -20.656950542743985 -23.84639730747223
14.916666666666668 -20.690054058718065 -23.857302625218956
15.416666666666668 -20.722160982203025 -23.868178769613255
15.916666666666668 -20.753648882155954 -23.878992028152698
16.416666666666668 -20.784258309565725 -23.889708580819207
16.916666666666668 -20.814374253238892 -23.900399618710164
17.416666666666668 -20.84419637563116 -23.911018301622477
17.916666666666668 -20.87355019518558 -23.921608917649163
18.416666666666668 -20.90288429613528 -23.93214924949045
18.916666666666668 -20.93155778006679 -23.942654658672723
19.416666666666668 -20.960563271581005 -23.953117585790586
19.916666666666668 -20.989306686804436 -23.96352980895948
20.416666666666668 -21.018049822695488 -23.973938421616477
20.916666666666668 -21.046866853251487 -23.984304878656978
21.416666666666668 -21.075844002044455 -23.994621527197502
21.916666666666668 -21.10494451957696 -24.004935687877644
22.416666666666668 -21.13407798026254 -24.015225724695917
22.916666666666668 -21.16349581067706 -24.02547232359523
23.416666666666668 -21.193083168281476 -24.035698327575425
23.916666666666668 -21.222902744818537 -24.04591823098756
24.416666666666668 -21.253178202446506 -24.056149302752807
24.916666666666668 -21.28367435524312 -24.066310575708165
25.416666666666668 -21.31432013781417 -24.076479346729474
25.916666666666668 -21.345290699105433 -24.086611755163982
26.416666666666668 -21.37656549021458 -24.09677082465608
26.916666666666668 -21.40809691640762 -24.106930128263407
27.416666666666668 -21.440007093557565 -24.11706969318889
27.916666666666668 -21.47210120561793 -24.12715702948696
28.41666666666666 -21.504506840871635 -24.137291307067542
28.916666666666668 -21.537231254450383 -24.147376321556216
29.416666666666668 -21.570120971792576 -24.157525805889293
29.91666666666666 -21.603389179227754 -24.16760521534608
30.416666666666668 -21.63688010252765 -24.177695068829152
30.916666666666668 -21.670518974353847 -24.187826153351132
31.41666666666666 -21.704414931247985 -24.197910672749153
31.916666666666668 -21.738448974153282 -24.208024082227837
32.41666666666667 -21.772685831052463 -24.218143405926583
32.91666666666666 -21.807255553634192 -24.228268007707246
33.41666666666667 -21.841836829306057 -24.23838669931882
33.91666666666667 -21.876513605179642 -24.24850301535066
34.41666666666666 -21.911341942103345 -24.258655940628966
34.91666666666667 -21.94633585967207 -24.268778330510045
35.41666666666667 -21.981502812228708 -24.278929948328166
35.91666666666666 -22.016562988173995 -24.289089868518335
36.41666666666667 -22.05173467701941 -24.299204176182236
36.91666666666667 -22.08692171976816 -24.309392347607833
37.41666666666666 -22.12233383962367 -24.319609684002906
37.91666666666667 -22.157690258845 -24.32979763552277
38.41666666666667 -22.192959349566387 -24.339990444277973
38.91666666666666 -22.228357661295618 -24.35017814206858
39.41666666666667 -22.263578185893085 -24.360407460127114
39.91666666666667 -22.298880173656357 -24.370663406543585
40.41666666666666 -22.33408537811311 -24.380902539151844
40.91666666666667 -22.36927581750068 -24.391154840558134
41.41666666666667 -22.404370854643073 -24.40144650751407
41.91666666666666 -22.439450030755147 -24.411730780335517
42.41666666666667 -22.47439800474776 -24.422011408640994
42.91666666666667 -22.50903389898212 -24.432335306525164
43.41666666666666 -22.543348407038796 -24.442646219197883
43.91666666666667 -22.577229480777792 -24.452939822725213
44.41666666666667 -22.61073360997605 -24.463249911463404
44.91666666666667 -22.643865633372506 -24.473505376018664
45.41666666666667 -22.67657635791021 -24.483785961563022
45.91666666666667 -22.708878253015797 -24.494043227607946
46.41666666666667 -22.740900222155602 -24.504283820343584
46.91666666666667 -22.772485972333524 -24.514520845865206
47.41666666666667 -22.803641169112694 -24.524737223973503
47.91666666666667 -22.834504291406255 -24.534956902992903
48.41666666666667 -22.864904113871255 -24.545130712467824
48.91666666666667 -22.894868120519163 -24.5552996915257
49.41666666666667 -22.924591644454107 -24.565446493872273
49.91666666666667 -22.953935607887345 -24.575595085393903
50.41666666666667 -22.98289142934753 -24.585712572056984
50.91666666666667 -23.011461477502515 -24.59578705886743
51.41666666666667 -23.03978117045216 -24.605867325828235
51.91666666666667 -23.06762552801626 -24.61589761694361
52.41666666666667 -23.0952335361063 -24.625877636356172
52.91666666666667 -23.122462282233887 -24.635873762593356
53.41666666666667 -23.149294995207427 -24.645827395134987
53.91666666666667 -23.175903659853624 -24.655758925167135
54.41666666666667 -23.20208005993333 -24.665649085267226
54.91666666666667 -23.22802242142421 -24.67553557357599
55.41666666666667 -23.25364093875969 -24.685363456523923
55.91666666666667 -23.27890957050093 -24.69518209687358
56.41666666666667 -23.303916906480868 -24.704960505495286
56.91666666666667 -23.32860754200769 -24.714678899567986
57.41666666666667 -23.352996542528967 -24.724406631237514
57.91666666666667 -23.37706883766272 -24.734087789703768
58.41666666666667 -23.40088985231301 -24.743735546100925
58.91666666666667 -23.424454795595686 -24.75333367157011
59.41666666666667 -23.447681390976637 -24.762926464361467
59.91666666666667 -23.47070678192637 -24.772427318639263
60.41666666666667 -23.493440864286363 -24.781959567259793
60.91666666666667 -23.515885756481705 -24.79142331148679
61.41666666666667 -23.538100312294997 -24.80085838239898
61.91666666666667 -23.56000868288335 -24.810281954841116
62.41666666666667 -23.58172860050682 -24.819637873007963
62.91666666666667 -23.603177217710062 -24.82894297157797
63.41666666666667 -23.624372745594147 -24.83824191320208
63.91666666666667 -23.645332211906506 -24.847494221087892
64.41666666666667 -23.666056168537253 -24.856700500344033
64.91666666666667 -23.68654518824938 -24.865867766467048
65.41666666666667 -23.70684525420601 -24.87500642942259
65.91666666666667 -23.72694758914529 -24.88410016061808
66.41666666666667 -23.74677244635592 -24.89313407671254
66.91666666666667 -23.7663671098753 -24.902158412005484
67.41666666666667 -23.785802996479223 -24.91112461219499
67.91666666666667 -23.80498327812763 -24.920054713654682
68.41666666666667 -23.823993168404964 -24.92896998924289
68.91666666666667 -23.84274816862298 -24.93781311778126
69.41666666666667 -23.86130584145675 -24.946629368356284
69.91666666666667 -23.879767218548125 -24.95541882459562
70.41666666666667 -23.897933542073744 -24.964123749262704
70.91666666666667 -23.915893829475806 -24.972820154803035
71.41666666666667 -23.933736148068302 -24.981489974617407
71.91666666666667 -23.95139796682095 -24.99008810445242
72.41666666666667 -23.968826359002154 -24.99866981272088
72.91666666666667 -23.986101285598327 -25.007209278199085
73.41666666666667 -24.003195495507093 -25.01568253570717
73.91666666666667 -24.020156053295878 -25.024133047070208
74.41666666666667 -24.03686855410472 -25.03253393571986
74.91666666666667 -24.05346489378134 -25.04089743664984
75.41666666666667 -24.069849465553077 -25.049214257578317
75.91666666666667 -24.086149826523453 -25.057510138162748
76.41666666666667 -24.10224089400574 -25.065765169808557
76.91666666666666 -24.11825626036355 -25.073980074504053
77.41666666666667 -24.13412314043327 -25.082183778541427
77.91666666666667 -24.14992337405458 -25.090344076013945
78.41666666666666 -24.165605377055698 -25.098527025536832
78.91666666666667 -24.18120724608024 -25.106625538282223
79.41666666666667 -24.196664390288376 -25.114724145496456
79.91666666666666 -24.21205677532541 -25.122845304516638
80.41666666666667 -24.227300244369893 -25.130891603215378
80.91666666666667 -24.242445371557206 -25.138941634303972
81.41666666666666 -24.257510829522797 -25.14694239988578
81.91666666666667 -24.272499024417513 -25.15491377861703
82.41666666666667 -24.287351804798696 -25.162894968666826
82.91666666666666 -24.302109332830423 -25.170833068246388
83.41666666666667 -24.316734125889127 -25.17873397580432
83.91666666666667 -24.33130127396155 -25.186605318655317
84.41666666666666 -24.34572621383825 -25.194457081152382
84.91666666666667 -24.3600631659676 -25.20229106117922
85.41666666666667 -24.37432960900102 -25.21009125057902
85.91666666666666 -24.38846975290561 -25.21785119228436
86.41666666666667 -24.402528557325773 -25.225602499038917
86.91666666666667 -24.41646024810337 -25.23332832716505
87.41666666666666 -24.43034489920119 -25.241017089971184
87.91666666666667 -24.444093874613962 -25.248685295687572
88.41666666666667 -24.457744557998545 -25.25634224556082
88.91666666666666 -24.471306026761187 -25.263940601651818
89.41666666666667 -24.484775810662573 -25.271513214363562
89.91666666666667 -24.4981321911229 -25.279083833255097
90.41666666666666 -24.511438047208763 -25.28659607677952
90.91666666666667 -24.524613043321857 -25.29410556258121
91.41666666666667 -24.537684697005616 -25.301576494364056
91.91666666666666 -24.5507189296659 -25.309036736156973
92.41666666666667 -24.56363351871361 -25.3164443686192
92.91666666666667 -24.576429291503633 -25.32380539183366
93.41666666666666 -24.589161405839132 -25.331206334659967
93.91666666666667 -24.601826672063144 -25.338527243021115
94.41666666666667 -24.61436955000761 -25.345817111757274
94.91666666666666 -24.626808668583134 -25.353090805137715
95.41666666666667 -24.639205936021696 -25.360351027758497
95.91666666666667 -24.651503959467437 -25.36756697693956
96.41666666666666 -24.663707664895767 -25.374748869628544
96.91666666666667 -24.675841162627393 -25.381939772640788
97.41666666666667 -24.687851123210486 -25.389055208827614
97.91666666666666 -24.699803730424044 -25.3961714278307
98.41666666666667 -24.711693259318732 -25.403252583451117
98.91666666666667 -24.72348829493256 -25.41030440000227
99.41666666666666 -24.735179700256026 -25.41732164836528
99.91666666666667 -24.746799538542213 -25.424313769301
100.41666666666667 -24.758367617731338 -25.431288962712383
100.91666666666666 -24.769804164703288 -25.438201526131877
101.41666666666667 -24.78121806887308 -25.445126439980395
101.91666666666667 -24.79251827157028 -25.45200262069878
102.41666666666666 -24.803721629369456 -25.458860439193572
102.91666666666667 -24.814884344016757 -25.46566855074299
103.41666666666667 -24.82597811406532 -25.472472242482404
103.91666666666666 -24.83694387006963 -25.47925361878139
104.41666666666667 -24.847876368968976 -25.48598827245296
104.91666666666667 -24.858706729673333 -25.49270242572576
105.41666666666666 -24.869511758468235 -25.499381398545133
105.91666666666667 -24.880191247365907 -25.506042643191442
106.41666666666667 -24.890823116545565 -25.512657821540394
106.91666666666666 -24.90137182397346 -25.51927256782383
107.41666666666667 -24.91183882433674 -25.52583185102896
107.91666666666667 -24.922286035393753 -25.532391407613403
108.41666666666667 -24.932605138052196 -25.53890289245778
108.91666666666667 -24.94285936577933 -25.54537990511505
109.41666666666667 -24.953063417024197 -25.551839686464852
109.91666666666667 -24.963211304104867 -25.5582805355558
110.41666666666667 -24.973283254325736 -25.56470878184434
110.91666666666667 -24.983357650503798 -25.571126699044168
111.41666666666667 -24.99338435302033 -25.577494731268086
111.91666666666667 -25.003372124806592 -25.583866205300865
112.41666666666667 -25.013299914644342 -25.590242563959077
112.91666666666667 -25.023183054501214 -25.596589684648748
113.41666666666667 -25.033033545477412 -25.602901437523705
113.91666666666667 -25.042855458457126 -25.609218403995126
114.41666666666667 -25.05262050176001 -25.615525172415374
114.91666666666667 -25.06235121619882 -25.62179280141021
115.41666666666667 -25.07201125820973 -25.628037852291854
115.91666666666667 -25.081663012351004 -25.63427029287082
116.41666666666667 -25.091254690891507 -25.640509178499347
116.91666666666667 -25.100788016518525 -25.646716881687336
117.41666666666667 -25.11029016675257 -25.652895795129595
