FastTrWP/PhaseSpace/IAs/snIa_0.69_30.00_-1.12_-0.25.csv
# %ECSV 0.9
# ---
# datatype:
# - {name: time-rel, datatype: float64}
# - {name: g, datatype: float64}
# - {name: i, datatype: float64}
# schema: astropy-2.0
time-rel g i
[from data line 2302]
1346.6458333333333 26.449523848198233 23.52355548039988
1347.1458333333333 26.418366901741695 23.524914216825017
1347.6458333333333 26.387787962171117 23.526281316708634
1348.1458333333333 26.35773229153106 23.52764141106274
1348.6458333333333 26.328234748754316 23.52900842288772
1349.1458333333333 26.299267489714783 23.530357451733657
1349.6458333333333 26.270816210237548 23.53172287775586
1350.1458333333333 26.242684174933515 23.533079388743758
1350.6458333333333 26.21488776964189 23.534438600681597
1351.1458333333333 26.18726651802998 23.535790323718764
1351.6458333333333 26.159872181097732 23.537130948920883
1352.1458333333333 26.132708453587085 23.538493184612413
1352.6458333333333 26.105799002488798 23.539836931960735
1353.1458333333333 26.079161846713532 23.5411940984393
1353.6458333333333 26.052783927712007 23.542545480225215
1354.1458333333333 26.026666440772264 23.543872506784158
1354.6458333333333 26.000817359470684 23.54522203331649
1355.1458333333333 25.975245000305645 23.546568099517554
1355.6458333333333 25.949977444734348 23.547914252745684
1356.1458333333333 25.924948425505878 23.54925170412634
1356.6458333333333 25.900232108928524 23.550582495265203
1357.1458333333333 25.875804898129154 23.551937431414697
1357.6458333333333 25.851641260580745 23.553262876103332
1358.1458333333333 25.82773053731703 23.554604049224647
1358.6458333333333 25.804146260068933 23.555932050305906
1359.1458333333333 25.78083144921329 23.55727441830506
1359.6458333333333 25.757841057400384 23.55859431097789
1360.1458333333333 25.735073553929453 23.559939374891286
1360.6458333333333 25.7126302244952 23.561255970412176
1361.1458333333333 25.690461771083633 23.562584143047303
1361.6458333333333 25.66861383915118 23.56391921686084
1362.1458333333333 25.646945886615306 23.565241029941745
1362.6458333333333 25.62561300612657 23.566569420039585
1363.1458333333333 25.604549778803758 23.567895076219756
1363.6458333333333 25.58377123699492 23.569224498484257
1364.1458333333333 25.563256314974833 23.570536041087262
1364.6458333333333 25.543023324910187 23.57185839559062
1365.1458333333333 25.523014903176595 23.573180178745062
1365.6458333333333 25.503321731385945 23.574506458322148
1366.1458333333333 25.48384188441282 23.575818998218253
1366.6458333333333 25.464630583558012 23.577142882887618
1367.1458333333333 25.445684904980354 23.578462760365827
1367.6458333333333 25.426978504827566 23.579770360873535
1368.1458333333333 25.408568956346585 23.581094504700793
1368.6458333333333 25.390374593029268 23.58240655904392
1369.1458333333333 25.372409075939693 23.583725851764523
1369.6458333333333 25.354720542112133 23.585026620610343
1370.1458333333333 25.33724080811391 23.58634378626999
1370.6458333333333 25.31999941025436 23.587662031092854
1371.1458333333333 25.30303114147135 23.588962854870815
1371.6458333333333 25.28628420389561 23.590283800917284
1372.1458333333333 25.269782216181707 23.59159606299262
1372.6458333333333 25.253472220124515 23.592903934582743
1373.1458333333333 25.23739337028148 23.594212163911656
1373.6458333333333 25.221571363260136 23.595531300538557
1374.1458333333333 25.20594229514718 23.59683550176225
1374.6458333333333 25.19056660122887 23.59813882946899
1375.1458333333333 25.1753877920649 23.59945629393269
1375.6458333333333 25.16040248713121 23.600763291410786
1376.1458333333333 25.145659940000748 23.602069663559536
1376.6458333333333 25.131116442689212 23.60337342413356
1377.1458333333333 25.116808483790475 23.604682179680832
1377.6458333333333 25.10268312955825 23.605983120640953
1378.1458333333333 25.088783898042482 23.6072911900686
1378.6458333333333 25.075065566669792 23.608603796847238
1379.1458333333333 25.0615480705819 23.609911362427383
1379.6458333333333 25.048233969548814 23.61120713037128
1380.1458333333333 25.03516204455063 23.61252281496309
1380.6458333333333 25.02223070970541 23.61383188661501
1381.1458333333333 25.00951206111158 23.61512501434701
1381.6458333333333 24.996998993197646 23.61642864431191
1382.1458333333333 24.98464953997326 23.61773019175843
1382.6458333333333 24.972526181623287 23.619050473256316
1383.1458333333333 24.960575839312703 23.620335848606388
1383.6458333333333 24.94880089683281 23.62164373481982
1384.1458333333333 24.937245408461557 23.622952869807747
1384.6458333333333 24.925824165835053 23.624252636952633
1385.1458333333333 24.914630681126223 23.625580053851188
1385.6458333333333 24.903602829488104 23.626865481478028
1386.1458333333333 24.892742316265213 23.628188225551195
1386.6458333333333 24.88207239148234 23.62948348006221
1387.1458333333333 24.871583786639683 23.630794058878507
1387.6458333333333 24.861286251859156 23.63208634440298
1388.1458333333333 24.85111804933598 23.633408002062506
1388.6458333333333 24.841168794257776 23.634696506525156
1389.1458333333333 24.83137629344335 23.63601545208494
1389.6458333333333 24.821741658177153 23.63731522772808
1390.1458333333333 24.812280793473768 23.638630219798088
1390.6458333333333 24.80299220978111 23.639935892180958
1391.1458333333333 24.793745202543597 23.64124763363837
1391.6458333333333 24.784548247027004 23.642555602762172
1392.1458333333333 24.775381100065736 23.643865429922663
1392.6458333333333 24.766251230193177 23.645163336457912
1393.1458333333333 24.757184614263505 23.646458367715887
1393.6458333333333 24.74816290563465 23.647766861805852
1394.1458333333333 24.739179692580446 23.64907319880631
1394.6458333333333 24.730251776123865 23.650385650914615
1395.1458333333333 24.721388329769706 23.651679285778545
1395.6458333333333 24.71256805798202 23.652984236485985
1396.1458333333333 24.703797778104462 23.654267107604817
1396.6458333333333 24.69509614674781 23.65557792096628
1397.1458333333333 24.686440760850846 23.656885499447956
1397.6458333333333 24.677824907847796 23.6581689923959
1398.1458333333333 24.669299093451865 23.659469728509922
1398.6458333333333 24.660838169960737 23.660773064926282
1399.1458333333333 24.65240757205001 23.662061997804933
1399.6458333333333 24.64404629544115 23.66335544302124
1400.1458333333333 24.63575157602426 23.664647676555287
1400.6458333333333 24.627515851478158 23.66595402551757
1401.1458333333333 24.619342010267893 23.6672408729255
1401.6458333333333 24.61124847073719 23.66853848004353
1402.1458333333333 24.60319729268541 23.669827561483277
1402.6458333333333 24.595231447512415 23.67111334799835
1403.1458333333333 24.58731972395727 23.672412952191202
1403.6458333333333 24.579479397783818 23.673704401275828
1404.1458333333333 24.571697772836597 23.67498322631034
1404.6458333333333 24.563992044910172 23.676287692950652
1405.1458333333333 24.556344218076283 23.67757817278605
1405.6458333333333 24.548784144714055 23.67885825834267
1406.1458333333333 24.54127018113697 23.68014783244011
1406.6458333333333 24.533843865338433 23.681439189391323
1407.1458333333333 24.52648102071422 23.682726820489627
1407.6458333333333 24.519184963654936 23.684022417425616
1408.1458333333333 24.51196107872983 23.685309028343717
1408.6458333333333 24.504818761243662 23.686586910626648
1409.1458333333333 24.497741596395095 23.687876627925057
1409.6458333333333 24.490738641910696 23.689166641907523
1410.1458333333333 24.48379799617092 23.690438923202336
1410.6458333333333 24.47694958482731 23.691734334423693
1411.1458333333333 24.47016976304932 23.693019915055302
1411.6458333333333 24.463455897039662 23.69430563760622
1412.1458333333333 24.45683707834238 23.69558518354173
1412.6458333333333 24.45025640513093 23.696866498384193
1413.1458333333333 24.443771319836316 23.69816190657096
1413.6458333333333 24.4373498385268 23.69944535628109
1414.1458333333333 24.431013455393654 23.700730149507446
1414.6458333333333 24.424758338333184 23.70201988287998
1415.1458333333333 24.418573192877147 23.70330445007824
1415.6458333333333 24.41245689304173 23.70457604773058
1416.1458333333333 24.406435179690188 23.70586185101866
1416.6458333333333 24.40047711300393 23.707141233106462
1417.1458333333333 24.394596174084526 23.708420146579165
1417.6458333333333 24.388813670595088 23.709714370432824
1418.1458333333333 24.3830667396867 23.710989348461716
1418.6458333333333 24.377440114478908 23.7122913005788
1419.1458333333333 24.37186960808251 23.713554629526374
1419.6458333333333 24.36639244137437 23.714843028655515
1420.1458333333333 24.36097509581051 23.716138235931048
1420.6458333333333 24.355645260069544 23.71740371259698
