FastTrWP/PhaseSpace/IAs/snIa_0.57_30.00_-2.24_-0.07.csv
# %ECSV 0.9
# ---
# datatype:
# - {name: time-rel, datatype: float64}
# - {name: g, datatype: float64}
# - {name: i, datatype: float64}
# schema: astropy-2.0
time-rel g i
[from data line 1448]
978.2916666666666 25.048728443455616 22.619442954029076
978.7916666666666 25.04992216663336 22.620205376233
979.2916666666665 25.051100427832825 22.620973671070196
979.7916666666666 25.052261620617188 22.621741521755283
980.2916666666666 25.0534047529622 22.622508683896072
980.7916666666665 25.054569597597272 22.623270955551757
981.2916666666666 25.05572600792616 22.624034281293287
981.7916666666666 25.05687590307504 22.624804968370253
982.2916666666665 25.058003637771268 22.625572258147013
982.7916666666666 25.059158329060374 22.626349486577574
983.2916666666666 25.060283058906737 22.627117396894576
983.7916666666665 25.061418691644242 22.627883104753842
984.2916666666666 25.062564755483216 22.62866536082563
984.7916666666666 25.063694605528376 22.629434018613424
985.2916666666665 25.06484185244012 22.630208417355494
985.7916666666666 25.065965178704054 22.6309830663821
986.2916666666666 25.067108997548097 22.631757294974054
986.7916666666665 25.06821900072394 22.63253629034203
987.2916666666666 25.069394513483374 22.633309721193733
987.7916666666666 25.070516714156117 22.63408483054217
988.2916666666665 25.071675437423167 22.63487197633996
988.7916666666666 25.072825126002872 22.635648539877174
989.2916666666666 25.073938281115318 22.63642373605249
989.7916666666665 25.075116733380725 22.637196044210096
990.2916666666666 25.07626538901829 22.637983000585894
990.7916666666666 25.07742806442196 22.638764357295962
991.2916666666665 25.07859027096992 22.639547593589015
991.7916666666666 25.079779832561123 22.64032630513703
992.2916666666666 25.080979368693267 22.64111615317695
992.7916666666665 25.082155486014944 22.64189621841098
993.2916666666666 25.083367876330218 22.642681463519256
993.7916666666666 25.084590050121513 22.643466375543838
994.2916666666665 25.085820776051136 22.64425867014922
994.7916666666666 25.08702490233109 22.645046075355147
995.2916666666666 25.08827362986283 22.645836428529478
995.7916666666665 25.08951491166911 22.646626213926687
996.2916666666666 25.090784197016163 22.647417375590514
996.7916666666666 25.0920699938657 22.648206713363205
997.2916666666665 25.093359187123827 22.64899058693412
997.7916666666666 25.09467075918176 22.649789671170474
998.2916666666666 25.09592443331634 22.650579721838263
998.7916666666665 25.097227919946885 22.651376612574783
999.2916666666666 25.098482618594957 22.652170866481942
999.7916666666666 25.099739686403794 22.652969040859947
1000.2916666666665 25.101016975311058 22.653763366914088
1000.7916666666666 25.102258968192505 22.654553152614337
1001.2916666666666 25.103501412932573 22.655350305755235
1001.7916666666666 25.104744090744088 22.65615454723556
1002.2916666666666 25.105977336730913 22.656954411164424
1002.7916666666666 25.107203931074782 22.65775308950476
1003.2916666666666 25.108437364813753 22.658552581869408
1003.7916666666666 25.109678103749808 22.65936224176877
1004.2916666666666 25.1108786785843 22.660161564949593
1004.7916666666666 25.112069272764835 22.660960314390373
1005.2916666666666 25.11330387367415 22.661767534609318
1005.7916666666666 25.11449775653586 22.662572591029356
1006.2916666666666 25.11569562335131 22.66337860629987
1006.7916666666666 25.116898863505583 22.664182399746725
1007.2916666666666 25.11807476002623 22.664993203766777
1007.7916666666666 25.119297032250195 22.6657944389357
1008.2916666666666 25.120487234999352 22.666602218573047
1008.7916666666666 25.121692336214462 22.667425394204436
1009.2916666666666 25.12286667768441 22.668230122868955
1009.7916666666666 25.124073257375077 22.66904232085272
1010.2916666666666 25.125240170587773 22.66985630795938
1010.7916666666666 25.126454473709494 22.67066338680561
1011.2916666666666 25.127631776401742 22.671480240729935
1011.7916666666666 25.128807751875964 22.672301902390597
1012.2916666666666 25.130019286215997 22.673114851571885
1012.7916666666666 25.13119351267011 22.673932150210785
1013.2916666666666 25.13242123568769 22.67474436538349
1013.7916666666666 25.133583311809275 22.67556956835431
1014.2916666666666 25.13476545257864 22.676381709601834
1014.7916666666666 25.13599826977923 22.677205225301712
1015.2916666666666 25.137208950026668 22.67802403905864
1015.7916666666666 25.138418698751458 22.67884468236785
1016.2916666666666 25.13963712844155 22.679665303058716
1016.7916666666666 25.14083873752556 22.680490330718435
1017.2916666666666 25.14205465236553 22.681315390009328
1017.7916666666666 25.143287369840998 22.682141362094782
1018.2916666666666 25.14452970443265 22.682958971225425
1018.7916666666666 25.1457552790885 22.683795732315883
1019.2916666666666 25.14700460485505 22.684619590689397
1019.7916666666666 25.14826022460777 22.685449128000883
1020.2916666666666 25.149481133123878 22.686279359202587
1020.7916666666666 25.150779548754215 22.687111288246467
1021.2916666666666 25.152046610740214 22.687940561196708
1021.7916666666666 25.153320390305357 22.688772813896847
1022.2916666666666 25.154612459726806 22.689612596742638
1022.7916666666666 25.155921946631494 22.69044246757238
1023.2916666666666 25.15721413416395 22.691267634902626
1023.7916666666666 25.158527900132242 22.692102990516567
1024.2916666666667 25.159847335627447 22.692939957904073
1024.7916666666667 25.161188838906074 22.693779139308194
1025.2916666666667 25.162519723121907 22.69461956766738
1025.7916666666667 25.163874632728536 22.695455930410198
1026.2916666666667 25.165256467810615 22.69629760893593
1026.7916666666667 25.166640464896194 22.697131951746904
1027.2916666666667 25.16802385935444 22.697972612158487
1027.7916666666667 25.16940868546872 22.6988228644906
1028.2916666666667 25.170847986836662 22.699658011733703
1028.7916666666667 25.172274724105726 22.70049511286947
1029.2916666666667 25.17372707884544 22.70134245955522
1029.7916666666667 25.17516812715662 22.70219191961482
1030.2916666666667 25.176655633948748 22.703036923076535
1030.7916666666667 25.178118210507535 22.703878120722894
1031.2916666666667 25.17960789092313 22.70472685661067
1031.7916666666667 25.18114005750625 22.70558019201559
1032.2916666666667 25.182670047148466 22.706429612938006
1032.7916666666667 25.184209837136187 22.707278115923792
1033.2916666666667 25.18578959444907 22.708123861865566
1033.7916666666667 25.18738393516571 22.708983411509447
1034.2916666666667 25.18896017687339 22.70984153343253
1034.7916666666667 25.19060751704164 22.71067760403239
1035.2916666666667 25.19221473088897 22.711543536973924
1035.7916666666667 25.19387294481861 22.712400389090103
1036.2916666666667 25.195510418511148 22.71325144118128
1036.7916666666667 25.19719376250778 22.714112000073072
1037.2916666666667 25.198871895814325 22.714967341575374
1037.7916666666667 25.20055367304636 22.71582448012806
1038.2916666666667 25.202272496460395 22.716691442094564
1038.7916666666667 25.203957445902134 22.717550691807578
1039.2916666666667 25.20567855778278 22.718403557833163
1039.7916666666667 25.207427014712177 22.71926508071386
1040.2916666666667 25.20916556481783 22.72013432296926
1040.7916666666667 25.2108874294986 22.720997101982437
1041.2916666666667 25.212654505817433 22.721857358222607
1041.7916666666667 25.214423734633343 22.72272332859494
1042.2916666666667 25.216208718666916 22.7235851519614
1042.7916666666667 25.217999923975476 22.724449637667444
1043.2916666666667 25.21979297156229 22.72532538987737
1043.7916666666667 25.22160023611997 22.726191632012885
1044.2916666666667 25.223424569159036 22.727061379851882
1044.7916666666667 25.225242368692207 22.72792615387326
1045.2916666666667 25.227118904186927 22.728801969022122
1045.7916666666667 25.228974368818363 22.72967339227094
1046.2916666666667 25.23082469838069 22.73054588677337
1046.7916666666667 25.232683485501628 22.73142551774263
1047.2916666666667 25.234580780110484 22.732296536223302
1047.7916666666667 25.236485691337197 22.733170737955454
1048.2916666666667 25.23838921995263 22.734045823199654
1048.7916666666667 25.240290534103558 22.73492385584893
1049.2916666666667 25.242254090256772 22.73580872711492
1049.7916666666667 25.244183575088165 22.736682169637362
1050.2916666666667 25.246122097094865 22.73756019824645
1050.7916666666667 25.248100818876672 22.738438066999084
1051.2916666666667 25.250083263060176 22.739329855946742
1051.7916666666667 25.25207422793265 22.740204684608678
1052.2916666666667 25.254068138009092 22.741091450158372
1052.7916666666667 25.256071794733227 22.74197949136541
1053.2916666666667 25.25808497412571 22.742868238439947
1053.7916666666667 25.26013816774169 22.74375562766153
1054.2916666666667 25.262160016789636 22.74464708075412
1054.7916666666667 25.264234681686123 22.745529394219556
1055.2916666666667 25.266288526160004 22.74641651650189
1055.7916666666667 25.268397073533926 22.74730800131964
1056.2916666666667 25.270466083334604 22.748205400723474
1056.7916666666667 25.272549936685238 22.749100858827184
1057.2916666666667 25.27469601525478 22.749981999087915
1057.7916666666667 25.276808006215468 22.750875541264904
1058.2916666666667 25.278945937986634 22.75178099199549
1058.7916666666667 25.281129410980544 22.75267583521567
1059.2916666666667 25.283300721042465 22.753578112795662
1059.7916666666667 25.285458522882564 22.75447155776838
1060.2916666666667 25.287614388988423 22.755380956968022
1060.7916666666667 25.28988786534706 22.75627409979755
1061.2916666666667 25.29207231871554 22.757175568314103
1061.7916666666667 25.294306697998472 22.758084304628866
1062.2916666666667 25.29651176012004 22.758986306512902
1062.7916666666667 25.298801111600476 22.759894809671124
1063.2916666666667 25.301041645174855 22.76079408938642
1063.7916666666667 25.30334309447681 22.7617151462395
1064.2916666666667 25.305638042285107 22.76261557523208
1064.7916666666667 25.307933805431368 22.763526813275806
1065.2916666666667 25.31024142836735 22.7644398466719
1065.7916666666667 25.31258299460259 22.76534772219528
1066.2916666666667 25.314948362641815 22.766265771806566
1066.7916666666667 25.317282761963014 22.76717124305035
1067.2916666666667 25.319659506404456 22.76809634093737
1067.7916666666667 25.32203577746015 22.769009845459824
1068.2916666666667 25.324460938300426 22.769925113156525
1068.7916666666667 25.326852569473562 22.770842979573146
1069.2916666666667 25.329264924241265 22.771762548622974
1069.7916666666667 25.33172934092746 22.772685854286017
1070.2916666666667 25.334168450185818 22.773608709300703
1070.7916666666667 25.336661637441043 22.7745343763781
1071.2916666666667 25.339133501971546 22.775461319390278
1071.7916666666667 25.341629580985213 22.77638965846385
1072.2916666666667 25.344144086758863 22.77731084977323
1072.7916666666667 25.346672479548662 22.77823292173363
1073.2916666666667 25.349199383499148 22.77916869784308
1073.7916666666667 25.351745264841867 22.780095298708307
1074.2916666666667 25.354339274971597 22.781032894796795
1074.7916666666667 25.356912165523006 22.78196590869777
1075.2916666666667 25.359508039247626 22.782893902872686
1075.7916666666667 25.362103139708555 22.78382968356882
1076.2916666666667 25.364748799749496 22.784775001983675
1076.7916666666667 25.367394279283655 22.785701088393605
1077.2916666666667 25.370078804626992 22.786639251604054
1077.7916666666667 25.372712219942564 22.78758098403408
1078.2916666666667 25.375402424385985 22.78851623956338
1078.7916666666667 25.378095709051628 22.789461845803345
1079.2916666666667 25.380803038991246 22.79040156388643
1079.7916666666667 25.383563112775356 22.791348579803188
1080.2916666666667 25.386300312459703 22.79228653637913
1080.7916666666667 25.389083330105137 22.79323400329227
1081.2916666666667 25.39183702825106 22.794180318763924
1081.7916666666667 25.3946552784743 22.79513227962081
1082.2916666666667 25.39742820931113 22.796077034868286
1082.7916666666667 25.400275638080952 22.797025436892795
1083.2916666666667 25.403119963468445 22.797976089271096
1083.7916666666667 25.40596871036646 22.798927689146208
1084.2916666666667 25.40884194748027 22.79988373823624
1084.7916666666667 25.411753402701574 22.800832972219677
1085.2916666666667 25.414665502075444 22.801793814350482
1085.7916666666667 25.417568954756376 22.802754545210835
1086.2916666666667 25.42053911830699 22.80371285612012
1086.7916666666667 25.42352018303937 22.804666780193223
1087.2916666666667 25.426481579544117 22.805624939796033
1087.7916666666667 25.42948635800034 22.806583811357775
1088.2916666666667 25.43249809327229 22.80755548290021
1088.7916666666667 25.435531776438896 22.80852344382431
1089.2916666666667 25.438573965531653 22.809468390621532
1089.7916666666667 25.441650680738025 22.81044720826598
1090.2916666666667 25.44470261231382 22.811412205794603
1090.7916666666667 25.447816018464145 22.812380073510738
1091.2916666666667 25.45095170408387 22.813344065900786
1091.7916666666667 25.45409112762627 22.81432400160209
1092.2916666666667 25.45725873903415 22.815286700051537
1092.7916666666667 25.46045227276889 22.816270227923916
1093.2916666666667 25.463625539570454 22.81723814688245
1093.7916666666667 25.46685078007283 22.818212171322266
1094.2916666666667 25.4700993703681 22.819190056049866
1094.7916666666667 25.473364726675108 22.820172860282796
1095.2916666666667 25.476637927834602 22.821155806157634
1095.7916666666667 25.479943657042796 22.822140558373395
1096.2916666666667 25.48325565090313 22.82311624969884
1096.7916666666667 25.486582662121858 22.824105631685224
1097.2916666666667 25.48994715551082 22.825096234904944
1097.7916666666667 25.493336266877332 22.826072929679313
1098.2916666666667 25.496734275616078 22.827064837885082
1098.7916666666667 25.500142862928925 22.82805573349727
1099.2916666666667 25.503568487952165 22.82904659171431
1099.7916666666667 25.50702813411558 22.830030155250554
1100.2916666666667 25.510498993276176 22.83102611979278
1100.7916666666667 25.51400126007688 22.832024512634952
1101.2916666666667 25.517549807217893 22.83302567180773
1101.7916666666667 25.521097977758668 22.834011139342607
1102.2916666666667 25.52464707990714 22.835023561504805
1102.7916666666667 25.528237679381917 22.83602127020318
1103.2916666666667 25.53186268087896 22.83701966869603
1103.7916666666667 25.535529394294763 22.83802270612147
1104.2916666666667 25.53918567446397 22.839027254933097
1104.7916666666667 25.542896928815537 22.840033894732983
1105.2916666666667 25.546589290258687 22.84104415530817
1105.7916666666667 25.55027742811562 22.842053773284547
1106.2916666666667 25.55405857076466 22.843060873770995
1106.7916666666667 25.557823552150456 22.844065515407245
1107.2916666666667 25.561627270459862 22.845086394793498
1107.7916666666667 25.565461466967704 22.846099270182098
1108.2916666666667 25.56931652976185 22.847113308041266
1108.7916666666667 25.573186113712506 22.848130279260815
1109.2916666666667 25.577109539558272 22.84915081463874
1109.7916666666667 25.58103027258123 22.850167833676963
1110.2916666666667 25.584979059203675 22.85119677744224
1110.7916666666667 25.588946817934076 22.85221571856489
1111.2916666666667 25.592971798079116 22.853246136075285
1111.7916666666667 25.597012533622262 22.854275230007023
1112.2916666666667 25.601074573313078 22.855301926974676
1112.7916666666667 25.60518366740158 22.856338443238002
1113.2916666666667 25.60936469489594 22.85736862141446
1113.7916666666667 25.613507188508585 22.858395319080728
1114.2916666666667 25.617694085599858 22.859435773685547
1114.7916666666667 25.621930723566845 22.860463526185058
1115.2916666666667 25.626170173625788 22.86150145636052
1115.7916666666667 25.630441555293576 22.862539659725552
1116.2916666666667 25.63478006988422 22.863566558855375
1116.7916666666667 25.639154722700507 22.864623669867292
1117.2916666666667 25.643512989492265 22.865660753702514
1117.7916666666667 25.647920969841334 22.866705548724134
1118.2916666666667 25.652378197741168 22.867749308194888
1118.7916666666667 25.656833719806897 22.86879432789739
1119.2916666666667 25.661361998848715 22.869850547767342
1119.7916666666667 25.665859523555884 22.87089456966706
