FastTrWP/PhaseSpace/IAs/snIa_0.37_30.00_-1.02_0.01.csv
# %ECSV 0.9
# ---
# datatype:
# - {name: time-rel, datatype: float64}
# - {name: g, datatype: float64}
# - {name: i, datatype: float64}
# schema: astropy-2.0
time-rel g i
[from data line 867]
660.8541666666666 23.03215184634856 22.530198044973808
661.3541666666666 23.03255528359704 22.529624221076165
661.8541666666666 23.032966122939907 22.529048429021135
662.3541666666666 23.033394076866344 22.528484521978726
662.8541666666666 23.03381564850405 22.52792421356711
663.3541666666666 23.03426101026325 22.527358684399367
663.8541666666666 23.034700236154094 22.52679612648263
664.3541666666666 23.03515621389209 22.526235257984794
664.8541666666666 23.03560826842706 22.52567399464982
665.3541666666666 23.036079916692266 22.52512307260785
665.8541666666666 23.036546322624982 22.52456746371888
666.3541666666666 23.037019263156573 22.524015789803315
666.8541666666666 23.03750578366096 22.523459771915554
667.3541666666666 23.03799005120693 22.5229042670037
667.8541666666666 23.038497852540786 22.522359487729375
668.3541666666666 23.038997033207963 22.52180524296838
668.8541666666666 23.039509731009886 22.521256541025544
669.3541666666666 23.040025223509623 22.520715215911427
669.8541666666666 23.040541968737354 22.520179728135915
670.3541666666666 23.041083070254288 22.519639862330614
670.8541666666666 23.041613859049008 22.519100837793594
671.3541666666666 23.042152774728404 22.518567612066846
671.8541666666666 23.0427036465678 22.51804083483998
672.3541666666666 23.04324870645122 22.51750635914638
672.8541666666666 23.043808480389025 22.516975966847838
673.3541666666666 23.044378764111922 22.516444230408847
673.8541666666666 23.044943248354983 22.515924646420935
674.3541666666666 23.0455169050856 22.515408982769216
674.8541666666666 23.046094773939316 22.51488557081281
675.3541666666666 23.04668111150935 22.514365895517145
675.8541666666666 23.047265651847397 22.513845890404312
676.3541666666666 23.047855849723113 22.513339165112335
676.8541666666666 23.048463295520083 22.512831497689337
677.3541666666666 23.049064408735227 22.512325539576082
677.8541666666666 23.049682057356847 22.511818312124166
678.3541666666666 23.05029502748372 22.511320971450658
678.8541666666666 23.050909065383408 22.51082428883582
679.3541666666666 23.05153358391349 22.510323529479656
679.8541666666666 23.052165623082402 22.5098385790622
680.3541666666666 23.052793829927246 22.50934298487835
680.8541666666666 23.053432079188525 22.508861345002984
681.3541666666666 23.054077574666742 22.50837791648031
681.8541666666666 23.054711900444612 22.507896845119046
682.3541666666666 23.055367160942385 22.507419752872273
682.8541666666666 23.05602085424991 22.50694228865555
683.3541666666666 23.056680043065093 22.5064793683691
683.8541666666666 23.057331152577326 22.506013343923197
684.3541666666666 23.058013526795925 22.50554280401278
684.8541666666666 23.05867377863708 22.50509206460663
685.3541666666666 23.0593430993082 22.504629157272014
685.8541666666666 23.060021576619498 22.504173468811537
686.3541666666666 23.06070185803993 22.503733044431012
686.8541666666666 23.061387562336478 22.503285968483695
687.3541666666666 23.062067544635617 22.502846170021478
687.8541666666666 23.062761598822842 22.502401848424665
688.3541666666666 23.06345235863063 22.501968980014627
688.8541666666666 23.064148407228643 22.501536157332197
689.3541666666666 23.06484313161539 22.501114102293837
689.8541666666666 23.0655527477101 22.500684548532345
690.3541666666666 23.066258460436025 22.5002641380259
690.8541666666666 23.06695324122674 22.4998523483428
691.3541666666666 23.067664420569457 22.49943796197919
691.8541666666666 23.0683904055185 22.49903227441779
692.3541666666666 23.069089090489435 22.49863570662815
692.8541666666666 23.069811064584055 22.49822766050467
693.3541666666666 23.070530890593957 22.497835701983355
693.8541666666666 23.071257823764455 22.49743724725342
694.3541666666666 23.071989643459617 22.497047247451356
694.8541666666666 23.072728816379676 22.496665335305572
695.3541666666666 23.07346611718764 22.49627472812504
695.8541666666666 23.074222002665202 22.49589442360563
696.3541666666666 23.07497543753747 22.495515961761264
696.8541666666666 23.07572642844308 22.495131053629226
697.3541666666666 23.076495947479522 22.494760095060172
697.8541666666666 23.07726706241285 22.49438398591216
698.3541666666666 23.078043387966485 22.49401432057069
698.8541666666666 23.078818999223742 22.493650114326623
699.3541666666666 23.07960700396872 22.493283306508282
699.8541666666666 23.08039753794877 22.49291626891559
700.3541666666666 23.081194470770775 22.49256675388123
700.8541666666666 23.082000150173812 22.492200493272886
701.3541666666666 23.082812243498942 22.491849439200152
701.8541666666666 23.083614640871346 22.491502390271812
702.3541666666666 23.0844235883703 22.49115012801195
702.8541666666666 23.085253718341562 22.49080402589884
703.3541666666666 23.086071560128726 22.490461751755394
703.8541666666666 23.086893902821323 22.490122871417086
704.3541666666666 23.087733638848956 22.48979270642719
704.8541666666666 23.088568334919476 22.489460425680626
705.3541666666666 23.089420000560025 22.4891237194457
705.8541666666666 23.090253798858015 22.488802745753496
706.3541666666666 23.091107111916568 22.488475822611843
706.8541666666666 23.091962919748198 22.48816476097083
707.3541666666666 23.09283251568086 22.48783975567195
707.8541666666666 23.093684873219726 22.487530805181226
708.3541666666666 23.094556090663204 22.487218456619672
708.8541666666666 23.095423676987437 22.486910396243672
709.3541666666666 23.096293725956315 22.48661742885924
709.8541666666666 23.09718625560781 22.4863108246086
710.3541666666666 23.098056121582683 22.486008208032104
710.8541666666666 23.0989448684053 22.48571728154248
711.3541666666666 23.099826865233023 22.485422548666026
711.8541666666666 23.10072176182901 22.48513599150536
712.3541666666666 23.10161410735487 22.484859240713632
712.8541666666666 23.102529029963495 22.484571096386922
713.3541666666666 23.1034313653501 22.484304700257447
713.8541666666666 23.104321770190886 22.484032099162246
714.3541666666666 23.105235357852358 22.48375193677958
714.8541666666666 23.106150767073366 22.4834938365469
715.3541666666666 23.107057377714032 22.483229584926285
715.8541666666666 23.107978019909115 22.48297150453205
716.3541666666666 23.108900905576355 22.482712941442347
716.8541666666666 23.109817784729778 22.4824628844441
717.3541666666666 23.110739801408798 22.482213951974032
717.8541666666666 23.11167734835478 22.481971860450823
718.3541666666666 23.112618688561227 22.481736592914352
718.8541666666666 23.11354394514931 22.481494419119077
719.3541666666666 23.114470181207825 22.481259833732455
719.8541666666666 23.11541764343179 22.48103141927109
720.3541666666666 23.116367644566864 22.48081029042649
720.8541666666666 23.117305182702754 22.480592638809092
721.3541666666666 23.118242909557573 22.480373845243655
721.8541666666666 23.1191905654851 22.480163463034984
722.3541666666666 23.120138803768707 22.47995709370222
722.8541666666666 23.121099545745707 22.479748654647445
723.3541666666666 23.12204013670661 22.47955001798088
723.8541666666666 23.12300380497949 22.479351236194397
724.3541666666666 23.123958110081073 22.47916130243192
724.8541666666666 23.12492003237196 22.478974621557263
725.3541666666666 23.125874073706292 22.47878527754302
725.8541666666666 23.126837682626586 22.47860716047831
726.3541666666666 23.12778781899098 22.47843723419754
726.8541666666666 23.12877006633697 22.4782652511468
727.3541666666666 23.129742975860168 22.478091576703854
727.8541666666666 23.13070187531107 22.47792790877365
728.3541666666666 23.13168844413879 22.47776497209877
728.8541666666666 23.132673089821022 22.477608160231526
729.3541666666666 23.133645523161213 22.47745117746366
729.8541666666666 23.13463147333792 22.477306930421946
730.3541666666666 23.135636804240182 22.4771696297308
730.8541666666666 23.136619648198415 22.47701622326707
731.3541666666666 23.137623126383552 22.47688134192945
731.8541666666666 23.13863986294607 22.476741129210104
732.3541666666666 23.13962145766279 22.4766192916332
732.8541666666666 23.14064591643973 22.476484256567364
733.3541666666666 23.141650142300847 22.476356598461273
733.8541666666666 23.14265783098197 22.47623958190131
734.3541666666666 23.143680043000565 22.476125583136156
734.8541666666666 23.14470575641895 22.476007746318757
735.3541666666666 23.14573119806066 22.47590418856984
735.8541666666666 23.146751554387137 22.475793368651004
736.3541666666666 23.14778869794639 22.47569572173846
736.8541666666666 23.14881624522505 22.475589886991052
737.3541666666666 23.1498596606966 22.475493871819523
737.8541666666666 23.150899476597736 22.475404283488984
738.3541666666666 23.151950319878956 22.475321612985045
738.8541666666666 23.152997409538813 22.475236184387985
739.3541666666666 23.154044568651262 22.475151437698244
739.8541666666666 23.155101296958634 22.47507023131947
740.3541666666666 23.15615064886171 22.474993392788164
740.8541666666666 23.15721090283846 22.47492206798144
741.3541666666665 23.158285067623126 22.4748605746069
741.8541666666666 23.15935264302096 22.474800990490046
742.3541666666666 23.160416405864378 22.474737136225045
742.8541666666665 23.161488488970804 22.47467734315193
743.3541666666666 23.162564631283907 22.47462658253573
743.8541666666666 23.163652581258365 22.474569771913664
744.3541666666665 23.16473749969481 22.474521321828504
744.8541666666666 23.165813684011205 22.474480568746817
745.3541666666666 23.166917080611054 22.474440465449277
745.8541666666665 23.16800434801273 22.474410376889466
746.3541666666666 23.169095253707876 22.474370321591792
746.8541666666666 23.170193749228297 22.47433952017809
747.3541666666665 23.17130886799555 22.474314442032583
747.8541666666666 23.17240896105652 22.47429246119825
748.3541666666666 23.17351626691061 22.47426885881786
748.8541666666665 23.174628223370675 22.474259004274636
749.3541666666666 23.175741603869064 22.474245840804873
749.8541666666666 23.176857441635338 22.474236249064642
750.3541666666665 23.1779845362694 22.474231487171167
750.8541666666666 23.179111964223452 22.474222021535017
751.3541666666666 23.18024002576376 22.474223266459564
751.8541666666665 23.1813721826744 22.474228550502527
752.3541666666666 23.18249898547537 22.474235022104253
752.8541666666666 23.18362976320561 22.474244677679096
753.3541666666665 23.184779416633607 22.474263896664294
753.8541666666666 23.18592062256254 22.4742663268553
754.3541666666666 23.18708183082928 22.474291543086547
754.8541666666665 23.188214324028564 22.474320469447
755.3541666666666 23.189373556468862 22.474338878618244
755.8541666666666 23.190521914425346 22.47437273393873
756.3541666666665 23.191688972985673 22.474413894122264
756.8541666666666 23.19285696557982 22.47444283512465
757.3541666666666 23.194019073075776 22.474479350437523
757.8541666666665 23.195183260332414 22.47451364119496
758.3541666666666 23.196354376086227 22.474578455765347
758.8541666666666 23.19753540331106 22.47461501112221
759.3541666666665 23.19870986105041 22.474660933500022
759.8541666666666 23.199894009333338 22.47472475515774
760.3541666666666 23.201074811975417 22.474786702342193
760.8541666666665 23.20226675390266 22.474853182459356
761.3541666666666 23.203458292283624 22.47491544944709
761.8541666666666 23.204658178615954 22.474982616999448
762.3541666666665 23.20586095971396 22.475055498676582
762.8541666666666 23.20705601318643 22.47513971733995
763.3541666666666 23.20827546583952 22.475219708206943
763.8541666666665 23.20947823230746 22.475301814614454
764.3541666666666 23.21069361041834 22.475390148171815
764.8541666666666 23.211920813529282 22.475487921151284
765.3541666666665 23.21314090398151 22.475580716970004
765.8541666666666 23.214368459036237 22.475680561523586
766.3541666666666 23.215597612773315 22.475784033007695
766.8541666666665 23.21683360757897 22.47588519174199
767.3541666666666 23.21807121561353 22.475992693671053
767.8541666666666 23.219311538345085 22.47610540694343
768.3541666666665 23.220550731335056 22.4762239764098
768.8541666666666 23.221812054653444 22.47634969840484
769.3541666666666 23.223069635821652 22.476473565169442
769.8541666666665 23.224329827768454 22.476594682911
770.3541666666666 23.225575847708548 22.476729120067812
770.8541666666666 23.22683948826792 22.47685443328461
771.3541666666665 23.228113968404283 22.47699158652809
771.8541666666666 23.22938922648312 22.477137828400934
772.3541666666666 23.230657323933002 22.477273177175647
772.8541666666665 23.231937056051905 22.477422366752688
773.3541666666666 23.233222915510602 22.477569851503954
773.8541666666666 23.23449996526183 22.477726887239395
774.3541666666665 23.235797128748494 22.47787923946118
774.8541666666666 23.23709375104525 22.47804300352497
775.3541666666666 23.238386659916472 22.4782074374783
775.8541666666665 23.23967899404943 22.478380416385683
776.3541666666666 23.240978370858816 22.47853764333175
776.8541666666666 23.24228733120616 22.47871001979391
777.3541666666665 23.24360342745129 22.4788886662281
777.8541666666666 23.244904871349963 22.479066260282167
778.3541666666666 23.2462242489537 22.479250239031735
778.8541666666665 23.247545740714056 22.479436784292403
779.3541666666666 23.248869800764638 22.479625394335983
779.8541666666666 23.250188070855717 22.479819554393828
780.3541666666665 23.251525394163828 22.48000980624758
780.8541666666666 23.252855462594127 22.480207019706352
781.3541666666666 23.25418840757532 22.480401821855654
781.8541666666665 23.255528809788622 22.480609016365626
782.3541666666666 23.256863735764767 22.4808188192251
782.8541666666666 23.258210785341817 22.481024782997277
783.3541666666665 23.25956878239177 22.481233207565637
783.8541666666666 23.260914650006455 22.481443777755395
784.3541666666666 23.26227550648393 22.481672371421837
784.8541666666665 23.263635036209635 22.481883235470388
785.3541666666666 23.26498339955847 22.482122674422783
785.8541666666666 23.266367161952182 22.482343223448833
786.3541666666665 23.267725935167203 22.48257506563302
786.8541666666666 23.26909651044181 22.482802361404154
787.3541666666666 23.27047205971635 22.483045497450437
787.8541666666665 23.271848967878576 22.483278710669158
788.3541666666666 23.273227886761553 22.483519061763076
788.8541666666666 23.274607139613913 22.483769371185783
789.3541666666665 23.27599015610598 22.48401565819046
789.8541666666666 23.277387513889455 22.484263738981035
790.3541666666666 23.278773347253253 22.484514851340624
790.8541666666665 23.280164072232765 22.484770749432972
791.3541666666666 23.281573458840814 22.48503180487219
791.8541666666666 23.282972966042745 22.485297188473815
792.3541666666665 23.28436990243044 22.485549439344116
792.8541666666666 23.28578765127976 22.485830213973983
793.3541666666666 23.287210178224363 22.486098008076564
793.8541666666665 23.288641331056745 22.486377421021935
794.3541666666666 23.290073959294013 22.48665201547563
794.8541666666666 23.291491714379433 22.486940811607255
795.3541666666665 23.292934696856253 22.487230858995083
795.8541666666666 23.29437832320483 22.487520551368107
796.3541666666666 23.29582891493451 22.487814948176897
796.8541666666665 23.297284708434308 22.488110239016812
797.3541666666666 23.29874476258699 22.488422238292802
797.8541666666666 23.300221718578577 22.48872226899747
798.3541666666665 23.301684911356055 22.489033771556816
798.8541666666666 23.303149867853744 22.489350509507027
799.3541666666666 23.304644850696814 22.489666595455038
799.8541666666665 23.30613106124233 22.48998067734533
800.3541666666666 23.30760549765884 22.49031102712722
800.8541666666666 23.309112210560667 22.490635639312558
801.3541666666665 23.310601338629656 22.49097002735475
801.8541666666666 23.312102630993515 22.49130572326735
802.3541666666666 23.313620588633135 22.491639668412763
802.8541666666665 23.31513482127435 22.49197845235656
803.3541666666666 23.316632452321258 22.49232800301543
803.8541666666666 23.31814421959613 22.49267351599315
804.3541666666665 23.319674511261148 22.493020439771264
804.8541666666666 23.32119883037375 22.49337584036055
