FastTrWP/PhaseSpace/IAs/snIa_0.6_20_1_-0.1.csv
# %ECSV 0.9
# ---
# datatype:
# - {name: time-rel, datatype: float64}
# - {name: g, datatype: float64}
# - {name: i, datatype: float64}
# schema: astropy-2.0
time-rel g i
-13.875 -25.19742785276733 -26.3799487807984
-13.375 -25.20175882295426 -26.38404970460182
-12.875 -25.206069848553927 -26.388161292159648
-12.375 -25.210363091555305 -26.392235859227775
-11.875 -25.214669889532924 -26.39630245939418
-11.375 -25.21894625049924 -26.40033927347234
-10.875 -25.223220796491642 -26.404382578188454
-10.375 -25.2274977068322 -26.408406228115076
-9.875 -25.231755265283446 -26.412419540843132
-9.375 -25.236001656358496 -26.41639569918602
-8.875 -25.24024430436898 -26.420379404440748
-8.375 -25.244472586602107 -26.42434937980544
-7.875 -25.248685351136086 -26.428290856773824
-7.375 -25.252919754183615 -26.432237000681702
-6.875000000000001 -25.257126135866407 -26.436147978010723
-6.375 -25.26133278644792 -26.440060761039188
-5.875 -25.265516351459176 -26.443925686008654
-5.375 -25.269710106560677 -26.447811270508925
-4.875 -25.27387033185714 -26.45165162048077
-4.375 -25.27805254083304 -26.455503183910714
-3.875 -25.282200785288413 -26.459329165228205
-3.375 -25.28637907219923 -26.463127197082862
-2.875 -25.29050887278702 -26.466931388036702
-2.375 -25.29464849324703 -26.470689336353242
-1.875 -25.298764276688917 -26.474463714865664
-1.3750000000000018 -25.302892750016106 -26.47820069607178
-0.875 -25.30701462683384 -26.48193159979002
-0.375 -25.311112222399096 -26.485653664614752
0.12499999999999822 -25.315215549812073 -26.489336496992774
0.625 -25.31930591366472 -26.49301731598877
1.125 -25.323379774032478 -26.496697030537316
1.6249999999999982 -25.32747246521009 -26.500332484000893
2.125 -25.331529856913917 -26.50397624602764
2.625 -25.3356012353256 -26.50759283521023
3.125 -25.339653955866027 -26.51119301682739
3.625 -25.343713258103953 -26.514777092207062
4.125 -25.347765005084195 -26.51834887013601
4.625 -25.3518000579353 -26.521895873611495
5.125 -25.35580907913294 -26.525424128610588
5.625 -25.359831894193796 -26.52894528728681
6.125 -25.36385274591717 -26.532459457981638
6.625 -25.367861302398826 -26.53594936222794
7.125 -25.371857657805915 -26.539427924017676
7.625 -25.375846254627128 -26.54290365493669
8.125 -25.379847660474564 -26.546348710606633
8.625 -25.383818429325675 -26.54979351879573
9.125 -25.38776802036326 -26.55323225424358
9.625 -25.391745662229646 -26.55664514131269
10.125 -25.39568685285647 -26.560044758562782
10.625 -25.399652888444265 -26.563448389747414
11.124999999999996 -25.403576698153213 -26.566831052507492
11.625 -25.40749185548031 -26.570187675504574
12.125 -25.41141453436101 -26.57355696438959
12.624999999999996 -25.415355655658068 -26.576897495952977
13.125 -25.41924543242161 -26.580230395249366
13.625 -25.42314634811269 -26.583555474438512
14.124999999999996 -25.427054385155046 -26.586865313841738
14.625 -25.430933480892342 -26.59016193487168
15.125 -25.434811629763423 -26.593448417578823
15.624999999999996 -25.43868158274034 -26.596741482816423
16.125 -25.442546481492805 -26.599999618741492
16.625 -25.446418961477022 -26.603250172410235
17.124999999999996 -25.450252447864003 -26.606496250025472
17.625 -25.454096940827753 -26.609733292886975
18.125 -25.457938777912076 -26.61295765716187
18.625 -25.461775793405586 -26.616167284652917
19.125 -25.46559343596304 -26.619373495048762
19.625 -25.46940593274406 -26.622571481768297
20.125 -25.47321842589703 -26.62574764017855
20.625 -25.47702092126427 -26.62891154679999
21.125 -25.48080923549531 -26.632079617065394
21.625 -25.484620515337134 -26.63524066967512
22.125 -25.488383329402488 -26.638378250508378
22.625 -25.492180910361817 -26.641517441478875
23.125 -25.49594776521949 -26.644625407525808
23.625 -25.499686220023964 -26.64775434534961
24.125 -25.503465384662288 -26.650855790373612
24.625 -25.50721676931978 -26.65394480883129
25.125 -25.510938253214498 -26.657039584992063
25.625 -25.514689542571833 -26.66011089287096
26.125 -25.5184310812692 -26.663180184702977
26.625 -25.522140675798497 -26.66623023443666
27.125 -25.52587160950123 -26.669286078008255
27.625 -25.5295863599455 -26.672326740000084
28.125 -25.53329045817383 -26.675360837828798
28.625 -25.536991961383734 -26.67839246076069
29.125 -25.54068603775608 -26.681395821545692
29.625 -25.544368717557397 -26.684394919552595
30.125 -25.548054540175755 -26.687391420076843
30.625 -25.551734492208343 -26.69039120826929
31.125 -25.55541661002225 -26.693371119031678
31.625 -25.55908949077987 -26.69633747976484
32.125 -25.562739768337188 -26.69930522118909
32.625 -25.56642533120285 -26.70225498178134
33.125 -25.570056965689876 -26.705209517285052
33.625 -25.573681006801724 -26.708140783782817
34.125 -25.577322592669457 -26.711073826741853
34.62499999999999 -25.580967917277743 -26.714010770282638
35.125 -25.584582516673407 -26.716918793953155
35.625 -25.588195237857864 -26.719832738797997
36.12499999999999 -25.59182826185685 -26.722736302953052
36.625 -25.59541840618307 -26.725628342280956
37.125 -25.599040020825203 -26.728511984095956
37.62499999999999 -25.602628688527787 -26.73139698626254
38.125 -25.60623331102315 -26.73425807207835
38.625 -25.60980412240017 -26.737140513261778
39.12499999999999 -25.613392141245882 -26.739995536910058
39.625 -25.616982585938093 -26.742835852312716
40.125 -25.62055408537017 -26.745686531077915
40.62499999999999 -25.624121102255792 -26.7485272076051
41.125 -25.627681022298894 -26.75135120518629
41.625 -25.63122198155762 -26.754174777236454
42.12499999999999 -25.634784768766128 -26.75699420424673
42.625 -25.638326994772974 -26.75979559550814
43.125 -25.641891871516528 -26.762607937189777
43.62499999999999 -25.645404540284424 -26.765401938330843
44.125 -25.648946420830473 -26.768188522222786
44.625 -25.652459230701886 -26.770977429624256
45.12499999999999 -25.655961824188466 -26.773751781054102
45.625 -25.659493005123814 -26.776513548734016
46.125 -25.662981556092216 -26.779278822229923
46.62499999999999 -25.66649996476579 -26.78202938025883
47.125 -25.66999666572635 -26.784773899191535
47.625 -25.673464646015876 -26.78751041145423
48.12499999999999 -25.676963829866004 -26.790239889950584
48.625 -25.680459896294295 -26.792949361947937
49.125 -25.683899996126506 -26.795669972067245
49.62499999999999 -25.687379085645535 -26.79836985660636
50.125 -25.69083436577953 -26.801078936020684
50.625 -25.694284883118215 -26.80377144852242
51.125 -25.697743090493034 -26.806457537563674
51.625 -25.701180794949117 -26.809121393389695
52.125 -25.704621492887032 -26.811807375938223
52.625 -25.708060090779696 -26.81446881469644
53.125 -25.711491562735613 -26.817127369185798
53.625 -25.7149040089382 -26.819780515344654
54.125 -25.71832625683973 -26.822429201024626
54.625 -25.72173779424036 -26.82507186281888
55.125 -25.725144027473807 -26.82769033598929
55.625 -25.728542634590937 -26.830328068976
56.125 -25.731944677268007 -26.832930926519474
56.625 -25.735324149852627 -26.835549061269703
57.125 -25.738726804594137 -26.83816301582866
57.625 -25.742093087400587 -26.84075267984694
58.125 -25.745475936150683 -26.843359441766363
58.625 -25.748845679762947 -26.845937114563423
59.125 -25.752208147173306 -26.84852127493899
59.625 -25.755580249133793 -26.851093672983044
60.125 -25.75893578625213 -26.853670129006765
60.625 -25.762285392054494 -26.856233784836196
61.125 -25.76562626952267 -26.85878589238088
61.625 -25.768979905492678 -26.86133691031387
62.125 -25.772303044318523 -26.863888031709354
62.625 -25.775630238703492 -26.866426692026344
63.125 -25.77897082301325 -26.868965542957817
63.625 -25.78229530690249 -26.87148306619719
64.125 -25.785619090349474 -26.874001709562055
64.625 -25.788930147930905 -26.876526123739204
65.125 -25.79225015713131 -26.87903924067172
65.625 -25.795558995375668 -26.88154777858405
66.125 -25.798852899669132 -26.884047476747757
66.625 -25.802152670311628 -26.88653719273737
67.125 -25.805445954611102 -26.889027394279704
67.625 -25.808727558862564 -26.891515542987822
68.125 -25.812019072731893 -26.89399466966368
68.625 -25.815302367335015 -26.89647390975853
69.125 -25.81856912661383 -26.89894287588238
69.625 -25.821863014145897 -26.90140761361804
70.125 -25.825131269556856 -26.90385624927653
70.625 -25.828392705808024 -26.906320824692678
71.125 -25.83163856485794 -26.908754088533673
71.625 -25.834890175442165 -26.911207359002248
72.125 -25.83815878123097 -26.913646728939305
72.625 -25.8414018087255 -26.916074952692238
73.125 -25.844640414509584 -26.918502248999005
73.625 -25.84788712871363 -26.92093724147066
74.125 -25.85112279103109 -26.92334878076849
74.625 -25.854352281666788 -26.925769351425487
75.125 -25.85757786769672 -26.928187206760768
75.625 -25.86081062519293 -26.930583094789725
76.125 -25.86403654731289 -26.932989153243753
76.625 -25.867260809563547 -26.935386870093826
77.125 -25.870469956660518 -26.93778017837953
77.625 -25.87367463119367 -26.940169886852328
78.125 -25.876877324982104 -26.942550521929213
78.625 -25.88007700736181 -26.944922713112994
79.125 -25.883286525708314 -26.94729825247982
79.625 -25.88648416242094 -26.94966863263131
80.125 -25.889680568650792 -26.952034244480558
80.625 -25.892860943013236 -26.954391327291162
81.125 -25.896055141923746 -26.956757200751255
81.625 -25.899218684016297 -26.959111704957763
82.125 -25.902420558776637 -26.961469020388012
82.625 -25.90556864870043 -26.963799398568526
83.12499999999999 -25.90874048387841 -26.96614774986935
83.625 -25.91191197990753 -26.96847637099472
84.125 -25.915078064120788 -26.970804381406126
84.62499999999999 -25.918234465294724 -26.9731251402118
85.125 -25.92139463887332 -26.975452062678972
85.625 -25.924549986209268 -26.977769053590613
86.12499999999999 -25.92768139784971 -26.98007123768637
86.625 -25.93081826281244 -26.98237763371012
87.125 -25.93396511750839 -26.984682527772147
87.62499999999999 -25.937094147995662 -26.98698399669029
88.125 -25.940226687700978 -26.98926987743168
88.625 -25.943341144371644 -26.99156707545184
89.12499999999999 -25.946469705074676 -26.993841728418417
89.625 -25.949588389566895 -26.996123027192354
90.125 -25.952699912732008 -26.99840602292634
90.62499999999999 -25.95581065292158 -27.00067057195335
91.125 -25.95891270680953 -27.002932423256038
91.625 -25.96200875638347 -27.005206188307604
92.12499999999999 -25.965112001323313 -27.007454808126234
92.625 -25.968199629728996 -27.009712562807614
93.125 -25.97129242543437 -27.0119557265015
93.62499999999999 -25.974371896487227 -27.014198033888746
94.125 -25.977449821542788 -27.016436049541
94.625 -25.980536339711804 -27.018668235869928
95.12499999999999 -25.98361139813427 -27.020908033552796
95.625 -25.986675812890113 -27.02312894318078
96.125 -25.9897450700152 -27.025356367407806
96.62499999999999 -25.992802094797117 -27.0275751163253
97.125 -25.995865731147852 -27.029790271985505
97.625 -25.99893413448005 -27.03199709226416
98.12499999999999 -26.001995353025222 -27.03421389131273
98.625 -26.005012515752753 -27.036412314642476
99.125 -26.00805102213394 -27.03861921444906
99.62499999999999 -26.011116668368928 -27.040811390303823
100.125 -26.014151338955326 -27.04299596149797
100.625 -26.017189329523603 -27.045181675176288
101.12499999999999 -26.02020217834619 -27.04736809768559
101.625 -26.02324823795071 -27.049541556302632
102.125 -26.026259821723734 -27.051722003694138
102.62499999999999 -26.029278403242003 -27.053895184144324
103.125 -26.03229652224996 -27.05606050489996
103.625 -26.03532072114969 -27.058227520899337
104.12499999999999 -26.038314315754036 -27.060386297098958
104.625 -26.041318544145298 -27.06255721179362
105.125 -26.044310915842903 -27.06470931955199
105.62499999999999 -26.04732630525777 -27.066848547996514
106.125 -26.050321049870174 -27.069002738204997
106.625 -26.053313448417494 -27.07113637683825
107.12499999999999 -26.056301341633073 -27.073281050258934
107.625 -26.059281954162156 -27.07540971541433
108.125 -26.06226839407045 -27.077547533931874
108.62499999999999 -26.06524467710493 -27.07966605771571
109.125 -26.068236481638237 -27.081797971711445
109.625 -26.071205506852596 -27.083932962708484
110.12499999999999 -26.0741601914772 -27.086035586986018
110.625 -26.07712557625966 -27.088160623056616
111.125 -26.080103050973857 -27.090270671528053
111.62499999999999 -26.083062820855925 -27.092374764870275
112.125 -26.086007161531306 -27.094478467610074
112.625 -26.088971825272868 -27.096579346228545
113.12499999999999 -26.091904976234375 -27.09867743790074
113.625 -26.094860800549835 -27.100772562307952
114.125 -26.09780481799227 -27.102874165841897
114.625 -26.100757020460463 -27.104956223041693
115.125 -26.1036764592693 -27.107040797293322
115.625 -26.106624952197027 -27.109120871684844
116.125 -26.10954612552164 -27.111207609831244
116.625 -26.112485175317886 -27.113273405581886
117.125 -26.115421359630623 -27.115352778871383
117.625 -26.118336388234205 -27.117421178013288
118.125 -26.121260240488837 -27.119487519519655
118.625 -26.124164573869724 -27.121549155022088
119.125 -26.127084941444657 -27.123620193297583
119.625 -26.129987907960302 -27.12567545764947
120.125 -26.132895094193252 -27.127729081383706
120.625 -26.135807234225005 -27.129782690655674
121.125 -26.138711505245023 -27.131827498027285
121.625 -26.141630581641863 -27.133880910978355
122.125 -26.144550389030545 -27.135924973028548
122.625 -26.147467510967196 -27.13797324440433
123.125 -26.15040247226842 -27.140020793845192
123.625 -26.15332282065568 -27.14206610626546
124.125 -26.156248112168235 -27.144108409897726
124.625 -26.159195468558547 -27.146159487913323
125.125 -26.16211971761965 -27.148202112756167
125.625 -26.16506309704796 -27.15024529866497
126.125 -26.16799875974815 -27.152282501129616
126.625 -26.17094848433918 -27.154324439910017
127.125 -26.17387824865133 -27.156356169789973
127.625 -26.176832265979098 -27.158394242773557
128.125 -26.17976129158851 -27.160425744537996
128.625 -26.182725745110087 -27.162456863876475
129.125 -26.185649086930546 -27.164482584116122
129.625 -26.188594783038724 -27.166512104384935
130.125 -26.19154146061139 -27.168538347447164
130.625 -26.194473103258247 -27.17055781033381
131.125 -26.197411044565374 -27.172570486434864
131.625 -26.20034941926191 -27.17458547654712
132.125 -26.203262299345717 -27.176604332027875
132.625 -26.20620522338829 -27.17861266663304
133.125 -26.209121897627043 -27.18062423944001
133.625 -26.2120549765064 -27.18262161558195
134.125 -26.214966896491326 -27.184625029102307
134.625 -26.21788591069563 -27.186631364817945
135.125 -26.220792219319033 -27.18861971524117
135.625 -26.223697541088086 -27.190613701282565
136.125 -26.226608060048573 -27.192596609801917
136.625 -26.229491220915257 -27.194582823642346
137.125 -26.232381207660293 -27.196564393198205
137.625 -26.23526256530695 -27.19854677280233
138.125 -26.238145675037757 -27.200517514918786
138.625 -26.24101276716431 -27.202486195295656
139.125 -26.243885328449757 -27.204450706356017
139.625 -26.246745360998403 -27.206407825546194
140.125 -26.24959999737471 -27.20837428832427
140.625 -26.252440594532843 -27.210316927225023
141.125 -26.255271670227792 -27.2122723935775
141.625 -26.258097266368836 -27.214216514150714
142.125 -26.26091488823627 -27.216148513407763
142.625 -26.26372475669802 -27.218088269550343
143.125 -26.26653222428542 -27.220014480822204
143.625 -26.26932438156412 -27.221943346382865
144.125 -26.272099972528867 -27.223864445674128
144.625 -26.274880767604433 -27.225774921581834
145.125 -26.277635614429734 -27.22768944093296
145.625 -26.28039642221244 -27.229581304860673
146.125 -26.283136282564833 -27.23148954633452
146.625 -26.285887027871382 -27.233375586441447
147.125 -26.288596434704722 -27.23526835317911
147.625 -26.29131029527107 -27.237155201865406
148.125 -26.294014074864407 -27.239035891978034
148.625 -26.296707722722097 -27.240910014695856
149.125 -26.299383735146304 -27.2427745367407
149.625 -26.30203991700069 -27.244636954176574
150.125 -26.304710195547244 -27.24649758651242
150.625 -26.307347484460344 -27.248339852365344
151.125 -26.309971092393944 -27.250181529091275
151.625 -26.312590829020138 -27.252024349454274
152.125 -26.315198026291583 -27.25385528215485
