FastTrWP/PhaseSpace/IAs/snIa_0.46_30.00_-0.70_0.05.csv
# %ECSV 0.9
# ---
# datatype:
# - {name: time-rel, datatype: float64}
# - {name: g, datatype: float64}
# - {name: i, datatype: float64}
# schema: astropy-2.0
time-rel g i
[from data line 868]
654.7291666666666 23.391448916845185 22.35930466027782
655.2291666666666 23.39195525498964 22.358949083117032
655.7291666666666 23.392468508304614 22.358595240328818
656.2291666666666 23.39297653422532 22.358252812321645
656.7291666666666 23.39350347637375 22.357900923540036
657.2291666666666 23.39403139747697 22.357552045236257
657.7291666666666 23.39456664456433 22.357220294941797
658.2291666666666 23.395108381138044 22.356877608236047
658.7291666666666 23.395672084995326 22.356546610328067
659.2291666666666 23.396233387665326 22.35621062237793
659.7291666666666 23.396800182711385 22.35588429357428
660.2291666666666 23.39738527890409 22.355565450992803
660.7291666666666 23.397970428292908 22.355242889701643
661.2291666666666 23.39858079379905 22.35491903971972
661.7291666666666 23.39918210114611 22.354605598870908
662.2291666666666 23.399810561883577 22.354292191172583
662.7291666666666 23.40043919045385 22.353986604079456
663.2291666666666 23.40106897316104 22.35368386747073
663.7291666666666 23.401707373649103 22.35337466320141
664.2291666666666 23.402364618250747 22.35307875865239
664.7291666666666 23.403030370453234 22.352787024770127
665.2291666666666 23.40370599832012 22.352494330629312
665.7291666666666 23.404387978024317 22.352197133904447
666.2291666666666 23.405066332627715 22.351911043479028
666.7291666666666 23.40578062539298 22.351631148923467
667.2291666666666 23.40646648288484 22.351343653698574
667.7291666666666 23.407181026820968 22.351071961251026
668.2291666666666 23.407905970763036 22.350794974020843
668.7291666666666 23.408630613903508 22.350521527582767
669.2291666666666 23.409361994224035 22.35025360994497
669.7291666666666 23.41011018821267 22.349985036957886
670.2291666666666 23.41085430826258 22.349719572240186
670.7291666666666 23.411623138365258 22.34946280122766
671.2291666666666 23.41238587594223 22.349200038712105
671.7291666666666 23.413141452350864 22.34895339679515
672.2291666666666 23.413918679782597 22.348695980957835
672.7291666666666 23.41470519926343 22.34844708008577
673.2291666666666 23.415494951816136 22.348200208252518
673.7291666666666 23.41629451722636 22.34795646991815
674.2291666666666 23.417099327980985 22.347711913768844
674.7291666666666 23.417901831076172 22.347476249555562
675.2291666666666 23.41872395734082 22.347235861091388
675.7291666666666 23.419537382447828 22.347000419684868
676.2291666666666 23.42037161698223 22.346771855802384
676.7291666666666 23.421194666181755 22.346548222292117
677.2291666666666 23.422031198572245 22.34631331625609
677.7291666666666 23.42288020318612 22.346091602236303
678.2291666666666 23.423732057396247 22.345875216065913
678.7291666666666 23.424584889059183 22.345653515770856
679.2291666666666 23.42544531149931 22.345440483151645
679.7291666666666 23.42631031425505 22.345226029114276
680.2291666666666 23.427189496195176 22.3450136909001
680.7291666666666 23.42804395265481 22.34480589746592
681.2291666666666 23.428940000712846 22.344601650027634
681.7291666666666 23.42981583008688 22.34439559127378
682.2291666666666 23.430718552095687 22.344190607262455
682.7291666666666 23.431600952388102 22.343996784280044
683.2291666666666 23.432492262248385 22.34379985081956
683.7291666666666 23.433402112623007 22.34360314447133
684.2291666666666 23.43430244392181 22.343412362427145
684.7291666666666 23.435210388379204 22.343222452591824
685.2291666666666 23.43612140342449 22.34304347294318
685.7291666666666 23.43704358125407 22.342854440895717
686.2291666666666 23.437969258219418 22.342664601302467
686.7291666666666 23.43888829520391 22.342490589112558
687.2291666666666 23.439807267521964 22.342309630907792
687.7291666666666 23.440746440447782 22.34213703646391
688.2291666666666 23.441669337133263 22.341953718736104
688.7291666666666 23.442602036941427 22.341781506624812
689.2291666666666 23.443546333197144 22.341613698774015
689.7291666666666 23.444490146051884 22.341447677346046
690.2291666666666 23.44543159642655 22.34127694166283
690.7291666666666 23.446373305359973 22.34111497652531
691.2291666666666 23.447312558877798 22.340947993701196
691.7291666666666 23.44827182599495 22.34079533731402
692.2291666666666 23.449224771889483 22.34063409498789
692.7291666666666 23.45017328606034 22.340481287396166
