FastTrWP/PhaseSpace/IAs/snIa_0.68_30.00_0.26_0.02.csv
# %ECSV 0.9
# ---
# datatype:
# - {name: time-rel, datatype: float64}
# - {name: g, datatype: float64}
# - {name: i, datatype: float64}
# schema: astropy-2.0
time-rel g i
[from data line 1075]
103.5 24.15283743188033 22.236058124393306
104.0 24.153674325519468 22.235886579946428
104.5 24.154527762303047 22.23571982484675
105.0 24.15537725002065 22.23555443423831
105.5 24.15623750466322 22.23539048169806
106.0 24.157112641277173 22.235231260812604
106.5 24.157976288099174 22.23507116799937
107.0 24.15885143976558 22.234912583772996
107.5 24.159727039557822 22.234762078129762
108.0 24.160611270855927 22.234606773662374
108.5 24.16149125817566 22.234458537293428
109.0 24.162383565510474 22.23430358783912
109.5 24.163280001394956 22.23415921836405
110.0 24.164176667198902 22.234019287028445
110.5 24.16508455576684 22.233879762971277
111.0 24.16600902929136 22.2337356470388
111.5 24.16690396220154 22.23360522165909
112.0 24.167836262459534 22.233466416798535
112.5 24.168747526407675 22.23333486399885
113.0 24.1696749216542 22.23320949637823
113.5 24.17061072799363 22.23307565833295
114.0 24.171559290324232 22.23294937171563
114.5 24.172515390469997 22.232821467275706
115.0 24.173465044797297 22.232708049125314
115.5 24.17441297016852 22.232588975896846
116.0 24.17537043365822 22.232471710735467
116.5 24.176329078592318 22.232359531582937
117.0 24.177299914106314 22.232245493429936
117.5 24.178271122131576 22.232138378450195
118.0 24.17925388854837 22.232037877606487
118.5 24.180231692856808 22.231920668583648
119.0 24.181203261793762 22.231826499832522
119.5 24.18222333109832 22.231721063319387
120.0 24.18321119853271 22.23162598142093
120.5 24.18422383634956 22.231529478836684
121.0 24.18525167029631 22.231439674576947
121.5 24.186279743142435 22.231347893002734
122.0 24.187316841675838 22.231257199948637
122.5 24.188342591163607 22.231172319346285
123.0 24.189400979842418 22.23109454246452
123.5 24.190448393769074 22.23101248026196
124.0 24.19151212153193 22.230931364884107
124.5 24.19256922274294 22.230856133678117
125.0 24.19364573656853 22.230779449799314
125.5 24.194737006748714 22.230710194177632
126.0 24.195802465740634 22.23064538441509
126.5 24.19689781125499 22.230583985741585
127.0 24.19799775315781 22.2305143067919
127.5 24.199112589875504 22.230446204767436
128.0 24.200227571518447 22.23038894985268
128.5 24.201330341174405 22.230334247196694
129.0 24.20246011416459 22.230284584144698
129.5 24.20357870558567 22.2302222725231
130.0 24.20471805744041 22.230173398529164
130.5 24.205864906043345 22.23012848061797
131.0 24.206978835579193 22.230076611509023
131.5 24.20815133405728 22.23003363725731
132.0 24.20929570064168 22.22999239875783
132.5 24.21045200003278 22.229952567363476
133.0 24.211615136666257 22.229918710215703
133.5 24.212792949807667 22.229877744485044
134.0 24.213968226430826 22.229846290445103
134.5 24.2151544568953 22.229813555544876
135.0 24.216324615411892 22.229783908120538
135.5 24.217516871993446 22.22975599617781
136.0 24.218721435867387 22.22972839147557
136.5 24.21991282738332 22.22970646555943
137.0 24.22111168121374 22.22968516330934
137.5 24.222316905596337 22.229666538940226
138.0 24.223535631527117 22.22964518247132
138.5 24.224753578006432 22.22963428808102
139.0 24.225974749289495 22.229621545025754
139.5 24.227199790848864 22.22961366754937
140.0 24.228435414869473 22.229599323052298
140.5 24.229630506325233 22.229600308971037
141.0 24.230880175641495 22.22958343469977
141.5 24.232123522796268 22.229590431231195
142.0 24.233385529313587 22.229580741025217
142.5 24.234602620814623 22.22958991885191
143.0 24.23586993767405 22.229588451247267
143.5 24.23711069889807 22.22959011471962
144.0 24.238371916150427 22.229599572846123
144.5 24.239634054667004 22.229606967486866
145.0 24.240893824249593 22.22961940257861
145.5 24.242178475058374 22.229627321071412
146.0 24.243421513778998 22.229643557835477
146.5 24.244699055809104 22.229657003218545
147.0 24.245987287068054 22.229673341714218
147.5 24.247257810516682 22.22969417524295
148.0 24.248530983451985 22.22971485748772
148.5 24.24982056824178 22.22974189805626
149.0 24.25109453660982 22.22975842952608
149.5 24.252396536533123 22.229793570797444
150.0 24.253670164573048 22.22981791656986
150.5 24.254963329024214 22.229851216186933
151.0 24.25624852669589 22.229883756126156
151.5 24.257527293083893 22.229914286921158
152.0 24.258847522407358 22.2299474589733
152.5 24.26014516800946 22.22998821120971
153.0 24.261435295387145 22.230023095393896
153.5 24.262744283654584 22.230061755208794
154.0 24.264037379117667 22.230104838762838
154.5 24.2653350549892 22.230146104530874
155.0 24.266655772440053 22.23019207252151
155.5 24.267940121328657 22.23023763080797
156.0 24.269259898031095 22.230289270498233
156.5 24.270556180749328 22.230338306328047
157.0 24.27187788051404 22.230387449157995
157.5 24.273168752117186 22.230444455568872
158.0 24.274483917942767 22.2305021884373
158.5 24.27579220566124 22.230543273651975
159.0 24.277093528737623 22.230608510982858
159.5 24.27841202572288 22.23066740094687
160.0 24.279755696696977 22.23073023171393
160.5 24.281060732698503 22.230798241908513
161.0 24.282395847386358 22.23086779263641
161.5 24.2837385458807 22.230933007211576
162.0 24.28507182846024 22.231000498658705
162.5 24.286406052654964 22.231073059680075
163.0 24.287765241147 22.231145780704935
163.5 24.289121162526616 22.23122982470852
164.0 24.290471035946815 22.231298318438206
164.5 24.291858054560254 22.23139076135719
165.0 24.293206344159778 22.231471196900312
165.5 24.294604334375848 22.231557579515137
166.0 24.295970517067232 22.23164441718322
166.5 24.297336132996037 22.231730029430288
167.0 24.298720816389725 22.231823590381182
167.5 24.300121174810485 22.231913181393953
168.0 24.301509491983918 22.232012566870296
168.5 24.302926172464325 22.23210262106893
169.0 24.304312108294553 22.232205504055052
169.5 24.305726738306078 22.2323120619524
170.0 24.307124379082865 22.232406993175765
170.5 24.308548923952216 22.232509723873356
171.0 24.30997380129201 22.23262880836737
171.5 24.311365933978735 22.232731112953914
172.0 24.312798671893265 22.232837427487976
172.5 24.314220207623332 22.232944939582865
173.0 24.31564332208538 22.233065901931553
173.5 24.31709477736765 22.23318011508661
174.0 24.31852711038916 22.233301432882282
174.5 24.319981258591852 22.233414973982477
175.0 24.321407816670142 22.233540734476684
175.5 24.322864667728137 22.23366128960073
176.0 24.324302328557867 22.233791178353588
176.5 24.325774389086995 22.23390653481376
177.0 24.327214187728686 22.234039318806857
177.5 24.328672056873764 22.234168246799722
178.0 24.33013154258477 22.234303925588044
178.5 24.331595566692855 22.234437943363513
179.0 24.33305710147138 22.23457914207682
179.5 24.33452914743215 22.2347060103384
180.0 24.33600591463928 22.23485341109544
180.5 24.337495946235705 22.234987915255715
181.0 24.338933875957757 22.235130408991395
181.5 24.34042832357477 22.235272204207988
182.0 24.341916526531303 22.235422681174786
182.5 24.343376145694407 22.235570465518293
183.0 24.344871956885036 22.235718359499966
183.5 24.346349887878 22.235869935468177
184.0 24.34783908052195 22.236025600748288
184.5 24.34932471054328 22.236178508486404
185.0 24.350799848150842 22.23633422174942
185.5 24.35230433412999 22.236484837244216
186.0 24.353794102991625 22.236646496574206
186.5 24.355298775313017 22.236807908163723
187.0 24.356759616083483 22.236966026815715
187.5 24.358283971405115 22.237128787055546
188.0 24.359780971926956 22.23729554163527
188.5 24.361259576464107 22.2374553199484
189.0 24.362774954561033 22.2376253978792
189.5 24.36426482831289 22.237800022883253
190.0 24.36577444770935 22.2379708865917
190.5 24.367259255999603 22.238145866323688
191.0 24.368777862865315 22.238320780853375
191.5 24.370267766913912 22.23848708245145
192.0 24.371779192107894 22.23866884586279
192.5 24.37327513931922 22.238845621156567
193.0 24.374792151745282 22.239022286926186
193.5 24.376292404169856 22.239208415224446
194.0 24.377781275405454 22.239386425802046
194.5 24.37929510651994 22.239579430339663
195.0 24.38079313707464 22.23976187444309
195.5 24.382288679630225 22.23994741852627
196.0 24.383788070970297 22.240132605185828
196.5 24.385292695612733 22.240320783858465
197.0 24.386804842152312 22.240508498940663
197.5 24.388297612631252 22.24070670746089
198.0 24.38979398223898 22.240903649626116
198.5 24.391302859184698 22.241092287783466
199.0 24.39278886357487 22.24128783281792
199.5 24.394303479192622 22.24148263762876
200.0 24.39580441516462 22.241686480492607
200.5 24.397309564635258 22.241889642594344
201.0 24.39881022129167 22.242094360020136
201.5 24.40031325674452 22.24229142480274
202.0 24.40182588732235 22.242502837593257
202.5 24.403322424535926 22.242713902621908
203.0 24.404827836601175 22.242919101117444
203.5 24.406350322832836 22.243134556474345
204.0 24.40787285332803 22.24334754272268
204.5 24.409385321712797 22.243561364434118
205.0 24.41089353706065 22.243777132726397
205.5 24.412391204726585 22.24398638931586
206.0 24.41393310876576 22.244210876109452
206.5 24.41544558385742 22.244437543544894
206.9999999999999 24.417003695720755 22.24466143129035
207.5 24.418504270262794 22.24488532046509
208.0 24.420026182924694 22.24510992039273
208.4999999999999 24.421544851735764 22.24534096051184
209.0 24.423077530407966 22.245570144315806
209.5 24.424626846411982 22.2457972145752
209.9999999999999 24.426141540408093 22.246029450204816
210.5 24.427675045432885 22.246264571502877
211.0 24.42921908496499 22.246501229595626
211.4999999999999 24.43076423595945 22.24674077445464
212.0 24.43230118671291 22.24698072671197
212.5 24.43383528252106 22.247229945734958
212.9999999999999 24.435374069555486 22.247462796340194
213.5 24.436921880510887 22.247710011271028
214.0 24.438468885459812 22.247953638246596
214.4999999999999 24.440012242786796 22.248200027221795
215.0 24.441550165710897 22.248452294349175
215.5 24.44310688447362 22.248706344630527
215.9999999999999 24.44465006175314 22.248954593043567
216.5 24.446216720566937 22.249206356429877
217.0 24.447768105995532 22.249459516497687
217.4999999999999 24.44933131943904 22.249719927549556
218.0 24.450876131385925 22.2499806867293
218.5 24.45243414368614 22.250235909099448
218.9999999999999 24.453991323700443 22.250505881145664
219.5 24.455559209229207 22.25077236241692
220.0 24.457123676486244 22.2510346508422
220.4999999999999 24.45867709406231 22.251300604608993
221.0 24.46025393959419 22.251563822254667
221.5 24.46181285782611 22.251841879162605
221.9999999999999 24.46338207581158 22.252107606334505
222.5 24.46495928288821 22.25238765916764
223.0 24.466511287245357 22.252657526003453
223.4999999999999 24.468090590151704 22.252929019854957
224.0 24.4696609538207 22.253217085822527
224.5 24.471243042753063 22.25349481645537
224.9999999999999 24.472811476943278 22.25377518294334
225.5 24.474384655666487 22.25405364097712
226.0 24.475956137504483 22.254338752576245
226.4999999999999 24.477548202722986 22.254624573766048
227.0 24.479128062353862 22.254912655959007
227.5 24.480717332345634 22.255202123665562
227.9999999999999 24.482303419068835 22.255492568703165
228.5 24.48388526629442 22.25578047412131
229.0 24.485480418945045 22.25607296974315
229.4999999999999 24.487062917889865 22.25637527462842
230.0 24.488660024093925 22.256668584896442
230.5 24.49025742424017 22.256967883688546
230.9999999999999 24.491828019101316 22.257263847089778
231.5 24.493437546909117 22.25756959504439
232.0 24.495052007560627 22.257866700365785
232.4999999999999 24.49663199711339 22.258172515283505
233.0 24.498210631082713 22.25847634564929
233.5 24.499844713474776 22.258786380391122
233.9999999999999 24.501422980704668 22.25909262187583
234.5 24.503038692875645 22.25940194953035
235.0 24.504637109480647 22.259713490330796
235.4999999999999 24.506235513075193 22.260024051964717
236.0 24.507830025287248 22.26034254615483
236.5 24.509458891593923 22.260652972125175
236.9999999999999 24.511055944112815 22.260973428504176
237.5 24.512674070092846 22.261288910966407
238.0 24.51428905168251 22.2616097661896
238.4999999999999 24.51589362251076 22.261937200203235
239.0 24.51752686234776 22.262256163035712
239.5 24.519125951664194 22.26258417290531
239.9999999999999 24.520737215136922 22.262904954350738
240.5 24.522360482210104 22.263237947328843
241.0 24.52397903757571 22.263562380669512
241.4999999999999 24.525611241771763 22.263894571559998
242.0 24.52721353797549 22.264231233091934
242.5 24.52884866324522 22.264562072554043
242.9999999999999 24.530479850282795 22.26489781280543
243.5 24.53212002286721 22.265241186928076
244.0 24.533714509823206 22.265578874580232
244.4999999999999 24.535368993623724 22.265922875614457
245.0 24.537010663467044 22.266265071657486
245.5 24.538625184341228 22.266611552289113
245.9999999999999 24.540271967628172 22.26695762214964
246.5 24.54190700986998 22.267306533072823
247.0 24.543540911187737 22.267654568024874
247.4999999999999 24.545197445006757 22.26800851873445
248.0 24.54681374609041 22.26835944769097
248.5 24.548467579641347 22.268715031210174
248.9999999999999 24.550106828870494 22.269070911150802
249.5 24.55176981611601 22.26943085614385
250.0 24.553427994635403 22.269792378955962
250.4999999999999 24.55507708272972 22.270149233217374
251.0 24.55673287332328 22.27051938626587
251.5 24.558395962593927 22.270883329649266
251.9999999999999 24.56000653936353 22.271245999809327
252.5 24.56167896220338 22.271618557954223
253.0 24.563345958707767 22.27199536842202
253.4999999999999 24.565003216557496 22.272358713302513
254.0 24.566684940587244 22.272737020306753
254.5 24.568333492558256 22.27310734536139
254.9999999999999 24.569990985019995 22.27348566150095
255.5 24.571669039693496 22.273866959210935
256.0 24.5733219541589 22.274243081609747
256.4999999999999 24.57500460677265 22.274623125524172
257.0 24.576663570505577 22.275003695824136
257.5 24.578349920244133 22.275391625686296
257.9999999999999 24.580010073850417 22.275779007485873
258.5 24.581702355118004 22.27616675089105
259.0 24.583384820715885 22.276559521292306
259.4999999999999 24.585039715015423 22.27694982205115
260.0 24.586739790172793 22.27733679709121
260.5 24.588402321336172 22.27772696382168
260.9999999999999 24.590102317497546 22.27812929297071
261.5 24.591793785496993 22.278518905150268
262.0 24.59346017852709 22.278926318882345
262.4999999999999 24.595156959635478 22.27931670628665
263.0 24.596830033644963 22.279716613011033
263.5 24.598541344911826 22.280122670469034
263.9999999999999 24.600239235268802 22.280525233205136
264.5 24.601908324617575 22.280931329399273
265.0 24.603640463780174 22.28134238017663
265.4999999999999 24.605312821690703 22.28175176553958
266.0 24.606991187000745 22.282165518840408
266.5 24.6087035503473 22.282572231921435
266.9999999999999 24.610399453108883 22.28297816036452
267.5 24.612099269001156 22.283395238261132
268.0 24.613824074708496 22.283808403813012
268.4999999999999 24.615510174113936 22.284231408319243
269.0 24.617213647608303 22.284644534925143
269.5 24.618922262467983 22.285070264714854
269.9999999999999 24.620646804132008 22.28548941787858
270.5 24.622353321689616 22.285906338241137
271.0 24.624057147238354 22.28634151317173
271.4999999999999 24.62576030748511 22.286762708395734
272.0 24.627478466822783 22.28718972660903
272.5 24.62920415228463 22.287618506619506
272.9999999999999 24.630904897077546 22.28805075748733
273.5 24.632647074410418 22.288474050433248
274.0 24.634340122530798 22.28891430146873
274.4999999999999 24.636094931851616 22.28934580264577
275.0 24.637785687107133 22.289779435806256
275.5 24.63951982325287 22.290211617740063
275.9999999999999 24.64125668162753 22.29065655151935
276.5 24.64298745559462 22.29109065975132
277.0 24.644729158538176 22.291533560208762
277.4999999999999 24.64644424749676 22.2919781859882
278.0 24.6481650623117 22.292419734358106
278.5 24.649907257383596 22.292860543055507
278.9999999999999 24.65163102749003 22.293316452973308
279.5 24.653371390161425 22.293754768770967
280.0 24.655098203624142 22.294205948284038
280.4999999999999 24.656852548812786 22.294660612919067
