FastTrWP/PhaseSpace/IAs/snIa_0.69_30.00_-1.12_-0.25.csv
# %ECSV 0.9
# ---
# datatype:
# - {name: time-rel, datatype: float64}
# - {name: g, datatype: float64}
# - {name: i, datatype: float64}
# schema: astropy-2.0
time-rel g i
[from data line 2130]
722.5 24.75313195089521 23.001167290356086
723.0 24.757314553884704 23.002409316998722
723.5 24.761558734310107 23.003657615197884
724.0 24.76585805578415 23.004906935263207
724.5 24.77021042072245 23.00615291357376
725.0 24.774598153302986 23.007411064302822
725.5 24.779056812986212 23.008645638364584
726.0 24.783545596088054 23.00990215326007
726.5 24.788140274664286 23.011151311039256
727.0 24.792724353816737 23.01239945793592
727.5 24.79738193663006 23.013660493594767
728.0 24.802111524134464 23.01490750946599
728.5 24.806891396759326 23.016159582212783
729.0 24.811724075185996 23.017426010477923
729.5 24.816598441101718 23.01868117817387
730.0 24.821552615000144 23.01993777458253
730.5 24.82653942910101 23.0211935979637
731.0 24.831618196340735 23.022462195603126
731.5 24.836713862981572 23.023717321959314
732.0 24.841897871764825 23.024978660899734
732.5 24.84710830349775 23.026246303659832
733.0 24.852392448476103 23.02750697491707
733.5 24.857722058919403 23.028762489629635
734.0 24.86315178331662 23.030035149457944
734.5 24.868605810676602 23.03130348849932
735.0 24.8740949913487 23.032580541492212
735.5 24.879699392658083 23.033849810201033
736.0 24.885333449039223 23.03511688038716
736.5 24.891031855899403 23.036394706896573
737.0 24.89681703494712 23.037662683593343
737.5 24.902614366602656 23.038941558867077
738.0 24.90848791629373 23.04021597063918
738.5 24.91446061867606 23.04149083717132
739.0 24.920480114096915 23.042767763501992
739.5 24.926547742008736 23.04403491659302
740.0 24.93269038058152 23.04532736673336
740.5 24.93888256172248 23.04660319187157
741.0 24.945158606588894 23.047883739897287
741.5 24.951469183264656 23.049173339130043
742.0 24.957914913589704 23.05045308729756
742.5 24.964389620885584 23.05174203938945
743.0 24.970904449542278 23.053025557494784
743.5 24.977525630359683 23.054297452431463
744.0 24.984226883912886 23.05560377690306
744.5 24.99094461419698 23.056887112715536
745.0 24.997770884100404 23.05817675151175
745.5 25.004670389877873 23.05947096668532
746.0 25.01162508638086 23.060765533751443
746.5 25.01865421708549 23.06205303842457
747.0 25.02576786022977 23.063356429565335
747.5 25.03296037534504 23.064646857396358
748.0 25.040218285121508 23.065949116992105
748.5 25.047554222694583 23.06724352916588
749.0 25.05496838682161 23.068538700276232
749.5 25.06246963241789 23.069844539603572
750.0 25.07002604176595 23.07113214653729
750.5 25.077687830384793 23.072449923122726
751.0 25.085407220569206 23.073746964627976
751.5 25.09322764689464 23.075057780629493
752.0 25.101124959771113 23.07635303113507
752.5 25.109108244961604 23.07766591137977
753.0 25.117177583955574 23.078975520569784
753.5 25.125310702562572 23.080277986794535
754.0 25.133531470209345 23.081594926823243
754.5 25.141861674263218 23.082908964288965
755.0 25.15033202690786 23.084223262759327
755.5 25.15898468378637 23.085536256793905
756.0 25.167789191670636 23.086859850676383
756.5 25.17683946319346 23.088172194881263
757.0 25.186059620355856 23.08948802284693
757.5 25.19545545577025 23.090818860063
758.0 25.20506884263458 23.0921474696232
758.5 25.214857896228494 23.09346958516356
759.0 25.224845556673998 23.09479477071305
759.5 25.23503520216216 23.096115859949617
760.0 25.245408268531335 23.09745253220459
760.5 25.255961864995697 23.098799492111056
761.0 25.266729714358917 23.10012534624489
761.5 25.27771745590027 23.101450232471766
762.0 25.288895330680337 23.10279748881703
762.5 25.300253636007128 23.104133732003884
763.0 25.311832020714302 23.105466966566052
763.5 25.32360560204859 23.10680736900224
764.0 25.33561022213422 23.10815683680358
764.5 25.347784342707747 23.109507146941006
765.0 25.360220204948476 23.110857309885105
765.5 25.37284504927937 23.11219748196375
766.0 25.385657915223355 23.113550110305642
766.5 25.398733189866466 23.114897713307982
767.0 25.411972454317386 23.11625688257511
767.5 25.425434785679684 23.11760436152509
768.0 25.43914457103191 23.118963072120245
768.5 25.453099605613264 23.120310389359982
769.0 25.4672264188974 23.12166102475767
769.5 25.481602229689983 23.123025955542
770.0 25.496210599095082 23.124387464759817
770.5 25.511009250223896 23.125747971601434
771.0 25.52610407927437 23.127110559314943
771.5 25.54141459339494 23.128475426990693
772.0 25.556978932161748 23.129831605901177
772.5 25.572745622585487 23.131203904641154
773.0 25.5887483072124 23.132566913111884
773.5 25.605010940377863 23.13393720810395
774.0 25.621529027476846 23.135295787428454
774.5 25.638293893990202 23.136656420769867
775.0 25.655308601002346 23.138037098548775
775.5 25.672591023325523 23.139403765469517
776.0 25.690130725006654 23.14077195437497
776.5 25.707916011424103 23.14214750108202
777.0 25.725969837375242 23.143521966936888
777.5 25.744293841621705 23.144892744266965
778.0 25.76288560250135 23.146258950570278
778.5 25.781745663899965 23.14763479506975
779.0 25.80089528682995 23.14901306802234
779.5 25.820308621271227 23.15038557554633
780.0 25.840011907322868 23.15176602450859
780.5 25.859958402345114 23.153135603825667
781.0 25.88022131631967 23.15452766522274
781.5 25.90079460235105 23.155906757879812
782.0 25.921630781840275 23.15727342062503
782.5 25.942744817692397 23.158648755448176
783.0 25.964192643521447 23.16003224056798
783.5 25.985943446769983 23.161417259595453
784.0 26.007915403042297 23.162800761704034
784.5 26.030254977138515 23.164170547620134
785.0 26.052930323388846 23.165554238239356
785.5 26.075831865907404 23.166933176887788
786.0 26.09910154620409 23.16831375413798
786.5 26.12268031979425 23.1696937251826
787.0 26.146500959888694 23.171073110751685
787.5 26.170706628904327 23.172452302543785
788.0 26.195226137647957 23.173838791200172
788.5 26.220006927607997 23.175216778118617
789.0 26.24516093817916 23.17659597859543
789.5 26.270631008144683 23.177980435733147
790.0 26.296343967011722 23.17936257316578
790.5 26.322443499308505 23.18073963136321
791.0 26.348802927822565 23.182125670649505
791.5 26.375476893359895 23.183497022664955
792.0 26.402409931701545 23.184887881110427
792.5 26.429679385457412 23.18627422213087
793.0 26.45728582007774 23.18764224944646
793.5 26.485156943317637 23.189024887628634
794.0 26.513260627963035 23.190405792666073
794.5 26.541587028790307 23.191780667323386
795.0 26.570303112099573 23.193163729989696
795.5 26.59940040930582 23.194543175554273
796.0 26.629114440388747 23.195918853405367
796.5 26.65963173219023 23.197302030023813
797.0 26.69084710182726 23.19868058215764
797.5 26.722823094431547 23.200066383010892
798.0 26.75563088398782 23.201443869323178
798.5 26.789318308394982 23.202824429048718
799.0 26.823870262275335 23.204212602552662
799.5 26.859453809072825 23.205593635694814
800.0 26.8959415003796 23.206972055012486
800.5 26.933565337759802 23.208357290764248
801.0 26.972332077529387 23.20974531521028
906.5 26.9677886908866 23.504395697129358
907.0 26.924289420223708 23.5057749187658
907.5 26.88200050846753 23.50713833326929
908.0 26.840924433278282 23.508517615285555
908.5 26.800908799245672 23.5098824034459
909.0 26.761981858574696 23.511256100166165
909.5 26.7239646919467 23.512631123312346
910.0 26.686929956586617 23.51399903837702
910.5 26.650757270209212 23.515374533612988
911.0 26.61532720916164 23.51673370475469
911.5 26.580785529912994 23.518104977599265
912.0 26.546914311206788 23.51947220189768
912.5 26.513793670826562 23.520831148060445
913.0 26.481337722532075 23.52219187186023
913.5 26.4495362147975 23.52356583915323
914.0 26.418370304096747 23.5249256988982
914.5 26.387757748730223 23.52629044011964
915.0 26.357703457872606 23.527648636598038
915.5 26.328230230488 23.529014274966897
916.0 26.299257757906766 23.530364543800456
916.5 26.27078609339247 23.53172019111268
917.0 26.242728545838446 23.533078857634916
917.5 26.21486982747797 23.534441130548828
918.0 26.187278325749563 23.535791972224843
918.5 26.159847098358874 23.53715109864627
919.0 26.13271778771336 23.538493302178424
919.5 26.105816379319702 23.539856019605114
920.0 26.07917699659183 23.54118784407044
920.5 26.05280310802477 23.5425475573016
921.0 26.026671354953393 23.543875671941493
921.5 26.000817744021276 23.54522997924027
922.0 25.975256227892377 23.54657298287213
922.5 25.94997303668384 23.547913580546744
923.0 25.924943226150006 23.54925894073551
923.5 25.900226835723362 23.550590922859133
924.0 25.875782074928534 23.551929194953964
924.5 25.851628184129215 23.553265230255676
925.0 25.827746250647813 23.554592786065584
925.5 25.804142420969228 23.55593481552861
926.0 25.78086303642965 23.557258713535653
926.5 25.757840798210534 23.558608424799864
927.0 25.73509833538312 23.559920337291203
927.5 25.7126470082058 23.56126472037852
928.0 25.69046694284568 23.562592379942977
928.5 25.66859752297478 23.563911609181748
929.0 25.64696667141436 23.56524487631819
929.5 25.625658384934013 23.56656393367013
930.0 25.604584616607543 23.567893635754032
930.5 25.583763429324755 23.569205590087922
931.0 25.56327302347759 23.570541132905486
931.5 25.54300989783407 23.571870126215856
932.0 25.523028239213176 23.573177240117946
932.5 25.503297597029437 23.574498345004255
933.0 25.483884168274553 23.575822522088714
933.5 25.464637223395933 23.57713270884204
934.0 25.44568259726345 23.57845909291037
934.5 25.426992918658886 23.579784059656937
935.0 25.408537010123414 23.58109377299948
935.5 25.390367615488486 23.58240952965619
936.0 25.37240921781062 23.583724831348498
936.5 25.35472981076564 23.585034772692623
937.0 25.337236132638274 23.586349809905073
937.5 25.320020989291116 23.587663767595238
938.0 25.30303761838827 23.58897669308638
938.5 25.28628036015498 23.590280048715243
939.0 25.269761683084422 23.591603380731648
939.5 25.25347010108812 23.5928983557894
940.0 25.237413895781703 23.594214645417246
940.5 25.221573865885535 23.595529333684404
941.0 25.205943035705932 23.596836483657565
941.5 25.19054699658586 23.598141870243886
942.0 25.175354646881228 23.599459531129177
942.5 25.16040960596126 23.60074607949997
943.0 25.145677730584946 23.60206714355106
943.5 25.131124372176462 23.603372119936484
944.0 25.11680687512955 23.604685040275374
944.5 25.102706697634307 23.605993946634417
945.0 25.088771051318712 23.60729114711113
945.5 25.075046928780477 23.608600775643595
946.0 25.061567528502238 23.60990450169764
946.5 25.04827282773265 23.61121523246989
947.0 25.035153227300697 23.612519234200345
947.5 25.022224164072554 23.613815906362
948.0 25.009521878212624 23.6151260243904
948.5 24.996994777316853 23.61644316390421
949.0 24.984663969213305 23.61772919313315
949.5 24.972523331061133 23.619040408578226
950.0 24.960572306713512 23.62033955980811
950.5 24.94880872049551 23.621650631367665
951.0 24.937216885707684 23.622943428816157
951.5 24.925843117600394 23.624264383169177
952.0 24.914621309396566 23.625569860222875
952.5 24.90357591425347 23.62686742011168
953.0 24.892754679383188 23.628182309138094
953.5 24.882085425380616 23.629480575363022
954.0 24.87159081135424 23.6307932822041
954.5 24.861269474506308 23.632094773945894
955.0 24.851134721186266 23.633407201138205
955.5 24.841170171516453 23.63471140350152
956.0 24.831383863129368 23.636020390250714
956.5 24.821755365762858 23.63731492610504
957.0 24.812309578808353 23.638633436547543
957.5 24.803017877881945 23.639940230477833
958.0 24.79374127214845 23.64125062779489
958.5 24.784545135070445 23.642557859700133
959.0 24.77536061046038 23.643849833476107
959.5 24.76625908782388 23.645158591062927
960.0 24.757187006233853 23.646462719395664
960.5 24.748148866775406 23.647773933846974
961.0 24.73918361026994 23.64907750714044
961.5 24.730253348835124 23.650379115538843
962.0 24.72137920568979 23.651671310923497
962.5 24.712561077161258 23.65297900029342
963.0 24.703799164585863 23.654274833380015
963.5 24.69509775605736 23.655575547447008
964.0 24.686429866001866 23.65688098030251
964.5 24.6778394155615 23.65817237653569
965.0 24.66929312794552 23.659472509856784
965.5 24.66082465744613 23.660762223967645
966.0 24.65241966275826 23.662063892799154
966.5 24.64403541201579 23.663353721050733
967.0 24.63576479608266 23.664664654871125
967.5 24.627516765114184 23.665960404846995
968.0 24.61932652551146 23.667245127965547
968.5 24.611240402458062 23.66852934163193
969.0 24.603211498754447 23.66982219095529
969.5 24.595235645533915 23.671119211782575
970.0 24.587321271511655 23.67240814480639
970.5 24.57948727287458 23.673699487181796
971.0 24.57168996742935 23.674980721726023
971.5 24.563984049684414 23.676282855653636
972.0 24.556338736100773 23.677578121704855
972.5 24.548777282113583 23.678860547260832
973.0 24.54126492036203 23.680150966035637
973.5 24.53385807692714 23.681443820219087
974.0 24.526482620927528 23.682732154610417
974.5 24.519194034004173 23.684011835889102
975.0 24.51198338310604 23.685299381411532
975.5 24.504817533328982 23.686596538200636
976.0 24.49773668287203 23.68788059624727
976.5 24.49073492166958 23.689160899115937
977.0 24.4838213154355 23.69043965807849
977.5 24.47695583330073 23.691737794439383
978.0 24.47016769738662 23.69301462307872
978.5 24.463450135387596 23.69431120062636
979.0 24.456830388330147 23.69558796703288
979.5 24.45025574690525 23.696877647759422
980.0 24.443746921557143 23.698164533663522
980.5 24.437360826759516 23.69945041748612
981.0 24.431018484356706 23.70072295222744
981.5 24.424760689407947 23.70201190350777
982.0 24.418580139168924 23.703286479440475
982.5 24.412461459234237 23.704578679067687
983.0 24.40642743176141 23.705867910924063
983.5 24.400491751189563 23.70715057262575
984.0 24.394595573806814 23.708433204368454
984.5 24.388805986722367 23.709710383138287
985.0 24.383063112561878 23.710986317735635
985.5 24.377433205149885 23.712277406154726
986.0 24.37186393381655 23.713563265714626
986.5 24.366375329176403 23.71484093141532
987.0 24.36095792322638 23.716128809948064
987.5 24.35564148777641 23.717414973976027
