FastTrWP/PhaseSpace/IAs/snIa_0.39_30.00_0.24_0.07.csv
# %ECSV 0.9
# ---
# datatype:
# - {name: time-rel, datatype: float64}
# - {name: g, datatype: float64}
# - {name: i, datatype: float64}
# schema: astropy-2.0
time-rel g i
[from data line 1769]
466.0 24.170037108834293 22.726727363074982
466.5 24.1718826467503 22.72766809644932
467.0 24.173736243935046 22.72859477568145
467.5 24.175596213042255 22.72953546901705
468.0 24.177450151555348 22.730468265651798
468.5 24.17930110066561 22.731400917964347
469.0 24.18116548719416 22.732345759920022
469.5 24.18303614010458 22.733281566263823
470.0 24.18489980716751 22.734219055448914
470.5 24.18676032748314 22.73516518353235
471.0 24.188632115661278 22.73610516778944
471.5 24.190496952015643 22.73704177483331
472.0 24.19239204572539 22.737985645814835
472.5 24.194258064309885 22.73893021070249
473.0 24.196136380725576 22.739868670609745
473.5 24.198020146046375 22.74081420198098
474.0 24.19990091873361 22.74175926166397
474.5 24.201783387235288 22.742711345029246
475.0 24.203677910145373 22.743658673978217
475.5 24.20554954022427 22.744600962204082
476.0 24.207461910283993 22.74554898855465
476.5 24.209355918773312 22.746501334393052
477.0 24.21125586239729 22.74745266514166
477.5 24.21314879999575 22.748404646281504
478.0 24.215051700559176 22.749348397406845
478.5 24.21694585461428 22.750311473503253
479.0 24.218865333083528 22.75126031665264
479.5 24.220751238924656 22.752216653010894
480.0 24.222686046026336 22.7531614115172
480.5 24.22460192632238 22.754123383792184
481.0 24.226510826128273 22.755081319193668
481.5 24.22842510213399 22.75603475010421
482.0 24.230341475091777 22.756994246652695
482.5 24.232274369874574 22.757952345807592
483.0 24.234206074016548 22.75891251934601
483.5 24.236130401446204 22.75987013791275
484.0 24.238067140117508 22.76082510203885
484.5 24.239990110742294 22.76178745154358
485.0 24.241935543383374 22.762748591795518
485.5 24.2438667451039 22.763714544670727
486.0 24.245799476137172 22.764682709552755
486.5 24.247748210779235 22.765641824437196
487.0 24.249693126449635 22.766609449884037
487.5 24.251655520205794 22.767574187315844
488.0 24.253603649027017 22.768530699546602
488.5 24.255565071885773 22.769506986066197
489.0 24.25749599476536 22.770464062220483
489.5 24.259455384747646 22.77143564073224
490.0 24.261406076719286 22.772409412528475
490.5 24.263380425697658 22.773383753722154
491.0 24.26534970196105 22.774351774456743
491.5 24.26731509097096 22.775326426771898
492.0 24.269307075070465 22.776293434544282
492.5 24.271266959841654 22.777276393441532
493.0 24.27326134416768 22.778257265622948
493.5 24.275253434120792 22.779241900043434
494.0 24.277241611720726 22.78022224084962
494.5 24.279237432212078 22.78120691996601
495.0 24.28124344949715 22.78219472906124
495.5 24.28325492421323 22.783184471985635
496.0 24.28522986654814 22.78416983028898
496.5 24.287256778153733 22.785167487420846
497.0 24.28927222319777 22.786150322387314
497.5 24.291292600537563 22.787146327446827
498.0 24.29329982669749 22.788141698487557
498.5 24.295316182886513 22.789136943783195
499.0 24.297347983702533 22.790131272376662
499.5 24.299367660815147 22.791116944164315
500.0 24.30141309534392 22.79212968737376
500.5 24.303452276331218 22.79312114181096
501.0 24.305480043447346 22.794127381743778
501.5 24.30752646399163 22.79513344626684
502.0 24.309575163660824 22.796128400820383
502.5 24.311614448975348 22.797128806733603
503.0 24.313666662242042 22.798135774207232
503.5 24.315712067981213 22.799139433593602
504.0 24.317784544952673 22.800132964918653
504.5 24.319812654344986 22.80114388929837
505.0 24.32187273468843 22.802151886573814
505.5 24.32394036703137 22.80315618443928
506.0 24.32599788897233 22.80415637079996
506.5 24.32807100281686 22.805172054269356
507.0 24.330135778239832 22.806170877423092
507.5 24.33219677292758 22.80718082546896
508.0 24.334266939470538 22.80818685161163
508.5 24.336355937895398 22.809195343389884
509.0 24.33840305910532 22.81020349352215
509.5 24.34048338917963 22.811208114782005
510.0 24.342550813904 22.81221513645064
510.5 24.344648754118815 22.813216221091743
511.0 24.346722458106772 22.814222625935678
511.5 24.348812413976933 22.815235021879303
512.0 24.350876636653066 22.816230794338125
512.5 24.352952117554864 22.817233430807818
513.0 24.35503963709966 22.818241880247992
513.5 24.35713030674091 22.819242727404934
514.0 24.359208594041426 22.820241322854805
514.5 24.36130335988561 22.821245637886364
515.0 24.36338559623303 22.822243067907607
515.5 24.36544927685373 22.823247287774443
516.0 24.36756724895432 22.824242076946692
516.5 24.36965143794629 22.825233516937967
517.0 24.371739815386388 22.82623346666422
517.5 24.37382635527394 22.827235556133605
518.0 24.375922491964957 22.82823228295942
518.5 24.377989283111027 22.829213158307915
519.0 24.380075792183305 22.83020986917816
519.5 24.382190124038022 22.831195172747236
520.0 24.384275031022746 22.832185962479915
520.5 24.386346253712766 22.83317492875956
521.0 24.388440991440238 22.83415849444244
521.5 24.390518122887677 22.835144943429814
522.0 24.392613222463076 22.836122709492116
522.5 24.39470417157638 22.837110503642762
523.0 24.39678874243492 22.83808263924803
523.5 24.398861156395668 22.839057954571
524.0 24.40095112458449 22.840043934826085
524.5 24.403039182627122 22.841009207978836
525.0 24.405125767023495 22.84198799596984
525.5 24.407219155879044 22.84296985654869
526.0 24.409308799057587 22.84393979089108
526.5 24.41139276983207 22.844917458839525
527.0 24.413503835831595 22.845889357940102
527.5 24.41559072803505 22.84686147793449
528.0 24.417692659883983 22.84784125365634
528.5 24.419779909385877 22.848809607651877
529.0 24.421878322237333 22.849785179116967
529.5 24.423985069915943 22.850757066666386
530.0 24.42608739000252 22.851731110985334
530.5 24.42818274073751 22.852701517094932
531.0 24.430305479932123 22.85366750417029
531.5 24.432388264422404 22.85464747004005
532.0 24.434510829793396 22.855601937788652
532.5 24.43661062702546 22.856581809344227
533.0 24.438700929650793 22.85754105544661
533.5 24.440807564919133 22.85851563745306
534.0 24.442930817149232 22.8594893113536
534.5 24.44504386015013 22.860450591852143
535.0 24.447146757614384 22.86141888007839
535.5 24.449254368890543 22.862379278457546
536.0 24.451373821143306 22.863348110849962
536.5 24.453512553534512 22.86431370526964
537.0 24.455596500102423 22.86527429951599
537.5 24.457721707321006 22.866236223538476
538.0 24.45986490604057 22.867204123095647
538.5 24.461959590806714 22.868164119449098
539.0 24.46407540174734 22.86912901228591
539.5 24.46619458284813 22.87008653472281
540.0 24.468314748736034 22.871046234649505
540.5 24.470435739427167 22.87199566225226
541.0 24.47254624528792 22.872952189117747
541.5 24.474684743114203 22.87390770902636
542.0 24.476799730983597 22.874869859430774
542.5 24.478906113232505 22.87581931078078
543.0 24.481030236027394 22.876772887128705
543.5 24.483164641682787 22.877721900527096
544.0 24.48528749935887 22.87867661368224
544.5 24.487410319743805 22.879620995641858
545.0 24.48954159529411 22.880581773202525
545.5 24.49167258462377 22.881526841818356
546.0 24.49379973425379 22.88247309238082
546.5 24.495913804957578 22.883425380031245
547.0 24.498037815436593 22.884363460125652
547.5 24.500151038962446 22.8853144301203
548.0 24.502283043746353 22.88625531252063
548.5 24.50442088738715 22.88719896849386
549.0 24.50655113295155 22.888142585727486
549.5 24.508675719431906 22.889070283427195
550.0 24.510791784809697 22.890010946557577
550.5 24.512931482357658 22.89095347422596
551.0 24.515068902469782 22.891893465340228
551.5 24.517184302773355 22.892819632870513
552.0 24.51930223498875 22.893753003056403
552.5 24.521392707174403 22.894689184389506
553.0 24.523551429887117 22.895623029380122
553.5 24.52569543742466 22.89654637505514
554.0 24.527805155959932 22.89748510793547
554.5 24.529940847181596 22.89840933138695
555.0 24.532069035198326 22.899339091741275
555.5 24.53419012793988 22.90026236485117
556.0 24.53633116002587 22.901182902676425
556.5 24.538445492834207 22.902105384677117
557.0 24.540587049965144 22.903024125881842
557.5 24.542684054500413 22.903940529720977
558.0 24.54481692377961 22.904859763350732
558.5 24.546936216033654 22.905786024124133
559.0 24.549064451528256 22.906692633540644
559.5 24.551207317174104 22.90761032413064
560.0 24.553338072845378 22.908525479759263
560.5 24.55545673760598 22.909438862374095
561.0 24.557600261686666 22.910351171602073
561.5 24.559720183735642 22.911257676087608
562.0 24.561849096249645 22.91217939988084
562.5 24.56396890747339 22.913083661793443
563.0 24.566103489858243 22.91399392240969
563.5 24.568235623711292 22.914905578544932
564.0 24.570364790897038 22.91580324363022
564.5 24.57250386780391 22.916706867098444
565.0 24.57462745915104 22.91761081851407
565.5 24.576743828630498 22.918513691050872
566.0 24.578894595682797 22.919408319811275
566.5 24.58101813711748 22.920314864813385
567.0 24.583143534028707 22.921208245922987
567.5 24.58526279697174 22.922123621896397
568.0 24.587397484270465 22.922999313270665
568.5 24.58953375441765 22.923905466289533
569.0 24.591669731559755 22.924801920975383
569.5 24.59380587029768 22.925691627032123
570.0 24.59594690578445 22.926583888565215
570.5 24.598073885354705 22.92747067847042
571.0 24.600207092923988 22.928364505628906
571.5 24.602326254285188 22.92924714744018
572.0 24.604449263530913 22.930144574845784
572.5 24.606575899294896 22.931026819195374
573.0 24.608724898239696 22.931915214894847
573.5 24.61083941149722 22.932791683688023
574.0 24.612967603538102 22.933677010635982
574.5 24.615108446076196 22.934555407455733
575.0 24.617222105868745 22.935438822945642
575.5 24.619348532441784 22.93632419272051
576.0 24.621478671407022 22.937180632484804
576.5 24.623628621531928 22.93806213188367
577.0 24.62575182488426 22.938939774935644
577.5 24.62787073627796 22.93980944917767
578.0 24.62999317265947 22.940675786331617
578.5 24.632123344858 22.941557398532314
579.0 24.634252907468642 22.942419589233833
579.5 24.63637100241263 22.943284052164913
580.0 24.63850249193716 22.94414675537822
580.5 24.640595520224167 22.945010167326686
581.0 24.64273834963537 22.945877536921916
581.5 24.644878899503166 22.946743455676668
582.0 24.646998697394153 22.947601413027463
582.5 24.649123746763777 22.948456273103265
583.0 24.65124156568105 22.949314151617788
583.5 24.653357665500245 22.95016893837505
584.0 24.655472558816363 22.95101632190972
584.5 24.65759236811099 22.951867548418903
585.0 24.659698168819517 22.95271865396233
585.5 24.661823561651552 22.95356916334251
586.0 24.663948644098323 22.954423161055093
586.5 24.66606381800819 22.955260914556096
587.0 24.668170897565098 22.95610779362616
587.5 24.670299013467236 22.956952830878606
588.0 24.6724017341044 22.957790013604654
588.5 24.674512064909536 22.958637804698103
589.0 24.6766151670828 22.959470878277006
589.5 24.678721352530587 22.96029676651797
590.0 24.680844383907697 22.961127779431646
590.5 24.682947584333395 22.961972092676348
591.0 24.685050848983593 22.96280029162363
591.5 24.68717023726564 22.963631446088925
592.0 24.68927702888203 22.964465978690917
592.5 24.691365974517044 22.9652897412183
593.0 24.693465964089366 22.966120778611874
593.5 24.69559036069668 22.966947399869568
594.0 24.697693315007534 22.967768630824704
594.5 24.699809902584345 22.968595011910956
595.0 24.701909544186535 22.969408096226367
595.5 24.703973817776927 22.970227106938886
596.0 24.706100841638836 22.97104219120193
596.5 24.708222498814848 22.97186699985555
597.0 24.71029583300283 22.97267386395038
597.5 24.71240177331557 22.973487529540204
598.0 24.714499953715745 22.974304606594927
598.5 24.71660391901096 22.975123275008205
599.0 24.71869123368515 22.975926532787312
599.5 24.72079620471195 22.976736297773698
600.0 24.722908338725563 22.977533579988805
600.5 24.72499438447428 22.97834228407116
601.0 24.72708699525697 22.979146674390655
601.5 24.72916975113401 22.97994788547979
602.0 24.731277091768842 22.980752977769523
602.5 24.733354291763444 22.98154070305461
603.0 24.735458419874785 22.982344856105343
603.5 24.737527224497455 22.98313487766989
604.0 24.739609277585757 22.983927322998706
604.5 24.741709219515062 22.98471707930024
605.0 24.743799062716278 22.98551178905482
605.5 24.74584963609317 22.986299578916217
606.0 24.74796161702445 22.987079669443077
606.5 24.750042554687962 22.987871044915785
607.0 24.75211609320928 22.98864731652661
607.5 24.754200383714572 22.989430907394617
608.0 24.756272823184297 22.990212628940384
608.5 24.758349259083374 22.990988362399463
609.0 24.760415174040368 22.991766411281333
609.5 24.7624913715412 22.992546121331998
610.0 24.7645802657371 22.993313202670574
610.5 24.766621304357585 22.994075690612668
611.0 24.76868492069532 22.994854570454244
611.5 24.770756614890846 22.995611549228446
612.0 24.7728182318016 22.996378054611096
612.5 24.774870021213985 22.997149988745807
613.0 24.7769411523926 22.99790190285192
613.5 24.778996901312624 22.99866370380647
614.0 24.781039502000198 22.999421469988786
614.5 24.783104684554473 23.000174229521377
615.0 24.785155448538248 23.000928961953143
615.5 24.787191727148567 23.00167915650102
616.0 24.78925696338699 23.002422228192934
616.5 24.791291900160036 23.003168863720727
617.0 24.79330619975631 23.00392475314654
617.5 24.795346921992763 23.00466180185554
618.0 24.797400963747236 23.005407174126418
618.5 24.79942052510232 23.006144653188308
619.0 24.80145976149455 23.00688829205918
619.5 24.803476593480227 23.00762536934375
620.0 24.80551509944724 23.008348425684648
620.5 24.807527692220006 23.009068564739707
621.0 24.809558707595706 23.00980943831872
621.5 24.811583342029344 23.0105408357337
622.0 24.81357964547228 23.011255343562
622.5 24.815602837718217 23.01197369472305
623.0 24.817611994942705 23.01270023437823
623.5 24.819616960793503 23.01341995495267
624.0 24.821618649006755 23.014128816597804
624.5 24.823617606562365 23.014842677381715
625.0 24.82561614662461 23.0155376460181
625.5 24.827570114418677 23.016250613652094
626.0 24.829594865835737 23.01694831623245
626.5 24.831557657376678 23.01764644885623
627.0 24.833522480103372 23.01834113067308
627.5 24.835517403553457 23.019031543972545
628.0 24.837457683574815 23.019723544400033
628.5 24.839435821301663 23.0204070654694
629.0 24.84140598389773 23.021099257272702
629.5 24.84333896326673 23.02177425825688
630.0 24.845284304357584 23.02245279263003
630.5 24.847252328922607 23.023117371444364
631.0 24.849186020749904 23.02380010302062
631.5 24.851129795235998 23.024466985786376
632.0 24.8530669177811 23.025138584736695
632.5 24.8550149720683 23.025791527302783
633.0 24.85691259929559 23.026467245150805
633.5 24.8588562734885 23.027119761745322
634.0 24.860774776399985 23.027784225196875
634.5 24.862688200754167 23.02844140529477
635.0 24.864608855739846 23.02908858495284
635.5 24.866526598883656 23.02973172815456
636.0 24.86845010016296 23.030400426899583
636.5 24.870367762155826 23.031043082576737
637.0 24.872251367842935 23.031698963936357
637.5 24.87416715558469 23.032329397927207
638.0 24.876082165452193 23.032975398628402
638.5 24.877987276737798 23.03362720844238
639.0 24.879869822373657 23.03426554089392
639.5 24.881771366772814 23.03490230584165
640.0 24.883674889404375 23.035542389612274
640.5 24.885564205968123 23.03617400223335
641.0 24.887450237013663 23.03681036850727
641.5 24.889343276545674 23.03744540386471
642.0 24.89123549771985 23.03807503963106
642.5 24.893126240398246 23.038706720132378
643.0 24.89502289432364 23.039333731390656
643.5 24.896900939188512 23.039967284300328
644.0 24.898786074670646 23.04059911413288
644.5 24.900675382810565 23.041227127737073
645.0 24.90257117315692 23.04185458123447
645.5 24.904434881333145 23.042474931006215
646.0 24.90632899154327 23.043115854489518
646.5 24.90818805962709 23.043726930883444
647.0 24.91007836627212 23.044351002807563
647.5 24.91195070727667 23.04497619599488
648.0 24.91384305009019 23.04560542457066
648.5 24.91571617424949 23.046227646420235
649.0 24.917602266910084 23.04685998372953
649.5 24.919474108506083 23.047472220531976
650.0 24.921377606954337 23.048094753760523
650.5 24.92324327698013 23.048731841501393
