FastTrWP/PhaseSpace/IAs/snIa_0.36_30.00_0.69_-0.08.csv
# %ECSV 0.9
# ---
# datatype:
# - {name: time-rel, datatype: float64}
# - {name: g, datatype: float64}
# - {name: i, datatype: float64}
# schema: astropy-2.0
time-rel g i
[from data line 1155]
750.5208333333334 22.964819753868817 22.582084449811685
751.0208333333334 22.96576401006934 22.582124447002933
751.5208333333333 22.966722101545535 22.582162214860215
752.0208333333334 22.967665923690458 22.582202253905077
752.5208333333334 22.968613189627284 22.582242615195554
753.0208333333333 22.969567180500214 22.58228085671424
753.5208333333334 22.9705182409636 22.58232973886111
754.0208333333334 22.971473804929108 22.58237492132701
754.5208333333333 22.972431591339312 22.582420471168533
755.0208333333334 22.973388515748884 22.582464862845548
755.5208333333334 22.974355341382406 22.58251761697519
756.0208333333333 22.975310422706254 22.5825718266395
756.5208333333334 22.976279418573213 22.582630428617556
757.0208333333334 22.977234971756605 22.582676329653324
757.5208333333333 22.9781981955141 22.582738194168456
758.0208333333334 22.979159233542603 22.58279623521568
758.5208333333334 22.980137873892815 22.582858945986345
759.0208333333333 22.981118609428364 22.58291878787404
759.5208333333334 22.98207316533744 22.582987479169432
760.0208333333334 22.98305547471264 22.58305030716197
760.5208333333333 22.98403067743829 22.5831110861416
761.0208333333334 22.985008423739025 22.58318007372933
761.5208333333334 22.985985640208696 22.58325972101497
762.0208333333333 22.986965127309524 22.583323891834162
762.5208333333334 22.987955226419192 22.583394265296675
763.0208333333334 22.988941977581156 22.58346953151369
763.5208333333333 22.9899256249262 22.583542477934113
764.0208333333334 22.99091595947754 22.58363029761894
764.5208333333334 22.991909225938464 22.583711913108676
765.0208333333333 22.99289690362577 22.583790633085293
765.5208333333334 22.99389577733105 22.58387319226991
766.0208333333334 22.99489235979908 22.583965545750782
766.5208333333333 22.995888816576727 22.584053974744958
767.0208333333334 22.996898535634706 22.58413292225681
767.5208333333334 22.997901996328203 22.58423180039642
768.0208333333333 22.99889976317148 22.58432261845773
768.5208333333334 22.99991208335021 22.58442087044935
769.0208333333334 23.00090779424623 22.584513603997202
769.5208333333333 23.0019179860216 22.584613300051494
770.0208333333334 23.0029435175138 22.584707129526784
770.5208333333334 23.00395217991534 22.584814513136408
771.0208333333333 23.004960650866657 22.584916346204725
771.5208333333334 23.005991276294615 22.58501343189849
772.0208333333334 23.007003526676193 22.585123736055422
772.5208333333333 23.00802917764607 22.585227527835492
773.0208333333334 23.009051228262408 22.585341751664977
773.5208333333334 23.010079155200444 22.585453522262497
774.0208333333333 23.011107222423167 22.58556359502318
774.5208333333334 23.012129775895747 22.58567888469946
775.0208333333334 23.013165449794855 22.58579993261226
775.5208333333333 23.014199850286108 22.585914339598318
776.0208333333334 23.01523176160871 22.5860365467366
776.5208333333334 23.016263132410373 22.5861577637935
777.0208333333333 23.01730493540415 22.58627846646796
777.5208333333334 23.018338526268213 22.586402402092123
778.0208333333334 23.019388653142872 22.58652619530762
778.5208333333333 23.020431481300125 22.586646246717407
779.0208333333334 23.021465200330162 22.586780258476526
779.5208333333334 23.02251435693741 22.586910396432582
780.0208333333333 23.023561526975133 22.587038212846235
780.5208333333334 23.024611598289848 22.587172316516224
781.0208333333334 23.025659857267996 22.58731271797234
781.5208333333333 23.02671469129328 22.587448023083038
782.0208333333334 23.02777272910918 22.587579964986183
782.5208333333334 23.028817838090525 22.587725591918016
783.0208333333333 23.02989175604795 22.587865653941943
783.5208333333334 23.03095079599158 22.58801456747467
784.0208333333334 23.032002125833266 22.588152945376333
784.5208333333333 23.03306442823772 22.588301182430776
785.0208333333334 23.034127436330483 22.5884514958196
785.5208333333334 23.03519125231422 22.588587151400898
786.0208333333333 23.036256123627716 22.588745599961438
786.5208333333334 23.03732610304159 22.588894217149132
787.0208333333334 23.03840848442028 22.589051913178537
787.5208333333333 23.03947405160462 22.58920839051436
788.0208333333334 23.04054156060768 22.589364228973544
788.5208333333334 23.041617806279945 22.58952233519728
789.0208333333333 23.0426906426008 22.589679845160376
789.5208333333334 23.043770277870735 22.589835432024902
790.0208333333334 23.04484887297353 22.590005826737737
790.5208333333333 23.045937513568816 22.590171983772585
791.0208333333334 23.047015187994674 22.590338914137845
791.5208333333334 23.04808912762152 22.59048985647095
792.0208333333333 23.049175534860602 22.590665701860154
792.5208333333334 23.050259172801496 22.590834788578718
793.0208333333334 23.051359775561554 22.591005189872256
793.5208333333333 23.05244200271796 22.591181509178
794.0208333333334 23.05353764617815 22.59135263910853
794.5208333333334 23.05463607830616 22.591533414407017
795.0208333333333 23.055741250036256 22.591709291542546
795.5208333333334 23.056832571703314 22.59188382537904
796.0208333333334 23.05793381810574 22.592069289491604
796.5208333333333 23.05904764758275 22.592246418489363
797.0208333333334 23.060147715699216 22.592428133245065
797.5208333333334 23.061257603341634 22.59261159311319
798.0208333333333 23.062373379642423 22.59280075348251
798.5208333333334 23.063485194989035 22.592986751240694
799.0208333333334 23.064613875099678 22.593168306059823
799.5208333333333 23.0657349440892 22.593362696594504
800.0208333333334 23.066856815826007 22.59355971998717
800.5208333333334 23.067980411266067 22.593751419626848
801.0208333333333 23.069101280833728 22.59394197389738
801.5208333333334 23.070244913166874 22.59413591132631
802.0208333333334 23.07136263135201 22.59433744941746
802.5208333333333 23.07249071411711 22.594542813948514
803.0208333333334 23.073634073749254 22.59473823897178
803.5208333333334 23.074766967485942 22.59494242563147
804.0208333333333 23.075898761593212 22.595141627323606
804.5208333333334 23.077044954153834 22.595349545784586
805.0208333333334 23.07817967751373 22.595562397906082
805.5208333333333 23.07932595139663 22.59576718128177
806.0208333333334 23.080471387674383 22.595977875712915
806.5208333333334 23.081613830534682 22.596188605165448
807.0208333333333 23.082759635607975 22.59639946540254
807.5208333333334 23.083914265487394 22.59662987402428
808.0208333333334 23.08506636181388 22.596842731220207
808.5208333333333 23.086215908673225 22.597058172554544
809.0208333333334 23.087361275437615 22.597277080581094
809.5208333333334 23.08852386295284 22.59749678645595
810.0208333333333 23.089674145519115 22.597728997135455
810.5208333333334 23.090837063301976 22.597952298346677
811.0208333333334 23.091995698848873 22.598177598646963
811.5208333333333 23.09315157673486 22.598412220107377
812.0208333333334 23.09431315355441 22.598636960248744
812.5208333333334 23.09548159156803 22.598874041633565
813.0208333333333 23.096637677070287 22.599098549750025
813.5208333333334 23.09779972644167 22.59933428329866
814.0208333333334 23.09895725586029 22.59957779277467
814.5208333333333 23.100128336098575 22.599822841270747
815.0208333333334 23.101294824664535 22.600058592162146
815.5208333333334 23.102465590518584 22.60029451289657
816.0208333333333 23.103638583856572 22.600551321301054
816.5208333333334 23.104795832214666 22.600802720958313
817.0208333333334 23.105967002703217 22.601045643006366
817.5208333333333 23.10714071853193 22.601295544420687
818.0208333333334 23.10830951805643 22.601541935850328
818.5208333333334 23.1094740997247 22.601808122082254
819.0208333333333 23.11065506970591 22.602058871205664
819.5208333333334 23.11182131420807 22.602313015696865
820.0208333333334 23.112993976067514 22.60257721406546
820.5208333333333 23.114173877221727 22.602845398223277
821.0208333333334 23.115336767227667 22.603111399276386
821.5208333333334 23.11650980019578 22.603368163869398
822.0208333333333 23.117679102695657 22.60363494191676
822.5208333333334 23.118858735336076 22.60391125642965
823.0208333333334 23.12002951410776 22.604182051570017
823.5208333333333 23.121197777462868 22.604458583192173
824.0208333333334 23.122372418438143 22.6047306606481
824.5208333333334 23.12354156815519 22.60500888196646
825.0208333333333 23.12471696619534 22.605292007564177
825.5208333333334 23.12588660395759 22.605573965967743
826.0208333333334 23.127066548411015 22.605866239152704
826.5208333333333 23.128243892451913 22.60614874121692
827.0208333333334 23.129414050033294 22.606422552663297
827.5208333333334 23.130594138726075 22.606717993277567
828.0208333333333 23.131775452131308 22.60701233273792
828.5208333333334 23.132958915681236 22.607308225495753
829.0208333333334 23.134133896840815 22.607598706890315
829.5208333333333 23.135314529856757 22.607898665303082
830.0208333333334 23.136496849439506 22.608200890745593
830.5208333333334 23.137687923637106 22.608503802768052
831.0208333333333 23.138868008094505 22.608805224925277
831.5208333333334 23.140048449183812 22.609106686787996
832.0208333333334 23.14123731724397 22.60940927700163
832.5208333333333 23.142432912275268 22.60971806400827
833.0208333333334 23.14361858221291 22.61002597380918
833.5208333333334 23.144806406065797 22.61035068844351
834.0208333333333 23.14599735439049 22.610657739424866
834.5208333333334 23.147190837251493 22.61097623630438
835.0208333333334 23.148374895561457 22.611294857010243
835.5208333333333 23.149572408932606 22.611610261548265
836.0208333333334 23.150769702685068 22.61193098200428
836.5208333333334 23.15196531997463 22.612256715380838
837.0208333333333 23.153158637132343 22.6125868644791
837.5208333333334 23.154363112861354 22.61290812924969
838.0208333333334 23.155561952722785 22.613243345377903
838.5208333333333 23.156750733256466 22.613573396771415
839.0208333333334 23.157957834533956 22.613900678993055
839.5208333333334 23.159157535795597 22.614241224736233
840.0208333333333 23.160358171122706 22.614576387397033
840.5208333333334 23.16156541578678 22.614912182001895
841.0208333333334 23.16276866902212 22.615253037310143
841.5208333333333 23.16397115828385 22.61560479110492
842.0208333333334 23.16517286511676 22.615945169474635
842.5208333333334 23.16637987068905 22.616289522181717
843.0208333333333 23.16758267716919 22.61663261083823
843.5208333333334 23.168796144575907 22.616989336130327
844.0208333333334 23.170007197577753 22.61733495293507
844.5208333333333 23.171194378897503 22.617686716062305
845.0208333333334 23.17242337654659 22.618048702843105
845.5208333333334 23.173634054556654 22.618400905785847
846.0208333333333 23.174841813965877 22.618754622618056
846.5208333333334 23.176045691020654 22.61911962423958
847.0208333333334 23.17726867095731 22.61948078606767
847.5208333333333 23.178482495361436 22.619845527196397
848.0208333333334 23.179688545095544 22.620211481532774
848.5208333333334 23.180903714788784 22.620576853860893
849.0208333333333 23.182114784249038 22.620946137309645
849.5208333333334 23.18334316958274 22.621320926411105
850.0208333333334 23.184551496548135 22.621695345780722
850.5208333333333 23.18576555605429 22.622066267425094
851.0208333333334 23.1869734631073 22.622441266145618
851.5208333333334 23.188208543296 22.62282025813391
852.0208333333333 23.189427729604436 22.623203615778632
852.5208333333334 23.190648020036214 22.623579087325993
853.0208333333334 23.19184987666599 22.62396744608592
853.5208333333333 23.19307729373731 22.624350160389724
854.0208333333334 23.194304629835965 22.624735888707164
854.5208333333334 23.19552256978673 22.62512479979359
855.0208333333333 23.196740377646034 22.625512689392494
855.5208333333334 23.197962977724075 22.625907919538143
856.0208333333334 23.19918495161207 22.626304341017246
856.5208333333333 23.20041037906678 22.62669735055104
857.0208333333334 23.201634824280248 22.627100245899513
857.5208333333334 23.202860821080886 22.6274958030722
858.0208333333333 23.20408130090243 22.627899185593275
858.5208333333334 23.205301102834323 22.62829891131441
859.0208333333334 23.206525465988314 22.628702845373354
859.5208333333333 23.207746537315735 22.629111227878234
860.0208333333334 23.20899780032173 22.629522328798473
860.5208333333334 23.21021555887771 22.629931384087936
861.0208333333333 23.211428495121215 22.630343258021462
861.5208333333334 23.21266642553639 22.63075477154683
862.0208333333334 23.213898872689356 22.63117732849512
862.5208333333333 23.215123896704352 22.631595473079283
863.0208333333334 23.2163557164619 22.632016295552397
863.5208333333334 23.217594861235938 22.632437900642245
864.0208333333333 23.218827439215136 22.632867870177087
864.5208333333334 23.220043578045324 22.633293133093662
865.0208333333334 23.221285028181104 22.63371293346564
865.5208333333333 23.222519266614874 22.634146829820082
866.0208333333334 23.22375290655237 22.634582636573217
866.5208333333334 23.224991866755143 22.63501610287063
867.0208333333333 23.226221974721675 22.635449929753875
867.5208333333334 23.227464854520882 22.635884608177335
868.0208333333334 23.228708220398598 22.636330251384223
868.5208333333333 23.2299407704148 22.636772894331074
869.0208333333334 23.2311763377113 22.63721763900268
869.5208333333334 23.23241663383164 22.63767207738265
870.0208333333333 23.23365715758054 22.63810794634747
870.5208333333334 23.234901926662733 22.638560188597143
871.0208333333334 23.236143725847974 22.639016508780724
871.5208333333333 23.23737844524762 22.63945869320784
872.0208333333334 23.238621489839293 22.63991431388055
872.5208333333334 23.23986207697275 22.640373637682924
873.0208333333333 23.241115182346917 22.6408353559497
873.5208333333334 23.24235477690126 22.641300916132252
874.0208333333334 23.243597337438562 22.64175317716704
874.5208333333333 23.24485463248932 22.642223600455267
875.0208333333334 23.24610066822096 22.64268867180808
875.5208333333334 23.247339697325778 22.643155363544167
876.0208333333333 23.248597390467086 22.64363026617262
876.5208333333334 23.249844679828286 22.64409715181408
877.0208333333334 23.2511023898288 22.644570110048996
877.5208333333333 23.252337463977234 22.645041482282195
878.0208333333334 23.253604253402443 22.64552018255982
878.5208333333334 23.254847469985492 22.64600471834665
879.0208333333333 23.25611085672055 22.646480156373954
879.5208333333334 23.257355388509172 22.646956915700546
880.0208333333334 23.25861604192578 22.64744345704804
880.5208333333333 23.259875159305537 22.647930319592895
881.0208333333334 23.26113141115231 22.648421302311114
881.5208333333334 23.26238652468749 22.648903501627288
882.0208333333333 23.26364672942551 22.64940492083477
882.5208333333334 23.26490985151696 22.649891675532892
883.0208333333334 23.266164696879358 22.650384302418168
883.5208333333333 23.267423580901042 22.650877615806554
884.0208333333334 23.268683734136822 22.651379391495603
884.5208333333334 23.269956944829524 22.651877344434435
885.0208333333333 23.271219598025073 22.652378746806512
885.5208333333334 23.27247149963842 22.652884913253892
886.0208333333334 23.273747823705747 22.653382163585512
886.5208333333333 23.275002696123046 22.653889972380533
887.0208333333334 23.27627915806476 22.654401631775336
887.5208333333334 23.27754228988084 22.65491917748266
888.0208333333333 23.278821133011697 22.655421995024817
888.5208333333334 23.280087476923384 22.655936325960447
889.0208333333334 23.28135196779977 22.65646552068589
889.5208333333333 23.282620413072152 22.656964893593475
890.0208333333334 23.283894760264083 22.657490407900966
890.5208333333334 23.285175004873434 22.65800576902649
891.0208333333333 23.286446945212703 22.65852059496817
891.5208333333334 23.28772222506609 22.659055226219216
892.0208333333334 23.28899369770159 22.659575914380095
892.5208333333333 23.290272194754074 22.66010493727041
893.0208333333334 23.29154454278129 22.66063482593443
893.5208333333334 23.292824311972865 22.661168711472147
894.0208333333333 23.294109573186454 22.661699026805668
894.5208333333334 23.29539396923802 22.662229907788078
