FastTrWP/PhaseSpace/IAs/snIa_0.57_30.00_-0.37_-0.13.csv
# %ECSV 0.9
# ---
# datatype:
# - {name: time-rel, datatype: float64}
# - {name: g, datatype: float64}
# - {name: i, datatype: float64}
# schema: astropy-2.0
time-rel g i
[from data line 286]
285.1458333333333 24.49042868149536 23.665879064688085
285.6458333333333 24.4852621577842 23.662292805568327
286.1458333333333 24.480099964477283 23.658720690922554
286.6458333333333 24.474949671987495 23.6551463586234
287.1458333333333 24.469817733769048 23.651584099332172
287.6458333333333 24.464699015299733 23.64802722401285
288.1458333333333 24.45958668365646 23.644467467168496
288.6458333333333 24.454494908916335 23.640930775088428
289.1458333333333 24.449398217340477 23.63740900448633
289.6458333333333 24.44431619553781 23.633877976871176
290.1458333333333 24.439255533988863 23.630359575357375
290.6458333333333 24.434185499295666 23.62684572485298
291.1458333333333 24.42913390959662 23.623346662123197
291.6458333333333 24.42410845072313 23.619836109895754
292.1458333333333 24.419079245712943 23.616356165552304
292.6458333333333 24.41408170401727 23.612880403116886
293.1458333333333 24.40906238446629 23.6093987165019
293.6458333333333 24.404075140439218 23.605938009511405
294.1458333333333 24.3990831838654 23.602478127102522
294.6458333333333 24.394130884390925 23.599025378585793
295.1458333333333 24.389157368186552 23.595576622455138
295.6458333333333 24.384181904468992 23.592141958720934
296.1458333333333 24.37926093212524 23.58869815867387
296.6458333333333 24.374336690528224 23.58528180177317
297.1458333333333 24.36942678612632 23.58186697424489
297.6458333333333 24.364479373729555 23.578445248107975
298.1458333333333 24.359585841572503 23.57503905148693
298.6458333333333 24.354704882001933 23.57163945560839
299.1458333333333 24.34982393839459 23.568240554858072
299.6458333333333 24.344954811419704 23.56485347872727
300.1458333333333 24.340086749196814 23.561485269932202
300.6458333333333 24.335239182352872 23.5581008005104
301.1458333333333 24.330397263906956 23.554739413604008
301.6458333333333 24.32555486683262 23.55136724439109
302.1458333333333 24.32072758491666 23.548009920506363
302.6458333333333 24.315917543793848 23.544661561640403
303.1458333333333 24.31109855909891 23.54131383985967
303.6458333333333 24.306325272839718 23.5379703517335
304.1458333333333 24.301519842186096 23.534635518506054
304.6458333333333 24.296738574994876 23.53131254540748
305.1458333333333 24.291976452886534 23.527997560012803
305.6458333333333 24.287217561306367 23.524684611179985
306.1458333333333 24.28247627495425 23.521373848728416
306.6458333333333 24.277719677302315 23.518063781929605
307.1458333333333 24.272996890684485 23.514768354990775
307.6458333333333 24.26826608080152 23.51148463815744
308.1458333333333 24.263533886862465 23.50819207049025
308.6458333333333 24.25884014674024 23.50490932122943
309.1458333333333 24.254125850297736 23.50163040776602
309.6458333333333 24.249439683109813 23.498354941343557
310.1458333333333 24.24476341653701 23.49509326788069
310.6458333333333 24.240081662602513 23.49183128040221
311.1458333333333 24.235418831443152 23.48857200641506
311.6458333333333 24.230751725740976 23.48532560198416
312.1458333333333 24.226112393919983 23.48208125192857
312.6458333333333 24.221477551566668 23.478845319888663
313.1458333333333 24.216835565782926 23.475605223205108
313.6458333333333 24.21221705154924 23.472380707128316
314.1458333333333 24.207603134125236 23.469164328998854
314.6458333333333 24.202991370154034 23.46593778232222
315.1458333333333 24.198384517968226 23.462730220779253
315.6458333333333 24.193779770731766 23.459518201777065
316.1458333333333 24.1892029521969 23.45630761569297
316.6458333333333 24.184623969163418 23.45311040225576
317.1458333333333 24.180052153679448 23.449928064494753
317.6458333333333 24.17549117688916 23.446715172159056
318.1458333333333 24.170936253228803 23.443527814906766
318.6458333333333 24.16637592780539 23.440360516780395
319.1458333333333 24.161864894246502 23.43717228817365
319.6458333333333 24.15732471063547 23.434006394448083
320.1458333333333 24.152802187325214 23.43084097879872
320.6458333333333 24.14827696589775 23.427682848843325
321.1458333333333 24.143766862413464 23.424524476026882
321.6458333333333 24.139276620596824 23.42136733291369
322.1458333333333 24.134793339625563 23.41822564522846
322.6458333333333 24.130296410275438 23.415079632903154
323.1458333333333 24.125830414186602 23.41194635474097
323.6458333333333 24.121366227910244 23.408823243311836
324.1458333333333 24.11689954691427 23.40569743924565
324.6458333333333 24.112449119770993 23.40257327243265
325.1458333333333 24.108006551508062 23.399465654771134
325.6458333333333 24.103582449959884 23.396350998590076
326.1458333333333 24.099160800729457 23.393253672445276
326.6458333333333 24.094743081321482 23.390159862923788
327.1458333333333 24.090334763956722 23.38706344063125
327.6458333333333 24.08592983641251 23.383966985332037
328.1458333333333 24.081546800728084 23.38088330075083
328.6458333333333 24.077138355465756 23.37780605277964
329.1458333333333 24.07277802398264 23.37474548795015
329.6458333333333 24.068408326719833 23.37166748680265
330.1458333333333 24.06404864096508 23.36861041182543
330.6458333333333 24.059704231493505 23.365555734883678
331.1458333333333 24.055342576005273 23.3624888807158
331.6458333333333 24.05101519263333 23.359439512747045
332.1458333333333 24.046674598910283 23.356401589724417
332.6458333333333 24.042366265903112 23.353357462803178
333.1458333333333 24.038033655209304 23.350325258743467
333.6458333333333 24.033735202560564 23.347288610418722
334.1458333333333 24.029437283245855 23.344271018298535
334.6458333333333 24.025136919120346 23.34124244947652
335.1458333333333 24.020851695374546 23.338239102915708
335.6458333333333 24.01658732570653 23.33522027234657
336.1458333333333 24.012313994999936 23.33221299414156
336.6458333333333 24.00804016113853 23.32921226176953
337.1458333333333 24.003782856831943 23.326221161979213
337.6458333333333 23.999536987838916 23.323219974702315
338.1458333333333 23.99529958165198 23.32023045555651
338.6458333333333 23.991066452166557 23.317235034172082
339.1458333333333 23.98683036710366 23.314262337769453
339.6458333333333 23.982615982851602 23.311277362273714
340.1458333333333 23.97840776340431 23.308304316010982
340.6458333333333 23.97418853512855 23.305337635564104
341.1458333333333 23.969999372450847 23.302374657885284
341.6458333333333 23.965799066944093 23.299410821420476
342.1458333333333 23.96160993419949 23.296453328421663
342.6458333333333 23.957438785599475 23.293503457482668
343.1458333333333 23.953270113657354 23.290546223151697
343.6458333333333 23.949110560013025 23.28760308339817
344.1458333333333 23.944938449697204 23.284672704114037
344.6458333333333 23.94078486558227 23.281741991076437
345.1458333333333 23.936651870488824 23.278796394548948
345.6458333333333 23.932506529144725 23.27587143343773
346.1458333333333 23.92837664666629 23.27294519835155
346.6458333333333 23.924261579950237 23.270022556888744
347.1458333333333 23.920121506166737 23.267106976104742
347.6458333333333 23.916023271406655 23.26420281078174
348.1458333333333 23.911919910523785 23.261288678009283
348.6458333333333 23.907818150589733 23.258375712547455
349.1458333333333 23.903715259749767 23.25548247469461
349.6458333333333 23.89963059419712 23.252583711724405
350.1458333333333 23.895561488999032 23.249686832209754
350.6458333333333 23.891488524298353 23.246796727547824
351.1458333333333 23.88742143109355 23.24390139288781
351.6458333333333 23.883344538880106 23.24102863856531
352.1458333333333 23.879309260412658 23.238145056673588
352.6458333333333 23.875251834628685 23.235274768082586
353.1458333333333 23.87121187191385 23.232394774979532
353.6458333333333 23.86716699927495 23.22953355176775
354.1458333333333 23.86314586755336 23.2266578757833
354.6458333333333 23.859130956996975 23.223789554832884
355.1458333333333 23.85510703899618 23.220942108849858
355.6458333333333 23.85109587239114 23.21807865821579
356.1458333333333 23.847095499309205 23.215233322099134
356.6458333333333 23.843086222626198 23.21238460999332
357.1458333333333 23.839095507724785 23.209537160687532
357.6458333333333 23.835109981200514 23.206692191851808
358.1458333333333 23.831122710474368 23.203850477204895
358.6458333333333 23.827125193279816 23.201012005261017
359.1458333333333 23.823121161559445 23.198166214990238
359.6458333333333 23.819099612093247 23.19531758442116
360.1458333333333 23.815078338075235 23.192473768626375
360.6458333333333 23.8110760075492 23.1896209456114
361.1458333333333 23.807047295794156 23.186788416819475
361.64583333333326 23.803008396632947 23.183936293683715
362.1458333333333 23.7989849107141 23.181086521086907
362.6458333333333 23.794952728557647 23.178243304096643
363.14583333333326 23.790908352073927 23.17540812253649
363.6458333333333 23.786876020618383 23.172569601832457
364.1458333333333 23.78285344484769 23.169715291221614
364.64583333333326 23.778808256715905 23.16687718694508
365.1458333333333 23.774777008642275 23.16405517675713
365.6458333333333 23.770749055536573 23.161204492738392
366.14583333333326 23.766714080155893 23.158371344161516
366.6458333333333 23.76269412452931 23.155544301788705
367.1458333333333 23.758678551859504 23.15271263030907
367.64583333333326 23.75465311028379 23.14989116788815
368.1458333333333 23.75065015270613 23.147068219496862
368.6458333333333 23.746627608080082 23.144252372863633
369.14583333333326 23.742639618756066 23.141430016447543
369.6458333333333 23.73863975283893 23.13860837076199
370.1458333333333 23.734648302863512 23.135804418348695
370.64583333333326 23.73065722632729 23.133000544134962
371.1458333333333 23.72669826034624 23.130195587952322
371.6458333333333 23.722723864684614 23.127396069815784
372.14583333333326 23.718751908685185 23.124604533357886
372.6458333333333 23.714804992558868 23.121804636937267
373.1458333333333 23.71087413881228 23.119035514850307
373.64583333333326 23.70693306980227 23.116242863262514
374.1458333333333 23.703019016827586 23.113478405523303
374.6458333333333 23.699115969422245 23.11071207231548
375.14583333333326 23.695211368743646 23.107936123425045
375.6458333333333 23.691331014512752 23.105184187883996
376.1458333333333 23.687443831916486 23.102429278637477
376.64583333333326 23.683587342617006 23.09967983482357
377.1458333333333 23.679746369957417 23.0969421967987
377.6458333333333 23.675917698473672 23.09421136281557
378.14583333333326 23.67209519726158 23.09148479344303
378.6458333333333 23.668269590136394 23.088758573168406
379.1458333333333 23.664494005350107 23.08603648893071
379.64583333333326 23.660716742897684 23.08332615609374
380.1458333333333 23.656947238827996 23.080626157364353
380.6458333333333 23.653206747827408 23.077927356983125
381.14583333333326 23.649478823697304 23.075244856930258
381.6458333333333 23.645765160519012 23.072563114544344
382.1458333333333 23.64206411225602 23.06988459751645
382.64583333333326 23.63839276339739 23.06722314746696
383.1458333333333 23.634716508009888 23.064571991103143
383.6458333333333 23.631074320272663 23.061915952171184
384.14583333333326 23.627457941015223 23.05927553594725
384.6458333333333 23.62384151150719 23.05663339183646
385.1458333333333 23.62025173995132 23.05401550122707
385.64583333333326 23.616687606155743 23.051392178201024
386.1458333333333 23.61313574715584 23.048792194014936
386.6458333333333 23.609605755826365 23.04617913982861
387.14583333333326 23.60610371436932 23.043596769176435
387.6458333333333 23.602611614202043 23.04101654473197
388.1458333333333 23.599140712343235 23.038433288227882
388.64583333333326 23.595686506719172 23.03587159082443
389.1458333333333 23.592257330702502 23.033321263406986
389.6458333333333 23.58885769498313 23.03077142819665
390.14583333333326 23.585473914545357 23.02823002433432
390.6458333333333 23.582115313735855 23.025709976463876
391.1458333333333 23.5787807498826 23.023186610473093
391.64583333333326 23.575467501234453 23.02067792632053
392.1458333333333 23.572170731167695 23.018183416696477
392.6458333333333 23.56890145234128 23.01569452967381
393.14583333333326 23.56565090844174 23.013208359274373
393.6458333333333 23.5624305130902 23.010754269537678
394.1458333333333 23.55922909370755 23.008295751507518
394.64583333333326 23.556065086675567 23.005849108308965
395.1458333333333 23.552918140312684 23.00342024496446
395.6458333333333 23.549771418934434 23.000991849619922
396.14583333333326 23.546654827872295 22.99856725831573
396.6458333333333 23.543533782284456 22.996142673590867
397.1458333333333 23.54044021898826 22.993737317585953
397.64583333333326 23.537329933607264 22.991320431123675
398.1458333333333 23.534244688534805 22.98892015002828
398.6458333333333 23.53116808686753 22.9865306644837
399.14583333333326 23.528097276965646 22.984120546766682
399.6458333333333 23.52503729357414 22.98173761273055
400.1458333333333 23.521984591839473 22.97935751968224
400.64583333333326 23.518937973954145 22.976970889377494
401.1458333333333 23.515903331803244 22.974594935029998
401.6458333333333 23.51288449824502 22.972220187283053
402.14583333333326 23.509867857963 22.96986879891883
402.6458333333333 23.506877038249602 22.967505128291386
403.1458333333333 23.503865518295733 22.96515828061345
403.64583333333326 23.500887847449825 22.962798330603263
404.1458333333333 23.497932504589784 22.960455054619953
404.6458333333333 23.49495888035477 22.9581179545605
405.14583333333326 23.4920189324166 22.95579188811921
405.6458333333333 23.489066536404785 22.953460992150653
406.1458333333333 23.486143063710987 22.951148840588893
406.64583333333326 23.483227707172126 22.94882930714529
407.1458333333333 23.480330079669265 22.946519406121503
407.6458333333333 23.477442601967745 22.944214759561735
408.14583333333326 23.474552691039897 22.94191689554511
408.6458333333333 23.471694677966934 22.93962432805094
409.1458333333333 23.468840230261698 22.93734284332356
409.64583333333326 23.465992012007323 22.935071278876755
410.1458333333333 23.46316097721949 22.932790379569106
410.6458333333333 23.460342022078855 22.930525725509145
411.14583333333326 23.45753078633493 22.928261408840708
411.6458333333333 23.454741920136826 22.926008924834598
412.1458333333333 23.451967861025235 22.923756817443063
412.64583333333326 23.449209350141142 22.921512302522366
413.1458333333333 23.44645893615834 22.9192811251386
413.6458333333333 23.44371496964106 22.917054975901173
414.14583333333326 23.440998533909386 22.91483481138655
414.6458333333333 23.438281170601943 22.912614300821534
415.1458333333333 23.435582450028708 22.910413891087195
415.64583333333326 23.432906633965345 22.908207774989652
416.1458333333333 23.430225135736542 22.906001170062197
416.6458333333333 23.42758123636372 22.90382339163049
417.14583333333326 23.424940848843793 22.901633274840812
417.6458333333333 23.422316631190483 22.89946771501964
418.1458333333333 23.41970741199355 22.897296766229918
418.64583333333326 23.417108413611256 22.895129044128325
419.1458333333333 23.414534361170645 22.89297728324862
419.6458333333333 23.411962315982908 22.890823994947866
420.14583333333326 23.409414777206237 22.888687055744658
420.6458333333333 23.406883167244953 22.886560779492182
421.1458333333333 23.40436290641325 22.884440696051612
421.64583333333326 23.401860097335923 22.882312882039862
422.1458333333333 23.399359899409703 22.880201396092588
422.6458333333333 23.396888576567136 22.87810085323978
423.14583333333326 23.39444100092728 22.87600981455998
423.6458333333333 23.391983863182286 22.873919325003907
424.1458333333333 23.38957178760166 22.871841201823173
424.64583333333326 23.38716318148023 22.86976459842799
425.1458333333333 23.384772093913956 22.867698800380012
425.6458333333333 23.382395748866884 22.86563505652552
426.14583333333326 23.380030866657165 22.86359039274004
426.6458333333333 23.377694997911558 22.86154790748489
427.1458333333333 23.375361395372916 22.859502072544736
427.64583333333326 23.37305337654765 22.85748491410322
428.1458333333333 23.37076172676367 22.85546057104524
428.6458333333333 23.3684787484712 22.853445288572964
