FastTrWP/PhaseSpace/IAs/snIa_0.39_30.00_0.24_0.07.csv
# %ECSV 0.9
# ---
# datatype:
# - {name: time-rel, datatype: float64}
# - {name: g, datatype: float64}
# - {name: i, datatype: float64}
# schema: astropy-2.0
time-rel g i
[from data line 361]
-238.0 23.925040755709496 23.278798142110094
-237.5 23.921312098074843 23.275705298777275
-237.00000000000006 23.917605449170672 23.2726375179432
-236.5 23.913896706475125 23.269558862759506
-236.0 23.910203055546617 23.266495087265486
-235.50000000000006 23.90649890369322 23.2634485772887
-235.0 23.902803328209426 23.26038398796318
-234.5 23.899141180257274 23.257345472516583
-234.00000000000006 23.895465087032726 23.25429954411023
-233.5 23.8917971127806 23.251264946630865
-233.0 23.88813562021127 23.24823370983411
-232.50000000000006 23.88449660077255 23.24520239387236
-232.0 23.880855750035877 23.242186096020752
-231.5 23.877222896742293 23.23916334692107
-231.00000000000006 23.873593052745946 23.236147871115683
-230.5 23.869970345177727 23.233154997813852
-230.0 23.866360866096205 23.230156127518626
-229.50000000000006 23.862767383023964 23.227157902426697
-229.0 23.85916871845694 23.224169877363394
-228.5 23.855576007069498 23.221183205804895
-228.00000000000006 23.851990876134018 23.21819739821242
-227.5 23.848423546202643 23.215227347320237
-227.0 23.844858270714443 23.212250328633765
-226.50000000000006 23.841285900345483 23.209292301653036
-226.0 23.837737365400006 23.20633276403686
-225.5 23.834188293111367 23.20337261134466
-225.00000000000006 23.830646435267045 23.200428402132598
-224.5 23.82711353081889 23.197484258499635
-224.0 23.823576865606938 23.194536949812196
-223.50000000000006 23.8200589001185 23.191603351451757
-223.0 23.816547484954263 23.18867869105544
-222.5 23.81303018395498 23.185737536401646
-222.00000000000006 23.809531098439905 23.18282435357329
-221.5 23.80603857956283 23.179906299556365
-221.0 23.8025409243123 23.176995058587607
-220.50000000000006 23.799068941531708 23.174080308523934
-220.0 23.795581718086517 23.171178183308957
-219.5 23.792119578977786 23.168273767479647
-219.00000000000006 23.788646843746534 23.165375307244254
-218.5 23.7851959442567 23.162480407335924
-218.0 23.78174348206303 23.159591781210636
-217.50000000000006 23.778293764185886 23.156704438619826
-217.0 23.774862905495873 23.153832875499177
-216.5 23.771424371462288 23.150960974204825
-216.00000000000006 23.767989815690353 23.148086230191648
-215.5 23.764561529875778 23.14522172167111
-215.0 23.76115610607914 23.142361469850478
-214.50000000000006 23.757739531075735 23.13949394596274
-214.0 23.754351234485295 23.13664273299894
-213.5 23.75093789913341 23.133788848425397
-213.00000000000006 23.747539055385975 23.130944946306165
-212.5 23.74415921079217 23.12809795769326
-212.0 23.74077412899978 23.125258925880363
-211.50000000000006 23.7373915663445 23.122419702930085
-211.0 23.734015237336173 23.119590754970044
-210.5 23.730663306227715 23.11676198510341
-210.00000000000006 23.727274961711498 23.113933789338567
-209.5 23.723938173913112 23.111121123513684
-209.0 23.72058971728206 23.108303135464055
-208.50000000000006 23.717243369448482 23.105485639580134
-208.0 23.71389743549928 23.1026726293665
-207.5 23.710533301260757 23.099855438148317
-207.00000000000006 23.70717179211387 23.097038435034136
-206.5 23.70382101674479 23.09421602213931
-206.0 23.700465558324268 23.09139959513756
-205.50000000000006 23.69709121386733 23.088590810118426
-205.0 23.69374491217709 23.08576856418459
-204.5 23.690379018638428 23.082954214938923
-204.00000000000006 23.687026917763557 23.080150641956443
-203.5 23.68367163745987 23.07732520890697
-203.0 23.68030534434657 23.074508125767483
-202.50000000000006 23.676952883226598 23.07170852769304
-202.0 23.67359541151107 23.06889242655352
-201.5 23.670259817794097 23.066088051384945
-201.00000000000006 23.66689601006812 23.06329138708962
-200.5 23.663555791126974 23.060492959876285
-200.0 23.660220694565027 23.05769178195372
-199.50000000000006 23.656878436279744 23.054890768944997
-199.0 23.653555695505087 23.052109230705582
-198.5 23.650222849163775 23.04932009317013
-198.00000000000006 23.646904972012873 23.046533155404028
-197.5 23.643607977643768 23.043758676128586
-197.0 23.640284039529426 23.040979994566104
-196.50000000000006 23.636974504978156 23.03820775047717
-196.0 23.63368631998152 23.03544271077797
-195.5 23.630405781181857 23.032679212571697
-195.00000000000006 23.62711555842563 23.0299197457653
-194.5 23.62383750048413 23.02717422254956
-194.0 23.620578129259123 23.024422765819416
-193.50000000000006 23.61731902170404 23.021690577914416
-193.0 23.614070208340525 23.018962651597693
-192.5 23.610839899310676 23.016227298922498
-192.00000000000006 23.607603105751306 23.013509128463134
-191.5 23.60438759781409 23.010792934094233
-191.0 23.60118410517481 23.008085661656956
-190.50000000000006 23.59798162753698 23.005384193899737
-190.0 23.594808361350633 23.002686046425417
-189.5 23.591623348023553 22.999989756444286
-189.00000000000006 23.588444153059896 22.997319149054896
-188.5 23.585295954877704 22.99464929203594
-188.0 23.582159388096763 22.991989286882834
-187.50000000000006 23.57904234175724 22.989316737255507
-187.0 23.57591458245183 22.986663961005878
-186.5 23.57281760401186 22.984030032688352
-186.00000000000006 23.56971833111501 22.981395626315418
-185.5 23.566644734152263 22.97877006003119
-185.0 23.563585878610024 22.976147977734836
-184.50000000000006 23.560530973617205 22.973552504258436
-184.0 23.557491887653367 22.970953561415985
-183.5 23.554478157984153 22.968367156023977
-183.00000000000006 23.551468329189227 22.965783767160236
-182.5 23.548469869665965 22.963207441271173
-182.0 23.545503209004966 22.96065659919328
-181.50000000000006 23.542539718765223 22.958093040208453
-181.0 23.539596996643922 22.955565938749494
-180.5 23.53666113374652 22.95302839610261
-180.00000000000006 23.533763906887263 22.95050812317367
-179.5 23.530852933234154 22.94799694496518
-179.0 23.527969281123532 22.94549239177516
-178.50000000000006 23.525120938065065 22.943009933869313
-178.0 23.522269011179784 22.940529963751345
-177.5 23.51944633506971 22.93806010171455
-177.00000000000006 23.516625077627943 22.935601478445605
-176.5 23.51383583590819 22.933161873655123
-176.0 23.511068265141056 22.930731052768675
-175.50000000000006 23.50831143019247 22.928300905479855
-175.0 23.505556377053928 22.925886910709416
-174.5 23.502811912939055 22.92347159578126
-174.00000000000006 23.500077964825046 22.92106438249221
-173.5 23.497354641579214 22.918662689731562
-173.0 23.494628452101345 22.916261510108193
-172.50000000000006 23.491917203927258 22.91387218930458
-172.0 23.48921865023671 22.911480035507243
-171.5 23.486527803906686 22.909111695582673
-171.00000000000006 23.483832677805342 22.906726546607562
-170.5 23.481151731400153 22.904354778389195
-170.0 23.478476442716133 22.901999021621485
-169.50000000000006 23.475810715145396 22.89963135069502
-169.0 23.473161558117116 22.897286679667342
-168.5 23.47050824566946 22.894941589257222
-168.00000000000006 23.46787235525314 22.89259450861652
-167.5 23.46524710147606 22.890253523534533
-167.0 23.46261460548989 22.887931358270134
-166.50000000000006 23.46000550673623 22.88561310056837
-166.0 23.457402327938766 22.88328617402182
-165.5 23.454814391099944 22.880980702723225
-165.00000000000006 23.45223896013934 22.87867254493098
-164.5 23.449661115809395 22.876377684865325
-164.0 23.447094205796976 22.87408088635445
-163.50000000000006 23.44454974320435 22.87180239021112
-163.0 23.441997910039028 22.869518416982423
-162.5 23.43945425249755 22.86725473669918
-162.00000000000006 23.436936316122726 22.864990079318464
-161.5 23.434422695256643 22.862727706159646
-161.0 23.431911244249687 22.86047486523847
-160.50000000000006 23.429429887082488 22.858233190258368
-160.0 23.42694323423948 22.855989371588056
-159.5 23.42446381680208 22.853764749657046
-159.00000000000006 23.42200378323135 22.85154279545327
-158.5 23.419564707751416 22.84931423447373
-158.0 23.417118111882264 22.847120212720107
-157.50000000000006 23.41469089627025 22.844923888421253
-157.0 23.412283806685217 22.842726575843926
-156.5 23.409872419971506 22.840529103065947
-156.00000000000006 23.4074806387866 22.838357938946526
-155.5 23.405093087257534 22.83619178452912
-155.0 23.40273381340204 22.834026418806587
-154.50000000000006 23.400373418596573 22.831875328746296
-154.0 23.39803000169061 22.82972519019472
-153.5 23.39569193818067 22.82757862565344
-153.00000000000006 23.39336790488137 22.825451718969354
-152.5 23.391061382738883 22.823327240643557
-152.0 23.388761608220143 22.821217921127946
-151.50000000000006 23.386480619434742 22.819096487666943
-151.0 23.38420859755413 22.8170047109338
-150.5 23.3819616262112 22.81491431104621
-150.00000000000006 23.37970848184955 22.81283296573053
-149.5 23.37746486523619 22.81075638510842
-149.0 23.375256708814764 22.80868597851778
-148.50000000000006 23.373036282404694 22.80662414407269
-148.0 23.37084416470907 22.804578283673006
-147.5 23.36866605184015 22.802544162621547
-147.00000000000006 23.36649126661538 22.800502892379257
-146.5 23.36434227451113 22.798485458182036
-146.0 23.362198009741842 22.796464788941392
-145.50000000000006 23.360074572583265 22.794457552105712
-145.0 23.357946618056737 22.792463782481924
-144.5 23.355854380290605 22.790474006869623
-144.00000000000006 23.353765499277163 22.788486460737914
-143.5 23.351693384900475 22.78651127204478
-143.0 23.349637713757858 22.78456098301617
-142.50000000000006 23.347598876178708 22.782602551848463
-142.0 23.345561957283103 22.780659571599866
-141.5 23.34353188995095 22.778721927139493
-141.00000000000006 23.341526609570472 22.77678417604463
-140.5 23.339529126237654 22.774863831744522
-140.0 23.33754571853423 22.772949141322805
-139.50000000000006 23.335549308433535 22.771036191494485
-139.0 23.33359280707894 22.76913032898987
-138.5 23.331614343358503 22.76723058591214
-138.00000000000006 23.32966057678766 22.76535070271947
-137.5 23.327725133446133 22.76345151444108
-137.0 23.325797944818962 22.761573148301117
-136.50000000000006 23.323874158768163 22.759710864942875
-136.0 23.32195698248523 22.75784098203754
-135.5 23.3200501662939 22.755982325329896
-135.00000000000006 23.318158684976808 22.75413420548919
-134.5 23.316270569509445 22.752285767983842
-134.0 23.314392162451444 22.750438516719555
-133.50000000000006 23.312529944916914 22.748604590327957
-133.0 23.31067585165527 22.746776200976626
-132.5 23.308824987672917 22.744964829613675
-132.00000000000006 23.30699959013686 22.7431476607255
-131.5 23.30517264850538 22.74134415109068
-131.0 23.303353874196592 22.739542389618194
-130.50000000000006 23.301549875499035 22.73775219630189
-130.0 23.29974865048201 22.735964149912142
-129.5 23.297954632650686 22.734174468159274
-129.00000000000006 23.29618190969778 22.732404330810443
-128.5 23.294409254471105 22.730632568207973
-128.0 23.292652929621088 22.72887516321772
-127.50000000000006 23.29090887795132 22.72711970412708
-127.0 23.289170559187255 22.725367472071255
-126.5 23.28743675774009 22.723625053821934
-126.00000000000006 23.28571036281581 22.721889425062397
-125.5 23.283995111047673 22.720152662937828
-125.0 23.282312070867096 22.718430841501384
-124.50000000000006 23.28061442645685 22.71671195413088
-124.0 23.278929458238338 22.715001029767663
-123.5 23.277251204884408 22.713296306622972
-123.00000000000006 23.275590252937516 22.711594630551843
-122.5 23.273934814013998 22.709891043111867
-122.0 23.272282734908217 22.708213257815714
-121.50000000000006 23.270645299499275 22.706534930806352
-121.0 23.2690275561048 22.704853666462537
-120.5 23.26741381004027 22.703182224281182
-120.00000000000006 23.265792996143546 22.701528002030837
-119.5 23.264203746467484 22.69986885270867
-119.0 23.262621955080277 22.698213785187203
-118.50000000000006 23.2610408558884 22.696574025198437
-118.0 23.25946522227676 22.69493511354176
-117.5 23.257906408481123 22.693302063791183
-117.0 23.256361511400847 22.69167111675905
-116.5 23.254801319507195 22.690047282883143
-116.0 23.25326775456614 22.688442718194718
-115.5 23.25174920410497 22.68683657197503
-115.0 23.250231855867426 22.685228024887138
-114.5 23.248734573055195 22.683642872331077
-114.0 23.247233345696575 22.682048366046832
-113.5 23.24575414123956 22.680464831357536
-113.0 23.2442722208745 22.67888659800025
-112.5 23.242796673595404 22.677306794086398
-112.0 23.241349036656977 22.67574132065009
-111.5 23.239894676799793 22.674185079355812
-111.0 23.23845483991213 22.67263443039895
-110.5 23.237029519050843 22.671081144623347
-110.0 23.235603102151096 22.669539287328423
-109.5 23.23418548384838 22.668008831166325
-109.0 23.232793925105753 22.666484225369334
-108.5 23.23139699925583 22.66494419957148
-108.0 23.230009025261577 22.663428738671602
-107.5 23.228634472107878 22.66191700393154
-107.0 23.227266997619456 22.66040420489533
-106.5 23.225891492711188 22.65889856196504
-106.0 23.2245344158151 22.6574032776876
-105.5 23.223190740280838 22.655916855767924
-105.0 23.221844325062246 22.65441639520651
-104.5 23.220512592448564 22.652931278271677
-104.0 23.219193148414856 22.651459838374098
-103.5 23.217866741675092 22.64998475316068
-103.0 23.216559319443235 22.64851837153474
-102.5 23.21525932885607 22.647053572026348
-102.0 23.213967056575623 22.64559302673235
-101.5 23.21267953109032 22.644143425688554
-101.0 23.21140311504781 22.64269381282601
-100.5 23.210124829976394 22.641261885974835
-100.0 23.20887298437092 22.639822447719638
-99.5 23.207621007721283 22.63838852886463
-99.0 23.206364711007975 22.63695998976519
-98.5 23.205125511034336 22.635538537216107
-98.0 23.203902365511716 22.63412258912346
-97.5 23.202684750342804 22.6327079353846
-97.0 23.201464192891883 22.631307286078307
-96.5 23.200260035798546 22.629905274519395
-96.0 23.19905566069054 22.628509481076907
-95.5 23.197874187491735 22.627124279497494
-95.0 23.196692767386633 22.625741914035174
-94.5 23.195518917342728 22.62436119191503
-94.0 23.194350486427084 22.622989933058175
-93.5 23.193188603158575 22.62161139372536
-93.0 23.19203723528315 22.620251234234154
-92.5 23.190896991089296 22.61889463860467
-92.0 23.189757407487672 22.617548070571484
-91.5 23.188641084935103 22.616193732137454
-91.0 23.187521426446235 22.61485507909152
-90.5 23.186422409939716 22.613521517960145
-90.0 23.185315491613988 22.612182334362117
-89.5 23.184227677410796 22.610861538471294
-89.0 23.18313793920146 22.609532280512973
-88.5 23.182051735443405 22.608221611784032
-88.0 23.18098648058214 22.606902957395832
-87.5 23.17992120851448 22.605605959518336
-87.0 23.178879249993336 22.6042996180219
-86.5 23.177843212925392 22.603011275453802
-86.0 23.176808649529935 22.601718388883608
-85.5 23.17577273986458 22.600428903071833
-85.0 23.17475537919961 22.599150522551664
-84.5 23.1737473937895 22.597877235570305
-84.0 23.172747784621095 22.59661570763248
-83.5 23.171756577268944 22.595345607429323
-83.0 23.17076770156686 22.594086226218582
-82.5 23.169797141520817 22.59283420808254
-82.0 23.16882784630858 22.59159010439156
-81.5 23.167860170173515 22.59033983998059
-81.0 23.16691788310738 22.58910872622165
-80.5 23.16597711163213 22.587883510531775
-80.0 23.16503725130673 22.58664887026168
-79.5 23.16411529208111 22.58543318140046
-79.0 23.16319646390462 22.584204483255235
-78.5 23.16228993929959 22.58299353950868
-78.0 23.161379846129357 22.581799958928592
-77.5 23.16049556249134 22.580586651057967
-77.0 23.159621231579315 22.57939655501999
-76.5 23.15873566940697 22.57821330846223
-76.0 23.157874763252874 22.577020658185745
-75.5 23.15701901402505 22.575849971106198
-75.0 23.156172322283453 22.574675831913794
-74.5 23.15533859113108 22.57350219928759
-74.0 23.154505931356105 22.57233637826355
-73.5 23.15368264055285 22.571184772168472
-73.0 23.15286317773878 22.570026325229545
-72.5 23.152061805723186 22.568875986860068
-72.0 23.15125989987901 22.567736719324177
-71.5 23.150471088387576 22.56659583466709
-71.0 23.14969605835431 22.565471851703155
-70.5 23.148915382836847 22.564334458299257
-70.0 23.148156466287073 22.563217106312127
-69.5 23.14739521458958 22.56209349795337
