FastTrWP/PhaseSpace/IAs/snIa_0.33_30.00_-0.22_-0.03.csv
# %ECSV 0.9
# ---
# datatype:
# - {name: time-rel, datatype: float64}
# - {name: g, datatype: float64}
# - {name: i, datatype: float64}
# schema: astropy-2.0
time-rel g i
[from data line 1037]
722.875 22.893898982307963 22.53741866364727
723.375 22.894735524587286 22.537351048458763
723.875 22.895581994691515 22.53728908242217
724.375 22.89642175032593 22.537213626812896
724.875 22.89726215981228 22.53715946498971
725.375 22.898112384517727 22.537092374993616
725.875 22.898970225952713 22.537039929328593
726.375 22.89981355123328 22.53698011847358
726.875 22.900676148862434 22.53693330450776
727.375 22.90153736820999 22.53688255426517
727.875 22.90239550271769 22.53683672548435
728.375 22.90326517720082 22.536793406740607
728.875 22.9041330449853 22.536751387478837
729.375 22.904998884953663 22.536714636338736
729.875 22.90587178892539 22.536676921856504
730.375 22.906757149148333 22.536641645980026
730.875 22.907631022689465 22.53661032406273
731.375 22.90851689613136 22.536585200680932
731.875 22.90939826739963 22.536558909305235
732.375 22.910281775725654 22.53653171274387
732.875 22.911168647439283 22.53651377731156
733.375 22.9120684701372 22.536501924232716
733.875 22.912967391091357 22.53648168682463
734.375 22.913866150574755 22.536472885105606
734.875 22.914768210550378 22.536458602491003
735.375 22.915669529657947 22.536448445120747
735.875 22.916580178589673 22.53644037007719
736.375 22.917480150235203 22.536442125028064
736.875 22.918400715839415 22.53643261837308
737.375 22.919316588434228 22.53643503697124
737.875 22.920230508978324 22.536453538618595
738.375 22.92115342648313 22.53644936952242
738.875 22.922078215692782 22.536457697831707
739.375 22.923004122234715 22.536469081192973
739.875 22.923935335292377 22.536483803868283
740.375 22.924866548695007 22.53650000339342
740.875 22.925796399717612 22.53651991811177
741.3749999999999 22.92673646886092 22.536544107631073
741.875 22.927673551044805 22.53656260488498
742.375 22.928617472686916 22.53659284212857
742.8749999999999 22.92956277203117 22.536620818725375
743.375 22.93051434428868 22.536654180237953
743.875 22.93146542715649 22.53668292759346
744.3749999999999 22.932416276368528 22.536717958944855
744.875 22.933370013336564 22.536753793397164
745.375 22.934342985131885 22.536792097207382
745.8749999999999 22.93529106433182 22.536842807073207
746.375 22.936253847315946 22.53689244814323
746.875 22.93722341306488 22.536930925777167
747.3749999999999 22.938199121073474 22.536980592119708
747.875 22.939162237618632 22.537033562376145
748.375 22.940131328300737 22.53709492023033
748.8749999999999 22.94112120536567 22.53714427269078
749.375 22.942090943729248 22.53720745826127
749.875 22.94306863592383 22.537264962606336
750.3749999999999 22.94406366342936 22.537334570026914
750.875 22.94505274719617 22.53740646109264
751.375 22.94603473941281 22.537461066086042
751.8749999999999 22.94702147090119 22.537528233876827
752.375 22.948024787524943 22.53760733590901
752.875 22.94901603135497 22.537682254062727
753.3749999999999 22.95002130359716 22.537761514250207
753.875 22.95102245145841 22.537841012763387
754.375 22.95202898898577 22.53792990689945
754.8749999999999 22.953040321722295 22.538004495130195
755.375 22.95404705445096 22.538098702476056
755.875 22.955062631008197 22.53818180711616
756.3749999999999 22.95607518788684 22.53828152711276
756.875 22.95710709585699 22.538367639059675
757.375 22.95811350610919 22.538462966203447
757.8749999999999 22.95913635763203 22.538564855945932
758.375 22.96015752622408 22.53866795024692
758.875 22.96119940059654 22.53876229287426
759.3749999999999 22.962233846242114 22.538874180948095
759.875 22.963260623644167 22.538982781856483
760.375 22.9642967079958 22.539099425853863
760.8749999999999 22.965344974546444 22.539203705492376
761.375 22.966385732854846 22.53932206262098
761.875 22.967430930517093 22.53944150303989
762.3749999999999 22.968489263083406 22.53956002256848
762.875 22.969537322910618 22.539689070944423
763.375 22.97059348382664 22.539813867566295
763.8749999999999 22.97165207211365 22.539940297774574
764.375 22.972721488939616 22.54007524548627
764.875 22.97379958805031 22.5402082600292
765.3749999999999 22.97486048762636 22.540342458136085
765.875 22.97592717441626 22.540477122215066
766.375 22.9770142100884 22.54062033807042
766.8749999999999 22.978088354505488 22.540762308461872
767.375 22.979166942476734 22.54090558266838
767.875 22.980243560157604 22.541052603984436
768.3749999999999 22.981339373791872 22.54120777952466
768.875 22.982427937539963 22.541349546125268
769.375 22.983520428858068 22.541509986099697
769.8749999999999 22.984617944345132 22.541666372795852
770.375 22.985720205876486 22.541832739784557
770.875 22.986811303113118 22.541989794365
771.3749999999999 22.98792111342349 22.542153742235314
771.875 22.98902649460869 22.542326278297228
772.375 22.9901356573678 22.542483140287214
772.8749999999999 22.9912468076073 22.54265757488641
773.375 22.99236063171265 22.54282768094283
773.875 22.993482554606533 22.543009682829414
774.3749999999999 22.994594786846342 22.543189017387135
774.875 22.99572594211375 22.543371529702583
775.375 22.996851572078274 22.54354924865114
775.8749999999999 22.997984419053562 22.54373985520885
776.375 22.99912513748611 22.54392279235788
776.875 23.000248744329447 22.54411585782099
777.3749999999999 23.0013881384749 22.544304614039174
777.875 23.002534383427033 22.544494613847746
778.375 23.003668743092554 22.544698853966697
778.8749999999999 23.004817509169648 22.5448885931211
779.375 23.00596000168254 22.54510036947106
779.875 23.007118114022948 22.545297521691484
780.3749999999999 23.00826505194991 22.545499404316413
780.875 23.009424661201532 22.54571083675572
781.375 23.010581616627086 22.545922102145997
781.8749999999999 23.01174026151557 22.546129951721845
782.375 23.012910788873377 22.546345993343348
782.875 23.014075673256688 22.54655643374939
783.3749999999999 23.01523596274977 22.54677922177028
783.875 23.01641061235204 22.546995684624275
784.375 23.01758494431901 22.54722478902213
784.8749999999999 23.018759921900095 22.547445778586393
785.375 23.019943752545146 22.54768012351991
785.875 23.021128828544256 22.547900802565657
786.3749999999999 23.0223055730916 22.548136928752307
786.875 23.023484026418828 22.54836999234002
787.375 23.02468373346684 22.548603727028347
787.8749999999999 23.025866771190962 22.54883565663768
788.375 23.02706380270386 22.54908251015481
788.875 23.028259636081252 22.54931639352252
789.3749999999999 23.02946251238563 22.54956671605739
789.875 23.03066440024665 22.549816591180406
790.375 23.031861771677637 22.550061431913164
790.8749999999999 23.033075290714788 22.550312821605402
791.375 23.034285503898136 22.55055928189583
791.875 23.035511425183174 22.550814733402472
792.3749999999999 23.036731227458 22.55107062678025
792.875 23.03795796909116 22.55132607709843
793.375 23.03919427739313 22.551591703475093
793.8749999999999 23.040431064147015 22.551856771862337
794.375 23.04166947742173 22.552116402352155
794.875 23.042911754151806 22.55238360522239
795.3749999999999 23.044153098502758 22.552649767686056
795.875 23.0454064472112 22.5529239009035
796.375 23.046660229840104 22.55320080649936
796.8749999999999 23.047921401963475 22.55348085112952
797.375 23.049170572373118 22.553751850667474
797.875 23.05044648827807 22.5540309751996
798.3749999999999 23.051713126397892 22.55431500763691
798.875 23.05298319554605 22.55459786430789
799.375 23.05425126337363 22.554884461158554
799.8749999999999 23.05552976729612 22.555174437703908
800.375 23.05681839702313 22.55546501146604
800.875 23.058087140561582 22.555762368157623
801.3749999999999 23.059382045968803 22.556058953579793
801.875 23.060666973342396 22.55635443683332
802.375 23.061946601777144 22.556653125356018
802.8749999999999 23.063249211719786 22.556962309269327
803.375 23.064546866663314 22.557262581886093
803.875 23.06584827171577 22.557571389444583
804.3749999999999 23.067142042151634 22.557886805770476
804.875 23.068452093761486 22.558194965015865
805.375 23.069750976744455 22.558505887969275
805.8749999999999 23.071065065124323 22.5588324565584
806.375 23.072365063561577 22.559147071898803
806.875 23.073678106936633 22.559479346802785
807.3749999999999 23.074990472134928 22.559797166214935
807.875 23.076306152371316 22.560126505581746
808.375 23.077619621124086 22.5604544260985
808.8749999999999 23.078945628823192 22.560780294881447
809.375 23.08025889708229 22.561124876933988
809.875 23.081588626132795 22.561461948469436
810.3749999999999 23.08289728868698 22.561797052362312
810.875 23.0842354610345 22.562147031440652
811.375 23.085562347964036 22.562492115639895
811.8749999999999 23.086885871205077 22.562836996124645
812.375 23.088215818058746 22.56319318277026
812.875 23.089551785034402 22.563543560030116
813.3749999999999 23.090876733390328 22.56390388696335
813.875 23.092206330200874 22.564265121961853
814.375 23.093543831969647 22.56462081242538
814.8749999999999 23.094870474374233 22.5649891012683
815.375 23.096202910597782 22.565355384317378
815.875 23.097542306203344 22.565725875378178
816.3749999999999 23.098874397412455 22.566100343435483
816.875 23.10020318305177 22.56647198625832
817.375 23.10154139593323 22.56685572839471
817.8749999999999 23.102883693275942 22.567232734435166
818.375 23.10422084924564 22.56761853859747
818.875 23.10555912835127 22.56800442288801
819.3749999999999 23.10689609822444 22.56839295160859
819.875 23.108231716219443 22.568788766706717
820.375 23.109563844065114 22.569184474029992
820.8749999999999 23.1109052762767 22.56958061954448
821.375 23.112235049173716 22.56998508510708
821.875 23.113577862150724 22.570390371443384
822.3749999999999 23.11492061327553 22.5707868802593
822.875 23.116263532879195 22.571193603652702
823.375 23.117608984118423 22.571612649219155
823.8749999999999 23.118961102680593 22.57203353824731
824.375 23.120300440493207 22.57244277099427
824.875 23.121652606174344 22.572861458247417
825.3749999999999 23.123001227881794 22.573288116775924
825.875 23.124360613696858 22.573716222906523
826.375 23.125708415139364 22.574157166712908
826.8749999999999 23.127064415475576 22.57457859230331
827.375 23.128429589104233 22.57501018185767
827.875 23.12979054219784 22.57544674357829
828.3749999999999 23.131152447299055 22.57589164162323
828.875 23.13252143000351 22.576335630880887
829.375 23.133896094935583 22.576771793706058
829.8749999999999 23.13524570629135 22.577225699240454
830.375 23.13662350482765 22.577679068801707
830.875 23.13799212481522 22.578135659005177
831.3749999999999 23.13936777991374 22.57859042099648
831.875 23.14073846248446 22.57904692232092
832.375 23.142112004349784 22.57950676974097
832.8749999999999 23.143497665095776 22.579972478932802
833.375 23.144881450649976 22.58043484617089
833.875 23.146252527352765 22.5809038968572
834.3749999999999 23.147636324160928 22.581380369744718
834.875 23.149013009612474 22.581854450659307
835.375 23.150399345695583 22.58233670545026
835.8749999999999 23.151799398880865 22.58281517503352
836.375 23.1531760300879 22.583304360764927
836.875 23.15456929756904 22.583787127321
837.3749999999999 23.155950970027803 22.584272282524157
837.875 23.157347524419094 22.5847730341917
838.375 23.15873812771505 22.58526176094567
838.8749999999999 23.160123377999152 22.58575655167155
839.375 23.161528699530987 22.586262722785406
839.875 23.162926094076703 22.586766709702104
840.3749999999999 23.164320459511973 22.58726555590266
840.875 23.165724270472154 22.587777519625185
841.375 23.167115191672863 22.588280545215458
841.8749999999999 23.16852681198915 22.58880017822834
842.375 23.169930816854777 22.589312898066616
842.875 23.171341560982746 22.58982946334308
843.3749999999999 23.172735321225435 22.590350627807915
843.875 23.174144188034404 22.590873987621087
844.375 23.175557656453357 22.591399808764333
844.8749999999999 23.176956955174653 22.591931266850843
845.375 23.178372560704492 22.59245999750249
845.875 23.17977582579981 22.59299342894522
846.3749999999999 23.181187684822326 22.593530314488426
846.875 23.18259800246939 22.594058026023962
847.375 23.1840075779103 22.594614664108605
847.8749999999999 23.185422763108186 22.595158294588668
848.375 23.18684216587101 22.595702402074956
848.875 23.188254210868813 22.596245679737738
849.3749999999999 23.189679731950015 22.596804936733797
849.875 23.191087243160375 22.597361376409868
850.375 23.192513801769287 22.597916676451668
850.8749999999999 23.19393366239803 22.598470647144083
851.375 23.19534941909766 22.599042190531414
851.875 23.196766733579928 22.599602199747146
852.3749999999999 23.198191725069055 22.60016863900191
852.875 23.19962406830229 22.60074232413306
853.375 23.201041414898516 22.601310677223033
853.8749999999999 23.202458925502583 22.60189250466418
854.375 23.203887770389446 22.602480037571627
854.875 23.205320307754185 22.60304763168527
855.3749999999999 23.20674678600671 22.603634059292382
855.875 23.20817543373755 22.604228291294994
856.375 23.20960998966196 22.604824308741094
856.8749999999999 23.21104228071549 22.60541645790854
857.375 23.212463937382374 22.606001189639244
857.875 23.213911534261953 22.60660276422676
858.3749999999999 23.215347815927455 22.607209957784118
858.875 23.216783393290285 22.607816705593947
859.375 23.21821372886398 22.608424264974722
859.8749999999999 23.219663499436265 22.60903857696119
860.375 23.22109109646183 22.6096504919246
860.875 23.2225411375271 22.61026582671365
861.3749999999999 23.223981504680417 22.610883355785084
861.875 23.225430738799673 22.611509341939126
862.375 23.226872122068997 22.612138214640293
862.8749999999999 23.228311164473453 22.612761726261162
863.375 23.229762598981022 22.613393943533268
863.875 23.23121310835807 22.6140283437776
864.3749999999999 23.232652773417783 22.614665092779937
864.875 23.23411638759555 22.615301598718002
865.375 23.235559994903436 22.61594834485798
865.8749999999999 23.237017857705922 22.616586797892392
866.375 23.238470691982464 22.617238125143754
866.875 23.239926504470066 22.61789101206731
867.3749999999999 23.241378824290436 22.61854849176492
867.875 23.2428429696986 22.61920135718767
868.375 23.244303318199236 22.619856189266404
868.8749999999999 23.245756169716532 22.620521413446962
869.375 23.24722772959737 22.621180550623396
869.875 23.24869582800845 22.621851346176864
870.3749999999999 23.25015586007555 22.622529383864332
870.875 23.25161062410686 22.623194786125605
871.375 23.253087485966176 22.623876648763783
871.8749999999999 23.254563961964333 22.624548632788457
872.375 23.256027730773262 22.625232708282347
872.875 23.257503289057908 22.62591893346819
873.3749999999999 23.25898059234342 22.626603393050342
873.875 23.260445523998143 22.627298338937244
874.375 23.261923799403725 22.627988201212954
874.8749999999999 23.26340265608089 22.628684605695874
875.375 23.26488848942941 22.629376271521245
875.875 23.266366451493155 22.63007112491116
876.3749999999999 23.267852018043275 22.63078363127786
876.875 23.269326208195015 22.63147438938605
877.375 23.270816695474164 22.63218948147397
877.8749999999999 23.272297823692565 22.63289620781617
878.375 23.27377635024241 22.633616904024567
878.875 23.275268459191217 22.634325913685082
879.3749999999999 23.276772677086225 22.635042808600087
879.875 23.278250389061167 22.635769300796724
880.375 23.279741559993873 22.63649359535767
880.8749999999999 23.28123690072367 22.637222573344154
881.375 23.282746997894243 22.637953351826212
881.875 23.284241532956518 22.63867670341293
882.3749999999999 23.2857370483352 22.639413432232587
882.875 23.287243876617353 22.640145599604715
883.375 23.288744497451226 22.64088983705042
883.8749999999999 23.29025259107989 22.641625915122745
884.375 23.29175372064233 22.642375766033574
884.875 23.293266458502938 22.64312192029343
885.3749999999999 23.294763472734658 22.643860277286926
885.875 23.296278864848095 22.644620698643752
886.375 23.29778760385462 22.64537905866557
886.8749999999999 23.299299685375168 22.64613268687706
887.375 23.300818734907345 22.646896754547807
887.875 23.3023284257589 22.64766226253848
