FastTrWP/PhaseSpace/IAs/snIa_0.39_30.00_-0.14_-0.03.csv
# %ECSV 0.9
# ---
# datatype:
# - {name: time-rel, datatype: float64}
# - {name: g, datatype: float64}
# - {name: i, datatype: float64}
# schema: astropy-2.0
time-rel g i
[from data line 1445]
914.1041666666666 23.593895187887025 22.597613586042527
914.6041666666665 23.59540763283913 22.598308039457628
915.1041666666666 23.59694619702903 22.598995902825102
915.6041666666666 23.59846870432762 22.59969533508547
916.1041666666665 23.599991308498645 22.600384248303087
916.6041666666666 23.601527658348576 22.60108805542665
917.1041666666666 23.603051031102467 22.60178786892702
917.6041666666665 23.60458908410662 22.602492184894647
918.1041666666666 23.606109503210973 22.603196530927136
918.6041666666666 23.607657343245187 22.603903680467383
919.1041666666665 23.60918325900752 22.604611281926424
919.6041666666666 23.61072516937425 22.605322938071424
920.1041666666666 23.612261054223126 22.606028381174482
920.6041666666665 23.61379448769739 22.60675010421872
921.1041666666666 23.61533254477905 22.607462513258536
921.6041666666666 23.61687805917546 22.608186788122477
922.1041666666665 23.61842617777696 22.608903759462983
922.6041666666666 23.619964534865975 22.609627139695515
923.1041666666666 23.62150558706285 22.610350348949304
923.6041666666665 23.6230532547986 22.611081367746394
924.1041666666666 23.624601112871293 22.611802507955574
924.6041666666666 23.62614113498978 22.612536679013694
925.1041666666665 23.62770632711679 22.61326753238417
925.6041666666666 23.629254387372328 22.61400805107201
926.1041666666666 23.63080232048958 22.614735821988358
926.6041666666665 23.632351760127168 22.615472613675625
927.1041666666666 23.633912803618532 22.616214278187975
927.6041666666666 23.635468355345736 22.616964431412224
928.1041666666665 23.63702464247934 22.61771048294051
928.6041666666666 23.638590359502388 22.618467184347463
929.1041666666666 23.640152039425576 22.619217122619784
929.6041666666665 23.641713827452055 22.619969576214615
930.1041666666666 23.643281738051755 22.620729981716043
930.6041666666666 23.64485119715343 22.62149491566141
931.1041666666665 23.64640159290968 22.62226442025502
931.6041666666666 23.64797360037344 22.62303418114298
932.1041666666666 23.64954510831962 22.6238131218247
932.6041666666665 23.651118189353518 22.62457696292283
933.1041666666666 23.65268356533123 22.62535459484972
933.6041666666666 23.654261428106782 22.626141481023513
934.1041666666665 23.655823279361393 22.626925715194748
934.6041666666666 23.65740730692167 22.627708118560893
935.1041666666666 23.658988436318875 22.628490785059007
935.6041666666665 23.660565671561283 22.629285606413433
936.1041666666666 23.662139924473827 22.63008360716244
936.6041666666666 23.663717784857575 22.630878894675778
937.1041666666665 23.665316401816415 22.63167835828376
937.6041666666666 23.66688669487857 22.63247824022409
938.1041666666666 23.668465064109363 22.633270616244012
938.6041666666665 23.670051364490373 22.634078896448194
939.1041666666666 23.67163942709531 22.63489127851153
939.6041666666666 23.67323689977995 22.635694441049846
940.1041666666665 23.67481041384493 22.636506750977865
940.6041666666666 23.676407548011692 22.637326298296387
941.1041666666666 23.67800792643979 22.638135998106478
941.6041666666665 23.679605067129824 22.638950418743203
942.1041666666666 23.681195104249326 22.6397681206717
942.6041666666666 23.68278458959378 22.640601032143884
943.1041666666665 23.684388292641074 22.64141161843419
943.6041666666666 23.68598117451759 22.64223932651646
944.1041666666666 23.68757679008519 22.643062071436724
944.6041666666665 23.68918393296304 22.643887794186792
945.1041666666666 23.69078800920228 22.644715017569872
945.6041666666666 23.692389060676618 22.645545062107445
946.1041666666665 23.693982274603336 22.64637858138329
946.6041666666666 23.695602244029548 22.647211094342374
947.1041666666666 23.697203596102444 22.6480384747134
947.6041666666665 23.69880352998514 22.648877833039315
948.1041666666666 23.70040900964295 22.649713392321353
948.6041666666666 23.702027504494474 22.65054798807053
949.1041666666665 23.70363515805588 22.651381593512987
949.6041666666666 23.7052399240889 22.652222059004504
950.1041666666666 23.706844926658583 22.653063389667103
950.6041666666665 23.708469799330256 22.65390177546355
951.1041666666666 23.71008453566241 22.65474032986452
951.6041666666666 23.711688875046054 22.65558874667047
952.1041666666665 23.71332393318808 22.656423603136886
952.6041666666666 23.714939353943386 22.65726739392667
953.1041666666666 23.71655801428672 22.658110121305796
953.6041666666665 23.71818493119345 22.658956646608548
954.1041666666666 23.71978018075015 22.65979648880354
954.6041666666666 23.721411098523127 22.660642185055387
955.1041666666665 23.72303949755587 22.66148673171668
955.6041666666666 23.72465668282063 22.662332511746044
956.1041666666666 23.726298861297337 22.663169187349336
956.6041666666665 23.727901879616617 22.664012996341913
957.1041666666666 23.72953671257212 22.664866353899995
957.6041666666666 23.73116679503073 22.665701974544362
958.1041666666665 23.732800014285466 22.66655825380311
958.6041666666666 23.73442650009232 22.667396336062886
959.1041666666666 23.736054247961043 22.668240942433002
959.6041666666665 23.7376806992307 22.66908394614628
960.1041666666666 23.739318538898683 22.669924636787382
960.6041666666666 23.740946308337605 22.670779269453583
961.1041666666665 23.742584936905505 22.671616825058237
961.6041666666666 23.744220839373007 22.672466146147457
962.1041666666666 23.74584329130609 22.67330640670743
962.6041666666665 23.747488621732696 22.674164564089946
963.1041666666666 23.749126196235437 22.67502344406184
963.6041666666666 23.750781892437416 22.675866782144173
964.1041666666665 23.752412109850695 22.6767291577459
964.6041666666666 23.754055307973672 22.67758223508709
965.1041666666666 23.7556901514389 22.678445482501722
965.6041666666665 23.757347662280782 22.67929953250019
966.1041666666666 23.758994705011833 22.680163033230606
966.6041666666666 23.76063755331876 22.6810319988847
967.1041666666665 23.762279498121245 22.681890673908907
967.6041666666666 23.76393523970393 22.68276029039816
968.1041666666666 23.765586655336122 22.68362495957772
968.6041666666665 23.767238483557577 22.684493688379558
969.1041666666666 23.76888778171992 22.685364967406038
969.6041666666666 23.77053751973044 22.686238199482638
970.1041666666665 23.772196726298922 22.68710352047772
970.6041666666666 23.77385208851273 22.68797317132335
971.1041666666666 23.775513759085825 22.688848303887433
971.6041666666665 23.777174711624856 22.689723565198218
972.1041666666666 23.778823238550967 22.690600810497735
972.6041666666666 23.780486268743708 22.691473146808264
973.1041666666665 23.78215051508963 22.692352304593886
973.6041666666666 23.78381329481214 22.69322846436591
974.1041666666666 23.785476230950778 22.694111611715382
974.6041666666665 23.78714340610541 22.69499041878675
975.1041666666666 23.788813864971374 22.69586933921115
975.6041666666666 23.790480907806373 22.696754748146706
976.1041666666665 23.79213156658896 22.69763495839653
976.6041666666666 23.793817213077716 22.698519953656387
977.1041666666666 23.79548988958274 22.699397231841214
977.6041666666665 23.79714713364079 22.7002928988535
978.1041666666666 23.79881899069737 22.70117639655146
978.6041666666666 23.800491273560617 22.70205426678632
979.1041666666665 23.80218097905249 22.702946647867307
979.6041666666666 23.803841867921275 22.70382880944322
980.1041666666666 23.80554378071748 22.704708937198653
980.6041666666665 23.80721834541797 22.705597348619616
981.1041666666666 23.80889569679298 22.706487206194893
981.6041666666666 23.810565511301046 22.707365966498397
982.1041666666665 23.812256862886457 22.70825566027507
982.6041666666666 23.81392354173121 22.70914261481966
983.1041666666666 23.81562752367764 22.71003430598594
983.6041666666665 23.81730967235668 22.710923939620216
984.1041666666666 23.818999292447543 22.711810828764044
984.6041666666666 23.820679362402068 22.712702205321868
985.1041666666665 23.822361775180013 22.71358469240807
985.6041666666666 23.824069618460655 22.714473111598235
986.1041666666666 23.82575480661854 22.715355466665873
986.6041666666665 23.827444501747514 22.71624795758276
987.1041666666666 23.82913364360674 22.717138736334395
987.6041666666666 23.83082938744721 22.718032816466994
988.1041666666665 23.832516747731212 22.71890993285011
988.6041666666666 23.83422144176789 22.7198072536978
989.1041666666666 23.83591863613774 22.720684733744783
989.6041666666665 23.837619131176908 22.72156794989655
990.1041666666666 23.839322391275843 22.72246010733913
990.6041666666666 23.841022905561502 22.723344454226307
991.1041666666665 23.842723660863964 22.72423033062527
991.6041666666666 23.844440581813025 22.725110325699745
992.1041666666666 23.84613040821606 22.725995418028045
992.6041666666665 23.847838915400455 22.726889716750772
993.1041666666666 23.849543965971453 22.727771443397835
993.6041666666666 23.85125805705083 22.728645059924425
994.1041666666665 23.852959421159852 22.72953111921742
994.6041666666666 23.854673818467127 22.730416843600587
995.1041666666666 23.8563736073095 22.731300608167135
995.6041666666665 23.85808104912014 22.732185025296843
996.1041666666666 23.859806022819228 22.733068980003182
996.6041666666666 23.861524402253202 22.733955714262287
997.1041666666665 23.863227291330947 22.734837545098014
997.6041666666666 23.86495245549336 22.73572051715336
998.1041666666666 23.86666859002456 22.736598062205143
998.6041666666666 23.868378896101486 22.737499033770415
999.1041666666666 23.870099987986077 22.738375557999078
999.6041666666666 23.87181258168031 22.73926189392145
1000.1041666666666 23.873545482259427 22.74014119476446
1000.6041666666666 23.87525673220665 22.74102874939894
1001.1041666666666 23.87697876209351 22.74191729245868
1001.6041666666666 23.878707075331782 22.74280340767323
1002.1041666666666 23.880433920518445 22.743683976124338
1002.6041666666666 23.882164508986442 22.74456713764408
1003.1041666666666 23.883891341378988 22.745455249345895
1003.6041666666666 23.885604048151826 22.74634039858775
1004.1041666666666 23.887341873002434 22.7472292235773
1004.6041666666666 23.889068744421785 22.748117987364264
1005.1041666666666 23.890800208783656 22.749003917475843
1005.6041666666666 23.892548085432452 22.749881097303014
1006.1041666666666 23.894265326105316 22.750771020410227
1006.6041666666666 23.895997985614706 22.751659396467105
1007.1041666666666 23.897736891577722 22.752541389868842
1007.6041666666666 23.899494116689873 22.753432141233233
1008.1041666666666 23.90123324868763 22.754327158513487
1008.6041666666666 23.902968006737503 22.755207773553643
1009.1041666666666 23.904706749589142 22.756104416415877
1009.6041666666666 23.906449256065905 22.756985933880106
1010.1041666666666 23.908197563786327 22.757882066076792
1010.6041666666666 23.909922364169912 22.758770791010967
1011.1041666666666 23.911669592290767 22.759656873047053
1011.6041666666666 23.913432487445647 22.760547063856592
1012.1041666666666 23.915179666093678 22.76143201345523
1012.6041666666666 23.916925345407346 22.762325105328895
1013.1041666666666 23.918688677796926 22.763217284578413
1013.6041666666666 23.92043168109251 22.764110696936193
1014.1041666666666 23.922193500220693 22.76500510512449
1014.6041666666666 23.92394355260993 22.765895364059922
1015.1041666666666 23.92569587565726 22.766777774916047
1015.6041666666666 23.927485558971316 22.76767167252806
1016.1041666666666 23.92922797156765 22.768565793290133
1016.6041666666666 23.930983204747953 22.76945875728559
1017.1041666666666 23.932746584183946 22.7703552456861
1017.6041666666666 23.934520507710225 22.771242219059506
1018.1041666666666 23.93630079966517 22.772143967682233
1018.6041666666666 23.938052577300812 22.773032352508405
1019.1041666666666 23.939833168704318 22.77392734897896
1019.6041666666666 23.94159997785536 22.774824471449367
1020.1041666666666 23.943376269050525 22.77572290218256
1020.6041666666666 23.94514187249136 22.776618630961273
1021.1041666666666 23.946921552434922 22.77750979718015
1021.6041666666666 23.94869292226963 22.778407477404667
1022.1041666666666 23.950478495653048 22.779305196007385
1022.6041666666666 23.952267450409263 22.78020253843998
1023.1041666666666 23.954038825260714 22.78110049205672
1023.6041666666666 23.955835169331042 22.781991422925714
1024.1041666666667 23.957609338723298 22.782899301566232
1024.6041666666667 23.959413078022365 22.783801440659524
1025.1041666666667 23.961194817575322 22.784699323928525
1025.6041666666667 23.962997657685232 22.785595956307255
1026.1041666666667 23.96479124115306 22.786497457538538
1026.6041666666667 23.966572072384555 22.787402885141677
1027.1041666666667 23.9683685650059 22.788296267311253
1027.6041666666667 23.9701754880973 22.78920218304401
1028.1041666666667 23.971995298140566 22.790094990938762
1028.6041666666667 23.973770631445408 22.791002909965215
1029.1041666666667 23.97558383483598 22.791904043807495
1029.6041666666667 23.97738119888921 22.79281025333265
1030.1041666666667 23.979192771730396 22.793712184563553
1030.6041666666667 23.980997111057203 22.794620350059844
1031.1041666666667 23.98279269403572 22.7955230384755
1031.6041666666667 23.984616609433846 22.796418943145817
1032.1041666666667 23.98643280179581 22.797317502998048
1032.6041666666667 23.98823424522267 22.79822979513768
1033.1041666666667 23.990040908461246 22.799138857699436
1033.6041666666667 23.991863839696844 22.80004325662116
1034.1041666666667 23.993690894356664 22.800945363099633
1034.6041666666667 23.995507641034315 22.8018459568769
1035.1041666666667 23.997325744711073 22.802752128819677
1035.6041666666667 23.999139823274774 22.803653216959653
1036.1041666666667 24.000971987805116 22.804562165342126
1036.6041666666667 24.00279289688934 22.80547174980336
1037.1041666666667 24.004619361512816 22.806375878674334
1037.6041666666667 24.006440282675232 22.807291826458275
1038.1041666666667 24.008273670143467 22.80819048279028
1038.6041666666667 24.010115331782917 22.809104145367584
1039.1041666666667 24.01193876613398 22.810009311200336
1039.6041666666667 24.013767638615544 22.81092287753694
1040.1041666666667 24.01560695646097 22.811826565517535
1040.6041666666667 24.017446084625117 22.812741918436743
1041.1041666666667 24.01929421138984 22.813648614159266
1041.6041666666667 24.02112262465847 22.81455650576809
1042.1041666666667 24.022982432289336 22.815467358933766
1042.6041666666667 24.024803871195637 22.816373930553866
1043.1041666666667 24.026652560464854 22.817293901839566
1043.6041666666667 24.02850215325422 22.81820827455148
1044.1041666666667 24.030361440012197 22.81911220982809
1044.6041666666667 24.032208344553894 22.820028890633772
1045.1041666666667 24.034064757981703 22.82093067156881
1045.6041666666667 24.03591579807083 22.821853301026444
1046.1041666666667 24.037765077578385 22.822764160362613
1046.6041666666667 24.039629251252812 22.823674975831064
1047.1041666666667 24.04148901106529 22.82460035999515
1047.6041666666667 24.04336069637784 22.825519486587346
1048.1041666666667 24.045219077551742 22.82642278371377
1048.6041666666667 24.04707795169157 22.827340409238396
1049.1041666666667 24.04894570454188 22.828260880604475
1049.6041666666667 24.05083030341638 22.82917921565661
1050.1041666666667 24.052690600775136 22.83010052339516
1050.6041666666667 24.054569279475153 22.831016635675944
1051.1041666666667 24.05645268972134 22.83193620138335
1051.6041666666667 24.05833212357285 22.832851921346126
1052.1041666666667 24.060201899875185 22.833771411107776
1052.6041666666667 24.062087477790275 22.83469076673402
1053.1041666666667 24.063975668652702 22.835601178092904
1053.6041666666667 24.065862714833766 22.836532107849408
1054.1041666666667 24.0677434280274 22.837453973345898
1054.6041666666667 24.069646418771065 22.838378892565387
1055.1041666666667 24.071531396968062 22.83928953130024
1055.6041666666667 24.073419618104197 22.840222523215168
1056.1041666666667 24.07532672545349 22.84115103365938
1056.6041666666667 24.07721483002487 22.842069353380488
1057.1041666666667 24.079139529044458 22.842992173155174
