FastTrWP/PhaseSpace/IAs/snIa_0.33_30.00_0.54_0.11.csv
# %ECSV 0.9
# ---
# datatype:
# - {name: time-rel, datatype: float64}
# - {name: g, datatype: float64}
# - {name: i, datatype: float64}
# schema: astropy-2.0
time-rel g i
[from data line 361]
-255.5 23.76321984285353 23.306812274880674
-255.0 23.75953654094754 23.3036153460516
-254.50000000000006 23.755887240316078 23.300417989866023
-254.0 23.752224387128102 23.297224496894266
-253.5 23.748576779521017 23.29405877875712
-253.00000000000006 23.74493606672951 23.290873581711814
-252.5 23.741321570496694 23.287711307796354
-252.0 23.73768287022479 23.28454162862507
-251.50000000000006 23.73407056336944 23.281382222708686
-251.0 23.730464206829915 23.27822866881277
-250.5 23.726872878572422 23.275104838861928
-250.00000000000006 23.723279998798258 23.271956523213877
-249.5 23.71969823915526 23.268835472593153
-249.0 23.71612872829236 23.265705269493093
-248.50000000000006 23.712564493211584 23.262586396780762
-248.0 23.709011092246758 23.25946652943271
-247.5 23.705452212341733 23.256355612805724
-247.00000000000006 23.70189122794486 23.253258152009675
-246.5 23.698361287233084 23.250153911536287
-246.0 23.694837143612105 23.247074851544383
-245.50000000000006 23.691317592810094 23.24396808690967
-245.0 23.687792004955426 23.240897711305205
-244.5 23.68428653019979 23.237822864085558
-244.00000000000006 23.680777916110145 23.23474524168711
-243.5 23.677299000134433 23.231684845511822
-243.0 23.673811126568822 23.22863412628752
-242.50000000000006 23.670347077985944 23.225569834961213
-242.0 23.66686303456563 23.222542939069054
-241.5 23.66341101905965 23.219516655466084
-241.00000000000006 23.65995676120042 23.21648129989955
-240.5 23.6565193784112 23.213454458264557
-240.0 23.653081459229547 23.21043422391338
-239.50000000000006 23.649649998668558 23.20741228989661
-239.0 23.646243305602248 23.20441048730082
-238.5 23.64282177107195 23.201402601175086
-238.00000000000006 23.63942481889579 23.198414065253402
-237.5 23.636011225779036 23.195427299888244
-237.0 23.63262024621897 23.19244373216165
-236.50000000000006 23.629237348814954 23.189462734657123
-236.0 23.625865033302652 23.186491576915202
-235.5 23.622500017473577 23.18352936756345
-235.00000000000006 23.619143288908827 23.18057052368623
-234.5 23.615787439237515 23.177615331599544
-234.0 23.6124328181493 23.174663329802346
-233.50000000000006 23.60910324940079 23.17172443875119
-233.0 23.605770927206624 23.168774664236572
-232.5 23.602448362035528 23.1658532952589
-232.00000000000006 23.599120055538336 23.16291678999965
-231.5 23.595795268285634 23.15999759322942
-231.0 23.592497104672688 23.15708542761431
-230.50000000000006 23.589200539868322 23.15417025951436
-230.0 23.585901003294765 23.151265207911777
-229.5 23.582619873866143 23.14836151446489
-229.00000000000006 23.57932639383945 23.145461877208092
-228.5 23.576071650401992 23.14256451232188
-228.0 23.572801664601634 23.139684946372245
-227.50000000000006 23.569549415253444 23.13680395509592
-227.0 23.566280416632278 23.13393637806652
-226.5 23.56303812809516 23.131055680685986
-226.00000000000006 23.559806087038236 23.12819364930426
-225.5 23.556564424621946 23.125333582042117
-225.0 23.553331365315376 23.122467133391385
-224.50000000000006 23.55010856157318 23.119618970893583
-224.0 23.546890649593163 23.116761738951887
-223.5 23.543688482262922 23.113924043399393
-223.00000000000006 23.54048173704074 23.111084008216277
-222.5 23.537290728008532 23.10825254501253
-222.0 23.534099852146817 23.10541779164334
-221.50000000000006 23.530908665008315 23.10259943821419
-221.0 23.527716377913922 23.099780481984865
-220.5 23.52454737441454 23.096954296462208
-220.00000000000006 23.521365250976952 23.09414438737504
-219.5 23.51820385010712 23.091341221220677
-219.0 23.51506077028902 23.088544663605013
-218.50000000000006 23.5118894958431 23.085741825723417
-218.0 23.508744855410715 23.08294408392852
-217.5 23.505601863319786 23.080145504407767
-217.00000000000006 23.50246349478105 23.077368245842628
-216.5 23.49934191194091 23.074588444818946
-216.0 23.496211083273604 23.07180423072955
-215.50000000000006 23.493095658172436 23.069028649224688
-215.0 23.48997161025172 23.06625505362234
-214.5 23.486865991418302 23.063491711564357
-214.00000000000006 23.48375721480086 23.060732314607666
-213.5 23.480654879205662 23.05797016460695
-213.0 23.47755641378619 23.05522103462358
-212.50000000000006 23.474475309448092 23.052474970777492
-212.0 23.471370662962734 23.04970929288573
-211.5 23.468281413149313 23.04696597057202
-211.00000000000006 23.465183907838934 23.044197108842077
-210.5 23.46207704695623 23.041445701202715
-210.0 23.458981993114286 23.038690063451366
-209.50000000000006 23.455879940878898 23.03594133040626
-209.0 23.452786720665095 23.033193721985032
-208.5 23.44968556033178 23.03044233009491
-208.00000000000006 23.446590509366846 23.02769462431707
-207.5 23.443497900271552 23.02494139915099
-207.0 23.440401670531394 23.022201229409866
-206.50000000000006 23.437305785521847 23.01945879025199
-206.0 23.434213341766284 23.016710177708806
-205.5 23.431131451605857 23.013973314858408
-205.00000000000006 23.428044872858255 23.011241818183834
-204.5 23.424975837222533 23.00851491756012
-204.0 23.421893534326443 23.00577664143256
-203.50000000000006 23.418836191000615 23.003056827250038
-203.0 23.415765342380695 23.000338479055475
-202.5 23.41271131797599 22.997616836466364
-202.00000000000006 23.409659998849683 22.994900947250517
-201.5 23.406604575637864 22.99220073846491
-201.0 23.403556451111225 22.98949103845951
-200.50000000000006 23.400521376252016 22.986794078706218
-200.0 23.397491085091488 22.984106102404617
-199.5 23.3944751627476 22.981411477172287
-199.00000000000006 23.391452485410525 22.978730316589072
-198.5 23.388458826694492 22.976054615749586
-198.0 23.385457856160148 22.973379182763093
-197.50000000000006 23.382456490261333 22.97070534617739
-197.0 23.37947468238219 22.968047473145184
-196.5 23.376498273245303 22.96539916980778
-196.00000000000006 23.373537788444267 22.962752541464965
-195.5 23.370583149416348 22.960108548153247
-195.0 23.367639238281548 22.95747066388276
-194.50000000000006 23.364706787743707 22.95485098860679
-194.0 23.361761265142796 22.95222920669886
-193.5 23.358862746252207 22.949618617641082
-193.00000000000006 23.355944738004407 22.94701766321012
-192.5 23.353060254203086 22.944417529180043
-192.0 23.35016839342133 22.941839898702185
-191.50000000000006 23.34730899930757 22.939249357127842
-191.0 23.344449581242138 22.936688643490236
-190.5 23.341591433776735 22.934126415378948
-190.00000000000006 23.338759654772385 22.931576518869846
-189.5 23.335933014120165 22.929029737017913
-189.0 23.333120120742933 22.92648952783992
-188.50000000000006 23.330332878232404 22.923969339325232
-188.0 23.327540499356388 22.92144354271363
-187.5 23.3247712027513 22.91894295947557
-187.00000000000006 23.32202149955432 22.91643526551761
-186.5 23.319272332541047 22.913955072947125
-186.0 23.31654298990333 22.911473406326483
-185.50000000000006 23.313827152204265 22.909012692686517
-185.0 23.311118429937245 22.90655428306659
-184.5 23.308437215590928 22.904101127419768
-184.00000000000006 23.305765925457948 22.901656926671812
-183.5 23.303118983405167 22.89923866723121
-183.0 23.300466885654558 22.89681910944537
-182.50000000000006 23.297844208371203 22.894419968068156
-182.0 23.295231619311814 22.892033123703214
-181.5 23.29264235334638 22.88964914691277
-181.00000000000006 23.290071777534447 22.887279694028745
-180.5 23.287508033947635 22.884919017366627
-180.0 23.284939117775977 22.8825604427237
-179.50000000000006 23.282392105116703 22.880210141965573
-179.0 23.279839414574766 22.877862252254722
-178.5 23.277301698263926 22.875527061799488
-178.00000000000006 23.27476134570595 22.873177138926994
-177.5 23.272242487714717 22.870847372832653
-177.0 23.26972826350378 22.868520754983326
-176.50000000000006 23.267211223904198 22.866197441424795
-176.0 23.264709292179695 22.863885418253993
-175.5 23.262210152649946 22.86157835326364
-175.00000000000006 23.259714849107496 22.85928445811013
-174.5 23.257245127452613 22.856977970683946
-174.0 23.25476494155517 22.854694211300853
-173.50000000000006 23.252301847641586 22.852400682348275
-173.0 23.24984380899876 22.850126012231456
-172.5 23.24739393747654 22.84785722130821
-172.00000000000006 23.2449637446442 22.84558263818155
-171.5 23.242521954142962 22.84332103934016
-171.0 23.24011026377367 22.84107554529772
-170.50000000000006 23.237697630833836 22.838838316640647
-170.0 23.235291886644347 22.83658579752123
-169.5 23.23289387206359 22.834347735464252
-169.00000000000006 23.230503230681045 22.832125303485608
-168.5 23.228127660770088 22.829907296255897
-168.0 23.225761553786697 22.82768896029548
-167.50000000000006 23.22340166752342 22.825486868603086
-167.0 23.221059415729073 22.823282756470423
-166.5 23.218712847737784 22.8210889880525
-166.00000000000006 23.216391857796943 22.818914809447612
-165.5 23.214074993516675 22.81673538789887
-165.0 23.21176135086415 22.81456900400977
-164.50000000000006 23.209458213193304 22.81239257016749
-164.0 23.207167077474992 22.81025162623979
-163.5 23.204888031575997 22.808094451514535
-163.00000000000006 23.202617729945217 22.8059540376686
-162.5 23.200364385882462 22.803823799413337
-162.0 23.198116025078356 22.801696872469396
-161.50000000000006 23.195881548260967 22.79958602395492
-161.0 23.193657621715012 22.79747429036973
-160.5 23.19143227326655 22.79536897090223
-160.00000000000006 23.189241437506503 22.79328266126296
-159.5 23.187044033256697 22.791190460226964
-159.0 23.184859422215073 22.78910864477939
-158.50000000000006 23.182682256838035 22.78704022362252
-158.0 23.180541160002228 22.7849750944068
-157.5 23.17839261104142 22.78293466631064
-157.00000000000006 23.176250767946893 22.780886094401712
-156.5 23.174131168539326 22.778852690782735
-156.0 23.172008904885114 22.776822658945854
-155.50000000000006 23.169913182691513 22.77480451069106
-155.0 23.16782691543022 22.77279171744145
-154.5 23.165745310249356 22.77078714295795
-154.00000000000006 23.163682818642105 22.768789853653253
-153.5 23.161629368533312 22.766808437566105
-153.0 23.15959258101788 22.764837686742126
-152.50000000000006 23.15756049144091 22.76285897804893
-152.0 23.155552920719128 22.760909839473776
-151.5 23.153546514006486 22.758956625024904
-151.00000000000006 23.15154991589941 22.75702175410631
-150.5 23.14957630515095 22.755091739724538
-150.0 23.147610035179895 22.75316825029499
-149.50000000000006 23.145660958887802 22.751253940612443
-149.0 23.14372238555081 22.74935319648428
-148.5 23.14178619415442 22.7474611056544
-148.00000000000006 23.13987611855634 22.745575869737333
-147.5 23.137962617860467 22.743687829471128
-147.0 23.136070757158656 22.741814082712395
-146.50000000000006 23.134174335705357 22.739950213234405
-146.0 23.132291310464808 22.738082753904855
-145.5 23.13042157586254 22.73622582940375
-145.00000000000006 23.128542409975424 22.734378898371634
-144.5 23.12668905301503 22.732530366652348
-144.0 23.124854967103175 22.730702108762863
-143.50000000000006 23.12301445624837 22.72887784032154
-143.0 23.121190597085853 22.72705470029078
-142.5 23.119369519963435 22.72524189846891
-142.00000000000006 23.1175603228615 22.723423781667286
-141.5 23.115763743478077 22.721621920813625
-141.0 23.113968353057487 22.719829930454978
-140.50000000000006 23.112192657874008 22.718050899765373
-140.0 23.110409801304087 22.71625807178545
-139.5 23.108645373810866 22.714489463752013
-139.00000000000006 23.10688440230985 22.71272431179522
-138.5 23.105142606111073 22.71095949731368
-138.0 23.1034058570968 22.7092010857897
-137.50000000000006 23.10167674058903 22.707455642884543
-137.0 23.0999516841041 22.705717991692
-136.5 23.09824897252925 22.70398727220719
-136.00000000000006 23.096546884410895 22.702249916192947
-135.5 23.094854759299412 22.700527974901892
-135.0 23.093162601800053 22.69881579458355
-134.50000000000006 23.091495286325706 22.697105348993524
-134.0 23.08983098909632 22.695403470387046
-133.5 23.08816474359032 22.69371128381951
-133.0 23.086538268829546 22.692016404189324
-132.5 23.08488471868941 22.69034033492985
-132.0 23.083259776563374 22.68865633755552
-131.5 23.081643040623483 22.68699350209538
-131.0 23.080023987959784 22.68532479830224
-130.5 23.07842871344956 22.683671246578708
-130.0 23.07682920881011 22.682020885589786
-129.5 23.075243135444445 22.680371191603953
-129.0 23.073668706474653 22.678742471544368
-128.5 23.072101725676788 22.677104283228612
-128.0 23.070533163053447 22.675477359871593
-127.5 23.068990621222056 22.673854857558126
-127.0 23.067451493731006 22.672250368093497
-126.5 23.06591678712946 22.670639101965286
-126.0 23.06439633356236 22.669044861585302
-125.5 23.06288010778323 22.66744922394419
-125.0 23.061367557970293 22.665857498157827
-124.5 23.059874365933656 22.664276866110534
-124.0 23.05837980988742 22.662705877144557
-123.5 23.05690027392143 22.661143357222198
-123.0 23.055428592723626 22.659575477364264
-122.5 23.05397157828573 22.65801925728654
-122.0 23.052516636601062 22.65646939210145
-121.5 23.051079892414368 22.654933075035274
-121.0 23.049644845210217 22.653391665858138
-120.5 23.048208475335194 22.651864310641756
-120.0 23.04679594902185 22.650343719902377
-119.5 23.045381593233614 22.64882018940505
-119.0 23.04398339296779 22.64731111919661
-118.5 23.042588742445133 22.645812871950795
-118.0 23.041204442148498 22.64431345223047
-117.5 23.03984036709686 22.6428118972277
-117.0 23.038471881206526 22.641323823523578
-116.5 23.037118547373385 22.639846141229974
-116.0 23.035762308503802 22.638362958361977
-115.5 23.034416238938054 22.636903652012926
-115.0 23.03308369431372 22.635431391814326
-114.5 23.03175423896217 22.633985616557013
-114.0 23.0304337090808 22.63251934955943
-113.5 23.029117938400848 22.631075888946373
-113.0 23.027811297557946 22.62962982149135
-112.5 23.026507635832587 22.628188255403575
-112.0 23.025232321801195 22.626757364518674
-111.5 23.02394106051718 22.62533924326309
-111.0 23.022655274965143 22.623909169495185
-110.5 23.021392386069227 22.62249236107818
-110.0 23.020135321410468 22.621089357549028
-109.5 23.018880563167308 22.619679897784913
-109.0 23.017632750932005 22.618276472181034
-108.5 23.016389814579604 22.616883872471696
-108.0 23.015154925096546 22.615499331584978
-107.5 23.01393239836456 22.614107314516655
-107.0 23.012715704867443 22.61274147574769
-106.5 23.011514797569312 22.611356600824056
-106.0 23.01030576013927 22.610000535253594
-105.5 23.009118163141853 22.608631591541283
-105.0 23.00792746538571 22.607281063537453
-104.5 23.006755585311915 22.605921862649872
-104.0 23.005584211422164 22.60457660262757
-103.5 23.00442731217686 22.603243423545315
-103.0 23.003259039912084 22.60190865842442
-102.5 23.00211524263819 22.600580400982345
-102.0 23.00097340421207 22.59925235455499
-101.5 22.999847381247957 22.597934249355966
-101.0 22.9987277409789 22.596626754782648
-100.5 22.99760462132937 22.59531698561277
-100.0 22.996500651895584 22.59401369180262
-99.5 22.995383007945485 22.59272096364294
-99.0 22.994300462166283 22.59143380410268
-98.5 22.993212165213443 22.590149013484435
-98.0 22.992142379924708 22.588868051656444
-97.5 22.991062571492712 22.587593137757548
-97.0 22.990011579612815 22.586331784495705
-96.5 22.988956836305245 22.58506343179429
-96.0 22.987903130368036 22.58381190078042
-95.5 22.98686511011761 22.58255726271316
-95.0 22.985843446341093 22.58131149547087
-94.5 22.984813445311588 22.580070903968483
-94.0 22.983807176717686 22.578833994671392
-93.5 22.982794126844894 22.577602416473432
-93.0 22.981802044960915 22.57638417253808
-92.5 22.98080693401808 22.57516268949356
-92.0 22.97982713776218 22.57395714177274
-91.5 22.978851915118938 22.572756717693338
-91.0 22.977879916808213 22.57154813504965
-90.5 22.976928450797022 22.5703581737558
-90.0 22.975977019249356 22.569167523458674
-89.5 22.975027893663178 22.567974796524535
-89.0 22.97411064656005 22.566804983785325
-88.5 22.973175831444493 22.565624689748343
-88.0 22.972258310036217 22.56445983450245
-87.5 22.9713547206701 22.563296699065532
-87.0 22.97045183080253 22.562141847687485
