FastTrWP/PhaseSpace/IAs/snIa_0.61_30.00_1.17_0.08.csv
# %ECSV 0.9
# ---
# datatype:
# - {name: time-rel, datatype: float64}
# - {name: g, datatype: float64}
# - {name: i, datatype: float64}
# schema: astropy-2.0
time-rel g i
[from data line 334]
249.0625 25.132237621823638 23.210024739058387
249.5625 25.12871288365757 23.207005401384556
250.0625 25.125273443142063 23.203977985190214
250.5625 25.121755554741895 23.200966395050237
251.0625 25.118281515361097 23.19796659693534
251.5625 25.114813389809033 23.19497477116964
252.0625 25.111370289566576 23.191986758587294
252.5625 25.107909166852224 23.189018461758934
253.0625 25.104420544484437 23.18605731010355
253.5625 25.100991264142024 23.183096628635248
254.0625 25.09753874094553 23.18014118843358
254.5625 25.094106226028803 23.177198145411182
255.0625 25.090657699158072 23.17426364421764
255.5625 25.087255462757962 23.171341954489257
256.0625 25.08383247099797 23.1684322834983
256.5625 25.080397150800305 23.165523576535666
257.0625 25.0770208323381 23.16262913891098
257.5625 25.073604188239745 23.15973703930533
258.0625 25.070208864002247 23.156859599638455
258.5625 25.066827936257567 23.153977689588952
259.0625 25.063446032274804 23.151110905038994
259.5625 25.060061325644803 23.14825862328473
260.0625 25.05668210716503 23.14540934775478
260.5625 25.05329800642565 23.142569662412168
261.0625 25.049963486477225 23.139724111392525
261.5625 25.04659379449091 23.136900237845435
262.0625 25.04322010194771 23.13408415191201
262.5625 25.039889818590062 23.131267517635973
263.0625 25.03654708163522 23.128466046823
263.5625 25.033209060675215 23.125671012983283
264.0625 25.029895571161106 23.12288304790284
264.5625 25.026563835542394 23.12009638214008
265.0625 25.02321895723633 23.117326873622712
265.5625 25.01992519147205 23.114547859906786
266.0625 25.016610684210406 23.111786557092117
266.5625 25.01330168475148 23.109046728202944
267.0625 25.009991018230036 23.106292427111832
267.5625 25.006706432643742 23.10354719596214
268.0625 25.003392994841906 23.100808275796133
268.5625 25.00010369926949 23.098087640261184
269.0625 24.99683131332234 23.095365837236997
269.5625 24.99355061632381 23.09265009414315
270.0625 24.99027230496005 23.08995037225864
270.5625 24.987002456365616 23.087253691194366
271.0625 24.98375094261258 23.084558343142202
271.5625 24.98051057470815 23.081869523264604
272.0625 24.977252291918433 23.079205752523315
272.5625 24.974012125948523 23.076525514158817
273.0625 24.97077255566228 23.073863327099886
273.5625 24.967524442377467 23.071204669766953
274.0625 24.96432928276462 23.06856491402758
274.5625 24.96108921688839 23.065915546635605
275.0625 24.957849666525306 23.063290087642404
275.5625 24.954654308541166 23.060665288544065
276.0625 24.951463965603743 23.058042796348133
276.5625 24.948244173868716 23.055430084563426
277.0625 24.945054224188645 23.052834970944573
277.5625 24.941884176189593 23.050226346098782
278.0625 24.938670009153043 23.047638948045165
278.5625 24.93551295021943 23.045058517524183
279.0625 24.93235148114448 23.042484569084838
279.5625 24.929157499530806 23.039910648654566
280.0625 24.92599615588757 23.03734260181099
280.5625 24.922833126137753 23.03478367612504
281.0625 24.919681867565657 23.032243540772384
281.5625 24.916526272451854 23.029690528091663
282.0625 24.913372055031676 23.027160699970977
282.5625 24.9102598052864 23.024631033060075
283.0625 24.907095332489213 23.02210645403943
283.5625 24.90398407684275 23.019586559843855
284.0625 24.90084732349739 23.017068273167464
284.5625 24.897751516585696 23.014563223047197
285.0625 24.89462247752379 23.01206967879326
285.5625 24.89152398055408 23.009580364863584
286.0625 24.888418306767065 23.007086678161226
286.5625 24.885298820778672 23.004604495353917
287.0625 24.88219393648853 23.00212178309431
287.5625 24.879111430920112 22.99965403219278
288.0625 24.876029743473104 22.99719185436071
288.5625 24.872933575298475 22.994736109685437
289.0625 24.86983173604458 22.99228196567668
289.5625 24.866766460992736 22.98983815523993
290.0625 24.863702240113014 22.98738817363565
290.5625 24.860631499070767 22.98495915307051
291.0625 24.857580064688875 22.9825288490996
291.5625 24.854507277475722 22.980105307819496
292.0625 24.851454964720205 22.977681790847072
292.5625 24.848393701731432 22.975277904960294
293.0625 24.8453663886483 22.97285146673039
293.5625 24.84232354067826 22.970458738501044
294.0625 24.839289100955387 22.968059957989407
294.5625 24.836241503154028 22.965663440107388
295.0625 24.833218056053145 22.9632839715878
295.5625 24.83017590798099 22.96089476235142
296.0625 24.82715575275241 22.958522497469453
296.5625 24.824137228404666 22.956151649753345
297.0625 24.821125105610967 22.95378209779041
297.5625 24.818123780250847 22.951421818512063
298.0625 24.81511255637447 22.94906297201581
298.5625 24.812106432955336 22.946708734087412
299.0625 24.809101297855936 22.944364970871835
299.5625 24.80611278219215 22.942019126072246
300.0625 24.803107403981137 22.939675182512648
300.5625 24.800107077773493 22.937343820980335
301.0625 24.79712064307185 22.93502314765682
301.5625 24.794124478491884 22.932701100336974
302.0625 24.791161684417876 22.930378028101224
302.5625 24.788186906342702 22.92806843114802
303.0625 24.785222905987887 22.925748540433975
303.5625 24.78222265127321 22.923452259410105
304.0625 24.779283982952048 22.921144769687203
304.5625 24.776310286218713 22.918851899910667
305.0625 24.773363382570253 22.916551377540628
305.5625 24.770401113524386 22.914268347282764
306.0625 24.767475397124677 22.91198458229488
306.5625 24.764495520228728 22.909703609329974
307.0625 24.76157341108793 22.90743481267228
307.5625 24.758605929689598 22.905159982656954
308.0625 24.755683821816092 22.902898951899232
308.5625 24.752762964687534 22.900632687236815
309.0625 24.749818257430192 22.89837774983893
309.5625 24.746878872928466 22.89611596009863
310.0625 24.74393866920222 22.89386870239802
310.5625 24.74101956002539 22.8916233811973
311.0625 24.73811873756794 22.88938987003113
311.5625 24.73519496099619 22.887159500085332
312.0625 24.732291309377135 22.884926383867032
312.5625 24.729400491885734 22.882704404395156
313.0625 24.726497688412934 22.880483474041643
313.5625 24.723594364187704 22.878269023411008
314.0625 24.72070207947606 22.87605219747163
314.5625 24.71779993919378 22.873849750065567
315.0625 24.71489698155611 22.87165134749966
315.5625 24.712033336579104 22.869444578181582
316.0625 24.709169083864253 22.86725992659978
316.5625 24.706283398963038 22.865074168919392
317.0625 24.703418623970116 22.862893232554583
317.5625 24.700549707007763 22.860707443752645
318.0625 24.697672590117648 22.85853242802292
318.5625 24.69482935331414 22.856365124562256
319.0625 24.691974226272325 22.854189740792986
319.5625 24.68910932568764 22.852032443034894
320.0625 24.686256658561394 22.849868405760745
320.5625 24.68341138347629 22.84772913279905
321.0625 24.680559446225743 22.84556853225856
321.5625 24.677739772121296 22.843426386671158
322.0625 24.674890608702334 22.841277737058064
322.5625 24.672060345760045 22.839141803390266
323.0625 24.669224527538354 22.837010235711602
323.5625 24.666407186757795 22.834884024889192
324.0625 24.663581124963066 22.832750299603607
324.5625 24.660775835567264 22.830633223571798
325.0625 24.657960804609292 22.828511623317674
325.5625 24.655134512801556 22.82641103983854
326.0625 24.65233082967957 22.824292464129417
326.5625 24.649518352744543 22.822193644330667
327.0625 24.646725678810142 22.820090195116926
327.5625 24.643935551722848 22.817990327100034
328.0625 24.641127373324174 22.8159044208125
328.5625 24.638331376111857 22.813808452911708
329.0625 24.635541399877088 22.811713944243344
329.5625 24.63275110575383 22.809642744230622
330.0625 24.62997216300256 22.80755888151932
330.5625 24.627199309762112 22.805482838282195
331.0625 24.62440497867734 22.80340650775176
331.5625 24.62164530574013 22.801341500753686
332.0625 24.61886768099002 22.799277366278098
332.5625 24.61610691859982 22.797216680922606
333.0625 24.613342556649997 22.79515888083722
333.5625 24.610587998672425 22.79310287814485
334.0625 24.60781400253699 22.79105633613478
334.5625 24.60505895870555 22.78900980566217
335.0625 24.602300747465073 22.78696082577515
335.5625 24.59955351426947 22.78492729291223
336.0625 24.596819151051022 22.782894942778608
336.5625 24.594052684011825 22.780857537054438
337.0625 24.591324459691933 22.77883527012058
337.5625 24.58858683087977 22.776802750272267
338.0625 24.585857477008275 22.774784288330196
338.5625 24.58312851284901 22.77276386431116
339.0625 24.58040384015488 22.770745144021745
339.5625 24.577657786887283 22.768726372552056
340.0625 24.57495252757074 22.766724246358955
340.5625 24.572214740237577 22.764722989124703
341.0625 24.5695053275564 22.762711053847127
341.5625 24.56679297236289 22.760715505982606
342.0625 24.564072509303823 22.75871230429088
342.5625 24.561379353958745 22.75672594844992
343.0625 24.558659017191058 22.754734995198284
343.5625 24.55595393076321 22.752743810623116
344.0625 24.55326593412694 22.750765219027166
344.5625 24.55055408471705 22.74878213867469
345.0625 24.54787190732244 22.746804907360083
345.5625 24.545176490418203 22.744823292413997
346.0625 24.542464144073218 22.742857745118364
346.5625 24.53978636440363 22.740886638776697
347.0625 24.537080855194038 22.738917324088618
347.5625 24.534421616061778 22.73695562330621
348.0625 24.53172497347266 22.735003507718126
348.5625 24.529043545980347 22.7330400250883
349.0625 24.526353105281444 22.731075179417658
349.5625 24.52364627439657 22.729124846044986
350.0625 24.520958465216978 22.72715798938135
350.5625 24.518233637752424 22.725205965001987
351.0625 24.515524874796363 22.72325113841143
351.5625 24.51282598378969 22.721294660807555
352.0625 24.510109727597538 22.719344188279933
352.5625 24.507393009357656 22.71739234368912
353.0625 24.504693621109304 22.715436596122167
353.5625 24.50195987819709 22.713488004136156
354.0625 24.499264184552544 22.7115472338232
354.5625 24.496555544863348 22.709600943300114
355.0625 24.493820406841152 22.707659622277106
355.5625 24.49112846797896 22.70573074038882
356.0625 24.48840518993481 22.70378866734566
356.5625 24.485683573379255 22.701844687544064
357.0625 24.482980864901723 22.699922957587333
357.5625 24.48027492093573 22.69798710927596
358.0625 24.477556946870983 22.696066451163052
358.5625 24.474855921077662 22.694138072271084
359.0625 24.47216174918549 22.6922127608144
359.5625 24.46945871816957 22.690293061252266
360.0625 24.46676766121967 22.68837996902763
360.5625 24.464068690879067 22.68647305236353
361.06249999999994 24.461372606851416 22.68455161214358
361.5625 24.458669643256105 22.68265142251689
362.0625 24.456007971728077 22.680745327360373
362.56249999999994 24.45330217173048 22.678854079221914
363.0625 24.450635745957868 22.676939880964092
363.5625 24.4479665566108 22.67505250738295
364.06249999999994 24.445305747194986 22.673168232842166
364.5625 24.442633740431518 22.67127755356451
365.0625 24.439978291381316 22.669395825964838
365.56249999999994 24.43733876404655 22.66752600992309
366.0625 24.434668306467763 22.66564274107194
366.5625 24.43203970157509 22.663777441218595
367.06249999999994 24.429405552802454 22.66189479575939
367.5625 24.42678813957921 22.660040930054166
368.0625 24.42415112062509 22.65818251422465
368.56249999999994 24.421543614608048 22.656325519526114
369.0625 24.418937491960833 22.654482431256394
369.5625 24.416343321177134 22.652639803511093
370.06249999999994 24.413752862855294 22.650796761200006
370.5625 24.41116900573428 22.64895708280772
371.0625 24.408593569637617 22.647127085985627
371.56249999999994 24.40602553630552 22.64530686977627
372.0625 24.403468123737202 22.64348259816782
372.5625 24.40090647053177 22.641655854041446
373.06249999999994 24.398387759574437 22.63984530115397
373.5625 24.395847409088233 22.638037961733268
374.0625 24.393312356304175 22.63623896805091
374.56249999999994 24.390804887307674 22.63443942027314
375.0625 24.388303211358163 22.63265339073635
375.5625 24.385824951672245 22.630854733822204
376.06249999999994 24.383353305865715 22.629082885736345
376.5625 24.380850368736752 22.627297940354396
377.0625 24.378390356941097 22.62553807179581
377.56249999999994 24.37595589942772 22.62376868385983
378.0625 24.37349092610066 22.622005146308425
378.5625 24.37106948567927 22.62025049105066
379.06249999999994 24.368650513042553 22.618501852764137
379.5625 24.366253221904802 22.616760881871812
380.0625 24.36386937323707 22.615028574022574
380.56249999999994 24.361479146172105 22.6132953092463
381.0625 24.359105262428553 22.61156917595538
381.5625 24.356728448543635 22.609847134501816
382.06249999999994 24.354394554086227 22.608138134195812
382.5625 24.35204157643827 22.606426493617697
383.0625 24.34973519463575 22.604730595576342
383.56249999999994 24.347419879815885 22.603039156020618
384.0625 24.345124832132875 22.601355978394324
384.5625 24.34284886097112 22.59966394805582
385.06249999999994 24.340574715116595 22.59798930728821
385.5625 24.338313219657376 22.596323655473434
386.0625 24.336079804417764 22.594662190283824
386.56249999999994 24.33382854775642 22.593007818589932
387.0625 24.331617371576336 22.591351993752568
387.5625 24.329399611261483 22.58970769945879
388.06249999999994 24.32717952956883 22.588056512834523
388.5625 24.324945829074316 22.586415318115662
389.0625 24.322729995013262 22.584776232520966
389.56249999999994 24.320550047800094 22.583132619786745
390.0625 24.31834578758645 22.581509994639664
390.5625 24.316133596025438 22.57986931103659
391.06249999999994 24.313960584725102 22.578251440840795
391.5625 24.311765500729674 22.576625324440457
392.0625 24.309590330070826 22.57500504840246
392.56249999999994 24.307427802270855 22.573393016769753
393.0625 24.3052454508611 22.571779435055184
393.5625 24.30310053360155 22.570169581217957
394.06249999999994 24.300941506288012 22.56857153605251
394.5625 24.298780925422076 22.5669673243886
395.0625 24.296636138305786 22.565371022845756
395.56249999999994 24.29449522156494 22.563783358952755
396.0625 24.292373489273448 22.56218341687362
396.5625 24.29024506873126 22.560597355393817
397.06249999999994 24.288122113139124 22.559025228194688
397.5625 24.286015974326794 22.55744734918324
398.0625 24.28391316822995 22.555877050460126
398.56249999999994 24.28182505215531 22.554298304790684
399.0625 24.279714621304883 22.552741079345342
399.5625 24.277643166878015 22.55117637224075
400.06249999999994 24.275564951453457 22.54962499617854
400.5625 24.27348293992905 22.548066778974135
401.0625 24.271411547410032 22.54652072476134
401.56249999999994 24.26936913531383 22.544975067422634
402.0625 24.267294233931263 22.543437869874108
402.5625 24.265267600067762 22.541894977297833
403.06249999999994 24.263230724429413 22.540362723868576
403.5625 24.261213330701136 22.53883258691246
404.0625 24.25920623100973 22.537319829598154
404.56249999999994 24.257195808162344 22.535795514399265
405.0625 24.25517671681337 22.534289792490316
405.5625 24.253186466406508 22.532776694393988
406.06249999999994 24.251225226289392 22.531270023379104
406.5625 24.24922265438143 22.529773416467094
407.0625 24.247262494073638 22.528270581229876
407.56249999999994 24.245280207388728 22.526782317929236
408.0625 24.24334593721131 22.525294187536325
408.5625 24.241384657639287 22.523817593739615
409.06249999999994 24.239474967455557 22.522343387689737
409.5625 24.237515866922838 22.52086165049974
410.0625 24.23560099056037 22.51939360171015
410.56249999999994 24.23371254031936 22.517927917241977
411.0625 24.231783412688678 22.51646746499312
411.5625 24.22989197045149 22.51502083795426
412.06249999999994 24.22800925834652 22.5135595070553
412.5625 24.226144427234686 22.51212449260509
413.0625 24.22426191682575 22.510687680228298
413.56249999999994 24.22242323058075 22.50925382920052
414.0625 24.22057937608638 22.507819571723008
414.5625 24.218748178906097 22.506407194338824
415.06249999999994 24.216910878232248 22.504973587538565
415.5625 24.215094048457434 22.503563471588084
416.0625 24.21328948341966 22.50215716306325
416.56249999999994 24.211492341875577 22.500746546484088
417.0625 24.209690403607468 22.49935078576483
