FastTrWP/PhaseSpace/IAs/snIa_0.6_25_0.0_0.0.csv
# %ECSV 0.9
# ---
# datatype:
# - {name: time-rel, datatype: float64}
# - {name: g, datatype: float64}
# - {name: i, datatype: float64}
# schema: astropy-2.0
time-rel g i
[from data line 2257]
1109.8125 -24.19704922777782 -27.083386997456635
1110.3125 -24.195298873788587 -27.082275811701866
1110.8125 -24.193558173458367 -27.08115142384961
1111.3125 -24.191811488570863 -27.080036300094505
1111.8125 -24.19005271143179 -27.07891390840555
1112.3125 -24.188309034450644 -27.07779593417679
1112.8125 -24.186613431365558 -27.0766770325368
1113.3125 -24.18485099202561 -27.075559289068106
1113.8125 -24.183088301882513 -27.074438493602138
1114.3125 -24.181348187939097 -27.07331568977592
1114.8125 -24.179639280021576 -27.072193015639243
1115.3125 -24.177895741102088 -27.071072742661435
1115.8125 -24.176196998113248 -27.06994175115152
1116.3125 -24.17444883599913 -27.068816975084108
1116.8125 -24.17273737738607 -27.06770177411052
1117.3125 -24.1710400587068 -27.066579549871427
1117.8125 -24.16931328990863 -27.065460539766132
1118.3125 -24.167624066185343 -27.06432928583085
1118.8125 -24.165895330928734 -27.06320773411159
1119.3125 -24.164163873840497 -27.062086598118654
1119.8125 -24.1624793745584 -27.06096118162754
1120.3125 -24.160778477835777 -27.05982844133412
1120.8125 -24.159080601440994 -27.058711398609336
1121.3125 -24.157390982835466 -27.05757951006995
1121.8125 -24.155655317832867 -27.05646285075376
1122.3125 -24.153998367401 -27.055327454596316
1122.8125 -24.15230136656557 -27.054214391700476
1123.3125 -24.15058338915152 -27.053073937721877
1123.8125 -24.14893369814735 -27.051953417181526
1124.3125 -24.147240705998097 -27.050827182379837
1124.8125 -24.145553398125767 -27.049695434124512
1125.3125 -24.14386194591868 -27.04856679451005
1125.8125 -24.142199288820656 -27.04743505046702
1126.3125 -24.14049152122162 -27.046297874592685
1126.8125 -24.13883231719165 -27.04517237541449
1127.3125 -24.137199570487866 -27.044043924476753
1127.8125 -24.13549545142075 -27.04291296271439
1128.3125 -24.133816581247128 -27.041778757896996
1128.8125 -24.13217471159228 -27.040658460356916
1129.3125 -24.1304992845889 -27.03951538432918
1129.8125 -24.128864659492628 -27.038383679258075
1130.3125 -24.127193822417425 -27.037251024643982
1130.8125 -24.12555770243479 -27.036120954003366
1131.3125 -24.123907273046136 -27.034986116097976
1131.8125 -24.122287177824163 -27.03384377394447
1132.3125 -24.120641244232843 -27.032717131301318
1132.8125 -24.119005460368914 -27.031584034767384
1133.3125 -24.117322543012797 -27.030444227223654
1133.8125 -24.115699529166456 -27.029300198711578
1134.3125 -24.114066586419234 -27.028170204043956
1134.8125 -24.112432023818453 -27.02703609417067
1135.3125 -24.11080137178852 -27.02589811606324
1135.8125 -24.109165689901822 -27.024764195156727
1136.3125 -24.107563985972437 -27.023622630836364
1136.8125 -24.10594359913878 -27.022485716391262
1137.3125 -24.104358344245846 -27.02135034319152
1137.8125 -24.102751589433872 -27.020206198390166
1138.3125 -24.10108054232385 -27.019071327832215
1138.8125 -24.099514692138413 -27.017927765898094
1139.3125 -24.09792625784074 -27.016793701928627
1139.8125 -24.096310162683498 -27.015646778863697
1140.3125 -24.094721443723408 -27.014503161431943
1140.8125 -24.0931349527612 -27.013373524232197
1141.3125 -24.091524975489303 -27.012217668458433
1141.8125 -24.089926799878192 -27.011083446427072
1142.3125 -24.088364977591624 -27.009940997418763
1142.8125 -24.08682634542798 -27.008803792324127
1143.3125 -24.085215367776257 -27.00764873979442
1143.8125 -24.083647735531287 -27.006515091132304
1144.3125 -24.082088497938226 -27.00537362495318
1144.8125 -24.08054495538036 -27.004219222458108
1145.3125 -24.078986746359195 -27.003083840083715
1145.8125 -24.077400903855967 -27.001935124806742
1146.3125 -24.07584661982174 -27.000788933822122
1146.8125 -24.074323186975384 -26.99964308895591
1147.3125 -24.072790410099586 -26.998490744813996
1147.8125 -24.0712278089276 -26.997353266633954
1148.3125 -24.069671109125945 -26.996195556748678
1148.8125 -24.068169001095654 -26.99505777988087
1149.3125 -24.066627707999707 -26.993908827728397
1149.8125 -24.065073507326385 -26.992764214556736
1150.3125 -24.063571879382227 -26.991614914250693
1150.8125 -24.06205846875723 -26.99046421001169
1151.3125 -24.060582767722618 -26.989322951447896
1151.8125 -24.059035336138255 -26.98816685881479
1152.3125 -24.0575404029414 -26.987030594831793
1152.8125 -24.056011771874637 -26.985867919462887
1153.3125 -24.05452439693988 -26.984718562660635
1153.8125 -24.053076078220478 -26.983575024711378
1154.3125 -24.051566346945474 -26.98242215866729
1154.8125 -24.050096143125067 -26.981261420703238
1155.3125 -24.048597493701 -26.98011809650033
1155.8125 -24.047144557836045 -26.97895519281889
1156.3125 -24.04563860782154 -26.97781542052269
1156.8125 -24.044194948851747 -26.976665861140283
1157.3125 -24.04276286509184 -26.975505005448102
1157.8125 -24.041305051108935 -26.97436384759362
1158.3125 -24.039840088503468 -26.973194117667457
1158.8125 -24.038379861841555 -26.97204745512707
1159.3125 -24.03694637425516 -26.970896994561006
1159.8125 -24.035505329872255 -26.96974378667944
1160.3125 -24.03407462568895 -26.96858997972731
1160.8125 -24.0326383491034 -26.967427827063286
1161.3125 -24.031230239411933 -26.966269226445814
1161.8125 -24.02977238246447 -26.965113916644935
1162.3125 -24.02837524130841 -26.963956476611223
1162.8125 -24.02695980740085 -26.962805371687825
1163.3125 -24.02553683012554 -26.961645322073018
1163.8125 -24.02413560876247 -26.960491002234544
1164.3125 -24.02275332360876 -26.95932385807418
1164.8125 -24.021373097652464 -26.95816793910975
1165.3125 -24.019931936688693 -26.957005604819273
1165.8125 -24.01851871259732 -26.955846013704207
1166.3125 -24.017165279084193 -26.954688713514955
1166.8125 -24.01579542055945 -26.953528744368114
1167.3125 -24.014406847172452 -26.952367356680192
1167.8125 -24.013072607778597 -26.951202391980708
1168.3125 -24.0116812942455 -26.95004525819362
1168.8125 -24.010282379927173 -26.948885024191775
1169.3125 -24.00894705087998 -26.947720779227815
1169.8125 -24.007583078943643 -26.94655657127154
1170.3125 -24.006225564341367 -26.945397000254143
1170.8125 -24.004879710764044 -26.944245373752445
1171.3125 -24.003545390345494 -26.943069096071927
1171.8125 -24.00217331195256 -26.94189965614996
1172.3125 -24.000866456792448 -26.94073407745442
1172.8125 -23.999550132514877 -26.939575903555806
1173.3125 -23.998253627019416 -26.938413662238144
1173.8125 -23.99693912486203 -26.93724865547303
1174.3125 -23.99560930801996 -26.936087357020547
1174.8125 -23.994305236672304 -26.934906471658586
1175.3125 -23.993023796852093 -26.93374532912063
1175.8125 -23.99170478583233 -26.932593831350417
1176.3125 -23.990435790712354 -26.931420867372474
1176.8125 -23.989122612512368 -26.930250969610494
1177.3125 -23.9877969292084 -26.929078971564657
1177.8125 -23.986575941256355 -26.927909573021168
1178.3125 -23.98524350010173 -26.92675511446534
1178.8125 -23.984059122714566 -26.925574178051424
1179.3125 -23.9827927898951 -26.92440674656979
1179.8125 -23.981515702013084 -26.923244424996273
1180.3125 -23.98029038586744 -26.922065494024356
1180.8125 -23.979024922027005 -26.920906914037314
1181.3125 -23.97778615597874 -26.919729285706655
1181.8125 -23.976556273732825 -26.918557673789376
1182.3125 -23.975332240328466 -26.917389725473882
1182.8125 -23.974091543502517 -26.91621806716909
1183.3125 -23.972942499602382 -26.91504755742599
1183.8125 -23.97170728964102 -26.913881584406056
1184.3125 -23.97045595171201 -26.912709313124616
1184.8125 -23.969296575310718 -26.911537260489645
1185.3125 -23.968100097574137 -26.910362097129685
1185.8125 -23.96688655397761 -26.909193254161604
1186.3125 -23.965715552261948 -26.908023780739732
1186.8125 -23.96454994582305 -26.90685668841294
1187.3125 -23.963378838468326 -26.90567867289388
1187.8125 -23.9622358211499 -26.904505012260366
1188.3125 -23.96109775870613 -26.903337791797746
1188.8125 -23.9599113098358 -26.902161869109342
1189.3125 -23.958781348989795 -26.900988165453285
1189.8125 -23.957636999439632 -26.899814546436467
1190.3125 -23.956502227742096 -26.89864233536014
1190.8125 -23.95536386178373 -26.89746680386486
1191.3125 -23.954238503129663 -26.89630116781626
1191.8125 -23.953160126231342 -26.895122665796656
1192.3125 -23.952042571651837 -26.893946535850873
1192.8125 -23.950957517770068 -26.89277767140876
1193.3125 -23.949820905961538 -26.891601544671357
1193.8125 -23.94878728730676 -26.890434595991106
1194.3125 -23.947682392896674 -26.88925091608283
1194.8125 -23.946632503744368 -26.888072332106503
1195.3125 -23.945582371442704 -26.886904867144523
1195.8125 -23.944507836668638 -26.88572618605729
1196.3125 -23.943479621818415 -26.884549542151635
1196.8125 -23.942419333348628 -26.88337503935426
1197.3125 -23.941393594018223 -26.882205518502985
1197.8125 -23.94040305225677 -26.88102672504972
1198.3125 -23.939424628713624 -26.87985577021553
1198.8125 -23.93843314625681 -26.87868386105545
1199.3125 -23.937459616011346 -26.877498877813217
1199.8125 -23.936511204479647 -26.876330774025075
1200.3125 -23.935577552375943 -26.875143260700376
1200.8125 -23.934587677792805 -26.87397604021761
1201.3125 -23.933672754944993 -26.872798004889646
1201.8125 -23.932762939660968 -26.8716285910561
1202.3125 -23.931867287840216 -26.87045776145802
1202.8125 -23.93096794642693 -26.869276909636618
1203.3125 -23.930042721306553 -26.86810238629091
1203.8125 -23.929219874448986 -26.86691812020218
1204.3125 -23.92828800382102 -26.865756719305978
1204.8125 -23.927469731470246 -26.864572012739277
1205.3125 -23.926605534773834 -26.86339678057175
1205.8125 -23.925784315689103 -26.862212134424457
1206.3125 -23.92493087501918 -26.86105245088591
1206.8125 -23.9240649207061 -26.85985707462482
1207.3125 -23.923271965166354 -26.858687654227275
1207.8125 -23.922501182780792 -26.857508431626528
1208.3125 -23.921683528757587 -26.856336104919688
1208.8125 -23.920895404702343 -26.855153027475698
1209.3125 -23.92009522966978 -26.85397840162244
1209.8125 -23.919302976464323 -26.852800808156836
1210.3125 -23.9185199250391 -26.851615678306192
1210.8125 -23.917788330083273 -26.850436264667255
1211.3125 -23.91700963372778 -26.849268054968185
1211.8125 -23.916237664708348 -26.848092372065793
1212.3125 -23.915491606746727 -26.846911406836618
1212.8125 -23.914740322450573 -26.845731523523053
1213.3125 -23.91398168113296 -26.844548109173843
1213.8125 -23.913267754673736 -26.84336725463607
1214.3125 -23.91250407250629 -26.84218493717254
1214.8125 -23.911737478970373 -26.841013158709647
1215.3125 -23.911059332721656 -26.839836516511674
1215.8125 -23.910319155674784 -26.838646657063755
1216.3125 -23.909599331964028 -26.837468659794183
1216.8125 -23.908863370169353 -26.836284731713775
1217.3125 -23.908181288645395 -26.83510445611296
1217.8125 -23.90742991940046 -26.833927131375532
1218.3125 -23.90676386807064 -26.832742583882045
1218.8125 -23.90601645124541 -26.831564306855142
1219.3125 -23.90530394853391 -26.830368613806563
1219.8125 -23.9046289642192 -26.829200475225264
1220.3125 -23.903885355439513 -26.828005182542853
1220.8125 -23.90313227166142 -26.826828403327518
1221.3125 -23.902482744029076 -26.825634833690412
1221.8125 -23.90177868421643 -26.824461035695656
1222.3125 -23.901052300043887 -26.823269681687172
1222.8125 -23.90034822178318 -26.822081383644747
1223.3125 -23.89965570298449 -26.820900235903927
1223.8125 -23.898938682342017 -26.81970668966216
1224.3125 -23.898202197783686 -26.818535275346555
1224.8125 -23.89752342839545 -26.817342362344426
1225.3125 -23.896768155737842 -26.816162607886582
1225.8125 -23.896089416877476 -26.81496889808475
1226.3125 -23.895321028797355 -26.813779859555172
1226.8125 -23.89462452401114 -26.812599483244686
1227.3125 -23.89388671733702 -26.81139776153886
1227.8125 -23.893175382697326 -26.810213809810755
1228.3125 -23.892440712451723 -26.809026679427905
1228.8125 -23.89171819247196 -26.807833280447653
1229.3125 -23.890919689732833 -26.80663747567563
1229.8125 -23.890169370777375 -26.805455064911214
1230.3125 -23.88945088046245 -26.80426314963735
1230.8125 -23.8887031432485 -26.803067563478187
1231.3125 -23.887920358444966 -26.80186387729387
1231.8125 -23.8871326318609 -26.80067975051827
1232.3125 -23.88633504178564 -26.799485088708366
1232.8125 -23.88561988210363 -26.798291104176567
1233.3125 -23.884805828356114 -26.79708888578233
1233.8125 -23.88402783578503 -26.795912500101405
1234.3125 -23.883236796807907 -26.794701326504324
1234.8125 -23.882450738004298 -26.793506038428397
1235.3125 -23.881620320711818 -26.792309464578157
1235.8125 -23.88082960215908 -26.79111282996345
1236.3125 -23.880060361568837 -26.789918667290134
1236.8125 -23.879246501016592 -26.788723754977287
1237.3125 -23.878453861022027 -26.787523424897955
1237.8125 -23.87773409306427 -26.786321751624982
1238.3125 -23.876946540887445 -26.7851264719771
1238.8125 -23.87614950443683 -26.783924586327267
1239.3125 -23.875434643159053 -26.78273727367213
1239.8125 -23.874635199002498 -26.781535363104414
1240.3125 -23.87391600110525 -26.780342129524154
1240.8125 -23.873130380059074 -26.77913784145764
1241.3125 -23.872385644698678 -26.777931963456858
1241.8125 -23.871621379055256 -26.7767326007303
1242.3125 -23.87091494280879 -26.77552964458976
1242.8125 -23.87012655656751 -26.77432884624141
1243.3125 -23.86940829131278 -26.773117707889508
1243.8125 -23.868630847666115 -26.77192278775239
1244.3125 -23.867930327625515 -26.770721741894633
1244.8125 -23.867189199749113 -26.769513755369264
1245.3125 -23.866410383863542 -26.76831104284538
1245.8125 -23.86568832950583 -26.76711596637314
1246.3125 -23.864929287219244 -26.765903470603973
1246.8125 -23.86416898909961 -26.764708487282377
1247.3125 -23.863479955302324 -26.76350147094571
1247.8125 -23.862719109206555 -26.76228598315769
1248.3125 -23.861955105078234 -26.76109417331905
1248.8125 -23.86119777814368 -26.7598838299347
1249.3125 -23.86049173075955 -26.758685831726666
1249.8125 -23.859732489936576 -26.757468119742853
1250.3125 -23.85899625975871 -26.756271561296074
1250.8125 -23.858266398325746 -26.755060942382322
1251.3125 -23.857518216817457 -26.753851995909127
1251.8125 -23.856755438253625 -26.752647557126785
1252.3125 -23.85603463063206 -26.75144478504712
1252.8125 -23.855224680032872 -26.75022461005053
1253.3125 -23.85448125703418 -26.74902893142988
1253.8125 -23.853728441182138 -26.747809101765828
1254.3125 -23.852995743355013 -26.74660815505165
1254.8125 -23.852209974419374 -26.745406463651896
1255.3125 -23.85140648302313 -26.744180018631912
1255.8125 -23.85068999013921 -26.74296630836618
1256.3125 -23.849878733946564 -26.741759993180803
1256.8125 -23.8491288443809 -26.740552536465735
1257.3125 -23.848320248590586 -26.739346737005025
1257.8125 -23.847517262580126 -26.73811988668487
1258.3125 -23.846741186821895 -26.736922776561617
1258.8125 -23.845936319752834 -26.735702574146146
1259.3125 -23.84515035678985 -26.734486870366396
1259.8125 -23.844337249034364 -26.733272297488657
1260.3125 -23.843535909904002 -26.73206438871248
1260.8125 -23.84271715417986 -26.730853293871558
1261.3125 -23.841900050272624 -26.729638330287727
1261.8125 -23.841052561890926 -26.728421948526528
1262.3125 -23.840204620623343 -26.72721339303067
1262.8125 -23.83935138057193 -26.725992423195688
1263.3125 -23.838527704215693 -26.724775691294084
1263.8125 -23.837653901007467 -26.723557232821268
1264.3125 -23.836800761937415 -26.72234415572824
1264.8125 -23.83598044245661 -26.721131794765046
1265.3125 -23.835107006350917 -26.719910659964
1265.8125 -23.83417501644147 -26.718682746633505
1266.3125 -23.833275177945392 -26.717472313060853
1266.8125 -23.832397133597922 -26.716255902143374
1267.3125 -23.8314959671896 -26.71504441819531
1267.8125 -23.83054746848547 -26.71381969146678
1268.3125 -23.829609809410755 -26.712596362714997
1268.8125 -23.828681295389146 -26.711382946374922
1269.3125 -23.827734784485322 -26.710158401871706
1269.8125 -23.826795781193425 -26.708935289420552
1270.3125 -23.825802767704264 -26.707713611814622
1270.8125 -23.824822812948735 -26.706487581315645
1271.3125 -23.823823663032705 -26.705275211710543
