FastTrWP/PhaseSpace/IAs/snIa_0.6_30_1_0.0.csv
# %ECSV 0.9
# ---
# datatype:
# - {name: time-rel, datatype: float64}
# - {name: g, datatype: float64}
# - {name: i, datatype: float64}
# schema: astropy-2.0
time-rel g i
[from data line 2500]
1226.1458333333333 -24.566037402309426 -27.162130905705652
1226.6458333333333 -24.564946663771924 -27.161165615888784
1227.1458333333333 -24.563840794548938 -27.160188318194706
1227.6458333333333 -24.56272917073957 -27.15922100601616
1228.1458333333333 -24.561605953379498 -27.158250619078423
1228.6458333333333 -24.560487824262612 -27.15727547951583
1229.1458333333333 -24.55935226174921 -27.15629973719988
1229.6458333333333 -24.558226585496726 -27.155328214816414
1230.1458333333333 -24.557067295113477 -27.154367468948806
1230.6458333333333 -24.555901412060596 -27.15338773467089
1231.1458333333333 -24.554738949305055 -27.152422485545983
1231.6458333333333 -24.553543209396196 -27.15143883467423
1232.1458333333333 -24.55235380424034 -27.15046994136253
1232.6458333333333 -24.551166701038156 -27.14950159378555
1233.1458333333333 -24.549964039381145 -27.148530800859227
1233.6458333333333 -24.548740546006528 -27.14755400013715
1234.1458333333333 -24.547512835067984 -27.146595569387443
1234.6458333333333 -24.54631956135083 -27.14563035286801
1235.1458333333333 -24.545071833329942 -27.144652254094666
1235.6458333333333 -24.54382731182683 -27.14368380475447
1236.1458333333333 -24.542562382379817 -27.14271857081812
1236.6458333333333 -24.541302070429897 -27.141741532311293
1237.1458333333333 -24.540029094531736 -27.140767733192387
1237.6458333333333 -24.538790628738816 -27.139806651093032
1238.1458333333333 -24.537517383819992 -27.138834378878613
1238.6458333333333 -24.53622649083232 -27.137857036833157
1239.1458333333333 -24.534940360040643 -27.136889224788487
1239.6458333333333 -24.533611398656493 -27.135920581967614
1240.1458333333333 -24.532329658118073 -27.134948923230287
1240.6458333333333 -24.53102388337324 -27.13397815222761
1241.1458333333333 -24.529713586142776 -27.133003461360936
1241.6458333333333 -24.5283749139095 -27.13203597064958
1242.1458333333333 -24.527066625630557 -27.131056259308224
1242.6458333333333 -24.5257243188296 -27.13008754256848
1243.1458333333333 -24.524370215573864 -27.129121546750348
1243.6458333333333 -24.52299280366796 -27.128151877662106
1244.1458333333333 -24.521629340790764 -27.127181823403248
1244.6458333333333 -24.520278894740237 -27.12621079084741
1245.1458333333333 -24.51890652504391 -27.12523501679631
1245.6458333333333 -24.517492928821362 -27.1242659489428
1246.1458333333333 -24.516127634394394 -27.123292578688172
1246.6458333333333 -24.514705254788534 -27.12231921101604
1247.1458333333333 -24.513336396045847 -27.12134798214556
1247.6458333333333 -24.511893676092757 -27.12037412981022
1248.1458333333333 -24.510476975322554 -27.119413652908616
1248.6458333333333 -24.50903471962853 -27.118436005442593
1249.1458333333333 -24.507576108260388 -27.117462385226023
1249.6458333333333 -24.5061807036383 -27.116493630267357
1250.1458333333333 -24.504695152868 -27.115520953224067
1250.6458333333333 -24.50322776759232 -27.114535865584834
1251.1458333333333 -24.50175583959218 -27.11357011677894
1251.6458333333333 -24.500292377066216 -27.112603002624045
1252.1458333333333 -24.49881573898526 -27.11164058088105
1252.6458333333333 -24.497321585121263 -27.110670585726343
1253.1458333333333 -24.495791548680053 -27.109689386336143
1253.6458333333333 -24.49428350954477 -27.108717411405607
1254.1458333333333 -24.4927340359458 -27.107752151485705
1254.6458333333333 -24.491233549756565 -27.106772233575764
1255.1458333333333 -24.489694426009688 -27.10581224037137
1255.6458333333333 -24.488131292457666 -27.104832240170968
1256.1458333333333 -24.486617165202023 -27.103863327195906
1256.6458333333333 -24.485051654849322 -27.10289210976233
1257.1458333333333 -24.48344211703255 -27.101922550733843
1257.6458333333333 -24.481876180384504 -27.100952102385488
1258.1458333333333 -24.480284578751426 -27.09997644043947
1258.6458333333333 -24.478686679380083 -27.099006118327647
1259.1458333333333 -24.4770800157964 -27.0980312883842
1259.6458333333333 -24.475444286301734 -27.097064922153052
1260.1458333333333 -24.47383617982707 -27.096091118399862
1260.6458333333333 -24.47218505472325 -27.09511485275105
1261.1458333333333 -24.47056240070939 -27.09415484899675
1261.6458333333333 -24.468892110658413 -27.093179750879877
1262.1458333333333 -24.46724271629126 -27.092203688791315
1262.6458333333333 -24.46554840176933 -27.091245580816192
1263.1458333333333 -24.46388788149715 -27.090269276211295
1263.6458333333333 -24.462173697120186 -27.089291920111997
1264.1458333333333 -24.460446267039224 -27.088324144213765
1264.6458333333333 -24.45877074758937 -27.087360081634785
1265.1458333333333 -24.45704787333106 -27.08639053809238
1265.6458333333333 -24.45531011873743 -27.08541718947066
1266.1458333333333 -24.453583347535567 -27.084444733970617
1266.6458333333333 -24.451811177969876 -27.083474237156956
1267.1458333333333 -24.450050329788642 -27.082513225305366
1267.6458333333333 -24.44828298341475 -27.0815355804013
1268.1458333333333 -24.44651251712257 -27.08056239600413
1268.6458333333333 -24.444723147377694 -27.079601212093415
1269.1458333333333 -24.44292764470092 -27.078630139364755
1269.6458333333333 -24.441103892515045 -27.077656169623722
1270.1458333333333 -24.439288981152348 -27.076689030825783
1270.6458333333333 -24.437439976220002 -27.07571738624633
1271.1458333333333 -24.435630372319004 -27.074747943704104
1271.6458333333333 -24.433739600893674 -27.073788451185695
1272.1458333333333 -24.431864025161737 -27.072811799208715
1272.6458333333333 -24.43000713976008 -27.071845940167933
1273.1458333333333 -24.42811346902484 -27.070879698161654
1273.6458333333333 -24.42620689642937 -27.069901956523896
1274.1458333333333 -24.424304418030466 -27.06893928785636
1274.6458333333333 -24.42240081334937 -27.067970938119306
1275.1458333333333 -24.420467958366995 -27.067003113270495
1275.6458333333333 -24.418551433935214 -27.066027853122723
1276.1458333333333 -24.416586717220273 -27.065063011750823
1276.6458333333333 -24.41466535644421 -27.06409838756006
1277.1458333333333 -24.41269070452376 -27.06313008708478
1277.6458333333333 -24.41070875271929 -27.062160044241786
1278.1458333333333 -24.408700499643135 -27.061182611210924
1278.6458333333333 -24.406706934607968 -27.060221027174517
1279.1458333333333 -24.4047144896359 -27.059256309534533
1279.6458333333333 -24.402702078535228 -27.05828516240402
1280.1458333333333 -24.400651968043793 -27.057320658306022
1280.6458333333333 -24.398631402395075 -27.05635022412445
1281.1458333333333 -24.3965610969093 -27.055380188744852
1281.6458333333333 -24.394468653180628 -27.05441303936274
1282.1458333333333 -24.392438046980317 -27.053448625285203
1282.6458333333333 -24.39033471926482 -27.052480013468813
1283.1458333333333 -24.38824959172951 -27.051509199040545
1283.6458333333333 -24.386127212085672 -27.05053825398044
1284.1458333333333 -24.3839999250023 -27.049582054384334
1284.6458333333333 -24.381893755937455 -27.04860643380115
1285.1458333333333 -24.379741269211067 -27.047641852808695
1285.6458333333333 -24.377584618435 -27.04667537390106
1286.1458333333333 -24.375443682458222 -27.04570961561455
1286.6458333333333 -24.373256483608557 -27.044739616821552
1287.1458333333333 -24.371085685783875 -27.043769457635165
1287.6458333333333 -24.368850480966255 -27.042801164853508
1288.1458333333333 -24.36666408228252 -27.041837068633768
1288.6458333333333 -24.364456237788925 -27.040865824287245
1289.1458333333333 -24.36222890659576 -27.039900088802142
1289.6458333333333 -24.359944055841034 -27.038935610844884
1290.1458333333333 -24.35768967368183 -27.037964654046235
1290.6458333333333 -24.355399851044428 -27.03700615291353
1291.1458333333333 -24.353148141275618 -27.036043057765056
1291.6458333333333 -24.350833572326827 -27.03506839416494
1292.1458333333333 -24.34853147771294 -27.03409833790774
1292.6458333333333 -24.346206606691062 -27.033136520043488
1293.1458333333333 -24.343852829046455 -27.032176149741858
1293.6458333333333 -24.341525154426442 -27.031214029044975
1294.1458333333333 -24.339150934635537 -27.03024936391507
1294.6458333333333 -24.336784116554576 -27.02927753883795
1295.1458333333333 -24.33439814312599 -27.02831348197988
1295.6458333333333 -24.332007120990365 -27.02734945169718
1296.1458333333333 -24.329566168183945 -27.026381795811346
1296.6458333333333 -24.327156743294495 -27.02542466363073
1297.1458333333333 -24.324704838948644 -27.02445591428068
1297.6458333333333 -24.3222674012174 -27.02349483024949
1298.1458333333333 -24.319782305599222 -27.022530907840746
1298.6458333333333 -24.317304515276554 -27.02157257782392
1299.1458333333333 -24.314811842711798 -27.02060822469199
1299.6458333333333 -24.31229863486781 -27.019640644337603
1300.1458333333333 -24.309767169249813 -27.01867443931142
1300.6458333333333 -24.307244843949498 -27.017725575987622
1301.1458333333333 -24.304699614787715 -27.016756741210944
1301.6458333333333 -24.302095560629596 -27.015796762377242
1302.1458333333333 -24.299542330861325 -27.01483591880935
1302.6458333333333 -24.296921243875072 -27.013865460820274
1303.1458333333333 -24.29429633244596 -27.012919556708464
1303.6458333333333 -24.291679760201248 -27.01196565701153
1304.1458333333333 -24.289022110369082 -27.010995331595048
1304.6458333333333 -24.28636286670329 -27.010033212507224
1305.1458333333333 -24.283708801380296 -27.009077229888454
1305.6458333333333 -24.280996135672837 -27.00812175698672
1306.1458333333333 -24.278304754522896 -27.00716603081409
1306.6458333333333 -24.27557412423181 -27.00620211610407
1307.1458333333333 -24.27284817287626 -27.0052463066627
1307.6458333333333 -24.270090664176855 -27.004291990442844
1308.1458333333333 -24.26728092147977 -27.003326172767895
1308.6458333333333 -24.264542383356865 -27.00237144303094
1309.1458333333333 -24.26172646742294 -27.001416027090137
1309.6458333333333 -24.258930411755365 -27.000460855579135
1310.1458333333333 -24.256083789825425 -26.999504398753267
1310.6458333333333 -24.25322109240138 -26.998546954620146
1311.1458333333333 -24.25033519059012 -26.997584975747834
1311.6458333333333 -24.24742779382631 -26.996644707924812
1312.1458333333333 -24.24449394211852 -26.99568909047183
1312.6458333333333 -24.241517247784238 -26.994734910466587
1313.1458333333333 -24.23855621883898 -26.993785621292176
1313.6458333333333 -24.235552632631432 -26.992827911798777
1314.1458333333333 -24.23250083747459 -26.991890675454464
1314.6458333333333 -24.22944739457618 -26.99093692940917
1315.1458333333333 -24.226321658932818 -26.989995761447858
1315.6458333333333 -24.22321232909098 -26.98904583857668
1316.1458333333333 -24.220096764037876 -26.988101851703657
1316.6458333333333 -24.216901904007308 -26.987161338243766
1317.1458333333333 -24.213713887353236 -26.986209196464714
1317.6458333333333 -24.210509887440633 -26.98526985030858
1318.1458333333333 -24.207271887774745 -26.98432152552688
1318.6458333333333 -24.204012162980852 -26.983388295796487
1319.1458333333333 -24.20070109811853 -26.98244114530366
1319.6458333333333 -24.19740062925406 -26.981496124383387
1320.1458333333333 -24.194052465207776 -26.980568990883906
1320.6458333333333 -24.190711760700218 -26.979618538770247
1321.1458333333333 -24.18735285800894 -26.97868438931709
1321.6458333333333 -24.183921040882023 -26.97774455998895
1322.1458333333333 -24.180488127301043 -26.976798638786757
1322.6458333333333 -24.177041278944596 -26.97585895543297
1323.1458333333333 -24.17359694735264 -26.974932023864476
1323.6458333333333 -24.17009945975307 -26.97399083993084
1324.1458333333333 -24.166575288648893 -26.973056706560477
1324.6458333333333 -24.16303803841118 -26.972119848834566
1325.1458333333333 -24.15951246927736 -26.971186275708824
1325.6458333333333 -24.155904544138526 -26.970241857000104
1326.1458333333333 -24.152317774465256 -26.969308235407986
1326.6458333333333 -24.148749839638036 -26.968373309184386
1327.1458333333333 -24.14511885166561 -26.967452704255383
1327.6458333333333 -24.141466409350617 -26.966507162981827
1328.1458333333333 -24.13782547562427 -26.96556374499638
1328.6458333333333 -24.13412128673599 -26.964632014171748
1329.1458333333333 -24.13045406749199 -26.963697608579132
1329.6458333333333 -24.126698417190937 -26.962766640020476
1330.1458333333333 -24.12301460987078 -26.961834002790724
1330.6458333333333 -24.119273687001474 -26.96089692159022
1331.1458333333333 -24.115496981833967 -26.95995709559103
1331.6458333333333 -24.11174075336168 -26.959020493764797
1332.1458333333333 -24.107962189647658 -26.95808531438822
1332.6458333333333 -24.10417447425364 -26.95714655384695
1333.1458333333333 -24.100336428720496 -26.956203290448812
1333.6458333333333 -24.096503703747537 -26.95527254667967
1334.1458333333333 -24.092677636409853 -26.95433405924151
1334.6458333333333 -24.08881457091614 -26.95340412280888
1335.1458333333333 -24.08494511245065 -26.952464947372352
1335.6458333333333 -24.081097756195675 -26.95153074216391
1336.1458333333333 -24.077179763198963 -26.95058646355033
1336.6458333333333 -24.073314085844054 -26.949645880051932
1337.1458333333333 -24.069399405204813 -26.948699474372173
1337.6458333333333 -24.065486804720024 -26.947772247375504
1338.1458333333333 -24.061569368325433 -26.946823939117593
1338.6458333333333 -24.05760049499516 -26.945875595475343
1339.1458333333333 -24.05371838597416 -26.944937363011675
1339.6458333333333 -24.04973622881037 -26.94400007611091
1340.1458333333333 -24.045795603469507 -26.943053589843224
1340.6458333333333 -24.041833269761227 -26.94211513492921
1341.1458333333333 -24.037879512873165 -26.941176893596772
1341.6458333333333 -24.03389077974396 -26.940227390669197
1342.1458333333333 -24.029900214169288 -26.939278861020508
1342.6458333333333 -24.02591545186096 -26.938332947456395
1343.1458333333333 -24.021941532871853 -26.93737820338415
1343.6458333333333 -24.01796727327593 -26.936435891161693
1344.1458333333333 -24.013968949639906 -26.935477356585984
1344.6458333333333 -24.00998787564959 -26.934539838201893
1345.1458333333333 -24.006047288489583 -26.933591712336316
1345.6458333333333 -24.002034024264816 -26.932636772614188
1346.1458333333333 -23.998046666575235 -26.931678975571188
1346.6458333333333 -23.994032320358816 -26.93072258296945
1347.1458333333333 -23.99004863620227 -26.92977261857273
1347.6458333333333 -23.986092748256468 -26.928809803780126
1348.1458333333333 -23.98211217299158 -26.927858249417017
1348.6458333333333 -23.978117479435944 -26.9268888734203
1349.1458333333333 -23.97414455794268 -26.92593244046138
1349.6458333333333 -23.970146247069557 -26.924981190384322
1350.1458333333333 -23.96610841575821 -26.924004992490133
1350.6458333333333 -23.962074266079945 -26.92305011638835
1351.1458333333333 -23.95805769803441 -26.92208231137609
1351.6458333333333 -23.953971425328234 -26.92113941361837
1352.1458333333333 -23.94987035499859 -26.92017052461301
1352.6458333333333 -23.945740815980834 -26.919205904120513
1353.1458333333333 -23.941636783561798 -26.918246435246267
1353.6458333333333 -23.93747325367321 -26.917284059470667
1354.1458333333333 -23.93331471884968 -26.91631304354061
1354.6458333333333 -23.929117311160034 -26.91535884187717
1355.1458333333333 -23.92487825646208 -26.914389013174652
1355.6458333333333 -23.920676442518754 -26.913426514353624
1356.1458333333333 -23.91642762767415 -26.912469050572728
1356.6458333333333 -23.912138533498354 -26.91150490450007
1357.1458333333333 -23.907888138133675 -26.910547947941236
1357.6458333333333 -23.90358811362312 -26.90958214938753
1358.1458333333333 -23.89926957827415 -26.908613031079177
1358.6458333333333 -23.89496296760602 -26.907651532107337
1359.1458333333333 -23.890587323111383 -26.906688654434305
1359.6458333333333 -23.88620364939721 -26.905721875281294
1360.1458333333333 -23.88189556306444 -26.904755119622564
1360.6458333333333 -23.877479224735456 -26.903793647017604
1361.1458333333333 -23.87305455296548 -26.90282518181349
1361.6458333333333 -23.86863818790772 -26.901852916528096
1362.1458333333333 -23.86424286988197 -26.900889106644534
1362.6458333333333 -23.85978476980617 -26.89993503287527
