FastTrWP/PhaseSpace/IAs/snIa_0.58_30.00_0.56_0.04.csv
# %ECSV 0.9
# ---
# datatype:
# - {name: time-rel, datatype: float64}
# - {name: g, datatype: float64}
# - {name: i, datatype: float64}
# schema: astropy-2.0
time-rel g i
[from data line 1676]
955.3125 24.79110994354667 22.419373075884373
955.8125 24.792934201558893 22.41989346037809
956.3124999999999 24.794738969827716 22.420424246038305
956.8125 24.796550549185426 22.42096027705233
957.3125 24.798387336799905 22.421491278225826
957.8124999999999 24.800195353094388 22.422017729269502
958.3125 24.80202029780933 22.42255397931143
958.8125 24.803834307932892 22.42308161780478
959.3124999999999 24.805626360745986 22.423620785410833
959.8125 24.807452963270954 22.424161711150113
960.3125 24.809275975681928 22.42469306971593
960.8124999999999 24.811098174299016 22.42521529782072
961.3125 24.812910341392517 22.425771498657674
961.8125 24.814721169544494 22.426304775054042
962.3124999999999 24.81654019156568 22.42684177492292
962.8125 24.818358628435128 22.42738905090398
963.3125 24.820177406759115 22.42793077386049
963.8124999999999 24.821985803287077 22.428468132037747
964.3125 24.82379931768928 22.429020258758293
964.8125 24.82560498433375 22.429558130706305
965.3124999999999 24.827424879234293 22.430103779360508
965.8125 24.829237517591608 22.430653135127457
966.3125 24.831044930517475 22.43120003215538
966.8124999999999 24.832838906358408 22.431750538334644
967.3125 24.83464119472344 22.432300350727132
967.8125 24.836460655948702 22.432852147972348
968.3124999999999 24.83825185119821 22.433413504936134
968.8125 24.84007720583351 22.433959435638204
969.3125 24.841873550349124 22.434520053634365
969.8124999999999 24.84368699191841 22.435071956256976
970.3125 24.845494663233136 22.435632884895533
970.8125 24.84727442926118 22.436195988696532
971.3124999999999 24.849091151236685 22.43674808749259
971.8125 24.8509073291887 22.43731272623984
972.3125 24.852707066391886 22.437861264814906
972.8124999999999 24.85448670168745 22.438430936505135
973.3125 24.85630532823199 22.43899923918269
973.8125 24.85809852215531 22.439556213149277
974.3124999999999 24.85988121865428 22.44011935406413
974.8125 24.861703510491676 22.440686719520805
975.3125 24.86346838187513 22.44125523860188
975.8124999999999 24.865285659005693 22.441818840342606
976.3125 24.867103489099257 22.442391161433626
976.8125 24.868884680531767 22.442960921571917
977.3124999999999 24.870678209583783 22.44352790649488
977.8125 24.87246628779898 22.444102841460168
978.3125 24.874247324952027 22.44468092679703
978.8124999999999 24.876053372207714 22.44524975265664
979.3125 24.877858570348955 22.44582043508784
979.8125 24.87964177879453 22.446400147960965
980.3124999999999 24.881440628326622 22.446977886975358
980.8125 24.883229833873443 22.447548610501986
981.3125 24.88500834733864 22.448133773866136
981.8124999999999 24.886814443166585 22.44870941409673
982.3125 24.888598806910416 22.44928703084902
982.8125 24.890408043337956 22.449867004056088
983.3124999999999 24.892191461717907 22.450442448024532
983.8125 24.893984634272194 22.45103041341496
984.3125 24.895759052782523 22.45161399811867
984.8124999999999 24.897551428376794 22.452193634881183
985.3125 24.899353419459555 22.452779862476525
985.8125 24.90113473158646 22.453362121973388
986.3124999999999 24.902925629407594 22.453953202458436
986.8125 24.90470402202828 22.45453256977064
987.3125 24.90650616999003 22.45512076905222
987.8124999999999 24.90829229765657 22.455709691649307
988.3125 24.910059107359864 22.456298020203537
988.8125 24.91187352060488 22.45688884157403
989.3124999999999 24.913659818598713 22.45748226555264
989.8125 24.91542944114343 22.458068258028987
990.3125 24.917201960768033 22.458653395044138
990.8124999999999 24.91901784463522 22.459253344129667
991.3125 24.920800663254454 22.459843623041266
991.8125 24.9225855145377 22.46044208052579
992.3124999999999 24.92436687918268 22.46103024440265
992.8125 24.92616293976649 22.461627387146066
993.3125 24.927925940382952 22.462224828091998
993.8124999999999 24.929719378574205 22.462814013044795
994.3125 24.931521154003935 22.463409655414566
994.8125 24.933310067701836 22.464014748336428
995.3124999999999 24.935078177245565 22.464615266197377
995.8125 24.936852549417218 22.465209841232916
996.3125 24.938642204348444 22.465802810214036
996.8124999999999 24.940433762373353 22.466404028709395
997.3125 24.94223920709604 22.46700260530154
997.8125 24.944021673504203 22.467611226459034
998.3124999999999 24.945802784874903 22.468206847657726
998.8125 24.947601125970763 22.468807017669068
999.3125 24.949357278727323 22.469407607624014
999.8124999999999 24.951170951075614 22.470012139590647
1000.3125 24.95293470923305 22.470616583716605
1000.8125 24.954705527483895 22.471215063690515
1001.3125 24.95650378337364 22.471825571622468
1001.8125 24.958287123118772 22.472429383464643
1002.3125 24.960066113239318 22.473040075513243
1002.8125 24.96186389289159 22.47364949509134
1003.3125 24.963634552155987 22.474261706132857
1003.8125 24.965427435486177 22.474861519838157
1004.3125 24.967173662943225 22.47547539130228
1004.8125 24.968963171209193 22.476084433515922
1005.3125 24.97076112872556 22.476701052464712
1005.8125 24.97251871090424 22.47730768048786
1006.3125 24.974299534818314 22.477923989484424
1006.8125 24.976065391623557 22.47854363514708
1007.3125 24.977858218523032 22.47915279318441
1007.8125 24.97962553764799 22.479765591146666
1008.3125 24.981406541506765 22.480389233457615
1008.8125 24.983176682371848 22.481007624277648
1009.3125 24.98492119894378 22.48163020676726
1009.8125 24.986728967953013 22.482239883540824
1010.3125 24.9884818469057 22.482863295715447
1010.8125 24.99025863111798 22.483485407551456
1011.3125 24.992027438702106 22.48410506252325
1011.8125 24.99380201209519 22.484734694736122
1012.3125 24.99554939657302 22.485354748833267
1012.8125 24.997331210219702 22.48598800972311
1013.3125 24.999092888919666 22.486607084241143
1013.8125 25.000860949121307 22.48723169144573
1014.3125 25.002624657339222 22.487859526947606
1014.8125 25.004397559739317 22.488484918189428
1015.3125 25.00614505803941 22.489111311634066
1015.8125 25.00792285062994 22.489733543258193
1016.3125 25.00969188307403 22.490372581181887
1016.8125 25.01145226218844 22.490994897039457
1017.3125 25.01321918685139 22.491633021919874
1017.8125 25.014979751231557 22.492262280151554
1018.3125 25.01671237999529 22.49290286058505
1018.8125 25.018489666925262 22.493528234816395
1019.3125 25.020264461203613 22.49416146615131
1019.8125 25.02201770528346 22.494794403983718
1020.3125 25.02380447717266 22.495435229277433
1020.8125 25.0255516659502 22.496072659640255
1021.3125 25.027297649169512 22.496710504381042
1021.8125 25.02904530711822 22.497334179828346
1022.3125 25.030823371060595 22.4979836384547
1022.8125 25.032574804417074 22.498626026790372
1023.3125 25.03430705882787 22.49926115532886
1023.8125 25.03607911788857 22.499907575945905
1024.3125 25.03782988391255 22.50054546001654
1024.8125 25.039593108688226 22.501183077334677
1025.3125 25.041340850812684 22.50183117626073
1025.8125 25.04308363722587 22.502478964114818
1026.3125 25.044859103345868 22.50311766946307
1026.8125 25.046603067365144 22.50376640548359
1027.3125 25.04836787347503 22.50441250893217
1027.8125 25.05011474294988 22.50505425145193
1028.3125 25.051856632671985 22.505705017803276
1028.8125 25.053619237954123 22.50634959040063
1029.3125 25.05536608479536 22.506998073427997
1029.8125 25.05712458876846 22.50765088277773
1030.3125 25.058880039483643 22.508299967223195
1030.8125 25.06062187665078 22.508943679228047
1031.3125 25.062392961227083 22.50959231035154
1031.8125 25.064126741559587 22.510244599611834
1032.3125 25.06587940397987 22.510903631713393
1032.8125 25.06764245251217 22.51155481722867
1033.3125 25.06938148009358 22.512197814820617
1033.8125 25.071135668368456 22.512868353285743
1034.3125 25.07288483022258 22.51351419833881
1034.8125 25.07462768430908 22.51416915305242
1035.3125 25.076378811760137 22.514831502679684
1035.8125 25.07812163572904 22.515486850428772
1036.3125 25.07988490317899 22.516138511021026
1036.8125 25.08161077111897 22.51679749611816
1037.3125 25.083368885900615 22.51745922128144
1037.8125 25.085133803354097 22.51811906323029
1038.3125 25.086870835358603 22.51877651005944
1038.8125 25.08861716614235 22.519439239020397
1039.3125 25.09038852837021 22.52009850753953
1039.8125 25.092124318699895 22.52075750387348
1040.3125 25.093864611793183 22.52141780600137
1040.8125 25.095604008269166 22.5220792917858
1041.3125 25.097380898136343 22.522752117890672
1041.8125 25.09908612299299 22.52340965516874
1042.3125 25.10085572626877 22.524079384688317
1042.8125 25.10258926858187 22.52473776944814
1043.3125 25.104335761799792 22.52540998036865
1043.8125 25.10606735463022 22.526072784471083
1044.3125 25.10778593135576 22.52674760001844
1044.8125 25.10953953652601 22.527410036334498
1045.3125 25.111274613210696 22.5280856540358
1045.8125 25.113004689777142 22.528747626740348
1046.3125 25.114755437258715 22.529421861098008
1046.8125 25.11648827794522 22.530098650778818
1047.3125 25.11820745573437 22.530761699780268
1047.8125 25.119948016762265 22.53143810568951
1048.3125 25.121702029849647 22.53211563224241
1048.8125 25.12340686513061 22.532788999860664
1049.3125 25.125154560462306 22.533458136382816
1049.8125 25.126881795140626 22.53412583097269
1050.3125 25.12860799449202 22.534809032329054
1050.8125 25.13033386244564 22.53548933077969
1051.3125 25.132036105510043 22.536163571150393
1051.8125 25.133784781179184 22.53684061591303
1052.3125 25.13552424369667 22.537523401189485
1052.8125 25.137256325604742 22.53820441032886
1053.3125 25.138991819504227 22.538886628470234
1053.8125 25.14068119826677 22.53956817775281
1054.3125 25.142428426242244 22.540246271967558
1054.8125 25.1441554088796 22.540930740504976
1055.3125 25.145890801114437 22.54161595455601
1055.8125 25.147596840618668 22.54229385784667
1056.3125 25.149307193239494 22.54298572855603
1056.8125 25.15103570394993 22.5436745839167
1057.3125 25.152735459419617 22.544353473664763
1057.8125 25.154458947791134 22.54504751371988
1058.3125 25.156189776605316 22.54573741521547
1058.8125 25.157911303547525 22.546424457127582
1059.3125 25.159649116536478 22.547109288409533
1059.8125 25.161348187253942 22.54780608758452
1060.3125 25.163045066619784 22.54850057255894
1060.8125 25.164773446596797 22.549186547020735
1061.3125 25.16648393514551 22.549893804345874
1061.8125 25.168200167412806 22.550580467298364
1062.3125 25.16992878723627 22.551277085743653
1062.8125 25.171620694654138 22.551966109909834
1063.3125 25.17331884299219 22.552671286637334
1063.8125 25.17505287353458 22.55335945119996
1064.3125 25.17675460883917 22.55406225607676
1064.8125 25.17846158628039 22.554769545934548
1065.3125 25.180164705363914 22.555469597955465
1065.8125 25.181903191497742 22.556166370614307
1066.3125 25.183612813556287 22.55686730154344
1066.8125 25.185328961593147 22.55757591707452
1067.3125 25.187020567084947 22.558275869067582
1067.8125 25.188735182370824 22.558974010507107
1068.3125 25.190422591548934 22.55968582706663
1068.8125 25.192116189642437 22.560398277117773
1069.3125 25.1938312626076 22.561100322222693
1069.8125 25.195537656383497 22.56180939222733
1070.3125 25.197251452170534 22.56251616827687
1070.8125 25.198945559089157 22.56322447239785
1071.3125 25.200646907952912 22.563940211119796
1071.8125 25.202370606631426 22.56464636244628
1072.3125 25.20406898668602 22.565363103796464
1072.8125 25.205763752848963 22.566079152249255
1073.3125 25.207461216174924 22.566787260991234
1073.8125 25.209160517556775 22.567511621048265
1074.3125 25.210885132551006 22.56822527613499
1074.8125 25.21256392680652 22.568946760392784
1075.3125 25.214241463219157 22.5696663425548
1075.8125 25.215938166783353 22.570380923644663
1076.3125 25.21766526830576 22.57109843218407
1076.8125 25.219337374742622 22.571821327850333
1077.3125 25.22104439613994 22.57254127401064
1077.8125 25.222739727375235 22.573262679031085
1078.3125 25.224435706562826 22.573990896752584
1078.8125 25.226105391591854 22.57471068640538
1079.3125 25.22779396151266 22.575441932117528
1079.8125 25.229500798912902 22.57616201879854
1080.3125 25.231180751148628 22.57688679000456
1080.8125 25.232881893839732 22.57762139503232
1081.3125 25.234545575599668 22.578347686828913
1081.8125 25.236232560957603 22.57907584718827
1082.3125 25.23791673734285 22.579809501870074
1082.8125 25.23962358279723 22.580533040134185
1083.3125 25.241328588357874 22.581273338102786
1083.8125 25.242992740600485 22.581999828719376
1084.3125 25.244668152442387 22.582734370935942
1084.8125 25.246332378843597 22.583468754044738
1085.3125 25.24803576712941 22.584211630795053
1085.8125 25.24970127027112 22.58494866254424
1086.3125 25.25137533059491 22.58568004648605
1086.8125 25.253061343187767 22.586420166128875
1087.3125 25.254712212779307 22.587157072580734
1087.8125 25.25639312587395 22.587898474792112
1088.3125 25.258056054591485 22.588641055903835
1088.8125 25.259739145974052 22.589382698810738
1089.3125 25.261417267082273 22.590124839154505
1089.8125 25.26307981310937 22.5908572125061
1090.3125 25.264736447393815 22.591608684409792
1090.8125 25.26639803755785 22.59234965799527
1091.3125 25.26806724955229 22.593095484676667
1091.8125 25.269751299123598 22.59384862790094
1092.3125 25.271411220767504 22.5945979219316
1092.8125 25.273066501158667 22.595348146239125
1093.3125 25.274735949990674 22.59609460217806
1093.8125 25.27640286690778 22.59685280779084
1094.3125 25.278058626949417 22.597601764452016
1094.8125 25.279703570561548 22.598354340531156
1095.3125 25.28136246065712 22.599109914399
1095.8125 25.283037408539506 22.599867460927246
1096.3125 25.284672878683672 22.60061713659404
1096.8125 25.286318504850854 22.60137284342742
1097.3125 25.287978799402417 22.602140160813637
1097.8125 25.28965137982624 22.60289131701111
1098.3125 25.291282349643673 22.60365335532405
1098.8125 25.29294729805493 22.604413367430745
1099.3125 25.294589260306246 22.60518655500114
1099.8125 25.296263202378665 22.605944318883758
1100.3125 25.297898306177263 22.60670599996764
1100.8125 25.299535504152544 22.607472260862384
1101.3125 25.30117012177567 22.60824040372155
1101.8125 25.302817303257505 22.60899994092287
1102.3125 25.304452082133725 22.609775875094385
1102.8125 25.30609558495783 22.610543388953047
1103.3125 25.30776990475858 22.61131554618729
1103.8125 25.309394668185554 22.612086916821138
1104.3125 25.311036322409997 22.612857884051465
1104.8125 25.31266177597988 22.613631321509608
1105.3125 25.31432014333427 22.61440926153515
1105.8125 25.315929682269733 22.61518184013754
1106.3125 25.317564017056952 22.61595702267924
1106.8125 25.31919648016148 22.616739351913147
1107.3125 25.32083737624621 22.617517631342054
1107.8125 25.322481107392974 22.618290891846286
1108.3125 25.324085676588286 22.619067265062533
1108.8125 25.325729140463267 22.61986738050433
1109.3125 25.327372992591165 22.620649525805526
1109.8125 25.328996591325854 22.62142853521331
1110.3125 25.330603736338997 22.62221383456079
1110.8125 25.332219974708252 22.623001621716334
1111.3125 25.333867780429603 22.623794168735753
1111.8125 25.335471979549236 22.62457937301098
1112.3125 25.337084705768113 22.62537420501227
1112.8125 25.338734471671195 22.626172470005685
1113.3125 25.340347070686487 22.626959049735152
1113.8125 25.34196279613886 22.627747995473833
1114.3125 25.343568955932323 22.628550141130567
1114.8125 25.34517290580565 22.629345876376917
1115.3125 25.34681266654602 22.630144737739705
1115.8125 25.348418153464458 22.63094117905449
1116.3125 25.350033370366063 22.631743880694334
1116.8125 25.35162452248079 22.63253581914771
1117.3125 25.353228206989563 22.633346510079285
1117.8125 25.354833010582357 22.63414217517237
1118.3125 25.35645163744817 22.634959444605197
1118.8125 25.358054472633874 22.63575860770471
1119.3125 25.359649422009323 22.63656142189411
1119.8125 25.36126827865388 22.637372494148543
1120.3125 25.36284179327137 22.63817301198528
1120.8125 25.36443790768534 22.638990161574387
1121.3125 25.36601444153463 22.639803055921295
1121.8125 25.367621271567195 22.64061855757805
