FastTrWP/PhaseSpace/IAs/snIa_0.37_30.00_-1.06_0.06.csv
# %ECSV 0.9
# ---
# datatype:
# - {name: time-rel, datatype: float64}
# - {name: g, datatype: float64}
# - {name: i, datatype: float64}
# schema: astropy-2.0
time-rel g i
[from data line 2140]
675.0 25.376585080454607 23.22311127758551
675.5 25.378484022382835 23.22384087338709
676.0 25.380369116620063 23.224579785353306
676.5 25.38226951872861 23.225318068217575
677.0 25.38417324314086 23.226036968381397
677.5 25.386108215271697 23.22677910215258
678.0 25.388015189945243 23.227518491265332
678.5 25.38992748511824 23.22826173184332
679.0 25.39184267378143 23.22900639595676
679.5 25.393775678137782 23.229730500472453
680.0 25.395652990965083 23.2304758550941
680.5 25.397566833322397 23.231211956132544
681.0 25.399466158215294 23.23195849315401
681.5 25.40139729302873 23.23269128581497
682.0 25.403288875784312 23.23343363217849
682.5 25.40519204295229 23.23418187284901
683.0 25.407129054639267 23.234929876898036
683.5 25.409028846645292 23.2356735745142
684.0 25.41095030785924 23.236409848742383
684.5 25.412860214698682 23.237157567841106
685.0 25.414741435074767 23.23790023423888
685.5 25.41668326404153 23.238644231282798
686.0 25.418580797534084 23.239392095116145
686.5 25.420495582381804 23.240142265020136
687.0 25.422385124975765 23.240896299819767
687.5 25.424334684027844 23.241634850955887
688.0 25.426250099012574 23.242385528409464
688.5 25.428142570632914 23.24313273526797
689.0 25.430013535213313 23.243885973858177
689.5 25.43195155837462 23.244632555282298
690.0 25.433839192843802 23.245390868401564
690.5 25.435761685334583 23.246136083400554
691.0 25.437649542677157 23.246901428326264
691.5 25.439572284932265 23.247647423484178
692.0 25.44148782739491 23.24839377365747
692.5 25.44339691917883 23.24914196333552
693.0 25.445276843710513 23.249904780926286
693.5 25.44718821233785 23.250664517537967
694.0 25.449103195667846 23.251418347109443
694.5 25.45101250000537 23.252177110903
695.0 25.452920976666427 23.252926537479972
695.5 25.454817965071463 23.25368574996815
696.0 25.45671741986287 23.254445045220862
696.5 25.458588370421968 23.2552046866769
697.0 25.460540556088347 23.255963057974434
697.5 25.462403834546173 23.256728379631074
698.0 25.464334204194998 23.257483496984044
698.5 25.466240463737154 23.25824029840941
699.0 25.4681598180633 23.259013591328497
699.5 25.470058999653617 23.259767755242695
700.0 25.47198051552627 23.26053355832017
700.5 25.473849613654718 23.261300223060335
701.0 25.475775057221554 23.26206820001004
701.5 25.47765400093034 23.262833753331222
702.0 25.47957661215844 23.263601577994883
702.5 25.481497046089675 23.264372432795234
703.0 25.48336127244335 23.26514384867471
703.5 25.485306338302387 23.265907402366505
704.0 25.4871854718664 23.266672553484042
704.5 25.48907959891837 23.26744116978407
705.0 25.490993537814198 23.268226165422377
705.5 25.492891016230214 23.268985409824445
706.0 25.49481833255795 23.269767125401962
706.5 25.496720708381954 23.270524590215544
707.0 25.498635848799005 23.27130865633073
707.5 25.50050100223843 23.272088538709113
708.0 25.502411682944807 23.272858687536786
708.5 25.504337858717573 23.2736254330618
709.0 25.50620941045967 23.2744148406368
709.5 25.50811781867297 23.27518478042005
710.0 25.510005972523366 23.275964069914913
710.5 25.51191744413899 23.276742000974867
711.0 25.513801480458266 23.277525132227076
711.5 25.51572848626848 23.278300813132297
712.0 25.517581093561045 23.27908288510448
712.5 25.519531672037612 23.279853456834285
713.0 25.521373364839185 23.28064690942247
713.5 25.523269318953886 23.28141586889778
714.0 25.525200066181167 23.282205029326125
714.5 25.527084612294587 23.282983372374893
715.0 25.528972477693998 23.28377434932456
715.5 25.5308764729025 23.284548269413
716.0 25.532758949803025 23.28532889190597
716.5 25.53459909040491 23.28611685013164
717.0 25.536520683516414 23.286904165897184
717.5 25.538424854602066 23.287689063810042
718.0 25.540289199912543 23.28846781035449
718.5 25.542187405415827 23.28926672645743
719.0 25.54407176795774 23.290049852100644
719.5 25.54598333891078 23.290834168659018
720.0 25.547838555735215 23.291615094863456
720.5 25.549703229485875 23.292404996209942
721.0 25.55160348055912 23.293199921827473
721.5 25.5534708360902 23.29398150839374
722.0 25.55535027313937 23.294778398612603
722.5 25.557234574811133 23.295557099714287
723.0 25.559102897216064 23.296356213009947
723.5 25.560977371190443 23.29714649459013
724.0 25.562839244132988 23.297925208220377
724.5 25.56470652218531 23.298730013695554
725.0 25.56661724436832 23.299514672999248
725.5 25.568474039638414 23.300305892658265
726.0 25.570314536950235 23.301088930065653
726.5 25.57217452885681 23.301893366835245
727.0 25.574061099758225 23.302696096441547
727.5 25.575883459595715 23.303484602695864
728.0 25.577781582030358 23.304273706325482
728.5 25.57962714892167 23.305069245249367
729.0 25.581497917176964 23.3058613762563
729.5 25.58339159294769 23.306650158102684
730.0 25.58523236689082 23.307453634775165
730.5 25.587058884125863 23.30824728162805
731.0 25.588933113021774 23.309049032044182
731.5 25.59077918463903 23.309844968803084
732.0 25.59264983213228 23.310635839327304
732.5 25.59449889613844 23.31143956703658
733.0 25.59633443153 23.31222942448944
733.5 25.598189532700978 23.313034764218674
734.0 25.60000660208321 23.313835566273067
734.5 25.601865022602283 23.314632829197098
735.0 25.60371549214552 23.315429947609346
735.5 25.605544289241013 23.316235753962932
736.0 25.607417511848688 23.31702327269558
736.5 25.609249234743036 23.317837735860174
737.0 25.611090908961337 23.318638004263796
737.5 25.612912498791456 23.319433129115534
738.0 25.61476830407884 23.320230808123867
738.5 25.616594808466772 23.32105380669118
739.0 25.61842663635927 23.32185223649237
739.5 25.62024183325464 23.322659717769557
740.0 25.62208775221721 23.32345391450827
740.5 25.623943828846922 23.324268346932236
741.0 25.625715598207137 23.325069865937497
741.5 25.627559469826387 23.325880428572003
742.0 25.62940853497399 23.32669700615607
742.5 25.6312300604353 23.32749379936648
743.0 25.633047507604076 23.32830231134844
743.5 25.634858107456044 23.32911692406504
744.0 25.63667601606602 23.329923094422192
744.5 25.638537907269132 23.330738694092407
745.0 25.640337330644833 23.33153946860419
745.5 25.64214216272175 23.332361621726644
746.0 25.643956009935913 23.333166003303155
746.5 25.64576179619809 23.333985494693437
747.0 25.64754093718669 23.33480026787493
747.5 25.649383804857543 23.335605547056147
748.0 25.651166765441687 23.336429336838055
748.5 25.652981972043722 23.33723292226417
749.0 25.65479088918466 23.338066535416747
749.5 25.656588127290085 23.338873538601867
750.0 25.658378324711 23.339696096670654
750.5 25.660186633686845 23.340511463522375
751.0 25.66196120882051 23.34132587277185
751.5 25.663771727340333 23.342154637381142
752.0 25.66555217095656 23.342965281883437
752.5 25.667344214991786 23.343794393773088
753.0 25.66917040232298 23.344620243631624
753.5 25.670936176836182 23.345440610648144
754.0 25.67269669825532 23.346266438141583
754.5 25.674503137383017 23.34708093438166
755.0 25.676279538166902 23.347902725392913
755.5 25.678042663539404 23.348744319418554
756.0 25.67982999777125 23.349561523212788
756.5 25.68159880476932 23.350399752036356
757.0 25.683374492169936 23.35121886998859
757.5 25.68514530403568 23.352052864580664
758.0 25.686911044891104 23.352889181098355
758.5 25.688658895840028 23.353716640493328
759.0 25.69042327469299 23.354541129864998
759.5 25.692219785682475 23.355375341660185
760.0 25.693950030621515 23.356203843575642
760.5 25.69573107042951 23.357045803812838
761.0 25.697474221612417 23.357879294667477
761.5 25.69921655447429 23.35870792666119
762.0 25.700983086033272 23.359555061114516
762.5 25.70274070435955 23.360381063908644
763.0 25.70448791527646 23.361222523921697
763.5 25.706221119305006 23.362073238510487
764.0 25.707959662472277 23.362904845070652
764.5 25.70969239725023 23.36374071731229
765.0 25.71144608384632 23.36458769920518
765.5 25.713160812273387 23.365424385289955
766.0 25.71488145532821 23.366263057329316
766.5 25.71665595129007 23.36710618395064
767.0 25.718368988373417 23.36795247059311
767.5 25.720115602625523 23.368792568034095
768.0 25.721821424836094 23.369639276611483
768.5 25.72355184081911 23.37048134446284
769.0 25.72526606518934 23.371329774365663
769.5 25.72695939197154 23.372171952750573
770.0 25.728676955052897 23.37303722953566
770.5 25.730401280502242 23.373875447725794
771.0 25.73210977723283 23.37472759155128
771.5 25.73379549668126 23.37556806341878
772.0 25.73552819402659 23.37642445354964
772.5 25.737192738195297 23.377279222879007
773.0 25.73891645481618 23.37813398695772
773.5 25.74060667914346 23.378989945384415
774.0 25.74231154801214 23.37983442760128
774.5 25.74401040950476 23.38068987657494
775.0 25.745686840961675 23.381530913711526
775.5 25.74740320600211 23.382395569904972
776.0 25.74906989507174 23.383265357374434
776.5 25.750762901463517 23.384115988638122
777.0 25.752451734413164 23.38498031030491
777.5 25.75413021389565 23.385831689970335
778.0 25.75580377428254 23.386692229660873
778.5 25.757463084224458 23.38755237952966
779.0 25.759136365057206 23.38840154779693
779.5 25.760799518492558 23.38927009238862
780.0 25.76247680200052 23.390137365205227
780.5 25.76411455557632 23.390989579190723
781.0 25.765779879979466 23.39186241894214
781.5 25.76742716098004 23.392715433891354
782.0 25.769080554007907 23.39359002393833
782.5 25.770719526933643 23.394459177529384
783.0 25.77240254531671 23.39531978721177
783.5 25.774046872269988 23.39619420710303
784.0 25.77569679558389 23.397066685152712
784.5 25.77732840635843 23.397930451475922
785.0 25.778978352068336 23.398797368267292
785.5 25.780599751419437 23.399670312892624
786.0 25.78221835847078 23.400539259519174
786.5 25.78387862928071 23.401407681715938
