FastTrWP/PhaseSpace/IAs/snIa_0.44_30.00_1.42_0.07.csv
# %ECSV 0.9
# ---
# datatype:
# - {name: time-rel, datatype: float64}
# - {name: g, datatype: float64}
# - {name: i, datatype: float64}
# schema: astropy-2.0
time-rel g i
[from data line 701]
-55.5 23.24234898476608 22.487188353042704
-55.0 23.241637123201897 22.486196436311943
-54.5 23.240943917825405 22.485209777333154
-54.0 23.240247729217707 22.484223450897996
-53.5 23.23956796383655 22.483237730697184
-53.0 23.238893998776483 22.482261612313632
-52.5 23.238219827926493 22.48128987878802
-52.0 23.23756120593395 22.48031833801132
-51.5 23.236903131734184 22.479350028475178
-51.0 23.236255576385627 22.47839645892966
-50.5 23.235624478519497 22.47744176566787
-50.0 23.23498242386133 22.476484892343827
-49.5 23.23434987757052 22.475541953169728
-49.0 23.233732533505524 22.474594183456425
-48.5 23.23312291885781 22.473656143879516
-48.0 23.232520206537572 22.472714437712256
-47.5 23.231909517245484 22.4717879781696
-47.0 23.2313228232869 22.47086294978525
-46.5 23.23073877754991 22.46994202673768
-46.0 23.230166421977057 22.469015380294486
-45.5 23.229595475857202 22.468103865152877
-45.0 23.229032573092997 22.46719710653922
-44.5 23.228470498875588 22.466290938733437
-44.0 23.22792021669561 22.46539138634057
-43.5 23.227375005645822 22.464498069757
-43.0 23.226851351294084 22.463607652160192
-42.5 23.226327305402556 22.462718694661163
-42.0 23.225797297976385 22.461828238662576
-41.5 23.225293206967077 22.46095348597922
-41.0 23.224785592720814 22.460074697321062
-40.5 23.2242859341183 22.45920158071325
-40.0 23.22379228300683 22.458341924090888
-39.5 23.223314731854945 22.45747874306594
-39.0 23.222837008313473 22.45662506580595
-38.5 23.22237271289243 22.45575911593246
-38.0 23.22191181816297 22.454909695139136
-37.5 23.221451004531293 22.45406345042198
-37.0 23.221007583235995 22.453226803653052
-36.5 23.220563984514236 22.45239070565097
-36.0 23.22012453948775 22.45155399680895
-35.5 23.219696372439774 22.450729134683186
-35.0 23.21928293470934 22.449896025300685
-34.5 23.218864962964744 22.449083396168213
-34.0 23.218458961275918 22.448259588070194
-33.5 23.21806092257176 22.44744210724845
-33.0 23.21765903210727 22.446634653148884
-32.5 23.21727680169014 22.44582428337813
-32.0 23.216893576611852 22.445029498660496
-31.5 23.21652333606924 22.444232987711107
-31.0 23.21615373307028 22.44343484463205
-30.5 23.215796139581542 22.442643522509616
-30.0 23.215433491511718 22.44185454119865
-29.5 23.21509039283346 22.441072392733894
-29.0 23.21474209929878 22.4402932986678
-28.5 23.214395397309833 22.43951429187094
-28.0 23.214076765716808 22.43874548004782
-27.5 23.2137430885589 22.43797742774589
-27.0 23.21343102691894 22.437212619057895
-26.5 23.21311129851098 22.43644676222065
-26.0 23.21280878240884 22.43569033809576
-25.5 23.21250742504493 22.43493184082996
-25.0 23.212211863563212 22.434181761538618
-24.5 23.211932139494508 22.43343641757965
-24.0 23.211647055597307 22.43268565765387
-23.5 23.211365305420642 22.43194346673824
-23.0 23.211101922120157 22.431212459102273
-22.5 23.210825480895835 22.43047068434247
-22.0 23.210574152708247 22.429744880172372
-21.5 23.21031595109637 22.429016313809704
-21.0 23.210066605377733 22.428289273467744
-20.5 23.20982450563941 22.427558197451596
-20.0 23.209588624899563 22.42684378194081
-19.5 23.2093605062053 22.42613389830225
-19.0 23.209129922633885 22.4254195157207
-18.5 23.208911470056965 22.42471016824797
-18.0 23.208700446601462 22.424000175627388
-17.5 23.208483473075468 22.42329517220849
-17.0 23.208285969205672 22.4225961971619
-16.5 23.208094987677136 22.421900654343972
-16.0 23.207880299855358 22.421201194494902
-15.5 23.207708105935218 22.420509124796272
-15.0 23.207515565253836 22.419821071024373
-14.5 23.20734227830347 22.419133352915512
-14.0 23.207159531567413 22.418447474852265
-13.5 23.206991537730918 22.41776918429997
-13.0 23.206832134451595 22.41709935319872
-12.5 23.206673433333258 22.41641916149323
-12.0 23.206521807354882 22.41574299852994
-11.5 23.206368318389494 22.41507411605138
-11.0 23.20622897269741 22.414411559194413
-10.5 23.20607878232826 22.413736857544706
-10.0 23.20594728705601 22.41308295396665
-9.5 23.205814957616973 22.412419639536353
-9.0 23.205703154846073 22.411766383072035
-8.5 23.205579822978542 22.411111849966122
-8.0 23.20546824295168 22.410461954637118
-7.5 23.20535838611376 22.40981099036311
-7.0 23.205249726627354 22.409172424190924
-6.5 23.205160730227984 22.408533069267374
-6.0 23.20507652918303 22.407891451589784
-5.5 23.204999150901656 22.407266305072365
-5.0 23.204926502728675 22.40663601029812
-4.5 23.20487105265039 22.40601103924338
-4.0 23.204804696415838 22.405393832829077
-3.5 23.20474689136625 22.40477609286706
-3.0 23.20470790982752 22.404163932706847
-2.5 23.204677052130616 22.403558542681424
-2.0 23.20464156832511 22.4029484385088
-1.5 23.20462049787265 22.402349104042003
-1.0 23.204591669160244 22.401744722509335
-0.5 23.204575969728126 22.40114818657338
0.0 23.204569441115567 22.400553640381563
0.5 23.20457168667453 22.399964218205785
1.0 23.204576087928782 22.39938199189163
1.5 23.20459846394084 22.39880038490627
2.0 23.20460631870166 22.398227597298586
2.5 23.204628146043543 22.397644507445587
3.0 23.204663907900745 22.39706868223273
3.5 23.204686800468743 22.396496384810888
4.0 23.204733876495528 22.39592631812334
4.5 23.204777587424008 22.395367210497348
5.0 23.20481514062537 22.394806522757648
5.5 23.20488271155625 22.39424080456097
6.0 23.204939232396832 22.39368848901816
6.5 23.20500759976001 22.393129800235123
7.0 23.205066041842237 22.392573576071054
7.5 23.205147667078897 22.392031998864084
8.0 23.205231876281303 22.391483422827765
8.5 23.205304616465302 22.39093425704349
9.0 23.205391851801927 22.390393055293345
9.5 23.205481736307092 22.389848187408656
10.0 23.205581009810565 22.38931605733618
10.5 23.205677377770698 22.388777488394844
11.0 23.205782672684293 22.388245375155854
11.5 23.2058910688935 22.387709945097217
12.0 23.2060017232685 22.387184953553945
12.5 23.20612674718351 22.38665151392402
13.0 23.206247060809922 22.386125372039697
13.5 23.206363132091184 22.385601641280665
14.0 23.20648750726322 22.38507590479741
14.5 23.20662916779454 22.3845559621798
15.0 23.206755333813966 22.3840359423632
15.5 23.206892061674512 22.383517520973285
16.0 23.207034828414624 22.383000054126228
16.5 23.20717579020384 22.382490530724787
17.0 23.207324957857015 22.381969937389805
17.5 23.20747326712503 22.381461137929897
18.0 23.207623561341222 22.380958014472803
18.5 23.207774416158266 22.38043991709269
19.0 23.20794055237379 22.379935868441798
19.5 23.208100936706284 22.379428299394135
20.0 23.208256380146523 22.3789221762944
20.5 23.208422457279205 22.378410671276207
21.0 23.20859284213798 22.377918014358865
21.5 23.208761054538694 22.377406820186874
22.0 23.20892189035117 22.376908613309926
22.5 23.209107331457236 22.376406220245624
23.0 23.20927195050091 22.37590667415104
23.5 23.209455104588585 22.375410541488865
24.0 23.209629625918488 22.37491248990123
24.5 23.209815101650317 22.374414748210736
25.0 23.209996433476906 22.37391335648919
25.5 23.210190219881284 22.373422633418937
26.0 23.210363522275767 22.37292655976119
26.5 23.210548495121827 22.37242614421866
27.0 23.210728646959492 22.371938613573942
27.5 23.210926075880142 22.371439066649902
28.0 23.211120843135575 22.370955190605603
28.5 23.211320680954874 22.370469294966092
29.0 23.211527438568634 22.369975984878213
29.5 23.211737645154198 22.369494770992144
30.0 23.21193933493443 22.36899976016823
30.5 23.212154218771825 22.368521727632256
31.0 23.21236391561814 22.368038366635453
31.5 23.21257963867268 22.36755546018815
32.0 23.212800296358726 22.36708082394772
32.5 23.213035139680724 22.366600841616414
33.0 23.21325989571172 22.366123572986588
33.5 23.213488488869306 22.36564792084058
34.0 23.213720864993462 22.365170900370998
34.5 23.21396403941634 22.364704230701026
35.0 23.214193350068975 22.36423784852168
35.5 23.214443774266876 22.363764017496656
36.0 23.214690276481456 22.363295299088723
36.5 23.214947293572624 22.36283046193973
37.0 23.215206439459124 22.362363120056536
37.5 23.215456618973004 22.361908713075827
38.0 23.21571257611469 22.361450562008876
38.5 23.21598559213964 22.360983226096213
39.0 23.21624240345131 22.36052462399668
39.5 23.216516800853114 22.360071091406674
40.0 23.21679202581169 22.3596199340203
40.5 23.217077300852566 22.359164779857682
41.0 23.217354591893073 22.35871212412053
41.5 23.21763922699253 22.35825793978821
42.0 23.21792525610746 22.357813985193083
42.5 23.21821682329213 22.357377823055057
43.0 23.218513542759858 22.356924541415285
43.5 23.218820357061276 22.35648538956527
44.0 23.21912840275283 22.356042396428567
44.5 23.219428832001356 22.355603239978272
45.0 23.219743590258766 22.35516484542957
45.5 23.220045278751442 22.35472412588683
46.0 23.220377084649655 22.35428392193194
46.5 23.220693297267303 22.35385568656838
47.0 23.221021387824653 22.353425667062297
47.5 23.22133780964036 22.35298890017244
48.0 23.22167709571939 22.35256418385083
48.5 23.22199675242308 22.35213811754184
49.0 23.222345728020684 22.351719477144115
49.5 23.222679792327554 22.35129206738317
50.0 23.2230285978066 22.350866823835183
50.5 23.223383179117082 22.350450637556797
51.0 23.223739104856904 22.350032708063516
51.5 23.22409287501605 22.349614743150784
52.0 23.224461270052828 22.34919771887553
52.5 23.224822609344105 22.34879025076681
53.0 23.225182338457753 22.348375427443067
53.5 23.225570856601333 22.347969638320222
54.0 23.225945401151023 22.347563475763263
54.5 23.22632966564094 22.34714984340298
55.0 23.226705133346947 22.346744329010882
55.5 23.22710029816712 22.34634719162579
56.0 23.227494659433866 22.345942410313064
56.5 23.227886071667836 22.34555003734069
57.0 23.22828833416306 22.345149889059066
57.5 23.228690342380727 22.344745932736416
58.0 23.229087956686595 22.3443606475057
58.5 23.229511054572995 22.343970481115186
59.0 23.22992507613285 22.343576439015234
59.5 23.230334292356254 22.343187886105376
60.0 23.230756900972654 22.342813240218856
60.5 23.231190739020388 22.34241958552836
61.0 23.231622706050842 22.342039956957876
61.5 23.232044570862698 22.34165125517901
62.0 23.23249872493178 22.341273942003195
62.5 23.2329457037645 22.340890657773226
63.0 23.233392902989728 22.340511713836136
63.5 23.2338366024252 22.340141302524287
64.0 23.234288455512527 22.339769506430617
64.5 23.234745800610177 22.339397724139488
65.0 23.235205863009988 22.339028620279258
65.5 23.23567343215162 22.338657188827323
66.0 23.23613935150169 22.33829418987336
66.5 23.236629010123625 22.337927784079316
67.0 23.23708879601215 22.33755829212365
67.5 23.23757543436701 22.337199145170402
68.0 23.238048931280684 22.336836688669027
68.5 23.238542670436296 22.33648142128416
69.0 23.23903971588523 22.336117753488463
69.5 23.239525913789528 22.33576177931196
70.0 23.240030563258788 22.335404651487394
70.5 23.24053164881118 22.335051104216802
71.0 23.241044646185607 22.334702487970716
71.5 23.2415474503927 22.33435256902446
72.0 23.24206304353648 22.334000137273602
72.5 23.24257984341282 22.333657877263136
73.0 23.24310207985521 22.33331394001155
73.5 23.24362835255053 22.332966423397632
74.0 23.244154549448204 22.332626241668656
74.5 23.244692333527244 22.332285219744314
75.0 23.24523398738634 22.331943174997324
75.5 23.2457713967338 22.33160138637364
76.0 23.246315410027627 22.331271992286638
76.5 23.24687313793513 22.330940632961344
77.0 23.247425976181052 22.330606259324203
77.5 23.247973508438445 22.330279411907664
78.0 23.248541677661485 22.329946671147823
78.5 23.249115701817892 22.329622747460263
79.0 23.24968805927608 22.329294399053747
79.5 23.25026208967909 22.328965302419398
80.0 23.250822269948234 22.328648267491793
80.5 23.251417198397284 22.32832626343358
81.0 23.251981540030545 22.328007995940652
81.5 23.252595863780567 22.327693056702003
82.0 23.253182858655247 22.32737095324477
82.5 23.25377927614847 22.32706497188676
83.0 23.254388418506736 22.32675012269747
83.5 23.254994760505063 22.326439800567236
84.0 23.255603642405642 22.326130284387204
84.5 23.25622008419711 22.325825817696547
85.0 23.256843237906143 22.325524884632536
85.5 23.257457116386902 22.32521713629589
86.0 23.258092683268554 22.324913818891407
86.5 23.258726939926913 22.324617412758577
87.0 23.25936408802162 22.324320261575718
87.5 23.259994042757235 22.324029710736326
88.0 23.26065599626542 22.323731980341716
88.5 23.261294249156137 22.323439945104795
89.0 23.261942612146193 22.323148992992575
89.5 23.262607804104004 22.3228632095606
90.0 23.263269724323102 22.32257880562793
90.5 23.263937634162506 22.322281972101546
91.0 23.264600616007186 22.322003796041805
91.5 23.265274795180556 22.32172676426203
92.0 23.26596270926215 22.32144722878623
92.5 23.266634415152467 22.321166594253494
93.0 23.267328707323223 22.320880322350458
93.5 23.268021047075962 22.320612547885087
94.0 23.268709133064647 22.32033761237514
94.5 23.26941422514478 22.32007142679423
95.0 23.270122573811456 22.31980181111672
95.5 23.2708298026812 22.319533126171393
96.0 23.27155362552488 22.319268089254138
96.5 23.272275175941562 22.3190063311238
97.0 23.273003946717434 22.31873937504663
97.5 23.27374165520833 22.318477926082608
98.0 23.274481839672614 22.31821603194153
98.5 23.27523194380952 22.317961182082215
99.0 23.27599507189742 22.317705912770485
99.5 23.276752021394003 22.317457942230753
100.0 23.27750087119663 22.317200540242954
100.5 23.278282414291432 22.316949426402708
101.0 23.279073022331843 22.316700128445028
101.5 23.279856071570105 22.316449034214784
102.0 23.280644854455524 22.316199303819694
102.5 23.28142898797033 22.31595633600339
103.0 23.282238158590687 22.31571136484809
103.5 23.283041345773697 22.315471721604673
104.0 23.28384903090466 22.31523351036097
104.5 23.284674877557315 22.31499676170987
105.0 23.28549503875837 22.314762311232688
105.5 23.286318863371672 22.31452040263445
106.0 23.28714373209643 22.3142883707043
106.5 23.287989623036673 22.314063616026054
107.0 23.288824784037793 22.313829309168767
107.5 23.289664541600335 22.313595392087095
108.0 23.290522117372046 22.31337448150053
108.5 23.2913732207101 22.313147164593627
109.0 23.292227297142574 22.312920992258945
109.5 23.2930911581835 22.312700274429176
110.0 23.29395044375316 22.312487841982303
110.5 23.29482483474483 22.312259334306923
111.0 23.295693289353796 22.312051880737553
111.5 23.29657012648502 22.311834870492568
112.0 23.297447169187716 22.311624726182202
112.5 23.298334036203997 22.311408966934067
113.0 23.29922492685174 22.311206321726807
113.5 23.300112093975795 22.310993743047916
114.0 23.30101634856939 22.31078933980113
114.5 23.30190137925036 22.310587245191744
115.0 23.302810041839766 22.310381976602763
115.5 23.303693473205904 22.31017795918021
116.0 23.304609495964836 22.30997960358347
116.5 23.305521785523045 22.309786607667196
117.0 23.30643103705079 22.30959181499646
117.5 23.307348309749777 22.309394824608866
118.0 23.30825880734534 22.309204089872097
118.5 23.30917748993683 22.30901765733786
119.0 23.310100119609118 22.308830512703892
119.5 23.311016438973247 22.308642226178627
120.0 23.311943805882184 22.30845992561463
120.5 23.312864628830013 22.308277614347205
121.0 23.313785365931704 22.308094368208998
121.5 23.314724571810224 22.307915733918033
122.0 23.315649535812746 22.307733647499326
122.5 23.316592826843916 22.30756477409965
123.0 23.317518392725813 22.307396496238333
123.5 23.318463698857354 22.30722217131118
124.0 23.31938372169871 22.30705411838418
124.5 23.320327995586897 22.30688837958589
125.0 23.321263742165 22.30672043346621
125.5 23.322205317059364 22.30655937918831
126.0 23.323134679557207 22.306395269839342
126.5 23.32407831078054 22.306238436203124
127.0 23.32502058864524 22.3060875388353
127.5 23.325954813246376 22.30592913968144
128.0 23.326889912842855 22.305775342518114
128.5 23.32784439038563 22.305624572847606
129.0 23.32876650120063 22.30547872236757
129.5 23.329723540704975 22.30533273275098
130.0 23.330658462565502 22.305178307271355
130.5 23.33160515670015 22.305042333548673
131.0 23.332566770723332 22.304899136119328
131.5 23.333514031262375 22.304760439496082
