FastTrWP/PhaseSpace/IAs/snIa_0.60_30.00_0.15_0.05.csv
# %ECSV 0.9
# ---
# datatype:
# - {name: time-rel, datatype: float64}
# - {name: g, datatype: float64}
# - {name: i, datatype: float64}
# schema: astropy-2.0
time-rel g i
[from data line 1429]
300.0 24.55129707319077 22.306540269468517
300.4999999999999 24.55322950073269 22.30694758501393
301.0 24.555184890504247 22.30734437010816
301.5 24.55708098953474 22.307748543153224
301.9999999999999 24.559033440282178 22.308152288254696
302.5 24.560942444431667 22.30854932595078
303.0 24.562890118917192 22.308957153118737
303.4999999999999 24.56479939684465 22.30936977554457
304.0 24.566739247540198 22.30976494082178
304.5 24.568645629375702 22.31016664148131
304.9999999999999 24.570569175821724 22.31058204198606
305.5 24.572508246028963 22.310997492130756
306.0 24.574413101236516 22.311407743728967
306.4999999999999 24.576349928550634 22.311812612760157
307.0 24.578284213271182 22.31222497994587
307.5 24.580188919067524 22.31264563967872
307.9999999999999 24.582135743482265 22.313059340061407
308.5 24.584070611890667 22.313467105942472
309.0 24.58599277755684 22.313882003087183
309.4999999999999 24.587932051068154 22.314305435968137
310.0 24.589860195841172 22.31472709974384
310.5 24.591789968242725 22.315147865642334
310.9999999999999 24.59372593033114 22.315562598383792
311.5 24.595658927547902 22.3159880027763
312.0 24.597588583812765 22.316412926117074
312.4999999999999 24.59952623697863 22.316840636190086
313.0 24.60146661008945 22.317264985469368
313.5 24.60339494177488 22.317695004977395
313.9999999999999 24.605326132226747 22.318124199047865
314.5 24.607262851396342 22.318547899228673
315.0 24.60920882367426 22.318976414411868
315.4999999999999 24.61111961406243 22.319412804341443
316.0 24.6130604626749 22.31984332788877
316.5 24.615000815190356 22.320276125468126
316.9999999999999 24.61691735525209 22.32071182368667
317.5 24.618859827252724 22.32114782099597
318.0 24.62079878074222 22.32158253369935
318.4999999999999 24.62275635884123 22.32201760922944
319.0 24.62465731874765 22.32245715297937
319.5 24.626613592219265 22.322898302962354
319.9999999999999 24.628553714994162 22.32333249663785
320.5 24.630480014184553 22.32377824385566
321.0 24.63241927479562 22.324218911426257
321.4999999999999 24.63435058197744 22.32466437935152
322.0 24.63628286817018 22.325104130311328
322.5 24.638230493063578 22.325551768838086
322.9999999999999 24.64015114057892 22.325996428387285
323.5 24.642094437956253 22.326439694895534
324.0 24.644050931845847 22.326895379668606
324.4999999999999 24.64597326360131 22.32733881364519
325.0 24.64790687260622 22.327787928246806
325.5 24.649842494866846 22.32823935866943
325.9999999999999 24.651769737836222 22.328697531257077
326.5 24.65373255902275 22.329140642823525
327.0 24.655653108987046 22.329596727998975
327.4999999999999 24.65758879379858 22.33005318191543
328.0 24.65952501745583 22.330504870061205
328.5 24.66147041556559 22.330966666918656
328.9999999999999 24.663407863175596 22.331417887845927
329.5 24.665333993675592 22.33188081725144
330.0 24.66727256908383 22.33233952433391
330.4999999999999 24.669195459278367 22.33279380847382
331.0 24.671141337456753 22.333253440605212
331.5 24.673073242249608 22.333722645388974
331.9999999999999 24.675002852061617 22.334187153609847
332.5 24.67695206427015 22.334649392417667
333.0 24.678874329726558 22.335112530608278
333.4999999999999 24.680811343866253 22.33557400831396
334.0 24.682749388707915 22.336038473353597
334.5 24.68467982490315 22.336500059233593
334.9999999999999 24.686625506699507 22.336976694127138
335.5 24.688546076428914 22.337437085583783
336.0 24.69046417035111 22.337916736261498
336.4999999999999 24.69239814321525 22.338380031870237
337.0 24.694337577055144 22.33884875705727
337.5 24.696283575212806 22.33932134820142
337.9999999999999 24.69820309692622 22.33979260782224
338.5 24.700124501017733 22.340270156088557
339.0 24.702053023298216 22.340738531279353
339.4999999999999 24.70398845973065 22.341213575799856
340.0 24.705910940377855 22.3416908706027
340.5 24.70783724405971 22.34216622601375
340.9999999999999 24.709784320838875 22.342639464357337
341.5 24.71171165872851 22.343124921097935
342.0 24.713609648483306 22.343599332202313
342.4999999999999 24.71553261396485 22.3440750617003
343.0 24.717468542887783 22.344554166274435
343.5 24.719398414603376 22.34504159379672
343.9999999999999 24.721317440108805 22.345523876247732
344.5 24.723232313738052 22.34600802139932
345.0 24.72515459305951 22.346491303323297
345.4999999999999 24.727082158854184 22.346973951477437
346.0 24.72900457518591 22.347454581133302
346.5 24.730917239106923 22.34794750034865
346.9999999999999 24.73281593238877 22.348436253888625
347.5 24.734750240589495 22.348919474437558
348.0 24.73667919519247 22.349410156361138
348.4999999999999 24.73858736875963 22.349903476168617
349.0 24.74049115496582 22.35039863018946
349.5 24.742411119216325 22.35089317347569
349.9999999999999 24.74433656252348 22.351378105315938
350.5 24.74626153454748 22.35187175455184
351.0 24.748153205872644 22.35236871522104
351.4999999999999 24.7500677241456 22.35286991457423
352.0 24.751983124217883 22.353359573121203
352.5 24.75389682646668 22.35386433126616
352.9999999999999 24.75580333619602 22.354361413453958
353.5 24.7577145158037 22.35485848826216
354.0 24.75961943543439 22.355364330633584
354.4999999999999 24.76152167044721 22.35586784435273
355.0 24.76342441773436 22.35636949333304
355.5 24.76534023625146 22.35687793274549
355.9999999999999 24.76724868195323 22.35738281627194
356.5 24.769145726066164 22.357879124967823
357.0 24.77106527796671 22.358392854074083
357.4999999999999 24.772960628091 22.358900346688685
358.0 24.77487274702332 22.35940830784272
358.5 24.776789429464635 22.359921061177666
358.9999999999999 24.778687523286443 22.360425935307514
359.5 24.78058569964164 22.360938702556208
360.0 24.78247822682587 22.36144935513731
360.4999999999999 24.784370123615492 22.361962890295555
361.0 24.78629090345266 22.36247601229179
361.5 24.78817374259239 22.362992536624876
361.9999999999999 24.79010552850289 22.363514192512287
362.5 24.79195365374037 22.364027868402022
363.0 24.79388851155619 22.364549170728637
363.4999999999999 24.7957799695357 22.36506567377536
364.0 24.797689268921232 22.365587826831632
364.5 24.799573129374583 22.366105519913138
364.9999999999999 24.801471614810694 22.366629780993232
365.5 24.803372135914717 22.367148116215404
366.0 24.805277932520372 22.367673761070787
366.4999999999999 24.807159171867653 22.36820023242439
367.0 24.809052070453347 22.368720076083836
367.5 24.810946632058787 22.36924980068112
367.9999999999999 24.812845680162248 22.369772557740507
368.5 24.81474885074444 22.370308510075493
369.0 24.816627453434386 22.370827006049975
369.4999999999999 24.818525950062128 22.371364639477047
370.0 24.820395276916635 22.371896828612428
370.5 24.82232542864029 22.3724250749931
370.9999999999999 24.824212294035682 22.37295551003639
371.5 24.826101742860768 22.373487992275543
372.0 24.827987568304156 22.374023964378196
372.4999999999999 24.829880798184753 22.374558454076592
373.0 24.83175748725828 22.3750943985236
373.5 24.83366789247359 22.37563087751059
373.9999999999999 24.835534995402696 22.376170181342992
374.5 24.837446232349475 22.37670703879674
375.0 24.83932381321013 22.377245705070866
375.4999999999999 24.84118820684529 22.377793312532873
376.0 24.843111949178823 22.378331685204937
376.5 24.845005129348948 22.378872298681127
376.9999999999999 24.846883592875916 22.379414204211404
377.5 24.848765294913683 22.37995608177945
378.0 24.850645109397178 22.38050257241237
378.4999999999999 24.852546929843513 22.381046376985804
379.0 24.854434258453757 22.381592000731274
379.5 24.856327980896573 22.382141093107602
379.9999999999999 24.858193147562595 22.382686271122758
380.5 24.860089234585946 22.383241014837175
381.0 24.861977588039924 22.38379049884683
381.4999999999999 24.863866944999963 22.384334803380522
382.0 24.865758501889378 22.38489301242201
382.5 24.86763353690892 22.385440240514043
382.9999999999999 24.869506371878288 22.385997743436153
383.5 24.871415650276965 22.386552257058373
384.0 24.873274059569155 22.38710333827864
384.4999999999999 24.875152163360347 22.387667750128266
385.0 24.877026321952307 22.388222440066098
385.5 24.878909022431422 22.388782172969105
385.9999999999999 24.880770138889822 22.389345122444723
386.5 24.882667591797578 22.38989890404902
387.0 24.884531311092097 22.39046866679688
387.4999999999999 24.886414008019948 22.391020428953574
388.0 24.888291498255075 22.391586174037663
388.5 24.890142500369276 22.39215443348115
388.9999999999999 24.89201580859117 22.392721470286165
389.5 24.89388670579006 22.39328714416719
390.0 24.89577903865915 22.393851917084366
390.4999999999999 24.897628258069297 22.39441625427155
391.0 24.899508671932914 22.39499344226614
391.5 24.901357533218295 22.395556545119575
391.9999999999999 24.9032283610549 22.396133888524066
392.5 24.90509274791691 22.396702428746188
393.0 24.906949726851604 22.397281720195558
393.4999999999999 24.908817868861046 22.39785639204176
394.0 24.910679826861795 22.398430975734872
394.5 24.912559971348195 22.39900114513111
394.9999999999999 24.914409739397207 22.39957534638121
395.5 24.916249800353537 22.400156981925377
396.0 24.918104925345798 22.40073636377824
396.4999999999999 24.919974472054143 22.401324818454786
397.0 24.921824334451262 22.401897245409117
397.5 24.923675685027874 22.40247714024212
397.9999999999999 24.925550547180485 22.403059975143268
398.5 24.927393817934767 22.403646299048088
399.0 24.929256799041802 22.404234891483217
399.4999999999999 24.931088335274012 22.40482400991789
400.0 24.93296451175501 22.405399882855473
400.5 24.934786051065064 22.40599203083073
400.9999999999999 24.936648832253404 22.406579168680487
401.5 24.938491049859856 22.407168290467027
402.0 24.940351702716978 22.407760152885313
402.4999999999999 24.942189281566787 22.40834658881049
403.0 24.94405432061361 22.40894535399342
403.5 24.945889836916116 22.40954067770619
403.9999999999999 24.947733677158045 22.410132217919795
404.5 24.949587510939327 22.410726924273348
405.0 24.951440227335485 22.411320793356474
405.4999999999999 24.953285683420066 22.411919105401736
406.0 24.955092726254694 22.412516549114127
406.5 24.95694334515628 22.413119738252853
406.9999999999999 24.958800050674952 22.413721706521017
407.5 24.960675703155527 22.414323123761697
408.0 24.962494660708124 22.414923489991416
408.4999999999999 24.96433675019879 22.41553030819125
409.0 24.96616254361209 22.4161265132677
409.5 24.967999845005977 22.41673794288645
409.9999999999999 24.969839552274202 22.417338118499373
410.5 24.971702295100073 22.417951463570912
411.0 24.973527685313854 22.418554578188722
411.4999999999999 24.975349102560163 22.419155816026418
412.0 24.977193706068427 22.419772740910272
412.5 24.979052408710864 22.42038029389657
412.9999999999999 24.980866117755575 22.420996823427984
413.5 24.982703253224138 22.421604062887084
414.0 24.9845237862074 22.422221511155026
414.4999999999999 24.986364639234857 22.42283208341471
415.0 24.98818979762925 22.423450308118433
415.5 24.99002122608587 22.424071103305756
415.9999999999999 24.99186893026748 22.424687694392595
416.5 24.993677933341353 22.425302165568823
417.0 24.99554834300246 22.425927887618794
417.4999999999999 24.997374186732017 22.42654631595392
418.0 24.999184291342274 22.427166150209814
418.5 25.001028980040843 22.42779034564986
418.9999999999999 25.002856679171728 22.428413652319627
419.5 25.004676124356653 22.42903873488675
420.0 25.006531955081893 22.429655442460685
420.4999999999999 25.00834065074035 22.430285245465704
421.0 25.010170122636055 22.430913406502803
421.5 25.011981014964057 22.431540698350986
421.9999999999999 25.013784996815893 22.43218310821402
422.5 25.01561851297589 22.432808304977634
423.0 25.017429936481705 22.433442275748646
423.4999999999999 25.01925193679503 22.43407658564093
424.0 25.021065848859042 22.434719595119237
424.5 25.022874690012095 22.43535581423249
424.9999999999999 25.024689870749203 22.435984610449676
425.5 25.026469778392322 22.436623492870595
426.0 25.02830182204615 22.43727198884336
426.4999999999999 25.03011582490762 22.43790794979594
427.0 25.031889840363476 22.438551924032012
427.5 25.033720947648412 22.439198116140965
427.9999999999999 25.035519090982362 22.439840032788133
428.5 25.037311113544767 22.440487145265415
429.0 25.039098149819033 22.441135805817364
429.4999999999999 25.040910074030663 22.441787220060476
430.0 25.042683188588562 22.44243501875806
430.5 25.0444957235262 22.443083705992205
430.9999999999999 25.04627419569109 22.443740969504834
431.5 25.04807306980429 22.444391859042938
432.0 25.049876868590687 22.445041996793123
432.4999999999999 25.051653445376346 22.44569411373588
433.0 25.05344565830284 22.44635973912759
433.5 25.055225618423854 22.44700470077811
433.9999999999999 25.05701152195185 22.447664931646013
434.5 25.058813117676987 22.44832290209525
435.0 25.060598721980213 22.44898538759572
435.4999999999999 25.062351011355783 22.449642410201264
436.0 25.064177027234884 22.450302788494522
436.5 25.06593715495576 22.450971587357156
436.9999999999999 25.067731499051796 22.45162995207724
437.5 25.069492771517222 22.452300233380154
438.0 25.071261227678498 22.452964821832296
438.4999999999999 25.07306305714115 22.45362622975048
439.0 25.074831574407686 22.454297797868858
439.5 25.076593678530465 22.454969869237612
439.9999999999999 25.078384739660468 22.455632357415315
440.5 25.08018042441234 22.456302116558465
441.0 25.08194363634107 22.456975610591307
441.4999999999999 25.08372396913254 22.457644715416883
442.0 25.08549602795742 22.45831527633229
442.5 25.08726962273699 22.458994163588784
442.9999999999999 25.0890518206773 22.459665677824567
443.5 25.090825322167383 22.460336993285633
444.0 25.092580983949752 22.461015069003846
444.4999999999999 25.09435077641893 22.46169248303061
445.0 25.096135551602345 22.462373736965972
445.5 25.097930332573494 22.46304909932137
445.9999999999999 25.099684617035866 22.46371560040552
446.5 25.101458414217205 22.464409800457
447.0 25.103236284561994 22.46508275711305
447.4999999999999 25.104986043281134 22.465767295906613
448.0 25.106780611036868 22.466440611017692
448.5 25.108549644738034 22.467125708064092
448.9999999999999 25.110317484406323 22.46781138141245
449.5 25.11206402824333 22.46849241881657
450.0 25.113848592429278 22.46917826986822
450.4999999999999 25.115641513205 22.469859763594098
451.0 25.11739960252569 22.470544925325854
451.5 25.119193642680173 22.471232881036638
451.9999999999999 25.120950363606923 22.471910464655128
452.5 25.12275759092006 22.472604044723017
453.0 25.124491169914084 22.473293606222832
453.4999999999999 25.126273275317466 22.47397998439704
454.0 25.128024975204433 22.474668282700613
454.5 25.129809491305444 22.475364987786147
455.0 25.13160070940937 22.476051589006566
455.5 25.1333758563778 22.47674043111261
456.0 25.135123588490245 22.477430888338223
456.5 25.136945239115228 22.4781302752357
457.0 25.138684439249328 22.47881223423694
457.5 25.140478914185355 22.47951223928538
458.0 25.1422673760392 22.48020482711002
458.5 25.144029323118016 22.48089838431426
459.0 25.145819887516254 22.481595663548216
459.5 25.147582199194467 22.482290665127245
460.0 25.149341028164983 22.482989315039646
460.5 25.15113591019751 22.483683713372233
461.0 25.152885913075302 22.484384905486326
461.5 25.154664303605884 22.485082015821266
462.0 25.1564265217402 22.485789086167294
462.5 25.158207006061886 22.486485474485992
463.0 25.1599994059174 22.487192554888868
463.5 25.161746448734096 22.48789179696594
464.0 25.163491105864107 22.488594247386743
464.5 25.1652730292759 22.489301883742044
465.0 25.16701399240671 22.490008792423502
465.5 25.168791864984552 22.490721376324263
466.0 25.17057327600309 22.491427449148304
466.5 25.172302644357153 22.492132056274528
467.0 25.17409046807628 22.492849225716434
467.5 25.17582770963572 22.49355694681221
468.0 25.177621345058917 22.494266815557374
468.5 25.179356615434735 22.494982198639878
469.0 25.181110450042222 22.495692158401045
469.5 25.18286841564347 22.496407902077475
470.0 25.184638650990713 22.49712074519386
