FastTrWP/PhaseSpace/IAs/snIa_0.6_25_1_0.1.csv
# %ECSV 0.9
# ---
# datatype:
# - {name: time-rel, datatype: float64}
# - {name: g, datatype: float64}
# - {name: i, datatype: float64}
# schema: astropy-2.0
time-rel g i
[from data line 2227]
1094.6666666666667 -24.240808891446186 -27.247397260970775
1095.1666666666667 -24.239742332759615 -27.246428638954427
1095.6666666666667 -24.23861859593133 -27.245470336345683
1096.1666666666667 -24.237520998223513 -27.244507624438832
1096.6666666666667 -24.236425215103022 -27.243547094820748
1097.1666666666667 -24.235302229947983 -27.24256900234804
1097.6666666666667 -24.23418989674435 -27.241614778934288
1098.1666666666667 -24.23303562849943 -27.240648400601756
1098.6666666666667 -24.23192765835145 -27.23968069822994
1099.1666666666667 -24.23081181545147 -27.23871546776966
1099.6666666666667 -24.229683279711782 -27.237746289239123
1100.1666666666667 -24.22851376624161 -27.236773886519234
1100.6666666666667 -24.227374566869596 -27.23581392562035
1101.1666666666667 -24.226258068097167 -27.234850467194676
1101.6666666666667 -24.225106296456023 -27.233872224799104
1102.1666666666667 -24.22397430982037 -27.232914474203696
1102.6666666666667 -24.222811933583625 -27.231941171750794
1103.1666666666667 -24.22164086512336 -27.23097004727181
1103.6666666666667 -24.220487012763062 -27.230002231273062
1104.1666666666667 -24.219294535826783 -27.22904664623885
1104.6666666666667 -24.21813670881844 -27.22807587676169
1105.1666666666667 -24.216949134629232 -27.227101655138295
1105.6666666666667 -24.215789293534947 -27.226135016135395
1106.1666666666667 -24.214580741342942 -27.225170643022487
1106.6666666666667 -24.21339430024304 -27.22420584353892
1107.1666666666667 -24.212218266571526 -27.22323207427664
1107.6666666666667 -24.211002629458118 -27.22226221250014
1108.1666666666667 -24.209778277954666 -27.221299592543488
1108.6666666666667 -24.20857071494497 -27.220330323274275
1109.1666666666667 -24.207383507724373 -27.219357365347285
1109.6666666666667 -24.20616623488303 -27.218389162848517
1110.1666666666667 -24.204907604869494 -27.21742989456011
1110.6666666666667 -24.203674216400167 -27.216459393912572
1111.1666666666667 -24.202463900664426 -27.21549131907564
1111.6666666666667 -24.20118822772436 -27.21451648113726
1112.1666666666667 -24.199942359716083 -27.213553007715046
1112.6666666666667 -24.19866744589285 -27.21257938089189
1113.1666666666667 -24.197411971623755 -27.211612612327603
1113.6666666666667 -24.196139836251135 -27.210642181477674
1114.1666666666667 -24.19488168770688 -27.209680305848533
1114.6666666666667 -24.193571920118792 -27.208714150711913
1115.1666666666667 -24.192297944335174 -27.207740606470324
1115.6666666666667 -24.191014513253343 -27.206765993676466
1116.1666666666667 -24.189685679886338 -27.205807087770634
1116.6666666666667 -24.188396516799074 -27.204842599447986
1117.1666666666667 -24.18707763404847 -27.203875627496615
1117.6666666666667 -24.18579976345231 -27.202911854006942
1118.1666666666667 -24.184443283824116 -27.201942864014114
1118.6666666666667 -24.18309990910601 -27.200977247953652
1119.1666666666667 -24.1817688533841 -27.200008738140305
1119.6666666666667 -24.180417188046704 -27.199038214300003
1120.1666666666667 -24.179093046518698 -27.198072172216214
1120.6666666666667 -24.17771194294588 -27.197113454210534
1121.1666666666667 -24.176329020774983 -27.196141817336464
1121.6666666666667 -24.17499611107893 -27.195165963973672
1122.1666666666667 -24.173612889948263 -27.194210518879473
1122.6666666666667 -24.172244922583893 -27.193237729177437
1123.1666666666667 -24.17085931599443 -27.192273503465252
1123.6666666666667 -24.169484767419288 -27.191304923686886
1124.1666666666667 -24.168067248008995 -27.190337762988168
1124.6666666666667 -24.16667565370982 -27.189364417921134
1125.1666666666667 -24.16527976557503 -27.188401375902124
1125.6666666666667 -24.163860381952453 -27.187435487711195
1126.1666666666667 -24.16242964683628 -27.18646192128755
1126.6666666666667 -24.161018727139727 -27.18550232360507
1127.1666666666667 -24.159615298542874 -27.184529336616215
1127.6666666666667 -24.158160071654486 -27.1835697271071
1128.1666666666667 -24.1567585040725 -27.182595132349462
1128.6666666666667 -24.15532223688128 -27.18163279283925
1129.1666666666667 -24.153853748905107 -27.18065674884982
1129.6666666666667 -24.152406837771792 -27.179689374640827
1130.1666666666667 -24.150934215679936 -27.178723426642716
1130.6666666666667 -24.149479174986293 -27.177761206691976
1131.1666666666667 -24.147979253572633 -27.176792184582048
1131.6666666666667 -24.146561961916888 -27.175817021561848
1132.1666666666667 -24.145044856717725 -27.17485980967186
1132.6666666666667 -24.143577426766498 -27.17388817091657
1133.1666666666667 -24.142044609300623 -27.172920211978738
1133.6666666666667 -24.140555703073538 -27.171948377660996
1134.1666666666667 -24.139091129847436 -27.17098202506163
1134.6666666666667 -24.13754221847233 -27.170019567246555
1135.1666666666667 -24.136033214676633 -27.169049289073072
1135.6666666666667 -24.13448546140282 -27.168078041284012
1136.1666666666667 -24.132976411414795 -27.16711777428904
1136.6666666666667 -24.131450700949117 -27.166144224574577
1137.1666666666667 -24.129927418922428 -27.1651812907001
1137.6666666666667 -24.12836090728621 -27.16420268565429
1138.1666666666667 -24.126797274089114 -27.16323932477934
1138.6666666666667 -24.12526191110482 -27.162276880519286
1139.1666666666667 -24.123683881770894 -27.16130509459291
1139.6666666666667 -24.122128298207016 -27.16032929046145
1140.1666666666667 -24.120515402915753 -27.159367591950925
1140.6666666666667 -24.118928143128045 -27.158398411889372
1141.1666666666667 -24.11735334925451 -27.15742884312478
1141.6666666666667 -24.11575299177269 -27.156457748277894
1142.1666666666667 -24.114135818034292 -27.155499192939743
1142.6666666666667 -24.112555179815857 -27.15452918772973
1143.1666666666667 -24.1109148660109 -27.15356016080131
1143.6666666666667 -24.109310699962208 -27.15259877980404
1144.1666666666667 -24.107666199598064 -27.151620898118672
1144.6666666666667 -24.106027374991346 -27.15066253453196
1145.1666666666667 -24.104359775597253 -27.149689990225827
1145.6666666666667 -24.102701972224946 -27.14873051928267
1146.1666666666667 -24.10106039175348 -27.147758885401707
1146.6666666666667 -24.099406990685427 -27.14679252156941
1147.1666666666667 -24.097734356408694 -27.145821662646025
1147.6666666666667 -24.09603416082359 -27.14484136118553
1148.1666666666667 -24.094339113256474 -27.14388885296223
1148.6666666666667 -24.092659720750422 -27.14291530700105
1149.1666666666667 -24.090943268862844 -27.1419513796191
1149.6666666666667 -24.089255044085714 -27.140978461292274
1150.1666666666667 -24.08754356133036 -27.14002246369715
1150.6666666666667 -24.085811223497853 -27.139062514799114
1151.1666666666667 -24.084072275640672 -27.138083262436915
1151.6666666666667 -24.082344877167387 -27.13712649870059
1152.1666666666667 -24.08061666616749 -27.136156121313036
1152.6666666666667 -24.078822338293566 -27.135188541920435
1153.1666666666667 -24.077060186630487 -27.134218344810137
1153.6666666666667 -24.075279124776813 -27.133251635846886
1154.1666666666667 -24.073533633737938 -27.132289720457422
1154.6666666666667 -24.071771685134443 -27.131326668290242
1155.1666666666667 -24.0699391098226 -27.130356669703982
1155.6666666666667 -24.068125596234363 -27.129388104543537
1156.1666666666667 -24.066337867217126 -27.128418633750904
1156.6666666666667 -24.064521110646165 -27.127460467465756
1157.1666666666667 -24.06270139305321 -27.126494243144492
1157.6666666666667 -24.06089333168726 -27.125533329361254
1158.1666666666667 -24.05903508778418 -27.124560695703646
1158.6666666666667 -24.05721144080321 -27.12359455938146
1159.1666666666667 -24.055332297688757 -27.122632335723562
1159.6666666666667 -24.05346994182532 -27.121658555349832
1160.1666666666667 -24.051612950243868 -27.120695955201924
1160.6666666666667 -24.049767991992525 -27.119734914539777
1161.1666666666667 -24.047835953541338 -27.118778498225595
1161.6666666666667 -24.045953030701455 -27.117806442527122
1162.1666666666667 -24.044050621653213 -27.116843535287835
1162.6666666666667 -24.042176089341236 -27.115877369105764
1163.1666666666667 -24.040220456022432 -27.114908460840425
1163.6666666666667 -24.03833304039146 -27.11393636446548
1164.1666666666667 -24.036401724951478 -27.112975797234885
1164.6666666666667 -24.034453088895074 -27.112015883224338
1165.1666666666667 -24.03251194799931 -27.111045267033504
1165.6666666666667 -24.03054707684901 -27.110088752455518
1166.1666666666667 -24.028613799983138 -27.109117883661888
1166.6666666666667 -24.02664685765457 -27.108157098198816
1167.1666666666667 -24.024634041244045 -27.107191154040425
1167.6666666666667 -24.022687090874783 -27.106223224135356
1168.1666666666667 -24.02067536980183 -27.10526086816031
1168.6666666666667 -24.018676191776578 -27.104290749873382
1169.1666666666667 -24.01665660603445 -27.10332583045334
1169.6666666666667 -24.014659576569226 -27.10236669883121
1170.1666666666667 -24.012613009580043 -27.101398017049032
1170.6666666666667 -24.010556494303525 -27.100436647972526
1171.1666666666667 -24.008547155927516 -27.099468646540615
1171.6666666666667 -24.006472308672897 -27.09850542406197
1172.1666666666667 -24.00439841484584 -27.097544059910973
1172.6666666666667 -24.002324980416777 -27.096574961394268
1173.1666666666667 -24.000279793870924 -27.09561745339839
1173.6666666666667 -23.998150984842614 -27.09465032732664
1174.1666666666667 -23.996068671901817 -27.093683083982953
1174.6666666666667 -23.993957312411567 -27.092722612733887
1175.1666666666667 -23.99184961773159 -27.091761200710536
1175.6666666666667 -23.989707844596172 -27.090794898464637
1176.1666666666667 -23.9876000642454 -27.089837135700044
1176.6666666666667 -23.98543795440847 -27.08887666856226
1177.1666666666667 -23.983272815905835 -27.087914132089995
1177.6666666666667 -23.981097440635423 -27.086944463067397
1178.1666666666667 -23.97891934666104 -27.085986101849464
1178.6666666666667 -23.97676351159799 -27.08502394067053
1179.1666666666667 -23.974594891007772 -27.08406799301564
1179.6666666666667 -23.97239609593795 -27.08309680759012
1180.1666666666667 -23.97014791367555 -27.082135168390877
1180.6666666666667 -23.967938918400506 -27.08117776031237
1181.1666666666667 -23.96574513224423 -27.080217539040806
1181.6666666666667 -23.963503121530966 -27.07925112864239
1182.1666666666667 -23.96123756098151 -27.078299926170853
1182.6666666666667 -23.959000910758416 -27.07733205483802
1183.1666666666667 -23.95675853003575 -27.076375298280283
1183.6666666666667 -23.954451041178274 -27.075410504989726
1184.1666666666667 -23.952132600110208 -27.07445489566115
1184.6666666666667 -23.94985528344341 -27.073500906399723
1185.1666666666667 -23.947520632763457 -27.07252927517858
1185.6666666666667 -23.945206967149424 -27.071577033366268
1186.1666666666667 -23.942891050690058 -27.07061887301149
1186.6666666666667 -23.940521010919817 -27.069662826049345
1187.1666666666667 -23.938210989975218 -27.068705742507376
1187.6666666666667 -23.935831640396422 -27.06773521160679
1188.1666666666667 -23.93346609277186 -27.066787238443485
1188.6666666666667 -23.931096307274466 -27.065825912681927
1189.1666666666667 -23.928694972305678 -27.064880695614278
1189.6666666666667 -23.926257593127872 -27.063911640594284
1190.1666666666667 -23.923872613046917 -27.062954727977075
1190.6666666666667 -23.921461093552292 -27.062006293688977
1191.1666666666667 -23.91903131349566 -27.061041555595274
1191.6666666666667 -23.916584309381697 -27.060093244412606
1192.1666666666667 -23.914098946322486 -27.059130459460707
1192.6666666666667 -23.91162738140727 -27.05817907183221
1193.1666666666667 -23.90909359026949 -27.057231466849284
1193.6666666666667 -23.90662470322558 -27.056265705460675
1194.1666666666667 -23.9041643993488 -27.055324817875697
1194.6666666666667 -23.901619889566597 -27.054362530444447
1195.1666666666667 -23.899082372555505 -27.053411500643882
1195.6666666666667 -23.89651599270847 -27.052470248825628
1196.1666666666667 -23.893998341363364 -27.05150954706951
1196.6666666666667 -23.89143560470517 -27.050555423242734
1197.1666666666667 -23.888799859148126 -27.04960788236713
1197.6666666666667 -23.886194072076208 -27.048665146924304
1198.1666666666667 -23.883589219919592 -27.047710803072256
1198.6666666666667 -23.88094331972885 -27.04676680053264
1199.1666666666667 -23.87830053815717 -27.045825489967648
1199.6666666666667 -23.87553495394483 -27.04487992479672
1200.1666666666667 -23.872863308557555 -27.043928574520685
1200.6666666666667 -23.870150473584264 -27.042987275429418
1201.1666666666667 -23.86739106429942 -27.042044228953145
1201.6666666666667 -23.864621309557343 -27.041105222427735
1202.1666666666667 -23.861846382826528 -27.040158143225717
1202.6666666666667 -23.859048969582076 -27.039213773265764
1203.1666666666667 -23.856275419796958 -27.038281431315244
1203.6666666666667 -23.85338786818702 -27.037338878547786
1204.1666666666667 -23.850564400475136 -27.036402315559744
1204.6666666666667 -23.847743819289825 -27.035461550476803
1205.1666666666667 -23.844864916597714 -27.03451973624191
1205.6666666666667 -23.841964191489126 -27.03358518014455
1206.1666666666667 -23.839029740352238 -27.032642900996734
1206.6666666666667 -23.83612328851577 -27.03170555818701
1207.1666666666667 -23.833190689993152 -27.030777476820468
1207.6666666666667 -23.830277075986288 -27.02983995427196
1208.1666666666667 -23.827284190766896 -27.028904499652718
1208.6666666666667 -23.824305282859875 -27.027971978161908
1209.1666666666667 -23.821290849976997 -27.027037134280043
1209.6666666666667 -23.81827289330765 -27.026107434597403
1210.1666666666667 -23.815264588325753 -27.025168925354983
1210.6666666666667 -23.81222804226936 -27.024233869936506
1211.1666666666667 -23.809192132628468 -27.02330822423415
1211.6666666666667 -23.80609610683619 -27.022363951690075
1212.1666666666667 -23.803050227941057 -27.021438858808228
1212.6666666666667 -23.799978188323955 -27.020507926595684
1213.1666666666667 -23.796892080971702 -27.01956257769533
1213.6666666666667 -23.793772412379152 -27.018640161400754
1214.1666666666667 -23.7906367417856 -27.017702182555936
1214.6666666666667 -23.787487368191478 -27.01677261864223
1215.1666666666667 -23.78436573688536 -27.01584360026647
1215.6666666666667 -23.78120267334223 -27.01489629954521
1216.1666666666667 -23.77803507408344 -27.013970458660516
1216.6666666666667 -23.77489107318286 -27.013035032066433
1217.1666666666667 -23.77169017867518 -27.01210702531585
1217.6666666666667 -23.768512347132123 -27.011168317037235
1218.1666666666667 -23.765336114602608 -27.010232529466226
1218.6666666666667 -23.76208021236911 -27.009295529262303
1219.1666666666667 -23.758918434362574 -27.008368818870395
1219.6666666666667 -23.755664000285606 -27.00742388367587
1220.1666666666667 -23.752396078554877 -27.006496652496207
1220.6666666666667 -23.749185141506576 -27.005560503118865
1221.1666666666667 -23.745929488157987 -27.004627483298403
1221.6666666666667 -23.742620265322955 -27.003686124002513
1222.1666666666667 -23.739409747928576 -27.00275425233698
1222.6666666666667 -23.73611700426022 -27.00180508877054
1223.1666666666667 -23.732869833318333 -27.000871587452394
1223.6666666666667 -23.729569757512973 -26.999931034430563
1224.1666666666667 -23.726273053654303 -26.998990243722037
1224.6666666666667 -23.72296237008582 -26.998049907459013
1225.1666666666667 -23.719695646409747 -26.99711029050423
1225.6666666666667 -23.716383404839366 -26.99617493604117
1226.1666666666667 -23.713060638656444 -26.995227556769215
1226.6666666666667 -23.709808294810824 -26.99428041389154
1227.1666666666667 -23.706441540295152 -26.993339370604694
1227.6666666666667 -23.703131535930755 -26.99239236297853
1228.1666666666667 -23.699816306685815 -26.99144285619091
1228.6666666666667 -23.6964881009099 -26.990506630487157
1229.1666666666667 -23.693169970053138 -26.989558604515842
1229.6666666666667 -23.68986270898359 -26.98861179044163
1230.1666666666667 -23.68651425366284 -26.987657329402666
1230.6666666666667 -23.683187985987256 -26.986707956289546
1231.1666666666667 -23.679934908767283 -26.98574762114191
