FastTrWP/PhaseSpace/IAs/snIa_0.55_30.00_0.17_0.10.csv
# %ECSV 0.9
# ---
# datatype:
# - {name: time-rel, datatype: float64}
# - {name: g, datatype: float64}
# - {name: i, datatype: float64}
# schema: astropy-2.0
time-rel g i
[from data line 1733]
1016.7916666666666 25.030119995701824 22.510183138819315
1017.2916666666666 25.031930823610917 22.510813603743138
1017.7916666666666 25.033733866476275 22.511434447855443
1018.2916666666666 25.03557164659412 22.51205368632663
1018.7916666666666 25.037344739661407 22.51267544782248
1019.2916666666666 25.039169466683354 22.5133035909407
1019.7916666666666 25.040981706475705 22.513929154155214
1020.2916666666666 25.04278626279629 22.51455475150578
1020.7916666666666 25.04460263911579 22.515186048418997
1021.2916666666666 25.04640490377969 22.515807581032927
1021.7916666666666 25.048214796734992 22.516440243483586
1022.2916666666666 25.050024504769432 22.51706713417438
1022.7916666666666 25.051845031560987 22.517702307896663
1023.2916666666666 25.053647709913047 22.51832927670906
1023.7916666666666 25.05549222580409 22.518956008276128
1024.2916666666667 25.05729390705756 22.519583663268456
1024.7916666666667 25.059104214017992 22.52022506433072
1025.2916666666667 25.060923223442792 22.52084616578317
1025.7916666666667 25.062746827523476 22.521487933825455
1026.2916666666667 25.064549486683482 22.522120474699
1026.7916666666667 25.06636828496736 22.522759007096973
1027.2916666666667 25.068199516490832 22.52339722324536
1027.7916666666667 25.07003042864727 22.524029936364656
1028.2916666666667 25.071835566977825 22.524666772769216
1028.7916666666667 25.07366598353027 22.525300490761026
1029.2916666666667 25.07549632929029 22.52594299690569
1029.7916666666667 25.07731205226733 22.52657769934437
1030.2916666666667 25.07911921892727 22.52721940758237
1030.7916666666667 25.08096550213951 22.527861687855317
1031.2916666666667 25.082778725998995 22.528493027454935
1031.7916666666667 25.08461316893282 22.52913876028196
1032.2916666666667 25.086459513026384 22.529773513058096
1032.7916666666667 25.088286395068806 22.530428108306133
1033.2916666666667 25.090125001309552 22.531061616816178
1033.7916666666667 25.091950482273955 22.531710064467518
1034.2916666666667 25.09377593927974 22.53235555696895
1034.7916666666667 25.095616956586948 22.533000847990717
1035.2916666666667 25.097410758474755 22.533646419904144
1035.7916666666667 25.099281754001638 22.534291433447194
1036.2916666666667 25.101062272146848 22.534938646188717
1036.7916666666667 25.102933307491657 22.535579906712734
1037.2916666666667 25.10475941990435 22.536233033233724
1037.7916666666667 25.106581120862522 22.536883808281743
1038.2916666666667 25.10840402153674 22.537532927309947
1038.7916666666667 25.110275128063076 22.53818452374246
1039.2916666666667 25.112060837315745 22.53883177808256
1039.7916666666667 25.11390959894667 22.539485812272538
1040.2916666666667 25.11576025963806 22.540134707413667
1040.7916666666667 25.117600065624657 22.54079577197725
1041.2916666666667 25.119440524090138 22.541447105869338
1041.7916666666667 25.121251205376687 22.54209411568406
1042.2916666666667 25.12308725221008 22.54275629672978
1042.7916666666667 25.124896050028912 22.543407121135544
1043.2916666666667 25.126753662666417 22.544073582003964
1043.7916666666667 25.128609371913065 22.544723006189955
1044.2916666666667 25.130415145947616 22.54538615331374
1044.7916666666667 25.1322730141599 22.546039916757046
1045.2916666666667 25.134110537326787 22.546707175222686
1045.7916666666667 25.13593084510476 22.54736818505595
1046.2916666666667 25.13778056430555 22.54802797038912
1046.7916666666667 25.13963135508405 22.54868697433873
1047.2916666666667 25.14145342073382 22.54935246243885
1047.7916666666667 25.143307859067253 22.550009496887302
1048.2916666666667 25.14513708807691 22.550677365530877
1048.7916666666667 25.146972843995286 22.55134695746793
1049.2916666666667 25.14881820473807 22.55200213887626
1049.7916666666667 25.150639672005322 22.55267408127342
1050.2916666666667 25.15249347410887 22.553332513274974
1050.7916666666667 25.154362424918865 22.55401516658821
1051.2916666666667 25.156181963514506 22.554675060419733
1051.7916666666667 25.158027919743876 22.55535208600268
1052.2916666666667 25.15984805395178 22.556016041230734
1052.7916666666667 25.16170912918494 22.556684539294693
1053.2916666666667 25.163570995458162 22.557368153418395
1053.7916666666667 25.165389570001683 22.558036497821593
1054.2916666666667 25.167234829355102 22.558706681010747
1054.7916666666667 25.16906305639464 22.559386164626392
1055.2916666666667 25.17094595711682 22.56005298937695
1055.7916666666667 25.172780467485882 22.560737271315304
1056.2916666666667 25.174619772916596 22.56140809647464
1056.7916666666667 25.176460649103333 22.562090129015992
1057.2916666666667 25.178323014511165 22.562766214088175
1057.7916666666667 25.180195193976786 22.563450158426498
1058.2916666666667 25.182006088335026 22.56412359449369
1058.7916666666667 25.1838754183645 22.564808047128153
1059.2916666666667 25.185728808084463 22.565491628139675
1059.7916666666667 25.187557235710152 22.56617512905324
1060.2916666666667 25.189443884012363 22.566855692280242
1060.7916666666667 25.191279451812107 22.56753886312925
1061.2916666666667 25.193101022661494 22.568222225919264
1061.7916666666667 25.194982029390296 22.568912228763214
1062.2916666666667 25.196834774369044 22.56959686842758
1062.7916666666667 25.198685466446264 22.57029118030338
1063.2916666666667 25.200554864634732 22.570978286256405
1063.7916666666667 25.20239246646572 22.571662982056996
1064.2916666666667 25.204235613502345 22.572354706560674
1064.7916666666667 25.20610909872641 22.57304649679298
1065.2916666666667 25.207962126530784 22.573741858123206
1065.7916666666667 25.20983538354464 22.574432472667656
1066.2916666666667 25.211688255599856 22.575123547503814
1066.7916666666667 25.21353832830571 22.575823597655052
1067.2916666666667 25.215400470798834 22.5765226696969
1067.7916666666667 25.217271584397515 22.57721872719423
1068.2916666666667 25.21912588898664 22.577914237076033
1068.7916666666667 25.22100208874326 22.57861525780612
1069.2916666666667 25.222861272304602 22.579308425516004
1069.7916666666667 25.224744273599743 22.580010211673248
1070.2916666666667 25.226580140817273 22.58071264050347
1070.7916666666667 25.22845989022976 22.58142173873097
1071.2916666666667 25.230339536731194 22.582120815201314
1071.7916666666667 25.232200036964198 22.582818931231145
1072.2916666666667 25.234091995222126 22.58352506709528
1072.7916666666667 25.23592272126544 22.584234663619686
1073.2916666666667 25.237795446842043 22.584937625050713
1073.7916666666667 25.23966270561372 22.58563367241461
1074.2916666666667 25.241519379207105 22.586353312893355
1074.7916666666667 25.24338940180502 22.58705598312231
1075.2916666666667 25.24527463434694 22.587770061491646
1075.7916666666667 25.24712671393582 22.588477425626436
1076.2916666666667 25.24900684150581 22.58918922765089
1076.7916666666667 25.25084488899293 22.58990797622714
1077.2916666666667 25.252728667220985 22.59061384189005
1077.7916666666667 25.254602196715517 22.59133153223107
1078.2916666666667 25.256487214139028 22.592048732824196
1078.7916666666667 25.258350924466065 22.592755543328007
1079.2916666666667 25.26022906425368 22.59347237658953
1079.7916666666667 25.26208528497595 22.594196878767928
1080.2916666666667 25.263977312535694 22.594906742078045
1080.7916666666667 25.265836255108162 22.595623085355875
1081.2916666666667 25.26769888062465 22.596341699193808
1081.7916666666667 25.26958026098129 22.597067475277306
1082.2916666666667 25.271469165091553 22.597790845288614
1082.7916666666667 25.273329706386907 22.598507555609277
1083.2916666666667 25.275201564306656 22.599232414882092
1083.7916666666667 25.27707898202937 22.59995284353286
1084.2916666666667 25.27895178756752 22.600687091175846
1084.7916666666667 25.280838058118924 22.601408405469208
1085.2916666666667 25.282724576549 22.602137380766685
1085.7916666666667 25.284593418783334 22.60286197840135
1086.2916666666667 25.286449927320874 22.603590062230573
1086.7916666666667 25.288315680443098 22.604322095731252
1087.2916666666667 25.290230413729308 22.605059595219235
1087.7916666666667 25.29211775605246 22.605785891558156
1088.2916666666667 25.29398212669722 22.606519698986798
1088.7916666666667 25.295861576495838 22.607248834987935
1089.2916666666667 25.29772444153832 22.607978080961697
1089.7916666666667 25.29961205000547 22.60872356631608
1090.2916666666667 25.301495094301075 22.609463901609278
1090.7916666666667 25.3033791316188 22.610197550632492
1091.2916666666667 25.30527735853298 22.610923532120125
1091.7916666666667 25.30715849299297 22.611664994271724
1092.2916666666667 25.309039223308538 22.61241569826902
1092.7916666666667 25.310910341881467 22.61315282751226
1093.2916666666667 25.31280767850745 22.613898882039653
1093.7916666666667 25.314700555275586 22.61464806285676
1094.2916666666667 25.316586971137905 22.615391976892454
1094.7916666666667 25.318469293199612 22.616132237183134
1095.2916666666667 25.32036661029648 22.616880470158147
1095.7916666666667 25.322264775569472 22.61762892775963
1096.2916666666667 25.32412216339324 22.618373744617315
1096.7916666666667 25.325992346973855 22.61913018277772
1097.2916666666667 25.327893200698952 22.6198764441374
1097.7916666666667 25.32979933945495 22.620633276779266
1098.2916666666667 25.331691287786654 22.621379316518375
1098.7916666666667 25.33357946175494 22.622136576749526
1099.2916666666667 25.335465871537764 22.62289306180904
1099.7916666666667 25.337387770902847 22.623642589196848
1100.2916666666667 25.339265552866816 22.624400895760548
1100.7916666666667 25.34113315777704 22.625163697156477
1101.2916666666667 25.343041787583648 22.625921635077372
1101.7916666666667 25.344933707049314 22.626679447133945
1102.2916666666667 25.346827052185205 22.627433627112904
1102.7916666666667 25.348739756437006 22.62820638651801
1103.2916666666667 25.350616462296415 22.628972013129946
1103.7916666666667 25.35253964813194 22.62973443020409
1104.2916666666667 25.354425642683957 22.630501540348718
1104.7916666666667 25.356323009422447 22.631272062896915
1105.2916666666667 25.358229467956114 22.632036395024
1105.7916666666667 25.3601071101169 22.6328120485138
1106.2916666666667 25.362035200342664 22.63357812277208
1106.7916666666667 25.363916666755806 22.6343473479084
1107.2916666666667 25.365829592555123 22.63512163658863
1107.7916666666667 25.367750423044107 22.63589989020348
1108.2916666666667 25.369609642662887 22.636681048605055
1108.7916666666667 25.371558150279526 22.63745349510494
1109.2916666666667 25.373439479630843 22.638224240852118
1109.7916666666667 25.375345835471798 22.639005829528532
1110.2916666666667 25.377235504457012 22.639788057962594
1110.7916666666667 25.379183565938916 22.64056765140699
1111.2916666666667 25.381045921526063 22.641347530668234
1111.7916666666667 25.38295896688534 22.6421329106598
1112.2916666666667 25.38486078934289 22.64291104563941
1112.7916666666667 25.38681593433207 22.64370330235232
1113.2916666666667 25.38871322678083 22.644481662314103
1113.7916666666667 25.39061699817048 22.64526673523899
1114.2916666666667 25.392516020555043 22.646063332053835
1114.7916666666667 25.39441296888222 22.646847187741677
1115.2916666666667 25.396333860462615 22.64764753354015
1115.7916666666667 25.398255862275818 22.648438499329554
1116.2916666666667 25.400149211654146 22.649222495862993
1116.7916666666667 25.402056367576073 22.65002132221749
1117.2916666666667 25.403976879166883 22.650809075541932
1117.7916666666667 25.40585802373346 22.65161554822273
1118.2916666666667 25.407804551831013 22.65241016733753
1118.7916666666667 25.40971770956002 22.653213265407874
1119.2916666666667 25.41163301097907 22.654007293089506
1119.7916666666667 25.413509120596075 22.654816927342267
1120.2916666666667 25.415432460962684 22.65561295408295
1120.7916666666667 25.41735068083598 22.656411428858082
1121.2916666666667 25.41928156673489 22.657218908118256
1121.7916666666667 25.421200540222255 22.658024123253306
1122.2916666666667 25.423129294543905 22.65882808054188
1122.7916666666667 25.425009123213442 22.659638053015104
1123.2916666666667 25.426942339138478 22.660446048937683
1123.7916666666667 25.428845992026368 22.661256524784406
1124.2916666666667 25.430773654115765 22.6620705438498
1124.7916666666667 25.432684937781946 22.662873846256222
1125.2916666666667 25.43458063778187 22.663688292314674
1125.7916666666667 25.43651162354099 22.664502222431263
1126.2916666666667 25.438437698158364 22.665321999663757
1126.7916666666667 25.440363744843406 22.666140756069247
1127.2916666666667 25.44228350953448 22.666958194372224
1127.7916666666667 25.444203123993372 22.66776662948938
1128.2916666666667 25.44612329826674 22.66859054906491
1128.7916666666667 25.448044248177666 22.669415133091306
1129.2916666666667 25.449956915644776 22.670238743610867
1129.7916666666667 25.45186113163829 22.671062393822808
1130.2916666666667 25.453813573956513 22.671882152185574
1130.7916666666667 25.455716370186458 22.67271350186185
1131.2916666666667 25.457664748121758 22.673542117865257
1131.7916666666667 25.459591432915797 22.67435827534163
1132.2916666666667 25.461502811619635 22.675189886823016
1132.7916666666667 25.46343597015187 22.67602184793791
1133.2916666666667 25.465353105378647 22.676849914288205
1133.7916666666667 25.467288310138677 22.677691552363747
1134.2916666666667 25.46917299972584 22.678516930908167
1134.7916666666667 25.47113396421754 22.679355822598612
1135.2916666666667 25.473048175868946 22.6801886009463
1135.7916666666667 25.47497924581668 22.68102691456674
1136.2916666666667 25.47691272676124 22.681866606534022
1136.7916666666667 25.478854700061998 22.682702497476868
1137.2916666666667 25.480774962992214 22.683535410456948
1137.7916666666667 25.48270929740812 22.684377006443945
1138.2916666666667 25.48461528570136 22.685230440589727
1138.7916666666667 25.486552602518465 22.686071496204736
1139.2916666666667 25.48847065741066 22.686918064116522
1139.7916666666667 25.4904169476619 22.68775598032662
1140.2916666666667 25.492362404282115 22.688608072349858
1140.7916666666667 25.49428355943573 22.689451678467595
1141.2916666666667 25.49621310744572 22.69030053932139
1141.7916666666667 25.498111622778737 22.69115426221964
1142.2916666666667 25.50007266131874 22.692001551875613
1142.7916666666667 25.50202842263678 22.692855860049935
1143.2916666666667 25.503934833670122 22.6937104062222
1143.7916666666667 25.505906143953332 22.69456493823384
1144.2916666666667 25.507836431467656 22.69542711889862
1144.7916666666667 25.509729421268666 22.696275681969066
1145.2916666666667 25.511685306269047 22.69714910382627
1145.7916666666667 25.51364483940545 22.698012655259824
1146.2916666666667 25.5155617936645 22.698877137827814
1146.7916666666667 25.51749566538039 22.699748794321128
1147.2916666666667 25.51942974907128 22.700613146874208
1147.7916666666667 25.521382129160315 22.701482275767614
1148.2916666666667 25.523300528141522 22.702358549117573
1148.7916666666667 25.525244304724197 22.70322736862896
1149.2916666666667 25.527229264943486 22.704109026675937
1149.7916666666667 25.52913035822968 22.704985591991672
1150.2916666666667 25.531090758768215 22.70586772897492
1150.7916666666667 25.53301017152171 22.706744378146904
1151.2916666666667 25.53495786092762 22.707628261895834
1151.7916666666667 25.536902280364558 22.708513424246448
1152.2916666666667 25.53884586471544 22.709398383874017
1152.7916666666667 25.54078012737103 22.710295058343387
1153.2916666666667 25.54274412597337 22.711183761374055
1153.7916666666667 25.5446642987004 22.71206880744463
1154.2916666666667 25.546652345834943 22.712967485709484
1154.7916666666667 25.548553330252204 22.713852741450303
1155.2916666666667 25.55051064813653 22.714755678427842
1155.7916666666667 25.552445207995103 22.7156461166877
1156.2916666666667 25.554407291003276 22.716543115657394
1156.7916666666667 25.556358948380336 22.7174401587316
1157.2916666666667 25.5582745755548 22.718337522431312
1157.7916666666667 25.560217871908808 22.719245725498357
1158.2916666666667 25.562190455768288 22.72014530035111
