FastTrWP/PhaseSpace/IAs/snIa_0.4_20_0.0_0.0.csv
# %ECSV 0.9
# ---
# datatype:
# - {name: time-rel, datatype: float64}
# - {name: g, datatype: float64}
# - {name: i, datatype: float64}
# schema: astropy-2.0
time-rel g i
[from data line 831]
399.3333333333333 -26.929648567266824 -27.543080810084074
399.8333333333333 -26.92938223580576 -27.54361034638938
400.33333333333326 -26.929131680946625 -27.544144261348382
400.8333333333333 -26.928867462902772 -27.54466214167963
401.3333333333333 -26.92859997155167 -27.545173068882924
401.83333333333326 -26.92832351881378 -27.545698607382686
402.3333333333333 -26.928045359500494 -27.54621645274095
402.8333333333333 -26.927770689554006 -27.546720761739145
403.33333333333326 -26.927477943251485 -27.547225033433524
403.8333333333333 -26.927183130480458 -27.547728117439473
404.3333333333333 -26.926897294662616 -27.54823469523915
404.83333333333326 -26.926592287041636 -27.548739654466363
405.3333333333333 -26.926297040308405 -27.549232268112277
405.8333333333333 -26.925986347816302 -27.549726604819224
406.33333333333326 -26.925671214727732 -27.550217038993303
406.8333333333333 -26.92534031043877 -27.55069451890558
407.3333333333333 -26.925024828461055 -27.551181826173693
407.83333333333326 -26.92469362205566 -27.551664339643253
408.3333333333333 -26.924362793521702 -27.552141232178972
408.8333333333333 -26.924018925102466 -27.552612803033245
409.33333333333326 -26.923681347307593 -27.55308469758118
409.8333333333333 -26.923337082224723 -27.553554624153097
410.3333333333333 -26.92298423138885 -27.554019096122243
410.83333333333326 -26.922621634415137 -27.554483104189078
411.3333333333333 -26.9222653456631 -27.554944290913088
411.8333333333333 -26.921901180489062 -27.555387938738377
412.33333333333326 -26.921530748939254 -27.55584241808464
412.8333333333333 -26.921146642021906 -27.55629460594509
413.3333333333333 -26.920776286411066 -27.556744686462984
413.83333333333326 -26.920380094861876 -27.55717998245498
414.3333333333333 -26.919999142683398 -27.557619893988395
414.8333333333333 -26.91960400678471 -27.5580549129986
415.33333333333326 -26.919196150842954 -27.55849116419574
415.8333333333333 -26.91879375092896 -27.558928587733046
416.3333333333333 -26.918378437994484 -27.559350577799307
416.83333333333326 -26.917968811230413 -27.55977303853745
417.3333333333333 -26.917548118844834 -27.560196114900705
417.8333333333333 -26.917117951787503 -27.560612808928692
418.33333333333326 -26.916689395466125 -27.56103567997821
418.8333333333333 -26.916263901146667 -27.561447521358964
419.3333333333333 -26.915823244637803 -27.56184647184783
419.83333333333326 -26.915372406270723 -27.562254280473873
420.3333333333333 -26.914919641082772 -27.56264703551834
420.8333333333333 -26.91446506426246 -27.563052630789016
421.33333333333326 -26.9140055324944 -27.563444396251946
421.8333333333333 -26.91354497453019 -27.563828582114986
422.3333333333333 -26.91307476268857 -27.564224812645794
422.83333333333326 -26.912593897272423 -27.564614974309286
423.3333333333333 -26.91211470885728 -27.564992063022785
423.8333333333333 -26.91162000650436 -27.565372940117406
424.33333333333326 -26.91113250775214 -27.565747013909174
424.8333333333333 -26.91063821529447 -27.566116802430358
425.3333333333333 -26.910139425812574 -27.56649195120302
425.83333333333326 -26.90963150809506 -27.566850456354935
426.3333333333333 -26.909121922181846 -27.567218674824918
426.8333333333333 -26.908608144028104 -27.56756958316108
427.33333333333326 -26.908079939067306 -27.56792814468096
427.8333333333333 -26.907553443298113 -27.568275484850638
428.3333333333333 -26.907018187133836 -27.56862861894003
428.83333333333326 -26.906478554293173 -27.568971035821974
429.3333333333333 -26.905926487099524 -27.56931685192829
429.8333333333333 -26.90538074844536 -27.56964969678097
430.33333333333326 -26.904828028603127 -27.56998290138394
430.8333333333333 -26.904277185154434 -27.570319112386386
431.3333333333333 -26.90369635394677 -27.57065294021848
431.83333333333326 -26.903125274316842 -27.57096474027971
432.3333333333333 -26.902544426254934 -27.571291655479754
432.8333333333333 -26.901951386267076 -27.57160758648017
433.33333333333326 -26.9013559300409 -27.5719229036011
433.8333333333333 -26.900748323147955 -27.572220806673016
434.3333333333333 -26.900135494266472 -27.572531372471524
434.83333333333326 -26.899524599819415 -27.572826805904658
435.3333333333333 -26.89889484472786 -27.573127383611094
435.8333333333333 -26.898266541102895 -27.573426157633016
436.33333333333326 -26.8976187272518 -27.57371271507006
436.8333333333333 -26.89698240650554 -27.574003765528182
437.3333333333333 -26.89633004502996 -27.574286116698904
437.83333333333326 -26.895671408626228 -27.57456174042799
438.3333333333333 -26.895007539515653 -27.574841862586904
438.8333333333333 -26.89434824538474 -27.57512602003636
439.33333333333326 -26.893672193267765 -27.575386761869545
439.8333333333333 -26.892985347569326 -27.575663420472495
440.3333333333333 -26.892297989546673 -27.575927389296183
440.83333333333326 -26.891608878809787 -27.5761775151025
441.3333333333333 -26.89091021317679 -27.57643883827197
441.8333333333333 -26.89021024635849 -27.576691831804972
442.33333333333326 -26.889491850024182 -27.576950288198724
442.8333333333333 -26.888781543266337 -27.577195572454244
443.3333333333333 -26.8880649828667 -27.57744855311376
443.83333333333326 -26.88733743657884 -27.577682246388516
444.3333333333333 -26.886612415179947 -27.577922277592272
444.8333333333333 -26.88587672543069 -27.578162117558954
445.33333333333326 -26.885141376280192 -27.578395861498283
445.8333333333333 -26.884392885623917 -27.578630757945035
446.3333333333333 -26.883650286165597 -27.578857875209014
446.83333333333326 -26.88289137155452 -27.579076924163047
447.3333333333333 -26.882136690644277 -27.57930531499301
447.8333333333333 -26.881382242602825 -27.57952796090386
448.33333333333326 -26.88061499825015 -27.579740965116525
448.8333333333333 -26.87984176521921 -27.57995583953006
449.3333333333333 -26.879066303402187 -27.58016909630331
449.83333333333326 -26.878290075342207 -27.5803851043297
450.3333333333333 -26.87751708839293 -27.580587922571567
450.8333333333333 -26.876736067177937 -27.580793952989637
451.33333333333326 -26.875950812962706 -27.580999758779136
451.8333333333333 -26.87514505102702 -27.581195504726168
452.3333333333333 -26.874352560970635 -27.581390505577605
452.83333333333326 -26.873558881156473 -27.581585718370793
453.3333333333333 -26.872759379503314 -27.581782666340104
453.8333333333333 -26.8719436919505 -27.581963277305395
454.33333333333326 -26.871142550645132 -27.58215295185498
454.8333333333333 -26.870342531758805 -27.582345477112508
455.3333333333333 -26.869527550665936 -27.58252559257272
455.83333333333326 -26.868702332099062 -27.5827046517388
456.3333333333333 -26.867880956419018 -27.58288370477795
456.8333333333333 -26.867065686702105 -27.583065182436663
457.33333333333326 -26.866240600273397 -27.583239263629764
457.8333333333333 -26.865416225527703 -27.583409071372657
458.3333333333333 -26.864588730577008 -27.58357781728109
458.83333333333326 -26.863766347986097 -27.58374953442143
459.3333333333333 -26.86293324936586 -27.58391766275219
459.8333333333333 -26.86209973128147 -27.58408221016961
460.33333333333326 -26.86125675077395 -27.584240904405398
460.8333333333333 -26.860423887846167 -27.584400937417286
461.3333333333333 -26.859591089894753 -27.584564380544123
461.83333333333326 -26.85874393056755 -27.5847286484715
462.3333333333333 -26.857907653814014 -27.584886285218047
462.8333333333333 -26.857069306397975 -27.58503974570417
463.33333333333326 -26.856216253940552 -27.5851890142834
463.8333333333333 -26.85537679257117 -27.585339030666894
464.3333333333333 -26.854532835846115 -27.58548658625944
464.83333333333326 -26.853687266727853 -27.585628299216054
465.3333333333333 -26.8528312056624 -27.585781719689855
465.8333333333333 -26.851963021205517 -27.58591569276918
466.33333333333326 -26.85109720537899 -27.5860550869775
466.8333333333333 -26.850224680277634 -27.58619106520539
467.3333333333333 -26.849352227164648 -27.586322251715295
467.83333333333326 -26.848463791660375 -27.586444307444804
468.3333333333333 -26.847582794333352 -27.58657021909002
468.8333333333333 -26.846694727261536 -27.58669726544983
469.33333333333326 -26.845802114003554 -27.586817276096077
469.8333333333333 -26.844899386878645 -27.58693985692122
470.3333333333333 -26.844000136686542 -27.587050840958156
470.83333333333326 -26.843089103723138 -27.58716897371861
471.3333333333333 -26.842173637453392 -27.58727176004144
471.8333333333333 -26.841260964501252 -27.587384496881015
472.33333333333326 -26.840344365151974 -27.587487536996473
472.8333333333333 -26.839413525460373 -27.587586876213877
473.3333333333333 -26.838496511908932 -27.587692504340346
473.83333333333326 -26.837549667293658 -27.587793456946834
474.3333333333333 -26.83662254404618 -27.5878927661592
474.8333333333333 -26.835683310620595 -27.587975830377758
475.33333333333326 -26.83473779954513 -27.588069488596837
475.8333333333333 -26.83379535945268 -27.58815793052365
476.3333333333333 -26.832850547105124 -27.588246749025945
476.83333333333326 -26.831891234576133 -27.588325993629685
477.3333333333333 -26.830937258827376 -27.588414240932266
477.8333333333333 -26.829974499017876 -27.588490459052487
478.33333333333326 -26.829011695808816 -27.588565079159707
478.8333333333333 -26.8280530700627 -27.5886377680225
479.3333333333333 -26.82708275216633 -27.58871495071425
479.83333333333326 -26.82610667588865 -27.58880023279533
480.3333333333333 -26.825138192138425 -27.58885857040934
480.8333333333333 -26.82415886403431 -27.588924181884934
481.33333333333326 -26.823176413951234 -27.588994189131984
481.8333333333333 -26.82219281521934 -27.5890583951752
482.3333333333333 -26.821208180225433 -27.589114914291972
482.83333333333326 -26.820230113269087 -27.589173101340506
483.3333333333333 -26.819242761043757 -27.589231360409393
483.8333333333333 -26.818254935791764 -27.589296199356003
484.33333333333326 -26.817262352093096 -27.589343708053143
484.8333333333333 -26.81626322799207 -27.589395005123624
485.3333333333333 -26.815266564505652 -27.589441062701177
485.83333333333326 -26.814266016541094 -27.58948604196078
486.3333333333333 -26.813261120556863 -27.58953753755168
486.8333333333333 -26.81225243962905 -27.589583728050332
487.33333333333326 -26.811261275661767 -27.58962872782621
487.8333333333333 -26.810255822553692 -27.589672950949556
488.3333333333333 -26.809253252591127 -27.58971426659368
488.83333333333326 -26.808236471235606 -27.58974775468839
489.3333333333333 -26.8072314795987 -27.589781965918906
489.8333333333333 -26.80621963577261 -27.58981725567889
490.33333333333326 -26.805217869520455 -27.589849444451815
490.8333333333333 -26.80419208352744 -27.589885218753842
491.3333333333333 -26.80317275664215 -27.589917481096684
491.83333333333326 -26.80216084503845 -27.589950025998775
492.3333333333333 -26.80115261763026 -27.589965982361345
492.8333333333333 -26.800134828479038 -27.59000030295494
493.33333333333326 -26.7991128492306 -27.590025509724832
493.8333333333333 -26.798100569879303 -27.590046601640083
494.3333333333333 -26.797090640241894 -27.59007053488926
494.83333333333326 -26.796053649367618 -27.59008506391744
495.3333333333333 -26.795048864577918 -27.590113715713855
495.8333333333333 -26.794018175091647 -27.590128239197583
496.3333333333333 -26.7929977991695 -27.590146873644734
496.8333333333333 -26.791990768746263 -27.59015973795424
497.3333333333333 -26.790972899319673 -27.590172380920215
497.8333333333333 -26.78995579513427 -27.59018691134797
498.3333333333333 -26.788933004314757 -27.590199038996793
498.8333333333333 -26.787911198241666 -27.590206208918882
499.3333333333333 -26.786882277202256 -27.59021427774604
499.8333333333333 -26.785869227683023 -27.590222287114933
500.3333333333333 -26.78482638405468 -27.590224333501617
500.8333333333333 -26.783802176849868 -27.590226327094452
501.3333333333333 -26.782771575903666 -27.590233381897782
501.8333333333333 -26.78173026451426 -27.590232148085757
502.3333333333333 -26.780699469881238 -27.590229572218426
502.8333333333333 -26.77965876983952 -27.590220180379028
503.3333333333333 -26.7786126351429 -27.590222829548395
503.8333333333333 -26.777586028715863 -27.590211176768136
504.3333333333333 -26.776543261640317 -27.59019976443879
504.8333333333333 -26.77549209850249 -27.5901860821278
505.3333333333333 -26.774446517741765 -27.590172608277502
505.8333333333333 -26.773397333022878 -27.590156997040683
506.3333333333333 -26.772342907307912 -27.590146200264392
506.8333333333333 -26.771300063638435 -27.59012393360528
507.3333333333333 -26.770233382539224 -27.590100846561946
507.8333333333333 -26.769172614999903 -27.590075868518372
508.3333333333333 -26.768115837251507 -27.590049187750267
508.8333333333333 -26.767054816489097 -27.59002973848971
509.3333333333333 -26.765998280393216 -27.589998716873403
509.8333333333333 -26.764935447499774 -27.589971301691406
510.3333333333333 -26.76385895187198 -27.589947137138996
510.8333333333333 -26.762794718843253 -27.58990640936222
511.3333333333333 -26.761727860532076 -27.589871803045867
511.8333333333333 -26.7606626248465 -27.589840555509923
512.3333333333334 -26.759579749787598 -27.58980101741484
512.8333333333334 -26.758503244356653 -27.589763079766335
513.3333333333334 -26.7574344794297 -27.589722770559355
513.8333333333334 -26.75634849774714 -27.589678279225055
514.3333333333334 -26.75527112493393 -27.589631179956584
514.8333333333334 -26.75418559719788 -27.589592560317968
515.3333333333334 -26.753099149406893 -27.589538181761576
515.8333333333334 -26.75201982531683 -27.589488241192225
516.3333333333334 -26.750924984131032 -27.589439638626622
516.8333333333334 -26.749834844552144 -27.58938707352756
517.3333333333334 -26.748745921985847 -27.58932809523623
517.8333333333334 -26.747655428869585 -27.58927932889104
518.3333333333334 -26.746552393626487 -27.58922291939896
518.8333333333334 -26.745464140843758 -27.58915818060548
519.3333333333334 -26.744364701827102 -27.58909574470678
519.8333333333334 -26.743261824069894 -27.589035630561266
520.3333333333334 -26.742158486963746 -27.58897557768806
520.8333333333334 -26.74105750434856 -27.588905803285847
521.3333333333334 -26.73994283078241 -27.588837502104028
521.8333333333334 -26.738839870741998 -27.58877003209115
522.3333333333334 -26.737733393836894 -27.588694694059953
522.8333333333334 -26.73661543180403 -27.588622907251356
523.3333333333334 -26.73551359132738 -27.588555371998403
523.8333333333334 -26.73439852725688 -27.588479475564554
524.3333333333334 -26.733282467985312 -27.588407478372027
524.8333333333334 -26.73216536643505 -27.588322543903637
525.3333333333334 -26.73104238845073 -27.58824629446491
525.8333333333334 -26.7299217670831 -27.58815144738942
526.3333333333334 -26.728800123771222 -27.588078493157813
526.8333333333334 -26.727679915067377 -27.587986799254832
527.3333333333334 -26.72654672001206 -27.587899374185984
527.8333333333334 -26.72542602238037 -27.58781030702186
528.3333333333334 -26.724295947471738 -27.587727646102923
528.8333333333334 -26.723176146348333 -27.587632317474448
529.3333333333334 -26.722042308604284 -27.587547638659323
529.8333333333334 -26.720904536541724 -27.587453336114976
530.3333333333334 -26.719763378803453 -27.587351523651094
530.8333333333334 -26.718633350207 -27.587256366837302
531.3333333333334 -26.717498231387886 -27.58714999794208
531.8333333333334 -26.71634601603688 -27.587043661720934
532.3333333333334 -26.71520756330778 -27.586949577952442
532.8333333333334 -26.71406069001133 -27.58684723752622
533.3333333333334 -26.71291529455107 -27.58674229950376
533.8333333333334 -26.711770730728293 -27.58663146894971
534.3333333333334 -26.710620664867918 -27.58652275785458
534.8333333333334 -26.709463052891145 -27.586415579715112
535.3333333333334 -26.708305272136368 -27.58629940260976
535.8333333333334 -26.707153561383738 -27.586182013155454
536.3333333333334 -26.705998757219383 -27.586067608096734
536.8333333333334 -26.70484004953235 -27.585955020878075
537.3333333333334 -26.703668905559127 -27.58583015525442
