FastTrWP/PhaseSpace/IAs/snIa_0.57_30.00_-1.03_-0.05.csv
# %ECSV 0.9
# ---
# datatype:
# - {name: time-rel, datatype: float64}
# - {name: g, datatype: float64}
# - {name: i, datatype: float64}
# schema: astropy-2.0
time-rel g i
[from data line 2302]
1340.0833333333333 25.951327870659334 23.303895359122677
1340.5833333333333 25.94887464689283 23.305259609790156
1341.0833333333333 25.946441284282365 23.306636589646985
1341.5833333333333 25.943970218371952 23.308001867777456
1342.0833333333333 25.94151126614648 23.30937276191292
1342.5833333333333 25.93903438603818 23.310747357550014
1343.0833333333333 25.936607970539995 23.312124651803824
1343.5833333333333 25.934148732184386 23.31348768645593
1344.0833333333333 25.931692286819136 23.314869249068376
1344.5833333333333 25.92922876791562 23.316249167260644
1345.0833333333333 25.926773998588434 23.317621684643676
1345.5833333333333 25.924306432949248 23.31900865463444
1346.0833333333333 25.921826689344837 23.32037081954809
1346.5833333333333 25.919387845100275 23.321748669096017
1347.0833333333333 25.916951745593295 23.323130211497244
1347.5833333333333 25.914520879227577 23.32450673585369
1348.0833333333333 25.912077093270234 23.325888220286274
1348.5833333333333 25.909663130622548 23.327277255946456
1349.0833333333333 25.907264523077078 23.328650504473572
1349.5833333333333 25.90484722551565 23.33002849709079
1350.0833333333333 25.902421957813488 23.3314244338049
1350.5833333333333 25.900078711422015 23.33279566027056
1351.0833333333333 25.897667894044545 23.33418203846774
1351.5833333333333 25.89533185727778 23.335570072848245
1352.0833333333333 25.89297986669063 23.336942296827154
1352.5833333333333 25.890638292634485 23.338330995503714
1353.0833333333333 25.88833059150292 23.33972177859795
1353.5833333333333 25.88600350795143 23.341094965420396
1354.0833333333333 25.883674564068038 23.342477243471183
1354.5833333333333 25.881404334945472 23.343869181120624
1355.0833333333333 25.87916460736902 23.345255990934902
1355.5833333333333 25.87688971680061 23.346634762214006
1356.0833333333333 25.874703159073704 23.34802954109044
1356.5833333333333 25.872470709088645 23.349400907133816
1357.0833333333333 25.870279403934376 23.350782977119906
1357.5833333333333 25.868130672994543 23.352173678198263
1358.0833333333333 25.86596740205854 23.353561804339478
1358.5833333333333 25.863848456201566 23.354953890509435
1359.0833333333333 25.86176458712498 23.356328592463885
1359.5833333333333 25.859714913649718 23.357718071839976
1360.0833333333333 25.857635979937616 23.3591039963691
1360.5833333333333 25.85562493794437 23.36049641221798
1361.0833333333333 25.853598703425618 23.36187342005082
1361.5833333333333 25.851613169011603 23.363260086051618
1362.0833333333333 25.849646025388225 23.364648988712293
1362.5833333333333 25.847735725011724 23.366025800642053
1363.0833333333333 25.84582929971463 23.36740597303812
1363.5833333333333 25.843988846521007 23.368801828699514
1364.0833333333333 25.84213314693556 23.370177791900705
1364.5833333333333 25.84032522424961 23.371566941801465
1365.0833333333333 25.838532865124506 23.372945911961054
1365.5833333333333 25.836793506206654 23.374334899623477
1366.0833333333333 25.835055104642866 23.375718719747347
1366.5833333333333 25.833376673437098 23.377094274848726
1367.0833333333333 25.83175160815432 23.378478691353337
1367.5833333333333 25.83011373849238 23.37985278590677
1368.0833333333333 25.82855390587223 23.381230651754112
1368.5833333333333 25.82698205940851 23.38261138622626
1369.0833333333333 25.825441772668253 23.38399632625055
1369.5833333333333 25.82400074972206 23.38537335743218
1370.0833333333333 25.822530379572694 23.38675733688824
1370.5833333333333 25.821141112327084 23.388140120544406
1371.0833333333333 25.819775869530655 23.389508877131103
1371.5833333333333 25.818440810821425 23.39088326284093
1372.0833333333333 25.817139497856047 23.392269505864665
1372.5833333333333 25.815886300152677 23.39363725348129
1373.0833333333333 25.814666091741636 23.395016672969795
1373.5833333333333 25.813502290822427 23.396383306695977
1374.0833333333333 25.812386981108894 23.397768076711067
1374.5833333333333 25.811231379444596 23.399139104374008
1375.0833333333333 25.81016673443139 23.400501475160745
1375.5833333333333 25.80909367012875 23.40186636939897
1376.0833333333333 25.80803587679825 23.40324291125777
1376.5833333333333 25.807031330245856 23.40462248767362
1377.0833333333333 25.80596775032398 23.405994887778405
1377.5833333333333 25.80502694811492 23.407365177894782
1378.0833333333333 25.804033477657946 23.408731285398975
1378.5833333333333 25.80311722396475 23.410109297088567
1379.0833333333333 25.80219532398917 23.411483416678674
1379.5833333333333 25.801326955005752 23.41286798537918
1380.0833333333333 25.80048193292984 23.41422940981747
1380.5833333333333 25.79959185682393 23.415584615121084
1381.0833333333333 25.79877162076641 23.416975005584746
1381.5833333333333 25.797969470627947 23.418331724716865
1382.0833333333333 25.797167838608544 23.419713328064717
1382.5833333333333 25.796412392235236 23.42109343950623
1383.0833333333333 25.79563519205596 23.422460317644912
1383.5833333333333 25.794943671212906 23.423824964832853
1384.0833333333333 25.794236614345287 23.42519200874879
1384.5833333333333 25.79355236484649 23.426578285456365
1385.0833333333333 25.792895896949524 23.427938563522723
1385.5833333333333 25.79225884584436 23.42931242317952
1386.0833333333333 25.791631874276742 23.430685794540853
1386.5833333333333 25.79103176190266 23.432056602287513
1387.0833333333333 25.790467932699475 23.43341654746597
1387.5833333333333 25.789915911418323 23.434794024535815
1388.0833333333333 25.789396437295995 23.436158159427226
1388.5833333333333 25.788881867039674 23.437520509957828
1389.0833333333333 25.78837503253764 23.438889595021305
1389.5833333333333 25.787926668435862 23.440251504907916
1390.0833333333333 25.787462942465922 23.441630022654806
1390.5833333333333 25.787023588079204 23.442981883020103
1391.0833333333333 25.786676031373894 23.444348413097895
1391.5833333333333 25.7862404646793 23.445731881338293
1392.0833333333333 25.785888207436862 23.447088703476197
1392.5833333333333 25.78554925188723 23.448452167932487
1393.0833333333333 25.785221042452953 23.44982045346758
1393.5833333333333 25.78494806400661 23.45118176360359
1394.0833333333333 25.78467213949818 23.45254126519726
1394.5833333333333 25.784399105711007 23.453908132486802
1395.0833333333333 25.78418966971359 23.45526249262495
1395.5833333333333 25.783987430213795 23.45663090895812
1396.0833333333333 25.783776300199182 23.457992201650477
1396.5833333333333 25.78361071332747 23.459348816337787
1397.0833333333333 25.78344471425162 23.460706611072585
1397.5833333333333 25.783359863809938 23.462068118807046
1398.0833333333333 25.783237635476176 23.463433698568316
1398.5833333333333 25.78316245851044 23.464786233585457
1399.0833333333333 25.783119923428902 23.466145307058525
1399.5833333333333 25.783080420933207 23.467495035190634
1400.0833333333333 25.783048234503717 23.468842206134205
1400.5833333333333 25.783051562463037 23.470206355055737
1401.0833333333333 25.783126739797964 23.471567581962688
1401.5833333333333 25.78313164613273 23.47290989003289
1402.0833333333333 25.783245093312402 23.474273456187156
1402.5833333333333 25.78331422757843 23.47561860703454
1403.0833333333333 25.78340525475566 23.47697572109098
1403.5833333333333 25.783554240142177 23.478322506599753
1404.0833333333333 25.783703018248833 23.479667213252384
1404.5833333333333 25.783911448215076 23.481014388482073
1405.0833333333333 25.784101195820895 23.48235475095948
1405.5833333333333 25.784322617097683 23.483711151408148
1406.0833333333333 25.78457545221791 23.485052028555575
1406.5833333333333 25.784855086329284 23.486388091067646
1407.0833333333333 25.78515304907041 23.487737302037054
1407.5833333333333 25.785442192520883 23.48908034048388
1408.0833333333333 25.785796885946567 23.49042793756308
1408.5833333333333 25.786132794210573 23.49176433083587
1409.0833333333333 25.786554854312097 23.493104322804662
1409.5833333333333 25.7869207017109 23.494441842397332
1410.0833333333333 25.78734336298782 23.495782030826263
1410.5833333333333 25.787789796260046 23.497111567941165
1411.0833333333333 25.788281530290305 23.498442749026886
1411.5833333333333 25.788760925504207 23.499774761533196
1412.0833333333333 25.789269728067477 23.501118517554197
1412.5833333333333 25.78983320234355 23.502447865915336
1413.0833333333333 25.79037710649358 23.5037863565723
1413.5833333333333 25.79097592839232 23.505110663116294
1414.0833333333333 25.791554790769634 23.506434985130245
1414.5833333333333 25.792195373440823 23.507768125559796
1415.0833333333333 25.79286434855193 23.50908924946443
1415.5833333333333 25.793535564271245 23.51040911807616
1416.0833333333333 25.79423774005555 23.51174198911736
