FastTrWP/PhaseSpace/IAs/snIa_0.68_30.00_0.26_0.02.csv
# %ECSV 0.9
# ---
# datatype:
# - {name: time-rel, datatype: float64}
# - {name: g, datatype: float64}
# - {name: i, datatype: float64}
# schema: astropy-2.0
time-rel g i
[from data line 285]
246.64583333333334 25.266614484342913 23.36666145460519
247.14583333333334 25.262651921578083 23.363521935397124
247.64583333333334 25.25871619986963 23.360393167765316
248.14583333333334 25.254773106446514 23.357284779807866
248.64583333333334 25.2508281657529 23.354164531190374
249.14583333333334 25.2468995813149 23.351062826372644
249.64583333333334 25.24299806789926 23.347960822632125
250.14583333333334 25.239077229509412 23.344861327005567
250.64583333333334 25.235147078026273 23.341772070471656
251.14583333333334 25.23129524308954 23.338695891971696
251.64583333333334 25.22737492728931 23.335611333747206
252.14583333333334 25.2235030566618 23.332556356378063
252.64583333333334 25.2196153150401 23.329491114808985
253.14583333333334 25.215757308875858 23.326429692124297
253.64583333333334 25.211875487123727 23.32338501547964
254.14583333333334 25.208039609314994 23.32035001648435
254.64583333333334 25.204166453133553 23.317305623270393
255.14583333333334 25.200362208798126 23.31429208537709
255.64583333333334 25.19652331262297 23.311255787681176
256.1458333333333 25.19267491263856 23.30823921040604
256.6458333333333 25.18887186716747 23.305237649888237
257.1458333333333 25.185077947226397 23.30224384470318
257.6458333333333 25.181266079022173 23.299249757484645
258.1458333333333 25.177476641037273 23.296270608138837
258.6458333333333 25.173676927702683 23.293287916860812
259.1458333333333 25.169918868373173 23.290318719648496
259.6458333333333 25.166151837377434 23.28734909896749
260.1458333333333 25.162361182757106 23.284391829159617
260.6458333333333 25.15860098368797 23.28144232465734
261.1458333333333 25.15483902126221 23.278503574616558
261.6458333333333 25.151104385209038 23.275554017075507
262.1458333333333 25.147376940368545 23.272620120522227
262.6458333333333 25.14366380535266 23.269699402795283
263.1458333333333 25.13991998382579 23.266784004905755
263.6458333333333 25.136220589127625 23.263870704147934
264.1458333333333 25.132507269781804 23.260958472452455
264.6458333333333 25.128790793154536 23.25805807492065
265.1458333333333 25.125111547171247 23.255167847913825
265.6458333333333 25.121446067270714 23.252270921695835
266.1458333333333 25.117751779761544 23.249401029236513
266.6458333333333 25.1140644711278 23.246509408100025
267.1458333333333 25.110373841999397 23.243644906218314
267.6458333333333 25.106739489580985 23.24077268113095
268.1458333333333 25.103059968388873 23.237916747668987
268.6458333333333 25.099427610005236 23.235066522797293
269.1458333333333 25.095790169797425 23.232219038239712
269.6458333333333 25.0921438653881 23.229371935135518
270.1458333333333 25.088502118854663 23.22654246995433
270.6458333333333 25.084885958076953 23.223709835555656
271.1458333333333 25.08126447959226 23.22087958193623
271.6458333333333 25.077647616030262 23.218058843289597
272.1458333333333 25.074039195004865 23.2152447039283
272.6458333333333 25.07045888402047 23.21244759656841
273.1458333333333 25.06685461914894 23.20963766267355
273.6458333333333 25.06327217005574 23.206840620593425
274.1458333333333 25.059681627673335 23.204053625575302
274.6458333333333 25.05608608747259 23.2012574782171
275.1458333333333 25.052514120283213 23.19846263055606
275.6458333333333 25.048958131929563 23.19569336209412
276.1458333333333 25.045389793929456 23.192927217525483
276.6458333333333 25.04184237330235 23.190156125814163
277.1458333333333 25.03828912600899 23.18739420840086
277.6458333333333 25.034726560916376 23.18463542007737
278.1458333333333 25.031211591180003 23.181879177233764
278.6458333333333 25.02767599674717 23.179142511623844
279.1458333333333 25.02413612502186 23.176394035333892
279.6458333333333 25.02062232994824 23.173652351677923
280.1458333333333 25.017099726092358 23.170928093991673
280.6458333333333 25.013589652401382 23.16819776960258
281.1458333333333 25.010073189808413 23.165474342846217
281.6458333333333 25.00658286738734 23.162759015953846
282.1458333333333 25.003090856362398 23.160042140458085
282.6458333333333 24.999602771656505 23.157326536070485
283.1458333333333 24.9961077338209 23.154627835750183
283.6458333333333 24.99260909179338 23.15193020833619
284.1458333333333 24.98916196905645 23.149236439486458
284.6458333333333 24.98565899910938 23.146536017528007
285.1458333333333 24.98221944090848 23.14385626020365
285.6458333333333 24.978769296626734 23.141169106636276
286.1458333333333 24.97529936048064 23.138498494670166
286.6458333333333 24.971850005727802 23.135816957336193
287.1458333333333 24.96842056584944 23.133147118543235
287.6458333333333 24.964966353856553 23.13048595309357
288.1458333333333 24.961519493040242 23.127833124537638
288.6458333333333 24.95810029276628 23.125161957732413
289.1458333333333 24.954674242974413 23.12251570183466
289.6458333333333 24.951243511289817 23.11986442464159
290.1458333333333 24.94783438906235 23.11721965389429
290.6458333333333 24.944393886245525 23.114576066526716
291.1458333333333 24.941016896149844 23.111938527587256
291.6458333333333 24.93759129041838 23.10931683104339
292.1458333333333 24.93420816586092 23.106674312614498
292.6458333333333 24.93081266849959 23.10405154694662
293.1458333333333 24.927410843047518 23.101431234321915
293.6458333333333 24.92401575120421 23.09881570652978
294.1458333333333 24.92064890032392 23.096201358279345
294.6458333333333 24.917276303283813 23.093596571492483
295.1458333333333 24.913894041536366 23.090993394935758
295.6458333333333 24.910537213094045 23.08839122065765
296.1458333333333 24.90717741008117 23.08580001390205
296.6458333333333 24.903834322201202 23.083211822929965
297.1458333333333 24.900474948567588 23.080626541891263
297.6458333333333 24.897123360237675 23.07803928311337
298.1458333333333 24.893804731240348 23.075471071243363
298.6458333333333 24.890467021700115 23.072900876875217
299.1458333333333 24.887116657399186 23.07032547204379
299.6458333333333 24.88379488003178 23.067759909156983
300.1458333333333 24.880481945974463 23.065205806629464
300.6458333333333 24.877143613339832 23.062643580353193
301.1458333333333 24.87386022669216 23.060108048476316
301.6458333333333 24.870556548105306 23.057551929928067
302.1458333333333 24.867275207298153 23.055013255504893
302.6458333333333 24.863973948699282 23.052467715715366
303.1458333333333 24.860661064288347 23.04993878642916
303.6458333333333 24.857386093093158 23.04740440141767
304.1458333333333 24.85409111199782 23.04488094505952
304.6458333333333 24.850836968988833 23.0423637825252
305.1458333333333 24.84756802120107 23.039851539240153
305.6458333333333 24.844282501617137 23.037334055869163
306.1458333333333 24.841044585847648 23.03481591214181
306.6458333333333 24.837773847672253 23.032310841879816
307.1458333333333 24.834511313328377 23.02981822238332
307.6458333333333 24.831284053563717 23.02731854986995
308.1458333333333 24.828035916980195 23.024818380352684
308.6458333333333 24.824790353320722 23.022326118442876
309.1458333333333 24.821580377219803 23.019847847282154
309.6458333333333 24.818336545510267 23.017360755893513
310.1458333333333 24.815099070693467 23.014891278014154
310.6458333333333 24.81188339686137 23.012404068290635
311.1458333333333 24.808676759749204 23.00993005982051
311.6458333333333 24.805466481115403 23.00746507621989
312.1458333333333 24.802252544560844 23.005007902830815
312.6458333333333 24.799049075512016 23.002545049757458
313.1458333333333 24.795822379241002 23.000076536173168
313.6458333333333 24.792645693810176 22.9976259345643
314.1458333333333 24.789448550666155 22.995185547326912
314.6458333333333 24.78627443352964 22.99274251669944
315.1458333333333 24.783095529051955 22.99029158416512
315.6458333333333 24.77991302532128 22.987863508951722
316.1458333333333 24.776742328912285 22.985424437338608
316.6458333333333 24.77357210569551 22.98298942975213
317.1458333333333 24.77040729786379 22.98056125810995
317.6458333333333 24.767233340299406 22.978134390227815
318.1458333333333 24.764095418885343 22.975710302657685
318.6458333333333 24.76093042571078 22.97329632315818
319.1458333333333 24.757796849322858 22.97088097904615
319.6458333333333 24.75463761915448 22.968470647254165
320.1458333333333 24.751519099741085 22.966060641149145
320.6458333333333 24.748366095107 22.963659662852194
321.1458333333333 24.745244520819107 22.96126141006695
321.6458333333333 24.742115257746548 22.958859705722936
322.1458333333333 24.73898168251764 22.956458813130848
322.6458333333333 24.73587386557892 22.954067023259125
323.1458333333333 24.73275028748324 22.951684420847563
323.6458333333333 24.729643710467272 22.94929541860123
324.1458333333333 24.726521584811422 22.94691165641872
324.6458333333333 24.72342363659312 22.944532550882947
325.1458333333333 24.72032831587792 22.942162096459917
325.6458333333333 24.717219763699863 22.939787142092722
326.1458333333333 24.714124546858255 22.937410557586073
326.6458333333333 24.711044398028783 22.93504586813174
327.1458333333333 24.707960705416703 22.93268912254195
327.6458333333333 24.70488409032631 22.93032060575719
328.1458333333333 24.70179683445346 22.92796286204752
328.6458333333333 24.698723990733896 22.925603219342925
329.1458333333333 24.695656917379594 22.923260265175045
329.6458333333333 24.692605641671367 22.920907674361043
330.1458333333333 24.689534419894954 22.918556559553807
330.6458333333333 24.686467661588807 22.91622216508122
331.1458333333333 24.683400059137476 22.913875710363776
331.6458333333333 24.68036249049559 22.911540002970803
332.1458333333333 24.677312722174143 22.909204284775846
332.6458333333333 24.674260275011193 22.906875407013768
333.1458333333333 24.67122870923358 22.904544137463073
333.6458333333333 24.668185289470262 22.902220115452103
334.1458333333333 24.665144208318438 22.899896313710144
334.6458333333333 24.662107716921845 22.897562311376323
335.1458333333333 24.65906554074013 22.895248273758423
335.6458333333333 24.656018948938623 22.89292062996251
336.1458333333333 24.652964284378584 22.890598184541894
336.6458333333333 24.649913830477836 22.888266484688486
337.1458333333333 24.64685667076669 22.885944649196755
337.6458333333333 24.643796992578842 22.883615808287544
338.1458333333333 24.64072622152475 22.881303691475598
338.6458333333333 24.637657979833705 22.878973621761126
339.1458333333333 24.634607027141982 22.876652275409626
339.6458333333333 24.63152815358925 22.874325394314162
340.1458333333333 24.628449655396693 22.872011316910864
340.6458333333333 24.625413087855044 22.869683344186665
341.1458333333333 24.622325644721226 22.867375775229803
341.6458333333333 24.619278935385267 22.86505552442177
342.1458333333333 24.616175267253723 22.862728959874627
342.6458333333333 24.61311892739015 22.860426065739613
343.1458333333333 24.610051665668045 22.858116517112222
343.6458333333333 24.606979394309434 22.855796705698346
344.1458333333333 24.603906402589843 22.853493198184328
344.6458333333333 24.600865944353146 22.85119627538112
345.1458333333333 24.59781086811807 22.84888633783857
345.6458333333333 24.594750371641794 22.846585016524642
346.1458333333333 24.591725663641554 22.844287334017306
346.6458333333333 24.588652111584413 22.841996366715275
347.1458333333333 24.585617376668214 22.839704268465365
347.6458333333333 24.582573893081083 22.837416964393768
348.1458333333333 24.579536102738338 22.835128043397344
348.6458333333333 24.576487440653217 22.832844416547132
349.1458333333333 24.573481865976568 22.83055838942135
349.6458333333333 24.57047263622918 22.828287169906986
350.1458333333333 24.56744029419918 22.826008543596608
350.6458333333333 24.564443676613628 22.823744466346703
351.1458333333333 24.56144063055735 22.82148134084897
351.6458333333333 24.558443596866336 22.819219314582124
352.1458333333333 24.555452308302698 22.816961000556688
352.6458333333333 24.552470356955176 22.81470458897757
353.1458333333333 24.54950143526665 22.81246239646064
353.6458333333333 24.546518363323916 22.81021308230587
354.1458333333333 24.54355079906835 22.807978353178232
354.6458333333333 24.540615992181504 22.805736886838524
355.1458333333333 24.53766892296635 22.80351015652178
355.6458333333333 24.53472846394895 22.801280005293812
356.1458333333333 24.53180382688921 22.79906322930192
356.6458333333333 24.528884365075697 22.7968437257637
357.1458333333333 24.5259776032634 22.794629387526943
357.6458333333333 24.523065630054024 22.79242367313689
358.1458333333333 24.520183032011733 22.79022074309724
358.6458333333333 24.517303652635025 22.78802594820181
359.1458333333333 24.51443677156397 22.785836568770293
359.6458333333333 24.511583714679066 22.783649228984096
360.1458333333333 24.50872008632446 22.781466650801757
360.6458333333333 24.505898766101076 22.77929836885541
361.1458333333333 24.50305745725476 22.777135146720187
361.64583333333326 24.500223434611538 22.774972608145724
362.1458333333333 24.497418284812063 22.772815361086213
362.6458333333333 24.49463555027969 22.77066076062678
363.14583333333326 24.491861982243826 22.768527171748772
363.6458333333333 24.48908718695954 22.766387746734672
364.1458333333333 24.486337968480292 22.76425223225896
364.64583333333326 24.48356985626603 22.762141486058137
365.1458333333333 24.480841460974816 22.76001289025661
365.6458333333333 24.478129643479313 22.757907064316072
366.14583333333326 24.47543716960024 22.755799129715054
366.6458333333333 24.472740201389477 22.753705903927248
367.1458333333333 24.47004073532986 22.751611681275214
367.64583333333326 24.46738581955888 22.749531776484094
368.1458333333333 24.46472431250644 22.747460356614056
368.6458333333333 24.462093879546273 22.74539523484634
369.14583333333326 24.45947302752142 22.743329972753315
369.6458333333333 24.45684045371301 22.741269900132774
370.1458333333333 24.454250839576105 22.73922959739085
370.64583333333326 24.451690738221068 22.73718742805018
371.1458333333333 24.449115810014717 22.73515590547115
371.6458333333333 24.44656534492626 22.733130954736662
372.14583333333326 24.444039948554554 22.731122111501
372.6458333333333 24.441511937099584 22.729115632563307
373.1458333333333 24.43900070393206 22.727109706986383
373.64583333333326 24.436527156676732 22.725119060644342
374.1458333333333 24.434040429915626 22.723143115278237
374.6458333333333 24.431590834454042 22.721157549023445
375.14583333333326 24.429130674777532 22.719180481656647
375.6458333333333 24.426687542022563 22.717212823687
376.1458333333333 24.4242479659416 22.71524922727414
376.64583333333326 24.42178438451038 22.713277233265185
377.1458333333333 24.41933748148049 22.711325944130586
377.6458333333333 24.41693703900456 22.709363541196872
378.14583333333326 24.414514245627217 22.707416054238713
378.6458333333333 24.412097675334508 22.7054657601468
379.1458333333333 24.40969364816691 22.703520784518922
379.64583333333326 24.407293066306348 22.70157683427335
380.1458333333333 24.40488857104573 22.69963777177956
380.6458333333333 24.40249802537724 22.69771115950032
381.14583333333326 24.400111770320095 22.69577423152471
381.6458333333333 24.397711160810488 22.6938621719923
382.1458333333333 24.395377187605007 22.691940576137153
382.64583333333326 24.39300616813218 22.690026845110992
383.1458333333333 24.390618372188996 22.68811528371991
383.6458333333333 24.388285658682754 22.686198503792824
384.14583333333326 24.38594603835699 22.68429068253587
384.6458333333333 24.383615707086634 22.68239315502604
385.1458333333333 24.38127270800625 22.680496737252312
385.64583333333326 24.378984135127833 22.67861319929282
386.1458333333333 24.376657490283584 22.67672397481043
386.6458333333333 24.37434347419172 22.67484644796426
387.14583333333326 24.372037463352044 22.672968660137585
387.6458333333333 24.36975475255938 22.671095108622843
388.1458333333333 24.36746839692292 22.669216713710423
388.64583333333326 24.365202909325916 22.66736103554117
389.1458333333333 24.362949724903856 22.66550030571286
389.6458333333333 24.360679362043257 22.663645911441176
390.14583333333326 24.35843416787108 22.66179808432684
