FastTrWP/PhaseSpace/IAs/snIa_0.41_30.00_2.22_0.07.csv
# %ECSV 0.9
# ---
# datatype:
# - {name: time-rel, datatype: float64}
# - {name: g, datatype: float64}
# - {name: i, datatype: float64}
# schema: astropy-2.0
time-rel g i
[from data line 702]
-48.5 23.108407193720808 22.45482745011662
-48.0 23.107829112996086 22.45389256596596
-47.5 23.107253862478974 22.452962769638948
-47.0 23.106701263596868 22.452038521561416
-46.5 23.106142670431943 22.45111503181977
-46.0 23.105578401784626 22.450192067219255
-45.5 23.105034842789994 22.44928200352342
-45.0 23.10449459255867 22.44837360262176
-44.5 23.103960093948377 22.447464457062335
-44.0 23.103427903922515 22.44655870949545
-43.5 23.102908316221363 22.44565665706488
-43.0 23.10239318050415 22.4447605089617
-42.5 23.101877135258096 22.443865421972916
-42.0 23.101373211014142 22.4429766065119
-41.5 23.10087311526609 22.442094081870003
-41.0 23.10038873945496 22.441208747964218
-40.5 23.099895890743795 22.440336852316427
-40.0 23.0994234724529 22.439461608262768
-39.5 23.098946589010644 22.438590020546116
-39.0 23.098481076878556 22.437721607974176
-38.5 23.098022346494812 22.436858826142476
-38.0 23.09757160006037 22.436001402266278
-37.5 23.097119356567507 22.435140173390415
-37.0 23.096683115711272 22.434295569031896
-36.5 23.09624561718482 22.433446491850752
-36.0 23.095807794976707 22.432600186472786
-35.5 23.09538794734778 22.43176158222058
-35.0 23.094977439584255 22.43091941700061
-34.5 23.09456605003918 22.43009271031813
-34.0 23.094167109604484 22.42926303400306
-33.5 23.09377581505471 22.428436806434988
-33.0 23.09338856981435 22.42761353615726
-32.5 23.093006607077896 22.426796389678067
-32.0 23.092627579170035 22.425985211776585
-31.5 23.092249012516955 22.425176358085864
-31.0 23.091881722751882 22.42437064920969
-30.5 23.091530012583135 22.423571506300355
-30.0 23.09117688356027 22.42277000313309
-29.5 23.09083633844077 22.421968833815352
-29.0 23.09049715682407 22.421182736835405
-28.5 23.090178671108475 22.42039509149208
-28.0 23.089848793922346 22.419608513902837
-27.5 23.08952293693507 22.418840264844473
-27.0 23.089226200508083 22.418057170935096
-26.5 23.088920987029788 22.417284160739484
-26.0 23.088628521961773 22.41652090337007
-25.5 23.088336706595967 22.415763997634702
-25.0 23.088056039694397 22.41499805085335
-24.5 23.08778336986272 22.414242631778404
-24.0 23.087517155409763 22.413489543430742
-23.5 23.08724675811801 22.412736739429548
-23.0 23.086989187158096 22.411992803807948
-22.5 23.086747336664722 22.411252684491533
-22.0 23.08650294971994 22.41051615638284
-21.5 23.086260596873466 22.409780982045962
-21.0 23.08603449717768 22.40904486567917
-20.5 23.08581722023094 22.408317661523935
-20.0 23.085588169185847 22.407593763232256
-19.5 23.085376985063423 22.406869000509303
-19.0 23.085171707704006 22.406147480616738
-18.5 23.084981049180293 22.405438130339487
-18.0 23.084783994463454 22.404726368280443
-17.5 23.08458943217857 22.404026679738926
-17.0 23.084409519157774 22.403313960679625
-16.5 23.084233529042017 22.402622004746288
-16.0 23.084061570112723 22.401922950235225
-15.5 23.083895605503596 22.401224346993477
-15.0 23.083731988347388 22.40053984252219
-14.5 23.08359214243453 22.39984390992039
-14.0 23.08343965748646 22.399167076063932
-13.5 23.08329339097657 22.398486181643335
-13.0 23.083160640833277 22.397801487977603
-12.5 23.083028407483752 22.39713449625647
-12.0 23.082897496011174 22.396462227089827
-11.5 23.082790520663178 22.395795432479098
-11.0 23.08267558229374 22.395119960964184
-10.5 23.082565497040637 22.394466579499806
-10.0 23.08244837039975 22.393806781081427
-9.5 23.082362059524396 22.39314711928379
-9.0 23.082257529841563 22.392499026800095
-8.5 23.082165976092472 22.391847232200917
-8.0 23.0820935242517 22.391203723638586
-7.5 23.082015664699252 22.390553425218705
-7.0 23.08194200663586 22.389915644268665
-6.5 23.0818749672625 22.38928030008054
-6.0 23.081805693592887 22.388637580930705
-5.5 23.08174545298011 22.388011250915486
-5.0 23.081689673568437 22.387380358786885
-4.5 23.081638384216134 22.386752079277702
-4.0 23.08160510412143 22.38613702787122
-3.5 23.08155671063811 22.385511498060996
-3.0 23.081521674129792 22.38490236298334
-2.5 23.08148800099769 22.384284141589475
-2.0 23.08146280024612 22.383670952418555
-1.5 23.08145021811868 22.383063302414207
-1.0 23.08141783954071 22.38245366261854
-0.5 23.081416983608282 22.381854340901985
0.0 23.08140467329129 22.381246680849358
0.5 23.081408328086276 22.380651781986373
1.0 23.081408495568176 22.380052934530042
1.5 23.081407760031457 22.379467175642095
2.0 23.08141067169993 22.37887159178358
2.5 23.081427573323786 22.378287477553034
3.0 23.0814368729407 22.377699775249393
3.5 23.08146317271253 22.377118490420695
4.0 23.081484191012976 22.376542325080315
4.5 23.08151723366516 22.375964791708274
5.0 23.08154686916793 22.375387715910044
5.5 23.081591211835644 22.374823179567002
6.0 23.081647002119293 22.37425225742067
6.5 23.081699490539545 22.373690707010425
7.0 23.08176244147608 22.373134748115202
7.5 23.08183010812423 22.372581868686154
8.0 23.081903513532506 22.37202754419897
8.5 23.0819923328259 22.371478181468035
9.0 23.082077311265905 22.3709321098632
9.5 23.082179549469334 22.370388612729755
10.0 23.08227289408302 22.36984602667389
10.5 23.08238552136526 22.36931714333417
11.0 23.082499580429392 22.368779724247098
11.5 23.082618382027444 22.368248089254177
12.0 23.082750698862796 22.367731086837455
12.5 23.082873276383022 22.367205074593297
13.0 23.08301173757374 22.366684769624552
13.5 23.08314602984092 22.366169767101653
14.0 23.08330269955521 22.365651823100016
14.5 23.083462817235745 22.365141034302187
15.0 23.083622094521168 22.364640671515275
15.5 23.083782359460486 22.36413195095675
16.0 23.083945949808992 22.363625248172355
16.5 23.084126156422016 22.363121755020057
17.0 23.08430262578421 22.36262271210603
17.5 23.084477709563103 22.362133028061713
18.0 23.084670282419925 22.361637073083113
18.5 23.084865793762983 22.36114851078102
19.0 23.08505984401259 22.360660995101533
19.5 23.08525582416721 22.36018000573599
20.0 23.085469474518803 22.35969374248331
20.5 23.085677041209387 22.359219281956072
21.0 23.08589427755966 22.358741456565593
21.5 23.086115269603773 22.358266824470725
22.0 23.086344352976443 22.35779506699017
22.5 23.086552076736858 22.357324381077074
23.0 23.086786531042538 22.356864727202712
23.5 23.08700750760228 22.35638749411907
24.0 23.08724376385928 22.3559254935576
24.5 23.087489135555575 22.355467031841812
25.0 23.087726373752325 22.355010930184523
25.5 23.08796008164405 22.354546650262392
26.0 23.088222103586563 22.35409248438456
26.5 23.08846985613102 22.353645426633722
27.0 23.088720009426623 22.353185963104703
27.5 23.088974560952323 22.352742786685482
28.0 23.089235594107095 22.35228370930486
28.5 23.089491069636473 22.351844624866686
29.0 23.089755766522686 22.35139897104165
29.5 23.090019185462943 22.35095309146658
30.0 23.090291598059665 22.350517617848208
30.5 23.09055150471517 22.350081544471468
31.0 23.090825374209665 22.349646025042208
31.5 23.091091785836852 22.349204459290327
32.0 23.091372716541613 22.34876289546335
32.5 23.09164086869531 22.348337970045012
33.0 23.09191387477687 22.34790159734451
33.5 23.092202509266833 22.3474697806712
34.0 23.092473587468834 22.34704861764947
34.5 23.092767810008503 22.346613592611256
35.0 23.09304481344391 22.34619567906357
35.5 23.093317094429807 22.34576469724354
36.0 23.093601820079257 22.345341350852802
36.5 23.09388387129378 22.344921840142003
37.0 23.094170697337724 22.344504886167705
37.5 23.094453641538024 22.34408611734385
38.0 23.094730892700635 22.343664768766644
38.5 23.09502355594941 22.343241376299762
39.0 23.095307419675063 22.342824971426168
39.5 23.095602177368622 22.34241438235371
40.0 23.095901066228745 22.341998036588752
40.5 23.096187951969064 22.341587907284193
41.0 23.096481891219195 22.341171114156314
41.5 23.096783837419753 22.3407694677644
42.0 23.097086129622532 22.340360977123407
42.5 23.09738759998448 22.33995354196211
43.0 23.09770719162408 22.33955528262513
43.5 23.09801550538261 22.33915000075858
44.0 23.098316604815988 22.338755762836477
44.5 23.098627361544434 22.3383585129475
45.0 23.098950453328957 22.33796378145272
45.5 23.099263882870748 22.337567626542466
46.0 23.099599460408776 22.33717667151801
46.5 23.099917020797722 22.336783702657087
47.0 23.10024874114597 22.336392198580985
47.5 23.10057620932905 22.336006237936225
48.0 23.100898394570475 22.33561684115784
48.5 23.101244068270113 22.335229263656164
49.0 23.101583089655403 22.33485224209932
49.5 23.101914527033294 22.33447275268135
50.0 23.102267208654315 22.334088249383434
50.5 23.102610055721364 22.33371449752965
51.0 23.10296037700276 22.333345157534282
51.5 23.103301506682833 22.33296619188486
52.0 23.10365912302136 22.33259586416052
52.5 23.10401572527887 22.33222170739595
53.0 23.104373615372673 22.33185761156588
53.5 23.10473931720424 22.331496393627198
54.0 23.10510715530271 22.331132679988272
54.5 23.10547339192539 22.330767071514753
55.0 23.105837756871935 22.33040890051224
55.5 23.106219728056185 22.33005035500062
56.0 23.106582834237855 22.329688005358413
56.5 23.10696504729458 22.329338691328594
57.0 23.1073547127601 22.32898300270442
57.5 23.107727537702594 22.328633253406437
58.0 23.10811318258656 22.328285322966217
58.5 23.108512276019706 22.327939592561172
59.0 23.1089023263888 22.32759755336398
59.5 23.109300941430874 22.327253213146577
60.0 23.109702293436992 22.32691431879327
60.5 23.110091613273774 22.32657494838136
61.0 23.110508222294435 22.326227799549393
61.5 23.110904494362604 22.32590369335883
62.0 23.111318595732616 22.325562980819086
62.5 23.11172756646907 22.32523347251862
63.0 23.112144062628857 22.324900124453375
63.5 23.112564379812028 22.324578048041303
64.0 23.112981651792012 22.324242957633814
64.5 23.113396267268488 22.323925532731813
65.0 23.113824110429455 22.323607221725513
65.5 23.114257330765568 22.323286539397962
66.0 23.114690540370812 22.32296673078578
66.5 23.115133238808056 22.322647529969984
67.0 23.115570618526988 22.322342959422492
67.5 23.11600727347182 22.322026606204155
68.0 23.11645310923698 22.32171274664175
68.5 23.11689823924395 22.3214114695555
69.0 23.117344207564543 22.321106832087313
69.5 23.117811448655075 22.320801099072625
70.0 23.118264769339696 22.32049705548894
70.5 23.118719053289546 22.320202129050735
71.0 23.11918172373192 22.319909365772407
71.5 23.11963958449635 22.319610320287865
72.0 23.120114847567812 22.319310993508648
72.5 23.1205822943394 22.31902327807427
73.0 23.12106276735325 22.318730138659724
73.5 23.121542142108616 22.318450676419506
74.0 23.122014557104585 22.318161727027373
74.5 23.122504626756797 22.317877157541037
75.0 23.122986175673134 22.31759525545869
75.5 23.123474426818483 22.317314273653054
76.0 23.123969372847554 22.31703714599185
76.5 23.124461768228976 22.3167552238157
77.0 23.124960997379063 22.31648611007275
77.5 23.12546115489651 22.316213402261145
78.0 23.125965834703173 22.315943968403275
78.5 23.126469822971814 22.31567563380009
79.0 23.12697899248802 22.315410062448905
79.5 23.12748696596006 22.315146488343224
80.0 23.12799612167188 22.314871751785844
80.5 23.128514926539196 22.314613669699696
81.0 23.12904527131209 22.314351389340562
81.5 23.129570556604815 22.314095285044544
82.0 23.130095335308457 22.313842651413406
82.5 23.13062930178116 22.313585588016245
83.0 23.131158397998746 22.31333235418915
83.5 23.13169977856838 22.313081224928606
84.0 23.132241671945614 22.31283233628702
84.5 23.132775438606235 22.31258588117079
85.0 23.133320827835952 22.312344007637478
85.5 23.13387638897933 22.312097811645653
86.0 23.134426875494988 22.3118561561283
86.5 23.13496859151816 22.311621625311396
87.0 23.135539475074584 22.31137910458444
87.5 23.136097605460094 22.3111426148753
88.0 23.136657391370147 22.310909459598484
88.5 23.137230013438412 22.31068266079118
89.0 23.137804383339148 22.310445098883033
89.5 23.13836699501937 22.31022301433633
90.0 23.13893495303286 22.309994326277582
90.5 23.13953004272048 22.309772853126315
91.0 23.140105595553525 22.309545759557512
91.5 23.1406960463277 22.309334305891788
92.0 23.141282780203163 22.30910932100273
92.5 23.141864368105466 22.308892768065526
93.0 23.142461357484905 22.30868400776426
93.5 23.143060260863074 22.308470163885467
94.0 23.14366649084722 22.308262498696916
94.5 23.144270072327636 22.308049656754626
95.0 23.144878454149453 22.30784428626159
95.5 23.14548557191334 22.307641502546694
96.0 23.14610789502936 22.30743495428023
96.5 23.146715635544687 22.307238968126146
97.0 23.14734105427806 22.307041656038212
97.5 23.147956567971647 22.306850016400848
98.0 23.148585021202152 22.30665159304393
98.5 23.149215701644643 22.306460940448176
99.0 23.14984567665324 22.30627305287537
99.5 23.15048156053415 22.30607752481393
100.0 23.151131401300276 22.30589748834612
100.5 23.15176822445919 22.30570678788917
101.0 23.152420717565974 22.305530437889978
101.5 23.153066376296106 22.305351374563706
102.0 23.153715411376382 22.305168229708862
102.5 23.154374288782268 22.304998082412034
103.0 23.155032763615093 22.304829964107526
103.5 23.15569638569482 22.30465254399664
104.0 23.156358088986014 22.304487588906593
104.5 23.1570242187359 22.304313509664976
105.0 23.157706038197155 22.304156014847713
105.5 23.158376816927277 22.30398679907966
106.0 23.159060290508414 22.303823523915266
106.5 23.159739758378905 22.303674155237058
107.0 23.160424368927494 22.303512005936025
107.5 23.16112296916566 22.303359284895365
108.0 23.16181455466259 22.303210372871746
108.5 23.16252129660986 22.303060705364604
109.0 23.16323113250776 22.30291380907971
109.5 23.163938862602453 22.302768747766322
110.0 23.16465554960601 22.30262754145631
110.5 23.16537615127556 22.302490153360516
111.0 23.16610243974762 22.302354564592402
111.5 23.16683367724795 22.302224725595273
112.0 23.16755979914153 22.302090766320347
112.5 23.16830943235235 22.301951119689143
113.0 23.169048098482342 22.301827593819695
113.5 23.169796880730868 22.301703093563574
114.0 23.170547468020395 22.301578356665573
114.5 23.17130595282554 22.301455181979044
115.0 23.17207652053902 22.30134236758012
115.5 23.172823944978557 22.301217661245566
116.0 23.173591631595688 22.301104510436364
116.5 23.174364154142907 22.300986282089653
117.0 23.17514338820839 22.300880078608248
117.5 23.17591289591322 22.300770133404264
118.0 23.176700583369403 22.300667884887826
118.5 23.177478034843844 22.300562882146128
119.0 23.178268501210137 22.300452301660417
119.5 23.179051296368183 22.300350007783273
120.0 23.179850746326302 22.300253217912804
120.5 23.180650538100352 22.30015262642155
121.0 23.18145713379353 22.300059176008308
121.5 23.18225766122726 22.299964263739565
122.0 23.18306046200897 22.299876523410482
122.5 23.183875286225405 22.29978497109064
123.0 23.18467941059584 22.299692652572972
123.5 23.185494220370817 22.2996072863582
124.0 23.186318716293908 22.299516503476
124.5 23.187136297958403 22.299435368733967
125.0 23.1879495236965 22.2993597781875
125.5 23.18877515575894 22.299276483849518
126.0 23.18961255771 22.29919114502224
126.5 23.190420520092005 22.299121050286793
127.0 23.191266466347077 22.2990392339293
127.5 23.19208829323522 22.298971771900902
128.0 23.19292464867679 22.298884771614375
128.5 23.193771784521577 22.298818771799983
129.0 23.19460275492141 22.29874441823627
129.5 23.195436728324793 22.298686560538165
130.0 23.196291367137697 22.29860955232195
130.5 23.197128635592527 22.298545236872414
131.0 23.19796360217941 22.298485954404754
131.5 23.198812115971023 22.298425148265004
132.0 23.199660229440994 22.298369138004475
132.5 23.200501582170233 22.29829868625568
133.0 23.201348466876105 22.29823925691038
133.5 23.202208860338878 22.29818809327562
134.0 23.203059342032148 22.298124723461097
134.5 23.203909927203874 22.29807377419966
135.0 23.20476265273694 22.298014500584582
135.5 23.205614996746693 22.29796330461586
136.0 23.206467163977553 22.297909768031342
136.5 23.207329909110797 22.297867445716335
137.0 23.208180389900722 22.29780823526017
137.5 23.209029291206523 22.29775767936229
138.0 23.20987807021289 22.297711394392255
