FastTrWP/PhaseSpace/IAs/snIa_0.65_30.00_1.05_-0.08.csv
# %ECSV 0.9
# ---
# datatype:
# - {name: time-rel, datatype: float64}
# - {name: g, datatype: float64}
# - {name: i, datatype: float64}
# schema: astropy-2.0
time-rel g i
[from data line 2588]
1351.9791666666667 25.594977483913162 23.2188345954931
1352.4791666666667 25.59985146510389 23.219768823866808
1352.9791666666667 25.60472933367594 23.22072563887766
1353.4791666666667 25.60961708008871 23.221682102082653
1353.9791666666667 25.614568286538663 23.222618591784503
1354.4791666666667 25.619472721261435 23.223576771573388
1354.9791666666667 25.624446757032672 23.224522289237314
1355.4791666666667 25.629481360055564 23.225469991228188
1355.9791666666667 25.634465564624097 23.226420741794755
1356.4791666666667 25.639492199742932 23.22737723158093
1356.9791666666667 25.64453248912124 23.22832525307153
1357.4791666666667 25.64957368312526 23.229271472369604
1357.9791666666667 25.654651994211495 23.230231442537594
1358.4791666666667 25.65974579682308 23.231169347660433
1358.9791666666667 25.664858088307874 23.232130493777213
1359.4791666666667 25.669961303612908 23.23308142613541
1359.9791666666667 25.675068565244562 23.234023263041816
1360.4791666666667 25.680190711213328 23.234988821157252
1360.9791666666667 25.68535073755047 23.235941038574058
1361.4791666666667 25.690500048194945 23.23689603056998
1361.9791666666667 25.695682769776155 23.237845637089272
1362.4791666666667 25.70084001281235 23.23880317091166
1362.9791666666667 25.706009890591375 23.239762280125706
1363.4791666666667 25.711189710016026 23.240722036371842
1363.9791666666667 25.716411462870177 23.241680316371685
1364.4791666666667 25.721584915831777 23.24263970004372
1364.9791666666667 25.726762170844765 23.24360251152949
1365.4791666666667 25.731955113538852 23.244571316887207
1365.9791666666667 25.73715602403926 23.245530585772705
1366.4791666666667 25.742345249213393 23.246495877108746
1366.9791666666667 25.7475240707309 23.24746648001846
1367.4791666666667 25.752685194403387 23.248434211447897
1367.9791666666667 25.75786916048248 23.249401656788745
1368.4791666666667 25.763061206430827 23.2503793957536
1368.9791666666667 25.768259568861662 23.251349953953415
1369.4791666666667 25.773532166408337 23.252319545454263
1369.9791666666667 25.77877587295571 23.253287591471846
1370.4791666666667 25.78409857508579 23.254248020777403
1370.9791666666667 25.78947656912839 23.255223902999663
1371.4791666666667 25.794849304982705 23.256198250133213
1371.9791666666667 25.800297446961928 23.25715659375558
1372.4791666666667 25.80575088393443 23.258127423184852
1372.9791666666667 25.8112802834549 23.25909472635235
1373.4791666666667 25.816816868369887 23.26006268068332
1373.9791666666667 25.822393021270244 23.26102401768091
1374.4791666666667 25.827982681300284 23.26199144280812
1374.9791666666667 25.833667638248823 23.262952666533366
1375.4791666666667 25.839379358522407 23.26392196416506
1375.9791666666667 25.845068596375448 23.26489108789248
1376.4791666666667 25.85085745095992 23.26584652287139
1376.9791666666667 25.856642306924087 23.26681006698253
1377.4791666666667 25.862455799260957 23.267786894622745
1377.9791666666667 25.868329095236824 23.268746981232628
1378.4791666666667 25.87422546595657 23.269711693046993
1378.9791666666667 25.880121670745222 23.270677314503665
1379.4791666666667 25.886106096806376 23.271645634932867
1379.9791666666667 25.89207737953009 23.27259403001515
1380.4791666666667 25.89809550821662 23.27356407508949
1380.9791666666667 25.904130617705505 23.274531156459336
1381.4791666666667 25.910210993390976 23.27548413269274
1381.9791666666667 25.916316738692533 23.27647383052578
1382.4791666666667 25.922470108758496 23.277431811658342
1382.9791666666667 25.928632266965717 23.27839317619546
1383.4791666666667 25.93480983923184 23.279356659673155
1383.9791666666667 25.94099738017554 23.28032144221055
1384.4791666666667 25.947268221686237 23.281290903879047
1384.9791666666667 25.95351357320636 23.28226030414747
1385.4791666666667 25.9598352268127 23.283221734296102
1385.9791666666667 25.966144113085754 23.28418584281481
1386.4791666666667 25.972467680567334 23.285161648251208
1386.9791666666667 25.978869994942457 23.286123620829613
1387.4791666666667 25.985213678473453 23.28709104408803
1387.9791666666667 25.991661255289436 23.288065659944426
1388.4791666666667 25.998075931934927 23.289038613359786
1388.9791666666667 26.00450617590395 23.28999317066141
1389.4791666666667 26.010966756370753 23.290969149085758
1389.9791666666667 26.017452955685435 23.291946703679148
1390.4791666666667 26.02394147597427 23.2929239229222
1390.9791666666667 26.03052240456041 23.293897584621746
1391.4791666666667 26.037050691360445 23.29487253391185
1391.9791666666667 26.04356409856453 23.29584030270685
1392.4791666666667 26.050146051332923 23.296810694744423
1392.9791666666667 26.05674779604143 23.297791248350272
1393.4791666666667 26.063285669763083 23.298776267034302
1393.9791666666667 26.069923376467806 23.299751900686502
1394.4791666666667 26.076539131203464 23.30074013962737
1394.9791666666667 26.08317459601485 23.30171855681288
1395.4791666666667 26.089784800819 23.30269974817435
1395.9791666666667 26.09643735965722 23.303682777306847
1396.4791666666667 26.103022188429776 23.304666576382047
1396.9791666666667 26.109695389487783 23.3056506515184
1397.4791666666667 26.1163357924407 23.306635148953752
1397.9791666666667 26.12298496735395 23.3076265882432
1398.4791666666667 26.129644145036437 23.308617199963333
1398.9791666666667 26.136268168317997 23.309604670386392
1399.4791666666667 26.14294866793648 23.310597448160443
1399.9791666666667 26.149594792636087 23.311591807467416
1400.4791666666667 26.156218703214762 23.31258698178995
1400.9791666666667 26.162863732377563 23.31358369080968
1401.4791666666667 26.169459265587523 23.314580631606233
1401.9791666666667 26.176111363843603 23.315579597475647
1402.4791666666667 26.182690075259416 23.316583994915042
1402.9791666666667 26.18930145248385 23.31758503683183
1403.4791666666667 26.19587620260703 23.318590755883918
1403.9791666666667 26.202463758962363 23.319588503353152
1404.4791666666667 26.209007910372026 23.320604147985232
1404.9791666666667 26.21555559743054 23.321619077083902
1405.4791666666667 26.22201835669326 23.322628625574705
1405.9791666666667 26.228496086278138 23.323638872325937
1406.4791666666667 26.234985901897453 23.324650071537228
1406.9791666666667 26.24145276680322 23.325680655323634
1407.4791666666667 26.247832141078263 23.326689769789304
1407.9791666666667 26.254250913787214 23.32771236605378
1408.4791666666667 26.260631410966752 23.328747145775075
1408.9791666666667 26.266972505385738 23.32975730173739
1409.4791666666667 26.273380803466754 23.330793478750074
1409.9791666666667 26.279745406339856 23.33181171879252
1410.4791666666667 26.286145887559698 23.332838689750712
1410.9791666666667 26.292518446067007 23.333866708455208
1411.4791666666667 26.298914587535883 23.334905973578177
1411.9791666666667 26.305279273546148 23.335937676907925
1412.4791666666667 26.311640280941976 23.33696904964485
1412.9791666666667 26.318087375997273 23.338017377712738
1413.4791666666667 26.32445569091145 23.33903731785786
1413.9791666666667 26.330796848135407 23.34008597197439
1414.4791666666667 26.337190336424783 23.341124886472784
1414.9791666666667 26.343581506214598 23.342153469209265
1415.4791666666667 26.3499532700499 23.343193706229734
