FastTrWP/PhaseSpace/IAs/snIa_0.51_30.00_0.49_0.03.csv
# %ECSV 0.9
# ---
# datatype:
# - {name: time-rel, datatype: float64}
# - {name: g, datatype: float64}
# - {name: i, datatype: float64}
# schema: astropy-2.0
time-rel g i
[from data line 1444]
869.7083333333334 23.989679511736156 22.427058869655674
870.2083333333333 23.991362671462078 22.427502620390896
870.7083333333334 23.993055200754753 22.427924270487548
871.2083333333334 23.994742618677027 22.428360441010312
871.7083333333333 23.996425615900595 22.428786694161893
872.2083333333334 23.998118043619506 22.429228513437437
872.7083333333334 23.999807333681446 22.429661326418923
873.2083333333333 24.00149449471268 22.430100036784218
873.7083333333334 24.003188135548 22.43054012545398
874.2083333333334 24.004859016191944 22.430975375043573
874.7083333333333 24.00655135055994 22.431417606994092
875.2083333333334 24.008245202118047 22.431851788857404
875.7083333333334 24.009939969925803 22.432296711235637
876.2083333333333 24.011615438166647 22.432742958668648
876.7083333333334 24.013313959077944 22.433187177006126
877.2083333333334 24.014999033639796 22.433629764645005
877.7083333333333 24.01668043883941 22.434071411009988
878.2083333333334 24.018375010737508 22.43451934691709
878.7083333333334 24.020064853735363 22.43496854169104
879.2083333333333 24.021763984465085 22.435416537414845
879.7083333333334 24.02346378251886 22.43587094270492
880.2083333333334 24.02514497910022 22.436323184827724
880.7083333333333 24.026838739771303 22.436772837735273
881.2083333333334 24.028523456844034 22.437226622365966
881.7083333333334 24.030213106823695 22.43767599504451
882.2083333333333 24.03190205750405 22.438135543031443
882.7083333333334 24.033602596057868 22.438591607644504
883.2083333333334 24.03529644975887 22.4390452456028
883.7083333333333 24.036998190721622 22.439509737569622
884.2083333333334 24.038685753235786 22.439967873438217
884.7083333333334 24.040382349209978 22.440428315419304
885.2083333333333 24.042079169039848 22.440897186549922
885.7083333333334 24.04376543694915 22.4413621485489
886.2083333333334 24.045446738146712 22.441822511123398
886.7083333333333 24.04716608006227 22.442286557999743
887.2083333333334 24.048853393745546 22.442754670360227
887.7083333333334 24.050553318425063 22.44322292319349
888.2083333333333 24.05224521449529 22.443689418359067
888.7083333333334 24.053936903777206 22.44416999299785
889.2083333333334 24.055632381831266 22.444629337684535
889.7083333333333 24.057333992633243 22.4451100170118
890.2083333333334 24.05903664527856 22.44558374828708
890.7083333333334 24.060728840254736 22.446055915057453
891.2083333333333 24.062421673868624 22.44653185841357
891.7083333333334 24.064121382282355 22.44700483240414
892.2083333333334 24.065820532755403 22.447481888033547
892.7083333333333 24.067528549992318 22.447963742080134
893.2083333333334 24.069229315999905 22.44844366335533
893.7083333333334 24.07093137455735 22.44893134181484
894.2083333333333 24.07263614898788 22.449411144281974
894.7083333333334 24.0743273351435 22.44989232192477
895.2083333333334 24.07604027881389 22.450385909267183
895.7083333333333 24.07774093045142 22.45087016984435
896.2083333333334 24.079435692688005 22.451354720212755
896.7083333333334 24.081135971779837 22.45184129011827
897.2083333333333 24.082843919702597 22.45233343687861
897.7083333333334 24.084561137639614 22.452820439054037
898.2083333333334 24.08626316405874 22.453312658816724
898.7083333333333 24.087962895988166 22.45380630595666
899.2083333333334 24.089693181852017 22.45430030500603
899.7083333333334 24.091377659596397 22.45478935392719
900.2083333333333 24.09308393155086 22.45529421105641
900.7083333333334 24.094795028568562 22.45578792160059
901.2083333333334 24.096511697593108 22.456282906458274
901.7083333333333 24.09820493937058 22.456783596937502
902.2083333333334 24.099939765842244 22.457277552353716
902.7083333333334 24.101626657467193 22.457780533778788
903.2083333333333 24.103347805388495 22.45829162868075
903.7083333333334 24.10505371622378 22.458783976714237
904.2083333333334 24.106772871231634 22.459290005545093
904.7083333333333 24.10848612550023 22.459799758876766
905.2083333333334 24.1102010054021 22.460301177797398
905.7083333333334 24.111919419230187 22.460806691806688
906.2083333333333 24.11363013481767 22.46131447217488
906.7083333333334 24.11533722568167 22.46182033632906
907.2083333333334 24.11706019825878 22.4623346610454
907.7083333333333 24.118786641552795 22.46285009675593
908.2083333333334 24.1205007905444 22.463362491902746
908.7083333333334 24.122219088797777 22.463869804028334
909.2083333333333 24.123930190805396 22.46439027104605
909.7083333333334 24.125667677699365 22.46490276629099
910.2083333333334 24.127380124574668 22.46541634569583
910.7083333333333 24.129102220359066 22.465935430339705
911.2083333333334 24.1308274815539 22.466453133610823
911.7083333333334 24.132542283223472 22.46696288265843
912.2083333333333 24.13427587273306 22.467498898900118
912.7083333333334 24.13598923061265 22.468013632593475
913.2083333333334 24.137731685337318 22.468540432525536
913.7083333333333 24.1394608110638 22.469057345549267
914.2083333333334 24.141206616165807 22.46958284591594
914.7083333333334 24.14291785802826 22.4701124577895
915.2083333333333 24.1446421954194 22.4706390789126
915.7083333333334 24.146376951766083 22.471162478451543
916.2083333333334 24.14808351418863 22.471701298943586
916.7083333333333 24.1498219268194 22.47222834115921
917.2083333333334 24.151557994359205 22.472758895618806
917.7083333333334 24.15327437648201 22.473290152995652
918.2083333333333 24.155019695379014 22.473827104304625
918.7083333333334 24.15673486254964 22.474363646894847
919.2083333333334 24.158480983479432 22.474897519735414
919.7083333333333 24.16021951181545 22.47543449265955
920.2083333333334 24.16194634429864 22.47597408736651
920.7083333333334 24.163670635869863 22.476515137884903
921.2083333333333 24.16539165094388 22.477046969229562
921.7083333333334 24.167141134457836 22.477592574528312
922.2083333333334 24.1688628214349 22.478133613036842
922.7083333333333 24.17060470159189 22.47867713017049
923.2083333333334 24.172347699064105 22.479230119674995
923.7083333333334 24.174075389067898 22.479771906291532
924.2083333333333 24.17581562941827 22.48031996624824
924.7083333333334 24.177554834292586 22.480865949415467
925.2083333333334 24.179273046602635 22.481414259943868
925.7083333333333 24.181029966704305 22.481968883541175
926.2083333333334 24.182772761687353 22.48251905385953
926.7083333333334 24.184502618920448 22.48307042019386
927.2083333333333 24.186248619951776 22.48362507287585
927.7083333333334 24.18799418249975 22.484178162972785
928.2083333333334 24.18970381987643 22.48473615643133
928.7083333333333 24.191450662856862 22.485293902479576
929.2083333333334 24.193203544812 22.48585033747473
929.7083333333334 24.19493934882037 22.48641141397738
930.2083333333333 24.196682457408713 22.486973447322466
930.7083333333334 24.198419882000767 22.48753519243276
931.2083333333334 24.200161101129204 22.48809783454844
931.7083333333333 24.201911755671244 22.488662842854485
932.2083333333334 24.203677462087903 22.48922166272733
932.7083333333334 24.205418292319344 22.489791166170914
933.2083333333333 24.2071395429819 22.490361062514577
933.7083333333334 24.208892561778725 22.49092959850572
934.2083333333334 24.21064822905143 22.49149724923686
934.7083333333333 24.21238905260614 22.49207268285947
935.2083333333334 24.21415234011629 22.492641029174166
935.7083333333334 24.215888397472014 22.493216481760875
936.2083333333333 24.217636976322225 22.493790668923754
936.7083333333334 24.21939218458002 22.494367110033604
937.2083333333334 24.22114797920817 22.49494761671245
937.7083333333333 24.222889727161892 22.495517945850764
938.2083333333334 24.224651346158655 22.49610010159918
938.7083333333334 24.226416952012784 22.49667927167124
939.2083333333333 24.22816931010086 22.497263387458283
939.7083333333334 24.22989852554099 22.497845138514997
940.2083333333334 24.231679365635067 22.498425528577716
940.7083333333333 24.233429203528626 22.499005649922196
941.2083333333334 24.235188905097054 22.499595997616154
941.7083333333334 24.236948846125625 22.500177098221258
942.2083333333333 24.238705131078003 22.500766019185498
942.7083333333334 24.240474640186815 22.501355092842076
943.2083333333334 24.24223122367477 22.501947541817273
943.7083333333333 24.243987519560008 22.502538396884116
944.2083333333334 24.245756501880255 22.50313098136484
944.7083333333334 24.247519412051467 22.503716080950053
945.2083333333333 24.24928484436004 22.504313931901592
945.7083333333334 24.251053896124954 22.504910794787413
946.2083333333334 24.252829373368368 22.505503823764975
946.7083333333333 24.254594244432543 22.5061075119119
947.2083333333334 24.2563620334727 22.506705276432033
947.7083333333334 24.258139678887026 22.507307650550963
948.2083333333333 24.259911796882996 22.507902184296128
948.7083333333334 24.261683655296224 22.508504185363645
949.2083333333334 24.263448224901907 22.50910921585655
949.7083333333333 24.265220886307933 22.509713211543286
950.2083333333334 24.26699681795118 22.510317002930044
950.7083333333334 24.268775078368613 22.510922549403883
951.2083333333333 24.270557574363544 22.511533499646337
951.7083333333334 24.27234479811689 22.51214136474756
952.2083333333334 24.274124533878833 22.5127548299132
952.7083333333333 24.27589654196322 22.513367861011293
953.2083333333334 24.277667079443223 22.513982021740283
953.7083333333334 24.279470340744997 22.514593980504422
954.2083333333333 24.281229946322092 22.51521315027308
954.7083333333334 24.28302424915676 22.515834586325774
955.2083333333334 24.284802279058905 22.51645279486141
955.7083333333333 24.286580676095504 22.517069607497593
956.2083333333334 24.288372503810187 22.51769927943426
956.7083333333334 24.290157263284677 22.518322471315923
957.2083333333333 24.29194456906323 22.518950218994984
957.7083333333334 24.29374017833038 22.519574914022904
958.2083333333334 24.29551452911938 22.520200408236057
958.7083333333333 24.29731319831461 22.520835930666856
959.2083333333334 24.299102308306434 22.521467273427554
959.7083333333334 24.300909010882748 22.522092709632275
960.2083333333333 24.302684045641293 22.52273344744708
960.7083333333334 24.304494794802483 22.52337279088004
961.2083333333334 24.306267105880742 22.524000264912736
961.7083333333333 24.30806710445932 22.52464132069567
962.2083333333334 24.30985867061445 22.525283208095857
962.7083333333334 24.311652071926897 22.52591676630054
963.2083333333333 24.31345416830956 22.5265603945528
963.7083333333334 24.315247110051036 22.527211985453064
964.2083333333334 24.31704576785124 22.527843790136867
964.7083333333333 24.31885808885077 22.528488784858517
965.2083333333334 24.320653047670614 22.529136843954095
965.7083333333334 24.322463373403934 22.529788316176855
966.2083333333333 24.324239512202222 22.530427952596614
966.7083333333334 24.326051322143634 22.53108594802931
967.2083333333334 24.32786320538275 22.53172946263525
967.7083333333333 24.32966815425241 22.5323837926069
968.2083333333334 24.331450358111802 22.53303461914719
968.7083333333334 24.333262029051483 22.533684950954967
969.2083333333333 24.335063778923672 22.534340858860595
969.7083333333334 24.336879690856588 22.534996536274722
970.2083333333334 24.33868724102798 22.535655268092537
970.7083333333333 24.340487342069412 22.536308588265808
971.2083333333334 24.342308544049093 22.53697288013364
971.7083333333334 24.344117226903062 22.53762577639543
972.2083333333333 24.345906311474025 22.538280566632892
972.7083333333334 24.347725664981436 22.538945478751394
973.2083333333334 24.349541966201706 22.539605037664767
973.7083333333333 24.351347308295352 22.540266285027812
974.2083333333334 24.353143714828043 22.540932825263514
974.7083333333334 24.354960649983646 22.54159323259891
975.2083333333333 24.35678326848592 22.542258538127108
975.7083333333334 24.358588278492746 22.54291477747273
976.2083333333334 24.360415515766395 22.543585971409826
976.7083333333333 24.36224119275705 22.544245874194004
977.2083333333334 24.36404599039639 22.544917430920343
977.7083333333334 24.365855584242976 22.545584382494273
978.2083333333333 24.36769285193389 22.5462618144422
978.7083333333334 24.369477859339064 22.546922204224728
979.2083333333334 24.371297479693695 22.547597799971705
979.7083333333333 24.373136600479874 22.54826392598671
980.2083333333334 24.374946037506184 22.548936204721862
980.7083333333334 24.37677566896644 22.549608406821076
981.2083333333333 24.378591591708552 22.550278103527997
981.7083333333334 24.380408195940667 22.550956733994102
982.2083333333334 24.38222091880163 22.551620539596932
982.7083333333333 24.384047650464314 22.552289415488282
983.2083333333334 24.38588408068316 22.552971793644467
983.7083333333334 24.387706078566183 22.553641982762308
984.2083333333333 24.389529726539646 22.55431547603208
984.7083333333334 24.39135225212545 22.55499059683377
985.2083333333334 24.393163186730384 22.55567341642727
985.7083333333333 24.395008976521495 22.5563409694308
986.2083333333334 24.396815029855787 22.55702570658358
986.7083333333334 24.398660134361002 22.55770197715816
987.2083333333333 24.400479432081596 22.558374519736432
987.7083333333334 24.402311445547916 22.559057516161694
988.2083333333334 24.404138477490356 22.559735628714478
988.7083333333333 24.405961413085485 22.560415247539495
989.2083333333334 24.407793229364355 22.561094488030665
989.7083333333334 24.409627911456372 22.561782609222636
990.2083333333333 24.411458928839934 22.56246597150848
990.7083333333334 24.413289151013515 22.563150005775825
991.2083333333334 24.415114010480856 22.563839347530017
991.7083333333333 24.41695039107159 22.564526345291817
992.2083333333334 24.418772657581886 22.565209382490533
992.7083333333334 24.420605453535522 22.56590062902134
993.2083333333333 24.422428912977526 22.56658625529375
993.7083333333334 24.424297457131885 22.567280154991266
994.2083333333334 24.426115132163652 22.567973155677702
994.7083333333333 24.42795472479545 22.568668680595692
995.2083333333334 24.42980097190115 22.56935346456046
995.7083333333334 24.431625615524656 22.570043123448915
996.2083333333333 24.433471402428808 22.570742833969916
996.7083333333334 24.43530063829631 22.57143813389404
997.2083333333334 24.43713419068645 22.572134748767887
997.7083333333333 24.438977929799925 22.57283397865105
998.2083333333334 24.44080777983995 22.573531829457675
998.7083333333334 24.442676924424113 22.574228162848343
999.2083333333333 24.444489218560015 22.574930994976263
999.7083333333334 24.446341671386506 22.575631355589536
1000.2083333333334 24.44818293767508 22.576334575546856
1000.7083333333334 24.450009140430037 22.5770350255527
1001.2083333333334 24.451883160589574 22.57774136817828
1001.7083333333334 24.453711971328875 22.578442080398332
1002.2083333333334 24.455546076115795 22.579149995519835
1002.7083333333334 24.457407207241474 22.579854409138733
1003.2083333333334 24.459229133266835 22.580564062226408
1003.7083333333334 24.461084230276388 22.581266914483038
1004.2083333333334 24.462929106402328 22.58198255732827
1004.7083333333334 24.46476411556823 22.582685009648443
1005.2083333333334 24.466616032786952 22.583399763348197
1005.7083333333334 24.46846921603131 22.58410587964176
1006.2083333333334 24.47030935986319 22.584811599877273
1006.7083333333334 24.47216944827732 22.58552827407369
1007.2083333333334 24.47400235139488 22.586242118798047
1007.7083333333334 24.47586024906226 22.586960975351936
1008.2083333333334 24.477713359458924 22.587666093789803
1008.7083333333334 24.479563976034893 22.588375560096793
1009.2083333333334 24.481411614139454 22.5890957347988
1009.7083333333334 24.48326693215911 22.589810640378666
1010.2083333333334 24.485099558737787 22.590524172001714
1010.7083333333334 24.486968647635855 22.59123573742726
1011.2083333333334 24.488813362085153 22.591964073668002
1011.7083333333334 24.49065867301533 22.59267558106607
1012.2083333333334 24.49251945535969 22.593392580881385
1012.7083333333334 24.494382653914165 22.59410851128888
1013.2083333333334 24.49623046687534 22.59483598233188
