FastTrWP/PhaseSpace/IAs/snIa_0.62_30.00_-0.98_-0.14.csv
# %ECSV 0.9
# ---
# datatype:
# - {name: time-rel, datatype: float64}
# - {name: g, datatype: float64}
# - {name: i, datatype: float64}
# schema: astropy-2.0
time-rel g i
[from data line 338]
311.4375 24.220921280814665 23.493530608578883
311.9375 24.216889793927628 23.48998420186236
312.4375 24.212862328704023 23.48643986590229
312.9375 24.208865103205873 23.482914392377392
313.4375 24.204865861430175 23.479377921173345
313.9375 24.200870186879293 23.47583315317239
314.4375 24.19689011341977 23.472313063360968
314.9375 24.192911334250383 23.46878684539577
315.4375 24.18893317113529 23.465276876567405
315.9375 24.184980935768987 23.4617791003796
316.4375 24.18102966419244 23.458273246040136
316.9375 24.17708879651609 23.45477466288608
317.4375 24.17315062001178 23.451282114409715
317.9375 24.169207513072344 23.447787779046042
318.4375 24.165289452299294 23.44430954871584
318.9375 24.161372876929295 23.440841258967392
319.4375 24.157480907869314 23.437365181380144
319.9375 24.153568777117403 23.43389741515059
320.4375 24.149685540932644 23.430442157778163
320.9375 24.145792650814975 23.42698415934716
321.4375 24.141916238917915 23.423541224938916
321.9375 24.138052651230275 23.420077371047707
322.4375 24.134190076806785 23.416642998336144
322.9375 24.13034394264723 23.413213983640198
323.4375 24.126483475964818 23.40977439642899
323.9375 24.12263590008574 23.406345866138878
324.4375 24.11881136125729 23.40291794998288
324.9375 24.114992502815813 23.399514543135382
325.4375 24.111179463535606 23.396097955938565
325.9375 24.107374096040502 23.39268625698182
326.4375 24.10355370797173 23.389275454121513
326.9375 24.09976214427179 23.385897372743667
327.4375 24.09597959086916 23.38250131833234
327.9375 24.092196146707636 23.379109269473698
328.4375 24.088403540007693 23.37571570443498
328.9375 24.084646989610043 23.372342341868546
329.4375 24.080892441226645 23.368966119407844
329.9375 24.07713084174905 23.3655876207353
330.4375 24.073376637457166 23.362227888058506
330.9375 24.069632470105518 23.358869345391746
331.4375 24.065900465406852 23.355513100751292
331.9375 24.062162310956584 23.352149594029928
332.4375 24.058450783758726 23.34881034581891
332.9375 24.054736180523637 23.34546313840157
333.4375 24.051020022646586 23.342124229091926
333.9375 24.047305856694518 23.33879865342511
334.4375 24.04363300952031 23.33544840159847
334.9375 24.03992910399341 23.33212264252985
335.4375 24.036237669714282 23.32881001944694
335.9375 24.032568248717325 23.325486197588816
336.4375 24.028889263268187 23.322162561510943
336.9375 24.0252281478961 23.31885215258044
337.4375 24.021562926632804 23.31555279772624
337.9375 24.01792308268935 23.312252209210094
338.4375 24.0142834462277 23.308949091028662
338.9375 24.010636500230213 23.305651157706457
339.4375 24.00701288248463 23.302362811057968
339.9375 24.003370854344205 23.299067983646324
340.4375 23.999753421047206 23.295796800366084
340.9375 23.996134984233795 23.29251646297851
341.4375 23.992536825313685 23.289233238121998
341.9375 23.9889205950385 23.285968108710797
342.4375 23.985322008975515 23.2826942116378
342.9375 23.981730527804153 23.279435923342632
343.4375 23.978142980851555 23.276172719151113
343.9375 23.974567411225863 23.272915470442385
344.4375 23.970992736540925 23.269667418972407
344.9375 23.96742963907632 23.26642153277649
345.4375 23.963857169145044 23.26318187951669
345.9375 23.96030314504399 23.25993124159031
346.4375 23.956742358445503 23.25669951263879
346.9375 23.953193826495816 23.253465889304334
347.4375 23.949648872216148 23.250223379649626
347.9375 23.946074744246417 23.24698516110555
348.4375 23.94252078356199 23.24373979283535
348.9375 23.938957197581324 23.240509516996664
349.4375 23.93537493331319 23.23725887838776
349.9375 23.931796706974318 23.23402044638108
350.4375 23.92822118917605 23.23078784354422
350.9375 23.924640875643366 23.227540325705576
351.4375 23.921067814102383 23.22429984561086
351.9375 23.917474368716242 23.221069938461696
352.4375 23.91389449995951 23.21781663482205
352.9375 23.910319663348012 23.214587161456173
353.4375 23.906740618241713 23.211353106476267
353.9375 23.903165364255177 23.208112540873728
354.4375 23.899590674349568 23.204872927573934
354.9375 23.896009701133487 23.201637262060096
355.4375 23.892428019100976 23.198403885686403
355.9375 23.888850615338868 23.19518332564975
356.4375 23.885289664469404 23.191964650162657
356.9375 23.881726185052234 23.188740684272883
357.4375 23.87817234563755 23.1855257296218
357.9375 23.874610850242462 23.18231277446133
358.4375 23.871055021389868 23.179097169443395
358.9375 23.86752495656609 23.17588934949224
359.4375 23.86397360335755 23.17268001849502
359.9375 23.86044831464565 23.169485006892874
360.4375 23.85692035036424 23.166278962329248
360.9375 23.85339159919468 23.1631055799569
361.4375 23.849893752414857 23.159914413603833
361.9375 23.846380895619163 23.156740722357284
362.43749999999994 23.842888913996283 23.15356306403508
362.9375 23.83940490664053 23.15038365920532
363.4375 23.835915125205446 23.147227338210612
363.93749999999994 23.83244234442849 23.144077052218535
364.4375 23.82900414109305 23.14091499959958
364.9375 23.825542534816847 23.137769318696506
365.43749999999994 23.822090611999094 23.134632698234917
365.9375 23.818670430040697 23.131489436116684
366.4375 23.815249714707157 23.128372974198665
366.93749999999994 23.81183138518217 23.12525796893793
367.4375 23.808456323569125 23.12214499409044
367.9375 23.805060240478937 23.119039051029905
368.43749999999994 23.801693846045477 23.115935093440868
368.9375 23.79833905050155 23.112854629335374
369.4375 23.794982253834473 23.109762618802453
369.93749999999994 23.791652397149686 23.106697217767717
370.4375 23.788347874525478 23.10362516921142
370.9375 23.785033938953344 23.10058085442528
371.43749999999994 23.781734943190266 23.09752394436501
371.9375 23.778458465175007 23.094479224437393
372.4375 23.775212878609967 23.091452303257093
372.93749999999994 23.771951348829397 23.088424481767102
373.4375 23.768715011840314 23.085407892268815
373.9375 23.76550238352957 23.082408281768583
374.43749999999994 23.762307570844744 23.079408991867254
374.9375 23.759120461466885 23.076427023684914
375.4375 23.755945249350262 23.073451397807112
375.93749999999994 23.75279973969755 23.070478313835135
376.4375 23.74967055142303 23.06752221224487
376.9375 23.74653552477526 23.06457577767333
377.43749999999994 23.743441774205607 23.061637780237337
377.9375 23.740357358258564 23.058709300281812
378.4375 23.737290005765225 23.055795950293497
378.93749999999994 23.734243772407545 23.05288950206372
379.4375 23.731221236101966 23.049991634439728
379.9375 23.728204927124487 23.047105707606722
380.43749999999994 23.72521345086365 23.044235794372277
380.9375 23.722240289794286 23.04137866674757
381.4375 23.719277574503998 23.038521808579805
381.93749999999994 23.71634476535845 23.035685018600702
382.4375 23.713447607172917 23.03286352495857
382.9375 23.710541503842716 23.030042961259063
383.43749999999994 23.707674371390624 23.027235477541158
383.9375 23.704811651661586 23.02444924908905
384.4375 23.701988893966192 23.021658825738413
384.93749999999994 23.69916924575987 23.01889335953197
385.4375 23.696378925006666 23.016132353393786
385.9375 23.69361023380909 23.013385004117154
386.43749999999994 23.69083810363492 23.01064889097809
386.9375 23.688079698757942 23.007902853600616
387.4375 23.685332209436496 23.00517167253997
387.93749999999994 23.682597418479983 23.00244461856865
388.4375 23.67985048372276 22.999734402152548
388.9375 23.6771332965056 22.997008495142076
389.43749999999994 23.6744066428922 22.99429841796005
389.9375 23.671696940539846 22.991598810573844
390.4375 23.66898578679518 22.988894466710427
390.93749999999994 23.666286856520937 22.986205457647266
391.4375 23.663602939928413 22.983512323721055
391.9375 23.660926048750742 22.980830039475233
392.43749999999994 23.658255590869782 22.97815804116548
392.9375 23.655585229727127 22.97548275027522
393.4375 23.652947926881286 22.972829421522405
393.93749999999994 23.650298516450817 22.97016606621828
394.4375 23.647669322018558 22.967508882056226
394.9375 23.64502558234024 22.96485927526524
395.43749999999994 23.642421752512185 22.962225728541213
395.9375 23.639823475029825 22.959587411962637
396.4375 23.63723220487617 22.95695900574622
396.93749999999994 23.634642376039004 22.95433666426589
397.4375 23.632066209313646 22.95171863018696
397.9375 23.629504829875202 22.94911657332453
398.43749999999994 23.626949203452327 22.946506624710793
398.9375 23.624418422128667 22.943910973798566
399.4375 23.621875122900033 22.94131877355737
399.93749999999994 23.61935738249773 22.93874073994665
400.4375 23.61683489978955 22.936167725418372
400.9375 23.61433623701823 22.93360113119548
401.43749999999994 23.61184246142244 22.931036757662696
401.9375 23.609380022816456 22.928479596159377
402.4375 23.60691174253283 22.925935183655916
402.93749999999994 23.604456720906867 22.923394400207343
403.4375 23.602017122493265 22.920858955096634
403.9375 23.599576456148974 22.91833471260432
404.43749999999994 23.597165262814052 22.91581607090503
404.9375 23.594753654219645 22.913309985459385
405.4375 23.59236705636636 22.910798822502166
405.93749999999994 23.589976769032006 22.90830634536062
406.4375 23.58760720688381 22.90581144552501
406.9375 23.58525062617877 22.90332561358322
407.43749999999994 23.58290418086943 22.90085434549151
407.9375 23.580573635950024 22.898386359156852
408.4375 23.578251994223727 22.895936280228334
408.93749999999994 23.57594267535822 22.89347471123002
409.4375 23.573651765423662 22.891032595808483
409.9375 23.5713766247917 22.888599104873187
410.43749999999994 23.569107956374676 22.886163700662742
410.9375 23.566836620162576 22.88374289032967
411.4375 23.564595466269743 22.881327320376418
411.93749999999994 23.562377207121735 22.878930426300023
412.4375 23.560153010568428 22.876533196876313
412.9375 23.55795430960926 22.874138904499798
413.43749999999994 23.55576494473548 22.87176279188188
413.9375 23.553597455664658 22.869382887111076
414.4375 23.551440444977874 22.86701847234799
414.93749999999994 23.549288194711938 22.864665108488502
415.4375 23.54715521007784 22.862318450050857
415.9375 23.545038050104623 22.85998285367816
416.43749999999994 23.54291887272202 22.85764984351632
416.9375 23.54084386865816 22.855312984991567
417.4375 23.538775733180806 22.853007125806815
417.93749999999994 23.53671138199423 22.85070543955744
418.4375 23.53466118402784 22.848398186301186
418.9375 23.532639935783184 22.84611103207618
419.43749999999994 23.5306239864913 22.843828914328515
419.9375 23.528623442843156 22.841560572104097
420.4375 23.52663605356943 22.839288185368854
420.93749999999994 23.52466887589456 22.837035199491513
421.4375 23.522709602756066 22.83479304928481
421.9375 23.5207751341417 22.83255180968132
422.43749999999994 23.518841819813453 22.830328430315376
422.9375 23.51693778239694 22.828110866335763
423.4375 23.51504711097652 22.82588676468818
423.93749999999994 23.513173550767426 22.823690199531814
424.4375 23.511308877245582 22.821496085578765
424.9375 23.509470877585088 22.819308590308317
425.43749999999994 23.507632958846486 22.817130946394823
425.9375 23.505794026853202 22.81496090467689
426.4375 23.50398904345186 22.81279018716439
426.93749999999994 23.502183875947257 22.810628894181807
427.4375 23.500388622782662 22.808478785537055
427.9375 23.498606569186094 22.806334397585243
428.43749999999994 23.496841395788284 22.804192120904535
428.9375 23.49507304692346 22.802062413922787
429.4375 23.49332200692509 22.799935588808793
429.93749999999994 23.491578069200013 22.79781411508371
430.4375 23.489858863602365 22.795704815591108
430.9375 23.4881320870584 22.793586326546347
431.43749999999994 23.486427809017645 22.79149515828591
431.9375 23.48472443636595 22.789393525995912
432.4375 23.483036293414422 22.78730177859159
432.93749999999994 23.48135413228856 22.785226810512572
433.4375 23.47969393373703 22.78314597522201
433.9375 23.478037403947223 22.781087936689296
434.43749999999994 23.476391008256027 22.779022848489717
434.9375 23.474766413484073 22.776957066551248
435.4375 23.47313458683232 22.77491665368363
435.93749999999994 23.471518086650256 22.772869005778887
436.4375 23.469910731198272 22.77083224423022
436.9375 23.4683202701384 22.768792850575732
437.43749999999994 23.466742227691498 22.76677200828634
437.9375 23.465165221766174 22.764751092343648
438.4375 23.463598342395922 22.762735781320966
438.93749999999994 23.462042617680243 22.760728877173356
439.4375 23.460512787375592 22.758730615955432
439.9375 23.458980629731734 22.75673927742291
440.43749999999994 23.457451348891937 22.754745516594355
440.9375 23.455947504044055 22.75276033419069
441.4375 23.45444229835635 22.750782491028822
441.93749999999994 23.452962696144645 22.74881636028659
442.4375 23.451479339491495 22.746835859990846
442.9375 23.450021527065065 22.744872182554
443.43749999999994 23.448555776073373 22.742929269881465
443.9375 23.447105926717672 22.740979253318713
444.4375 23.44565755499472 22.73902703237118
444.93749999999994 23.444229284011776 22.737099015269926
445.4375 23.442814413511393 22.73516736992812
445.9375 23.441406310577225 22.733242366383635
446.43749999999994 23.440014965051688 22.73132777518054
446.9375 23.43862929660999 22.729412828961664
447.4375 23.437244506900612 22.7275018254914
447.93749999999994 23.435887972422698 22.725600283283107
448.4375 23.43452381166843 22.723706870771636
448.9375 23.433178186140108 22.721817093081093
449.43749999999994 23.4318494235972 22.719931499937523
449.9375 23.43052700633733 22.718049668080546
450.4375 23.429207279170697 22.716176705384534
450.93749999999994 23.427900095177318 22.714301489071428
451.4375 23.426604146419777 22.712453754101176
451.9375 23.425319767033198 22.710593537420074
452.43749999999994 23.42404615917234 22.70874176820984
452.9375 23.422788698604048 22.706894232910702
453.4375 23.421539020239628 22.705052680317557
453.93749999999994 23.420286165017252 22.703224623334393
454.4375 23.419065093880178 22.701392597723387
454.9375 23.417826630376606 22.699568265797716
455.43749999999994 23.416622301348724 22.697750660593968
455.9375 23.415417009338725 22.695930558800047
456.4375 23.414221106569975 22.694129106343944
456.93749999999994 23.41304007048011 22.692333319430865
457.4375 23.41187099410442 22.69053215466487
457.9375 23.410709388142074 22.68874889865136
458.43749999999994 23.409557026869606 22.686964806902388
458.9375 23.40842330849959 22.68517540098592
459.4375 23.40728337215608 22.683401282115817
459.93749999999994 23.40616485090763 22.681640841778794
460.4375 23.40505578190474 22.679872184236128
460.9375 23.40395702204416 22.678111003612504
461.43749999999994 23.40286975310551 22.676351863049536
461.9375 23.401788953736503 22.674613179639053
462.4375 23.40071984217805 22.67287479024674
462.93749999999994 23.399648355593573 22.671139946495078
463.4375 23.398609591807254 22.669401920825337
463.9375 23.397570446054225 22.66766605448919
464.43749999999994 23.39653210489798 22.665953311803946
464.9375 23.395520176754093 22.664233908634365
465.4375 23.394497855852535 22.66251771560984
465.93749999999994 23.39348937850017 22.66081621031129
466.4375 23.392502394315557 22.659109290338215
466.9375 23.391510704507944 22.657405765184336
467.43749999999994 23.39053523140843 22.655719728553695
467.9375 23.389552441655468 22.65402598184952
468.4375 23.38859143082737 22.652342979506436
468.93749999999994 23.387644803347357 22.650664253440397
469.4375 23.386710574568575 22.648990957166298
469.9375 23.38575179024739 22.647313736885522
470.43749999999994 23.384829714656856 22.645648134931648
470.9375 23.383905081265052 22.643993684290976
471.4375 23.383001753987458 22.642336305179917
471.93749999999994 23.38209422744226 22.640681286072684
472.4375 23.38120372718801 22.639031234329103
472.9375 23.38032161248174 22.637394164493184
473.43749999999994 23.379432146035903 22.635755221868806
473.9375 23.378575265412096 22.634119857703034
474.4375 23.377704233134335 22.632496796412582
474.93749999999994 23.376864706091315 22.630867781012384
