FastTrWP/PhaseSpace/IAs/snIa_0.33_30.00_0.54_0.11.csv
# %ECSV 0.9
# ---
# datatype:
# - {name: time-rel, datatype: float64}
# - {name: g, datatype: float64}
# - {name: i, datatype: float64}
# schema: astropy-2.0
time-rel g i
[from data line 2302]
1333.6041666666667 24.9436009302892 23.109955669578227
1334.1041666666667 24.945418246861305 23.110364899442434
1334.6041666666667 24.947223678806626 23.11077115727659
1335.1041666666667 24.9490493239989 23.11117757165644
1335.6041666666667 24.95081979373214 23.111584333346155
1336.1041666666667 24.95263946654273 23.11198579414345
1336.6041666666667 24.954440612526085 23.11239095263534
1337.1041666666667 24.956231282358313 23.112802778772426
1337.6041666666667 24.95800803985794 23.113206446529713
1338.1041666666667 24.95982987301705 23.113619155405903
1338.6041666666667 24.961612090021585 23.114015156901743
1339.1041666666667 24.963423394725606 23.114431248729023
1339.6041666666667 24.96519313419786 23.114842823369326
1340.1041666666667 24.966991663420227 23.11523734145814
1340.6041666666667 24.968776115267243 23.115653646034716
1341.1041666666667 24.970575837427106 23.116052360618554
1341.6041666666667 24.97236783469779 23.116455320201823
1342.1041666666667 24.974148845551284 23.116869491646796
1342.6041666666667 24.975934445162427 23.117274887029232
1343.1041666666667 24.977711894908108 23.117678005828623
1343.6041666666667 24.979491888019048 23.118085713330455
1344.1041666666667 24.981279248820904 23.11849366606452
1344.6041666666667 24.983073840004188 23.11890417359168
1345.1041666666667 24.984816182364806 23.11931123912278
1345.6041666666667 24.98663808070028 23.119719612245127
1346.1041666666667 24.98839827617365 23.120132580045976
1346.6041666666667 24.99019272725343 23.1205358652752
1347.1041666666667 24.991943502254674 23.120948872337642
1347.6041666666667 24.993720061843337 23.121346034836105
1348.1041666666667 24.995513541339214 23.12176778786022
1348.6041666666667 24.99727752897247 23.122164171353326
1349.1041666666667 24.99906575454424 23.122579342239504
1349.6041666666667 25.00080392468998 23.122991095002156
1350.1041666666667 25.00259537149802 23.12339297017241
1350.6041666666667 25.0043643604901 23.123804257622535
1351.1041666666667 25.006136159009547 23.124226549410146
1351.6041666666667 25.007922258836345 23.12462770112416
1352.1041666666667 25.009669615974246 23.125040002305987
1352.6041666666667 25.01145805014692 23.12545203800109
1353.1041666666667 25.013203717229153 23.125861416924337
1353.6041666666667 25.014994301216884 23.12626911347181
1354.1041666666667 25.01673979698338 23.1266969335053
1354.6041666666667 25.01852546701948 23.127099842890267
1355.1041666666667 25.020280257254793 23.12750881079301
1355.6041666666667 25.022057353533693 23.12792559898346
1356.1041666666667 25.023795178090893 23.128341832273634
1356.6041666666667 25.025576589157268 23.12875875404417
1357.1041666666667 25.02735033871216 23.129172825510445
1357.6041666666667 25.0291177753192 23.12959374070994
1358.1041666666667 25.030876080142427 23.12999943691579
1358.6041666666667 25.03265263686258 23.130423022203
1359.1041666666667 25.03441546542414 23.13084035833419
1359.6041666666667 25.036169492424545 23.131259315699666
1360.1041666666667 25.037899340783415 23.131674293764178
1360.6041666666667 25.039689795084374 23.132089936892505
1361.1041666666667 25.041475570912837 23.132512240539572
1361.6041666666667 25.043213172379918 23.13292258407948
1362.1041666666667 25.044992006387005 23.13334683659125
1362.6041666666667 25.046767866846874 23.133768423892146
1363.1041666666667 25.048541302571913 23.13419596585293
1363.6041666666667 25.050273283968995 23.134616136842542
1364.1041666666667 25.052077604076096 23.135037923609325
1364.6041666666667 25.053812272559398 23.135458545488206
1365.1041666666667 25.05557923409095 23.135888470814777
1365.6041666666667 25.057339607539365 23.136302502707675
1366.1041666666667 25.059092809501742 23.136734285139603
1366.6041666666667 25.060870617587668 23.13716225892285
1367.1041666666667 25.062627437384407 23.137584453088103
1367.6041666666667 25.06440389730215 23.138010848495686
1368.1041666666667 25.066159582778617 23.13843061547527
1368.6041666666667 25.06790635118137 23.138861043357842
1369.1041666666667 25.069649507011327 23.139287969141638
1369.6041666666667 25.07140746027806 23.139711547354878
1370.1041666666667 25.073157383502625 23.140148582243157
1370.6041666666667 25.07489204126269 23.140571547964164
1371.1041666666667 25.076658739555292 23.140994964647497
1371.6041666666667 25.078406289874625 23.141425875675104
1372.1041666666667 25.08017922496331 23.14185614952537
1372.6041666666667 25.08191325973002 23.14227520414861
1373.1041666666667 25.083674517313327 23.142718811126887
1373.6041666666667 25.085435838847175 23.1431375656482
1374.1041666666667 25.087154164061825 23.14356935319274
1374.6041666666667 25.088927171400584 23.143994949524828
1375.1041666666667 25.090656387202273 23.14442863075933
1375.6041666666667 25.092399029336207 23.1448592420381
1376.1041666666667 25.09414941976641 23.145300186716177
1376.6041666666667 25.095881820460974 23.145728659027213
1377.1041666666667 25.097633221033526 23.146161497932475
1377.6041666666667 25.099391843615457 23.146595488043786
1378.1041666666667 25.101100878808214 23.147024017485155
1378.6041666666667 25.102843544514045 23.147459732684386
1379.1041666666667 25.10460145337663 23.147887482390995
1379.6041666666667 25.106331263988295 23.148330459337355
1380.1041666666667 25.108039111602448 23.148763471174387
1380.6041666666667 25.109794202577742 23.14920196955596
1381.1041666666667 25.11153871099716 23.149637689721708
1381.6041666666667 25.113283039113256 23.1500784699773
1382.1041666666667 25.115011684889367 23.15050511017784
1382.6041666666667 25.11675373902986 23.150946173405714
1383.1041666666667 25.118493770450392 23.151379642227504
1383.6041666666667 25.12021504453233 23.151825111553613
1384.1041666666667 25.121962049166996 23.152263245497878
1384.6041666666667 25.123718452109213 23.152704224975214
1385.1041666666667 25.12543408007124 23.15314749281257
1385.6041666666667 25.12715848259723 23.153579099571672
1386.1041666666667 25.12888174162875 23.154027532844292
1386.6041666666667 25.13062344584583 23.154465695843044
1387.1041666666667 25.132354557887403 23.15490549807372
1387.6041666666667 25.13408731075206 23.155352863675162
1388.1041666666667 25.13581277848733 23.155790223824727
1388.6041666666667 25.137565784187373 23.156237210690904
1389.1041666666667 25.139290404254968 23.156680065733486
1389.6041666666667 25.14101679853288 23.157113738329727
1390.1041666666667 25.142750644539657 23.157572964158632
1390.6041666666667 25.1444802331917 23.158013731385378
1391.1041666666667 25.146197402344455 23.15845702467094
1391.6041666666667 25.147953810242264 23.158902972200455
1392.1041666666667 25.149663378240078 23.159348228510392
1392.6041666666667 25.151383161141723 23.159802711392345
1393.1041666666667 25.15312234509772 23.160246657602414
1393.6041666666667 25.15486111060568 23.16069643052966
1394.1041666666667 25.15660104564938 23.16113536565161
1394.6041666666667 25.15831801230149 23.16158984900452
1395.1041666666667 25.16005909295516 23.162039555522004
1395.6041666666667 25.161796031777556 23.162490495746894
1396.1041666666667 25.1635205884715 23.16294654993647
1396.6041666666667 25.16525198738231 23.163400684052384
1397.1041666666667 25.166978116448306 23.163857501910652
1397.6041666666667 25.168698408567273 23.164299325802745
1398.1041666666667 25.170414773403714 23.164750838311924
1398.6041666666667 25.17216826419302 23.16521721348184
1399.1041666666667 25.17387973364359 23.16567008837147
1399.6041666666667 25.175624281631283 23.16612223567645
1400.1041666666667 25.177337802474984 23.166582191714298
1400.6041666666667 25.179056839766318 23.16703285015808
1401.1041666666667 25.180777970014276 23.16749266085878
1401.6041666666667 25.18251021457097 23.167947689263006
1402.1041666666667 25.18424250252297 23.168397053550752
1402.6041666666667 25.185955138967483 23.168868822722864
1403.1041666666667 25.187689513161434 23.16932449599726
1403.6041666666667 25.189398868462515 23.16978361360963
1404.1041666666667 25.191123655426576 23.170249289796175
1404.6041666666667 25.19284429126556 23.17070777892699
1405.1041666666667 25.19455587568244 23.171168864047505
1405.6041666666667 25.196275513074426 23.17162838500513
1406.1041666666667 25.19799827912302 23.172098138107422
1406.6041666666667 25.199730892327846 23.172561218819347
1407.1041666666667 25.20144875710388 23.173025226573447
1407.6041666666667 25.203154621471768 23.17349327368159
1408.1041666666667 25.20489596734182 23.173952676708872
1408.6041666666667 25.20658838006621 23.174425046784712
1409.1041666666667 25.208297465983577 23.17489457353635
1409.6041666666667 25.210030496009736 23.175359637685258
1410.1041666666667 25.211732031462187 23.175820808029243
1410.6041666666667 25.213441111465727 23.17628889404105
1411.1041666666667 25.21516520185623 23.176753962132956
1411.6041666666667 25.21689711779066 23.177217201308306
1412.1041666666667 25.2185714782693 23.177689918339333
1412.6041666666667 25.220332409117205 23.178172237408234
