FastTrWP/PhaseSpace/IAs/snIa_0.59_30.00_-0.48_-0.07.csv
# %ECSV 0.9
# ---
# datatype:
# - {name: time-rel, datatype: float64}
# - {name: g, datatype: float64}
# - {name: i, datatype: float64}
# schema: astropy-2.0
time-rel g i
-390.0 26.98330875011699 25.03808499958727
-389.5 26.966160959206963 25.029766315266414
-389.0 26.949181200679476 25.021500054913876
-388.5 26.932367818507764 25.01326690168082
-388.0 26.915799388516053 25.00510158178214
-387.5 26.899428071323115 24.996960422749773
-387.0 26.883238181663916 24.98883937201375
-386.5 26.86712605142826 24.98075220327196
-386.0 26.851260840450294 24.972707840745294
-385.5 26.83557861620843 24.96472123908401
-385.0 26.820080160452736 24.956755438657822
-384.5 26.804721496077498 24.948830821721224
-384.0 26.789501736998652 24.940944105916675
-383.5 26.77446577994363 24.933100209216207
-383.0 26.75959785252944 24.925302797449046
-382.5 26.744834633971145 24.91752787028404
-382.0 26.73031075973986 24.909780047714037
-381.5 26.715850263250907 24.90207253769369
-381.0 26.701589514641736 24.894425476923978
-380.5 26.687315294602865 24.88678046225855
-380.0 26.67334142152612 24.879194348184384
-379.5 26.65951770338402 24.87165644985444
-379.0 26.64578841599033 24.8641141671795
-378.5 26.632146380769065 24.85664729005083
-378.0 26.618682909633446 24.84921393011527
-377.5 26.60531725153841 24.841783955520587
-377.0 26.59212310569941 24.834405113884365
-376.5 26.579008634402854 24.827085655026533
-376.0 26.566013598648613 24.819748994990555
-375.5 26.55314184245581 24.812465393298737
-375.0 26.540393847167362 24.805193845121618
-374.5 26.527696693294722 24.79795659374368
-374.0 26.515147877182518 24.790748398858057
-373.5 26.50264775801215 24.783525760150404
-373.0 26.490276772972067 24.776349066053236
-372.5 26.478026194095353 24.76921584634401
-372.0 26.4658190333217 24.76209382055807
-371.5 26.453746088249652 24.755009627411045
-371.0 26.441728309948015 24.747944264051064
-370.5 26.429838325605168 24.740891328533536
-370.0 26.418033122543456 24.733861059270204
-369.5 26.4062864736028 24.726883166700485
-369.0 26.394627034069007 24.71989657393511
-368.5 26.383032100802733 24.712943000637306
-368.0 26.371585790453764 24.706038925803945
-367.5 26.36018366655087 24.69911832978029
-367.0 26.348847995798494 24.69227234042961
-366.5 26.337605401828334 24.68540787258454
-366.0 26.32642159655026 24.678565920700688
-365.5 26.315331636932576 24.671794334266014
-365.0 26.304335881002622 24.66501883034846
-364.5 26.293386880820986 24.658250457941513
-364.0 26.28249123037771 24.65151141701684
-363.5 26.271663450054284 24.644799388576523
-363.0 26.260954431843526 24.638130236010653
-362.5 26.250261946260657 24.63145563554061
-362.0 26.23966316109472 24.62483384044177
-361.5 26.229129924931186 24.618217220418536
-361.0 26.218663896959235 24.61162669969665
-360.5 26.208274799661186 24.605068557181
-360.0 26.19788658703392 24.598543278155937
-359.5 26.1876263889097 24.59203548857465
-359.0 26.177388494187465 24.585546306139058
-358.5 26.167207972480668 24.57907204493121
-358.0 26.157108411003303 24.57262199703596
-357.5 26.14704374372245 24.566203474116236
-357.0 26.137113624460508 24.559810232333334
-356.5 26.12714733023592 24.553451943932384
-356.0 26.117283796662093 24.547088228046974
-355.5 26.107444256585097 24.540763145771358
-355.0 26.097707246699187 24.534459981046286
-354.5 26.087963355729215 24.52818144781089
-354.0 26.07831075315715 24.52192774011632
-353.5 26.068688062923723 24.515686776683342
-353.0 26.059159737454145 24.50948982861943
-352.5 26.0496187782137 24.50329715778462
-352.0 26.040191592807528 24.497142072279384
-351.5 26.03077888381414 24.490992822366742
-351.0 26.021457587978784 24.484869318231418
-350.5 26.01212496345019 24.47878364378289
-350.0 26.002872459945877 24.472707734189324
-349.5 25.993656423265065 24.466674032610577
-349.0 25.98450554850276 24.46064316367304
-348.5 25.9753335865836 24.45464604237489
-348.0 25.966282712807676 24.44866590398596
-347.5 25.95724137316978 24.44268783207864
-347.0 25.948249000123297 24.43677533787558
-346.5 25.939298726195652 24.430863952519445
-346.0 25.930406185420107 24.424982472167702
-345.5 25.921538550552377 24.419093794968404
-345.0 25.91271513242028 24.41325074880082
-344.5 25.903961110375544 24.407426228906246
-344.0 25.895176362410155 24.40161741557452
-343.5 25.88652825425749 24.39584553440817
-343.0 25.877870475887946 24.390083198081093
-342.5 25.86922491762724 24.384335627509593
-342.0 25.860636449220888 24.378627011167882
-341.5 25.852138121351544 24.372944224515876
-341.0 25.843588138724492 24.367265727410796
-340.5 25.83511847907962 24.36161927467326
-340.0 25.826712127102045 24.355999234013947
-339.5 25.818324635107878 24.350383848996877
-339.0 25.80995271932103 24.34480770794575
-338.5 25.80166273680399 24.339248990731406
-338.0 25.793385770804154 24.33370859413449
-337.5 25.785140139807293 24.328160443405498
-337.0 25.77695310749864 24.322654884676336
-336.5 25.76878340436812 24.317158993751743
-336.0 25.760712193899128 24.311661350134706
-335.5 25.75262998763351 24.306215576875772
-335.0 25.74458394010657 24.30075225805217
-334.5 25.736588283619618 24.295354614833478
-334.0 25.72864573843523 24.28992826454987
-333.5 25.72068723438363 24.28453160447711
-333.0 25.712814217408926 24.279148560040802
-332.5 25.70500670898908 24.273772553262724
-332.0 25.697152779362202 24.26843702946531
-331.5 25.68941133040701 24.263092888316717
-331.0 25.68163703133747 24.257770745865287
-330.5 25.67392207151878 24.252487879292378
-330.0 25.666283968626406 24.247205954932056
-329.5 25.658620052253397 24.24192416336016
-329.0 25.6509988328567 24.236699500509616
-328.5 25.643427157192598 24.231436195945243
-328.0 25.63585666077703 24.226222582908225
-327.5 25.628338948194163 24.22103016041962
-327.0 25.620830636571938 24.215820855437244
-326.5 25.613397809131957 24.210648850176103
-326.0 25.60598467881565 24.205503044745946
-325.5 25.598581607069505 24.200350046531767
-325.0 25.59120342030422 24.195236374419
-324.5 25.583861958032266 24.19011726234359
-324.0 25.57654473156266 24.18500249947231
-323.5 25.569228016648932 24.17993170233952
-323.0 25.56200870717905 24.17486854486647
-322.5 25.55475302125302 24.169818726010238
-322.0 25.547516525509465 24.164784209593797
-321.5 25.540365847899903 24.159768005152266
-321.0 25.533210950930666 24.1547521297818
-320.5 25.526044722425326 24.149753225048343
-320.0 25.518960118234677 24.144789954193612
-319.5 25.511849154521485 24.139818391659492
-319.0 25.504793204797444 24.134875477153788
-318.5 25.497762696849904 24.129935766693464
-318.0 25.490754926081863 24.125025315145457
-317.5 25.48375265282418 24.120132239945626
-317.0 25.47679127244602 24.11524527811853
-316.5 25.469806111797993 24.110351287559077
-316.0 25.46290711967593 24.10550630453891
-315.5 25.455981177260387 24.100663235064424
-315.0 25.449119400842232 24.095838660936877
-314.5 25.442218092446964 24.091023597851734
-314.0 25.43539671569286 24.086217766107808
-313.5 25.42856522109799 24.08142886698856
-313.0 25.42179667866252 24.076672805896592
-312.5 25.415022314694898 24.071910057646694
-312.0 25.408236129575737 24.067153692956147
-311.5 25.401491012260458 24.062420907112152
-311.0 25.39476061684904 24.05771645709973
-310.5 25.388024994015698 24.053009751889675
-310.0 25.3813580011133 24.048323242064505
-309.5 25.374697538292956 24.043652874037885
-309.0 25.36802944839205 24.038989297400875
-308.5 25.36139353599138 24.03433069278488
-308.0 25.35480787283972 24.02971533740692
-307.5 25.348168488616345 24.025090601801878
-307.0 25.34159286018639 24.02050419805326
-306.5 25.335036318464276 24.015893326705353
-306.0 25.32848076773862 24.011313331703477
-305.5 25.321951352233846 24.006746527180848
-305.0 25.31542881153409 24.00220792097101
-304.5 25.308917699345947 23.99766155859976
-304.0 25.302435187682736 23.99313804683338
-303.5 25.29595293723193 23.988626912849995
-303.0 25.289519037918822 23.98413402772734
-302.5 25.28307584873232 23.979636116091108
-302.0 25.27664105374957 23.975187263817098
-301.5 25.270250262161447 23.970720047906546
-301.0 25.26383932082635 23.966274710604868
-300.5 25.257483770052698 23.961848857619692
-300.0 25.251109032313636 23.957437817371606
-299.5 25.244766063716728 23.95302245010072
-299.0 25.238457645460826 23.9486394504014
-298.5 25.232147591607482 23.944243306816002
-298.0 25.225830676339545 23.939867433930928
-297.5 25.21957168391769 23.935521112180833
-297.0 25.213288918129734 23.931177829817095
-296.5 25.207064071661293 23.92684587369979
-296.0 25.20083809614639 23.922523383519987
-295.5 25.19464854503978 23.918217509842982
-295.0 25.18842236414551 23.913923142091015
-294.5 25.18227710462542 23.90962132200336
-294.0 25.176130195088177 23.9053650291215
-293.5 25.17000483260681 23.90108504515303
-293.0 25.16384467437326 23.896838876776748
-292.5 25.157759166795536 23.892592746264604
-292.0 25.15171251007129 23.888366425270412
-291.5 25.145610495343455 23.88415833224986
-291.0 25.139535564315082 23.879942337117257
-290.5 25.133521392513074 23.87575474078067
-290.0 25.127477202028054 23.87157448707304
-289.5 25.121510890030663 23.86738470836476
-289.0 25.11550357774867 23.863214793699065
-288.5 25.109514257889547 23.859067252412174
-288.0 25.10357463415029 23.854923236369665
-287.5 25.097637009030414 23.850787269824835
-287.0 25.091691236196986 23.846665619179326
-286.5 25.08580817259056 23.842551335883083
-286.0 25.07988729841506 23.83845239260594
-285.5 25.074002540473753 23.834344932084633
-285.0 25.068164426085513 23.8302829578627
-284.5 25.062297964863593 23.82618976701233
-284.0 25.056474284361556 23.82212729786671
-283.5 25.05063586128657 23.818083548393613
-283.0 25.04482780346947 23.81401922923994
-282.5 25.03906567688132 23.80999613332728
-282.0 25.0332695811819 23.805986438337662
-281.5 25.027519677105875 23.801947950707007
-281.0 25.02177762109474 23.79794014474704
-280.5 25.016036508449716 23.793953160708146
-280.0 25.010321937689763 23.78996461336278
-279.5 25.004630615949193 23.785975207409006
-279.0 24.99893622735357 23.78200483898365
-278.5 24.993257269439 23.778047313996062
-278.0 24.987599729098875 23.774098678826242
-277.5 24.98198044876881 23.770149073950797
-277.0 24.97632416512172 23.766210220357156
-276.5 24.97068385484308 23.76228054752586
-276.0 24.965085733109397 23.758376252392207
-275.5 24.959507273465352 23.754472136240075
-275.0 24.95392789106448 23.750554148859866
-274.5 24.948351183324323 23.746651313310288
-274.0 24.94282078994552 23.74278315429621
-273.5 24.937286592405393 23.738906968819062
-273.0 24.931762895796055 23.735038341609787
-272.5 24.926239222038703 23.73117381357414
-272.0 24.920757777825315 23.727322016585394
-271.5 24.915277243987695 23.723481531269478
-271.0 24.9098026987323 23.71965290722215
-270.5 24.904332295552702 23.715828858216263
-270.0 24.898917127046754 23.711994214292822
-269.5 24.893463275748466 23.708179034288136
-269.0 24.88805830466797 23.704384249071207
-268.5 24.882631751333754 23.700588800956858
-268.0 24.8772591254517 23.696798658063784
-267.5 24.871874548263033 23.69301801217795
-267.0 24.866493734392584 23.689232621458846
-266.5 24.86114284654918 23.68548469844071
-266.0 24.85580078218543 23.681715784752477
-265.5 24.850470011891147 23.677972998637937
-265.0 24.8451438072512 23.67422262186755
-264.5 24.83987767831738 23.670478289555035
-264.0 24.83454545014473 23.66676216823909
-263.5 24.829270332045258 23.66302527902733
-263.0 24.823985092789933 23.659321121516857
-262.5 24.81874826676912 23.655611685091213
-262.0 24.813493577604646 23.65191499616721
-261.5 24.808260627514493 23.6482227591479
-261.0 24.803055505374516 23.64454006885274
-260.5 24.79784491006006 23.640853679546826
-260.0 24.792647518776207 23.637185769053566
-259.5 24.787451620928604 23.633526119099383
-259.0 24.78230603831099 23.62987584254066
-258.5 24.777126208402397 23.626228895438413
-258.0 24.77200223016364 23.622596176014543
-257.5 24.766851711694088 23.61895225885916
-257.0 24.761740253578374 23.61533727546064
-256.5 24.7566524509927 23.611724369691693
-256.0 24.751561890487345 23.608120715982363
-255.5 24.746484048757544 23.60452089055771
-255.0 24.741383011994156 23.600932765115314
-254.5 24.736336709872624 23.597339540988305
-254.0 24.731283855782674 23.593764413380196
-253.5 24.726231721608144 23.59019301934476
-253.0 24.721224781046025 23.58662973819093
-252.5 24.71622827033363 23.58307801383111
-252.0 24.71120312915986 23.57953612551015
-251.5 24.706206059618925 23.57598098331021
-251.0 24.701234233737637 23.572454656363515
-250.5 24.69625245602429 23.568911961545677
-250.0 24.691304372767263 23.565402176079544
-249.5 24.686346432091874 23.561895034889695
-249.0 24.681426138188648 23.55838121133178
-248.5 24.67648426963428 23.554879886684326
-248.0 24.671564135013142 23.55137892884878
-247.5 24.666652862235555 23.547898226166268
-247.0 24.661785654766504 23.544415474043703
-246.5 24.65689785197542 23.54093879089679
-246.0 24.652016278206993 23.537477763978657
-245.5 24.647148413697018 23.534007525660527
-245.0 24.642302070226997 23.530551991460182
-244.5 24.637476005058218 23.527101717447497
-244.0 24.632620173447815 23.52365919299572
-243.5 24.62779598957178 23.52022521915666
-243.0 24.623003581790964 23.516789699199485
-242.5 24.618175927977827 23.513365154840173
-242.0 24.61339923747961 23.509947739130727
-241.5 24.608602456201425 23.506529924086482
-241.0 24.603838673520908 23.503124717263745
-240.5 24.59906794549143 23.499716638481214
-240.0 24.594299339240195 23.496322553530618
-239.5 24.58956498544579 23.49293679631586
-239.0 24.584827541599253 23.489548167675363
-238.5 24.580094435190855 23.486164537304518
-238.0 24.575395059841142 23.482798199967938
-237.5 24.570668716307967 23.479423506093386
-237.0 24.56597556532641 23.47605206998102
-236.5 24.56128901605843 23.472695444767623
-236.0 24.556589430056228 23.469341438483884
-235.5 24.551916508641447 23.465993052874072
-235.0 24.54725810244438 23.46265783340931
-234.5 24.54260417178166 23.459326690201607
-234.0 24.537968391558604 23.455993920845962
-233.5 24.53332270751577 23.45267646311365
-233.0 24.528709027438648 23.449348069510076
-232.5 24.524078880793812 23.446033200651666
-232.0 24.519458631858463 23.442730778727547
-231.5 24.51484886324957 23.439418124075143
-231.0 24.51027239905259 23.4361115542479
-230.5 24.505649656190034 23.432815740565754
-230.0 24.501105048107632 23.429529328590707
-229.5 24.496533028768937 23.42623864906335
-229.0 24.491950049536126 23.422960817761563
-228.5 24.487398093629402 23.419677680577728
-228.0 24.48285708810111 23.41641032752266
-227.5 24.47833054017152 23.413148180790024
-227.0 24.473800231874108 23.40987692709915
-226.5 24.46926459114058 23.406623259589125
-226.0 24.464756982388796 23.403367995255415
-225.5 24.46023862541856 23.400120668643076
-225.0 24.455747355640483 23.39688222774743
-224.5 24.451243876619557 23.393645184414922
-224.0 24.446760188085385 23.390406632643675
-223.5 24.44230751852775 23.38718157283257
-223.0 24.437840220414245 23.38396342064849
-222.5 24.433370050972236 23.380730113838183
-222.0 24.42892688730071 23.37752887632869
-221.5 24.42449468926886 23.37431438131165
-221.0 24.42006140643612 23.371105833261648
-220.5 24.415635172819066 23.36791703110319
-220.0 24.41122811925853 23.36472584679274
-219.5 24.40681994659677 23.361546275613435
-219.0 24.402435018249644 23.358354735697162
-218.5 24.398027020843198 23.355187954083565
-218.0 24.393647212009576 23.352004740767466
-217.5 24.38927236339673 23.348839691212145
-217.0 24.38490926126116 23.345676215824206
-216.5 24.38054010614642 23.342525756471304
-216.0 24.37621463784915 23.339376851720715
-215.5 24.371863881599012 23.33623387076618
-215.0 24.367545827045035 23.33308094172231
-214.5 24.363212844812022 23.329941578430603
-214.0 24.358903920622165 23.326809894322086
-213.5 24.35459412396783 23.323685349109716
-213.0 24.35030286802177 23.320565536062574
-212.5 24.345989368857175 23.317443059248085
-212.0 24.34170172200696 23.314337417705666
-211.5 24.33743560069764 23.311226698464335
-211.0 24.333168727387392 23.308126478170852
-210.5 24.328895476215607 23.30502611704011
-210.0 24.324644369713937 23.301931406105453
-209.5 24.320399323084732 23.298830486184926
