FastTrWP/PhaseSpace/IAs/snIa_0.55_30.00_0.17_0.10.csv
# %ECSV 0.9
# ---
# datatype:
# - {name: time-rel, datatype: float64}
# - {name: g, datatype: float64}
# - {name: i, datatype: float64}
# schema: astropy-2.0
time-rel g i
[from data line 1772]
490.5 25.10108703077568 22.53493520554136
491.0 25.102933221200278 22.53558778284647
491.5 25.104749260448195 22.53623394431918
492.0 25.106593055600413 22.536882859205264
492.5 25.10842422579016 22.537534802433346
493.0 25.11025253100047 22.538178941982597
493.5 25.112101588298668 22.538834684199056
494.0 25.113918747064112 22.539489956646634
494.5 25.115747773564145 22.540143761102893
495.0 25.11758227706784 22.540792953205777
495.5 25.11942788320832 22.5414417312778
496.0 25.12124478248448 22.542100226602983
496.5 25.1231036093071 22.542751353130605
497.0 25.124911565504018 22.543409531271116
497.5 25.126757469781626 22.544064478896658
498.0 25.128617975707495 22.54472630763333
498.5 25.130424440670957 22.545382673170792
499.0 25.132266364546577 22.54604755223262
499.5 25.134091324838938 22.546703462376385
500.0 25.13595980670449 22.54735966958817
500.5 25.137778116994156 22.54801864897237
501.0 25.1396292249637 22.54868080944309
501.5 25.14146247820395 22.549347963976242
502.0 25.143277523673536 22.55001178556853
502.5 25.145128807782598 22.55067445855547
503.0 25.146982691336497 22.551341428272288
503.5 25.148819652998945 22.552004044289703
504.0 25.15067140121669 22.552675798629572
504.5 25.152517115827685 22.553347094170384
505.0 25.154352047020684 22.554014038576852
505.5 25.15618475697503 22.554675657943413
506.0 25.15801963462742 22.55534753377628
506.5 25.159860182710332 22.55600911339481
507.0 25.16169404516426 22.556685207703048
507.5 25.163558429904548 22.557360514887897
508.0 25.165377952835428 22.55803038837836
508.5 25.16722636335018 22.55871427941145
509.0 25.169081445776666 22.55938471272257
509.5 25.170934530815046 22.560062312904083
510.0 25.172785504749235 22.560732647977947
510.5 25.174615971348405 22.56140845089395
511.0 25.176448887817354 22.5620874623543
511.5 25.17831978915722 22.56276052827066
512.0 25.180151956160696 22.56345231354051
512.5 25.182006921835036 22.56412451342991
513.0 25.18387591264688 22.564807592932446
513.5 25.185727610343097 22.565488095233817
514.0 25.187589954219987 22.566164984627036
514.5 25.18943300343057 22.56685408059761
515.0 25.191250859892023 22.567537597821428
515.5 25.19312253661718 22.568230698191204
516.0 25.19496503707525 22.56891173936929
516.5 25.196841105617 22.56960121157085
517.0 25.198704496020063 22.570285046860565
517.5 25.20054628780624 22.570978489574124
518.0 25.20239323394275 22.5716635471785
518.5 25.20425342777374 22.572355223022612
519.0 25.206116032067143 22.573044796852145
519.5 25.207965799056335 22.573740743841082
520.0 25.209840118754645 22.57443608624376
520.5 25.211681346480148 22.57512801878599
521.0 25.213565451964982 22.575820822001475
521.5 25.215416130368624 22.57652370112199
522.0 25.217294999196184 22.577222340354748
522.5 25.21913748228939 22.57791673601983
523.0 25.2210230967101 22.578612221245173
523.5 25.22286918962809 22.579311844781685
524.0 25.224739643190812 22.58001079320377
524.5 25.226590310154123 22.580717915634573
525.0 25.22845673980993 22.581417299200236
525.5 25.23031788880274 22.58212003359228
526.0 25.232183335511664 22.582816816456763
526.5 25.23406968445962 22.5835211005132
527.0 25.23593035976908 22.584231968774723
527.5 25.237818208991634 22.584932599595618
528.0 25.239658524466293 22.585648011012296
528.5 25.241507941647523 22.586350619795866
529.0 25.243407796181103 22.58706179490084
529.5 25.245255923333648 22.587764579064512
530.0 25.24711863090427 22.588478201091892
530.5 25.249019893361805 22.58919361036201
531.0 25.25087808492848 22.589898268293823
531.5 25.252735831679484 22.59061191847701
532.0 25.254606289310978 22.5913288332336
532.5 25.256484211781313 22.59204482394026
533.0 25.258352254624135 22.59275789557777
533.5 25.260209172245926 22.593473536295715
534.0 25.262089609657604 22.594194184577773
534.5 25.263971950303056 22.5949130751618
535.0 25.26584602833836 22.59562685910662
535.5 25.2677422515006 22.596351665667967
536.0 25.269579971476567 22.597073257043544
536.5 25.27145125318313 22.597789293985798
537.0 25.2733090863031 22.59851336314282
537.5 25.275244873136632 22.599235582515075
538.0 25.277071515618164 22.599954481386266
538.5 25.278932358890334 22.600680451959118
539.0 25.280834766032598 22.601408173782033
539.5 25.282702864910217 22.602138668924226
540.0 25.284589853185267 22.602862962700737
540.5 25.286463887442107 22.603595531695795
541.0 25.288359496645473 22.604316475913162
541.5 25.29021266334416 22.605050768197287
542.0 25.29210943489393 22.60578268618605
542.5 25.293979968445242 22.606516398659487
543.0 25.2958583133616 22.60724998707467
543.5 25.2977236087721 22.60798843900702
544.0 25.299644406049843 22.608715832741616
544.5 25.301491595003167 22.609458286298945
545.0 25.303374764307858 22.61019378458006
545.5 25.305276701358142 22.610933501348597
546.0 25.307155269250018 22.611669923901836
546.5 25.309031624327424 22.612414706825223
547.0 25.3109171081346 22.61315775157266
547.5 25.312796140825867 22.613896694783584
548.0 25.31469098396361 22.614643581537113
548.5 25.316569242645976 22.615388358632377
549.0 25.318454716869425 22.616132760787018
549.5 25.320329048897232 22.61688051939947
550.0 25.322238068957038 22.61762825998483
550.5 25.324142723236584 22.61837314252147
551.0 25.326028628241012 22.61912317207775
551.5 25.327902055044138 22.61987114509957
552.0 25.3297913274925 22.620622412800163
552.5 25.33168905986033 22.6213811517005
553.0 25.33357426168861 22.62213209456747
553.5 25.335474742625237 22.62289155111106
554.0 25.337347445285396 22.62364416864674
554.5 25.339249653465757 22.624401914120646
555.0 25.341132542790454 22.6251599650664
555.5 25.34305419054078 22.625921479384516
556.0 25.344958376053004 22.626676661976553
556.5 25.3468377496224 22.627441000022998
557.0 25.348733120760535 22.628203819206924
557.5 25.350655457053026 22.628972858216464
558.0 25.352520735006774 22.629736779360854
558.5 25.35443373808572 22.63050474689823
559.0 25.35631344931022 22.6312697955194
559.5 25.35821731516481 22.63203636112533
560.0 25.36013680022403 22.632805820010184
560.5 25.362034654666502 22.633576949806873
561.0 25.363935004703762 22.63434467393637
561.5 25.36580977864101 22.63511951280963
562.0 25.36773256560956 22.635894882103802
562.5 25.369632592075995 22.63667164153343
563.0 25.37152710532546 22.637448966066067
563.5 25.37346321430617 22.63822776003362
564.0 25.375331432413244 22.639004423158553
564.5 25.377246537024494 22.63978201008227
565.0 25.379158321753394 22.640563878631397
565.5 25.38107815445276 22.64135079856426
566.0 25.382980718815524 22.64212666474368
566.5 25.384871074936765 22.642913011188316
567.0 25.386783158144794 22.643700915883596
567.5 25.388713111569807 22.644486946726637
568.0 25.3906103768309 22.645270823796814
568.5 25.392511011123055 22.646059456750713
569.0 25.39441072381519 22.646851618590397
569.5 25.396340787564966 22.64763868389291
570.0 25.398226028389296 22.64843786898392
570.5 25.400149821691024 22.649233271050523
571.0 25.402050897643935 22.650023190897663
571.5 25.403988690280286 22.650812709973692
572.0 25.405883698654677 22.6516136267923
572.5 25.407794261614146 22.65240664222243
573.0 25.40969033675704 22.653209911268615
573.5 25.411623845178333 22.65401171681995
574.0 25.413528094353474 22.6548103975281
574.5 25.415458061544463 22.655611534226033
575.0 25.417365100722048 22.65641324800345
575.5 25.419265073591145 22.657211318925
576.0 25.421185617240674 22.658022353185178
576.5 25.423109735174954 22.658830960873026
577.0 25.425017373804742 22.659635354349422
577.5 25.426936404783305 22.660448842247224
578.0 25.42886990861975 22.661258582428726
578.5 25.430753836721003 22.662069599944488
579.0 25.4326947152584 22.662881221962415
579.5 25.434599283284154 22.663703179454902
580.0 25.436535562727403 22.664507283157953
580.5 25.43845512088252 22.665325773665444
581.0 25.44035294419234 22.666142344803546
581.5 25.44228744568704 22.666949763562727
582.0 25.44420882889996 22.66778384920855
582.5 25.44611750178411 22.668596097638822
583.0 25.448028750368792 22.669417749219175
583.5 25.44995042504031 22.670233297025547
584.0 25.45187633921787 22.671057420820098
584.5 25.453790080337168 22.671888053722817
585.0 25.455725340720072 22.672710862281345
585.5 25.457638151975882 22.673535916711828
586.0 25.459584637822896 22.67436438133614
586.5 25.4614921125983 22.675193936273846
587.0 25.46341983842957 22.676021446787388
587.5 25.465347420285642 22.67684995921409
588.0 25.467277546924446 22.67768153846497
588.5 25.469178551943358 22.678515376688345
589.0 25.471128138922356 22.6793527059168
589.5 25.47306046093898 22.680195436981762
590.0 25.474983399470418 22.681021591039453
590.5 25.476904096613644 22.68186052493705
591.0 25.478827312452236 22.6827033168425
591.5 25.48076709404223 22.683548885404786
592.0 25.48269342144129 22.68437978314262
592.5 25.484601512785932 22.685219630521644
593.0 25.48656161830316 22.68607020173636
593.5 25.488469847073553 22.686905168529602
594.0 25.490420761770984 22.687763541366934
594.5 25.49235436811746 22.688602039722422
595.0 25.494311287679118 22.689442764807424
595.5 25.496190221258516 22.690299473008032
596.0 25.49813745027075 22.691152256364578
596.5 25.500096330327363 22.69200514066103
597.0 25.502004131625494 22.692860503053094
597.5 25.50395915110888 22.69370619622494
598.0 25.50587103133551 22.694563440623305
598.5 25.507854819351987 22.695422073989626
599.0 25.509778432808684 22.696281310234497
599.5 25.51170390100134 22.697149661416795
600.0 25.513640789772328 22.698005517936846
600.5 25.515549581851747 22.69888003179893
601.0 25.517498472239986 22.69973934983527
601.5 25.519421648244855 22.70061059054256
602.0 25.521372392214758 22.701489278079194
602.5 25.523340839329304 22.70235410556001
603.0 25.525257372995192 22.703228119905738
603.5 25.527201087047672 22.704102495976603
604.0 25.529115633181334 22.70498088052605
604.5 25.531088576978075 22.70585786725208
605.0 25.533011614288725 22.706750212525932
605.5 25.534967960265025 22.70763436881621
606.0 25.5369298817712 22.70851905566935
606.5 25.538858979734872 22.709406641085685
607.0 25.54080072448505 22.710282333231287
607.5 25.542718216333277 22.711181348363894
608.0 25.54467364666733 22.71207918530638
608.5 25.54661919140996 22.71296786072028
609.0 25.54854848301519 22.713855999054914
609.5 25.550512660503628 22.71474359109582
610.0 25.55243749826157 22.71564642241261
610.5 25.55438019896252 22.716545361094106
611.0 25.55633932764102 22.717438474533118
611.5 25.558283860810143 22.7183356329907
612.0 25.560247747015662 22.719246285173153
612.5 25.5621785348994 22.72014136762888
613.0 25.56412757620067 22.721050314611105
613.5 25.56605866186699 22.721948523753902
614.0 25.568021660796315 22.72286283292906
614.5 25.569955594524107 22.72375966917075
615.0 25.57190720299735 22.724660444885313
615.5 25.57383366878983 22.725573515574414
616.0 25.57581498428846 22.726481173990997
616.5 25.57772376747879 22.727394012439337
617.0 25.579682287705786 22.728295448698365
617.5 25.581649101965883 22.72919787429638
618.0 25.583576199184847 22.730121365893126
618.5 25.58552565334958 22.73103349111622
619.0 25.587479559222636 22.73194429571088
619.5 25.589391683742942 22.732859453071292
620.0 25.591402296087814 22.733769165291555
620.5 25.59330647353992 22.734682608847315
621.0 25.59524043366349 22.73559604878454
621.5 25.59719408952352 22.73650953819771
622.0 25.59916314293483 22.73742759408635
622.5 25.60109282720594 22.73833623528433
623.0 25.60305625871989 22.739252338783935
623.5 25.605023995959616 22.740173163799092
624.0 25.606953291415135 22.741082100279414
624.5 25.608894380020676 22.741998265178452
625.0 25.610843962379978 22.742911400036704
625.5 25.61278471484411 22.743824330401022
626.0 25.614753393987534 22.744745625659803
626.5 25.616689661852085 22.745659719747255
627.0 25.618642920721392 22.746573537976168
627.5 25.620571060902265 22.747493864542466
628.0 25.622540950844893 22.748409707241674
628.5 25.62446768766469 22.74931996068465
629.0 25.626436788671633 22.75023062605975
629.5 25.628350904022682 22.75114256271452
630.0 25.630312108452806 22.75206493799142
630.5 25.632256741585564 22.75297019478564
631.0 25.634212131438456 22.75388318601486
631.5 25.6361401955324 22.754805202307885
632.0 25.63813106728378 22.755707927655063
632.5 25.640047668009444 22.756627847477404
633.0 25.641994892355537 22.75753581078757
633.5 25.643944022009954 22.758442003761232
634.0 25.6459091822312 22.759351694808593
634.5 25.647850702637633 22.760266565513536
635.0 25.649779573428873 22.76117858158964
635.5 25.651723580850792 22.76208412739381
636.0 25.653703589144058 22.762989893062702
636.5 25.65566083604057 22.763907071339183
637.0 25.65755041724274 22.764815818725566
637.5 25.659522134868737 22.765723082017836
638.0 25.661462670221553 22.766640258463084
638.5 25.66340763710866 22.76755050824643
639.0 25.665364314949663 22.76845220716067
639.5 25.667322975630498 22.769374389480603
640.0 25.66926919766072 22.770286194288825
640.5 25.67119908415237 22.77120113054305
641.0 25.673147168800593 22.772119012497
641.5 25.675100666581425 22.77303349446116
642.0 25.677046119739547 22.773942334097782
642.5 25.67899710366322 22.77485526364904
643.0 25.68093260254902 22.77576856637623
643.5 25.682868627832796 22.776678274105755
644.0 25.68484441601267 22.777601906312853
644.5 25.68675438335645 22.778516377741266
645.0 25.68871030198791 22.779427595736024
645.5 25.690646055164223 22.780351182452037
646.0 25.69261729801636 22.781268221191194
646.5 25.694552420683458 22.782180667281246
647.0 25.696468458039096 22.783096659704924
647.5 25.69846191864384 22.784017876935863
648.0 25.70034354705011 22.78493570123534
648.5 25.702308869329112 22.78585352811986
649.0 25.704258476125123 22.786773647692264
649.5 25.70620678671795 22.787688446221953
650.0 25.708135961689813 22.78860974977504
650.5 25.71007921146788 22.789529933422976
651.0 25.712060982822244 22.790451457898563
651.5 25.71398323603058 22.791368203041387
652.0 25.715929641061503 22.79229137018103
652.5 25.71786151321607 22.793205381663057
653.0 25.719794298632756 22.794130242056433
653.5 25.72172119137616 22.795041811042086
654.0 25.723662053385034 22.79596337898639
654.5 25.725592497682438 22.796878808279818
655.0 25.727570512336403 22.797800055424315
655.5 25.729475168482423 22.798730656577717
656.0 25.731430021916864 22.79963835449538
656.5 25.733370187219936 22.800564087455527
657.0 25.735266731159598 22.801482176964317
657.5 25.737230177357333 22.802412816480953
658.0 25.739151233961167 22.803332884118966
658.5 25.74107844636858 22.80425285058755
659.0 25.74303184527539 22.805181652386572
659.5 25.744951151858064 22.806096695691807
660.0 25.74690932509146 22.807021254785084
660.5 25.74884183189617 22.807937717722663
661.0 25.750751458977945 22.808849713638683
661.5 25.75266664709087 22.809778989803903
662.0 25.754612560973662 22.810704145816945
662.5 25.75654002652691 22.811622709868168
663.0 25.758465754267775 22.81254542939207
663.5 25.7603812354467 22.813460982632535
664.0 25.762301625816466 22.81438187044063
664.5 25.764256663593738 22.815306257819593
665.0 25.766154078369638 22.816231905719143
665.5 25.76811490788874 22.817149957056163
666.0 25.769992597025357 22.81807264214093
666.5 25.771928939161967 22.81898927601744
667.0 25.773850414497367 22.81991083029212
667.5 25.77576101259091 22.820827085216937
668.0 25.777687544275945 22.821750187813343
668.5 25.779603472446524 22.822673540248477
669.0 25.781530612395592 22.823596019026606
669.5 25.7834395121758 22.824519506473514
670.0 25.785383929838876 22.82544380165698
670.5 25.787257082651838 22.826356792504406
671.0 25.78916550128328 22.827284027501324
671.5 25.791080393912907 22.828198480660795
672.0 25.792987066864313 22.829116445432305
672.5 25.79490832245608 22.830038797041325
673.0 25.796851919990004 22.830960168595062
673.5 25.798706363801248 22.831872758844884
674.0 25.800621452364588 22.83279735807463
674.5 25.802526540029685 22.83371707437127
675.0 25.804449046091307 22.834637441960055
