FastTrWP/PhaseSpace/IAs/snIa_0.35_30.00_-1.37_0.03.csv
# %ECSV 0.9
# ---
# datatype:
# - {name: time-rel, datatype: float64}
# - {name: g, datatype: float64}
# - {name: i, datatype: float64}
# schema: astropy-2.0
time-rel g i
[from data line 2141]
690.5 25.461295010315034 23.303426052788367
691.0 25.463221978005347 23.304213575850437
691.5 25.465181484912733 23.304974794486206
692.0 25.46712426114817 23.305766962943753
692.5 25.46905603606925 23.306539110352237
693.0 25.47098586182861 23.307327130019125
693.5 25.472974431745214 23.30810947297284
694.0 25.474897562065138 23.308889548812182
694.5 25.476855482011295 23.30967910452204
695.0 25.478786242384697 23.310453049111686
695.5 25.480710642653168 23.31123956170014
696.0 25.482659603512833 23.31202681920095
696.5 25.484622112303427 23.312820325791435
697.0 25.48655127748315 23.313606506404426
697.5 25.488472492958927 23.31438941743954
698.0 25.490411280403432 23.31518653505423
698.5 25.49234454322694 23.315977220529227
699.0 25.494278157289507 23.316769076346873
699.5 25.496228527183543 23.317565793296517
700.0 25.498165396516825 23.31836799028587
700.5 25.500083632848664 23.31914737144266
701.0 25.502031470423905 23.319942455783615
701.5 25.503958500169432 23.32075034945117
702.0 25.50586739225792 23.321548771986663
702.5 25.507804800650145 23.32234734270032
703.0 25.509775184992375 23.323155137747918
703.5 25.511644600165685 23.323958797558745
704.0 25.513592130470187 23.324769501117267
704.5 25.515521242612913 23.325572758396497
705.0 25.517468827345745 23.326371463593407
705.5 25.519397914263703 23.327180538457544
706.0 25.521290719344513 23.327989573397367
706.5 25.52319942119633 23.32879247684664
707.0 25.52515551134951 23.329608336176083
707.5 25.52705903480063 23.330406920234736
708.0 25.528961355543352 23.331232232769835
708.5 25.530890123602795 23.332043859012206
709.0 25.532786269901834 23.33284404888484
709.5 25.534711762390295 23.333659453072507
710.0 25.536636954263898 23.334472388924926
710.5 25.538516646940522 23.335297210250083
711.0 25.540436331645342 23.33611792122668
711.5 25.542352328683016 23.33694496678982
712.0 25.544263013437423 23.33776248090105
712.5 25.546184065522525 23.338574993495985
713.0 25.548088245698434 23.339392777394647
713.5 25.550012911358195 23.340222337790966
714.0 25.551888576142446 23.341047936996876
714.5 25.553787720070392 23.341876857282816
715.0 25.555687308307796 23.342699911350305
715.5 25.55757693315774 23.34352604702236
716.0 25.559514429325514 23.344353643565995
716.5 25.561397602942897 23.345190421933935
717.0 25.56332619986798 23.34601191579399
717.5 25.565225610441765 23.34684513806616
718.0 25.567096458702387 23.34767937233093
718.5 25.569036149518997 23.34851483690713
719.0 25.570918187972637 23.349347763123966
719.5 25.572829066385893 23.35018345815675
720.0 25.574734853966625 23.351030609617037
720.5 25.5766260414431 23.35187584622863
721.0 25.57850327678696 23.352701343780012
721.5 25.580387586278754 23.35354488460915
722.0 25.58228248530319 23.354400209099992
722.5 25.584168543823324 23.35524035122035
723.0 25.586044749281672 23.356085821574627
723.5 25.587947173638973 23.35693032652349
724.0 25.589817248227785 23.35777512369067
724.5 25.59171316077929 23.358628731425426
725.0 25.593592146268747 23.359470899904128
725.5 25.59548705051789 23.360326181813384
726.0 25.59736163183775 23.361178164473962
726.5 25.59923365161478 23.362026937933994
727.0 25.601099446639353 23.36289304044389
727.5 25.602976404143618 23.363744231953234
728.0 25.604857915291728 23.36459754969964
728.5 25.606721179207568 23.365462394712285
729.0 25.608558938609633 23.366311076309493
729.5 25.61042123895487 23.36717590984946
730.0 25.6123186319288 23.368032968258916
730.5 25.614154382602507 23.3689132778458
731.0 25.61599767286325 23.36975324252816
731.5 25.61785431962663 23.37062841256008
732.0 25.619696269736572 23.3714973733776
732.5 25.62156013120074 23.37235438116626
733.0 25.623389376850994 23.373231030677726
733.5 25.625249228430565 23.37409549423109
734.0 25.627065276669313 23.374960909193682
734.5 25.628905193865442 23.37583469590112
735.0 25.630736239060703 23.376711502751576
735.5 25.632525531572945 23.37758139904045
736.0 25.634410994565933 23.378459169331364
736.5 25.63621827535121 23.379337961720786
737.0 25.63803449983668 23.38020475314896
737.5 25.63984191521905 23.381083509083354
738.0 25.641705759465268 23.381963664314696
738.5 25.643488342439635 23.382856410325388
739.0 25.645290775486632 23.38372597513481
739.5 25.647085188220036 23.3846138714334
740.0 25.648866156625836 23.385496259936023
740.5 25.650668153292404 23.386384785849437
741.0 25.65248440585367 23.38727513165598
741.5 25.654225803130903 23.388149359477453
742.0 25.656014421443757 23.389047367883855
742.5 25.657792180951986 23.389937240750157
743.0 25.659583305975254 23.390826343586795
743.5 25.661331208004885 23.39171736528008
744.0 25.66311183917321 23.392607554745517
744.5 25.664893183456027 23.39350486734545
745.0 25.666655250295854 23.394399480647095
745.5 25.668402418591235 23.39529614784134
746.0 25.670160028904185 23.396202000832183
746.5 25.671923371498416 23.397092957853168
747.0 25.673689521517456 23.397996737197033
747.5 25.675436499488743 23.398897858031
748.0 25.677172191873865 23.399804979744662
748.5 25.678918228773608 23.40070504368314
749.0 25.68064328749527 23.401611491067964
749.5 25.682377766544192 23.40252617754748
750.0 25.684090327471026 23.40342486556203
750.5 25.685808134396048 23.40433594620488
751.0 25.687555666734326 23.40525303179934
751.5 25.689296604097148 23.4061699516501
752.0 25.69099175642981 23.407085668651966
752.5 25.692718391001605 23.407999539010827
753.0 25.69443097013496 23.408896606560322
753.5 25.69611471518881 23.40982429545924
754.0 25.6978553746046 23.410750093453366
754.5 25.69953950887846 23.411670563247142
755.0 25.701249368801303 23.412584343769648
755.5 25.70293729437327 23.41351151195884
756.0 25.704621551664072 23.414437332553632
756.5 25.706273588621546 23.415361290917925
757.0 25.707988011467457 23.41629129956479
757.5 25.70965097094268 23.417215765144597
758.0 25.71134028133601 23.418138327629254
758.5 25.713011771786817 23.419072033385092
759.0 25.714680056752286 23.420003066964735
759.5 25.716327928849353 23.42092680096334
760.0 25.718001053505517 23.421862280108783
760.5 25.719648517081207 23.42279885678584
761.0 25.721286327207 23.423741537590928
761.5 25.72295220048268 23.424670665074082
762.0 25.724573852177794 23.425609338826728
762.5 25.726228245759604 23.426553400356
763.0 25.727829353808758 23.427496036181644
763.5 25.72948203746582 23.428433870951565
764.0 25.731102677438965 23.42937403757128
764.5 25.732721172357262 23.430325869494794
765.0 25.73433724503214 23.431270943425027
765.5 25.73597155866927 23.432206184949315
766.0 25.73757181463396 23.433159095652623
766.5 25.739138148384093 23.434099613991002
767.0 25.7407756202159 23.435047948284108
767.5 25.74234311642777 23.436005111705537
768.0 25.74394827009411 23.436952246183253
768.5 25.74554460952216 23.437921722761843
769.0 25.747107552980765 23.43885076317906
769.5 25.748688254291565 23.439814356335344
770.0 25.750256270103886 23.44077531174403
770.5 25.75181835729473 23.441726218899326
771.0 25.7533701690921 23.442688705955707
771.5 25.754919147274297 23.443647066151733
772.0 25.75646488997883 23.44461533628823
772.5 25.758050024057336 23.44557102531759
773.0 25.75957479363151 23.446531706041974
773.5 25.761111966148253 23.44749302525255
774.0 25.76263552857904 23.448456621726557
774.5 25.764180541370333 23.449416833739317
775.0 25.76570061310139 23.450382251619722
775.5 25.767202925954216 23.451362734916973
776.0 25.768708758008515 23.4523159012104
776.5 25.770221353399588 23.45330080257259
777.0 25.771726717954465 23.45427042367647
777.5 25.773197184884758 23.455229649657383
778.0 25.774717363593147 23.456217917119066
778.5 25.77617820858343 23.45719214724302
779.0 25.777639405517615 23.458170029996893
779.5 25.779133828265696 23.459143326224037
780.0 25.78057602612512 23.460123802402663
780.5 25.782049666371442 23.46111472494915
781.0 25.78349328780191 23.462101400984995
781.5 25.784959657547923 23.46307281323203
