FastTrWP/PhaseSpace/IAs/snIa_0.4_20_1_-0.1.csv
# %ECSV 0.9
# ---
# datatype:
# - {name: time-rel, datatype: float64}
# - {name: g, datatype: float64}
# - {name: i, datatype: float64}
# schema: astropy-2.0
time-rel g i
[from data line 1671]
820.4583333333334 -26.132395796444552 -27.20378546297804
820.9583333333333 -26.13071775449363 -27.202913616077666
821.4583333333334 -26.129027015505088 -27.20205703691414
821.9583333333334 -26.127323389513045 -27.20118796818347
822.4583333333333 -26.125641689909337 -27.200319151069642
822.9583333333334 -26.12394891194059 -27.199441931037786
823.4583333333334 -26.12224872412338 -27.19857131930916
823.9583333333333 -26.120558445688523 -27.19770147923083
824.4583333333334 -26.11886513942812 -27.196825781689704
824.9583333333334 -26.11715390275847 -27.195944095680645
825.4583333333333 -26.115459769664827 -27.195070067683915
825.9583333333334 -26.11375140855383 -27.19419067620543
826.4583333333334 -26.112060725488142 -27.193308976284595
826.9583333333333 -26.11035155397605 -27.192424848858163
827.4583333333334 -26.1086494249884 -27.191537801346428
827.9583333333334 -26.106933717193797 -27.190661378984935
828.4583333333333 -26.105221058585762 -27.189774430480394
828.9583333333334 -26.10351225244124 -27.18887885989927
829.4583333333334 -26.101799261520597 -27.187989257557795
829.9583333333333 -26.100075628311306 -27.187103284922877
830.4583333333334 -26.098363805104626 -27.186214465062598
830.9583333333334 -26.096640864411157 -27.185312156803306
831.4583333333333 -26.094930582190283 -27.184419297846972
831.9583333333334 -26.093204221609618 -27.1835101751781
832.4583333333334 -26.09146430637136 -27.18261801959291
832.9583333333333 -26.08974799057316 -27.18171213403896
833.4583333333334 -26.088025673609295 -27.180814431940874
833.9583333333334 -26.086297188241538 -27.179903967933328
834.4583333333333 -26.084561702820807 -27.17899926796826
834.9583333333334 -26.082846122194226 -27.178093523831745
835.4583333333334 -26.0811037501582 -27.17718150346179
835.9583333333333 -26.079373090658105 -27.176277277661992
836.4583333333334 -26.077641943444732 -27.175361436209187
836.9583333333334 -26.075882909236867 -27.17444056908741
837.4583333333333 -26.074153205395465 -27.17353014311729
837.9583333333334 -26.07241439577933 -27.172609811416294
838.4583333333334 -26.070679711663978 -27.171689109251567
838.9583333333333 -26.068933020222836 -27.170760622204618
839.4583333333334 -26.067179614749193 -27.169846311257366
839.9583333333334 -26.06543378772914 -27.168925029108593
840.4583333333333 -26.06367775399294 -27.16799724445813
840.9583333333334 -26.061922910689177 -27.167064248736533
841.4583333333334 -26.060185959234627 -27.166139235505348
841.9583333333333 -26.058431980177332 -27.165205198911913
842.4583333333334 -26.05668206137297 -27.16427270334581
842.9583333333334 -26.05491717075969 -27.16333405838639
843.4583333333333 -26.05316035339275 -27.162409951117567
843.9583333333334 -26.05139055933997 -27.161463476362094
844.4583333333334 -26.049638613416853 -27.16052429709132
844.9583333333333 -26.047883195032007 -27.159577711823847
845.4583333333334 -26.046109840767397 -27.15863989082445
845.9583333333334 -26.04434855911842 -27.15769560312488
846.4583333333333 -26.042569052310036 -27.156741870611903
846.9583333333334 -26.040810800633146 -27.155809677296013
847.4583333333334 -26.03904327124033 -27.154853444133387
847.9583333333333 -26.037273548773072 -27.153899453682847
848.4583333333334 -26.035493792783967 -27.15295268392023
848.9583333333334 -26.033724301655393 -27.15199181766595
849.4583333333333 -26.031936090327413 -27.151043785753583
849.9583333333334 -26.030165420390468 -27.15008273647621
850.4583333333334 -26.02838404224821 -27.149124597258986
850.9583333333333 -26.0265905989456 -27.14816887289843
851.4583333333334 -26.024822284286962 -27.14721186862584
851.9583333333334 -26.02302853909666 -27.146235246882636
852.4583333333333 -26.021245700213417 -27.14528138852966
852.9583333333334 -26.019443389952638 -27.14431324845438
853.4583333333334 -26.017661051709243 -27.14333863748127
853.9583333333333 -26.015853965360883 -27.14236929261446
854.4583333333334 -26.014066771129514 -27.14139824421581
854.9583333333334 -26.01226316859123 -27.140432618237856
855.4583333333333 -26.010466837405886 -27.13945612038703
855.9583333333334 -26.008682727339412 -27.13848519749558
856.4583333333334 -26.006877096119347 -27.137505486459773
856.9583333333333 -26.005064357253914 -27.13652274079744
857.4583333333334 -26.0032628002276 -27.13554110980126
857.9583333333334 -26.00146845146915 -27.134559741060812
858.4583333333333 -25.999653619462556 -27.13357088684761
858.9583333333334 -25.997841284450367 -27.132592175470343
859.4583333333334 -25.996028567246924 -27.13160689554147
859.9583333333333 -25.99420821572243 -27.130613335218634
860.4583333333334 -25.99240711760576 -27.129629617540893
860.9583333333334 -25.990588304956898 -27.128639880913536
861.4583333333333 -25.988768364219833 -27.127647494135875
861.9583333333334 -25.986941797572833 -27.1266500002126
862.4583333333334 -25.985115142531505 -27.125662849786224
862.9583333333333 -25.98330721527133 -27.12466390216757
863.4583333333334 -25.981476318452962 -27.123659514769173
863.9583333333334 -25.979656692281992 -27.122660611619096
864.4583333333333 -25.977828404807155 -27.12166814465879
864.9583333333334 -25.975992672137714 -27.120661862221734
865.4583333333334 -25.974159763560106 -27.11965536642036
865.9583333333333 -25.972322533324068 -27.118653224529652
866.4583333333334 -25.97048694945039 -27.11764795025138
866.9583333333334 -25.968641018945874 -27.11663756758247
867.4583333333333 -25.966799597855093 -27.115624385057473
867.9583333333334 -25.964952326166134 -27.11461732313303
868.4583333333334 -25.963127795313 -27.113602556867306
868.9583333333333 -25.96126648539542 -27.112586702054852
869.4583333333334 -25.959422358161042 -27.111574938640587
869.9583333333334 -25.957570108458157 -27.110543188386913
870.4583333333333 -25.955715422896432 -27.109514332165258
870.9583333333334 -25.953852695324855 -27.108490045308212
871.4583333333334 -25.951992250173785 -27.107457106446017
871.9583333333333 -25.950133127934333 -27.106422044824775
872.4583333333334 -25.948267026907693 -27.105378149507622
872.9583333333334 -25.946403294338033 -27.104339312761066
873.4583333333333 -25.944531371309 -27.103291534246786
873.9583333333334 -25.942655326510074 -27.102247053507604
874.4583333333334 -25.940782822412526 -27.101185775597436
874.9583333333333 -25.938901624957325 -27.100142098026208
875.4583333333334 -25.937037245049993 -27.09908603603848
875.9583333333334 -25.9351467174849 -27.098027637376532
876.4583333333333 -25.93324830433033 -27.096971586149976
876.9583333333334 -25.93136935617845 -27.09590714443749
877.4583333333334 -25.929492934901567 -27.094837438072
877.9583333333333 -25.927597641046507 -27.09376690044282
878.4583333333334 -25.925696999675225 -27.0927118605072
878.9583333333334 -25.923802302918304 -27.091633795964455
879.4583333333333 -25.921905559777624 -27.09056731763034
879.9583333333334 -25.920003187896853 -27.089491706335174
880.4583333333334 -25.918112350210947 -27.08840619897569
880.9583333333333 -25.916203645814488 -27.087343340827275
881.4583333333334 -25.914310476592174 -27.086260404767422
881.9583333333334 -25.91239836856513 -27.08517639689507
882.4583333333333 -25.91048676901259 -27.08409175989392
882.9583333333334 -25.908575814650263 -27.083018675346295
883.4583333333334 -25.906666625821764 -27.081929733847584
883.9583333333333 -25.904756179338904 -27.080855353158192
884.4583333333334 -25.90283994629125 -27.079763738779853
884.9583333333334 -25.900925140632868 -27.078679754655532
885.4583333333333 -25.899006279426573 -27.07759052480973
885.9583333333334 -25.89710248639402 -27.076503659184713
886.4583333333334 -25.895170395129227 -27.075415440043663
886.9583333333333 -25.893240158948025 -27.074328927862815
887.4583333333334 -25.891335810813988 -27.073242166872113
887.9583333333334 -25.88941220219999 -27.07214606804341
888.4583333333333 -25.887481022029917 -27.071060544606063
888.9583333333334 -25.885552629419877 -27.069980518074335
889.4583333333334 -25.883611388207374 -27.068887193046564
889.9583333333333 -25.881701059178898 -27.067787179622812
890.4583333333334 -25.87976402493485 -27.066695583439802
890.9583333333334 -25.8778234767303 -27.065614748485956
891.4583333333333 -25.875917896313805 -27.064529844445907
891.9583333333334 -25.873981659001583 -27.063442938449157
892.4583333333334 -25.87205205674236 -27.0623575001215
892.9583333333333 -25.870100119874387 -27.06127124169726
893.4583333333334 -25.868169717515453 -27.06018739060155
893.9583333333334 -25.866240871494888 -27.059116070929797
894.4583333333333 -25.86429913879702 -27.05801716908492
894.9583333333334 -25.862369236745913 -27.056938668167092
895.4583333333334 -25.86042195181963 -27.0558676553966
895.9583333333333 -25.858478548508245 -27.054780626309203
896.4583333333334 -25.856548183445405 -27.053701817426223
896.9583333333334 -25.85459794063538 -27.05262853321315
897.4583333333333 -25.852680554693666 -27.051554524213167
897.9583333333334 -25.850723389910392 -27.050488735232822
898.4583333333334 -25.848778805495513 -27.049408444013096
898.9583333333333 -25.846857987773845 -27.048340205695737
899.4583333333334 -25.84493004840043 -27.047271417578536
899.9583333333334 -25.84298077121707 -27.046213497630696
900.4583333333333 -25.84104446026027 -27.045148434385666
900.9583333333334 -25.83910091885528 -27.044091187656495
901.4583333333334 -25.837152775223874 -27.043038830439876
901.9583333333333 -25.835230387369567 -27.041975931827306
902.4583333333334 -25.833275373224396 -27.040924120544872
902.9583333333334 -25.831351937833578 -27.039869515171063
903.4583333333333 -25.829399593199348 -27.038817947798307
903.9583333333334 -25.827457012713065 -27.03775508567884
904.4583333333334 -25.825500699285104 -27.036706615528345
904.9583333333333 -25.823557788489197 -27.035654396345752
905.4583333333334 -25.821610147101474 -27.034598392302346
905.9583333333334 -25.819666394203246 -27.033550611542957
906.4583333333333 -25.81770531667737 -27.03249023048935
906.9583333333334 -25.815761288919 -27.031437260930836
907.4583333333334 -25.813803566886552 -27.030389242914183
907.9583333333333 -25.81185395643793 -27.02933233620287
908.4583333333334 -25.80990621757136 -27.028287057894822
908.9583333333334 -25.80796004139907 -27.02723201017396
909.4583333333333 -25.80599324530447 -27.02618574991142
909.9583333333334 -25.8040444529028 -27.025130726047042
910.4583333333334 -25.80206564372844 -27.024076224185777
910.9583333333333 -25.800137376795796 -27.023025568954825
911.4583333333334 -25.798152932610044 -27.02197988978172
911.9583333333334 -25.79618794619167 -27.02092763547556
912.4583333333333 -25.794228324085026 -27.019875119795522
912.9583333333334 -25.79227394709683 -27.018835297658335
913.4583333333334 -25.790308705578973 -27.017785414604344
913.9583333333333 -25.788337698797513 -27.016728300261633
914.4583333333334 -25.78637360562647 -27.015685014169474
914.9583333333334 -25.78441019204366 -27.014644594678504
915.4583333333333 -25.78245586175854 -27.01359826366439
915.9583333333334 -25.780467955245513 -27.01255172336876
916.4583333333334 -25.77850602957956 -27.01151585511837
916.9583333333333 -25.776542485138478 -27.010460691421873
917.4583333333334 -25.774565871904386 -27.009428436585846
917.9583333333334 -25.772592454558335 -27.008384349978215
918.4583333333333 -25.77063376905331 -27.007337564906653
918.9583333333334 -25.76866894951474 -27.006300916666373
919.4583333333334 -25.76668760827448 -27.00526261126459
919.9583333333333 -25.764716986669406 -27.004218750764252
920.4583333333334 -25.762739029254995 -27.003180696177452
920.9583333333334 -25.760750726837127 -27.002150941699192
921.4583333333333 -25.75877744403985 -27.001105834155407
921.9583333333334 -25.756808511719292 -27.000074575058335
922.4583333333334 -25.754832825919305 -26.99904097543571
922.9583333333333 -25.7528597631946 -26.998007851878345
923.4583333333334 -25.75087718159142 -26.996969222084978
923.9583333333334 -25.748908586712027 -26.99594734244466
924.4583333333333 -25.74691468839003 -26.994916962384874
924.9583333333334 -25.744925964230774 -26.99388391113333
925.4583333333334 -25.742953854251166 -26.992845337961864
925.9583333333333 -25.7409750068523 -26.991833120029064
926.4583333333334 -25.738997281840128 -26.990808632255803
926.9583333333334 -25.737033716468535 -26.989779115860863
927.4583333333333 -25.735056932521072 -26.98875331750913
927.9583333333334 -25.733067886512657 -26.98773012022672
928.4583333333334 -25.73108130673665 -26.98672050510212
928.9583333333333 -25.729093025923817 -26.985690694959917
929.4583333333334 -25.72711555502449 -26.984676211742947
929.9583333333334 -25.72511638845052 -26.983665520589412
930.4583333333333 -25.7231290693484 -26.982651495270243
930.9583333333334 -25.721146020575528 -26.981633428652234
931.4583333333334 -25.719151630469245 -26.980624068320203
931.9583333333333 -25.71719194154539 -26.97961691537603
932.4583333333334 -25.71520231305074 -26.978600831041618
932.9583333333334 -25.71320416572543 -26.977597496071112
933.4583333333333 -25.711225325439955 -26.976586047175225
933.9583333333334 -25.709242774610175 -26.97558947481518
934.4583333333334 -25.707265674979496 -26.974583259959886
934.9583333333333 -25.70525738326002 -26.973578639431754
935.4583333333334 -25.70328787494692 -26.972587441948868
935.9583333333334 -25.701295658690178 -26.971587395884956
936.4583333333333 -25.69928353825203 -26.970583795094175
936.9583333333334 -25.69732958916175 -26.969595593758626
937.4583333333334 -25.695325109986904 -26.96859676583397
937.9583333333333 -25.693328567201135 -26.96760710571069
938.4583333333334 -25.691362981566044 -26.966607116535577
938.9583333333334 -25.689350918340548 -26.965627194630866
939.4583333333333 -25.68736753843026 -26.964636906672293
939.9583333333334 -25.68539016438045 -26.96363817593992
940.4583333333334 -25.683386808560908 -26.962659287646215
940.9583333333333 -25.68139696759298 -26.96166287555526
941.4583333333334 -25.6794086361697 -26.96067737645114
941.9583333333334 -25.677396817473355 -26.959694106850606
942.4583333333333 -25.675394698214006 -26.958716982660217
942.9583333333334 -25.673404923740158 -26.957734629753357
943.4583333333334 -25.671421606769457 -26.95674924714512
943.9583333333333 -25.66941114114591 -26.955768546622227
944.4583333333334 -25.667422003219357 -26.954791525239518
944.9583333333334 -25.665436998960693 -26.95381145933905
945.4583333333333 -25.663435684689805 -26.952838684733493
945.9583333333334 -25.66143537154078 -26.951859384567456
946.4583333333334 -25.659421339447263 -26.95089226350012
946.9583333333333 -25.65744256565761 -26.949916379059896
947.4583333333334 -25.65543263564452 -26.94894336707641
947.9583333333334 -25.653438909027177 -26.94797686200955
948.4583333333333 -25.651436993083575 -26.947008733327277
948.9583333333334 -25.649437269900215 -26.946038393031422
949.4583333333334 -25.647451574628345 -26.94507808592146
949.9583333333333 -25.64544223194911 -26.94411036882547
950.4583333333334 -25.643448720158027 -26.94315683357418
950.9583333333334 -25.641444089982336 -26.942183832957415
951.4583333333333 -25.639444089812685 -26.941225678901297
951.9583333333334 -25.63744503405413 -26.940268219303555
952.4583333333334 -25.635432963723165 -26.939311785184053
952.9583333333333 -25.633442283233926 -26.938360796058987
953.4583333333334 -25.63144239702809 -26.937403491850812
953.9583333333334 -25.62944065679101 -26.9364544817928
954.4583333333333 -25.627425644412504 -26.93549897375343
954.9583333333334 -25.62543797887557 -26.934546165218826
955.4583333333334 -25.623437242959476 -26.933603130438417
955.9583333333333 -25.621439198794004 -26.93265112500057
956.4583333333334 -25.619433271963864 -26.931705733237983
956.9583333333334 -25.61741283161254 -26.930767678035167
957.4583333333333 -25.61543440244016 -26.929813944877342
957.9583333333334 -25.613431048507366 -26.92887446777984
958.4583333333334 -25.61142131218954 -26.927939885002413
958.9583333333333 -25.60942054221645 -26.927009526158464
