FastTrWP/PhaseSpace/IAs/snIa_0.57_30.00_-2.24_-0.07.csv
# %ECSV 0.9
# ---
# datatype:
# - {name: time-rel, datatype: float64}
# - {name: g, datatype: float64}
# - {name: i, datatype: float64}
# schema: astropy-2.0
time-rel g i
[from data line 868]
688.2916666666666 23.657022280949704 22.371176710172712
688.7916666666666 23.65860864625958 22.370983171125815
689.2916666666666 23.660232591547853 22.370793528346454
689.7916666666666 23.66183378276297 22.370615140842645
690.2916666666666 23.663449998727707 22.370429512795976
690.7916666666666 23.665072497570026 22.370252041133213
691.2916666666666 23.66667477816935 22.3700769142058
691.7916666666666 23.66831568831392 22.369907761905424
692.2916666666666 23.669938882129436 22.369739326897932
692.7916666666666 23.67158143283936 22.369565576516536
693.2916666666666 23.673212431705608 22.36940397337925
693.7916666666666 23.674842320567002 22.36923889944199
694.2916666666666 23.676494399507654 22.36908556478486
694.7916666666666 23.678128237972892 22.368918048229055
695.2916666666666 23.67978846514218 22.36877063710859
695.7916666666666 23.6814184191186 22.368619968916434
696.2916666666666 23.683085987242816 22.36846817833139
696.7916666666666 23.684735883665855 22.368318180467636
697.2916666666666 23.686380878978504 22.368180073579715
697.7916666666666 23.6880626809031 22.368040060799743
698.2916666666666 23.689730651901428 22.36790042796391
698.7916666666666 23.691405946007453 22.367769805119536
699.2916666666666 23.693073451048118 22.367645671383617
699.7916666666666 23.694784310763986 22.3675201089849
700.2916666666666 23.696465176362672 22.36739896690969
700.7916666666666 23.698170725726328 22.367285211171072
701.2916666666666 23.69987508068749 22.367171246232182
701.7916666666666 23.701582031190547 22.367066370248352
702.2916666666666 23.703298914392125 22.36696323005141
702.7916666666666 23.705021618964004 22.366858920140412
703.2916666666666 23.706760170745017 22.36676443426203
703.7916666666666 23.708480901756953 22.366673891343325
704.2916666666666 23.71022103493557 22.366578691219175
704.7916666666666 23.71196308400274 22.366488714550425
705.2916666666666 23.713716797993705 22.366405991890836
705.7916666666666 23.71548184477373 22.36632443016208
706.2916666666666 23.71722452475476 22.366250597314547
706.7916666666666 23.718991989243165 22.366170451824846
707.2916666666666 23.720765508736687 22.366101231835394
707.7916666666666 23.72254167145874 22.366042637074138
708.2916666666666 23.724320447206747 22.365976556095035
708.7916666666666 23.72610951304091 22.36591960583814
709.2916666666666 23.727891846109696 22.365862758038112
709.7916666666666 23.729689397175775 22.365805349240972
710.2916666666666 23.73149558775585 22.365755649184308
710.7916666666666 23.73329556937266 22.365710878481515
711.2916666666666 23.735091118989814 22.36567150864609
711.7916666666666 23.736931343638616 22.36562717423592
712.2916666666666 23.738744053122986 22.365593736300852
712.7916666666666 23.740569321944626 22.36555922842333
713.2916666666666 23.74239386188767 22.365521904881597
713.7916666666666 23.744228738826045 22.365495433114603
714.2916666666666 23.746058652637203 22.36547250984234
714.7916666666666 23.747911867294242 22.365445147865483
715.2916666666666 23.74976550263321 22.365434016326432
715.7916666666666 23.751624272161777 22.365421218596417
716.2916666666666 23.75345989141362 22.365395510608337
716.7916666666666 23.755325915388823 22.365393115116103
717.2916666666666 23.757202529649774 22.365382582852167
717.7916666666666 23.759062213195605 22.365377229527642
718.2916666666666 23.760931503480656 22.36537444202537
718.7916666666666 23.762801406694493 22.365381461758954
719.2916666666666 23.764692334513246 22.365382275887548
719.7916666666666 23.766581225522305 22.365392299605297
720.2916666666666 23.76848086664203 22.365398006240767
720.7916666666666 23.77035805201683 22.365405771596567
721.2916666666666 23.77226771460578 22.36542029584827
721.7916666666666 23.774160726943613 22.365439365418677
722.2916666666666 23.77608102022055 22.36545834211425
722.7916666666666 23.77797278129946 22.365472898305008
723.2916666666666 23.779901188015323 22.365501589661093
723.7916666666666 23.78182043644429 22.365531209666063
724.2916666666666 23.783744606805158 22.36555428780973
724.7916666666666 23.785668045802538 22.365589612452112
725.2916666666666 23.78759388930401 22.365622465352736
725.7916666666666 23.78952030889577 22.365659992111127
726.2916666666666 23.791456889350776 22.365691156024816
726.7916666666666 23.79340331423244 22.365735014855588
727.2916666666666 23.795345010309763 22.36577680652017
727.7916666666666 23.79729199839104 22.36582294099041
728.2916666666666 23.79923365608613 22.36586770603074
728.7916666666666 23.801186216072104 22.365915705379287
729.2916666666666 23.803130840322822 22.36595741172195
729.7916666666666 23.805098633942997 22.366024372050116
730.2916666666666 23.807050507085705 22.366073548434024
730.7916666666666 23.809016504201125 22.366142203761534
731.2916666666666 23.81096878181679 22.36619018119714
731.7916666666666 23.81295495930667 22.366259695607617
732.2916666666666 23.814931011340782 22.36631936087555
732.7916666666666 23.816893717751135 22.366382931693792
733.2916666666666 23.818865805925093 22.36645217340091
733.7916666666666 23.820842341798716 22.366523572389546
734.2916666666666 23.82283477871666 22.36658625434556
734.7916666666666 23.82482219237247 22.366660149847924
735.2916666666666 23.826818560422907 22.36674024683858
735.7916666666666 23.82881385489101 22.36682081371471
736.2916666666666 23.83081226775098 22.366897671395574
736.7916666666666 23.83280866137966 22.36698394640176
737.2916666666666 23.83480988215398 22.367069831282677
737.7916666666666 23.836831959604353 22.367159905321902
738.2916666666666 23.83886249108481 22.3672507370651
738.7916666666666 23.840879935920793 22.36734537203199
739.2916666666666 23.842903667216234 22.36744160668384
739.7916666666666 23.844922734587755 22.367535086448534
740.2916666666666 23.846984052689887 22.367638305903313
740.7916666666666 23.849003882174095 22.36775015570778
741.2916666666666 23.85104995509446 22.367858112407774
741.7916666666666 23.853110389019562 22.36795889718301
742.2916666666666 23.8551479221989 22.368079257619385
742.7916666666666 23.857214862967467 22.368194149082875
743.2916666666666 23.85929191855198 22.368309534806116
743.7916666666666 23.861354451357094 22.368422441104407
744.2916666666666 23.8634209100727 22.368554100377732
744.7916666666666 23.865504549736713 22.368676271349315
745.2916666666665 23.86758475787845 22.368805507693928
745.7916666666666 23.869664199306374 22.368931777475282
746.2916666666666 23.871746755701288 22.369068604581578
746.7916666666665 23.87386295227315 22.369203495379054
747.2916666666666 23.875965939118394 22.369342426694224
747.7916666666666 23.8780672848711 22.369487089663064
748.2916666666665 23.880167039954713 22.369626127374524
748.7916666666666 23.88228935917281 22.369771552645847
749.2916666666666 23.88439908680628 22.369920196926095
749.7916666666665 23.88653116928552 22.370071778294786
750.2916666666666 23.888651701453764 22.37022199097845
750.7916666666666 23.890784084571223 22.37037807391968
751.2916666666665 23.892906890494928 22.370544148847486
751.7916666666666 23.895053557207 22.370697493164847
752.2916666666666 23.89720864852641 22.37086224390226
752.7916666666665 23.899351332571122 22.371029965865734
753.2916666666666 23.90151136803874 22.37119049270777
753.7916666666666 23.90366365580639 22.371370435748645
754.2916666666665 23.905836708585134 22.371545715495035
754.7916666666666 23.90802169989568 22.37171635293219
755.2916666666666 23.9101894784765 22.371906094765038
755.7916666666665 23.912366305849307 22.372076854220417
756.2916666666666 23.91455038240469 22.372257741942402
756.7916666666666 23.916723630303313 22.3724473026391
757.2916666666665 23.918931272250546 22.372636507903607
757.7916666666666 23.92112112671262 22.372825751637468
758.2916666666666 23.92332944634684 22.3730141460976
758.7916666666665 23.92552793430334 22.373212300374487
759.2916666666666 23.927744992365305 22.373410994884964
759.7916666666666 23.92996948180363 22.373615041599354
760.2916666666665 23.932183307668964 22.373812840272457
760.7916666666666 23.93441516541565 22.374018515168835
761.2916666666666 23.936643072021674 22.374228903961058
761.7916666666665 23.938868137892054 22.37443629458737
762.2916666666666 23.941107813035266 22.374641830384526
762.7916666666666 23.94335643440126 22.374855462192738
763.2916666666665 23.945613671085706 22.375073822622554
763.7916666666666 23.947877962183558 22.37529684676083
764.2916666666666 23.95013055416209 22.375523536401673
764.7916666666665 23.95240396073892 22.375746742661704
765.2916666666666 23.95465571890423 22.375971359868736
765.7916666666666 23.95694219457806 22.376204493588297
766.2916666666665 23.959231824455706 22.376434475779266
766.7916666666666 23.961495040706676 22.37666292281891
767.2916666666666 23.96378559680825 22.376898202814182
767.7916666666665 23.966091677135108 22.37713329688853
768.2916666666666 23.968378704349362 22.3773821452108
768.7916666666666 23.970685014135462 22.37762164176763
769.2916666666665 23.972993286780138 22.377870495545892
769.7916666666666 23.975306048868674 22.378116791774442
770.2916666666666 23.97761730156873 22.378372513208653
770.7916666666665 23.97994326642712 22.37861726946345
771.2916666666666 23.982267286024566 22.378877396870337
771.7916666666666 23.984603352757045 22.37912758517499
772.2916666666665 23.986929636341227 22.379383092080083
772.7916666666666 23.989281253354626 22.379644947357775
773.2916666666666 23.991623826624682 22.37991400992801
773.7916666666665 23.993976056381882 22.380175191442948
774.2916666666666 23.996348214574503 22.380451968652192
774.7916666666666 23.998705724286026 22.380720085858208
775.2916666666665 24.0010911879631 22.380999195268856
775.7916666666666 24.00346686009838 22.38127622090559
776.2916666666666 24.005851240139087 22.38155811183054
776.7916666666665 24.008237873608817 22.38183734975639
777.2916666666666 24.01062721896966 22.382128830107597
777.7916666666666 24.01302721953652 22.382413847829746
778.2916666666665 24.015449332455546 22.38270416372294
778.7916666666666 24.01784547638243 22.383001252970036
779.2916666666666 24.020282512551617 22.383303238802938
779.7916666666665 24.022713404334958 22.383594455825467
780.2916666666666 24.025131623990674 22.38390105649708
780.7916666666666 24.027578138614384 22.384201730630554
781.2916666666665 24.03002059024603 22.384512622551856
781.7916666666666 24.032479615422368 22.384814001715267
782.2916666666666 24.03492922174277 22.385138879394354
782.7916666666665 24.037394066865243 22.385450458980728
783.2916666666666 24.039870130720846 22.38576690883416
783.7916666666666 24.042327127151086 22.386090808251797
784.2916666666665 24.044818705702326 22.386408668280747
784.7916666666666 24.04731018395251 22.386734895712014
785.2916666666666 24.049794923727337 22.38706033486979
785.7916666666665 24.052300630002918 22.387385443565442
786.2916666666666 24.054795540593112 22.387727056851304
786.7916666666666 24.057314717500553 22.38805002118911
787.2916666666665 24.05982916251351 22.3883979646709
787.7916666666666 24.062347324854073 22.38873449299411
788.2916666666666 24.06486896366172 22.38907946070992
788.7916666666665 24.067409779235774 22.38942478005843
789.2916666666666 24.069942532386904 22.389773613906264
789.7916666666666 24.07249922447484 22.390122907714854
790.2916666666665 24.0750377435901 22.390469452231695
790.7916666666666 24.077595694380438 22.39082516113215
791.2916666666666 24.080159523469927 22.391185698974567
791.7916666666665 24.0827307270171 22.391543179897255
792.2916666666666 24.085299431572004 22.391906058512696
792.7916666666666 24.08787111085839 22.392267690411227
793.2916666666665 24.09046111761425 22.39263964793392
793.7916666666666 24.093064368903935 22.39299818822915
794.2916666666666 24.09566095639114 22.393369248137468
794.7916666666665 24.09826950934731 22.39374509490243
795.2916666666666 24.100876600067274 22.394116127032238
795.7916666666666 24.103486015136916 22.394503109353483
796.2916666666665 24.106099761067398 22.394874988356833
796.7916666666666 24.108743533937403 22.39526143427861
797.2916666666666 24.111367033286122 22.395643364611672
797.7916666666665 24.11400856852271 22.396028590818922
798.2916666666666 24.116660302660545 22.396414762264193
798.7916666666666 24.11930910575924 22.396808229693512
799.2916666666665 24.121954052766355 22.397202945970744
799.7916666666666 24.124617564343165 22.39759343598509
800.2916666666666 24.127286219050603 22.397995602957618
800.7916666666665 24.12995598437196 22.398398205011393
801.2916666666666 24.132622706428698 22.398793622080714
801.7916666666666 24.13531971082667 22.399196521244477
802.2916666666665 24.138002418914944 22.399606480017088
802.7916666666666 24.140703204386295 22.40000982373287
803.2916666666666 24.143402049527364 22.4004207955422
803.7916666666665 24.146112672494617 22.400826827323023
804.2916666666666 24.1488282557326 22.401249583850806
804.7916666666666 24.151544659106875 22.40166183906032
805.2916666666665 24.154254782233565 22.402081016198586
805.7916666666666 24.15698679404466 22.402506222242103
806.2916666666666 24.15973420919943 22.402918391591683
806.7916666666665 24.162458134579502 22.40334572955275
807.2916666666666 24.165200337514598 22.403771588427396
807.7916666666666 24.167955086427586 22.404200053012598
808.2916666666665 24.1707239389093 22.404633229582274
808.7916666666666 24.173463665122537 22.405058799860647
809.2916666666666 24.176242387829706 22.405495027330208
809.7916666666665 24.179014540412535 22.405929388487657
810.2916666666666 24.18181483105263 22.40637500509587
810.7916666666666 24.18460196269246 22.406812467099986
811.2916666666665 24.1874153999536 22.407255556742957
811.7916666666666 24.190250418612646 22.40771832433287
812.2916666666666 24.19307236208709 22.408167350421493
812.7916666666665 24.195918223828986 22.408620586857992
813.2916666666666 24.198783800865222 22.409085802868795
813.7916666666666 24.20164494525631 22.409548483978355
814.2916666666665 24.204533940842833 22.410013779008047
814.7916666666666 24.20741786835928 22.41047536491304
815.2916666666666 24.21033393752562 22.41095743461754
815.7916666666665 24.21322564742701 22.411430552795707
816.2916666666666 24.216161158018036 22.41191847649049
816.7916666666666 24.219097871853105 22.412393409013156
817.2916666666665 24.222035923570516 22.41288517354203
817.7916666666666 24.224995126579184 22.413373062536934
818.2916666666666 24.227961405634186 22.41386454860151
818.7916666666665 24.230920780444723 22.41435229930465
819.2916666666666 24.233917294644666 22.41484486600053
819.7916666666666 24.23690230665432 22.41534927440062
820.2916666666665 24.23990445721258 22.415841586804834
820.7916666666666 24.24291763437418 22.41635298706022
821.2916666666666 24.245925599607393 22.41686058927144
821.7916666666665 24.248949430466418 22.41737100834785
822.2916666666666 24.251990632664537 22.417878484441232
822.7916666666666 24.255018653811106 22.418397075768034
823.2916666666665 24.25808130236951 22.418910083742333
823.7916666666666 24.26113350748141 22.41943024745817
824.2916666666666 24.26419881252249 22.419954446474947
824.7916666666665 24.267258943257882 22.420472026214338
825.2916666666666 24.270327449696442 22.420999697684426
825.7916666666666 24.273407602206408 22.42152308052877
826.2916666666665 24.276503344723448 22.422053063848267
826.7916666666666 24.27959865295683 22.422584126238604
827.2916666666666 24.28269954774287 22.42311595759453
827.7916666666665 24.285800603581116 22.423650189217284
828.2916666666666 24.288907177748364 22.424189203040626
828.7916666666666 24.292027145341038 22.42472154311747
829.2916666666665 24.295156880436387 22.425261111281966
829.7916666666666 24.298267999315833 22.42580664755099
830.2916666666666 24.301391244109077 22.42634462162359
830.7916666666665 24.30450339288857 22.426886100892766
831.2916666666666 24.30765551866155 22.427428385677075
831.7916666666666 24.310772577870758 22.427981768682486
832.2916666666665 24.313908135638794 22.428530938330482
