FastTrWP/PhaseSpace/IAs/snIa_0.44_30.00_1.42_0.07.csv
# %ECSV 0.9
# ---
# datatype:
# - {name: time-rel, datatype: float64}
# - {name: g, datatype: float64}
# - {name: i, datatype: float64}
# schema: astropy-2.0
time-rel g i
[from data line 362]
-225.0 23.893234994593136 23.089035554905838
-224.5 23.890147861638948 23.08649457743885
-224.0 23.8870651935826 23.08396768808672
-223.5 23.884003575292994 23.081444582129087
-223.0 23.88094369731005 23.078907452202348
-222.5 23.877885967004353 23.076405042264216
-222.0 23.874828775194597 23.073892953495516
-221.5 23.87180812268599 23.07138511816184
-221.0 23.868776583531318 23.06888816319859
-220.5 23.865757299434634 23.066395170914703
-220.0 23.862732276387998 23.06390590621377
-219.5 23.859738736772297 23.061424578886328
-219.0 23.85672604289428 23.058938654991564
-218.5 23.853746972491482 23.05646162668079
-218.0 23.850751832539316 23.05399229793784
-217.5 23.847770942015543 23.051522257227376
-217.0 23.844824475023152 23.049073201923235
-216.5 23.841845671189713 23.046602638857713
-216.0 23.838899033002228 23.044155191310388
-215.5 23.83594962631598 23.041718468354535
-215.0 23.833008126498854 23.039266286823008
-214.5 23.83007085376184 23.036826077438572
-214.0 23.827151296428063 23.03439121175586
-213.5 23.824252095133428 23.03196419169007
-213.0 23.821340941697194 23.02954250979754
-212.5 23.81843093870507 23.02711592443215
-212.0 23.815532083646403 23.024715277609893
-211.5 23.812658521610093 23.022315274557283
-211.0 23.809781325411734 23.019900441409074
-210.5 23.806905911886155 23.017516565362822
-210.0 23.80405266283795 23.015123394244817
-209.5 23.801197996091865 23.01273328015199
-209.0 23.798346597113074 23.01035484842361
-208.5 23.79552722866388 23.007977140394384
-208.0 23.792696949869743 23.00560588474015
-207.5 23.789863802667064 23.00324772812642
-207.0 23.787051973414457 23.000882755412263
-206.5 23.784231181272165 22.998524899165503
-206.0 23.78143736568378 22.99616409472815
-205.50000000000006 23.778646475281477 22.993823604400454
-205.0 23.775863131794246 22.99148013104846
-204.5 23.773073694796018 22.989142491207257
-204.00000000000006 23.7703102213072 22.98681102029978
-203.5 23.76752957325358 22.98448607658157
-203.0 23.764784245994733 22.982161863666985
-202.50000000000006 23.762032053561878 22.97984800982341
-202.0 23.75929068903858 22.977526232822967
-201.5 23.756542271973743 22.975216097832284
-201.00000000000006 23.75380609236521 22.97290891090534
-200.5 23.75108455468927 22.97060902748223
-200.0 23.74836636554692 22.96830375025508
-199.50000000000006 23.74565894736147 22.96601824404531
-199.0 23.742943251940673 22.963735019147542
-198.5 23.740257964992853 22.961445692210663
-198.00000000000006 23.737559955186303 22.95916681262723
-197.5 23.73487493319538 22.956888853316407
-197.0 23.732196288925827 22.95461482090964
-196.50000000000006 23.729511699938964 22.952348371374285
-196.0 23.7268556239276 22.950086721432342
-195.5 23.72419762033031 22.947824273465752
-195.00000000000006 23.72155125835569 22.945574603561433
-194.5 23.718878197161853 22.943325134780594
-194.0 23.716242125034817 22.941071300319223
-193.50000000000006 23.713610307699117 22.938828337130666
-193.0 23.71099025691364 22.93658971740188
-192.5 23.708354822487088 22.934360244416997
-192.00000000000006 23.705740842158576 22.93212659583523
-191.5 23.703124939771513 22.92989816229985
-191.0 23.70051111040198 22.927675320149966
-190.50000000000006 23.69792296244568 22.92545588021237
-190.0 23.695323720711208 22.92323791652134
-189.5 23.692741389369985 22.92101743034335
-189.00000000000006 23.690141120967972 22.918813721849
-188.5 23.687569364711678 22.91660610467285
-188.0 23.68499715091504 22.914414381213316
-187.50000000000006 23.6824282662994 22.91220892480308
-187.0 23.679872732971607 22.91001271290984
-186.5 23.677312547742723 22.907829621987148
-186.00000000000006 23.67476216404887 22.90563437210863
-185.5 23.672210999900432 22.903449670509396
-185.0 23.66967473756514 22.901277726162675
-184.50000000000006 23.667142633520477 22.89910078359691
-184.0 23.664617877198033 22.896927948468623
-183.5 23.662097780261693 22.89476102026192
-183.00000000000006 23.659564876171245 22.89259559012388
-182.5 23.657053784746672 22.89041825422842
-182.0 23.654544349599107 22.888265324147284
-181.50000000000006 23.65203877511226 22.886108197752208
-181.0 23.64955253895737 22.883965252977315
-180.5 23.647048492646924 22.88180374489955
-180.00000000000006 23.64456322208199 22.8796564742942
-179.5 23.642072789384635 22.87751663418466
-179.0 23.639580625266397 22.87536392161035
-178.50000000000006 23.637093670985635 22.8732202315808
-178.0 23.63459593095028 22.871072952144658
-177.5 23.632116510627263 22.86894015326661
-177.00000000000006 23.629620249742075 22.866788286300004
-176.5 23.6271548685825 22.864652853439978
-176.0 23.624675912344173 22.86251497431476
-175.50000000000006 23.622192889551105 22.860378109979038
-175.0 23.619703423363816 22.858246995486414
-174.5 23.617236909168962 22.85611236967757
-174.00000000000006 23.61477726286278 22.853980301420282
-173.5 23.612294852258028 22.8518555653139
-173.0 23.60983393908308 22.849724574162988
-172.50000000000006 23.607375724510327 22.847591971645123
-172.0 23.604912531789836 22.845489189131722
-171.5 23.602455997598252 22.84336190924506
-171.00000000000006 23.600020054805654 22.841248144247984
-170.5 23.59757167432003 22.83913418760841
-170.0 23.595129890457045 22.837021204160322
-169.50000000000006 23.592693965712005 22.834919536285938
-169.0 23.590273328686543 22.8328104870085
-168.5 23.587852651215016 22.8307279840179
-168.00000000000006 23.58541804289228 22.82862329376809
-167.5 23.58301360311717 22.826530836698
-167.0 23.580589309932908 22.82445381270428
-166.50000000000006 23.57820026109625 22.822367728873534
-166.0 23.575802940805346 22.820285485142744
-165.5 23.573398833626364 22.818206765160497
-165.00000000000006 23.571031297216383 22.816129547387337
-164.5 23.568646050665688 22.814065238413995
-164.0 23.566274386623856 22.811999002839624
-163.50000000000006 23.563904103622203 22.80994575116779
-163.0 23.561559847920623 22.807886923594843
-162.5 23.55919910895392 22.80584067591359
-162.00000000000006 23.556852714614326 22.803791861921
-161.5 23.55453022910721 22.80175433028152
-161.0 23.55219829384015 22.799714895161813
-160.50000000000006 23.549886621946122 22.797679966554583
-160.0 23.547565188003944 22.795664957681822
-159.5 23.545259313859304 22.793647698571906
-159.00000000000006 23.54296260314119 22.791633923232645
-158.5 23.540670063573327 22.78961420526683
-158.0 23.538402226787703 22.78762057949836
-157.50000000000006 23.536136425422786 22.78561912915454
-157.0 23.533865499090673 22.783625674755662
-156.5 23.531617395074846 22.781641221240946
-156.00000000000006 23.52937971120994 22.779658996989674
-155.5 23.527138749583422 22.77768867585072
-155.0 23.524931628113382 22.7757239350256
-154.50000000000006 23.522701005897982 22.773758061082564
-154.0 23.520500978939335 22.771799219484087
-153.5 23.51831151400923 22.76984517045463
-153.00000000000006 23.516125872155417 22.767904153064062
-152.5 23.51394157076717 22.76596791402424
-152.0 23.5117854198181 22.76404084932797
-151.50000000000006 23.50962293972763 22.762117365924933
-151.0 23.507488236608673 22.76019823308696
-150.5 23.505373163854053 22.75829067241009
-150.00000000000006 23.503247030147712 22.756380628449037
-149.5 23.501125109360608 22.75448641229181
-149.0 23.499033419624947 22.75260331478655
-148.50000000000006 23.496947770772646 22.750723356214895
-148.0 23.49488067616713 22.748844352348023
-147.5 23.49281166408897 22.74698213354727
-147.00000000000006 23.490760392483615 22.745116122486944
-146.5 23.488718363064514 22.743270158506213
-146.0 23.486694057005405 22.741420220320574
-145.50000000000006 23.484668097553232 22.739578593171466
-145.0 23.48266835379264 22.737747052429697
-144.5 23.48064846603661 22.735912006164742
-144.00000000000006 23.478644242669482 22.734088072496238
-143.5 23.47663892593772 22.732260594614623
-143.0 23.474643699502288 22.730434588153997
-142.50000000000006 23.47265943652316 22.72862556196802
-142.0 23.470686003340703 22.726809779511452
-141.5 23.468710453084448 22.725009981413766
-141.00000000000006 23.4667338945925 22.72320068873574
-140.5 23.464781253687082 22.721397558776456
-140.0 23.462821286594394 22.719604052730705
-139.50000000000006 23.460883991503962 22.717803305187275
-139.0 23.458924173472827 22.716028974908568
-138.5 23.456990371171678 22.71424039527355
-138.00000000000006 23.455063639324635 22.712456721190545
-137.5 23.453133159534516 22.71068217391926
-137.0 23.451216501668025 22.70892254842657
-136.50000000000006 23.44931406124434 22.7071492665845
-136.0 23.447408523872078 22.70538485414553
-135.5 23.445513337019367 22.703632319180144
-135.00000000000006 23.44362312444217 22.701880370196236
-134.5 23.44173780539116 22.70012253536114
-134.0 23.43986651611136 22.698386328798406
-133.50000000000006 23.437999057006746 22.696657332712075
-133.0 23.436129542133266 22.694918565470683
-132.5 23.434285047117225 22.69318706372417
-132.00000000000006 23.43243478618799 22.691469687529878
-131.5 23.430580760842155 22.689753326963455
-131.0 23.428758596700803 22.68803547392007
-130.50000000000006 23.426950585096904 22.686324920115766
-130.0 23.425118560541996 22.684620704243894
-129.5 23.423313339808768 22.682921525065687
-129.00000000000006 23.421511133127563 22.68123242337381
-128.5 23.41972117416497 22.679538951032384
-128.0 23.41792691782829 22.677849911855695
-127.50000000000006 23.41614618910473 22.676177174653894
-127.0 23.414384929051913 22.674504669930514
-126.5 23.41263124765561 22.672835380468893
-126.00000000000006 23.4108792084834 22.671179472427106
-125.5 23.409132461084994 22.669519321817873
-125.0 23.40739173109428 22.667863598061228
-124.50000000000006 23.405671365681975 22.666220675548114
-124.0 23.403941402285007 22.66458180473281
-123.5 23.402242121212954 22.662941092680743
-123.00000000000006 23.40054089592011 22.661317818920303
-122.5 23.39884935944636 22.65969009632858
-122.0 23.397154941409617 22.658074342205147
-121.50000000000006 23.395486349336036 22.656459862112847
-121.0 23.39381683715871 22.654849684988775
-120.5 23.392163199830232 22.653248484598322
-120.00000000000006 23.390517368724435 22.65165904347768
-119.5 23.38887380826936 22.650067355948863
-119.0 23.387237633299215 22.64848056712877
-118.50000000000006 23.385617114055222 22.646906637837482
-118.0 23.38400256124572 22.64533149283311
-117.5 23.38239570737735 22.64376675336177
-117.00000000000006 23.38080886629602 22.64220027579615
-116.5 23.379223900893432 22.640650522384426
-116.0 23.37765244804915 22.63909781293288
-115.50000000000006 23.376089312627673 22.63755466451125
-115.0 23.374535427198424 22.636024674459485
-114.5 23.372979184725942 22.63449136756973
-114.00000000000006 23.37145135981246 22.632970334331567
-113.5 23.369920514131476 22.631445376500537
-113.0 23.368405849603505 22.6299387330818
-112.50000000000006 23.366898396419124 22.628438383491506
-112.0 23.365394996743426 22.62692837632653
-111.5 23.363918256609875 22.625444816198787
-111.00000000000006 23.36243294298501 22.623950218691363
-110.5 23.360968148983716 22.622469691113828
-110.0 23.35949045195953 22.62099037312531
-109.50000000000006 23.358033118517234 22.619514318447184
-109.0 23.35658770297329 22.618051949167462
-108.5 23.355142841072922 22.616592114295972
-108.00000000000006 23.353703166415215 22.61512792935928
-107.5 23.352273170144947 22.613671966069898
-107.0 23.350851565703806 22.612223339932314
-106.50000000000006 23.349437779958137 22.610773723325437
-106.0 23.348041571113068 22.6093318672718
-105.5 23.346634723522932 22.607900221017093
-105.00000000000006 23.345248504412975 22.60646850001259
-104.5 23.34385154479085 22.60504181590962
-104.0 23.342482819138834 22.603617053851078
-103.50000000000006 23.341113171299625 22.602200875879852
-103.0 23.33974743721843 22.60079502029321
-102.5 23.338374367063437 22.59938612016771
-102.00000000000006 23.33703285815244 22.597990813719505
-101.5 23.33569286253608 22.596590432533688
-101.0 23.334363282890678 22.595192697983336
-100.50000000000006 23.333031941916115 22.59380953746239
-100.0 23.331717666819305 22.592423474990646
-99.5 23.330390858208435 22.59103932555672
-99.00000000000006 23.329096937576598 22.589671237324886
-98.5 23.327791770272558 22.588303939822993
-98.0 23.326497679898743 22.586930557352222
-97.50000000000006 23.32521523781083 22.585581957870087
-97.0 23.32393910900035 22.584227755017782
-96.5 23.322674789110817 22.582867414211414
-96.00000000000006 23.321403616105876 22.58152369013147
-95.5 23.320152126422663 22.580183619055486
-95.0 23.318901822845895 22.578841457663334
-94.50000000000006 23.317657180984057 22.577512626495913
-94.0 23.316429919628415 22.576187756025764
-93.5 23.315198757668195 22.57486472438203
-93.00000000000006 23.313981411621775 22.573540353266814
-92.5 23.31276735850747 22.57222853570493
-92.0 23.31156453793469 22.57091797259086
-91.50000000000006 23.31036430491008 22.569615068589446
-91.0 23.30917357414174 22.568316206747525
-90.5 23.307991298148973 22.567023060698865
-90.00000000000006 23.306808185167153 22.565729469251806
-89.5 23.305649901943003 22.564444530744268
-89.0 23.30448340037283 22.563170426192485
-88.50000000000006 23.303334381592403 22.561886070518536
-88.0 23.302194169479765 22.560610272844087
-87.5 23.301053398286676 22.559348273829546
-87.00000000000006 23.299913847451442 22.55808619238845
-86.5 23.29878522272327 22.556827797652875
-86.0 23.297674250746905 22.555567568275073
-85.50000000000006 23.296557149227844 22.554318756779388
-85.0 23.295454375197227 22.553084503673592
-84.5 23.294352396139114 22.55183003930934
-84.00000000000006 23.293270371378977 22.550597156148974
-83.5 23.292184669009842 22.54936930418935
-83.0 23.291105541248815 22.54814575533978
-82.50000000000006 23.29004803808595 22.546922551122115
-82.0 23.28898455490942 22.545710628784136
-81.5 23.287935691185638 22.544493059447476
-81.00000000000006 23.286889642825322 22.543285187235412
-80.5 23.28584963003218 22.542083533610317
-80.0 23.284820743560708 22.540881161591145
-79.50000000000006 23.283804016568975 22.539683867238963
-79.0 23.28278790628262 22.538500953773045
-78.5 23.28177661095324 22.537314216874364
-78.0 23.280770802518127 22.536135075446424
-77.5 23.279776885819054 22.534958017000335
-77.0 23.278795527912905 22.533789266828084
-76.5 23.277807373365835 22.5326186730381
-76.0 23.276835036776724 22.531448881724565
-75.5 23.275875996304663 22.530292426107756
-75.0 23.274918509902484 22.52914839461111
-74.5 23.273952291383956 22.527987301461096
-74.0 23.273000427828173 22.526838857909265
-73.5 23.272070014731447 22.5256996922965
-73.0 23.271118173706647 22.52455615950478
-72.5 23.27019646953234 22.523426064328255
-72.0 23.269266154970047 22.52228209314987
-71.5 23.268356532229074 22.521162478954455
-71.0 23.26743712704532 22.52003396009332
-70.5 23.26652047834752 22.51891523408759
-70.0 23.265632831375665 22.517803583432745
-69.5 23.264740081286554 22.51669255424329
-69.0 23.263848946545536 22.515580036293038
-68.5 23.26296888479416 22.514468319888117
-68.0 23.262091277462936 22.513374720406738
-67.5 23.261228197779822 22.512277326128206
-67.0 23.26036722272145 22.511189776789177
-66.5 23.25950387048325 22.510108440129454
-66.0 23.25866162977249 22.509018746551455
-65.5 23.25781420357074 22.50793284988307
-65.0 23.256975226087953 22.50685777796077
-64.5 23.256139393753106 22.505782941238145
-64.0 23.25533532321666 22.504716886195663
-63.5 23.25450379547071 22.503655873045936
-63.0 23.25370686554553 22.502591887042772
-62.5 23.252893715980683 22.501542719317737
-62.0 23.25209277587914 22.50049304998287
-61.5 23.251307545487098 22.499442596663993
-61.0 23.25052319081877 22.498400582886813
-60.5 23.249745461392184 22.497362376895488
-60.0 23.248973009429644 22.496320599960672
-59.5 23.248217493740093 22.4952931620051
-59.0 23.247458337270622 22.494266395919777
-58.5 23.246704287422546 22.49324165145429
-58.0 23.245964239608277 22.492228808582983
-57.5 23.245223335701862 22.49121328708794
-57.0 23.244500084846717 22.49019906054776
-56.5 23.243774183230652 22.48919002698208
