FastTrWP/PhaseSpace/IAs/snIa_0.52_30.00_-0.18_-0.05.csv
# %ECSV 0.9
# ---
# datatype:
# - {name: time-rel, datatype: float64}
# - {name: g, datatype: float64}
# - {name: i, datatype: float64}
# schema: astropy-2.0
time-rel g i
[from data line 363]
-214.0 24.17835060684943 23.327393724359027
-213.5 24.173849112643463 23.324412067263456
-213.0 24.169371439950687 23.321446210614653
-212.5 24.164907507461415 23.31847920425126
-212.0 24.160445409400705 23.315506451423328
-211.5 24.15599791747851 23.31255828518033
-211.0 24.151544701690895 23.30961100213853
-210.5 24.14710987550178 23.306654093227866
-210.0 24.14266866698798 23.303707311082576
-209.5 24.138275818181675 23.30078553641464
-209.0 24.133840929434772 23.29784301158552
-208.5 24.129446363999875 23.294910144676134
-208.0 24.125053332101526 23.29197305276327
-207.5 24.120658205660938 23.289059889330233
-207.0 24.116266305866347 23.286152049217318
-206.5 24.111892990096997 23.283240076375176
-206.0 24.107527674175127 23.280344115605686
-205.5 24.103158238070826 23.2774312792775
-205.0 24.09881489777186 23.2745294459114
-204.5 24.09447000775675 23.271636065388094
-204.0 24.090130065466155 23.26875049552894
-203.5 24.085789992540153 23.26586955169055
-203.0 24.081490143215834 23.262985010998737
-202.5 24.077156545515514 23.260101714552665
-202.0 24.072846609851553 23.257239763724034
-201.5 24.06853442910034 23.254350752646722
-201.0 24.06424572219342 23.25149597774665
-200.5 24.05996249520982 23.24863223492364
-200.0 24.05568511602485 23.245768905954986
-199.5 24.05139922406601 23.24291959074352
-199.0 24.047145859596238 23.24006502768281
-198.5 24.042865401288562 23.237229710498305
-198.0 24.038619958442702 23.234376229663795
-197.5 24.034374549263067 23.23153936753965
-197.0 24.03013965791768 23.22870737873121
-196.5 24.02590575711036 23.225880311495747
-196.0 24.021672839100596 23.223058604595717
-195.5 24.017471149849207 23.22021971077728
-195.0 24.013242066097746 23.21740546538345
-194.5 24.009051284177644 23.214595963636654
-194.0 24.004840833730157 23.211785486601485
-193.5 24.000654535087488 23.208983016867816
-193.00000000000006 23.99645530126967 23.206178299853054
-192.5 23.99228919414513 23.20336945341447
-192.0 23.988105107223724 23.200577023968556
-191.50000000000006 23.98393696703204 23.19777923720595
-191.0 23.979779037839783 23.194991073766932
-190.5 23.975630274629328 23.1922025178267
-190.00000000000006 23.971479866008963 23.189424114233923
-189.5 23.96735328719472 23.186647541078393
-189.0 23.963200446373175 23.18385655729155
-188.50000000000006 23.95907839517287 23.18109055562442
-188.0 23.95495083019153 23.178327956517258
-187.5 23.950840339924575 23.175560338989083
-187.00000000000006 23.94672929901936 23.172789373339114
-186.5 23.942603317211216 23.170027130629972
-186.0 23.93848198095364 23.167259219167228
-185.50000000000006 23.93433607496386 23.16449505355818
-185.0 23.93020322884061 23.161726904752307
-184.5 23.926074125309015 23.15896037782814
-184.00000000000006 23.921926302856818 23.15619541155387
-183.5 23.917784498823423 23.153422962300656
-183.0 23.91361622061645 23.1506544028727
-182.50000000000006 23.90946302704716 23.147884719103157
-182.0 23.90530625798061 23.14512303227597
-181.5 23.901164839983508 23.142352409793197
-181.00000000000006 23.89700685136074 23.139596831904818
-180.5 23.892845581806043 23.136828886990767
-180.0 23.888684746675786 23.134061716204926
-179.50000000000006 23.884546281662537 23.131307897517374
-179.0 23.880401244611008 23.12855195502816
-178.5 23.87625147836845 23.12579524872279
-178.00000000000006 23.87211637493301 23.123044803671835
-177.5 23.867968497146034 23.12029106457071
-177.0 23.86383442643669 23.117546742054795
-176.50000000000006 23.859706019986685 23.11480407822865
-176.0 23.85556909862743 23.11206035320557
-175.5 23.851475381995755 23.10932386869268
-175.00000000000006 23.84734504224896 23.106581327046158
-174.5 23.84326061960411 23.10386107654928
-174.0 23.83916070420807 23.10112765668766
-173.50000000000006 23.83508283517037 23.0984060530904
-173.0 23.830997357970787 23.095685961803277
-172.5 23.826938069284004 23.092986955744333
-172.00000000000006 23.82288660441916 23.09027444448145
-171.5 23.818820616321293 23.087571854637904
-171.0 23.814792268843263 23.084867904931524
-170.50000000000006 23.81078078812001 23.082181479709302
-170.0 23.806762624672132 23.079488369557993
-169.5 23.80277096226903 23.076803947803516
-169.00000000000006 23.79877101460954 23.074127918998897
-168.5 23.79479638540646 23.071447839782273
-168.0 23.790845244286153 23.068795607106125
-167.50000000000006 23.786904187099367 23.066137000649462
-167.0 23.78296805099414 23.063484702376908
-166.5 23.77905417760712 23.060834641958593
-166.00000000000006 23.775152142775763 23.058194294068144
-165.5 23.771265876279486 23.055570263449038
-165.0 23.76740586574696 23.052950926933118
-164.50000000000006 23.763546600636055 23.05032387952638
-164.0 23.759714909428492 23.047716482182608
-163.5 23.755908611400237 23.04511858799572
-163.00000000000006 23.752090662730257 23.042520741987293
-162.5 23.748310861422482 23.03992601794227
-162.0 23.7445537401276 23.037354833067532
-161.50000000000006 23.7407902112922 23.034782484204975
-161.0 23.737075706432115 23.032218925522287
-160.5 23.73336053561433 23.029667041704492
-160.00000000000006 23.729688397348234 23.027119818523932
-159.5 23.726015515771387 23.024580584294526
-159.0 23.722359529883406 23.022059290152733
-158.50000000000006 23.71874268636615 23.019533124219578
-158.0 23.71512402739419 23.01702209586539
-157.5 23.711543766473696 23.014521736065532
-157.00000000000006 23.707983585901353 23.012028733771114
-156.5 23.704440890049 23.009552131507004
-156.0 23.70092910362291 23.007072547351783
-155.50000000000006 23.697430179560936 23.004610315256684
-155.0 23.693958115733402 23.00215637426911
-154.5 23.69051099400343 22.99971959082681
-154.00000000000006 23.687080555330553 22.997282428234286
-153.5 23.683677174762522 22.994854121501337
-153.0 23.68030975412153 22.992431633114666
-152.50000000000006 23.676941581562595 22.990044304749176
-152.0 23.673610136859086 22.987647343140743
-151.5 23.670309309099654 22.985270627407957
-151.00000000000006 23.667031810157873 22.98289384401619
-150.5 23.663771146588225 22.980547021045194
-150.0 23.660532873002694 22.978182521498173
-149.50000000000006 23.657288078524488 22.975838295629664
-149.0 23.65406791592264 22.973494741213635
-148.5 23.650831908664458 22.971157922890146
-148.00000000000006 23.64762890701225 22.968812199756904
-147.5 23.644426817538577 22.96649257769909
-147.0 23.641236375720794 22.964157868550927
-146.50000000000006 23.638060787741697 22.961833171945102
-146.0 23.634886642834356 22.95951479856404
-145.5 23.631719081187104 22.957203643445183
-145.00000000000006 23.62856064018382 22.95489541312753
-144.5 23.625418384108702 22.952598249561795
-144.0 23.6222799660705 22.950301636608636
-143.50000000000006 23.619163142803387 22.94801134209834
-143.0 23.616054297125075 22.945726449063876
-142.5 23.612944916505107 22.943449308495225
-142.00000000000006 23.609859175593847 22.941186224977443
-141.5 23.606783482841006 22.938917206405456
-141.0 23.603718848454417 22.93664472463221
-140.50000000000006 23.60066475726013 22.934390883579322
-140.0 23.597629185473895 22.932144256311897
-139.5 23.59459134509123 22.929888578139828
-139.00000000000006 23.591562068328095 22.927651129461125
-138.5 23.588570535991522 22.925420335983674
-138.0 23.58557457904854 22.923192922234822
-137.50000000000006 23.582603184007862 22.920972838172304
-137.0 23.57961335417134 22.918756990110168
-136.5 23.57665651044304 22.916553150757597
-136.00000000000006 23.57372962223739 22.91434837000886
-135.5 23.5708023857177 22.91215269580276
-135.0 23.56787672892805 22.909962239954012
-134.50000000000006 23.5649712488731 22.90778435403911
-134.0 23.562092134908713 22.90560196785229
-133.5 23.55921574797353 22.90342779933767
-133.00000000000006 23.556358232346327 22.90126683215252
-132.5 23.5535047425969 22.8991164246969
-132.0 23.550671441415794 22.896956997399705
-131.50000000000006 23.547849620763323 22.89481753655613
-131.0 23.545040620741688 22.89267849333619
-130.5 23.54225620867288 22.890563792180316
-130.00000000000006 23.539482968070445 22.888432508863215
-129.5 23.536717392459728 22.886317842149914
-129.0 23.5339769209323 22.884208306610073
-128.50000000000006 23.531241483997327 22.882107104243122
-128.0 23.528526062384508 22.880011684102488
-127.5 23.52582346053407 22.87793190445479
-127.00000000000006 23.52314918027568 22.875847752605587
-126.5 23.520479848085238 22.873779210236567
-126.0 23.51782345864256 22.87171793292429
-125.50000000000006 23.515180668683247 22.869652940137097
-125.0 23.512557301688034 22.867610485984365
-124.5 23.50996363439934 22.865566377416492
-124.00000000000006 23.507360435319118 22.863529131646843
-123.5 23.504771001733257 22.86150053724199
-123.0 23.50223243344547 22.85947678500222
-122.50000000000006 23.499694738627102 22.857482534123044
-122.0 23.497170202228347 22.855465547093736
-121.5 23.49465216263428 22.853475097393368
-121.00000000000006 23.492172486918832 22.851487138373116
-120.5 23.489695161455426 22.84951355491557
-120.0 23.487230499653123 22.847531493434946
-119.50000000000006 23.48478849996393 22.845573817226903
-119.0 23.482356775345835 22.843609367423213
-118.5 23.479978522508446 22.841668824040685
-118.00000000000006 23.47757681579654 22.839732711257955
-117.5 23.475203926186627 22.837795794492028
-117.0 23.472860414812395 22.835875294650222
-116.50000000000006 23.47051480170699 22.83396143995653
-116.0 23.468209321134918 22.832050542695676
-115.5 23.465905327027134 22.83015081939277
-115.00000000000006 23.463632040944425 22.828270147411335
-114.5 23.46136309575861 22.82637952824871
-114.0 23.459117870918327 22.82451081694266
-113.50000000000006 23.45688351752851 22.82264386736699
-113.0 23.45466780130442 22.82078896293261
-112.5 23.45245759152563 22.81893986091585
-112.00000000000006 23.450268399558425 22.81709259874215
-111.5 23.44808223087606 22.81524788977716
-111.0 23.445913344953766 22.813419069153092
-110.50000000000006 23.443751090122333 22.81159245018052
-110.0 23.441610176439465 22.809762266310607
-109.5 23.439478084827915 22.807947991356304
-109.00000000000006 23.437348522279166 22.806136963191893
-108.5 23.435237987481663 22.80433014315515
-108.0 23.4331530606531 22.80254447119715
-107.50000000000006 23.431061060902998 22.8007493542351
-107.0 23.42898515603801 22.79895895972295
-106.5 23.426941002535585 22.797181660927368
-106.00000000000006 23.424887986268637 22.795405624384784
-105.5 23.422844458314263 22.79363858340679
-105.0 23.4208131672721 22.79187541204683
-104.50000000000006 23.418813038327958 22.79012128830889
-104.0 23.416818684063905 22.788363985048434
-103.5 23.414820716954043 22.78663122099598
-103.00000000000006 23.412845049351503 22.784886376490896
-102.5 23.410872647675113 22.78316446065157
-102.0 23.40893250473969 22.781435274368476
-101.50000000000006 23.406979720877136 22.779715524482693
-101.0 23.405061592783845 22.778002891773728
-100.5 23.403134101052974 22.776296406965955
-100.00000000000006 23.401222244085417 22.774585629092954
-99.5 23.399338909290076 22.772895471041835
-99.0 23.397454710257048 22.771206008961048
-98.50000000000006 23.395584134393552 22.769521600225666
-98.0 23.39371275338365 22.767836165596865
-97.5 23.39187111698612 22.766174440932705
-97.00000000000006 23.390029661763812 22.764500626214073
-96.5 23.388208870463217 22.762846679767744
-96.0 23.386397726889786 22.76118667365367
-95.50000000000006 23.3845900153271 22.759538460617822
-95.0 23.382805988786405 22.757888958704488
-94.5 23.381021558175323 22.756257207139505
-94.00000000000006 23.37926052085106 22.754619770132617
-93.5 23.37750188039822 22.75299558216469
-93.0 23.375756377467873 22.751378563658015
-92.50000000000006 23.37401472587741 22.749757455971064
-92.0 23.372304228919923 22.74815021168667
-91.5 23.37058780654906 22.74655050898724
-91.00000000000006 23.368893939562266 22.74494458390957
-90.5 23.367197243716507 22.74335452143964
-90.0 23.365525690893 22.741772335879556
-89.50000000000006 23.363874388174185 22.740191836436615
-89.0 23.362214367568924 22.738625087154126
-88.5 23.360570037546044 22.737050623635096
-88.00000000000006 23.358936225236434 22.735493128809416
-87.5 23.357326008125327 22.7339310893693
-87.0 23.35570413606022 22.732373202277948
-86.50000000000006 23.354124451677308 22.730829153821063
-86.0 23.352533318476006 22.729294028030793
-85.5 23.35095221757619 22.72775714393883
-85.00000000000006 23.349393898329925 22.72621845280272
-84.5 23.34784450295445 22.724704669858564
-84.0 23.346291820930794 22.723178096666302
-83.50000000000006 23.344762408572684 22.721660331281708
-83.0 23.34325211794829 22.720168844955957
-82.5 23.341749599449923 22.71866173067128
-82.00000000000006 23.340250204152145 22.71715604272988
-81.5 23.3387549576482 22.715667031364887
-81.0 23.337291813548944 22.71418416316404
-80.50000000000006 23.335829206662368 22.71270298847998
-80.0 23.33437533525775 22.711236748525398
-79.5 23.332936719109078 22.709757737727877
-79.00000000000006 23.331503834066684 22.70830243955193
-78.5 23.330083585678043 22.70683908071404
-78.0 23.3286786588714 22.70539635033189
-77.50000000000006 23.327286890629072 22.70394295222097
-77.0 23.325894740737763 22.702498242838388
-76.5 23.324525905768954 22.70106055909434
-76.00000000000006 23.32316596406461 22.69962423967933
-75.5 23.32180143777952 22.69820764072357
-75.0 23.320450165690268 22.696775139109995
-74.50000000000006 23.319109023281825 22.69536749323279
-74.0 23.317777842085082 22.69394726033881
-73.5 23.316455803798256 22.692547262138664
-73.00000000000006 23.31514360856534 22.691127437672655
-72.5 23.313844754781023 22.689738085412067
-72.0 23.312546931870646 22.688347469900776
-71.50000000000006 23.311266193445785 22.6869537247092
-71.0 23.309984716336217 22.685565167479588
-70.5 23.308723184365967 22.684196529652173
-70.00000000000006 23.30746912875398 22.68281465842609
-69.5 23.306219175143692 22.681442377475012
-69.0 23.304989359609483 22.680077681314298
-68.50000000000006 23.303762062887806 22.678709613710982
-68.0 23.302545970116704 22.677360024757633
-67.5 23.301324705069252 22.67601153204963
-67.00000000000006 23.300120817056445 22.67466720583464
-66.5 23.298941006391267 22.673320177849405
-66.0 23.297751611008813 22.671977815673884
-65.5 23.296588844903603 22.670651731966146
-65.0 23.29542916778482 22.669325725929887
-64.5 23.29427311932089 22.66800120945937
-64.0 23.293130652974625 22.666684508436834
-63.5 23.292004055931145 22.66536653722888
-63.0 23.290874175153906 22.664066311970053
-62.5 23.2897615005076 22.662761023464057
-62.0 23.288662984291495 22.66146380211699
-61.5 23.287566214151198 22.66016654652325
-61.0 23.286474830861327 22.658869786296503
-60.5 23.285395826474165 22.65758914196079
-60.0 23.284328530291063 22.656314236918924
-59.5 23.283285207492376 22.655051012483973
-59.0 23.282236021922948 22.653770290610012
-58.5 23.281191728446366 22.652507680138495
-58.0 23.280164291358858 22.651243806190454
-57.5 23.279151978564986 22.649995218739903
-57.0 23.278139445711858 22.64873668546539
-56.5 23.27714036897399 22.647490691191955
-56.0 23.276145340369993 22.646251001554973
-55.5 23.27517016239909 22.645019220503112
-55.0 23.27421126953928 22.643780466095293
-54.5 23.273241964032287 22.64255981572758
-54.0 23.272293442789405 22.64133757013083
-53.5 23.271360847294687 22.64012220207928
-53.0 23.270433304232835 22.638909866943546
-52.5 23.26951423488564 22.63769937326608
-52.0 23.26860446229454 22.636496482178853
-51.5 23.267704120205046 22.63529781231053
-51.0 23.266817971828257 22.634110140709648
-50.5 23.265934744221713 22.63291757974433
-50.0 23.265057467189667 22.6317371946717
-49.5 23.264210678765505 22.63055076143788
-49.0 23.26335819478966 22.629379813466915
-48.5 23.26251029911861 22.628214264540283
-48.0 23.26169065230512 22.627047931306553
-47.5 23.26086449312865 22.625894176772512
-47.0 23.260050410006773 22.62474463122293
-46.5 23.259255127644035 22.623588140531645
-46.0 23.258467138852804 22.622443128597098
-45.5 23.257686171960195 22.62130223974843
