FastTrWP/PhaseSpace/IAs/snIa_0.52_30.00_-1.94_0.15.csv
# %ECSV 0.9
# ---
# datatype:
# - {name: time-rel, datatype: float64}
# - {name: g, datatype: float64}
# - {name: i, datatype: float64}
# schema: astropy-2.0
time-rel g i
[from data line 579]
572.3541666666666 23.756069143091757 22.420762708401444
572.8541666666666 23.756002566952237 22.419718485089962
573.3541666666666 23.75594264719478 22.418674083613226
573.8541666666666 23.755890097533126 22.41764070049902
574.3541666666666 23.755839751831704 22.416604357306777
574.8541666666666 23.755798694183294 22.415575279988126
575.3541666666666 23.755763429994783 22.414562093826817
575.8541666666666 23.755730191291264 22.413537745293443
576.3541666666666 23.75571124743647 22.412519448491636
576.8541666666666 23.755672548225178 22.411515644750367
577.3541666666666 23.755662682387882 22.41050571002864
577.8541666666666 23.75564411003936 22.40949961729454
578.3541666666666 23.755632335021044 22.408509798354785
578.8541666666666 23.755642435138334 22.407509642027975
579.3541666666666 23.755635849170964 22.40652154458202
579.8541666666666 23.7556378184267 22.405535077443144
580.3541666666666 23.75565933097962 22.40455102611186
580.8541666666666 23.755665044351254 22.40357436561422
581.3541666666666 23.755679037442995 22.40260135362455
581.8541666666666 23.75571171305549 22.401630635044825
582.3541666666666 23.755722471993064 22.400668435409127
582.8541666666666 23.755746480371318 22.39970653063166
583.3541666666666 23.755778928909542 22.398748768021342
583.8541666666666 23.75581189456674 22.397786524856457
584.3541666666666 23.755828515804676 22.396839073980523
584.8541666666666 23.755864984887936 22.395892756788818
585.3541666666666 23.755909203209153 22.39495216765765
585.8541666666666 23.75595538006371 22.39400967893755
586.3541666666666 23.756005194646047 22.39307995769549
586.8541666666666 23.75604845996403 22.39215003512872
587.3541666666666 23.756110698282953 22.391217661974853
587.8541666666666 23.756187368400195 22.390300247608504
588.3541666666666 23.75624066835396 22.389377977168046
588.8541666666666 23.756311169339874 22.388463398492554
589.3541666666666 23.756394386867967 22.38754916352775
589.8541666666666 23.75646571004299 22.386634886429796
590.3541666666666 23.756560545332775 22.385734715196286
590.8541666666666 23.756643547165808 22.38483442102478
591.3541666666666 23.756751399409687 22.38392973908622
591.8541666666666 23.75685629532756 22.38303688365962
592.3541666666666 23.756958684515777 22.382149455722498
592.8541666666666 23.757065341423647 22.38125996299722
593.3541666666666 23.75719390674029 22.38037604250927
593.8541666666666 23.75731267872322 22.379491090155405
594.3541666666666 23.757448075071803 22.378614661578894
594.8541666666666 23.757572420248362 22.377741211704777
595.3541666666666 23.757721527091114 22.376875349591813
595.8541666666666 23.75786567929374 22.376007896697026
596.3541666666666 23.75801399223784 22.37514977117857
596.8541666666666 23.758176244609047 22.374284409351752
597.3541666666666 23.758332491254595 22.373436443929858
597.8541666666666 23.75850318538781 22.372577553460875
598.3541666666666 23.758676174185503 22.371735891743874
598.8541666666666 23.758860640758897 22.370891085076508
599.3541666666666 23.759037580171057 22.37004293021169
599.8541666666666 23.759224557668087 22.369214927652795
600.3541666666666 23.75942319384652 22.368379174757607
600.8541666666666 23.759631764244276 22.367556006249444
601.3541666666666 23.759824741647044 22.366728867523733
601.8541666666666 23.760042556573712 22.365904473649564
602.3541666666666 23.760259303687373 22.365092002069144
602.8541666666666 23.760464377281643 22.3642704817831
603.3541666666666 23.76070765088378 22.363466126620104
603.8541666666666 23.76093925087578 22.362658123016914
604.3541666666666 23.761175868190417 22.361857876518037
604.8541666666666 23.761432889121323 22.361059659585912
605.3541666666666 23.761679074650594 22.36026303972696
605.8541666666666 23.761931792219748 22.35947536569098
606.3541666666666 23.76219612244331 22.358689017241286
606.8541666666666 23.762471044059673 22.3579061163934
607.3541666666666 23.76273495848933 22.35712671323233
607.8541666666666 23.76301578681918 22.356350158435788
608.3541666666666 23.763299640637005 22.355581233669643
608.8541666666666 23.763593509121797 22.35481027345655
609.3541666666666 23.76389578674577 22.354047622865068
609.8541666666666 23.764195239383117 22.35329519597748
610.3541666666666 23.764516751569353 22.352535871287095
610.8541666666666 23.764818501113105 22.35178645500411
611.3541666666666 23.765146492748464 22.351033708884835
611.8541666666666 23.765467870804024 22.35029233840666
612.3541666666666 23.76580354782256 22.34954626513317
612.8541666666666 23.76615291510314 22.34881729077022
613.3541666666666 23.766502860910016 22.34808527563731
613.8541666666666 23.76684205428775 22.34734821624176
614.3541666666666 23.767203669999727 22.34663412765196
614.8541666666666 23.767573902324933 22.345912370789517
615.3541666666666 23.767940896530657 22.345196599578998
615.8541666666666 23.76832727326949 22.34448544792718
616.3541666666666 23.768705607363664 22.34377332902276
616.8541666666666 23.76908975343106 22.34307488174548
617.3541666666666 23.769501828470712 22.342371725809716
617.8541666666666 23.769887315043434 22.341676534069318
618.3541666666666 23.77029022665273 22.340985143757486
618.8541666666666 23.770717050853957 22.34030026981376
619.3541666666666 23.771139408261377 22.339614877899074
619.8541666666666 23.77156731391926 22.338936202892118
620.3541666666666 23.77198872629006 22.338261847041345
620.8541666666666 23.77244534203118 22.337591794053644
621.3541666666666 23.772876915488773 22.33692241792195
621.8541666666666 23.773340337209085 22.336264366712555
622.3541666666666 23.773802242088852 22.33560455773715
622.8541666666666 23.774269116706527 22.33494439205277
623.3541666666666 23.77473664162543 22.334294855383433
623.8541666666666 23.77521775573416 22.333648487124588
624.3541666666666 23.775704295879414 22.333000197089316
624.8541666666666 23.77618698473629 22.332356045079162
625.3541666666666 23.776681555701025 22.33172577563696
625.8541666666666 23.777185707006453 22.33108735457474
626.3541666666666 23.777693920078306 22.330455543093272
626.8541666666666 23.778209377428375 22.329831859762137
627.3541666666666 23.778728643732858 22.329208273914205
627.8541666666666 23.779257291525212 22.328583773172404
628.3541666666666 23.779787020897434 22.32796641228768
628.8541666666666 23.780330679595956 22.327354758868317
629.3541666666666 23.78087657536238 22.326751100779717
629.8541666666666 23.78142546303696 22.326136117988902
630.3541666666666 23.78197810141335 22.32554087010638
630.8541666666666 23.78254286940217 22.324938417537886
631.3541666666666 23.78311935346321 22.324343854490838
631.8541666666666 23.78369146295805 22.32375388845547
632.3541666666666 23.784276609941166 22.32316195575079
632.8541666666666 23.7848700843133 22.32257866791099
633.3541666666666 23.785445505025343 22.322000616743086
633.8541666666666 23.786057706189276 22.3214204315639
634.3541666666666 23.786669316209675 22.320850375629128
634.8541666666666 23.78727950304517 22.320275580536237
635.3541666666666 23.787887186176974 22.319710703281928
635.8541666666666 23.7885124383855 22.31914636966781
636.3541666666666 23.789156271326384 22.318591177749425
636.8541666666666 23.789787972762852 22.31803200207896
637.3541666666666 23.79045128766494 22.317476142820425
637.8541666666666 23.791087097463727 22.316936488182066
638.3541666666666 23.791756408771526 22.316382640816897
638.8541666666666 23.792422309012807 22.31584071263295
639.3541666666666 23.793077744417417 22.315303970035828
639.8541666666666 23.793773758052396 22.31477018615301
640.3541666666666 23.794451567909213 22.31423891218739
640.8541666666666 23.79515722654105 22.3137171146284
641.3541666666666 23.795843007157977 22.31318809454291
641.8541666666666 23.79654535910131 22.312670417176562
642.3541666666666 23.797255954659914 22.312159881677907
642.8541666666666 23.797982010937126 22.311647270313077
643.3541666666666 23.79870343623502 22.311131837603494
643.8541666666666 23.799434392751838 22.310630900868013
644.3541666666666 23.800165725096164 22.31013364836299
644.8541666666666 23.800905487717525 22.309635125945924
645.3541666666666 23.801670917252533 22.3091395038343
645.8541666666666 23.802438694074684 22.308654358856273
646.3541666666666 23.803198194136712 22.308163181136557
646.8541666666666 23.803969004914272 22.307687284343736
647.3541666666666 23.804742507919826 22.30720496821946
647.8541666666666 23.80552569870472 22.30673456803364
648.3541666666666 23.806326573131575 22.306264124171257
648.8541666666666 23.807132525934236 22.305795109086482
649.3541666666666 23.80794209486737 22.30533186770011
649.8541666666666 23.808746004039136 22.304873757895315
650.3541666666666 23.809563796423248 22.30441593831098
650.8541666666666 23.810391492949556 22.303968206931497
651.3541666666666 23.811232048098606 22.303516663898964
651.8541666666666 23.81206129880029 22.30307797100256
652.3541666666666 23.812920026886847 22.302632224107786
652.8541666666666 23.813785158942828 22.302199329243212
653.3541666666666 23.81465085891927 22.301763249503775
653.8541666666666 23.815523802315283 22.301341455240493
654.3541666666666 23.816399046659775 22.300913405445325
654.8541666666666 23.81729919789279 22.300490640776516
655.3541666666666 23.81817026709145 22.300078002572278
655.8541666666666 23.81907816855767 22.29966670391353
656.3541666666666 23.819988858232456 22.299253047894023
656.8541666666666 23.82090425913677 22.29885011621786
657.3541666666666 23.821819683317482 22.29844744475178
657.8541666666666 23.822758283656636 22.298055452867196
658.3541666666666 23.82369120756616 22.297663437219928
658.8541666666666 23.824652013161284 22.297269126448462
659.3541666666666 23.825603009479597 22.296890067926725
659.8541666666666 23.826566054674323 22.29650497896324
660.3541666666666 23.827543187964206 22.296131156480975
660.8541666666666 23.828527468831197 22.295754087947724
661.3541666666666 23.829522971355512 22.295393026280735
661.8541666666666 23.830539850840537 22.29502718278328
662.3541666666666 23.831565625187075 22.294664138342526
662.8541666666666 23.832594190433518 22.294317397830458
663.3541666666666 23.833633204911916 22.293966340476036
663.8541666666666 23.834683843524815 22.2936157062692
664.3541666666666 23.8357436031299 22.293273406974926
664.8541666666666 23.836819353818797 22.292932617899666
665.3541666666666 23.837891802753404 22.292602090230837
665.8541666666666 23.838979874524895 22.292268608110206
666.3541666666666 23.84007662686592 22.291940573661492
666.8541666666666 23.841183470256443 22.291621776987263
667.3541666666666 23.84229911456191 22.2913004399763
667.8541666666666 23.84342280199306 22.290982647599936
668.3541666666666 23.844546276735116 22.290675521919432
668.8541666666666 23.845692185040143 22.29036684250733
669.3541666666666 23.84684401970808 22.290064695059286
669.8541666666666 23.84799879001596 22.289762164949064
670.3541666666666 23.8491703471994 22.28946867187217
670.8541666666666 23.850327061972536 22.289173739974395
671.3541666666666 23.851518878360057 22.288887060888875
671.8541666666666 23.85269626449348 22.288596075082946
672.3541666666666 23.85390098004339 22.28831864892331
672.8541666666666 23.85510351016808 22.288033703111942
673.3541666666666 23.85632336841629 22.28775583239104
673.8541666666666 23.857534687873535 22.28748435290697
674.3541666666666 23.858758664608587 22.287212035919065
674.8541666666666 23.85999310039375 22.28694754927386
675.3541666666666 23.86123833982795 22.286687881033828
675.8541666666666 23.862474791435307 22.286427649676696
676.3541666666666 23.863732502241056 22.28617017551958
676.8541666666666 23.86498827711835 22.28591713531099
677.3541666666666 23.866249456789255 22.285665345952058
677.8541666666666 23.86752083762471 22.285423315070435
678.3541666666666 23.8688087672362 22.285177971893656
678.8541666666666 23.870087943150132 22.284941997570943
679.3541666666666 23.871368727382247 22.284701510588718
679.8541666666666 23.872651620803197 22.28447344838583
680.3541666666666 23.873951833328896 22.284238832326018
680.8541666666666 23.87527262748055 22.284012022227397
681.3541666666666 23.87656947954458 22.283784205890594
681.8541666666666 23.877880425048794 22.283563554189282
682.3541666666666 23.87920349113862 22.283337333337517
682.8541666666666 23.88051987194245 22.283126728181628
683.3541666666666 23.881851392240414 22.282915796645092
683.8541666666666 23.883185128247764 22.28269015357368
684.3541666666666 23.884527611233853 22.282482581470923
684.8541666666666 23.885840762685003 22.282274890746002
685.3541666666666 23.887199407541303 22.282069248118503
685.8541666666666 23.88853595112416 22.28187200382267
686.3541666666666 23.889896652753425 22.281674153074015
686.8541666666666 23.891245700654572 22.2814789183659
687.3541666666666 23.892588122131965 22.281285124985068
687.8541666666666 23.89396111621373 22.28109079682237
688.3541666666666 23.89531725655833 22.28090208410474
688.8541666666666 23.896683549865436 22.280713154684648
689.3541666666666 23.89804183645833 22.280534058795073
689.8541666666666 23.899417145056418 22.280351385907807
690.3541666666666 23.900784824865433 22.28017195804152
690.8541666666666 23.90215992634611 22.279995901308713
691.3541666666666 23.903548173490332 22.279816210482004
691.8541666666666 23.90492026733351 22.279646288160407
692.3541666666666 23.906296322028176 22.27948464140033
692.8541666666666 23.907683175364358 22.279306767331683
693.3541666666666 23.90906070169235 22.27914545292325
693.8541666666666 23.910441037624285 22.278969978082365
694.3541666666666 23.911854457829307 22.27881485695014
