FastTrWP/PhaseSpace/IAs/snIa_0.32_30.00_1.56_-0.01.csv
# %ECSV 0.9
# ---
# datatype:
# - {name: time-rel, datatype: float64}
# - {name: g, datatype: float64}
# - {name: i, datatype: float64}
# schema: astropy-2.0
time-rel g i
[from data line 864]
581.8541666666666 22.719433814257638 22.630684912958166
582.3541666666666 22.71934260829779 22.630082880776307
582.8541666666666 22.719256608007093 22.629492274934456
583.3541666666666 22.719176157870514 22.628907704593107
583.8541666666666 22.719099788150153 22.628312738577243
584.3541666666666 22.719027090992142 22.62771758419909
584.8541666666666 22.71895384983437 22.627137957831252
585.3541666666666 22.71889224740675 22.626556672422673
585.8541666666666 22.71882473272452 22.625975062037607
586.3541666666666 22.718764478119002 22.62538976614271
586.8541666666666 22.718700249194363 22.624824527518463
587.3541666666666 22.718644731818497 22.62424737375639
587.8541666666666 22.718601128566682 22.6236733117307
588.3541666666666 22.718553838135772 22.623108949338985
588.8541666666666 22.718510527821163 22.622540127659093
589.3541666666666 22.718461641028377 22.621975909649798
589.8541666666666 22.718424322662486 22.621409263183253
590.3541666666666 22.71838173388214 22.620846966917686
590.8541666666666 22.718352081023653 22.620286189531306
591.3541666666666 22.71831633674934 22.619724966128683
591.8541666666666 22.718284765460982 22.619167728778756
592.3541666666666 22.718248476425877 22.61861631116036
592.8541666666666 22.718228446657637 22.618054089295878
593.3541666666666 22.7181988106273 22.617501304605817
593.8541666666666 22.71817596069651 22.616946101251955
594.3541666666666 22.718148327897246 22.6164065224607
594.8541666666666 22.71813140606193 22.615845769738762
595.3541666666666 22.718105767467858 22.61530247051736
595.8541666666666 22.71808401884005 22.61476243219991
596.3541666666666 22.718068919418073 22.61421360359933
596.8541666666666 22.718051156852603 22.613666905366095
597.3541666666666 22.718037163429123 22.61312475834034
597.8541666666666 22.718024072128546 22.612577585372506
598.3541666666666 22.718010621376582 22.612034183054313
598.8541666666666 22.717993474999947 22.61148820923613
599.3541666666666 22.717971932730133 22.610938601269876
599.8541666666666 22.717969408882574 22.610404267163364
600.3541666666666 22.717963368623067 22.609865834618144
600.8541666666666 22.717952998034512 22.609322390658008
601.3541666666666 22.717947310747782 22.608794756443533
601.8541666666666 22.71794840348573 22.60825786268891
602.3541666666666 22.717948484001695 22.60772472288634
602.8541666666666 22.717957156704216 22.607202978299206
603.3541666666666 22.71796249928258 22.606669562262404
603.8541666666666 22.717976643787075 22.60614718242863
604.3541666666666 22.71797602011358 22.605612975409173
604.8541666666666 22.718005298170482 22.60510149622599
605.3541666666666 22.718014835156616 22.604574415495655
605.8541666666666 22.718030107699505 22.604050933945693
606.3541666666666 22.718052554403315 22.603533798874096
606.8541666666666 22.718086103815804 22.603024262925423
607.3541666666666 22.718112568479324 22.602508009970336
607.8541666666666 22.71815108190832 22.601993434079176
608.3541666666666 22.718183486300173 22.60147627132325
608.8541666666666 22.718213877588674 22.600972641933815
609.3541666666666 22.718252983207726 22.600468777918643
609.8541666666666 22.718301556345658 22.599961717420932
610.3541666666666 22.718337145377884 22.599454719063303
610.8541666666666 22.718387689026077 22.598956585414506
611.3541666666666 22.71843672370666 22.5984543224414
611.8541666666666 22.71849225255421 22.597950540132814
612.3541666666666 22.718552230558306 22.59746532737868
612.8541666666666 22.71860506795978 22.596967900579877
613.3541666666666 22.718665463866493 22.596478203122587
613.8541666666666 22.71872737638118 22.595985226922476
614.3541666666666 22.718802782897292 22.595493837660158
614.8541666666666 22.718870880980383 22.59500008364804
615.3541666666666 22.718943669082776 22.594524037023987
615.8541666666666 22.71902194728672 22.59403194919407
616.3541666666666 22.719101973602093 22.59355534092719
616.8541666666666 22.719180518861812 22.593073139227574
617.3541666666666 22.719265416821326 22.59260451904399
617.8541666666666 22.71934798527416 22.592121829449656
618.3541666666666 22.719440129805474 22.591655761089985
618.8541666666666 22.719536133843214 22.59117554198728
619.3541666666666 22.7196323842773 22.590713706704555
619.8541666666666 22.71973044339851 22.590244113937942
620.3541666666666 22.719829624914034 22.589777143877576
620.8541666666666 22.719933033340432 22.589312784517347
621.3541666666666 22.720046563898308 22.58885369197078
621.8541666666666 22.7201583459629 22.588391027184226
622.3541666666666 22.720269564083523 22.587936803147738
622.8541666666666 22.72038104284418 22.587478414186343
623.3541666666666 22.720502864568278 22.587022899259747
623.8541666666666 22.720626536703804 22.586573290033503
624.3541666666666 22.72075729571298 22.586128040474943
624.8541666666666 22.720882062945797 22.58567857476937
625.3541666666666 22.72101756788851 22.58523051143239
625.8541666666666 22.721142378313765 22.584788291494434
626.3541666666666 22.72128943731711 22.58434850920551
626.8541666666666 22.721424240631862 22.58390985274717
627.3541666666666 22.721575187682692 22.58347335389349
627.8541666666666 22.721722745143516 22.583032798643
628.3541666666666 22.721872456263313 22.582593054332275
628.8541666666666 22.72202442159463 22.582166877641576
629.3541666666666 22.72217942087338 22.58173750099001
629.8541666666666 22.72234382974695 22.581308876448716
630.3541666666666 22.722508218922894 22.580890058896607
630.8541666666666 22.72267321537167 22.580466994351262
631.3541666666666 22.722845970511372 22.58004643123728
631.8541666666666 22.723018624522908 22.579622657698074
632.3541666666666 22.72319018709265 22.57920482438304
632.8541666666666 22.723374556556898 22.578785219841713
633.3541666666666 22.723546847401494 22.57838104832436
633.8541666666666 22.72372448716018 22.577967481299464
634.3541666666666 22.723916871128385 22.57755318508948
634.8541666666666 22.724107570634004 22.57714280775792
635.3541666666666 22.724301625434077 22.57674185396093
635.8541666666666 22.72449774088598 22.57633113490998
636.3541666666666 22.724693076392896 22.575922786173596
636.8541666666666 22.724893246812496 22.575530119126732
637.3541666666666 22.725100680673783 22.575120856513035
637.8541666666666 22.725306035042102 22.57472702697623
638.3541666666666 22.725514613992 22.574337694551332
638.8541666666666 22.725724392769635 22.573939745202487
639.3541666666666 22.725955769605136 22.573550621639104
639.8541666666666 22.726172254815346 22.573151927525682
640.3541666666666 22.726392917091587 22.57276397896495
640.8541666666666 22.726616290835224 22.572381968082343
641.3541666666666 22.72683994917804 22.571996656148478
641.8541666666666 22.727068584619843 22.571613318188653
642.3541666666666 22.727307833166655 22.571233627612678
642.8541666666666 22.72754704432407 22.5708526661351
643.3541666666666 22.727790565344588 22.570470250459312
643.8541666666666 22.728027035356977 22.570102205819822
644.3541666666666 22.728276453953754 22.56972953054433
644.8541666666666 22.728520157770436 22.56934988380585
645.3541666666666 22.72877605242101 22.568990997658574
645.8541666666666 22.729029838069167 22.56862370595279
646.3541666666666 22.729285864356243 22.568256514401813
646.8541666666666 22.72955335750074 22.567889246426933
647.3541666666666 22.729811957731844 22.567535184230564
647.8541666666666 22.73007649649007 22.567168354496765
648.3541666666666 22.730349123653674 22.56680914330021
648.8541666666666 22.730633703984154 22.56645490171318
649.3541666666666 22.730906073366206 22.566095857232106
649.8541666666666 22.73118735794981 22.565747200339086
650.3541666666666 22.73147167631841 22.565394180188548
650.8541666666666 22.731758669353415 22.565044619750267
651.3541666666666 22.7320515145327 22.56470377333631
651.8541666666666 22.732348217281917 22.564359403779765
652.3541666666666 22.732644409059816 22.564021202626122
652.8541666666666 22.732937470841165 22.56367221697399
653.3541666666666 22.73323919218171 22.563341424252524
653.8541666666666 22.733544323848275 22.56299596513807
654.3541666666666 22.73385533736853 22.56266902289469
654.8541666666666 22.734163426539062 22.562333480284945
655.3541666666666 22.734488099200885 22.562007051763302
655.8541666666666 22.734803492409895 22.561685683543452
656.3541666666666 22.73512923364911 22.561348646953977
656.8541666666666 22.735451451269704 22.5610300453435
657.3541666666666 22.735787977354377 22.560716727790073
657.8541666666666 22.73611118040726 22.560390884233964
658.3541666666666 22.736445811963996 22.5600673502922
658.8541666666666 22.736786796522765 22.559757062073132
659.3541666666666 22.73712333058219 22.559448773080742
659.8541666666666 22.737473237963016 22.559135172975402
660.3541666666666 22.73782280030901 22.55882424653839
660.8541666666666 22.738174730670767 22.55851594558319
661.3541666666666 22.738535421652813 22.558213266596677
661.8541666666666 22.738886948940884 22.557905563085665
662.3541666666666 22.739252368112467 22.557606599630475
662.8541666666666 22.7396036266695 22.557312266959308
663.3541666666666 22.739986764813104 22.55701511095209
663.8541666666666 22.740365455511125 22.55672107844007
664.3541666666666 22.740740351534356 22.556420625902128
664.8541666666666 22.741120024781427 22.556133342891908
665.3541666666666 22.741512254759648 22.5558453841376
665.8541666666666 22.741896466847358 22.555554317040198
666.3541666666666 22.742292946055652 22.555275356555427
666.8541666666666 22.742686859222335 22.554994341109563
667.3541666666666 22.74309151292142 22.554707857869122
667.8541666666666 22.74350751581941 22.554435815006467
668.3541666666666 22.74391075595706 22.554148652496497
668.8541666666666 22.744332278100856 22.553875114197844
669.3541666666666 22.74474139281624 22.553602134420238
669.8541666666666 22.745164169496142 22.553336459132545
670.3541666666666 22.745583127301895 22.553056894590014
670.8541666666666 22.746023116102233 22.55279429062292
671.3541666666666 22.746449268885303 22.55252411175867
671.8541666666666 22.74688646732848 22.55226123272122
672.3541666666666 22.747330464124968 22.552001839662132
672.8541666666666 22.747772526678855 22.551741967225418
673.3541666666666 22.748207540522067 22.551477195384074
673.8541666666666 22.748653843161645 22.55122494281671
674.3541666666666 22.749116444304573 22.550964720028112
674.8541666666666 22.749573333446136 22.550719183373364
675.3541666666666 22.750025147309966 22.550466427200675
675.8541666666666 22.75048490833745 22.55021927262598
676.3541666666666 22.75095590127929 22.54997384983579
676.8541666666666 22.751421009053935 22.549718992536192
677.3541666666666 22.751895423338762 22.549487963745705
677.8541666666666 22.752368796459738 22.54923901057314
678.3541666666666 22.75283868990226 22.54900606919124
678.8541666666666 22.753323059667757 22.548766670685822
679.3541666666666 22.753800133721043 22.548532808228256
679.8541666666666 22.754284804542714 22.54829696554093
680.3541666666666 22.75477930730432 22.548069986211917
680.8541666666666 22.755261870318932 22.54783931346917
681.3541666666666 22.755755949621857 22.54761498253917
681.8541666666666 22.756248979498174 22.54738733062027
682.3541666666666 22.756746822947697 22.54716196328993
682.8541666666666 22.75724692861389 22.54695103997577
683.3541666666666 22.75775437121556 22.546729397622723
683.8541666666666 22.75825126994686 22.546507756244143
684.3541666666666 22.7587655558133 22.546292266165366
684.8541666666666 22.75927024889075 22.54609109794879
685.3541666666666 22.759776605727854 22.54587706390207
685.8541666666666 22.760297925612292 22.54566724047782
686.3541666666666 22.760807457127562 22.54545821857443
686.8541666666666 22.761328796011128 22.545255709539546
687.3541666666666 22.76184593334412 22.545062692457485
687.8541666666666 22.762376614007014 22.544855842427474
688.3541666666666 22.762895688153435 22.544655995575784
688.8541666666666 22.76342421867728 22.544458357517726
689.3541666666666 22.763947612225365 22.54427253724738
689.8541666666666 22.76447302298528 22.54407563471301
690.3541666666666 22.765016701998086 22.543889652877645
690.8541666666666 22.76554242840573 22.54370052679417
691.3541666666666 22.766083317224805 22.543521572932697
691.8541666666666 22.766617320230434 22.54333618185441
692.3541666666666 22.76715222420471 22.54315488190678
692.8541666666666 22.76769446599947 22.542984700293506
693.3541666666666 22.768238016280094 22.542807998804903
