FastTrWP/PhaseSpace/IAs/snIa_0.36_30.00_1.62_0.04.csv
# %ECSV 0.9
# ---
# datatype:
# - {name: time-rel, datatype: float64}
# - {name: g, datatype: float64}
# - {name: i, datatype: float64}
# schema: astropy-2.0
time-rel g i
-425.0 26.995229915451727 25.703624569670808
-424.5 26.982537443924876 25.693045984531086
-424.0 26.96986582588936 25.682461442279934
-423.5 26.957206601489837 25.67198141611074
-423.0 26.944489529899016 25.66152832439101
-422.5 26.931800883661168 25.65108254707033
-422.0 26.91905390926623 25.640692723172013
-421.5 26.906227357762408 25.63034227359457
-421.0 26.8934545222238 25.619994656885105
-420.5 26.880529904951548 25.60970173136063
-420.0 26.867643039450193 25.599391797697262
-419.5 26.854592309687384 25.58913371684362
-419.0 26.84154769876749 25.578914196981984
-418.5 26.828375265094163 25.568676092885628
-418.0 26.81519612400286 25.558473864502936
-417.5 26.801918478107453 25.54829474016214
-417.0 26.788493444531333 25.53813209037061
-416.5 26.775081965217158 25.527998885258544
-416.0 26.761448066024172 25.51791221312987
-415.5 26.74787121646741 25.507776061800662
-415.0 26.734106673389213 25.49768574983424
-414.5 26.720286585153595 25.487576825463133
-414.0 26.706299440320187 25.47750095754942
-413.5 26.692261396731777 25.467427760359158
-413.0 26.678057640097684 25.45737614892704
-412.5 26.663877448467645 25.447351915396325
-412.0 26.64950259853757 25.437286718683513
-411.5 26.635018416230714 25.42725574467172
-411.0 26.620426002825344 25.417273766308178
-410.5 26.605724582667154 25.40723645845773
-410.0 26.590867302253073 25.397230998753386
-409.5 26.575975328665766 25.387221162855525
-409.0 26.560985139657056 25.37721921468977
-408.5 26.54583472892654 25.36721801167618
-408.0 26.53061587306372 25.357228577906554
-407.5 26.51525904161966 25.347230895930643
-407.0 26.499769059074445 25.337241731974373
-406.5 26.484221444464183 25.327253353936108
-406.0 26.468592820070423 25.31727085364725
-405.5 26.452812317302772 25.307265681456048
-405.0 26.43688815511905 25.297257535227292
-404.5 26.420933078859665 25.28728221571321
-404.0 26.404874953861338 25.277310521879237
-403.5 26.388682377937357 25.26729902571895
-403.0 26.372423753516646 25.25732866625026
-402.5 26.35607392830932 25.24732357028511
-402.0 26.33970232550276 25.237338939154522
-401.5 26.323362416937435 25.227352169859497
-401.0 26.307050567287767 25.217358551882572
-400.5 26.290678725780367 25.20744300207169
-400.0 26.274328520422152 25.197484587288326
-399.5 26.2580537005947 25.18756678605171
-399.0 26.241741338126758 25.177639204624253
-398.5 26.225470300452216 25.167760946488237
-398.0 26.20926732305986 25.157876565423656
-397.5 26.193035733687697 25.14802274335549
-397.0 26.1769230962279 25.13816537908706
-396.5 26.160785843293755 25.128355255177112
-396.0 26.14473017058475 25.118558992959482
-395.5 26.12873112627981 25.108766901682777
-395.0 26.11280994078102 25.09904798426918
-394.5 26.096881473243705 25.089290965488267
-394.0 26.08102316474545 25.079600534481948
-393.5 26.065306978508733 25.069910315413356
-393.0 26.049567007276067 25.060268944551307
-392.5 26.033917696982783 25.050647413133838
-392.0 26.01833203969798 25.041048867709037
-391.5 26.002834331201854 25.031482821316636
-391.0 25.987395143226273 25.02193508335447
-390.5 25.97205229678087 25.012439957063496
-390.0 25.95674232950062 25.00297407777367
-389.5 25.941554427489528 24.993519818042987
-389.0 25.926378288523292 24.98409512796739
-388.5 25.911319133828925 24.974707338783624
-388.0 25.896338102360758 24.96535980912806
-387.5 25.881412137389272 24.956047455586724
-387.0 25.86660408964116 24.94678903871226
-386.5 25.851888169216277 24.937509931556903
-386.0 25.837208886324206 24.928301421680917
-385.5 25.82264151717294 24.9191232117984
-385.0 25.808167506541476 24.909962944408406
-384.5 25.79373441775019 24.900853540398032
-384.0 25.779419984227108 24.891805644255385
-383.5 25.765213588055495 24.882742143324236
-383.0 25.7510781533857 24.87376133345732
-382.5 25.737014732749323 24.864777774211007
-382.0 25.723025495843945 24.855856897083765
-381.5 25.70913580304429 24.846961659458753
-381.0 25.695344113846556 24.838104544171983
-380.5 25.681601810796607 24.829299373832512
-380.0 25.66797367899 24.82051959763618
-379.5 25.654435464176025 24.811789552925028
-379.0 25.641002441581232 24.80308150333019
-378.5 25.627614581675367 24.794417710412237
-378.0 25.61432530560584 24.785796060450526
-377.5 25.60112934352228 24.777197748231615
-377.0 25.58805202393733 24.76866848710824
-376.5 25.57501759115839 24.760148560299
-376.0 25.562058453933826 24.75168289356672
-375.5 25.5492473027833 24.743234040811792
-375.0 25.536456461977682 24.734859509390482
-374.5 25.52379440069789 24.726520534124155
-374.0 25.511191570659904 24.718190877054177
-373.5 25.49871152080587 24.709941747496064
-373.0 25.486293577898035 24.701703682608024
-372.5 25.473920410520545 24.69351374723817
-372.0 25.46165890326261 24.685355337806207
-371.5 25.449511084117567 24.677234729308438
-371.0 25.437413436451557 24.669179862039012
-370.5 25.425412361652352 24.66113083406612
-370.0 25.41348775494233 24.653133025810984
-369.5 25.401603346042066 24.645169205669212
-369.0 25.389792426758543 24.637192781340804
-368.5 25.377995689983347 24.62927987431651
-368.0 25.36628308442239 24.621383662237424
-367.5 25.35459006850862 24.613502940541686
-367.0 25.34295224821602 24.605633117363897
-366.5 25.331360570351208 24.597803560035935
-366.0 25.319822982345535 24.590002170826992
-365.5 25.30834264019997 24.582223743065764
-365.0 25.296921189076862 24.574464719391322
-364.5 25.285534814237813 24.566735355851787
-364.0 25.274193002711286 24.559020091362665
-363.5 25.262927081468266 24.551350913352184
-363.0 25.251729119498293 24.543681289359583
-362.5 25.240516232191887 24.5360504541379
-362.0 25.229408481234223 24.528429280090087
-361.5 25.21834836498534 24.52084809207944
-361.0 25.20732343444719 24.513300923981127
-360.5 25.196374149819533 24.505769247854975
-360.0 25.18547814306679 24.498257532254677
-359.5 25.17460942309509 24.490769575293587
-359.0 25.163810682474974 24.48333045260222
-358.5 25.153051737928585 24.4759101101808
-358.0 25.142371790606827 24.46851057727834
-357.5 25.13173448051749 24.461137827148526
-357.0 25.121142120621318 24.453799201075306
-356.5 25.11061355939581 24.44648740291775
-356.0 25.10012868453087 24.43918292024289
-355.5 25.089703699954967 24.431914201520975
-355.0 25.07932169272367 24.42469587273665
-354.5 25.069013047989355 24.417466445456984
-354.0 25.058735430123637 24.41027952764696
-353.5 25.048521137723554 24.403116867795514
-353.0 25.03836787436782 24.39599552710364
-352.5 25.028271814596476 24.3888922377819
-352.0 25.01823177572379 24.38181915566059
-351.5 25.008204917170993 24.374772582569683
-351.0 24.998292606015504 24.367768360738996
-350.5 24.98839405559094 24.36076882852651
-350.0 24.978564754441507 24.3537864284406
-349.5 24.968774801753163 24.346844664296636
-349.0 24.959010349344908 24.33994410726473
-348.5 24.949358199738242 24.33305324655674
-348.0 24.93972762658998 24.326195513696618
-347.5 24.93016865653226 24.319367352205397
-347.0 24.92062352241986 24.3125543145621
-346.5 24.91114287626809 24.305776163709186
-346.0 24.901737795985788 24.299036196967894
-345.5 24.89234238824688 24.292313901372967
-345.0 24.883052070412106 24.285635810903333
-344.5 24.873769533046005 24.27896812999649
-344.0 24.864570982436614 24.272329970615512
-343.5 24.855395503849632 24.26569678605963
-343.0 24.84627850437908 24.25912401572709
-342.5 24.837226615706783 24.25256542499737
-342.0 24.828217449211838 24.24603334094534
-341.5 24.819239878528006 24.239515940079617
-341.0 24.8103357793806 24.233053566227923
-340.5 24.801468370879224 24.2265893699738
-340.0 24.7926586725684 24.22016865837573
-339.5 24.783881855321695 24.213775824024037
-339.0 24.77519389571806 24.20740965667576
-338.5 24.76650278627737 24.20106783284026
-338.0 24.757902070860318 24.19475334289348
-337.5 24.749323938227793 24.188481393721002
-337.0 24.740772125815425 24.1821900091513
-336.5 24.732228766973098 24.17592618824841
-336.0 24.72375604708118 24.169675324745697
-335.5 24.715266467536825 24.16343924614847
-335.0 24.706824174984447 24.15723244211779
-334.5 24.698399783698367 24.151022752982925
-334.0 24.69000560488778 24.144829339239106
-333.5 24.68162173875525 24.138653928530182
-333.0 24.673298094384066 24.132516864120834
-332.5 24.664976439062155 24.126346101073885
-332.0 24.656667994319086 24.120233089026474
-331.5 24.648428405711012 24.114128902421417
-331.0 24.640194472147428 24.10805363905667
-330.5 24.6320012114905 24.10196138304699
-330.0 24.623837846503495 24.09591938293197
-329.5 24.615698790323837 24.089876606238615
-329.0 24.607597355998042 24.083859602250936
-328.5 24.599537247296468 24.077859432660155
-328.0 24.591495230258964 24.07189586278217
-327.5 24.58349342073241 24.06592103463259
-327.0 24.575509298685926 24.05997526908884
-326.5 24.567588056225258 24.05405780441153
-326.0 24.559680957043476 24.048156253407484
-325.5 24.551827347459177 24.042280389115028
-325.0 24.54399813920434 24.036406495132532
-324.5 24.53619837469587 24.030582978033316
-324.0 24.52846753570071 24.024754657577336
-323.5 24.520729587183343 24.018952946423028
-323.0 24.51303171186295 24.013179734605888
-322.5 24.505380921698254 24.007419949584204
-322.0 24.497793143031924 24.001685656394635
-321.5 24.49021983332486 23.9959666061607
-321.0 24.482667599494107 23.990279239323932
-320.5 24.475163609952716 23.984601087543943
-320.0 24.46771493465127 23.978952533670316
-319.5 24.46030677933168 23.9733375788086
-319.0 24.45291801935461 23.967731274384725
-318.5 24.44555639827466 23.962149906933895
-318.0 24.438266006357203 23.956598821784866
-317.5 24.43099588041493 23.95106172816113
-317.0 24.423762293860918 23.94555673061069
-316.5 24.416579265044724 23.94007107504347
-316.0 24.40943577170076 23.934604073774814
-315.5 24.402334023283615 23.929149254905113
-315.0 24.395263188809825 23.92375287998702
-314.5 24.388224887661792 23.91835428819173
-314.0 24.381237278766275 23.912991234810207
-313.5 24.37428533581854 23.907637303696756
-313.0 24.367387323193878 23.902313655681752
-312.5 24.36050433278617 23.897019627550172
-312.0 24.35366909573584 23.891742098206237
-311.5 24.346890764956257 23.886499152338516
-311.0 24.34013035685657 23.881264994471767
-310.5 24.333444425446725 23.876073265422676
-310.0 24.326762787939067 23.87088506762202
-309.5 24.320135844565257 23.865746204840548
-309.0 24.31355073576872 23.86061392582619
-308.5 24.307015695997237 23.85552209645158
-308.0 24.300508569713873 23.850448704288713
-307.5 24.294039912604603 23.845390323545423
-307.0 24.287628594245177 23.840362237551545
-306.5 24.28124452990323 23.83536432162826
-306.0 24.27490128700695 23.830397467580827
-305.5 24.268601104137566 23.825444095386047
-305.0 24.262334273818254 23.820501333581532
-304.5 24.256111250546063 23.815606190216947
-304.0 24.2498946344163 23.81070599131857
-303.5 24.24368921880548 23.805819683367233
-303.0 24.237514852192707 23.80094659253562
-302.5 24.231346071066135 23.79608962254614
-302.0 24.225215702312283 23.791239946831844
-301.5 24.21910995506138 23.78641782989126
-301.0 24.21301451184547 23.781593824412806
-300.5 24.206937133085038 23.776788079002344
-300.0 24.20087051458818 23.771998114692998
-299.5 24.19485311252632 23.76722871688745
-299.0 24.188839876146698 23.76245969186666
-298.5 24.182859264125174 23.757727412960268
-298.0 24.17690032303952 23.752992917736275
-297.5 24.170955665571455 23.748276996934067
-297.0 24.16503211231159 23.74357661446778
-296.5 24.159138308814576 23.73889633883433
-296.0 24.153279683497622 23.734231905849867
-295.5 24.14742024371381 23.729583134970195
-295.0 24.141617732589786 23.72493817491117
-294.5 24.135836059446703 23.720313462011337
-294.0 24.130062909869153 23.71571670813519
-293.5 24.124317858327974 23.711126720027433
-293.0 24.11858773670079 23.706554305813405
-292.5 24.112894709938466 23.702009164462837
-292.0 24.107237105947878 23.697465318408206
-291.5 24.10159031716793 23.692942771120713
-291.0 24.095985465636574 23.688446301974587
-290.5 24.090397763220945 23.683953467948818
-290.0 24.084826248096526 23.67947920838159
-289.5 24.079293690231548 23.675026071854994
-289.0 24.073788010037376 23.670597595983303
-288.5 24.068300242468176 23.66619782805719
-288.0 24.062857643690943 23.66179476129004
-287.5 24.05742293536431 23.657411494565252
-287.0 24.05202720145073 23.653033141909233
-286.5 24.04665831858575 23.64870412681387
-286.0 24.04131047882644 23.64437031083595
-285.5 24.035994448788717 23.640061705202914
-285.0 24.030721046832003 23.635779688827725
-284.5 24.025462109782087 23.63149948939689
-284.0 24.020223228928785 23.627249445606154
-283.5 24.015024150477096 23.62301879369637
-283.0 24.00984272691631 23.618810664751052
-282.5 24.004697131867836 23.61461045669767
-282.0 23.999578132928654 23.610436619661538
-281.5 23.99448672572364 23.606274140228226
-281.0 23.98942975392636 23.60212785624608
-280.5 23.984423250282155 23.598018885375964
-280.0 23.97941294112207 23.593912978404287
-279.5 23.974435726549622 23.589842075157552
-279.0 23.969497822681603 23.58577531651363
-278.5 23.964590629968363 23.581743126975248
-278.0 23.959712332048536 23.577703413270683
-277.5 23.954864338323386 23.57371003342363
-277.0 23.95003481963434 23.569720453072133
-276.5 23.945239094950182 23.56575844844813
-276.0 23.940484407869235 23.561816981444945
-275.5 23.935744852253187 23.55789140927471
-275.0 23.931045077890822 23.553991607533455
-274.5 23.926378149121454 23.550106099590383
-274.0 23.92173315856485 23.546244431120474
-273.5 23.917114748702083 23.542395109599383
-273.0 23.91254393175101 23.538572762933438
-272.5 23.907995285248056 23.534769421207603
-272.0 23.90346315536817 23.53098323862615
-271.5 23.89896318538529 23.52720933616514
-271.0 23.894479185570745 23.52347467396301
-270.5 23.890042409643364 23.51972250523304
-270.0 23.885600864361155 23.51600896062029
-269.5 23.881189398328736 23.512307625881846
-269.0 23.876803159427066 23.508611913905398
-268.5 23.872435474562188 23.50494456941398
-268.0 23.86808727850414 23.501286413015862
-267.5 23.86376487604075 23.497635114271375
-267.0 23.85946283408906 23.494005125475184
-266.5 23.85519252456254 23.490403886079694
-266.0 23.85091871833562 23.48680272336923
-265.5 23.8466837756189 23.483206541467414
-265.0 23.842472548073964 23.47963544520001
-264.5 23.83827361443705 23.476075867280425
-264.0 23.834095633701324 23.472548557770363
-263.5 23.82991643633773 23.469015472752353
-263.0 23.825794347234925 23.465480640882284
-262.5 23.821668923948508 23.46199140854936
-262.0 23.81756984926833 23.45850466145088
-261.5 23.81348130010297 23.45502899833598
-261.0 23.809414859610676 23.451572397779238
-260.5 23.805365655040944 23.44811810856358
-260.0 23.801345371346944 23.444674820437797
-259.5 23.797333516194783 23.441259332125433
-259.0 23.79333134555983 23.43784779474725
-258.5 23.7893587260651 23.434439866535755
-258.0 23.78539447753164 23.431054326567175
-257.5 23.781462085502625 23.427687929957738
-257.0 23.77754145889607 23.424332371517774
-256.5 23.7736218397286 23.420960642634952
-256.0 23.769729303955735 23.417632794691748
-255.5 23.765858156490992 23.414305096887425
-255.0 23.761999069964613 23.41098416080262
-254.5 23.75815317703024 23.40768793818743
-254.0 23.754327499288056 23.404381644631393
-253.5 23.750504874292893 23.401101139144302
-253.0 23.746714864872622 23.3978299793732
-252.5 23.742930773751215 23.394569654626245
-252.0 23.739171341052995 23.391316345543622
-251.5 23.735417216930337 23.388082975714518
-251.0 23.731680110278752 23.384858271853087
-250.5 23.727956871217266 23.38162717753447
-250.0 23.7242578851399 23.37842993597276
-249.5 23.720541254486065 23.375222491141912
-249.0 23.716863362918236 23.37204432175108
-248.5 23.713208647611943 23.3688599033876
-248.0 23.709564515250747 23.365684167583893
-247.5 23.705913934863002 23.36254278912105
-247.0 23.702288570401148 23.35938527855335
-246.5 23.698672317004174 23.35624740395616
-246.0 23.695062189078357 23.35312350245519
-245.5 23.69147750657782 23.350001844793415
-245.0 23.687902902410926 23.346890825370373
-244.5 23.68434170395016 23.343779678408616
