FastTrWP/PhaseSpace/IAs/snIa_0.44_30.00_-0.80_0.00.csv
# %ECSV 0.9
# ---
# datatype:
# - {name: time-rel, datatype: float64}
# - {name: g, datatype: float64}
# - {name: i, datatype: float64}
# schema: astropy-2.0
time-rel g i
[from data line 867]
653.2708333333334 23.284447404469027 22.390298403997605
653.7708333333334 23.284933585444403 22.389914842613663
654.2708333333334 23.28544119248045 22.38955260784445
654.7708333333334 23.285962402884515 22.389175686367576
655.2708333333334 23.286470584956955 22.388807913212453
655.7708333333334 23.286995690338287 22.388445046748203
656.2708333333334 23.287541219032327 22.38808309459847
656.7708333333334 23.288069638626936 22.387729294728665
657.2708333333334 23.288618194537726 22.387379433389683
657.7708333333334 23.289178605635282 22.38702376462261
658.2708333333334 23.289735878253495 22.386679787125388
658.7708333333334 23.290300281613817 22.386339886787432
659.2708333333334 23.29087837533399 22.386003108976247
659.7708333333334 23.29146242464529 22.385672340669707
660.2708333333334 23.29205849748169 22.38534039512169
660.7708333333334 23.292654576494538 22.385013707382097
661.2708333333334 23.293277941368565 22.384691128532804
661.7708333333334 23.29391199931594 22.38437917436499
662.2708333333334 23.294541329423076 22.384057475210632
662.7708333333334 23.295177038241405 22.383755707132906
663.2708333333334 23.295833946458444 22.383445621488658
663.7708333333334 23.2964918953732 22.383144356504182
664.2708333333334 23.297155330546346 22.38284790805658
664.7708333333334 23.297834120139548 22.38254143492501
665.2708333333334 23.298517919924766 22.38225443547281
665.7708333333334 23.299211220074252 22.381969963041996
666.2708333333334 23.299913812438533 22.381685753049062
666.7708333333334 23.30060853107858 22.381403339672254
667.2708333333334 23.30134469146031 22.381131197170554
667.7708333333334 23.30207021308705 22.380858420296082
668.2708333333334 23.302792791231365 22.380590026768708
668.7708333333334 23.30354155543661 22.380323692346806
669.2708333333334 23.30428988407803 22.380066298684575
669.7708333333334 23.305039502153498 22.379800278444662
670.2708333333334 23.3058057871628 22.379544792861804
670.7708333333334 23.30657008376779 22.379295935353714
671.2708333333334 23.307342798246054 22.379036750662426
671.7708333333334 23.308127689115 22.378796184745667
672.2708333333334 23.308924893395794 22.37855623491413
672.7708333333334 23.309717478261472 22.37831329225045
673.2708333333334 23.310529313888967 22.378068780405016
673.7708333333334 23.31133540209845 22.37783707959551
674.2708333333334 23.31215087435823 22.377603886604472
674.7708333333334 23.312965052195924 22.37738021060741
675.2708333333334 23.313797843430617 22.37715133713213
675.7708333333334 23.314636183219548 22.37692827063095
676.2708333333334 23.315470663365513 22.376713206753422
676.7708333333334 23.31633487411411 22.376501385111148
677.2708333333334 23.3171734584677 22.3762863544555
677.7708333333334 23.318032940031394 22.376076086157212
678.2708333333334 23.31889411957572 22.375863704263455
678.7708333333334 23.319758866682733 22.375664478512235
679.2708333333334 23.32062619361491 22.37545066267461
679.7708333333334 23.321517454298984 22.375257017764916
680.2708333333334 23.322397703069527 22.37506397774983
680.7708333333334 23.323284569144338 22.374865980754215
681.2708333333334 23.32417662830585 22.374677942793504
681.7708333333334 23.32506713476324 22.374483401013716
682.2708333333334 23.325984830025057 22.374301041638084
682.7708333333334 23.326882868960816 22.37411057956892
683.2708333333334 23.32778801016903 22.373930255166815
683.7708333333334 23.32870166394017 22.37375165764461
684.2708333333334 23.32963382685064 22.373572738099075
684.7708333333334 23.330537560282202 22.373400860063263
685.2708333333334 23.331469700479886 22.373228288167518
685.7708333333334 23.332406226541682 22.373057804307837
686.2708333333334 23.333338379182116 22.37288837055072
686.7708333333334 23.334278320755768 22.37271996910451
687.2708333333334 23.33521441994168 22.372558996495147
687.7708333333334 23.336148128062856 22.372393416615736
688.2708333333334 23.337095638895867 22.372235137444463
688.7708333333334 23.33805071476881 22.372075543496884
689.2708333333334 23.33898641140678 22.371918554434064
689.7708333333334 23.339956275504136 22.371771937390005
690.2708333333334 23.340901044650458 22.371613124385796
690.7708333333334 23.34186014612234 22.37147371155217
691.2708333333334 23.34282169585054 22.371322695323475
691.7708333333334 23.343790642253364 22.37117126090052
692.2708333333334 23.344745819282338 22.371024772352154
692.7708333333334 23.345721642471794 22.370887013382557
