FastTrWP/PhaseSpace/IAs/snIa_0.60_30.00_0.67_-0.01.csv
# %ECSV 0.9
# ---
# datatype:
# - {name: time-rel, datatype: float64}
# - {name: g, datatype: float64}
# - {name: i, datatype: float64}
# schema: astropy-2.0
time-rel g i
[from data line 2303]
1246.2083333333333 25.544511741946103 22.912386341502224
1246.7083333333333 25.545965200172414 22.913410794921624
1247.2083333333333 25.547400120135716 22.914437755654525
1247.7083333333333 25.548883682640422 22.915452896113297
1248.2083333333333 25.55034172682978 22.916475832713257
1248.7083333333333 25.551828090453025 22.91749840947343
1249.2083333333333 25.553318101971534 22.918521911695805
1249.7083333333333 25.554784008807513 22.91954954371593
1250.2083333333333 25.556285887382188 22.920572851655688
1250.7083333333333 25.55779746370941 22.921596108292597
1251.2083333333333 25.55930565885045 22.922619348026227
1251.7083333333333 25.560799355329927 22.923636244116512
1252.2083333333333 25.562287498617636 22.924667988395626
1252.7083333333333 25.563834776874362 22.925685711302126
1253.2083333333333 25.565361597716144 22.92671376218625
1253.7083333333333 25.56688612394469 22.927738385327707
1254.2083333333333 25.568421721863352 22.928758442021305
1254.7083333333333 25.569953545902816 22.929785704317617
1255.2083333333333 25.571506244239583 22.9308091064129
1255.7083333333333 25.573042912302284 22.9318282642624
1256.2083333333333 25.574621364778615 22.93285248574609
1256.7083333333333 25.576180432536724 22.93388735118572
1257.2083333333333 25.577762473216055 22.934912045812403
1257.7083333333333 25.579328567265847 22.935928733097178
1258.2083333333333 25.580930336214948 22.936949741993264
1258.7083333333333 25.582510060855324 22.937974115562263
1259.2083333333333 25.584095813573335 22.939000023606987
1259.7083333333333 25.58568944240254 22.940029800580728
1260.2083333333333 25.587332439680885 22.94105332048424
1260.7083333333333 25.588897320401326 22.94208095931976
1261.2083333333333 25.590551765021743 22.94310563399737
1261.7083333333333 25.592193659712137 22.944132712143062
1262.2083333333333 25.593807358673452 22.94515412656555
1262.7083333333333 25.595440746526528 22.94617147678945
1263.2083333333333 25.597074781340705 22.94719598819381
1263.7083333333333 25.598737292410696 22.94822566111756
1264.2083333333333 25.600392693653436 22.949257018685806
1264.7083333333333 25.6020227267542 22.950280592956428
1265.2083333333333 25.60374099581768 22.951305541605294
1265.7083333333333 25.605407901138943 22.952333694669683
1266.2083333333333 25.607054830417738 22.953359765442713
1266.7083333333333 25.608758356601264 22.9543756069644
1267.2083333333333 25.610450737808485 22.9554061948787
1267.7083333333333 25.61217260556007 22.95642226409964
1268.2083333333333 25.613877449258702 22.957455170715765
1268.7083333333333 25.615598677460017 22.958483322343444
1269.2083333333333 25.617333658711456 22.959511262446096
1269.7083333333333 25.61904134101736 22.96053096673631
1270.2083333333333 25.620801707905002 22.961557093827057
1270.7083333333333 25.6225479303189 22.962585113068048
1271.2083333333333 25.624284609944187 22.963613277889486
1271.7083333333333 25.62605479158716 22.96463460327815
1272.2083333333333 25.627809644592663 22.965662984811818
1272.7083333333333 25.629617438684868 22.96669448834242
1273.2083333333333 25.63136709806967 22.96771825349
1273.7083333333333 25.633150921141855 22.968736736406996
1274.2083333333333 25.634943942007883 22.969763513261896
1274.7083333333333 25.63675459181503 22.970795689613386
1275.2083333333333 25.638552899269808 22.971820210866515
1275.7083333333333 25.640352180196878 22.97283885088352
1276.2083333333333 25.64217792659841 22.973878579252613
1276.7083333333333 25.644012587641278 22.974898266097586
1277.2083333333333 25.64583480937597 22.975922114904833
1277.7083333333333 25.647662814542254 22.976952108595313
1278.2083333333333 25.64952585228194 22.977975054696735
1278.7083333333333 25.65138952896922 22.97900857895733
1279.2083333333333 25.653245111469563 22.980037660011284
1279.7083333333333 25.655109057757166 22.98105964445542
1280.2083333333333 25.6569783140942 22.982093357105306
1280.7083333333333 25.658866416606287 22.98310975135342
1281.2083333333333 25.660788692741487 22.98414729482362
1281.7083333333333 25.662649415494062 22.985171323091468
1282.2083333333333 25.66454457094927 22.986200816945335
1282.7083333333333 25.666469296134252 22.987228330965188
1283.2083333333333 25.668352328367725 22.98826735892415
1283.7083333333333 25.670319078556755 22.9892843024259
1284.2083333333333 25.67227069705901 22.990312991386386
1284.7083333333333 25.67417280639299 22.991348506138863
1285.2083333333333 25.67612874264064 22.99236289649718
1285.7083333333333 25.678102038392524 22.993392165643773
1286.2083333333333 25.68003528120279 22.994425258304766
1286.7083333333333 25.682010806234345 22.99545137658107
1287.2083333333333 25.683997045201473 22.996482522793986
1287.7083333333333 25.685992205729367 22.997503611098345
1288.2083333333333 25.68799576635092 22.998537856040976
1288.7083333333333 25.68998086891176 22.99956645713337
1289.2083333333333 25.691997683824557 23.000596325764867
1289.7083333333333 25.69402096303768 23.001626055931645
1290.2083333333333 25.696025397934477 23.002646372878843
1290.7083333333333 25.698058231418962 23.00367252222749
1291.2083333333333 25.70012742127844 23.004699814992676
1291.7083333333333 25.702167094909125 23.005733196987986
1292.2083333333333 25.704214636290462 23.006756036462157
1292.7083333333333 25.70631432420409 23.007781992774476
1293.2083333333333 25.70837842170622 23.00881181614271
1293.7083333333333 25.71046014327009 23.00984257605827
1294.2083333333333 25.712536510692566 23.010879256167016
1294.7083333333333 25.71465334170043 23.011899330789504
1295.2083333333333 25.71675935489462 23.012928162494674
1295.7083333333333 25.718875663659155 23.01396246008395
1296.2083333333333 25.72102020479101 23.014980226229266
1296.7083333333333 25.72311933153738 23.01600701726841
1297.2083333333333 25.725292667772877 23.017035367874826
1297.7083333333333 25.72740877085881 23.01806374442257
1298.2083333333333 25.729595987001108 23.01908995665176
1298.7083333333333 25.731743888860244 23.02011738398693
1299.2083333333333 25.733895043521674 23.021145602087763
1299.7083333333333 25.73612623548863 23.02216901970128
1300.2083333333333 25.738336700313013 23.02320378888489
1300.7083333333333 25.740546224729325 23.024225570141926
1301.2083333333333 25.742754677462298 23.025249601715345
1301.7083333333333 25.744951454378388 23.026279433586517
1302.2083333333333 25.7472102525097 23.02730090024344
1302.7083333333333 25.749433990395495 23.028336696689415
1303.2083333333333 25.751714721189046 23.02935580808933
1303.7083333333333 25.753910910602173 23.03038038891771
1304.2083333333333 25.756228984048477 23.03140345913836
1304.7083333333333 25.75848339341427 23.032422766132225
1305.2083333333333 25.760804467272447 23.033460254863588
1305.7083333333333 25.763063552761608 23.034478523969973
1306.2083333333333 25.76538278347791 23.0355050325446
1306.7083333333333 25.767740940441136 23.03653287265808
1307.2083333333333 25.77006331551091 23.03754260768403
1307.7083333333333 25.772399921778067 23.03857316996282
1308.2083333333333 25.774747052837043 23.039603136221313
1308.7083333333333 25.777102554233032 23.040625189334726
1309.2083333333333 25.77949191778177 23.04165468999554
1309.7083333333333 25.78181696162716 23.042681044554808
1310.2083333333333 25.784252238833115 23.0436961205335
1310.7083333333333 25.786611547484753 23.044718438541697
1311.2083333333333 25.789060789414634 23.04573754269061
1311.7083333333333 25.791486225625583 23.046757847209353
1312.2083333333333 25.7939530785295 23.047783122570323
1312.7083333333333 25.796406159222474 23.048803355309595
1313.2083333333333 25.798899964979803 23.049823441896372
1313.7083333333333 25.80137850866736 23.050847445299844
1314.2083333333333 25.803911521669313 23.051867129008695
1314.7083333333333 25.806425122770676 23.052883606564162
1315.2083333333333 25.80899254361099 23.053888854034177
1315.7083333333333 25.81155735314356 23.05490480889608
1316.2083333333333 25.814121484963465 23.055929271032745
1316.7083333333333 25.81672876732498 23.05694184529365
1317.2083333333333 25.8193240676167 23.057963463235012
1317.7083333333333 25.82196345120366 23.058969551220105
1318.2083333333333 25.824608235280557 23.059990242876516
1318.7083333333333 25.82725861438787 23.061003610252918
1319.2083333333333 25.829904555644603 23.062013044220144
1319.7083333333333 25.83259878251427 23.063019665541677
1320.2083333333333 25.835292101622077 23.064042318666335
1320.7083333333333 25.838025093746797 23.06504895039209
1321.2083333333333 25.840743278072612 23.0660473293443
1321.7083333333333 25.8434840529091 23.06706036212477
1322.2083333333333 25.846170168505246 23.068078506077335
1322.7083333333333 25.84895977066826 23.069103355008103
1323.2083333333333 25.85173607602877 23.070110834200072
1323.7083333333333 25.85451379490603 23.07112457592048
1324.2083333333333 25.85734153555093 23.072126201708507
1324.7083333333333 25.860128959321745 23.073146730381904
1325.2083333333333 25.86299060553563 23.074152615113185
1325.7083333333333 25.865795251906214 23.075163148913646
1326.2083333333333 25.86863017081094 23.076175465646998
1326.7083333333333 25.871487858438602 23.077180532022826
1327.2083333333333 25.87432200999139 23.07819454128785
1327.7083333333333 25.87725386904886 23.079202449024837
1328.2083333333333 25.880103389216032 23.080210637757368
1328.7083333333333 25.883000601537113 23.081224601897098
1329.2083333333333 25.88591782848475 23.082229108764235
1329.7083333333333 25.88882481466536 23.08325018346302
1330.2083333333333 25.891756790684255 23.084253767138474
1330.7083333333333 25.894684129276122 23.08526324567683
1331.2083333333333 25.897608822490334 23.086271962685675
1331.7083333333333 25.900595790568346 23.087283348464208
1332.2083333333333 25.903521711528686 23.08829353556999
1332.7083333333333 25.90648725285989 23.08930444146881
1333.2083333333333 25.90945339355232 23.090319745117036
1333.7083333333333 25.912457808297866 23.091330435430166
1334.2083333333333 25.915443283084475 23.09235080162617
1334.7083333333333 25.918421616648658 23.093350520696706
1335.2083333333333 25.92143347430825 23.094370669278494
1335.7083333333333 25.92445071425512 23.095376351078485
1336.2083333333333 25.927438878418524 23.096408829705226
1336.7083333333333 25.93045824316201 23.09739973429467
1337.2083333333333 25.93348755437678 23.098430127539565
1337.7083333333333 25.936477159568998 23.09944005720515
1338.2083333333333 25.93955070053071 23.100454803203064
1338.7083333333333 25.94256211439644 23.101468725219814
1339.2083333333333 25.9456069985323 23.102482668577498
1339.7083333333333 25.9486543889931 23.103511343036164
1340.2083333333333 25.951684672173926 23.104525907319477
1340.7083333333333 25.954757574040542 23.105545513814487
1341.2083333333333 25.957767517300454 23.106559258414336
1341.7083333333333 25.96089789154928 23.10757652546063
1342.2083333333333 25.963908530931242 23.108595787639295
1342.7083333333333 25.966962932817502 23.109622957781937
1343.2083333333333 25.970028291230758 23.110643815028368
1343.7083333333333 25.973103357315154 23.111665901230232
1344.2083333333333 25.976162047820143 23.112681386319952
1344.7083333333333 25.979199345153297 23.113705976120613
1345.2083333333333 25.982296793276205 23.114736381784994
1345.7083333333333 25.985325061542177 23.11575780431115
1346.2083333333333 25.988419111929908 23.116794788773866
1346.7083333333333 25.991456298320166 23.11781104613933
1347.2083333333333 25.994522003477087 23.118845242931464
1347.7083333333333 25.9975776453685 23.119864247203626
1348.2083333333333 26.000642280830853 23.120906207358956
1348.7083333333333 26.00368134678666 23.121940487012516
1349.2083333333333 26.006718015257924 23.122970125688234
1349.7083333333333 26.0098201391869 23.1240045084497
1350.2083333333333 26.012841653134092 23.125034677033646
1350.7083333333333 26.01594961301151 23.126069876542843
1351.2083333333333 26.019042531690296 23.127092542155104
1351.7083333333333 26.022136171824265 23.12812823443599
1352.2083333333333 26.02526088922196 23.12915756929485
1352.7083333333333 26.028410144626115 23.13019659872459
1353.2083333333333 26.031507937378265 23.13122320674948
1353.7083333333333 26.034668817339227 23.13226734962126
1354.2083333333333 26.037832854316676 23.133297884906327
1354.7083333333333 26.041006296283413 23.13432968633522
1355.2083333333333 26.04416697356648 23.135361700049213
1355.7083333333333 26.047363813183757 23.13639741417431
1356.2083333333333 26.050588538652274 23.13742782693106
1356.7083333333333 26.05376688850589 23.13847440421835
1357.2083333333333 26.056977296776132 23.139502535625823
1357.7083333333333 26.060175798211777 23.140536117319805
1358.2083333333333 26.063442064412055 23.14157182814077
1358.7083333333333 26.06665735995633 23.14260868555617
1359.2083333333333 26.06992854525082 23.14364854312022
1359.7083333333333 26.07315689225045 23.144691037846826
1360.2083333333333 26.07646644640958 23.14572137439486
1360.7083333333333 26.07975885015227 23.146760110433313
1361.2083333333333 26.082965919566327 23.14780043870016
1361.7083333333333 26.086273504056546 23.14884272267141
1362.2083333333333 26.089577062832973 23.149873183749573
1362.7083333333333 26.092854156287416 23.150914346275435
1363.2083333333333 26.096197776714845 23.151956498859878
1363.7083333333333 26.099501042777312 23.152992233588808
1364.2083333333333 26.102772373168843 23.15402840672405
1364.7083333333333 26.10616011686073 23.155077796176933
1365.2083333333333 26.109454261011457 23.15611673628335
1365.7083333333333 26.11278873883341 23.157158597121278
1366.2083333333333 26.116100264684583 23.15820557099281
1366.7083333333333 26.11949046319947 23.159246421815098
1367.2083333333333 26.122827105487843 23.160292510840694
1367.7083333333333 26.126181229191747 23.161339177706537
1368.2083333333333 26.129540369917237 23.162385155757825
1368.7083333333333 26.13286377525035 23.163428769590396
1369.2083333333333 26.136262738224325 23.164475076896366
1369.7083333333333 26.139627966094224 23.165528905559036
1370.2083333333333 26.142949317335237 23.166581588819255
1370.7083333333333 26.146365114291754 23.167623817044365
1371.2083333333333 26.14972329112132 23.168672755127318
1371.7083333333333 26.15307169426949 23.169712236871817
1372.2083333333333 26.156429053620872 23.170765927590615
1372.7083333333333 26.159835340432267 23.171821083167945
1373.2083333333333 26.16320207558787 23.17288222983735
1373.7083333333333 26.166549599321872 23.17392380873731
1374.2083333333333 26.169959399825565 23.17497738140655
1374.7083333333333 26.173328027128218 23.1760353987073
1375.2083333333333 26.1766792003931 23.17709283647559
1375.7083333333333 26.180056424468393 23.178141374143802
1376.2083333333333 26.1834593389636 23.1792046396915
1376.7083333333333 26.186798887783436 23.180269527335007
1377.2083333333333 26.190170031155557 23.181323899166028
1377.7083333333333 26.193548348133803 23.1823783231261
1378.2083333333333 26.196903729341606 23.183443549200987
1378.7083333333333 26.200249700533227 23.18450727090116
1379.2083333333333 26.203617435231408 23.185563259396588
1379.7083333333333 26.20695828148023 23.186629104781595
1380.2083333333333 26.210275675540426 23.187693942993466
1380.7083333333333 26.21365478990778 23.1887548706884
1381.2083333333333 26.216963894016505 23.18982807976454
1381.7083333333333 26.220333588660516 23.190902633371987
1382.2083333333333 26.223656465778266 23.19195716039318
1382.7083333333333 26.22698680863101 23.19303717758921
1383.2083333333333 26.23027266130705 23.194104836467993
1383.7083333333333 26.23359498592938 23.195182373933054
1384.2083333333333 26.236869281310057 23.19624995870077
1384.7083333333333 26.240197586808623 23.197321249928947
1385.2083333333333 26.243419577964232 23.198393889158098
1385.7083333333333 26.246732028575774 23.19947822307618
1386.2083333333333 26.250020492484403 23.200555911426257
1386.7083333333333 26.253309381699893 23.201628803236115
1387.2083333333333 26.256515358430498 23.202717693112977
1387.7083333333333 26.259807378708494 23.203795101200928
