FastTrWP/PhaseSpace/IAs/snIa_0.51_30.00_-1.68_0.05.csv
# %ECSV 0.9
# ---
# datatype:
# - {name: time-rel, datatype: float64}
# - {name: g, datatype: float64}
# - {name: i, datatype: float64}
# schema: astropy-2.0
time-rel g i
[from data line 1734]
1138.7083333333333 25.624472545026983 22.9157214114694
1139.2083333333333 25.627108614531302 22.916680206109675
1139.7083333333333 25.629701279736274 22.917636140126408
1140.2083333333333 25.632292203196837 22.91859068960531
1140.7083333333333 25.634917195804917 22.919547673033644
1141.2083333333333 25.637524137634017 22.920509082508982
1141.7083333333333 25.640146895533658 22.921457264719955
1142.2083333333333 25.642766643403462 22.92240369849761
1142.7083333333333 25.64535218360738 22.923366948723025
1143.2083333333333 25.64796428493681 22.92432486039185
1143.7083333333333 25.650560058899003 22.925279458414533
1144.2083333333333 25.653184715588793 22.926229019339225
1144.7083333333333 25.655774518144593 22.92718258101757
1145.2083333333333 25.65837003192573 22.92814269304637
1145.7083333333333 25.661004425593454 22.929089884429267
1146.2083333333333 25.663564391638722 22.930048717137076
1146.7083333333333 25.66618449145748 22.931002761707738
1147.2083333333333 25.66877541454861 22.931954193601157
1147.7083333333333 25.67135649528195 22.932907853140073
1148.2083333333333 25.673968874227103 22.933861047447802
1148.7083333333333 25.676563119538635 22.93481600486734
1149.2083333333333 25.679153286194136 22.935769792172295
1149.7083333333333 25.681727386183898 22.936727224426768
1150.2083333333333 25.68430043063622 22.937677783354005
1150.7083333333333 25.686910748267238 22.93863503774351
1151.2083333333333 25.689502770404438 22.93959841538372
1151.7083333333333 25.692078139222097 22.94055584969694
1152.2083333333333 25.69469370336824 22.94150944471835
1152.7083333333333 25.69723496412573 22.94245706843036
1153.2083333333333 25.699821806101397 22.943406758641753
1153.7083333333333 25.70238219872737 22.944363836738347
1154.2083333333333 25.704979302742434 22.94532149519388
1154.7083333333333 25.707564719969028 22.946290030400508
1155.2083333333333 25.710105053492313 22.947227352261926
1155.7083333333333 25.712682027700453 22.948195579982222
1156.2083333333333 25.715257435518758 22.94915415072275
1156.7083333333333 25.717807160026172 22.95010868231465
1157.2083333333333 25.72040033554618 22.95106997244435
1157.7083333333333 25.722952674765864 22.952029414752978
1158.2083333333333 25.725500124811994 22.9529845093611
1158.7083333333333 25.7280951481181 22.953942738464235
1159.2083333333333 25.730614319069375 22.954903808000427
1159.7083333333333 25.733172451269233 22.955857822127935
1160.2083333333333 25.735731879308013 22.956820301416325
1160.7083333333333 25.738283428596944 22.957780474113466
1161.2083333333333 25.740832218345872 22.958742150125452
1161.7083333333333 25.743376037516825 22.95970056509479
1162.2083333333333 25.74594670402778 22.960665940587116
1162.7083333333333 25.74845527470402 22.96162582317676
1163.2083333333333 25.751030331463053 22.962586890612826
1163.7083333333333 25.753549111962556 22.963551207235746
1164.2083333333333 25.75608749523997 22.96451644983638
1164.7083333333333 25.758630202691993 22.965482733396247
1165.2083333333333 25.7611640151272 22.96644221465963
1165.7083333333333 25.763705840755566 22.967403510499373
1166.2083333333333 25.766229934774074 22.968374318624356
1166.7083333333333 25.768788359590506 22.96933380496396
1167.2083333333333 25.77128543203987 22.970302241557462
1167.7083333333333 25.773790335092478 22.971259110466377
1168.2083333333333 25.77629385925978 22.972233574579604
1168.7083333333333 25.778857025071666 22.97319744530961
1169.2083333333333 25.78136292088754 22.974159395315805
1169.7083333333333 25.783882939158993 22.97512763556142
1170.2083333333333 25.786424271182497 22.97609113732973
1170.7083333333333 25.78891370450283 22.97705357759442
1171.2083333333333 25.791398330873655 22.978028132264626
1171.7083333333333 25.793912567699252 22.97898846482466
1172.2083333333333 25.796464992850062 22.979949323120373
1172.7083333333333 25.79890613694298 22.98092208291296
1173.2083333333333 25.801435864528063 22.98188612647236
1173.7083333333333 25.803899127242893 22.982847413276787
1174.2083333333333 25.806393696553286 22.983822328947213
1174.7083333333333 25.808871365446798 22.98479024924127
1175.2083333333333 25.811369673589905 22.98574904460753
1175.7083333333333 25.813839703729084 22.986717691106374
1176.2083333333333 25.81633907134131 22.987681969612723
1176.7083333333333 25.818851733035416 22.98864333458185
1177.2083333333333 25.821310346372258 22.98961806968988
1177.7083333333333 25.823739482363898 22.990586516266525
1178.2083333333333 25.8262569499531 22.99154903787677
1178.7083333333333 25.828710350760428 22.992519229466318
1179.2083333333333 25.83116773408581 22.993491359672102
1179.7083333333333 25.833639075925525 22.99445489985783
1180.2083333333333 25.836082691303996 22.995426623751346
1180.7083333333333 25.838511722076447 22.996396003443337
1181.2083333333333 25.84099814499241 22.99735938443455
1181.7083333333333 25.843446004086402 22.99832762824368
1182.2083333333333 25.845866487537776 22.99929598376092
1182.7083333333333 25.8483082763308 23.00026590316105
1183.2083333333333 25.85073285144975 23.00123106898644
1183.7083333333333 25.853170290830917 23.002211364013824
1184.2083333333333 25.85559920046701 23.003178310565517
1184.7083333333333 25.858052172594913 23.00414496174586
1185.2083333333333 25.860469098184335 23.005113743838045
1185.7083333333333 25.862889476209403 23.00608735854016
1186.2083333333333 25.86528659485321 23.007057001415436
1186.7083333333333 25.86768500590678 23.00803182482032
1187.2083333333333 25.870069820766652 23.009004133427048
1187.7083333333333 25.872490658187893 23.009982912605437
1188.2083333333333 25.87485757668164 23.01093796498783
1188.7083333333333 25.87729843061838 23.011926830750056
1189.2083333333333 25.879680717511754 23.012893773241206
1189.7083333333333 25.882065088343893 23.01386317461445
1190.2083333333333 25.88443133798347 23.014835241045887
1190.7083333333333 25.886800484454806 23.01580688036365
1191.2083333333333 25.889151885503235 23.016783542134437
1191.7083333333333 25.891512034715557 23.017754146850177
1192.2083333333333 25.893915686998312 23.018721258347725
1192.7083333333333 25.896259219319738 23.019701747247577
1193.2083333333333 25.89860283243241 23.020673223453763
1193.7083333333333 25.900928705926944 23.021655136747707
1194.2083333333333 25.903300951067806 23.022628987563483
1194.7083333333333 25.90563135952786 23.023599923520575
1195.2083333333333 25.907978170288978 23.024575864015745
1195.7083333333333 25.91030571038987 23.025545351032722
1196.2083333333333 25.912610036331962 23.026521964694084
1196.7083333333333 25.91491246292408 23.027501110745447
1197.2083333333333 25.917205929854568 23.028483612988122
1197.7083333333333 25.91954909524891 23.029457414277363
1198.2083333333333 25.921867422116172 23.030433128548886
1198.7083333333333 25.924143610645384 23.031419182618546
1199.2083333333333 25.926408471870175 23.032379887921177
1199.7083333333333 25.928712617013435 23.033356971214516
1200.2083333333333 25.93096640519869 23.03434886350995
1200.7083333333333 25.933270748395838 23.035316785049407
1201.2083333333333 25.935530517411138 23.036304313275767
1201.7083333333333 25.93779569394039 23.037286098022758
1202.2083333333333 25.940019131773262 23.038258515688412
1202.7083333333333 25.942284092770834 23.039243776401758
1203.2083333333333 25.944535890017836 23.04022788627369
1203.7083333333333 25.946821973798365 23.041199160916612
1204.2083333333333 25.948988892699806 23.04217971758298
1204.7083333333333 25.951274597020277 23.043169727544882
1205.2083333333333 25.953516290035576 23.044141229508803
1205.7083333333333 25.955732512884108 23.045126790750675
1206.2083333333333 25.957943313022476 23.046108914611057
1206.7083333333333 25.96015464728076 23.04708545491625
1207.2083333333333 25.962353724716554 23.048075603284914
1207.7083333333333 25.964595438688573 23.049051273554795
1208.2083333333333 25.96677123728634 23.050045270593806
1208.7083333333333 25.968953915407283 23.051017243071307
1209.2083333333333 25.971144759678587 23.05199819314818
1209.7083333333333 25.973314646284802 23.052989648217896
1210.2083333333333 25.97551041320056 23.053965163606733
1210.7083333333333 25.97767032583157 23.05495605258293
1211.2083333333333 25.97982595188803 23.05594040889314
1211.7083333333333 25.982016474662522 23.056918759187816
1212.2083333333333 25.984132132263746 23.057902599449
1212.7083333333333 25.986284575988474 23.058889996339495
1213.2083333333333 25.98839633637667 23.05988120329241
1213.7083333333333 25.99055078635117 23.060864855365132
1214.2083333333333 25.992680199921008 23.061844775049792
1214.7083333333333 25.99478430848967 23.062837509647366
1215.2083333333333 25.99690570343838 23.06382118356538
1215.7083333333333 25.999002444650362 23.06480620002454
1216.2083333333333 26.00110081835636 23.06578995702017
1216.7083333333333 26.00321081078792 23.066778593315203
1217.2083333333333 26.005299549220744 23.067764646623527
1217.7083333333333 26.007357317763898 23.06874918250653
1218.2083333333333 26.009401822989933 23.06973791989688
1218.7083333333333 26.011481894887876 23.070734198842494
1219.2083333333333 26.013575814408632 23.071718000814762
1219.7083333333333 26.015569453475727 23.072701255578124
1220.2083333333333 26.01761678019937 23.07368998696888
1220.7083333333333 26.019656764331664 23.07467767786847
1221.2083333333333 26.021688011059716 23.075663640453286
1221.7083333333333 26.023712769200024 23.07665525567988
1222.2083333333333 26.025698549070235 23.077647144266283
1222.7083333333333 26.027697961301932 23.078635134818974
1223.2083333333333 26.029690690332302 23.079627863047815
1223.7083333333333 26.03170144790373 23.080613674516798
1224.2083333333333 26.033702216758584 23.08161027296603
1224.7083333333333 26.035627644805626 23.0825911781846
1225.2083333333333 26.03757184387508 23.083589411237742
1225.7083333333333 26.0395456730004 23.084573035326287
1226.2083333333333 26.041482725699197 23.085564707120515
1226.7083333333333 26.043416600333465 23.0865556313831
1227.2083333333333 26.045362273593792 23.087550188177648
1227.7083333333333 26.047270286951022 23.08854434306458
1228.2083333333333 26.04914884750833 23.089525127690564
1228.7083333333333 26.051053035032062 23.09052278762995
1229.2083333333333 26.05297163479053 23.091516252336056
1229.7083333333333 26.054843303721164 23.09250798676311
1230.2083333333333 26.056684472149826 23.093500184227466
1230.7083333333333 26.05857814234006 23.09448496813458
1231.2083333333333 26.060408308925084 23.09548915205077
1231.7083333333333 26.06225820508407 23.096473486646893
1232.2083333333333 26.064061380878783 23.09747317973464
1232.7083333333333 26.065888748368025 23.098467717174238
1233.2083333333333 26.0677294495043 23.099456770004586
1233.7083333333333 26.069521957113317 23.10044786721916
1234.2083333333333 26.07134680704704 23.10143840380116
1234.7083333333333 26.073102082577464 23.102437442231228
1235.2083333333333 26.074897581772383 23.103430899163673
1235.7083333333333 26.076671441715206 23.104426338489272
1236.2083333333333 26.078398021701044 23.10541536566493
1236.7083333333333 26.080128445405858 23.106410856451806
1237.2083333333333 26.081911257639014 23.107410957424307
1237.7083333333333 26.083589047714565 23.108403324347154
1238.2083333333333 26.085319542652154 23.109392602779486
1238.7083333333333 26.087023468496998 23.110390677709653
1239.2083333333333 26.088715278272296 23.111380757681935
1239.7083333333333 26.090406339608734 23.11239113633276
1240.2083333333333 26.092061999343162 23.1133773523218
1240.7083333333333 26.09373639758303 23.114380283249968
1241.2083333333333 26.095392135775604 23.115374260024232
1241.7083333333333 26.097049797136165 23.116378813554892
1242.2083333333333 26.098738720555158 23.11736949581471
1242.7083333333333 26.1003101403833 23.11836567107074
1243.2083333333333 26.101946367141053 23.119369047850867
1243.7083333333333 26.10352801234672 23.120360886187
1244.2083333333333 26.105156200016676 23.121368561781654
1244.7083333333333 26.10669344683913 23.122355595930575
1245.2083333333333 26.1083356429915 23.123362098168094
1245.7083333333333 26.10990717919856 23.12435502819589
1246.2083333333333 26.11144925165824 23.12535738547392
1246.7083333333333 26.11300847447696 23.12635405554177
1247.2083333333333 26.114550185715867 23.127357632010302
1247.7083333333333 26.116096808752758 23.12836359557962
1248.2083333333333 26.117604544870435 23.129350440785018
1248.7083333333333 26.11911514143739 23.130357046642267
1249.2083333333333 26.12062287842475 23.131339236828182
1249.7083333333333 26.122094718621508 23.132353973155038
1250.2083333333333 26.123538195152143 23.133354344512433
1250.7083333333333 26.125036160326133 23.1343566586972
1251.2083333333333 26.126462721745657 23.135350778778495
1251.7083333333333 26.12790028853714 23.13635608624038
1252.2083333333333 26.12936172723083 23.137352880207697
1252.7083333333333 26.13076942261186 23.138363069775444
1253.2083333333333 26.132176954655478 23.139355345789355
1253.7083333333333 26.13357650895798 23.140367810967284
1254.2083333333333 26.134973229474888 23.141367427378366
1254.7083333333333 26.136320099466985 23.14236628448901
1255.2083333333333 26.137667269348015 23.143366185177445
1255.7083333333333 26.139039257605013 23.144371315944202
1256.2083333333333 26.140360356965786 23.145372025748962
1256.7083333333333 26.141698026566537 23.146374170789656
1257.2083333333333 26.142988740086093 23.147374432015212
1257.7083333333333 26.144325633361024 23.148385676389015
1258.2083333333333 26.145598142850424 23.14938067098351
1258.7083333333333 26.146853167473715 23.15038492781103
1259.2083333333333 26.148091208283184 23.151387010170442
1259.7083333333333 26.149362610938354 23.152393514909896
1260.2083333333333 26.15060753044652 23.15339850355583
1260.7083333333333 26.15180897446961 23.154396372753816
1261.2083333333333 26.15302183953181 23.155399567870685
1261.7083333333333 26.154205784864416 23.156407146541195
1262.2083333333333 26.155396856849528 23.157410997925485
1262.7083333333333 26.15656573649698 23.15840616438024
1263.2083333333333 26.1577533324922 23.15941175046366
1263.7083333333333 26.158871108805965 23.160423031877283
1264.2083333333333 26.159965033255208 23.16141851276267
1264.7083333333333 26.16112942586315 23.162433811647123
1265.2083333333333 26.162214767602386 23.163434289655456
1265.7083333333333 26.163342985901465 23.164434098320964
1266.2083333333333 26.16438158196808 23.165440769678362
1266.7083333333333 26.16544014203605 23.16642963481855
1267.2083333333333 26.166470254645084 23.16745031221362
1267.7083333333333 26.16749797585632 23.168445684595696
1268.2083333333333 26.168493127045934 23.169455187616702
1268.7083333333333 26.169566454971353 23.17045873545635
1269.2083333333333 26.170527261518824 23.171466336173367
1269.7083333333333 26.17144891973579 23.172479797530787
1270.2083333333333 26.17246566717288 23.173461864259373
1270.7083333333333 26.173370820129854 23.174468384086445
1271.2083333333333 26.17433709558794 23.175476296330714
1271.7083333333333 26.175223965512604 23.176476587858765
1272.2083333333333 26.17612012973128 23.177487237082698
1272.7083333333333 26.177049859743672 23.178485091091257
1273.2083333333333 26.17786082251793 23.179492284424796
1273.7083333333333 26.17868771993233 23.180496200697227
1274.2083333333333 26.179509041077633 23.181498016737486
1274.7083333333333 26.180285517284354 23.182505434744115
1275.2083333333333 26.18104620971912 23.183503900510335
1275.7083333333333 26.18174749169818 23.18451652588284
1276.2083333333333 26.182488371020156 23.18551232221063
1276.7083333333333 26.183130560770724 23.186528595301468
1277.2083333333333 26.18381144554183 23.187520032195664
1277.7083333333333 26.184421873927775 23.18853046248309
1278.2083333333333 26.185064012767732 23.189535055099633
1278.7083333333333 26.1856573171966 23.19053191571792
1279.2083333333333 26.186203965870057 23.191546523907668
1279.7083333333333 26.186770238996235 23.19254284888073
