FastTrWP/PhaseSpace/IAs/snIa_0.32_30.00_0.73_-0.02.csv
# %ECSV 0.9
# ---
# datatype:
# - {name: time-rel, datatype: float64}
# - {name: g, datatype: float64}
# - {name: i, datatype: float64}
# schema: astropy-2.0
time-rel g i
[from data line 1053]
702.25 22.810895937874534 22.53908855631144
702.75 22.811549609200803 22.538944383294265
703.25 22.812204900806194 22.53879875384809
703.75 22.81286028443425 22.538646945508344
704.25 22.813523892971205 22.53850433536777
704.75 22.81418647343886 22.538360240994475
705.25 22.814853717132358 22.538229311219222
705.75 22.815523104676846 22.538090490877515
706.25 22.816196619322206 22.537957083494607
706.75 22.81688276097375 22.53783144093913
707.25 22.817551719969465 22.537702062270306
707.75 22.818241901325198 22.53757461545473
708.25 22.818922725412975 22.537448829313664
708.75 22.81961779179028 22.5373242860648
709.25 22.820307395939135 22.53721114926723
709.75 22.82099416570714 22.53709030365755
710.25 22.821685430033373 22.536975640894003
710.75 22.822389526107653 22.53685957574325
711.25 22.82309238550625 22.53675302000048
711.75 22.82379795229965 22.536643884734143
712.25 22.824510583196506 22.5365388940285
712.75 22.825215617634203 22.536435644064593
713.25 22.825921675385285 22.536337161669838
713.75 22.82663159375485 22.536235630852538
714.25 22.82734314176777 22.53613605351287
714.75 22.82806014114626 22.536038733292205
715.25 22.828780281265963 22.535948063130483
715.75 22.829507756232246 22.535859462745606
716.25 22.83022505199169 22.535774336844696
716.75 22.830955296415475 22.535685947910835
717.25 22.831682667404674 22.535592605377715
717.75 22.832397827015033 22.53551619908386
718.25 22.833141632419306 22.535436467092367
718.75 22.833870248685987 22.535358539805856
719.25 22.834611773383436 22.535288501666656
719.75 22.835338275660817 22.535211389237478
720.25 22.83608132044739 22.535139251810982
720.75 22.836819355939614 22.535071887547442
721.25 22.8375458013968 22.53500802615894
721.75 22.838288629555628 22.53494581354584
722.25 22.839043337658143 22.53488333392662
722.75 22.839782611934613 22.534817271001092
723.25 22.840530156820215 22.53476623043595
723.75 22.84127788719431 22.53471289087056
724.25 22.842018477311107 22.534658290143348
724.75 22.842767928179857 22.534609457745788
725.25 22.843523680308806 22.534566867635682
725.75 22.844275858063575 22.534511349380452
726.25 22.84503322482138 22.53446664516895
726.75 22.845786274188654 22.534428685677298
727.25 22.846545094843922 22.53438610983566
727.75 22.847306002841925 22.53435168413921
728.25 22.8480697309961 22.534317543286463
728.75 22.84883529313027 22.53428543268541
729.25 22.849612374434702 22.53425485625185
729.75 22.850384457608044 22.534233588155782
730.25 22.851146184798807 22.534203303491175
730.75 22.85193454983068 22.53418151332735
731.25 22.852701950181093 22.53415579666187
731.75 22.8534859454048 22.534136982413703
732.25 22.854266824164657 22.534132789651757
732.75 22.855055999787133 22.53410730845581
733.25 22.85584686725936 22.53410269353813
733.75 22.856629153206917 22.5340895670719
734.25 22.85742235853402 22.534080815094413
734.75 22.85822243788344 22.53407594775554
735.25 22.859012013799575 22.534066816517043
735.75 22.859812676379715 22.53407691733097
736.25 22.860624077481173 22.53406657111718
736.75 22.861416700310563 22.534078083800626
737.25 22.862224244721432 22.5340821949413
737.75 22.86303634905465 22.534093566468208
738.25 22.863840294254025 22.534106377107356
738.75 22.864661934166396 22.534112450731204
739.25 22.86546617101117 22.534132477606313
739.75 22.86628534125334 22.534145211921516
740.25 22.86710961613256 22.53416578484428
740.75 22.86793256781822 22.534191699584063
741.25 22.86874795572252 22.53421078068536
741.7499999999999 22.869574095807724 22.534239309363578
742.25 22.870406142232227 22.534265900231382
742.75 22.871233642877055 22.534296101978267
743.2499999999999 22.872077512860542 22.534332819559786
743.75 22.872902023626537 22.53436434323358
744.25 22.87374136814386 22.53440059692908
744.7499999999999 22.87458014246613 22.53443355954039
745.25 22.875418817365592 22.53448230857633
745.75 22.8762749477941 22.534520119756756
746.2499999999999 22.877105281964155 22.534568618510598
746.75 22.87796474602558 22.534614457416385
747.25 22.87880997489782 22.53466105833936
747.7499999999999 22.87966191402541 22.534712730016764
748.25 22.88051282391368 22.534767981004382
748.75 22.881364695378554 22.53482255862519
749.2499999999999 22.882233628881153 22.534884315702776
749.75 22.88309273251848 22.53494444638727
750.25 22.883952284596887 22.535007463310105
750.7499999999999 22.884815534285515 22.53506633029458
751.25 22.885680241344968 22.53513760878215
751.75 22.886543337286852 22.535197914486677
752.2499999999999 22.887423072011302 22.535271206691085
752.75 22.88828952334668 22.535344342066885
753.25 22.889165895752782 22.53541521299858
753.7499999999999 22.8900447172204 22.535493676741766
754.25 22.890921924477933 22.535574711997583
754.75 22.891801549355286 22.53565846540065
755.2499999999999 22.892684487162015 22.53573581697268
755.75 22.89356402466375 22.535811136841815
756.25 22.894456230564487 22.535898653774538
756.7499999999999 22.895348225938328 22.53599001705025
757.25 22.89623869380611 22.536080675337832
757.75 22.897122493726165 22.536173296019136
758.2499999999999 22.898017711488464 22.536268831830625
758.75 22.898919249549596 22.5363637473045
759.25 22.899821513130597 22.53645522559486
759.7499999999999 22.90073232448944 22.53656150828178
760.25 22.90163774696846 22.53667318672339
760.75 22.902546899992863 22.53678069912413
761.2499999999999 22.90345439193323 22.536880228778156
761.75 22.904361885075414 22.536990839124158
762.25 22.905274574655493 22.53710427424586
762.7499999999999 22.906193858749727 22.537217346640933
763.25 22.90711618970626 22.53733493164554
763.75 22.90803910022863 22.53745172202045
764.2499999999999 22.908959150072633 22.537575287671054
764.75 22.909895186970097 22.537697168891793
765.25 22.910825812515423 22.537820378438198
765.7499999999999 22.91176412524122 22.537952574960034
766.25 22.91269313851884 22.538080004419527
766.75 22.91363133417329 22.538206549872854
767.2499999999999 22.9145709854191 22.53834369981885
767.75 22.915518092487975 22.5384823138447
768.25 22.916457621341102 22.538620799978048
768.7499999999999 22.917412284848567 22.538765908459588
769.25 22.91835526163628 22.538904702375557
769.75 22.91930621650705 22.53905443146055
770.2499999999999 22.9202720691767 22.53919052518384
770.75 22.92121776230468 22.53934675290062
771.25 22.922179320975605 22.539496357356008
771.7499999999999 22.92313778070144 22.53964753884274
772.25 22.92410544817905 22.539803613346724
772.75 22.925063863155735 22.539960117269423
773.2499999999999 22.926031946820345 22.54012240177638
773.75 22.927006713688016 22.540282197091813
774.25 22.92797460904221 22.54043785735488
774.7499999999999 22.928947548269146 22.540607933161148
775.25 22.929927242215587 22.540775482936898
775.75 22.93090167692808 22.540945382412797
776.2499999999999 22.931882076954434 22.54111967955035
776.75 22.932866701185503 22.541287692016322
777.25 22.933855448306307 22.541467075871292
777.7499999999999 22.93483852541028 22.541644439945394
778.25 22.935817666859922 22.54182371069291
778.75 22.936813064780843 22.54199956496204
779.2499999999999 22.93781081007245 22.54218451565997
779.75 22.938789361505243 22.542377716411018
780.25 22.93980136400703 22.542561381708705
780.7499999999999 22.94079243121999 22.54275077026054
781.25 22.941802326849174 22.54293794849826
781.75 22.94280713324557 22.54313832912152
782.2499999999999 22.94380437726952 22.543328187160533
782.75 22.94481847835626 22.543523513721034
783.25 22.945823795370654 22.543729873686026
783.7499999999999 22.946833760397464 22.543922358126235
784.25 22.947852815373302 22.54412969898603
784.75 22.948857861892694 22.54433432524158
785.2499999999999 22.949880540245417 22.544534615312525
785.75 22.950893925373627 22.54474402133141
786.25 22.951918079821393 22.54495405503462
786.7499999999999 22.952951576846957 22.54516489772458
787.25 22.953955513482608 22.545376235170398
787.75 22.95498865684561 22.545595497100717
788.2499999999999 22.95601876595153 22.545812101497063
788.75 22.957052381576922 22.546039818160885
789.25 22.95808270033835 22.546262998698463
789.7499999999999 22.95912125653104 22.546481173676327
790.25 22.960159900898553 22.546705827324132
790.75 22.961205422714144 22.546938882558422
791.2499999999999 22.962246961101425 22.54716663309942
791.75 22.963295466249548 22.547387015478975
792.25 22.96435572673991 22.547624090537646
792.7499999999999 22.965407739677325 22.547860229213697
793.25 22.96645736020739 22.548097614207393
793.75 22.967522610493702 22.54833864673998
794.2499999999999 22.968585620514897 22.548576210411902
794.75 22.96965589935195 22.548812202580333
795.25 22.970720376067927 22.549060490944008
795.7499999999999 22.971797929574073 22.549309612233465
796.25 22.97287814349243 22.549554371579536
796.75 22.973953510413452 22.549806344886477
797.2499999999999 22.97502993249093 22.550062213814858
797.75 22.976117262557935 22.550310645742204
798.25 22.97720229669274 22.55056290355423
798.7499999999999 22.97828910583057 22.550824414859587
799.25 22.979383987039903 22.551087594685498
799.75 22.980480753104896 22.551340157276087
800.2499999999999 22.981575180492733 22.551612829529972
800.75 22.982673366231584 22.551873211674117
801.25 22.983764527370113 22.55214046057968
801.7499999999999 22.984867155569436 22.55240604612873
802.25 22.98596957715756 22.552689558200008
802.75 22.98706987589942 22.552960098376996
803.2499999999999 22.988185889716718 22.553233603288415
803.75 22.98930111805118 22.553513897252525
804.25 22.9904033155406 22.553793653388368
804.7499999999999 22.99151850408983 22.55408200501536
805.25 22.99263084674157 22.554366611937407
805.75 22.993754632120712 22.554648739450478
806.2499999999999 22.99487012851458 22.55494268069149
806.75 22.995990577929412 22.555228396778816
807.25 22.99710784165025 22.55552865210204
807.7499999999999 22.998238689122232 22.555825112356732
808.25 22.999351970652814 22.556119301191426
808.75 23.000483318704013 22.5564238590878
809.2499999999999 23.001619920853692 22.55672091678929
809.75 23.002731584390794 22.557028720079213
810.25 23.00387802249073 22.557340551817834
810.7499999999999 23.00500168177907 22.557643514716975
811.25 23.00613124222274 22.55795530284837
811.75 23.007268516533436 22.55827529426655
812.2499999999999 23.008396863299232 22.558583958347683
812.75 23.009532205800355 22.558915484890175
813.25 23.010659524655072 22.559228494416676
813.7499999999999 23.011794089512527 22.55955868747388
814.25 23.012937950253786 22.55987946402272
814.75 23.01407145801294 22.560214311057578
815.2499999999999 23.0152019331336 22.56053773926643
815.75 23.016346045323544 22.56087799421206
816.25 23.0174832713023 22.56120555987295
816.7499999999999 23.018614919181296 22.56154993601809
817.25 23.0197625835362 22.561895088221867
817.75 23.020890995740352 22.562227983089013
818.2499999999999 23.02203620995215 22.562576308702806
818.75 23.02317509493181 22.562931979314797
819.25 23.02431147049583 22.563274008217334
819.7499999999999 23.02545850810878 22.56363084744091
820.25 23.026594858636113 22.563985024888563
820.75 23.027732347693302 22.56434366435095
821.2499999999999 23.02887132691305 22.564707284626305
821.75 23.030006501843182 22.565068366411325
822.25 23.03115799127032 22.56544295143952
822.7499999999999 23.03231318181895 22.56580628201174
823.25 23.033451119921196 22.566180590235398
823.75 23.03459685263722 22.566552113208576
824.2499999999999 23.035740609040403 22.56693014975027
824.75 23.0368958472001 22.56731166037161
825.25 23.038045169792834 22.56768671998853
825.7499999999999 23.039200051251672 22.568072014283693
826.25 23.040369296503243 22.56845854432115
826.75 23.041516214529363 22.56884454585842
827.2499999999999 23.042676692123788 22.56923354495909
827.75 23.04382911198457 22.569630014960925
828.25 23.044993282952653 22.570022861141087
828.7499999999999 23.046147132021794 22.570417488641166
829.25 23.047311547215422 22.570821905174284
829.75 23.04847739718289 22.5712252456805
830.2499999999999 23.04963875303425 22.5716329033393
830.75 23.050811115246926 22.572038697540062
831.25 23.0519724330625 22.57244366874839
831.7499999999999 23.05315679406508 22.57286178609408
832.25 23.054314756557716 22.573276032801125
832.75 23.055483632668334 22.573683303591828
833.2499999999999 23.056655362138674 22.574108517321925
833.75 23.057830687752077 22.57453320196238
834.25 23.05899978410146 22.574956988218005
834.7499999999999 23.06018904916765 22.57537986675958
835.25 23.061357267012728 22.575807936102557
835.75 23.062538197970575 22.576242345757606
836.2499999999999 23.0637244219964 22.5766774251028
836.75 23.064893381795923 22.577111730113543
837.25 23.06608073141865 22.57755111806909
837.7499999999999 23.06725970044443 22.577993736568935
838.25 23.068437752684364 22.57844081536327
838.75 23.06962081833214 22.578877837763205
839.2499999999999 23.070813655113284 22.579324881440485
839.75 23.071998806007414 22.579776835995546
840.25 23.07319135072728 22.58023379750632
840.7499999999999 23.0743789452044 22.58068688386942
841.25 23.0755568449036 22.581147546950852
841.75 23.076736855272838 22.581601626458827
842.2499999999999 23.07793351382943 22.582067119088244
842.75 23.07913929586106 22.582527493222614
843.25 23.08032429791779 22.58299131956338
843.7499999999999 23.081517047814707 22.58346363822549
844.25 23.082718537624693 22.583939205721954
844.75 23.08390499135527 22.584405597784368
845.2499999999999 23.085102006673885 22.584890641574834
845.75 23.08630246958661 22.585358105805497
846.25 23.087499112197804 22.585841346922532
846.7499999999999 23.0886894977472 22.58631647971398
847.25 23.089891866233376 22.586806859484806
847.75 23.0910952571926 22.587297106115074
848.2499999999999 23.092297380674218 22.58778682392673
848.75 23.093488986012638 22.588274291732514
849.25 23.094692257309042 22.58877578143895
849.7499999999999 23.095892988729556 22.589268593672326
850.25 23.097100459720565 22.589766383066745
850.75 23.098303726079642 22.59027349134665
851.2499999999999 23.099507353462307 22.590773577347036
851.75 23.10071247197866 22.591284078207305
852.25 23.10191285373516 22.59178399513706
852.7499999999999 23.103122564394553 22.59230134946454
853.25 23.10432580234452 22.59280614300004
853.75 23.10553771017232 22.59332396111079
854.2499999999999 23.106742888372036 22.593835659103114
854.75 23.10795552027029 22.594363091482343
855.25 23.109160691229704 22.594888486521675
855.7499999999999 23.110378675788287 22.595411116609885
856.25 23.11158432433942 22.595940839944966
856.75 23.112802864610348 22.59646991047962
857.2499999999999 23.114010023865475 22.597000534120344
857.75 23.11522111510172 22.597538647693696
858.25 23.116439234323764 22.598078011626477
858.7499999999999 23.117656118705515 22.598622549604222
859.25 23.11887235248539 22.599167085813704
859.75 23.12009956169133 22.599709268354946
860.2499999999999 23.121308711455125 22.60025857786511
860.75 23.122534625943807 22.600809099205023
861.25 23.12375207527002 22.601362116500777
861.7499999999999 23.124972549785845 22.601915016331446
862.25 23.126204997571428 22.60248165220924
862.75 23.127420054570035 22.603040310261548
863.2499999999999 23.12865126026695 22.603596803182057
863.75 23.12987067396067 22.604160381491386
864.25 23.13109764662563 22.604729548636872
864.7499999999999 23.132329639564674 22.605305910968774
865.25 23.13355249475869 22.6058813612541
865.75 23.1347831727464 22.606454164789476
866.2499999999999 23.136007258190837 22.607029154193874
866.75 23.137243325145292 22.607613840264506
867.25 23.138476322384264 22.60818784499491
867.7499999999999 23.139712241279867 22.60877492335041
868.25 23.140947848980787 22.609367647906772
868.75 23.142190744435762 22.609959439814315
869.2499999999999 23.143415884150826 22.61055268772244
869.75 23.14466704213947 22.611145676522636
870.25 23.145893781875976 22.611739613718676
870.7499999999999 23.147123156935116 22.612346824408874
871.25 23.14836996558736 22.61294031879881
871.75 23.14961543589945 22.61354588401622
