FastTrWP/PhaseSpace/IAs/snIa_0.39_30.00_-0.14_-0.03.csv
# %ECSV 0.9
# ---
# datatype:
# - {name: time-rel, datatype: float64}
# - {name: g, datatype: float64}
# - {name: i, datatype: float64}
# schema: astropy-2.0
time-rel g i
[from data line 1077]
123.0 23.110314060752298 22.480585422154196
123.5 23.111300635135784 22.48052051895334
124.0 23.112271470786702 22.48046279272956
124.5 23.113267972648597 22.480409409227626
125.0 23.114245775881525 22.480352300605055
125.5 23.115245804806396 22.48030572146645
126.0 23.11623674653991 22.480260444568646
126.5 23.117222462659534 22.48020770754603
127.0 23.118218940837902 22.48016399660189
127.5 23.119217063074956 22.48012209751179
128.0 23.12021511938832 22.480082987611553
128.5 23.12120794600066 22.48004909227803
129.0 23.122225348471453 22.48001307097511
129.5 23.12322797132832 22.479984370746095
130.0 23.12423845133027 22.47995302001498
130.5 23.125253820354676 22.479920206861557
131.0 23.12626713448527 22.479893452649478
131.5 23.127278616995053 22.479873873834126
132.0 23.12830265459473 22.47984765758539
132.5 23.129319574405265 22.47983788783479
133.0 23.13034256101995 22.47981563712218
133.5 23.131371248990447 22.479800138720915
134.0 23.132394295563195 22.479786162534165
134.5 23.133425299237572 22.47977600545216
134.9999999999999 23.134460742896366 22.479770250239998
135.5 23.13549385089056 22.47975882050907
136.0 23.136530915802 22.479757082767406
136.4999999999999 23.137566275336706 22.479756490170267
137.0 23.138605004959274 22.47975708309806
137.5 23.139649511710275 22.47975895314685
137.9999999999999 23.140695770187136 22.479758531360922
138.5 23.141738680091724 22.47977455881772
139.0 23.1427987276189 22.479775618529352
139.4999999999999 23.143843151707493 22.479786700691303
140.0 23.144902693026047 22.479803292070226
140.5 23.145955746023212 22.479816475659216
140.9999999999999 23.147009777149723 22.47983145654797
141.5 23.148072634180497 22.47985307694997
142.0 23.149125439542434 22.4798738120927
142.4999999999999 23.150186632456602 22.479901194519112
143.0 23.151262964589932 22.479928026227704
143.5 23.152331976447527 22.479946095653954
143.9999999999999 23.153394146196224 22.479979473606058
144.5 23.154470945792617 22.480017966348488
145.0 23.155552316891562 22.480044252510545
145.4999999999999 23.15661825305186 22.48008249958451
146.0 23.15770019247389 22.480121349722207
146.5 23.158772710219342 22.480158370095236
146.9999999999999 23.159863044402243 22.480201506944525
147.5 23.16094988431598 22.480250929134456
148.0 23.16202725677554 22.480293788982884
148.4999999999999 23.163121536725775 22.48034013005112
149.0 23.16421953465287 22.480393593726923
149.5 23.165307753609305 22.480440315638237
149.9999999999999 23.16640004690751 22.4805012429597
150.5 23.167499177502805 22.480558164128833
151.0 23.168591861573734 22.480614474693716
151.4999999999999 23.16970352231074 22.48067447061146
152.0 23.170802943914843 22.480736843008824
152.5 23.171904409684746 22.480801018356793
152.9999999999999 23.17300702283125 22.480871441792225
153.5 23.174117703101 22.480937514865854
154.0 23.17523671018385 22.481005229835958
154.4999999999999 23.17633482459015 22.481080603772604
155.0 23.177460940526252 22.48115860682102
155.5 23.178583562023793 22.48123607728032
155.9999999999999 23.17969945686834 22.481305278972812
156.5 23.18081953144369 22.48138997411632
157.0 23.181952017231957 22.481471831288893
157.4999999999999 23.18307522513642 22.481561529964097
158.0 23.18421363373114 22.481649910134376
158.5 23.185353974746164 22.481747574258833
158.9999999999999 23.186486913508595 22.481834356557897
159.5 23.187624847777222 22.48193048090398
160.0 23.188764334852145 22.482018620224594
160.4999999999999 23.189905741525173 22.482121059022568
161.0 23.19105841272436 22.48222574569259
161.5 23.19219856769624 22.48233517010368
161.9999999999999 23.193343479634535 22.482437368774665
162.5 23.194503385908742 22.482544278802244
163.0 23.195662566251023 22.482659907200468
163.4999999999999 23.19681417219625 22.482765153955842
164.0 23.1979818896786 22.482881952875225
164.5 23.199142815865343 22.482992068907283
164.9999999999999 23.200305342599666 22.48311730324646
165.5 23.20148210543943 22.483235853572015
166.0 23.202640179133542 22.483362508331417
166.4999999999999 23.20381462143583 22.48348784263534
167.0 23.204992460857696 22.48361530608524
167.5 23.20617394469403 22.483746367810454
167.9999999999999 23.207348047984002 22.4838715310028
168.5 23.208527231100476 22.484008054230053
169.0 23.20972182298556 22.484145027706653
169.4999999999999 23.2108893282977 22.48427267071397
170.0 23.212085604099567 22.4844187974308
170.5 23.21327155800756 22.484554968336017
170.9999999999999 23.214465347461232 22.484701309594325
171.5 23.21566337838017 22.484844010162362
172.0 23.2168536802166 22.484989017288235
172.4999999999999 23.21807143300922 22.485151424980163
173.0 23.219254716502107 22.48529237554358
173.5 23.22046259905577 22.485449008147942
173.9999999999999 23.221666135551256 22.485609917538817
174.5 23.2228801463398 22.485758979440046
175.0 23.22408976629295 22.48591924262612
175.4999999999999 23.225296556453937 22.486083496672293
176.0 23.226516688209653 22.486250447247773
176.5 23.227723539523517 22.486410035759498
176.9999999999999 23.22894998245261 22.48658249276219
177.5 23.230164569033157 22.486742260281925
178.0 23.23139864395713 22.48691442717441
178.4999999999999 23.23262051349537 22.487085177099676
179.0 23.23383836190217 22.4872624617554
179.5 23.23506937737279 22.487439308179376
179.9999999999999 23.23630766042404 22.48761385559861
180.5 23.237533025092866 22.48780227391464
181.0 23.238770716435987 22.487983288674165
181.4999999999999 23.24001191788408 22.488169731058164
182.0 23.241240231917615 22.48834645598845
182.5 23.24248308795953 22.488535827595946
182.9999999999999 23.243719182917232 22.488726198592307
183.5 23.244965636866176 22.48892287238402
184.0 23.24621714648188 22.489113519285148
184.4999999999999 23.247466187280427 22.489311161798344
185.0 23.248708046851032 22.489505291455814
185.5 23.249973861003333 22.48970052692112
185.9999999999999 23.251228217632487 22.489903132416696
186.5 23.252471321659876 22.490102591923122
187.0 23.253738316401467 22.490314584306464
187.4999999999999 23.25500484556992 22.49052020820717
188.0 23.256265353962824 22.490730496469133
188.5 23.257527801718908 22.490934324203778
188.9999999999999 23.2588045141827 22.49114205901447
189.5 23.260093699936224 22.491369323455604
190.0 23.261369641715905 22.491582411764593
190.4999999999999 23.26265646045407 22.49180322051659
191.0 23.26394065247497 22.492016284563768
191.5 23.265240455930766 22.49224561162139
191.9999999999999 23.266520360972468 22.49246794955658
192.5 23.26781306027522 22.492690199260945
193.0 23.269112247127453 22.492921691480024
193.4999999999999 23.270416303399983 22.493152367045557
194.0 23.271721170356372 22.493387096391313
194.5 23.27301712633669 22.493619159834118
194.9999999999999 23.274331786476232 22.49385347381502
195.5 23.27564783844017 22.49409803191022
196.0 23.276962506355655 22.494336320789678
196.4999999999999 23.27828017073356 22.494575658671568
197.0 23.279604520169986 22.494815562385554
197.5 23.280930372721148 22.495067741248196
197.9999999999999 23.282252543545887 22.49531584652635
198.5 23.28357591183096 22.49556735303956
199.0 23.284911563609047 22.495813616445698
199.4999999999999 23.286241788042744 22.496076446667438
200.0 23.287581439945086 22.49632921474231
200.5 23.28891727259384 22.496591006610515
200.9999999999999 23.290260535312704 22.496851853960493
201.5 23.29159658967143 22.497110805338263
202.0 23.29292793530695 22.49737621557035
202.4999999999999 23.294281652482802 22.497644354399565
203.0 23.295633770293882 22.497909853231015
203.5 23.296970187481154 22.498176241231462
203.9999999999999 23.29831528973756 22.498452379889457
204.5 23.29967965165265 22.498727523466556
205.0 23.3010273227939 22.499004932833873
205.4999999999999 23.30237714876789 22.49928140048738
206.0 23.303736198794493 22.499563671244527
206.5 23.305083508345575 22.499848720792073
206.9999999999999 23.30645634782542 22.50013206566447
207.5 23.307815552719262 22.500419006851686
208.0 23.309174070614034 22.500710721649895
208.4999999999999 23.310534436417836 22.500991861696363
209.0 23.31190111101375 22.501289521024034
209.5 23.313261623600965 22.50158315288173
209.9999999999999 23.31464141458866 22.501876705045845
210.5 23.31600377671336 22.502172785216384
211.0 23.31736676532442 22.502475382194156
211.4999999999999 23.31873218716951 22.502780618780513
212.0 23.320099438151217 22.503087660146527
212.5 23.321464872978833 22.503390923573164
212.9999999999999 23.322838144383155 22.503698556718035
213.5 23.32420604503688 22.504013477051803
214.0 23.325580708243653 22.504317028523882
214.4999999999999 23.326946015011618 22.504633880864525
215.0 23.32831808029596 22.504960427992945
215.5 23.329688316899812 22.505273379566017
215.9999999999999 23.331061172759078 22.505584663024358
216.5 23.332431810753235 22.50591169809538
217.0 23.333793221730033 22.50623641606573
217.4999999999999 23.335171351098168 22.506564959624523
218.0 23.336548325875434 22.506897668518707
218.5 23.337915100257245 22.507223670835025
218.9999999999999 23.339281807385326 22.507551323493587
219.5 23.34065326189242 22.5078892329841
220.0 23.342019317244382 22.508224695860765
220.4999999999999 23.343391580908722 22.508558741105933
221.0 23.344766039103334 22.50890245974382
221.5 23.346142232260632 22.509242029026222
221.9999999999999 23.347522846510167 22.50958544211266
222.5 23.348886719320035 22.509937920992883
223.0 23.350261368640428 22.51028365642021
223.4999999999999 23.351637145240062 22.510632564628427
224.0 23.353026220630756 22.51098881768131
224.5 23.354400719790803 22.51134877633784
224.9999999999999 23.355787675098732 22.511705219466954
225.5 23.357162405774275 22.512067262098476
226.0 23.358563966200137 22.512429562366133
226.4999999999999 23.359943896959297 22.512794456547635
227.0 23.361334060035603 22.513150848524994
227.5 23.36272452111016 22.513527144998925
227.9999999999999 23.36410746794887 22.51389371112708
228.5 23.365489141695438 22.5142732993193
229.0 23.366886352442236 22.514649272725435
229.4999999999999 23.368284288327345 22.515018355513693
230.0 23.369680408871446 22.515396745914316
230.5 23.371073317229506 22.515776677682766
230.9999999999999 23.372459828125173 22.516165193163154
231.5 23.373861552379243 22.51655212604554
232.0 23.375268009104904 22.51693846137199
232.4999999999999 23.376674617067046 22.51732148285115
233.0 23.378066770527948 22.517719037172164
233.5 23.37947440882488 22.518117697585218
233.9999999999999 23.380873283501955 22.51850917813154
234.5 23.382278255023962 22.518900174600684
235.0 23.383691139626407 22.519303029082106
235.4999999999999 23.38508620090898 22.519702717735946
236.0 23.38648910723636 22.52011100550355
236.5 23.387900213913497 22.520517307616004
236.9999999999999 23.3893122718193 22.520930101049693
237.5 23.390721652192607 22.5213358299574
238.0 23.39212570090838 22.52174401240311
238.4999999999999 23.39354091087856 22.52215954706297
239.0 23.394943476410553 22.52257063291247
239.5 23.396361479880618 22.522995621325563
239.9999999999999 23.39778351894767 22.523412777442747
240.5 23.399203413978043 22.52383273646498
241.0 23.400609975548626 22.524253023217092
241.4999999999999 23.402019262524473 22.52468551159798
242.0 23.40344534615493 22.52510858896097
242.5 23.40485513937643 22.52553431483712
242.9999999999999 23.406279311912247 22.52597314753953
243.5 23.407703552901285 22.52640024483068
244.0 23.409117171746026 22.526839464893275
244.4999999999999 23.41053518272974 22.527278729396592
245.0 23.41196368267738 22.527708463048125
245.5 23.413382076353596 22.528146643595445
245.9999999999999 23.414801169723276 22.528591349338175
246.5 23.41622748319204 22.52903865799776
247.0 23.417650953618143 22.52949633526372
247.4999999999999 23.41906643244997 22.529937050435347
248.0 23.420491696717733 22.53038517194524
248.5 23.42192572121021 22.530836707390314
248.9999999999999 23.423348201804068 22.531286453178584
249.5 23.42477421243972 22.531754365953894
250.0 23.42620060930272 22.532204579987777
250.4999999999999 23.427635446835588 22.53266059686178
251.0 23.42906159191367 22.533129943950733
251.5 23.430489842589303 22.533594421642018
251.9999999999999 23.43191948630579 22.534067068940722
252.5 23.433350741639103 22.534522478746695
253.0 23.434777982385498 22.534994104270556
253.4999999999999 23.43620665985241 22.535452487982973
254.0 23.437633216112737 22.535938187347764
254.5 23.439055329898153 22.53640938392588
254.9999999999999 23.440498687534333 22.536886758710722
255.5 23.441935645189073 22.53736988972252
256.0 23.443368370800105 22.537851357225772
256.4999999999999 23.44479058215034 22.538331812642877
257.0 23.44623708939288 22.538819806350382
257.5 23.447665417949626 22.539300846449017
257.9999999999999 23.449111215371445 22.53979841034053
258.5 23.450547101306498 22.540292135490056
259.0 23.451975928758067 22.540784465376053
259.4999999999999 23.45341175105631 22.541281684783062
260.0 23.454853011151975 22.541784026739613
260.5 23.456288740814443 22.542281349220772
260.9999999999999 23.457735041963574 22.542789908126725
261.5 23.459175298900888 22.543285296590945
262.0 23.46061389330659 22.543797403709295
262.4999999999999 23.462051016495952 22.544303683724674
263.0 23.4634931110176 22.544818496737786
263.5 23.464943119509456 22.54532531907433
263.9999999999999 23.46639035599617 22.545848592639107
264.5 23.467831596160682 22.546368528109802
265.0 23.469273909108495 22.546881741452765
265.4999999999999 23.470719162349162 22.54741052194681
266.0 23.472175490487544 22.54792640995088
266.5 23.47362716470591 22.548453132463507
266.9999999999999 23.47507486457314 22.548981296065524
267.5 23.476515466522994 22.54951387607539
268.0 23.477970753767437 22.55003701123719
268.4999999999999 23.479424479103002 22.550574445122248
269.0 23.48087496022974 22.551112608710795
269.5 23.482326984294613 22.551654037731446
269.9999999999999 23.48378877848849 22.552184882536743
270.5 23.485235215428535 22.552732412362232
271.0 23.48669966106445 22.55327947007089
271.4999999999999 23.488139710547188 22.553825374544626
272.0 23.489612246620247 22.554371392901025
272.5 23.491060017912922 22.554921214800636
272.9999999999999 23.492519199429292 22.55547388096698
273.5 23.493983546145408 22.55602566196714
274.0 23.495438487292457 22.55658292987843
274.4999999999999 23.4968978112463 22.557134965090356
275.0 23.498352591185277 22.55770599506313
275.5 23.499834923200524 22.558256817553875
275.9999999999999 23.501285811949394 22.558824871089207
276.5 23.502760743712457 22.55939829167471
277.0 23.504214680373437 22.55994952228257
277.4999999999999 23.505689008626472 22.56052461738947
278.0 23.507158888554596 22.561094782595763
278.5 23.508625929080203 22.561670132937177
278.9999999999999 23.510085985198685 22.562249609585685
279.5 23.511561925937507 22.562824392400373
280.0 23.513041726924627 22.56339946787824
280.4999999999999 23.514513661318635 22.56398555866418
281.0 23.515988158274897 22.564565032610446
281.5 23.517470892309873 22.565147470581866
281.9999999999999 23.51894244719267 22.56573205315137
282.5 23.520403561386335 22.56632507047257
283.0 23.52189042209187 22.56690645166829
283.4999999999999 23.523363329692913 22.56749748464234
284.0 23.52485732729002 22.568095088394596
284.5 23.526325976627746 22.56869752950678
284.9999999999999 23.52780703551785 22.56929013669186
285.5 23.529307009598497 22.569887191226417
286.0 23.530773495672328 22.570497592204184
286.4999999999999 23.532256219180155 22.571095412836996
287.0 23.533753759741888 22.571694332095706
287.5 23.535238675282816 22.5723100955252
287.9999999999999 23.536733088114094 22.57291201892066
288.5 23.53820611687338 22.573523092019613
289.0 23.53969744736558 22.574143438939373
289.4999999999999 23.541188614939706 22.574759434519976
290.0 23.542681186691222 22.57537286678472
290.5 23.54416551089459 22.575991332520577
290.9999999999999 23.545657156645706 22.576614884360424
291.5 23.54715012258527 22.577238414995897
292.0 23.548655924360695 22.577863985733817
