FastTrWP/PhaseSpace/IAs/snIa_0.67_30.00_0.46_0.11.csv
# %ECSV 0.9
# ---
# datatype:
# - {name: time-rel, datatype: float64}
# - {name: g, datatype: float64}
# - {name: i, datatype: float64}
# schema: astropy-2.0
time-rel g i
[from data line 285]
268.7916666666667 25.412312475125404 23.158699890977985
269.2916666666667 25.408760086995386 23.15595162214972
269.7916666666667 25.40518432817079 23.153228501745758
270.2916666666667 25.40164445625409 23.150485384997744
270.7916666666667 25.398081738839263 23.147764396584133
271.2916666666667 25.39458063591871 23.145042743299257
271.7916666666667 25.391028122585226 23.14233249309101
272.2916666666667 25.387491204241353 23.139619225992988
272.7916666666667 25.384000754547905 23.13691015146833
273.2916666666667 25.380467949556245 23.134221400039788
273.7916666666667 25.37696948727834 23.131526957665617
274.2916666666667 25.37348079643808 23.128834660850778
274.7916666666667 25.36999731224423 23.126153354293614
275.2916666666667 25.366498339165688 23.123479779182393
275.7916666666667 25.36300981181689 23.120806897621392
276.2916666666667 25.359541364288518 23.11813935651007
276.7916666666667 25.35607530774535 23.115479629447417
277.2916666666667 25.352613169330095 23.112823130568113
277.7916666666667 25.349131654868295 23.110164211759727
278.2916666666667 25.34573719139285 23.107529580822646
278.7916666666667 25.342284443370822 23.104889717151668
279.2916666666667 25.338849773375696 23.10224526433403
279.7916666666667 25.335422314748204 23.099613872526273
280.2916666666667 25.331997880114535 23.096978158632155
280.7916666666667 25.328564725378243 23.094356872891566
281.2916666666667 25.325160885931858 23.091746291116245
281.7916666666667 25.321760250494446 23.089127355931524
282.2916666666667 25.31836005054533 23.0865233828562
282.7916666666667 25.314978871448915 23.08391808260341
283.2916666666667 25.31155294390555 23.081319362821592
283.7916666666667 25.308226551934183 23.07871240475851
284.2916666666667 25.30479372608105 23.076135233032144
284.7916666666667 25.30146323493309 23.07354071953183
285.2916666666667 25.29808405377532 23.07096892325792
285.7916666666667 25.294685494089375 23.068387142617382
286.2916666666667 25.29136037121157 23.06581560070928
286.7916666666667 25.288012494262958 23.06325010484525
287.2916666666667 25.284698541189293 23.060687507109947
287.7916666666667 25.28132751069368 23.058123424070352
288.2916666666667 25.27799767188887 23.055563773407478
288.7916666666667 25.274654201404413 23.053016438326996
289.2916666666667 25.27137314480005 23.050466335007464
289.7916666666667 25.268020432741352 23.047920022014374
290.2916666666667 25.26473206721502 23.0453806285117
290.7916666666667 25.261410629344144 23.04284442371867
291.2916666666667 25.25812020007929 23.040315575911038
291.7916666666667 25.254806369917702 23.03778784702526
292.2916666666667 25.251552242565975 23.03526210526941
292.7916666666667 25.248217934527084 23.032741408532644
293.2916666666667 25.244952762390483 23.030226307105576
293.7916666666667 25.24165562671985 23.027714690574044
294.2916666666667 25.238394998722107 23.02521083675665
294.7916666666667 25.235126390669755 23.022705073863552
295.2916666666667 25.23186668472058 23.020208565883927
295.7916666666667 25.228596080787664 23.017711162131285
296.2916666666667 25.22536139055624 23.01522174934208
296.7916666666667 25.222116778443247 23.012738376053193
297.2916666666667 25.21884523807962 23.010246833676575
297.7916666666667 25.215634509488247 23.00777645106021
298.2916666666667 25.212386872740375 23.005300576793953
298.7916666666667 25.20918652572152 23.002837730515857
299.2916666666667 25.20596034420312 23.000371660106712
299.7916666666667 25.202752983543476 22.997912633010955
300.2916666666667 25.199526678496113 22.995461012028088
300.7916666666667 25.196321373569663 22.993007688094643
301.2916666666667 25.193143911576268 22.990559644914804
301.7916666666667 25.189926362002364 22.98811610949024
302.2916666666667 25.18678010638687 22.985679691628146
302.7916666666667 25.183589507511563 22.983245073343213
303.2916666666667 25.18041037556621 22.980812283834258
303.7916666666667 25.177243282811148 22.97839454479616
304.2916666666667 25.17408182319224 22.97596701637667
304.7916666666667 25.17091345337625 22.973551828649903
305.2916666666667 25.16776680887155 22.971129981922097
305.7916666666667 25.16459061612855 22.96871949747679
306.2916666666667 25.161470643821765 22.966304138042517
306.7916666666667 25.158318759573085 22.963911104228046
307.2916666666667 25.15518647843798 22.96151027720939
307.7916666666667 25.15206093469848 22.9591167473302
308.2916666666667 25.148937221953496 22.956723151929353
308.7916666666667 25.145805431108403 22.95434173074355
309.2916666666667 25.142679122207085 22.951961777845202
309.7916666666667 25.139568750590357 22.94957952856747
310.2916666666667 25.136471589305202 22.947209975964988
310.7916666666667 25.13335403777807 22.9448269127
311.2916666666667 25.130285589943014 22.94246889192218
311.7916666666667 25.127183887377793 22.940102270148536
312.2916666666667 25.12407578766743 22.937734330496127
312.7916666666667 25.121007648916923 22.93537948638102
313.2916666666667 25.11792119422485 22.933028192283608
313.7916666666667 25.11484279631616 22.93067175512983
314.2916666666667 25.11177911354761 22.92832540709108
314.7916666666667 25.108706811258777 22.925980710968435
315.2916666666667 25.105660588493677 22.923647221260946
315.7916666666667 25.10261622836419 22.921316299367124
316.2916666666667 25.09957385581029 22.918976177345787
316.7916666666667 25.096526710259667 22.91665248219191
317.2916666666667 25.093458704784677 22.91432409217213
317.7916666666667 25.090434574475783 22.912001525471073
318.2916666666667 25.087399655417748 22.909680743363417
318.7916666666667 25.084344144645403 22.907364202574527
319.2916666666667 25.08131900114986 22.90504785908402
319.7916666666667 25.078308003516774 22.902746604331327
320.2916666666667 25.0752854329599 22.90043801125718
320.7916666666667 25.072276008011688 22.898141020513947
321.2916666666667 25.06927691104736 22.895841202202433
321.7916666666667 25.066249411310885 22.893545899736697
322.2916666666667 25.06326914311626 22.89125041029182
322.7916666666667 25.06025869079522 22.888956868689757
323.2916666666667 25.0572702307975 22.886676375012435
323.7916666666667 25.054268510809532 22.88439130293886
324.2916666666667 25.051309325114318 22.882108463708324
324.7916666666667 25.04831622177509 22.879831656894844
325.2916666666667 25.045350403459693 22.877559120374823
325.7916666666667 25.04237965007561 22.87529141413621
326.2916666666667 25.03941531157951 22.87301716403103
326.7916666666667 25.036433580662848 22.870761417029026
327.2916666666667 25.033469160016818 22.8684940649817
327.7916666666667 25.030549136981005 22.866238086259155
328.2916666666667 25.0275577209489 22.863984492861285
328.7916666666667 25.02462402538161 22.86173300539763
329.2916666666667 25.02168542076887 22.859477939813303
329.7916666666667 25.018745876568623 22.857224356907643
330.2916666666667 25.01581246127063 22.85498848022815
330.7916666666667 25.012861635587807 22.852743537633998
331.2916666666667 25.009946446938045 22.850506965631112
331.7916666666667 25.007041172553393 22.84826349872474
332.2916666666667 25.004106123578094 22.84603692557954
332.7916666666667 25.001176592135096 22.843811484942623
333.2916666666667 24.99827215317349 22.841585318168754
333.7916666666667 24.995331946889813 22.83934687377897
334.2916666666667 24.9924401257957 22.83713116544565
334.7916666666667 24.989543356761878 22.83491885287485
335.2916666666667 24.986628854119832 22.83269749870614
335.7916666666667 24.983735040744076 22.830478975036375
336.2916666666667 24.980809060933005 22.828255532790074
336.7916666666667 24.977902955821012 22.826038377863746
337.2916666666667 24.974978234301783 22.823816337846274
337.7916666666667 24.97205097408125 22.82159944351588
338.2916666666667 24.969143001431906 22.81938053047597
338.7916666666667 24.966219121660565 22.817160127909112
339.2916666666667 24.96330288426936 22.81494559288162
339.7916666666667 24.96036121887638 22.812742051615636
340.2916666666667 24.957448635409886 22.8105156658812
340.7916666666667 24.954509420798203 22.808302177600392
341.2916666666667 24.951597422253926 22.806089875945265
341.7916666666667 24.948668557304995 22.803872586370332
342.2916666666667 24.94573139447242 22.80167030052408
342.7916666666667 24.94282563035435 22.79945812403134
343.2916666666667 24.939886683667094 22.797249290568242
343.7916666666667 24.93697671143501 22.7950435888768
344.2916666666667 24.93406627269891 22.792839969782097
344.7916666666667 24.931115978340618 22.790648204839464
345.2916666666667 24.92822433490766 22.788454079870974
345.7916666666667 24.925321684380837 22.786252992747393
346.2916666666667 24.92242634346478 22.784056660818756
346.7916666666667 24.919501669805378 22.781866534765225
347.2916666666667 24.91660493284071 22.779678250871534
347.7916666666667 24.91370495640417 22.777489725704875
348.2916666666667 24.91081052075444 22.775312150936596
348.7916666666667 24.907895602680448 22.77313722626431
349.2916666666667 24.905036152586042 22.77095716905208
349.7916666666667 24.90215645333364 22.76877138062584
350.2916666666667 24.89930415329998 22.766608134710566
350.7916666666667 24.896424370484944 22.764443613366893
351.2916666666667 24.89354691242948 22.7622813903616
351.7916666666667 24.89069599941283 22.760123687153392
352.2916666666667 24.88785530724701 22.75796851619786
352.7916666666667 24.88499842409915 22.755815723591493
353.2916666666667 24.882176288411447 22.7536609915566
353.7916666666667 24.879323953888477 22.75152572393463
354.2916666666667 24.87649814126999 22.749380072447188
354.7916666666667 24.873693110756644 22.74725009613736
355.2916666666667 24.870848396665842 22.74511589151232
355.7916666666667 24.868079883686065 22.74299217963556
356.2916666666667 24.865277907474507 22.74086741268404
356.7916666666667 24.862490181639913 22.73874566109385
357.2916666666667 24.859698122320427 22.736639992939914
357.7916666666667 24.856934375867382 22.734530609990045
358.2916666666667 24.854152257798113 22.732427348708732
358.7916666666667 24.85140626015522 22.730330345299855
359.2916666666667 24.84865584339625 22.728236354551996
359.7916666666667 24.8459400476085 22.726149912176943
360.2916666666667 24.84319661172958 22.72406842896233
360.7916666666667 24.84049599955647 22.72198605897833
361.29166666666663 24.837802000213387 22.719917439172747
361.7916666666667 24.83508271766238 22.717853478503336
362.2916666666667 24.83241852017628 22.715786581381447
362.79166666666663 24.82971551465006 22.713738093589477
363.2916666666667 24.827066333882 22.711685934347923
363.7916666666667 24.824402533137278 22.709651478218223
364.29166666666663 24.821773219509538 22.707614347840114
364.7916666666667 24.819148674553055 22.705577302588406
365.2916666666667 24.81649337063201 22.703549251185468
365.79166666666663 24.81390315086149 22.701528515508926
366.2916666666667 24.811299841278036 22.699521200483566
366.7916666666667 24.80872154537301 22.697513352313848
367.29166666666663 24.806159530386907 22.695512994605835
367.7916666666667 24.803589122703666 22.693525310825287
368.2916666666667 24.801045178580154 22.691537421486426
368.79166666666663 24.798500996442034 22.689558805638622
369.2916666666667 24.795977419879847 22.687590872741204
369.7916666666667 24.79347170079035 22.685619407566385
370.29166666666663 24.790978534158562 22.683661956230864
370.7916666666667 24.788488441324105 22.681704391534865
371.2916666666667 24.786019036974366 22.6797639602683
371.79166666666663 24.78355149095711 22.677830737567852
372.2916666666667 24.781117647706598 22.675900441388535
372.7916666666667 24.77868490433813 22.673983095476483
373.29166666666663 24.776270421056687 22.672059124632177
373.7916666666667 24.773881326258223 22.67015290388048
374.2916666666667 24.771469295490295 22.6682561016826
374.79166666666663 24.769104005050636 22.666363462229
375.2916666666667 24.76674740163626 22.66448157749601
375.7916666666667 24.764387189274867 22.662593571347458
376.29166666666663 24.762036452093383 22.66070593856051
376.7916666666667 24.759665194893167 22.65882839601144
377.2916666666667 24.75733123564622 22.65696234250968
377.79166666666663 24.75501789628494 22.655081252242702
378.2916666666667 24.75267637865553 22.6532194024403
378.7916666666667 24.750324005479158 22.651361085466554
379.29166666666663 24.74802543105781 22.649498593169348
379.7916666666667 24.745711838248443 22.647642414685663
380.2916666666667 24.743395213216793 22.64579329664187
380.79166666666663 24.741078078469343 22.643944743534522
381.2916666666667 24.7388085388284 22.642092220702963
381.7916666666667 24.73650315681835 22.640253089791162
382.29166666666663 24.73421126436099 22.638425215143016
382.7916666666667 24.731941206666107 22.63658711516336
383.2916666666667 24.729666735104324 22.63476721648631
383.79166666666663 24.727401695969714 22.63293724491068
384.2916666666667 24.72514743073186 22.631122506640256
384.7916666666667 24.722899040382302 22.62930108963613
385.29166666666663 24.720655242632233 22.627495051038515
385.7916666666667 24.71839990858114 22.62568261855799
386.2916666666667 24.71615625747241 22.62387178177393
386.79166666666663 24.71393214036217 22.622075883194405
387.2916666666667 24.711746689624157 22.620279142772368
387.7916666666667 24.709545796295856 22.618489427664255
388.29166666666663 24.707313984358954 22.61670659275632
388.7916666666667 24.705148092913795 22.614919387225992
389.2916666666667 24.702935296369034 22.613149085014644
389.79166666666663 24.70077216613999 22.61137196028972
390.2916666666667 24.69861824563133 22.609602289016358
390.7916666666667 24.696432512945346 22.607836432913725
391.29166666666663 24.694272503861153 22.606078280899624
391.7916666666667 24.692119479183262 22.604328637791454
392.2916666666667 24.689990955755974 22.60257924461265
392.79166666666663 24.687869348428542 22.600822777742057
393.2916666666667 24.685735203305516 22.59908728901427
393.7916666666667 24.683609144276556 22.597342866111187
394.29166666666663 24.681523763428565 22.595625845594522
394.7916666666667 24.679438858157155 22.593898016390114
395.2916666666667 24.677325766213922 22.592173079207733
395.79166666666663 24.675251644447208 22.59045630149753
396.2916666666667 24.673173915799083 22.58874680702169
396.7916666666667 24.671095084968687 22.58703780223611
397.29166666666663 24.669040792379032 22.585327079356468
397.7916666666667 24.666988140502447 22.583639158323745
398.2916666666667 24.664959341029807 22.58195176108626
398.79166666666663 24.662938488754946 22.580266046595163
399.2916666666667 24.660903977220585 22.578586438546022
399.7916666666667 24.658899231240316 22.57690976245823
400.29166666666663 24.656901762228962 22.575240010795966
400.7916666666667 24.654913490321494 22.573575927436472
401.2916666666667 24.65293298111167 22.57191080839621
401.79166666666663 24.650955426213898 22.570256382489315
402.2916666666667 24.648995358827015 22.568616378342607
402.7916666666667 24.647037529290085 22.566965769465547
403.29166666666663 24.64509767731238 22.565332873247854
403.7916666666667 24.64316833437486 22.563697394515515
404.2916666666667 24.64122986908862 22.56207524932774
404.79166666666663 24.639317170523576 22.560445192016463
405.2916666666667 24.637411008907307 22.55883403926275
405.7916666666667 24.635556450480568 22.557230080761173
406.29166666666663 24.633624428899786 22.555619001995495
406.7916666666667 24.631761246566825 22.554016929531148
407.2916666666667 24.62988504190944 22.552420998517086
407.79166666666663 24.628041422759928 22.55083453436597
408.2916666666667 24.626199752978867 22.54926171476519
408.7916666666667 24.624383069690666 22.547680078429963
409.29166666666663 24.622559266467896 22.54611046902227
409.7916666666667 24.620737313856736 22.544545839118154
410.2916666666667 24.618929595852133 22.54299546393712
410.79166666666663 24.617128039190185 22.54143579099699
411.2916666666667 24.6153752110187 22.539889930247092
411.7916666666667 24.61358517629666 22.538342954603582
412.29166666666663 24.611826415378914 22.536815050312814
412.7916666666667 24.610088501305817 22.53528561008976
