FastTrWP/PhaseSpace/IAs/snIa_0.36_30.00_-0.18_-0.21.csv
# %ECSV 0.9
# ---
# datatype:
# - {name: time-rel, datatype: float64}
# - {name: g, datatype: float64}
# - {name: i, datatype: float64}
# schema: astropy-2.0
time-rel g i
[from data line 1769]
468.5 23.867734771849157 23.16447878203978
469.0 23.869864321101687 23.165350010963472
469.5 23.871964779797278 23.166227553989035
470.0 23.8740739756193 23.167098289230587
470.5 23.876210343592874 23.16797363426652
471.0 23.87833637027785 23.168845534211385
471.5 23.88045668646663 23.16972231230707
472.0 23.88258517709692 23.17059752644909
472.5 23.884710143011446 23.17147473798301
473.0 23.886844336799392 23.1723380631626
473.5 23.888982284257068 23.173229401709257
474.0 23.89111578423058 23.174092446367904
474.5 23.893265570832032 23.174959112724206
475.0 23.895402723210925 23.17584177029
475.5 23.89755054658327 23.176715924226805
476.0 23.89971640566874 23.17758517106507
476.5 23.901853450960658 23.178455811725854
477.0 23.904021793407484 23.17933780182601
477.5 23.90619286624125 23.180213741813034
478.0 23.9083516928281 23.18109347661846
478.5 23.910547852530364 23.181960259898343
479.0 23.912714921413695 23.182843838950493
479.5 23.91490076545521 23.18371856957706
480.0 23.917080168036257 23.18459058134148
480.5 23.919280572439213 23.18546800139909
481.0 23.92148072153883 23.186344211224203
481.5 23.923680174549208 23.187217780695633
482.0 23.92588526753963 23.188101347409283
482.5 23.928088123839903 23.188975858883985
483.0 23.930295949567004 23.189851070212214
483.5 23.932520047439823 23.19071984193232
484.0 23.934733012510854 23.191604187908016
484.5 23.936961045721784 23.192473936034826
485.0 23.939175924067246 23.193353489805
485.5 23.941414277715065 23.194229442189332
486.0 23.943655249967453 23.195103511100523
486.5 23.94588397342279 23.195987405462738
487.0 23.948131076422552 23.19685440757319
487.5 23.950345383215016 23.197736129565296
488.0 23.9526087816757 23.198622450533506
488.5 23.954851368991132 23.19948124073204
489.0 23.95710379906084 23.200372869777567
489.5 23.95936574995637 23.201245683334186
490.0 23.96160417929095 23.202119526684164
490.5 23.96386802874065 23.203000918689547
491.0 23.96612541270502 23.203876162345146
491.5 23.96838115000797 23.20474177527736
492.0 23.97065199140784 23.205622005249047
492.5 23.972916689351045 23.20648613387409
493.0 23.975182422808437 23.207356424390536
493.5 23.977447493572942 23.208239346565676
494.0 23.97971142586247 23.209112692407583
494.5 23.981981845979675 23.20997886399641
495.0 23.984268514476664 23.210855051435967
495.5 23.986546985489564 23.211716176808448
496.0 23.98881271606465 23.212594502429575
496.5 23.99110090687692 23.213459418112258
497.0 23.993366193652538 23.214340562327006
497.5 23.995644747175064 23.215201628861614
498.0 23.997929866201396 23.21608131250517
498.5 24.00020065353425 23.216935295123267
499.0 24.002484360894577 23.21781626282011
499.5 24.004761888266003 23.218680909617696
500.0 24.007053537446666 23.219538620053434
500.5 24.00932662870336 23.220409465425682
501.0 24.01160964571858 23.221273366286578
501.5 24.01388197556274 23.222144692456563
502.0 24.016178495153333 23.222995491327623
502.5 24.018434833582496 23.22386635137945
503.0 24.020725861470403 23.22472760803913
503.5 24.02300253606294 23.225587537135183
504.0 24.025281738364423 23.226442412576787
504.5 24.02756212197867 23.22730085221928
505.0 24.029834438155916 23.22816446779552
505.5 24.0321008483331 23.229012619815652
506.0 24.034377914583615 23.229878992284547
506.5 24.036655518145654 23.230726761627672
507.0 24.038926020153045 23.23157784645562
507.5 24.041180507825835 23.23244152748899
508.0 24.04346781024074 23.23329505951613
508.5 24.045721836237757 23.23414335417879
509.0 24.04799676113587 23.23498684854483
509.5 24.050255688141554 23.2358369970262
510.0 24.052524900014618 23.23669289730759
510.5 24.054803851371332 23.237541542261418
511.0 24.057063375662967 23.23838748605164
511.5 24.05934863160953 23.239241613756455
512.0 24.0616339048124 23.24008049919238
512.5 24.063898328085163 23.2409344439455
513.0 24.066192182850603 23.24178098359438
513.5 24.068454531154458 23.242626935177405
514.0 24.070734564816494 23.24346798565368
514.5 24.073017895647936 23.244316016286945
515.0 24.07530269379506 23.245168823473055
515.5 24.07757581580109 23.246008867390838
516.0 24.079865841091074 23.246848345898332
516.5 24.08212533576819 23.247698884645228
517.0 24.08442632047954 23.248527242449796
517.5 24.08670342605533 23.249369424521092
518.0 24.08898126469485 23.250205292042615
518.5 24.091272647485486 23.25105185564731
519.0 24.09356165337431 23.25188861916397
519.5 24.095842177431383 23.252735223876336
520.0 24.09812720495114 23.25358079259164
520.5 24.100410652190906 23.254406064306554
521.0 24.10269038359569 23.255244112862986
521.5 24.104971632025894 23.25608038825118
522.0 24.107274803433413 23.256922586828747
522.5 24.109554619586625 23.257746683020404
523.0 24.111838589911304 23.25857252422072
523.5 24.11412057842275 23.25941492990738
524.0 24.116413245025868 23.260251394747474
524.5 24.118719746551317 23.261080402520907
525.0 24.120977265645777 23.261905159441426
525.5 24.123280090875618 23.26273293868795
526.0 24.12557299753486 23.263562737274718
526.5 24.1278399481661 23.264399933819433
527.0 24.130132973855915 23.26522252145095
527.5 24.132434771452406 23.26604475138527
528.0 24.13471878873468 23.266882611388873
528.5 24.136994482445942 23.267702101423158
529.0 24.13928275263078 23.268535131479506
529.5 24.141568698119258 23.26935423615921
530.0 24.143841836193754 23.270176786145957
530.5 24.1461228817267 23.270994500511925
531.0 24.14841789838066 23.27181728150866
531.5 24.150700110465205 23.2726398303695
532.0 24.152993825252338 23.273456522977103
532.5 24.1552668581614 23.274280860539545
533.0 24.157543605228817 23.275088433368047
533.5 24.15982266955179 23.275905037100006
534.0 24.162109311448624 23.276740556510394
534.5 24.164379496143486 23.277541971199277
535.0 24.16665651246835 23.278358329496115
535.5 24.16892289886986 23.279177512081883
536.0 24.171207370276782 23.279975591638458
536.5 24.17348950709652 23.28079521129115
537.0 24.175768108195143 23.28160736953847
537.5 24.17802034148188 23.282417429369406
538.0 24.180297352261675 23.28321990045806
538.5 24.182577964327635 23.284032348147758
539.0 24.18484984140354 23.28483567042793
539.5 24.187107107546097 23.285635227269225
540.0 24.18936122707089 23.286443779174988
540.5 24.191641378408562 23.287243500779468
541.0 24.193894909867506 23.288053659251435
541.5 24.19613920448121 23.28885978565081
542.0 24.1984230723016 23.28965545031175
542.5 24.2006722085167 23.290453899084625
543.0 24.202952479026337 23.29124833769168
543.5 24.205201208118567 23.29205583999956
544.0 24.207464384362325 23.292856855763375
544.5 24.20971400449257 23.293639634656902
545.0 24.211969325392833 23.294450290894346
545.5 24.214244322831004 23.295232988684976
546.0 24.216495504541797 23.296033903753006
546.5 24.21874738815813 23.29682915140893
547.0 24.221024644066492 23.297616635490243
547.5 24.223261166033243 23.29840532734407
548.0 24.22551098910411 23.299204435658233
548.5 24.227774054147808 23.299984849879692
549.0 24.23001266843581 23.300783820687705
549.5 24.232278410113732 23.301561755760588
550.0 24.234518583730946 23.302351136294117
550.5 24.236766903670592 23.30314384866658
551.0 24.239017750889307 23.303927255736046
551.5 24.24126141500778 23.304704194360966
552.0 24.243504825515238 23.3054911693884
552.5 24.24575351776658 23.30627574662969
553.0 24.247988712611424 23.307053492905464
553.5 24.250237968253746 23.307842774597667
554.0 24.2524814007518 23.30861960951308
554.5 24.254722953205658 23.309397309059854
555.0 24.256968858386383 23.31017453169828
555.5 24.259208154103874 23.310956467293455
556.0 24.261436051197705 23.311730886256676
556.5 24.26367020505142 23.312503995631356
557.0 24.265904948872272 23.31327423429007
557.5 24.268120072937947 23.314046862255037
558.0 24.270358311383795 23.314818820436155
558.5 24.272588813868 23.315584201065214
559.0 24.274814673972685 23.316365883437577
559.5 24.27703743913078 23.317123400441915
560.0 24.27927269793758 23.317883129927644
560.5 24.281483604322887 23.31866260238993
561.0 24.283691304008478 23.31942473655881
561.5 24.285930731612034 23.3201816699032
562.0 24.288143545029087 23.320946502105876
562.5 24.290343444728364 23.321718045862163
563.0 24.292563687841458 23.322477676233536
563.5 24.294761324252633 23.32323322056805
564.0 24.29697840504257 23.323985931133944
564.5 24.29917596710539 23.324752653406563
565.0 24.3013871086395 23.325501844745364
565.5 24.30358174981128 23.32625729792742
566.0 24.30577789079704 23.32700949724225
566.5 24.30800175328855 23.32776570004011
567.0 24.310174836591383 23.328526149301055
567.5 24.31235846936689 23.32926891454609
568.0 24.314554618849225 23.3300215510268
568.5 24.31674003659197 23.33077048833431
569.0 24.318930675031112 23.331503900534237
569.5 24.32110278123322 23.33226331579286
570.0 24.323271961512177 23.33300421391315
570.5 24.32545498093504 23.333747133916486
571.0 24.327632817743602 23.33449110990476
571.5 24.32981081278176 23.335229301282773
572.0 24.331968391412964 23.335966161590378
572.5 24.33412423355061 23.33671989267185
573.0 24.33631145318587 23.337443642907942
573.5 24.338455386615614 23.33818022672223
574.0 24.340605039692296 23.338910070855704
574.5 24.342783003853175 23.339647571048236
575.0 24.34490459594427 23.340378955995405
575.5 24.34706662575573 23.341115651703696
576.0 24.34922437978562 23.341850362024005
576.5 24.35137409568511 23.342579279505635
577.0 24.353513297400887 23.343300859975827
577.5 24.355641583199276 23.34403017905228
578.0 24.35779474894245 23.34475926921766
578.5 24.359939870006077 23.3454824723634
579.0 24.362058134642737 23.346206175167378
579.5 24.364197478755113 23.346936119249907
580.0 24.366329284400297 23.347640616618797
580.5 24.368456927792685 23.3483701072641
581.0 24.370588537609606 23.34908509784362
581.5 24.372694064325223 23.34980551443541
582.0 24.374833570531674 23.350522080359035
582.5 24.376946017908804 23.351234063604952
583.0 24.379048497138875 23.351949484261027
583.5 24.381155648991772 23.352670460970852
584.0 24.383270194447086 23.353376726625562
584.5 24.38537145292439 23.354080349773156
585.0 24.387465430598027 23.354807426123326
585.5 24.38957296752044 23.35550760566192
586.0 24.391670531823074 23.356221153124327
586.5 24.393764524308267 23.3569227356244
587.0 24.39586478719496 23.357632593831397
587.5 24.397945932647783 23.35832712893426
588.0 24.400023252281308 23.359023421943217
588.5 24.402104674092197 23.35973379383899
589.0 24.404180514917506 23.36043382132386
589.5 24.40625759928832 23.361134103966616
590.0 24.40831810780288 23.361827087937883
590.5 24.410379442117605 23.362529890575114
591.0 24.412445506925128 23.363210955583178
591.5 24.41451219472544 23.363906073027824
592.0 24.416556401689114 23.36459868629738
592.5 24.418601132103674 23.365295373514314
593.0 24.420645436052308 23.365980689912725
593.5 24.422693541566417 23.366665395229003
594.0 24.424733281937865 23.367348603828457
594.5 24.426774014053713 23.368046274942095
595.0 24.428765887022585 23.36871785004655
595.5 24.430821609901074 23.369400909917086
596.0 24.432842878424907 23.37008972587651
596.5 24.434853691053306 23.370760003080026
597.0 24.436878175322242 23.3714386756927
597.5 24.438864723260906 23.372118350226575
598.0 24.44086920911309 23.37278156106074
598.5 24.44288873430248 23.37346147119705
599.0 24.44484999492228 23.37412891908383
599.5 24.44684462890542 23.374799793730144
600.0 24.44882841062787 23.375475407901796
600.5 24.450805883253842 23.37613828480557
601.0 24.45277521150489 23.376801139159884
601.5 24.454739012797006 23.37745901220766
602.0 24.45671513485888 23.378113878790142
602.5 24.458676244053805 23.378790090815002
603.0 24.46063206336551 23.37944633344324
603.5 24.46258056580682 23.380098369406973
604.0 24.46450988464975 23.380737870984746
604.5 24.46643474507761 23.381413349050696
605.0 24.46837048315444 23.382058540867675
605.5 24.470297321351655 23.382700703804318
606.0 24.47221281704744 23.383354717071132
606.5 24.474130214383084 23.38400122463691
607.0 24.47603779948894 23.38464798338029
607.5 24.47790908427445 23.385288770678688
608.0 24.47980226700725 23.38592831242333
608.5 24.481683103637472 23.386561921801373
609.0 24.48354428792158 23.387188133945234
609.5 24.485396434437185 23.387823726426284
610.0 24.48723428845861 23.388451701142834
610.5 24.4890801187516 23.389069367818127
611.0 24.490919807951613 23.389706166303583
611.5 24.492734871494907 23.39031928489487
612.0 24.494551464518487 23.390939193341516
612.5 24.496347422956376 23.39155489293634
613.0 24.498165126161695 23.39216595842491
613.5 24.499946561744892 23.392784848676985
614.0 24.501740455236884 23.39340185373874
614.5 24.503543772662525 23.394005342595655
615.0 24.50529096457918 23.394612142235943
615.5 24.50705144949401 23.395219440019567
616.0 24.508806167379333 23.395822523331997
616.5 24.510577703559857 23.396422033561826
617.0 24.512323607522724 23.39701962013391
617.5 24.514068271307078 23.39762632994145
618.0 24.515802606969967 23.398227825840582
618.5 24.5175226808767 23.398812126825298
619.0 24.519252496549097 23.39940481161126
619.5 24.520990873632105 23.399997540205923
620.0 24.52269034414799 23.400585694510305
620.5 24.524417336893563 23.401186147151527
621.0 24.526118185741396 23.40177237417286
621.5 24.527820719723547 23.402364362252754
622.0 24.529528245139094 23.402943403615005
622.5 24.531233060883512 23.403540219497433
623.0 24.532905563105892 23.404114716872538
623.5 24.53460791359626 23.404697565814065
624.0 24.536274422974216 23.40528977104149
624.5 24.537968909768058 23.405870630936306
625.0 24.53963179598737 23.40645490839757
625.5 24.541321201188953 23.407044096398785
626.0 24.54299769661059 23.407620714913584
626.5 24.54466972328385 23.40820469613727
627.0 24.546323762556618 23.408778132864256
627.5 24.548017100858846 23.40936052905684
628.0 24.549667848133574 23.40993552952636
628.5 24.551347881986658 23.41052398579544
629.0 24.55300225949886 23.411102067789074
629.5 24.554655639729784 23.411667022794088
630.0 24.556342677869665 23.412255386305603
630.5 24.557991457926924 23.41283052185611
631.0 24.559647647534216 23.413407333023407
631.5 24.561318086776232 23.413984664578656
632.0 24.56296954137201 23.414560384273916
632.5 24.564634997438862 23.415148759993222
633.0 24.566287173904875 23.415723969290617
633.5 24.56795411236033 23.416301238870076
634.0 24.569630049833787 23.41688712970693
634.5 24.571281234282196 23.41747003250639
635.0 24.572963883481805 23.418050507149882
635.5 24.574632878659884 23.418621267474688
636.0 24.57630269534857 23.419213435696808
636.5 24.577967006300852 23.419801908289756
637.0 24.579651990046635 23.420388909836106
637.5 24.581329570375402 23.42095364669487
638.0 24.583006810409454 23.421548542569475
638.5 24.584695246166266 23.422131756017347
639.0 24.586382067680773 23.422719825963675
639.5 24.588023501520325 23.4233052468974
640.0 24.589701129447604 23.423889051920614
640.5 24.59137757585577 23.42446255007854
641.0 24.593027170606586 23.425064789273623
641.5 24.594685832291923 23.425649825843426
642.0 24.596350291153858 23.426218635536863
642.5 24.598000641551835 23.4267907809989
643.0 24.59962644184357 23.42736810869288
643.5 24.601290719877483 23.42794164932087
644.0 24.60291181857557 23.42851069466319
644.5 24.604548088891065 23.429100458168726
645.0 24.60616288407047 23.429666713469146
645.5 24.607808256094025 23.43023659776008
646.0 24.609438333776673 23.430819286233927
646.5 24.61104898496302 23.431386730991818
647.0 24.612651116307912 23.43196556303476
647.5 24.61428700743433 23.43253762402754
648.0 24.615901200815596 23.433094511302745
648.5 24.61750810843011 23.433673128475437
649.0 24.619128791878175 23.434243204263595
649.5 24.620696884512355 23.434805673359804
650.0 24.62232747239351 23.435382938816772
650.5 24.623913094591963 23.43594928685965
651.0 24.625523757678977 23.436511794770908
651.5 24.62712129895497 23.43708785341541
652.0 24.62870920786085 23.43765075520482
652.5 24.630302499867938 23.43823251349002
653.0 24.63191137710769 23.438791981602463
