FastTrWP/PhaseSpace/IAs/snIa_0.39_30.00_0.24_0.07.csv
# %ECSV 0.9
# ---
# datatype:
# - {name: time-rel, datatype: float64}
# - {name: g, datatype: float64}
# - {name: i, datatype: float64}
# schema: astropy-2.0
time-rel g i
184.75 26.98540143263213 25.266016997664252
185.25 26.96155454660604 25.255896692697153
185.74999999999997 26.937932512622865 25.245839134866745
186.25 26.91470353082478 25.235810723969333
186.75 26.89173933462409 25.225851220022616
187.24999999999997 26.869097981318177 25.215944243565716
187.75 26.846799983225402 25.206064716490992
188.25 26.824786129133326 25.19625758354078
188.74999999999997 26.80308583845406 25.186492003791514
189.25 26.781603364673423 25.176803203773687
189.75 26.76044283003477 25.167113333766867
190.24999999999997 26.73953340195821 25.157480960296766
190.75 26.718924015070048 25.147931582641863
191.25 26.698572406011372 25.138402570116693
191.74999999999997 26.67845124781949 25.128919838454955
192.25 26.658579179961357 25.119495182558644
192.75 26.63893338321774 25.110115606937313
193.24999999999997 26.619573870537746 25.100782894458447
193.75 26.600421561835997 25.091503577658287
194.25 26.58150139564976 25.0822900483968
194.74999999999997 26.562869785003596 25.07311414680415
195.25 26.54433019766862 25.063987077382937
195.75 26.525977361968337 25.05485765895152
196.24999999999997 26.50774483516669 25.04577247419878
196.75 26.48975036675497 25.036681524381894
197.25 26.471795662335676 25.027661197212407
197.74999999999997 26.454036207088798 25.018675868248476
198.25 26.436445093501042 25.009665506557944
198.75 26.418980423173558 25.000736070704413
199.24999999999997 26.40167780656104 24.99179567621109
199.75 26.384455823720913 24.98291453648013
200.25 26.36745856918195 24.97404145940978
200.74999999999997 26.35056340927635 24.965238742708202
201.25 26.333775032358744 24.956422946881865
201.75 26.31715606091084 24.94765970365423
202.24999999999997 26.300695569438247 24.93890847055726
202.75 26.284381793173637 24.930204546491083
203.25 26.26821013475649 24.921530033125727
203.74999999999997 26.25213531846253 24.912876785419897
204.25 26.236180022347217 24.904309554470096
204.75 26.220319540069926 24.895708918116117
205.24999999999997 26.204683017928424 24.887152445883327
205.75 26.189125303846076 24.878626495454093
206.25 26.173724832237305 24.870151704708853
206.74999999999997 26.158444174267338 24.861706552812354
207.25 26.143242238373283 24.853292983733194
207.75 26.128208487031216 24.844928689906123
208.24999999999997 26.113253424192926 24.836560507921007
208.75 26.09843818974352 24.828236644538674
209.25 26.08379163868577 24.819931820908497
209.74999999999997 26.06918651685881 24.811708156562553
210.25 26.05476297971738 24.80347279129331
210.75 26.04043685188426 24.79528840936716
211.24999999999997 26.0261738544679 24.78715711125328
211.75 26.01209508205878 24.77900135699269
212.25 25.998105627567853 24.770914234904247
212.74999999999997 25.984175962863493 24.762870596053723
213.25 25.970430251271583 24.754848139437833
213.75 25.95676791890088 24.746845974234667
214.24999999999997 25.943186936586496 24.73891775366035
214.75 25.92973800415063 24.7309961426973
215.25 25.916426645142018 24.72311175079337
215.74999999999997 25.90318168941049 24.71524769559715
216.25 25.890047968278207 24.707450099712478
216.75 25.876986759437358 24.699654428773496
217.24999999999997 25.86407627323821 24.691905882560178
217.75 25.8512061051429 24.68420378066692
218.25 25.838492117022724 24.676513189378937
218.74999999999997 25.825863565755512 24.668851385116263
219.25 25.813327291872966 24.661248951048883
219.75 25.80089624027206 24.653643551085427
220.24999999999997 25.78852941787471 24.64612293652391
220.75 25.77631393562782 24.638571005194052
221.25 25.764127325100507 24.631103898725666
221.74999999999997 25.752038160031386 24.623645408134248
222.25 25.740086002841554 24.616234225385774
222.75 25.72820875867134 24.608849034742107
223.24999999999997 25.71640149081204 24.60152614545993
223.75 25.70471176881972 24.594200851337714
224.25 25.693074177174676 24.58691166107799
224.74999999999997 25.681546249342322 24.579656139193744
225.25 25.67012256454391 24.572426303297036
225.75 25.658765650621124 24.565247466802163
226.24999999999997 25.647479194608195 24.55813097616906
226.75 25.636300899322684 24.550990652373233
227.25 25.625190433905537 24.54391529750209
227.74999999999997 25.614193659066427 24.536854642758147
228.25 25.603226685053816 24.52982339786604
228.75 25.592346568632852 24.52281983170581
229.24999999999997 25.58153286755782 24.51584912989228
229.75 25.570743401478563 24.50888088826008
230.25 25.56001667694556 24.501944596996047
230.75 25.54931082935844 24.49502494975932
231.25 25.538739821137632 24.4881276989222
231.75 25.528163752389542 24.481243285550196
232.25 25.517647017922673 24.47438317277215
232.75 25.507188722900395 24.467533448324335
233.25 25.496785784300748 24.46071983714714
233.75 25.486471057562447 24.453918047594108
234.25 25.476159801476072 24.4471633873226
234.75 25.465943395123695 24.440415426090915
235.25 25.455730581536198 24.433678201327957
235.75 25.445600757688233 24.426965031229287
236.25 25.43555116217601 24.42027026366216
236.75 25.425551983218288 24.413627752520078
237.25 25.415570485634543 24.40697892018395
237.75 25.405642773752408 24.400362101997054
238.25 25.395797806938496 24.393777309536
238.75 25.385995372149583 24.387204521265502
239.25 25.37625204709324 24.380663124146047
239.75 25.366538304147348 24.374137537804067
240.25 25.356906985918428 24.367637829036823
240.75 25.347306291078823 24.361156842989054
241.25 25.337766104711264 24.354703498243996
241.75 25.328288258473236 24.348262310288856
242.25 25.318876653899697 24.341873615621118
242.75 25.309495753652076 24.33547172967396
243.25 25.300166616717238 24.329125472497843
243.75 25.290888208527143 24.322771143850833
244.25 25.28165232760501 24.316480519712517
244.75 25.27248900641952 24.31018768940032
245.25 25.26336547183048 24.303921316149093
245.75 25.254308961160667 24.29767033991856
246.25 25.245312429851545 24.29146330560895
246.75 25.236354714008055 24.285265913541995
247.25 25.227420982012497 24.279092322617984
247.75 25.218556739270824 24.272950636695015
248.25 25.209729100756768 24.266842797564486
248.75 25.200979083200068 24.260739733784675
249.25 25.19227684214772 24.254667395701702
249.75 25.183608428452313 24.24862488525632
250.25 25.17498381297655 24.24259732781777
250.75 25.166416656290114 24.2366063803251
251.25 25.157914704057497 24.230634113857455
251.75 25.14946068181765 24.22466599314896
252.25 25.141055454392127 24.21874954534596
252.75 25.13267333107216 24.212855098805015
253.25 25.124334475983527 24.206986856609053
253.75 25.116086144903512 24.201129800108184
254.25 25.10783427532917 24.195302261850074
254.75 25.099655370447703 24.189498082488733
255.25 25.091550888529884 24.18372494265459
255.75 25.083486560013633 24.177963367569507
256.25 25.07543100829122 24.172242899112618
256.75 25.067441121074346 24.16653477183875
257.25 25.05951727395969 24.16085903210441
257.75 25.051613265434437 24.15520431310828
258.25 25.043770803466142 24.149577121740347
258.75 25.03598613131644 24.14396468378316
259.25 25.02822611041607 24.138379641579487
259.75 25.02051717162719 24.132831869220897
260.25 25.012847543385664 24.12730068553218
260.75 25.005228028173278 24.12178116495673
261.25 24.99766369173455 24.116294223428127
261.75 24.990141949847082 24.110837874092724
262.25 24.982612992180503 24.10539747611587
262.75 24.97514031910263 24.099949484067405
263.25 24.967713582931736 24.094540454281223
263.75 24.960298606882038 24.089145749604395
264.25 24.952910078973318 24.083761854724514
264.75 24.945562392651475 24.07838570612284
265.25 24.938220028096055 24.07303523093718
265.75 24.930943200815406 24.067692840130764
266.25 24.923687385087113 24.06238408713342
266.75 24.916463614356864 24.057076700300005
267.25 24.909246139419935 24.051797573799554
267.75 24.902073817134195 24.046510987981293
268.25 24.89492476993613 24.04127132891842
268.75 24.887832511430503 24.03602746064504
269.25 24.880748948851107 24.030814528849668
269.75 24.873714780487163 24.025606175656225
270.25 24.866694834262752 24.020421322201248
270.75 24.859709878514934 24.015244359654858
271.25 24.852747984392277 24.01011027589673
271.75 24.845819538170545 24.00495812789761
272.25 24.83892031413266 23.999846272504577
272.75 24.83206284594261 23.994761060796822
273.25 24.82522350104499 23.989662263570306
273.75 24.818411499285684 23.984587322954773
274.25 24.811642099404835 23.979537599156167
274.75 24.80488241919517 23.974498367621674
275.25 24.79815862418335 23.969484209192693
275.75 24.791473021700583 23.964495670561668
276.25 24.784826202953553 23.959498912639145
276.75 24.778186794524988 23.954530384841032
277.25 24.771583587345617 23.94959916309888
277.75 24.76503273252402 23.944661076169858
278.25 24.758471511639776 23.9397412255302
278.75 24.75195978468218 23.9348380322593
279.25 24.745487683692495 23.929954804988874
279.75 24.739019003738008 23.925101947362897
280.25 24.732596507242132 23.920257406702675
280.75 24.72621998625708 23.915414713506614
281.25 24.719839921319235 23.91061446451755
281.75 24.71351170595776 23.905814034450774
282.25 24.70718819180377 23.90104612810451
282.75 24.700908868609105 23.896269269421687
283.25 24.694659588523244 23.891530825726498
283.75 24.68844482568481 23.886795422910293
284.25 24.68223364348674 23.882096301552313
284.75 24.67608185809688 23.87740427633386
285.25 24.66991599761045 23.872745406753975
285.75 24.66383606238926 23.868074083519126
286.25 24.657743690202732 23.863446818192596
286.75 24.651688488288773 23.858809023204763
287.25 24.645664945280508 23.85421188013534
287.75 24.63967835778306 23.849621988859294
288.25 24.633717114561264 23.845048772089186
288.75 24.62775472271175 23.84049115741623
289.25 24.621845584144552 23.835954576202628
289.75 24.615951688562152 23.831434404477836
290.25 24.61009543628391 23.82693491384368
290.75 24.604268771896454 23.822439769832627
291.25 24.598461689827623 23.8179868417804
291.75 24.592692023914108 23.81354503283535
292.25 24.586932232798638 23.80909632673508
292.75 24.58122030543594 23.8046856657783
293.25 24.57550686827736 23.80028580260493
293.75 24.569836436925666 23.79589286912648
294.25 24.56420563781402 23.791537126243966
294.75 24.558589341746814 23.78718424483162
295.25 24.55301232991981 23.7828527663424
295.75 24.54743919534209 23.77853640470032
296.25 24.541878889299316 23.77423439101255
296.75 24.536351812341547 23.76995418768116
297.25 24.53086118934889 23.765677656709563
297.75 24.525376306049704 23.76141833899745
298.25 24.519924340262964 23.757177055031114
298.75 24.514499262069776 23.75294782822154
299.25 24.509080976687628 23.748730614740108
299.75 24.503707949313494 23.744524372724605
300.25 24.498319044543454 23.740345762886804
300.75 24.49297149365311 23.736173486320496
301.25 24.48764631243189 23.732001887201744
301.75 24.482337790331567 23.727876402063846
302.25 24.47706830927825 23.72370718885078
302.75 24.471775601829098 23.71959721895942
303.25 24.466546056381144 23.71549535770512
303.75 24.461316024070562 23.71138616860771
304.25 24.456110496931785 23.70730648113276
304.75 24.450919361750145 23.70323194740162
305.25 24.445753090788344 23.699190160150557
305.75 24.440592362092435 23.695130938580846
306.25 24.435476987174802 23.69109219484941
306.75 24.430366205131655 23.68708982211798
307.25 24.425268103441415 23.683077947701932
307.75 24.42016957871378 23.679072644081053
308.25 24.415127479053496 23.675091669322942
308.75 24.410076399269443 23.671106879388525
309.25 24.405045780713973 23.667161045872007
309.75 24.400053620781858 23.663200575152
310.25 24.395053700433486 23.659253199302135
310.75 24.390091577519545 23.655340027648258
311.25 24.38512907559971 23.651413499499355
311.75 24.380178134217548 23.64751156659748
312.25 24.37525990029566 23.643602494747427
312.75 24.3703531145262 23.639721705306545
313.25 24.365466760672362 23.6358440441199
313.75 24.36059519557187 23.631981603337536
314.25 24.355727680844296 23.628134260245485
314.75 24.350872731884913 23.62428771833679
315.25 24.346060303603814 23.6204617040511
315.75 24.341242019658583 23.616635786744208
316.25 24.336450758792964 23.61281751211415
316.75 24.331670919503466 23.609001772326316
317.25 24.326899205202714 23.605211820673965
317.75 24.322148954678436 23.601430611345148
318.25 24.317405675903 23.597664167610564
318.75 24.31266273671765 23.59389210577006
319.25 24.307972397757144 23.59013579199607
319.75 24.30326582546755 23.586391191928435
320.25 24.29858939740467 23.58265291526624
320.75 24.293918256928283 23.57891471368578
321.25 24.28925926851095 23.575210168263233
321.75 24.284618336169217 23.571501659535066
322.25 24.280004762279866 23.567790191738645
322.75 24.275383482550236 23.564107891639377
323.25 24.270786071686143 23.560419620471148
323.75 24.266197016572324 23.556738928866597
324.25 24.26163213366776 23.553078270375618
324.75 24.257054779297302 23.549421395231928
325.25 24.25251533045069 23.54577663700867
325.75 24.247974933637344 23.542127075356408
326.25 24.243457204150683 23.53849564608273
326.75 24.23894429278895 23.534872736160324
327.25 24.234449063463032 23.531249839467154
327.75 24.229954659338738 23.527647745622183
328.25 24.22548561418157 23.524054847483047
328.75 24.221034420149348 23.52045983756394
329.25 24.216581854348686 23.51687487073756
329.75 24.212149772885063 23.51329794536897
330.25 24.20773298464828 23.509750188693342
330.75 24.203323383353762 23.506199590036122
331.25 24.19893711694193 23.502648956702856
331.75 24.194542791625366 23.499108087063615
332.25 24.19018043859643 23.49559123754181
332.75 24.185821868938948 23.492071569662947
333.25 24.181497644000927 23.488557831491814
333.75 24.17715635347513 23.485060871523153
334.25 24.172848414551076 23.48156888307161
334.75 24.168535007043292 23.478082655901048
335.25 24.16425395366773 23.474612458050665
335.75 24.159959628654526 23.47113915318928
336.25 24.155708450023816 23.467688355863462
336.75 24.15144207788749 23.46424362953362
337.25 24.14720439920703 23.460793956298176
337.75 24.142945875913625 23.45735326566966
338.25 24.138744169399324 23.453937477397673
338.75 24.13453239857335 23.450515110487306
339.25 24.13033181670887 23.44710903204089
339.75 24.126150025735967 23.44368658101123
340.25 24.121959226738664 23.44030932867447
340.75 24.117803861450504 23.436916888970686
341.25 24.113644650621858 23.433543803113103
341.75 24.109508490708983 23.430168892898134
342.25 24.105362736375792 23.426812358084
342.75 24.101231260554773 23.42343778133221
343.25 24.09712972173832 23.420089558908543
343.75 24.09301949808779 23.416753260976225
344.25 24.088925904494737 23.413406816104022
344.75 24.084840260006732 23.41008174922415
345.25 24.080766880611655 23.40675140047243
345.75 24.07671610722463 23.403441922738676
346.25 24.072660143545257 23.40013532986763
346.75 24.068601244380364 23.396822963559917
347.25 24.0645728451052 23.393520350532842
347.75 24.06055063379041 23.3902313890514
348.25 24.056529532876386 23.386948199707184
348.75 24.05254225117679 23.383675473846036
349.25 24.048529848627226 23.380402720249528
349.75 24.04453976821539 23.377138067641027
350.25 24.040573359574935 23.373878198245485
350.75 24.036590901762473 23.370624683454785
351.25 24.03262569364472 23.36737793684318
351.75 24.02868919698165 23.364142559826266
352.25 24.024744408889394 23.360911756120537
352.75 24.020816126856367 23.357690205985616
353.25 24.016876698323955 23.354462393226846
353.75 24.01296575129696 23.35123570378929
354.25 24.00904118061525 23.348031785972335
354.75 24.005149607840686 23.344824643190986
355.25 24.001250070738394 23.34162649945177
355.75 23.99736058009639 23.33843699331261
356.25 23.993482046799244 23.335241853917754
356.75 23.989624866465267 23.332067700432635
357.25 23.98575566893213 23.32888085233231
357.75 23.98190924435037 23.325712901328405
358.25 23.97806372020976 23.322544162618545
358.74999999999994 23.974224697757247 23.319385135611913
359.25 23.9703860695221 23.31623431463826
359.75 23.96656575787311 23.31308371275709
360.24999999999994 23.962753541293452 23.30992369129784
360.75 23.958957593525277 23.306799492658357
