FastTrWP/PhaseSpace/IAs/snIa_0.61_30.00_-0.15_0.03.csv
# %ECSV 0.9
# ---
# datatype:
# - {name: time-rel, datatype: float64}
# - {name: g, datatype: float64}
# - {name: i, datatype: float64}
# schema: astropy-2.0
time-rel g i
[from data line 1770]
479.0 25.272749253428145 22.53452001630302
479.5 25.27438038557705 22.535339994886662
480.0 25.276024935150346 22.536159534677086
480.5 25.27768171728124 22.53698321473529
481.0 25.279295681212687 22.53780078533524
481.5 25.280972179579404 22.538633192341386
482.0 25.282597768059038 22.539452069173382
482.5 25.28423326372163 22.540277508008366
483.0 25.28587104197574 22.541098794415973
483.5 25.287516917441863 22.54192633425857
484.0 25.289141785900068 22.54275328292696
484.5 25.290800459714532 22.543580509807292
485.0 25.292437748557532 22.54441358223911
485.5 25.294085766981 22.545235122445263
486.0 25.295710733334435 22.54606311021675
486.5 25.297380265276317 22.54690374055532
487.0 25.299013431379024 22.54772687277201
487.5 25.300644914743998 22.548560502814606
488.0 25.30229970385138 22.54939712407651
488.5 25.303923719557922 22.550219272738016
489.0 25.305593101020712 22.551056525388766
489.5 25.30724848513257 22.551886377944378
490.0 25.308892839569644 22.55272844973738
490.5 25.31054027381738 22.553561501400267
491.0 25.312172144411413 22.554400298988263
491.5 25.313827493350253 22.55523641674195
492.0 25.315492555028428 22.556069040426934
492.5 25.31717605430704 22.556905010691708
493.0 25.318834972428036 22.557746732133364
493.5 25.32049821632093 22.558582248376705
494.0 25.322148325228035 22.559424581245523
494.5 25.323832867309616 22.560264756091325
495.0 25.325477088954983 22.56110618456208
495.5 25.327137218698184 22.561945348594556
496.0 25.328773882812534 22.56278424025769
496.5 25.330474029215363 22.5636249945846
497.0 25.33214940925088 22.56447530103863
497.5 25.333838504976423 22.56531038777268
498.0 25.3355128111364 22.56616528015963
498.5 25.33718998674255 22.56700302256617
499.0 25.338853924384722 22.567855231099973
499.5 25.340555964541597 22.568689370642346
500.0 25.342233885184523 22.56953749285114
500.5 25.343920389855988 22.57037783076367
501.0 25.345633396149516 22.5712275005116
501.5 25.34733431302218 22.572078398395963
502.0 25.349000843043545 22.572918940514324
502.5 25.35071627381335 22.573769382437966
503.0 25.35239393964806 22.57462242447773
503.5 25.35410424959395 22.575465803578663
504.0 25.355814720846446 22.576315954772742
504.5 25.357487948711675 22.57716504847085
505.0 25.359212646469818 22.578024051866706
505.5 25.360907881062676 22.57887000110594
506.0 25.362602974590228 22.579726004502984
506.5 25.364285832804967 22.580573390662263
507.0 25.36599409272215 22.58143531700702
507.5 25.367708346728932 22.58228352550296
508.0 25.369405287542357 22.583141758265782
508.5 25.37111500897488 22.584000373454614
509.0 25.372820220383375 22.584854488535914
509.5 25.374534682870543 22.585703991741344
510.0 25.37621452161254 22.58656392831712
510.5 25.37793886512389 22.58741903270662
511.0 25.379635035522675 22.588287237302925
511.5 25.381390751194964 22.589141507621395
512.0 25.38306818803025 22.590002029914103
512.5 25.384782420661868 22.590861197666943
513.0 25.38647293444598 22.59172163115506
513.5 25.388215173713373 22.592587640054532
514.0 25.389929742485688 22.593449243026612
514.5 25.39167173091311 22.59431206195486
515.0 25.393350023452758 22.595174717330377
515.5 25.39509060948699 22.596038811988773
516.0 25.39679366002042 22.596908530217007
516.5 25.398519061590918 22.597777726737323
517.0 25.400254995228778 22.598647020074424
517.5 25.40197712015921 22.59950819934516
518.0 25.403695853596634 22.600383457352745
518.5 25.40540989568651 22.60124540950986
519.0 25.407149489497268 22.602117623793234
519.5 25.408863336435093 22.60298495600237
520.0 25.410595833899453 22.603862761362418
520.5 25.412317693471106 22.6047312056907
521.0 25.41408148940059 22.605609826271493
521.5 25.415779562616038 22.606477302452568
522.0 25.417529400425757 22.607354673340595
522.5 25.419254873610484 22.608231012541783
523.0 25.42099549043291 22.609108283943527
523.5 25.422706057853965 22.60998928891126
524.0 25.42444826426294 22.610859465831577
524.5 25.42620168753082 22.611737906591195
525.0 25.427933852940697 22.61261815143037
525.5 25.42968263212856 22.613507944192598
526.0 25.431393082851642 22.614383183312526
526.5 25.433161294865563 22.615265848678952
527.0 25.434927273134612 22.616154455940872
527.5 25.43664174140984 22.617034628207936
528.0 25.438388019907876 22.61792127019858
528.5 25.440134822247916 22.618811544471473
529.0 25.441874687077043 22.619689439065965
529.5 25.443635544727485 22.62058078226319
530.0 25.445392938470693 22.621466035209185
530.5 25.44713926354197 22.622352701155272
531.0 25.448891066073042 22.623246058504233
531.5 25.450666865366056 22.624135484012925
532.0 25.45240829514185 22.625024734833445
532.5 25.454171231876916 22.6259187173364
533.0 25.45593376402229 22.62680703477153
533.5 25.45770125424354 22.627705881913922
534.0 25.45944742322022 22.6286153853583
534.5 25.461222684917423 22.629506375071664
535.0 25.46300918029538 22.63040513691091
535.5 25.46476263997437 22.631294554573383
536.0 25.46652440956199 22.632201866553245
536.5 25.468300789349524 22.633100233377345
537.0 25.470069887139523 22.633990700171722
537.5 25.471833990823068 22.634901444298528
538.0 25.473609284983176 22.63579587198748
538.5 25.475406239677728 22.636704342235596
539.0 25.47715545854738 22.63761485536498
539.5 25.47896921265285 22.638513062247082
540.0 25.480731265001143 22.63941808210399
540.5 25.48250475621788 22.640329689857236
541.0 25.48426863078798 22.64123461008559
541.5 25.48607171655544 22.6421387478361
542.0 25.4878589811036 22.64305067154726
542.5 25.489659987490107 22.6439660344538
543.0 25.491414106009103 22.64487069987335
543.5 25.49320589775882 22.645776321834145
544.0 25.495026993425913 22.646699619149317
544.5 25.49676309923095 22.64761488012592
545.0 25.498570190293755 22.64852472907666
545.5 25.500381324938857 22.649449699799828
546.0 25.502174608732545 22.650356548415434
546.5 25.503971752977925 22.65127977603632
547.0 25.50576199225009 22.652196174776293
547.5 25.507568803751294 22.653113277549405
548.0 25.509361124114378 22.654033793776833
548.5 25.511152451181495 22.654954891277516
549.0 25.51295095724175 22.65587557926648
549.5 25.51475469298209 22.65679835997872
550.0 25.51659900102375 22.657726347209064
550.5 25.51837277353815 22.658647137995015
551.0 25.52017695618392 22.65956769665925
551.5 25.521997774518436 22.66049569642221
552.0 25.523786443190055 22.66142134978682
552.5 25.525587921463213 22.6623543239368
553.0 25.52744804865899 22.66327921435035
553.5 25.529232712670606 22.664210185142146
554.0 25.531047345102564 22.665141671688517
554.5 25.532839733395754 22.666066498316113
555.0 25.534688070811722 22.66700170286708
555.5 25.53651015703965 22.667935682987718
556.0 25.538324358421182 22.6688710932048
556.5 25.54012817988756 22.669802646714974
557.0 25.54196236590007 22.670742082373888
557.5 25.543787377551507 22.67167591981964
558.0 25.545609417999806 22.67261756237641
558.5 25.547429335221313 22.673557738505984
559.0 25.549295781979247 22.6744923718624
559.5 25.551109820878864 22.675436845645788
560.0 25.552939235533458 22.676371097563013
560.5 25.55474301388329 22.677319512977625
561.0 25.55662571711479 22.678262671453233
561.5 25.558413396527733 22.679207854770738
562.0 25.560243417654643 22.680149148265258
562.5 25.562107882955885 22.681098819867888
563.0 25.563922479410607 22.68205710892747
563.5 25.56577579679853 22.68300433088223
564.0 25.567614964251426 22.683957977033096
564.5 25.569470213124394 22.684902708410025
565.0 25.57131120447511 22.685858341438788
565.5 25.57315017798661 22.68680796871585
566.0 25.57502685511841 22.687760616860434
566.5 25.576870388830613 22.688717697672956
567.0 25.578722950880607 22.689670495178387
567.5 25.580577108406665 22.690627059765415
568.0 25.582421631723932 22.69159294460744
568.5 25.584272394830464 22.69255402028417
569.0 25.58615818320009 22.693515151282067
569.5 25.588011941045764 22.69447191584303
570.0 25.589884850428277 22.69543617129564
570.5 25.5917479769553 22.69640091898578
571.0 25.593607154504504 22.697362265880535
571.5 25.595456382812678 22.698334761181137
572.0 25.597319204471862 22.699300987259793
572.5 25.59922000616197 22.700266552468598
573.0 25.601091577585812 22.70123771961448
573.5 25.602943748152217 22.702213517932353
574.0 25.604839168921472 22.7031853984357
574.5 25.606691312916073 22.704151684583735
575.0 25.60859298717475 22.705128579449966
575.5 25.61045911381939 22.706107635487864
576.0 25.61234849434511 22.707089176191268
576.5 25.61427085251104 22.70806280454602
577.0 25.616114754651242 22.709049968645875
577.5 25.617983474749625 22.71002590426643
578.0 25.619916979164607 22.711001457947106
578.5 25.621795959919446 22.71198980737012
579.0 25.62370271968802 22.71298054826236
579.5 25.625563212281918 22.713964572989394
580.0 25.627498878949222 22.714942473224255
580.5 25.62938249487917 22.715935122526666
581.0 25.631327721875152 22.716923199564278
581.5 25.63321792983426 22.717912739205637
582.0 25.635103969531677 22.718904818779947
582.5 25.637008993361732 22.719900474940093
583.0 25.638930466581826 22.720888794717474
583.5 25.640827157967685 22.721879171958754
584.0 25.642767911068354 22.722886029644016
584.5 25.644656263426953 22.723885156591763
585.0 25.646595475528336 22.724878461040166
585.5 25.64847362512559 22.72588843656633
586.0 25.650414255324918 22.72688067981982
586.5 25.652327026964045 22.72788867761086
587.0 25.654265817953426 22.72888500896695
587.5 25.656211930866654 22.729890393204975
588.0 25.6581460284351 22.730891793314573
588.5 25.6600286350971 22.73190522232146
589.0 25.661972514408706 22.732905816090927
589.5 25.66392904568412 22.733913220448606
590.0 25.665893361081572 22.734928140472384
590.5 25.66780544056956 22.73593281060631
591.0 25.669732732828415 22.73695043543668
591.5 25.671665483355724 22.73796619582003
592.0 25.673622108978833 22.738987824307802
592.5 25.67557168468678 22.74000121386713
593.0 25.677484846173947 22.741011411446724
593.5 25.679458239535183 22.74203893448945
594.0 25.68141106110324 22.74305290608368
594.5 25.683339177823132 22.744073539774167
595.0 25.685284180438384 22.745093914243057
595.5 25.687261719006102 22.74611747244167
596.0 25.689198652774436 22.747151858613115
596.5 25.691168705026502 22.74816957100356
597.0 25.693153025834338 22.74920291933612
597.5 25.69510603379964 22.75022964941748
598.0 25.697059002035335 22.75125907396951
598.5 25.699031413328186 22.752289415386564
599.0 25.700974820231217 22.753323360178307
599.5 25.70297641310292 22.754353549607774
600.0 25.704893430103123 22.755387692214658
600.5 25.706890161027065 22.756420340197113
601.0 25.70887275098856 22.75746014545614
601.5 25.710857222585513 22.75849445980201
602.0 25.712828059959847 22.75953760027489
602.5 25.714811576628914 22.76057459875082
603.0 25.71676907918853 22.761621403209933
603.5 25.7187609838656 22.762652021041994
604.0 25.720775339535233 22.763705553898063
604.5 25.722730345127168 22.764752692306022
605.0 25.72471478375936 22.765797625948334
605.5 25.726699265727383 22.766844363202306
606.0 25.72867970573219 22.76789609477323
606.5 25.730679497867555 22.768939430854434
607.0 25.732657028835572 22.769992760095565
607.5 25.734678530532975 22.771043096296285
608.0 25.73664586165956 22.77209718647276
608.5 25.738684646079847 22.77316338731234
609.0 25.740665132993822 22.774215534384833
609.5 25.74265723173402 22.775272741465486
610.0 25.744637785267503 22.77633110669869
610.5 25.74666514910129 22.777390199208533
611.0 25.74866677285933 22.778452123772098
611.5 25.750649780385345 22.779513602290656
612.0 25.752678517585927 22.7805817251765
612.5 25.754691296495253 22.78164667846232
613.0 25.756705012317575 22.782716968028275
613.5 25.758728841582826 22.78378181714007
614.0 25.76075947030729 22.78485268896955
614.5 25.762760889927655 22.78592427138164
615.0 25.7647538547278 22.786992737711543
615.5 25.76678167721655 22.78806397861034
616.0 25.76879066330795 22.789141126558754
616.5 25.77082418321913 22.790211701638498
617.0 25.772842296150994 22.79129573722202
617.5 25.774860481590775 22.792367262877853
618.0 25.776894210192495 22.793451752620008
618.5 25.77894463932056 22.794535014114615
619.0 25.780965003284592 22.79561028278072
619.5 25.783023513963187 22.79671178011509
620.0 25.785052875086375 22.79779781814552
620.5 25.787104652063945 22.798891248842153
621.0 25.78914276224458 22.799986467833957
621.5 25.79121520223096 22.801083145141483
622.0 25.793265038878943 22.80217626051529
622.5 25.79536733378073 22.803276561420596
623.0 25.797377732242563 22.80437292235357
623.5 25.79946620907028 22.805480239730137
624.0 25.801574587613445 22.806581138042105
624.5 25.80363968187912 22.807684263374437
625.0 25.805714938916545 22.808792371963165
625.5 25.807790788313874 22.809908609963454
626.0 25.809904641329307 22.811021772834927
626.5 25.811997076194846 22.812130815771656
627.0 25.814087190680976 22.81324260016384
627.5 25.816173094335436 22.814352568230824
628.0 25.818257971044282 22.815476446292386
628.5 25.8203744819193 22.816595939509483
629.0 25.822493651473593 22.817715128813454
629.5 25.82455138616512 22.81884424713036
630.0 25.826685457160856 22.81995677686617
630.5 25.82879601342745 22.82108274415609
631.0 25.83093281048424 22.822217139904957
631.5 25.833013488603243 22.823346210225036
632.0 25.83513496583106 22.82446816666849
632.5 25.83722175078404 22.82559421786801
633.0 25.839365855902724 22.826732586133105
633.5 25.84144357339448 22.82786811772844
634.0 25.843586954457667 22.829000834593607
634.5 25.845678713851584 22.830133870110856
635.0 25.847811977197694 22.831270776973227
635.5 25.8499140322408 22.832404575148843
636.0 25.852031276695826 22.833535491984943
636.5 25.85418350806308 22.834681064830825
637.0 25.8562794139577 22.835829127772875
637.5 25.858414683543796 22.836964292124065
638.0 25.86055812883069 22.838105722103712
638.5 25.86263851569981 22.83925058615501
639.0 25.864747154913093 22.84039804483219
639.5 25.86688088451826 22.841536069770164
640.0 25.869038236471056 22.842685671139982
640.5 25.87113903135524 22.84383641977495
641.0 25.873218043360072 22.844986664589722
641.5 25.87536968724802 22.846127735741067
642.0 25.877465193179297 22.847282610846044
642.5 25.879621183332418 22.848430869740604
643.0 25.88167527777817 22.849571675139707
643.5 25.883818948796712 22.85072724638457
644.0 25.885926923814885 22.85187411707089
644.5 25.88804830219345 22.853025926994235
645.0 25.890157542502994 22.854181004208677
645.5 25.89225406188906 22.855323481261145
646.0 25.89435844120826 22.856484539357623
646.5 25.896472497499786 22.857629347543828
647.0 25.898523416367972 22.858785345879895
647.5 25.900627460484465 22.85993972313277
648.0 25.902743213013927 22.861093441816237
648.5 25.904797771771754 22.86225008304914
649.0 25.906900211421323 22.863399736296675
649.5 25.909004079971805 22.864561341379304
650.0 25.911078696302447 22.865721903010158
650.5 25.913133891324122 22.86686401210265
651.0 25.91524803766432 22.868022171188848
651.5 25.917302214658534 22.869166556619668
652.0 25.919374697266196 22.870322927900084
652.5 25.921401984149483 22.871476084731675
653.0 25.92350112282352 22.872631124887487
653.5 25.92554238060833 22.87378384745302
654.0 25.927544590173245 22.874935247913918
654.5 25.929582839318815 22.87609349988212
655.0 25.93162938139748 22.877248448961307
655.5 25.93367180595593 22.878400636106576
656.0 25.935705360295817 22.879552390945697
656.5 25.93771467807139 22.88070648999526
657.0 25.939771503718234 22.881863074929264
657.5 25.94178339279562 22.88301147930564
658.0 25.943803879875766 22.884168685176547
658.5 25.945826755893677 22.885324392845163
659.0 25.947833484583622 22.886483219736988
659.5 25.94985005786683 22.887637164643237
660.0 25.951888447232456 22.888804111287442
660.5 25.95390206196123 22.889957856230133
661.0 25.9558839747903 22.89112015269863
661.5 25.95793752983957 22.892278174849878
662.0 25.959960815212078 22.893440271093386
662.5 25.96193642698112 22.89459989346941
663.0 25.963976395139568 22.895763992894036
663.5 25.966001050807307 22.896927744814835
