FastTrWP/PhaseSpace/IAs/snIa_0.36_30.00_-0.18_-0.21.csv
# %ECSV 0.9
# ---
# datatype:
# - {name: time-rel, datatype: float64}
# - {name: g, datatype: float64}
# - {name: i, datatype: float64}
# schema: astropy-2.0
time-rel g i
[from data line 2129]
1258.0 24.617501341500162 23.433672940141754
1258.5 24.61914475716857 23.434237253724998
1259.0 24.62070884461557 23.43481530983075
1259.5 24.622340442035572 23.435379531366983
1260.0 24.623915901621245 23.435946424876974
1260.5 24.625515688828497 23.436515900189406
1261.0 24.627123505751925 23.43708456127092
1261.5 24.62871104270317 23.437641867714802
1262.0 24.63032864021028 23.43821346257014
1262.5 24.631903962558226 23.438784319309885
1263.0 24.63349417617905 23.43935288739739
1263.5 24.635081638992382 23.43991785149651
1264.0 24.63666704216113 23.440492017282608
1264.5 24.63826718928999 23.44106622073059
1265.0 24.639870647707895 23.441626605778772
1265.5 24.64146335820395 23.442184568614174
1266.0 24.64305383300141 23.442765403885453
1266.5 24.64464240071727 23.44333949311205
1267.0 24.646220158515767 23.443904459376938
1267.5 24.6478082895233 23.444478933212984
1268.0 24.64942023486266 23.445031110102764
1268.5 24.651005317447673 23.445612221533473
1269.0 24.652607971080364 23.446179035329727
1269.5 24.65418204600178 23.446750817667414
1270.0 24.655797789702532 23.447325107403806
1270.5 24.657382403399815 23.44788613991713
1271.0 24.65899290611441 23.44846461938259
1271.5 24.66059258043096 23.44903603960723
1272.0 24.662178804493852 23.449597437144032
1272.5 24.663792420299238 23.45018668853452
1273.0 24.665401952582645 23.450752702879004
1273.5 24.66701224671975 23.451335681844483
1274.0 24.668615396410125 23.451910773724826
1274.5 24.670234785818714 23.45248405753622
1275.0 24.671842751977103 23.45306446620208
1275.5 24.67346661497202 23.453651871065734
1276.0 24.675096003195392 23.454220208947124
1276.5 24.67673356701259 23.4547955808198
1277.0 24.678351060646698 23.455379443818856
1277.5 24.679997153365765 23.45597056907103
1278.0 24.68163275972923 23.4565563081466
1278.5 24.683277944535185 23.4571376154908
1279.0 24.684903436179138 23.457728773590937
1279.5 24.68657333632524 23.45832228780161
1280.0 24.688233858430856 23.458912209946416
1280.5 24.689887999234873 23.4595034524228
1281.0 24.691564523383327 23.460096859622467
1281.5 24.693220869910682 23.460678628940972
1282.0 24.69489367024963 23.46128132567145
1282.5 24.696553709155992 23.461863924589178
1283.0 24.698217976546253 23.462457507725357
1283.5 24.699885628243923 23.463063830682785
1284.0 24.701566938544378 23.46366083096269
1284.5 24.70325857996841 23.464250208062353
1285.0 24.70491327141825 23.464840708975583
1285.5 24.7065952253148 23.46544695465616
1286.0 24.708268989843386 23.466045705976597
1286.5 24.709962216277166 23.46664999132941
1287.0 24.71165552340889 23.46724070304276
1287.5 24.713321624448476 23.467834186413018
1288.0 24.715010476120852 23.46844674268581
1288.5 24.71670293963364 23.469039268867334
1289.0 24.718391183741517 23.469645616625353
1289.5 24.720074245057443 23.470248873488334
1290.0 24.721779995517554 23.470849954909653
1290.5 24.723470563140445 23.47145589772937
1291.0 24.725177282582173 23.47205912025869
1291.5 24.726883192252323 23.472659350274498
1292.0 24.728585427566017 23.473261424924424
1292.5 24.73026510518089 23.47386770329011
1293.0 24.731984659098533 23.474479213123086
1293.5 24.733678886196998 23.475084571560316
1294.0 24.735372923835666 23.475684675320107
1294.5 24.73707528013592 23.476296140026427
1295.0 24.738794771519057 23.476916653113612
1295.5 24.740495732696587 23.47751735701579
1296.0 24.742205385010237 23.478122950271295
1296.5 24.743911194836507 23.47875049842907
1297.0 24.745629418790337 23.47934247323623
1297.5 24.747329997201824 23.479971358967333
1298.0 24.74906894375308 23.480562931392818
1298.5 24.750773784078998 23.48118258511075
1299.0 24.75248560314805 23.481788900223233
1299.5 24.754229121824167 23.48239399349564
1300.0 24.755925213721465 23.483020251534093
1300.5 24.757657157675 23.483628519487038
1301.0 24.75938988057576 23.48423471914092
1301.5 24.761106155826 23.48485031160305
1302.0 24.76281371737144 23.48547073604341
1302.5 24.764565957758848 23.48608645204992
1303.0 24.76628546094392 23.486709125916356
1303.5 24.768017529759693 23.487314329202846
1304.0 24.769742748667596 23.48794004398862
1304.5 24.771474151390468 23.488548670506027
1305.0 24.773204646588603 23.48917801753273
1305.5 24.774949326096 23.489785699899507
1306.0 24.776664475763923 23.490402847714083
1306.5 24.778392815288235 23.491025664951252
1307.0 24.78015332496573 23.4916536079378
1307.5 24.78189041360238 23.49226497528504
1308.0 24.78362019982137 23.492891205048533
1308.5 24.78536124308063 23.493514266520524
1309.0 24.787100614524682 23.494116702333535
1309.5 24.78884986127934 23.494739900218455
1310.0 24.790585858825946 23.49536556097915
1310.5 24.792328846178098 23.496001640798234
1311.0 24.794057685328642 23.496623216700353
1311.5 24.795815405383262 23.497232716982978
1312.0 24.797555938920574 23.497867619256297
1312.5 24.79930303100485 23.498486825310202
1313.0 24.80106904712502 23.499110682350874
1313.5 24.802799479986643 23.49973434400185
1314.0 24.804571100980503 23.50036199423009
1314.5 24.806306532100642 23.50099536624031
1315.0 24.80804742093212 23.501605632322352
1315.5 24.809799106792354 23.502230904284538
1316.0 24.81156002178976 23.50286348272048
1316.5 24.81331113091737 23.503497023068093
1317.0 24.815085665236076 23.504121966306716
1317.5 24.81682357604448 23.50474049276685
1318.0 24.81859725435545 23.50537462680147
1318.5 24.820341896663244 23.506012776033636
1319.0 24.822126723562498 23.50663345707716
1319.5 24.823881057070302 23.50726494939415
1320.0 24.825648827677753 23.507911951430422
1320.5 24.82741564261699 23.508539776253656
1321.0 24.829193129077133 23.509155324308928
1321.5 24.830966669150747 23.509807312339213
1322.0 24.832726770239706 23.510436176587987
1322.5 24.83448253254203 23.511063700563742
1323.0 24.836263472145482 23.511694257870673
1323.5 24.83804420088027 23.512343513408993
1324.0 24.83980134901783 23.512979449606114
1324.5 24.841589274117265 23.513608638496322
1325.0 24.843380409094987 23.51424566108789
1325.5 24.845151422058326 23.514880333091774
1326.0 24.846952796997765 23.51551658055232
1326.5 24.848727325934547 23.516148664168814
1327.0 24.850493279609182 23.516798903154445
1327.5 24.8522868114635 23.517429706941044
1328.0 24.854077419764916 23.51808141911264
1328.5 24.855861148246245 23.518711885214394
1329.0 24.85764022307017 23.51935392571027
1329.5 24.859439430128205 23.52000245001134
1330.0 24.861220639604173 23.520645983618408
1330.5 24.8629954144543 23.52126932354276
1331.0 24.86480818356856 23.521911481823498
1331.5 24.866595157665593 23.522558682762835
1332.0 24.868395660318967 23.52320309009508
1332.5 24.87018899580882 23.523850310594916
1333.0 24.871975811604912 23.524482842111823
1333.5 24.873777371537656 23.525136673277057
1334.0 24.87557626172235 23.525772531780376
1334.5 24.877375612070797 23.526417452310938
1335.0 24.879161950278387 23.527065218691195
1335.5 24.880965852721523 23.52770404719103
1336.0 24.882752984945334 23.52835533208451
1336.5 24.884561342198154 23.52899297233803
1337.0 24.88636194401436 23.52964152857723
1337.5 24.888159955509103 23.530293805353445
1338.0 24.889962388541345 23.530939476793534
1338.5 24.891748386239378 23.53159387539761
1339.0 24.89356524150098 23.532226101104673
1339.5 24.89539150315654 23.53288384433889
1340.0 24.897197430337297 23.533538924641793
1340.5 24.89900824812649 23.534179307797697
1341.0 24.900782845439732 23.534830811566813
1341.5 24.902604558071193 23.535478007590854
1342.0 24.904412269780494 23.53612531550088
1342.5 24.906233190703677 23.536769014968314
1343.0 24.908019083455002 23.537433363937467
1343.5 24.909829931277496 23.53806649491716
1344.0 24.911656939229676 23.53871909125232
1344.5 24.91345663436946 23.539376984926847
1345.0 24.915269473634957 23.540029517896855
1345.5 24.917061611664924 23.54067760501341
1346.0 24.918885939654764 23.541334334811587
1346.5 24.920707506140797 23.541981429050853
1347.0 24.92251357561489 23.54263698019676
1347.5 24.92430344753774 23.543283494183033
1348.0 24.92615401342206 23.54393112467975
1348.5 24.927970418535924 23.544583086175628
1349.0 24.92979001881907 23.54523316941602
1349.5 24.93162323931713 23.545893619622184
1350.0 24.9334320147854 23.54654280621888
1350.5 24.935267902797875 23.547208566748118
1351.0 24.93710278014859 23.54784568757552
1351.5 24.938909899950616 23.54851471191321
1352.0 24.940721601842938 23.549155320410474
1352.5 24.94257699068916 23.549815605539784
1353.0 24.944409504377823 23.550478139857848
1353.5 24.94624582560384 23.551122370533612
1354.0 24.94807267287313 23.551790676897784
1354.5 24.949920711117855 23.552442084211187
1355.0 24.95175877897487 23.553094979687952
1355.5 24.95359230639789 23.553752070847715
1356.0 24.95541002193105 23.5544213459411
1356.5 24.95728498271513 23.555073822364317
1357.0 24.95910850862847 23.55572734460724
1357.5 24.960936441607373 23.556392122011115
1358.0 24.962790294402307 23.55704218572147
1358.5 24.964627948235826 23.557711243341217
1359.0 24.966475387201644 23.558368117427047
1359.5 24.96830407160145 23.559029045924053
1360.0 24.97018291620348 23.559693201120773
1360.5 24.97200159274433 23.560345732215865
1361.0 24.973855559916252 23.561013534663093
1361.5 24.97569215891858 23.56168115191271
1362.0 24.977547379339576 23.5623346325686
1362.5 24.97940761806614 23.5629921580884
1363.0 24.981253382278542 23.56366220001945
1363.5 24.983071681552005 23.564332504361257
1364.0 24.984933881192894 23.564989506866393
1364.5 24.986781029672326 23.56564475141314
1365.0 24.988607257162233 23.566321070101917
1365.5 24.990441360508285 23.56697370871371
1366.0 24.992306267230067 23.56762972400896
1366.5 24.99411769722561 23.56830558459947
1367.0 24.995985452818076 23.568970848090466
1367.5 24.99783938929457 23.569649161495356
1368.0 24.99966771929731 23.57030963092987
1368.5 25.00149902217786 23.570980657539124
1369.0 25.003361076676164 23.571648984180378
1369.5 25.005194172822694 23.572310120324474
1370.0 25.007016279292596 23.572990049073592
1370.5 25.00885524068417 23.573661325017955
1371.0 25.01071280591876 23.574334257331202
1371.5 25.012520093939663 23.574991714331528
1372.0 25.014356581751407 23.57566957207473
1372.5 25.01620935372936 23.576337713683422
1373.0 25.018031654431944 23.577016749058647
1373.5 25.01987639359239 23.577679139158832
1374.0 25.0217005887255 23.578349919386312
1374.5 25.0235151237504 23.579023232187737
1375.0 25.025347186557685 23.579693609395846
1375.5 25.02715573090014 23.580361712999185
1376.0 25.028974015931766 23.581042203049243
1376.5 25.030784754435796 23.58172517494364
1377.0 25.032621031351923 23.58239463690298
1377.5 25.034431503972453 23.583066494293163
1378.0 25.036251441835894 23.58374781468262
1378.5 25.03807755008667 23.584416363609627
1379.0 25.039895057701273 23.58509832037535
1379.5 25.041699660055194 23.58578796252708
1380.0 25.04350033929175 23.586460997047535
1380.5 25.04529784846945 23.587133323650615
1381.0 25.04712016394151 23.587819355732176
1381.5 25.048903827812108 23.588493232911418
1382.0 25.05075701365751 23.589176787668737
1382.5 25.052530798310816 23.58986551476161
1383.0 25.05434630056611 23.59053960724323
1383.5 25.05616534332541 23.591224122525766
1384.0 25.057967295381324 23.59190515085998
1384.5 25.0597630219532 23.59257558201542
1385.0 25.06155476562357 23.59327610662023
1385.5 25.063381081527805 23.593949428238346
1386.0 25.065181416974852 23.594639829617936
1386.5 25.066963147991792 23.59530689861456
1387.0 25.0687911679552 23.596004134192704
1387.5 25.070612135807767 23.596684563906525
1388.0 25.07240135135426 23.59737716231833
1388.5 25.074193847477233 23.59806210520825
1389.0 25.075989214380392 23.59873803244739
1389.5 25.077777295023367 23.599438112325263
1390.0 25.079566274340518 23.600119794135686
1390.5 25.081392025507828 23.600804727532672
1391.0 25.08316130759425 23.60150023560653
1391.5 25.08497183835603 23.602183952334514
1392.0 25.086751568969966 23.602875490515988
1392.5 25.088528748177428 23.603566444912243
1393.0 25.090342309023463 23.60426520841053
1393.5 25.092124044080908 23.60495287417963
1394.0 25.093904902318993 23.60563838008528
1394.5 25.095672379018797 23.60633010871904
1395.0 25.097466382030987 23.60702742173477
1395.5 25.09923741973406 23.60771683157051
1396.0 25.101039616978163 23.60840509618027
1396.5 25.102818550723796 23.609102078486384
1397.0 25.104591296051453 23.609787419351168
1397.5 25.10635458411619 23.610484153064558
1398.0 25.108122604529566 23.611184061111558
1398.5 25.109883863675506 23.61188368631966
1399.0 25.111671760778535 23.61257962884776
1399.5 25.113434504588493 23.613272069206694
1400.0 25.11522281504422 23.613960251813673
1400.5 25.116961221476277 23.614663483487305
1401.0 25.118718182109877 23.61535016331334
1401.5 25.12049297181526 23.616060077082864
1402.0 25.122235240788573 23.616766474780807
1402.5 25.123986328129796 23.61745192351171
1403.0 25.12575955226594 23.618147343636082
1403.5 25.127487874186905 23.61885037177679
1404.0 25.129266791065447 23.61955586585095
1404.5 25.130986376459138 23.620255680208224
1405.0 25.132725970609123 23.62094997279459
1405.5 25.134466758765768 23.621658970871984
1406.0 25.13623831155122 23.622344430404976
1406.5 25.137955419589456 23.623057427758862
1407.0 25.13966607725594 23.62375543492361
1407.5 25.141396963367335 23.624468571631954
1408.0 25.143135579451254 23.62516632767945
1408.5 25.144866156391707 23.625865094388352
1409.0 25.14659213862634 23.626572134553392
1409.5 25.148320966034554 23.627275182501343
1410.0 25.1500387234379 23.627982285297882
1410.5 25.151756200835386 23.628688129489717
1411.0 25.153458784447167 23.629399992855266
1411.5 25.15517262743448 23.630103883431026
1412.0 25.1568638954201 23.630799192132766
1412.5 25.15856173702589 23.63150956118099
1413.0 25.1602955455442 23.632218722192263
