FastTrWP/PhaseSpace/IAs/snIa_0.36_30.00_1.62_0.04.csv
# %ECSV 0.9
# ---
# datatype:
# - {name: time-rel, datatype: float64}
# - {name: g, datatype: float64}
# - {name: i, datatype: float64}
# schema: astropy-2.0
time-rel g i
[from data line 286]
294.9166666666667 23.99958561139719 23.610435404129696
295.4166666666667 23.994509437350956 23.606266534770302
295.9166666666667 23.989437598804155 23.6021332952754
296.4166666666667 23.98439821344992 23.598021707502784
296.9166666666667 23.979415202026697 23.593911271246576
297.4166666666667 23.97444453633635 23.589832584845286
297.9166666666667 23.969495662767137 23.58577658619013
298.4166666666667 23.96459882177703 23.58173340023791
298.9166666666667 23.959699195969883 23.577706119408415
299.4166666666667 23.954858203152458 23.573695902587946
299.9166666666667 23.950040203554334 23.569713832096653
300.4166666666667 23.945231077983948 23.565754965002114
300.9166666666667 23.940475102525795 23.561809246033047
301.4166666666667 23.93574764606372 23.557892350441804
301.9166666666667 23.931042960877807 23.553981971588467
302.4166666666667 23.9263743760216 23.550113531924843
302.9166666666667 23.92172103359418 23.546239819289745
303.4166666666667 23.91711383336304 23.54240382014577
303.9166666666667 23.912543620161337 23.53857691727272
304.4166666666667 23.907985673640407 23.53477169365691
304.9166666666667 23.90346129783383 23.530991470242945
305.4166666666667 23.89896126742961 23.527224444107766
305.9166666666667 23.89448230735546 23.523461143302434
306.4166666666667 23.890029479183955 23.519728045564484
306.9166666666667 23.885590905112345 23.516012126841286
307.4166666666667 23.88119031834064 23.512307938368288
307.9166666666667 23.876795363426844 23.508615291944555
308.4166666666667 23.872445278429296 23.504938080276098
308.9166666666667 23.868084399098453 23.501277283712504
309.4166666666667 23.863769296178198 23.497640492510886
309.9166666666667 23.859459674396078 23.494009096711444
310.4166666666667 23.855186903024634 23.490396206534882
310.9166666666667 23.85092840520548 23.486791927301866
311.4166666666667 23.8466805068048 23.483205798328278
311.9166666666667 23.84246710130941 23.47964566721226
312.4166666666667 23.838284466504103 23.47607442951642
312.9166666666667 23.834084975840764 23.47253478930767
313.4166666666667 23.829937499209596 23.469009660571707
313.9166666666667 23.825797479769278 23.4654995409953
314.4166666666667 23.821656970213017 23.461992210066505
314.9166666666667 23.81757171931204 23.458501010127737
315.4166666666667 23.81348597841765 23.455020160395076
315.9166666666667 23.80941833918609 23.451566474851667
316.4166666666667 23.805372972837024 23.44811958778291
316.9166666666667 23.801333675180175 23.444674756874726
317.4166666666667 23.797332176954956 23.44124977612387
317.9166666666667 23.793332902363286 23.43784470785628
318.4166666666667 23.78936441251333 23.43444108766928
318.9166666666667 23.785403264984083 23.431058486061925
319.4166666666667 23.781456591395237 23.42768256201484
319.9166666666667 23.777533780660175 23.424321551038666
320.4166666666667 23.77362860936418 23.42097537306926
320.9166666666667 23.76972722347088 23.41762135471455
321.4166666666667 23.765853965483345 23.414307279150727
321.9166666666667 23.76198696706951 23.410989865537125
322.4166666666667 23.758165759617786 23.407675450221053
322.9166666666667 23.75431904334662 23.404378727114135
323.4166666666667 23.750509314742057 23.401095876467227
323.9166666666667 23.746703223891252 23.39783037705496
324.4166666666667 23.742928857335723 23.39456348465976
324.9166666666667 23.739171169708428 23.39132033888884
325.4166666666667 23.735416954274097 23.388089099995177
325.9166666666667 23.731671756700557 23.384850976521818
326.4166666666667 23.727955123056894 23.38163704498919
326.9166666666667 23.724243266223116 23.37843043581394
327.4166666666667 23.72055241471291 23.375229882632063
327.9166666666667 23.71685925748895 23.372049062725864
328.4166666666667 23.713198329805813 23.368864344955952
328.9166666666667 23.70954092355963 23.36569309349528
329.4166666666667 23.705910631227916 23.362530522192763
329.9166666666667 23.70227639607031 23.359384682243455
330.4166666666667 23.6986637728093 23.35624737570674
330.9166666666667 23.69506524594965 23.35309951487592
331.4166666666667 23.691480449537575 23.34999054871772
331.9166666666667 23.687915558622954 23.346885929587785
332.4166666666667 23.684336746188194 23.34378421799359
332.9166666666667 23.680798265220528 23.34068743057894
333.4166666666667 23.67724565278119 23.33760966431715
333.9166666666667 23.67372791080075 23.334537623005495
334.4166666666667 23.67021776343273 23.331474453411055
334.9166666666667 23.666721039664797 23.3283997602612
335.4166666666667 23.663228341232827 23.325362366550472
335.9166666666667 23.659758137091348 23.322316616672943
336.4166666666667 23.656298120969225 23.319283684154513
336.9166666666667 23.652847376853433 23.316262511784977
337.4166666666667 23.649400096940045 23.313251703919022
337.9166666666667 23.645974107538947 23.310251198449805
338.4166666666667 23.64254983148932 23.30723470860137
338.9166666666667 23.63914794773384 23.30425780404839
339.4166666666667 23.635770759026737 23.301277769164017
339.9166666666667 23.63237944810784 23.298310658120556
340.4166666666667 23.629015442171976 23.29535226133458
340.9166666666667 23.62566446244528 23.292403514643688
341.4166666666667 23.62232250094822 23.289462690666557
341.9166666666667 23.618997076152905 23.286534686053137
342.4166666666667 23.615682734314362 23.283619834149313
342.9166666666667 23.612383059353355 23.2806956671218
343.4166666666667 23.60909920060386 23.277805453751654
343.9166666666667 23.605824414763795 23.274906260045213
344.4166666666667 23.602553978164845 23.27202224488843
344.9166666666667 23.599290482993432 23.26915219530397
345.4166666666667 23.596041888366955 23.26627952367879
345.9166666666667 23.592814957591862 23.26341863188814
346.4166666666667 23.589587458477034 23.260565962937577
346.9166666666667 23.58639049154764 23.25772682047106
347.4166666666667 23.583186974199265 23.25488563483548
347.9166666666667 23.58000283598905 23.252063219211045
348.4166666666667 23.576815537394225 23.249245070111083
348.9166666666667 23.57365586234525 23.246433361946917
349.4166666666667 23.570503488124373 23.243635717789644
349.9166666666667 23.56734620708284 23.24083635447852
350.4166666666667 23.56420307429042 23.238046703411698
350.9166666666667 23.56108017965113 23.235273765280517
351.4166666666667 23.557976018309127 23.232497619460272
351.9166666666667 23.554870961559928 23.229740855598475
352.4166666666667 23.55177025660488 23.22697202761541
352.9166666666667 23.548672650945804 23.224214636490718
353.4166666666667 23.545606605492814 23.221481594401247
353.9166666666667 23.542548319471063 23.21875138316691
354.4166666666667 23.539489885049974 23.21601797015787
354.9166666666667 23.536438520632352 23.213299682204834
355.4166666666667 23.533402073976273 23.21058068622085
355.9166666666667 23.530362751891133 23.207874776841336
356.4166666666667 23.52734492991243 23.20517182762332
356.9166666666667 23.52433688983446 23.202489463939408
357.4166666666667 23.521344171230577 23.19980303194526
357.9166666666667 23.518347058189654 23.197117711829115
358.4166666666667 23.515361050638344 23.194443712940135
358.9166666666667 23.512382548325668 23.19177531049696
359.4166666666667 23.509428407613818 23.18912322935804
359.91666666666663 23.506478183873188 23.186466185668767
360.4166666666667 23.50351781214293 23.18380819727816
360.9166666666667 23.500575725574837 23.181170766893572
361.41666666666663 23.497649199137967 23.178544797719788
361.9166666666667 23.49472996551298 23.17590006703016
362.4166666666667 23.491805102531114 23.173288493046936
362.91666666666663 23.48889588426355 23.170669324289314
363.4166666666667 23.485982617504444 23.168065430728873
363.9166666666667 23.48310172770718 23.165455915876
364.41666666666663 23.480227434803055 23.162858222836636
364.9166666666667 23.477331402975615 23.160258785795268
365.4166666666667 23.474474366126408 23.157673814069728
365.91666666666663 23.47160798991892 23.155097448550883
366.4166666666667 23.46877180173835 23.152522029101558
366.9166666666667 23.465914083198975 23.149950960211562
367.41666666666663 23.463071544078574 23.147387734053446
367.9166666666667 23.46024268596451 23.14481985222865
368.4166666666667 23.457403327301538 23.142275917884877
368.91666666666663 23.454589301551557 23.13971833764949
369.4166666666667 23.451791926824175 23.137185147010864
369.9166666666667 23.448991531360214 23.134646188703023
370.41666666666663 23.446191217067806 23.132111803125458
370.9166666666667 23.44341233329787 23.129591030173096
371.4166666666667 23.44062338924816 23.127071384697082
371.91666666666663 23.437855668416706 23.12455583994054
372.4166666666667 23.435103311964987 23.122060212788696
372.9166666666667 23.432347985247635 23.119551725133984
373.41666666666663 23.429600343695938 23.117054189371643
373.9166666666667 23.426851916864933 23.114565748489525
374.4166666666667 23.424118585290262 23.112083324695277
374.91666666666663 23.42139580304736 23.109600896946056
375.4166666666667 23.418680302883658 23.10713980166068
375.9166666666667 23.415975642492036 23.104672574297773
376.41666666666663 23.41327289220327 23.102203101943353
376.9166666666667 23.410572976343765 23.099757417150187
377.4166666666667 23.407891661688645 23.097304415513268
377.91666666666663 23.405207207089607 23.094867718916056
378.4166666666667 23.402538877166084 23.09242492508574
378.9166666666667 23.399866385028666 23.09000108190761
379.41666666666663 23.39720437156089 23.08757816787292
379.9166666666667 23.394560886112682 23.0851441980284
380.4166666666667 23.391917588165715 23.082743560304735
380.91666666666663 23.38928634992124 23.080328368177597
381.4166666666667 23.38664035463784 23.077918106777233
381.9166666666667 23.38402102437191 23.07551750293516
382.41666666666663 23.381411812696342 23.073127215499376
382.9166666666667 23.37878931804724 23.070736776817302
383.4166666666667 23.376193545706943 23.068357516322724
383.91666666666663 23.373600523215956 23.06596786602291
384.4166666666667 23.371005217818247 23.063599629393078
384.9166666666667 23.36841182345627 23.0612364114625
385.41666666666663 23.36584597865045 23.058863251853452
385.9166666666667 23.3632760502159 23.056515760410328
386.4166666666667 23.36071161208445 23.05416001583587
386.91666666666663 23.35814608505677 23.051804054609427
387.4166666666667 23.35559911041645 23.049463838816173
387.9166666666667 23.353048818031983 23.04712128288958
388.41666666666663 23.35050802629958 23.044782697780896
388.9166666666667 23.34798339903291 23.042457384180754
389.4166666666667 23.345448777392054 23.040126909118822
389.91666666666663 23.34292669312312 23.037816334251296
390.4166666666667 23.34041888005075 23.035495333599254
390.9166666666667 23.337904031989595 23.0331798270843
391.41666666666663 23.33539174288564 23.03087239285151
391.9166666666667 23.33291334703506 23.028570259433305
392.4166666666667 23.33040469629971 23.026282496884484
392.91666666666663 23.327926694589515 23.02399017536972
393.4166666666667 23.325442698477204 23.0216982869009
393.9166666666667 23.32296546766617 23.01940665390945
394.41666666666663 23.320500986955874 23.01713305555747
394.9166666666667 23.318036432832372 23.014857941672986
395.4166666666667 23.315579486946657 23.012579858680656
395.91666666666663 23.31313668739395 23.01031932947798
396.4166666666667 23.310679519676395 23.008046805499415
396.9166666666667 23.3082373180044 23.005795714973996
397.41666666666663 23.305804773195305 23.003527199856748
397.9166666666667 23.303379888379556 23.001286739281632
398.4166666666667 23.300941890829602 22.999037937359034
398.91666666666663 23.29852475432972 22.99679509814736
399.4166666666667 23.29611198874335 22.99455468734083
399.9166666666667 23.293710864486464 22.992320141993552
400.41666666666663 23.291298334922796 22.990089220677632
400.9166666666667 23.288911916129862 22.987865045645137
401.4166666666667 23.28651229742823 22.985642616961506
401.91666666666663 23.284125385682067 22.98341967791197
402.4166666666667 23.281736081730536 22.98120493984944
402.9166666666667 23.279349206441783 22.97899173142438
403.41666666666663 23.276961259661558 22.97677410622301
403.9166666666667 23.27459353993271 22.974565494193158
404.4166666666667 23.27220322355952 22.97235818874053
404.91666666666663 23.26982981716865 22.970133030573514
405.4166666666667 23.26743889672796 22.967929590726847
405.9166666666667 23.26508549509688 22.965722314835688
406.41666666666663 23.262697582365583 22.96352050840364
406.9166666666667 23.260334541295883 22.961326885404137
407.4166666666667 23.257960997214955 22.959126870236595
407.91666666666663 23.255595380088078 22.956927447641903
408.4166666666667 23.253247395671302 22.954738183661107
408.9166666666667 23.250892603794075 22.952546340156896
409.41666666666663 23.248537689070858 22.950359310174893
409.9166666666667 23.246183568562984 22.94816401037904
410.4166666666667 23.243843178210994 22.946006546050533
410.91666666666663 23.241496061985913 22.943817717080208
411.4166666666667 23.239177287125635 22.941645366146496
411.9166666666667 23.23683029266679 22.939476347071263
412.41666666666663 23.234501732140682 22.937312288597866
412.9166666666667 23.23218268099258 22.935145930418642
413.4166666666667 23.229869263490855 22.932985768070488
413.91666666666663 23.227556697761592 22.930830835285576
414.4166666666667 23.2252565956945 22.928691898854872
414.9166666666667 23.222950755820918 22.92653699702141
415.41666666666663 23.22065490254596 22.924390973102756
415.9166666666667 23.218364253456862 22.92226105000993
416.4166666666667 23.216083073455138 22.92011684594632
416.91666666666663 23.21381207909775 22.91799312784553
417.4166666666667 23.211549641014486 22.915869733577342
417.9166666666667 23.2092712740592 22.913762996430805
418.41666666666663 23.207018020492406 22.91164155513197
418.9166666666667 23.204770586333062 22.909544888902794
419.4166666666667 23.20252935796684 22.907435305682064
419.91666666666663 23.200299212347346 22.905342339384347
420.4166666666667 23.198065388105583 22.903255195628077
420.9166666666667 23.19585249063801 22.90116813165097
421.41666666666663 23.193630759935267 22.899084416545932
421.9166666666667 23.191439670263595 22.897015095438814
422.4166666666667 23.189247637134866 22.894939550231236
422.91666666666663 23.187056584116796 22.892886014989642
423.4166666666667 23.184866303345718 22.890828994658442
423.9166666666667 23.182706454400417 22.888775517154304
424.41666666666663 23.180542864488398 22.886741794110648
424.9166666666667 23.178387833193877 22.884701266517883
425.4166666666667 23.176246450579967 22.882670071809127
425.91666666666663 23.174121378374114 22.88065529328689
426.4166666666667 23.171987178309415 22.87863879760866
426.9166666666667 23.169876073772144 22.876628946374776
427.41666666666663 23.16777024208755 22.874626999260684
427.9166666666667 23.165665038601166 22.87262716829993
428.4166666666667 23.163577300050587 22.870638857617266
428.91666666666663 23.161503765418928 22.86866340829664
429.4166666666667 23.159439861316745 22.866690578284246
429.9166666666667 23.15738308329537 22.86472754090549
430.41666666666663 23.155336312786083 22.862766067265543
430.9166666666667 23.153302272118992 22.860817197848704
431.4166666666667 23.15127634066764 22.858874013415956
431.91666666666663 23.149270870742225 22.856940393059844
432.4166666666667 23.147269392247686 22.855012695219617
432.9166666666667 23.145272279995076 22.85309864910578
433.41666666666663 23.143284062116876 22.85117801269589
433.9166666666667 23.141318123870267 22.849277560237383
434.4166666666667 23.139365120015135 22.84738406002283
434.91666666666663 23.137423239200025 22.84549949204994
435.4166666666667 23.13547977798466 22.843611669645
435.9166666666667 23.13353741744628 22.841739189926166
436.41666666666663 23.131609773072498 22.839866676281208
436.9166666666667 23.129683479785896 22.837990827235608
437.4166666666667 23.12776016238203 22.836127888648466
437.91666666666663 23.125841722245234 22.834270262681535
438.4166666666667 23.123938877600306 22.832407228514352
