FastTrWP/PhaseSpace/IAs/snIa_0.43_30.00_0.45_0.08.csv
# %ECSV 0.9
# ---
# datatype:
# - {name: time-rel, datatype: float64}
# - {name: g, datatype: float64}
# - {name: i, datatype: float64}
# schema: astropy-2.0
time-rel g i
[from data line 363]
-231.50000000000006 24.0616546530419 23.139427407988663
-231.0 24.05818811559298 23.136604780164177
-230.5 24.05470635627982 23.133789732051262
-230.00000000000006 24.051234667829938 23.13097768565761
-229.5 24.04777384475308 23.128173924712947
-229.0 24.044320019593883 23.125374603515642
-228.50000000000006 24.04087374511863 23.122582635313304
-228.0 24.03743224879056 23.119785584973865
-227.5 24.033984926119274 23.116990221719455
-227.00000000000006 24.030573623768113 23.114218679479478
-226.5 24.027154800361096 23.11144101623217
-226.0 24.023739420876336 23.108659110377076
-225.50000000000006 24.020318932711675 23.105890448928818
-225.0 24.01693307747607 23.103134272982565
-224.5 24.013527491061577 23.100379137783516
-224.00000000000006 24.010154189168507 23.097626481250984
-223.5 24.006776846636896 23.09487672620301
-223.0 24.003395614889754 23.092123096261968
-222.50000000000006 24.00004202645625 23.089388883242535
-222.0 23.9966751928106 23.08664635453856
-221.5 23.993317401190666 23.083905503687255
-221.00000000000006 23.989981137131387 23.081182408976044
-220.5 23.986638131951672 23.078460816850146
-220.0 23.983288411339206 23.075742274277367
-219.50000000000006 23.979974191963876 23.073028503372495
-219.0 23.976649437618974 23.07031382616912
-218.5 23.973315069424878 23.06760756841587
-218.00000000000006 23.970029944349886 23.064900596039777
-217.5 23.966729626308208 23.06219820991044
-217.0 23.963419289890847 23.059509687610973
-216.50000000000006 23.960127122476536 23.05681427987061
-216.0 23.956857143600306 23.054123065436897
-215.5 23.95358044704352 23.051446778345543
-215.00000000000006 23.95030778147833 23.048761606790507
-214.5 23.947044758572076 23.04609365564871
-214.0 23.9437829218667 23.043423007040317
-213.50000000000006 23.94052461256217 23.040743947474077
-213.0 23.93727221803134 23.03808729724796
-212.5 23.934034325346886 23.03541499787539
-212.00000000000006 23.930797735713792 23.03276947997169
-211.5 23.927564907965362 23.030119718632314
-211.0 23.924329708141023 23.027465446803692
-210.50000000000006 23.921114583236836 23.024825750222732
-210.0 23.917910810805346 23.02217563743219
-209.5 23.91468530205268 23.019534511590226
-209.00000000000006 23.911490911709702 23.016904088538716
-208.5 23.908299653856467 23.01427415101056
-208.0 23.90510329872472 23.01162920855401
-207.50000000000006 23.90191280965777 23.009020602343917
-207.0 23.89872963387107 23.00639900742542
-206.5 23.895554172735768 23.003768975411404
-206.00000000000006 23.892376065791492 23.0011587937743
-205.5 23.88921778823753 22.998554585277482
-205.0 23.886054308762887 22.995942888668914
-204.50000000000006 23.88288219811086 22.99333296642824
-204.0 23.87971166057031 22.990721606277738
-203.5 23.876543886709737 22.988100605200962
-203.00000000000006 23.873374269288014 22.985491650658112
-202.5 23.870204821461122 22.982875490345073
-202.0 23.867031504116817 22.98027886304527
-201.50000000000006 23.863863747027715 22.977659352618677
-201.0 23.86068513368489 22.975057478688967
-200.5 23.8575099239629 22.972448446831983
-200.00000000000006 23.854333556195584 22.969842690467242
-199.5 23.851186976463342 22.967244079398288
-199.0 23.84800102811534 22.964638128551414
-198.50000000000006 23.844843201886583 22.96203660981918
-198.0 23.841690280199707 22.959436951728527
-197.5 23.838520725658057 22.956841638206793
-197.00000000000006 23.835369051239127 22.95424887597356
-196.5 23.83222145400767 22.95165313963476
-196.0 23.82907730793307 22.949064360608116
-195.50000000000006 23.82593109000172 22.9464796541737
-195.0 23.822798656334648 22.943898199356127
-194.5 23.81965804387014 22.941325051717108
-194.00000000000006 23.816533121418647 22.938745033927745
-193.5 23.81342219666205 22.936179022856248
-193.0 23.81031147109645 22.933606241602984
-192.50000000000006 23.807185068079654 22.93104663986155
-192.0 23.804083835865274 22.928485612758852
-191.5 23.800990821637626 22.92592783426519
-191.00000000000006 23.797911508263184 22.923376181929108
-190.5 23.794808362840755 22.920821511074617
-190.0 23.791751210728393 22.918288448522603
-189.50000000000006 23.788670331897915 22.915758554796714
-189.0 23.785616061460104 22.913225062655712
-188.5 23.782572666545207 22.910706808924694
-188.00000000000006 23.779537462945584 22.908180358201868
-187.5 23.776497551535396 22.90566575866891
-187.0 23.773484569569074 22.903157669051982
-186.50000000000006 23.770478836015595 22.90064902712013
-186.0 23.767473838178006 22.898154236404935
-185.5 23.764487138647755 22.895672165858684
-185.00000000000006 23.76149677975765 22.893189210901213
-184.5 23.758532520661117 22.89071606359783
-184.0 23.755585256776918 22.888236367736713
-183.50000000000006 23.752614452558795 22.885776226784724
-183.0 23.749679694659214 22.883324210743055
-182.5 23.746751124984637 22.880870566687737
-182.00000000000006 23.743854326383243 22.878423464866096
-181.5 23.740939694394743 22.875991434118564
-181.0 23.73804849818153 22.87356328379253
-180.50000000000006 23.7351732623273 22.871156410420053
-180.0 23.732301029238535 22.86873252916272
-179.5 23.729459620395016 22.866322444166144
-179.00000000000006 23.726629132052032 22.863923765693166
-178.5 23.72379431968607 22.86154256848112
-178.0 23.720984862711774 22.859160700872636
-177.50000000000006 23.718199739232876 22.856783004230255
-177.0 23.71540148240173 22.854429442481546
-176.5 23.712648706747686 22.852068860205364
-176.00000000000006 23.709894412575665 22.849725343092203
-175.5 23.707165586266846 22.84739091735268
-175.0 23.704442808197822 22.845056198988157
-174.50000000000006 23.70172345676531 22.84274353387195
-174.0 23.699036234619875 22.840430418240935
-173.5 23.696349106874255 22.838131750207307
-173.00000000000006 23.69369123236546 22.83583405500711
-172.5 23.691040966071984 22.833558954617814
-172.0 23.688401708538326 22.831285372490157
-171.50000000000006 23.685811878423312 22.829032786507643
-171.0 23.683205397476872 22.826774899028678
-170.5 23.680617010818573 22.824525654286173
-170.00000000000006 23.678021150276656 22.82228352643012
-169.5 23.675441913078252 22.820050600626377
-169.0 23.672879078417086 22.817813598172595
-168.50000000000006 23.670315621195925 22.815586217870255
-168.0 23.667765861461074 22.81335460396296
-167.5 23.665217921101952 22.811138014044325
-167.00000000000006 23.6626714008531 22.80892883086304
-166.5 23.66012922851274 22.806713829869494
-166.0 23.65760673346015 22.8045058810837
-165.50000000000006 23.65508577603313 22.8023072388274
-165.0 23.652579887784242 22.800109643355803
-164.5 23.65006454130304 22.79793090539236
-164.00000000000006 23.647559918353735 22.795743120036555
-163.5 23.64508421075078 22.793553466611527
-163.0 23.642602362972283 22.791387161784037
-162.50000000000006 23.64013368445661 22.789218531958
-162.0 23.637680068084904 22.787048140283733
-161.5 23.635208635507617 22.784887314548904
-161.00000000000006 23.632763758669014 22.78273888943076
-160.5 23.63032627844078 22.78058977989206
-160.0 23.627892680448305 22.77844892306268
-159.50000000000006 23.625472839589744 22.776315957382405
-159.0 23.623054444130723 22.77417353042448
-158.5 23.620659434410545 22.772053104658355
-158.00000000000006 23.618269656983042 22.76992870684439
-157.5 23.615875611207883 22.767825811060952
-157.0 23.613503342833212 22.76571126492125
-156.50000000000006 23.61113908023941 22.763614846898996
-156.0 23.608785446717228 22.76152120449715
-155.5 23.606441551694097 22.759429350424515
-155.00000000000006 23.6041099018597 22.757337032853385
-154.5 23.601778998335746 22.755264400487498
-154.0 23.599454990561807 22.75319407400747
-153.50000000000006 23.597148898203123 22.751134081246555
-153.0 23.594853542016896 22.749076063166868
-152.5 23.592564761546647 22.7470183653794
-152.00000000000006 23.59029707285589 22.744977941567832
-151.5 23.588029494239542 22.742948288479077
-151.0 23.58576860668345 22.740911137612365
-150.50000000000006 23.583529717213043 22.738894490900606
-150.0 23.58129204635751 22.736866970643945
-149.5 23.57907694436252 22.73485772867991
-149.00000000000006 23.57686507677865 22.7328611452695
-148.5 23.57465418221256 22.730852009998994
-148.0 23.572473755670792 22.728866613572166
-147.50000000000006 23.570295302595852 22.726872802225905
-147.0 23.568125002048927 22.72490125980493
-146.5 23.565965269401094 22.722927826014367
-146.00000000000006 23.56382723671439 22.720967043833305
-145.5 23.56170359057526 22.719013285029106
-145.0 23.55957753410408 22.71706470100868
-144.50000000000006 23.557456922659476 22.71512506319884
-144.0 23.555355130977812 22.713190524480513
-143.5 23.55327119587993 22.711263067181584
-143.00000000000006 23.551196272822956 22.70934790891936
-142.5 23.549140265539755 22.70742508097078
-142.0 23.547088559521377 22.705530681730252
-141.50000000000006 23.54504990032133 22.703631713643652
-141.0 23.543009709758678 22.70173806161732
-140.5 23.541010341985668 22.699854052694484
-140.00000000000006 23.539010214324747 22.697982052772097
-139.5 23.53702285649679 22.696105545241558
-139.0 23.535044534508796 22.69427470966128
-138.50000000000006 23.533074865304613 22.69240675456874
-138.0 23.531122967292628 22.69057015254277
-137.5 23.5291824909533 22.688727515796966
-137.00000000000006 23.527262125860563 22.686896879487062
-136.5 23.52534533121931 22.68508970290761
-136.0 23.523439745729963 22.68326835245086
-135.50000000000006 23.521553338531554 22.681457155087745
-135.0 23.5196625643939 22.67965525213979
-134.5 23.517782630702015 22.677853870356465
-134.00000000000006 23.51591682410308 22.676062530331727
-133.5 23.514061899428803 22.674280276569995
-133.0 23.512209095477424 22.67250185512809
-132.50000000000006 23.51037114803121 22.67073573519067
-132.0 23.508529088339493 22.668964241165543
-131.5 23.5067006388725 22.667201284339082
-131.00000000000006 23.50488601578769 22.665451895638604
-130.5 23.503082727241615 22.663699347914946
-130.0 23.501307030735074 22.661948605964525
-129.50000000000006 23.499505914416872 22.660217525225207
-129.0 23.497724928037 22.65847575888398
-128.5 23.495962164838943 22.656750023960342
-128.00000000000006 23.494206379618653 22.65502400396526
-127.5 23.492447556368514 22.65332075531639
-127.0 23.49069724729153 22.651608627702053
-126.50000000000006 23.48896705840168 22.649899194179483
-126.0 23.487237339877822 22.648206116474242
-125.5 23.485523049173217 22.646512366377888
-125.00000000000006 23.48381290128961 22.644822710065927
-124.5 23.48212827816324 22.643141523360384
-124.0 23.48042628618466 22.641461297617887
-123.50000000000006 23.478733141291972 22.639788379142196
-123.0 23.47707693532204 22.638126369452735
-122.5 23.47541401601035 22.6364638679193
-122.00000000000006 23.47376251726746 22.634814513545606
-121.5 23.47211773061821 22.633169122018675
-121.0 23.470481224165177 22.631524230906862
-120.50000000000006 23.468847795445523 22.629882378977886
-120.0 23.467224373266188 22.628256186715628
-119.5 23.46560288585017 22.626626071050374
-119.00000000000006 23.464019931463458 22.625008233523396
-118.5 23.462414315288452 22.623397278597757
-118.0 23.460828947897575 22.621784488689855
-117.50000000000006 23.45924982878083 22.620187299404794
-117.0 23.457694676879527 22.618585094903167
-116.5 23.456138846451957 22.616989362645022
-116.00000000000006 23.454577629910087 22.6153946612316
-115.5 23.453044808258877 22.61381599354916
-115.0 23.451506821770863 22.612239632568624
-114.50000000000006 23.449976215246636 22.610663982687534
-114.0 23.448470197559868 22.60910795195113
-113.5 23.44695479031724 22.607550605408765
-113.00000000000006 23.445471507945655 22.606003136674136
-112.5 23.44397078748546 22.604440084394245
-112.0 23.442491208022332 22.60289532008936
-111.50000000000006 23.441017354547107 22.601355826444248
-111.0 23.43956510513631 22.599824979507808
-110.5 23.438098251463334 22.5982958259427
-110.00000000000006 23.43665927709057 22.596780566620605
-109.5 23.435220288851063 22.59524975519315
-109.0 23.433792760198898 22.59374689665373
-108.50000000000006 23.432377057349207 22.592243978275448
-108.0 23.430951214585157 22.590734650567008
-107.5 23.429555406982693 22.589243810452835
-107.00000000000006 23.428151718636038 22.587747051019463
-106.5 23.426771112645177 22.586266773804805
-106.0 23.42537831418039 22.58478117205998
-105.50000000000006 23.424019184981578 22.58331327801399
-105.0 23.422655514464886 22.581841191492195
-104.5 23.421317319200732 22.580379229772277
-104.0 23.41996113658055 22.57891811345432
-103.5 23.418634449565687 22.577461192155678
-103.0 23.41730337958147 22.576017971020935
-102.5 23.41597907528447 22.57458054889122
-102.0 23.414668229810232 22.573133656833278
-101.5 23.413373463393373 22.571702111698357
-101.0 23.412075707837392 22.570268505991567
-100.5 23.410786098580736 22.56884840426139
-100.0 23.40951503567128 22.56742207598589
-99.5 23.408224359862672 22.566015445265354
-99.0 23.406962561429246 22.56460544565328
-98.5 23.405710867101494 22.563199775604957
-98.0 23.4044575542034 22.561793160229374
-97.5 23.403199441325558 22.560394616301444
-97.0 23.401968528688748 22.559003572043615
-96.5 23.40073743774922 22.55761776109358
-96.0 23.39950750790528 22.556234594228727
-95.5 23.398294545775418 22.554858462871792
-95.0 23.397086041665286 22.553487432583054
-94.5 23.395876329934822 22.55211754118843
-94.0 23.394685728905568 22.550742122298896
-93.5 23.393496756479845 22.549390348929084
-93.0 23.392326007839156 22.548036784440605
-92.5 23.391146526046548 22.54668421282267
-92.0 23.389975676431277 22.545341608679657
-91.5 23.388822982455842 22.543998574136133
-91.0 23.38766453637861 22.54266505585447
-90.5 23.3865274149682 22.541323904445356
-90.0 23.38539201591384 22.540006169360552
-89.5 23.384274105844828 22.538676021253153
-89.0 23.383151989306285 22.537361089553283
-88.5 23.382013574184146 22.536050579967952
-88.0 23.380932214475102 22.53473691474388
-87.5 23.37982004574147 22.533435910388697
-87.0 23.37873824967781 22.53213453637347
-86.5 23.37764571033287 22.530832588584325
-86.0 23.376579671264004 22.52954064983345
-85.5 23.37549631721748 22.528259233349964
-85.0 23.374444185865947 22.526977930020177
-84.5 23.373384973941874 22.52570527216088
-84.0 23.372343169768207 22.524434228306585
-83.5 23.371312553017525 22.523168870350222
-83.0 23.370277741658096 22.521897728016732
-82.5 23.36925847014868 22.520644148234453
-82.0 23.36824066307901 22.519390319711214
-81.5 23.367222223048472 22.51814240355728
-81.0 23.366228379852856 22.516900327141265
-80.5 23.365238951287772 22.515656057710125
-80.0 23.36425048381407 22.514427540717673
-79.5 23.36326476165346 22.5131950831277
-79.0 23.362306999974237 22.511973686053615
-78.5 23.361350808801177 22.51074439140112
-78.0 23.360395783755568 22.509538702509005
-77.5 23.359446319422407 22.508321307753487
-77.0 23.3585025120556 22.507115573508237
-76.5 23.35757451562673 22.505919104026354
-76.0 23.356641370140224 22.50471443227785
-75.5 23.355729821124747 22.50352878168777
-75.0 23.354835946618856 22.50234030798046
-74.5 23.353925639687212 22.501148562098898
-74.0 23.35304096380842 22.499970474465304
-73.5 23.35215011609862 22.498800880525497
-73.0 23.351271131816205 22.49764215306177
-72.5 23.350411458874976 22.496478135059984
-72.0 23.34953680269065 22.495312403064553
-71.5 23.348694872378566 22.49415771208433
-71.0 23.347852839641302 22.493002553421398
-70.5 23.347023172590802 22.491855448821102
-70.0 23.346175062175185 22.49072371458947
-69.5 23.345361973847027 22.489588324067256
-69.0 23.344561946511178 22.488457652565778
-68.5 23.343751580794333 22.48732913310001
-68.0 23.342957497986387 22.486202678274584
-67.5 23.342161513103555 22.485092124518285
-67.0 23.34138556269034 22.483974825068426
-66.5 23.340618952376012 22.482868605398643
-66.0 23.33984536111901 22.48176547056802
-65.5 23.33908507385996 22.48066931167304
-65.0 23.338347959145747 22.47956852255818
-64.5 23.337593235598565 22.478482301937824
-64.0 23.33686010509836 22.477399084063002
-63.5 23.336132797885078 22.476317632562406
