FastTrWP/PhaseSpace/IAs/snIa_0.63_30.00_-0.86_0.23.csv
# %ECSV 0.9
# ---
# datatype:
# - {name: time-rel, datatype: float64}
# - {name: g, datatype: float64}
# - {name: i, datatype: float64}
# schema: astropy-2.0
time-rel g i
[from data line 1773]
554.0 26.436627784510005 22.663497213898086
554.5 26.438739731472495 22.66458451381113
555.0 26.440869901586215 22.665664689340797
555.5 26.442947353247625 22.66674773183088
556.0 26.445086050040633 22.667825715784208
556.5 26.447181248937234 22.668903801263763
557.0 26.449347424356336 22.669990679360073
557.5 26.45147619722045 22.6710742070254
558.0 26.453586311081633 22.672160368930918
558.5 26.45574097850016 22.673244270428597
559.0 26.457926827411843 22.674326785815076
559.5 26.460019202992736 22.675421996587698
560.0 26.46220040225916 22.676510972188524
560.5 26.464359424823797 22.677603086067002
561.0 26.466514770220947 22.678690496343272
561.5 26.46869957071665 22.679781359428446
562.0 26.47089909477203 22.680871430165467
562.5 26.473060197494934 22.68196369837856
563.0 26.475235776691143 22.683057025438377
563.5 26.477394311643142 22.68415482081114
564.0 26.479620941225363 22.68524979954835
564.5 26.481827691398152 22.686347305713394
565.0 26.484010009484177 22.687436991984846
565.5 26.48620581743099 22.688541982939064
566.0 26.488446839963938 22.68963542127139
566.5 26.49064858967673 22.690738885729296
567.0 26.492900709315418 22.69184250409687
567.5 26.49512693024192 22.692948927413642
568.0 26.497372812706796 22.694048279084733
568.5 26.499606551076216 22.69514722926403
569.0 26.50184649396899 22.69625902649218
569.5 26.504111571872237 22.697366332755045
570.0 26.506376448206662 22.69846568048844
570.5 26.508629903777397 22.699583876939077
571.0 26.51089210249181 22.700687893540803
571.5 26.513167035760095 22.70179382923857
572.0 26.515439791306964 22.702905971850377
572.5 26.51772484146097 22.70402033045874
573.0 26.52000459671354 22.705136477537216
573.5 26.52233703707943 22.70624789494271
574.0 26.524622750143664 22.70736834344997
574.5 26.526947690438746 22.708473054275707
575.0 26.529249051728318 22.709591216855685
575.5 26.531578383458903 22.710716613188254
576.0 26.53388563430009 22.71182911315433
576.5 26.536242241399567 22.7129462544853
577.0 26.538576835437663 22.714073435891212
577.5 26.540938784916687 22.71519923626359
578.0 26.543292731845934 22.716325429772226
578.5 26.545612920409717 22.71744443537106
579.0 26.548034483178174 22.718571271589134
579.5 26.55037350218397 22.71969802860243
580.0 26.552755454103366 22.720828043936343
580.5 26.55518922176269 22.72195688187836
581.0 26.557550364205653 22.723084954961248
581.5 26.559902705016842 22.72421348165207
582.0 26.562312147109903 22.72534423056444
582.5 26.564690933015417 22.726477929199675
583.0 26.56713159606857 22.72761710796605
583.5 26.56960316468986 22.7287489828909
584.0 26.571995405681758 22.729889378922383
584.5 26.574417415406863 22.731029113714634
585.0 26.576880322620934 22.732159001000724
585.5 26.57937483302441 22.73330132038957
586.0 26.581770987771076 22.734442739796915
586.5 26.584248408433034 22.735585789961835
587.0 26.586727631785546 22.7367248887524
587.5 26.589180907445385 22.7378686137242
588.0 26.59171243802561 22.73901637548331
588.5 26.59420990661538 22.740150455778043
589.0 26.596711504782185 22.741303793657455
589.5 26.599220005799182 22.74245454062575
590.0 26.601734263808197 22.74360143712309
590.5 26.60422671338971 22.744744158859653
591.0 26.606827560707856 22.745897886033774
591.5 26.609325668355698 22.74705234066833
592.0 26.611854201157033 22.74819355199029
592.5 26.614423684845757 22.74936189656273
593.0 26.616973187621298 22.750514435643055
593.5 26.619517949864495 22.751664309365154
594.0 26.622159674818725 22.752827975142953
594.5 26.624687797185175 22.753979942674075
595.0 26.627306316983965 22.75513356985605
595.5 26.629899256681817 22.756297890630606
596.0 26.632424927449353 22.757461889810475
596.5 26.635059033196654 22.758615432186502
597.0 26.637672494377615 22.75978101019733
597.5 26.640297172912895 22.760951049500576
598.0 26.642950920290986 22.76211423243975
598.5 26.645541700160287 22.763275377320262
599.0 26.648239719739976 22.764447449600294
599.5 26.65085759806167 22.765619283058008
600.0 26.653508955717733 22.766784762900834
600.5 26.656165809116146 22.76795524589648
601.0 26.65881008855862 22.769130674406593
601.5 26.661483479842598 22.770298605942738
602.0 26.664158263429538 22.77147350560226
602.5 26.66686828617147 22.77265398591289
603.0 26.66952115099852 22.77382731635133
603.5 26.67226645415358 22.775003815877646
604.0 26.674956754138837 22.776176723895656
604.5 26.677683663240206 22.777360809503055
605.0 26.680379991523072 22.77854491637808
605.5 26.683138200568415 22.779721042008628
606.0 26.685856977085475 22.78090876340216
606.5 26.68860301107873 22.782090207094928
607.0 26.69133725936518 22.783281813131246
607.5 26.69410149875855 22.784458669429938
608.0 26.69683738523731 22.785646276204883
608.5 26.699595209594072 22.786841481719357
609.0 26.702419131539674 22.78802923301964
609.5 26.70519508197947 22.789226337793693
610.0 26.70796458240842 22.790406443845015
610.5 26.71073643962407 22.79160725001226
611.0 26.71357330074112 22.79279860636841
611.5 26.71637963981022 22.793995860845065
612.0 26.719184087549767 22.795202973274623
612.5 26.72198211155195 22.796391539349635
613.0 26.724834903549887 22.7975861424536
613.5 26.72764012644714 22.798776000461665
614.0 26.73046853672141 22.79999739861449
614.5 26.7333315980865 22.801191343451087
615.0 26.736210250437686 22.80239557376055
615.5 26.739061570622233 22.80359870647869
616.0 26.74186163011422 22.804807458402806
616.5 26.744812832252528 22.80602168265693
617.0 26.747686284493263 22.807224258168503
617.5 26.750525243989966 22.808437386829105
618.0 26.753415036009866 22.80964244976593
618.5 26.756335574983865 22.81086231796212
619.0 26.759221009517866 22.812069463205788
619.5 26.762116653301003 22.813293463627552
620.0 26.765031715263163 22.81450804327644
620.5 26.768018404330768 22.815726997062946
621.0 26.770959282711043 22.81693997332919
621.5 26.773914262612536 22.81816462759137
622.0 26.776940185833343 22.81938588172464
622.5 26.779943491813082 22.820611116697542
623.0 26.78290968168724 22.82184389798376
623.5 26.785966415473467 22.823066977202867
624.0 26.78902051194918 22.824298011139646
624.5 26.792093766803966 22.82552525484254
625.0 26.795184770700416 22.82676423722294
625.5 26.79826904319313 22.8279927263521
626.0 26.801384606073345 22.82922707353217
626.5 26.804517775608726 22.830470948826846
627.0 26.80768069683832 22.831709602711555
627.5 26.810802628833997 22.83295247952355
628.0 26.813970981179143 22.8342031084768
628.5 26.81719269537006 22.83543948466439
629.0 26.820379090955488 22.836678393877587
629.5 26.823599879412154 22.837932177905703
630.0 26.826785671755047 22.839183284661395
630.5 26.830079836553367 22.840431538798804
631.0 26.833292913265208 22.84168042669261
631.5 26.836556586830426 22.842934876694745
632.0 26.83979788301059 22.844179872165334
632.5 26.843093181729316 22.845435632953524
633.0 26.846311532338024 22.846695815988205
633.5 26.84959817744094 22.84795616203141
634.0 26.852971164087066 22.849220807846923
634.5 26.85625976575317 22.850471287559365
635.0 26.859538202382318 22.851738675414957
635.5 26.862939547254445 22.853001221439975
636.0 26.866240207121695 22.854265225737667
636.5 26.869588006127543 22.855522192711348
637.0 26.872980149178982 22.856781196292552
637.5 26.87629755299056 22.858057781597854
638.0 26.87968969298041 22.859331047584035
638.5 26.88300844001784 22.86059704114988
639.0 26.88643111599458 22.861870232829634
639.5 26.889722964098727 22.863139853740545
640.0 26.893128720434795 22.864415413900247
640.5 26.89650215711715 22.865678423185827
641.0 26.89992179353681 22.866953949109877
641.5 26.90328453097129 22.8682365222893
642.0 26.90666276077094 22.869514738583085
642.5 26.910073787219105 22.870782137837796
643.0 26.913514997572705 22.872063831625713
643.5 26.916809025987448 22.87333637295387
644.0 26.920272995097392 22.874627197701404
644.5 26.923616875460073 22.87591400917968
645.0 26.92696730227489 22.87718933804397
645.5 26.930371487123033 22.87847215594448
646.0 26.93379827324817 22.879752334095848
646.5 26.937177811402098 22.88103496903943
647.0 26.940503363018074 22.882320529726027
647.5 26.943965838610776 22.88360677318002
648.0 26.94725287209514 22.88489068065809
648.5 26.950676451345892 22.88617737494743
649.0 26.954057466524173 22.887467427926907
649.5 26.9573571872831 22.88875159013586
650.0 26.960685199704454 22.89004306517242
650.5 26.963975713699174 22.89132781077182
651.0 26.967431623861515 22.892615980682912
651.5 26.970730534185417 22.89391391578501
652.0 26.97408128437037 22.895199668261327
652.5 26.977372313212943 22.89649319541679
653.0 26.98063162911451 22.897782140372996
653.5 26.98385087128068 22.899069948179243
654.0 26.987129997138304 22.900365969796933
654.5 26.990408994339607 22.90165536468367
655.0 26.993675717091513 22.90295097006338
655.5 26.996924309502944 22.904237217522848
852.5 26.99976367421423 23.460360233149387
853.0 26.998660093949777 23.461811466654474
853.5 26.99759410885084 23.463282975836535
854.0 26.99649171195388 23.46473285875671
854.5 26.995551167984363 23.466182419170195
855.0 26.994503586797308 23.467625621500478
855.5 26.993585270307072 23.469068268800363
856.0 26.992609584690875 23.470522330146064
856.5 26.991740344986248 23.47197258660725
857.0 26.990862442066415 23.473425007029014
857.5 26.989965839152124 23.47485626187342
858.0 26.989119442292235 23.476315028218394
858.5 26.98830077006939 23.47774963573674
859.0 26.98744067823459 23.47920515764755
859.5 26.986617887143552 23.480653021380668
860.0 26.98582479756583 23.482086803067364
860.5 26.98513680944803 23.483543243496495
861.0 26.984366691852763 23.484996034815847
861.5 26.98360487945774 23.486423943520375
862.0 26.98295537388393 23.48787116762257
862.5 26.982288949931675 23.489312540237748
863.0 26.981576319030495 23.490747799459765
863.5 26.980955065292935 23.492195270906393
864.0 26.980348045364842 23.493644985383302
864.5 26.9797343199872 23.495071597856032
865.0 26.979141565954134 23.496507050105365
865.5 26.97855574550219 23.497941052205853
866.0 26.97801848345503 23.499394034683966
866.5 26.977455856529858 23.500821848215416
867.0 26.976885719912698 23.50226531825524
867.5 26.97650082642673 23.50369375092528
868.0 26.97599687845539 23.505128237013466
868.5 26.97551656631489 23.506576108383474
