FastTrWP/PhaseSpace/IAs/snIa_0.36_30.00_0.57_0.12.csv
# %ECSV 0.9
# ---
# datatype:
# - {name: time-rel, datatype: float64}
# - {name: g, datatype: float64}
# - {name: i, datatype: float64}
# schema: astropy-2.0
time-rel g i
[from data line 362]
-245.5 23.83238743421222 23.26052012975746
-245.00000000000006 23.82882737663982 23.257437218929653
-244.5 23.825247470378123 23.254358782881134
-244.0 23.82169229471849 23.251275135518497
-243.50000000000006 23.818152019571322 23.248200177902056
-243.0 23.814605993768048 23.24513932615509
-242.5 23.811076960892677 23.24208805167091
-242.00000000000006 23.807548276948825 23.23902695176926
-241.5 23.80402974407869 23.235979960857204
-241.0 23.8005112218189 23.232938376386407
-240.50000000000006 23.79702259619378 23.229901941840453
-240.0 23.79352698325892 23.226881110268856
-239.5 23.790034475593885 23.22384727675399
-239.00000000000006 23.786556671154052 23.220837120837984
-238.5 23.783076879530597 23.217812991029334
-238.0 23.77960766309148 23.214803601191605
-237.50000000000006 23.776148350109423 23.21179920277421
-237.0 23.772694025872617 23.20880302517523
-236.5 23.76925253347678 23.20581677121418
-236.00000000000006 23.76581721387183 23.202829893507683
-235.5 23.762400727632166 23.199841568906052
-235.0 23.758972734390618 23.1968731979481
-234.50000000000006 23.755564038177926 23.19391556380616
-234.0 23.752165940483806 23.190947518685633
-233.5 23.74876931577486 23.18799601498011
-233.00000000000006 23.74539290302355 23.185040988379985
-232.5 23.742003211719123 23.182099697998634
-232.0 23.7386272261331 23.17916713368139
-231.50000000000006 23.735268969135397 23.17623237549252
-231.0 23.73190511138112 23.173309606855593
-230.5 23.728562670902512 23.170391659461718
-230.00000000000006 23.725217793997253 23.167478695219202
-229.5 23.72188965466637 23.164562513357726
-229.0 23.71855678833096 23.16165504378217
-228.50000000000006 23.715238888474957 23.158764464322992
-228.0 23.71191626910717 23.155868927316305
-227.5 23.708615269161125 23.1529796075433
-227.00000000000006 23.705321801980382 23.150096558258607
-226.5 23.702025351358223 23.147211375080715
-226.0 23.698736716849808 23.14434659835735
-225.50000000000006 23.69544822314925 23.141474592331555
-225.0 23.692186752247217 23.138619426351337
-224.5 23.688923587137218 23.135766066846266
-224.00000000000006 23.685660284870064 23.132913001307173
-223.5 23.682402172245475 23.13006230507055
-223.0 23.679163932618593 23.127210253357816
-222.50000000000006 23.675919501879097 23.124386709223465
-222.0 23.67268608829018 23.12155691772724
-221.5 23.669469450809252 23.11872560416241
-221.00000000000006 23.66623646459406 23.115907562200185
-220.5 23.663037439657593 23.11308047581234
-220.0 23.659808236497398 23.11027627388752
-219.50000000000006 23.65661726741741 23.10747001822035
-219.0 23.65342685261283 23.104658204310557
-218.5 23.650239440866564 23.101862217024003
-218.00000000000006 23.64705594581239 23.099067246735864
-217.5 23.643873765772764 23.096279048097976
-217.0 23.640707551900924 23.09349439797133
-216.50000000000006 23.63754831625021 23.09071419158765
-216.0 23.634386762528123 23.087937475995453
-215.5 23.63122502922026 23.08516718097708
-215.00000000000006 23.628095274058744 23.082398520177072
-214.5 23.624940812278087 23.079638734506833
-214.0 23.62180823137489 23.076876279668298
-213.50000000000006 23.618683971388545 23.074127204068624
-213.0 23.615561447287558 23.071374553737783
-212.5 23.61243589340743 23.06863367158627
-212.00000000000006 23.609322794795354 23.065895748524813
-211.5 23.606219139124697 23.06315537766425
-211.0 23.603120925054995 23.060415335984178
-210.50000000000006 23.600026904274465 23.057687966419458
-210.0 23.59692482170129 23.054958363127
-209.5 23.59384383478615 23.052247986006744
-209.00000000000006 23.590758599333228 23.04952598106987
-208.5 23.587681978123427 23.04680970935735
-208.0 23.584609221644534 23.044107648916476
-207.50000000000006 23.581544743849946 23.04140167777934
-207.0 23.578484702787726 23.038697517148506
-206.5 23.575435098716675 23.035994198052517
-206.00000000000006 23.572390309483424 23.03330950749214
-205.5 23.569347207332882 23.03061036543587
-205.0 23.566294413342114 23.027912933818033
-204.50000000000006 23.56323092830431 23.025221526655542
-204.0 23.560187295880386 23.022531112179028
-203.5 23.55713773724517 23.01983693992745
-203.00000000000006 23.55407768013492 23.01713809151037
-202.5 23.551043069033 23.014449817317143
-202.0 23.547988215763596 23.011753594722173
-201.50000000000006 23.544936691147782 23.009066789485217
-201.0 23.541878020165456 23.006378658761758
-200.5 23.53884288824803 23.003697268132445
-200.00000000000006 23.53578103418505 23.001010663800557
-199.5 23.53274008902122 22.998323037446866
-199.0 23.52969461387207 22.99564956506377
-198.50000000000006 23.526664143059904 22.992962988425532
-198.0 23.523625692351015 22.99028663278805
-197.5 23.52059413424953 22.987617126369475
-197.00000000000006 23.517556335737893 22.984938785991233
-196.5 23.514532706361933 22.982277534814997
-196.0 23.511518933184664 22.97960364245739
-195.50000000000006 23.508496439877398 22.976947125233824
-195.0 23.505486313714123 22.974290509262126
-194.5 23.502479551045067 22.971638978112168
-194.00000000000006 23.499487779314308 22.968989541589572
-193.5 23.496486546060492 22.966347033224093
-193.0 23.493514380449746 22.963707807280006
-192.50000000000006 23.490524116726977 22.96107757907309
-192.0 23.487541649092947 22.95845182306243
-191.5 23.484577925188837 22.955826856908686
-191.00000000000006 23.48162454074702 22.953212801066762
-190.5 23.47867536596677 22.950593829967367
-190.0 23.475734188754874 22.947991214692713
-189.50000000000006 23.472792261257027 22.94538362208089
-189.0 23.46987812603579 22.94278782082706
-188.5 23.466953651738955 22.940197961690618
-188.00000000000006 23.46404524668149 22.93761462117684
-187.5 23.461154620590357 22.93504709044676
-187.0 23.458265552339064 22.93248771393255
-186.50000000000006 23.455386978579703 22.929915515762595
-186.0 23.452517493308186 22.927365208826743
-185.5 23.44965167139421 22.924823836777108
-185.00000000000006 23.44681313500624 22.922285940213847
-184.5 23.44397310573939 22.919755006730202
-184.0 23.441156994460044 22.91724010853709
-183.50000000000006 23.43834079370803 22.91472507338184
-183.0 23.435540531706298 22.912219747035966
-182.5 23.43275783209622 22.909724360997338
-182.00000000000006 23.4299817623902 22.90723219811661
-181.5 23.427205256021068 22.904756103680185
-181.0 23.424468079498855 22.902290634526064
-180.50000000000006 23.42172266941543 22.899831143028347
-180.0 23.418997932708592 22.89736728920456
-179.5 23.41628177433542 22.894929853822774
-179.00000000000006 23.413587272353276 22.892495807718657
-178.5 23.410899418847375 22.8900803659549
-178.0 23.40823829291405 22.887653449875835
-177.50000000000006 23.405583640079257 22.88525352253368
-177.0 23.402928125652277 22.882864700485655
-176.5 23.40030188133909 22.880482879968977
-176.00000000000006 23.397707943227974 22.878119501709712
-175.5 23.395094622905305 22.87574697285983
-175.0 23.392518006731137 22.873402747886196
-174.50000000000006 23.389952451589238 22.871058218179314
-174.0 23.387411692381008 22.86873237831548
-173.5 23.384870889301755 22.866411900627295
-173.00000000000006 23.382358073291286 22.864107890798895
-172.5 23.37984258297418 22.861808154549607
-172.0 23.377334419388735 22.859510146468626
-171.50000000000006 23.37484017425745 22.857217251204574
-171.0 23.372342924224295 22.854932384092905
-170.5 23.369855744171197 22.852641709070525
-170.00000000000006 23.36737500619901 22.85036959981751
-169.5 23.36490268179415 22.848098912721824
-169.0 23.362441733046264 22.84583823948889
-168.50000000000006 23.35998361249726 22.843563440035872
-168.0 23.35753480143168 22.841316931574056
-167.5 23.355086023353223 22.839069448253802
-167.00000000000006 23.352647193011073 22.83682914334113
-166.5 23.350214798528143 22.83458334194844
-166.0 23.347804898180367 22.832349799003858
-165.50000000000006 23.345388113733886 22.830122162874204
-165.0 23.342988730944665 22.827904961235145
-164.5 23.340589651093495 22.82569009927751
-164.00000000000006 23.338202105094656 22.823483379485175
-163.5 23.33582378201132 22.821285528264145
-163.0 23.333449993941066 22.819084542326152
-162.50000000000006 23.331103427719164 22.8169008798957
-162.0 23.328736844793077 22.81471592483033
-161.5 23.32639690253577 22.8125360675749
-161.00000000000006 23.32406317993405 22.810368212262414
-160.5 23.321739574565562 22.808203724868
-160.0 23.31940705655058 22.80605319247899
-159.50000000000006 23.31711248511605 22.80389349765874
-159.0 23.31482145407869 22.80175465444339
-158.5 23.312529990741155 22.79962396985713
-158.00000000000006 23.310250065623105 22.79749642224752
-157.5 23.307987500190166 22.795370302278858
-157.0 23.305721214863464 22.79325959949881
-156.50000000000006 23.303472847676353 22.791149537341788
-156.0 23.30123441647747 22.789053973911884
-155.5 23.29900132482919 22.786959704275844
-155.00000000000006 23.296793886030947 22.784875042830134
-154.5 23.294586219588894 22.782799261864348
-154.0 23.292385253686057 22.78073055212781
-153.50000000000006 23.290203977092865 22.778663943691832
-153.0 23.288016446029573 22.776611104332712
-152.5 23.285862961562877 22.7745617235948
-152.00000000000006 23.283699811433152 22.772524732106476
-151.5 23.28155627374454 22.770491984023042
-151.0 23.27942912054936 22.76846694252172
-150.50000000000006 23.27730449328444 22.766461402911645
-150.0 23.275180507233422 22.76444915398261
-149.5 23.27309758335522 22.762448042908694
-149.00000000000006 23.27102086892922 22.760461704170204
-148.5 23.26893395935072 22.758472516669848
-148.0 23.26686898157277 22.756504030222615
-147.50000000000006 23.26482020849461 22.754531731139753
-147.0 23.262779140011464 22.75258014342812
-146.5 23.2607527159698 22.750632302162607
-146.00000000000006 23.258730709264775 22.748685949461592
-145.5 23.25673222434792 22.74675569422904
-145.0 23.254738348161506 22.74482890501727
-144.50000000000006 23.25275827707396 22.742910256843267
-144.0 23.250783886066458 22.741005926258666
-143.5 23.248836105952343 22.739115382772717
-143.00000000000006 23.246892486627754 22.73722532593932
-142.5 23.244953031788626 22.735345467712797
-142.0 23.243034557530812 22.73346441711199
-141.50000000000006 23.241133577276987 22.731603319864387
-141.0 23.239236032363543 22.729751472922008
-140.5 23.237353988682226 22.727914460540774
-140.00000000000006 23.235484042826776 22.726077528196377
-139.5 23.2336323656208 22.72425169347236
-139.0 23.23176527345572 22.722414298935472
-138.50000000000006 23.22992691570512 22.720604478624047
-138.0 23.228094476313434 22.718787497252578
-137.5 23.226272062907324 22.71699294987205
-137.00000000000006 23.224455488171543 22.715199661719478
-136.5 23.222640269351686 22.713408607234832
-136.0 23.22084180814105 22.711613508384694
-135.50000000000006 23.219045670792138 22.709841132098333
-135.0 23.21727115086776 22.708066678027524
-134.5 23.215498770645976 22.706312084495693
-134.00000000000006 23.2137318735397 22.70454767857004
-133.5 23.211986623976586 22.702799976461932
-133.0 23.210235060742264 22.701048904321244
-132.50000000000006 23.208503711775666 22.69931626278137
-132.0 23.20677909643988 22.697578180165763
-131.5 23.205061604037 22.695864719875228
-131.00000000000006 23.203347144985443 22.694139894021642
-130.5 23.201652529230905 22.692430185219948
-130.0 23.199958589862995 22.690719276533184
-129.50000000000006 23.19827856212132 22.689028271480282
-129.0 23.19660333388895 22.687334991243024
-128.5 23.194941897729326 22.685644149768038
-128.00000000000006 23.1932861965149 22.68396901786324
-127.5 23.191635443254533 22.682293865314005
-127.0 23.1899923848928 22.6806260416368
-126.50000000000006 23.18837110843857 22.67897485113854
-126.0 23.18674983849993 22.67730752084497
-125.5 23.18514106282079 22.675664506181374
-125.00000000000006 23.183530628796674 22.67402525917296
-124.5 23.181939852330707 22.672394659571854
-124.0 23.180349215165407 22.670766499208778
-123.50000000000006 23.178785337914704 22.669141806823077
-123.0 23.17720911097979 22.667522576129116
-122.5 23.175655624519287 22.665921968095223
-122.00000000000006 23.174105012361096 22.66431612362208
-121.5 23.17255839057865 22.662709573820564
-121.0 23.171018008903253 22.66113393447877
-120.5 23.169505519938927 22.65954330807183
-120.0 23.1679892415503 22.65796265805402
-119.5 23.166494485723614 22.656398237090244
-119.0 23.16498403069312 22.654837897904354
-118.5 23.163497560382957 22.65326736572652
-118.0 23.16201657147161 22.65171839996491
-117.5 23.16055111090749 22.650172601866643
-117.0 23.159088078420336 22.64863620860721
-116.5 23.15763673302555 22.647098752011757
-116.0 23.156198664955006 22.64557651056306
-115.5 23.154755265132604 22.64404513682633
-115.0 23.153329507616935 22.642532537148078
-114.5 23.151916298011244 22.641025656047795
-114.0 23.1505027596196 22.63952713727982
-113.5 23.14910394721688 22.63803130114782
-113.0 23.147699149438743 22.636538050969754
-112.5 23.14632654797996 22.635052182219102
-112.0 23.14494566562206 22.633581791281433
-111.5 23.14358680197791 22.63211075469083
-111.0 23.142231242811814 22.630640066442787
-110.5 23.14089345910004 22.62918436150812
-110.0 23.1395350161298 22.62772727243851
-109.5 23.138209368943173 22.626282813015493
-109.0 23.13688993179504 22.624846811491217
-108.5 23.13557593216052 22.62341419210091
-108.0 23.134264524532856 22.621984110998312
-107.5 23.1329658514874 22.62056162575636
-107.0 23.131687960442658 22.619140260470342
-106.5 23.13039794993997 22.617721523774932
-106.0 23.129119010997094 22.616315314310093
-105.5 23.1278543466977 22.61491774727128
-105.0 23.12659027736926 22.61352148200249
-104.5 23.125335170974772 22.61212937460568
-104.0 23.12409179154338 22.610738117341683
-103.5 23.122855961439136 22.609372200487673
-103.0 23.12162025258905 22.607997397900338
-102.5 23.120392126794442 22.606618055728347
-102.0 23.11917657593762 22.605249611888873
-101.5 23.117959858218164 22.603894248839676
-101.0 23.116765208152184 22.60254116237528
-100.5 23.11557404266905 22.601195816961823
-100.0 23.114380634376992 22.599845166924915
-99.5 23.113206022060236 22.59851537354235
-99.0 23.11204507900094 22.59718167011323
-98.5 23.110876795263174 22.59585483410856
-98.0 23.10971399544115 22.594537130623632
-97.5 23.108568995309188 22.593224221312944
-97.0 23.107422003171042 22.59190116433555
-96.5 23.10628722350422 22.590597304933524
-96.0 23.10515501884651 22.589299088850115
-95.5 23.104048895618682 22.58800171174653
-95.0 23.10292536640936 22.586711795636386
-94.5 23.10183164648475 22.585435381159087
-94.0 23.100736707524646 22.584150209411348
-93.5 23.09964376396006 22.582880478564466
-93.0 23.098562625746382 22.581614249298497
-92.5 23.097483879057286 22.580355173427584
-92.0 23.096425042350766 22.57908789006772
-91.5 23.095367768436084 22.577839261934606
-91.0 23.094316132126238 22.576598983860595
-90.5 23.093270172976652 22.575358309779446
-90.0 23.0922424396859 22.574125388123694
-89.5 23.09121906306338 22.57289782114228
-89.0 23.090203795004225 22.571673179099516
-88.5 23.089183639045167 22.570457554964808
-88.0 23.088182776772065 22.569237971073196
-87.5 23.087192954134537 22.568031229566618
-87.0 23.08620272471593 22.566838135152754
-86.5 23.085216114938834 22.565634563040312
-86.0 23.084248586603774 22.56444310188616
-85.5 23.083290887662624 22.563255768226078
-85.0 23.08233003496086 22.562079148036243
-84.5 23.081387863332008 22.56090123267225
-84.0 23.080446113592117 22.559736693400303
-83.5 23.079508910933512 22.55857057306047
-83.0 23.07858174462747 22.557418296698
-82.5 23.07767565920892 22.556265819771735
-82.0 23.076759129880774 22.555109582547463
-81.5 23.075864783427207 22.55397377504535
-81.0 23.074965637509184 22.552840431650605
-80.5 23.074093751479037 22.551714643957915
-80.0 23.073221776648015 22.55059100136101
-79.5 23.072349139073808 22.549471606857786
-79.0 23.071489306562746 22.548356218805896
-78.5 23.070640842715843 22.54724469083627
-78.0 23.069793472917503 22.546144420372688
-77.5 23.068956332619127 22.545053313867534
-77.0 23.068142379104216 22.54396123938892
