FastTrWP/PhaseSpace/IAs/snIa_0.57_30.00_0.12_-0.05.csv
# %ECSV 0.9
# ---
# datatype:
# - {name: time-rel, datatype: float64}
# - {name: g, datatype: float64}
# - {name: i, datatype: float64}
# schema: astropy-2.0
time-rel g i
-414.0 26.997629324103492 25.207924156795695
-413.5 26.982205517042907 25.19865955330294
-413.0 26.966857840838834 25.189407617789374
-412.5 26.951781230597046 25.180209081852713
-412.0 26.93682081757408 25.171058168926024
-411.5 26.921988167916613 25.16196390969678
-411.0 26.907159485565355 25.152911075309042
-410.5 26.89264875367555 25.1439277991
-410.0 26.87815491058955 25.134956237943676
-409.5 26.863715128861912 25.125981513139738
-409.0 26.84936683770726 25.1170698253374
-408.5 26.835195537991126 25.108180002302987
-408.0 26.82109344297764 25.099293030626264
-407.5 26.807021404333405 25.09045093075104
-407.0 26.79299827146538 25.081634693500515
-406.5 26.77909176776025 25.072880251785445
-406.0 26.765398512089714 25.064095409701714
-405.5 26.75161487507871 25.055366102973444
-405.0 26.737985709926736 25.04666839191688
-404.5 26.724432045271982 25.03797605605768
-404.0 26.71097225565976 25.029351602862068
-403.5 26.697588745748085 25.020717205307996
-403.0 26.68433993831339 25.012153415017735
-402.5 26.671110524652974 25.003578359290778
-402.0 26.657963917531788 24.995034833666146
-401.5 26.644957172004787 24.986554701942296
-401.0 26.631999766808228 24.978066492917836
-400.5 26.619067188322067 24.969649948519915
-400.0 26.60624818118218 24.96123419219981
-399.5 26.593576159969892 24.952845734602448
-399.0 26.580921965900917 24.944500388758367
-398.5 26.568313210124124 24.93617568468355
-398.0 26.55591809065796 24.927915412224827
-397.5 26.543401243771694 24.919626989065357
-397.0 26.531107151760924 24.911375351368633
-396.5 26.518872118734226 24.903206596857505
-396.0 26.506662178339134 24.895049427789683
-395.5 26.494602470134325 24.886890161096442
-395.0 26.482575069667263 24.87878995602407
-394.5 26.470656297256344 24.870745161441725
-394.0 26.458793162299973 24.862696189104806
-393.5 26.446974263690485 24.854686197235736
-393.0 26.435249806698124 24.846695929802067
-392.5 26.42363432414246 24.838749927942985
-392.0 26.412041074283476 24.83082275027625
-391.5 26.40052025360418 24.82293991844564
-391.0 26.389115963664093 24.81506427320934
-390.5 26.377754335577027 24.80724597066569
-390.0 26.36645284005018 24.79946803032222
-389.5 26.35524122655244 24.791699168503705
-389.0 26.344112572531742 24.78398116031795
-388.5 26.333051593949158 24.776289760242772
-388.0 26.322064371008565 24.768594783197116
-387.5 26.311101458369013 24.760977963816583
-387.0 26.300242791689694 24.753367030254974
-386.5 26.28943571293381 24.745796332180475
-386.0 26.2787208112077 24.738272761905073
-385.5 26.268016809705465 24.730766015938343
-385.0 26.25749010248091 24.723260239414966
-384.5 26.246942360597085 24.71582218305943
-384.0 26.236452753281174 24.708393966028254
-383.5 26.226069448465697 24.701020655622187
-383.0 26.21571592503278 24.69365518118121
-382.5 26.205455112729886 24.68632297383423
-382.0 26.19522979168228 24.679057872717372
-381.5 26.18510857971319 24.671774911394138
-381.0 26.175049154561776 24.664540487151893
-380.5 26.165027237517723 24.657354209358445
-380.0 26.155049740606493 24.650186532042913
-379.5 26.14517673830771 24.6430442174487
-379.0 26.135332364019014 24.63594398544989
-378.5 26.125556407313976 24.62885450051668
-378.0 26.115854038136806 24.621825879416207
-377.5 26.106207971213795 24.614784258766477
-377.0 26.09661482395461 24.6077963010664
-376.5 26.087062556966703 24.600850468725042
-376.0 26.077621656749457 24.59391591390346
-375.5 26.06817772188213 24.587041685994432
-375.0 26.058833263326452 24.580170805882325
-374.5 26.049554886309238 24.573330598160098
-374.0 26.04027533888315 24.56653098107326
-373.5 26.031104607057202 24.559736246792557
-373.0 26.02199255529061 24.553008851227013
-372.5 26.012890927806577 24.546302031247382
-372.0 26.00382186281655 24.53959349891031
-371.5 25.99484594631281 24.53290101908476
-371.0 25.985916888195455 24.526242469329766
-370.5 25.97699677898236 24.519577572630936
-370.0 25.968185596081817 24.512960615525717
-369.5 25.959365054415574 24.506329025562955
-369.0 25.950588457925416 24.499759273243708
-368.5 25.941862101457822 24.493173309035395
-368.0 25.933209080092887 24.486626946869375
-367.5 25.92458205053525 24.480084323316774
-367.0 25.915972239644574 24.473568033903014
-366.5 25.907426509227278 24.467058164359045
-366.0 25.898908939776497 24.46058161007381
-365.5 25.89047098862408 24.454127816319293
-365.0 25.882028715348227 24.44767001170318
-364.5 25.87362794302002 24.441278410702623
-364.0 25.865280280240484 24.434882719475738
-363.5 25.856960334686235 24.42848089108162
-363.0 25.848653609336345 24.422114677025967
-362.5 25.840446240788047 24.415787720192824
-362.0 25.832251454412432 24.409470358749616
-361.5 25.82403022608707 24.40318125671506
-361.0 25.815934837512714 24.396886686608177
-360.5 25.807814189481846 24.39062752716522
-360.0 25.799815845879984 24.384400232413967
-359.5 25.79179388518593 24.37819544182339
-359.0 25.7837778528453 24.37201163827817
-358.5 25.77582651561245 24.36582083296113
-358.0 25.767901073803504 24.359679678000667
-357.5 25.76004563628431 24.353527659870426
-357.0 25.752151471867784 24.347433277042253
-356.5 25.74435025241844 24.34134879426817
-356.0 25.736573849767197 24.335277672720782
-355.5 25.72881570695114 24.32923444183837
-355.0 25.7210668738795 24.323211727828543
-354.5 25.713403708567437 24.317215461705793
-354.0 25.70573420184004 24.311239895168804
-353.5 25.69811339408833 24.305269774678436
-353.0 25.690511669687297 24.299327552294784
-352.5 25.682941265289728 24.29343057607945
-352.0 25.67544083456522 24.28751153217132
-351.5 25.667869443645166 24.281649209935857
-351.0 25.660442754367182 24.27582000038745
-350.5 25.652969056163887 24.26998575275011
-350.0 25.645574250572455 24.26417650621959
-349.5 25.638189036411006 24.25839445464204
-349.0 25.63082411830786 24.25264493703644
-348.5 25.623487278032215 24.246897559451313
-348.0 25.61616651983909 24.24118805527668
-347.5 25.608912859804626 24.235490501901484
-347.0 25.60163788126326 24.229813543754176
-346.5 25.594442082491938 24.224184506696073
-346.0 25.587232521026493 24.218549288532042
-345.5 25.580073138619603 24.212925874874124
-345.0 25.57291728722356 24.20735516834592
-344.5 25.565806150708358 24.201802507519563
-344.0 25.55870443634726 24.1962484684856
-343.5 25.551641587402464 24.190743273823156
-343.0 25.544617360940265 24.185225103145104
-342.5 25.537601481196578 24.17978026302894
-342.0 25.530628892467455 24.174328703144194
-341.5 25.523645999007858 24.168882996929142
-341.0 25.51673998956892 24.163487419904953
-340.5 25.509835318251156 24.15811734644372
-340.0 25.502926368176524 24.15275092981235
-339.5 25.496071115584762 24.147419244143457
-339.0 25.489208168280854 24.142099083419932
-338.5 25.48239249630338 24.13679839888409
-338.0 25.475582246598876 24.131536823103374
-337.5 25.46884884436965 24.126274714466827
-337.0 25.462108795455833 24.12105794835067
-336.5 25.455372806370743 24.115851097569433
-336.0 25.448642247980615 24.110665266519256
-335.5 25.441999934843878 24.10549095507829
-335.0 25.435328946077313 24.100382252708897
-334.5 25.428684040680697 24.095247755328124
-334.0 25.42207167462671 24.090135200358613
-333.5 25.415532598650298 24.08503800241473
-333.0 25.40896368325694 24.07994784071085
-332.5 25.40241618148883 24.074890436544575
-332.0 25.395932530787487 24.069830736764935
-331.5 25.38945410066907 24.064788433193797
-331.0 25.38298678659935 24.05976240974507
-330.5 25.376537547803352 24.054735015832264
-330.0 25.370135110863895 24.049754546401868
-329.5 25.36374027868913 24.044765824647726
-329.0 25.357378002755517 24.039798461123688
-328.5 25.3510505578167 24.034832775329594
-328.0 25.344716810484513 24.02990628931102
-327.5 25.338423618064567 24.024973855589188
-327.0 25.33211488757295 24.02005537272567
-326.5 25.325885746472785 24.01516160618774
-326.0 25.319637964457833 24.010286735270277
-325.5 25.313441025150144 24.00541625483892
-325.0 25.307227183464768 24.00057182806733
-324.5 25.30104254137468 23.99572468636817
-324.0 25.29487396214863 23.990886079411826
-323.5 25.288748432201068 23.986093581632502
-323.0 25.282614761164197 23.981302832236757
-322.5 25.276508840421712 23.97650929265099
-322.0 25.270468588019355 23.971752104039936
-321.5 25.26435769754714 23.96699995585191
-321.0 25.258345363985466 23.96228368911473
-320.5 25.252311330233397 23.95754986809788
-320.0 25.24629221781189 23.952850438290703
-319.5 25.24028737824246 23.948165956414922
-319.0 25.234319559117747 23.943483130580255
-318.5 25.2283738804681 23.93883589693965
-318.0 25.222437535955095 23.934192555747842
-317.5 25.216511789889992 23.92955279045823
-317.0 25.210591317347763 23.924939131628005
-316.5 25.204693987900285 23.920352277221145
-316.0 25.198815546391295 23.91576086794718
-315.5 25.192949620691444 23.911194340856646
-315.0 25.18711872491047 23.906627782792015
-314.5 25.181280839786414 23.902114592621132
-314.0 25.175470741806997 23.89758088795051
-313.5 25.16967778993566 23.893087656030033
-313.0 25.16389731583882 23.888600338153747
-312.5 25.158116939973844 23.884116040173794
-312.0 25.152368362605735 23.879655326504242
-311.5 25.146610202140703 23.875212475951628
-311.0 25.14089954323906 23.87078687154846
-310.5 25.135199773969976 23.86637326569762
-310.0 25.129492247154573 23.861987274368662
-309.5 25.12380537175302 23.857574416052554
-309.0 25.11815280055009 23.853225513521203
-308.5 25.112449885193918 23.84886822982635
-308.0 25.106826814790505 23.844529316696786
-307.5 25.10118137819141 23.840207686906094
-307.0 25.095575279654483 23.835909014633994
-306.5 25.08996201741439 23.831601179929564
-306.0 25.084395831051708 23.82733449507481
-305.5 25.078793300249377 23.823092041183138
-305.0 25.073216778462427 23.818846847206395
-304.5 25.067675896048122 23.81460328811712
-304.0 25.062122473233313 23.810395961329075
-303.5 25.056590928334494 23.806190400603633
-303.0 25.051074539920233 23.802020799761646
-302.5 25.045578023326804 23.7978527158827
-302.0 25.04004958437605 23.793698556904825
-301.5 25.034579423947463 23.789566504449525
-301.0 25.029097694925106 23.78545423787617
-300.5 25.023632359896236 23.78132839293569
-300.0 25.01817756669132 23.777247945229632
-299.5 25.012732216892847 23.77316114704598
-299.0 25.007332538793246 23.76912156982968
-298.5 25.001887895681204 23.76507500173027
-298.0 24.99647399666419 23.761032626969957
-297.5 24.991084816767156 23.757014541800963
-297.0 24.98567885129458 23.753032315426267
-296.5 24.980292499924502 23.749059403688882
-296.0 24.974940344294243 23.745079482520225
-295.5 24.969586840049892 23.74112467330175
-295.0 24.964255338914416 23.737167407560136
-294.5 24.958946033350927 23.73324864111455
-294.0 24.953625952919477 23.729317710292158
-293.5 24.94831822476865 23.725407031736797
-293.0 24.943050207834712 23.721524215894686
-292.5 24.93777433837458 23.717628787266094
-292.0 24.9324967275092 23.71376121696606
-291.5 24.9272612967618 23.709907613139436
-291.0 24.922033862785987 23.706067667099767
-290.5 24.916799722512838 23.70223764463973
-290.0 24.91159184533422 23.698388584868884
-289.5 24.906397469811044 23.69458046920617
-289.0 24.901203204128485 23.69079571041369
-288.5 24.89601967550859 23.68700440204613
-288.0 24.890842260987537 23.683226580791946
-287.5 24.885686558960526 23.679463146682206
-287.0 24.880571216556756 23.67570553257557
-286.5 24.8754469032921 23.67197404893224
-286.0 24.870292022914306 23.668238283472146
-285.5 24.865217507489227 23.66450444712367
-285.0 24.860106412253707 23.660793867296626
-284.5 24.85501740551412 23.65710808596626
-284.0 24.849945607586818 23.653416497067386
-283.5 24.844889431459194 23.64973043696807
-283.0 24.839829704540264 23.646075106836747
-282.5 24.834780442115715 23.64240947392102
-282.0 24.829756334583315 23.63875952235016
-281.5 24.824753709632116 23.6351307020811
-281.0 24.819727739211007 23.631490994088416
-280.5 24.8147217219639 23.62787760538407
-280.0 24.80974080879108 23.624252807859598
-279.5 24.804787119109555 23.620666313214777
-279.0 24.799801598654444 23.617081162623972
-278.5 24.794844258632498 23.613494394244455
-278.0 24.789914963147787 23.609924014969415
-277.5 24.7849697444653 23.606378910665757
-277.0 24.780037357667585 23.602817596299296
-276.5 24.775141949249285 23.59927343427767
-276.0 24.77023036737338 23.59573206915396
-275.5 24.765333300689857 23.592223776229893
-275.0 24.760460332320196 23.58870816777152
-274.5 24.75558746382311 23.585208779853332
-274.0 24.750728980143673 23.58168914107017
-273.5 24.74587336665485 23.578213612173787
-273.0 24.741030628709918 23.5747354754122
-272.5 24.736189962272302 23.571252760472674
-272.0 24.731369877997103 23.567800066785978
-271.5 24.726573433151135 23.56433901594396
-271.0 24.721753015627353 23.560895137103856
-270.5 24.71696476737055 23.557449228642902
-270.0 24.712181574790044 23.554032661999038
-269.5 24.707410018324524 23.55061069826909
-269.0 24.702650234944173 23.547202078094394
-268.5 24.69790271652485 23.543794609671306
-268.0 24.693142330271563 23.540387456295967
-267.5 24.6884074568464 23.537000456164357
-267.0 24.68369973196512 23.533626005662093
-266.5 24.678964003663705 23.530251630117572
-266.0 24.674257232821446 23.52687823709124
-265.5 24.66958856446462 23.523530628511175
-265.0 24.664885826776736 23.52017868260388
-264.5 24.660194550944915 23.51682565929519
-264.0 24.655526599845743 23.51348488672783
-263.5 24.650870955818526 23.510161000205937
-263.0 24.646205248638203 23.506852388134384
-262.5 24.641559935284793 23.503531762536912
-262.0 24.6369328039237 23.500228479349737
-261.5 24.63230013409268 23.496929319625714
-261.0 24.62768237094298 23.49363454454313
-260.5 24.62307093641263 23.490356429809715
-260.0 24.618471925053363 23.487076884773877
-259.5 24.613890099387717 23.48379877024702
-259.0 24.609321064852043 23.48053232296853
-258.5 24.604767877861878 23.477281374159205
-258.0 24.600176457696552 23.47403209768747
-257.5 24.595634647276704 23.47079551348743
-257.0 24.59108431037786 23.46757920664519
-256.5 24.586559011400123 23.46433316960053
-256.0 24.58205797977466 23.461122562910862
-255.5 24.577510393027516 23.457920983506252
-255.0 24.57301628504396 23.45471546598525
-254.5 24.56850990695669 23.451522024621376
-254.0 24.564026731338878 23.44833228457466
-253.5 24.559570377465526 23.445153426088066
-253.0 24.555076770344645 23.441992331099364
-252.5 24.550644633916615 23.438818900825325
-252.0 24.546171692863904 23.435669978345697
-251.5 24.541744788468755 23.43252024710408
-251.0 24.537304788207805 23.42936891181871
-250.5 24.532877995212743 23.42623822757263
-250.0 24.52846284696311 23.423120932880824
-249.5 24.524063480972597 23.420001874159425
-249.0 24.519659342702 23.416871972313302
-248.5 24.515262231449626 23.413780837446716
-248.0 24.51088885931119 23.41067041209608
-247.5 24.506520360281904 23.407568695506047
-247.0 24.502146951654467 23.404491268886403
-246.5 24.49781018608578 23.40140382123237
-246.0 24.493447323613115 23.398325959223513
-245.5 24.489091628125593 23.3952647248962
-245.0 24.484781728859364 23.392207693699667
-244.5 24.480447550266895 23.3891463917401
-244.0 24.476131331097708 23.386095521695644
-243.5 24.4718195472251 23.38306082187883
-243.0 24.46751806282434 23.380024723849058
-242.5 24.463234038833043 23.376983728224833
-242.0 24.458947827457862 23.373972084238517
-241.5 24.454655765376504 23.370958370538517
-241.0 24.45040405692009 23.367932737970193
-240.5 24.44613245987061 23.36492691299789
-240.0 24.44189038234933 23.361930071155008
-239.5 24.43763036718599 23.358930540939404
-239.0 24.433403673455633 23.355947684311197
-238.5 24.429168491311778 23.35296723761411
-238.0 24.424932295118627 23.349992760116503
-237.5 24.420688864856753 23.347015006417877
-237.0 24.41649985779423 23.34404992809818
-236.5 24.412303625445194 23.34108253971217
-236.0 24.408085664898667 23.338129290240232
-235.5 24.403897501890263 23.335184554278857
-235.0 24.399722327861912 23.332234288079615
-234.5 24.395538167781297 23.329290124658986
-234.0 24.39136811399011 23.32635609412452
