FastTrWP/PhaseSpace/IAs/snIa_0.59_30.00_-0.48_-0.07.csv
# %ECSV 0.9
# ---
# datatype:
# - {name: time-rel, datatype: float64}
# - {name: g, datatype: float64}
# - {name: i, datatype: float64}
# schema: astropy-2.0
time-rel g i
[from data line 1078]
149.0 23.639812085594766 22.314150704189576
149.5 23.641170648152247 22.314090536696234
150.0 23.642507826640745 22.31402831268364
150.5 23.6438822409532 22.313974367558362
151.0 23.645243186424942 22.31391547434039
151.5 23.646601054271102 22.313861236388117
152.0 23.647967215822298 22.313804309310186
152.5 23.649334038581102 22.313753209334863
153.0 23.65070613195774 22.313710306874064
153.5 23.652088070469716 22.313661844645672
154.0 23.65345826251415 22.313609545910246
154.5 23.65484027317409 22.313568595628006
155.0 23.656211190401795 22.313528945329672
155.5 23.657596156249163 22.313490636098805
156.0 23.658985492649485 22.313448847267928
156.5 23.660356629782676 22.3134115765807
157.0 23.661752280016273 22.31337456528131
157.5 23.663153616574697 22.313339272234213
158.0 23.66453025663716 22.313308839636527
158.5 23.665915875726355 22.313281330029668
159.0 23.667333908113566 22.313247758453258
159.5 23.668742505872977 22.31322838550083
160.0 23.67014779819433 22.313203906639853
160.5 23.671567701695395 22.31318454563214
161.0 23.672990154511318 22.31317209913066
161.5 23.67442353934201 22.31315836096206
162.0 23.675857876601427 22.31314008890124
162.5 23.67728878553151 22.31313628228582
163.0 23.678729378169546 22.313130448572693
163.5 23.68018378038798 22.313129485165014
164.0 23.681643028571557 22.31312668135721
164.5 23.68309127767325 22.3131302421675
165.0 23.684568447256073 22.313138792038902
165.5 23.686023755216105 22.313137720303263
166.0 23.687505614809723 22.313153240227624
166.5 23.688977714918916 22.31316012308782
167.0 23.690455433309076 22.313170404352768
167.5 23.691954280067968 22.313189165724083
168.0 23.69344026337646 22.313199997797895
168.5 23.694929927924466 22.31322668663442
169.0 23.696431195637665 22.31324837804327
169.5 23.69791724996505 22.313275719649376
170.0 23.699430661608925 22.313301513990808
170.5 23.700946775107607 22.31332903143752
171.0 23.702463850761546 22.313369562374174
171.5 23.703981581202274 22.31339314289596
172.0 23.705512643519434 22.31342862721987
172.5 23.707035929303217 22.313473179897244
173.0 23.70855792851032 22.313507612497038
173.5 23.71010610212008 22.31355543175941
174.0 23.711640829805937 22.313598899067845
174.5 23.71317454814415 22.31363740794454
175.0 23.71472206707849 22.31368507077898
175.5 23.71627272521185 22.31374546316782
176.0 23.717829261544235 22.31379458126184
176.5 23.719387994897737 22.313846607534703
177.0 23.720942941639205 22.313901508066888
177.5 23.722513108515173 22.31395859395702
178.0 23.724063197484504 22.31401102239376
178.5 23.725637342872542 22.31408014626406
179.0 23.72721379192417 22.314143308430438
179.5 23.72879889679625 22.3142089578881
180.0 23.730377580896906 22.31427535545872
180.5 23.73195682464449 22.31434576222965
181.0 23.733546853781835 22.314413070352522
181.5 23.73513561350046 22.31448447687308
182.0 23.73673262352024 22.314558237251703
182.5 23.738305296492513 22.314628543250848
183.0 23.739908239068072 22.31471253984225
183.5 23.74151107246142 22.314786057447197
184.0 23.743113963328767 22.31486763049199
184.5 23.744726568421903 22.314951151346936
185.0 23.74631771527494 22.315034833965463
185.5 23.747937222942497 22.315117402494952
186.0 23.749541882120702 22.315204655283974
186.5 23.751173979586007 22.315290845861405
187.0 23.752776416194013 22.315378685732377
187.5 23.754400753259226 22.31547436590203
188.0 23.756016704691845 22.315564213664516
188.5 23.757631752321586 22.315657159159837
189.0 23.7592596253404 22.315745904841982
189.5 23.760889525125638 22.315842741680243
190.0 23.762517269502577 22.315945702407397
190.5 23.76413823500057 22.3160392182767
191.0 23.765776399062073 22.316139165308453
191.5 23.767408256482693 22.316244932368683
192.0 23.769054625602347 22.316343186612823
192.5 23.770678310606648 22.316444292796568
193.0 23.77232508692269 22.316544701224643
193.5 23.773966364305412 22.316655067048842
194.0 23.775612256123004 22.316761996450897
194.5 23.77723963531978 22.316867459359152
195.0 23.778896156446013 22.316979078563502
195.5 23.78053968827569 22.317087967823035
196.0 23.782182882941076 22.317202639788462
196.5 23.783831086119452 22.317313336185713
197.0 23.785477524795926 22.317432547718568
197.5 23.787131199315734 22.317543835726244
198.0 23.7887876908527 22.317663747345637
198.5 23.790447116195338 22.31779138585336
199.0 23.792108460188004 22.317906884723897
199.5 23.79377638531052 22.3180223644091
200.0 23.79546120998096 22.318148056011005
200.5 23.797128260516477 22.3182797096111
201.0 23.798799049025078 22.318398154929987
201.5 23.800484177172017 22.31853294084964
202.0 23.802155936427912 22.31866568440015
202.5 23.80385538493176 22.31879856673338
203.0 23.80554613124449 22.31893632127938
203.5 23.807219554602653 22.31907099307755
204.0 23.80892427884367 22.319209529335602
204.5 23.81062567149 22.319347031630397
205.0 23.812317861289138 22.319492962576454
205.5 23.81401256859008 22.31963388934944
205.9999999999999 23.815732690896276 22.31978037749883
206.5 23.81744672173466 22.319929594937275
207.0 23.819148851998257 22.32007117150062
207.4999999999999 23.82088125209986 22.320222805586106
208.0 23.822599860029733 22.320372607846895
208.5 23.82432231905808 22.320525294020914
208.9999999999999 23.826041038811248 22.320681213313893
209.5 23.827769232089587 22.320836758894917
210.0 23.829505763465196 22.320995382466666
210.4999999999999 23.83124593699057 22.321150831507637
211.0 23.832985722603727 22.32131804184356
211.5 23.8347210504592 22.321475642800785
211.9999999999999 23.83646051021577 22.321644564059962
212.5 23.838208802993304 22.321808021218516
213.0 23.839958811790808 22.321976286373673
213.4999999999999 23.84171143313534 22.32214771965911
214.0 23.843467886360038 22.32231535489921
214.5 23.84521899581697 22.32248047384993
214.9999999999999 23.846992663632832 22.322661247753697
215.5 23.8487579493218 22.322834588536242
216.0 23.85052709647197 22.32301289352684
216.4999999999999 23.85228810815141 22.323191141781102
217.0 23.854072352880298 22.32336191173545
217.5 23.855835169053936 22.323555718191493
217.9999999999999 23.857631371187967 22.323735327829027
218.5 23.85940405903923 22.323922667635543
219.0 23.86118403402312 22.324106716289688
219.4999999999999 23.862989782012903 22.32429655639568
220.0 23.864786766611576 22.32448594570432
220.5 23.866581353594782 22.324672285536128
220.9999999999999 23.868386463594966 22.32487559694877
221.5 23.870173641971363 22.32505690158156
222.0 23.871991963237743 22.325250685690463
222.4999999999999 23.87379165631979 22.32545750691746
223.0 23.875608200446315 22.32565364913963
223.5 23.877427426535412 22.325853604407907
223.9999999999999 23.879241868208645 22.326054542125206
224.5 23.8810606555878 22.32625725753861
225.0 23.882882178429305 22.32646321147531
225.4999999999999 23.884702818003266 22.326667852760878
226.0 23.886535997270855 22.32687534592564
226.5 23.888378193123806 22.32708446375201
226.9999999999999 23.890200463685115 22.327289315658263
227.5 23.8920279376338 22.327506507539532
228.0 23.893885939912213 22.327721606860468
228.4999999999999 23.89573500701033 22.327932081716042
229.0 23.897585611191698 22.32815306508779
229.5 23.899440339183663 22.328371227758478
229.9999999999999 23.901277161337152 22.32858652866694
230.5 23.90313595585736 22.32881264750138
231.0 23.905003624127023 22.32903503707755
231.4999999999999 23.90686668250449 22.329258536347666
232.0 23.908731434758053 22.329486113978604
232.5 23.910596563571048 22.32970840889761
232.9999999999999 23.912472349885224 22.329935795927437
233.5 23.914348223031627 22.33016986901432
234.0 23.916235949778915 22.330397914252956
234.4999999999999 23.91810382217139 22.33062917899186
235.0 23.920000731354936 22.330861420257136
235.5 23.921878822340695 22.33109795711705
235.9999999999999 23.923790940831914 22.331339259577643
236.5 23.92567360678377 22.33157098802878
237.0 23.927571444151546 22.331815419888574
237.4999999999999 23.929474826632877 22.332064792828564
238.0 23.93137939805991 22.33230924903989
238.5 23.933304519620503 22.332552077767097
238.9999999999999 23.93522410513102 22.332803497028255
239.5 23.93713214387027 22.3330535687564
240.0 23.93905382077621 22.333303483508793
240.4999999999999 23.94097877053037 22.33355149801424
241.0 23.942910500780354 22.33380378663885
241.5 23.944852528060544 22.33406992776391
241.9999999999999 23.94679128468598 22.334332203309813
242.5 23.948722814414335 22.334581285146896
243.0 23.950676276984076 22.33484213849899
243.4999999999999 23.952628480836168 22.335107708187163
244.0 23.95458010620556 22.335368366605955
244.5 23.956535054621348 22.335638716939012
244.9999999999999 23.958500019167186 22.335905724976236
245.5 23.960461402929663 22.336175723553808
246.0 23.96241370014627 22.33645052989257
246.4999999999999 23.964409490800275 22.336717455620253
247.0 23.96638333056758 22.33698762340287
247.5 23.96835421665038 22.33727438094657
247.9999999999999 23.97033363439739 22.337548569181287
248.5 23.97234616962685 22.337828716353062
249.0 23.974309250467126 22.338104602723924
249.4999999999999 23.976312881380288 22.338387403641576
250.0 23.97829487289958 22.338671235744478
250.5 23.980310182099814 22.338960202086472
250.9999999999999 23.98231244151863 22.33924195162664
251.5 23.98431588606001 22.3395342047762
252.0 23.986338175418865 22.339820180231204
252.4999999999999 23.988341626600146 22.34011738940518
253.0 23.990364289948776 22.340402335561528
253.5 23.99239878014096 22.340702069607232
253.9999999999999 23.994418462535883 22.34099225082272
254.5 23.99643305856714 22.341297645731704
255.0 23.998486976565143 22.341594344933064
255.4999999999999 24.000515115766508 22.341894206575557
256.0 24.00253542932586 22.342193188698737
256.5 24.004589743090648 22.34249410391342
256.9999999999999 24.006649120382676 22.342806926494557
257.5 24.008693918786236 22.34310877071352
258.0 24.010741883750384 22.343412924263713
258.4999999999999 24.012800694603747 22.343724245786753
259.0 24.014848257396764 22.344038048502163
259.5 24.016930329808 22.344342006443867
259.9999999999999 24.019004382135847 22.34466541629566
260.5 24.021072776675034 22.34496932891758
261.0 24.02313308864194 22.345291345193964
261.4999999999999 24.025203696193454 22.345604486870027
262.0 24.027297264737243 22.345924782607675
262.5 24.029375209931878 22.34624798042106
262.9999999999999 24.031459950798247 22.346566347798408
263.5 24.03356050275894 22.34689073899481
264.0 24.03565310806139 22.347215971540336
264.4999999999999 24.03775197000765 22.34753654183016
265.0 24.039856430246754 22.347867406508133
265.5 24.041949872434515 22.34819001069507
265.9999999999999 24.04407203245805 22.34852862799514
266.5 24.046168408016054 22.348855093854112
267.0 24.04828857546029 22.349194627379717
267.4999999999999 24.05040798936289 22.349520286885852
268.0 24.0525295027928 22.349856120166717
268.5 24.054647810893037 22.350191988095638
268.9999999999999 24.05677935625078 22.350530595074247
269.5 24.05892949266903 22.35087407787766
270.0 24.06103612418177 22.351204995207418
270.4999999999999 24.063177144867144 22.351550162731357
271.0 24.065312912603428 22.351890106483893
271.5 24.067454647757604 22.352239983869133
271.9999999999999 24.0696053092276 22.352585305096543
272.5 24.07175755724259 22.352931326628934
273.0 24.07389939727119 22.353279365956126
273.4999999999999 24.076074069628987 22.353629596312068
274.0 24.07824457432863 22.353989093748456
274.5 24.080429355321872 22.354335549917007
274.9999999999999 24.082615630619944 22.354688888024334
275.5 24.08480435291258 22.355048147280172
276.0 24.087024436286537 22.355404930486312
276.4999999999999 24.089214709678657 22.355774899395307
277.0 24.091429046897844 22.356135917162312
277.5 24.09364044167427 22.356505066385143
277.9999999999999 24.09586813283877 22.356875589962527
278.5 24.098119133769575 22.357242002960934
279.0 24.100354935820167 22.35760668862263
279.4999999999999 24.10260810889724 22.35798968147265
280.0 24.10483328294361 22.358356349933274
280.5 24.107099057676372 22.35873243863427
280.9999999999999 24.109356795673524 22.359111739726
281.5 24.11161761405865 22.35948744472487
282.0 24.113902299705998 22.359877277844113
282.4999999999999 24.11617680991793 22.360250052691548
283.0 24.11845627454543 22.360642978284545
283.5 24.120734582635258 22.3610211989109
283.9999999999999 24.123029405803482 22.361403374025123
284.5 24.12531543874384 22.36179931408301
285.0 24.127624485890678 22.36219640571644
285.4999999999999 24.12991022509572 22.36257572272098
286.0 24.132229543066753 22.362977574988214
286.5 24.134557260311098 22.363365163505257
286.9999999999999 24.136859320964238 22.363763615831786
287.5 24.139175339861943 22.364162601173568
288.0 24.14150500963787 22.364562365565078
288.4999999999999 24.14382377341815 22.364955705126945
289.0 24.14615757514488 22.36536382410678
289.5 24.148482293540418 22.365766559611696
289.9999999999999 24.15083324114356 22.366172353853393
290.5 24.153155317138534 22.366575720029704
291.0 24.15551226518037 22.366985228790874
291.4999999999999 24.157839223619135 22.367386970290866
292.0 24.160190436660216 22.367799274822218
292.5 24.162535403487393 22.368209401438193
292.9999999999999 24.164883186620465 22.368621413281808
293.5 24.16723908491783 22.36903443612063
294.0 24.169600277513815 22.369443623564884
294.4999999999999 24.171967581039098 22.36985645808812
295.0 24.17431036622458 22.370274885997592
295.5 24.176663296727444 22.370701978689446
295.9999999999999 24.17901418385558 22.371118856083605
296.5 24.18138052848748 22.371533741477243
297.0 24.183734914429486 22.37195308629132
297.4999999999999 24.186096463148246 22.372372422127516
298.0 24.188452413524956 22.37280066373417
298.5 24.190832440478474 22.37321909935847
298.9999999999999 24.19317904539847 22.373644201407433
299.5 24.195541308876006 22.37407172218269
300.0 24.19789811660094 22.374497949135602
300.4999999999999 24.200254159873644 22.374924372733055
301.0 24.202607658918673 22.375353978794706
301.5 24.204978885743262 22.375783960385945
301.9999999999999 24.20734590911811 22.37621264326167
302.5 24.20969829703464 22.37664284726218
303.0 24.212045993542354 22.377068450797584
303.4999999999999 24.214393371969418 22.37749859765249
304.0 24.21674610736044 22.377937553003044
304.5 24.219094099482128 22.37837325891772
304.9999999999999 24.221428002312972 22.37880370257056
305.5 24.223783443693083 22.3792437053091
306.0 24.22610983174613 22.379678172298647
306.4999999999999 24.2284595693171 22.380112183326286
307.0 24.23077798650582 22.380549967290232
307.5 24.233116672139193 22.380985074806482
307.9999999999999 24.235458625128587 22.381420695723865
308.5 24.237763059955213 22.381862922359858
309.0 24.240097061114753 22.38230984854369
309.4999999999999 24.242411065158297 22.382745706963334
310.0 24.244720484202702 22.38318950367626
310.5 24.24702212139497 22.38362853950205
310.9999999999999 24.24932684729518 22.384070990208834
311.5 24.251648926384043 22.38451071302213
312.0 24.253947064611587 22.384957204636247
312.4999999999999 24.2562696390073 22.38540208913922
313.0 24.25859222752735 22.385848847241824
313.5 24.260887263354455 22.386291688019078
313.9999999999999 24.26318510915707 22.386748400567015
314.5 24.26550927353184 22.387193922454337
315.0 24.267831224442446 22.38765010964817
315.4999999999999 24.270127849633482 22.388107094988094
316.0 24.27244961690684 22.38856092229366
316.5 24.27474464890632 22.38901485503497
316.9999999999999 24.2770744876723 22.38947005232065
317.5 24.279374634747114 22.389920621977453
318.0 24.28168699651203 22.390390912946224
318.4999999999999 24.284004257321165 22.390847249298027
319.0 24.286322828588016 22.39130657765081
319.5 24.288638193249984 22.39176919490708
319.9999999999999 24.29094107914677 22.39223256865145
320.5 24.293245672527945 22.39269701661251
321.0 24.29555629611108 22.3931619415364
321.4999999999999 24.297865312232332 22.393632837532675
322.0 24.300192181268464 22.39410022783995
322.5 24.302497883711514 22.394574297916527
