FastTrWP/PhaseSpace/IAs/snIa_0.55_30.00_2.69_0.02.csv
# %ECSV 0.9
# ---
# datatype:
# - {name: time-rel, datatype: float64}
# - {name: g, datatype: float64}
# - {name: i, datatype: float64}
# schema: astropy-2.0
time-rel g i
[from data line 1732]
922.5833333333334 24.161904245608177 22.40938684276571
923.0833333333333 24.163474695339445 22.40970262358564
923.5833333333334 24.165068234575344 22.410022970828706
924.0833333333334 24.166649983115004 22.410349401744476
924.5833333333333 24.16824108853488 22.410668855118004
925.0833333333334 24.169837151678415 22.41098337277215
925.5833333333334 24.17143391778634 22.41131483167678
926.0833333333333 24.17302264973355 22.411631702926694
926.5833333333334 24.174604682028292 22.411960115367936
927.0833333333334 24.176183872304104 22.412276341673262
927.5833333333333 24.17778952405692 22.4126052258001
928.0833333333334 24.179378808056295 22.412927705313294
928.5833333333334 24.180958768530772 22.413258987759455
929.0833333333333 24.182557604318404 22.41357992206019
929.5833333333334 24.184153898915397 22.41391996919567
930.0833333333334 24.18575148120668 22.414244493327388
930.5833333333333 24.18734576689311 22.414570146137493
931.0833333333334 24.18892136379228 22.414900107194818
931.5833333333334 24.19052426038303 22.41523692657355
932.0833333333333 24.192126545535135 22.415562867071618
932.5833333333334 24.193742788951113 22.41590324815471
933.0833333333334 24.1953103454621 22.416224939985966
933.5833333333333 24.196908689390895 22.416565391811957
934.0833333333334 24.198509613979702 22.41690230179589
934.5833333333334 24.20012421304703 22.417237630201342
935.0833333333333 24.201718255025398 22.41757098086542
935.5833333333334 24.203313545799325 22.41791304869476
936.0833333333334 24.20491314752536 22.418245300590463
936.5833333333333 24.20652631169279 22.418582431959436
937.0833333333334 24.20812068722578 22.418924027457848
937.5833333333334 24.20971976966618 22.419261234745
938.0833333333333 24.21133079026403 22.419605131128286
938.5833333333334 24.212934478837134 22.419942784260343
939.0833333333334 24.21454304671787 22.420287601701993
939.5833333333333 24.216154892304495 22.420634293723573
940.0833333333334 24.217753696073547 22.42096963290838
940.5833333333334 24.219363021211727 22.421316115688175
941.0833333333333 24.220953836712212 22.421667879874914
941.5833333333334 24.222565124204777 22.422002331728905
942.0833333333334 24.224187861106454 22.42235543613374
942.5833333333333 24.225804112516798 22.422700871444018
943.0833333333334 24.227394765162238 22.423049941561114
943.5833333333334 24.229021496940774 22.423399546380143
944.0833333333333 24.230641061635595 22.423743220395714
944.5833333333334 24.23223777160927 22.424098934382357
945.0833333333334 24.233844910899162 22.424445608143714
945.5833333333333 24.235477936930714 22.42480038415655
946.0833333333334 24.23708684219927 22.42514542078242
946.5833333333334 24.238699144455396 22.425500639290725
947.0833333333333 24.240319104727565 22.425862544558125
947.5833333333334 24.241938562875607 22.426210981576617
948.0833333333334 24.24355820412518 22.426562716794983
948.5833333333333 24.24519878586085 22.4269227587802
949.0833333333334 24.246797915162787 22.42727890132016
949.5833333333334 24.248444904643005 22.427635353686068
950.0833333333333 24.25005070640132 22.42798759602036
950.5833333333334 24.251683950877997 22.42835029969505
951.0833333333334 24.253313375156623 22.428700293551067
951.5833333333333 24.254936451223426 22.429066666317375
952.0833333333334 24.256559612324647 22.429427527907123
952.5833333333334 24.25819283336883 22.429790566813395
953.0833333333333 24.259814293792452 22.430151762344043
953.5833333333334 24.26144582226057 22.430508925191038
954.0833333333334 24.263077303734086 22.430877238874366
954.5833333333333 24.26470496471563 22.431239131571385
955.0833333333334 24.266329478630716 22.43160240272271
955.5833333333334 24.26797048775368 22.431967700540838
956.0833333333333 24.269614530443913 22.432333363427674
956.5833333333334 24.271220956547705 22.432703191260654
957.0833333333334 24.27288624135642 22.433071663242742
957.5833333333333 24.27452512559079 22.433436429511037
958.0833333333334 24.27617768906195 22.433802994520697
958.5833333333334 24.277807927263318 22.434174869246274
959.0833333333333 24.27945738180536 22.434552992638515
959.5833333333334 24.28110620603087 22.434913535012875
960.0833333333334 24.282734515557173 22.435288230544334
960.5833333333333 24.284403858327362 22.435653839977917
961.0833333333334 24.286057901996344 22.4360306395646
961.5833333333334 24.287710063801136 22.43640233064525
962.0833333333333 24.289366258344902 22.436780993406728
962.5833333333334 24.29100741862841 22.437164491601585
963.0833333333334 24.292674139544634 22.437527433869068
963.5833333333333 24.294319207429783 22.437907879027886
964.0833333333334 24.295997035793228 22.43828944651208
964.5833333333334 24.297665463370286 22.438669841530686
965.0833333333333 24.299318789656155 22.439045702566194
965.5833333333334 24.300980697465068 22.43942839327523
966.0833333333334 24.30263296965173 22.439804285566645
966.5833333333333 24.304329573949907 22.440190491449947
967.0833333333334 24.30597938799979 22.44057774797384
967.5833333333334 24.30763592049301 22.440958600155906
968.0833333333333 24.30929670158823 22.44133823555601
968.5833333333334 24.3109850900805 22.441727949926058
969.0833333333334 24.312646872183386 22.442112463859786
969.5833333333333 24.314334120704686 22.44248802860122
970.0833333333334 24.316003997931755 22.442884280408624
970.5833333333334 24.3176711590771 22.443272106872794
971.0833333333333 24.319353661300358 22.443663235636787
971.5833333333334 24.321024691674058 22.444051861622473
972.0833333333334 24.322711334377285 22.444438241764576
972.5833333333333 24.32437787712598 22.444833057526296
973.0833333333334 24.326048743176717 22.44522462203376
973.5833333333334 24.327733294898067 22.445615288563307
974.0833333333333 24.329412457805898 22.44600412476705
974.5833333333334 24.33109308077933 22.446403873910725
975.0833333333334 24.332779389540768 22.446791459912518
975.5833333333333 24.33444752363007 22.447189294495704
976.0833333333334 24.3361500632704 22.447584161628257
976.5833333333334 24.33782207877767 22.44798246123933
977.0833333333333 24.339498276441077 22.44837736243521
977.5833333333334 24.341162387965753 22.448772279278472
978.0833333333334 24.342847008938456 22.44917510624321
978.5833333333333 24.344530407771323 22.449578553489552
979.0833333333334 24.34620532284676 22.44997518514847
979.5833333333334 24.347906531260726 22.450378560439653
980.0833333333333 24.349568532731155 22.450775247406227
980.5833333333334 24.351246136390095 22.451172897609723
981.0833333333334 24.352936915933014 22.451582040229017
981.5833333333333 24.35461092239741 22.451986551946792
982.0833333333334 24.356297600499325 22.452394336230917
982.5833333333334 24.357960342496753 22.452787253841507
983.0833333333333 24.35964061542141 22.453196909000045
983.5833333333334 24.361333870271586 22.4536092355132
984.0833333333334 24.36301113683767 22.45401151097175
984.5833333333333 24.364665591473027 22.45441735214729
985.0833333333334 24.366349301197786 22.454825064418248
985.5833333333334 24.368030513353464 22.45523385670598
986.0833333333333 24.36971899654223 22.455644329184267
986.5833333333334 24.37137012300299 22.45604686904573
987.0833333333334 24.373054634712634 22.4564653929348
987.5833333333333 24.374721687841614 22.456874733079367
988.0833333333334 24.376397256749808 22.45728681559236
988.5833333333334 24.37806309361292 22.457702935825626
989.0833333333333 24.379745860791427 22.458112431413642
989.5833333333334 24.381397474222798 22.45852826270964
990.0833333333334 24.383092398384907 22.4589449510046
990.5833333333333 24.384740232787713 22.459360523395148
991.0833333333334 24.386394711669247 22.459772919469614
991.5833333333334 24.38806878628771 22.460188187727095
992.0833333333333 24.389731145662527 22.460613516447836
992.5833333333334 24.391395470035192 22.46102218384513
993.0833333333334 24.39302883790615 22.46144019199393
993.5833333333333 24.39469495288574 22.461865628029088
994.0833333333334 24.396347249811967 22.462283371411864
994.5833333333334 24.398012274447098 22.46269998641396
995.0833333333333 24.399657536662946 22.463129443839502
995.5833333333334 24.40132122675231 22.46354772011703
996.0833333333334 24.402966678258448 22.463965109779764
996.5833333333333 24.404658892434842 22.464391592870605
997.0833333333334 24.406300642126297 22.464821895651372
997.5833333333334 24.407937349644634 22.4652427256229
998.0833333333333 24.409576705431594 22.465667507299653
998.5833333333334 24.41125545748125 22.46608627200118
999.0833333333334 24.412903339772566 22.466524236407494
999.5833333333333 24.414560202064877 22.466949589066605
1000.0833333333334 24.41623177716911 22.46737617624355
1000.5833333333334 24.417860614032627 22.467803985594642
1001.0833333333334 24.419492975685273 22.468235209890018
1001.5833333333334 24.42117998167662 22.468662670768488
1002.0833333333334 24.422819662402134 22.469097474217094
1002.5833333333334 24.424461364071682 22.46952272889656
1003.0833333333334 24.426131309376235 22.46996290557913
1003.5833333333334 24.42777298838311 22.47039260818354
1004.0833333333334 24.429434999779474 22.470827257291294
1004.5833333333334 24.431096233504928 22.471259422148684
1005.0833333333334 24.432740586452194 22.471697608156262
1005.5833333333334 24.434383051538337 22.47214135760767
1006.0833333333334 24.436044932460423 22.47257400651151
1006.5833333333334 24.437683029751376 22.473008228559802
1007.0833333333334 24.439339524846325 22.47344575925502
1007.5833333333334 24.44097248969243 22.47388774919382
1008.0833333333334 24.44262915207498 22.474322562350928
1008.5833333333334 24.4442849053879 22.474766427617404
1009.0833333333334 24.445914621092566 22.475207341006907
1009.5833333333334 24.44757246618901 22.475654946603814
1010.0833333333334 24.44920419157041 22.47608836280002
1010.5833333333334 24.450857078252206 22.476539360082377
1011.0833333333334 24.45248121598818 22.476978326666895
1011.5833333333334 24.45412895851954 22.47742651843246
1012.0833333333334 24.45577612582443 22.47787203225924
1012.5833333333334 24.457394242712404 22.47831648255947
1013.0833333333334 24.45904697032241 22.478763801600202
1013.5833333333334 24.460685736464896 22.479206373677844
1014.0833333333334 24.46231237608188 22.479665682615288
1014.5833333333334 24.463950115158788 22.480110970211452
1015.0833333333334 24.465597825708837 22.480558743531176
1015.5833333333334 24.467222548734444 22.48100698393909
1016.0833333333334 24.468846197635756 22.48145977326498
1016.5833333333334 24.47047411821223 22.48191134191591
1017.0833333333334 24.472106767377394 22.4823699470707
1017.5833333333334 24.473733901087375 22.482816787235347
1018.0833333333334 24.475351126370818 22.48327078623575
1018.5833333333334 24.476963305039575 22.483724533374748
1019.0833333333334 24.478607471875264 22.484177792173096
1019.5833333333334 24.480224016134496 22.484639516611953
1020.0833333333334 24.481845283780842 22.48508960140436
1020.5833333333334 24.483453488294536 22.48555735321034
1021.0833333333334 24.48506283558328 22.48600686151651
1021.5833333333334 24.48667959256182 22.48646712204597
1022.0833333333334 24.488297365288034 22.486926096893363
1022.5833333333334 24.48988823058579 22.48738140502163
1023.0833333333334 24.491505049776645 22.487851862561257
1023.5833333333334 24.493106334374346 22.488307650535123
1024.0833333333333 24.494741792690977 22.4887760626283
1024.5833333333333 24.49632771399537 22.489240669433354
1025.0833333333333 24.4979230181635 22.48970552111528
1025.5833333333333 24.49951396693124 22.490168337576613
1026.0833333333333 24.501124199458125 22.49063726404923
1026.5833333333333 24.502727259440853 22.49110286276816
1027.0833333333333 24.504302764805296 22.491568105775855
1027.5833333333333 24.50589894042992 22.49202640714012
1028.0833333333333 24.507477356266698 22.492501878393547
1028.5833333333333 24.509062124449095 22.49297242538461
1029.0833333333333 24.51064182836013 22.493436472560155
1029.5833333333333 24.51223963815775 22.493914693699715
1030.0833333333333 24.513816018635172 22.494379172865607
1030.5833333333333 24.515375920157126 22.494851037825384
1031.0833333333333 24.516953341945023 22.49532801449263
1031.5833333333333 24.518537660064084 22.4957957631162
1032.0833333333333 24.520098370689443 22.496268361945905
1032.5833333333333 24.521669384154805 22.496745500132896
1033.0833333333333 24.52322071394171 22.497222152681907
1033.5833333333333 24.524781980594778 22.497699954952473
1034.0833333333333 24.526349448086368 22.498174725913017
1034.5833333333333 24.527887999053917 22.498650086146483
1035.0833333333333 24.52947217058952 22.499128508451413
1035.5833333333333 24.531014198398672 22.499603754464253
1036.0833333333333 24.53253978748026 22.500084114938005
1036.5833333333333 24.5341197553098 22.500572678186014
1037.0833333333333 24.53566102355854 22.501049908663955
1037.5833333333333 24.537215069036705 22.50153195979257
1038.0833333333333 24.538752639853957 22.502007434214196
1038.5833333333333 24.540300187495458 22.5024976659806
1039.0833333333333 24.541842794926314 22.502982520500826
1039.5833333333333 24.5433646039362 22.50347301922979
1040.0833333333333 24.54488883220613 22.503956046251634
1040.5833333333333 24.54643369320086 22.504439138470484
1041.0833333333333 24.547974630030268 22.504924713528748
1041.5833333333333 24.54950687254143 22.505411717789933
1042.0833333333333 24.551022693503054 22.505901655588353
1042.5833333333333 24.552552165846482 22.50639002160581
1043.0833333333333 24.55406906559943 22.506879709688285
1043.5833333333333 24.55558123011055 22.507367227866194
1044.0833333333333 24.557103341842033 22.507861269809432
1044.5833333333333 24.5586295704673 22.5083558993405
1045.0833333333333 24.560131940281185 22.508842626804505
1045.5833333333333 24.561653357837464 22.509341711804733
1046.0833333333333 24.56314520459001 22.509835802025048
1046.5833333333333 24.564663245406816 22.510329154741093
1047.0833333333333 24.566144466221928 22.510823432397224
1047.5833333333333 24.5676703210466 22.511319551305085
1048.0833333333333 24.569181344180315 22.511818945231596
1048.5833333333333 24.570677809635384 22.512315294428475
1049.0833333333333 24.572161485644934 22.512815760985024
1049.5833333333333 24.573651581955644 22.513308702380698
1050.0833333333333 24.575142363383435 22.51381488063293
1050.5833333333333 24.576654511576066 22.514321384234197
1051.0833333333333 24.578133097589664 22.514821033425527
1051.5833333333333 24.579625675542395 22.515323895773406
1052.0833333333333 24.581097718573893 22.51582758942189
1052.5833333333333 24.582577628301067 22.51632730462466
1053.0833333333333 24.58405952407192 22.516836672828752
1053.5833333333333 24.585549221921443 22.517350741267528
1054.0833333333333 24.587018909404005 22.51785231703044
1054.5833333333333 24.58848699110316 22.518356550246214
1055.0833333333333 24.589950718929437 22.518871511782706
1055.5833333333333 24.59141678727551 22.519372968530828
1056.0833333333333 24.592890865957603 22.519883144017527
1056.5833333333333 24.594351930516247 22.520400890622945
1057.0833333333333 24.595827492193617 22.520909950530537
1057.5833333333333 24.597264396551218 22.521415129191425
1058.0833333333333 24.59872564561603 22.521938761222323
1058.5833333333333 24.60017385634692 22.52244669935355
1059.0833333333333 24.601647753120833 22.52296730631071
1059.5833333333333 24.603086533809183 22.52348285871847
1060.0833333333333 24.604539652300154 22.52399687456348
1060.5833333333333 24.606002058144398 22.524512244889152
1061.0833333333333 24.607435074402936 22.525026984806917
1061.5833333333333 24.6088765148698 22.525556197471435
1062.0833333333333 24.610323372391775 22.526068652894317
1062.5833333333333 24.611772961937127 22.52659962332922
1063.0833333333333 24.613205995077003 22.527110558700535
1063.5833333333333 24.61463262186498 22.52763883757689
1064.0833333333333 24.61604067871876 22.528165886530314
1064.5833333333333 24.617489898261823 22.52869165323886
1065.0833333333333 24.618923016773095 22.529213776970526
1065.5833333333333 24.620349266455143 22.5297405398361
