FastTrWP/PhaseSpace/IAs/snIa_0.34_30.00_-0.08_0.08.csv
# %ECSV 0.9
# ---
# datatype:
# - {name: time-rel, datatype: float64}
# - {name: g, datatype: float64}
# - {name: i, datatype: float64}
# schema: astropy-2.0
time-rel g i
-424.0 26.998062891081105 25.517697610458228
-423.5 26.9722061483232 25.506105372407333
-423.0 26.946814925879593 25.49454984294392
-422.5 26.921668710168657 25.483053429831685
-422.0 26.896889435276876 25.471633110988016
-421.5 26.872566142441574 25.46027462127544
-421.0 26.848478849415564 25.448929543758368
-420.5 26.824714784408627 25.43767575403518
-420.0 26.801349481805715 25.42645550757193
-419.5 26.778307030070646 25.41530479874488
-419.0 26.755505801060785 25.404236226759863
-418.5 26.733044334118354 25.393200593411724
-418.0 26.7108706687872 25.38223072269355
-417.5 26.688994994195983 25.371348076077552
-417.0 26.667416047404707 25.36049231480326
-416.5 26.64608574189003 25.34970410204869
-416.0 26.625086983436614 25.338974077216587
-415.5 26.60423791619837 25.328300957615202
-415.0 26.583778798189208 25.317705222300162
-414.5 26.563487983253808 25.307132780955893
-414.0 26.543461231642937 25.296655072925503
-413.5 26.52369394673084 25.286228789032492
-413.0 26.504202749969767 25.27585489090095
-412.5 26.484873209182133 25.265556466850914
-412.0 26.465782722620265 25.255300011459603
-411.5 26.447011478943132 25.245132544207273
-411.0 26.428359335311026 25.23498185898539
-410.5 26.40986859587981 25.224873030983602
-410.0 26.3915382346633 25.214787628673506
-409.5 26.373364700463803 25.204744623775518
-409.0 26.35532751045212 25.194749675416723
-408.5 26.337400656720114 25.184773481498375
-408.0 26.3196959479845 25.174845882412985
-407.5 26.30207177080395 25.16495532377968
-407.0 26.284644649737523 25.155074405021377
-406.5 26.267334114303186 25.1452475908929
-406.0 26.250139591687606 25.13545957521114
-405.5 26.233162832797447 25.125717124268817
-405.0 26.21628031120664 25.115980957427155
-404.5 26.199534291809783 25.106302133493372
-404.0 26.18293369957453 25.096664981541
-403.5 26.166499621101043 25.08706086259231
-403.0 26.150113386672267 25.07748632780232
-402.5 26.133937043174228 25.06797459667235
-402.0 26.117848364702144 25.05846742480017
-401.5 26.10194768160276 25.049030734299897
-401.0 26.086139344321516 25.039599230951968
-400.5 26.070477272724993 25.030234567109353
-400.0 26.05489208017401 25.020891955433306
-399.5 26.039488310235093 25.011615272786205
-399.0 26.02415090142225 25.00236730008291
-398.5 26.009021605671123 24.993122980488735
-398.0 25.993956915424853 24.98395851383063
-397.5 25.97905347906609 24.974816743362723
-397.0 25.964262126757074 24.96572124852866
-396.5 25.949540273182095 24.956670031881313
-396.0 25.935010088254064 24.947643090411947
-395.5 25.920502624084826 24.938676216486883
-395.0 25.90621725403498 24.929729181726078
-394.5 25.891988127289345 24.920858561485332
-394.0 25.877892064411903 24.911980566318547
-393.5 25.863880718793038 24.90317951127219
-393.0 25.850044316031237 24.894415422074964
-392.5 25.8362529265281 24.885660759829594
-392.0 25.822569988691676 24.876966072230292
-391.5 25.809050014020457 24.868332772227344
-391.0 25.795580606996534 24.859729782918013
-390.5 25.782237412317464 24.851149211600273
-390.0 25.76899539869772 24.842619814258263
-389.5 25.755877951076837 24.834118022855534
-389.0 25.74285272530004 24.825670874524562
-388.5 25.72994427704512 24.817241967968386
-388.0 25.717143337054132 24.80888217515938
-387.5 25.704414960377065 24.800563141363146
-387.0 25.691786540556997 24.79225111562881
-386.5 25.6792763687004 24.78402342959233
-386.0 25.6667841346529 24.77580149382601
-385.5 25.654485002830704 24.767627376765944
-385.0 25.642256754535335 24.759506614927925
-384.5 25.630094495508263 24.7513976712452
-384.0 25.618052494293376 24.743353678289274
-383.5 25.60611657143406 24.73535174671296
-383.0 25.5942282674893 24.72737490596809
-382.5 25.582469068075874 24.719441178446356
-382.0 25.57076713230176 24.711543782618335
-381.5 25.559212280403788 24.70369878010768
-381.0 25.547666329661062 24.695883444226418
-380.5 25.53624639416889 24.688108098812958
-380.0 25.52494581926765 24.68036870806405
-379.5 25.513690001485987 24.672667637215184
-379.0 25.502518946931133 24.66501915702643
-378.5 25.49142895322426 24.6573687897051
-378.0 25.480368804529515 24.649754208235485
-377.5 25.46935019292805 24.642176592196435
-377.0 25.45843747516485 24.63460787698917
-376.5 25.447572476100667 24.62706895127942
-376.0 25.436750842999327 24.619556439325446
-375.5 25.42600240334614 24.612058274569915
-375.0 25.415277147521564 24.604587217014302
-374.5 25.404658249707367 24.59716538569412
-374.0 25.394086606924724 24.58976893749831
-373.5 25.383563391404884 24.582378034971924
-373.0 25.373089256182414 24.57502932472096
-372.5 25.36264543248386 24.567689666721225
-372.0 25.352321877933967 24.56039097214779
-371.5 25.34199452089537 24.553094489426684
-371.0 25.33178418917043 24.545854249972145
-370.5 25.32157932823924 24.5386167062869
-370.0 25.31146935102736 24.531422496424746
-369.5 25.3013583260443 24.524249044526986
-369.0 25.29137169251687 24.517111580883633
-368.5 25.281412648189633 24.50998826611108
-368.0 25.271491107954173 24.502897794671984
-367.5 25.261632673053782 24.495848365823072
-367.0 25.251853456756436 24.48879133099297
-366.5 25.242137529711982 24.481797437099054
-366.0 25.23242941146738 24.47481349682816
-365.5 25.22278688278179 24.467844366141705
-365.0 25.213235954974557 24.460931257489158
-364.5 25.20370874888009 24.45402754731444
-364.0 25.194230503488434 24.44716984515008
-363.5 25.18481363049642 24.44031018375444
-363.0 25.175435795705916 24.433486096701344
-362.5 25.16614478901332 24.426717815337803
-362.0 25.156880797132285 24.419940658865336
-361.5 25.14766162203268 24.413208721615565
-361.0 25.13852529183331 24.40652113719196
-360.5 25.129381622375515 24.399833131834413
-360.0 25.120351615657263 24.393187524449537
-359.5 25.11135266017041 24.386564773292008
-359.0 25.10237803510732 24.379950569627606
-358.5 25.093472825644717 24.373395054617788
-358.0 25.084644733780248 24.36686469334372
-357.5 25.075833593020324 24.36032758219346
-357.0 25.067074596895374 24.353851389385028
-356.5 25.05836659781266 24.347420023008247
-356.0 25.049745210575978 24.3409775562534
-355.5 25.041136785695528 24.334576285286026
-355.0 25.03259163025386 24.328189085729463
-354.5 25.02407074860269 24.321851015591477
-354.0 25.015594504437697 24.31551663395034
-353.5 25.007207606682606 24.309225265065407
-353.0 24.9988282963786 24.302982432805766
-352.5 24.990505043733986 24.29673281864875
-352.0 24.982262784842924 24.290511481598966
-351.5 24.974016988619354 24.28434852495524
-351.0 24.96585319978064 24.27816278701387
-350.5 24.957713722928286 24.272055709756142
-350.0 24.949635557888456 24.26595389642564
-349.5 24.941601361143015 24.25987780967879
-349.0 24.933606891645127 24.253832908223206
-348.5 24.925669561074084 24.247822876569476
-348.0 24.917761740121193 24.24182610614762
-347.5 24.909926074378454 24.235853467761174
-347.0 24.902098674319095 24.229921822162357
-346.5 24.894327394400865 24.223994288164185
-346.0 24.88657472628762 24.218097992394956
-345.5 24.878878041775614 24.21221698948202
-345.0 24.87120353132709 24.206339453244276
-344.5 24.863553731890665 24.200515872500233
-344.0 24.855911251145244 24.194691344176633
-343.5 24.848349046540143 24.188869016563505
-343.0 24.84081822237775 24.18308090143676
-342.5 24.833308184061536 24.177323766994697
-342.0 24.825809594142573 24.17155783385793
-341.5 24.818342792630656 24.16582703649034
-341.0 24.81093529421466 24.16012668433686
-340.5 24.803544243334166 24.154434447792127
-340.0 24.796195251091 24.148757702997855
-339.5 24.788871377888352 24.143099354833137
-339.0 24.78157390486333 24.137467908027823
-338.5 24.774324112284987 24.13186654260402
-338.0 24.767107655599343 24.126266651336902
-337.5 24.759895887657027 24.120671096980576
-337.0 24.75272600714231 24.115118204592342
-336.5 24.745586268895195 24.109579817568523
-336.0 24.73849674390828 24.10405642357253
-335.5 24.731409483680373 24.0985572843574
-335.0 24.72436977776342 24.093078700272365
-334.5 24.71735513132495 24.087598913193304
-334.0 24.71037100512675 24.082176091273695
-333.5 24.703411559344993 24.076729765788414
-333.0 24.696496282894564 24.071337197062505
-332.5 24.689615019264828 24.065949264130904
-332.0 24.682723894746612 24.06057727518653
-331.5 24.6759040446854 24.05521947889214
-331.0 24.669105329582383 24.049895729322195
-330.5 24.662324721362133 24.044577716427224
-330.0 24.65558677933589 24.03928405263941
-329.5 24.648866644217932 24.0340242293288
-329.0 24.64217192425803 24.02875772195398
-328.5 24.635524280599725 24.02352675398291
-328.0 24.628903199852118 24.01829829301407
-327.5 24.62229547879568 24.013104606471828
-327.0 24.615711072809255 24.007928870169582
-326.5 24.609185728086768 24.002748045906507
-326.0 24.60265134435952 23.99761360018995
-325.5 24.596199351673835 23.992492369518295
-325.0 24.58970283846627 23.987393514204793
-324.5 24.583299958538255 23.982312895365073
-324.0 24.57687526047106 23.977228761205694
-323.5 24.57051763256851 23.97218791697496
-323.0 24.564159423091425 23.967145941908946
-322.5 24.557868272289255 23.96213431592951
-322.0 24.55154798836371 23.957135286527098
-321.5 24.54528028534687 23.95218871623426
-321.0 24.53905069195787 23.947210078242676
-320.5 24.532856651726878 23.942286802844833
-320.0 24.5266722788984 23.937358519638252
-319.5 24.520516075184272 23.932467311151576
-319.0 24.51437374651239 23.92757196233649
-318.5 24.508280152619584 23.922709831400727
-318.0 24.502191171595594 23.91787232710813
-317.5 24.496138821662647 23.91302804711065
-317.0 24.490132855386953 23.908231228997217
-316.5 24.48411917399993 23.903430294646366
-316.0 24.478164218213244 23.898656344239036
-315.5 24.472208877205563 23.893894070961824
-315.0 24.466284299220163 23.889179946172177
-314.5 24.460392204631624 23.88445211399184
-314.0 24.45451702959617 23.879752252480742
-313.5 24.448658963222677 23.875061606244596
-313.0 24.442842546988587 23.870385521092405
-312.5 24.437054744307698 23.865734551301895
-312.0 24.431258335159708 23.861099150700742
-311.5 24.42551288365192 23.856472604292986
-311.0 24.419767733692872 23.85186630178408
-310.5 24.41406440210058 23.847268926358144
-310.0 24.40837888328581 23.84270017127655
-309.5 24.402702393344356 23.83813376289885
-309.0 24.397035154764342 23.83358369890579
-308.5 24.391433782886836 23.829040347699383
-308.0 24.385811225605607 23.82452049931031
-307.5 24.380226876580092 23.820031139497566
-307.0 24.37465844463039 23.815535771238153
-306.5 24.369095161135146 23.811057726094237
-306.0 24.363572517333168 23.806594432899217
-305.5 24.358069933110084 23.80214069752664
-305.0 24.352593184908248 23.797712222919778
-304.5 24.347122714875233 23.793284313424973
-304.0 24.341654394918816 23.788876154660983
-303.5 24.336227186501308 23.784493069286352
-303.0 24.330823747471612 23.780107668441598
-302.5 24.32542178677085 23.775734711761167
-302.0 24.320042578747625 23.771381313141973
-301.5 24.314686221403843 23.7670367061968
-301.0 24.309345585688874 23.762720001590836
-300.5 24.304023598809717 23.75838398546417
-300.0 24.29872680966335 23.754090352570763
-299.5 24.293428815745237 23.74979173660983
-299.0 24.28816468542818 23.74549442231626
-298.5 24.282892606915595 23.74123540409834
-298.0 24.277655196834992 23.736985741104032
-297.5 24.272455459905036 23.7327432859249
-297.0 24.267248622529422 23.72852768204346
-296.5 24.262057411029566 23.724283170991313
-296.0 24.256887805000428 23.720068890381416
-295.5 24.25174558943041 23.71587218307925
-295.0 24.246592628859382 23.71167504603711
-294.5 24.24147519931179 23.707494687038878
-294.0 24.236362936665753 23.703330013900974
-293.5 24.23126330164247 23.69917904339218
-293.0 24.226197426465227 23.695030914864617
-292.5 24.221154220183145 23.69089518242609
-292.0 24.216090073359826 23.68677602501244
-291.5 24.21105541239145 23.682668528629193
-291.0 24.20605226799992 23.678553224979115
-290.5 24.20103861042143 23.674467041183927
-290.0 24.19605208804964 23.670387977645415
-289.5 24.191072086744796 23.666306569952237
-289.0 24.186126163332005 23.662253835907002
-288.5 24.181182752932337 23.6581953716566
-288.0 24.176248902747986 23.65415360138037
-287.5 24.171332901862147 23.650116179460507
-287.0 24.166432701294607 23.64608820169226
-286.5 24.161529630973565 23.642078194315992
-286.0 24.156667093645257 23.638061578628463
-285.5 24.151803721607727 23.634067064351786
-285.0 24.14694315613033 23.630096134700636
-284.5 24.142112431733594 23.626101274679733
-284.0 24.137302266287595 23.622149919107503
-283.5 24.13248906206762 23.618184078672755
-283.0 24.127684718252524 23.614235495129194
-282.5 24.122901394773418 23.610298578698526
-282.0 24.118137174039408 23.606364405838374
-281.5 24.113370942766803 23.602438735853013
-281.0 24.1086227095564 23.598541863238044
-280.5 24.10390145973208 23.594637795904
-280.0 24.099202778319935 23.590753595962333
-279.5 24.094499798453075 23.586864419710224
-279.0 24.089800042713897 23.582988966148744
-278.5 24.08513298859813 23.579138178762623
-278.0 24.080479988725582 23.57528934137879
-277.5 24.075830568486836 23.571441394262624
-277.0 24.07120168171923 23.56762922167367
-276.5 24.066581043570014 23.563810206243602
-276.0 24.06195953066834 23.559986253447747
-275.5 24.05737831943405 23.556181391326287
-275.0 24.05279270325224 23.552395010224842
-274.5 24.04821745539295 23.54861278058078
-274.0 24.043663817656608 23.544827922759154
-273.5 24.039115034137414 23.54106613888487
-273.0 24.03458962887099 23.537310555225545
-272.5 24.030063887801028 23.533556389960417
-272.0 24.025551321052752 23.529813832947745
-271.5 24.02104573284902 23.526088973040096
-271.0 24.016569545875637 23.522356200773217
-270.5 24.012108870043054 23.51865454650025
-270.0 24.007633888526453 23.514943645270833
-269.5 24.003171049942985 23.5112425598593
-269.0 23.998727997338648 23.50755133224036
-268.5 23.99429824208868 23.503865894776755
-268.0 23.989883389192563 23.50019501418211
-267.5 23.985470874984095 23.496524884773315
-267.0 23.981082650850144 23.49287083961115
-266.5 23.97669907053008 23.489213456383386
-266.0 23.972308245491302 23.485563794711375
-265.50000000000006 23.967941074949888 23.48192923200772
-265.0 23.96359263803503 23.4782963066935
-264.5 23.95924885073699 23.47466947873146
-264.00000000000006 23.95491182058766 23.471065060624735
-263.5 23.950568890058342 23.46745558196676
-263.0 23.94626053048799 23.463858745317605
-262.50000000000006 23.941943472633426 23.460255955627275
-262.0 23.937652323060874 23.456674823515236
-261.5 23.933370368656067 23.453089430736167
-261.00000000000006 23.92908780007032 23.449522338721373
-260.5 23.924819562624382 23.445949393306464
-260.0 23.920556441635238 23.442394640780265
-259.50000000000006 23.916311402739908 23.438829490128036
-259.0 23.912056255906805 23.43528866929391
-258.5 23.907837244170267 23.431754546258126
-258.00000000000006 23.90361300042545 23.42821866928427
-257.5 23.89938447428203 23.424701647174384
-257.0 23.89518545412125 23.421174719356223
-256.50000000000006 23.89098231217379 23.417670946767558
-256.0 23.88678397683815 23.41414773410172
-255.5 23.88261813437243 23.41066797391907
-255.00000000000006 23.878438298397903 23.40714908874134
-254.5 23.874288588738928 23.403672122647038
-254.0 23.870134869472366 23.400178930944406
-253.50000000000006 23.865982817428915 23.396710530319787
-253.0 23.861837057178256 23.393235721827168
-252.5 23.85772726808139 23.38976790405805
-252.00000000000006 23.853590174938702 23.38630568471078
-251.5 23.849474316995938 23.382849112067895
-251.0 23.845360874409636 23.379409349490487
-250.50000000000006 23.841267285302372 23.375971998291092
-250.0 23.83717503285864 23.37252126830581
-249.5 23.833097910247258 23.369094089677883
-249.00000000000006 23.829025125682236 23.365658904910198
-248.5 23.82496105457145 23.36227134082044
-248.0 23.820925153722822 23.358856286482535
-247.50000000000006 23.816869581514094 23.355444869287783
-247.0 23.812830877819128 23.352052226831734
-246.5 23.8088091772564 23.348665406956034
-246.00000000000006 23.80477962087362 23.34527262589772
