FastTrWP/PhaseSpace/IAs/snIa_0.51_30.00_0.24_-0.08.csv
# %ECSV 0.9
# ---
# datatype:
# - {name: time-rel, datatype: float64}
# - {name: g, datatype: float64}
# - {name: i, datatype: float64}
# schema: astropy-2.0
time-rel g i
147.1875 26.98795736321294 25.192101004730922
147.6875 26.967905016458232 25.18309682614204
148.1875 26.94808023340726 25.174135215752
148.6875 26.92841812754493 25.165238607114055
149.1875 26.909020598070697 25.156384487854915
149.6875 26.889937386240472 25.14754467652452
150.1875 26.871040414188453 25.138776624956577
150.6875 26.8523366033939 25.1300395141422
151.1875 26.833941113320762 25.12134460334464
151.6875 26.815712643887085 25.112679295545362
152.1875 26.797630502899036 25.104072386022658
152.6875 26.779720186998187 25.095446916415057
153.1875 26.761960671874284 25.08690229837386
153.6875 26.74432983904822 25.078325705716217
154.1875 26.726812074198953 25.069792885915682
154.6875 26.70955598140418 25.061334317441695
155.1875 26.69233222692929 25.05284882840167
155.6875 26.675268991469206 25.044389841317013
156.1875 26.65839063641243 25.03596993805072
156.6875 26.64168965565264 25.027565164880503
157.1875 26.625037867891002 25.019197649076098
157.6875 26.60860478993614 25.010831000470944
158.1875 26.592248147057774 25.00252923779135
158.6875 26.576036193889347 24.994233405315867
159.1875 26.55994078474312 24.98597633125351
159.6875 26.54405421680258 24.977729782719646
160.1875 26.528204933796008 24.969525736479106
160.6875 26.512529663827408 24.961357676720336
161.1875 26.496976360408677 24.95318295625717
161.6875 26.481548824577345 24.945071017731802
162.1875 26.466284579095856 24.936998318397027
162.6875 26.451106738877947 24.928889159135647
163.1875 26.436044407918917 24.92085404318479
163.6875 26.421130820711348 24.91285220707057
164.1875 26.406309934307195 24.904861570076307
164.6875 26.391608124146245 24.896906691760105
165.1875 26.377039906807305 24.888986882714615
165.6875 26.362569557028877 24.8810817352518
166.1875 26.348216183161526 24.873232450237914
166.6875 26.33399951071548 24.86538558377411
167.1875 26.319859982935938 24.857575666560685
167.6875 26.305867145979004 24.84978810764104
168.18749999999997 26.291992413663486 24.84203306305943
168.6875 26.278207252804382 24.834324091138036
169.1875 26.264473391551824 24.8266241040385
169.68749999999997 26.250934209465264 24.818968615607805
170.1875 26.237450338537084 24.811319692966048
170.6875 26.22410975541229 24.80371724644221
171.18749999999997 26.210833200602135 24.79616085855023
171.6875 26.19766593160808 24.788592952824512
172.1875 26.184608856029534 24.781077402900728
172.68749999999997 26.171643808336597 24.773617293937328
173.1875 26.158779444094446 24.766178739681774
173.6875 26.146045774844872 24.758734899339792
174.18749999999997 26.13334880516509 24.751338636026535
174.6875 26.12078974755309 24.74397822939219
175.1875 26.10828311177494 24.736640484130405
175.68749999999997 26.095905730413442 24.729326146578934
176.1875 26.083633710852663 24.72204917591973
176.6875 26.071440708530574 24.71479167842679
177.18749999999997 26.05930004023223 24.70757680774783
177.6875 26.04730696241342 24.700392722425413
178.1875 26.035374964061262 24.693234683995804
178.68749999999997 26.023506006356154 24.68611559406222
179.1875 26.011746118065293 24.678984858832422
179.6875 26.000127470383426 24.67193123963009
180.18749999999997 25.988500608298036 24.664887880660416
180.6875 25.97704005412686 24.657866967050275
181.1875 25.965592091816468 24.650899015426685
181.68749999999997 25.954265252705508 24.64394902314424
182.1875 25.943024475810944 24.637011378419892
182.6875 25.931858096569947 24.630121243664107
183.18749999999997 25.92077213045534 24.623259642927813
183.6875 25.909747174716365 24.61642866235854
184.1875 25.898859601331562 24.609617775373472
184.68749999999997 25.88796125549415 24.602831280493945
185.1875 25.87720910292848 24.596105459136325
185.6875 25.866517978166325 24.589389130569295
186.18749999999997 25.855890158373374 24.582690666553574
186.6875 25.845369841474795 24.576035557295768
187.1875 25.83484486838291 24.569404417842406
187.68749999999997 25.824485348618293 24.5627840212358
188.1875 25.81413723805751 24.55619104787592
188.6875 25.80388841200733 24.549643884016167
189.18749999999997 25.79366383584869 24.54309576554854
189.6875 25.78351310504312 24.536548305707928
190.1875 25.773438838150064 24.53005748016205
190.68749999999997 25.763378085845616 24.52357508427888
191.1875 25.75338579822695 24.517044500333796
191.6875 25.743450906040334 24.510594939889216
192.18749999999997 25.73357824997078 24.50415549714824
192.6875 25.72373551077235 24.49774218394409
193.1875 25.71397268000407 24.491339186599454
193.68749999999997 25.704257986145716 24.484949498450757
194.1875 25.694610146179343 24.478568123613776
194.6875 25.68498052013978 24.472232678434523
195.18749999999997 25.675411803357754 24.465918747551108
195.6875 25.665921876085985 24.45957968475268
196.1875 25.656441386930034 24.45330006238261
196.68749999999997 25.647035874795584 24.44702021235184
197.1875 25.637663763800354 24.440756669431675
197.6875 25.6283762647151 24.434511546444394
198.18749999999997 25.619104801994077 24.428322008259947
198.6875 25.609829881203524 24.422119560953806
199.1875 25.60069733259851 24.415947466333954
199.68749999999997 25.591560747480138 24.409797848674437
200.1875 25.58249388571676 24.403653735756514
200.6875 25.573450150646305 24.397551089259316
201.18749999999997 25.564472416967263 24.39146122124152
201.6875 25.555539226382436 24.385364909390177
202.1875 25.546632148584166 24.379327446543684
202.68749999999997 25.53776240863384 24.37328937043533
203.1875 25.52894519171585 24.367277553718072
203.6875 25.520206978482747 24.361295230071207
204.18749999999997 25.51145385036788 24.355331438849312
204.6875 25.502796075457184 24.349382908748545
205.1875 25.494161966578712 24.34343744146171
205.68749999999997 25.485561626984143 24.337548489898275
206.1875 25.477015021833232 24.33167203921756
206.6875 25.4684824517131 24.32580899373459
207.18749999999997 25.460038308654504 24.3199536263
207.6875 25.45160997290082 24.31413669738413
208.1875 25.443219963935295 24.30834259632826
208.68749999999997 25.434854157235677 24.302565474284105
209.1875 25.426521926893606 24.29682168584975
209.6875 25.418257116933955 24.291062272719262
210.18749999999997 25.410023894616845 24.28535253608984
210.6875 25.40181984492426 24.279664423161694
211.1875 25.393664399521974 24.27399718822447
211.68749999999997 25.38553946430557 24.268361475117377
212.1875 25.377487242479035 24.262737323706673
212.6875 25.369401676073227 24.257137815269655
213.18749999999997 25.36140982568853 24.251558480858556
213.6875 25.353447805644123 24.24598953542575
214.1875 25.345497239489173 24.240472883609627
214.68749999999997 25.337600991749095 24.234950994354936
215.1875 25.32972211696183 24.22945100600152
215.6875 25.32189226556151 24.223986498001587
216.18749999999997 25.314105142126778 24.21851588268997
216.6875 25.30634325469034 24.213090763547402
217.1875 25.298625863688905 24.20770406811212
217.68749999999997 25.29091377398285 24.20231277684821
218.1875 25.28327615128211 24.196953347294333
218.6875 25.275649945820284 24.191624284105316
219.18749999999997 25.268046698265174 24.186288303242417
219.6875 25.26047716786533 24.18101139438304
220.1875 25.252948709244443 24.17573051941572
220.68749999999997 25.24545529455869 24.170477582714724
221.1875 25.238021073173226 24.16524286679487
221.6875 25.230597526175174 24.160049271227212
222.18749999999997 25.223168023375845 24.154844375385597
222.6875 25.2158176687124 24.149695365313768
223.1875 25.208492178976947 24.144559061394816
223.68749999999997 25.201199669640005 24.139453328362972
224.1875 25.19392392567203 24.134332346753745
224.6875 25.186674591892494 24.129270722012993
225.18749999999997 25.17945104067732 24.124201456363817
225.6875 25.172271704718455 24.119154043119
226.1875 25.165139910002218 24.11410339620398
226.68749999999997 25.157998602338587 24.109082748325825
227.1875 25.150911697941677 24.10406686528933
227.6875 25.14386341773248 24.09905808804968
228.18749999999997 25.136816049364008 24.094068387451184
228.6875 25.12981401363816 24.08910172652879
229.1875 25.122855160107243 24.084152768062292
229.68749999999997 25.115872000429444 24.079207260335206
230.1875 25.108953405432608 24.07428628808425
230.6875 25.102042566541755 24.069361868638616
231.18749999999997 25.09519293430259 24.064459663745627
231.6875 25.088339690177083 24.05958090278057
232.1875 25.081538302540316 24.05470675835955
232.6875 25.074731038390862 24.04985379684924
233.1875 25.06796230416496 24.045022018389282
233.6875 25.061216946295417 24.040194371373
234.1875 25.054486777185815 24.035363431605276
234.6875 25.047790726362077 24.030566990951876
235.1875 25.041135983063697 24.025801732154093
235.6875 25.03447325492108 24.021033607079147
236.1875 25.02784668606754 24.016276337011444
236.6875 25.021257406962967 24.01154484037884
237.1875 25.014665182611413 24.0068148565084
237.6875 25.008140024180094 24.002111271854826
238.1875 25.001619827670982 23.99741333592268
238.6875 24.995101887604726 23.992747024104037
239.1875 24.98861748092355 23.988084229099865
239.6875 24.982157357522496 23.98343215590124
240.1875 24.975716743348837 23.97879448328087
240.6875 24.969290386269705 23.974191927861753
241.1875 24.96291166637519 23.969579475882973
241.6875 24.9565406769006 23.965002108476785
242.1875 24.950189244449884 23.96042974274817
242.6875 24.943839078500154 23.955876802679185
243.1875 24.93754683591861 23.95134055472406
243.6875 24.93123761913862 23.94680334019144
244.1875 24.924965619857243 23.942292133983667
244.6875 24.918727937376794 23.937798822216074
245.1875 24.912508466578274 23.933329350111002
245.6875 24.906265684250414 23.928859404824273
246.1875 24.900099777470768 23.924423267013594
246.6875 24.89392570423524 23.919985597840295
247.1875 24.88779662503374 23.9155635028725
247.6875 24.88164760896529 23.911160285137374
248.1875 24.875520287312494 23.90678863046314
248.6875 24.869425238293985 23.902415618157463
249.1875 24.863366037932373 23.89804886937673
249.6875 24.85728927019196 23.89370660607017
250.1875 24.851274104531434 23.889384472735035
250.6875 24.845243206880106 23.885097947176206
251.1875 24.83923992245847 23.88079526158014
251.6875 24.83325777690628 23.876530847584363
252.1875 24.8272782056115 23.872258508453314
252.6875 24.821340069474857 23.868008306641823
253.1875 24.81542006888553 23.863796165156078
253.6875 24.80947702835802 23.85957990446927
254.1875 24.803585223424257 23.85537491959662
254.6875 24.797707203393134 23.85119667123356
255.1875 24.79185238487203 23.84703162676427
255.6875 24.786006846027426 23.842869782736066
256.1875 24.780153048558255 23.83875014175123
256.6875 24.774339506802686 23.834618917164548
257.1875 24.768543138486464 23.8305226022672
257.6875 24.762760246097262 23.826434509444358
258.1875 24.75699847040405 23.822356758213374
258.6875 24.75124900379917 23.818293136348387
259.1875 24.74550532861081 23.814260617096497
259.6875 24.739772593653573 23.81024579663638
260.1875 24.734086248350017 23.806220833949077
260.6875 24.72839401284042 23.80224388644985
261.1875 24.722717007162792 23.798259666544936
261.6875 24.71706256034353 23.79428190608865
262.1875 24.71142155431949 23.79033270419678
262.6875 24.705806825021703 23.786392010816325
263.1875 24.700198249944663 23.782467609697203
263.6875 24.694619445272053 23.77855039202291
264.1875 24.68901731270452 23.774655664700553
264.6875 24.683489628102496 23.770751956747944
265.1875 24.67791764730898 23.766876753227034
265.6875 24.672419529130735 23.763019962050926
266.1875 24.66688074009952 23.759178087736945
266.6875 24.661391457105914 23.755329332869607
267.1875 24.65591552629633 23.751498281952458
267.6875 24.65044597980814 23.747682318121207
268.1875 24.645001669188193 23.743875673224824
268.6875 24.639547512899178 23.740093425867993
269.1875 24.634150641812713 23.7363277498023
269.6875 24.62872319382448 23.732548711742805
270.1875 24.623358224970993 23.728786035322024
270.6875 24.617968136967473 23.72504265795907
271.1875 24.612608936847273 23.721306755267683
271.6875 24.607247357793796 23.717590180684034
272.1875 24.601899005298137 23.71388687789606
272.6875 24.59659356611531 23.710178012327066
273.1875 24.591287061846437 23.706493322259913
273.6875 24.586003754623555 23.702807770542087
274.1875 24.5807149159403 23.69913858815266
274.6875 24.57544466014815 23.6954709677557
275.1875 24.57020165372606 23.69183123260893
275.6875 24.564972244081314 23.68818563261902
276.1875 24.55974615234488 23.68455939318344
276.6875 24.554521529790307 23.68093788757227
277.1875 24.549338030291775 23.67732634925185
277.6875 24.544153342719497 23.6737469341633
278.1875 24.538984414018266 23.67015000358462
278.6875 24.533814911242654 23.666573488694056
279.1875 24.528655595112845 23.663009655063853
279.6875 24.523536237989273 23.659449269384744
280.1875 24.518414896324565 23.655906388916847
280.6875 24.513314895243123 23.652350369194295
281.1875 24.508197491834988 23.648833676343738
281.6875 24.503123536587566 23.645312138477724
282.1875 24.49804983386293 23.641790635942357
282.6875 24.492996057369602 23.638301846706558
283.1875 24.48795763063323 23.63479600392653
283.6875 24.482901474686052 23.631321823758498
284.1875 24.477905190461968 23.62783977363044
284.6875 24.47289703316426 23.624365410135994
285.1875 24.46786851025273 23.620915064578718
285.6875 24.462913575028114 23.617460713817536
286.1875 24.457916512915627 23.614027326080198
286.6875 24.45297677581648 23.610576907723093
287.1875 24.44801763064195 23.607161623286906
287.6875 24.44306554696157 23.603732931791367
288.1875 24.43815218701626 23.600321892160537
288.6875 24.433222551755684 23.59693364487031
289.1875 24.4283132766556 23.59354042431732
289.6875 24.423413637054793 23.59015693616477
290.1875 24.418532282837383 23.58677375749062
290.6875 24.413671712781458 23.583421800906414
291.1875 24.408793787648754 23.580060111383755
291.6875 24.403947312876973 23.576699262444375
292.1875 24.399116076541894 23.57335765507525
292.6875 24.394279128452027 23.570017743156455
293.1875 24.389459904822527 23.56668509583855
293.6875 24.384649017006346 23.563354869089864
294.1875 24.37986303275916 23.560049536480694
294.6875 24.37507811451946 23.55674021391674
295.1875 24.370309825427707 23.55344017834895
295.6875 24.365535044020103 23.55015160047327
296.1875 24.36077850142752 23.54686093212921
296.6875 24.356025406392384 23.543577253009044
297.1875 24.35130678568985 23.540297985515362
297.6875 24.346572102500247 23.537040166944585
298.1875 24.34185689745478 23.533782197102827
298.6875 24.33716803125715 23.53053520393776
299.1875 24.332465102532957 23.527288217311565
299.6875 24.327811823718505 23.524073721095476
300.1875 24.323126943576973 23.520838433496074
300.6875 24.31846112384666 23.517624754518295
301.1875 24.313818346670285 23.514425924415562
301.6875 24.309187630707136 23.511224999749206
302.1875 24.304577636903538 23.508027119973622
302.6875 24.299951353311254 23.504845776934392
303.1875 24.295358150666793 23.501671085714676
303.6875 24.290755253440235 23.49850160720006
304.1875 24.286183665304996 23.495341489226025
304.6875 24.281616118763914 23.49217725772801
305.1875 24.277044060707013 23.489035173814333
305.6875 24.272519488007397 23.48589763067142
306.1875 24.267955660359604 23.482757701668753
306.6875 24.263427557696584 23.479628950852995
307.1875 24.25890505108132 23.47651636750557
307.6875 24.25439931888393 23.473411921346937
308.1875 24.24990444976153 23.47030417817713
308.6875 24.245391162410804 23.467200457901058
309.1875 24.240903382169137 23.46411306925342
309.6875 24.236439277094505 23.4610248293528
310.1875 24.231977951958136 23.457944324986684
310.6875 24.227518108541393 23.45487538944157
311.1875 24.22307569445406 23.451813150236287
311.6875 24.218636352615235 23.448752611359062
312.1875 24.214204567371343 23.445703446993875
312.6875 24.209794097557257 23.442660516083226
313.1875 24.205375285666996 23.43961128192244
313.6875 24.20099386652485 23.436586865933453
314.1875 24.196580142659574 23.433558805611483
314.6875 24.19221335459629 23.430536448673603
315.1875 24.187821719929406 23.42751923391551
