FastTrWP/PhaseSpace/IAs/snIa_0.34_30.00_-0.08_0.08.csv
# %ECSV 0.9
# ---
# datatype:
# - {name: time-rel, datatype: float64}
# - {name: g, datatype: float64}
# - {name: i, datatype: float64}
# schema: astropy-2.0
time-rel g i
[from data line 700]
-74.0 22.971905526194824 22.5749294485996
-73.5 22.97114974760616 22.573869395596592
-73.0 22.970409327920468 22.572818151655714
-72.5 22.969667639649845 22.57176035428618
-72.0 22.96893194951448 22.570715823268117
-71.5 22.96821098411803 22.5696736287002
-71.0 22.967489953313574 22.56863399413461
-70.5 22.96678293551502 22.567599617133848
-70.0 22.96608036231897 22.56657683416241
-69.5 22.965392607002894 22.565555981326227
-69.0 22.9646937942266 22.564531816164003
-68.5 22.964012449534263 22.56352641782214
-68.0 22.963339472269418 22.562503979869824
-67.5 22.96266299878041 22.561496981162506
-67.0 22.961999173484404 22.560504861250426
-66.5 22.961350784756924 22.559499981292745
-66.0 22.960696860788126 22.558513443383504
-65.5 22.960051528995212 22.557528034097153
-65.0 22.959401538359838 22.55654029328637
-64.5 22.95877712876779 22.55556059243084
-64.0 22.958154899301558 22.554587684612173
-63.5 22.957533121048552 22.55361898173512
-63.0 22.956920444973186 22.552652847428792
-62.5 22.956309372110397 22.551693947393602
-62.0 22.95571353309155 22.55072640612061
-61.5 22.955116495691158 22.54977136061475
-61.0 22.954531456661435 22.548817362951404
-60.5 22.953945538755057 22.547868991364567
-60.0 22.953369300818864 22.54692547892506
-59.5 22.952785792210282 22.54598630835593
-59.0 22.952230750982444 22.54505711763832
-58.5 22.9516729273776 22.54412327279523
-58.0 22.951115132672385 22.543200626992665
-57.5 22.950583754548312 22.54226950162074
-57.0 22.95004840384322 22.541361551393603
-56.5 22.949512691191536 22.540449944783347
-56.0 22.949000024634515 22.53954987977739
-55.5 22.948480863824376 22.538646206746368
-55.0 22.947983642604022 22.537763228318305
-54.5 22.947491940256665 22.536863965427514
-54.0 22.946991398052468 22.535979049694337
-53.5 22.94651242091547 22.535097361790196
-53.0 22.946042859910204 22.5342215937879
-52.5 22.945576253856945 22.533355214837428
-52.0 22.945118564394665 22.532501237021233
-51.5 22.944667247684745 22.531628414194962
-51.0 22.94422636057393 22.53077601797944
-50.5 22.943796550553657 22.529925336917337
-50.0 22.943358601122267 22.529082671878573
-49.5 22.9429341831431 22.528233619456728
-49.0 22.94252321402801 22.5273951818138
-48.5 22.942113401285233 22.52656620992404
-48.0 22.941700233674688 22.52572825631798
-47.5 22.941310426535125 22.524913246822592
-47.0 22.940912235970757 22.524088137340144
-46.5 22.940530284225375 22.523272222366778
-46.0 22.940140253975475 22.52245390760916
-45.5 22.939775975962313 22.521645747280385
-45.0 22.93941002301746 22.52084078611517
-44.5 22.939045432926154 22.52004180269861
-44.0 22.938683248377373 22.519228697612213
-43.5 22.938336805108214 22.518440629585854
-43.0 22.93798248164444 22.51765062109966
-42.5 22.9376407762718 22.51685680710778
-42.0 22.937310468423043 22.51607853459245
-41.5 22.936977918803272 22.51528714132909
-41.0 22.93664618724286 22.5145162044482
-40.5 22.936336289963762 22.513730467115714
-40.0 22.936021482756193 22.512963546013953
-39.5 22.935704014726362 22.512190371581575
-39.0 22.93539824672856 22.511429951489777
-38.5 22.935099398753653 22.5106597623775
-38.0 22.93479678493859 22.509904242329505
-37.5 22.934495454252016 22.50913970901976
-37.0 22.934210956600488 22.50838818333812
-36.5 22.93392690189476 22.507631800464388
-36.0 22.93364183745168 22.50688196419222
-35.5 22.933362085407715 22.5061350898794
-35.0 22.933093005756024 22.505390453403624
-34.5 22.932822597872406 22.504636297210272
-34.0 22.932552811859495 22.50389479686831
-33.5 22.93229130987061 22.50316226218341
-33.0 22.932026865957063 22.502418888657925
-32.5 22.93176873477149 22.501683570741843
-32.0 22.931524319511528 22.500953350215156
-31.5 22.931256969486927 22.50022053453538
-31.0 22.93101665185238 22.499489840839907
-30.5 22.93076866905816 22.498754621733333
-30.0 22.930535843424927 22.498036878872966
-29.5 22.93029617887742 22.497305163557897
-29.0 22.93006282829581 22.49658649909232
-28.5 22.929824837984416 22.49586756431914
-28.0 22.929597832835743 22.495139257334028
-27.5 22.92936683657878 22.494425160193913
-27.0 22.929132734510663 22.49370526043393
-26.5 22.928908615023012 22.49299281773512
-26.0 22.928691606475397 22.492275067032118
-25.5 22.928474138104185 22.4915717284758
-25.0 22.92825871225 22.490854626234047
-24.5 22.928046911245513 22.490148907821524
-24.0 22.927851249366977 22.489447412972122
-23.5 22.927642493698755 22.488740541687463
-23.0 22.92744114287995 22.48804783992016
-22.5 22.9272455230103 22.48734352603182
-22.0 22.927059020110203 22.486648518496033
-21.5 22.926871320202572 22.4859565628528
-21.0 22.926692751619928 22.485264623319132
-20.5 22.92650734323033 22.48457909769792
-20.0 22.92632748923726 22.48389461824061
-19.5 22.92616583629263 22.483207608982866
-19.0 22.925995102381066 22.482526774016822
-18.5 22.92582531141307 22.481844301266186
-18.0 22.925662330900828 22.481171409857367
-17.5 22.92551274275491 22.480497301159335
-17.0 22.925367906676016 22.479816946877218
-16.5 22.925213772643232 22.479152520165243
-16.0 22.925067581184344 22.478484666279698
-15.5 22.924941794955235 22.477825745866017
-15.0 22.924798329896806 22.477163259778944
-14.5 22.924670561749227 22.476504096848448
-14.0 22.92454285069816 22.475846195465444
-13.5 22.92441744281859 22.47519550118664
-13.0 22.924292070341746 22.474539306178215
-12.5 22.924185373949207 22.47389112958906
-12.0 22.924072748844626 22.47324350763881
-11.5 22.923970779076413 22.472601740676307
-11.0 22.923865149367924 22.471955172115116
-10.5 22.923765099757016 22.47130978295111
-10.0 22.92367327109861 22.470676072229413
-9.5 22.923581211606255 22.47003965536102
-9.0 22.9235037277032 22.46940804438236
-8.5 22.923416557592994 22.46877676628135
-8.0 22.923336704510476 22.468152975163072
-7.5 22.923266689122862 22.467531371006963
-7.0 22.92319769750778 22.466911153285338
-6.5 22.92313369734055 22.466286701949613
-6.0 22.923068907890784 22.465666667207568
-5.5 22.923019304961386 22.465059179287007
-5.0 22.92296612996388 22.46445377144777
-4.5 22.92292103722638 22.463833522257012
-4.0 22.92288665515057 22.463229165950317
-3.5 22.922848523292796 22.46263012384647
-3.0 22.922810272087034 22.462025425935156
-2.5 22.922779880019853 22.461426858426105
-2.0 22.922757578188072 22.460832335262573
-1.5 22.922735277058877 22.46024484618443
-1.0 22.922726019032943 22.45964816093997
-0.5 22.92271821880556 22.459059351585992
0.0 22.922702644690677 22.458476348775775
0.5 22.922707198304767 22.45789817102755
1.0 22.922704807452927 22.457313953473577
1.5 22.922717765527988 22.456743851097563
2.0 22.92272742561554 22.456167666750115
2.5 22.92274424888153 22.455601098957054
3.0 22.922764786948314 22.455028288468014
3.5 22.922790583776738 22.454457713046082
4.0 22.92282537341911 22.453898905367495
4.5 22.922867021086738 22.453342839752576
5.0 22.92290217116054 22.452786072093197
5.5 22.922946502834975 22.45221972696394
6.0 22.92299162105091 22.45167127178499
6.5 22.923043992693252 22.451127191465755
7.0 22.923112356591098 22.450577042045673
7.5 22.92316811021143 22.450036272509266
8.0 22.923228473172472 22.449494281574516
8.5 22.923311737724465 22.448949105840853
9.0 22.92337786585643 22.448414534409523
9.5 22.923463658729112 22.44787581937087
10.0 22.92354339183579 22.447339562437154
10.5 22.923627306506333 22.44681566896659
11.0 22.923721699593212 22.446286083646104
11.5 22.923809106519883 22.44575269678434
12.0 22.92391341821257 22.44522986312903
12.5 22.924020520288096 22.44470883603023
13.0 22.92413130348225 22.44418745027601
13.5 22.924242748631304 22.443678507455296
14.0 22.92435915972035 22.443157886038133
14.5 22.92448097263053 22.442658247445806
15.0 22.92461056307883 22.442138012413526
15.5 22.924735949145195 22.4416352372955
16.0 22.924874863319037 22.441131235090687
16.5 22.92500926626408 22.440624090220926
17.0 22.925150606524248 22.44012158493319
17.5 22.925310135937753 22.439629925107294
18.0 22.92546193815123 22.439136941267073
18.5 22.92560791472191 22.438641027342353
19.0 22.92577805482956 22.43815244029696
19.5 22.925949572196316 22.437670791225486
20.0 22.926109790117106 22.437185844436232
20.5 22.926278347280334 22.436697421120705
21.0 22.926463314161953 22.43622244140493
21.5 22.926645155129826 22.435745284164945
22.0 22.92683927028758 22.43527115488176
22.5 22.927037443468134 22.43479952061317
23.0 22.92722783910389 22.434327815181145
23.5 22.927440578087868 22.43386605696694
24.0 22.927641640867833 22.43340373704294
24.5 22.92785361645869 22.43293600349025
25.0 22.928070970047713 22.43247563167309
25.5 22.928286655659686 22.43201807736027
26.0 22.92851084119946 22.43156140352893
26.5 22.928751889238214 22.431113483070185
27.0 22.928980928383652 22.43066853639263
27.5 22.9292114171146 22.43023181805181
28.0 22.92947228173201 22.429778427452547
28.5 22.92971822781865 22.42934283411241
29.0 22.92996661127529 22.428902783360442
29.5 22.93022224787383 22.428465589705993
30.0 22.930482397080777 22.42803433007819
30.5 22.930751911321998 22.42759750170532
31.0 22.931027493335293 22.427174870275977
31.5 22.931311653045796 22.426749967053006
32.0 22.931591393467663 22.42632928404701
32.5 22.931875983025645 22.425904204848553
33.0 22.932153083904193 22.425500453662647
33.5 22.93247406975118 22.425081227846402
34.0 22.932770421278068 22.42466895346565
34.5 22.9330767142392 22.424261882476294
35.0 22.93338227336784 22.423852011576706
35.5 22.933702881484848 22.423448804155935
36.0 22.93402399049515 22.4230547460783
36.5 22.93434892490078 22.422659910986283
37.0 22.93467777175699 22.422261865120163
37.5 22.935012190150186 22.4218703024708
38.0 22.935359582761418 22.421480361209394
38.5 22.935702749721845 22.421089893967157
39.0 22.936062312119063 22.42071174708986
39.5 22.93641586033853 22.42033351395923
40.0 22.936787924876153 22.41995175795011
40.5 22.937165270373328 22.41956873316065
41.0 22.93754189920365 22.419201116246036
41.5 22.937922283072826 22.418825153325752
42.0 22.93831826080008 22.418456667068657
42.5 22.938711001859197 22.418086185484203
43.0 22.93911580027593 22.417725581228378
43.5 22.939511844659535 22.417362881306367
44.0 22.939928911810448 22.417004565421323
44.5 22.94034159776659 22.416643992181985
45.0 22.940776172810075 22.41629423217285
45.5 22.941199938426013 22.41593932300532
46.0 22.94163051156093 22.4155905259527
46.5 22.942078990989017 22.415236893037704
47.0 22.942518268852528 22.4148948424685
47.5 22.942971343284636 22.414555792989038
48.0 22.94341766097228 22.414214950244123
48.5 22.943880635798312 22.413877445425996
49.0 22.94435241111685 22.41353771647836
49.5 22.944812705920018 22.41320700025675
50.0 22.94528237888985 22.412875195619016
50.5 22.945765945304842 22.412545650890607
51.0 22.94624240781705 22.412224727731488
51.5 22.94672862267994 22.41190699176387
52.0 22.947222789361756 22.411587342356203
52.5 22.94771793939184 22.411272733617487
53.0 22.948228230527445 22.410950160692696
53.5 22.94872507271396 22.410644053713792
54.0 22.94923395211793 22.410334662514785
54.5 22.949753986860685 22.41002136960755
55.0 22.95026358618834 22.409716438630937
55.5 22.95079163441311 22.409418394521747
56.0 22.95130826757672 22.40911977394842
56.5 22.951843965894497 22.40881663799479
57.0 22.952371899561655 22.40853050848783
57.5 22.952904981882746 22.408236443450235
58.0 22.953447521389748 22.407947210320298
58.5 22.95398952542127 22.40766082821736
59.0 22.95453452566376 22.40737831993205
59.5 22.955085500239715 22.40709785361533
60.0 22.955641746859943 22.40681956312768
60.5 22.956197599202323 22.406541201608437
61.0 22.956752991106967 22.406269493440472
61.5 22.957312970544276 22.405994901577266
62.0 22.95788669447024 22.405733670939174
62.5 22.95844590715693 22.40546426739259
63.0 22.959017454096195 22.405199752479874
63.5 22.959595983823576 22.40494123548175
64.0 22.96018351116107 22.404678833845935
64.5 22.960749596922728 22.404430522356506
65.0 22.96134524614282 22.404180813747786
65.5 22.961917934682692 22.40393179874388
66.0 22.962510401485435 22.40368376994764
66.5 22.96309729238638 22.403436398421
67.0 22.963701747000794 22.40319883041905
67.5 22.964292646645376 22.402961512364456
68.0 22.964885145356256 22.402727386297435
68.5 22.965489737342295 22.402490345708546
69.0 22.966085319041348 22.402256509261953
69.5 22.96668519811537 22.402039200418955
70.0 22.967293743572963 22.401811389897578
70.5 22.967909097948688 22.40158840479721
71.0 22.968515061971253 22.401364117950223
71.5 22.969147995251284 22.401147578937433
72.0 22.969773040676607 22.400925228783315
72.5 22.97039313279467 22.40071660420632
73.0 22.971035509984212 22.400513508348624
73.5 22.97166626635583 22.40029577111573
74.0 22.972316623476733 22.400097685272332
74.5 22.972963580564787 22.399892414169457
75.0 22.973611718636935 22.399702361072173
75.5 22.974273749437486 22.399499223628304
76.0 22.974934347479135 22.39930805795664
76.5 22.975596249443186 22.399118235763673
77.0 22.976262580697835 22.3989247668991
77.5 22.97693300309138 22.39873560718967
78.0 22.97761802589602 22.398553833692453
78.5 22.978294572351828 22.398373879036342
79.0 22.97898269201063 22.398193083667962
79.5 22.979671364817257 22.39801078089591
80.0 22.980358428860907 22.397845920058636
80.5 22.981051349880126 22.39767340739467
81.0 22.981763299795432 22.397504553494493
81.5 22.982460185560015 22.3973331905656
82.0 22.983174305383116 22.397172130996946
82.5 22.983866817991036 22.39700966688385
83.0 22.984591288497157 22.396850719639787
83.5 22.98529833640789 22.396700484298048
84.0 22.986023374216504 22.396540843825715
84.5 22.986744077383584 22.39639319973844
85.0 22.987477600943002 22.396238321271753
85.5 22.988201901371514 22.396086628051112
86.0 22.988938305541637 22.395954201630435
86.5 22.989669860884273 22.3958097706711
87.0 22.990414697045306 22.39567409706932
87.5 22.991156325776323 22.395534742460008
88.0 22.991903085316075 22.395403005400887
88.5 22.99264852967084 22.39527288310548
89.0 22.993392982988752 22.395149654514025
89.5 22.994149904635076 22.395018714213357
90.0 22.994903448443218 22.394895236706105
90.5 22.995663647834213 22.394774946706338
91.0 22.996421571138036 22.394654848551635
91.5 22.997180644469843 22.394539488938744
92.0 22.997947343200984 22.39442608449357
92.5 22.99872358829198 22.39431432137353
93.0 22.999491291188793 22.39420985376775
93.5 23.000258278356608 22.394101187439425
94.0 23.00103810867433 22.39400022577216
94.5 23.001801561014116 22.39390007356497
95.0 23.002576839742353 22.393799679935494
95.5 23.00337323242411 22.39370744040346
96.0 23.004155792950232 22.393611746008055
96.5 23.004936952127622 22.393520960475094
97.0 23.005727737227986 22.393428946267697
97.5 23.006505889292637 22.393346824998016
98.0 23.007300176532738 22.393263672750614
98.5 23.008098005605703 22.3931761490249
99.0 23.008888064486577 22.39309974427232
99.5 23.00968606964943 22.393035294086868
100.0 23.01048044709293 22.392953342941446
100.5 23.011272886118114 22.39288364740387
101.0 23.01207255778714 22.392823152092017
101.5 23.012871645633048 22.39275796736888
102.0 23.013676131470753 22.392688284458643
102.5 23.014483513456668 22.392631971183683
103.0 23.015284145062488 22.392570444336112
103.5 23.01609333348872 22.392520134810894
104.0 23.016900767022758 22.39246617713844
104.5 23.017718785653276 22.39240880859488
105.0 23.018542842348634 22.392359882836566
105.5 23.01937305300815 22.39232100331391
106.0 23.020187219643308 22.392274950679663
106.5 23.02101864241566 22.39223981609777
107.0 23.02184789698794 22.392200801599692
107.5 23.02268006908708 22.392171212438438
108.0 23.023516340101104 22.39213991146455
108.5 23.024349439580305 22.392115357027738
109.0 23.025197644412504 22.39208050781496
109.5 23.02603236614624 22.392057367407023
110.0 23.026877232882505 22.3920364166397
110.5 23.027729077959023 22.392016789093965
111.0 23.028575608795624 22.39200140958321
111.5 23.02942976901807 22.391985924563265
112.0 23.030289998416755 22.39197239994229
112.5 23.031149912663572 22.391971229552862
113.0 23.032015041332578 22.391958789946642
