FastTrWP/PhaseSpace/IAs/snIa_0.6_20_-1_0.0.csv
# %ECSV 0.9
# ---
# datatype:
# - {name: time-rel, datatype: float64}
# - {name: g, datatype: float64}
# - {name: i, datatype: float64}
# schema: astropy-2.0
time-rel g i
[from data line 1019]
495.99999999999994 -25.93194280498559 -27.733223810245228
496.5 -25.930224339533503 -27.733115749381522
497.0 -25.928497055578003 -27.733010607460233
497.49999999999994 -25.92676473582745 -27.732902216500396
498.0 -25.925053488558763 -27.73279357687047
498.5 -25.923318837281805 -27.732680713763433
499.0 -25.9215765974244 -27.732571187663538
499.5 -25.91984391697302 -27.732461315787496
500.0 -25.918119011073898 -27.732342985887463
500.5 -25.91638218993895 -27.732229135436587
501.0 -25.914643551826337 -27.732106718644683
501.5 -25.91290329249569 -27.731993528822443
502.0 -25.911159573144673 -27.731870048687817
502.5 -25.909417112206505 -27.731745030893116
503.0 -25.90767224324805 -27.73162462447801
503.5 -25.90591576688885 -27.73150357688534
504.0 -25.904174547473524 -27.731377090981507
504.5 -25.902421478448446 -27.731253013615373
505.0 -25.900681285114935 -27.731128175839793
505.5 -25.89892207541151 -27.73100190154239
506.0 -25.897168399548605 -27.730869199833155
506.5 -25.895417107899412 -27.73073395275276
507.0 -25.893641575653632 -27.7306042908016
507.5 -25.89188291316404 -27.730475792758554
508.0 -25.890098023522242 -27.730331279172468
508.5 -25.88833598446971 -27.73018935879204
509.0 -25.886542549504732 -27.73004960148277
509.5 -25.884763910470717 -27.729908835117882
510.0 -25.88298396102016 -27.729755220792352
510.5 -25.88119127902193 -27.72960627356315
511.0 -25.879418778619744 -27.729462045370706
511.5 -25.877617346389677 -27.729310927926967
512.0 -25.87582329347654 -27.729157256714153
512.5 -25.874012856156384 -27.729001652401234
513.0 -25.872218982310983 -27.728849211356398
513.5 -25.870416908857123 -27.728690394602996
514.0 -25.868596764227874 -27.72852978376504
514.5 -25.8667674334037 -27.72837014745786
515.0 -25.864968287354202 -27.72820884425912
515.5 -25.863145496788036 -27.728040527030267
516.0 -25.86131175042678 -27.727870979870296
516.5 -25.859495758037095 -27.72770495289473
517.0 -25.857665335297035 -27.727532237948964
517.5 -25.85582550460474 -27.727364846688456
518.0 -25.853986149304657 -27.72718833604934
518.5 -25.852142243351924 -27.72701764527107
519.0 -25.85030050734796 -27.726832245086392
519.5 -25.848449042916716 -27.726652939722104
520.0 -25.846589849504905 -27.72646796821389
520.5 -25.844740436541077 -27.72629158954271
521.0 -25.84289775380233 -27.726112640284384
521.5 -25.841012543865844 -27.72591888363406
522.0 -25.8391626773994 -27.72572727548993
522.5 -25.837284671931194 -27.725535934121744
523.0 -25.835400644678863 -27.725357261872404
523.5 -25.83353356926989 -27.725153320726985
524.0 -25.831656098097344 -27.72495928845503
524.5 -25.829792395134866 -27.724762490424368
525.0 -25.82788461859022 -27.72456327635271
525.5 -25.82598521962284 -27.724360451278365
526.0 -25.824100070282483 -27.724164933361077
526.5 -25.822206555415214 -27.723955811217564
527.0 -25.820305853437354 -27.72374796202157
527.5 -25.818396986193495 -27.72354731740867
528.0 -25.816498247975552 -27.723334652625105
528.5 -25.814588642441493 -27.723127004872087
529.0 -25.812676359256162 -27.722909488625795
529.5 -25.81074445812774 -27.72269916793883
530.0 -25.80883186644657 -27.722483674424076
530.5 -25.806899822971037 -27.722263477143354
531.0 -25.804973733062365 -27.72204510599019
531.5 -25.803043437065845 -27.72182702476471
532.0 -25.80111429523743 -27.721602024696544
532.5 -25.799170568097807 -27.721380848985888
533.0 -25.797229086498902 -27.721157614991213
533.5 -25.795278525539196 -27.720926116402474
534.0 -25.79334161790511 -27.72069744444519
534.5 -25.791387536529893 -27.720468442399447
535.0 -25.789433774501234 -27.72023270787255
535.5 -25.787473772439938 -27.720000980713415
536.0 -25.785493842725494 -27.719765374330688
536.5 -25.78354061914417 -27.71952820990208
537.0 -25.78156865397841 -27.719289357423396
537.5 -25.779591938281325 -27.71905347493574
538.0 -25.777616279608434 -27.718806498996
538.5 -25.77564679146498 -27.71856069702707
539.0 -25.773652339529576 -27.71831241644007
539.5 -25.771673715073987 -27.718071085637522
540.0 -25.769674146763634 -27.717821972780673
540.5 -25.767688997032614 -27.717572364686106
541.0 -25.765702683021978 -27.71731698782643
541.5 -25.763703861785125 -27.71706025066893
542.0 -25.761690580835968 -27.71680887236217
542.5 -25.759683126041473 -27.716552044967585
543.0 -25.75767180780764 -27.71629519321194
543.5 -25.75566446527409 -27.71603375634367
544.0 -25.753638086363896 -27.715770478833456
544.5 -25.75161247401209 -27.715510979831603
545.0 -25.749586547320177 -27.715245742999173
545.5 -25.747556731380854 -27.71497372622565
546.0 -25.745519185363626 -27.714706531441923
546.5 -25.743484146341853 -27.714439298979165
547.0 -25.741435161995145 -27.71416035309616
547.5 -25.739391019296068 -27.713890740760988
548.0 -25.737316974826708 -27.713617369239792
548.5 -25.73529270311633 -27.713331776099626
549.0 -25.73321229110541 -27.713053853720396
549.5 -25.73115812261705 -27.71277022479085
550.0 -25.729087750859048 -27.712486089814746
550.5 -25.727007976925865 -27.71220040789881
551.0 -25.724941973297923 -27.71191019670465
551.5 -25.72285518677376 -27.711618384030604
552.0 -25.7207682341032 -27.71133021433704
552.5 -25.718665736320922 -27.71103940398976
553.0 -25.716561358594344 -27.71074659898524
553.5 -25.71448565384599 -27.710445333027913
554.0 -25.712384638723314 -27.710152181119714
554.5 -25.710264655172537 -27.709847907228536
555.0 -25.70814474509675 -27.70955012197779
555.5 -25.706029592153396 -27.709243590379018
556.0 -25.7039112450116 -27.708940198887298
556.5 -25.701788547189288 -27.708633794103662
557.0 -25.699658928505237 -27.708326251087332
557.5 -25.697522629339204 -27.70800439256279
558.0 -25.695379939510723 -27.707699620385387
558.5 -25.69325121718892 -27.707376721358784
559.0 -25.69110467401446 -27.7070601067761
559.5 -25.688956468777555 -27.706747582283352
560.0 -25.68680750998872 -27.706432942081157
560.5 -25.68465731896491 -27.706108484174692
561.0 -25.68248363224507 -27.705783277443405
561.5 -25.68030837622155 -27.70546427439633
562.0 -25.678143812883274 -27.705135602963395
562.5 -25.675981548330327 -27.704807491147243
563.0 -25.673782228938293 -27.70447153770865
563.5 -25.671610408418644 -27.704142058125058
564.0 -25.669417575364207 -27.70381270632827
564.5 -25.667236614350873 -27.70347567938377
565.0 -25.66503010509078 -27.703150750353302
565.5 -25.66283669995837 -27.702806643996688
566.0 -25.660636532080222 -27.702473054429305
566.5 -25.65842855645444 -27.70212495680855
567.0 -25.656208487037095 -27.701784538262018
567.5 -25.654004084987942 -27.701445515157232
568.0 -25.65178741090523 -27.701094935016176
568.5 -25.649569286915636 -27.700748201177277
569.0 -25.647332372157912 -27.70040108465421
569.5 -25.6450890074877 -27.700046764606086
570.0 -25.64288087889569 -27.699699743658925
570.5 -25.640635381480944 -27.69934637936202
571.0 -25.638381904002813 -27.69898763610251
571.5 -25.63614220852084 -27.698635799145
572.0 -25.633901774915223 -27.69827439971059
572.5 -25.631647923547327 -27.697918517907006
573.0 -25.629401864343983 -27.69755095735016
573.5 -25.627121238857157 -27.697187226155084
574.0 -25.624851138396142 -27.696822765953193
574.5 -25.62259350612664 -27.696466275320635
575.0 -25.620316124480503 -27.696095194007246
575.5 -25.618037310113202 -27.695724011995928
576.0 -25.615759776084413 -27.6953550563966
576.5 -25.613472463389407 -27.694983581003854
577.0 -25.611167412487124 -27.69461195434547
577.5 -25.60890201673721 -27.69423499111604
578.0 -25.606598979767114 -27.69386602815871
578.5 -25.604296114689603 -27.693490252145242
579.0 -25.601985962000104 -27.693100940707282
579.5 -25.599673980433565 -27.6927249825511
580.0 -25.597382430882906 -27.692345302960995
580.5 -25.595049483892737 -27.691961340467344
581.0 -25.592732512308103 -27.691574541057374
581.5 -25.59041884394191 -27.691197268073747
582.0 -25.588094070933153 -27.690803792803727
582.5 -25.58575992897854 -27.690416298893233
583.0 -25.583438285542893 -27.69002508420742
583.5 -25.58107091795373 -27.689632375854238
584.0 -25.578710763658613 -27.689231289359743
584.5 -25.576338410720815 -27.688838049861772
585.0 -25.57395975707964 -27.688435764786355
585.5 -25.571584185249048 -27.68803939032331
586.0 -25.569186850276836 -27.68762594687618
586.5 -25.566787594341886 -27.687223367031844
587.0 -25.564369654621494 -27.686816748291804
587.5 -25.561959666164068 -27.686404162111632
588.0 -25.559551690805364 -27.685993753352474
588.5 -25.55712225297604 -27.68557499584081
589.0 -25.554668072753664 -27.68516613784559
589.5 -25.552240297027218 -27.684745495727434
590.0 -25.549772509271644 -27.684326016423924
590.5 -25.547329715831086 -27.68390532254077
591.0 -25.54487021541061 -27.68348223494911
591.5 -25.542409532763305 -27.683059529220714
592.0 -25.53991285038672 -27.682632091484535
592.5 -25.537432074550168 -27.682205766782463
593.0 -25.5349485194481 -27.681768717861033
593.5 -25.532451958091006 -27.68133808436882
594.0 -25.52997054436783 -27.680905585915497
594.5 -25.52746442281417 -27.680465490259877
595.0 -25.524958451577724 -27.680028988551285
595.5 -25.522448538734807 -27.679591322352117
596.0 -25.519931484480814 -27.679153706853693
596.5 -25.517406226865557 -27.678711221954444
597.0 -25.51488139188903 -27.67826751273639
597.5 -25.51237529747493 -27.677820576401274
598.0 -25.50982540090881 -27.67737269369945
598.5 -25.50727854614388 -27.676927247112776
599.0 -25.504740763706977 -27.676477402544727
599.5 -25.502187212953675 -27.676019349090556
600.0 -25.499641268152097 -27.675570461427462
600.5 -25.497095643292038 -27.6751172173848
601.0 -25.49453536538085 -27.674660618264237
601.5 -25.49198670588946 -27.674199945228516
602.0 -25.48940553100475 -27.673755288969865
602.5 -25.486869289321955 -27.673289805591217
603.0 -25.484290460174144 -27.672821037374614
603.5 -25.48172797033606 -27.672367136694454
604.0 -25.479164283573876 -27.671898144452136
604.5 -25.476589104769115 -27.671436930699773
605.0 -25.474009553010923 -27.670969474802163
605.5 -25.47144846269212 -27.670509442595723
606.0 -25.468870679880936 -27.670033482895686
606.5 -25.46631002736595 -27.669562248824423
607.0 -25.463696064633602 -27.669093202139663
607.5 -25.461142275154653 -27.668625078792786
608.0 -25.458549317456548 -27.668153968856867
608.5 -25.455983119136807 -27.667673345440104
609.0 -25.453405450806883 -27.66720292504043
609.5 -25.450832347087868 -27.666729433554185
610.0 -25.448246657146743 -27.666253432743495
610.5 -25.445688544833274 -27.6657738172213
611.0 -25.443091924272206 -27.665298304173213
611.5 -25.440533874683197 -27.66481750325029
612.0 -25.43796833274171 -27.664336928984348
612.5 -25.43539446428218 -27.663861210477737
613.0 -25.43283518486603 -27.663373641500407
613.5 -25.430264180141634 -27.662884974134435
614.0 -25.42768690552512 -27.662403611319398
614.5 -25.42514512758254 -27.661914358005703
615.0 -25.42256487378348 -27.66143801268806
615.5 -25.420034555587634 -27.660949429375407
616.0 -25.41747211762198 -27.66045965941165
616.5 -25.41493172101829 -27.659972110962904
617.0 -25.412379077657473 -27.659487111461445
617.5 -25.409838700333225 -27.659000245068803
618.0 -25.407294168942165 -27.658510736112333
618.5 -25.4047759377518 -27.65801544959477
619.0 -25.402263323688533 -27.657529439666384
619.5 -25.399721065954616 -27.65702868766347
620.0 -25.397224711815287 -27.656544278796073
620.5 -25.394712123520037 -27.656055408097437
621.0 -25.39219175267974 -27.655556420472614
621.5 -25.389681756331367 -27.65505767340736
622.0 -25.387156640844456 -27.65456541133801
622.5 -25.384657407855798 -27.65406917472559
623.0 -25.382147263001453 -27.653572411098235
623.5 -25.379625561872224 -27.65307248718011
624.0 -25.377106182637093 -27.652564907350097
624.5 -25.37460313425712 -27.652063551748984
625.0 -25.372077901367824 -27.651559872769855
625.5 -25.36956671999516 -27.6510513233027
626.0 -25.367066599603604 -27.650554407633425
626.5 -25.364530553585123 -27.65003914165428
627.0 -25.36202036335397 -27.649531220307374
627.5 -25.359520795730987 -27.649019920704546
628.0 -25.356991194224506 -27.648506360622164
628.5 -25.354478915500053 -27.647994583668503
629.0 -25.35196967815987 -27.64747980817138
629.5 -25.349441959905647 -27.64696999085341
630.0 -25.34694653122884 -27.64644327987832
630.5 -25.34443761642326 -27.645928310974334
631.0 -25.341906666633648 -27.64540702373058
631.5 -25.33939176425988 -27.64488788597451
632.0 -25.336870448187128 -27.64436677605113
632.5 -25.334365532435 -27.643850769446708
633.0 -25.33186091016765 -27.643317094008847
633.5 -25.32935343323498 -27.64279864827252
634.0 -25.326849154870544 -27.642265330081454
634.5 -25.32433941587434 -27.641742484383386
635.0 -25.321832536836617 -27.641217174177932
635.5 -25.31933188362769 -27.640688699658465
636.0 -25.316820117556208 -27.64014941797308
636.5 -25.314330886030803 -27.639623206787405
637.0 -25.311808890345162 -27.639087195187457
637.5 -25.309314217784895 -27.638553291332574
638.0 -25.306810165531175 -27.638020799710127
638.5 -25.304318623950962 -27.63748025689585
639.0 -25.30181657474586 -27.63694367619866
639.5 -25.299324221258104 -27.63640874836012
640.0 -25.296828638657956 -27.635869504904367
640.5 -25.294344693058658 -27.6353275933567
641.0 -25.29183600307755 -27.634787461244432
641.5 -25.28934871838036 -27.634246566530898
642.0 -25.2868699028471 -27.63370002446655
642.5 -25.28438357094057 -27.633153654297054
643.0 -25.281905771325455 -27.632610650326864
643.5 -25.27938757707527 -27.63205973088164
644.0 -25.276923501971737 -27.63152276528805
644.5 -25.2744410257285 -27.630973090521657
645.0 -25.27198452324658 -27.63042170443056
645.5 -25.269492098932215 -27.629868257426843
646.0 -25.267027045123843 -27.62931429421713
646.5 -25.264546512632613 -27.628765979323887
647.0 -25.262080213656695 -27.62821404062203
647.5 -25.259628178433566 -27.627660950008533
648.0 -25.257146335945492 -27.627106885024983
648.5 -25.254684387890762 -27.62654634998308
649.0 -25.252242515324774 -27.625987761675773
649.5 -25.24976352328658 -27.625427228086302
650.0 -25.24731345804847 -27.624870418949104
650.5 -25.24486840095478 -27.624311927416322
651.0 -25.242430104136226 -27.623754558716538
651.5 -25.239987817658616 -27.623191715683454
652.0 -25.23754431606077 -27.62262673833915
652.5 -25.235105255230454 -27.622062316167355
653.0 -25.232680705170946 -27.621497007174444
653.5 -25.230238795296916 -27.620941567583866
654.0 -25.22780556253343 -27.620372944493464
654.5 -25.225389616959767 -27.619800678899086
655.0 -25.222961662451944 -27.619230309101482
655.5 -25.22055696150054 -27.618671750572883
656.0 -25.218143877219596 -27.61809159738506
656.5 -25.21572801437129 -27.617527378620995
657.0 -25.213331687795993 -27.616960184008303
657.5 -25.210924742941785 -27.616386103387804
658.0 -25.2085226180101 -27.615811777248638
658.5 -25.206112834804312 -27.615240452282514
659.0 -25.203735179893904 -27.614667514151883
659.5 -25.20134665742497 -27.61409415632141
660.0 -25.19895927595217 -27.6135207250255
660.5 -25.196579185905456 -27.61294354711324
661.0 -25.194200350561186 -27.612366592477912
661.5 -25.191850298948047 -27.61178191859016
662.0 -25.18947889752503 -27.61120044916224
662.5 -25.18711363310365 -27.61062242268641
663.0 -25.184756699017722 -27.610039596357822
663.5 -25.182408830501505 -27.609459168028376
664.0 -25.180042402866295 -27.608876884739722
664.5 -25.177700704910233 -27.60828903180375
665.0 -25.175358092550436 -27.607700963646376
665.5 -25.17302432306479 -27.607119049699307
666.0 -25.170677441394922 -27.606526632711574
666.5 -25.16835924260932 -27.605942682168457
667.0 -25.166028414083158 -27.60534346664229
667.5 -25.163714900960933 -27.604751431679073
668.0 -25.16140059427409 -27.604159632949493
668.5 -25.15907387487089 -27.60357002742989
669.0 -25.156763981763575 -27.60297056896894
669.5 -25.154444626047518 -27.60237946877996
670.0 -25.15215573111334 -27.601780153086235
670.5 -25.149857563995734 -27.601186142888274
671.0 -25.147558165567855 -27.60058573048278
671.5 -25.14527656618926 -27.5999814427727
672.0 -25.142994143336345 -27.59938360314843
