FastTrWP/PhaseSpace/IAs/snIa_0.33_30.00_-0.16_-0.06.csv
# %ECSV 0.9
# ---
# datatype:
# - {name: time-rel, datatype: float64}
# - {name: g, datatype: float64}
# - {name: i, datatype: float64}
# schema: astropy-2.0
time-rel g i
[from data line 1415]
285.5 23.317835130676716 22.732985230908817
286.0 23.319427283296 22.733927746202088
286.4999999999999 23.321006316368663 22.734865784197893
287.0 23.32260686140552 22.735803974826872
287.5 23.32420574443266 22.736748791771852
287.9999999999999 23.325799172223945 22.737693995186792
288.5 23.327395626254916 22.73864808873395
289.0 23.328992900869146 22.73959717129995
289.4999999999999 23.33060198434915 22.74055446609328
290.0 23.33219976022967 22.741508015449586
290.5 23.333810532833215 22.742472920196075
290.9999999999999 23.335431092006715 22.743440094697394
291.5 23.33704092233971 22.744421695308358
292.0 23.338654552071493 22.745402423580018
292.4999999999999 23.34026296814789 22.74638982844861
293.0 23.34188196792517 22.747381599513588
293.5 23.343510681497555 22.748371640475987
293.9999999999999 23.345131263472215 22.749374763850557
294.5 23.346764486505116 22.75038534953478
295.0 23.348392402047008 22.75139382530127
295.4999999999999 23.350029897756734 22.752408125185326
296.0 23.35165219964424 22.753423522358407
296.5 23.35329052610019 22.75445360311693
296.9999999999999 23.35492787839975 22.75548213844138
297.5 23.356562436725127 22.75651297981196
298.0 23.358214297542013 22.757546690686546
298.4999999999999 23.35985762490166 22.758583228276628
299.0 23.361500463452984 22.75963523059501
299.5 23.36314015305168 22.76067965982186
299.9999999999999 23.364798694221346 22.761727108017734
300.5 23.366444497364572 22.762788802218733
301.0 23.368103393943866 22.76384325371458
301.4999999999999 23.369758769668923 22.764911921732647
302.0 23.371407613054828 22.765967496984803
302.5 23.373074390795814 22.767036954144118
302.9999999999999 23.374737149360417 22.768104596026497
303.5 23.376408869801356 22.769190262822633
304.0 23.378068617989854 22.77025925057322
304.4999999999999 23.379730155497043 22.771339767091003
305.0 23.381404009034462 22.77242156865311
305.5 23.383067273045704 22.773504101795936
305.9999999999999 23.384743922555078 22.774589050650956
306.5 23.386410972456883 22.775668928445217
307.0 23.38809237141564 22.776769196639894
307.4999999999999 23.38976968219076 22.777856851929783
308.0 23.391448656586856 22.778947212315323
308.5 23.393131708804326 22.780038252574613
308.9999999999999 23.39480981567943 22.7811327469162
309.5 23.396491507837606 22.78223357217426
310.0 23.398179935733925 22.783326055067413
310.4999999999999 23.399857151763488 22.78442983670039
311.0 23.401557039911978 22.7855328195889
311.5 23.403238117986103 22.786632811532
311.9999999999999 23.404930065766976 22.78773075231609
312.5 23.4066276162072 22.788834583424222
313.0 23.40832609252258 22.789942578713216
313.4999999999999 23.41001946556283 22.7910387813222
314.0 23.41171125005779 22.792140004296293
314.5 23.413398432676903 22.79324197218534
314.9999999999999 23.41509929641486 22.794349415560763
315.5 23.41679913473542 22.79545280816015
316.0 23.418501748425598 22.796556362172034
316.4999999999999 23.420204971127827 22.797656470710827
317.0 23.4219098540264 22.798752651275223
317.5 23.423602925391705 22.79985042617486
317.9999999999999 23.425317411823265 22.800957552844956
318.5 23.427031506878713 22.802050485061955
319.0 23.428725194747738 22.803153777592378
319.4999999999999 23.430435585069326 22.8042459404765
320.0 23.43214914587669 22.805343573950246
320.5 23.43386039746285 22.806436004103258
320.9999999999999 23.435555677256357 22.807534216147154
321.5 23.43726229868604 22.80861267588362
322.0 23.438976126498112 22.80970608800528
322.4999999999999 23.440702110520686 22.81079714742312
323.0 23.44241058002242 22.811886742937098
323.5 23.44412306249577 22.81297994963945
323.9999999999999 23.445852355474273 22.814080829628438
324.5 23.447568069864 22.815187337039816
325.0 23.449278282024007 22.81628609473269
325.4999999999999 23.4510121221754 22.817398167075797
326.0 23.452736858486865 22.818494482983755
326.5 23.454466314495566 22.819609101051196
326.9999999999999 23.456195359007005 22.820716808289138
327.5 23.45792744886336 22.821827830331763
328.0 23.459657780356956 22.822934805960656
328.4999999999999 23.46138987219618 22.82405205349771
329.0 23.463127499556393 22.825164284970413
329.5 23.4648626406005 22.826287208565876
329.9999999999999 23.466610719744857 22.827400723541295
330.5 23.468347880114546 22.828525619740823
331.0 23.47007919957335 22.829640437126915
331.4999999999999 23.471834466208726 22.830759388347296
332.0 23.47357659340333 22.831888238499563
332.5 23.47531650244965 22.833008057261054
332.9999999999999 23.477074044721466 22.834138109637784
333.5 23.4788098400931 22.835263959123907
334.0 23.480571693157803 22.836379622044333
334.4999999999999 23.482323058335567 22.837511067527586
335.0 23.484073385058327 22.83863981237407
335.5 23.48583055336061 22.839767678875038
335.9999999999999 23.48758756841004 22.84089036549029
336.5 23.48933440488093 22.8420119851449
337.0 23.49109807214345 22.84314585157251
337.4999999999999 23.49285946492866 22.844273228405033
338.0 23.49462062706811 22.845404432557558
338.5 23.496382217029776 22.846534063070962
338.9999999999999 23.498145561295605 22.847653871713884
339.5 23.49990739870251 22.84879006191646
340.0 23.501680189481228 22.84991605114508
340.4999999999999 23.503442784552952 22.851037288542337
341.0 23.505202862360356 22.852169333736846
341.5 23.506981800571495 22.853292640567915
341.9999999999999 23.508749984645803 22.854416738244417
342.5 23.510537445100855 22.85553532166281
343.0 23.51230044877214 22.85666120341861
343.4999999999999 23.514080363726386 22.857784752431005
344.0 23.515850592758817 22.85891621084597
344.5 23.517630490162542 22.860030006931563
344.9999999999999 23.51940658897361 22.86114121751872
345.5 23.52118982307841 22.862264166672958
346.0 23.522969036444763 22.863380358059405
346.4999999999999 23.52475628881018 22.864497299594753
347.0 23.52654259925792 22.865607208285823
347.5 23.528330337344826 22.866721169810887
347.9999999999999 23.530108385090625 22.867838332043302
348.5 23.531885108887064 22.868944083234013
349.0 23.53367799115884 22.870045185831962
349.4999999999999 23.53547302746675 22.87115352436392
350.0 23.537261975200565 22.87225505390992
350.5 23.53905396659565 22.87336647220966
350.9999999999999 23.540838318990186 22.874457225978965
351.5 23.54262479683947 22.87555433848031
352.0 23.54443528919783 22.876648593058157
352.4999999999999 23.546218842425446 22.87773734451386
353.0 23.548022559770004 22.878829853094963
353.5 23.549812323363835 22.879913054672517
353.9999999999999 23.551607450488497 22.88100518155789
354.5 23.553411081081865 22.88208077133767
355.0 23.55520542958985 22.883164517069222
355.4999999999999 23.557009167146454 22.88424749006097
356.0 23.558816359079128 22.885338591425075
356.5 23.560604765970407 22.88641638999149
356.9999999999999 23.562413236843852 22.887494903871858
357.5 23.56421035779277 22.888570815325245
358.0 23.566012912966382 22.889647130191996
358.4999999999999 23.567825832047447 22.89071714295463
359.0 23.569627190524535 22.891790118322966
359.5 23.571439792177955 22.892866829824122
359.9999999999999 23.573260162498716 22.893942755178696
360.5 23.575058920907676 22.895019331325408
361.0 23.576869589682286 22.89607718040253
361.4999999999999 23.578681049815003 22.897142480441865
362.0 23.580495437125432 22.898206214646986
362.5 23.582314965641125 22.899280939610314
362.9999999999999 23.584118047020905 22.900355927246817
363.5 23.585941375126964 22.90141003555664
364.0 23.587750241619702 22.902468409173796
364.4999999999999 23.589579697364236 22.90354084898565
365.0 23.591396547737652 22.904599890029722
365.5 23.593223157940933 22.90566519032359
365.9999999999999 23.595035170195402 22.906715046230754
366.5 23.596864471350187 22.907776656066538
367.0 23.5986999978956 22.90883274882042
367.4999999999999 23.60052566474635 22.909895015106848
368.0 23.602350021561666 22.910950005345356
368.5 23.60418298350418 22.912001249067497
368.9999999999999 23.60601883589782 22.913047980571527
369.5 23.607844365703468 22.91410207358398
370.0 23.609686443699744 22.915159669170897
370.4999999999999 23.61151193236154 22.91620692281691
371.0 23.613346372405687 22.917259015712972
371.5 23.615192101047388 22.918311769514133
372.0 23.617023425254892 22.91935367842494
372.5 23.618871796781665 22.920397460559194
373.0 23.620713494286477 22.92144878933606
373.5 23.62255757711526 22.922487868811444
374.0 23.624413400169683 22.92353161971446
374.5 23.62623893948315 22.924583914113356
375.0 23.62809991784781 22.925613566732128
375.5 23.62995753001139 22.926664628786384
376.0 23.631794655263406 22.92770038814634
376.5 23.633650354576933 22.928741219619532
377.0 23.63550722250427 22.929775063555024
377.5 23.63736666510097 22.93081470687364
378.0 23.639218987825817 22.931850069220054
378.5 23.64108661207252 22.932879329582466
379.0 23.64294744306538 22.933915125772693
379.5 23.64480449941873 22.93495751887527
380.0 23.646669856627597 22.93598387224116
380.5 23.6485448778852 22.937014153135493
381.0 23.6504099231369 22.938043344094066
381.5 23.6522799353207 22.939077583315303
382.0 23.654149417771244 22.940101768239
382.5 23.656027767970382 22.94113458495508
383.0 23.657905859769286 22.94216168869128
383.5 23.659767523944964 22.94319197174289
384.0 23.66165482039318 22.944217174701613
384.5 23.663539758854814 22.945244533551605
385.0 23.665435633783872 22.94625693605543
385.5 23.667305548869052 22.947289210951354
386.0 23.669198760166896 22.94831310164062
386.5 23.67108299459209 22.949337105050848
387.0 23.672968819180387 22.950342767773396
387.5 23.674859990263876 22.951371732384427
388.0 23.67676103731013 22.952382351223104
388.5 23.678652153538007 22.95341249991282
389.0 23.680543615932365 22.954422407815095
389.5 23.68244426937748 22.955437428580936
390.0 23.68434411757925 22.956453733065032
390.5 23.686235761027152 22.95746058099619
391.0 23.688144751018633 22.958476820558793
391.5 23.690041800365485 22.959480182519258
392.0 23.691946682991713 22.960481730488567
392.5 23.69383493499783 22.961493733875322
393.0 23.695758914666925 22.962509968595363
393.5 23.69766864218601 22.9635200862728
394.0 23.69957985904192 22.96451363841086
394.5 23.701483872573167 22.96552044922883
395.0 23.703407423872598 22.96652520858734
395.5 23.705321423114903 22.967515550890738
396.0 23.707244905147764 22.96852923256379
396.5 23.709147063872713 22.96951940033582
397.0 23.711067828168297 22.970519657498162
397.5 23.71299218244262 22.971514951482312
398.0 23.71491922182239 22.972514066339933
398.5 23.71684523343845 22.973506191819215
399.0 23.718786627956323 22.974504274793233
399.5 23.720706886829493 22.975500102844602
400.0 23.72263405198271 22.976478200621667
400.5 23.72455648149913 22.977473317710476
401.0 23.726498484739018 22.978462793455098
401.5 23.728434315808748 22.979452513827656
402.0 23.730374312676545 22.98043280521057
402.5 23.732312454890184 22.98142397776634
403.0 23.734262336127255 22.9824041079261
403.5 23.736204691993827 22.98339228489441
404.0 23.738147623906304 22.984373093323384
404.5 23.74009081335801 22.985364024331957
405.0 23.742039740118052 22.986341833043944
405.5 23.743998122678576 22.987317127793375
406.0 23.745953400674082 22.988293563240166
406.5 23.747896723288026 22.989276191608994
407.0 23.74985969469369 22.990256393872983
407.5 23.751819167866906 22.991230663499085
408.0 23.753785887135518 22.99220319569661
408.5 23.755746639693957 22.993174751473372
409.0 23.757715217331675 22.994152536328784
409.5 23.75969907545715 22.995112187988095
410.0 23.761655665420058 22.996094301320298
410.5 23.763620403119713 22.99706088281312
411.0 23.765603731627607 22.998023944220517
411.5 23.767585066160674 22.998997837742415
412.0 23.769551702768858 22.99995849946629
412.5 23.77154954251184 23.000917913723743
413.0 23.77352836943029 23.001887793736365
413.5 23.775516474580446 23.002853233521474
414.0 23.777493286422512 23.00381423161912
414.5 23.779481136675898 23.004780866634846
415.0 23.781483809022177 23.005740253475224
415.5 23.78348962005287 23.006709461741494
416.0 23.785476431234077 23.00765986302029
416.5 23.787467805373183 23.008616754924354
417.0 23.789476092613 23.00957687156146
417.5 23.79148179371995 23.010528075650715
418.0 23.793491448058624 23.011486535701327
418.5 23.795492847920336 23.01243874411247
419.0 23.797497732196945 23.013399203009143
419.5 23.799514115977107 23.014335926486105
420.0 23.801532925273104 23.015298624729557
420.5 23.803559916175008 23.016246054516586
421.0 23.805558457925233 23.017186988806188
421.5 23.807598614288988 23.018142681424465
422.0 23.809604291774 23.019074067487217
422.5 23.81164938354668 23.020023004596272
423.0 23.81368253735532 23.020962898595727
423.5 23.815697108086194 23.021908722051485
424.0 23.81774160638589 23.02285016579908
424.5 23.819774401888225 23.023786350557366
425.0 23.821800981941166 23.02472175513669
425.5 23.823848294636495 23.025666538653734
426.0 23.825887461355684 23.02659582455377
426.5 23.82792811826921 23.02753578633409
427.0 23.829976879653977 23.028468296699046
427.5 23.832040375063425 23.029397110706352
428.0 23.83408403199285 23.030330425394048
428.5 23.836128918347082 23.031252410904184
429.0 23.83819185964637 23.03218801301609
429.5 23.840229758338385 23.03310449397058
430.0 23.842301994475047 23.034046001774065
430.5 23.844365614694397 23.034966288270468
431.0 23.846414639173567 23.035887396689816
431.5 23.848491150463506 23.036810969238285
432.0 23.850564442017273 23.037737237275564
432.5 23.852627850485774 23.038655361962512
433.0 23.854703077820144 23.039568011424485
433.5 23.856787073977294 23.040493130364048
434.0 23.858868455434482 23.041412234657127
434.5 23.860949363847432 23.042323617374052
435.0 23.86302068738507 23.04323468978822
435.5 23.865103404514404 23.04415311611685
436.0 23.867182016373597 23.045062856723586
436.5 23.869283295099958 23.0459690101642
437.0 23.871380756515496 23.046874231531667
437.5 23.873469694764577 23.047785094019524
438.0 23.87557968636241 23.04870061198681
438.5 23.877661858227327 23.04960111852493
439.0 23.8797772485459 23.050507156449275
439.5 23.881861636420716 23.051408302844315
440.0 23.88397826609236 23.05231120551605
440.5 23.886085067314454 23.05322100357945
441.0 23.888197749942908 23.054117502362416
441.5 23.890302815050873 23.055019362285552
442.0 23.892419371541877 23.05592004414725
442.5 23.894537885286674 23.056815483525632
443.0 23.896653598149804 23.057705658117236
443.5 23.898781579197426 23.058601344246902
444.0 23.900919108941228 23.059492445425562
444.5 23.903039227729206 23.060391624404765
445.0 23.905173206754892 23.061280694813323
445.5 23.907297764730803 23.062172006734865
446.0 23.909442019414385 23.063055571863572
446.5 23.911565557782634 23.0639443158245
447.0 23.9137038314573 23.064832879228092
447.5 23.91585771575715 23.06571523717765
448.0 23.9179990845479 23.066606380888853
448.5 23.920152970130864 23.06747898882417
449.0 23.922284057112115 23.068366738072665
449.5 23.924448267313473 23.06925403047275
450.0 23.926597165087703 23.07013286528763
450.5 23.92876783562922 23.07101809634755
451.0 23.930927006771757 23.071885054715754
451.5 23.933093108314175 23.072760226703686
452.0 23.935271901611035 23.07364138119368
452.5 23.9374467415081 23.074507593529233
453.0 23.939638778230055 23.075383758794356
453.5 23.941814565689445 23.076247727728486
454.0 23.943990430742016 23.077122360025136
454.5 23.94620462093645 23.07798488236267
455.0 23.94839594742638 23.078849906893538
455.5 23.95058052276866 23.07971566689568
456.0 23.95279085773293 23.08057630490389
456.5 23.95499005740287 23.08144526975905
457.0 23.957201051362468 23.08229423400345
457.5 23.959408846150705 23.083158578746513
458.0 23.96163772811907 23.08401769288583
458.5 23.963848385952915 23.084860034115636
459.0 23.966068440505623 23.08572986893816
459.5 23.968286887031546 23.08658278646182
460.0 23.970512101609597 23.087426370751373
460.5 23.972729828744335 23.088283530079682
461.0 23.974965058670694 23.08913349057155
461.5 23.97719135836661 23.089970356515025
462.0 23.97943322082442 23.090824907202073
