FastTrWP/PhaseSpace/IAs/snIa_0.61_30.00_-0.12_-0.13.csv
# %ECSV 0.9
# ---
# datatype:
# - {name: time-rel, datatype: float64}
# - {name: g, datatype: float64}
# - {name: i, datatype: float64}
# schema: astropy-2.0
time-rel g i
[from data line 1031]
628.625 23.34746651591281 22.34063094109793
629.125 23.34823244770765 22.340287541388257
629.625 23.349010457531545 22.33994908287011
630.125 23.3497809336202 22.33961290581643
630.625 23.350556417132363 22.33927823326907
631.125 23.351343007066056 22.338944396864093
631.625 23.352130329559444 22.338617855908073
632.125 23.352918872023437 22.338289226712856
632.625 23.353721381066528 22.33796586784689
633.125 23.354527621829394 22.337643162139166
633.625 23.35532136235399 22.337322453541347
634.125 23.35611755376654 22.33701042256652
634.625 23.356942149481227 22.336689206909206
635.125 23.357760155737054 22.33638003372576
635.625 23.358584004203596 22.33606755433258
636.125 23.35939259934349 22.335764517520293
636.625 23.360223646702536 22.335462308643336
637.125 23.36106087008539 22.335161753071056
637.625 23.361892404351025 22.334857082056523
638.125 23.362734447547258 22.33457607420798
638.625 23.363578374642238 22.334278041297893
639.125 23.364424306728644 22.333983113651037
639.625 23.365279696407484 22.33370291067125
640.125 23.366133632616375 22.333415191805184
640.625 23.366989824194032 22.33313759321596
641.125 23.36786246344596 22.33285067267748
641.625 23.368723948640376 22.33257279551517
642.125 23.369608516214303 22.332295004342907
642.625 23.37048543951977 22.332027155967744
643.125 23.37136256084822 22.33176175277229
643.625 23.372249825250243 22.331491257302677
644.125 23.373140389455823 22.331229517231577
644.625 23.374035266177525 22.33097106166131
645.125 23.374935746848315 22.330712279395804
645.625 23.375840577623688 22.330454978806344
646.125 23.376745293849165 22.33019876010752
646.625 23.377659650650852 22.329948592792913
647.125 23.378567078208178 22.32970199319469
647.625 23.379494849927504 22.329459791216998
648.125 23.38041816911181 22.329215061176836
648.625 23.381348942043694 22.32898046487439
649.125 23.38228833655226 22.3287383823248
649.625 23.383220857987585 22.32850495323904
650.125 23.384163600070906 22.328275857574305
650.625 23.38510656298023 22.328043188079107
651.125 23.38605752603696 22.327824968816756
651.625 23.3870091756403 22.327596175351484
652.125 23.387972322449862 22.32738259035033
652.625 23.388943720207763 22.327160140243187
653.125 23.389908212852447 22.326949279107012
653.625 23.390883980867443 22.326733572558638
654.125 23.391854539521457 22.326525625799807
654.625 23.392838697594804 22.32632329050989
655.125 23.393834219939205 22.326122336887458
655.625 23.39482500733245 22.325919687728106
656.125 23.395810614027756 22.32572264569715
656.625 23.396818241463922 22.325524853127675
657.125 23.397809382522535 22.325337951100444
657.625 23.398829118563057 22.325150782083142
658.125 23.399843674451112 22.324964707281087
658.625 23.400868162851992 22.32478398884886
659.125 23.401891666792046 22.324597192317906
659.625 23.402930064121414 22.324422065188244
660.125 23.403969218928992 22.324251742454177
660.625 23.405007820851573 22.32408044241685
661.125 23.406067952500152 22.323910939904792
661.625 23.407117533510803 22.323746897924977
662.125 23.408177805855765 22.323587940734484
662.625 23.409245399642874 22.32343016731933
663.125 23.410317443868315 22.32327416111289
663.625 23.41140142880787 22.323118212486968
664.125 23.412499279949582 22.322981550991706
664.625 23.413593299003463 22.322823769436635
665.125 23.41466920698402 22.322687067796018
665.625 23.415790761550284 22.322550504221464
666.125 23.416903396532604 22.32240508389956
666.625 23.418001622778363 22.322279651664395
667.125 23.41913745403295 22.32214671955976
667.625 23.420258352535456 22.322020805939232
668.125 23.42138623214522 22.3218950188984
668.625 23.422514344851535 22.321766504311324
669.125 23.423659241039466 22.32165445650012
669.625 23.424817424233257 22.321528367788517
670.125 23.425975709556933 22.321423615110728
670.625 23.427122394631116 22.321299603362977
671.125 23.428273522997355 22.32119327163151
671.625 23.429452975537583 22.321085809605
672.125 23.430623967561427 22.320991350657614
672.625 23.43180517506994 22.32088358794917
673.125 23.432981052562397 22.320789719470113
673.625 23.434177437880983 22.32068717136793
674.125 23.4353662448072 22.320597335623162
674.625 23.436552643717757 22.32050737860137
675.125 23.437759106296944 22.320417262543835
675.625 23.438961022827044 22.32032391500126
676.125 23.440174422790534 22.320243102991128
676.625 23.441394931612628 22.320166106325175
677.125 23.44260236223174 22.32008257207672
677.625 23.443819999004297 22.32000574610174
678.125 23.445039694880666 22.319930970341005
678.625 23.446275520773384 22.319859681485656
679.125 23.44751211857686 22.319785356179054
679.625 23.44874913295972 22.319717590316948
680.125 23.449995763287582 22.319656530041986
680.625 23.451228072904 22.319592512657774
681.125 23.45249188140507 22.319529423595807
681.625 23.4537358117107 22.319471210195942
682.125 23.454997188837616 22.319414475132575
682.625 23.456251045747393 22.31935703277785
683.125 23.457516818921903 22.319307444575106
683.625 23.458777000586693 22.31925517651891
684.125 23.46004603358984 22.31920652380987
684.625 23.461325335954268 22.319157569433973
685.125 23.462602291745952 22.31911266118128
685.625 23.46388931793511 22.319070221388802
686.125 23.465171165932173 22.319030588367546
686.625 23.46645226433656 22.318998340579228
687.125 23.467745416961975 22.318952977097055
687.625 23.469032863085026 22.318915792584097
688.125 23.47032691197615 22.318876609655554
688.625 23.471639765039065 22.318853782436175
689.125 23.472930170531047 22.31882162039742
689.625 23.474240743815503 22.318801353033674
690.125 23.475545158139735 22.318770061023244
690.625 23.47685329048014 22.318736905684364
691.125 23.47815703412333 22.318720302354734
691.625 23.479473418713464 22.318696494796058
692.125 23.48078635955316 22.318673288628247
692.625 23.48211293556435 22.318656514504084
693.125 23.48342994633832 22.318642069380722
693.625 23.484742676654704 22.318630471902647
694.125 23.486066027963805 22.31860813616462
694.625 23.48739567269313 22.318599186907228
695.125 23.488729302755104 22.3185829436083
695.625 23.490051093101805 22.31858008897207
696.125 23.491376612183238 22.318572003920778
