FastTrWP/PhaseSpace/IAs/snIa_0.59_30.00_-0.48_-0.07.csv
# %ECSV 0.9
# ---
# datatype:
# - {name: time-rel, datatype: float64}
# - {name: g, datatype: float64}
# - {name: i, datatype: float64}
# schema: astropy-2.0
time-rel g i
[from data line 2302]
1300.0833333333333 25.976303004408425 23.167886177997985
1300.5833333333333 25.97607359284094 23.169160926987182
1301.0833333333333 25.97585441396271 23.170410793179165
1301.5833333333333 25.97560107396633 23.171692587739674
1302.0833333333333 25.975286341116295 23.172952925237574
1302.5833333333333 25.974955823669085 23.17424130814125
1303.0833333333333 25.974664231292024 23.175503550026598
1303.5833333333333 25.9742969641478 23.176777577857365
1304.0833333333333 25.97390920380919 23.178050884054283
1304.5833333333333 25.97349802799802 23.179317871571747
1305.0833333333333 25.9730739220568 23.18059562048046
1305.5833333333333 25.972613679895005 23.18187079571971
1306.0833333333333 25.972128631776897 23.18313130456248
1306.5833333333333 25.971638228717715 23.184420257577667
1307.0833333333333 25.97113351839006 23.185696787635507
1307.5833333333333 25.970609427774136 23.18697111149944
1308.0833333333333 25.97000225505882 23.188246916911886
1308.5833333333333 25.96935420915849 23.189519565447398
1309.0833333333333 25.968707424202215 23.19080137465004
1309.5833333333333 25.967948010881877 23.192086723562703
1310.0833333333333 25.967232609634724 23.193365141967156
1310.5833333333333 25.96640469657536 23.194644922664466
1311.0833333333333 25.96556226302388 23.195932986991977
1311.5833333333333 25.964672886044294 23.197210746115534
1312.0833333333333 25.963778687747492 23.19849545196089
1312.5833333333333 25.9628546368601 23.199780654684403
1313.0833333333333 25.961858605063686 23.201066456614864
1313.5833333333333 25.960852632913504 23.202354538713692
1314.0833333333333 25.959801906002504 23.20364118773329
1314.5833333333333 25.95871223987872 23.20492662855162
1315.0833333333333 25.957617868956042 23.20620459686154
1315.5833333333333 25.95647830682486 23.20750920975899
1316.0833333333333 25.955290348016305 23.208793844214377
1316.5833333333333 25.954086082311818 23.210075543813463
1317.0833333333333 25.952863197589483 23.211373539022194
1317.5833333333333 25.951643328105188 23.212667102033294
1318.0833333333333 25.95038190244294 23.213971437523007
1318.5833333333333 25.949092001661448 23.215249768470937
1319.0833333333333 25.94775737517149 23.216557709102553
1319.5833333333333 25.946414492963896 23.217832833983184
1320.0833333333333 25.94505998696309 23.21913656778904
1320.5833333333333 25.9437063392275 23.220435623619615
1321.0833333333333 25.942329391436587 23.2217233151244
1321.5833333333333 25.94086810333733 23.223030088713067
1322.0833333333333 25.939436291007866 23.224324188039635
1322.5833333333333 25.93802855743444 23.225625349956395
1323.0833333333333 25.936527762983772 23.22691241711841
1323.5833333333333 25.93508334992704 23.228224691226703
1324.0833333333333 25.933608109392445 23.22951531184878
1324.5833333333333 25.932079760962147 23.230816479278467
1325.0833333333333 25.930592634399552 23.23212517973402
1325.5833333333333 25.929092240913914 23.23342179374906
1326.0833333333333 25.927544658933066 23.23472583861526
1326.5833333333333 25.92599283908641 23.23603725058149
1327.0833333333333 25.924476801660358 23.2373293029534
1327.5833333333333 25.92298653291707 23.238642163282446
1328.0833333333333 25.921384504322123 23.239949065861296
1328.5833333333333 25.919836159616544 23.24124376192886
1329.0833333333333 25.918269650801268 23.242548509709774
1329.5833333333333 25.916703307953522 23.243855654537867
1330.0833333333333 25.915146434839432 23.245171647398767
1330.5833333333333 25.91359348253878 23.246472537534494
1331.0833333333333 25.91201226102669 23.247781684747324
1331.5833333333333 25.910460092675585 23.24908964413339
1332.0833333333333 25.908905051736788 23.25039448335993
1332.5833333333333 25.90732653592035 23.25170563324963
1333.0833333333333 25.905801151344264 23.253010448605572
1333.5833333333333 25.904269328002897 23.25432684175776
1334.0833333333333 25.902724710934358 23.255632082531807
1334.5833333333333 25.90120078194297 23.25694223003626
1335.0833333333333 25.89963906610556 23.258248789631143
1335.5833333333333 25.89812385709349 23.2595603826956
1336.0833333333333 25.896616848101065 23.26087940368009
1336.5833333333333 25.895087567490297 23.262196185689458
1337.0833333333333 25.89360056039896 23.263495753631354
1337.5833333333333 25.892138573098784 23.26482039389189
1338.0833333333333 25.890665164295854 23.26613015368878
1338.5833333333333 25.88921234075603 23.267441138550037
1339.0833333333333 25.887780219074475 23.26874646685713
1339.5833333333333 25.886354452639093 23.270067244661593
1340.0833333333333 25.884938512391884 23.271388370843496
1340.5833333333333 25.883562617162575 23.27269763314693
1341.0833333333333 25.88218327381034 23.2740100049317
1341.5833333333333 25.88082188754977 23.275326466771936
1342.0833333333333 25.879483406374185 23.276635922665307
1342.5833333333333 25.878183518566743 23.277953456859287
1343.0833333333333 25.8768686753988 23.279264749081293
1343.5833333333333 25.87559315949254 23.28058170301008
1344.0833333333333 25.874356047546282 23.281891987516147
1344.5833333333333 25.87307051583459 23.283215901798357
1345.0833333333333 25.871867226869036 23.284525670962104
1345.5833333333333 25.87070537657613 23.285843030303468
1346.0833333333333 25.869517147167045 23.287153271411192
1346.5833333333333 25.868284335080038 23.288471463603422
1347.0833333333333 25.867091839042345 23.28980255058265
1347.5833333333333 25.865873737975736 23.2911236063024
1348.0833333333333 25.86462474458996 23.292434150886105
1348.5833333333333 25.863357898264 23.293758765683826
1349.0833333333333 25.862163058877616 23.295080080183027
1349.5833333333333 25.860893409932043 23.29639149000441
1350.0833333333333 25.859634359363138 23.29771867561363
1350.5833333333333 25.858358695661025 23.299041831177966
1351.0833333333333 25.857090335943308 23.30036319590333
1351.5833333333333 25.85578626451288 23.301690648520225
1352.0833333333333 25.854532241536443 23.30301244623342
1352.5833333333333 25.853241044782905 23.304332337601117
1353.0833333333333 25.851896965535527 23.305676831466897
1353.5833333333333 25.85064051599837 23.30698452994089
1354.0833333333333 25.849354211628956 23.30832041341933
1354.5833333333333 25.848005387946035 23.309636095706313
1355.0833333333333 25.84673829823037 23.310973594858822
1355.5833333333333 25.845436575110213 23.3122972556194
1356.0833333333333 25.844147120298707 23.313623359299033
1356.5833333333333 25.84283698759995 23.314962304199245
1357.0833333333333 25.841546157382 23.316289641475695
1357.5833333333333 25.84026721356567 23.31760746784134
1358.0833333333333 25.838961045876268 23.318943880592293
1358.5833333333333 25.83769263833654 23.32027920457524
1359.0833333333333 25.83637895210539 23.32159319031613
1359.5833333333333 25.83512334405546 23.322928388623595
1360.0833333333333 25.833852628260132 23.324269043949112
1360.5833333333333 25.832584421097597 23.325586540961
1361.0833333333333 25.831267927286966 23.326928196336066
1361.5833333333333 25.830031901182394 23.328261508848293
1362.0833333333333 25.8287745243942 23.32959663054831
1362.5833333333333 25.82756293784367 23.330917355089706
1363.0833333333333 25.82632852499183 23.33225733085498
1363.5833333333333 25.82507042653333 23.333581277295092
1364.0833333333333 25.82387389862875 23.33490656543981
1364.5833333333333 25.822664450760215 23.336253753973423
1365.0833333333333 25.821437393315854 23.337588164202963
1365.5833333333333 25.820303183787704 23.338919339338233
1366.0833333333333 25.819105041736176 23.34025451984882
1366.5833333333333 25.817964024066413 23.341588648645253
1367.0833333333333 25.816782210270123 23.342928540155388
1367.5833333333333 25.815662362097736 23.34425206584052
1368.0833333333333 25.814539107434904 23.345597618866467
1368.5833333333333 25.81344096139814 23.346932370826554
1369.0833333333333 25.812342247135717 23.34826443434677
1369.5833333333333 25.811245313147868 23.34959459290524
1370.0833333333333 25.810217574616807 23.350930384344956
1370.5833333333333 25.80914211888469 23.352267849997443
1371.0833333333333 25.808134820818086 23.35360263539975
1371.5833333333333 25.80711317408701 23.35493699362891
1372.0833333333333 25.806103778769778 23.356272827159206
1372.5833333333333 25.8051199241288 23.357619426119136
1373.0833333333333 25.804176990110467 23.358947935608146
1373.5833333333333 25.803227292869515 23.360286648253783
1374.0833333333333 25.802304346915875 23.36161793898008
1374.5833333333333 25.801401706261107 23.36295847556174
1375.0833333333333 25.800538766913277 23.364289975730873
1375.5833333333333 25.799680116791922 23.365631519375306
1376.0833333333333 25.79885571479148 23.36696345750913
1376.5833333333333 25.79803771233356 23.368302883787223
1377.0833333333333 25.797233189261345 23.36963009303732
1377.5833333333333 25.79648572603384 23.370976461125448
1378.0833333333333 25.79572233291544 23.3723122581901
1378.5833333333333 25.795022789480008 23.373642210138897
1379.0833333333333 25.794312352271717 23.374983994109336
1379.5833333333333 25.793638852047728 23.376310630295333
1380.0833333333333 25.793025236502437 23.377642682439745
1380.5833333333333 25.792393874445022 23.378974648399826
1381.0833333333333 25.79181156922479 23.380310397074147
1381.5833333333333 25.79125180635724 23.38164715456343
1382.0833333333333 25.790716298082778 23.382987524958136
1382.5833333333333 25.790210261732316 23.384311872834473
1383.0833333333333 25.78977175740798 23.385635923703042
1383.5833333333333 25.789284486799986 23.386982976689218
1384.0833333333333 25.78890282825887 23.388322130230975
1384.5833333333333 25.788433506820574 23.38964536294311
1385.0833333333333 25.788091068055856 23.39097813538103
1385.5833333333333 25.78765906447496 23.392314743334527
1386.0833333333333 25.787313329578026 23.39365162351278
1386.5833333333333 25.786995265861698 23.394988082631567
1387.0833333333333 25.786637433133524 23.39632039370183
1387.5833333333333 25.786320871867506 23.397651891908037
1388.0833333333333 25.78606537421888 23.39899135578037
1388.5833333333333 25.785748775444063 23.400323770547388
1389.0833333333333 25.785453395311446 23.40165760829219
1389.5833333333333 25.785218578627042 23.403002387760083
1390.0833333333333 25.784979749909375 23.40432802129601
1390.5833333333333 25.78471932522158 23.405678489681023
1391.0833333333333 25.78455212300951 23.407002112126662
1391.5833333333333 25.78438516396232 23.40834073460874
1392.0833333333333 25.78420626874773 23.40966724581468
1392.5833333333333 25.78403352193718 23.41100919620523
1393.0833333333333 25.78392273819038 23.412343734491525
1393.5833333333333 25.78377619856374 23.41368032854303
1394.0833333333333 25.783642691487177 23.415027665461054
1394.5833333333333 25.78354809143727 23.41635177040352
1395.0833333333333 25.783459618045327 23.417681632610893
1395.5833333333333 25.783362093415615 23.419031030301998
1396.0833333333333 25.783337430406974 23.420356221808056
1396.5833333333333 25.78333076064968 23.421693441713476
1397.0833333333333 25.783290636015863 23.42303717979099
1397.5833333333333 25.783250887873788 23.42436376535588
1398.0833333333333 25.78331014827013 23.425705912305624
1398.5833333333333 25.783289239392396 23.427045022683984
1399.0833333333333 25.783322710033495 23.42837661651131
1399.5833333333333 25.783394861269073 23.429705065109864
1400.0833333333333 25.783500395287085 23.431045885595804
1400.5833333333333 25.783582173195043 23.432391195267684
1401.0833333333333 25.78365205660361 23.433713264231034
1401.5833333333333 25.783797621561455 23.435050960561888
1402.0833333333333 25.78393971164564 23.43638250628055
1402.5833333333333 25.78408750636899 23.437725036987857
1403.0833333333333 25.784302285596006 23.439056644246335
1403.5833333333333 25.78444957416087 23.440405430634343
1404.0833333333333 25.784656799072202 23.441716975584136
1404.5833333333333 25.784878910790546 23.443053065015626
1405.0833333333333 25.78513018441743 23.444394526890342
1405.5833333333333 25.785384177946295 23.44571979518456
1406.0833333333333 25.78563080409826 23.447067380212687
1406.5833333333333 25.7859341913872 23.448389681946598
1407.0833333333333 25.786192878475923 23.449716424805555
1407.5833333333333 25.786519264388392 23.451052895828436
1408.0833333333333 25.78686344409555 23.45239671067164
1408.5833333333333 25.78719781875082 23.453717970203137
1409.0833333333333 25.787586793959907 23.455052233771934
1409.5833333333333 25.78794785040052 23.456388335319218
1410.0833333333333 25.78835367588376 23.457705724063782
1410.5833333333333 25.78875233719596 23.45904830425001
1411.0833333333333 25.789200198284263 23.460374334469414
1411.5833333333333 25.789645093483287 23.461715157318096
1412.0833333333333 25.790086192373508 23.463027025496523
1412.5833333333333 25.790566999186957 23.464366389406273
1413.0833333333333 25.79105359602396 23.465691636121377
1413.5833333333333 25.79159556584308 23.467006241982276
1414.0833333333333 25.792103163277048 23.468340940575377
1414.5833333333333 25.79264183524135 23.469663395848194
1415.0833333333333 25.793249895478354 23.47098705936425
1415.5833333333333 25.793803514341963 23.47231998851015
1416.0833333333333 25.794402587105264 23.473629458886208
