FastTrWP/PhaseSpace/IAs/snIa_0.6_30_1_-0.1.csv
# %ECSV 0.9
# ---
# datatype:
# - {name: time-rel, datatype: float64}
# - {name: g, datatype: float64}
# - {name: i, datatype: float64}
# schema: astropy-2.0
time-rel g i
[from data line 1969]
960.6249999999999 -25.66870640218516 -27.52390303004089
961.125 -25.666757142769868 -27.523348217790996
961.625 -25.664806797684257 -27.52279319445741
962.1249999999999 -25.6628539148897 -27.52224012247003
962.625 -25.660907222016135 -27.52168583266743
963.125 -25.658956678318727 -27.52112550056924
963.6249999999999 -25.6570007889242 -27.520564464676376
964.125 -25.65504542196297 -27.520004298481
964.625 -25.65307778265785 -27.519441675484583
965.1249999999999 -25.65109673941614 -27.518883274583466
965.625 -25.649126097479396 -27.51832076344624
966.125 -25.64714462439394 -27.5177547954747
966.6249999999999 -25.645169270825598 -27.517188253889465
967.125 -25.64316609394375 -27.516625122414492
967.625 -25.641188936473856 -27.51605301944224
968.1249999999999 -25.63918950101224 -27.51547889105943
968.625 -25.63718594621912 -27.51491887829299
969.125 -25.635179094492386 -27.514346610779604
969.6249999999999 -25.63316844216617 -27.513780468345317
970.125 -25.63116303252473 -27.513196487180398
970.625 -25.62912985790843 -27.512629412671423
971.1249999999999 -25.62709683752403 -27.512052236972615
971.625 -25.62507322273419 -27.511475033038472
972.125 -25.62303823017594 -27.51089845961794
972.6249999999999 -25.620997589605217 -27.51031429537985
973.125 -25.61896595766664 -27.509737379786962
973.625 -25.61692449971 -27.509154853739854
974.1249999999999 -25.61484245123786 -27.50857587357585
974.625 -25.612794097014323 -27.50799108497199
975.125 -25.61075923095578 -27.507407928660378
975.6249999999999 -25.60867371760874 -27.50681954725167
976.125 -25.606602661515446 -27.50622600858616
976.625 -25.604542760539797 -27.505641635131305
977.1249999999999 -25.60248268126102 -27.505054889433843
977.625 -25.60040069623378 -27.504467879090328
978.125 -25.598304494185705 -27.50387735662628
978.6249999999999 -25.59625883676428 -27.50328583165536
979.125 -25.59417576830868 -27.502696259950554
979.625 -25.592070936426317 -27.502095685097853
980.1249999999999 -25.589992197035247 -27.50150366504041
980.625 -25.58790068013783 -27.500914960875154
981.125 -25.585795525945375 -27.500314461004393
981.6249999999999 -25.583711301175533 -27.499716249049662
982.125 -25.58159576537846 -27.499127646110928
982.625 -25.579500078011 -27.498525522670864
983.1249999999999 -25.577397151521186 -27.497918886080544
983.625 -25.57529390687309 -27.49732433341
984.125 -25.57319996751349 -27.496722163328716
984.6249999999999 -25.57109537895533 -27.496113745838965
985.125 -25.568987099817775 -27.495518693971395
985.625 -25.566874752644996 -27.49491055660904
986.1249999999999 -25.564759579942653 -27.49430133948372
986.625 -25.562645259758938 -27.49370479479508
987.125 -25.560546726185287 -27.493093000602883
987.6249999999999 -25.55840911245587 -27.492483854982783
988.125 -25.55631325770638 -27.49188131699933
988.625 -25.554165824630438 -27.491276053695806
989.1249999999999 -25.552059625419673 -27.49066603507908
989.625 -25.54995562633527 -27.490056833202775
990.125 -25.547856732720096 -27.489437575058368
990.6249999999999 -25.545735297504436 -27.488829563301806
991.125 -25.543591973609225 -27.488212017000176
991.625 -25.54147369569567 -27.487599567900283
992.1249999999999 -25.539358645583427 -27.48698612796908
992.625 -25.537245472180082 -27.48637667039526
993.125 -25.535132039347435 -27.485758781497687
993.6249999999999 -25.533021880010228 -27.485145488637293
994.125 -25.530912714435008 -27.484525595559028
994.625 -25.528793963392403 -27.483908371329235
995.1249999999999 -25.526675494272872 -27.48328300089937
995.625 -25.524585016726384 -27.48267550888825
996.125 -25.52245246336942 -27.482051434765815
996.6249999999999 -25.520339794133335 -27.481437961070423
997.125 -25.518255310332933 -27.48081128461167
997.625 -25.516137064138007 -27.480187777075457
998.1249999999999 -25.514040506591115 -27.479569292538756
998.625 -25.511922363557936 -27.47894630840677
999.125 -25.50983563674507 -27.47832855542142
999.6249999999999 -25.507737026227847 -27.477700330010634
1000.125 -25.505639094015734 -27.477079376205182
1000.625 -25.503539020688038 -27.476448892586536
1001.125 -25.501460364934765 -27.47583039321463
1001.625 -25.499373000310438 -27.475199085350575
1002.125 -25.497294037547626 -27.474567691950227
1002.625 -25.495202753685554 -27.473944006776744
1003.125 -25.493129407299875 -27.473319852473992
1003.625 -25.49106729458931 -27.47269640075362
1004.125 -25.488979227702615 -27.47206544411961
1004.625 -25.4868927383245 -27.471438273127365
1005.125 -25.484826347007964 -27.47081008718887
1005.625 -25.482744466698453 -27.47016820045331
1006.125 -25.4806670142923 -27.469539332592117
1006.625 -25.478588729114424 -27.468908132461237
1007.125 -25.47651707948205 -27.468278693172895
1007.625 -25.474416527557242 -27.467640720390847
1008.125 -25.47232647180241 -27.46700066289108
1008.625 -25.470268147958663 -27.46637204689859
1009.125 -25.468179703061903 -27.46573079856998
1009.625 -25.466085542753536 -27.46509493552939
1010.125 -25.463996611583433 -27.464458826012933
1010.625 -25.461902565284568 -27.46381960480373
1011.125 -25.45984191843392 -27.463174211379613
1011.625 -25.457734903400862 -27.46252981435734
1012.125 -25.455653404347764 -27.461895369541082
1012.625 -25.45356616555031 -27.461250029611346
1013.125 -25.45147937344352 -27.460603604629025
1013.625 -25.449394508106575 -27.459953321974755
1014.125 -25.447287102146994 -27.459314634562745
1014.625 -25.445204932015805 -27.458674249266537
1015.125 -25.44310627137508 -27.458020562999415
1015.625 -25.441024914486384 -27.457374689773598
1016.125 -25.43895176278713 -27.45672876994176
1016.625 -25.436855945814578 -27.45607185204822
1017.125 -25.43475865991939 -27.45542042319441
1017.625 -25.432673792696264 -27.45477515093713
1018.125 -25.430595070441807 -27.454121578702072
1018.625 -25.42851462325727 -27.453473635121803
1019.125 -25.426443700654605 -27.452814892260932
1019.625 -25.42435501820977 -27.452168362106782
1020.125 -25.422258548225102 -27.45150815005552
1020.625 -25.42019453984706 -27.45085064245429
1021.125 -25.418112634522036 -27.450196343312875
1021.625 -25.41603582870335 -27.449531756392545
1022.125 -25.413975102513106 -27.448880925619548
1022.625 -25.4118912106958 -27.44821627043241
1023.125 -25.40981593823238 -27.447565332405574
1023.625 -25.407746101040793 -27.446909179837924
1024.125 -25.405686987092388 -27.446242897868775
1024.625 -25.403592957211202 -27.445578384778315
1025.125 -25.401534715678586 -27.44491432416384
1025.625 -25.399468229336296 -27.444255206443167
1026.125 -25.397448495349792 -27.443582928094553
1026.625 -25.39535750876596 -27.442926412073025
1027.125 -25.393301319003587 -27.442258499408773
1027.625 -25.391264635782413 -27.44159715549335
1028.125 -25.389203690021237 -27.440933451141433
1028.625 -25.387164343464164 -27.44025969248765
1029.125 -25.385119265675435 -27.43959274733115
1029.625 -25.383082102855496 -27.438923820902193
1030.125 -25.3810297633528 -27.438258738914474
1030.625 -25.378996461310116 -27.43758877475728
1031.125 -25.376971071917875 -27.43691949057355
1031.625 -25.374940692466165 -27.436246378102133
1032.125 -25.372924753178 -27.435573746465405
1032.625 -25.370898451720556 -27.434910651145472
1033.125 -25.368870270125075 -27.43423377034373
1033.625 -25.36687448603654 -27.433557398641323
1034.125 -25.364852788553712 -27.432879260057028
1034.625 -25.362856403333648 -27.43220966420131
1035.125 -25.36084779474864 -27.431527297632286
1035.625 -25.3588489125864 -27.430855138145542
1036.125 -25.356869812284323 -27.430175296644776
1036.625 -25.354880341765163 -27.42950450146465
1037.125 -25.35288844209985 -27.428825604139185
1037.625 -25.350904810354287 -27.428145632677982
1038.125 -25.3489445344052 -27.427472032623758
1038.625 -25.346982081585058 -27.426782069399763
1039.125 -25.34499805527706 -27.426104414669773
1039.625 -25.343051852654 -27.425423668930165
1040.125 -25.34111125991748 -27.424750127697433
1040.625 -25.339151600505495 -27.424060733848535
1041.125 -25.337228077906918 -27.42338283622411
1041.625 -25.335271344739333 -27.42269947428897
1042.125 -25.333328267779528 -27.422020817702837
1042.625 -25.33139894722966 -27.42133626361366
1043.125 -25.32949199381216 -27.42064702945848
1043.625 -25.32757060896475 -27.419954321105394
1044.125 -25.32565278064205 -27.41927503944977
1044.625 -25.323739310725585 -27.418587204553265
1045.125 -25.32182215467609 -27.41789737656721
1045.625 -25.319931020001462 -27.417212578657207
1046.125 -25.31804287040388 -27.416532560821523
1046.625 -25.316152063390316 -27.415837723253922
1047.125 -25.314258735768938 -27.415146532305172
1047.625 -25.312359246160025 -27.414463474270235
1048.125 -25.310500486082827 -27.413760191470153
1048.625 -25.30860907281212 -27.413069610277326
1049.125 -25.306746124438945 -27.412385300404875
1049.625 -25.30487848148249 -27.411688517801128
1050.125 -25.302996535087196 -27.41098229759041
1050.625 -25.301142921611053 -27.410297201409996
1051.125 -25.29929061076816 -27.409609754675877
1051.625 -25.297449617985674 -27.408906053162248
1052.125 -25.29558339720497 -27.408211257160918
1052.625 -25.293757186715577 -27.40751329759285
1053.125 -25.291899556778688 -27.406813933488237
1053.625 -25.290067836970984 -27.40611455728843
1054.125 -25.288256816948937 -27.405411333867026
1054.625 -25.286430189743957 -27.404721832483126
1055.125 -25.284597766166023 -27.404014844953227
1055.625 -25.282777603516994 -27.403309329467724
1056.125 -25.28098299214996 -27.402608832029685
1056.625 -25.279176162878436 -27.40190052949764
1057.125 -25.277362555998803 -27.40120535017274
1057.625 -25.27556350498188 -27.400496593349416
1058.125 -25.273774326525885 -27.39979727956019
1058.625 -25.271983878841212 -27.399090232274826
1059.125 -25.270192688902192 -27.398378803075847
1059.625 -25.268430989353444 -27.397669608330574
1060.125 -25.266635281122195 -27.396961625779234
1060.625 -25.264874752008957 -27.396259130435933
1061.125 -25.26309756227819 -27.395542145436387
1061.625 -25.26133665274468 -27.394830639092053
1062.125 -25.259581609406304 -27.39412909079001
1062.625 -25.257821815902037 -27.393408742349557
1063.125 -25.256079205697084 -27.39270394434709
1063.625 -25.254340427708772 -27.39198192605783
1064.125 -25.252601377498042 -27.391269666752084
1064.625 -25.250849689605694 -27.39055001223308
1065.125 -25.249131909916187 -27.389835339864984
1065.625 -25.247421554171368 -27.389119001058994
1066.125 -25.245692365607173 -27.38840591344642
1066.625 -25.243978583571955 -27.387683162481405
1067.125 -25.242258000226414 -27.386962970133442
1067.625 -25.240575815739522 -27.38624524111063
1068.125 -25.238830721944716 -27.385520499966553
1068.625 -25.237151526498145 -27.384805313564723
1069.125 -25.23545585173641 -27.384083910471787
1069.625 -25.23378162180936 -27.383355318760955
1070.125 -25.232080545931225 -27.382634615683287
1070.625 -25.230384697723196 -27.381908734505096
1071.125 -25.228734257735148 -27.38118159008905
1071.625 -25.227067542306038 -27.380455055032108
1072.125 -25.22538587081899 -27.37972816678858
1072.625 -25.223741344104248 -27.37900050398023
1073.125 -25.22207522226447 -27.378266399330464
1073.625 -25.220412631048035 -27.37753508408648
1074.125 -25.21877405098232 -27.376806376231713
1074.625 -25.217151841847873 -27.376077532761887
1075.125 -25.215502855843486 -27.375337944771392
1075.625 -25.213889667672316 -27.374607411291045
1076.125 -25.21225714035435 -27.373878302157678
1076.625 -25.210620554152715 -27.373133361954554
1077.125 -25.209006997662698 -27.37239998988062
1077.625 -25.207415139883985 -27.371663437271728
1078.125 -25.20579693414613 -27.370923663242262
1078.625 -25.20420332283185 -27.370183681398554
1079.125 -25.20259307274174 -27.36945214389653
1079.625 -25.20101236115876 -27.368703414788868
1080.125 -25.199413698426277 -27.36796908522272
1080.625 -25.197833521684668 -27.367221234621923
1081.125 -25.196261193018415 -27.366472644116055
1081.625 -25.194692952349463 -27.365735087384742
1082.125 -25.193122867768814 -27.36498601882606
1082.625 -25.19157647902712 -27.364240255060697
1083.125 -25.190008323415803 -27.363490940278968
1083.625 -25.188456928821736 -27.362749242156394
1084.125 -25.186928713392618 -27.361992074157165
1084.625 -25.185388421452185 -27.361240309114073
1085.125 -25.183840503142044 -27.360498203775695
1085.625 -25.1823092373235 -27.35974374179652
1086.125 -25.180809504530906 -27.35899114894069
1086.625 -25.179278180206804 -27.35824653381787
1087.125 -25.17776419720599 -27.357488170622737
1087.625 -25.176267130378246 -27.356734826300553
1088.125 -25.174774903693603 -27.355979184150453
1088.625 -25.173279233806692 -27.355226488167958
1089.125 -25.171794373174844 -27.354469472544455
1089.625 -25.17030967123941 -27.353713889280343
1090.125 -25.168853965014783 -27.352948289890296
1090.625 -25.167378136660524 -27.352196279856535
1091.125 -25.165926833844765 -27.35142457369018
1091.625 -25.164468098627385 -27.350665696144247
1092.125 -25.163025776056863 -27.34990584016923
1092.625 -25.161563747817077 -27.34914815768402
1093.125 -25.16012527760526 -27.348384778876188
1093.625 -25.158699603883594 -27.34761617555025
1094.125 -25.15727002765142 -27.34685741994796
1094.625 -25.15585222823639 -27.346085692858924
1095.125 -25.154432456498835 -27.34532016894864
1095.625 -25.153045442609404 -27.344552277431895
1096.125 -25.151638756051497 -27.34378697850669
1096.625 -25.150236850231096 -27.34300641363071
1097.125 -25.148843062891007 -27.342236427790336
1097.625 -25.147444580050248 -27.341468164738178
1098.125 -25.146075427347743 -27.340693925652925
1098.625 -25.144700202566334 -27.33992058377718
1099.125 -25.143355611044562 -27.33914737773574
1099.625 -25.1419798650444 -27.338372137417725
1100.125 -25.14063855789679 -27.337601609850775
1100.625 -25.13927440049453 -27.33681088506185
1101.125 -25.13797027358843 -27.33603504863734
1101.625 -25.13661192885021 -27.3352578651269
1102.125 -25.135286728139363 -27.334476039898178
1102.625 -25.133951233531224 -27.33369904407084
1103.125 -25.13266519104805 -27.332907615956266
1103.625 -25.131370240732345 -27.332125772335075
1104.125 -25.130047182908072 -27.331341499175075
1104.625 -25.128741982054375 -27.330561537142735
1105.125 -25.12747824601818 -27.32976539103022
1105.625 -25.12617603556659 -27.328985728452313
1106.125 -25.124905408631086 -27.32819589198816
1106.625 -25.123627982598023 -27.327407029347643
1107.125 -25.1223981822126 -27.32661410686777
1107.625 -25.121115703472906 -27.32582140465153
1108.125 -25.11987368587784 -27.325033013248795
1108.625 -25.118641734045347 -27.324241498775763
1109.125 -25.117403785077638 -27.323442198011485
1109.625 -25.116166323002563 -27.32264640267396
1110.125 -25.11495804175069 -27.321845646911346
1110.625 -25.11374705970625 -27.32105300142084
1111.125 -25.112508534241556 -27.320254264863028
1111.625 -25.111323259586893 -27.319453036771648
1112.125 -25.110134410639304 -27.318652043683063
1112.625 -25.1089438215509 -27.31784492094805
1113.125 -25.107758195752517 -27.31703885096115
1113.625 -25.106579070694302 -27.31623738355468
1114.125 -25.10539123023198 -27.315438843334626
1114.625 -25.104237737199302 -27.314631625821775
1115.125 -25.103117059145728 -27.31381537376345
1115.625 -25.10195264474604 -27.31300639652178
1116.125 -25.100811121504517 -27.312193541920863
1116.625 -25.099657041929497 -27.311399821088212
1117.125 -25.098547122199044 -27.310573690907937
1117.625 -25.097411255195595 -27.30976438308568
1118.125 -25.096317001607424 -27.308935831202398
1118.625 -25.09522048812989 -27.30813388598627
1119.125 -25.09411632999527 -27.307315000052057
1119.625 -25.093027879672842 -27.30649657707211
1120.125 -25.091946192457897 -27.305672079606268
1120.625 -25.0908541086547 -27.304852398813992
1121.125 -25.089796226242758 -27.30403282250178
1121.625 -25.088751717683806 -27.30320836907032
1122.125 -25.087716311840232 -27.302387029223574
1122.625 -25.086682162724404 -27.301556871452178
1123.125 -25.085634608597086 -27.300734370286964
1123.625 -25.08460888083734 -27.299907412157147
