FastTrWP/PhaseSpace/IAs/snIa_0.63_30.00_-0.86_0.23.csv
# %ECSV 0.9
# ---
# datatype:
# - {name: time-rel, datatype: float64}
# - {name: g, datatype: float64}
# - {name: i, datatype: float64}
# schema: astropy-2.0
time-rel g i
[from data line 1157]
793.7083333333334 25.23344478261988 22.18534236148381
794.2083333333333 25.235461913558254 22.185738116548244
794.7083333333334 25.237486531861038 22.18611885038503
795.2083333333334 25.23950630316571 22.186512895032557
795.7083333333333 25.241579197076184 22.186908403081166
796.2083333333334 25.24358990893831 22.187306659407973
796.7083333333334 25.245607812820463 22.187701122127592
797.2083333333333 25.247674534387038 22.188097631892596
797.7083333333334 25.249727717785863 22.18849317775163
798.2083333333334 25.25177223151976 22.188889769684977
798.7083333333333 25.253826357187133 22.189294589240415
799.2083333333334 25.25585144402796 22.189697557960546
799.7083333333334 25.257942827771245 22.190106286038684
800.2083333333333 25.259977324752896 22.190510660137242
800.7083333333334 25.26203428115428 22.19091225976023
801.2083333333334 25.264096390750584 22.191325117835852
801.7083333333333 25.266153455209786 22.191734723378463
802.2083333333334 25.26822516336615 22.192146427971807
802.7083333333334 25.27028973074463 22.192560998885593
803.2083333333333 25.272365937868145 22.192971055048293
803.7083333333334 25.274442316681466 22.193396294108872
804.2083333333334 25.276538542119336 22.193803773671164
804.7083333333333 25.278589501694455 22.19422374041995
805.2083333333334 25.28066523557854 22.194645585958156
805.7083333333334 25.282752268100225 22.19506631967591
806.2083333333333 25.284852129113226 22.1954903510356
806.7083333333334 25.286942509628094 22.195916190863265
807.2083333333334 25.289029475347924 22.19633577280776
807.7083333333333 25.291141101167245 22.196762520083503
808.2083333333334 25.293232683262566 22.197188087016066
808.7083333333334 25.295327998495765 22.197619197166553
809.2083333333333 25.29743465190631 22.198047197726552
809.7083333333334 25.299528115408272 22.198477480305044
810.2083333333334 25.301661647124902 22.19891550172598
810.7083333333333 25.303745531419768 22.199344173854087
811.2083333333334 25.305867236038637 22.199777198078323
811.7083333333334 25.307970717603723 22.20021547830764
812.2083333333333 25.310105933192805 22.20065686227038
812.7083333333334 25.31221615924796 22.201093266790885
813.2083333333334 25.314334834158082 22.201531770504232
813.7083333333333 25.31647857658119 22.201984270806353
814.2083333333334 25.318583772492907 22.20241874521627
814.7083333333334 25.320744529251048 22.202864101356372
815.2083333333333 25.322869786844585 22.203311586406066
815.7083333333334 25.32500516086194 22.20375954286976
816.2083333333334 25.327180004166607 22.204210352958697
816.7083333333333 25.32932349060532 22.204661812826124
817.2083333333334 25.33150564434806 22.20511445620283
817.7083333333334 25.333646706046768 22.205571197275663
818.2083333333333 25.335822164239616 22.206029155866315
818.7083333333334 25.337997366652303 22.206488815621665
819.2083333333334 25.34016313405745 22.206942649463745
819.7083333333333 25.3423563997084 22.20741029412401
820.2083333333334 25.344526021248946 22.207867511857337
820.7083333333334 25.346733541607147 22.20833595011713
821.2083333333333 25.348890970231103 22.208797162524682
821.7083333333334 25.351120200896805 22.209262705585342
822.2083333333334 25.35332565605705 22.20973853709487
822.7083333333333 25.355533793474944 22.21021079562618
823.2083333333334 25.357724876990115 22.210681270119174
823.7083333333334 25.359957261803004 22.21115414000852
824.2083333333333 25.36217199832162 22.21163094858387
824.7083333333334 25.364408643202356 22.212104506595672
825.2083333333334 25.36664393723847 22.21258470018909
825.7083333333333 25.368878738255695 22.213065841866797
826.2083333333334 25.37109848855564 22.213549589636777
826.7083333333334 25.37333207264893 22.214035864003506
827.2083333333333 25.375553070897745 22.2145146106379
827.7083333333334 25.377831350439667 22.215005041610194
828.2083333333334 25.380072309662825 22.21549429318418
828.7083333333333 25.382325635290126 22.21597839117834
829.2083333333334 25.384571230784733 22.21647176613751
829.7083333333334 25.386853457435343 22.2169579771505
830.2083333333333 25.389083679555107 22.217458707247463
830.7083333333334 25.391360022847053 22.21795334797122
831.2083333333334 25.39361876665395 22.21844477610186
831.7083333333333 25.395876898777253 22.218944930019507
832.2083333333334 25.398141060470575 22.21944306447723
832.7083333333334 25.40043719788104 22.219946335706908
833.2083333333333 25.402688452965027 22.220450387979163
833.7083333333334 25.4049588671172 22.220953037960143
834.2083333333334 25.40722872986763 22.221454103949934
834.7083333333333 25.40951443451938 22.221956575902343
835.2083333333334 25.411802890085788 22.22247287747312
835.7083333333334 25.4140396696912 22.22297523542273
836.2083333333333 25.41634666986523 22.22348170641116
836.7083333333334 25.418635185041765 22.223995138963772
837.2083333333334 25.420902112142038 22.224511703036587
837.7083333333333 25.423211360425558 22.225021978698667
838.2083333333334 25.425468543333555 22.225534627197362
838.7083333333334 25.42778076534617 22.22605058800248
839.2083333333333 25.43008304929659 22.22656712665074
839.7083333333334 25.432326898644373 22.227088476896334
840.2083333333334 25.434654207102177 22.22761068805097
840.7083333333333 25.436943048655507 22.22812670009275
841.2083333333334 25.439196238782053 22.228651476327723
841.7083333333334 25.441515469523107 22.229170159328238
842.2083333333333 25.44380843637885 22.22969868536928
842.7083333333334 25.446085541049236 22.230223544565067
843.2083333333334 25.4483600280335 22.230748472594946
843.7083333333333 25.4506511372697 22.231280766457665
844.2083333333334 25.452946720962537 22.23181291340991
844.7083333333334 25.455277717568833 22.232330822105833
845.2083333333333 25.457529667751857 22.232871775152155
845.7083333333334 25.459801165716446 22.233395136672232
846.2083333333334 25.462103304583753 22.2339394840946
846.7083333333333 25.46436938468265 22.2344673469432
847.2083333333334 25.466666608206307 22.23500599172564
847.7083333333334 25.46892059010731 22.235547908969146
848.2083333333333 25.471213007360667 22.236076885737212
848.7083333333334 25.47349336758671 22.23662273456551
849.2083333333334 25.475788274237804 22.237167486283703
849.7083333333333 25.478034427843006 22.237705825699955
850.2083333333334 25.480284358259766 22.238246982740662
850.7083333333334 25.482586748203456 22.238793612422963
851.2083333333333 25.484858231777668 22.239330127015474
851.7083333333334 25.48710313294378 22.239876418078396
852.2083333333334 25.489359651179395 22.240423800571683
852.7083333333333 25.49160955576264 22.240971672498773
853.2083333333334 25.49391969379082 22.241519402700494
853.7083333333334 25.496133502394724 22.242065511231743
854.2083333333333 25.49836720905038 22.24262307341382
854.7083333333334 25.500661856968343 22.243165894987648
855.2083333333334 25.502895045621827 22.243723693508617
855.7083333333333 25.50516219458474 22.244273231146337
856.2083333333334 25.507425427359824 22.244837992539143
856.7083333333334 25.50966017452594 22.245391171792306
857.2083333333333 25.511918454287912 22.245948238584322
857.7083333333334 25.51418390981918 22.246513406071138
858.2083333333334 25.516436326308444 22.247072648422726
858.7083333333333 25.51868689080752 22.247634899682613
859.2083333333334 25.520936929975505 22.248200088891448
859.7083333333334 25.52322180702179 22.248764060885723
860.2083333333333 25.52545278158143 22.249330678070756
860.7083333333334 25.527706678695168 22.24990337442296
861.2083333333334 25.52995177670395 22.25047166250731
861.7083333333333 25.532235029703184 22.251045898358115
862.2083333333334 25.534515812076055 22.251617019812635
862.7083333333334 25.53672770742012 22.252192303612176
863.2083333333333 25.539013279571066 22.25276194742581
863.7083333333334 25.54128381053719 22.253345525142663
864.2083333333334 25.54349974468311 22.2539228320294
864.7083333333333 25.54577115670518 22.254500557988244
865.2083333333334 25.548038254222014 22.255077387683958
865.7083333333334 25.550302452108365 22.255666951780707
866.2083333333333 25.55253935442613 22.256242112540782
866.7083333333334 25.554777559861726 22.256825740235993
867.2083333333334 25.55705337657473 22.257412369779857
867.7083333333333 25.55932576564429 22.258001388472405
868.2083333333334 25.561555272101053 22.258592165550102
868.7083333333334 25.563812967896556 22.259181472283327
869.2083333333333 25.566055942759505 22.25977275191437
869.7083333333334 25.568322684720073 22.26036145135957
870.2083333333334 25.57056622001847 22.260958072011615
870.7083333333333 25.57283508554889 22.26155369534918
871.2083333333334 25.575090215672795 22.26215493100038
871.7083333333334 25.57733194512633 22.262738554340903
872.2083333333333 25.579594400825947 22.263346204898347
872.7083333333334 25.58182333394108 22.263941875210982
873.2083333333334 25.584054952184974 22.264546279743257
873.7083333333333 25.586322241236942 22.265156172056507
874.2083333333334 25.588564758573536 22.265753934286
874.7083333333334 25.590798366287583 22.266353552454625
875.2083333333333 25.593056445668125 22.266963283892892
875.7083333333334 25.595298863302 22.267570685469234
876.2083333333334 25.597534363269485 22.268184253691903
876.7083333333333 25.599789828594414 22.268789544396654
877.2083333333334 25.60202183395003 22.269399731289923
877.7083333333334 25.604276841308845 22.270007603288047
878.2083333333333 25.606519500623996 22.270628716818894
878.7083333333334 25.608741077581687 22.271240403559776
879.2083333333334 25.61100885713727 22.271860349383473
879.7083333333333 25.61322635098909 22.272468029662154
880.2083333333334 25.61547855186696 22.2730918386427
880.7083333333334 25.61771229531881 22.273712350595872
881.2083333333333 25.61989984928499 22.27432770226304
881.7083333333334 25.622115899464948 22.274951946407484
882.2083333333334 25.624370008379177 22.275570088935396
882.7083333333333 25.62662171420495 22.276199574309977
883.2083333333334 25.628853438637776 22.276824342007608
883.7083333333334 25.631061440907498 22.277451196654393
884.2083333333333 25.633303019014207 22.27807638772095
884.7083333333334 25.635520438224297 22.278706947065047
885.2083333333334 25.637732858251148 22.279338031704068
885.7083333333333 25.63994094552887 22.279968356181044
886.2083333333334 25.64219744207064 22.280603072438755
886.7083333333334 25.644390293251995 22.28124005539728
887.2083333333333 25.64658684540973 22.281867000108356
887.7083333333334 25.648839096084473 22.282498473503317
888.2083333333334 25.651017921166343 22.283137557539323
888.7083333333333 25.653286147734132 22.283774587244423
889.2083333333334 25.65545286515292 22.284415996792685
889.7083333333334 25.65765609170026 22.285050583124054
890.2083333333333 25.659859561643422 22.28569760599973
890.7083333333334 25.662069756549194 22.286332915401267
891.2083333333334 25.664262257621427 22.28698082758673
891.7083333333333 25.666454815060007 22.28762058100577
892.2083333333334 25.66864550379467 22.28827510142347
892.7083333333334 25.670849452729485 22.288917425615253
893.2083333333333 25.673055715507207 22.289561145560878
893.7083333333334 25.675270029058925 22.29020729440759
894.2083333333334 25.677413721426294 22.290860708485816
894.7083333333333 25.679611927539455 22.291515853927486
895.2083333333334 25.68178671074739 22.292167124653833
895.7083333333334 25.683987085720368 22.292820675992576
896.2083333333333 25.68613123576746 22.293478871704924
896.7083333333334 25.68834228693644 22.294135240505128
897.2083333333334 25.690503692948354 22.294796055058903
897.7083333333333 25.692647787776806 22.29545630747144
898.2083333333334 25.69485117092171 22.29611254465305
898.7083333333334 25.697011210998237 22.296771901693035
899.2083333333333 25.69914610784665 22.297434419564777
899.7083333333334 25.701352026806617 22.298107554579726
900.2083333333334 25.703512445686147 22.298768097898133
900.7083333333333 25.705649566377176 22.299432663501793
901.2083333333334 25.707800611933745 22.300102091223117
901.7083333333334 25.709954115707887 22.300774569137012
902.2083333333333 25.712130590129615 22.301448543013393
902.7083333333334 25.714285429522246 22.302122598574794
903.2083333333334 25.716429616126938 22.302787506617502
903.7083333333333 25.718569033264494 22.303463662378718
904.2083333333334 25.720712528268393 22.304140498290373
904.7083333333334 25.72287496164831 22.304819442565037
905.2083333333333 25.724986124072768 22.305502712552332
905.7083333333334 25.72712650642369 22.30617730215873
906.2083333333334 25.729248436562404 22.30686407158332
906.7083333333333 25.73137539810046 22.307543267976126
907.2083333333334 25.733534041515178 22.308233639409725
907.7083333333334 25.735654904339977 22.30890792228336
908.2083333333333 25.737759758006895 22.309592521212846
908.7083333333334 25.73989172737847 22.31028484371011
909.2083333333334 25.742024699971036 22.31097561305444
909.7083333333333 25.74413697677943 22.31165973058728
910.2083333333334 25.746272109343778 22.31235846092222
910.7083333333334 25.74837755459869 22.31305245810866
911.2083333333333 25.750493446663462 22.313740866409404
911.7083333333334 25.75263524267283 22.314442307270497
912.2083333333334 25.754699843739242 22.315140826928705
912.7083333333333 25.75684124501615 22.3158389589079
913.2083333333334 25.758960087723118 22.316534241099557
913.7083333333334 25.761029230624434 22.317233029225076
914.2083333333333 25.76311163408045 22.317936078671465
914.7083333333334 25.765223076175154 22.318640754127035
915.2083333333334 25.76731433994442 22.31933897526894
915.7083333333333 25.76943883458229 22.320055498075956
916.2083333333334 25.771489094869544 22.32075635518994
916.7083333333334 25.773575679633993 22.321463583005993
917.2083333333333 25.77567287613936 22.32217607490304
917.7083333333334 25.777780523956682 22.322888272781466
918.2083333333334 25.77986337370912 22.323597240449025
918.7083333333333 25.781938087001713 22.324314393436747
919.2083333333334 25.78402832840017 22.325023769523384
919.7083333333334 25.786092030544673 22.325739425073362
920.2083333333333 25.788187248241083 22.326453665674897
920.7083333333334 25.790237535314517 22.327177333170024
921.2083333333334 25.792328532877452 22.327905798487386
921.7083333333333 25.79441753390709 22.328616411544534
922.2083333333334 25.796465995403004 22.329339025083307
922.7083333333334 25.79852444092477 22.33006136006988
923.2083333333333 25.800634647442354 22.330788005542544
923.7083333333334 25.802634865717593 22.331513410672322
924.2083333333334 25.804720235658493 22.332245137954537
924.7083333333333 25.80679984080744 22.33296763128862
925.2083333333334 25.80881453598117 22.333696298814157
925.7083333333334 25.810847656769845 22.33442751597217
926.2083333333333 25.812925606965813 22.33515683124867
926.7083333333334 25.814966904904328 22.335890505969086
927.2083333333334 25.81703001234088 22.336626308698758
927.7083333333333 25.819065659914806 22.337362107043205
928.2083333333334 25.821155302329217 22.338097496207233
928.7083333333334 25.823162477614442 22.338835458561405
929.2083333333333 25.825206035093945 22.339577315420485
929.7083333333334 25.827283096289793 22.34031777892119
930.2083333333334 25.829318330529073 22.34106663453593
930.7083333333333 25.831319568375662 22.341795703900374
931.2083333333334 25.833347938088686 22.342551855965084
931.7083333333334 25.835377728305534 22.34328820188764
932.2083333333333 25.83743091869493 22.344040753832694
932.7083333333334 25.839439063615043 22.344794417966515
933.2083333333334 25.84146157501021 22.345532386139787
933.7083333333333 25.843507403212666 22.346284066296505
934.2083333333334 25.84552104462016 22.347037537249214
934.7083333333334 25.84754448852872 22.347798843831953
935.2083333333333 25.849533736320566 22.348551260350575
935.7083333333334 25.851548069102613 22.349303959264226
936.2083333333334 25.853538360577495 22.350070798035407
936.7083333333333 25.85554462214125 22.350821807882717
937.2083333333334 25.857519588277114 22.351587620618062
937.7083333333334 25.85952679490714 22.35234766404773
