FastTrWP/PhaseSpace/IAs/snIa_0.36_30.00_0.69_-0.08.csv
# %ECSV 0.9
# ---
# datatype:
# - {name: time-rel, datatype: float64}
# - {name: g, datatype: float64}
# - {name: i, datatype: float64}
# schema: astropy-2.0
time-rel g i
173.02083333333334 26.996359630109197 25.684431775764264
173.52083333333334 26.97201235877533 25.673580359914638
174.02083333333331 26.94784422838414 25.662767733608128
174.52083333333334 26.923786731906816 25.651967782713974
175.02083333333334 26.899847877652185 25.64116723656612
175.52083333333331 26.87606378213566 25.630399442511088
176.02083333333334 26.852465322900034 25.619658808193048
176.52083333333334 26.829070015378882 25.608891295969293
177.02083333333331 26.805849103309477 25.598210245445898
177.52083333333334 26.782695301105587 25.587465018235882
178.02083333333334 26.759741292532087 25.576830652130134
178.52083333333331 26.737002860512092 25.56614406080032
179.02083333333334 26.71440436894087 25.55552590819987
179.52083333333334 26.691999866808963 25.544959124922485
180.02083333333331 26.669789597296226 25.53436659272673
180.52083333333334 26.647730753523817 25.523835228143756
181.02083333333334 26.625911403616385 25.513325487231352
181.52083333333331 26.604217884380603 25.502823332880034
182.02083333333334 26.582730301653203 25.492397892875115
182.52083333333334 26.561471562219 25.481950188812142
183.02083333333331 26.54025528677062 25.471565859849896
183.52083333333334 26.51934208688928 25.461224793747586
184.02083333333334 26.49855131426118 25.45088361137566
184.52083333333331 26.477963818453677 25.44062090401338
185.02083333333334 26.457567084751112 25.43035454776202
185.52083333333334 26.437341287711398 25.42012317645433
186.02083333333331 26.41724991587231 25.409969022617855
186.52083333333334 26.39741485643159 25.39983415199028
187.02083333333334 26.37766618617297 25.389739677355525
187.52083333333331 26.358167096593892 25.37969170308503
188.02083333333334 26.338837598945815 25.369622828520452
188.52083333333334 26.319594543976194 25.35964996645021
189.02083333333331 26.300653345676764 25.349710654935542
189.52083333333334 26.281793069929414 25.339832776543307
190.02083333333334 26.263084239317067 25.329949395564775
190.52083333333331 26.244606038619516 25.320127649863878
191.02083333333334 26.226293663966178 25.310340019609626
191.52083333333334 26.20813761706321 25.30060659700832
192.02083333333331 26.190135246325823 25.290901081632096
192.52083333333334 26.172287878159626 25.28125444380536
193.02083333333334 26.154621746521993 25.27162821420516
193.52083333333331 26.13710895804441 25.262092768151795
194.02083333333334 26.119731896871663 25.25254232147234
194.52083333333334 26.102485962384876 25.24307168471274
195.02083333333331 26.08544255493388 25.233609907113255
195.52083333333334 26.06856936820217 25.224199967102848
196.02083333333334 26.051842172523738 25.21488496926485
196.52083333333331 26.035239829443245 25.20557462751841
197.02083333333334 26.01876541864541 25.196326149621097
197.52083333333334 26.002496211789644 25.187088808971055
198.02083333333331 25.986335024891424 25.177906747738632
198.52083333333334 25.970349301722358 25.168786474214087
199.02083333333334 25.954472185579924 25.1597097542005
199.52083333333331 25.938761861850836 25.150663337816887
200.02083333333334 25.923163340702363 25.141674679718065
200.52083333333334 25.907703372090207 25.13273825791657
201.02083333333331 25.8923904681134 25.12381990927293
201.52083333333334 25.877241112656414 25.11498070987477
202.02083333333334 25.862181097682956 25.106160861548467
202.52083333333331 25.847302822227537 25.097397486479693
203.02083333333334 25.83251904054284 25.088673429003457
203.52083333333334 25.81787433332122 25.07996658494777
204.02083333333331 25.803289177240206 25.07130872497951
204.52083333333334 25.78879480345612 25.062695798525564
205.02083333333334 25.7743636758652 25.054075365168856
205.52083333333331 25.760050566413213 25.045490253698542
206.02083333333334 25.745772217490813 25.036925941942915
206.52083333333334 25.73159638611267 25.02839488427596
207.02083333333331 25.717512392746183 25.019880725625857
207.52083333333334 25.70351561332505 25.01139841344348
208.02083333333334 25.68959057372672 25.002951272687064
208.52083333333331 25.6757696502696 24.99455508050573
209.02083333333334 25.661969987384488 24.986140916813575
209.52083333333334 25.64830863060926 24.977772943177314
210.02083333333331 25.634742554034034 24.969448306091454
210.52083333333334 25.621197969279276 24.961131109682626
211.02083333333334 25.607784094389995 24.952842988852527
211.52083333333331 25.594453742612693 24.944600160512348
212.02083333333334 25.58119603322782 24.936369132002525
212.52083333333334 25.567973684430406 24.928186254190994
213.02083333333331 25.554856227048486 24.92001524186111
213.52083333333334 25.541832840904405 24.911867799641236
214.02083333333334 25.52894569207038 24.903765411807534
214.52083333333331 25.516072966816743 24.895710232194812
215.02083333333334 25.503270190948776 24.88766360078937
215.52083333333334 25.49056867399471 24.879632518348288
216.02083333333331 25.477971123654047 24.871653173647182
216.52083333333334 25.465447519885885 24.86368638036097
217.02083333333334 25.4529692383662 24.855769724034293
217.52083333333331 25.44061143089721 24.847885038263517
218.02083333333334 25.42831988654459 24.840017352617227
218.52083333333334 25.416064195085887 24.83219556079254
219.02083333333331 25.403942577752595 24.824386326000326
219.52083333333334 25.391858064842154 24.81660344435714
220.02083333333334 25.379891815075833 24.8088613985096
220.52083333333331 25.367976408306603 24.801142428751323
221.02083333333334 25.356120631265355 24.79347142562727
221.52083333333334 25.34436936472671 24.785808363497807
222.02083333333331 25.33268983278021 24.778209107815712
222.52083333333334 25.32110553700477 24.77061625140434
223.02083333333334 25.30955643596092 24.763070285760552
223.52083333333331 25.298094187507342 24.755546520154326
224.02083333333334 25.286727103780215 24.748049923334218
224.52083333333334 25.275400899492393 24.740583578292107
225.02083333333331 25.264186713149268 24.7331431604714
225.52083333333334 25.25299899475923 24.725744880972165
226.02083333333334 25.24190755295029 24.718380848781536
226.52083333333331 25.230896057999136 24.711027937570794
227.02083333333334 25.219945071290443 24.703743491734734
227.52083333333334 25.209037280299075 24.696460072033716
228.02083333333331 25.198249401684674 24.689219264758783
228.52083333333334 25.18748255819037 24.6819975388164
229.02083333333334 25.17682080407742 24.674816739642292
229.52083333333331 25.166215102914258 24.667655718444728
230.02083333333334 25.155694235978924 24.660520493987494
230.52083333333334 25.145236060726116 24.653450383511483
231.02083333333334 25.134831289622763 24.646378460598093
231.52083333333334 25.12450651076696 24.639342751507343
232.02083333333334 25.11426661029351 24.632350552633664
232.52083333333334 25.104048599829074 24.62538061861148
233.02083333333334 25.093908255344665 24.618449624101114
233.52083333333334 25.083853371650196 24.611540345159916
234.02083333333334 25.073861830622302 24.604659060231874
234.52083333333334 25.06392076244932 24.597836637393925
235.02083333333334 25.05404807046883 24.59100920685387
235.52083333333334 25.044250893977413 24.584230647192015
236.02083333333334 25.034509018293644 24.577464679752744
236.52083333333334 25.024811336032823 24.57073504520379
237.02083333333334 25.01515469218259 24.563997087495792
237.52083333333334 25.005514625425363 24.55730864396413
238.02083333333334 24.995895967561964 24.550627756707534
238.52083333333334 24.986360687417445 24.54396287641732
239.02083333333334 24.97686953287603 24.53731461051726
239.52083333333334 24.967370432914798 24.53068748778076
240.02083333333334 24.957934234005485 24.524075152680723
240.52083333333334 24.94855082359463 24.51748420304854
241.02083333333334 24.939205864704597 24.51090749428454
241.52083333333334 24.929888582370317 24.504367011199587
242.02083333333334 24.92062548456428 24.497822760476993
242.52083333333334 24.911390670940072 24.4913189786312
243.02083333333334 24.90219848487538 24.48482189436554
243.52083333333334 24.89307002077734 24.478351998698376
244.02083333333334 24.883946495722164 24.471915172533592
244.52083333333334 24.874888745392315 24.46547776015993
245.02083333333334 24.865861953565638 24.459062664163152
245.52083333333334 24.856882438961875 24.452674158819512
246.02083333333334 24.847967751621223 24.44633385974697
246.52083333333334 24.839057726729727 24.439975269254
247.02083333333334 24.83020716870673 24.43366178663463
247.52083333333334 24.82140988799515 24.42735898729817
248.02083333333334 24.812642792692866 24.421078015260036
248.52083333333334 24.803935733197882 24.41482102179398
249.02083333333334 24.795248377733238 24.408582794194903
249.52083333333334 24.786634563765112 24.402391899832992
250.02083333333334 24.778044162058638 24.396188320452477
250.52083333333334 24.769507987641227 24.390039286422148
251.02083333333334 24.76098806179069 24.3838889357797
251.52083333333334 24.752543211835757 24.37777327746277
252.02083333333334 24.744130628655903 24.371665542695062
252.52083333333334 24.735773198145623 24.36560161999107
253.02083333333334 24.727435378004383 24.359543156306312
253.52083333333334 24.71915855953601 24.35352569016473
254.02083333333334 24.71092721914749 24.347504732034988
254.52083333333334 24.702739967007265 24.34154801502469
255.02083333333334 24.694593915970138 24.335589204174113
255.52083333333334 24.686478046754935 24.329651466440232
256.0208333333333 24.678425790691346 24.323746624945347
256.5208333333333 24.670412492426404 24.317859156568964
257.0208333333333 24.662426164707284 24.312005706860514
257.5208333333333 24.654497625717195 24.306171125378437
258.0208333333333 24.64661688168937 24.30036352649801
258.5208333333333 24.63879298741622 24.294564949666754
259.0208333333333 24.630973230700903 24.288800643015268
259.5208333333333 24.62324135448538 24.283074351026794
260.0208333333333 24.615532790279893 24.27734936970909
260.5208333333333 24.60787048875577 24.271659387962053
261.0208333333333 24.600226515877512 24.26599246769403
261.5208333333333 24.592657421201377 24.260364300111426
262.0208333333333 24.58510857605389 24.254734945921896
262.5208333333333 24.577619126707773 24.24914187594855
263.0208333333333 24.570170287315843 24.24359291425887
263.5208333333333 24.562764224598972 24.23804686929811
264.0208333333333 24.5554026324541 24.2325313087403
264.5208333333333 24.5480784682165 24.227045902367518
265.0208333333333 24.54080588177538 24.221572585849387
265.5208333333333 24.533572772878518 24.216127068777666
266.0208333333333 24.526389248632338 24.21070425872498
266.5208333333333 24.51923882981829 24.205316291693634
267.0208333333333 24.512127353177316 24.199946434590625
267.5208333333333 24.50506544824535 24.194599188866682
268.0208333333333 24.49804970493028 24.189275639182686
268.5208333333333 24.491064161657484 24.18398599229491
269.0208333333333 24.484132883460784 24.17871673969728
269.5208333333333 24.477175644669465 24.173451759538413
270.0208333333333 24.470315814903202 24.168203149761872
270.5208333333333 24.463448272376592 24.16297775498752
271.0208333333333 24.456592396169015 24.15778245721141
271.5208333333333 24.44977727376149 24.15256565535948
272.0208333333333 24.44298626182735 24.14739170325996
272.5208333333333 24.436213994971073 24.14220978863839
273.0208333333333 24.42947455285628 24.137065582443373
273.5208333333333 24.422748470475796 24.131927247834085
274.0208333333333 24.416069205941938 24.126819854069165
274.5208333333333 24.409393220113724 24.121699023642766
275.0208333333333 24.402766648689283 24.11661631647002
275.5208333333333 24.39615969118676 24.11154472304871
276.0208333333333 24.38958523594478 24.10649221146352
276.5208333333333 24.383020679409526 24.10143491442566
277.0208333333333 24.376509706826592 24.096422220972606
277.5208333333333 24.36996823973315 24.09141159879311
278.0208333333333 24.36351508287597 24.086422758395834
278.5208333333333 24.357062633222263 24.08144708006279
279.0208333333333 24.350642549597996 24.076481434532763
279.5208333333333 24.344226812056174 24.071540917413778
280.0208333333333 24.3378605045382 24.066615274364768
280.5208333333333 24.331558490492682 24.061712817513722
281.0208333333333 24.32521923852635 24.056821803219602
281.5208333333333 24.318941644098185 24.051953980712316
282.0208333333333 24.31267986175367 24.047096982587234
282.5208333333333 24.30644678405872 24.04224785387289
283.0208333333333 24.30024928354755 24.03742417357314
283.5208333333333 24.294082023788064 24.0326268167486
284.0208333333333 24.28793316706843 24.027832299014015
284.5208333333333 24.281821449994034 24.023059519745406
285.0208333333333 24.275720648794184 24.018300137747385
285.5208333333333 24.26965246875099 24.01357238214439
286.0208333333333 24.263616531563624 24.00884491649211
286.5208333333333 24.257618678250203 24.004158847373184
287.0208333333333 24.25163266897487 23.99946717401481
287.5208333333333 24.245685327076522 23.994809072820722
288.0208333333333 24.23974820772709 23.990141529713643
288.5208333333333 24.233852722019282 23.98551751975195
289.0208333333333 24.22798739138257 23.980919484302092
289.5208333333333 24.222159546318803 23.976317275857436
290.0208333333333 24.21634884979572 23.971738697517992
290.5208333333333 24.210546829107606 23.967183752208165
291.0208333333333 24.204809197382787 23.962648963032116
291.5208333333333 24.1990702764295 23.958109909686527
292.0208333333333 24.193373268265535 23.953613277441605
292.5208333333333 24.187708707050277 23.94913260096586
293.0208333333333 24.18206119460882 23.944665114225035
293.5208333333333 24.176444947843322 23.94021505989089
294.0208333333333 24.17083968394936 23.93577392592404
294.5208333333333 24.165291334382694 23.93135546177113
295.0208333333333 24.15976447513081 23.9269682680226
295.5208333333333 24.154257181249193 23.92259532793772
296.0208333333333 24.148782702082215 23.91822648896044
296.5208333333333 24.14333269231813 23.913897402830205
297.0208333333333 24.137911482030873 23.909569576936644
297.5208333333333 24.132517586813016 23.90525739766117
298.0208333333333 24.127148818792527 23.900978469495165
298.5208333333333 24.121823079537556 23.896707727004824
299.0208333333333 24.11652490794838 23.89246242359308
299.5208333333333 24.11123882057258 23.88822549863402
300.0208333333333 24.10596695739236 23.884016369137854
300.5208333333333 24.10075643224515 23.87982042279941
301.0208333333333 24.095551761621827 23.875654085973412
301.5208333333333 24.0903852616939 23.871499002488573
302.0208333333333 24.085243217966315 23.867340621108852
302.5208333333333 24.08011975527061 23.86322855999847
303.0208333333333 24.075018420138807 23.859116702566013
303.5208333333333 24.069941414468012 23.855006004306794
304.0208333333333 24.064886486462225 23.85095178890581
304.5208333333333 24.059854810447522 23.846879651597206
305.0208333333333 24.054833220619713 23.842839170672853
305.5208333333333 24.049836849365693 23.83879791932321
306.0208333333333 24.044883242617882 23.834767819550873
306.5208333333333 24.03992526343137 23.83076664414103
307.0208333333333 24.035009565601722 23.826773720097698
307.5208333333333 24.030092349945548 23.822810752543987
308.0208333333333 24.02520720772912 23.81883285828299
308.5208333333333 24.020334546808023 23.814890705891987
309.0208333333333 24.015483178240945 23.810954348883545
309.5208333333333 24.010664205277617 23.807041135572703
310.0208333333333 24.005850673243874 23.803129777362404
310.5208333333333 24.001069296478683 23.799234493795428
311.0208333333333 23.996301522291507 23.795349281156227
311.5208333333333 23.99154553058384 23.791479324950508
312.0208333333333 23.98681467615347 23.78761542931771
312.5208333333333 23.982095516436427 23.783785919853617
313.0208333333333 23.977393583106505 23.77994473552606
313.5208333333333 23.972732702588875 23.776137746804643
314.0208333333333 23.968070592515357 23.77232168796842
314.5208333333333 23.963423758650425 23.768520860130703
315.0208333333333 23.958792333214518 23.76474571688657
315.5208333333333 23.95418952996751 23.760968186150194
