FastTrWP/PhaseSpace/IAs/snIa_0.45_30.00_-0.04_-0.14.csv
# %ECSV 0.9
# ---
# datatype:
# - {name: time-rel, datatype: float64}
# - {name: g, datatype: float64}
# - {name: i, datatype: float64}
# schema: astropy-2.0
time-rel g i
[from data line 701]
-67.0 22.971781113417762 22.702181253799086
-66.5 22.9709711534905 22.70108705937126
-66.0 22.97017905100035 22.69998015410109
-65.5 22.969396098196555 22.698894065219235
-65.0 22.968617462045593 22.6978053280772
-64.5 22.96785501351652 22.696728091405088
-64.0 22.967086212486297 22.695645658924605
-63.5 22.966332802820787 22.69457978192957
-63.0 22.965580278585655 22.69350582766608
-62.5 22.964858378641594 22.692439528720882
-62.0 22.964112574895765 22.69137509356892
-61.5 22.96339396763863 22.690326053225256
-61.0 22.96267500686684 22.689272986225447
-60.5 22.9619657558301 22.688234727797724
-60.0 22.96125852109761 22.687185104017384
-59.5 22.960570235369925 22.68614066640607
-59.0 22.959891282947112 22.685107795709733
-58.5 22.95920259605465 22.684078255083556
-58.0 22.95853146808026 22.683057158980112
-57.5 22.957865797461405 22.682031121464913
-57.0 22.9572072427983 22.681011918805325
-56.5 22.95655738552229 22.679999126581855
-56.0 22.955905270271295 22.678989505646364
-55.5 22.95526438545735 22.67797558814336
-55.0 22.95463538871601 22.67698460900029
-54.5 22.95401356644099 22.675980840355315
-54.0 22.953393415705424 22.674988016986664
-53.5 22.95278592464845 22.673999418033738
-53.0 22.952184028532233 22.67301404456709
-52.5 22.951591526820994 22.67202953404087
-52.0 22.95100673183419 22.67104885425987
-51.5 22.950425971095427 22.67006836442573
-51.0 22.949836528262786 22.669111555769206
-50.5 22.949271600240525 22.66813041900585
-50.0 22.948715954638267 22.66716881967944
-49.5 22.94815511474027 22.66622019884955
-49.0 22.947602680832624 22.66526370357827
-48.5 22.94705966719389 22.66430370722763
-48.0 22.946528490568205 22.66335593069418
-47.5 22.94599650615133 22.662420322805605
-47.0 22.945483337310225 22.661472113042713
-46.5 22.944958025506704 22.660544862432083
-46.0 22.944450461491158 22.6595968463581
-45.5 22.943941375550658 22.658671700929172
-45.0 22.9434430905455 22.657754205502915
-44.5 22.942954757000145 22.656821071589214
-44.0 22.942469233881756 22.655906001843498
-43.5 22.94199133482872 22.65499367897405
-43.0 22.94151729024142 22.654082490474956
-42.5 22.941054390157216 22.653173463257453
-42.0 22.940599023611462 22.652278802178877
-41.5 22.940144477341278 22.65137303394786
-41.0 22.939696582056737 22.65047319884138
-40.5 22.939262525241094 22.649579065327117
-40.0 22.938821077406637 22.648689187248255
-39.5 22.938394628085213 22.647803699679486
-39.0 22.937981349665854 22.64692348037744
-38.5 22.937571061922277 22.646050575393634
-38.0 22.937171194322698 22.64517617912189
-37.5 22.936784016587684 22.644309927109777
-37.0 22.936391646854467 22.643445740989453
-36.5 22.936012247274054 22.642589805727127
-36.0 22.935638578187984 22.64172656334746
-35.5 22.935282545344297 22.64088385646256
-35.0 22.934921192716185 22.640028398222782
-34.5 22.934578463108018 22.639183158098128
-34.0 22.934243174092913 22.63834555313347
-33.5 22.933896139095943 22.63751026757224
-33.0 22.93356491063289 22.636677476879008
-32.5 22.933259098255625 22.63585316526285
-32.0 22.9329407749939 22.635022372760254
-31.5 22.93263150612917 22.634196339856857
-31.0 22.93233877484888 22.633390508463776
-30.5 22.93204496215577 22.63257228272537
-30.0 22.931754284055113 22.631761112914432
-29.5 22.931481574323694 22.63095657948615
-29.0 22.931206147847437 22.630144121275908
-28.5 22.9309389932768 22.629353807733654
-28.0 22.93067779105465 22.628550435128922
-27.5 22.930427491834983 22.62776237191812
-27.0 22.930171911305127 22.62697951939822
-26.5 22.92993365772321 22.62617783265005
-26.0 22.92969724256977 22.625405550979053
-25.5 22.92946106148164 22.624623985651574
-25.0 22.929245528003356 22.623838958542883
-24.5 22.92902460062667 22.62308040741551
-24.0 22.92881676571193 22.622303911134487
-23.5 22.928611816800306 22.621539694315388
-23.0 22.9284174925793 22.620775050138846
-22.5 22.928212337205032 22.62001778542315
-22.0 22.928024776786152 22.61925646589623
-21.5 22.92783411233473 22.61850326701127
-21.0 22.927658915467156 22.617752668656458
-20.5 22.927489409866546 22.617004228634276
-20.0 22.92730874277348 22.616254927287276
-19.5 22.927154895513326 22.61550377250981
-19.0 22.92699279471571 22.614767283311366
-18.5 22.926835282831533 22.61403521266141
-18.0 22.92668907302163 22.6133012386955
-17.5 22.926543484144677 22.61257081167301
-17.0 22.926397556532017 22.611845686581553
-16.5 22.926263911126807 22.61111585585057
-16.0 22.926135880812893 22.610388538927808
-15.5 22.92601855928538 22.609662589537322
-15.0 22.925897422221297 22.608944371199755
-14.5 22.92578315691877 22.608232607688933
-14.0 22.92566411377319 22.60752445710513
-13.5 22.925551318423235 22.606805337919727
-13.0 22.92545045770209 22.606105420764035
-12.5 22.92535355683748 22.605395978558775
-12.0 22.92525808747437 22.604693418531987
-11.5 22.9251632684976 22.603990265299856
-11.0 22.92507608681399 22.603290397990136
-10.5 22.92498812798755 22.60258889349613
-10.0 22.924910751804298 22.601899349211926
-9.5 22.924840414533488 22.601204811140136
-9.0 22.924753891161277 22.600510473628205
-8.5 22.92468707166982 22.59982862755453
-8.0 22.92462723051348 22.599145013178585
-7.5 22.92456715793454 22.598458322044248
-7.0 22.924511242095384 22.597774367458236
-6.5 22.92445503824487 22.59710579555533
-6.0 22.92439365777261 22.596421320652563
-5.5 22.924348375772745 22.595743686657443
-5.0 22.92430205413192 22.595073746151577
-4.5 22.924272177116407 22.59440758952117
-4.0 22.924234544238047 22.593735560662576
-3.5 22.924198127171348 22.593065887024014
-3.0 22.92417780180009 22.592399101215825
-2.5 22.924147894040054 22.591743946099733
-2.0 22.92413445730046 22.591076951367086
-1.5 22.924122368162077 22.590432716568174
-1.0 22.92410563818702 22.589769532661578
-0.5 22.92411078937015 22.589121288911308
0.0 22.92410509956525 22.588468663554778
0.5 22.924111466440223 22.58782222887062
1.0 22.924122408882464 22.587179767284567
1.5 22.924140811378955 22.586540175715
2.0 22.924157191488945 22.585899499110443
2.5 22.92417183242391 22.585263394139613
3.0 22.92420481767975 22.58462549080471
3.5 22.924239845615013 22.583991247448093
4.0 22.924275431275447 22.583365915615477
4.5 22.92432192333944 22.58274029227749
5.0 22.92436778778551 22.582107800162127
5.5 22.92441903409115 22.581494302137006
6.0 22.92448366773479 22.58086872073531
6.5 22.924527069934616 22.580248687926062
7.0 22.924596387909332 22.579644728795053
7.5 22.9246715473384 22.579024531539012
8.0 22.92473902158717 22.57842012463406
8.5 22.924836624355166 22.57780934039002
9.0 22.92491167157364 22.577207495157783
9.5 22.92499350330354 22.576605168284708
10.0 22.925092777986272 22.576006006877925
10.5 22.925191488214566 22.575412309002964
11.0 22.92529426189826 22.57481690266765
11.5 22.925404183715294 22.57422970158601
12.0 22.925519376784397 22.5736347959376
12.5 22.92564149043653 22.573059310458348
13.0 22.92576077341893 22.572470817912553
13.5 22.925890434375866 22.57188625638601
14.0 22.926036246505525 22.57130966067369
14.5 22.926171991359155 22.57073441601512
15.0 22.92630939462544 22.570163101053385
15.5 22.92645826171633 22.569584260284547
16.0 22.926610719988936 22.569021871348024
16.5 22.92678178969939 22.568455618160108
17.0 22.926940965574122 22.56789098368115
17.5 22.927109048165523 22.56733399834596
18.0 22.92728907747324 22.566779892580115
18.5 22.92746737684038 22.566222888247644
19.0 22.92765028646948 22.565671808466426
19.5 22.92784389091284 22.565120501572743
20.0 22.92804557369166 22.56457337487238
20.5 22.928234494389486 22.56402725056416
21.0 22.92845157022525 22.56349515778087
21.5 22.928661750497472 22.562959215177564
22.0 22.92888010216691 22.56242634795816
22.5 22.929098579344114 22.561882954665972
23.0 22.9293309770728 22.56136180645167
23.5 22.92957091689406 22.560832824125697
24.0 22.9298075934178 22.56030981937229
24.5 22.93004879371398 22.55979612183888
25.0 22.93029975456141 22.55927844429289
25.5 22.93055398124073 22.55875653738995
26.0 22.93081570731715 22.558248697827437
26.5 22.931085857015503 22.557741000101338
27.0 22.93135400568003 22.557226984432464
27.5 22.93163169778817 22.556725437307467
28.0 22.931916172535264 22.55622634661332
28.5 22.932207827511228 22.555719355036906
29.0 22.932505673327334 22.555235586468005
29.5 22.932799067191176 22.554742108298726
30.0 22.933111513777757 22.554249298469248
30.5 22.933418812082778 22.553763582350015
31.0 22.933724122747975 22.553276587061177
31.5 22.934046097749995 22.552795446580124
32.0 22.934378123065997 22.55231266550932
32.5 22.934707635180175 22.551836743477544
33.0 22.935045302901194 22.551361259051884
33.5 22.935390046364912 22.5508801266958
34.0 22.93572964974952 22.55041477522713
34.5 22.936076820557503 22.5499393937139
35.0 22.936440368174576 22.549481254177095
35.5 22.936793172163572 22.549015460626336
36.0 22.937166593567675 22.548557081661258
36.5 22.93753290270117 22.548089695980945
37.0 22.93791976524746 22.547640446721555
37.5 22.9382955765356 22.54718136023946
38.0 22.938687295785464 22.546733612165482
38.5 22.93907654534494 22.54629364446604
39.0 22.939476940555856 22.54584123547052
39.5 22.939887347282752 22.545396173225658
40.0 22.940294909004308 22.544954499359335
40.5 22.940704328446486 22.544517132553793
41.0 22.941132162840503 22.54407477621877
41.5 22.941542938986053 22.543646270947164
42.0 22.94197779085445 22.54321931506569
42.5 22.94241336063019 22.542784818670025
43.0 22.942861607655583 22.542367494445763
43.5 22.943302550060487 22.541938655107117
44.0 22.943765221045467 22.541522252635502
44.5 22.944218372377357 22.541096920614546
45.0 22.94468001821398 22.54069044094196
45.5 22.94515063805497 22.54027601782278
46.0 22.945617611108634 22.539868188327024
46.5 22.94610145364727 22.53946195123961
47.0 22.94658914728789 22.539048731403497
47.5 22.947086983719835 22.53864772989943
48.0 22.947583838833587 22.538248974387884
48.5 22.94807978757021 22.5378511954588
49.0 22.94858379082743 22.537458241023618
49.5 22.949110415682192 22.537068575513235
50.0 22.949627736622734 22.536681421158224
50.5 22.95015433283629 22.536294571655255
51.0 22.950674166380853 22.53591354530972
51.5 22.95120994221126 22.53552990071283
52.0 22.951753771140247 22.535150394160134
52.5 22.952307282561804 22.53476697058451
53.0 22.95286059722915 22.53440036961685
53.5 22.953423200290153 22.534029667940647
54.0 22.953986629372896 22.533667914933314
54.5 22.954559782169717 22.533290308221776
55.0 22.955138295014432 22.532933221798785
55.5 22.955722136380952 22.53257632161931
56.0 22.956297195546217 22.532220949248615
56.5 22.95689112921416 22.531867080581783
57.0 22.957507303818335 22.53151274501022
57.5 22.95810272567835 22.53116770901212
58.0 22.958723943500168 22.53082536311371
58.5 22.959340337150564 22.530483582060373
59.0 22.959966480120745 22.530145498422772
59.5 22.960600664555585 22.52980765595723
60.0 22.961232647862996 22.529466878482857
60.5 22.961872014658393 22.529136575740335
61.0 22.962531520720685 22.528811669752898
61.5 22.963175099100365 22.52848387024368
62.0 22.963837719626863 22.528162100862126
62.5 22.96450704666626 22.52783256613092
63.0 22.965179441072433 22.527527838511773
63.5 22.965862492118507 22.527202467573332
64.0 22.966551890505066 22.526896330666233
64.5 22.96724709058479 22.52658900324314
65.0 22.967959193331158 22.52628281141993
65.5 22.968670626056436 22.525978216495282
66.0 22.969392438263583 22.525682043200014
66.5 22.970119692820052 22.525381894975276
67.0 22.97085829306598 22.525095448817275
67.5 22.971612408771943 22.524795978523258
68.0 22.972364003043722 22.52451072390368
68.5 22.97312474419579 22.524221420450957
69.0 22.973895916349413 22.52393532674465
69.5 22.974678333428177 22.52365776242467
70.0 22.9754650489356 22.523382063300108
70.5 22.976256205325708 22.523107226931383
71.0 22.977056657179922 22.52283484517831
71.5 22.977857866092343 22.522564135939156
72.0 22.97867238967924 22.5222921169371
72.5 22.97949050069185 22.52202824318113
73.0 22.980329827001775 22.521777591350688
73.5 22.981164384922863 22.521511897575998
74.0 22.981995296419825 22.52125486028268
74.5 22.982846489286423 22.52100124416884
75.0 22.983699897727597 22.52075526457975
75.5 22.984567800676565 22.52050846806852
76.0 22.98543281140832 22.520260933538584
76.5 22.986305739632336 22.520010941943156
77.0 22.987187146345455 22.51977841793134
77.5 22.98807017452973 22.519533619887056
78.0 22.988959804811493 22.519308622965767
78.5 22.989857403784903 22.519068951025
79.0 22.990752094731086 22.51884168321327
79.5 22.99167166194104 22.51860408078641
80.0 22.992584317769275 22.51838419389431
80.5 22.993496702961668 22.518161295445246
81.0 22.9944244155979 22.517948317978338
81.5 22.995349251347715 22.51772286988824
82.0 22.996274801893616 22.517507195810964
82.5 22.997217104222468 22.517293311085616
83.0 22.998156118128882 22.517083662634935
83.5 22.999103303413342 22.516866729533387
84.0 23.000060325951868 22.51666063939321
84.5 23.00101148705196 22.516462161098737
85.0 23.00197252605028 22.516253205951507
85.5 23.002930440332626 22.51605985196651
86.0 23.00390787933825 22.515861906333612
86.5 23.00487393491313 22.515665869200273
87.0 23.005845414457724 22.515477181748032
87.5 23.006817527607886 22.515283067585425
88.0 23.007811898969695 22.515087591866134
88.5 23.00879204692672 22.514906535213083
89.0 23.009775552018517 22.514716861700037
89.5 23.0107678625582 22.51453563993539
90.0 23.011769894228816 22.514358656042578
90.5 23.012763043408686 22.51418679167778
91.0 23.013755046116948 22.514011756141706
91.5 23.01475817665079 22.51384180595435
92.0 23.01576278801094 22.51366617998915
92.5 23.016767488932295 22.513493247832386
93.0 23.017785274834374 22.513323672303617
93.5 23.01879157178167 22.513156841770584
94.0 23.019804952073702 22.512997480609048
94.5 23.02081890746092 22.51283959173835
95.0 23.021832594746627 22.512680039391118
95.5 23.022848012659345 22.512518136657636
96.0 23.023863755946007 22.51237393463071
96.5 23.02490130567937 22.51221309993952
97.0 23.025922152507196 22.51206437681304
97.5 23.026936205396623 22.51191376892264
98.0 23.027966477958216 22.51176293593922
98.5 23.028990818355002 22.51161376460823
99.0 23.03002335880265 22.511483035290127
99.5 23.03106320024785 22.51133439279842
100.0 23.03210566947341 22.511206639413732
100.5 23.033151965733207 22.51106839357658
101.0 23.034220120419846 22.510934674774894
101.5 23.035275053173653 22.5108041606717
102.0 23.036340908098158 22.510678819177556
102.5 23.037420705389003 22.51055098195069
103.0 23.038496208144778 22.510428885910294
103.5 23.03957865989203 22.51030470760677
104.0 23.040676000098617 22.510180521965303
104.5 23.041761171367035 22.5100710186601
105.0 23.042872901190073 22.509959171262295
105.5 23.043971230712607 22.509845023013813
106.0 23.045074232401227 22.509737158023107
106.5 23.046185980611863 22.50962908773556
107.0 23.04730525400199 22.509530127804705
107.5 23.048431304328933 22.509422931690423
108.0 23.04956061568359 22.509334083654572
108.5 23.050690644582637 22.509231976900935
109.0 23.051822583722405 22.509135263039802
109.5 23.052968569467083 22.509045443373257
110.0 23.054113789792705 22.508949345901215
110.5 23.05526216897906 22.508867202510487
111.0 23.05640893256794 22.50877521279989
111.5 23.057575496903546 22.508692423108535
112.0 23.058726357502294 22.50860533992845
112.5 23.05989426044497 22.50852505273388
113.0 23.06106855844415 22.508455530808746
113.5 23.062231866078115 22.50836777152069
114.0 23.06341380373548 22.508300327715034
114.5 23.064589127346284 22.5082312583436
115.0 23.06576661790651 22.50816538444784
115.5 23.06694694032462 22.508097892208067
116.0 23.06814501089843 22.508030534872212
116.5 23.069319315239888 22.507962646520273
117.0 23.070528600973816 22.507898511959926
117.5 23.071725248286388 22.50784762302775
118.0 23.07291625764552 22.507788719393194
118.5 23.074125340551973 22.507725546671193
119.0 23.075328174012043 22.507679523742773
119.5 23.076531051362345 22.50762916641598
120.0 23.077738044138588 22.50757440592014
