FastTrWP/PhaseSpace/IAs/snIa_0.62_30.00_-0.98_-0.14.csv
# %ECSV 0.9
# ---
# datatype:
# - {name: time-rel, datatype: float64}
# - {name: g, datatype: float64}
# - {name: i, datatype: float64}
# schema: astropy-2.0
time-rel g i
[from data line 363]
-195.5 24.12264910445384 23.40634953134346
-195.0 24.118831064942718 23.40292894721192
-194.5 24.114980837999678 23.399509401593576
-194.0 24.111174076659296 23.396093442280108
-193.5 24.107364510484967 23.392696132294887
-193.0 24.103566003984035 23.389293824845655
-192.5 24.099759069643653 23.385886365590096
-192.0 24.095977160477062 23.38248556607203
-191.5 24.092203529780207 23.379107837845826
-191.0 24.08842339980934 23.375717579083886
-190.5 24.084637634090655 23.372345193768602
-190.0 24.080885501274906 23.368974363293713
-189.5 24.077122722032776 23.365594802538144
-189.0 24.07337715659355 23.362232341944555
-188.5 24.069639333158996 23.358873655014996
-188.0 24.065903768031887 23.355501389724633
-187.5 24.062173719170282 23.35215631837354
-187.0 24.05845114949489 23.348803456514574
-186.5 24.054740798191553 23.345458787043803
-186.0 24.051026130240455 23.342117695521768
-185.5 24.047326047161974 23.338791688467282
-185.0 24.043614258012703 23.33545734483623
-184.5 24.03992784834129 23.332117278027344
-184.0 24.03624744100511 23.32880029101951
-183.5 24.032567869009153 23.325480328131842
-183.0 24.02889278473294 23.322160355965185
-182.5 24.025220331394475 23.31886246527278
-182.0 24.021577402753266 23.31554225990967
-181.5 24.017928947311425 23.312250006467906
-181.0 24.014277741401997 23.30894507394925
-180.5 24.010632078705463 23.305653928301382
-180.0 24.00700380924608 23.3023593743631
-179.5 24.00338385538816 23.299072829047883
-179.0 23.999751170496463 23.295793012692123
-178.5 23.996123854190053 23.292513928634296
-178.0 23.992531456319327 23.289239210419748
-177.5 23.988923677241594 23.285971925156378
-177.0 23.98533409421253 23.28270479631346
-176.5 23.98173053765513 23.279427007107564
-176.0 23.97814751771939 23.276165563261657
-175.5 23.974563019860568 23.272913982760194
-175.0 23.970985915009972 23.269667552993024
-174.5 23.96741345484394 23.26641957395186
-174.0 23.963848103772996 23.26318013454202
-173.5 23.960305153820805 23.25993528235742
-173.0 23.956742158148636 23.256709270991422
-172.5 23.953192674070934 23.253460020165644
-172.0 23.94963658952779 23.250231375806845
-171.5 23.94607829301133 23.246988181474958
-171.0 23.94250664095774 23.243745713640664
-170.5 23.938950259350868 23.24051312145386
-170.0 23.93537417185047 23.237269134333634
-169.5 23.9318027904013 23.23402367695728
-169.0 23.928216400889617 23.230784566010946
-168.5 23.924643621004282 23.227537957825767
-168.0 23.92106838950143 23.224301063888046
-167.5 23.917492033831294 23.221056476490133
-167.0 23.91390407443412 23.21781636233819
-166.5 23.910313227859504 23.21457161346144
-166.0 23.906731697173427 23.211345784974448
-165.5 23.90316106066543 23.20811383139255
-165.0 23.899579461027187 23.2048698552263
-164.5 23.896001673616468 23.201650664820225
-164.0 23.89243499436402 23.19841995839957
-163.5 23.888853369545274 23.19518297020894
-163.0 23.885286732010805 23.19197334708282
-162.5 23.88172503500572 23.188743713216773
-162.0 23.878165537597404 23.185526606987512
-161.5 23.87461115345303 23.18230647265967
-161.0 23.871057557071165 23.179102406978306
-160.5 23.867513005975326 23.17589579584388
-160.0 23.86397912597713 23.17267856622369
-159.5 23.860449873085905 23.16947724581809
-159.0 23.856928056405977 23.166299196305285
-158.5 23.853412549337264 23.163094247801066
-158.0 23.84986673816648 23.159910236272005
-157.5 23.846388050315966 23.156737054641447
-157.00000000000006 23.842879529536546 23.153563784221305
-156.5 23.839406682621338 23.150379920685
-156.0 23.835922469260645 23.147233269823417
-155.50000000000006 23.83243964413576 23.144062101264304
-155.0 23.828991191491138 23.14091312823421
-154.5 23.825534754998262 23.137769417633656
-154.00000000000006 23.82209911335238 23.134627744049922
-153.5 23.818665777980623 23.13150345689897
-153.0 23.815248741891626 23.12837861028467
-152.50000000000006 23.811849469544963 23.125265283858806
-152.0 23.80843628006691 23.122144655030446
-151.5 23.80505913634594 23.119044751857075
-151.00000000000006 23.801698233800042 23.115937485151562
-150.5 23.79832274414204 23.112845541502082
-150.0 23.794986175890195 23.109764174218913
-149.50000000000006 23.791661104842383 23.106699557139386
-149.0 23.788342388594724 23.10361852635775
-148.5 23.785030373993607 23.100567852771103
-148.00000000000006 23.781736307769954 23.097519598437557
-147.5 23.778452791309924 23.094481902146278
-147.0 23.77518881894433 23.09144620347665
-146.50000000000006 23.771950422324586 23.088419719604683
-146.0 23.768722494132255 23.08541093966635
-145.5 23.76549800535619 23.082408065116113
-145.00000000000006 23.76230484264623 23.07941732269702
-144.5 23.759108483695464 23.07642542723469
-144.0 23.75593454023633 23.073445483905893
-143.50000000000006 23.752795455785467 23.07048797616467
-143.0 23.749660423945066 23.067521140492175
-142.5 23.746546876513538 23.064576855896775
-142.00000000000006 23.74343824481326 23.061635610045222
-141.5 23.74035722065522 23.058721152363496
-141.0 23.737285979519566 23.055804986331676
-140.50000000000006 23.734255561846687 23.05288923815887
-140.0 23.731220813569696 23.05000094978824
-139.5 23.72820833652186 23.047114748778085
-139.00000000000006 23.725214851753236 23.044237517472798
-138.5 23.722241047411817 23.04137385493929
-138.0 23.71928982771164 23.038531727878762
-137.50000000000006 23.716356842689944 23.03568011681564
-137.0 23.713423104742258 23.032840059306146
-136.5 23.710538364574596 23.03003769343915
-136.00000000000006 23.707668911718542 23.027233211249726
-135.5 23.70481777240527 23.024441394484537
-135.0 23.701983794496936 23.021661939942383
-134.50000000000006 23.69917215397614 23.018892115431502
-134.0 23.69638240555024 23.01613514536352
-133.5 23.69361668707311 23.013387358401292
-133.00000000000006 23.690835819514312 23.010644854265475
-132.5 23.68808306964182 23.007909041448418
-132.0 23.685336675930134 23.00517617375903
-131.50000000000006 23.68259097952546 23.002453958587314
-131.0 23.679859806623796 22.99972383071679
-130.5 23.677131232286115 22.997017191803913
-130.00000000000006 23.674403793712422 22.99430578029164
-129.5 23.671684281610386 22.991598565737323
-129.0 23.66898604179212 22.988895204798744
-128.50000000000006 23.666295276085872 22.986204427708014
-128.0 23.66359910414446 22.983515057860046
-127.5 23.660915774220285 22.980823390208705
-127.00000000000006 23.658258165534626 22.978163382750164
-126.5 23.655596417677536 22.975484622350745
-126.0 23.652943777211526 22.97281762110159
-125.50000000000006 23.650305677756123 22.970164482528435
-125.0 23.647662557962494 22.96751682683132
-124.5 23.645050305138888 22.964864578864695
-124.00000000000006 23.642433658521522 22.962214844459044
-123.5 23.63981585183321 22.95958234194235
-123.0 23.637223385015687 22.956952671931113
-122.50000000000006 23.634637168315496 22.9543339495956
-122.0 23.632061397784426 22.951724836457487
-121.5 23.629505446640668 22.949115549424217
-121.00000000000006 23.626952248614458 22.946515115391477
-120.5 23.624401631113784 22.943913201615747
-120.0 23.621880331446448 22.941324604344683
-119.50000000000006 23.619358736256792 22.93873665965535
-119.0 23.61683698304075 22.93617037640241
-118.5 23.614346081030632 22.933592219640314
-118.00000000000006 23.611853742626817 22.931043270406782
-117.5 23.60938243396824 22.92848131135853
-117.0 23.6068980834456 22.92593885056725
-116.50000000000006 23.60446114499934 22.92339880591331
-116.0 23.60201209374825 22.92085983467462
-115.5 23.59958523850272 22.918333587227806
-115.00000000000006 23.597161248322575 22.915816686212523
-114.5 23.594747927544248 22.91330703904312
-114.0 23.59235782114547 22.910802688676014
-113.50000000000006 23.589987726723592 22.9083045684188
-113.0 23.58760651009204 22.905813318151992
-112.5 23.585257072255096 22.90332985873011
-112.00000000000006 23.582894901527887 22.90085738917422
-111.5 23.58056997240685 22.898384891064183
-111.0 23.57825115839492 22.895927297835648
-110.50000000000006 23.57594350534978 22.893475761892404
-110.0 23.573651614379024 22.89102727906233
-109.5 23.571362801056214 22.888594422625665
-109.00000000000006 23.569103106223146 22.886164523072054
-108.5 23.56683935234968 22.883748922131847
-108.0 23.564607583524268 22.88133760294004
-107.50000000000006 23.562372776258606 22.878922257094956
-107.0 23.560158849882782 22.876527101732375
-106.5 23.557959085006466 22.874135694379106
-106.00000000000006 23.55576697001975 22.871762195870986
-105.5 23.55359825946728 22.869383322560516
-105.0 23.55143190786308 22.867024149242162
-104.50000000000006 23.549295260848197 22.8646611527655
-104.0 23.547156952549514 22.862315850355238
-103.5 23.545045992534234 22.859975608744666
-103.00000000000006 23.542935133537792 22.85764162536187
-102.5 23.540850419033028 22.855322434415054
-102.0 23.538765378710806 22.85300633535279
-101.50000000000006 23.53670565657445 22.85069571746802
-101.0 23.534674254300047 22.84839840672358
-100.5 23.532644197226826 22.84610775909747
-100.00000000000006 23.530631196194506 22.843833675812583
-99.5 23.528614272052813 22.841557860900657
-99.0 23.526637119594835 22.839291949509274
-98.50000000000006 23.524661318454893 22.837034674950793
-98.0 23.522710798976423 22.834790509095267
-97.5 23.520768241362397 22.832558801816806
-97.00000000000006 23.518858482366095 22.830322565320834
-96.5 23.516937160004833 22.828101393450744
-96.0 23.51504868294327 22.825886622943262
-95.50000000000006 23.513174143909215 22.82368638883224
-95.0 23.511315913617004 22.82149257098936
-94.5 23.509465408119713 22.819308013145005
-94.00000000000006 23.507621940057682 22.81713093536065
-93.5 23.50579826908441 22.814950908903086
-93.0 23.50398959506037 22.812790132730086
-92.50000000000006 23.5021849013409 22.810630917623985
-92.0 23.50037891904087 22.808478038970776
-91.5 23.498607933892504 22.80632772768258
-91.00000000000006 23.496837902615248 22.804194780769016
-90.5 23.49508594172508 22.80206452391917
-90.0 23.493323319164627 22.79993620062088
-89.50000000000006 23.491584540624032 22.797814507146413
-89.0 23.489850409109838 22.79569882394471
-88.5 23.488131813817642 22.79359167241223
-88.00000000000006 23.48642318292246 22.791499680408684
-87.5 23.48473489094069 22.789395808474925
-87.0 23.483046403296953 22.78731356492426
-86.50000000000006 23.481363261078915 22.785229564381734
-86.0 23.47969274639473 22.783151965847534
-85.5 23.478044301175125 22.781081873158797
-85.00000000000006 23.476394826259444 22.779020239272008
-84.5 23.47475236531173 22.77695687650223
-84.0 23.47313703136855 22.774910933461783
-83.50000000000006 23.471517807800485 22.77286926759168
-83.0 23.469919188671284 22.770824714143266
-82.5 23.4683182334536 22.768799488810693
-82.00000000000006 23.466737004020757 22.76676654297286
-81.5 23.465168351176885 22.76474678391167
-81.0 23.463603311152085 22.762740630760465
-80.50000000000006 23.462058614409802 22.760732609109937
-80.0 23.46050539340828 22.75873017324038
-79.5 23.45898104244195 22.75673040487918
-79.00000000000006 23.457453331291255 22.754745497048688
-78.5 23.455945202152513 22.752761098027538
-78.0 23.454454093708208 22.75077672915357
-77.50000000000006 23.45295933806493 22.748809701900218
-77.0 23.451476869436267 22.746844730855287
-76.5 23.45000180957197 22.74488883235337
-76.00000000000006 23.44854821899562 22.742927862158496
-75.5 23.447105460400532 22.740981355068346
-75.0 23.44566225659948 22.73902666379548
-74.50000000000006 23.44424434307946 22.73710430140758
-74.0 23.442815284809978 22.73517453411268
-73.5 23.441413180600392 22.733239061629785
-73.00000000000006 23.440007582653593 22.731323286147138
-72.5 23.43862335348991 22.729412141243053
-72.0 23.437244260380233 22.727501526176
-71.50000000000006 23.435877602339765 22.725600587112105
-71.0 23.434526014187284 22.723706531872445
-70.5 23.43317576937079 22.72181941884987
-70.00000000000006 23.431849183978155 22.719933788251634
-69.5 23.43052319481042 22.718053224752488
-69.0 23.42921304403587 22.71617679615666
-68.50000000000006 23.427903171666795 22.714319488276363
-68.0 23.42660791819407 22.712451831282785
-67.5 23.42532241209456 22.710601007515486
-67.00000000000006 23.424046622165537 22.7087442126544
-66.5 23.42279125266399 22.706894895727796
-66.0 23.421524635658194 22.70505190147705
-65.50000000000006 23.420282741904046 22.70321994996035
-65.0 23.419050739722135 22.7013902292135
-64.5 23.417831062586252 22.699568872496073
-64.00000000000006 23.416612399018316 22.69775526493193
-63.5 23.415407625652907 22.695941352204652
-63.0 23.41422098719608 22.694129543791604
-62.50000000000006 23.413039072676884 22.692330316562742
-62.0 23.411873906126175 22.690529097675302
-61.5 23.410716716532313 22.68874435360081
-61.00000000000006 23.409562406011815 22.68695741280212
-60.5 23.408422162906444 22.68517536590489
-60.0 23.407289902394503 22.683404953942592
-59.50000000000006 23.4061713842368 22.6816417398098
-59.0 23.40506623476717 22.67987217563048
-58.5 23.40396419840593 22.678117881301393
-58.00000000000006 23.402864001499417 22.67636113060891
-57.5 23.401776959079548 22.67461159070432
-57.0 23.400715073739363 22.672869067803884
-56.50000000000006 23.3996574942497 22.671132654110817
-56.0 23.39860485566394 22.669396110709656
-55.5 23.39756963300541 22.667672731740524
-55.00000000000006 23.396549071445627 22.66594644075863
-54.5 23.395513539660854 22.66422539458189
-54.0 23.394499650649184 22.662524086781993
-53.50000000000006 23.39349777601829 22.660814078893424
-53.0 23.392496231608067 22.6590993884367
-52.5 23.39151208116978 22.657412978524725
-52.00000000000006 23.390524947332615 22.655719987025297
-51.5 23.389560016689103 22.654023617106425
-51.0 23.38859369241765 22.652345124997822
-50.50000000000006 23.387643709288778 22.650669722129606
-50.0 23.38669495310809 22.648987154279794
-49.5 23.385757366733614 22.64731508155169
-49.00000000000006 23.384832648162337 22.645646662933427
-48.5 23.383910135269748 22.643995868678893
-48.0 23.38299794702047 22.64232894878026
-47.50000000000006 23.382093374611603 22.640684968358237
-47.0 23.381204335802714 22.639031436598135
-46.5 23.380313521487594 22.63739382173646
-46.00000000000006 23.37943967822101 22.635759335236504
-45.5 23.378567121528096 22.634130389290416
-45.0 23.37770716382431 22.632495056200284
-44.50000000000006 23.376860667189135 22.63087165134237
-44.0 23.376006242079853 22.62925360378642
-43.5 23.37518862669438 22.62763168093299
-43.00000000000006 23.374360232478463 22.62602894985326
-42.5 23.373536688934905 22.624420684639198
-42.0 23.372739144613522 22.62281480968175
-41.50000000000006 23.37194358972463 22.621217002905112
-41.0 23.37115293536332 22.619625807907347
-40.5 23.370363802276586 22.618040886542673
-40.00000000000006 23.369590013420122 22.61645724873263
-39.5 23.36883970533443 22.6148849287666
-39.0 23.368086293408826 22.613310407835566
-38.50000000000006 23.367334149750256 22.611737757403514
-38.0 23.366600731530276 22.6101705397501
-37.5 23.36588987231139 22.608609411451827
-37.00000000000006 23.36516062676874 22.607060133585545
-36.5 23.36445876322874 22.605508414651958
-36.0 23.363758021710886 22.603960157308926
-35.50000000000006 23.363069032999864 22.602416724920094
-35.0 23.362393978848047 22.600886322932062
-34.5 23.361717815983212 22.59935187030324
-34.00000000000006 23.361059860740355 22.597823387721135
-33.5 23.360405866371533 22.59629196724537
-33.0 23.359756983295412 22.594786490442008
-32.50000000000006 23.35912887381786 22.59327030380948
-32.0 23.358511614951492 22.59175890465287
-31.5 23.357895040369435 22.59025638113062
-31.000000000000057 23.357285570335623 22.588750130470665
-30.5 23.356697119083933 22.587249121734185
-30.0 23.356102860765716 22.58575926579436
-29.5 23.35552957425135 22.584272523559772
-29.0 23.354952706830133 22.582791831032267
-28.5 23.354396693104448 22.581307533786426
-28.0 23.353855131200483 22.579832358690712
-27.5 23.353306917966613 22.578360963311205
-27.0 23.352779870822722 22.576902589432457
-26.5 23.352262813582485 22.575438237317517
