FastTrWP/PhaseSpace/IAs/snIa_0.49_30.00_-1.01_0.08.csv
# %ECSV 0.9
# ---
# datatype:
# - {name: time-rel, datatype: float64}
# - {name: g, datatype: float64}
# - {name: i, datatype: float64}
# schema: astropy-2.0
time-rel g i
[from data line 1074]
163.0 23.812283646982515 22.33269353026321
163.5 23.8138852954591 22.332851328115247
163.9999999999999 23.815486880548185 22.333007256697634
164.5 23.817106596110907 22.33317615421325
165.0 23.818704109812288 22.333331598087042
165.4999999999999 23.820323263625923 22.333503845567027
166.0 23.82193028581696 22.33366752935747
166.5 23.823557064411798 22.33383574827011
166.9999999999999 23.825185333526754 22.33400541421021
167.5 23.826801644752997 22.33418123766071
168.0 23.828434114347065 22.33435220156124
168.4999999999999 23.83007270634677 22.334527123621942
169.0 23.831696970092914 22.33470481591104
169.5 23.833342033804836 22.33489007179925
169.9999999999999 23.834988428921157 22.335062875403807
170.5 23.836637205600233 22.335250425477145
171.0 23.838288724015392 22.335438543136462
171.4999999999999 23.839950098092963 22.33562134004845
172.0 23.841622283258296 22.335811197903503
172.5 23.843285355233256 22.336006163640736
172.9999999999999 23.844940176633674 22.33619915389347
173.5 23.84661760756358 22.336394499142067
174.0 23.848288591469963 22.336594651118364
174.4999999999999 23.849974787542735 22.33678993501276
175.0 23.85164842957254 22.33699132581528
175.5 23.853333423624896 22.33718927816956
175.9999999999999 23.85501882992974 22.337396875549636
176.5 23.856712107261593 22.337600144414566
177.0 23.85841668751301 22.337802779292737
177.4999999999999 23.86010603863196 22.338013777511506
178.0 23.861816303907037 22.33822343335989
178.5 23.86352386854069 22.338437865930985
178.9999999999999 23.865214792067164 22.338656397118793
179.5 23.866949389234975 22.338870894620154
180.0 23.868662238968156 22.339085664381862
180.4999999999999 23.870381917425902 22.339302808473256
181.0 23.87210831256439 22.339527036463245
181.5 23.87383069102482 22.339745014612696
181.9999999999999 23.875554896314576 22.339974639686893
182.5 23.877296770130112 22.34020369830725
183.0 23.87904641494547 22.34042936858833
183.4999999999999 23.880771732971123 22.340658034641862
184.0 23.882515987848944 22.3408966055125
184.5 23.884259432335256 22.341119521091596
184.9999999999999 23.886039295754124 22.341351600500715
185.5 23.887768973859878 22.34159821699422
186.0 23.889521829153026 22.341830958624186
186.4999999999999 23.89128420218151 22.342070496262174
187.0 23.89305375580152 22.342315266731063
187.5 23.894826770361984 22.342556697201115
187.9999999999999 23.89658012321548 22.342808020693745
188.5 23.898363911206562 22.34304953009943
189.0 23.90013703235104 22.34329549328539
189.4999999999999 23.90192290479286 22.343548495499583
190.0 23.903705008939404 22.343797314276948
190.5 23.90549158508702 22.344051761342456
190.9999999999999 23.90727948208461 22.344302504525913
191.5 23.909074471938936 22.344566895629235
192.0 23.910865252885884 22.344815874395493
192.4999999999999 23.91267176418041 22.34507395335651
193.0 23.91447474767489 22.345345698734075
193.5 23.91628236262651 22.34560595910654
193.9999999999999 23.91808613072737 22.345864466460338
194.5 23.9199016986637 22.346132977325652
195.0 23.921719561401726 22.34639827835153
195.4999999999999 23.923538953417225 22.346667316966496
196.0 23.925370654077753 22.346943805583845
196.5 23.927209450293468 22.34721341849319
196.9999999999999 23.9290432220832 22.347488383984768
197.5 23.930890162503516 22.347761202333352
198.0 23.932757662739057 22.34803821621474
198.4999999999999 23.93462514072647 22.34831979575705
199.0 23.93646667925099 22.348601228184123
199.5 23.93834997138288 22.34888672293495
199.9999999999999 23.94022640116791 22.349170810578464
200.5 23.942111828127793 22.349457480054966
201.0 23.943973857276013 22.349748580182812
201.4999999999999 23.9458819349462 22.350035158127625
202.0 23.94777352518841 22.350329096953207
202.5 23.94968969461616 22.35062195732505
202.9999999999999 23.951573508298214 22.350912649058884
203.5 23.953490587964787 22.35121256814765
204.0 23.955426638091105 22.351505443734716
204.4999999999999 23.95733979953585 22.351813307552778
205.0 23.959259831350476 22.352113291020448
205.5 23.961195946879016 22.352418688961176
205.9999999999999 23.963144872176322 22.35272048113595
206.5 23.965080724427565 22.353029605826205
207.0 23.967014095578037 22.3533375468078
207.4999999999999 23.9689724717619 22.35364508377909
208.0 23.970911312296444 22.35396344961768
208.5 23.972873955539804 22.354273247803636
208.9999999999999 23.97482671536349 22.354591866685972
209.5 23.976801092359242 22.35490895373518
210.0 23.97875478791788 22.355224761782807
210.4999999999999 23.980737221195305 22.3555511276426
211.0 23.982696080675474 22.355874138884985
211.5 23.984670086385066 22.356199892481076
211.9999999999999 23.986659405020283 22.356522180056118
212.5 23.988633014156665 22.35685079627561
213.0 23.990623957611827 22.3571837804336
213.4999999999999 23.992619490489297 22.357520499805755
214.0 23.994598688307814 22.357857716988473
214.5 23.996595429705305 22.358192545465855
214.9999999999999 23.998578560170575 22.358525036937458
215.5 24.000592335348845 22.358863850390808
216.0 24.002595243882034 22.359213977218428
216.4999999999999 24.004594410384577 22.3595542102232
217.0 24.006590619312572 22.359898492471096
217.5 24.008595780449028 22.360244714334353
217.9999999999999 24.010590891376648 22.36059232288465
218.5 24.012600076706367 22.360946363162483
219.0 24.014626498388125 22.3613036321007
219.4999999999999 24.0166279057149 22.361649619622725
220.0 24.018646268703687 22.362009972153718
220.5 24.02065157989888 22.362366061030585
220.9999999999999 24.022664243090283 22.362729178484237
221.5 24.02469586745264 22.363091030903803
222.0 24.026678492106367 22.363456839093207
222.4999999999999 24.028725641998694 22.363820674814594
223.0 24.03072865602439 22.364184816773275
223.5 24.032749835160296 22.364558684297336
223.9999999999999 24.03475297692827 22.36492929572816
224.5 24.036765944676905 22.365301971926094
225.0 24.03877088124659 22.365680274442646
225.4999999999999 24.04080428981892 22.366053682282544
226.0 24.042822367256164 22.36642853642835
226.5 24.044840871513355 22.366811729516726
226.9999999999999 24.046847689834124 22.367206713380696
227.5 24.04884608424828 22.367586230546365
228.0 24.05087907386588 22.367968110991484
228.4999999999999 24.052886620575077 22.36835765597089
229.0 24.054892060003024 22.368756552609348
229.5 24.056900463051385 22.369149124256573
229.9999999999999 24.058905479100332 22.369540986683468
230.5 24.060910473249457 22.369938069176825
231.0 24.062918181875247 22.37033371590329
231.4999999999999 24.064920664777457 22.37073755625054
232.0 24.066929273259245 22.371139856749792
232.5 24.068931592728234 22.371547302415262
232.9999999999999 24.070953646880028 22.37195364814503
233.5 24.072971488062684 22.372364351011132
234.0 24.074983259967027 22.37278311456396
234.4999999999999 24.07699050094051 22.373185157228477
235.0 24.07901919202662 22.37360542900062
235.5 24.08105035381356 22.374016306243586
235.9999999999999 24.083056205622434 22.374437194297684
236.5 24.08507739356193 22.374860575327233
237.0 24.087109871149273 22.37528598285175
237.4999999999999 24.08914834694954 22.375709071591885
238.0 24.091169101472524 22.37613690191836
238.5 24.093199063075325 22.376568185705942
238.9999999999999 24.095221388595682 22.377000424896956
239.5 24.097249941273752 22.377435955081616
240.0 24.099300646502016 22.37786667668339
240.4999999999999 24.101333167565993 22.37830806790649
241.0 24.103368057601493 22.378742329702007
241.5 24.105410069417616 22.379180631286538
241.9999999999999 24.107444392490205 22.379626618920526
242.5 24.109485739546564 22.380074107456753
243.0 24.11153056335534 22.380519319221897
243.4999999999999 24.113571534574536 22.38096655504315
244.0 24.115625387203153 22.381417469274872
244.5 24.117675599348058 22.381883198624664
244.9999999999999 24.11970377444291 22.38233462707164
245.5 24.121772805893066 22.382786598771677
246.0 24.12380648769203 22.383247338857643
246.4999999999999 24.125857589549927 22.383705938426353
247.0 24.127926452433606 22.38416824617326
247.5 24.129969890542846 22.384641047463525
247.9999999999999 24.1320267525751 22.38509755899763
248.5 24.134080521607274 22.3855736380256
249.0 24.136135178919965 22.386037440916088
249.4999999999999 24.13818710137757 22.38650749522354
250.0 24.140247055424354 22.38698816107346
250.5 24.142291411500505 22.387466086251703
250.9999999999999 24.144365933879705 22.387943692889575
251.5 24.14642778474765 22.38842273552972
252.0 24.148488427638895 22.388904140575395
252.4999999999999 24.150536635268036 22.38938872126061
253.0 24.15260915135521 22.389873667102126
253.5 24.1546722511535 22.39036119812567
253.9999999999999 24.15672203856571 22.39085310614485
254.5 24.158796099698208 22.39134180898006
255.0 24.160863168359867 22.391833262729772
255.4999999999999 24.162935793080504 22.39232873466442
256.0 24.164991528119316 22.392824310506455
256.5 24.167069279162725 22.393334240800492
256.9999999999999 24.16912528788432 22.39383327509271
257.5 24.17119538143676 22.394332302931762
258.0 24.173259276208917 22.39483834629871
258.4999999999999 24.175342019190307 22.39534315442477
259.0 24.177386893740376 22.3958532279319
259.5 24.179474775823127 22.396363169812243
259.9999999999999 24.18153903888893 22.396876733561975
260.5 24.183598278108374 22.397388594374576
261.0 24.185654259613205 22.39790693213472
261.4999999999999 24.187728214548116 22.398424693319665
262.0 24.189813279422946 22.398939858538608
262.5 24.19186561893021 22.399469504058793
262.9999999999999 24.19394929948247 22.399991567183882
263.5 24.196015771682276 22.40050968570946
264.0 24.19807950342863 22.401036340598473
264.4999999999999 24.200149488438065 22.40156772274513
265.0 24.202215968052734 22.40209929528181
265.5 24.204301755731564 22.402633985857847
265.9999999999999 24.206366067726176 22.403165449447226
266.5 24.208426229753822 22.40370440734269
267.0 24.210494008874306 22.404240682212762
267.4999999999999 24.21256586782964 22.404782491981127
268.0 24.214618235172377 22.405331098440612
268.5 24.2166811820934 22.405866792898177
268.9999999999999 24.2187769187991 22.40641645177633
269.5 24.220837605177493 22.40696225455806
270.0 24.222914810158898 22.407515091821487
270.4999999999999 24.224980723468008 22.408067194091995
271.0 24.22704824688807 22.408627722046184
271.5 24.229116934330328 22.409175046222714
271.9999999999999 24.231185304392994 22.409740562452242
272.5 24.233240860086237 22.410304047887326
273.0 24.235306370271875 22.410861711236763
273.4999999999999 24.237395038121544 22.41143309064277
274.0 24.239457171158175 22.411991942545733
274.5 24.241522766481292 22.412568893148336
274.9999999999999 24.243609833237443 22.41313732618364
275.5 24.24566440716424 22.41370563194316
276.0 24.24774334462157 22.414288765248074
276.4999999999999 24.249796748684886 22.414869463666424
277.0 24.251885951413577 22.41544476480285
277.5 24.253955396526102 22.41601966978521
277.9999999999999 24.256037844811445 22.41660745482943
278.5 24.258097026895626 22.41719527173654
279.0 24.260182218059192 22.417786474694623
279.4999999999999 24.262246753821522 22.418373111963646
280.0 24.264318261347128 22.41896106644628
280.5 24.26639010253104 22.41956077453313
280.9999999999999 24.26846021541607 22.42015345331723
281.5 24.270536019286986 22.420751834533874
282.0 24.27262207284727 22.421354178904878
282.4999999999999 24.274660233873135 22.421954022548583
283.0 24.27676991231451 22.42256055994627
283.5 24.27882806393125 22.42316684512131
283.9999999999999 24.280903557617513 22.423769547809673
284.5 24.282988223068195 22.424387654673158
285.0 24.285063173218 22.424992767477217
285.4999999999999 24.28713754270801 22.425612177602794
286.0 24.289230666050727 22.426215781444725
286.5 24.29130351852395 22.426843609419063
286.9999999999999 24.293360093872003 22.42746484825727
287.5 24.295465616780703 22.428088629286066
288.0 24.297531560326185 22.42870565019302
288.4999999999999 24.299614640136017 22.42932710880452
289.0 24.301688067363795 22.429962073187333
289.5 24.30377881217868 22.43058583269648
289.9999999999999 24.30585462486246 22.431221301685703
290.5 24.30793187527826 22.431858894275564
291.0 24.31002516100638 22.43248743481184
291.4999999999999 24.312108419677628 22.433127125549454
292.0 24.314192858922308 22.433761318025955
292.5 24.316281470839293 22.434411913251445
292.9999999999999 24.318360095739227 22.435046355743573
293.5 24.32044427945222 22.435694119176908
294.0 24.32253661065988 22.436341859751067
294.4999999999999 24.32461567235513 22.43698993752135
295.0 24.326703797827637 22.43763882000564
295.5 24.32880656774163 22.438284227665378
295.9999999999999 24.3308868543308 22.43894651795236
296.5 24.332981903454595 22.439602817914107
297.0 24.335070882092197 22.440259215790185
297.4999999999999 24.33714982860647 22.440915556802942
298.0 24.33924020689282 22.44158221720837
298.5 24.34133041436283 22.442251270379202
298.9999999999999 24.343419943523145 22.442911138613375
299.5 24.345520669599146 22.44358040611326
300.0 24.347620233906344 22.444243696598022
300.4999999999999 24.349720553214663 22.444919915225704
301.0 24.35182246243826 22.44558725090975
301.5 24.35391133070049 22.446263343625283
301.9999999999999 24.35600631757236 22.44694064798526
302.5 24.35811171438686 22.447617035389065
303.0 24.36021288029493 22.448307568700553
303.4999999999999 24.36230705254615 22.448988982428823
304.0 24.36440004387969 22.449669647327397
304.5 24.366496233383867 22.450350567847913
304.9999999999999 24.36861020770257 22.451047181692388
305.5 24.37068857974058 22.451738353147384
306.0 24.372803167090176 22.45242945010899
306.4999999999999 24.3749150770776 22.453118191691335
307.0 24.376999682756445 22.45382136222835
307.5 24.379107087304853 22.454517652855582
307.9999999999999 24.38119294672815 22.455226410222295
308.5 24.38328367563423 22.45593017184391
309.0 24.38541368093464 22.456632573741324
309.4999999999999 24.387509587730577 22.45734176314347
310.0 24.38960032393132 22.458046524702514
310.5 24.391716960921805 22.45876022842144
310.9999999999999 24.39380325034208 22.45947880301256
311.5 24.395913748834236 22.460189520128054
312.0 24.398009906773627 22.460916647430572
312.4999999999999 24.400094191213796 22.461625576456182
313.0 24.402208073639834 22.462350385389314
313.5 24.404315573139932 22.46307802654776
313.9999999999999 24.406398562692566 22.463806152169454
314.5 24.408518241547643 22.46453679269822
315.0 24.41063371058926 22.465270175689152
315.4999999999999 24.412729198915315 22.466011166763757
316.0 24.414831619397187 22.466735598648356
316.5 24.416921663384148 22.467471996694464
316.9999999999999 24.419039445865657 22.46821419081073
317.5 24.421170387287457 22.468958102232154
318.0 24.42325365955221 22.469692397546286
318.4999999999999 24.42536173606342 22.470442263544296
319.0 24.427485554498467 22.471191162412175
319.5 24.429568618800452 22.471941547618975
319.9999999999999 24.4316804917233 22.47269162152218
320.5 24.43380599816741 22.47344680545126
321.0 24.435894486948676 22.47420184449784
321.4999999999999 24.43800397490095 22.474961945719993
322.0 24.44011870474503 22.47572011568455
322.5 24.442226317762984 22.47648038904
322.9999999999999 24.444343119399964 22.477245709850457
323.5 24.44643535965445 22.47801985143952
324.0 24.448549153839878 22.478779000010014
324.4999999999999 24.450683515056024 22.47955540686686
325.0 24.452777724850364 22.480325988469133
325.5 24.4549010568092 22.481103824904732
325.9999999999999 24.45699747029345 22.48187065933778
326.5 24.459127355125236 22.48266054192117
327.0 24.461220105352545 22.483439407230385
327.4999999999999 24.46334572409166 22.48422135639337
328.0 24.465470926292817 22.485001155401818
328.5 24.46759253786 22.48579016260724
328.9999999999999 24.46969420191418 22.486581220130766
329.5 24.471808381348026 22.487370366923205
330.0 24.473946553471087 22.488170544136892
330.4999999999999 24.47604902813074 22.48895912771669
331.0 24.478188903081552 22.489752030980796
331.5 24.48030196415738 22.490562423846498
