FastTrWP/PhaseSpace/IAs/snIa_0.41_30.00_0.72_0.12.csv
# %ECSV 0.9
# ---
# datatype:
# - {name: time-rel, datatype: float64}
# - {name: g, datatype: float64}
# - {name: i, datatype: float64}
# schema: astropy-2.0
time-rel g i
175.60416666666666 26.989785188764618 24.983496657625864
176.10416666666663 26.966231197351917 24.97417677078365
176.60416666666666 26.9431077062192 24.964902798174716
177.10416666666666 26.92020071284076 24.955679081714276
177.60416666666663 26.897623103646687 24.946499756307507
178.10416666666666 26.875342615236878 24.937337450293526
178.60416666666666 26.8534327291582 24.928246260554204
179.10416666666663 26.83171389784542 24.919153195994124
179.60416666666666 26.810296118598245 24.91014127384398
180.10416666666666 26.789137103283835 24.90115038786838
180.60416666666663 26.768263421114348 24.892215999853157
181.10416666666666 26.7476280693462 24.883314660168487
181.60416666666666 26.727280398617236 24.87445391460418
182.10416666666663 26.707162962761654 24.865620529319145
182.60416666666666 26.687245521139843 24.85687317662442
183.10416666666666 26.667634535614837 24.848141687150232
183.60416666666663 26.64827118775706 24.839428140746016
184.10416666666666 26.629052494534967 24.83077187288331
184.60416666666666 26.610146094126428 24.822170049611152
185.10416666666663 26.591404682060382 24.813601550548764
185.60416666666666 26.57290329887612 24.805082296048575
186.10416666666666 26.554566685316715 24.79659352378605
186.60416666666663 26.53650312670097 24.788160842049606
187.10416666666666 26.518634250629233 24.779744742655527
187.60416666666666 26.500901718726908 24.77137672931175
188.10416666666663 26.48334166055808 24.76301192987689
188.60416666666666 26.465862619286895 24.754711757926056
189.10416666666666 26.44852168588423 24.746394772187287
189.60416666666663 26.431418038847056 24.738121768408657
190.10416666666666 26.414335490882127 24.72987158089871
190.60416666666666 26.397443150547225 24.72163127200305
191.10416666666663 26.380629477767997 24.713435248624805
191.60416666666666 26.364005071272494 24.70526655984248
192.10416666666666 26.34747348058539 24.69710103466493
192.60416666666663 26.331117106854116 24.688984828812373
193.10416666666666 26.314838698198276 24.68089027352384
193.60416666666666 26.298765807325047 24.672816089075866
194.10416666666663 26.28271644778634 24.664764947356662
194.60416666666666 26.2668693057294 24.656731897544862
195.10416666666666 26.251123172778378 24.648737678883897
195.60416666666663 26.23548203393927 24.640790420643558
196.10416666666666 26.219962997878575 24.632825153099244
196.60416666666666 26.20458250640736 24.62493198364601
197.10416666666663 26.189324955507338 24.61704991241719
197.60416666666666 26.17420668172602 24.609186337488566
198.10416666666666 26.159197867713686 24.601348908715025
198.60416666666663 26.14425263930201 24.593547287984634
199.10416666666666 26.129476471195186 24.585771035576393
199.60416666666666 26.114822748070754 24.578024303809833
200.10416666666663 26.10027347837297 24.570298853273798
200.60416666666666 26.085811169389782 24.56260992722528
201.10416666666666 26.071463947319586 24.55494955025174
201.60416666666663 26.057274350849223 24.547319581585295
202.10416666666666 26.043133053683167 24.539722363287773
202.60416666666666 26.02913702577964 24.5321394191198
203.10416666666663 26.015261826516216 24.524584555068113
203.60416666666666 26.001452231828814 24.51704682881539
204.10416666666666 25.98775991191472 24.509571270129182
204.60416666666663 25.97417443416247 24.502104347985014
205.10416666666666 25.96073423285074 24.494668507203876
205.60416666666666 25.947348395663443 24.487262620130284
206.10416666666663 25.934090179243128 24.479875436096847
206.60416666666666 25.920886440773426 24.472545990235535
207.10416666666666 25.907812539718137 24.465210865052605
207.60416666666663 25.894839902774024 24.457922279188672
208.10416666666666 25.88198211452557 24.45068384798223
208.60416666666666 25.86921777548998 24.44341854352089
209.10416666666663 25.85653715769655 24.43623584121315
209.60416666666666 25.843953017856837 24.42905599341664
210.10416666666666 25.831462003952687 24.42190175512325
210.60416666666663 25.81906527584409 24.414788393781542
211.10416666666666 25.806720005821067 24.40772095079562
211.60416666666666 25.794535941576523 24.40064836332489
212.10416666666663 25.782397705657935 24.39360507542784
212.60416666666666 25.77039731212234 24.38662545856769
213.10416666666666 25.75846726304225 24.379634461450074
213.60416666666663 25.74657294951164 24.372689887949104
214.10416666666666 25.734797111975144 24.365797795643346
214.60416666666666 25.723157437591166 24.35887817859518
215.10416666666663 25.71155724602367 24.352023554921484
215.60416666666666 25.70003905253039 24.34520203398251
216.10416666666666 25.68859862573246 24.338395529670983
216.60416666666663 25.677280182563994 24.33162872415658
217.10416666666666 25.666025321071942 24.324899721685348
217.60416666666666 25.654858062324166 24.318181320570538
218.10416666666663 25.643758484571553 24.311497667968283
218.60416666666666 25.63274038380368 24.304851597359338
219.10416666666666 25.621836504495047 24.29820822086734
219.60416666666663 25.61094647870331 24.291615986799595
220.10416666666666 25.60018978446079 24.28503489561825
220.60416666666666 25.58946012370789 24.278495917925596
221.10416666666663 25.578842519904853 24.27199247574718
221.60416666666666 25.568253849238566 24.265482724086294
222.10416666666666 25.55770833105123 24.25899837920079
222.60416666666663 25.547227245850408 24.252513692832302
223.10416666666666 25.536792841146564 24.246080682640425
223.60416666666666 25.526382360551814 24.23964135959021
224.10416666666663 25.516066351470283 24.233225605394573
224.60416666666666 25.505710035127237 24.226821510813107
225.10416666666666 25.495469727961716 24.2204364588205
225.60416666666663 25.48528373393478 24.214073522905096
226.10416666666666 25.475143927185066 24.207734057946155
226.60416666666666 25.465034727938267 24.20140951318169
227.10416666666663 25.45499056769843 24.195096502838652
227.60416666666666 25.444963164761596 24.188814815178155
228.10416666666666 25.435011953849056 24.182528563627123
228.60416666666663 25.425101166033027 24.17629835985395
229.10416666666666 25.415273963062543 24.170053267990504
229.60416666666666 25.405448421780402 24.16383566877666
230.10416666666663 25.395679171119674 24.157662124431685
230.60416666666666 25.38601301458518 24.15147813265994
231.10416666666666 25.376335772506017 24.145319992864472
231.60416666666666 25.366754265099402 24.13917642138905
232.10416666666666 25.35721199968442 24.133074126558178
232.60416666666666 25.34769493841759 24.12699289849058
233.10416666666666 25.33824387109292 24.12091604959543
233.60416666666666 25.328852646178138 24.114874087567788
234.10416666666666 25.31950893272989 24.108826674321776
234.60416666666666 25.31021558738103 24.102808740495426
235.10416666666666 25.301007394285733 24.096832689134708
235.60416666666666 25.291781224539932 24.090852410076117
236.10416666666666 25.282659610436955 24.084909811992773
236.60416666666666 25.27358279576675 24.078989248183923
237.10416666666666 25.264553241925647 24.073083638302556
237.60416666666666 25.255577976139705 24.067203776590326
238.10416666666666 25.24661634294968 24.06133280270259
238.60416666666666 25.237751909055053 24.05550681348543
239.10416666666666 25.22889832203734 24.049674520785146
239.60416666666666 25.22013211089437 24.0438754207969
240.10416666666666 25.21140001111217 24.038102503311855
240.60416666666666 25.202742679647244 24.0323590028667
241.10416666666666 25.194095485530422 24.026630440663848
241.60416666666666 25.185537129065416 24.02092194418642
242.10416666666666 25.177024237855086 24.015234897568106
242.60416666666666 25.168534221600844 24.00958269989188
243.10416666666666 25.16012585379084 24.00393571011488
243.60416666666666 25.151739297959775 23.99831015798259
244.10416666666666 25.143434049785355 23.9927057833987
244.60416666666666 25.13514152541201 23.987136652029974
245.10416666666666 25.126950007248215 23.98158710365469
245.60416666666666 25.118778623450233 23.976067737955496
246.10416666666666 25.110670686740765 23.970556764724968
246.60416666666666 25.102593798839706 23.965078711634167
247.10416666666666 25.09458101767738 23.959626423489357
247.60416666666666 25.086619718108025 23.954189122753412
248.10416666666666 25.078685561112675 23.94877171586597
248.60416666666666 25.07081754635296 23.943370043155532
249.10416666666666 25.06299406858667 23.938010794411046
249.60416666666666 25.05525029042753 23.932657140237502
250.10416666666666 25.047515672492196 23.927342259185423
250.60416666666666 25.039845184553915 23.92204655815389
251.10416666666666 25.032222301052663 23.916769015257124
251.60416666666666 25.024645612629975 23.91152227664986
252.10416666666666 25.01713609285042 23.906282941629414
252.60416666666666 25.00961904789897 23.901080225960012
253.10416666666666 25.00219279752157 23.89589437176398
253.60416666666666 24.994835860913224 23.89074514001427
254.10416666666666 24.987508346905166 23.885610471414374
254.60416666666666 24.980193554533727 23.880491335783546
255.10416666666666 24.972956554296925 23.8753924850637
255.60416666666666 24.965753459624786 23.870313033505713
256.1041666666667 24.958564458359064 23.86524610338643
256.6041666666667 24.9513616482461 23.86020381946459
257.1041666666667 24.944263876395794 23.855159277842382
257.6041666666667 24.93713363297543 23.850125865693172
258.1041666666667 24.9300511452116 23.845119440487103
258.6041666666667 24.922999360517654 23.840133413231953
259.1041666666667 24.915986007168527 23.83513377154195
259.6041666666667 24.908972734874485 23.830170702141583
260.1041666666667 24.902014633369582 23.825221863261877
260.6041666666667 24.895075876893724 23.820276085258428
261.1041666666667 24.888172620707735 23.815349959243825
261.6041666666667 24.881270054450017 23.810443774025416
262.1041666666667 24.874415619622926 23.805561854196718
262.6041666666667 24.867593328214397 23.800679749399976
263.1041666666667 24.860807465267996 23.79582350552314
263.6041666666667 24.854032397417857 23.790971550766642
264.1041666666667 24.84729971730048 23.786140782165592
264.6041666666667 24.840609494245545 23.781316072187657
265.1041666666667 24.833941220849848 23.776519678941185
265.6041666666667 24.827286889719844 23.771733340390306
266.1041666666667 24.82068029024886 23.76695886961469
266.6041666666667 24.81410000726088 23.762204244044266
267.1041666666667 24.80752457846267 23.757477531028847
267.6041666666667 24.80102055359869 23.752743165597256
268.1041666666667 24.794515961247097 23.748043261681797
268.6041666666667 24.788060396013236 23.743340886116417
269.1041666666667 24.781634280045047 23.738653225190106
269.6041666666667 24.775231693282315 23.73401787741615
270.1041666666667 24.768839561507505 23.72937263918251
270.6041666666667 24.762500972019403 23.724742368466224
271.1041666666667 24.75620925416532 23.720131955607403
271.6041666666667 24.749925292179547 23.71554212676998
272.1041666666667 24.743657822234724 23.710964675880813
272.6041666666667 24.73745424443078 23.70638730862585
273.1041666666667 24.731250997430866 23.70184053913858
273.6041666666667 24.725105198559078 23.69732385356334
274.1041666666667 24.718974968353535 23.692807623280277
274.6041666666667 24.71288371213403 23.688309086846022
275.1041666666667 24.706810888690065 23.68382090207006
275.6041666666667 24.700760228489553 23.679366838817376
276.1041666666667 24.694758654652315 23.674906703784792
276.6041666666667 24.688780918583213 23.670484579826343
277.1041666666667 24.68284140396007 23.66606613727432
277.6041666666667 24.676929835767588 23.66166447181731
278.1041666666667 24.671048924167156 23.65730239082515
278.6041666666667 24.665198304986372 23.652923048128915
279.1041666666667 24.659383953013982 23.6485825164431
279.6041666666667 24.653589312606332 23.644245797309654
280.1041666666667 24.64784136530365 23.639943859495155
280.6041666666667 24.642112931587494 23.635652463585778
281.1041666666667 24.63641282150322 23.631360372992454
281.6041666666667 24.630745720126825 23.627102724225686
282.1041666666667 24.625108320419045 23.622850392457387
282.6041666666667 24.61950644786448 23.618629088496466
283.1041666666667 24.613922614759876 23.61441580905162
283.6041666666667 24.608361200591933 23.610225358615722
284.1041666666667 24.602887664298944 23.606038827956045
284.6041666666667 24.597385704856375 23.601895853160855
285.1041666666667 24.591932773653756 23.59774270373425
285.6041666666667 24.5865252503689 23.59360334502859
286.1041666666667 24.581119979083226 23.58949027625171
286.6041666666667 24.575778253923517 23.585423101006487
287.1041666666667 24.570434289303506 23.581326033370495
287.6041666666667 24.565135979344372 23.57727841603111
288.1041666666667 24.55987425384817 23.573236292548323
288.6041666666667 24.55464997434309 23.569210220557046
289.1041666666667 24.54942612482266 23.565205270305793
289.6041666666667 24.54424362497226 23.56120267101078
290.1041666666667 24.53907972585576 23.557232037411715
290.6041666666667 24.533960483738877 23.553263479532326
291.1041666666667 24.52881832942638 23.54931357471274
291.6041666666667 24.523757843588463 23.545381590010738
292.1041666666667 24.51866813089145 23.541443582624048
292.6041666666667 24.513631379771486 23.53754392908941
293.1041666666667 24.508611569960642 23.533648963847284
293.6041666666667 24.50362139488464 23.529766221744065
294.1041666666667 24.498638942413766 23.525897517599393
294.6041666666667 24.493694166585584 23.522041997803747
295.1041666666667 24.488758055592832 23.51819562375318
295.6041666666667 24.483853550344875 23.514382393942668
296.1041666666667 24.47896222204356 23.510563966120994
296.6041666666667 24.474083432621793 23.506755893044495
297.1041666666667 24.469267130264075 23.502965593437466
297.6041666666667 24.464427252964782 23.49918303408817
298.1041666666667 24.45962172585347 23.495421100739783
298.6041666666667 24.454844950262732 23.491670541655935
299.1041666666667 24.450065132428215 23.487928945327617
299.6041666666667 24.445309060632255 23.484192559525987
300.1041666666667 24.440599994953025 23.480476640885207
300.6041666666667 24.435879913233876 23.476765748745603
301.1041666666667 24.43119497028227 23.473074266034043
301.6041666666667 24.426523515495315 23.469391090874726
302.1041666666667 24.421872025451933 23.465716394013665
302.6041666666667 24.417243955978876 23.462058315237133
303.1041666666667 24.4126368030254 23.458406114329456
303.6041666666667 24.408026824911243 23.454768083207696
304.1041666666667 24.403441155553036 23.451138759740246
304.6041666666667 24.398888337363598 23.447523984940663
305.1041666666667 24.394350296556574 23.443923379050673
305.6041666666667 24.3898149645044 23.440315466514285
306.1041666666667 24.38530863744232 23.43674089040759
306.6041666666667 24.380817047155773 23.433162058118743
307.1041666666667 24.376341259618695 23.42958741445646
307.6041666666667 24.371872861912003 23.426039095770047
308.1041666666667 24.367449559874125 23.422486822028816
308.6041666666667 24.363024654008626 23.41895579075633
309.1041666666667 24.358617908877804 23.415436709757948
309.6041666666667 24.354203990220626 23.411914397553172
310.1041666666667 24.349818141970665 23.408409395647638
310.6041666666667 24.34547210510621 23.404918480330473
311.1041666666667 24.341125111321116 23.40143034636839
311.6041666666667 24.336778364748064 23.39794807070859
312.1041666666667 24.332477341453348 23.394493293209763
312.6041666666667 24.32816239952607 23.391032746547292
313.1041666666667 24.323868278627256 23.387584022592623
313.6041666666667 24.319599467646768 23.38413424004116
314.1041666666667 24.315336228172058 23.38069051113105
314.6041666666667 24.311084869299364 23.377287271058293
315.1041666666667 24.306859374405427 23.373859417299894
315.6041666666667 24.302656418265435 23.37045447589084
316.1041666666667 24.298422467172745 23.367061284896494
316.6041666666667 24.294237253387877 23.363674593345223
317.1041666666667 24.290068735465017 23.36029026082005
317.6041666666667 24.285896530920716 23.356922863948107
318.1041666666667 24.281758577981698 23.35356008801002
