FastTrWP/PhaseSpace/IAs/snIa_0.57_30.00_-0.01_-0.03.csv
# %ECSV 0.9
# ---
# datatype:
# - {name: time-rel, datatype: float64}
# - {name: g, datatype: float64}
# - {name: i, datatype: float64}
# schema: astropy-2.0
time-rel g i
[from data line 1771]
479.5 24.84282931202965 22.572747839009196
480.0 24.84456379288126 22.57341354410441
480.5 24.846280705078748 22.5740780912925
481.0 24.84799212598059 22.57474911354469
481.5 24.849715250414267 22.57542401950174
482.0 24.851439598202255 22.576085339048127
482.5 24.853143215628435 22.576755578149566
483.0 24.85487239683946 22.577434015947148
483.5 24.85659391856112 22.57810221677085
484.0 24.858327320088453 22.578768684103316
484.5 24.860043744273568 22.57945295327083
485.0 24.861774862254084 22.580126643511402
485.5 24.863500140148442 22.580798467463246
486.0 24.865224261221478 22.581478202614193
486.5 24.866969285242796 22.582149579716745
487.0 24.8686921491298 22.582826676995694
487.5 24.87041467506293 22.58350279063309
488.0 24.87216286302493 22.584175931117873
488.5 24.873881968817678 22.584859163357077
489.0 24.875609473258326 22.585540021404235
489.5 24.877370627412382 22.58622258772135
490.0 24.879107152885105 22.58690009878666
490.5 24.880850971788156 22.58758146754665
491.0 24.882593354216578 22.58825806436933
491.5 24.88433023147071 22.58894386501115
492.0 24.886072027424436 22.58962679545042
492.5 24.887833938406377 22.59031685491998
493.0 24.889589322174793 22.59099260941305
493.5 24.891340987508528 22.591683654135068
494.0 24.893078894253037 22.592368707351387
494.5 24.894832238801158 22.593045918820437
495.0 24.896602386453797 22.593748773437696
495.5 24.898341919601016 22.59442859556096
496.0 24.900088473751048 22.595121665491607
496.5 24.901864421899997 22.595811116134307
497.0 24.903600814573284 22.59650158465346
497.5 24.90537944613202 22.597187923799574
498.0 24.907126601280684 22.5978849861537
498.5 24.908891921894902 22.598570707362256
499.0 24.910652498427236 22.599267607796392
499.5 24.91241288712407 22.599956307521893
500.0 24.914158501160443 22.60064836657731
500.5 24.91592488707343 22.601342505502643
501.0 24.917703271631403 22.602039591263754
501.5 24.919432074378452 22.60273966107311
502.0 24.921198312150025 22.603431085012843
502.5 24.922979658714365 22.60413301396163
503.0 24.924726795534124 22.60483105474908
503.5 24.926492583413943 22.60553533441776
504.0 24.9282674683483 22.606233565469157
504.5 24.93002580817035 22.60693446552107
505.0 24.931790368508253 22.607632560427827
505.5 24.933539430222517 22.60833469279373
506.0 24.935325720341016 22.609034989810883
506.5 24.937085409481835 22.609743048468584
507.0 24.938856262127093 22.610448557546693
507.5 24.940647212396144 22.611146211831908
508.0 24.942398260258972 22.611862399503515
508.5 24.94416579230687 22.612562390128023
509.0 24.945924863083988 22.61327557965997
509.5 24.947716122836887 22.613988091528533
510.0 24.949479385136428 22.614693460196445
510.5 24.951245901969564 22.6153916745925
511.0 24.9530269731247 22.616110572728665
511.5 24.954802428223864 22.616819244419737
512.0 24.956564154697503 22.617537264257457
512.5 24.958319599477505 22.61824841254697
513.0 24.96014263295281 22.618965342717768
513.5 24.96190082584826 22.61967962903702
514.0 24.96370194649145 22.620392976198836
514.5 24.965449175828432 22.621111080934856
515.0 24.967241298109187 22.62182700227564
515.5 24.969012821477094 22.62254863512211
516.0 24.970811707823795 22.623260857845136
516.5 24.97258600013339 22.623979244148693
517.0 24.974348472285214 22.624704904440197
517.5 24.976145566123115 22.625432290107316
518.0 24.977934627003307 22.626154535349148
518.5 24.979718617081474 22.626872023518388
519.0 24.98150291082808 22.627603777266994
519.5 24.983283063637632 22.628323750470912
520.0 24.98507415777067 22.629048341966133
520.5 24.986842990255234 22.62976823260628
521.0 24.988653378882017 22.630505291508488
521.5 24.990420822009796 22.63123315438548
522.0 24.992239768456564 22.631960689412335
522.5 24.99401720005405 22.63269032080212
523.0 24.995807191329323 22.6334207305019
523.5 24.997617296794346 22.63415255702882
524.0 24.99942167564576 22.63489361337975
524.5 25.001195921792426 22.635624014662458
525.0 25.00301531598259 22.63635889151187
525.5 25.004812948546654 22.637089567885276
526.0 25.00658724500594 22.63782948180979
526.5 25.008409690967714 22.638572714323317
527.0 25.01018325247709 22.639305592646384
527.5 25.01199821740773 22.640049793818193
528.0 25.01381272458279 22.64077880697497
528.5 25.015608989237315 22.641521601446136
529.0 25.01742434685442 22.642267420797367
529.5 25.019232114818696 22.643007914454863
530.0 25.02101368779836 22.643755188012303
530.5 25.022832454363733 22.64450549803327
531.0 25.024655025565533 22.6452466032565
531.5 25.02645607192635 22.645988871898997
532.0 25.02827196146857 22.6467457695706
532.5 25.030095052256275 22.64749250556263
533.0 25.031899174884686 22.648243535969282
533.5 25.03371352528228 22.648990708499106
534.0 25.03551829602745 22.64974317002908
534.5 25.037320484641633 22.650503833254763
535.0 25.039159373765013 22.651250145541155
535.5 25.040973823815843 22.652008144293315
536.0 25.042801914820622 22.652764955547894
536.5 25.04461327194134 22.653514617127264
537.0 25.046423766580777 22.654270271828977
537.5 25.048267686755953 22.655033085846217
538.0 25.05006123817313 22.65578378023113
538.5 25.05187523093191 22.656546378694067
539.0 25.053715446855623 22.657306556036744
539.5 25.05553909710523 22.658069382511457
540.0 25.057352611993107 22.658833690280602
540.5 25.059179368213826 22.65958006631253
541.0 25.06100934055624 22.66035941226058
541.5 25.06281409657109 22.661119019360477
542.0 25.06465818464912 22.661884459672915
542.5 25.066474342680788 22.662650645852644
543.0 25.068307410610974 22.66341989752366
543.5 25.070156612895733 22.664182959298586
544.0 25.071979086577088 22.664960303796782
544.5 25.073810552621055 22.665723979012142
545.0 25.075635064368736 22.66650014056122
545.5 25.077452409475974 22.66727047150601
546.0 25.07929003515828 22.668043198352493
546.5 25.081134356264428 22.668821500895135
547.0 25.082973018118135 22.669592032760004
547.5 25.0847902934385 22.67035975367975
548.0 25.08662646912605 22.671143917511692
548.5 25.08847320268118 22.671923174131567
549.0 25.090313528862858 22.672697648772306
549.5 25.092152023648605 22.6734816794481
550.0 25.09400584537633 22.674265274934648
550.5 25.095817264749208 22.675049281351676
551.0 25.09768802340457 22.675819210499938
551.5 25.09953459578252 22.67661411179793
552.0 25.101362551646847 22.67740275367523
552.5 25.103206168099163 22.67817970443563
553.0 25.105063914604614 22.67897904209285
553.5 25.106900277673148 22.679761323072896
554.0 25.108727336912953 22.6805414748881
554.5 25.110602790906896 22.681334702781413
555.0 25.112431429095615 22.682135057409567
555.5 25.114296728852082 22.68292511255183
556.0 25.116155850139727 22.683714990308385
556.5 25.118017023734126 22.68451406643762
557.0 25.11985451181865 22.685300705377816
557.5 25.121702701365635 22.686098051037867
558.0 25.123585427511088 22.68690265190517
558.5 25.125431264331986 22.68769596671351
559.0 25.12728608047787 22.68850162517289
559.5 25.12915991126155 22.689298625257525
560.0 25.13099620980821 22.690110359450088
560.5 25.132871019594923 22.690899082818984
561.0 25.134744565344924 22.69171080564634
561.5 25.13659354786479 22.69251705461135
562.0 25.138456737263056 22.693319506986494
562.5 25.14032068510715 22.69412888432897
563.0 25.142198751127417 22.694934339042454
563.5 25.144074134171568 22.695750431448324
564.0 25.145934260723926 22.69657161444993
564.5 25.147794426936812 22.697370424163836
565.0 25.14967604320931 22.698194845120238
565.5 25.151551197708034 22.69899602983296
566.0 25.15344366785613 22.69982091667253
566.5 25.155298489009432 22.70063046795454
567.0 25.157170283096715 22.701459782443244
567.5 25.15904751366537 22.702284128718656
568.0 25.160924321858047 22.703097153245352
568.5 25.162814071286185 22.703913344151893
569.0 25.164670193245765 22.70474324467466
569.5 25.166585928476817 22.705567804763398
570.0 25.168464398434814 22.70639277062413
570.5 25.170354172503586 22.707222672485464
571.0 25.17224099115755 22.70804601791035
571.5 25.17411802879574 22.708877022781596
572.0 25.176005814643716 22.709708741162732
572.5 25.1779015067779 22.710540967537373
573.0 25.179767171064217 22.711374813402028
573.5 25.181669527673257 22.712210296551408
574.0 25.183594860763808 22.71304310095493
574.5 25.18548827370615 22.713874597910024
575.0 25.18736861273872 22.714716391083407
575.5 25.18925731041001 22.715547693081916
576.0 25.191173191953936 22.71639628932241
576.5 25.193055627837637 22.717233961849914
577.0 25.19496019858412 22.7180757269395
577.5 25.196851468045587 22.7189124342156
578.0 25.198762604840823 22.719766380648586
578.5 25.200668138593866 22.720609729907956
579.0 25.202572100474626 22.721459300884742
579.5 25.204465491476945 22.72230351982899
580.0 25.20638141307085 22.723151272117725
580.5 25.208263315129997 22.72400413724911
581.0 25.21018530053112 22.724859378587894
581.5 25.212101272343 22.725704101118037
582.0 25.21398525425476 22.726567819517744
582.5 25.215908701963244 22.72740872557045
583.0 25.21782150894587 22.728271848246404
583.5 25.21972139839077 22.729126291145437
584.0 25.221651770225012 22.729997624057134
584.5 25.22356727808915 22.73085227003762
585.0 25.225471226499316 22.731710414437813
585.5 25.227369794954488 22.732573027673975
586.0 25.22930662108262 22.733433645653626
586.5 25.231222929049487 22.734306456740985
587.0 25.233153945377648 22.73516638278811
587.5 25.23506362272734 22.736035494510354
588.0 25.23701714488331 22.73689609378749
588.5 25.23891054194067 22.737771747408996
589.0 25.240859560129977 22.738644223188356
589.5 25.24277849054107 22.739510038254366
590.0 25.24469845980597 22.74039100762099
590.5 25.246597650965118 22.74126695231763
591.0 25.248555723884287 22.74213682788124
591.5 25.250478460767994 22.743022051334954
592.0 25.25241479652508 22.743894226900615
592.5 25.25433027935984 22.744776653918084
593.0 25.25628099346494 22.745648873526218
593.5 25.258200921073914 22.74653090908266
594.0 25.260149877833218 22.74741679708803
594.5 25.262050426717607 22.748297484239156
595.0 25.26401563884213 22.749184009678636
595.5 25.265946833980358 22.750076627920002
596.0 25.26789789287627 22.75095967150896
596.5 25.269847807085096 22.751850544003855
597.0 25.27174145853963 22.752737614425268
597.5 25.27370553416577 22.753634778761068
598.0 25.275634256158604 22.754527806348456
598.5 25.277596767486546 22.75541344740453
599.0 25.279547162323407 22.756317270774097
599.5 25.281472993239547 22.75720651787647
600.0 25.28345022364446 22.75810372686175
600.5 25.285378690008294 22.759001394772866
601.0 25.287309226618113 22.759908311532588
601.5 25.289266178443583 22.760807117947806
602.0 25.291250223790335 22.761708338871117
602.5 25.293164370890544 22.762617242057267
603.0 25.29513701711052 22.76351807442535
603.5 25.29707953945291 22.764420448972036
604.0 25.299043804147768 22.765333684205924
604.5 25.30097226416233 22.766243073379947
605.0 25.302956013054608 22.767150619415123
605.5 25.304904956783982 22.768055913630242
606.0 25.306859783771195 22.768976437069178
606.5 25.308824806753258 22.769888907110168
607.0 25.31077405997216 22.77080357173517
607.5 25.31273458047282 22.77171351974011
608.0 25.31471009803083 22.772639305951664
608.5 25.31664620877512 22.773566911410967
609.0 25.318626472974746 22.774480228321075
609.5 25.320605995778873 22.775406035251116
610.0 25.32258437327151 22.77633769286163
610.5 25.324549522420014 22.777268143133686
611.0 25.32652433124275 22.77820561845936
611.5 25.328496843578407 22.779135067509394
612.0 25.330470534484526 22.780063473991472
612.5 25.33247878710293 22.78101298415692
613.0 25.334455033296873 22.781955175918082
613.5 25.336440636657542 22.782888420952354
614.0 25.33842658011855 22.783825397796342
614.5 25.340401764248178 22.784772233197774
615.0 25.342418195064305 22.78571770115296
615.5 25.344414029154677 22.78666756586725
616.0 25.34639801327863 22.787619004512067
616.5 25.348393650974444 22.78856514718121
617.0 25.350367412103402 22.789520600323737
617.5 25.352383723092625 22.79046874311868
618.0 25.35434428944701 22.79142719522811
618.5 25.356381021869396 22.792385375042286
619.0 25.358362269663314 22.79333769097085
619.5 25.360349817373656 22.794305309481977
620.0 25.362380203757105 22.795256257193767
620.5 25.36438241566868 22.796221164693126
621.0 25.366381286056573 22.79719019914783
621.5 25.368374498054752 22.798149237109424
622.0 25.370372181353957 22.799120878863448
622.5 25.3724098705377 22.800074697938314
623.0 25.374416009661655 22.801053367385393
623.5 25.37643024192188 22.802019142271824
624.0 25.378418088704414 22.80298107699721
624.5 25.380431119227325 22.803959274548717
625.0 25.382421073933543 22.80493030178913
625.5 25.384456009404254 22.805908749852296
626.0 25.386468707154183 22.80687814734498
626.5 25.38848378765067 22.807849383464742
627.0 25.39046204563396 22.808831978251526
627.5 25.39247457410779 22.809809199638543
628.0 25.394496676682202 22.810777688076712
628.5 25.396485716646087 22.81176154535696
629.0 25.398505333784666 22.812744177780246
629.5 25.40052670397468 22.81372300466009
630.0 25.402536254879614 22.81470425782747
630.5 25.404517042618625 22.815679283415147
631.0 25.40654206073231 22.816659639767877
631.5 25.408535211617632 22.817644101731176
632.0 25.410569606812736 22.818628010696788
632.5 25.412593241857863 22.819602511349387
633.0 25.41458604424004 22.820594803696167
633.5 25.41658248884302 22.821576646015448
634.0 25.418584717299737 22.822562073519343
634.5 25.420596907620087 22.823543625626435
635.0 25.422603888601003 22.824533650242216
635.5 25.424610249223218 22.82551692981933
636.0 25.42662541944243 22.826504652573966
636.5 25.42860773068229 22.827483947689096
637.0 25.430591234513148 22.828469301218007
637.5 25.432603629274723 22.829460176052358
638.0 25.434586636113224 22.830440813405282
638.5 25.43660859059008 22.83142917394091
639.0 25.438597993502967 22.832418630161456
639.5 25.44058071634158 22.833401489386237
640.0 25.442556644147707 22.834385029837094
640.5 25.444538883677005 22.835371326974034
641.0 25.446537254379304 22.836356413078484
641.5 25.44853980069876 22.837338670402637
642.0 25.45053429843719 22.838328073403403
642.5 25.452549839223934 22.8393131042138
643.0 25.45451368517414 22.840293307768007
643.5 25.4564735257205 22.84128710716825
644.0 25.458458722792155 22.842259611996994
644.5 25.46042663959748 22.84324167206396
645.0 25.462415266067715 22.844226830297252
645.5 25.46436779304274 22.845216348754988
646.0 25.466343896250855 22.84619793971452
646.5 25.46831507342152 22.847186426497295
647.0 25.47027980912622 22.84816477483438
647.5 25.472268695433616 22.84915795704666
648.0 25.474210365790157 22.85015197347223
648.5 25.476217284176258 22.85112706588069
649.0 25.47818869343335 22.85211481370796
649.5 25.48013116515594 22.85311232600617
650.0 25.482119600859686 22.854099818339456
650.5 25.48406023010341 22.855092658051078
651.0 25.486055927651037 22.856084777410246
651.5 25.48803156605874 22.857075334397734
652.0 25.489997584918687 22.858068882289196
652.5 25.49193833307093 22.859067006017263
653.0 25.4939346969446 22.860060663143557
653.5 25.495898219808456 22.861050562069167
654.0 25.49786054711892 22.862045485078845
654.5 25.49982126932992 22.863039466405517
655.0 25.50178786379888 22.864035050910246
655.5 25.50372696297091 22.865023697994783
656.0 25.50568354273856 22.866020213368078
656.5 25.50765501624901 22.867025665834227
657.0 25.509634099991594 22.868026025350076
657.5 25.511584202367686 22.869016237057124
658.0 25.513538266742835 22.870018366915286
658.5 25.515484719939828 22.871016430807064
659.0 25.517431181796756 22.87201881255296
659.5 25.519350752871148 22.873012823520824
660.0 25.521322442703003 22.87401600587699
660.5 25.52329027666367 22.875027929712264
661.0 25.525234932763997 22.87602455506576
661.5 25.52717550032266 22.87702804182057
662.0 25.5291329196214 22.878018094444368
662.5 25.53108338029809 22.879028182259944
663.0 25.533013005817118 22.88003244203955
663.5 25.53494898871189 22.88103584795278
