FastTrWP/PhaseSpace/IAs/snIa_0.66_30.00_-0.87_0.00.csv
# %ECSV 0.9
# ---
# datatype:
# - {name: time-rel, datatype: float64}
# - {name: g, datatype: float64}
# - {name: i, datatype: float64}
# schema: astropy-2.0
time-rel g i
-391.0 26.99549618025575 25.21670300343251
-390.5 26.986722427418744 25.207333503699807
-390.0 26.97806422890939 25.198011894022038
-389.5 26.96938923417711 25.188758469284167
-389.0 26.960798054960854 25.179526307153672
-388.5 26.952326513137564 25.170349876196628
-388.0 26.943838449907464 25.16124479943113
-387.5 26.93533593421661 25.152175299737173
-387.0 26.92696039452853 25.143183754443136
-386.5 26.91862722894282 25.13423883636499
-386.0 26.91030539338465 25.125311711047654
-385.5 26.902030999185648 25.116468978403507
-385.0 26.89376695814685 25.10765332254533
-384.5 26.885559168218546 25.098915501997865
-384.0 26.877484295842493 25.090181864890386
-383.5 26.86932015011459 25.0815486074999
-383.0 26.861255913107893 25.072929447679492
-382.5 26.85330260680489 25.0643662853722
-382.0 26.84527479490388 25.055833581176472
-381.5 26.83738962835699 25.047387353524343
-381.0 26.829453228664505 25.03896893346315
-380.5 26.821627384159264 25.030582952671402
-380.0 26.81382953205454 25.022245746369123
-379.5 26.806065994852162 25.013951446501665
-379.0 26.79833662173524 25.005687668875304
-378.5 26.790706837176682 24.997404440277368
-378.0 26.78304711461847 24.989210550184346
-377.5 26.77543955189663 24.981068872527498
-377.0 26.767951628124138 24.972921594689282
-376.5 26.760418081172645 24.964831734160544
-376.0 26.75293107147183 24.95677562544948
-375.5 26.74551936449211 24.94874756400719
-375.0 26.738126071137405 24.94073519214855
-374.5 26.73072899646219 24.93276051778485
-374.0 26.72343900111018 24.924861166731045
-373.5 26.716085791634512 24.916934363934196
-373.0 26.70882293795961 24.90907683079576
-372.5 26.701621442753268 24.901229617792783
-372.0 26.69439630798772 24.893435746424384
-371.5 26.68723258152054 24.88567958876256
-371.0 26.680075677648777 24.87796080370874
-370.5 26.672929368291967 24.870225285635932
-370.0 26.665911486383663 24.862581580278466
-369.5 26.65880461526719 24.854928411676156
-369.0 26.651811529828684 24.84733135289616
-368.5 26.644853510846055 24.8397455514407
-368.0 26.637829145910736 24.832196698677773
-367.5 26.63085897876715 24.824706148910135
-367.0 26.62398875639813 24.817199372598246
-366.5 26.61707421384232 24.80974936362709
-366.0 26.610152522194458 24.802336469399616
-365.5 26.60335293600596 24.794933481997038
-365.0 26.59647822202464 24.787553514804962
-364.5 26.589653652082376 24.780248124564217
-364.0 26.582909570320044 24.772935450538508
-363.5 26.576125571702484 24.765658275730576
-363.0 26.569377401869456 24.75842823169685
-362.5 26.562627191072966 24.75121114266265
-362.0 26.555910145150065 24.74402373677496
-361.5 26.54923579387954 24.736879962344467
-361.0 26.542569320925065 24.7297626863636
-360.5 26.535922931376188 24.722641491353436
-360.0 26.529270471908475 24.715578590890107
-359.5 26.522671139480614 24.708534397595905
-359.0 26.516096792925495 24.70151835929531
-358.5 26.509563309626007 24.694540293403758
-358.0 26.502932584889628 24.687584634581185
-357.5 26.496384558468968 24.680656314121535
-357.0 26.489843713381408 24.673752336218758
-356.5 26.483377847110788 24.666881054276764
-356.0 26.476836764045842 24.66003071932713
-355.5 26.47032323978301 24.65320092167576
-355.0 26.46384339269978 24.64643803655498
-354.5 26.45739590768683 24.639671456548754
-354.0 26.450927626177375 24.632918090140965
-353.5 26.44452496708997 24.62622061522039
-353.0 26.438099936444807 24.61950936035443
-352.5 26.431638757684542 24.612869148718197
-352.0 26.425239453726274 24.606232646881434
-351.5 26.418868650411063 24.59964652196743
-351.0 26.41251938845095 24.59305453106474
-350.5 26.40612233689214 24.586499334943518
-350.0 26.399779769183276 24.57996623712493
-349.5 26.393443952235415 24.5734666057824
-349.0 26.38710512052743 24.566972946099078
-348.5 26.3807687463779 24.560528428439547
-348.0 26.374432271578865 24.55409722357329
-347.5 26.368119256180368 24.547703438925023
-347.0 26.361873767581066 24.541308858475652
-346.5 26.355564069655003 24.53496525048058
-346.0 26.349244380021485 24.528626318291092
-345.5 26.342978101457696 24.522315135896847
-345.0 26.336746634988856 24.516049277953687
-344.5 26.3304884772414 24.509791219950575
-344.0 26.32423758490908 24.503561622097365
-343.5 26.317986257148064 24.49734013032899
-343.0 26.311799086941093 24.49116327420481
-342.5 26.30550990968567 24.48501683515144
-342.0 26.29931437514401 24.478874322019166
-341.5 26.293082734810163 24.472766366218025
-341.0 26.286900473082394 24.466667566664164
-340.5 26.280721613035016 24.460583951399073
-340.0 26.27456002147218 24.45453171011866
-339.5 26.268457205146696 24.448512756413816
-339.0 26.26230818127242 24.44251990740098
-338.5 26.2562286485984 24.436530159783633
-338.0 26.2501589870476 24.430545028878832
-337.5 26.244107690037875 24.424610940520587
-337.0 26.23813270105019 24.41868108916192
-336.5 26.232085109009255 24.41277417631827
-336.0 26.226118657453835 24.4068929436698
-335.5 26.220144441950815 24.40102163252877
-335.0 26.21420500774718 24.395166389888374
-334.5 26.208263723894888 24.389331508834402
-334.0 26.202418547444104 24.383515939582708
-333.5 26.19648625831937 24.377716235063872
-333.0 26.190600233907425 24.37195610620064
-332.5 26.184734948711203 24.366199441081655
-332.0 26.178917155780667 24.360451729533526
-331.5 26.173064761829753 24.354747388549562
-331.0 26.16727353163325 24.349036161781406
-330.5 26.16141393207696 24.343368836237733
-330.0 26.15567950929681 24.337694348663163
-329.5 26.1498909928808 24.33205390080374
-329.0 26.144120675889194 24.326403956202117
-328.5 26.13840429029315 24.320810254586085
-328.0 26.132637571963635 24.31521022449314
-327.5 26.1268940354635 24.309627923097224
-327.0 26.121178908400836 24.304077411338938
-326.5 26.115479164724 24.298529831794244
-326.0 26.109820664414045 24.293017581149556
-325.5 26.10411007133937 24.287504218179357
-325.0 26.098427038587264 24.282007256821025
-324.5 26.092779964345656 24.27654753169211
-324.0 26.087124260907704 24.27108800733217
-323.5 26.08148040367274 24.265641334225514
-323.0 26.07581532992111 24.260206196506097
-322.5 26.070182880907524 24.25480566923554
-322.0 26.064565169106988 24.24942211511896
-321.5 26.058941165567155 24.244031626497254
-321.0 26.053360689694983 24.23868989817821
-320.5 26.047768692302714 24.233341948991164
-320.0 26.042142492682526 24.22799711001916
-319.5 26.036554005295862 24.222698474887196
-319.0 26.030987153549635 24.21740009050093
-318.5 26.02539297319341 24.21211630315114
-318.0 26.019828741878936 24.206862691883437
-317.5 26.014284325040972 24.201613373472085
-317.0 26.008676885872198 24.196371404617175
-316.5 26.003161372210684 24.19113984100493
-316.0 25.997594136014047 24.185944025568162
-315.5 25.992041803032308 24.180751679705523
-315.0 25.986488031089717 24.1755809473953
-314.5 25.98093234916279 24.17041538342087
-314.0 25.97538645581164 24.16526013376199
-313.5 25.969849903406143 24.160143393092074
-313.0 25.96431774193412 24.15502524107685
-312.5 25.9588012667481 24.149924793689795
-312.0 25.95327445608705 24.144830984679864
-311.5 25.94773818555952 24.139761509686423
-311.0 25.94220406329553 24.134701239029294
-310.5 25.93670137461173 24.129663711692373
-310.0 25.931189450018145 24.12462716798522
-309.5 25.925643074712667 24.119613420628518
-309.0 25.920089207344603 24.11460505051622
-308.5 25.91460004419926 24.109626459692144
-308.0 25.909096353227156 24.104642259080293
-307.5 25.90358881013492 24.099688519657782
-307.0 25.898078167035226 24.094732986048605
-306.5 25.892536749282836 24.089803229625346
-306.0 25.88701850459774 24.084878156916908
-305.5 25.881512398267127 24.07998149270748
-305.0 25.875989808929297 24.075080490305822
-304.5 25.870458663047366 24.070188680712526
-304.0 25.86497199039574 24.065325925769447
-303.5 25.859441698560804 24.06046190157125
-303.0 25.85394582080601 24.05563297775229
-302.5 25.848414256102238 24.05082218730466
-302.0 25.84287936632043 24.04597077022791
-301.5 25.837353689828653 24.04117916357606
-301.0 25.831873389444105 24.036382420328728
-300.5 25.826309000977563 24.03160961106106
-300.0 25.820836851014995 24.026845897271713
-299.5 25.815345099329747 24.02209210525731
-299.0 25.809812837822253 24.01734668408821
-298.5 25.804351406563338 24.012626041844737
-298.0 25.798872905038934 24.007911745774972
-297.5 25.793389008474307 24.003213435320486
-297.0 25.78793817114321 23.998514374544655
-296.5 25.782478239432294 23.993852913819794
-296.0 25.777033215997914 23.989172276911887
-295.5 25.771579680054586 23.984515082594257
-295.0 25.766143733066727 23.979885804630516
-294.5 25.760702897934202 23.97525432311056
-294.0 25.75525358180815 23.970629808857137
-293.5 25.74987554942965 23.966022750835894
-293.0 25.744433341513346 23.961428923525723
-292.5 25.739014820754544 23.956850597335485
-292.0 25.733647917011805 23.95227450814234
-291.5 25.728280730111926 23.94772161612022
-291.0 25.722852710868764 23.943174944851965
-290.5 25.71748307668951 23.93863377414766
-290.0 25.712130395512602 23.934108317360128
-289.5 25.706763858348076 23.929594136191092
-289.0 25.701397784744763 23.92508906318986
-288.5 25.696043054713268 23.92060433308523
-288.0 25.690681988098166 23.91612469548604
-287.5 25.68539300107302 23.911639158181664
-287.0 25.680058674633255 23.907176485519468
-286.5 25.67470535345145 23.902727170898824
-286.0 25.66940871756207 23.898284821983484
-285.5 25.66411679309738 23.89385386010055
-285.0 25.658830295149343 23.889436180365134
-284.5 25.653516312022013 23.885037023714712
-284.0 25.648263373799033 23.880636260531833
-283.5 25.64297272923488 23.876241329084195
-283.0 25.63771163017694 23.871855988115893
-282.5 25.632446054282653 23.86749579915398
-282.0 25.62717417798722 23.863143437173285
-281.5 25.621938659797678 23.858786489185448
-281.0 25.616708830384688 23.854445853512246
-280.5 25.611485407777636 23.850115386541866
-280.0 25.60626916900105 23.845799377905866
-279.5 25.601035797267055 23.841492198422344
-279.0 25.595825531508247 23.837187744871983
-278.5 25.590648083340497 23.832909504587967
-278.0 25.585412669241627 23.8286131709236
-277.5 25.580248883184264 23.824357792625253
-277.0 25.575093147688314 23.82009637914247
-276.5 25.569912839198402 23.815840745521708
-276.0 25.56475666118598 23.811583368719432
-275.5 25.559595321960664 23.80736589272182
-275.0 25.554433272348405 23.80313037968861
-274.5 25.549289656048273 23.79892110217661
-274.0 25.544150926466045 23.794716154026744
-273.5 25.539034612232903 23.790508065447472
-273.0 25.533927645576494 23.786321749766266
-272.5 25.528817115535333 23.782141154435013
-272.0 25.52369927065371 23.77796790037757
-271.5 25.518625512730715 23.773799203181262
-271.0 25.513586854790727 23.769639215076587
-270.5 25.508484252650465 23.765493147399646
-270.0 25.503414056287212 23.761353365688457
-269.5 25.49833056060264 23.757226362857537
-269.0 25.493300175005537 23.753114157648515
-268.5 25.48822344074079 23.749004839169547
-268.0 25.483193503057883 23.744881374734206
-267.5 25.478129283057505 23.740790026316475
-267.0 25.473129800864143 23.73670148790584
-266.5 25.468095270620537 23.732614242875385
-266.0 25.463124003878615 23.7285436016329
-265.5 25.4580980187351 23.724481399166756
-265.0 25.453112498087712 23.720427847031583
-264.5 25.448137594884393 23.716370285534424
-264.0 25.4431329791704 23.712338882974144
-263.5 25.438173223194166 23.708303141214184
-263.0 25.433230894059392 23.704283951706593
-262.5 25.428263094030026 23.70025990674986
-262.0 25.42332652792997 23.696258985348443
-261.5 25.418377547003065 23.69225034403098
-261.0 25.413463125778236 23.688272002345506
-260.5 25.40853607570808 23.68427722771588
-260.0 25.403603434730666 23.680298754420473
-259.5 25.398729882658692 23.67632913645622
-259.0 25.393812923923818 23.67238130875293
-258.5 25.388945660732055 23.66842124880554
-258.0 25.384029510380365 23.66448005475896
-257.5 25.379170280440256 23.66055367592559
-257.0 25.37430281501046 23.65662135811652
-256.5 25.36944212432143 23.652696796306376
-256.0 25.36459427960446 23.648795749664444
-255.5 25.359753069573458 23.644887550806217
-255.0 25.35493727341798 23.641005281518325
-254.5 25.350120073884526 23.637115336162076
-254.0 25.345305407929217 23.63323576140332
-253.5 25.34048125873213 23.629361319298265
-253.0 25.335679908327595 23.625505549876777
-252.5 25.330892421623826 23.621646248003366
-252.0 25.326099112228043 23.617803299925644
-251.5 25.321344338826208 23.613961311999354
-251.0 25.316571891606976 23.610136305176546
-250.5 25.31184021426538 23.60629955450183
-250.0 25.30705581432496 23.602500635644827
-249.5 25.302282211020028 23.598678949598444
-249.0 25.297581187770263 23.594874382339217
-248.5 25.292837702685496 23.59108104249642
-248.0 25.28811228578402 23.587296758401983
-247.5 25.283403242143127 23.58351044135639
-247.0 25.27869068463759 23.579739487003447
-246.5 25.273997897531327 23.575967528505704
-246.0 25.26932291869366 23.57220952317455
-245.5 25.26459659215304 23.568462636611166
-245.0 25.25992700960742 23.564706094621705
-244.5 25.255259142594646 23.56097002007573
-244.0 25.25057057407335 23.55723870898146
-243.5 25.24594911905599 23.55352365516264
-243.0 25.241264478439934 23.549798315885027
-242.5 25.236667525331494 23.54608452849012
-242.0 25.232016564340547 23.542373619781948
-241.5 25.227375193738297 23.53867598228151
-241.0 25.22275309062415 23.53497978232867
-240.5 25.218129808835997 23.531294348097287
-240.0 25.21350401995651 23.52762562256072
-239.5 25.208914464324383 23.5239455240541
-239.0 25.20430258208892 23.520279704259504
-238.5 25.199729797004423 23.516609772378445
-238.0 25.195156028338236 23.512955506067485
-237.5 25.190572559188986 23.509304778786948
-237.0 25.185994837136096 23.505660235888605
-236.5 25.18145217246181 23.50202981872801
-236.0 25.176905637719678 23.498391433812923
-235.5 25.172347458195006 23.49476508764964
-235.0 25.167797150047694 23.491144752643333
-234.5 25.163271331283916 23.48754217867064
-234.0 25.158744595477366 23.483913614354975
-233.5 25.15424373999561 23.480324229773572
-233.0 25.14969523057353 23.476726651908915
-232.5 25.14518855354578 23.473136153660263
-232.0 25.140673294344754 23.4695479344793
-231.5 25.1361596204856 23.46596519904518
-231.0 25.13171337722765 23.46240011709668
-230.5 25.12723798942661 23.45883002218157
-230.0 25.122733983496836 23.45526195249734
-229.5 25.118289811740816 23.451707852818085
-229.0 25.113785837622853 23.448151049106983
-228.5 25.109353275421725 23.444617447812952
-228.0 25.104902942106794 23.441065426569438
-227.5 25.100442193686895 23.437523481379728
-227.0 25.09601232263618 23.434010610667492
-226.5 25.0915964946512 23.43046790891572
-226.0 25.087135522552664 23.426950616097212
-225.5 25.08271488456519 23.423420355728894
-225.0 25.078306895964445 23.419918131672066
-224.5 25.07390212112339 23.416420617524217
-224.0 25.06948099334274 23.412907239539734
-223.5 25.065087147202753 23.409427627912358
-223.0 25.06071671833283 23.40593198483075
-222.5 25.056317599857096 23.402450578715058
-222.0 25.051935038839048 23.398960727072257
-221.5 25.047559430600217 23.395493833799343
-221.0 25.04320259303735 23.392020371892865
-220.5 25.038832913019377 23.3885601508311
-220.0 25.034480286717393 23.38509052987459
-219.5 25.03013252136092 23.38163650288446
-219.0 25.02579840913168 23.378200005189697
-218.5 25.021483171689418 23.37474520430447
-218.0 25.017128137594227 23.3713228433363
-217.5 25.012835028104753 23.367896226904897
-217.0 25.00848925814914 23.36447420223402
-216.5 25.004181081411325 23.36105395691931
-216.0 24.99989488046519 23.357635894920644
-215.5 24.995608396595742 23.354235541719373
-215.0 24.991314800274864 23.350829412097113
-214.5 24.987055238539607 23.347437177243716
-214.0 24.982776951474214 23.344042531278305
-213.5 24.978508821906196 23.340660667346825
-213.0 24.974251949754716 23.337272365820894
-212.5 24.969992865315497 23.3339021687987
-212.0 24.965727185876396 23.330528386262287
-211.5 24.961491376472587 23.327163123890223
-211.0 24.957265024418188 23.323810024398668
