FastTrWP/PhaseSpace/IAs/snIa_0.46_30.00_-1.32_0.02.csv
# %ECSV 0.9
# ---
# datatype:
# - {name: time-rel, datatype: float64}
# - {name: g, datatype: float64}
# - {name: i, datatype: float64}
# schema: astropy-2.0
time-rel g i
[from data line 1772]
529.0 25.268412287907232 22.96106843892659
529.5 25.270638205984337 22.961984895925593
530.0 25.27289325639353 22.962892181436096
530.5 25.275126092953567 22.963799427338888
531.0 25.277351194244467 22.96471143861927
531.5 25.27956377093547 22.965617108992383
532.0 25.281793996555777 22.96652937561352
532.5 25.284036785570017 22.967439663844758
533.0 25.286276852363237 22.968350579406412
533.5 25.28850190124412 22.96925324447635
534.0 25.29071582996896 22.970163375406262
534.5 25.292956522860393 22.971068028707954
535.0 25.295176613928763 22.97197297995477
535.5 25.29742224812647 22.97289205256287
536.0 25.299587885908895 22.973793360581922
536.5 25.301876817332975 22.97470139188225
537.0 25.304088969510467 22.97560927191411
537.5 25.306328193775872 22.976512635631497
538.0 25.308514993187146 22.977418404988352
538.5 25.31075899996701 22.97832556727115
539.0 25.312996398590727 22.979225690408146
539.5 25.315217617010997 22.98013594046544
540.0 25.317453567722037 22.981047046068976
540.5 25.319669024324796 22.981940883461668
541.0 25.321876225490566 22.982856538212978
541.5 25.32411347940604 22.983754485299983
542.0 25.326314638275903 22.984665928723548
542.5 25.328564794778345 22.985570443636444
543.0 25.330775910452164 22.986470682101704
543.5 25.3329646558619 22.9873722141335
544.0 25.33518834986505 22.988269583070707
544.5 25.33742592462437 22.98918947169334
545.0 25.339638448825447 22.990079779103993
545.5 25.341851098714866 22.990991572354513
546.0 25.34403740772801 22.99189070834276
546.5 25.34625670958551 22.992788716921137
547.0 25.348504670487095 22.993689299282877
547.5 25.350732282833086 22.99459036283723
548.0 25.35287981238124 22.995490276506278
548.5 25.355149099533723 22.99640192749992
549.0 25.357331419895573 22.997302365359815
549.5 25.3595532201247 22.998198318372896
550.0 25.361752983157224 22.99910887574582
550.5 25.363960326823968 22.99999952705171
551.0 25.366156147894692 23.000906111941863
551.5 25.368348997510925 23.001794782491526
552.0 25.3705941878407 23.00270461416037
552.5 25.372769099275683 23.00360384362357
553.0 25.374985494536425 23.00450685991087
553.5 25.37716517017653 23.005398539395053
554.0 25.379360235237066 23.006305312961924
554.5 25.3815526513559 23.007194841585388
555.0 25.383784597281664 23.008102532419624
555.5 25.385967523608134 23.009002545813388
556.0 25.388170000762198 23.009899432429503
556.5 25.390349553619828 23.010791692745556
557.0 25.392544320455208 23.011693355876556
557.5 25.394728517374233 23.01259327085999
558.0 25.396904228713648 23.01349316123453
558.5 25.399123113923032 23.014389127468995
559.0 25.401298243546545 23.01527944247662
559.5 25.403483060402774 23.01618291612328
560.0 25.405650499680434 23.01707865316861
560.5 25.40784626973737 23.017982392324715
561.0 25.410006521908354 23.018872569196116
561.5 25.412196163541108 23.019774936979836
562.0 25.414352593204832 23.020670424958652
562.5 25.416570615497594 23.021560604697633
563.0 25.41871007474997 23.022458343118597
563.5 25.420886429575404 23.023352525710763
564.0 25.423036468194518 23.024244427651585
564.5 25.42521363912197 23.025142594935126
565.0 25.427358495556902 23.02604407161113
565.5 25.42955873337803 23.02693412297257
566.0 25.431701276054493 23.02783222363905
566.5 25.43387762873474 23.028720700562886
567.0 25.436033012683687 23.029623915201807
567.5 25.438195279476158 23.03051881389802
568.0 25.44035650999076 23.031406853476064
568.5 25.44250561004106 23.032298004467997
569.0 25.444662603926513 23.03319064092658
569.5 25.4468208835183 23.03409132876372
570.0 25.44898766847718 23.034985203157934
570.5 25.451134825502166 23.035878839482358
571.0 25.453270100666426 23.036773742700902
571.5 25.455421713961485 23.037657194623925
572.0 25.457576108592875 23.038552037306324
572.5 25.45972221784406 23.03944386341126
573.0 25.461853616976605 23.040338723638243
573.5 25.463997001501877 23.041228336482003
574.0 25.4661574666209 23.042123573980323
574.5 25.468262810480006 23.043010652904137
575.0 25.470416953916228 23.0439031603034
575.5 25.472508284818005 23.04479322431625
576.0 25.474662598490685 23.045678035594296
576.5 25.476799616048062 23.046568064986545
577.0 25.47894384268013 23.047463324393473
577.5 25.481061680600337 23.048351317550107
578.0 25.483180175409963 23.04924511580741
578.5 25.485294550855837 23.05012476655381
579.0 25.48738897770911 23.051024402690317
579.5 25.48952681218864 23.051906604659248
580.0 25.49164742021146 23.052797645819744
580.5 25.493749582651933 23.05368194399801
581.0 25.495861934230497 23.054572344971724
581.5 25.49795353077815 23.055459374850113
582.0 25.500087989365056 23.056346982424856
582.5 25.50217942934424 23.05723336157589
583.0 25.504272694209483 23.05811547883005
583.5 25.506386964703914 23.05900065489718
584.0 25.508461431061065 23.059891944967926
584.5 25.51055760739453 23.060774564395523
585.0 25.51264546672369 23.061663944533354
585.5 25.51473221473538 23.06254209403665
586.0 25.51680761359426 23.06342967094166
586.5 25.518892502410793 23.06431067622214
587.0 25.520948613942302 23.065199356477294
587.5 25.52302442916894 23.066078086292986
588.0 25.52511506643637 23.0669619080968
588.5 25.527170570757256 23.067850570791705
589.0 25.529262848664768 23.068729491324174
589.5 25.531302655146234 23.06960766082126
590.0 25.53334064851262 23.070489201442015
590.5 25.535407306364256 23.071376827236463
591.0 25.53749293192896 23.072260128307377
591.5 25.539529921559662 23.073139694719664
592.0 25.541525654717397 23.07401255139069
592.5 25.543608935237934 23.074899197878555
593.0 25.54565296343935 23.075767750607625
593.5 25.547653165858435 23.076656920348825
594.0 25.549695289818366 23.077527854767965
594.5 25.551729661477797 23.07840977991296
595.0 25.5537426114075 23.07928472194852
595.5 25.555783811507272 23.08016142155712
596.0 25.55778412618266 23.081041490476927
596.5 25.5597932794535 23.081918474512037
597.0 25.561782742132486 23.08279019982408
597.5 25.5638090171103 23.083666948784412
598.0 25.565779393227718 23.0845460929484
598.5 25.567800330292023 23.08540881736739
599.0 25.569788214311476 23.08629215882094
599.5 25.571760566833635 23.0871685999184
600.0 25.57375768395183 23.088041903479798
600.5 25.575725610256494 23.088910100415614
601.0 25.577723086599313 23.089782023196253
601.5 25.579704312255117 23.090662460767525
602.0 25.58166953599602 23.091530374826203
602.5 25.58362908772437 23.09240430116539
603.0 25.585621255582318 23.093273534591212
603.5 25.587547759847766 23.094150643758585
604.0 25.58951482577718 23.09501991532414
604.5 25.591473375074024 23.095882727646654
605.0 25.59340954452002 23.096765365061948
605.5 25.59537824253904 23.097629984902163
606.0 25.597341348446413 23.09849802307898
606.5 25.599280053668885 23.099365777180765
607.0 25.601223801954013 23.100232311136285
607.5 25.603130909983424 23.101110406725095
608.0 25.60506941371336 23.101977975916057
608.5 25.606962669997596 23.102838919136275
609.0 25.60889887812827 23.103711796771435
609.5 25.61084764727315 23.104577608855642
610.0 25.6127635434327 23.105440169519493
610.5 25.614662421049275 23.106303760287254
611.0 25.61654734513315 23.107170144251533
611.5 25.61845061681616 23.10803505083429
612.0 25.62036652802446 23.108898931018146
612.5 25.622245552965204 23.109763542590613
613.0 25.6241172531194 23.11063779646011
613.5 25.626002347824162 23.11149498878125
614.0 25.627881812548168 23.11236223492404
614.5 25.629736252098972 23.113225042258886
615.0 25.631589722911134 23.11408693734492
615.5 25.6334869736838 23.114941979138216
616.0 25.635336888936585 23.115803604811262
616.5 25.63721522777727 23.116666417591773
617.0 25.639056117810203 23.117530482617127
617.5 25.64088729471012 23.118385357710633
618.0 25.642739364426575 23.119249332733254
618.5 25.644580646320403 23.120112372919532
619.0 25.646414043224297 23.120960996612858
619.5 25.648202346453086 23.121821861285902
620.0 25.650039522533056 23.12267990084127
620.5 25.651870792688868 23.12353359852246
621.0 25.653653038214394 23.124405623081863
621.5 25.65548798191545 23.12524119615893
622.0 25.657247733632076 23.126097898978138
622.5 25.659051264561747 23.126953455871604
623.0 25.660849542427684 23.127807509165113
623.5 25.662615453806552 23.128658590930282
624.0 25.66438528273592 23.12951789868562
624.5 25.666146505868834 23.130375623579432
625.0 25.66788902528561 23.131221323674684
625.5 25.669666386902556 23.13206159586987
626.0 25.671396202933302 23.1329233910744
626.5 25.6731318345911 23.133772135191663
627.0 25.67487590951898 23.13462081778325
627.5 25.676635595122836 23.13546491124883
628.0 25.6783489373602 23.136320283992266
628.5 25.680068937259215 23.137162222960082
629.0 25.681776680504345 23.138010125498116
629.5 25.683450559739683 23.138846711050153
630.0 25.685173312535635 23.139686920431295
630.5 25.686869019120838 23.140539027474148
631.0 25.688545485738572 23.141377910881104
631.5 25.6902273207088 23.142226737688773
632.0 25.691900734219686 23.143066039053867
632.5 25.693574113956487 23.14391107253404
633.0 25.695244546362638 23.144743062901334
633.5 25.696851461658 23.145589764368886
634.0 25.69849620649268 23.146431868482473
634.5 25.700117173494167 23.147262099868232
635.0 25.70174816088347 23.148102623235943
635.5 25.703338410748238 23.148936874222738
636.0 25.704938033901485 23.1497713288416
636.5 25.706521219780576 23.15060145639222
637.0 25.708086204085557 23.151441833896477
637.5 25.70964537289669 23.152260422110345
638.0 25.711180050256853 23.153097329933274
638.5 25.712696348435404 23.15391900006995
639.0 25.714238907744374 23.154748031397784
639.5 25.715771481738354 23.155570905147297
640.0 25.717276935443 23.156390531670983
640.5 25.71878268101113 23.15722520102038
641.0 25.720283632344845 23.158047122217948
641.5 25.721744855722864 23.15886938563171
642.0 25.7232099546845 23.1596890652066
642.5 25.724687960146824 23.160509805906514
643.0 25.726139246035764 23.16133537511913
643.5 25.727586281896393 23.162147779581925
644.0 25.72900803242211 23.162970931948685
644.5 25.730430766776472 23.163785267008237
645.0 25.731829124990085 23.164610408912566
645.5 25.73326294476239 23.165429549631735
646.0 25.734685816935873 23.16624504312284
646.5 25.73609524146892 23.16705563198157
647.0 25.737459450213986 23.167872340493503
647.5 25.73884677280443 23.168677143692328
648.0 25.7402474368217 23.16948595128938
648.5 25.741609137818937 23.170311568686735
649.0 25.742980761995437 23.171122536160667
649.5 25.744352115221893 23.171936246825474
650.0 25.745678655585664 23.172745231061477
650.5 25.747033062763 23.173547536419914
651.0 25.74837828737236 23.174356935468236
651.5 25.749725513194427 23.17517315563019
652.0 25.751053908247773 23.175984298847357
652.5 25.75241261334904 23.176783696095384
653.0 25.753697706657576 23.177603084429286
653.5 25.75505426230889 23.178413994682685
654.0 25.7563966588558 23.179215586946444
654.5 25.75768555672242 23.180033348475455
655.0 25.75901240674947 23.180832967934993
655.5 25.76030177232841 23.181639610503435
656.0 25.761616045554465 23.18244372021814
656.5 25.762934825238858 23.1832543732134
657.0 25.764270645433665 23.184065358274278
657.5 25.765582601097815 23.184876488296897
658.0 25.766853850199148 23.1856806697995
658.5 25.768148165380055 23.186498602198938
659.0 25.76948448585715 23.1873036883615
659.5 25.770756390146623 23.188105490713973
660.0 25.772061524762183 23.188901840444174
660.5 25.77333479741462 23.18971899053617
661.0 25.77464433637998 23.190525355734614
661.5 25.775959478499324 23.19133169881586
662.0 25.777236475116382 23.192143900356797
662.5 25.77854571546057 23.192952336038836
663.0 25.779857396640082 23.19375942788172
663.5 25.7811485049261 23.19456850351336
664.0 25.78246579152013 23.19538598821729
664.5 25.783747523492604 23.19617979996234
665.0 25.785069590423593 23.196998802948485
665.5 25.786385705069556 23.197811664298236
666.0 25.787720147037714 23.198619419849628
666.5 25.789033541791802 23.199434944727543
667.0 25.79036615656044 23.200241360481456
667.5 25.7916900708757 23.20106549574436
668.0 25.793051315964284 23.201876524288586
668.5 25.794318277642027 23.20269054431214
669.0 25.795683180358502 23.20349413299132
669.5 25.797000421428834 23.204308311331324
670.0 25.798324187190033 23.20512420783579
670.5 25.79960872266696 23.205938408878808
671.0 25.800958906872566 23.206751779503485
671.5 25.802252729018186 23.20756773766249
672.0 25.80354517294269 23.2083744181706
672.5 25.804856527291808 23.209188671683442
673.0 25.80614866330636 23.209990751303682
673.5 25.807436731880813 23.210805388008914
674.0 25.80872059491698 23.211613395336165
674.5 25.80997510444504 23.212422976948012
675.0 25.811296797574997 23.213236723916285
675.5 25.812517039221493 23.214047199322962
676.0 25.813809672600705 23.214862899620087
676.5 25.8150925268111 23.215667932379183
677.0 25.816312948894197 23.216468753061534
677.5 25.817577045810474 23.2172829114521
678.0 25.81883448916988 23.21809838637565
678.5 25.820111005932755 23.218901097091408
679.0 25.82134105656495 23.219703521136342
679.5 25.82258853250636 23.220514414121997
680.0 25.8238445810546 23.221320522682163
680.5 25.825089524833757 23.222124846087713
681.0 25.826304761828702 23.222938147522797
681.5 25.827541342208473 23.22374697960032
682.0 25.82879307675185 23.224551751357176
682.5 25.8300023395274 23.225365632075416
683.0 25.83127218220003 23.22617586111834
683.5 25.83249073201852 23.22698165455975
684.0 25.833700514653124 23.22778000590064
684.5 25.83490284210597 23.228589223075087
685.0 25.836162950682727 23.229395413089676
685.5 25.83738424472112 23.23020181626688
686.0 25.838618128011724 23.231014401017546
686.5 25.839857454226923 23.2318257348053
687.0 25.84107097688602 23.232620890786002
687.5 25.84229210410763 23.233439782647295
688.0 25.843561240115275 23.234249495579885
688.5 25.844767938908824 23.23504883474893
689.0 25.84599757501642 23.235861969981485
689.5 25.847208198477137 23.236668495785974
690.0 25.84845055840587 23.23747693106984
690.5 25.84969438423032 23.238287154529438
691.0 25.850925773966548 23.23910019058718
691.5 25.852158728845353 23.239909057796314
692.0 25.853415262496846 23.240718760158778
692.5 25.854652803350096 23.241536158420914
693.0 25.855899992522716 23.242337081580985
693.5 25.85713309105444 23.243146354789623
694.0 25.858401934509082 23.243960552989073
694.5 25.85961747493925 23.24478683107273
695.0 25.86088402275724 23.245591028690757
695.5 25.862165741493442 23.24640980000651
696.0 25.863429797318073 23.247220387335787
696.5 25.864717125023077 23.248025864026477
697.0 25.86597017104122 23.248841719956403
697.5 25.867250081442368 23.249664241216067
698.0 25.86854670030492 23.250471573523647
698.5 25.869835647431103 23.25130192150703
699.0 25.871103815527213 23.252118610157403
699.5 25.87241148560135 23.252932110179874
700.0 25.873734856278578 23.25375110640377
700.5 25.875034223335504 23.254562712714385
701.0 25.87635099432513 23.255387314697114
701.5 25.87764349421054 23.25619786352302
702.0 25.878982300766914 23.257024064472827
702.5 25.88034225048197 23.257842424284693
703.0 25.881633292883464 23.258668822035826
703.5 25.883037004462643 23.259487867912497
704.0 25.884359365609413 23.26031564454782
704.5 25.885719861813087 23.261139721712585
705.0 25.887063058096583 23.261951649154284
705.5 25.88843387410354 23.26279218541724
706.0 25.88983115409015 23.263614055096276
706.5 25.891157521504184 23.26442840788554
707.0 25.892548086790587 23.265267145899035
707.5 25.89391934178986 23.26609140031932
708.0 25.895282027934048 23.2669206011928
708.5 25.89665995931948 23.267745583509036
709.0 25.898080988416883 23.268573453545514
709.5 25.899446307586068 23.269390831853322
710.0 25.900846134029713 23.270221563695742
710.5 25.902240174882728 23.2710605730222
711.0 25.903612754060145 23.27188313972593
711.5 25.905003369127147 23.272717242541532
712.0 25.90644010904933 23.273542551545148
712.5 25.907816894702368 23.274373050318346
713.0 25.90922278550018 23.275211751964058
