FastTrWP/PhaseSpace/IAs/snIa_0.58_30.00_0.73_0.11.csv
# %ECSV 0.9
# ---
# datatype:
# - {name: time-rel, datatype: float64}
# - {name: g, datatype: float64}
# - {name: i, datatype: float64}
# schema: astropy-2.0
time-rel g i
[from data line 575]
404.2916666666667 24.235175426440488 22.626810334784295
404.79166666666663 24.232860784673935 22.625056675345057
405.2916666666667 24.23053931454213 22.62329940817873
405.7916666666667 24.228229448327255 22.621553844441728
406.29166666666663 24.225932776607905 22.619812116430076
406.7916666666667 24.223651573488144 22.61807429982607
407.2916666666667 24.22136860488053 22.61633609702728
407.79166666666663 24.219081684745806 22.614603620449575
408.2916666666667 24.21682313021452 22.612889161206713
408.7916666666667 24.21457132123528 22.611169259523773
409.29166666666663 24.212325118523236 22.609450207852962
409.7916666666667 24.210097525323654 22.60773877664352
410.2916666666667 24.207869452650822 22.606033655416585
410.79166666666663 24.205673260186046 22.604335193106447
411.2916666666667 24.203441750107743 22.60264325356001
411.7916666666667 24.201257002561704 22.600953747496483
412.29166666666663 24.199064487774066 22.59926411716213
412.7916666666667 24.19687967413779 22.59758418857885
413.2916666666667 24.194734111244344 22.59590621202463
413.79166666666663 24.19256083496124 22.594237509207492
414.2916666666667 24.19041907177471 22.59257487930375
414.7916666666667 24.18828069537397 22.59091869968975
415.29166666666663 24.186164073179572 22.589262393914623
415.7916666666667 24.184050045622122 22.58760954770388
416.2916666666667 24.181954395694213 22.58597292320827
416.79166666666663 24.179855382451485 22.58433251264019
417.2916666666667 24.17777848785258 22.582699596781065
417.7916666666667 24.17570151014501 22.58107857887891
418.29166666666663 24.173635211110277 22.57945459123512
418.7916666666667 24.171585570439547 22.577837777379948
419.2916666666667 24.16957627487795 22.576230686618356
419.79166666666663 24.167545318501706 22.574618372853248
420.2916666666667 24.165523155511217 22.573024192705425
420.7916666666667 24.163519129368183 22.571428961821898
421.29166666666663 24.161536117036345 22.569845299604733
421.7916666666667 24.159552340509308 22.568255599026344
422.2916666666667 24.157595044888673 22.566685271826678
422.79166666666663 24.155633903373936 22.56511897729673
423.2916666666667 24.15369850450185 22.56353616623336
423.7916666666667 24.151757477397826 22.561994940103972
424.29166666666663 24.149848555782732 22.56043700070449
424.7916666666667 24.147923631263133 22.558889805699472
425.2916666666667 24.14604510854022 22.55734663720892
425.79166666666663 24.14415272365638 22.55581176573543
426.2916666666667 24.142291487519067 22.554281932255243
426.7916666666667 24.1404442238893 22.55275702303176
427.29166666666663 24.13859044197245 22.55123835562888
427.7916666666667 24.136754255351494 22.549728063571912
428.2916666666667 24.13494779548083 22.54821817382198
428.79166666666663 24.1331372533651 22.546720306630274
429.2916666666667 24.131346817866014 22.545229998224066
429.7916666666667 24.12957164733987 22.543737841874886
430.29166666666663 24.127808627751158 22.542268293923577
430.7916666666667 24.126054649392678 22.540781877371398
431.2916666666667 24.12431865699017 22.5393078211242
431.79166666666663 24.12257207900386 22.537846105161357
432.2916666666667 24.12082487565157 22.53638035988039
432.7916666666667 24.11909839412935 22.534925946704444
433.29166666666663 24.117393605981754 22.533480230247818
433.7916666666667 24.115691122857108 22.532026715051032
434.2916666666667 24.11398737330562 22.530584170993077
434.79166666666663 24.11231414999145 22.52914097443338
435.2916666666667 24.11062530438169 22.527709961620612
435.7916666666667 24.108961564110857 22.52627842066864
436.29166666666663 24.10730956002083 22.524856272303964
436.7916666666667 24.10565814605946 22.523437266704516
437.2916666666667 24.10402415921972 22.52202243164139
437.79166666666663 24.102391313869944 22.52060777199395
438.2916666666667 24.10076412825001 22.51920014520907
438.7916666666667 24.099131912696393 22.517799188844396
439.29166666666663 24.097538407699147 22.516399141891444
439.7916666666667 24.095933855916346 22.515000513684043
440.2916666666667 24.09435433550895 22.513617066347162
440.79166666666663 24.09276855012884 22.512230828815127
441.2916666666667 24.09119872082812 22.51085406595682
441.7916666666667 24.089643571067537 22.50947883685712
442.29166666666663 24.08808129269965 22.50810786135759
442.7916666666667 24.08653180100821 22.50673682971176
443.2916666666667 24.085006091967507 22.50538784717826
443.79166666666663 24.083477004466943 22.504024232706897
444.2916666666667 24.081962700760794 22.502674929360662
444.7916666666667 24.080441799385298 22.501319638239003
445.29166666666663 24.07893277760425 22.499976255426244
445.7916666666667 24.0774515610603 22.498639921399466
446.2916666666667 24.07595980207621 22.497310085989564
446.79166666666663 24.074489016742472 22.49596676046393
447.2916666666667 24.073008106433274 22.494651373025043
447.7916666666667 24.071576196267422 22.493327646540678
448.29166666666663 24.07010608294621 22.492009125718265
448.7916666666667 24.068678056392315 22.490693620904622
449.2916666666667 24.06724504413246 22.48939331552746
449.79166666666663 24.06580780494744 22.488086096994216
450.2916666666667 24.064408935456672 22.48678110056352
450.7916666666667 24.062992664187828 22.485491624984732
451.29166666666663 24.06159800412016 22.484204509891505
451.7916666666667 24.06020806806689 22.482921502791143
452.2916666666667 24.058826715186918 22.481632386498855
452.79166666666663 24.057454733946336 22.4803603749764
453.2916666666667 24.056077657633054 22.479088268427564
453.7916666666667 24.054741034284213 22.477816769701654
454.29166666666663 24.053387754537937 22.476555995078034
454.7916666666667 24.052031147383225 22.475299072776366
455.2916666666667 24.050721366012286 22.474043311676738
455.79166666666663 24.049397844504313 22.47278710130378
456.2916666666667 24.048082363045253 22.471544056021223
456.7916666666667 24.046781359843614 22.470298997956696
457.29166666666663 24.04548504793358 22.46906642452599
457.7916666666667 24.04419821869015 22.46783436523441
458.2916666666667 24.0429171782281 22.466608337613813
458.79166666666663 24.04166730079046 22.4653800126204
459.2916666666667 24.040380216449662 22.46415793259811
459.7916666666667 24.03913135218494 22.462948731703097
460.29166666666663 24.037893108198006 22.461736136677125
460.7916666666667 24.036652250211958 22.460530626361162
461.2916666666667 24.035419451770213 22.45933035129227
461.79166666666663 24.034219242590623 22.45813153684772
462.2916666666667 24.033006487618223 22.456937235684403
462.7916666666667 24.03180033178159 22.45574007167855
463.29166666666663 24.030606543746693 22.45456325390036
463.7916666666667 24.029426771797763 22.453392718300282
464.2916666666667 24.028257759944722 22.452207448575912
464.79166666666663 24.027078668763863 22.45103834299522
465.2916666666667 24.02591934471479 22.449876163703127
465.7916666666667 24.02478883152352 22.448710502954746
466.29166666666663 24.023639339667984 22.447550137143573
466.7916666666667 24.022506306122583 22.44640103008944
467.2916666666667 24.021372615660297 22.445253348699794
467.79166666666663 24.020259354881915 22.444105642600665
468.2916666666667 24.0191582509118 22.442961518417626
468.7916666666667 24.01805656718563 22.4418255378289
469.29166666666663 24.016954854740142 22.440690524530623
469.7916666666667 24.015867085700506 22.439559867360813
470.2916666666667 24.014786775053235 22.438440661273397
470.79166666666663 24.013712127108526 22.437314042460375
471.2916666666667 24.012661934553346 22.43619687866918
471.7916666666667 24.01160743686423 22.435080098556792
472.29166666666663 24.01054856459381 22.43396628367599
472.7916666666667 24.0095044658458 22.43286415464582
473.2916666666667 24.0084848060761 22.431764584902464
473.79166666666663 24.007441190450578 22.43066759862401
474.2916666666667 24.006428637882834 22.429566481572778
474.7916666666667 24.00540233802847 22.428470488322098
475.29166666666663 24.00440860622552 22.427380459778487
475.7916666666667 24.00339243054473 22.426297639601746
476.2916666666667 24.0024108225805 22.425219006292743
476.79166666666663 24.00141845995479 22.4241435387891
477.2916666666667 24.00044211212288 22.42307151040106
477.7916666666667 23.999466678280914 22.421999553877797
478.29166666666663 23.998514570606893 22.420930973475485
478.7916666666667 23.997553775578673 22.419869189511274
479.2916666666667 23.996595928222 22.418816589503045
479.79166666666663 23.995657172673603 22.41776387248371
480.2916666666667 23.99472393218872 22.416709551326672
480.7916666666667 23.99379989710308 22.415663720753265
481.29166666666663 23.99288304786999 22.4146197776655
481.7916666666667 23.991958759296242 22.413583936746583
482.2916666666667 23.99105211474266 22.412546114580636
482.79166666666663 23.990175286113676 22.41151476208765
483.2916666666667 23.989285426475217 22.41048517074379
483.7916666666667 23.9883857389832 22.409463519920855
484.29166666666663 23.987517033640042 22.40844427786493
484.7916666666667 23.986655433437992 22.407426291749807
485.2916666666667 23.985794884417707 22.406414855039106
485.79166666666663 23.984933852193485 22.40540952077974
486.2916666666667 23.984092859564825 22.40439951680145
486.7916666666667 23.983258679733474 22.403404759716036
487.29166666666663 23.982424614660918 22.40240366412292
487.7916666666667 23.98159444634149 22.40141659702695
488.2916666666667 23.980793305219734 22.400426722848373
488.7916666666667 23.97997796864722 22.39944260828085
489.2916666666667 23.979184784188114 22.398459660598526
489.7916666666667 23.978386838004585 22.397486869258394
490.2916666666667 23.977604708021044 22.3965077630002
490.7916666666667 23.976827177703125 22.395546093035122
491.2916666666667 23.97607040866877 22.39457465371091
491.7916666666667 23.97529953093878 22.393619002619705
492.2916666666667 23.97454678877471 22.392662106759516
492.7916666666667 23.973815386228452 22.39169684771658
493.2916666666667 23.973071137934767 22.390756674703255
493.7916666666667 23.972344401421147 22.389809652620627
494.2916666666667 23.97161532172496 22.388864351004834
494.7916666666667 23.97088964427672 22.38792806348166
495.2916666666667 23.970179986128215 22.386988728390914
495.7916666666667 23.969488141080696 22.386061883267757
496.2916666666667 23.968817139218892 22.385139716359657
496.7916666666667 23.968133287833243 22.384214657076107
497.2916666666667 23.967444727606804 22.383296592189733
497.7916666666667 23.966776258309956 22.382381504081636
498.2916666666667 23.96611968185543 22.381472755304376
498.7916666666667 23.965486604795473 22.380568310501545
499.2916666666667 23.964824237541457 22.379664458564687
499.7916666666667 23.964194441679215 22.37876594334743
500.2916666666667 23.963561109246783 22.377874132632456
500.7916666666667 23.962962809584255 22.37698078682799
501.2916666666667 23.96233849053667 22.37609841867174
501.7916666666667 23.96172731500816 22.37521515962067
502.2916666666667 23.961139134935458 22.37434150380421
502.7916666666667 23.960545997581807 22.37346286900527
503.2916666666667 23.95997428112587 22.372592477973132
503.7916666666667 23.95939727923244 22.37172848915246
504.2916666666667 23.958835369478464 22.37086854256595
504.7916666666667 23.95829170177774 22.370006226998086
505.2916666666667 23.9577322145027 22.369146537699123
505.7916666666667 23.957208046315635 22.368300662395203
506.2916666666667 23.956682498690235 22.367456778779697
506.7916666666667 23.956149174167216 22.36661232370924
507.2916666666667 23.955632780353557 22.36576807185302
507.7916666666667 23.955144431858827 22.364943488801863
508.2916666666667 23.954652576341946 22.364110212961286
508.7916666666667 23.954170027505974 22.363281932899728
509.2916666666667 23.953674005524984 22.362463078121444
509.7916666666667 23.953202653297904 22.36164926132926
510.2916666666667 23.95274278777229 22.36083100338122
510.7916666666667 23.95229442915898 22.36002115978026
511.2916666666667 23.951849643775702 22.359215723192357
511.7916666666667 23.951398918771876 22.358411758485307
512.2916666666666 23.950976957337048 22.35761536602094
512.7916666666666 23.95055559507863 22.35681678647703
513.2916666666666 23.950130840103583 22.356021265708584
513.7916666666666 23.94973419362283 22.355240396100164
514.2916666666666 23.949342051500146 22.354449290698195
514.7916666666666 23.948953357662326 22.353672800039778
515.2916666666666 23.948560955025755 22.352900660781128
515.7916666666666 23.948192610032265 22.352124538128283
516.2916666666666 23.947819984110254 22.351353959518867
516.7916666666666 23.947451788077633 22.35058484756801
517.2916666666666 23.947099370155538 22.34982293684874
517.7916666666666 23.946765534078928 22.349059771321365
518.2916666666666 23.946433107770634 22.348313352770305
518.7916666666666 23.946101895047033 22.347563559697296
519.2916666666666 23.945771694348224 22.346807821970707
519.7916666666666 23.945460788413357 22.346065441954956
520.2916666666666 23.945125306320044 22.345323616215396
520.7916666666666 23.944837499418938 22.344588559281373
521.2916666666666 23.94454224419295 22.34385897752196
521.7916666666666 23.94426147638885 22.34311904917034
522.2916666666666 23.943969153600474 22.34238693338216
522.7916666666666 23.943701155743465 22.341666115990776
523.2916666666666 23.943429404633907 22.340946423150815
523.7916666666666 23.943173398300676 22.34023144477488
524.2916666666666 23.942912696921915 22.339519702648523
524.7916666666666 23.942654479896397 22.33880577965648
525.2916666666666 23.942416747765805 22.33809900802813
525.7916666666666 23.942196626842723 22.337394000306404
526.2916666666666 23.941961415935946 22.336696239526166
526.7916666666666 23.94173957600614 22.335992084539583
527.2916666666666 23.941520929925204 22.33530169760893
527.7916666666666 23.941310445393107 22.33461090752477
528.2916666666666 23.941122055880886 22.333928288393846
528.7916666666666 23.94091110453212 22.33324008480041
529.2916666666666 23.94073076977532 22.332551102241837
529.7916666666666 23.940541107326162 22.331878782925756
530.2916666666666 23.940372278703045 22.331198325261315
530.7916666666666 23.940190352296895 22.330526278235716
531.2916666666666 23.94002209946518 22.329850962690323
531.7916666666666 23.93986761048364 22.32919325002905
532.2916666666666 23.939726868180152 22.32853132750578
532.7916666666666 23.939576694060698 22.32786511638635
533.2916666666666 23.939430858347528 22.327204235935806
533.7916666666666 23.93929336675035 22.326551644925573
534.2916666666666 23.93916074253212 22.325910699198563
534.7916666666666 23.93902771287693 22.325253408395426
535.2916666666666 23.938931244372725 22.324604074878028
535.7916666666666 23.93878798160445 22.323961861069776
536.2916666666666 23.93868584784837 22.323321727604476
536.7916666666666 23.938579948143502 22.32268602379266
537.2916666666666 23.938494311496903 22.322054070936417
537.7916666666666 23.938403568910836 22.321425811718836
538.2916666666666 23.938329633592673 22.32079815928579
538.7916666666666 23.938248185414352 22.320165332815275
539.2916666666666 23.93816288201931 22.319541173880125
539.7916666666666 23.938094230643383 22.318923633859665
540.2916666666666 23.93802489493308 22.31831335752776
540.7916666666666 23.937963462492608 22.31769578635604
541.2916666666666 23.937918308760008 22.31708038767668
541.7916666666666 23.937871604625947 22.31646752214846
542.2916666666666 23.937812985019676 22.315868867999143
542.7916666666666 23.93777306823594 22.315258088717144
543.2916666666666 23.937743720346226 22.314657450543347
543.7916666666666 23.937707398566634 22.314063656639537
544.2916666666666 23.937679798925195 22.313462848309726
544.7916666666666 23.937677055432598 22.312871545087066
545.2916666666666 23.93764738587109 22.312283264193734
545.7916666666666 23.93766789330143 22.311696846211746
546.2916666666666 23.937675072414933 22.311111117491645
546.7916666666666 23.937690938847464 22.310540279945613
547.2916666666666 23.937719056251538 22.309959617852403
547.7916666666666 23.93775247130307 22.309393161163054
