FastTrWP/PhaseSpace/IAs/snIa_0.4_20_1_-0.1.csv
# %ECSV 0.9
# ---
# datatype:
# - {name: time-rel, datatype: float64}
# - {name: g, datatype: float64}
# - {name: i, datatype: float64}
# schema: astropy-2.0
time-rel g i
[from data line 2776]
1372.9583333333333 -24.236041779474 -26.409448643821175
1373.4583333333333 -24.235205564279912 -26.408813897858934
1373.9583333333333 -24.234321553585353 -26.408180290190856
1374.4583333333333 -24.23349025888396 -26.407544658348638
1374.9583333333333 -24.23266922599612 -26.40689490318743
1375.4583333333333 -24.231768358985498 -26.40626583023058
1375.9583333333333 -24.230936700438445 -26.405625990071076
1376.4583333333333 -24.230106499265315 -26.404977566908336
1376.9583333333333 -24.229263679024942 -26.4043371340653
1377.4583333333333 -24.22844397953053 -26.403687623401808
1377.9583333333333 -24.227600647707437 -26.403048888849753
1378.4583333333333 -24.226749851063065 -26.402400539980416
1378.9583333333333 -24.22594652978998 -26.401749145491667
1379.4583333333333 -24.225085819832945 -26.401109758827165
1379.9583333333333 -24.224238768813233 -26.400464112528073
1380.4583333333333 -24.22344043138562 -26.399811032462356
1380.9583333333333 -24.222600917208894 -26.399171056113037
1381.4583333333333 -24.22179097493395 -26.398513286516383
1381.9583333333333 -24.22094131955426 -26.397871231243855
1382.4583333333333 -24.220143080041954 -26.39720179849164
1382.9583333333333 -24.219340701076906 -26.396557940511297
1383.4583333333333 -24.218489415879503 -26.39589517136478
1383.9583333333333 -24.217692917246552 -26.395246319815048
1384.4583333333333 -24.216882307151657 -26.3945959757148
1384.9583333333333 -24.216057719427802 -26.39393776475884
1385.4583333333333 -24.21526100582689 -26.393280166984304
1385.9583333333333 -24.214437916888233 -26.392609318287995
1386.4583333333333 -24.213619643632253 -26.391952146762534
1386.9583333333333 -24.212817008917597 -26.39129697605376
1387.4583333333333 -24.21201322760322 -26.39063134417079
1387.9583333333333 -24.21121223567885 -26.389973241026837
1388.4583333333333 -24.210396707439937 -26.389298842541514
1388.9583333333333 -24.209643013067232 -26.38864289573974
1389.4583333333333 -24.20882473915636 -26.38798101796229
1389.9583333333333 -24.20803182583789 -26.3873121793388
1390.4583333333333 -24.20724416676585 -26.386655409914553
1390.9583333333333 -24.206440854146667 -26.385981550332794
1391.4583333333333 -24.205638297062965 -26.385317770147534
1391.9583333333333 -24.204850766083844 -26.384644487236294
1392.4583333333333 -24.20410284185658 -26.383975460132646
1392.9583333333333 -24.20326318640519 -26.383306024309174
1393.4583333333333 -24.202495727935137 -26.382641659850968
1393.9583333333333 -24.201706118559116 -26.38196645191714
1394.4583333333333 -24.20093287854435 -26.381294507904485
1394.9583333333333 -24.200147187679946 -26.380614574094693
1395.4583333333333 -24.199371761022324 -26.379951369613433
1395.9583333333333 -24.19855921915978 -26.379273137004
1396.4583333333333 -24.1978135080805 -26.378592696069816
1396.9583333333333 -24.19702003142143 -26.37792148805054
1397.4583333333333 -24.196274202019964 -26.377249533787204
1397.9583333333333 -24.19547028377716 -26.376566279661354
1398.4583333333333 -24.194729057599552 -26.37588687268808
1398.9583333333333 -24.193927026750075 -26.37519906149088
1399.4583333333333 -24.193184415730933 -26.374520450982878
1399.9583333333333 -24.19241853416041 -26.373842961082588
1400.4583333333333 -24.19164192002698 -26.373157646632745
1400.9583333333333 -24.190890507215514 -26.372473005709367
1401.4583333333333 -24.190098692788894 -26.371790597317993
1401.9583333333333 -24.189363393936443 -26.371114740926295
1402.4583333333333 -24.188597430491065 -26.37042502717698
1402.9583333333333 -24.187845217396095 -26.369730639867083
1403.4583333333333 -24.187086487327175 -26.369053080294947
1403.9583333333333 -24.186296450540667 -26.368365387296503
1404.4583333333333 -24.185568166797964 -26.367681444550385
1404.9583333333333 -24.184784394660284 -26.366987367363294
1405.4583333333333 -24.184044623835327 -26.366297305095173
1405.9583333333333 -24.18330509270926 -26.36560543618637
1406.4583333333333 -24.18252642217874 -26.364920005644382
1406.9583333333333 -24.18178884356034 -26.36423049632544
1407.4583333333333 -24.181052826760535 -26.363534270356332
1407.9583333333333 -24.18031447572019 -26.36282792975106
1408.4583333333333 -24.179531986745246 -26.362151361273863
1408.9583333333333 -24.178838228920082 -26.361457765113016
1409.4583333333333 -24.178083941990817 -26.360751732752608
1409.9583333333333 -24.177345452157184 -26.3600486054797
1410.4583333333333 -24.176599427946105 -26.35936717332896
1410.9583333333333 -24.175877236109127 -26.358653325333286
1411.4583333333333 -24.17514833597355 -26.357967093711462
1411.9583333333333 -24.17442146465615 -26.357258465594825
1412.4583333333333 -24.173669014465062 -26.35655816120705
1412.9583333333333 -24.172964426328576 -26.355856184109577
1413.4583333333333 -24.172225193090323 -26.35515522615217
1413.9583333333333 -24.171499220903527 -26.354449432774977
1414.4583333333333 -24.17076657859665 -26.353748534370066
1414.9583333333333 -24.17005169453755 -26.35304031292296
1415.4583333333333 -24.169316867315665 -26.35233247268279
1415.9583333333333 -24.16862746883482 -26.35162115040805
1416.4583333333333 -24.16792161733699 -26.350914952258275
1416.9583333333333 -24.167169644253438 -26.35021359964625
1417.4583333333333 -24.166471472018294 -26.34949469557285
1417.9583333333333 -24.165785080384605 -26.34878159246562
1418.4583333333333 -24.16505557385991 -26.348066607549676
1418.9583333333333 -24.164350360431218 -26.347355959431336
1419.4583333333333 -24.163641955715796 -26.346644688227613
1419.9583333333333 -24.162939294852066 -26.345923634659506
1420.4583333333333 -24.162238939058774 -26.345210140558525
1420.9583333333333 -24.161507261504088 -26.34450518690548
1421.4583333333333 -24.160826905113893 -26.343788257414328
1421.9583333333333 -24.160113372424192 -26.343070616214415
1422.4583333333333 -24.159446952994955 -26.342352547171416
1422.9583333333333 -24.15874676848413 -26.341622400436847
1423.4583333333333 -24.15804947039559 -26.3409113083883
1423.9583333333333 -24.15735278405464 -26.340184550535252
1424.4583333333333 -24.156674649072638 -26.33945805448052
