FastTrWP/PhaseSpace/IAs/snIa_0.69_30.00_-1.12_-0.25.csv
# %ECSV 0.9
# ---
# datatype:
# - {name: time-rel, datatype: float64}
# - {name: g, datatype: float64}
# - {name: i, datatype: float64}
# schema: astropy-2.0
time-rel g i
[from data line 1766]
540.5 25.198193631799022 22.600541705358577
541.0 25.196838540952513 22.60147956024531
541.4999999999999 25.195512088651203 22.602404796048884
542.0 25.194092924167897 22.60333772333218
542.5 25.192574848493784 22.60426780833036
542.9999999999999 25.191017542065666 22.60520320597807
543.5 25.18938920507379 22.606143163112154
544.0 25.187758328926158 22.607076941666413
544.4999999999999 25.186020551087665 22.608011471529927
545.0 25.184222565982616 22.608952660802856
545.5 25.182373389955938 22.609894263059402
545.9999999999999 25.180468206762225 22.610838207885635
546.5 25.17848141458957 22.61177770630185
547.0 25.176483530525044 22.612725085300976
547.4999999999999 25.17439582492008 22.613669855364464
548.0 25.172270040730808 22.61461685556138
548.5 25.17007750566769 22.61556620806319
548.9999999999999 25.167851234032227 22.61651783858071
549.5 25.16554570347595 22.617473652408453
550.0 25.163200301831928 22.61842737692173
550.4999999999999 25.160811547257765 22.619377163855084
551.0 25.158347533663328 22.620323265832113
551.5 25.15586023433663 22.62128716702728
551.9999999999999 25.15332524001037 22.6222440933497
552.5 25.150630313965703 22.623202037946836
553.0 25.14784045635242 22.62416946195897
553.4999999999999 25.14493163948351 22.625134018021257
554.0 25.14188169832976 22.62609245878561
554.5 25.138772337482273 22.62706072296229
554.9999999999999 25.135524796470605 22.628036625602654
555.5 25.132184541632846 22.629002621021968
556.0 25.128745890581765 22.62998188090101
556.4999999999999 25.12518309552538 22.630956354265635
557.0 25.121543671401028 22.631926863359485
557.5 25.117825041628876 22.63290575548138
557.9999999999999 25.11401561580337 22.633886383862503
558.5 25.110115472171174 22.63487021454802
559.0 25.10611291787431 22.635850999570536
559.4999999999999 25.102066028253706 22.636830945502318
560.0 25.097931732110577 22.63783021758085
560.5 25.093728072654212 22.638810667695193
560.9999999999999 25.08946885967753 22.63980712303124
561.5 25.08514786267296 22.640797053399623
562.0 25.080759086047046 22.641791702828012
562.4999999999999 25.076310012447017 22.64278604160005
563.0 25.07181559384932 22.64377960474011
563.5 25.067292549754537 22.64478443802114
563.9999999999999 25.06267966306552 22.645783095230108
564.5 25.05802561661545 22.646779832837865
565.0 25.05336567303251 22.647784037769704
565.4999999999999 25.048647380982864 22.64878425286421
566.0 25.043896779385825 22.649798978545462
566.5 25.03909500058353 22.650805569425497
566.9999999999999 25.034259712604694 22.651811186170242
567.5 25.029437196624833 22.652825892976477
568.0 25.024548246114637 22.65383288287053
568.4999999999999 25.019669342692502 22.65484959199402
569.0 25.014766831460435 22.65586259088235
569.5 25.00983910774044 22.656874565973858
569.9999999999999 25.004901393305666 22.657891608101718
570.5 24.99995974158349 22.6589095545995
571.0 24.994984366504926 22.65993606716077
571.4999999999999 24.99000745516287 22.6609523981288
572.0 24.985054908008912 22.661969516524174
572.5 24.980064308944563 22.662992070624114
573.0 24.975092167820133 22.664013876354737
573.5 24.970156347974168 22.665040389771335
574.0 24.965191947292876 22.66606974925637
574.5 24.96021462862304 22.667093006917515
575.0 24.95526849622827 22.668129422348947
575.5 24.95034127474147 22.66915442037704
576.0 24.94543240965186 22.67018114964059
576.5 24.940503544373797 22.671220089093186
577.0 24.935632407827097 22.67224643677256
577.5 24.930760199842958 22.673278618213114
578.0 24.925912567395102 22.674305987449298
578.5 24.921090854540722 22.675344067461477
579.0 24.916278874595537 22.67638356148182
579.5 24.911522143046454 22.677423072601215
580.0 24.90674829677112 22.67845347953461
580.5 24.902088626600765 22.679491075552253
581.0 24.897403991104007 22.680529854373038
581.5 24.89276637922599 22.68157273297968
582.0 24.88814933475759 22.682601555761437
582.5 24.883577544277202 22.6836439264332
583.0 24.87905313323442 22.68468676104776
583.5 24.874559634295693 22.685730243599824
584.0 24.870090239770384 22.68677213974653
584.5 24.86568323459865 22.687815198734043
585.0 24.8613315847231 22.688861892119515
585.5 24.857031092747143 22.689901558471274
586.0 24.85275743510005 22.690943061856714
586.5 24.848545085326855 22.691990982587967
587.0 24.844393110287438 22.69304040923812
587.5 24.84028628698555 22.69408920277519
588.0 24.836200478194645 22.695130217816683
588.5 24.83221060745897 22.696175033284234
589.0 24.8282544038125 22.697218757836573
589.5 24.82437626286424 22.69827678765781
590.0 24.820574569792477 22.699317077409486
590.5 24.816770791230898 22.700364624230364
591.0 24.813076655613795 22.701414738884576
591.5 24.809424423480504 22.702464371994363
592.0 24.805860735172942 22.70350435205779
592.5 24.802335181873385 22.704562478087823
593.0 24.798821887166056 22.705604350740508
593.5 24.79527706046339 22.706660574652776
594.0 24.791750025905127 22.70771076924772
594.5 24.788190467998735 22.70876384155605
595.0 24.784657354529248 22.709819144939427
595.5 24.781085828066637 22.710876472212785
596.0 24.777510989907114 22.711929849266017
596.5 24.773931125616926 22.71298809937168
597.0 24.770326254033574 22.714048833049674
597.5 24.766778294511475 22.715111399221925
598.0 24.76317934125811 22.716176090183787
598.5 24.759574114772086 22.717238736762077
599.0 24.755999156995316 22.718289324700184
599.5 24.752428898763398 22.719353485645364
600.0 24.748843986826135 22.72043279385169
600.5 24.74528031962198 22.721492891763887
601.0 24.74169765940139 22.72255974916451
601.5 24.73813618221504 22.72363240243941
602.0 24.73456555835865 22.72470280739572
602.5 24.73101569410373 22.725773506500218
603.0 24.727492258052997 22.726848374110176
603.5 24.723944973121085 22.72790940259839
604.0 24.7204321530255 22.72898446851745
604.5 24.716928664095693 22.730062058063254
605.0 24.71343643158108 22.73114301874514
605.5 24.70992557058109 22.73221912606226
606.0 24.706482852605383 22.733292824890615
606.5 24.703019634812385 22.734368468220904
607.0 24.69958645565477 22.73544763508387
607.5 24.696178199158876 22.736525381509477
608.0 24.69278888498119 22.737604883109405
608.5 24.689390417492515 22.7386905740272
609.0 24.686045638145842 22.739769726271255
609.5 24.682691290632487 22.740851805850944
610.0 24.67937197173262 22.741936991323023
610.5 24.6760851131993 22.743021898811094
611.0 24.672821955527805 22.744113815077462
611.5 24.66956100258875 22.745198519562692
612.0 24.666348016836423 22.746287777134818
612.5 24.663154509322943 22.747369518274635
613.0 24.66000595358401 22.748460837787814
613.5 24.656839192181792 22.749551476776055
614.0 24.653725765631307 22.750643465925755
614.5 24.650635470557617 22.75172939909824
615.0 24.64760546965332 22.752825877383405
615.5 24.64456933246356 22.753920655447647
616.0 24.641575045678515 22.755009006126066
616.5 24.63861109297372 22.756107609238036
617.0 24.635704367149213 22.757195822516024
617.5 24.6327751880424 22.758287628113216
618.0 24.629925962537406 22.759384413439577
618.5 24.6271127801838 22.760479776292634
619.0 24.62433664051013 22.76157734936392
619.5 24.62155295728465 22.762679625014503
620.0 24.618841933387845 22.76377357298592
620.5 24.6161743251194 22.764871624205107
621.0 24.61352481626466 22.76597369065158
621.5 24.61091251298007 22.767072319200416
622.0 24.60835457134113 22.76816599829161
622.5 24.605825735649947 22.769265270267738
623.0 24.603327634261912 22.77036898152658
623.5 24.60090274320428 22.771468165242254
624.0 24.59851703393789 22.772566546355904
624.5 24.59616803373376 22.77367190222321
625.0 24.59385202114802 22.77477925854017
625.5 24.59157320174303 22.77587736165039
626.0 24.58935895199413 22.776977574229505
626.5 24.587177320517696 22.778083517884525
627.0 24.585048491232598 22.779185667384017
627.5 24.58296819655056 22.780285920646914
628.0 24.580918766380773 22.781396809448008
628.5 24.57893582855416 22.782500899436688
629.0 24.576999050777854 22.783603170804156
629.5 24.575090205672584 22.78470904774696
630.0 24.573260441210792 22.785814724401572
630.5 24.571463547992476 22.786919161122906
631.0 24.569732708432692 22.788018748532085
631.5 24.568029767148126 22.78913365568384
632.0 24.566402527241117 22.790234430168002
632.5 24.564837432783897 22.791341832541413
633.0 24.56329658842431 22.792442662873064
633.5 24.56180514588445 22.79355324019212
634.0 24.560337003705314 22.79465928827613
634.5 24.558927215160526 22.795765724406728
635.0 24.55752644984702 22.796872430956352
635.5 24.556164848471134 22.797988557707846
636.0 24.55482329966115 22.799087794856675
636.5 24.553504392137135 22.80019120558133
637.0 24.552239030029014 22.801310512048364
637.5 24.55097927836441 22.802421464647104
638.0 24.549772226093737 22.80353689818353
638.5 24.548549562584633 22.804647625902767
639.0 24.547415504545494 22.805758562405558
639.5 24.546273693101877 22.80686585168333
640.0 24.545170072363796 22.807977182420153
640.5 24.54410355279293 22.809101617492725
641.0 24.543077319153383 22.810204987619798
641.5 24.54205260957254 22.81131482837983
642.0 24.541067887342404 22.812437345985224
642.5 24.540101872363635 22.813550131977554
643.0 24.539186731157827 22.81466216536014
643.5 24.538268214436837 22.815781716349676
644.0 24.537416435475997 22.816895944129904
644.5 24.536558616843088 22.818010046421307
645.0 24.535740376110912 22.819125112326233
645.5 24.534956421701803 22.820244895926013
646.0 24.53420117062474 22.82136549154915
646.5 24.533454709703854 22.822479442692718
647.0 24.53275460885316 22.82360566043601
647.5 24.532068794348415 22.824719345873014
648.0 24.531437047563486 22.825848963270087
648.5 24.53082010862773 22.826964475634448
649.0 24.53024693846465 22.82809210566093
649.5 24.52966867116553 22.829213219589903
650.0 24.52912876453864 22.830338516848563
650.5 24.52860848761865 22.831461946371945
651.0 24.52811469330819 22.83258647929174
651.5 24.52766034684787 22.833711860083795
652.0 24.527269660135104 22.83483596805049
652.5 24.52683246809911 22.835952509185667
653.0 24.526451594890915 22.837082822100857
653.5 24.526120596416167 22.838216619697477
654.0 24.525796460185987 22.839347783403497
654.5 24.525477265164362 22.840475227816587
655.0 24.52521659343834 22.84159692275407
655.5 24.524986591723614 22.84273412821516
656.0 24.524782504191087 22.843858452653244
656.5 24.52459485015978 22.84498909931635
657.0 24.524414479057942 22.846123491536403
657.5 24.524279409665915 22.847253445331933
658.0 24.52418283401546 22.848388198300512
658.5 24.524094324138975 22.849519907304323
659.0 24.524022557442354 22.85065361718611
659.5 24.52399178982705 22.85178632755436
660.0 24.524016917481617 22.852925720207832
660.5 24.524009994396923 22.854071945163177
661.0 24.524070861659805 22.85519610751021
661.5 24.524145135597905 22.856341599956895
662.0 24.524234885756226 22.857482981306596
662.5 24.524390266524783 22.858619829862675
663.0 24.524529438003096 22.859755702272228
663.5 24.52472824368472 22.860897757955378
664.0 24.52490608593611 22.86204700130398
664.5 24.52516424494724 22.863184327565165
665.0 24.525392068270804 22.86433067704833
665.5 24.52570979937807 22.865475084481666
666.0 24.526007339464737 22.86661275773282
666.5 24.526349148090944 22.867756642753537
667.0 24.52669942613424 22.86890817441114
667.5 24.527104778025176 22.870054947791004
668.0 24.52752429448914 22.871192631063977
668.5 24.52794771562223 22.87235140931451
669.0 24.528411430394787 22.873504089888538
669.5 24.52891035608104 22.874647634145454
670.0 24.529433073689248 22.875799722877254
670.5 24.52997713014735 22.876956964580437
671.0 24.530551066295644 22.87811189656488
671.5 24.53115956572901 22.87925954889638
672.0 24.531752778345645 22.88040504080664
672.5 24.53243278961356 22.88157546956613
673.0 24.533110341052527 22.88272680290508
673.5 24.533820845260585 22.88388935319011
674.0 24.53454008839922 22.885042228781195
674.5 24.53527993432079 22.886199194883893
675.0 24.536075502753384 22.887362269743683
675.5 24.536876864228255 22.888531553008104
676.0 24.537713142716527 22.889679474263428
676.5 24.53859460244486 22.890844317642948
677.0 24.53948706757171 22.892005061229185
677.5 24.54039531162213 22.893158518894428
678.0 24.54134116942396 22.894336402705488
678.5 24.542326653929763 22.89549232220443
679.0 24.543328412282825 22.89665954957192
679.5 24.544350490494075 22.897823041538974
680.0 24.545413789236225 22.898986970624016
680.5 24.54649482105325 22.900150917251523
681.0 24.547595332553836 22.901328653621754
681.5 24.548770094362816 22.90248996589126
682.0 24.54990578682866 22.903654225652602
682.5 24.551096938879184 22.904833377797303
683.0 24.552340318752783 22.905999085546675
683.5 24.553578237960213 22.907165496960438
684.0 24.55486765881512 22.908340082207616
684.5 24.556197807056677 22.909516639165147
685.0 24.55752922352932 22.91067811845589
685.5 24.558883122427126 22.91184613969542
686.0 24.56029723201446 22.913031176568538
686.5 24.561725146745385 22.91420187393919
687.0 24.56316767163486 22.915381013866988
687.5 24.564678698980078 22.916557383484857
688.0 24.566168248186536 22.91773455729276
688.5 24.56770735383909 22.918916300356482
689.0 24.5692903310347 22.92009123806022
689.5 24.570896598363568 22.92127165032737
690.0 24.57252130300171 22.92245842522552
690.5 24.574182691563653 22.92363466496802
691.0 24.575873462367454 22.924813299540112
691.5 24.57760828355915 22.926004093650395
692.0 24.57938190945143 22.92718036322067
692.5 24.58114247199913 22.92836195169135
693.0 24.58296503178683 22.929557252045587
693.5 24.58481233240693 22.930736442030003
694.0 24.58667499103335 22.931930589754884
694.5 24.588599659394564 22.933116459781008
695.0 24.59053265469339 22.934304107431217
695.5 24.59250032814134 22.935492134291813
696.0 24.594500798152595 22.93667725144665
696.5 24.59654246383316 22.937887271407508
697.0 24.598614365058943 22.939067363709196
697.5 24.600713423453495 22.940258076149075
698.0 24.60284303042846 22.941455408266656
698.5 24.60502133634124 22.942644245663377
699.0 24.60722105098243 22.94384561825522
699.5 24.609450028934585 22.945043108273847
700.0 24.611719927566703 22.94624344200816
700.5 24.614017200682532 22.947437629190542
701.0 24.61630798270177 22.948643422337526
701.5 24.618714833615396 22.949845972324276
702.0 24.621100101197545 22.951040122835327
702.5 24.623538689499313 22.95224905505946
703.0 24.6259911356028 22.95343641121398
703.5 24.62852161223269 22.95465122898878
704.0 24.631043657612363 22.955856340694602
704.5 24.633627840410888 22.957059933151452
705.0 24.63622412133848 22.95827702460388
705.5 24.638881449161243 22.959475936245063
706.0 24.641554396243528 22.960682078452813
706.5 24.644278907504862 22.961894445055844
707.0 24.64703098654033 22.963110295323904
707.5 24.64983271634719 22.964325737681605
708.0 24.652646542067387 22.965527894613405
708.5 24.65552735675751 22.966740210813747
709.0 24.658426316644025 22.96796382913317
709.5 24.661373077626077 22.96918674474447
710.0 24.664335030820045 22.970395340901284
710.5 24.667351175389562 22.971613214526926
711.0 24.67040433641135 22.972835054339225
711.5 24.673520787022976 22.974048820656293
712.0 24.676649705883143 22.97527807410368
712.5 24.679810662032228 22.976495334428307
713.0 24.683044298244194 22.977724626419224
713.5 24.68628333806715 22.978938804082738
714.0 24.689585502280668 22.98017493488309
714.5 24.69293757537546 22.981401302779034
715.0 24.696312737076607 22.982637344159997
715.5 24.699757593678914 22.98385383197533
716.0 24.703259173246064 22.98508593295879
716.5 24.706799131108397 22.986311947947588
717.0 24.71036724712429 22.98755212969408
717.5 24.714009623903934 22.988778588819798
718.0 24.717685242608827 22.990018932119952
718.5 24.721421792437326 22.991249558995502
719.0 24.72521835305092 22.992491455330068
719.5 24.72907892019821 22.99372010961116
720.0 24.73293045778715 22.994970427230463
720.5 24.736868722247756 22.996198958500578
721.0 24.74085663246632 22.99744273127076
721.5 24.74490929959551 22.998687623934728
