FastTrWP/PhaseSpace/IAs/snIa_0.56_30.00_-0.58_0.24.csv
# %ECSV 0.9
# ---
# datatype:
# - {name: time-rel, datatype: float64}
# - {name: g, datatype: float64}
# - {name: i, datatype: float64}
# schema: astropy-2.0
time-rel g i
[from data line 2303]
1351.7916666666667 26.756863533576198 23.07134173289227
1352.2916666666667 26.757262024125147 23.072498482244086
1352.7916666666667 26.757606646436653 23.07363994665952
1353.2916666666667 26.758021537296216 23.074810482602345
1353.7916666666667 26.758378610114374 23.075957449172975
1354.2916666666667 26.75881604682365 23.077118975906068
1354.7916666666667 26.759212891077375 23.078271254606708
1355.2916666666667 26.75964715478787 23.079430564190915
1355.7916666666667 26.760098549567253 23.08057592701228
1356.2916666666667 26.760500192234183 23.081740829605415
1356.7916666666667 26.760954454201404 23.08289275972659
1357.2916666666667 26.761385879705713 23.084060967271913
1357.7916666666667 26.76182798347895 23.08521052948238
1358.2916666666667 26.76228680531719 23.086374055993293
1358.7916666666667 26.762706819757163 23.0875287702545
1359.2916666666667 26.763226878041166 23.088677744135147
1359.7916666666667 26.763689613996856 23.089829271423547
1360.2916666666667 26.764185544799016 23.090998180868745
1360.7916666666667 26.764667999231612 23.092155910639164
1361.2916666666667 26.765173741043746 23.093307322356416
1361.7916666666667 26.765676683408515 23.09446359057203
1362.2916666666667 26.766209745405703 23.095622626543918
1362.7916666666667 26.766745246732132 23.0967718851962
1363.2916666666667 26.767286863257933 23.097933889089624
1363.7916666666667 26.767825506877326 23.099090711993043
1364.2916666666667 26.768371690700782 23.100255380216844
1364.7916666666667 26.76898647033784 23.101406159811944
1365.2916666666667 26.76959643245742 23.102565126770216
1365.7916666666667 26.770167064621454 23.103728409266076
1366.2916666666667 26.770783217256465 23.104884227191896
1366.7916666666667 26.77144761104111 23.10604236907393
1367.2916666666667 26.772026273434122 23.107202704522322
1367.7916666666667 26.772721703954844 23.10835212379017
1368.2916666666667 26.7733675605786 23.109513812197918
1368.7916666666667 26.774068918296496 23.11067475971675
1369.2916666666667 26.774752554155818 23.111828541162915
1369.7916666666667 26.775512321137853 23.112991664515658
1370.2916666666667 26.77617887717335 23.114143447957204
1370.7916666666667 26.776913246278895 23.115302168836784
1371.2916666666667 26.777665563978523 23.11646876688938
1371.7916666666667 26.77836385923583 23.117625580123597
1372.2916666666667 26.779112189664104 23.11879199383775
1372.7916666666667 26.779863137549384 23.119939739572978
1373.2916666666667 26.78070062656973 23.121101657451987
1373.7916666666667 26.781416858724022 23.122268625987164
1374.2916666666667 26.782228222834092 23.123418318226477
1374.7916666666667 26.782990465275603 23.12458638797556
1375.2916666666667 26.783823789312052 23.125746338861227
1375.7916666666667 26.784608775427287 23.12691145040396
1376.2916666666667 26.785462868583604 23.128070461946177
1376.7916666666667 26.78622326666193 23.12923479084016
1377.2916666666667 26.787029909448357 23.130389856940575
1377.7916666666667 26.787885636404543 23.131558317747825
1378.2916666666667 26.788739619426565 23.132721392799883
1378.7916666666667 26.789601726160157 23.13388054228306
1379.2916666666667 26.790379858430214 23.135043617605625
1379.7916666666667 26.791258527158817 23.136209564151162
1380.2916666666667 26.792179459803 23.13737677393567
1380.7916666666667 26.79309538268093 23.138547983969005
1381.2916666666667 26.793929090348627 23.139695819650818
1381.7916666666667 26.794774234031703 23.140863905913676
1382.2916666666667 26.795705398021425 23.142039401027738
1382.7916666666667 26.79657450351175 23.143193330188097
1383.2916666666667 26.797512233504953 23.1443591345924
1383.7916666666667 26.79846519889577 23.145524126688915
1384.2916666666667 26.79934993760729 23.14667595759888
1384.7916666666667 26.80032468240093 23.147850985488713
1385.2916666666667 26.801260576985243 23.149008421618333
1385.7916666666667 26.80219850242628 23.150177881912363
1386.2916666666667 26.80322986914069 23.151345346842728
1386.7916666666667 26.8041416855163 23.152507797320382
1387.2916666666667 26.805112460674692 23.15368324099197
1387.7916666666667 26.80609503513072 23.154844561521596
1388.2916666666667 26.80712783393728 23.15600594135521
1388.7916666666667 26.808083020830335 23.157169364509954
1389.2916666666667 26.809110725610292 23.158337965076498
1389.7916666666667 26.81012660902733 23.15950513426206
1390.2916666666667 26.81110234117733 23.160662375910654
1390.7916666666667 26.81214613104583 23.161825259293547
1391.2916666666667 26.813142205351884 23.162999925123398
1391.7916666666667 26.814269500341204 23.164161264434448
1392.2916666666667 26.81535744375976 23.165327377233265
1392.7916666666667 26.816405634049065 23.166488664169144
1393.2916666666667 26.8174332317949 23.16765034912049
1393.7916666666667 26.81857405280003 23.16882375088902
1394.2916666666667 26.81968216078211 23.169975947988597
1394.7916666666667 26.820743882168667 23.171153653395695
1395.2916666666667 26.821850061950695 23.17231336533756
1395.7916666666667 26.82293397893791 23.173481655661227
1396.2916666666667 26.824040731148514 23.174633143955692
1396.7916666666667 26.82521420683226 23.175807877154163
1397.2916666666667 26.82631694514495 23.176973856402068
1397.7916666666667 26.82748863751991 23.178122832066542
1398.2916666666667 26.828605840656635 23.179296118902005
1398.7916666666667 26.829757066231686 23.180451769531125
1399.2916666666667 26.830935300669413 23.181609972928136
1399.7916666666667 26.832137481295547 23.182776032821792
1400.2916666666667 26.83336738201778 23.18394398126834
1400.7916666666667 26.834552779238372 23.18510387994694
1401.2916666666667 26.835747213252375 23.186272805944192
1401.7916666666667 26.836938459586307 23.18742736276822
1402.2916666666667 26.838171268383284 23.188590504280107
1402.7916666666667 26.839463589276807 23.189742151363273
1403.2916666666667 26.840723157754244 23.1909102405527
1403.7916666666667 26.84187911708994 23.192071694966852
1404.2916666666667 26.84317248086739 23.19321910026455
1404.7916666666667 26.844472189195567 23.194386255830977
1405.2916666666667 26.84570988886253 23.195537723191563
1405.7916666666667 26.846999876851125 23.196705560164773
1406.2916666666667 26.848240732756146 23.19786600559935
1406.7916666666667 26.84957053705981 23.199015461171257
1407.2916666666667 26.85086137174487 23.200177217400725
1407.7916666666667 26.852260043352732 23.201328616083956
1408.2916666666667 26.853474921114014 23.202488062472653
1408.7916666666667 26.854878024230224 23.203646162852326
1409.2916666666667 26.856232588396196 23.20480449924254
1409.7916666666667 26.857633992884296 23.205961354489176
1410.2916666666667 26.858957589817667 23.207112770721864
1410.7916666666667 26.86036202106012 23.208279455231256
1411.2916666666667 26.861755735206536 23.20943151289383
1411.7916666666667 26.86315640453461 23.210586132249635
1412.2916666666667 26.864586506051257 23.21174294157522
1412.7916666666667 26.865959105004023 23.212905144808367
1413.2916666666667 26.86738483723977 23.214056100797677
1413.7916666666667 26.868813689916927 23.215212873088007
1414.2916666666667 26.87025900626031 23.216368819054345
1414.7916666666667 26.871734342393925 23.217521428189272
1415.2916666666667 26.873169915908157 23.218681717509714
1415.7916666666667 26.874584046889566 23.2198410919661
