FastTrWP/PhaseSpace/IAs/snIa_0.61_30.00_0.68_-0.08.csv
# %ECSV 0.9
# ---
# datatype:
# - {name: time-rel, datatype: float64}
# - {name: g, datatype: float64}
# - {name: i, datatype: float64}
# schema: astropy-2.0
time-rel g i
[from data line 863]
508.2291666666667 23.40906547285862 22.430519053953347
508.7291666666667 23.40857521169565 22.42970646976576
509.2291666666667 23.40808744740591 22.428904421305553
509.7291666666667 23.407600321467914 22.428094728722346
510.2291666666667 23.40712206471162 22.42729622681947
510.7291666666667 23.406670647198645 22.42649933518279
511.2291666666667 23.406211603859113 22.425702409805513
511.7291666666667 23.405762611872184 22.424908978968176
512.2291666666666 23.405318651277753 22.424127798836658
512.7291666666666 23.404875872574177 22.423345927512717
513.2291666666666 23.40446251907299 22.42256242775585
513.7291666666666 23.404034089752862 22.421784516238688
514.2291666666666 23.403609398913524 22.42101672142035
514.7291666666666 23.403207031168062 22.420250130607158
515.2291666666666 23.40279433117511 22.41948324068443
515.7291666666666 23.402403329092493 22.418723418254146
516.2291666666666 23.402021116571742 22.41797368840059
516.7291666666666 23.40163845982053 22.41721297505994
517.2291666666666 23.401276285255747 22.416460026169652
517.7291666666666 23.400893186063897 22.415707430186117
518.2291666666666 23.400545072133816 22.414963937730924
518.7291666666666 23.40018878741908 22.414220686272298
519.2291666666666 23.399853180313087 22.413486230451724
519.7291666666666 23.39950872480513 22.412755459954894
520.2291666666666 23.39916126166426 22.41202319687889
520.7291666666666 23.398839400172303 22.41129287480277
521.2291666666666 23.398524475472353 22.410567782698415
521.7291666666666 23.39820928937562 22.409846880442462
522.2291666666666 23.397896887278122 22.409128873189722
522.7291666666666 23.397590684041432 22.40841524810336
523.2291666666666 23.397297442208075 22.40770266614199
523.7291666666666 23.39701348072996 22.406992301329424
524.2291666666666 23.39673187294212 22.406280778966917
524.7291666666666 23.39645200696595 22.40558409140469
525.2291666666666 23.39617851777121 22.404887822727027
525.7291666666666 23.395921391567395 22.40419009918927
526.2291666666666 23.395652012274667 22.40350298730441
526.7291666666666 23.395409930090402 22.402811924204457
527.2291666666666 23.39517108764239 22.402124019860345
527.7291666666666 23.394919813779985 22.40143535706981
528.2291666666666 23.39469663437881 22.400755379520373
528.7291666666666 23.39446874276819 22.40008047456433
529.2291666666666 23.394252734965917 22.399407731707818
529.7291666666666 23.394029637501998 22.3987333452207
530.2291666666666 23.393821213113238 22.398064183155853
530.7291666666666 23.393621719349937 22.397400388816354
531.2291666666666 23.393425378918216 22.396733570457393
531.7291666666666 23.39323809938537 22.396072607054155
532.2291666666666 23.393047526893387 22.395419340263217
532.7291666666666 23.392872622669408 22.394762071906715
533.2291666666666 23.392688683424687 22.394109714951334
533.7291666666666 23.392523280921743 22.39346413855783
534.2291666666666 23.392358738098924 22.39282187859496
534.7291666666666 23.392209739449736 22.392173510769894
535.2291666666666 23.392061788946314 22.39153671369296
535.7291666666666 23.391904205673207 22.390898808781465
536.2291666666666 23.391775328643405 22.39026406549309
536.7291666666666 23.391634192529057 22.389628586763305
537.2291666666666 23.391504625094704 22.38900434737952
537.7291666666666 23.39138355593663 22.388382906296933
538.2291666666666 23.39125948071463 22.387752957983675
538.7291666666666 23.391141676166768 22.387133180530164
539.2291666666666 23.39103593544056 22.386514770699208
539.7291666666666 23.390935172032783 22.385901812790458
540.2291666666666 23.39083435685193 22.385293890562068
540.7291666666666 23.3907532469211 22.384677811535298
541.2291666666666 23.39065873481495 22.384072862431758
541.7291666666666 23.390587092622233 22.383464721551043
542.2291666666666 23.39050141649028 22.382863532310697
542.7291666666666 23.390431197092315 22.382265857382166
543.2291666666666 23.390367334620237 22.381673226581565
543.7291666666666 23.390326654132775 22.381076038003194
544.2291666666666 23.39027203680029 22.380490710415266
544.7291666666666 23.39023837288476 22.379916979511293
545.2291666666666 23.390204914007768 22.379327711946612
545.7291666666666 23.390183717514297 22.37875469301398
546.2291666666666 23.390164522141323 22.37817643131431
546.7291666666666 23.3901435969738 22.377600524832427
547.2291666666666 23.39016120921089 22.377033525580142
547.7291666666666 23.390166679899295 22.3764761907023
548.2291666666666 23.39017064681616 22.375916472735703
548.7291666666666 23.39019818429657 22.375357007784235
549.2291666666666 23.390226251150388 22.37479850518106
549.7291666666666 23.39024633959735 22.374252749538357
550.2291666666666 23.390298884878014 22.373706085542402
550.7291666666666 23.390349965397128 22.373158053009906
551.2291666666666 23.39041086641917 22.372615898921886
551.7291666666666 23.390464325089972 22.372076546615702
552.2291666666666 23.39052815055215 22.37154130894605
552.7291666666666 23.3905961169395 22.37100783741042
553.2291666666666 23.39067491402613 22.370478548860294
553.7291666666666 23.390770965900238 22.369950813878077
554.2291666666666 23.390852535453423 22.369418392377955
554.7291666666666 23.390955665796586 22.368903875098745
555.2291666666666 23.39105550435527 22.36838460529127
555.7291666666666 23.391160923285057 22.36786647566611
556.2291666666666 23.39128249706819 22.367357160388792
556.7291666666666 23.391404624724075 22.366848195413795
557.2291666666666 23.39152935280304 22.366333447538906
557.7291666666666 23.391662770927113 22.365830477771475
558.2291666666666 23.391793369610557 22.365324264727505
558.7291666666666 23.39193319131148 22.36482590629837
559.2291666666666 23.39208096376245 22.364331591772686
559.7291666666666 23.39223430706567 22.36383116254656
560.2291666666666 23.392402334948326 22.36334451548518
560.7291666666666 23.392559401495404 22.36285437559274
561.2291666666666 23.39272014576229 22.36236102769222
561.7291666666666 23.392897807179015 22.36187676799097
562.2291666666666 23.39307338770554 22.3613876864701
562.7291666666666 23.39325388687808 22.360912101500865
563.2291666666666 23.393452792892457 22.36042773265499
563.7291666666666 23.393638760851395 22.359950049870015
564.2291666666666 23.393828705265143 22.35947471713498
564.7291666666666 23.394029461401665 22.358996991058092
565.2291666666666 23.394236215835598 22.35853308644832
565.7291666666666 23.394443860315484 22.358064943843384
566.2291666666666 23.3946576459128 22.357593642616386
566.7291666666666 23.39487760448947 22.357133375539995
567.2291666666666 23.395090362476196 22.356662642701387
567.7291666666666 23.395324733154766 22.356206441268395
568.2291666666666 23.395561929668926 22.35573911526028
568.7291666666666 23.395786000196715 22.355289415725345
569.2291666666666 23.396018600746054 22.354831558381292
569.7291666666666 23.396257851616515 22.35438607816552
570.2291666666666 23.3964935413041 22.35392555987533
570.7291666666666 23.39674999484683 22.353474942106835
571.2291666666666 23.39700082499772 22.353021938298106
571.7291666666666 23.397259409766274 22.352580136108067
572.2291666666666 23.39751089890942 22.352136830711288
572.7291666666666 23.3977652086763 22.351688677997082
573.2291666666666 23.398031858537305 22.35125060399309
573.7291666666666 23.39829536075792 22.35081022987434
574.2291666666666 23.39856859027894 22.350369261970854
574.7291666666666 23.39883444423023 22.349924712174634
575.2291666666666 23.399104088471994 22.349489710275478
575.7291666666666 23.39937461531086 22.34905577122822
576.2291666666666 23.399672217006128 22.348627824302984
576.7291666666666 23.399954828045875 22.348188874304693
577.2291666666666 23.400233083022833 22.347757673862848
577.7291666666666 23.400507179226082 22.347323763992794
578.2291666666666 23.400804137974053 22.346902898408274
578.7291666666666 23.40109905699466 22.346472945593632
579.2291666666666 23.401390447665698 22.346042504768192
579.7291666666666 23.401684927271834 22.34561998367503
580.2291666666666 23.401979764835488 22.345186398959974
580.7291666666666 23.40228090923576 22.34477301819448
581.2291666666666 23.40258213499842 22.34434339772532
581.7291666666666 23.40288355480044 22.343930986434394
582.2291666666666 23.403199013548903 22.343513089172777
582.7291666666666 23.40350104085195 22.34309337972023
583.2291666666666 23.40381914476294 22.342676568981812
583.7291666666666 23.404127663058667 22.342262089285356
584.2291666666666 23.404469031685924 22.34185590696946
584.7291666666666 23.404779607528674 22.341446082073354
585.2291666666666 23.405113427756778 22.3410303121981
585.7291666666666 23.40546111209901 22.340625966123973
586.2291666666666 23.405792878713573 22.340216717263004
586.7291666666666 23.406133103730575 22.33982334240322
587.2291666666666 23.406482186758943 22.339415919936478
587.7291666666666 23.40682830593059 22.339016523535307
588.2291666666666 23.40719243186207 22.33862119121103
588.7291666666666 23.407531143695707 22.33822514833069
589.2291666666666 23.40791028799798 22.33782476705194
589.7291666666666 23.408273256006527 22.337436976177372
590.2291666666666 23.408638486728325 22.337041561566195
590.7291666666666 23.409014503963196 22.336650117652773
591.2291666666666 23.40938112489689 22.33625736086764
591.7291666666666 23.409767411829403 22.335867843468957
592.2291666666666 23.410160255510416 22.33548780433004
592.7291666666666 23.41053540129003 22.33511073352197
593.2291666666666 23.410945009125342 22.334725237443656
593.7291666666666 23.411325402382825 22.33434883517789
594.2291666666666 23.411732295714586 22.333969765165023
594.7291666666666 23.41214003618702 22.333594183218427
595.2291666666666 23.41254131530078 22.333222125083996
595.7291666666666 23.41295327001653 22.33284856949347
596.2291666666666 23.41338060995231 22.332477930468755
596.7291666666666 23.413795920795863 22.332114495478198
597.2291666666666 23.4142292729683 22.331742843001116
597.7291666666666 23.414655324161018 22.331378265509354
598.2291666666666 23.415073058642495 22.331011336207855
598.7291666666666 23.415511931941978 22.330651517930377
599.2291666666666 23.415965426159175 22.330294068164758
599.7291666666666 23.41640941589491 22.329937187703894
600.2291666666666 23.416852849501364 22.329578218748466
600.7291666666666 23.41731364610045 22.329231073379887
601.2291666666666 23.4177661004496 22.328875437417906
601.7291666666666 23.41823273603528 22.328521409598984
602.2291666666666 23.41869929955533 22.32817992077589
602.7291666666666 23.41916677820468 22.327828865805174
603.2291666666666 23.41965141652059 22.327489346080924
603.7291666666666 23.42011865836409 22.327140162538896
604.2291666666666 23.420610064351006 22.326804313736655
604.7291666666666 23.42109214354522 22.326469837951844
605.2291666666666 23.421586250649575 22.326123341415496
605.7291666666666 23.422079720685446 22.32578803498994
606.2291666666666 23.422580524922225 22.325454436125117
606.7291666666666 23.423088821870124 22.32513313882773
607.2291666666666 23.42358813034178 22.32480519602355
607.7291666666666 23.424103561912148 22.324471401069484
608.2291666666666 23.424631052248948 22.324149145977866
608.7291666666666 23.425148915423264 22.32381823589492
609.2291666666666 23.425679231344972 22.323503843311997
609.7291666666666 23.42621396202985 22.32318115291555
610.2291666666666 23.42674835015484 22.32286724752695
610.7291666666666 23.427288544746215 22.32254616969445
611.2291666666666 23.427834057411605 22.32223439944319
611.7291666666666 23.428393637285367 22.321921413292415
612.2291666666666 23.428947086735448 22.321622456265526
612.7291666666666 23.429492355647913 22.32130210393086
613.2291666666666 23.430056961382757 22.32099757729125
613.7291666666666 23.430631687868456 22.320692435715145
614.2291666666666 23.431192512327637 22.320395309490518
614.7291666666666 23.431772001104495 22.32009588769465
615.2291666666666 23.43236114526742 22.319794604052795
615.7291666666666 23.432948244660977 22.319500650083693
616.2291666666666 23.433543247064197 22.31920073466752
616.7291666666666 23.434141304680757 22.318913528423067
617.2291666666666 23.434733172962858 22.318625707791313
617.7291666666666 23.435347302204033 22.318339396375833
618.2291666666666 23.43596307314686 22.31805215984181
618.7291666666666 23.436569696437004 22.317765448772057
619.2291666666666 23.437190097510403 22.317486807202922
619.7291666666666 23.437812884039616 22.31720976295498
620.2291666666666 23.43844347436926 22.316931639179636
620.7291666666666 23.43906876673381 22.316653906459024
621.2291666666666 23.43972544463071 22.31637831457933
621.7291666666666 23.440357694095816 22.316102608444144
622.2291666666666 23.44100726206959 22.31583529039739
622.7291666666666 23.441659232607904 22.315560748591796
623.2291666666666 23.44230668776258 22.315296932690035
623.7291666666666 23.442973093905536 22.315032596813058
624.2291666666666 23.443632148964 22.31476982627364
624.7291666666666 23.44431494760551 22.314507124022462
625.2291666666666 23.44498352130651 22.314245153584803
625.7291666666666 23.445661060434485 22.31398654452954
626.2291666666666 23.446341029560237 22.31372825890695
626.7291666666666 23.447033668910386 22.31347599073207
627.2291666666666 23.447725857683103 22.313228013886626
627.7291666666666 23.44842429606929 22.3129716956327
628.2291666666666 23.44912845297361 22.312719017611894
628.7291666666666 23.449837445404555 22.312470963065177
629.2291666666666 23.45054243755286 22.31222845373012
629.7291666666666 23.451255468304222 22.311979845642462
630.2291666666666 23.451984062614585 22.311742933059485
630.7291666666666 23.452713834476665 22.311495454937628
631.2291666666666 23.45343262430208 22.311255545178895
631.7291666666666 23.45416533990249 22.311029905200034
632.2291666666666 23.4549079777533 22.31078627062956
632.7291666666666 23.455651941803765 22.310560329010414
633.2291666666666 23.45640040479306 22.31032633164002
633.7291666666666 23.45715676492933 22.310092431281777
634.2291666666666 23.457910961928 22.309870170441755
634.7291666666666 23.4586806498659 22.30964730665004
635.2291666666666 23.45944734677464 22.30942308444538
635.7291666666666 23.460212996833487 22.309199097081255
636.2291666666666 23.461004262881588 22.308976271290625
636.7291666666666 23.461785782718074 22.308761707727495
637.2291666666666 23.462568449310016 22.30853967740405
637.7291666666666 23.463375923841653 22.308326438541574
638.2291666666666 23.464163206271785 22.3081182645749
638.7291666666666 23.4649676907408 22.307911827371857
639.2291666666666 23.465774248647794 22.30769653225938
639.7291666666666 23.46659143981224 22.30748058189219
640.2291666666666 23.467410753569048 22.30727997151694
640.7291666666666 23.468222744465002 22.307082568791586
641.2291666666666 23.46905833264981 22.306879946028218
641.7291666666666 23.46988814519506 22.306679124935155
642.2291666666666 23.470713290647844 22.30648236310092
642.7291666666666 23.471570423873217 22.306288228428528
643.2291666666666 23.472421978496286 22.306098537947005
643.7291666666666 23.473268711902566 22.30590687601479
644.2291666666666 23.474124232927412 22.30571766390976
644.7291666666666 23.474989740568834 22.305528858879768
645.2291666666666 23.475870804135273 22.305341450600306
645.7291666666666 23.476735371913563 22.30515397071001
646.2291666666666 23.477612940720856 22.304973759429036
646.7291666666666 23.478505480806454 22.30479770397335
647.2291666666666 23.479384437306933 22.30462590146772
647.7291666666666 23.480277934798032 22.304443844969022
648.2291666666666 23.481179908299463 22.30426805989483
648.7291666666666 23.482083712536177 22.30409975288694
649.2291666666666 23.483008121768968 22.30393102394664
649.7291666666666 23.483915416952573 22.303762867986666
650.2291666666666 23.48483912165115 22.30359923911887
650.7291666666666 23.48577102989718 22.303429293205106
651.2291666666666 23.48669719767298 22.303272349190962
651.7291666666666 23.487632109054942 22.303109952380705
652.2291666666666 23.48856872049938 22.302952216058127
