FastTrWP/PhaseSpace/IAs/snIa_0.41_30.00_0.72_0.12.csv
# %ECSV 0.9
# ---
# datatype:
# - {name: time-rel, datatype: float64}
# - {name: g, datatype: float64}
# - {name: i, datatype: float64}
# schema: astropy-2.0
time-rel g i
[from data line 865]
608.1041666666666 23.26147281805007 22.309239292468206
608.6041666666666 23.261623317969445 22.308676244802935
609.1041666666666 23.26178272246501 22.308115284506407
609.6041666666666 23.26194548718741 22.30755890628017
610.1041666666666 23.26210843755294 22.30700352138646
610.6041666666666 23.262288627344997 22.306455714167463
611.1041666666666 23.26246680998793 22.30590883309622
611.6041666666666 23.262644642616724 22.305353851879964
612.1041666666666 23.262822002143132 22.304815576075217
612.6041666666666 23.263008370628 22.304272796683545
613.1041666666666 23.263210190425617 22.303733320490785
613.6041666666666 23.263384450362672 22.30320157960726
614.1041666666666 23.26359034809732 22.302668524713592
614.6041666666666 23.26379814430236 22.3021406087129
615.1041666666666 23.264001227182895 22.301613295702115
615.6041666666666 23.264208708244123 22.301088308638448
616.1041666666666 23.264424207358125 22.30057347604154
616.6041666666666 23.26464595974191 22.300051467654598
617.1041666666666 23.264870068009998 22.299537729500116
617.6041666666666 23.265095166091 22.299026050185585
618.1041666666666 23.265318920983837 22.29851559596604
618.6041666666666 23.265558310045225 22.298013770797382
619.1041666666666 23.265806551622173 22.29751386947374
619.6041666666666 23.266039853666346 22.297011516155088
620.1041666666666 23.266289727133817 22.29651365753607
620.6041666666666 23.26653485911082 22.296024230844296
621.1041666666666 23.266799494680527 22.295534607430284
621.6041666666666 23.26705376153098 22.29505283070558
622.1041666666666 23.26732386282025 22.294564968184694
622.6041666666666 23.267594004680944 22.294077766536923
623.1041666666666 23.26786175396893 22.293605736775767
623.6041666666666 23.26814545675731 22.293133505610683
624.1041666666666 23.26841554819684 22.292664218092874
624.6041666666666 23.268704104779715 22.292185290481072
625.1041666666666 23.268989302904387 22.291725543205803
625.6041666666666 23.269281438820343 22.29126396453428
626.1041666666666 23.269575473373443 22.29080120046826
626.6041666666666 23.26988278426512 22.29033894050181
627.1041666666666 23.27019490627982 22.289892961696815
627.6041666666666 23.27049532473788 22.289438249463824
628.1041666666666 23.27082746094355 22.28899475736609
628.6041666666666 23.271140862429323 22.288553452504807
629.1041666666666 23.271459033147064 22.288114800871043
629.6041666666666 23.271784556797584 22.2876682724322
630.1041666666666 23.2721128325117 22.28723197724002
630.6041666666666 23.27244876152878 22.286803127610618
631.1041666666666 23.272783150626992 22.28637165328568
631.6041666666666 23.273124277843348 22.2859341767518
632.1041666666666 23.273468607696984 22.285516869607843
632.6041666666666 23.27382436441557 22.28508961168057
633.1041666666666 23.274170688829358 22.28467035989643
633.6041666666666 23.274542314926986 22.284249081949675
634.1041666666666 23.274902396709756 22.28383090410704
634.6041666666666 23.275262273965623 22.283424324461933
635.1041666666666 23.2756368729707 22.283012336053233
635.6041666666666 23.27601462845504 22.282606135676026
636.1041666666666 23.276392266433923 22.282201436481635
636.6041666666666 23.276771746934305 22.281798876500613
637.1041666666666 23.27716488323756 22.281399363054067
637.6041666666666 23.27755413542456 22.281004984341102
638.1041666666666 23.27795070428899 22.280609809382064
638.6041666666666 23.278346809829863 22.280218318487837
639.1041666666666 23.278760880395467 22.27983661902638
639.6041666666666 23.279168540872888 22.27944595094756
640.1041666666666 23.27956474391999 22.279063850642224
640.6041666666666 23.279994991706925 22.2786863429825
641.1041666666666 23.2804109550694 22.27830707144356
641.6041666666666 23.28084436141454 22.277934202110924
642.1041666666666 23.281272548435012 22.277563775050155
642.6041666666666 23.281700584467764 22.277197301674487
643.1041666666666 23.282137856351184 22.27683144976483
643.6041666666666 23.282575020549835 22.276469886687597
644.1041666666666 23.283036361477663 22.2761074665523
644.6041666666666 23.283483665136977 22.27575666339353
645.1041666666666 23.283923352987795 22.27540548337499
645.6041666666666 23.284389347151272 22.275047344910192
646.1041666666666 23.28486042921552 22.274700756779083
646.6041666666666 23.285334370634118 22.27435911791695
647.1041666666666 23.28580095398951 22.27401808756282
647.6041666666666 23.28627887522898 22.273675812910753
648.1041666666666 23.286752718169502 22.27334325134799
648.6041666666666 23.28724056897996 22.273011034907206
649.1041666666666 23.287734052826025 22.272682498364738
649.6041666666666 23.28823257373926 22.272350087294587
650.1041666666666 23.28872801685005 22.272029432663494
650.6041666666666 23.289219066322534 22.27170303833536
651.1041666666666 23.28973412982179 22.27138814766946
651.6041666666666 23.290246037567943 22.27106178857153
652.1041666666666 23.29076288337296 22.270750774888015
652.6041666666666 23.291283934586147 22.27044565799311
653.1041666666666 23.2918071419175 22.270142029654167
653.6041666666666 23.29233100472511 22.26983653404377
654.1041666666666 23.292876073581297 22.269540185439926
654.6041666666666 23.29341375977463 22.269238538145963
655.1041666666666 23.293953600931317 22.26894736852243
655.6041666666666 23.29450689149334 22.26865082941927
656.1041666666666 23.29506397818868 22.268365188177228
656.6041666666666 23.29561149845754 22.268075531069883
657.1041666666666 23.296177945214783 22.267798802909358
657.6041666666666 23.29674398337449 22.267521546129174
658.1041666666666 23.297315900362356 22.26724383631904
658.6041666666666 23.297894821194728 22.26696587208464
659.1041666666666 23.298473116948223 22.266701610468502
659.6041666666666 23.29906550754564 22.266429789600867
660.1041666666666 23.299656979068537 22.266165083643784
660.6041666666666 23.30024934041201 22.26590836910325
661.1041666666666 23.300845901111895 22.265646443769405
661.6041666666666 23.301452576792407 22.265394870137023
662.1041666666666 23.302070285835697 22.26513886320432
662.6041666666666 23.302689583480998 22.26489961256611
663.1041666666666 23.30332376572941 22.26465848289902
663.6041666666666 23.303956887276996 22.26441736105388
664.1041666666666 23.3045964614711 22.2641815701793
664.6041666666666 23.30523897837168 22.26394711247397
665.1041666666666 23.30588230293513 22.263717006977224
665.6041666666666 23.306540662711793 22.263492226816663
666.1041666666666 23.307205402633315 22.263269773218003
666.6041666666666 23.30787836003975 22.26305135789575
667.1041666666666 23.308553654828863 22.26283078266433
667.6041666666666 23.30923447696844 22.26261700936781
668.1041666666666 23.309925548513853 22.262410212610355
668.6041666666666 23.310618270623777 22.262206435788766
669.1041666666666 23.311319714540883 22.262004702367108
669.6041666666666 23.3120208170293 22.26180569610917
670.1041666666666 23.312723175013996 22.261601711243692
670.6041666666666 23.313438013483584 22.261410013498168
671.1041666666666 23.31416140160001 22.2612151133402
671.6041666666666 23.314882786296817 22.261028013653057
672.1041666666666 23.315607460898548 22.260843345158005
672.6041666666666 23.31634109552052 22.260663542056243
673.1041666666666 23.31707859435687 22.260489184227236
673.6041666666666 23.317829031652693 22.260303547541152
674.1041666666666 23.318574643619048 22.260130250588652
674.6041666666666 23.319330768796828 22.259959344993618
675.1041666666666 23.32008451052775 22.259791583548715
675.6041666666666 23.320850318993692 22.25962109529219
676.1041666666666 23.321609421424377 22.25946101551657
676.6041666666666 23.322372226287918 22.259300499040368
677.1041666666666 23.323146581394802 22.259140150785157
677.6041666666666 23.323928767893772 22.258985763381354
678.1041666666666 23.324703697768058 22.25882711286331
678.6041666666666 23.3254850078499 22.25867545652823
679.1041666666666 23.326277737829063 22.25853320743365
679.6041666666666 23.327064761220278 22.25838182841454
680.1041666666666 23.32785276335519 22.25823602212769
680.6041666666666 23.3286542688854 22.258093933858465
681.1041666666666 23.329464218698472 22.25795343581332
681.6041666666666 23.330267874933497 22.25781513419416
682.1041666666666 23.331072655100385 22.257683397937896
682.6041666666666 23.331883893294364 22.257545888548854
683.1041666666666 23.332686899061127 22.25741861505565
683.6041666666666 23.333516982837263 22.25728708807287
684.1041666666666 23.3343350552008 22.257164237922915
684.6041666666666 23.335154587933538 22.257042157750732
685.1041666666666 23.335975095074623 22.256916015871866
685.6041666666666 23.3368055382012 22.2567927540564
686.1041666666666 23.337630617287566 22.256670870824333
686.6041666666666 23.33845221748089 22.256556164210743
687.1041666666666 23.33927698830099 22.25644006509747
687.6041666666666 23.340123086128223 22.25632763220361
688.1041666666666 23.340957987740374 22.256212524896778
688.6041666666666 23.341802845705043 22.25610625834008
689.1041666666666 23.342628605239632 22.255994076191
689.6041666666666 23.34347442073237 22.255889692678824
690.1041666666666 23.344326329229506 22.255781133977038
690.6041666666666 23.345161004240108 22.255681616655902
691.1041666666666 23.34600902989267 22.255572992560268
691.6041666666666 23.346854833063347 22.255478071025895
692.1041666666666 23.347702538023356 22.255370826117712
692.6041666666666 23.348547215515403 22.255277802996744
693.1041666666666 23.349397847022686 22.255186800553815
693.6041666666666 23.350247849900537 22.255084301663075
694.1041666666666 23.35109405288935 22.254988713969706
