FastTrWP/PhaseSpace/IAs/snIa_0.52_30.00_-0.18_-0.05.csv
# %ECSV 0.9
# ---
# datatype:
# - {name: time-rel, datatype: float64}
# - {name: g, datatype: float64}
# - {name: i, datatype: float64}
# schema: astropy-2.0
time-rel g i
158.4375 26.989463196183404 25.12560847412287
158.9375 26.971352284328063 25.116803906433155
159.4375 26.953392761220286 25.10802249354407
159.9375 26.93567519042997 25.09927340272158
160.4375 26.918050210630867 25.090585805214477
160.9375 26.90070662704411 25.081909918751002
161.4375 26.883474910249493 25.073262817475133
161.9375 26.866453574353507 25.064668554599407
162.4375 26.84960778234135 25.05612173035646
162.9375 26.832914134008824 25.047583789754846
163.4375 26.81632230916748 25.0391026482788
163.9375 26.799983298138184 25.030625376002913
164.4375 26.78376172622801 25.02220444148125
164.9375 26.767751300867822 25.01381153875945
165.4375 26.75179026878963 25.005462146059866
165.9375 26.736072768673544 24.997124303274326
166.4375 26.72050743252797 24.988847579928695
166.9375 26.705092434622166 24.98057713196351
167.4375 26.689761513579363 24.97239330044552
167.9375 26.674561931025067 24.964202949233343
168.43749999999997 26.659550220907175 24.95607491742252
168.9375 26.644698672535615 24.947951459330973
169.4375 26.629931603401214 24.939870512077313
169.93749999999997 26.615323260047624 24.931843308780437
170.4375 26.600872058549246 24.923831509752095
170.9375 26.586473552538365 24.915873233982015
171.43749999999997 26.5723138781157 24.907941236545078
171.9375 26.558205313692497 24.90004037654797
172.4375 26.544170652829212 24.892160141648677
172.93749999999997 26.53039519711602 24.88435883198608
173.4375 26.516666319631334 24.876549051151144
173.9375 26.50308319877346 24.868794493390787
174.43749999999997 26.4896161608852 24.86106879575733
174.9375 26.4762271123109 24.853375505458565
175.4375 26.463006259793943 24.845719936859403
175.93749999999997 26.449869889236453 24.83810210030116
176.4375 26.436842961684803 24.830495059562647
176.9375 26.42390567555937 24.822953736347507
177.43749999999997 26.41111479259074 24.815437271413657
177.9375 26.39841765471363 24.80794829777379
178.4375 26.385827837134237 24.800477948690084
178.93749999999997 26.373387258021328 24.793078862358712
179.4375 26.36099788535435 24.785684654440736
179.9375 26.34870969371334 24.778344175678836
180.43749999999997 26.336478019321913 24.77102531737746
180.9375 26.324431800198052 24.76376335114404
181.4375 26.31243785477485 24.756486647917825
181.93749999999997 26.300601973580196 24.749276506395375
182.4375 26.28881523996189 24.742105602967666
182.9375 26.2771363932724 24.734956139657807
183.43749999999997 26.26554041176219 24.72783155867659
183.9375 26.254011262321818 24.720748355706018
184.4375 26.2426090334017 24.713674259818916
184.93749999999997 26.23125228215564 24.70664503414463
185.4375 26.220004484906877 24.699624299362636
185.9375 26.208831377870002 24.692611680425287
186.43749999999997 26.197708935165128 24.685632617225004
186.9375 26.18675313541266 24.678683534261808
187.4375 26.175779949734235 24.671755015957256
187.93749999999997 26.16493249561108 24.66484424265372
188.4375 26.154139870493125 24.657958473623772
188.9375 26.143438451089587 24.65106801450655
189.43749999999997 26.132778690963345 24.644223845944087
189.9375 26.122196245886627 24.637397751902284
190.4375 26.111675920625434 24.630586289115225
190.93749999999997 26.101202864963557 24.6238034795494
191.4375 26.09083266521496 24.617061333045072
191.9375 26.08047921569085 24.610336203660573
192.43749999999997 26.07023658122027 24.60359857568754
192.9375 26.060049391498673 24.596925042892217
193.4375 26.04989852918412 24.590239587056924
193.93749999999997 26.039853541214455 24.58356525339202
194.4375 26.02986078616747 24.576976062606928
194.9375 26.019859161406927 24.57037141414762
195.43749999999997 26.00998859152198 24.563778747825307
195.9375 26.00012064614343 24.55722418071904
196.4375 25.990345797161368 24.550713731717835
196.93749999999997 25.980613444155072 24.544193684830535
197.4375 25.970918426438473 24.53771318116449
197.9375 25.961268468754348 24.531254887108688
198.43749999999997 25.951739654685746 24.524791982407415
198.9375 25.94217401535575 24.51838795021697
199.4375 25.932709437538154 24.512001236263576
199.93749999999997 25.92325897321002 24.50561528147061
200.4375 25.913925995213546 24.499268112783476
200.9375 25.904545821702207 24.492956375847896
201.43749999999997 25.89528607517147 24.486647014005428
201.9375 25.886031216316677 24.48035648587873
202.4375 25.876833670256673 24.474100714167104
202.93749999999997 25.8676609599577 24.46788277214766
203.4375 25.858562205676545 24.461661081574128
203.9375 25.849511093145516 24.455496515881222
204.43749999999997 25.84044319418473 24.449319807693968
204.9375 25.83150380935166 24.443177771711802
205.4375 25.82254779758136 24.437055065183316
205.93749999999997 25.81365836752802 24.430976281297113
206.4375 25.804767224796432 24.42489709802615
206.9375 25.795984216146444 24.418867502938557
207.43749999999997 25.78719206886042 24.412840091676866
207.9375 25.77845361355203 24.406842649545894
208.4375 25.769744970381822 24.400866462231367
208.93749999999997 25.761042836671336 24.394902517517608
209.4375 25.752451745574646 24.388987740364676
209.9375 25.743825686737445 24.383064499669153
210.43749999999997 25.735274630091517 24.377183381227717
210.9375 25.726729967068515 24.371343792230398
211.4375 25.7182830975545 24.365485894393345
211.93749999999997 25.709816965081917 24.359695796675645
212.4375 25.70137703277885 24.353883153840243
212.9375 25.692989344052712 24.348129135261708
213.43749999999997 25.684640282746763 24.342373211913262
213.9375 25.676320967999416 24.336662929566003
214.4375 25.66804185056273 24.330968014852683
214.93749999999997 25.659750067009387 24.325288848731237
215.4375 25.651543426937373 24.31963359250879
215.9375 25.643339262960104 24.31401860373551
216.43749999999997 25.63518182250441 24.30840490434211
216.9375 25.627027148112735 24.302821566649058
217.4375 25.618927230007348 24.297262254448455
217.93749999999997 25.61083818052726 24.29170972340475
218.4375 25.60280023646102 24.286228738888397
218.9375 25.5947818476573 24.28071524416253
219.43749999999997 25.5867678794596 24.275255481398588
219.9375 25.5788079157738 24.269799481063576
220.4375 25.570890351360973 24.264363752802968
220.93749999999997 25.562973994514174 24.258977738038556
221.4375 25.55511296516428 24.253594007034195
221.9375 25.54731126011909 24.24820265767046
222.43749999999997 25.53952795689689 24.24284691025449
222.9375 25.531738951225687 24.237513797055893
223.4375 25.524046839051245 24.232161950863038
223.93749999999997 25.51634242327269 24.226861784662486
224.4375 25.50870768400696 24.221574102793202
224.9375 25.501090936452865 24.21628402814577
225.43749999999997 25.493499739573245 24.210999475762062
225.9375 25.485977552905283 24.205763034859586
226.4375 25.478466766331216 24.200526378423397
226.93749999999997 25.470945762049524 24.195303108294183
227.4375 25.463523392978068 24.190089318075504
227.9375 25.45610260343262 24.184913613763687
228.43749999999997 25.448678083133764 24.17975824552456
228.9375 25.441354676800234 24.17457571655018
229.4375 25.43395689449305 24.16943867515649
229.93749999999997 25.426674591022923 24.164335145997995
230.4375 25.419389744648036 24.15921585969373
230.9375 25.412115379298168 24.154118249217124
231.43749999999997 25.404894882703356 24.149046031024927
231.9375 25.397708577473928 24.143982666346766
232.4375 25.390509367053372 24.138938428388464
232.9375 25.38334941532497 24.133903744715592
233.4375 25.376222313385174 24.128889948754445
233.9375 25.369132060318066 24.12388602571792
234.4375 25.362020588480902 24.11892327442342
234.9375 25.354972584724514 24.113961388029104
235.4375 25.347940576878123 24.108986201967134
235.9375 25.34090476186394 24.104077137109318
236.4375 25.333938646463867 24.099143618214796
236.9375 25.326934999426598 24.09424507308401
237.4375 25.320001124599454 24.08935556309904
237.9375 25.313047223425006 24.084471366337006
238.4375 25.306144616333167 24.079630590073503
238.9375 25.299251136834954 24.074787201838856
239.4375 25.292375535582117 24.06995560291636
239.9375 25.285503838133224 24.065139830635868
240.4375 25.278675652123496 24.06035380520713
240.9375 25.271851738690838 24.055572177374785
241.4375 25.26506649454824 24.050824238867712
241.9375 25.2582872015487 24.04607060622108
242.4375 25.2515302190041 24.041344189318377
242.9375 25.24478729866025 24.036633758769767
243.4375 25.238034502875543 24.031906749542312
243.9375 25.23131319820884 24.027239956984122
244.4375 25.22463185020055 24.022567027916924
244.9375 25.217929299855815 24.017907972683016
245.4375 25.211281885988704 24.013259389710516
245.9375 25.20461338347882 24.008654132795193
246.4375 25.19797202279866 24.004050741117688
246.9375 25.19135050428921 23.99946436957692
247.4375 25.1847168107661 23.994872427214872
247.9375 25.178136824946918 23.99031463318117
248.4375 25.171575656887512 23.985787212934095
248.9375 25.16501240398769 23.98124683093768
249.4375 25.158462565917894 23.976720851524735
249.9375 25.1519154238742 23.972237978830474
250.4375 25.145389549796874 23.967748412472186
250.9375 25.138861896378522 23.963279947413213
251.4375 25.13236863333303 23.958835478378045
251.9375 25.12588488656172 23.954389012806175
252.4375 25.119431369520658 23.949981213055107
252.9375 25.11294092965981 23.9455662050257
253.4375 25.106508129637888 23.941175068196955
253.9375 25.10005017963508 23.93678829904556
254.4375 25.093636955752597 23.932434669532316
254.9375 25.087185178917927 23.928089600783167
255.4375 25.080792096539565 23.923760707336857
255.9375 25.07438337942169 23.919443969466045
256.4375 25.06798520022558 23.915146928376593
256.9375 25.061622242468825 23.91085128489932
257.4375 25.055261863148193 23.906587937412482
257.9375 25.048902785600294 23.902320225661924
258.4375 25.04257999706523 23.898085097515498
258.9375 25.03626984725434 23.893846903487987
259.4375 25.029971230469748 23.889634894173483
259.9375 25.023687902756247 23.885429482363772
260.4375 25.017398129656165 23.88122588091976
260.9375 25.011140035681358 23.87706178656598
261.4375 25.004905136578365 23.872896684586138
261.9375 24.9986664333407 23.868729493704116
262.4375 24.99247567473961 23.864595721413096
262.9375 24.986285572720305 23.86046712622019
263.4375 24.980099375813776 23.856354756157728
263.9375 24.973929233141135 23.85225083173085
264.4375 24.967797835420274 23.84814889179333
264.9375 24.961630377159892 23.844067563699618
265.4375 24.955512244580266 23.840000018769402
265.9375 24.9494184330544 23.83592970235499
266.4375 24.943321926025273 23.831892716618952
266.9375 24.937249268226857 23.82786430639294
267.4375 24.931178511178356 23.82384682444718
267.9375 24.925122978186657 23.81982483828186
268.4375 24.919102941090294 23.815839125759318
268.9375 24.913080841068172 23.81182787472588
269.4375 24.907083041045496 23.80785742391932
269.9375 24.901070180071116 23.803898261075265
270.4375 24.895084060261304 23.799929140587388
270.9375 24.889108161354446 23.7959877536534
271.4375 24.88318029507272 23.792057554959015
271.9375 24.87724301505827 23.7881266579885
272.4375 24.87130418962749 23.784216085791954
272.9375 24.865415489729635 23.780300599449657
273.4375 24.859511744749835 23.7764213086586
273.9375 24.853624038348997 23.772527807085353
274.4375 24.847756886293038 23.768660336387452
274.9375 24.841914807838428 23.76478807799721
275.4375 24.836096966443314 23.760944305798407
275.9375 24.83025408412179 23.757095232443724
276.4375 24.824431080411877 23.753262429085456
276.9375 24.818634159455655 23.74943485077006
277.4375 24.81283668141582 23.745618431128023
277.9375 24.807065643215726 23.741819523625015
278.4375 24.80129122205541 23.738023678463325
278.9375 24.795557492758352 23.734228149243396
279.4375 24.789823690651925 23.73045258977016
279.9375 24.784075511323582 23.726688926852837
280.4375 24.778380992067078 23.72292184274293
280.9375 24.772693464177 23.71916188532439
281.4375 24.76699395214471 23.71544141380489
281.9375 24.761307413209085 23.711705805036733
282.4375 24.755661141718235 23.70798589540238
282.9375 24.750014837504423 23.704263505811625
283.4375 24.744397404239006 23.700547730253078
283.9375 24.73878763231508 23.69687328516058
284.4375 24.733162241113632 23.693159121220376
284.9375 24.727560785236584 23.68946986517784
285.4375 24.72197464002565 23.68581890535839
285.9375 24.71641083001169 23.68214748793578
286.4375 24.71085840942227 23.678488913871067
286.9375 24.70530456019317 23.674843373988352
287.4375 24.699765579838868 23.67120108891939
287.9375 24.694257595259195 23.66756224109048
288.4375 24.688736170138373 23.663941679335977
288.9375 24.68324857232802 23.66032086711632
289.4375 24.677746836313126 23.656714552031744
289.9375 24.672303383760298 23.653107536492058
290.4375 24.666819613563717 23.649515269199036
290.9375 24.661378660871737 23.64592775561391
291.4375 24.655918476864436 23.642348706316415
291.9375 24.6504960251351 23.63878141781269
292.4375 24.645093571840178 23.635219195789222
292.9375 24.63968118998727 23.63165605766429
293.4375 24.634291145775492 23.62810191551833
293.9375 24.628915495443096 23.624571691626773
294.4375 24.623550767908895 23.62102751318939
294.9375 24.61820485897586 23.61751187478025
295.4375 24.61283685493789 23.61398029715685
295.9375 24.607513887027434 23.610488259566807
296.4375 24.60219628259179 23.606989071868647
296.9375 24.596884788778702 23.60350350293568
297.4375 24.591618223377797 23.600008531500748
297.9375 24.586319701489103 23.596547059796112
298.4375 24.581051999295447 23.59307330266988
298.9375 24.575803935680348 23.589603103264054
299.4375 24.570539092460074 23.586164060319867
299.9375 24.565322364002906 23.58271640126793
300.4375 24.56008925349606 23.579275268771806
300.9375 24.55487536161179 23.575856271948044
301.4375 24.549671804767183 23.572430451512464
301.9375 24.54450058777169 23.56901728420372
302.4375 24.53930211002024 23.565605418393872
302.9375 24.534159334930568 23.562209362376837
303.4375 24.52899937228311 23.55882285827933
303.9375 24.5238369805419 23.55543790071957
304.4375 24.518728619678434 23.552053273888923
304.9375 24.51358633273447 23.548687531684244
305.4375 24.50849363762805 23.5453276779433
305.9375 24.5033959192747 23.54196681643462
306.4375 24.498295608685105 23.538613166669453
306.9375 24.493215371274015 23.535270952329004
307.4375 24.48814645504126 23.531943277799993
307.9375 24.483090203024243 23.528619533158377
308.4375 24.478044764146286 23.525289930955
308.9375 24.472974600751535 23.521977369028846
309.4375 24.467967337484016 23.518666055432167
309.9375 24.462952877621476 23.515355876634118
310.4375 24.457941086765057 23.512072841124656
310.9375 24.452938971438844 23.508785141199713
311.4375 24.447956516500092 23.50548697722058
311.9375 24.442984281495164 23.502210148958916
312.4375 24.438004497371267 23.49895158571571
312.9375 24.43304817741307 23.495679889029212
313.4375 24.428114371360184 23.492417782696275
313.9375 24.42316990685687 23.489170875005485
314.4375 24.4182461995427 23.485918449663764
314.9375 24.41331212409377 23.48268032770216
315.4375 24.408396940815962 23.4794450173532
315.9375 24.40352168196679 23.476207988365164
316.4375 24.398615725728682 23.472995555401855
316.9375 24.39372338238862 23.46977124041176
317.4375 24.388852728427082 23.466557725756996
317.9375 24.38399051891863 23.463349379031158
318.4375 24.379154687680682 23.460159491979503
318.9375 24.374274563650484 23.456966059685918
319.4375 24.369440984807515 23.453768411550072
319.9375 24.364607196046173 23.450587931681085
320.4375 24.359783814397172 23.44740749347752
320.9375 24.354979395149808 23.44423268230345
321.4375 24.35017404921561 23.441062128286532
321.9375 24.34538873361975 23.43789824145655
322.4375 24.340597518940616 23.43474503804294
322.9375 24.335828242615953 23.43158847828031
323.4375 24.33102761037725 23.42844487692851
323.9375 24.326288723606538 23.425302996178175
324.4375 24.321531775828227 23.422165369335953
324.9375 24.316791051582975 23.41902657527678
325.4375 24.31205361465361 23.415907026131734
325.9375 24.307335419872068 23.412779941145452
