FastTrWP/PhaseSpace/IAs/snIa_0.62_30.00_-0.98_-0.14.csv
# %ECSV 0.9
# ---
# datatype:
# - {name: time-rel, datatype: float64}
# - {name: g, datatype: float64}
# - {name: i, datatype: float64}
# schema: astropy-2.0
time-rel g i
[from data line 2142]
694.0 26.11869744932001 23.085255858017018
694.5 26.12610961950484 23.086570894305666
695.0 26.13355909278546 23.087885095388234
695.5 26.140949056733014 23.08920602328979
696.0 26.14842250941516 23.09052685593487
696.5 26.1558632448758 23.09184587846099
697.0 26.163319832727364 23.09315538365716
697.5 26.170751018781722 23.09447657803199
698.0 26.1782210331042 23.095798496910128
698.5 26.185659625173354 23.09712343254334
699.0 26.193147178024017 23.098445361079886
699.5 26.20059018896942 23.09978250633627
700.0 26.207989324103078 23.101090033622235
700.5 26.215447647737072 23.102422212113108
701.0 26.222871438294742 23.103736931436657
701.5 26.230302319390063 23.105079336294565
702.0 26.237725508366083 23.106400376209145
702.5 26.24509811129354 23.107726573654315
703.0 26.252501858570604 23.109058483782157
703.5 26.259927836708194 23.110394993745405
704.0 26.26726879822982 23.111721460671287
704.5 26.274592237800604 23.11304842380713
705.0 26.281944636097585 23.11438577075314
705.5 26.28929609176826 23.115723743872447
706.0 26.29659087310946 23.117050137802213
706.5 26.303889739360756 23.118387387834773
707.0 26.311130915834347 23.119719328829436
707.5 26.31836380201127 23.121061200236383
708.0 26.3255730696159 23.122395261057925
708.5 26.33274723090402 23.123736264679145
709.0 26.339903465960333 23.12507473494633
709.5 26.347026923392093 23.126414541514727
710.0 26.354137399877775 23.12775216054337
710.5 26.36120780876596 23.129096339580183
711.0 26.36816967652498 23.13043146452422
711.5 26.375206813640425 23.131781399848784
712.0 26.382118727602805 23.133125004017195
712.5 26.389029965622903 23.134476674565448
713.0 26.395878383480536 23.13581508384655
713.5 26.40267269619878 23.13715629499333
714.0 26.409456065214975 23.13851238510095
714.5 26.41617586281685 23.13985108224701
715.0 26.42286461967575 23.141203580618047
715.5 26.42943483911197 23.14254548243572
716.0 26.43601205666608 23.143890106750575
716.5 26.442462980287452 23.145252124018437
717.0 26.448943473791925 23.146593684927886
717.5 26.45535066556154 23.147967698436553
718.0 26.461599353517677 23.14930616463732
718.5 26.467836801489526 23.1506574507649
719.0 26.474021764773433 23.15201253378905
719.5 26.480136489041417 23.15336949417938
720.0 26.486173911219886 23.154719140588867
720.5 26.4921447044812 23.15607868965076
721.0 26.497942325093227 23.157431778880166
721.5 26.503797667251064 23.158792193821554
722.0 26.509495714049653 23.160151280866437
722.5 26.515120467365367 23.161512130197348
723.0 26.520683543044157 23.162867066094563
723.5 26.5261531989359 23.164231731346312
724.0 26.531474190407902 23.165587728196154
724.5 26.536782854303564 23.166943835179154
725.0 26.54202760074302 23.168315358652606
725.5 26.54713284980425 23.16967232958948
726.0 26.55229954819838 23.171028702177715
726.5 26.55727491053529 23.17240311878535
727.0 26.56225573212216 23.173768300690632
727.5 26.567155509029988 23.17513122264193
728.0 26.571996954726362 23.1765003143135
728.5 26.576705291067064 23.17786173065015
729.0 26.58138254394494 23.17923734267618
729.5 26.585983364855426 23.18060857158942
730.0 26.590524703888967 23.181974890129126
730.5 26.59493607978027 23.183343299716274
731.0 26.5993208961947 23.18471855283218
731.5 26.603618520369853 23.18609534001933
732.0 26.607840390139277 23.187468734684423
732.5 26.61193994551121 23.18883256595314
733.0 26.615979059176116 23.19021806320306
733.5 26.619899359180078 23.191593560767245
734.0 26.62378937503553 23.19296655611609
734.5 26.627545422528293 23.194351493700832
735.0 26.631251961120807 23.1957203836554
735.5 26.634809188276005 23.197106394506598
736.0 26.638373195319282 23.198486025019825
736.5 26.641766518493462 23.199864487721516
737.0 26.64505703863393 23.201242198036702
737.5 26.648266415406887 23.202623561012953
738.0 26.651357199418587 23.204011328289717
738.5 26.654366257313544 23.20540538576281
739.0 26.657279816034784 23.20678242499495
739.5 26.660112224368845 23.208170861914606
740.0 26.662786324947522 23.209551211687195
740.5 26.66540484506008 23.210941363554106
741.0 26.66784197587117 23.212325152185983
741.5 26.67036810532549 23.213731852557075
742.0 26.672634672556054 23.21511188252563
742.5 26.674703804358725 23.21650370605688
743.0 26.67679622377438 23.2178869242316
743.5 26.678768543647703 23.21927982336826
744.0 26.680649316356337 23.220668271934528
744.5 26.68235012675214 23.222066522321136
745.0 26.683974261845385 23.223459933584696
745.5 26.685483030568857 23.22486569759199
746.0 26.68689544854939 23.226253394815906
746.5 26.688160586973343 23.227651705930583
747.0 26.689299899583485 23.22905687446609
747.5 26.69029541435855 23.230452971438527
748.0 26.691264652640857 23.231847274691
748.5 26.69202381126916 23.23324322409034
749.0 26.692707049272286 23.23464083708032
749.5 26.693237608080903 23.236053979741435
750.0 26.693753635283958 23.237448685513918
750.5 26.69402425541595 23.238854855779817
751.0 26.69426769925159 23.240258240289297
751.5 26.69435293494116 23.241657490038932
752.0 26.694320548512692 23.243064255898503
752.5 26.694148582673037 23.24446529430949
753.0 26.69385600716271 23.24588339705441
753.5 26.693422375412847 23.247286670667453
754.0 26.692871665043842 23.248692011581408
754.5 26.69218947381222 23.250101565925707
755.0 26.691411362535398 23.251513349153946
755.5 26.69053776303228 23.252922644708498
756.0 26.689463708401725 23.254332015527154
756.5 26.688301173719182 23.255737156939237
757.0 26.68711128278583 23.257166519377105
757.5 26.685630825673453 23.258577912198692
758.0 26.68409210747111 23.259984227833854
758.5 26.682454249153462 23.261401304397197
759.0 26.680644442164585 23.262815085674696
759.5 26.678722176546252 23.264234324668834
760.0 26.676730319095828 23.265648119815783
760.5 26.67454064590494 23.267076320056006
761.0 26.672273836608905 23.268495718108817
761.5 26.669940574857808 23.269908843916774
762.0 26.66738904730243 23.27132953985175
762.5 26.664731831468757 23.27274749946081
763.0 26.661985020363424 23.274171594643356
763.5 26.65912264821275 23.275594018800284
764.0 26.6561785187019 23.277011419227435
764.5 26.65308323272164 23.278440000136037
765.0 26.649936712274958 23.279867725517278
765.5 26.646738171571805 23.28129191584244
766.0 26.64330800050816 23.28272845178899
766.5 26.63984978224859 23.28414113410222
767.0 26.636325113477323 23.28557740341484
767.5 26.632666626775944 23.287005932778136
768.0 26.628903935784564 23.288446441226647
768.5 26.625071160855388 23.289872858772732
769.0 26.62113513638806 23.291299357569137
769.5 26.61709251156031 23.29273578302336
770.0 26.61304679997763 23.29417262812699
770.5 26.60874718118436 23.29560193615032
771.0 26.604420359172963 23.297045455284756
771.5 26.600058339128108 23.29847456779494
772.0 26.595556995626634 23.299915606121896
772.5 26.59098031735894 23.30135355842724
773.0 26.586277347417337 23.30279018742877
773.5 26.581509872203974 23.30423175116518
774.0 26.576710524987025 23.305675907916466
774.5 26.57175305959321 23.30711533356153
775.0 26.56673566548899 23.3085510234841
775.5 26.561676375168748 23.310000900890667
776.0 26.556440109943104 23.311439112003953
776.5 26.551193178274325 23.312890914439443
777.0 26.545853470598047 23.31433769177267
777.5 26.540436151712974 23.315772207502338
778.0 26.534908192963794 23.31722776205258
778.5 26.529368495126782 23.318677850662223
779.0 26.52367209253091 23.320122907819496
779.5 26.517901737534977 23.32157396164737
780.0 26.51214970593159 23.323021439343403
780.5 26.506252605197894 23.324482666504135
781.0 26.500313041649697 23.325927940997296
781.5 26.49432536191959 23.32738076832106
782.0 26.488154730862995 23.328833118780526
782.5 26.482041247368247 23.330292663661446
783.0 26.475791113456808 23.33175380535302
783.5 26.469470342031624 23.333194870103316
784.0 26.463137608096435 23.33465653287458
784.5 26.456711251657076 23.336116500556244
785.0 26.450237966851596 23.337570272055835
785.5 26.443636661289407 23.33903117392432
786.0 26.437043892194886 23.34049095622842
786.5 26.430340182766855 23.341955602795075
787.0 26.423622873026748 23.34341115327721
787.5 26.41679022774104 23.344876112383375
788.0 26.409916576056265 23.34633613414824
788.5 26.403019867693025 23.347796415507915
789.0 26.39605014224972 23.34925770831601
789.5 26.38907938520067 23.350723731354343
790.0 26.381969666247098 23.352191125262188
790.5 26.37483293494431 23.353654237656034
791.0 26.367653887485197 23.355127600788315
791.5 26.360420622864535 23.35657736985595
792.0 26.353188601185487 23.358056945960953
792.5 26.34585613652552 23.35951452039817
793.0 26.338482583572315 23.36098942439235
793.5 26.331048331182988 23.362464805274477
794.0 26.32358367905462 23.3639330346837
794.5 26.316091187928727 23.365399046548955
795.0 26.30854100309241 23.366869800439783
795.5 26.30093908611325 23.368351501477754
796.0 26.293305840999746 23.36982797194573
796.5 26.285620458180215 23.37127853110419
797.0 26.277927633561777 23.372768858519905
797.5 26.27013932229227 23.37423079248274
798.0 26.262402731209594 23.37571012801583
798.5 26.254561823214104 23.37718636718446
799.0 26.246699409920673 23.378665553325092
799.5 26.238808611930317 23.380136585860022
800.0 26.230895703933363 23.3816139620758
800.5 26.2228952508922 23.383100005579024
801.0 26.214925615071486 23.384580933331204
801.5 26.206908997698562 23.386058990014156
802.0 26.198874189371224 23.38753417852457
802.5 26.190691072554824 23.38901087168443
803.0 26.1824203392895 23.390497929770973
803.5 26.174067735204506 23.39198304123755
804.0 26.165573849642314 23.39345714303225
804.5 26.156975130956273 23.394942449811392
805.0 26.14836481170656 23.39642787704722
805.5 26.13960959913055 23.39792337073456
806.0 26.130750357073623 23.39939915813517
806.5 26.121897582728046 23.400887010002492
807.0 26.11298454341407 23.40238126844374
807.5 26.10395561521035 23.403860038814436
808.0 26.09492553302509 23.405360799657874
808.5 26.085813371896812 23.406854075619687
809.0 26.076694213484398 23.408349565125487
809.5 26.067509132717475 23.40983249660578
810.0 26.05833760022204 23.41133120547078
810.5 26.049100499931942 23.412834361633283
811.0 26.039863839914137 23.414320109763523
811.5 26.030551233487355 23.415813983894125
812.0 26.021297277010348 23.417320998189428
812.5 26.011981314003748 23.418823152471333
813.0 26.00269625462586 23.420318723365476
813.5 25.99341840012251 23.42182201374907
814.0 25.98411434910672 23.423319962317315
814.5 25.97484864930022 23.42482096975629
815.0 25.965559749732094 23.4263266163087
815.5 25.956329207852164 23.427833394338098
816.0 25.947044107478533 23.429333610030575
816.5 25.93785295511564 23.430829010581963
817.0 25.928633421374023 23.432335321935504
817.5 25.919467469992426 23.43385369425858
818.0 25.910364671827427 23.435358651946068
818.5 25.901235796936156 23.43686734796797
819.0 25.892169977821574 23.43837122885087
819.5 25.88310985567432 23.439875073605965
820.0 25.87412115037116 23.441376745604565
820.5 25.865182544076333 23.4428977454043
821.0 25.856240828763045 23.444400001578124
821.5 25.84738137256212 23.445908120348925
822.0 25.838599110101875 23.447420292911175
822.5 25.829811334417965 23.448937735132006
823.0 25.821125266103508 23.450451718023384
823.5 25.812454361409127 23.4519538481125
824.0 25.803867551513537 23.45346149843738
824.5 25.795328196681346 23.454979847078114
825.0 25.786833312498104 23.456491882813285
825.5 25.778440747376386 23.458001003317193
826.0 25.770104735594455 23.45952280338264
826.5 25.761745900059605 23.461033704063027
827.0 25.753565984984007 23.4625321675505
827.5 25.74539808909785 23.46406005222455
828.0 25.73735236736519 23.46557247173287
828.5 25.72933460002625 23.467075344894184
829.0 25.721366645707405 23.468604576142525
829.5 25.71350446637824 23.47011996488193
830.0 25.705738542678922 23.471631018037048
830.5 25.698021345571345 23.473150149754566
831.0 25.690391302311756 23.47466166489406
831.5 25.682791614564138 23.47616796433381
832.0 25.675346341884623 23.47769357140197
832.5 25.667956794109145 23.479205361692593
833.0 25.660639731721737 23.480723442278947
833.5 25.65343335462686 23.482235761294472
834.0 25.646243372307996 23.48374236029585
834.5 25.63920191785521 23.485253614490162
835.0 25.63219469046285 23.486772773166322
835.5 25.62531413904912 23.488298266125152
836.0 25.61852499882583 23.489804483238
836.5 25.61178325201289 23.491321972134504
837.0 25.60514685330306 23.492832666439693
837.5 25.598609086270194 23.494341732567122
838.0 25.592159511674602 23.49586615887578
838.5 25.585784477576592 23.497371802469928
839.0 25.579543302208908 23.498876031934838
839.5 25.573368593672026 23.50039439757731
840.0 25.567285822334664 23.501917406101764
840.5 25.561299608208795 23.503415900983423
841.0 25.55538439113212 23.50492534889614
841.5 25.549506972624716 23.50644340304453
842.0 25.543625528262176 23.507959980652085
842.5 25.537756071727934 23.5094716020747
843.0 25.53183723158152 23.5109857696124
843.5 25.526017859157335 23.51250210137271
844.0 25.520127282575643 23.51400850974433
844.5 25.514299612914858 23.515529307452532
845.0 25.508450662303513 23.517048983457943
845.5 25.502661755513273 23.51855748531015
846.0 25.496883497882266 23.520070777450112
846.5 25.491112552460997 23.52159088439954
847.0 25.485337797121034 23.523105435153457
847.5 25.47959959722324 23.524628715462423
848.0 25.47390708757198 23.526150190262776
848.5 25.468186250700633 23.527666678997964
849.0 25.462494424652707 23.529179037050028
849.5 25.45686050330149 23.530696292734415
850.0 25.451242686273265 23.532218837801814
850.5 25.44564287265448 23.53373977415087
851.0 25.440087466636378 23.535251249266814
851.5 25.434527334703183 23.53677063270032
852.0 25.42902380783491 23.538299536141878
852.5 25.42352984598045 23.539823821571183
853.0 25.41810894569426 23.541333152973436
853.5 25.41268937028896 23.54284691879597
854.0 25.407327018134826 23.544371604086017
854.5 25.401963736053382 23.545885944174067
855.0 25.396650682096706 23.547409158709115
855.5 25.391393325662378 23.548924932582583
856.0 25.38615010389067 23.55043960972282
856.5 25.38096309365654 23.551968581013078
857.0 25.37579374721431 23.553477037043873
857.5 25.37067416860188 23.555015743151113
858.0 25.36560889277218 23.556531545554947
858.5 25.360560639594127 23.558045621772656
859.0 25.355555345197835 23.559559720097447
859.5 25.350630871050775 23.56108443838423
860.0 25.345707998323288 23.56261282401607
860.5 25.340845256090823 23.564120672362275
861.0 25.336037333181373 23.565647048317185
861.5 25.33125624201425 23.567157043794698
862.0 25.326550413870336 23.568677111663607
862.5 25.321855984446962 23.570192366161713
863.0 25.31722844730747 23.571713308272525
863.5 25.312631000343423 23.5732227425275
864.0 25.308114716036883 23.574751253585177
864.5 25.303649353351197 23.57625551927201
865.0 25.299200128535247 23.5777685494013
865.5 25.294828509233575 23.57928383494649
866.0 25.290466599808312 23.580806764440318
866.5 25.286195246902132 23.582313541387315
867.0 25.281975115361593 23.583820280041834
867.5 25.277808786429446 23.58535061517808
868.0 25.27370562545629 23.58685700731952
868.5 25.26964107975498 23.588377904929814
869.0 25.26564112205012 23.589879121414434
869.5 25.261689106173726 23.591400099041707
870.0 25.257770224474196 23.592895385886877
870.5 25.25393701898395 23.59439793345765
871.0 25.250175096431274 23.59591676075794
871.5 25.24644750264673 23.59742644296508
872.0 25.24278013417929 23.5989267072856
872.5 25.239156295559624 23.60043682804495
873.0 25.235609255299384 23.601931813842462
873.5 25.232126115797563 23.603446912325495
874.0 25.228699365185776 23.604941504614693
874.5 25.225342934232103 23.606441120070414
875.0 25.222056350391906 23.607955190842155
875.5 25.218791400061487 23.609449185572622
876.0 25.21563490263532 23.61095046589201
876.5 25.212530778670057 23.61246216081574
877.0 25.20946540827361 23.613936109442978
877.5 25.206492092128908 23.61544619933817
878.0 25.20354830440993 23.616937744169277
878.5 25.200706985619014 23.61843310199871
