FastTrWP/PhaseSpace/IAs/snIa_0.55_30.00_-0.21_0.10.csv
# %ECSV 0.9
# ---
# datatype:
# - {name: time-rel, datatype: float64}
# - {name: g, datatype: float64}
# - {name: i, datatype: float64}
# schema: astropy-2.0
time-rel g i
[from data line 1425]
334.4999999999999 24.578738435579893 22.372828253105993
335.0 24.580680964424623 22.373277783123612
335.5 24.582597230838864 22.37371826249248
335.9999999999999 24.58455078291123 22.374161044010176
336.5 24.58647439307085 22.3746055546087
337.0 24.588413796280143 22.375046651394264
337.4999999999999 24.590330783899038 22.375498421129628
338.0 24.59226350453799 22.37594218502341
338.5 24.594192499151543 22.376395203592196
338.9999999999999 24.596137424383148 22.376838824469367
339.5 24.598042262200877 22.377285695690084
340.0 24.59997525720649 22.377735384318655
340.4999999999999 24.60191205547701 22.378182361146514
341.0 24.60383397967414 22.378629010496688
341.5 24.60575088005935 22.37908702689832
341.9999999999999 24.607694282633176 22.379539238969546
342.5 24.60958550205683 22.379998292815117
343.0 24.611530662266325 22.380444469487436
343.4999999999999 24.613457067852554 22.380899161802862
344.0 24.615396013975964 22.381360176227197
344.5 24.61730674537172 22.381809620196236
344.9999999999999 24.61923227693726 22.382267034218625
345.5 24.621149872146802 22.38272789927876
346.0 24.62306704530915 22.383187398029754
346.4999999999999 24.624996123432336 22.383645438808692
347.0 24.626924447884782 22.3841016747333
347.5 24.62882977595493 22.384564745762336
347.9999999999999 24.630771497810965 22.385030225348594
348.5 24.632674592912437 22.385493170777156
349.0 24.634626786802386 22.385954431210155
349.4999999999999 24.636526506622346 22.386421901457943
350.0 24.63844708673846 22.386884127955533
350.5 24.640366058478953 22.38734573150252
350.9999999999999 24.642281171834348 22.38781532150218
351.5 24.64419403659928 22.388282281977688
352.0 24.64613624131815 22.3887487338278
352.4999999999999 24.648036947547936 22.38922020390458
353.0 24.649951671177533 22.389688888789397
353.5 24.651885921808447 22.390165897090462
353.9999999999999 24.653780360203225 22.39063453430187
354.5 24.655695849742507 22.391103308640048
355.0 24.65761286866899 22.39157437440656
355.4999999999999 24.659538292908838 22.392047826185294
356.0 24.661446606499187 22.392517004109553
356.5 24.66336459807453 22.392995095205926
356.9999999999999 24.66529708721312 22.393471133397842
357.5 24.667217784714563 22.39395174249539
358.0 24.669115882283972 22.394427008269197
358.4999999999999 24.671028840614177 22.394901768948927
359.0 24.67294818461557 22.395381016119195
359.5 24.674864376566518 22.395857543333285
359.9999999999999 24.67678395724008 22.396339764353943
360.5 24.6786917853753 22.396820368352035
361.0 24.68060875187855 22.39730470276685
361.4999999999999 24.68252260968646 22.39778637074292
362.0 24.68443572839813 22.398269223949967
362.5 24.686349495088884 22.39875547058395
362.9999999999999 24.688298061588426 22.39923552900254
363.5 24.69018540606505 22.39972197200034
364.0 24.692090543462022 22.400210324410867
364.4999999999999 24.694012949810404 22.40070026720175
365.0 24.69591223121799 22.401180954233872
365.5 24.697858315464856 22.40167329642823
365.9999999999999 24.69973314624535 22.402157091105856
366.5 24.701634135639008 22.4026440933255
367.0 24.703563090860822 22.403139993752973
367.4999999999999 24.70548632238971 22.403628784063798
368.0 24.70740676248581 22.40411940191823
368.5 24.709310759089963 22.404613592457302
368.9999999999999 24.71123281199467 22.405097088211846
369.5 24.713140664723042 22.40560426100169
370.0 24.71507865980563 22.406085102281427
370.4999999999999 24.716965907642688 22.40658910368019
371.0 24.718878562111414 22.40708902137001
371.5 24.720806660197358 22.407578582417127
371.9999999999999 24.722696284202755 22.40807812526668
372.5 24.724632485884296 22.408574576046423
373.0 24.72653991665964 22.409081176987343
373.4999999999999 24.728439288395876 22.40957739605367
374.0 24.730359324310463 22.4100803842084
374.5 24.732274378888217 22.41057753750804
374.9999999999999 24.734189575182928 22.411079095522073
375.5 24.736107870670907 22.41158604038737
376.0 24.738024116500178 22.412080325279284
376.4999999999999 24.739937779249686 22.41259565123995
377.0 24.741837291085872 22.41309639739317
377.5 24.7437452490123 22.413601355883728
377.9999999999999 24.745673006220322 22.414109080738495
378.5 24.747582142049367 22.414615549252165
379.0 24.749489253642146 22.41512106349559
379.4999999999999 24.751389955547147 22.41563130899443
380.0 24.75328859517464 22.41613613325029
380.5 24.75523667134706 22.416657211214407
380.9999999999999 24.757116339377106 22.417164251015876
381.5 24.759025739767257 22.41767673983533
382.0 24.76093537240352 22.41819099165651
382.4999999999999 24.762824127244162 22.418702821723446
383.0 24.764748935809237 22.419217721984136
383.5 24.766650116446193 22.41973389510801
383.9999999999999 24.76853688334647 22.420242737332284
384.5 24.770438845754256 22.42076153319845
385.0 24.77234329115489 22.421280516060797
385.4999999999999 24.774262412363935 22.421798583531256
386.0 24.776159767702104 22.422322087256834
386.5 24.778056014621 22.422840561882772
386.9999999999999 24.779953159019957 22.423352607810195
387.5 24.781850947435075 22.423880064934476
388.0 24.78375084324572 22.424409478384074
388.4999999999999 24.78565263222928 22.42492703912169
389.0 24.787540976897407 22.425450596057427
389.5 24.78945171184243 22.425976232491035
389.9999999999999 24.79135430664487 22.426497715886207
390.5 24.793234162293704 22.42702600154109
391.0 24.79512011764399 22.42754742866094
391.4999999999999 24.797031541035906 22.428078981889744
392.0 24.798928536426168 22.42860827867199
392.5 24.8008251291515 22.429137423477258
392.9999999999999 24.8027277504089 22.429667206389247
393.5 24.804613725723655 22.430198382039137
394.0 24.80651626008158 22.430727576056398
394.4999999999999 24.808404952212815 22.431263554840626
395.0 24.810306190674844 22.43179771841771
395.5 24.812202065828373 22.43233493846541
395.9999999999999 24.81408768280326 22.43286759986304
396.5 24.816001404039675 22.433403918142332
397.0 24.81786427509074 22.433935132492206
397.4999999999999 24.819762474504703 22.434468117831127
398.0 24.821672048333753 22.435002712059934
398.5 24.823526815972293 22.43555271632197
398.9999999999999 24.82544386223548 22.43609520111214
399.5 24.82732413045249 22.436627480939578
400.0 24.829214012008162 22.437173636087348
400.4999999999999 24.831102998310048 22.437712701922248
401.0 24.83299091631451 22.43826210645193
401.5 24.83488849725218 22.438796249089634
401.9999999999999 24.83679411756594 22.43934120219446
402.5 24.83867193690806 22.439885255818393
403.0 24.840560041349118 22.440436476511355
403.4999999999999 24.842436811641967 22.44097524281139
404.0 24.84432605178801 22.44152618742067
404.5 24.84621228260558 22.442076801878837
404.9999999999999 24.848113278064258 22.442625748228146
405.5 24.850013672132278 22.44317454414885
406.0 24.851895936243828 22.44372361662382
406.4999999999999 24.853787241358816 22.444271944675933
407.0 24.85567857516449 22.444822339119092
407.5 24.857563880749588 22.44537114640371
407.9999999999999 24.85944808760309 22.445932196376646
408.5 24.861343714102944 22.446480786509397
409.0 24.86320576922396 22.44704484364188
409.4999999999999 24.865127364255407 22.447602073056316
410.0 24.867019242766336 22.448155041616147
410.5 24.868905967589438 22.448716811032
410.9999999999999 24.870772391805094 22.449262484340267
411.5 24.87266816049468 22.449829841358998
412.0 24.87456741604593 22.45039183001679
412.4999999999999 24.87645370256557 22.45095501334123
413.0 24.878338036892277 22.45150721897311
413.5 24.880222909056947 22.452073192096446
413.9999999999999 24.882103816213323 22.452636047762525
414.5 24.883983560080097 22.45320130212547
415.0 24.885851926875667 22.453764918843223
415.4999999999999 24.88776870720961 22.454334439208225
416.0 24.88963783722425 22.45489881257462
416.5 24.8914988253514 22.455474970985833
416.9999999999999 24.89337618834659 22.456034203405807
417.5 24.895260523601976 22.456614595886112
418.0 24.897121947574902 22.457178631466622
418.4999999999999 24.89899742008646 22.45775657514009
419.0 24.900879131344738 22.458329424527157
419.5 24.902757648920513 22.45890535454412
419.9999999999999 24.904642129956727 22.459471285420133
420.5 24.906496341017537 22.460053742864005
421.0 24.90834305389958 22.46062527020877
421.4999999999999 24.91021594945878 22.46120468373136
422.0 24.912085375743715 22.461782219777902
422.5 24.913962646357078 22.462367075205215
422.9999999999999 24.915818800984123 22.462944061232363
423.5 24.91769276597116 22.463531626987617
424.0 24.919561190270105 22.46410762101542
424.4999999999999 24.921416612895435 22.4646865092066
425.0 24.923265658506423 22.465271860877838
425.5 24.925137985408234 22.46585205187525
425.9999999999999 24.92699500708492 22.466433109413998
426.5 24.928865616135198 22.46702474120262
427.0 24.930731800459526 22.467614878726163
427.4999999999999 24.932590947268807 22.468201306149695
428.0 24.93442054393548 22.468790306444937
428.5 24.93629852655065 22.469374898988942
428.9999999999999 24.93816739692228 22.469969374637326
429.5 24.940031895893334 22.470563471199014
430.0 24.941875588438837 22.471147153697842
430.4999999999999 24.943733011552776 22.471741442132043
431.0 24.94558096442793 22.472331454630144
431.5 24.947458626839403 22.472926663601722
431.9999999999999 24.94932853676241 22.47352031393515
432.5 24.951164845767444 22.474109683105
433.0 24.953028236064377 22.474709635609493
433.4999999999999 24.954887919649277 22.475310705720407
434.0 24.95674312271339 22.47590725499643
434.5 24.958623404978866 22.476505699119276
434.9999999999999 24.960440962797566 22.477103891534508
435.5 24.96234292081381 22.47770751683399
436.0 24.964174097033975 22.47830374905895
436.4999999999999 24.966036655516387 22.478907732549217
437.0 24.967898207093544 22.479506372640017
437.5 24.96975004143732 22.480107861667605
437.9999999999999 24.97160691625684 22.480712878535158
438.5 24.97346450421373 22.481315460447288
439.0 24.975359398503826 22.481924217223384
439.4999999999999 24.977191691283057 22.48251898779334
440.0 24.97905809483912 22.483128653660863
440.5 24.98090521372815 22.483732900920565
440.9999999999999 24.9827633516089 22.484343918400953
441.5 24.98463958915858 22.484950371464315
442.0 24.98651672096291 22.48556051480024
442.4999999999999 24.988371072256985 22.486166295305395
443.0 24.99022136055356 22.486776101212875
443.5 24.992101543784692 22.487393099529296
443.9999999999999 24.993968378944253 22.487992533466603
444.5 24.99583352297904 22.488608985494277
445.0 24.99770272189246 22.489223187868987
445.4999999999999 24.99958071333248 22.489831333441288
446.0 25.00145777779002 22.490446894462607
446.5 25.003313002207395 22.491060617249715
446.9999999999999 25.005199958258686 22.491671786360726
447.5 25.007053930618536 22.49228573729632
448.0 25.008929724996953 22.492901518728523
448.4999999999999 25.010824670003053 22.493522016520497
449.0 25.01268636575135 22.494130722977374
449.5 25.01458302165636 22.494745260372788
449.9999999999999 25.016450891174614 22.49536772386573
450.5 25.0183121482311 22.495987437314582
451.0 25.020204247458793 22.49661331962215
451.4999999999999 25.022071236385536 22.497224588482307
452.0 25.02394439118062 22.497845970380524
452.5 25.02581241577973 22.498471428656202
452.9999999999999 25.027706204385915 22.499094416392985
453.5 25.02959356020119 22.499717922805758
454.0 25.03145927856419 22.50033635034969
454.4999999999999 25.033326054130335 22.500961041554252
455.0 25.03520860346841 22.501588949895428
455.5 25.03707570973898 22.502211847995227
456.0 25.03891630120608 22.50283612556116
456.5 25.040822181406387 22.503468216729935
457.0 25.042685297066384 22.504092452478083
457.5 25.044560538145223 22.504725289671292
458.0 25.046421873350646 22.505351701309028
458.5 25.04831123112516 22.505983583926778
459.0 25.050165513290374 22.506622569148238
459.5 25.05205888862236 22.50724529128533
460.0 25.053940792775865 22.507881109733617
460.5 25.05578034146959 22.508512731419003
461.0 25.05765916998026 22.50914684306864
461.5 25.059527096332197 22.50978240611611
462.0 25.061373865524992 22.510417090438427
462.5 25.063273340152264 22.511063918970486
463.0 25.06512010231045 22.511700382256414
463.5 25.067004761512383 22.51233777357028
464.0 25.068876280929636 22.512969139048362
464.5 25.07074112550803 22.513609177033608
465.0 25.072619363960932 22.514252855313334
465.5 25.074497241326377 22.51489335246111
466.0 25.076354919148738 22.515536589919954
466.5 25.078239548686255 22.51617392428694
467.0 25.080114269039086 22.51682232711432
467.5 25.081978854550798 22.517460841239547
468.0 25.08388549847846 22.518105215294835
468.5 25.08575707034483 22.518749484890307
469.0 25.087626402920296 22.51940454371499
469.5 25.089509981559033 22.520047838393594
470.0 25.091371984837373 22.520694182450306
470.5 25.093253994044634 22.5213447370693
471.0 25.095126909296745 22.521987636255574
471.5 25.096997914254597 22.522644768438887
472.0 25.098886219244378 22.523284791998066
472.5 25.1007492948511 22.52393728162671
473.0 25.10263849469373 22.52458563183833
473.5 25.104499268753674 22.52524063479006
474.0 25.106383875647627 22.52589266224188
474.5 25.10829085082083 22.52655133557962
475.0 25.110155355227125 22.527205741278586
475.5 25.11206172967515 22.527857586936264
476.0 25.11393793885503 22.528517442047015
476.5 25.115827769204717 22.52916832151273
477.0 25.11769486601784 22.529827250960125
477.5 25.119568205220425 22.530491433896714
478.0 25.121486126745598 22.531136115273615
478.5 25.123359151564806 22.531803502728614
479.0 25.125241798252304 22.532455874808296
479.5 25.127155040957255 22.53311602280561
480.0 25.1290383621159 22.533778877038234
480.5 25.13094001396862 22.534437441448816
481.0 25.132836988976678 22.53509912042016
481.5 25.134750892144755 22.535763097913485
482.0 25.13661964380527 22.536425530685847
482.5 25.138541870821133 22.537087998156288
483.0 25.140417056012453 22.53776338951104
483.5 25.142315649280818 22.53842739143783
484.0 25.144236972013218 22.539090071342525
484.5 25.146128453281964 22.539756609243945
485.0 25.148039216946735 22.540426722061603
485.5 25.149947831863297 22.541091651843953
486.0 25.151856856405658 22.541764398616728
486.5 25.15378333769799 22.542431521300735
487.0 25.15567167815035 22.543099685699715
487.5 25.157614172506104 22.543766086923803
488.0 25.15951341121099 22.54443709939304
488.5 25.16142518177005 22.545111110432302
489.0 25.163336745065145 22.545784771888705
489.5 25.165251458833517 22.546461313517405
490.0 25.167163819679107 22.54712570870406
490.5 25.16906623416819 22.547806849894844
491.0 25.1709863339143 22.54848430328485
491.5 25.172930304899623 22.549155400364217
492.0 25.174823794568113 22.54982872712575
492.5 25.17674403322657 22.55050908079792
493.0 25.178663924008013 22.55118629327643
493.5 25.180587580305975 22.551865743309435
494.0 25.182519456472377 22.552549774233537
494.5 25.184448434111562 22.55322221135328
495.0 25.186339339147455 22.553900515292934
495.5 25.188276159278296 22.554581256219322
496.0 25.190180826079764 22.55526642034779
496.5 25.19212379386447 22.55595151687862
497.0 25.194032978822868 22.5566314339827
497.5 25.19594641080147 22.55732338341005
498.0 25.197874946589486 22.558001848487336
498.5 25.19979679824852 22.55867970201106
499.0 25.201730784240617 22.559378556594073
499.5 25.203670391957512 22.560058109001247
500.0 25.20559315106375 22.56074280749674
500.5 25.207508982095966 22.561428510770583
501.0 25.209422979135052 22.562126070502046
501.5 25.21137720494241 22.56281463557144
502.0 25.213305399586822 22.563504395980118
502.5 25.21525115005888 22.564195482233544
503.0 25.21718005530312 22.564886177719824
503.5 25.219078972474023 22.565582660056688
504.0 25.221052502270286 22.566280391093862
504.5 25.222972298649733 22.566966150692174
505.0 25.224925518051982 22.567660967423095
505.5 25.22684915510423 22.56836096533986
506.0 25.22876102177181 22.569050424016822
506.5 25.230733634532598 22.56974957122692
507.0 25.232666677598292 22.57045531965648
507.5 25.23461031782738 22.571148768442917
