FastTrWP/PhaseSpace/IAs/snIa_0.45_30.00_0.83_-0.09.csv
# %ECSV 0.9
# ---
# datatype:
# - {name: time-rel, datatype: float64}
# - {name: g, datatype: float64}
# - {name: i, datatype: float64}
# schema: astropy-2.0
time-rel g i
[from data line 1423]
294.5 23.52216389851057 22.52699751904605
295.0 23.523597647038198 22.52744945033735
295.4999999999999 23.52503588040516 22.527888223132603
296.0 23.526463683819514 22.52834034789653
296.5 23.527911943621376 22.528795494404577
296.9999999999999 23.52934898967294 22.529232149466942
297.5 23.530784737045394 22.529687377637252
298.0 23.532228025175645 22.530140302529674
298.4999999999999 23.533662835742852 22.530595510708153
299.0 23.535099162541613 22.531046650664955
299.5 23.536548353710455 22.531500233106264
299.9999999999999 23.53799272725321 22.531967203850037
300.5 23.5394321462428 22.5324253813208
301.0 23.5408823183486 22.53288156565735
301.4999999999999 23.542326915964168 22.53334073817762
302.0 23.543765641067896 22.533806454791794
302.5 23.545215437064634 22.53427044051194
302.9999999999999 23.54666888405431 22.5347272579417
303.5 23.54811579130894 22.535194036059725
304.0 23.549564079748016 22.53566099694411
304.4999999999999 23.551014777495073 22.536129475630354
305.0 23.552471152346953 22.53659635030391
305.5 23.55390789241444 22.537070490522687
305.9999999999999 23.555370986660176 22.53754019807673
306.5 23.556829606518622 22.538014974461575
307.0 23.558283442965774 22.53848681483115
307.4999999999999 23.55975168507348 22.538972510504593
308.0 23.561194989462237 22.53944552364977
308.5 23.562645088958423 22.53992400008084
308.9999999999999 23.56412771740886 22.540397939164176
309.5 23.56558190968615 22.540877306890938
310.0 23.567053643581254 22.541362795172844
310.4999999999999 23.568499674839853 22.541839858152443
311.0 23.56996113213478 22.542321325255568
311.5 23.571427677679765 22.54280790005868
311.9999999999999 23.572901005872986 22.543296707963254
312.5 23.57436705875716 22.543783185746342
313.0 23.57582841525098 22.544269920357145
313.4999999999999 23.577291807484038 22.544761883250462
314.0 23.578769390649036 22.545249624803954
314.5 23.580234355535637 22.545738389712913
314.9999999999999 23.581711648422683 22.546236644638725
315.5 23.58318980380748 22.546725148830763
316.0 23.584666966783256 22.547222475810777
316.4999999999999 23.586127580041282 22.547717543156494
317.0 23.58759865127375 22.54821721611966
317.5 23.589078154100843 22.54872211973913
317.9999999999999 23.590571497786144 22.549219286644473
318.5 23.592042323473006 22.549713307201316
319.0 23.593520086711752 22.550210783539217
319.4999999999999 23.5950076114564 22.55071852232777
320.0 23.596480452497737 22.551223905999915
320.5 23.597969501873383 22.551727699529295
320.9999999999999 23.59943996272845 22.552235463545834
321.5 23.600930930716636 22.552741311425592
322.0 23.602424831299068 22.55324842613765
322.4999999999999 23.6039150955471 22.55375932303967
323.0 23.605399550414944 22.5542643197385
323.5 23.606889243410173 22.55478335507985
323.9999999999999 23.60838025038686 22.55529877756402
324.5 23.609872658116497 22.555804160206474
325.0 23.61136651075062 22.556323406926467
325.4999999999999 23.612863586765936 22.556837134930305
326.0 23.61435561695015 22.55734490744871
326.5 23.61584536927829 22.557873192056952
326.9999999999999 23.617353863328727 22.558391173718864
327.5 23.618853748646504 22.55891349781127
328.0 23.62034619058712 22.55944405498216
328.4999999999999 23.621851669693193 22.559959234969774
329.0 23.623353467403287 22.560477606924316
329.5 23.624860999693485 22.561011696607164
329.9999999999999 23.62636012093938 22.561531592788363
330.5 23.62785828790722 22.562053284737953
331.0 23.629363498402135 22.562588593382507
331.4999999999999 23.630871167280432 22.56312081199954
332.0 23.632387282861863 22.563647942826556
332.5 23.633890888731216 22.564183162305028
332.9999999999999 23.635400303191886 22.56472075586299
333.5 23.63692011983476 22.565256148900392
334.0 23.638425917162188 22.565797109222025
334.4999999999999 23.63993987819727 22.56632561783158
335.0 23.641452863334717 22.566870878010874
335.5 23.642980545220954 22.567412006178664
335.9999999999999 23.644477247761802 22.56794471651514
336.5 23.646004382388995 22.568494224114325
337.0 23.64753533256956 22.569035983267433
337.4999999999999 23.649038580932608 22.569580793483034
338.0 23.65056008257431 22.570116837420713
338.5 23.652090820134074 22.57067113760961
338.9999999999999 23.65360468793828 22.571223670771076
339.5 23.655131334002814 22.571774702050547
340.0 23.656657220934072 22.57231991042364
340.4999999999999 23.658190327253564 22.57286876399396
341.0 23.659706913576013 22.57342615751459
341.5 23.66123580669293 22.57398259440037
341.9999999999999 23.662758751879966 22.57453685943006
342.5 23.664300969431547 22.575097208006017
343.0 23.665834776090342 22.57564670670742
343.4999999999999 23.667366265808802 22.576207701328492
344.0 23.668899432142638 22.576768457165713
344.5 23.670433458585386 22.577337171809823
344.9999999999999 23.67197016573401 22.57789913020449
345.5 23.673502112634083 22.578464426894023
346.0 23.675058119598937 22.57902858311102
346.4999999999999 23.67658492172257 22.579595790349643
347.0 23.678120307222468 22.580165781154765
347.5 23.679670140671767 22.580726768426032
347.9999999999999 23.68121421618185 22.58129846806819
348.5 23.68276867466988 22.581872203708514
349.0 23.684315261169353 22.58244927808215
349.4999999999999 23.685854888471198 22.58301993295415
350.0 23.687407562721972 22.583592920185485
350.5 23.68895016631924 22.584166903582407
350.9999999999999 23.690506116750164 22.584746767763264
351.5 23.69206922274366 22.585322526893297
352.0 23.693613882263396 22.58590267284523
352.4999999999999 23.695183352910117 22.586485082400436
353.0 23.696731574765487 22.587062705322516
353.5 23.698300305780645 22.587649507722524
353.9999999999999 23.699853578812252 22.58823810672261
354.5 23.7014139303 22.588823257121106
355.0 23.70297900575078 22.589409300394525
355.4999999999999 23.70454297997827 22.58999628257724
356.0 23.706115446381467 22.590580512976686
356.5 23.707681997009594 22.591174085569943
356.9999999999999 23.70924315511826 22.591764528028282
357.5 23.710821852737574 22.592358654411967
358.0 23.712388456122415 22.59295434990785
358.4999999999999 23.713961127231155 22.5935449097445
359.0 23.715535607412356 22.594146301372525
359.5 23.71711198831797 22.594745848109163
359.9999999999999 23.718693282471264 22.595340870034327
360.5 23.72026673321677 22.595936560790268
361.0 23.721857129779313 22.596539805261422
361.4999999999999 23.723441628179604 22.597142102101586
362.0 23.72502734366011 22.597748942560713
362.5 23.726614142554308 22.598351258893807
362.9999999999999 23.728196777272487 22.598961043052604
363.5 23.72978527536409 22.599570586433803
364.0 23.731375899986993 22.600176058124806
364.4999999999999 23.73297511795689 22.60078703985061
365.0 23.734563665240486 22.601400411558387
365.5 23.736170066636536 22.60201523904589
365.9999999999999 23.737769563145363 22.602626580599754
366.5 23.73936631862243 22.6032486114023
367.0 23.740966714597036 22.603871399984516
367.4999999999999 23.742571092701002 22.604485906073194
368.0 23.744174184535876 22.605104908573143
368.5 23.745796537147644 22.60573623188115
368.9999999999999 23.74737968932812 22.60635219121763
369.5 23.748994917642946 22.60697837724291
370.0 23.75060796940399 22.60760844647372
370.4999999999999 23.752247432342095 22.608238946690925
371.0 23.753858591475023 22.608869073927046
371.5 23.75545670402179 22.60950321619574
371.9999999999999 23.757089142461872 22.61012797881836
372.5 23.75871085176388 22.610772123066166
373.0 23.76032435651437 22.611399452826713
373.4999999999999 23.761947940805797 22.612036691427882
374.0 23.76357188494723 22.612680648568237
374.5 23.765204911830068 22.613316000274864
374.9999999999999 23.766834101183623 22.61396299090377
375.5 23.76845886601394 22.614600848352197
376.0 23.770072626804897 22.615245901728443
376.4999999999999 23.771706426935914 22.615887618499734
377.0 23.773344739495194 22.61653254051495
377.5 23.774980943840447 22.61718008756408
377.9999999999999 23.776625727699404 22.617823902081437
378.5 23.77824397568584 22.618474038661542
379.0 23.779896888995427 22.619119988267535
379.4999999999999 23.78152806555443 22.61977713842292
380.0 23.783177921458165 22.620429494597417
380.5 23.7848152006868 22.62107718236522
380.9999999999999 23.78645365348751 22.62173078862474
381.5 23.788102270899834 22.62238352093274
382.0 23.78973915853266 22.623040897341426
382.4999999999999 23.79138825720571 22.623700190509584
383.0 23.793038283848283 22.624357855072027
383.5 23.79467408240497 22.62501149383716
383.9999999999999 23.796323717205308 22.625680288448446
384.5 23.79798588761334 22.626332777790715
385.0 23.79964429014607 22.6270003724468
385.4999999999999 23.80128430486131 22.627658578063084
386.0 23.80293245512908 22.628321278668146
386.5 23.80457602616434 22.6289878241408
386.9999999999999 23.806246572397278 22.629655988538882
387.5 23.80789779829098 22.63032074449125
388.0 23.809551403902294 22.63097987364974
388.4999999999999 23.811205043962104 22.631650937426105
389.0 23.81287241598969 22.632322175951014
389.5 23.81453717130762 22.6329944026957
389.9999999999999 23.816179868396485 22.633656904787536
390.5 23.81785168439112 22.634330804022376
391.0 23.81949085885777 22.63500035575017
391.4999999999999 23.821161203035032 22.635670806838704
392.0 23.822827855757936 22.6363438762899
392.5 23.824477628132577 22.63702043766418
392.9999999999999 23.826145261482825 22.63769014091669
393.5 23.827804144107198 22.63837219832959
394.0 23.829456796746655 22.639042910468078
394.4999999999999 23.831124079738345 22.63971225606951
395.0 23.832785796246938 22.640386932208138
395.5 23.834450483093192 22.64106644741721
395.9999999999999 23.836119705192246 22.64174784963872
396.5 23.837783201056915 22.642420707593466
397.0 23.839456246920342 22.64309631764318
397.4999999999999 23.84111834199232 22.643782391830776
398.0 23.84277805661428 22.644464497099932
398.5 23.844452001405912 22.645145254436436
398.9999999999999 23.846127217389647 22.645823864851472
399.5 23.84778912326461 22.646515331818186
400.0 23.849469805656224 22.647193862334525
400.4999999999999 23.85114071019874 22.64788396654097
401.0 23.852824130210607 22.648575530346196
401.5 23.854500345374426 22.649258356543736
401.9999999999999 23.85618160208432 22.649956420121757
402.5 23.857853089992425 22.650641493914584
403.0 23.859538294620222 22.651338372471734
403.4999999999999 23.86121955672294 22.65202962259382
404.0 23.86289810841997 22.652730516466974
404.5 23.86457580972504 22.65342616667519
404.9999999999999 23.866262966328616 22.654114482344024
405.5 23.867956101605913 22.654809099662877
406.0 23.869633629161928 22.655507766985714
406.4999999999999 23.87133492395904 22.65621340801049
407.0 23.87301483363607 22.65690888709143
407.5 23.874712020697665 22.65761285339112
407.9999999999999 23.876382834829673 22.65831800667997
408.5 23.8780839373971 22.659011297947668
409.0 23.87977842121165 22.659724050540653
409.4999999999999 23.881448668171885 22.6604295093914
410.0 23.883156369053467 22.6611349973186
410.5 23.884847691658443 22.66184354529317
410.9999999999999 23.886552785879015 22.662547653001766
411.5 23.888244554226297 22.663258848067876
412.0 23.88994385940674 22.663967171093418
412.4999999999999 23.891631502459415 22.6646764952922
413.0 23.893336265484358 22.665380967190654
413.5 23.89502595262121 22.666110048164615
413.9999999999999 23.89672545301938 22.666817157132467
414.5 23.89842292891423 22.66752829904586
415.0 23.900124927455636 22.668245051055315
415.4999999999999 23.90184186862022 22.668953656502488
416.0 23.903526731332757 22.669681397544416
416.5 23.90524554204882 22.67039796725654
416.9999999999999 23.906941606193453 22.671107460107535
417.5 23.908647056833075 22.671833603656726
418.0 23.91035235368165 22.67255167843329
418.4999999999999 23.912064253968058 22.673279219677113
419.0 23.913765201472206 22.673991180915813
419.5 23.915469896497846 22.674713367631625
419.9999999999999 23.917169569262335 22.6754414006143
420.5 23.9188899693325 22.676155296740465
421.0 23.92059699128061 22.67689134709233
421.4999999999999 23.922306317237528 22.67761264958601
422.0 23.92401324791042 22.678338905594583
422.5 23.925724251264434 22.679064122866073
423.0 23.927433521198154 22.679795318573433
423.5 23.929141797967837 22.680515191596747
424.0 23.930860612766388 22.6812542316339
424.5 23.932589123270045 22.68197619135021
425.0 23.934294065769414 22.68271177871588
425.5 23.93600422000138 22.683437796758696
426.0 23.937727998828258 22.68417380337846
426.5 23.939427511576405 22.684906113473218
427.0 23.941134327855444 22.6856382707968
427.5 23.94285666857277 22.68637228712134
428.0 23.94457951508974 22.687109420181063
428.5 23.946311627644988 22.68783936568244
429.0 23.948013743317308 22.688577914072102
429.5 23.949732756400408 22.68931484469555
430.0 23.951442825151027 22.690051766969667
430.5 23.95316630097604 22.690791398744764
431.0 23.95487098661075 22.691527896647695
431.5 23.956590649718287 22.69226681622381
432.0 23.958320152473046 22.693003560525607
432.5 23.96004325022321 22.69374755027133
433.0 23.961755967001835 22.694483823293304
433.5 23.96347915675236 22.6952272841513
434.0 23.965201811525585 22.695971170032365
434.5 23.96691990274306 22.696712342404727
435.0 23.968643136155553 22.697454852883464
435.5 23.97033992141249 22.698201371092477
436.0 23.972079542023298 22.698946902501113
436.5 23.973814398180316 22.699692423062203
437.0 23.975511188792318 22.70043701249016
437.5 23.9772543291594 22.701188658283215
438.0 23.97896125493101 22.701936598738087
438.5 23.98069596289424 22.702686247092796
439.0 23.982407555393653 22.703438056254043
439.5 23.98413860624637 22.704184205757336
440.0 23.98586022276017 22.70494814699349
440.5 23.987590126632433 22.705693675038518
441.0 23.98932847360647 22.706445121957785
441.5 23.991055445088243 22.70720581365616
442.0 23.992775704972715 22.707959098323585
442.5 23.994502170266763 22.70871222760793
443.0 23.996233185405988 22.709471743417513
443.5 23.99795885121788 22.71023224668271
444.0 23.999689892637637 22.710984090658858
444.5 24.00141129704852 22.711745684823818
445.0 24.00315053739429 22.712502395888016
445.5 24.004877620871525 22.713262890468847
446.0 24.006621762273564 22.714024775832335
446.5 24.008353688315722 22.71480115232827
447.0 24.01007603504658 22.715555246302756
447.5 24.011801364599027 22.71631446205509
448.0 24.01353842658567 22.717089131307787
448.5 24.01527442525692 22.71785426375459
449.0 24.017006185185185 22.718617835275722
449.5 24.018758559177805 22.719393499905287
450.0 24.02048606036089 22.720156634833373
450.5 24.022225408327998 22.720929258008816
451.0 24.023970123462913 22.72169674003228
451.5 24.02569337573715 22.722472030872535
452.0 24.02745446956213 22.723243163167737
452.5 24.02918170873935 22.72401550093528
453.0 24.030923024042092 22.724783416006936
453.5 24.032648974598878 22.72556497493145
454.0 24.034409859042118 22.726347474051792
454.5 24.03615359755438 22.727122050939208
455.0 24.037909948458985 22.727899362141095
455.5 24.0396437795471 22.72868222592812
456.0 24.04139418734038 22.729460506939006
456.5 24.043127180178953 22.73024608565414
457.0 24.044883098772925 22.731021649423973
457.5 24.046636607257376 22.731809515985134
458.0 24.048375211974534 22.732595689631616
458.5 24.050129480101962 22.733382603936395
459.0 24.051879393633154 22.73416863973747
459.5 24.053634165701077 22.734952525356753
460.0 24.055379879822752 22.735744377709235
460.5 24.057137297645635 22.73653350374273
461.0 24.058895795932997 22.737325393844287
461.5 24.060650166800514 22.73811599392934
462.0 24.062405059582048 22.73891712329249
462.5 24.064172100461683 22.739703859821155
463.0 24.06593011255478 22.740496820908707
463.5 24.067689917742257 22.74129424697778
464.0 24.069448673414424 22.742082629377315
464.5 24.071204090639583 22.742890896041978
465.0 24.072968717321626 22.743689639072933
465.5 24.074732962684237 22.744485476054557
466.0 24.076496894487526 22.745291781110062
466.5 24.078271374871115 22.746094446531593
