FastTrWP/PhaseSpace/IAs/snIa_0.34_30.00_-1.31_0.05.csv
# %ECSV 0.9
# ---
# datatype:
# - {name: time-rel, datatype: float64}
# - {name: g, datatype: float64}
# - {name: i, datatype: float64}
# schema: astropy-2.0
time-rel g i
[from data line 1772]
501.0 24.628188421145182 23.034157622526852
501.5 24.6307606916012 23.03479637892023
502.0 24.63332533516001 23.03543672127757
502.5 24.63590708679925 23.03607572954363
503.0 24.638477384565615 23.036724693006583
503.5 24.641033662105244 23.03735540274785
504.0 24.643597481550113 23.037992687349963
504.5 24.6462101862353 23.03863198288755
505.0 24.64878101257863 23.039268659572084
505.5 24.651328453273408 23.039923638237845
506.0 24.653902157968478 23.040549344521025
506.5 24.656471347795218 23.041192853041895
507.0 24.65904108211363 23.041834797206025
507.5 24.661619093262885 23.042468422868314
508.0 24.66417876724124 23.043108148784754
508.5 24.666747840146755 23.04374533314099
509.0 24.66929609016935 23.04438204888573
509.5 24.67189458572043 23.045021241504067
510.0 24.67443934718083 23.04566790318828
510.5 24.676995505324086 23.046284259048
511.0 24.67957934152073 23.046931578104136
511.5 24.682143126333386 23.04756977033335
512.0 24.684704168395175 23.04820924396013
512.5 24.687270293181683 23.04883657836524
513.0 24.68984169424641 23.049481615500547
513.5 24.692414289281153 23.05011983800059
514.0 24.69498583389738 23.05075386087195
514.5 24.69756055528365 23.05138427904813
515.0 24.700144252638946 23.052018379846647
515.5 24.702699304096065 23.052650311370037
516.0 24.705249533765453 23.053285304417727
516.5 24.70782881386183 23.05391534365336
517.0 24.710383779787524 23.054552370714397
517.5 24.71295602621977 23.055182318212232
518.0 24.715534463667783 23.055810205186447
518.5 24.718080508592173 23.056437134818992
519.0 24.720663084467873 23.057076502569252
519.5 24.723223795961324 23.057715539575007
520.0 24.725766348272785 23.058345542893527
520.5 24.72834508305465 23.058974021809604
521.0 24.73090825720906 23.05960241411001
521.5 24.73347211935255 23.060234338129145
522.0 24.736033756988796 23.060855894498285
522.5 24.73859389642666 23.061488812159517
523.0 24.741177047331078 23.062115347893524
523.5 24.743720067127967 23.06274317870425
524.0 24.746287320050374 23.063367449306345
524.5 24.7488321770887 23.06399808277913
525.0 24.75139615034944 23.06462488619796
525.5 24.753946952964544 23.065244204723065
526.0 24.75651691531436 23.065889457091295
526.5 24.759058019082552 23.06650432836627
527.0 24.76162098577298 23.06712794446275
527.5 24.764169905364746 23.06775648503247
528.0 24.766712169807477 23.068385308304038
528.5 24.769291249920784 23.069003612005595
529.0 24.771814652019582 23.06961854775586
529.5 24.774375359278388 23.070246197012885
530.0 24.776905237773175 23.07087136041943
530.5 24.77946914160522 23.07149043552734
531.0 24.782017991386795 23.072109454790958
531.5 24.78454622671148 23.07273370144832
532.0 24.787074392928407 23.073355455117614
532.5 24.789619716862727 23.073972445088152
533.0 24.792157691876934 23.07458997883932
533.5 24.794689187692313 23.075209869806802
534.0 24.797237400187534 23.07582475275972
534.5 24.799747233265403 23.07643695673489
535.0 24.80229666018433 23.077061234461524
535.5 24.804820076777396 23.077679009340372
536.0 24.807354580293595 23.078296722386188
536.5 24.809883781835026 23.07891822189642
537.0 24.81240113228055 23.079523726992548
537.5 24.814912321075596 23.080144116114422
538.0 24.81741943614647 23.080762672657606
538.5 24.81995308308623 23.081377089633417
539.0 24.82247152687482 23.08198615221289
539.5 24.824972916613532 23.082598632046533
540.0 24.827483064319466 23.083217279571922
540.5 24.829990807314502 23.083820342030386
541.0 24.83249377192304 23.084438173878418
541.5 24.835005078118776 23.085048431178144
542.0 24.837479668865377 23.085651209334248
542.5 24.839995683179698 23.086275350292652
543.0 24.84247880151304 23.08687214279693
543.5 24.84498040626302 23.087480744233364
544.0 24.847465470612335 23.088092464034414
544.5 24.849969339810208 23.08870158535929
545.0 24.852452028550275 23.08930662166615
545.5 24.854922101929823 23.089915684551933
546.0 24.857413600340962 23.090529293943263
546.5 24.859909340924595 23.09113149988495
547.0 24.86239729600146 23.091729589785768
547.5 24.86484818768321 23.092348819196495
548.0 24.867350224517754 23.09294391809353
548.5 24.869830519809643 23.093554178858096
549.0 24.87229827192925 23.094166348597113
549.5 24.87475831613475 23.09476519065648
550.0 24.877237677838757 23.095366895122368
550.5 24.87971015973573 23.09597164586956
551.0 24.882173403438447 23.096566626055854
551.5 24.884623371848548 23.097172086438537
552.0 24.887085102400054 23.09777511965095
552.5 24.889556366746483 23.09837226310186
553.0 24.891998318127953 23.098983202979163
553.5 24.894440262258094 23.099580199150456
554.0 24.896893404519844 23.10017098969479
554.5 24.89932304938968 23.100766703493996
555.0 24.901793761224717 23.101368821081245
555.5 24.904245229989527 23.101973418484945
556.0 24.906683491545213 23.10256838438395
556.5 24.909095348960562 23.103155294156352
557.0 24.91152524247811 23.103758345330373
557.5 24.91397061302812 23.104357847915196
558.0 24.91637754885746 23.104942365154546
558.5 24.918803739035322 23.105545306318277
559.0 24.92121063197683 23.106141981044317
559.5 24.92362742996409 23.106732955249733
560.0 24.926029675872385 23.107320380787485
560.5 24.928448342320387 23.107924930719363
561.0 24.930852936218958 23.108504413082297
561.5 24.933237791729994 23.10909300820324
562.0 24.93561606190456 23.109683071522152
562.5 24.938013926725947 23.110277636163723
563.0 24.94039031829706 23.110859544698023
563.5 24.942786094088913 23.111449028042273
564.0 24.945172508509895 23.11204654669719
564.5 24.94753005654283 23.1126346605493
565.0 24.94991181711601 23.11322019709152
565.5 24.95228771954958 23.113812044967904
566.0 24.954632862220496 23.114389554020804
566.5 24.957001538039183 23.114978018719377
567.0 24.95932327682423 23.115555528839305
567.5 24.9616746112755 23.116145240995714
568.0 24.964010679827666 23.116711339615023
568.5 24.966362362788715 23.117317323364492
569.0 24.968697170181258 23.117890686986165
569.5 24.97098469995465 23.118474074211917
570.0 24.973304007059845 23.119052829841454
570.5 24.97563669217338 23.119629327313
571.0 24.977960101284026 23.120214946156583
571.5 24.98023969459872 23.120787118503433
572.0 24.98255134171334 23.121364341782616
572.5 24.984840221128927 23.12193774558516
573.0 24.987119187794065 23.12251479320127
573.5 24.989407354395112 23.1230919727125
574.0 24.991700350358194 23.12365864132248
574.5 24.99393210802777 23.12423552756045
575.0 24.996184241192022 23.12480864551712
575.5 24.99843675560954 23.125376015939686
576.0 25.0006716840032 23.12594702051626
576.5 25.00292022703156 23.126513245092347
577.0 25.005127802326726 23.12707655264303
577.5 25.007323390496424 23.12764452993054
578.0 25.009527633747638 23.128206416812457
578.5 25.01174432702316 23.12876634219362
579.0 25.0139089471947 23.129335262933996
579.5 25.016089126959415 23.12990106711048
580.0 25.018271154772297 23.130449734940107
580.5 25.020420109301085 23.131012326293554
581.0 25.02257257142187 23.131557174096873
581.5 25.02472347337775 23.132117612465688
582.0 25.026842287701236 23.13266645040227
582.5 25.028984048187098 23.133214893689885
583.0 25.031106446465444 23.1337855561781
583.5 25.033228765062265 23.134331147263495
584.0 25.035342643811283 23.134871337572754
584.5 25.037441155469264 23.13542441140601
585.0 25.03957303223269 23.135974962515693
585.5 25.04162045320454 23.13652765565925
586.0 25.04373236937456 23.13706270683269
586.5 25.045811094006165 23.137626966159925
587.0 25.04788009941194 23.138162255233347
587.5 25.049928172768674 23.138705713521244
588.0 25.0520032661645 23.139262721933097
588.5 25.054064626985042 23.139812345526607
589.0 25.056110130998416 23.14036267152567
589.5 25.058159835147784 23.140903220230648
590.0 25.060202855860418 23.141434842533446
590.5 25.06225375795747 23.14198599647454
591.0 25.06429107424009 23.14252920847104
591.5 25.066306471015217 23.143079798123726
592.0 25.068375048008633 23.143626689511176
592.5 25.07038870358086 23.14416571486309
593.0 25.072426413229145 23.14471500773708
593.5 25.07442208078841 23.145260910398576
594.0 25.076462303572757 23.145795938108034
594.5 25.078458105292793 23.14634595497867
595.0 25.08047568430323 23.146900136081964
595.5 25.08249233058504 23.14744332038918
596.0 25.084488612813942 23.147988263479398
596.5 25.086486524383105 23.148534449398706
597.0 25.088507536314314 23.149083397185922
597.5 25.090501092883745 23.1496306297365
598.0 25.092526037418924 23.150174660011835
598.5 25.094526047293115 23.15072322869328
599.0 25.096531499127536 23.151278683400598
599.5 25.098532798126485 23.151836027819282
600.0 25.100523841271546 23.152372519101036
600.5 25.102539894378335 23.15293819677536
601.0 25.10450217189249 23.153485126971106
601.5 25.10650271619638 23.15404046371079
602.0 25.108508064954755 23.154592002374066
602.5 25.110538178980345 23.155143436172636
603.0 25.112533091840316 23.155713304861088
603.5 25.114526679516644 23.156258495798788
604.0 25.11652380071677 23.156820560046242
604.5 25.11856290462509 23.157382269438813
605.0 25.12056126490293 23.157943707096642
605.5 25.122577000383973 23.15850717029872
606.0 25.124603128111573 23.15906958656474
606.5 25.12661260242603 23.159647147854486
607.0 25.128623703984893 23.160200604678455
607.5 25.130629224616882 23.160764026092558
608.0 25.132609241227087 23.16133127654663
608.5 25.134604022984036 23.161893896156364
609.0 25.136599798821123 23.162452776333197
609.5 25.13856479452734 23.163034961695708
610.0 25.14055548646834 23.163582895814443
610.5 25.142528391464577 23.164149505947854
611.0 25.14448744798395 23.164708019632833
611.5 25.146455704096805 23.165274593168657
612.0 25.14843084160985 23.16584499707503
612.5 25.150383921733756 23.16640086729986
613.0 25.152334889163498 23.166960886453737
613.5 25.15429380791675 23.167528607719188
614.0 25.156225155816635 23.16808378954886
614.5 25.15815742202779 23.16866610269427
615.0 25.16011930757927 23.169221940821338
615.5 25.162021801203828 23.16977649769381
616.0 25.16396145965175 23.170361381057646
616.5 25.165911160631097 23.170919849295064
617.0 25.16781129877313 23.171472829447104
617.5 25.16973012200877 23.172049625021984
618.0 25.17167259184839 23.17262069580835
618.5 25.173575289095442 23.173178285684305
619.0 25.17547817208825 23.173735272609072
619.5 25.17738008702777 23.17431316322228
620.0 25.179310510456677 23.174880612274578
620.5 25.181244397480906 23.175441116793742
621.0 25.183141141672923 23.176028565646707
621.5 25.185028319543896 23.176597464585598
622.0 25.18693193047862 23.177168821628698
622.5 25.18881773034684 23.177739091836287
623.0 25.190743694112673 23.178303657280996
623.5 25.192637622832915 23.178877175998863
624.0 25.194529021269283 23.179458431395016
624.5 25.1964381967032 23.18003024727699
625.0 25.19836068299991 23.180602741953386
625.5 25.200241336687554 23.181181502422273
626.0 25.202133698759425 23.181765766082492
626.5 25.20402927748566 23.182339656842643
627.0 25.205933466074832 23.18292696153723
627.5 25.207846367937368 23.183495300896407
628.0 25.209744533134316 23.18408758279894
628.5 25.211612904578615 23.184663933893358
629.0 25.21352565462896 23.185252789228336
629.5 25.21541913630085 23.185831955029386
630.0 25.217319416148317 23.186418675640365
630.5 25.219234725752226 23.187003475072615
631.0 25.221121524918445 23.18758719007425
631.5 25.223030623039513 23.18818242897536
632.0 25.224951206898496 23.188774216539475
632.5 25.226869453052686 23.189370955767423
633.0 25.228768825996863 23.189970161619975
633.5 25.230683923733302 23.19056544055673
634.0 25.23257604203279 23.191165719928954
634.5 25.23453739039567 23.191768069058707
635.0 25.236475404453344 23.192362512241445
635.5 25.23836858465831 23.192962026129106
636.0 25.240302412831852 23.19356458620083
636.5 25.242236587878935 23.1941577863126
637.0 25.244172550365775 23.19477383386213
637.5 25.246128021909634 23.1953891092257
638.0 25.248046660713758 23.19600357220427
638.5 25.25001669090726 23.196610436388386
639.0 25.251953618092383 23.197236232313877
639.5 25.253907319755125 23.197845627456267
640.0 25.255876008853015 23.198463240190318
640.5 25.257821907770705 23.199075658680293
641.0 25.25977434499159 23.199697022290948
641.5 25.261695564184798 23.200315413884795
642.0 25.263661352494054 23.200929099923776
642.5 25.265620691476634 23.201553880375524
643.0 25.267585081846203 23.202182753647662
643.5 25.269545896817252 23.202801014609417
644.0 25.27150438938049 23.2034296797741
644.5 25.273440147743838 23.204056190957637
645.0 25.275413567649064 23.204682189797857
645.5 25.27738007206431 23.205310014525963
646.0 25.279323017467412 23.205943801835062
646.5 25.281298216781558 23.206577427343504
647.0 25.28326048299537 23.207207216484363
647.5 25.285251690591895 23.207847706711306
648.0 25.28719140493878 23.208483109259348
648.5 25.28914330696658 23.209115581704125
649.0 25.291128509957403 23.20975880307307
649.5 25.29308282697917 23.21038461295374
650.0 25.295041695952314 23.21102742064155
650.5 25.296987450873438 23.211667268989636
651.0 25.298976573888776 23.212313545066692
651.5 25.300936219776876 23.2129533429256
652.0 25.302885835478808 23.213592637627045
652.5 25.304858098570016 23.21424416410794
653.0 25.306842920685494 23.214888070399184
653.5 25.30881872967972 23.215545716612382
654.0 25.31076912354987 23.216195291767022
654.5 25.31272220099438 23.216837001322826
655.0 25.31468291812751 23.217488847243402
655.5 25.316650568218833 23.218131786185054
656.0 25.318626826807005 23.218788591407584
656.5 25.320594490411462 23.219458765133428
657.0 25.322563802829986 23.22009856622321
657.5 25.3245320922532 23.220766135859023
658.0 25.326497577176475 23.22142615602384
658.5 25.328465033309303 23.22208541700965
659.0 25.330446357210295 23.222734385473373
659.5 25.332381786143586 23.223397727924137
660.0 25.334375235169734 23.224055582747084
660.5 25.336323275307695 23.224723053693594
661.0 25.338286893013695 23.22539100263199
661.5 25.340257956258938 23.226051329791524
662.0 25.34221051922678 23.226717212864187
662.5 25.344177340929342 23.227384500629064
663.0 25.346170386710064 23.228057798999533
663.5 25.34809596011174 23.228713645265078
664.0 25.35008002363048 23.2294052914801
664.5 25.35206027391137 23.2300752465692
665.0 25.354008919620973 23.230743977635196
665.5 25.35597369305911 23.231422441385444
666.0 25.35794389325906 23.232087544314087
666.5 25.359894865574528 23.232770460087643
667.0 25.36183582884221 23.23344687784731
667.5 25.3638258436197 23.234130009634516
668.0 25.365765632076798 23.234804218397656
668.5 25.367737777574128 23.2354881522842
669.0 25.36968775592253 23.236175558428656
669.5 25.37165613762962 23.23685373250735
670.0 25.373602167409516 23.237544839647846
670.5 25.375570856513455 23.23821138075491
671.0 25.377520447869806 23.238908123400467
671.5 25.37948754079743 23.2395998774415
672.0 25.381420949006234 23.24027988714785
672.5 25.38338335769516 23.24097652683556
673.0 25.38532855069322 23.241659885006968
673.5 25.38727929482056 23.24236042052821
674.0 25.389237623723933 23.24304897995001
674.5 25.391192602464308 23.24375089083333
675.0 25.393131113269934 23.244440952604926
675.5 25.395121723917633 23.24513543548898
676.0 25.397072695675536 23.245833054459226
676.5 25.399021271745532 23.24653015098245
677.0 25.400970998854056 23.247232622076094
677.5 25.402912352724382 23.247936778734974
678.0 25.404885528752917 23.248634174158013
678.5 25.406836578620414 23.249344687854062
679.0 25.408775728001633 23.250064902081252
679.5 25.410729745913248 23.250763022866067
680.0 25.41266963461735 23.251467502910216
680.5 25.41461920557447 23.252178431198857
681.0 25.416577491393248 23.252889045358145
681.5 25.418549730328813 23.25360754975403
682.0 25.420507447018107 23.25432143922707
682.5 25.422427212421788 23.255032690147296
683.0 25.42435635991342 23.25574590114487
683.5 25.426302936102342 23.256469468636787
684.0 25.42826948525478 23.257185795082354
684.5 25.430232211416865 23.25789190356214
685.0 25.432167716588058 23.258629018860635
