FastTrWP/PhaseSpace/IAs/snIa_0.62_30.00_-0.57_-0.13.csv
# %ECSV 0.9
# ---
# datatype:
# - {name: time-rel, datatype: float64}
# - {name: g, datatype: float64}
# - {name: i, datatype: float64}
# schema: astropy-2.0
time-rel g i
[from data line 2018]
1137.0833333333333 25.188278246750798 22.857360432337963
1137.5833333333333 25.19090117907333 22.858452025564915
1138.0833333333333 25.19349682590226 22.859546983944497
1138.5833333333333 25.196111069595453 22.86064594612168
1139.0833333333333 25.19876344923258 22.861748720812777
1139.5833333333333 25.2014162534794 22.862834171665657
1140.0833333333333 25.20407200181152 22.863937745527267
1140.5833333333333 25.20677169133938 22.865041383194374
1141.0833333333333 25.2094452011946 22.8661437679293
1141.5833333333333 25.21214883178662 22.86724658621798
1142.0833333333333 25.214880239446806 22.86835968550203
1142.5833333333333 25.21760626148922 22.86945674073163
1143.0833333333333 25.220355730764204 22.870566794469926
1143.5833333333333 25.223125881700366 22.87166492479347
1144.0833333333333 25.22586454252508 22.872784640464637
1144.5833333333333 25.228648436978524 22.873895120435964
1145.0833333333333 25.23144811080508 22.87500290570142
1145.5833333333333 25.234248477784888 22.876116628745148
1146.0833333333333 25.237067685348237 22.87723251744542
1146.5833333333333 25.239922603525812 22.878340372467
1147.0833333333333 25.24274019566792 22.879468064959315
1147.5833333333333 25.24562424726088 22.880581536210485
1148.0833333333333 25.248487461267864 22.881690692478923
1148.5833333333333 25.251366372143732 22.882812820908768
1149.0833333333333 25.254276322446042 22.88394478055585
1149.5833333333333 25.257154316207647 22.885050123715793
1150.0833333333333 25.260088253046852 22.886180722839924
1150.5833333333333 25.263041488134675 22.887307891665184
1151.0833333333333 25.265948986892575 22.888431974684554
1151.5833333333333 25.26893269221508 22.88955603093723
1152.0833333333333 25.271907554899244 22.89067994372256
1152.5833333333333 25.274915251422026 22.89181825771555
1153.0833333333333 25.27790326638054 22.8929485353285
1153.5833333333333 25.28090943743716 22.89407352592693
1154.0833333333333 25.28390906782049 22.895206355279768
1154.5833333333333 25.286993905596503 22.89633668314987
1155.0833333333333 25.290012681344262 22.89747131990888
1155.5833333333333 25.293053157108094 22.898613273336398
1156.0833333333333 25.296139630297446 22.89974858504639
1156.5833333333333 25.299222378466574 22.900885675233297
1157.0833333333333 25.302343800006998 22.902028252206364
1157.5833333333333 25.30543560878214 22.903164598722952
1158.0833333333333 25.30857526429246 22.90431375765756
1158.5833333333333 25.3116933927365 22.905451305954845
1159.0833333333333 25.314843885653925 22.906590344148526
1159.5833333333333 25.318051974552468 22.90774278250232
1160.0833333333333 25.32118109375768 22.908895999808493
1160.5833333333333 25.324398027366964 22.910042858647152
1161.0833333333333 25.327556303802115 22.911189780043916
1161.5833333333333 25.33079927742657 22.912342409735032
1162.0833333333333 25.33402558644469 22.913486508231156
1162.5833333333333 25.337240305175477 22.914644586833397
1163.0833333333333 25.340506697540665 22.915800144678844
1163.5833333333333 25.34377742073588 22.916953832343353
1164.0833333333333 25.34705104132174 22.91810755475693
1164.5833333333333 25.350322597628747 22.919271550963902
1165.0833333333333 25.353655739278995 22.92043270018063
1165.5833333333333 25.35701506570774 22.92159658581451
1166.0833333333333 25.360411985663752 22.92275940452283
1166.5833333333333 25.363831689906533 22.92392063824623
1167.0833333333333 25.36730537316505 22.92509698981442
1167.5833333333333 25.37079083503742 22.926258031820744
1168.0833333333333 25.374307886787975 22.927438636230324
1168.5833333333333 25.37786486193326 22.928605245595346
1169.0833333333333 25.381444219853293 22.92977985530632
1169.5833333333333 25.38504538075481 22.930959991503567
1170.0833333333333 25.388679711344963 22.932140998034495
1170.5833333333333 25.39234135751621 22.933313506907837
1171.0833333333333 25.396045092476886 22.9344976396511
1171.5833333333333 25.399779226697383 22.935679276208802
1172.0833333333333 25.40351510537064 22.93686704943051
1172.5833333333333 25.40730652588216 22.93804850737134
1173.0833333333333 25.41110418516684 22.93924271417123
1173.5833333333333 25.41496491449745 22.94043380287617
1174.0833333333333 25.4187938925932 22.941626806487104
1174.5833333333333 25.422669626103207 22.942811667429496
1175.0833333333333 25.42658973442489 22.944004401982376
1175.5833333333333 25.430527500077762 22.945210580664707
1176.0833333333333 25.434458048150688 22.94640516666719
1176.5833333333333 25.438420845581945 22.947606629490174
1177.0833333333333 25.442444119140717 22.948809191071664
1177.5833333333333 25.446441060502924 22.95000098149226
1178.0833333333333 25.4504710285589 22.95120393284533
1178.5833333333333 25.45453658314013 22.952407012684958
1179.0833333333333 25.458599611400203 22.95362028671246
1179.5833333333333 25.462671538802255 22.95482477417137
1180.0833333333333 25.46680560725965 22.956024332075195
1180.5833333333333 25.470888258203658 22.957234404090855
1181.0833333333333 25.475040068550054 22.958449124805828
1181.5833333333333 25.479193569937163 22.959660857138037
1182.0833333333333 25.48334652416476 22.96087508054479
1182.5833333333333 25.48753852909162 22.962078400807087
1183.0833333333333 25.491733869054855 22.963308039248997
1183.5833333333333 25.495938903419102 22.96451656743061
1184.0833333333333 25.500167941842072 22.96573261938128
1184.5833333333333 25.504385105383427 22.966950848396305
1185.0833333333333 25.50862396659596 22.968169735959766
1185.5833333333333 25.51287156715889 22.96938405304632
1186.0833333333333 25.517113334381385 22.970621028061622
1186.5833333333333 25.521381357157395 22.97183292433107
1187.0833333333333 25.525627488153155 22.97305712161728
1187.5833333333333 25.529888383162735 22.974280425431665
1188.0833333333333 25.534161410186776 22.975500176655217
1188.5833333333333 25.538459744293185 22.976729073365686
1189.0833333333333 25.542759806882867 22.977946328535687
1189.5833333333333 25.547035244401 22.979170703832175
1190.0833333333333 25.55131236951656 22.980403925295644
1190.5833333333333 25.555579423279102 22.98163857402752
1191.0833333333333 25.559855331565725 22.982862326895685
1191.5833333333333 25.564159906584607 22.984094682404397
1192.0833333333333 25.56842134257365 22.985326154188108
1192.5833333333333 25.572689445954335 22.986557001386366
1193.0833333333333 25.57694079157903 22.98778671037871
1193.5833333333333 25.58117355249219 22.98901237364495
1194.0833333333333 25.585441748077287 22.990246286982252
1194.5833333333333 25.589666475530176 22.99146847584588
1195.0833333333333 25.593925989291666 22.992713449598796
1195.5833333333333 25.5981279298124 22.993938391461906
1196.0833333333333 25.602365843644304 22.995177059230897
1196.5833333333333 25.60653922501059 22.996403790764
1197.0833333333333 25.61071931758694 22.997646299768412
1197.5833333333333 25.614873960763997 22.99887556064823
1198.0833333333333 25.618990793245136 23.000111891061042
1198.5833333333333 25.623151429750898 23.001346246672366
1199.0833333333333 25.62727103652027 23.002582785753837
1199.5833333333333 25.631356266376358 23.003820643098663
1200.0833333333333 25.635404670168988 23.00505815950498
1200.5833333333333 25.639426839843004 23.006292820987287
1201.0833333333333 25.643468058258936 23.007530639710478
1201.5833333333333 25.64743798361998 23.008762193321083
1202.0833333333333 25.651402996387596 23.009993483993615
1202.5833333333333 25.655341273048066 23.011234976499896
1203.0833333333333 25.659242778428904 23.01247083878168
1203.5833333333333 25.663111306493406 23.013708993206055
1204.0833333333333 25.66702109725199 23.014937671116403
1204.5833333333333 25.670874117792547 23.01618237802971
1205.0833333333333 25.674749848069407 23.0174244565651
1205.5833333333333 25.67863977390354 23.018656303888573
1206.0833333333333 25.682536092054953 23.01989859778764
1206.5833333333333 25.686398293958558 23.02113080272801
1207.0833333333333 25.690236147273048 23.022383649869088
1207.5833333333333 25.694163147400882 23.023614555169097
1208.0833333333333 25.69802105608471 23.024863985886228
1208.5833333333333 25.701860297390997 23.02611186791524
1209.0833333333333 25.70576070927695 23.027350330055864
1209.5833333333333 25.709594465667177 23.02859636658351
1210.0833333333333 25.713487048912377 23.02983332033549
1210.5833333333333 25.71732751413945 23.03108345848321
1211.0833333333333 25.721168615914255 23.032335505626396
1211.5833333333333 25.725027423221217 23.033588239660425
1212.0833333333333 25.728867810126612 23.03483878961126
1212.5833333333333 25.73270604741278 23.036084339800365
1213.0833333333333 25.7365351407815 23.037337165943413
1213.5833333333333 25.740369925889638 23.03857985567155
1214.0833333333333 25.744181088188775 23.039838453300643
1214.5833333333333 25.74796499253415 23.041085377912314
1215.0833333333333 25.751787072703696 23.042343636839753
1215.5833333333333 25.75558865068144 23.043605819931674
1216.0833333333333 25.75935807001966 23.044845248685675
1216.5833333333333 25.763164091726097 23.04610530591427
1217.0833333333333 25.766956647386614 23.047364511379577
1217.5833333333333 25.770699852503718 23.048616908753328
1218.0833333333333 25.774427263960476 23.049876114744954
1218.5833333333333 25.7782257957652 23.05113073629075
1219.0833333333333 25.781977265459048 23.052386322278945
1219.5833333333333 25.78567304978995 23.053655498140348
1220.0833333333333 25.78936031511839 23.054916591757543
1220.5833333333333 25.793094683565002 23.056171923040203
1221.0833333333333 25.796786191301262 23.057438331000817
1221.5833333333333 25.800447852924776 23.058696753488057
1222.0833333333333 25.804138266772405 23.05996606924451
1222.5833333333333 25.80778513332782 23.061232656604172
1223.0833333333333 25.811422166330477 23.062485433753437
1223.5833333333333 25.815027386500464 23.063750731325033
1224.0833333333333 25.8186211223215 23.06502186522401
1224.5833333333333 25.82222567769537 23.066282577708115
1225.0833333333333 25.82580075472807 23.067553693853924
1225.5833333333333 25.829368233575813 23.068826721305523
1226.0833333333333 25.83291706860023 23.070086232411512
1226.5833333333333 25.836425765217786 23.071355210621878
1227.0833333333333 25.8399503968436 23.072617458565574
1227.5833333333333 25.843456772773095 23.07389114767675
1228.0833333333333 25.846930417714237 23.075154569435913
1228.5833333333333 25.85041270622726 23.07642904364637
1229.0833333333333 25.85380508941032 23.077711178714257
1229.5833333333333 25.85720738304002 23.07897442773689
1230.0833333333333 25.860613026335923 23.08024189824428
1230.5833333333333 25.863988290980267 23.081520496507302
1231.0833333333333 25.8673725464054 23.082796870852786
1231.5833333333333 25.870704293181568 23.084074212777285
1232.0833333333333 25.87397217820804 23.085341024963043
1232.5833333333333 25.877251187971083 23.086623656229367
1233.0833333333333 25.88051702807214 23.08789060997567
1233.5833333333333 25.883783483612156 23.08917279233103
1234.0833333333333 25.886974661507438 23.090447275806035
1234.5833333333333 25.890147966002527 23.091731281079593
1235.0833333333333 25.89329046128814 23.092996083953217
1235.5833333333333 25.896430036374664 23.094284212923487
1236.0833333333333 25.899537526198927 23.095562225543947
1236.5833333333333 25.902619206840463 23.09683625768122
1237.0833333333333 25.905653760406963 23.098117423195145
1237.5833333333333 25.908713063428372 23.099398376843222
1238.0833333333333 25.911684620692455 23.100678062806267
1238.5833333333333 25.914656388853253 23.10196063261214
1239.0833333333333 25.917571858629323 23.10324594968521
1239.5833333333333 25.920448908890314 23.104521075285632
1240.0833333333333 25.923336176405986 23.105798152072015
1240.5833333333333 25.926152928458897 23.107097839411892
1241.0833333333333 25.928973530772872 23.108374260547457
1241.5833333333333 25.93172778046664 23.10965220475333
1242.0833333333333 25.934460748479793 23.110943298465454
1242.5833333333333 25.937130432087955 23.112211767822682
1243.0833333333333 25.939837913385894 23.11350719057577
1243.5833333333333 25.942482842731145 23.114795748784054
1244.0833333333333 25.945107135522786 23.116085995871416
1244.5833333333333 25.947705102942372 23.117370333223562
1245.0833333333333 25.950298705327384 23.118654227271428
1245.5833333333333 25.952845172880128 23.119942198787342
1246.0833333333333 25.955344041940712 23.121226108220114
1246.5833333333333 25.95787052788821 23.12251643173466
1247.0833333333333 25.96032265474328 23.12381113791682
1247.5833333333333 25.962778947226713 23.125100280332855
1248.0833333333333 25.965224467111256 23.126391736761764
1248.5833333333333 25.967611718767166 23.127688166857112
1249.0833333333333 25.969966439519602 23.128977218725268
1249.5833333333333 25.97232071105751 23.13027157001915
1250.0833333333333 25.974598309623897 23.13156032255934
1250.5833333333333 25.976893767351818 23.132856544734803
1251.0833333333333 25.979163065435223 23.13414551242237
1251.5833333333333 25.98135642072329 23.135444088680256
1252.0833333333333 25.98356050598609 23.136748111409933
1252.5833333333333 25.985717465909367 23.138043643425277
1253.0833333333333 25.987829159240995 23.139334256038335
1253.5833333333333 25.98992353171258 23.14062954424316
1254.0833333333333 25.99201399972334 23.141927080887275
1254.5833333333333 25.9940256842191 23.1432413051964
1255.0833333333333 25.996065469699587 23.144528038632842
1255.5833333333333 25.998059075419256 23.145829917270945
1256.0833333333333 25.999978762123213 23.147129804619162
1256.5833333333333 26.00190239883776 23.148433139496234
1257.0833333333333 26.00380747697261 23.149741007308453
1257.5833333333333 26.005622382855616 23.151041434413933
1258.0833333333333 26.00744662825397 23.152339591172918
1258.5833333333333 26.009203910275993 23.15365083054496
1259.0833333333333 26.010941727050643 23.15494665245826
1259.5833333333333 26.012687013910757 23.156258915671724
1260.0833333333333 26.014310565983983 23.15755562062057
1260.5833333333333 26.015991816743256 23.158861199009174
1261.0833333333333 26.017581010506944 23.160170430756104
1261.5833333333333 26.01913580107254 23.161482566334676
1262.0833333333333 26.02069829237159 23.16279026797101
1262.5833333333333 26.0221806510447 23.164092822173895
1263.0833333333333 26.023663960533252 23.16539997895
1263.5833333333333 26.025102832182444 23.166696993937563
1264.0833333333333 26.026485752323325 23.168016783286184
1264.5833333333333 26.027860467836756 23.169328772298073
1265.0833333333333 26.02917078399708 23.17063598035389
1265.5833333333333 26.030432074564267 23.171952668794948
1266.0833333333333 26.03170964134927 23.173257227976155
1266.5833333333333 26.032919126541717 23.174576653840894
1267.0833333333333 26.03406474744398 23.175882922313306
1267.5833333333333 26.035219097663095 23.177193046829064
1268.0833333333333 26.036279125914945 23.178504723660236
1268.5833333333333 26.03733343387816 23.179829470153418
1269.0833333333333 26.038335041664872 23.181139752821373
1269.5833333333333 26.039317832493385 23.182455591682917
1270.0833333333333 26.04029418605551 23.183773977219563
1270.5833333333333 26.041178000579382 23.18508973442041
1271.0833333333333 26.042010071040075 23.18641064971851
1271.5833333333333 26.042851509562613 23.187724496459495
1272.0833333333333 26.04360668138102 23.189040165224654
1272.5833333333333 26.04432459972974 23.19036200504855
1273.0833333333333 26.04504031798852 23.191678822173508
1273.5833333333333 26.045652593534754 23.192992791072232
1274.0833333333333 26.04626781274565 23.19432069422956
1274.5833333333333 26.04683369682973 23.19563541012912
1275.0833333333333 26.047399190272213 23.1969568571295
1275.5833333333333 26.047839862449074 23.19828242623554
1276.0833333333333 26.048290463212705 23.199607286706954
1276.5833333333333 26.04867990088976 23.200924933585497
1277.0833333333333 26.049050383399898 23.202246893004578
1277.5833333333333 26.049358478959658 23.20357291169077
1278.0833333333333 26.04962771891596 23.204893373036942
1278.5833333333333 26.049877049540306 23.206216305688013
