FastTrWP/PhaseSpace/IAs/snIa_0.64_30.00_-0.19_0.25.csv
# %ECSV 0.9
# ---
# datatype:
# - {name: time-rel, datatype: float64}
# - {name: g, datatype: float64}
# - {name: i, datatype: float64}
# schema: astropy-2.0
time-rel g i
184.64583333333334 26.999384099996494 24.005758603313538
185.14583333333331 26.99284765933924 24.000632004378577
185.64583333333334 26.98634316088328 23.995520784945278
186.14583333333334 26.979857177363876 23.990430198613467
186.64583333333331 26.973319606803578 23.98533570085423
187.14583333333334 26.966807504322023 23.98025960653618
187.64583333333334 26.960400597771486 23.975202287794538
188.14583333333331 26.954042984626877 23.970149135766654
188.64583333333334 26.947638955120972 23.965129175657015
189.14583333333334 26.941239745483472 23.96011291010577
189.64583333333331 26.934964938158377 23.95510101589953
190.14583333333334 26.92865669523187 23.950123282349264
190.64583333333334 26.922326750852772 23.945147301725665
191.14583333333331 26.91604396685318 23.94018050988099
191.64583333333334 26.909804771925057 23.93525643386719
192.14583333333334 26.903583876205317 23.930321662393492
192.64583333333331 26.897378348330676 23.925402729061137
193.14583333333334 26.89113391371398 23.920491189801183
193.64583333333334 26.884987519512844 23.915613443399963
194.14583333333331 26.87881995926269 23.910746048316255
194.64583333333334 26.87273374559841 23.905874618722578
195.14583333333334 26.866600012208966 23.901036229921328
195.64583333333331 26.86049007256669 23.896210394975974
196.14583333333334 26.85438039941616 23.89139820457754
196.64583333333334 26.848323794541646 23.886582478081202
197.14583333333331 26.84229860244473 23.881796416063814
197.64583333333334 26.836217573115277 23.877015041179554
198.14583333333334 26.830250031797917 23.872245331355494
198.64583333333331 26.82417219070135 23.867512578553423
199.14583333333334 26.818242762724793 23.862766006727803
199.64583333333334 26.812265940160508 23.85806264583865
200.14583333333331 26.806393342774967 23.853344298396916
200.64583333333334 26.80036746066985 23.848654097901488
201.14583333333334 26.794492945723043 23.843994051292224
201.64583333333331 26.78855975275358 23.839326064316552
202.14583333333334 26.782709328878237 23.834677851380643
202.64583333333334 26.776799351219932 23.8300342973584
203.14583333333331 26.7709852330144 23.82541294788904
203.64583333333334 26.765106041289272 23.820808657227566
204.14583333333334 26.75924992507563 23.816208954346173
204.64583333333331 26.753430530295233 23.811630784638314
205.14583333333334 26.74765147759964 23.807073891164606
205.64583333333334 26.741845291533757 23.802506152439
206.14583333333331 26.73603045351953 23.797969133800812
206.64583333333334 26.730291544442636 23.7934605795914
207.14583333333334 26.72450940129657 23.788942346381063
207.64583333333331 26.718745718082534 23.784443172391168
208.14583333333334 26.71304210794522 23.779960046288885
208.64583333333334 26.707317666166116 23.775504794499614
209.14583333333331 26.701631765293143 23.771034843157224
209.64583333333334 26.695939035945084 23.766598056443257
210.14583333333334 26.69024129978389 23.762177936635304
210.64583333333331 26.68456153766003 23.757753115866773
211.14583333333334 26.67890939216893 23.75336069098564
211.64583333333334 26.67324461752029 23.748974145460508
212.14583333333331 26.667564001259056 23.744594824617103
212.64583333333334 26.661951741869004 23.740239535443088
213.14583333333334 26.656347042298215 23.735903873499012
213.64583333333331 26.650739603997625 23.731558473325613
214.14583333333334 26.645145218166007 23.727257598167068
214.64583333333334 26.639515049866674 23.722930851225605
215.14583333333331 26.633922197731916 23.71865152539874
215.64583333333334 26.628333909919697 23.714363342286088
216.14583333333334 26.622807328524857 23.710099562546816
216.64583333333331 26.617192727323776 23.70585884379624
217.14583333333334 26.611695051841544 23.701601094475894
217.64583333333334 26.606121486061536 23.697380565733972
218.14583333333331 26.600617800619027 23.693182116364362
218.64583333333334 26.595089633442388 23.688965892239505
219.14583333333334 26.58958730811037 23.68479015470197
219.64583333333331 26.58406202659637 23.68060132449866
220.14583333333334 26.57851422270982 23.676450857226627
220.64583333333334 26.57309292894851 23.67232304825599
221.14583333333331 26.56756532657877 23.668176214087687
221.64583333333334 26.56210305048743 23.664061268985233
222.14583333333334 26.55665502169591 23.659962634013464
222.64583333333331 26.551157488927547 23.65585066869679
223.14583333333334 26.545701306360687 23.65178323511138
223.64583333333334 26.54028426367323 23.647706337964827
224.14583333333331 26.534893577738124 23.643664094352456
224.64583333333334 26.529429205783117 23.639626044915513
225.14583333333334 26.52403535267766 23.635587838281538
225.64583333333331 26.5186260843694 23.63157366941674
226.14583333333334 26.513199013071667 23.627563366797048
226.64583333333334 26.507876062242886 23.62355633895376
227.14583333333331 26.50249828568552 23.619588314579467
227.64583333333334 26.49710624212879 23.615607459040618
228.14583333333334 26.491758155107007 23.611639215039816
228.64583333333331 26.486455509868215 23.607680081576532
229.14583333333334 26.481121941617182 23.60373663919112
229.64583333333334 26.475804854111868 23.599818720059616
230.14583333333331 26.470505062717933 23.595904961767808
230.64583333333334 26.465234822330586 23.591991929986207
231.14583333333334 26.45992628419019 23.588086912015104
231.64583333333331 26.454632360739744 23.58419641805949
232.14583333333334 26.449383962512716 23.580330025099975
232.64583333333334 26.444148613042586 23.57646436513574
233.14583333333334 26.438926646507255 23.572606950323877
233.64583333333334 26.4336725660092 23.568747204270352
234.14583333333334 26.428452571212553 23.564924057208366
234.64583333333334 26.423250595890263 23.56109397921083
235.14583333333334 26.418046480217736 23.55727273064503
235.64583333333334 26.412826467122787 23.55347075148261
236.14583333333334 26.407651855650535 23.549671526594476
236.64583333333334 26.402547321014143 23.545880719609386
237.14583333333334 26.397379458036458 23.542112059655494
237.64583333333334 26.392220454707555 23.538344095656942
238.14583333333334 26.387080653766354 23.534580583129387
238.64583333333334 26.381939678220757 23.53083391137882
239.14583333333334 26.376836401499677 23.52710842395487
239.64583333333334 26.371707213365035 23.5233607647887
240.14583333333334 26.36665225140095 23.519644595949288
240.64583333333334 26.361565923859025 23.515925999565187
241.14583333333334 26.356456575934022 23.512223871772306
241.64583333333334 26.351367178199432 23.508539899513163
242.14583333333334 26.346306641253147 23.50484987640411
242.64583333333334 26.341271584317873 23.501165163055223
243.14583333333334 26.336254441738536 23.497501770972974
243.64583333333334 26.33122617234431 23.493840723817783
244.14583333333334 26.32618948271982 23.490182771698407
244.64583333333334 26.321148584704986 23.48655761013807
245.14583333333334 26.316199063257034 23.48291782915108
245.64583333333334 26.31124735135006 23.479284793226615
246.14583333333334 26.306234026507834 23.475671567158102
246.64583333333334 26.301263098777056 23.47206201252864
247.14583333333334 26.296317021535476 23.468459518892022
247.64583333333334 26.291343176918588 23.464875610134655
248.14583333333334 26.286410011270142 23.461281656057732
248.64583333333334 26.281444244543806 23.457710058260254
249.14583333333334 26.276552980607807 23.45412913409739
249.64583333333334 26.271629179028018 23.450579070461004
250.14583333333334 26.266730563478173 23.447028312859622
250.64583333333334 26.26183583202743 23.443488186308727
251.14583333333334 26.25692144527185 23.4399309443109
251.64583333333334 26.25207520613551 23.436421935496487
252.14583333333334 26.24723752318002 23.432890151079185
252.64583333333334 26.24231943946811 23.42938116059946
253.14583333333334 26.237479890399484 23.42585870521926
253.64583333333334 26.232658068979507 23.422361229108514
254.14583333333334 26.227807242530798 23.418861287475888
254.64583333333334 26.22295421412194 23.41539070220419
255.14583333333334 26.218188139378277 23.41190406065224
255.64583333333334 26.21339132354603 23.408433896359384
256.1458333333333 26.208572745394328 23.404973273824552
256.6458333333333 26.203780620379412 23.401511589753824
257.1458333333333 26.198992346770996 23.39805893008215
257.6458333333333 26.194231238823736 23.394618050939926
258.1458333333333 26.1894844498659 23.39118413303509
258.6458333333333 26.18470948306953 23.38775593487501
259.1458333333333 26.180002385457136 23.38432637703289
259.6458333333333 26.175228271253708 23.380913088657607
260.1458333333333 26.17051097252979 23.377506181132347
260.6458333333333 26.165774901298278 23.374105900715367
261.1458333333333 26.16108874399625 23.37070430342244
261.6458333333333 26.15635832846193 23.36731854133181
262.1458333333333 26.151668408897052 23.36393243818609
262.6458333333333 26.14697296863543 23.36055274865783
263.1458333333333 26.142351349368965 23.357184285535947
263.6458333333333 26.137674549648832 23.353826709193477
264.1458333333333 26.132989605666932 23.35047107403441
264.6458333333333 26.12837012848982 23.34711788653776
265.1458333333333 26.12371167954152 23.343786485981383
265.6458333333333 26.119081422262454 23.340444181638816
266.1458333333333 26.114468771112215 23.337122324848835
266.6458333333333 26.109863355116765 23.333804930637044
267.1458333333333 26.105264922450214 23.33048688170653
267.6458333333333 26.100663041565127 23.32719053865012
268.1458333333333 26.096090933423536 23.323893083444123
268.6458333333333 26.091504512448314 23.320607594054845
269.1458333333333 26.08691844400887 23.317320031704895
269.6458333333333 26.082397735583164 23.314039701001427
270.1458333333333 26.077839773529092 23.310777707274024
270.6458333333333 26.073279656740795 23.307512547239142
271.1458333333333 26.068741767792222 23.304248641111446
271.6458333333333 26.064241266226468 23.301012334969165
272.1458333333333 26.059732473507587 23.297760571678733
272.6458333333333 26.05520786782115 23.294522628411613
273.1458333333333 26.050688861234214 23.291290512404164
273.6458333333333 26.046217589916093 23.288063051587123
274.1458333333333 26.04173319083499 23.284842735840783
274.6458333333333 26.037259476941248 23.281641742783158
275.1458333333333 26.032819742087824 23.278439807819137
275.6458333333333 26.028330713289346 23.275238055878393
276.1458333333333 26.023893012597803 23.272033844837257
276.6458333333333 26.0194363256728 23.268846380241087
277.1458333333333 26.01503667888001 23.26567647578555
277.6458333333333 26.01056279727066 23.262506040806876
278.1458333333333 26.006210351998934 23.259331931400823
278.6458333333333 26.00173218760785 23.25616300958898
279.1458333333333 25.997356790294425 23.253014733290144
279.6458333333333 25.992951998299233 23.249864975263446
280.1458333333333 25.988572834293464 23.246712510160958
280.6458333333333 25.98419099215848 23.243583505009454
281.1458333333333 25.979810182353397 23.24043388871911
281.6458333333333 25.975460635290585 23.23731985614913
282.1458333333333 25.97111129170324 23.234188109289704
282.6458333333333 25.966747290533057 23.231065987022813
283.1458333333333 25.962451962866616 23.22796248562075
283.6458333333333 25.958064489045555 23.224855770831386
284.1458333333333 25.953732816741095 23.22174105407218
284.6458333333333 25.94943448362274 23.218649937818846
285.1458333333333 25.945096873194 23.215555932903964
285.6458333333333 25.94078255320507 23.212483100875207
286.1458333333333 25.93646817891233 23.209403351497908
286.6458333333333 25.93215474247705 23.20631972896596
287.1458333333333 25.927858261127533 23.203253279150275
287.6458333333333 25.923606874136226 23.20018542597834
288.1458333333333 25.919349145158655 23.197121073553717
288.6458333333333 25.915087698676512 23.194071729677606
289.1458333333333 25.910810761333995 23.191027062828255
289.6458333333333 25.90655900147146 23.18798382900392
290.1458333333333 25.902289542685295 23.18494027494685
290.6458333333333 25.898077445453108 23.18189934497998
291.1458333333333 25.8938552399919 23.178868277591057
291.6458333333333 25.889592796707515 23.175859302458047
292.1458333333333 25.885355325260665 23.172833574745543
292.6458333333333 25.881160239931926 23.169811601956802
293.1458333333333 25.87696931197633 23.166798560945555
293.6458333333333 25.87277188438 23.163786229530118
294.1458333333333 25.868543729042386 23.160798958731476
294.6458333333333 25.864360025575422 23.15779341515878
295.1458333333333 25.860203182994805 23.15478354906108
295.6458333333333 25.85601657746649 23.151810200742673
296.1458333333333 25.851819362085998 23.148822707785556
296.6458333333333 25.847661716509652 23.145855335878203
297.1458333333333 25.84350804458908 23.142867698890043
297.6458333333333 25.83935275650571 23.139898789045
298.1458333333333 25.83521957001855 23.136931817313794
298.6458333333333 25.831086136005794 23.133973846403855
299.1458333333333 25.82692228775234 23.131014708923132
299.6458333333333 25.82279046928905 23.128062579029198
300.1458333333333 25.818694866990867 23.125102213548182
300.6458333333333 25.814592185930486 23.122153241678603
301.1458333333333 25.81043339872446 23.119219036648065
301.6458333333333 25.806322411558558 23.116274389153887
302.1458333333333 25.802281214643124 23.113349864806473
302.6458333333333 25.798156885107616 23.110422934639885
303.1458333333333 25.79405368150742 23.107494160079725
303.6458333333333 25.79000803456614 23.104575692213952
304.1458333333333 25.785922592994098 23.101659020668674
304.6458333333333 25.781867409639418 23.09875163784296
305.1458333333333 25.777806042449065 23.095842756785217
305.6458333333333 25.773734547887862 23.09293922185477
306.1458333333333 25.769710671834552 23.0900474509254
306.6458333333333 25.765673355202416 23.08716298601565
307.1458333333333 25.761620559946735 23.084264878656235
307.6458333333333 25.75760296377613 23.08139061275139
308.1458333333333 25.753599674447614 23.078512904082103
308.6458333333333 25.749571736152998 23.075646079740345
309.1458333333333 25.745572677120144 23.072769158055134
309.6458333333333 25.74158191050153 23.069905827131375
310.1458333333333 25.73761510644605 23.06704840405274
310.6458333333333 25.733561729592836 23.06419836154237
311.1458333333333 25.729623033984275 23.061339020090653
311.6458333333333 25.72562030319405 23.05849511215658
312.1458333333333 25.721668712370665 23.05565730678841
312.6458333333333 25.717735575656597 23.052825980728752
313.1458333333333 25.713754375689643 23.049998275957307
313.6458333333333 25.709821215255445 23.047162863854652
314.1458333333333 25.705865263524586 23.044339582154265
314.6458333333333 25.701913476152306 23.041516575940356
315.1458333333333 25.697989734351378 23.038707517628602
315.6458333333333 25.694063513955218 23.035890099093905
316.1458333333333 25.69016218441223 23.033085267818343
316.6458333333333 25.68620912051694 23.0302877795613
317.1458333333333 25.682307107971496 23.027480776408066
317.6458333333333 25.678419608174114 23.024684468195925
318.1458333333333 25.674531917137102 23.021893375713493
318.6458333333333 25.670636944727736 23.019109642990013
319.1458333333333 25.666740735601962 23.016324240781366
319.6458333333333 25.66288174437666 23.013549602139758
320.1458333333333 25.658987734078558 23.010766239531947
320.6458333333333 25.655127825390647 23.00800001868594
321.1458333333333 25.651268305540036 23.005221080788765
321.6458333333333 25.647423414440425 23.00246742851248
322.1458333333333 25.643569768219685 22.999703772646697
322.6458333333333 25.639719741392334 22.996948999421647
323.1458333333333 25.635888485216253 22.994189433802042
323.6458333333333 25.632058117465085 22.9914516755467
324.1458333333333 25.628237791161066 22.98870115908272
324.6458333333333 25.624422550028104 22.985960334882506
325.1458333333333 25.620583153571303 22.983209495447365
325.6458333333333 25.616779968280703 22.980488566402116
326.1458333333333 25.61295791192178 22.977748279226
326.6458333333333 25.609194600179087 22.97502680051807
327.1458333333333 25.605364995671938 22.972311068416765
