FastTrWP/PhaseSpace/IAs/snIa_0.63_30.00_0.22_-0.06.csv
# %ECSV 0.9
# ---
# datatype:
# - {name: time-rel, datatype: float64}
# - {name: g, datatype: float64}
# - {name: i, datatype: float64}
# schema: astropy-2.0
time-rel g i
96.9375 26.995742211148848 25.255924069603815
97.43749999999999 26.983689425281266 25.24635122647377
97.9375 26.971589468482353 25.236808037409467
98.4375 26.95965625037592 25.227293929058696
98.93749999999999 26.94775797378748 25.217838899441873
99.4375 26.93596709212951 25.208409975391888
99.9375 26.924142056379896 25.199005039501763
100.43749999999999 26.912492654837344 25.189675552342422
100.9375 26.900864964993914 25.180370283518986
101.4375 26.889295431731163 25.171118005623896
101.93749999999999 26.87780007624029 25.161903619152053
102.4375 26.866366633763615 25.152716452659153
102.9375 26.85501060509372 25.14356309320886
103.43749999999999 26.843749123224182 25.134477476186532
103.9375 26.83248740619352 25.125439920963654
104.4375 26.821367408791872 25.116425299959445
104.9375 26.81026000218644 25.107461825705933
105.4375 26.799218727958696 25.098512888602507
105.9375 26.788269634548136 25.089628528297414
106.4375 26.777312572124554 25.080813981222285
106.9375 26.76651256383746 25.07201924936527
107.4375 26.755735780889843 25.06324626029041
107.9375 26.745093527819364 25.054530805574323
108.4375 26.734462918524446 25.045878482256438
108.9375 26.723866317004266 25.037217848132975
109.4375 26.713349837462196 25.028658680775457
109.9375 26.702911861170545 25.020091072535536
110.4375 26.692465618952326 25.0116069190507
110.9375 26.682132632629813 25.003098547020105
111.4375 26.671873446501007 24.994648012084006
111.9375 26.66163446758652 24.986213861199683
112.4375 26.651348156596427 24.977800562109685
112.9375 26.641131569076872 24.969435327768963
113.4375 26.630968420297005 24.96106338739338
113.9375 26.62087062667226 24.952749460656307
114.4375 26.610746171080986 24.944421613649986
114.9375 26.60069235888548 24.93614166036059
115.4375 26.590734473268824 24.927875111069937
115.9375 26.580781321693763 24.919635240770287
116.4375 26.570822046099178 24.911415116178397
116.9375 26.560958811466957 24.903241772781378
117.4375 26.551072962857305 24.89507137600105
117.9375 26.54128471945766 24.886941521564005
118.4375 26.531491304692082 24.87884904038227
118.9375 26.52174778666593 24.87075147655907
119.4375 26.512096652910305 24.862690165382485
119.9375 26.502435078207675 24.854653084061624
120.4375 26.49281315145994 24.846648300483835
120.9375 26.483267643780998 24.838685641060074
121.4375 26.473750523932797 24.830734034356105
121.9375 26.464223782464305 24.822812524288462
122.4375 26.454771008960254 24.814915765177844
122.9375 26.445369165375247 24.807052129922027
123.4375 26.43600804998328 24.79918919199711
123.9375 26.42666935816786 24.791403881406715
124.4375 26.417397049785265 24.783613567842
124.9375 26.408093251840675 24.775838341546077
125.4375 26.398923808908272 24.768118742666214
125.9375 26.389762961764035 24.760422466742902
126.4375 26.380635412100858 24.75273449030771
126.9375 26.37154574037726 24.74509411429917
127.4375 26.362530753982924 24.737475695719063
127.9375 26.353503584573428 24.72987801378494
128.4375 26.344560076028635 24.722337932997767
128.9375 26.33563846303361 24.71478440438974
129.4375 26.326729691922615 24.707278499256923
129.9375 26.317848082670807 24.699807826157084
130.4375 26.309058660697964 24.692333257719774
130.9375 26.300327121528436 24.684915733455206
131.4375 26.2916018946785 24.677515822048623
131.9375 26.282897527753857 24.67015734255621
132.4375 26.2742679736156 24.66282908271274
132.9375 26.26565583347945 24.655498616436432
133.4375 26.257102146665446 24.64821672867449
133.9375 26.24854009710688 24.640945871627935
134.4375 26.240074484514814 24.633752135150004
134.9375 26.23161299664418 24.626547925039176
135.4375 26.223238541351584 24.61935854517034
135.9375 26.214841009899317 24.612228670017696
136.4375 26.206501555714592 24.60509865757747
136.9375 26.198211293324604 24.59801802287764
137.4375 26.18994792181635 24.5909761452579
137.9375 26.181777109703937 24.583938925592225
138.4375 26.17358972394792 24.576938730545667
138.9375 26.165445692346047 24.569971387326106
139.4375 26.15734907659869 24.563024224670443
139.9375 26.149316790278423 24.55610819372651
140.4375 26.14126906390213 24.549230622391423
140.9375 26.133292631332775 24.542348389594345
141.4375 26.125325929403434 24.535533450114116
141.9375 26.117420889645665 24.528699262320274
142.4375 26.109526475586446 24.52192457606838
142.9375 26.10173659137274 24.51517452539774
143.4375 26.09395250790461 24.50845061705566
143.9375 26.086172070444565 24.501747621099984
144.4375 26.07848012796999 24.49507540612856
144.9375 26.070776443560963 24.488422683934097
145.4375 26.06315878887444 24.481823554060046
145.9375 26.055502240103515 24.475231616903056
146.4375 26.047960112032733 24.46868341229628
146.9375 26.04041745572492 24.462141860905724
147.4375 26.03285960485617 24.45563948410104
147.9375 26.025459535072116 24.44916337221222
148.4375 26.018026682756933 24.442693224894008
148.9375 26.010620584211924 24.43627935873385
149.4375 26.003249263650062 24.429891786803047
149.9375 25.995935433956262 24.423515485520287
150.4375 25.988640438639734 24.41714815938846
150.9375 25.981365223871077 24.4107941470562
151.4375 25.974160729076154 24.404469150430238
151.9375 25.966944180122972 24.398161036632764
152.4375 25.959741970505135 24.391864435822303
152.9375 25.952581402572477 24.38557226053604
153.4375 25.94546812579314 24.37931491601216
153.9375 25.9383731563624 24.37306956362204
154.4375 25.93128756472479 24.366832085184534
154.9375 25.924209963617166 24.36061675456616
155.4375 25.917201655588457 24.354423093946412
155.9375 25.910247084106114 24.34825156665888
156.4375 25.9032729219423 24.34207503286947
156.9375 25.896339605616138 24.335946568563884
157.4375 25.889395057602638 24.329801416669103
157.9375 25.88250507347116 24.323701825847174
158.4375 25.875638040634836 24.317609128193133
158.9375 25.86880502135454 24.3115504946069
159.4375 25.86198680303978 24.305486726319888
159.9375 25.85521615694285 24.29945598810278
160.4375 25.8484214692996 24.293444879670467
160.9375 25.841697384885936 24.28743419776691
161.4375 25.834964089832745 24.281470448294865
161.9375 25.82826448129891 24.275496742140398
162.4375 25.82160414984347 24.26956206280036
162.9375 25.81496285769587 24.263633000336977
163.4375 25.80833146707758 24.25773741650685
163.9375 25.80171798725082 24.251859913354764
164.4375 25.795152561605114 24.245988482627098
164.9375 25.7886008038084 24.240131885211134
165.4375 25.78207598854213 24.234309394284466
165.9375 25.775553027121234 24.228495365054464
166.4375 25.769087130071398 24.222714611738205
166.9375 25.76260554081328 24.21694460727169
167.4375 25.756151086265753 24.211195316657292
167.9375 25.749744230441223 24.205464176538545
168.4375 25.74335663251155 24.199749857679333
168.93749999999997 25.73696598462288 24.1940659526874
169.4375 25.730629375078937 24.18839545961374
169.9375 25.72428321554004 24.18274352534474
170.43749999999997 25.71794136530076 24.177102327182723
170.9375 25.71165819756516 24.171505090030752
171.4375 25.705385535869212 24.16590230934205
171.93749999999997 25.699134036365212 24.1603203077926
172.4375 25.69291373218501 24.154768993808247
172.9375 25.68668393640865 24.14923858287327
173.43749999999997 25.680488438451896 24.14373361715091
173.9375 25.674348041531353 24.138246536462
174.4375 25.668170903963762 24.132786272610186
174.93749999999997 25.662068416344233 24.12732321830154
175.4375 25.655925601906766 24.12187804750971
175.9375 25.649817694792848 24.116483250735747
176.43749999999997 25.643765143569134 24.111084723976617
176.9375 25.637716867373857 24.105717330743992
177.4375 25.631655816933815 24.10035038277449
177.93749999999997 25.625665093674307 24.095013851435446
178.4375 25.619638762207607 24.089727390277382
178.9375 25.613667773192365 24.084428081363892
179.43749999999997 25.607698578490854 24.07915198318549
179.9375 25.601751173819437 24.073906678552603
180.4375 25.59583366536867 24.068676318628558
180.93749999999997 25.5899279040704 24.06346546383331
181.4375 25.5840331718218 24.058270748555138
181.9375 25.57818778795191 24.053106610288747
182.43749999999997 25.572285942244683 24.047964355544103
182.9375 25.56646226648771 24.04283054630113
183.4375 25.56065124887168 24.037728252402225
183.93749999999997 25.55485914660604 24.032635673669645
184.4375 25.54905554403313 24.027564328298794
184.9375 25.543280321663172 24.02252161925562
185.43749999999997 25.53754245055133 24.0174931093063
185.9375 25.531805160586927 24.012485782549216
186.4375 25.526084039875144 24.007503345391974
186.93749999999997 25.520388632363613 24.002526411646347
187.4375 25.514674609765173 23.99757305510507
187.9375 25.50904080504422 23.992661975828277
188.43749999999997 25.503365148964452 23.98775127672133
188.9375 25.497721980072335 23.982853034232903
189.4375 25.492122608601044 23.977980320924313
189.93749999999997 25.48650327030181 23.97311670557153
190.4375 25.480957877731786 23.96826243622938
190.9375 25.475380101595974 23.96342938466772
191.43749999999997 25.469854442191867 23.95860707715117
191.9375 25.464301255633433 23.95378474789481
192.4375 25.45880722471108 23.948987218057503
192.93749999999997 25.453313826957146 23.944186701144886
193.4375 25.447835700612327 23.939423614963836
193.9375 25.442352613807586 23.934663392998125
194.43749999999997 25.436946037337577 23.929910140802267
194.9375 25.431498982611078 23.92518400072641
195.4375 25.426078293767308 23.92043596477412
195.93749999999997 25.420681830769333 23.915751909856144
196.4375 25.41531667155562 23.911048050546032
196.9375 25.409942993683536 23.906363536067357
197.43749999999997 25.404612649095576 23.901704142344748
197.9375 25.399261008373756 23.897048021120412
198.4375 25.39393000728314 23.89239783028178
198.93749999999997 25.38860114582203 23.887764592008832
199.4375 25.383298568880058 23.88315051512744
199.9375 25.378054386672915 23.878548866478432
200.43749999999997 25.372791817095436 23.873955963589182
200.9375 25.367553328208892 23.86937612959413
201.4375 25.362316239822103 23.86481888871234
201.93749999999997 25.357073310992618 23.860266585433976
202.4375 25.351883486556886 23.855736430286385
202.9375 25.34669814569878 23.851227517279554
203.43749999999997 25.341489948658385 23.84670867267399
203.9375 25.336332189350234 23.842219948093128
204.4375 25.33117538571534 23.837741221952328
204.93749999999997 25.32604138586972 23.833264505191334
205.4375 25.320887444781313 23.828815161346938
205.9375 25.31576873748126 23.82437651654776
206.43749999999997 25.31068479680574 23.819943164812255
206.9375 25.305584293937 23.81554857371868
207.4375 25.300518443230196 23.811139071542804
207.93749999999997 25.295433390697998 23.80675278777734
208.4375 25.29039558930091 23.802387855697695
208.9375 25.28534240465298 23.798027618824054
209.43749999999997 25.2802986189007 23.793692695950547
209.9375 25.275302303062283 23.789368504810128
210.4375 25.270286349112347 23.78506015116864
210.93749999999997 25.26527428229641 23.780753618702807
211.4375 25.260299209577845 23.776452183053685
211.9375 25.255307136559395 23.77219497373882
212.43749999999997 25.250351127014934 23.767937421036503
212.9375 25.245400912540184 23.76369309084947
213.4375 25.240494908269962 23.759464984126563
213.93749999999997 25.235515835305723 23.755246997924488
214.4375 25.23060519940437 23.751044291471587
214.9375 25.225679351374367 23.746862855677016
215.43749999999997 25.22079180045168 23.74268743565706
215.9375 25.215904731547134 23.73852990482726
216.4375 25.211016384076977 23.734377589341634
216.93749999999997 25.2061356762318 23.730246278496615
217.4375 25.201298663828222 23.726131187620663
217.9375 25.19643873903968 23.72203464071806
218.43749999999997 25.19159886623022 23.717939904843522
218.9375 25.1867734717288 23.713856713550175
219.4375 25.18195289950887 23.70980772617444
219.93749999999997 25.177151754865786 23.70575581510375
220.4375 25.17232791553399 23.70174082089774
220.9375 25.167532703982303 23.697712505934803
221.43749999999997 25.162758637536626 23.693709191021867
221.9375 25.15799777427022 23.689715749796733
222.4375 25.153204324873887 23.685745617490145
222.93749999999997 25.148478383044864 23.681773919373533
223.4375 25.143705740945855 23.677830517024596
223.9375 25.138963194562926 23.67390930444064
224.43749999999997 25.13424723289003 23.669987398412445
224.9375 25.129523504579552 23.666082746012925
225.4375 25.124803880150715 23.662188045608758
225.93749999999997 25.120092371181993 23.65831603725106
226.4375 25.11539232476544 23.65444931952657
226.9375 25.110731364616047 23.650612284948455
227.43749999999997 25.106015576472252 23.646781123441563
227.9375 25.101377379281015 23.64294271110513
228.4375 25.09669552130633 23.63915448478099
228.93749999999997 25.09204158409674 23.63535037544514
229.4375 25.087394189271876 23.631558358217223
229.9375 25.08274861595043 23.62779186381514
230.43749999999997 25.07814178543347 23.62402413727427
230.9375 25.073526850737892 23.620292854854405
231.4375 25.068922069621067 23.616544616255865
231.93749999999997 25.06431781376774 23.612821284984975
232.4375 25.05974183161267 23.609103153929713
232.9375 25.055171553996377 23.605407612750845
233.4375 25.0506124763197 23.601716228714867
233.9375 25.04605180897378 23.598030121896684
234.4375 25.041494650074092 23.59436658711653
234.9375 25.03696137695302 23.59069998086699
235.4375 25.032414306577895 23.587070530571758
235.9375 25.027907612979696 23.58341779603357
236.4375 25.02339469514807 23.57979521460762
236.9375 25.018906371311576 23.576168514812572
237.4375 25.01440413935111 23.572567028507642
237.9375 25.009944317654252 23.568975008150094
238.4375 25.00546139017864 23.56539567645948
238.9375 25.00098504934057 23.561815588384075
239.4375 24.996540586046294 23.558260744641487
239.9375 24.99210141179951 23.55469505558897
240.4375 24.98764917580361 23.551145534906052
240.9375 24.98322151547081 23.54762567146564
241.4375 24.978788219318723 23.544087357935148
241.9375 24.974394467499245 23.540580051841218
242.4375 24.969978979693323 23.537070132662926
242.9375 24.965581930602884 23.53357509050111
243.4375 24.961187921160686 23.530096599996067
243.9375 24.956834824727974 23.52661397218369
244.4375 24.952451093398462 23.523150941862227
244.9375 24.948087564671006 23.519675844933392
245.4375 24.943720418868264 23.516247552431132
245.9375 24.939375386587955 23.512792925298413
246.4375 24.93503988819414 23.509358775559317
246.9375 24.93071482656752 23.505932327548447
247.4375 24.926411395298857 23.50251709116111
247.9375 24.922078207356297 23.49912490844111
248.4375 24.917788454221256 23.495713439823554
248.9375 24.91347295906688 23.49233691579284
249.4375 24.909171123001133 23.48894451630597
249.9375 24.904904177375027 23.485576890513514
250.4375 24.90062245142887 23.482210698725233
250.9375 24.896368614125844 23.47885947978138
251.4375 24.89210180416879 23.4755169629033
251.9375 24.887867938287766 23.472166060454352
252.4375 24.88361152428911 23.46883614021529
252.9375 24.87937061853058 23.465522753187045
253.4375 24.87514975882453 23.46220532545661
253.9375 24.87092650359947 23.458891042160452
254.4375 24.866712520672326 23.455598301222853
254.9375 24.862509622049103 23.452304840655913
255.4375 24.858302659907178 23.449019605489106
255.9375 24.854126866868622 23.4457442111654
256.4375 24.84993633916592 23.442468049094124
256.9375 24.845760060848733 23.439211333592674
257.4375 24.841581998815307 23.43595446735855
257.9375 24.837430085177097 23.432698696073402
258.4375 24.833277347804742 23.42947064006782
258.9375 24.829117387789104 23.426229977812646
259.4375 24.82498227281768 23.423002679089706
259.9375 24.82086850039358 23.41978770994263
260.4375 24.81674338481315 23.416580968541766
260.9375 24.812604400923245 23.413368895462717
261.4375 24.808510714415934 23.41017523441725
261.9375 24.804391817399175 23.406985974594818
262.4375 24.8003075029525 23.403806028542306
262.9375 24.79620101937369 23.400625068405784
263.4375 24.792136709278747 23.397450373807892
263.9375 24.788043665004814 23.394285885348005
264.4375 24.783975556500586 23.391132105394984
