FastTrWP/PhaseSpace/IAs/snIa_0.34_30.00_-1.31_0.05.csv
# %ECSV 0.9
# ---
# datatype:
# - {name: time-rel, datatype: float64}
# - {name: g, datatype: float64}
# - {name: i, datatype: float64}
# schema: astropy-2.0
time-rel g i
[from data line 1447]
972.0208333333333 23.854629880382934 22.74724455804323
972.5208333333334 23.856820959729518 22.748455429073108
973.0208333333334 23.85900932890449 22.749667419481696
973.5208333333333 23.86118330547061 22.75087972399957
974.0208333333334 23.863370800826157 22.752087657359958
974.5208333333334 23.86554424883179 22.753302941149812
975.0208333333333 23.867727757560424 22.754502366540553
975.5208333333334 23.86992230057865 22.755703606216123
976.0208333333334 23.872105520292276 22.756899640022414
976.5208333333333 23.874296368555395 22.758102858194658
977.0208333333334 23.876481198286395 22.759300518580083
977.5208333333334 23.87865134106249 22.7604769249754
978.0208333333333 23.880862572839852 22.76168038747794
978.5208333333334 23.883044228468048 22.762856015105
979.0208333333334 23.885231596205735 22.76404530630075
979.5208333333333 23.88741582081075 22.76522495732749
980.0208333333334 23.88961916142625 22.76640975025964
980.5208333333334 23.891804007490745 22.76757573258103
981.0208333333333 23.894016120594813 22.768744381458337
981.5208333333334 23.89617624551429 22.76990863826494
982.0208333333334 23.898380987524828 22.77106769625884
982.5208333333333 23.9005686140586 22.772237876034794
983.0208333333334 23.902759269398445 22.773394347360032
983.5208333333334 23.90496527394149 22.7745458280511
984.0208333333333 23.907151663255345 22.775705286159354
984.5208333333334 23.90935294129666 22.776846155836957
985.0208333333334 23.911544198936966 22.778001052068916
985.5208333333333 23.913743060062018 22.779147486386236
986.0208333333334 23.91595056305379 22.780289509837765
986.5208333333334 23.918145302740157 22.78143410404178
987.0208333333333 23.9203461787284 22.78258485892898
987.5208333333334 23.922533809387655 22.78372110533043
988.0208333333334 23.92474784507689 22.78485862064013
988.5208333333333 23.92693264289742 22.78599959784983
989.0208333333334 23.929135188555488 22.78713301358206
989.5208333333334 23.931356258663833 22.788272417595632
990.0208333333333 23.933551274062914 22.78940226034006
990.5208333333334 23.93575918580399 22.790526464163833
991.0208333333334 23.937952760812994 22.791653397924925
991.5208333333333 23.9401623558847 22.79277882148365
992.0208333333334 23.94236915979178 22.79390050902372
992.5208333333334 23.944583145491784 22.79502149130638
993.0208333333333 23.94678336856668 22.7961461811115
993.5208333333334 23.949009696369778 22.797257885684274
994.0208333333334 23.95121747812009 22.798379923476922
994.5208333333333 23.9534334043657 22.7994911982419
995.0208333333334 23.95565466286488 22.80060043879731
995.5208333333334 23.957866220706418 22.80171570344838
996.0208333333333 23.960083753968938 22.8028209890725
996.5208333333334 23.96229401575431 22.803932094519098
997.0208333333334 23.964507843871495 22.805035012442197
997.5208333333334 23.96671763288968 22.806136660645926
998.0208333333334 23.968971740511257 22.807233597205002
998.5208333333334 23.97117811412752 22.8083365602871
999.0208333333334 23.973400507156303 22.809433281078043
999.5208333333334 23.975629780323644 22.81053022678949
1000.0208333333334 23.97784455066141 22.811615478555332
1000.5208333333334 23.980078646151036 22.812708852990504
1001.0208333333334 23.982297193093963 22.813800499940943
1001.5208333333334 23.984522449243507 22.814891731364128
1002.0208333333334 23.986759479522533 22.815977648306834
1002.5208333333334 23.988994974099928 22.817061697398486
1003.0208333333334 23.99121622176423 22.81815041539076
1003.5208333333334 23.993455461653355 22.819229872358978
1004.0208333333334 23.99569966114997 22.820308111337788
1004.5208333333334 23.99792676482423 22.82139012923966
1005.0208333333334 24.000166821328474 22.82246100332818
1005.5208333333334 24.002412271574233 22.82353278596938
1006.0208333333334 24.004636261696692 22.824611557591318
1006.5208333333334 24.00688644852241 22.825677340172525
1007.0208333333334 24.009126023959865 22.82674996060328
1007.5208333333334 24.01136952558388 22.827816083973715
1008.0208333333334 24.013633219593565 22.82888127697995
1008.5208333333334 24.015874718680923 22.829948105124128
1009.0208333333334 24.018128397054998 22.831011645963496
1009.5208333333334 24.020372027247056 22.832061621007725
1010.0208333333334 24.02263163869163 22.833120914845985
1010.5208333333334 24.024884587799807 22.83417972235419
1011.0208333333334 24.02712823088808 22.83523906178027
1011.5208333333334 24.02938872523957 22.83628881993475
1012.0208333333334 24.031651868611974 22.83734043469586
1012.5208333333334 24.03391851474146 22.838386067602517
1013.0208333333334 24.036174867984954 22.83943358383738
1013.5208333333334 24.038448007948247 22.840485499832177
1014.0208333333334 24.040705835979644 22.84153171260369
1014.5208333333334 24.04296605328191 22.842577370093508
1015.0208333333334 24.045243768441456 22.84361567487141
1015.5208333333334 24.04752684028045 22.8446548067712
1016.0208333333334 24.049774351151378 22.845685931688703
1016.5208333333334 24.052052120974086 22.846722490584
1017.0208333333334 24.05432441139405 22.847751587573022
1017.5208333333334 24.056590021698582 22.848785332649342
1018.0208333333334 24.05886527956536 22.849814897427393
1018.5208333333334 24.061153332315698 22.8508436980214
1019.0208333333334 24.06344396935576 22.851854927476666
1019.5208333333334 24.06569549100667 22.852882500936072
1020.0208333333334 24.06797103499942 22.853907153069727
1020.5208333333334 24.070260677196302 22.85492145481957
1021.0208333333334 24.072539510271888 22.85593909636791
1021.5208333333334 24.07482598740546 22.856951886190547
1022.0208333333334 24.07710730169603 22.85796590796994
1022.5208333333334 24.07938924380177 22.858979466067254
1023.0208333333334 24.08167614237657 22.859985182129986
1023.5208333333334 24.083967005096213 22.86098612400665
1024.0208333333333 24.086257786328108 22.861990780778715
1024.5208333333333 24.088536628647983 22.8629978887213
1025.0208333333333 24.09082652300333 22.864001755060062
1025.5208333333333 24.093122624018978 22.864989770003493
1026.0208333333333 24.095414200124907 22.86599115348221
1026.5208333333333 24.09772278344417 22.86697562506054
1027.0208333333333 24.10000804258705 22.867981610252556
1027.5208333333333 24.10230803728957 22.86896782931941
1028.0208333333333 24.104599406796577 22.869953186547033
1028.5208333333333 24.10690338198151 22.87093980397318
1029.0208333333333 24.109216541618306 22.87192040133482
1029.5208333333333 24.111500955968616 22.872904781583003
1030.0208333333333 24.113802687098406 22.873882696591462
1030.5208333333333 24.11612082332021 22.874862362214262
1031.0208333333333 24.118426423794048 22.875830550212868
1031.5208333333333 24.120729005646663 22.876801874252553
1032.0208333333333 24.12303214769388 22.877780820244823
1032.5208333333333 24.12535542346442 22.878744864945798
1033.0208333333333 24.127660286576894 22.8797088585501
1033.5208333333333 24.12998014089842 22.880675847742115
1034.0208333333333 24.1322886423535 22.881645003290473
1034.5208333333333 24.134606984637053 22.882602572171727
1035.0208333333333 24.136941350443823 22.883563151357443
1035.5208333333333 24.139248906966195 22.88451898532625
1036.0208333333333 24.141574290901104 22.8854718639746
1036.5208333333333 24.143899028728445 22.886426755810803
1037.0208333333333 24.146210887947426 22.887369560619213
1037.5208333333333 24.148550390622677 22.888324886435456
1038.0208333333333 24.15087066460384 22.889270305911147
1038.5208333333333 24.153187283017907 22.890211983520153
1039.0208333333333 24.155525873435067 22.89115546817882
1039.5208333333333 24.15786703987312 22.892096682977655
1040.0208333333333 24.1602007688682 22.89304155012111
1040.5208333333333 24.16254630398147 22.893964938258293
1041.0208333333333 24.164866210537177 22.894902681399977
1041.5208333333333 24.167219920784664 22.89582954999386
1042.0208333333333 24.169566997878242 22.896770424769876
1042.5208333333333 24.171897828412142 22.897699663057168
1043.0208333333333 24.174234547025936 22.898610663954354
1043.5208333333333 24.176586926825973 22.899543315693286
1044.0208333333333 24.17893866404205 22.900463336476587
1044.5208333333333 24.181288784575877 22.901387388202817
1045.0208333333333 24.183627745699702 22.902297971755644
1045.5208333333333 24.18599479930359 22.903215633023684
1046.0208333333333 24.188357909480995 22.904121865019448
1046.5208333333333 24.190700237007285 22.905034503079573
1047.0208333333333 24.19305823467888 22.905946915570688
1047.5208333333333 24.19542471056843 22.906856512757926
1048.0208333333333 24.19778895648448 22.90775953596053
1048.5208333333333 24.200147528355743 22.908660117275552
1049.0208333333333 24.202505383242 22.909556462207526
1049.5208333333333 24.204866889371516 22.910446370480653
1050.0208333333333 24.207251088767322 22.911349233546186
1050.5208333333333 24.20960173721349 22.91224454957578
1051.0208333333333 24.211982401152174 22.913129596057193
1051.5208333333333 24.21434595972879 22.914015008927908
1052.0208333333333 24.216726431931782 22.914903359410825
1052.5208333333333 24.219101951671554 22.915784769952904
1053.0208333333333 24.221469864095194 22.916666425659432
1053.5208333333333 24.22386299405526 22.917542177844954
1054.0208333333333 24.226237754909103 22.91841384450744
1054.5208333333333 24.22861371452294 22.91929329821009
1055.0208333333333 24.230997264287417 22.92015496044824
1055.5208333333333 24.233387017257556 22.921024864632713
1056.0208333333333 24.235764767912876 22.92188958343675
1056.5208333333333 24.2381506704577 22.922750160986567
1057.0208333333333 24.240546762339676 22.92361759430058
1057.5208333333333 24.242937469263786 22.924469652203143
1058.0208333333333 24.245315590968673 22.925336432274804
1058.5208333333333 24.247711598098057 22.926186673679382
1059.0208333333333 24.250112087701766 22.927042384202853
1059.5208333333333 24.25250046802221 22.92788860222693
1060.0208333333333 24.254903159368915 22.928728035164823
1060.5208333333333 24.257303409846728 22.929572813895405
1061.0208333333333 24.25970115606216 22.93041154530657
1061.5208333333333 24.262106023181033 22.931263734077394
1062.0208333333333 24.264504174019294 22.93210353921863
1062.5208333333333 24.266895184359033 22.932929640221694
1063.0208333333333 24.26931897340792 22.933772572001452
1063.5208333333333 24.271723053383084 22.93459911468045
1064.0208333333333 24.274135564214934 22.935434358768013
1064.5208333333333 24.276544495129002 22.936251049615628
1065.0208333333333 24.278951962472576 22.937079716403474
1065.5208333333333 24.28138363841523 22.937901738774123
1066.0208333333333 24.283783993203507 22.938723523157538
1066.5208333333333 24.28619143911321 22.93953867272425
1067.0208333333333 24.28860992328395 22.94035431324741
1067.5208333333333 24.291045240113327 22.94117386811674
1068.0208333333333 24.293460815419913 22.941976102739368
1068.5208333333333 24.295881232020974 22.94278211119689
1069.0208333333333 24.298321918994755 22.943602637747702
1069.5208333333333 24.300748722138298 22.944405599953363
1070.0208333333333 24.30317106433793 22.945202848069624
1070.5208333333333 24.305604475125143 22.946004972257526
1071.0208333333333 24.30801916987364 22.946803713048286
1071.5208333333333 24.310464640188982 22.947606588615432
1072.0208333333333 24.312899546488854 22.948399531311118
1072.5208333333333 24.315335821161625 22.949182801144694
1073.0208333333333 24.31776939045308 22.949978476697463
1073.5208333333333 24.32021115521829 22.950766840615287
1074.0208333333333 24.322657188310565 22.951560987163973
1074.5208333333333 24.32511543879641 22.95234553954769
1075.0208333333333 24.32755584866682 22.953127516572366
1075.5208333333333 24.33000252212976 22.95390283253849
1076.0208333333333 24.332452696015586 22.95468123156938
1076.5208333333333 24.334915790945935 22.955451731259714
1077.0208333333333 24.337358365640036 22.956235297904954
1077.5208333333333 24.339810581023823 22.957002496741804
1078.0208333333333 24.34226503735141 22.957764084980607
1078.5208333333333 24.34471516608688 22.958536477473377
1079.0208333333333 24.34717213937569 22.959299792363183
1079.5208333333333 24.349644651483544 22.960062731323198
1080.0208333333333 24.352110295835615 22.96082736664794
1080.5208333333333 24.354575212970552 22.96158118107548
1081.0208333333333 24.35704970794799 22.962336883570323
1081.5208333333333 24.3595136044474 22.96307579813865
1082.0208333333333 24.36197120106864 22.96382358596249
1082.5208333333333 24.364450035098756 22.964561447704796
1083.0208333333333 24.36691297267601 22.965297416847953
1083.5208333333333 24.369416796684995 22.966028210605423
1084.0208333333333 24.371890184364137 22.96676587089433
1084.5208333333333 24.374357106787215 22.967477121402148
1085.0208333333333 24.37684240253859 22.968203997201684
1085.5208333333333 24.379330321855694 22.968926577649007
1086.0208333333333 24.381836961635535 22.96964082335906
1086.5208333333333 24.384296482629175 22.97036109532754
1087.0208333333333 24.38678688359225 22.971074659811816
1087.5208333333333 24.389285922059827 22.971777495445696
1088.0208333333333 24.391772248894807 22.97249192471831
1088.5208333333333 24.394275312667446 22.9731862967199
1089.0208333333333 24.39678301054721 22.97388427599591
1089.5208333333333 24.39927746120659 22.974593167612433
1090.0208333333333 24.401775388379818 22.97527786969146
1090.5208333333333 24.404276059882143 22.975971831107604
1091.0208333333333 24.406765372782058 22.976668391082637
1091.5208333333333 24.409270118399363 22.977350973960515
1092.0208333333333 24.411764329124296 22.978047111712854
1092.5208333333333 24.4142761543442 22.97872402080357
1093.0208333333333 24.41679351505075 22.97941215709024
1093.5208333333333 24.419300658724836 22.98009657916922
1094.0208333333333 24.421830151440957 22.98076946450028
1094.5208333333333 24.424323899638516 22.98145121580678
1095.0208333333333 24.426840988225955 22.982126278902584
1095.5208333333333 24.429360609030482 22.982799840338615
1096.0208333333333 24.43187094707509 22.983470476002218
1096.5208333333333 24.434386528154715 22.98414515798313
1097.0208333333333 24.436907201347573 22.98481553769324
1097.5208333333333 24.439431556945767 22.98549947393855
1098.0208333333333 24.441965858941813 22.986164295212074
1098.5208333333333 24.444470576742763 22.98683577598316
1099.0208333333333 24.44700613932568 22.98750003267059
1099.5208333333333 24.449546080206723 22.988171243001936
1100.0208333333333 24.452050121078255 22.98883060591462
1100.5208333333333 24.454555675927757 22.989494802292537
1101.0208333333333 24.457096672886877 22.99016633606246
1101.5208333333333 24.459650418159733 22.990821371344907
1102.0208333333333 24.46217084480754 22.99149005875959
1102.5208333333333 24.464694974917542 22.992148376595694
1103.0208333333333 24.467227926855763 22.992817724364784
1103.5208333333333 24.469764843917126 22.993475875850518
1104.0208333333333 24.472280901839405 22.994131908171678
1104.5208333333333 24.4748428830564 22.99479911089577
1105.0208333333333 24.477353546779653 22.995470651542675
1105.5208333333333 24.47989552195851 22.996130010912076
1106.0208333333333 24.482421298651637 22.996791354981745
1106.5208333333333 24.48496415639771 22.99745714782512
1107.0208333333333 24.487503449732007 22.998120805512507
1107.5208333333333 24.490029332562997 22.998790292979226
1108.0208333333333 24.492586141549193 22.999450748058724
1108.5208333333333 24.495114154563673 23.000112946680492
1109.0208333333333 24.497658425519482 23.000784975014028
1109.5208333333333 24.50021512457356 23.001460557252255
1110.0208333333333 24.502738427845134 23.002122492068303
1110.5208333333333 24.50528855970436 23.00279712875819
1111.0208333333333 24.507817703121432 23.003467756250107
1111.5208333333333 24.51036777609783 23.004130877332905
1112.0208333333333 24.51291476132713 23.004807532185886
1112.5208333333333 24.515436028903636 23.00546913208102
1113.0208333333333 24.51800972220755 23.006142357844503
1113.5208333333333 24.520542310204103 23.006810697271018
1114.0208333333333 24.523101542544484 23.007470216784082
