FastTrWP/PhaseSpace/IAs/snIa_0.44_30.00_-0.17_0.02.csv
# %ECSV 0.9
# ---
# datatype:
# - {name: time-rel, datatype: float64}
# - {name: g, datatype: float64}
# - {name: i, datatype: float64}
# schema: astropy-2.0
time-rel g i
[from data line 2302]
1342.7083333333333 25.599579174040358 23.206832435433565
1343.2083333333333 25.60135012261112 23.207530452767713
1343.7083333333333 25.603114430882794 23.20823213987755
1344.2083333333333 25.604880456818414 23.208940912798987
1344.7083333333333 25.606631334416154 23.209644654165867
1345.2083333333333 25.608384620731456 23.21034893332282
1345.7083333333333 25.610156094533867 23.211052261011442
1346.2083333333333 25.611911359387378 23.211750694816658
1346.7083333333333 25.61367538233477 23.21246217613172
1347.2083333333333 25.615417945941243 23.21316824899388
1347.7083333333333 25.617175742740898 23.213867256918128
1348.2083333333333 25.618959192499776 23.21456913703289
1348.7083333333333 25.620697724037633 23.215269110569004
1349.2083333333333 25.622478783561277 23.215966866747877
1349.7083333333333 25.62423076293589 23.21667484375673
1350.2083333333333 25.625974679191774 23.21737815271011
1350.7083333333333 25.627750624494603 23.218082133142207
1351.2083333333333 25.629549826776703 23.21878020526367
1351.7083333333333 25.631307889883786 23.219478434053805
1352.2083333333333 25.633052243645714 23.22018700100071
1352.7083333333333 25.634821689463145 23.22089379693155
1353.2083333333333 25.63661205857628 23.22159992355632
1353.7083333333333 25.638358919190715 23.222299675504892
1354.2083333333333 25.640142065776445 23.223009215244915
1354.7083333333333 25.641876732661796 23.223705980201622
1355.2083333333333 25.643654731833298 23.224412584880703
1355.7083333333333 25.645401599544403 23.225121716241546
1356.2083333333333 25.647234250865015 23.225821504598073
1356.7083333333333 25.649004735304327 23.226522781399368
1357.2083333333333 25.65076102515134 23.227233725582906
1357.7083333333333 25.652499604865664 23.22794015953042
1358.2083333333333 25.654285925754824 23.228652950878107
1358.7083333333333 25.65611618078122 23.229348111107477
1359.2083333333333 25.6578885698473 23.23005848813117
1359.7083333333333 25.65962084982779 23.230761848027022
1360.2083333333333 25.661419808978962 23.231468598315764
1360.7083333333333 25.663190064022313 23.232179019795826
1361.2083333333333 25.66497722806469 23.23288862188429
1361.7083333333333 25.66674148464315 23.23359351917734
1362.2083333333333 25.66851601207231 23.23429010543674
1362.7083333333333 25.670305150819726 23.23500608378755
1363.2083333333333 25.6720904237823 23.235713580028744
1363.7083333333333 25.67387521171252 23.2364101252007
1364.2083333333333 25.67566811546478 23.237128864530384
1364.7083333333333 25.677425474367006 23.237822688009075
1365.2083333333333 25.679212522211085 23.238538133905486
1365.7083333333333 25.68099269544959 23.23924450083277
1366.2083333333333 25.6828134796423 23.23995611917089
1366.7083333333333 25.684580431968065 23.240661981614757
1367.2083333333333 25.686363908324942 23.24136518893194
1367.7083333333333 25.688148250743144 23.242073092321615
1368.2083333333333 25.689922095134396 23.242775786836187
1368.7083333333333 25.691712351836284 23.243490321549007
1369.2083333333333 25.693495802814216 23.244204113418565
1369.7083333333333 25.69529901031004 23.244901426890593
1370.2083333333333 25.69708199673659 23.245611483808005
1370.7083333333333 25.698877796369505 23.246322393423284
1371.2083333333333 25.700651036754376 23.247023998473267
1371.7083333333333 25.702462176777278 23.247735168011253
1372.2083333333333 25.704217889248472 23.248441829286385
1372.7083333333333 25.706033303424164 23.249146563738524
1373.2083333333333 25.70784018970584 23.249852155528984
1373.7083333333333 25.709636202018554 23.250568258332116
1374.2083333333333 25.711418424335953 23.25126699778562
1374.7083333333333 25.71318345854391 23.251973698849785
1375.2083333333333 25.714963452604568 23.25267932876736
1375.7083333333333 25.716771698545383 23.253387767911477
1376.2083333333333 25.71857065099886 23.254102263703945
1376.7083333333333 25.72037521967985 23.25480961603672
1377.2083333333333 25.72213702291917 23.255516743473002
1377.7083333333333 25.72391411849143 23.256222342145506
1378.2083333333333 25.725726463930286 23.256927850541544
1378.7083333333333 25.727484752274314 23.257629257223012
1379.2083333333333 25.729294261744542 23.258343620883764
1379.7083333333333 25.731082606199912 23.25905498790407
1380.2083333333333 25.732874458134187 23.259756305364895
1380.7083333333333 25.734648772471882 23.2604566280806
1381.2083333333333 25.73647798054872 23.261165143928437
1381.7083333333333 25.738251241782123 23.26186995473912
1382.2083333333333 25.7400187646085 23.26257401914131
1382.7083333333333 25.74182290366239 23.263285764806362
1383.2083333333333 25.74363957487572 23.263983924628647
1383.7083333333333 25.745393315653008 23.26468784002595
1384.2083333333333 25.747171230077818 23.26539469425093
1384.7083333333333 25.748964052351543 23.26610779528098
1385.2083333333333 25.750734740687626 23.266806879854002
1385.7083333333333 25.75255229829771 23.267508897351963
1386.2083333333333 25.75433297661987 23.26821166132982
1386.7083333333333 25.75612219609024 23.26891972333027
1387.2083333333333 25.757933192611947 23.269625826204823
1387.7083333333333 25.759704357302923 23.270324025609916
1388.2083333333333 25.761474536643295 23.271027853031878
1388.7083333333333 25.76325725698368 23.271731320319525
1389.2083333333333 25.765058664365412 23.27242912695622
1389.7083333333333 25.766866631883634 23.273140699184477
1390.2083333333333 25.768640924240216 23.27383960585612
1390.7083333333333 25.770463505760276 23.274537366501793
1391.2083333333333 25.77221836244091 23.275236250237633
1391.7083333333333 25.774008678463872 23.2759474913218
1392.2083333333333 25.77581664024146 23.276642806108146
1392.7083333333333 25.777619140990442 23.27734816264817
1393.2083333333333 25.77942277115424 23.278043981757442
1393.7083333333333 25.781164397539115 23.278741915546178
1394.2083333333333 25.782997737285875 23.27944601363206
1394.7083333333333 25.784755952304593 23.280146263802166
1395.2083333333333 25.786559449159718 23.280851147293493
1395.7083333333333 25.78838230260985 23.281545612103898
1396.2083333333333 25.790150814505658 23.282258967114302
1396.7083333333333 25.791935717071446 23.282948222146057
1397.2083333333333 25.793748143331825 23.28365200851937
1397.7083333333333 25.795510934687176 23.28435075797654
1398.2083333333333 25.797327197708178 23.28504865639195
1398.7083333333333 25.799088560110576 23.28574782704585
1399.2083333333333 25.800953284831316 23.28645272998603
1399.7083333333333 25.80268848079248 23.287146615340934
1400.2083333333333 25.8044758419662 23.28784679578378
1400.7083333333333 25.806290431034395 23.288544065292296
1401.2083333333333 25.808074904770073 23.28924881638523
1401.7083333333333 25.809833064511118 23.289944359105696
1402.2083333333333 25.811650756974565 23.29065255250315
1402.7083333333333 25.81343394569583 23.291347315339014
1403.2083333333333 25.815211578878966 23.292046781903014
1403.7083333333333 25.816992206710935 23.292749023245904
1404.2083333333333 25.818783137319798 23.293446770009496
1404.7083333333333 25.820595875015854 23.294145402189123
1405.2083333333333 25.82236051848387 23.29484926859234
1405.7083333333333 25.8241614660359 23.295539957159118
1406.2083333333333 25.82595884158065 23.296249407754715
1406.7083333333333 25.82774343046299 23.296939247430583
1407.2083333333333 25.829519114966985 23.29765374724394
1407.7083333333333 25.831289643802243 23.298347572816095
1408.2083333333333 25.833129106357198 23.299045623386267
1408.7083333333333 25.8348695831053 23.29975175068993
1409.2083333333333 25.83665298069626 23.3004455763801
1409.7083333333333 25.838415197548738 23.301162025156415
1410.2083333333333 25.840227954710407 23.30184732051093
1410.7083333333333 25.84200911286406 23.302549096565883
1411.2083333333333 25.843759792161507 23.30325751922838
1411.7083333333333 25.84554477964703 23.303962251318893
1412.2083333333333 25.84734532926184 23.30465048508551
1412.7083333333333 25.849103425820978 23.305360525846844
1413.2083333333333 25.85089539231515 23.3060589966149
