FastTrWP/PhaseSpace/IAs/snIa_0.53_30.00_-3.27_-0.09.csv
# %ECSV 0.9
# ---
# datatype:
# - {name: time-rel, datatype: float64}
# - {name: g, datatype: float64}
# - {name: i, datatype: float64}
# schema: astropy-2.0
time-rel g i
[from data line 1065]
304.5 24.317491611050116 22.53712186218361
304.9999999999999 24.32092631621961 22.537682904159443
305.5 24.324338279655212 22.53825507527955
306.0 24.327781933811103 22.538823437320296
306.4999999999999 24.331188934598625 22.539396627945063
307.0 24.334607644662047 22.539960955233763
307.5 24.33804931187248 22.540540887354833
307.9999999999999 24.3414687247216 22.541116450758274
308.5 24.344914431669963 22.54169908302973
309.0 24.348334664220395 22.542272424951555
309.4999999999999 24.351756686914765 22.542854928001248
310.0 24.35520132796208 22.54344262555314
310.5 24.358629268058614 22.544019131252373
310.9999999999999 24.36206920494201 22.54460910419879
311.5 24.3654975295756 22.54519380661639
312.0 24.36894976690898 22.545784561903766
312.4999999999999 24.37238376329502 22.546381319193934
313.0 24.375823156668915 22.546970676200083
313.5 24.379262413030247 22.547568205866515
313.9999999999999 24.382711844826296 22.548168888744833
314.5 24.386138115569977 22.54876464135032
315.0 24.38958899899589 22.549364140422355
315.4999999999999 24.393017722211678 22.549959655513454
316.0 24.396445564290996 22.550566960127362
316.5 24.39989686236558 22.55116346291308
316.9999999999999 24.403328869328917 22.551778730331126
317.5 24.406771613593566 22.55238532091681
318.0 24.41020716186044 22.552993039131973
318.4999999999999 24.413645687094494 22.55360446882307
319.0 24.417065633501934 22.554224293090904
319.5 24.420508039517784 22.554836329637773
319.9999999999999 24.423941931195397 22.555441365939085
320.5 24.42737599225287 22.5560646570801
321.0 24.43080666334704 22.55668905105106
321.4999999999999 24.434233720329956 22.5573062201728
322.0 24.437656893023544 22.557932856365284
322.5 24.441076006029565 22.558555985524382
322.9999999999999 24.444503002090848 22.55918045525014
323.5 24.44791834249433 22.55980326198013
324.0 24.451330969125994 22.560430978563325
324.4999999999999 24.454748811363245 22.56106344194872
325.0 24.45817865460817 22.56169285856423
325.5 24.461572072963346 22.562326575353474
325.9999999999999 24.465002316951356 22.562957101713714
326.5 24.468381322231615 22.56359281805654
327.0 24.471793974626568 22.5642295382402
327.4999999999999 24.475192988474713 22.564869571666893
328.0 24.478609474265554 22.56550952359655
328.5 24.481986654607955 22.566152223833083
328.9999999999999 24.48538163292781 22.56679748537255
329.5 24.488769467072864 22.567442070428477
330.0 24.492142377557617 22.568080665387434
330.4999999999999 24.49553436180745 22.56872280166952
331.0 24.49890312243655 22.56937990092421
331.5 24.50227502708184 22.57003014742603
331.9999999999999 24.505646934182966 22.570682432256795
332.5 24.5090265135577 22.57133013962864
333.0 24.512371548219537 22.571990454121273
333.4999999999999 24.515728223009322 22.572645814365767
334.0 24.51909258001246 22.57331307147897
334.5 24.522465017474705 22.57397344598774
334.9999999999999 24.525805239501924 22.57463665478952
335.5 24.5291641042082 22.57529329600316
336.0 24.532508730650605 22.575964298438876
336.4999999999999 24.5358391544594 22.57663562076405
337.0 24.539186746279093 22.577307776015733
337.5 24.54252064614274 22.5779777667045
337.9999999999999 24.545840316094136 22.578647414904964
338.5 24.54917631375907 22.57931800605169
339.0 24.552504700374772 22.580009101509827
339.4999999999999 24.555832559388094 22.580687802614573
340.0 24.5591510480204 22.58136615484744
340.5 24.562465584847185 22.582048078048338
340.9999999999999 24.565786353202146 22.58272909881601
341.5 24.569086078737875 22.58341864803829
342.0 24.572406623514848 22.584107596618765
342.4999999999999 24.57569360915103 22.584795142224216
343.0 24.579006746879575 22.585487722978215
343.5 24.582295360751335 22.58617796252721
343.9999999999999 24.585599778457897 22.586872718081192
344.5 24.58888074980509 22.587576669195116
345.0 24.592169672163735 22.588267305939297
345.4999999999999 24.595458395955152 22.588969110707456
346.0 24.598752910161043 22.58967373347196
346.5 24.602016914051546 22.59037754525286
346.9999999999999 24.605308440024373 22.59108074454083
347.5 24.608556023670005 22.591785112717304
348.0 24.611840606540618 22.59249239909272
348.4999999999999 24.615093942484258 22.593205186371264
349.0 24.618360905938253 22.59392382187584
349.5 24.621614926647332 22.59463201393363
349.9999999999999 24.624866135781144 22.595347561353172
350.5 24.628131672112033 22.596067075627513
351.0 24.631368746978456 22.596779600979325
351.4999999999999 24.634618685251173 22.59750820316373
352.0 24.63786797057097 22.598223855266433
352.5 24.641106230026413 22.598948442947588
352.9999999999999 24.644346972093864 22.599678741997465
353.5 24.647595065443376 22.600405353926366
354.0 24.650801912534664 22.601131956311388
354.4999999999999 24.654005260341584 22.60185764631312
355.0 24.657265495773665 22.602591554613003
355.5 24.66048017724486 22.60332720124044
355.9999999999999 24.663682743740516 22.60406929191092
356.5 24.666903476143382 22.604800300383374
357.0 24.6701140071822 22.605535519934023
357.4999999999999 24.673304137137116 22.6062800027735
358.0 24.676526749009184 22.607030849707517
358.5 24.67973287526297 22.607766646253182
358.9999999999999 24.682931057627407 22.60851241291787
359.5 24.686111800632276 22.609253231089745
360.0 24.689309386776905 22.61001086868145
360.4999999999999 24.692483308094047 22.610763001322024
361.0 24.695677216767038 22.611511333041115
361.5 24.698864965559473 22.612269386294678
361.9999999999999 24.702051738486436 22.61302317219961
362.5 24.705217895594306 22.61377608323873
363.0 24.708393926316905 22.614539179692926
363.4999999999999 24.71156819053341 22.615295477344016
364.0 24.71472695707899 22.616061046098853
364.5 24.717887618805243 22.616829838592164
364.9999999999999 24.72104405665595 22.617587151966553
365.5 24.724219853289004 22.61835914123622
366.0 24.72737943773938 22.619123914664407
366.4999999999999 24.73049958171763 22.619890357527957
367.0 24.733650124350895 22.620672123190595
367.5 24.736790914464596 22.62143944289383
367.9999999999999 24.739919357352296 22.62222020409716
368.5 24.743039448032867 22.62300054037788
369.0 24.746159173498764 22.62377651776901
369.4999999999999 24.74925758845354 22.624558835359355
370.0 24.752380207129804 22.625339434308355
370.5 24.755474780783402 22.626127421023273
370.9999999999999 24.758556076410155 22.62691389617452
371.5 24.76165435671318 22.62770473878721
372.0 24.764724288749697 22.62848970508765
372.4999999999999 24.76781251606689 22.62929308899838
373.0 24.770865140775832 22.63007346969693
373.5 24.773966088558 22.630874165140547
373.9999999999999 24.776999685690022 22.63167148762009
374.5 24.780037330706897 22.632472666547905
375.0 24.783080217002414 22.63327362605649
375.4999999999999 24.786120758922074 22.63408529579901
376.0 24.789122659958934 22.63489001755746
376.5 24.792166354270645 22.63568852251144
376.9999999999999 24.795178518449 22.636499717388187
377.5 24.798194987940004 22.63731129124993
378.0 24.801187978249928 22.638116149786228
378.4999999999999 24.804184335411957 22.63893652404346
379.0 24.807161606803415 22.63975032315903
379.5 24.81016177955782 22.64057349067023
379.9999999999999 24.813141696338064 22.641389950588472
380.5 24.81609915715704 22.642218258274692
381.0 24.819063109484823 22.643039472387724
381.4999999999999 24.822028297838628 22.64386215954402
382.0 24.824968419106472 22.644696838460035
382.5 24.827935423419078 22.645516130012048
382.9999999999999 24.830851854212757 22.646350486871736
383.5 24.833770392156225 22.64719197391338
384.0 24.83670579060203 22.648016089545422
384.4999999999999 24.839621318590154 22.6488609048476
385.0 24.842536663779597 22.649699234937273
385.5 24.845441142900984 22.650539265355217
385.9999999999999 24.848328163972596 22.651378733052958
386.5 24.851232745773455 22.652231342228234
387.0 24.854098663936867 22.653073156562535
387.4999999999999 24.856988516198175 22.653919365579252
388.0 24.859857904971243 22.65476505144307
388.5 24.862722146229753 22.655620060914906
388.9999999999999 24.865581584278225 22.656477038851083
389.5 24.868440500114204 22.657331924112864
390.0 24.871289047906828 22.65818932109862
390.4999999999999 24.874110845610783 22.659043786975555
391.0 24.876959414675703 22.65990922359166
391.5 24.879768303721242 22.660768879037857
391.9999999999999 24.882593198245022 22.661628986362224
392.5 24.885411094471742 22.66250340699447
393.0 24.888178543393288 22.66336978029823
393.4999999999999 24.890999061078713 22.664235783391643
394.0 24.89379236724944 22.665114432231785
394.5 24.896580265133963 22.66598259522815
394.9999999999999 24.89935397370077 22.666854910080268
395.5 24.90212043432013 22.6677382676025
396.0 24.904886375344436 22.668617201314547
396.4999999999999 24.90763532686912 22.66949519082163
397.0 24.910387312169995 22.670387425475273
397.5 24.913131289621845 22.671261772130652
397.9999999999999 24.915869382503068 22.672166841426904
398.5 24.91858952339872 22.673040320688678
399.0 24.92131460779333 22.673941260904726
399.4999999999999 24.924037849774393 22.674833036337564
400.0 24.926742021390368 22.675720137245946
400.5 24.929439451790664 22.67662544657305
400.9999999999999 24.93213571612752 22.677511211851535
401.5 24.934817642377226 22.678409823452842
402.0 24.937514457609392 22.67931423551619
402.4999999999999 24.940181309012218 22.680216747227956
403.0 24.942868230111802 22.68112976119191
403.5 24.94550855159336 22.682037896675496
403.9999999999999 24.948129579824034 22.68295906693458
404.5 24.95072332305795 22.68385722169976
405.0 24.95332158827244 22.684782106126057
405.4999999999999 24.95587580458906 22.685710822622408
406.0 24.95845321695524 22.686634759175547
406.5 24.960960976221223 22.687553564860906
406.9999999999999 24.96347010129261 22.688489092429922
407.5 24.96600759656853 22.689411948926427
408.0 24.96847727690284 22.69035443459178
408.4999999999999 24.970927532415597 22.691295759777503
409.0 24.973392506935692 22.692231759303667
409.5 24.975840454847663 22.693181045395782
409.9999999999999 24.978231745005566 22.69411485147506
410.5 24.980627169717433 22.69507307807971
411.0 24.98303826676674 22.69602123808445
411.4999999999999 24.985438717150544 22.696977039849983
412.0 24.987777399459887 22.697932092726006
412.5 24.99014932187629 22.698890993243715
412.9999999999999 24.99249453823531 22.699855829698883
413.5 24.994783864005402 22.700820131844104
414.0 24.99711178918897 22.701777391168037
414.4999999999999 24.999420085860734 22.702752601057966
415.0 25.001717108326655 22.703717150834
415.5 25.003995741482058 22.704686764576103
415.9999999999999 25.006253878514574 22.705663742405054
416.5 25.008523083506113 22.706636010020624
417.0 25.01077362591331 22.707619328068024
417.4999999999999 25.01300198136189 22.70858738912097
418.0 25.015250757667783 22.709575539440742
418.5 25.01745627593572 22.71056072953135
418.9999999999999 25.01968468819171 22.71154339662662
419.5 25.021906259130326 22.712518044572473
420.0 25.02409634312173 22.713521059531615
420.4999999999999 25.02630397111639 22.714506649499974
421.0 25.028469452635317 22.715493509791855
421.5 25.030655010982624 22.71648938240198
421.9999999999999 25.032856669184213 22.717482320717565
422.5 25.035006584630747 22.718476308892978
423.0 25.037179722715525 22.719477942322882
423.4999999999999 25.039369158749487 22.720473838377686
424.0 25.041510210071493 22.721468161310984
424.5 25.04367688790858 22.722472029801665
424.9999999999999 25.045862051990426 22.723476292616542
425.5 25.047979539666777 22.72447800440524
426.0 25.050115996902356 22.725478383412515
426.4999999999999 25.05228838049642 22.726479888167567
427.0 25.054433654235364 22.727489381606503
427.5 25.056569098143623 22.728491496307676
427.9999999999999 25.058749876610634 22.729503438566923
428.5 25.060875557465472 22.73050505106543
429.0 25.063022049867655 22.731517186750168
429.4999999999999 25.065193590376403 22.732531078736553
430.0 25.06736313760571 22.733532065137993
430.5 25.069513869140685 22.734545502297493
430.9999999999999 25.07169352253188 22.73555887906579
431.5 25.073846467148975 22.736566798001764
432.0 25.07602608039472 22.737582425116017
432.4999999999999 25.078210770033827 22.738599434924925
433.0 25.080380749144698 22.73960863675061
433.5 25.08259525146109 22.74061576634694
433.9999999999999 25.084775930069732 22.74163582459561
434.5 25.086989917339125 22.742648985037036
435.0 25.089189297185737 22.74365548067403
435.4999999999999 25.091418185901645 22.744672116371014
436.0 25.093654650842637 22.745684585667945
436.5 25.09591046314779 22.746699774915655
436.9999999999999 25.098142056445177 22.747714442005073
437.5 25.10040351963866 22.7487175550553
438.0 25.10267305020747 22.74972543629614
438.4999999999999 25.104976465164878 22.75075311839728
439.0 25.107267365974554 22.751759418560024
439.5 25.109551295465895 22.752768872532762
439.9999999999999 25.111859821098 22.753782001196715
440.5 25.114128251187942 22.754799417727007
441.0 25.116425884288617 22.75581576211537
441.4999999999999 25.11872062978696 22.756828998735653
442.0 25.12097024101888 22.75785154017639
442.5 25.12325099505524 22.758868275856226
442.9999999999999 25.125533575390403 22.759891039277186
443.5 25.12779452691241 22.76091413336661
444.0 25.13006064781724 22.761945014335225
444.4999999999999 25.132278288657155 22.762960843466974
445.0 25.13453311195846 22.763992188672614
445.5 25.1367504495516 22.76502705894684
445.9999999999999 25.138986918978205 22.766045708876348
446.5 25.141210712768626 22.76708939106744
447.0 25.14346458643068 22.768122056918436
447.4999999999999 25.145670408884282 22.769151195986147
448.0 25.147899249738195 22.77019316152178
448.5 25.1500993445338 22.77123128299044
448.9999999999999 25.152314900172673 22.772261465271843
449.5 25.15454587419519 22.77330689720074
450.0 25.15672090680173 22.77433796114542
450.5 25.1589230333321 22.775380012395992
451.0 25.16116217959781 22.776423331269243
451.5 25.163367777167217 22.77746762606425
452.0 25.16558841880748 22.778499169968423
452.5 25.167784131730336 22.77954992565171
453.0 25.17000148576345 22.78059695269817
453.5 25.172216459051757 22.781640071541037
454.0 25.174399248326893 22.782692235875718
454.5 25.176621073656598 22.783747314535226
455.0 25.17885411344791 22.784789112177926
455.5 25.181072639380012 22.785832887383727
456.0 25.18327892762583 22.786883290155863
456.5 25.185478821421015 22.787933546594953
457.0 25.187711190420533 22.788995411560883
457.5 25.18995628610149 22.79004274276288
458.0 25.192184489025863 22.791093158943433
458.5 25.194422942915935 22.792140461772917
459.0 25.19669806329384 22.793187115142604
459.5 25.19887570152211 22.794247175948726
460.0 25.20116976254228 22.795313802488643
460.5 25.203413032596753 22.796360591493748
461.0 25.20568277115433 22.797416565287676
461.5 25.207951836578513 22.798474922876743
462.0 25.210213853452906 22.79952481798095
462.5 25.212506296297125 22.80058568562491
463.0 25.214831701052844 22.801648231570567
463.5 25.217107470097293 22.802690684896653
464.0 25.219410471346052 22.803750096296774
464.5 25.221752425560982 22.80481331467122
465.0 25.224057876159204 22.80586254950356
465.5 25.22640202194223 22.806926677214513
466.0 25.228739627496807 22.80798284174816
466.5 25.231113845976978 22.80903852808902
467.0 25.233473498223177 22.810096433765096
467.5 25.235855592346756 22.81115529983117
468.0 25.238240622290334 22.812208208871482
468.5 25.240650224866442 22.813271206980676
469.0 25.24307069804063 22.81432418866752
469.5 25.245485174867376 22.815381269814136
470.0 25.247932379277884 22.816441632931188
470.5 25.250407458844858 22.81749470525593
471.0 25.252874357125187 22.818551358259825
471.5 25.25536512221679 22.81959710122451
472.0 25.25787694672676 22.820659478731212
472.5 25.260406952645972 22.8217110320211
473.0 25.262915798920798 22.822769164166374
473.5 25.265485281620663 22.82382040436827
474.0 25.268041592465117 22.824869927670107
474.5 25.270637951599664 22.825927733313858
475.0 25.27324572400726 22.82698216217375
