FastTrWP/PhaseSpace/IAs/snIa_0.33_30.00_0.54_0.11.csv
# %ECSV 0.9
# ---
# datatype:
# - {name: time-rel, datatype: float64}
# - {name: g, datatype: float64}
# - {name: i, datatype: float64}
# schema: astropy-2.0
time-rel g i
[from data line 288]
326.6041666666667 24.060811635312042 23.562710670691878
327.1041666666667 24.05627649034018 23.558867252909373
327.6041666666667 24.05174073067004 23.555015609125192
328.1041666666667 24.047221429810797 23.551191403825737
328.6041666666667 24.04272284564201 23.54736954115653
329.1041666666667 24.038235379676728 23.543561807497714
329.6041666666667 24.033767321390695 23.53976663289712
330.1041666666667 24.02932622403916 23.53598765921425
330.6041666666667 24.024871536012927 23.5322061845824
331.1041666666667 24.020469837772115 23.52845658596167
331.6041666666667 24.016055723530286 23.524685168185595
332.1041666666667 24.011655681804996 23.52094215779871
332.6041666666667 24.00727197247972 23.51721488734146
333.1041666666667 24.002912736337333 23.513497184584878
333.6041666666667 23.99855505346165 23.509775735468317
334.1041666666667 23.994210908570288 23.506083359161074
334.6041666666667 23.98987742982076 23.50237935811773
335.1041666666667 23.985581071318226 23.4986985033443
335.6041666666667 23.981278230515276 23.49503586465312
336.1041666666667 23.976996382058815 23.491362926362157
336.6041666666667 23.972719731781122 23.487710507489222
337.1041666666667 23.968450723833776 23.484071687558924
337.6041666666667 23.96420299330884 23.48043122215813
338.1041666666667 23.95996248074074 23.476814706404753
338.6041666666667 23.95574798902155 23.47319186390115
339.1041666666667 23.95154158340692 23.469583048670764
339.6041666666667 23.947338487115175 23.465983822062967
340.1041666666667 23.943153317602007 23.4623939050891
340.6041666666667 23.938971347685364 23.458823425133414
341.1041666666667 23.934801334223664 23.455240898451258
341.6041666666667 23.93066018412171 23.451676390047925
342.1041666666667 23.926521749546016 23.448110663060724
342.6041666666667 23.922396145781338 23.44457960985259
343.1041666666667 23.918281153867472 23.44102753953736
343.6041666666667 23.914181751190746 23.43751653839702
344.1041666666667 23.9100968869718 23.433996077036483
344.6041666666667 23.90602318879408 23.43049136735912
345.1041666666667 23.901959923173983 23.4269941996711
345.6041666666667 23.89790884739478 23.423509061616738
346.1041666666667 23.893870685776637 23.420036168674066
346.6041666666667 23.88985308312535 23.416570274846396
347.1041666666667 23.88582982511238 23.41310977380749
347.6041666666667 23.88184557697468 23.409653061476398
348.1041666666667 23.87785583276624 23.406209416134608
348.6041666666667 23.873863815764 23.402782232229352
349.1041666666667 23.869914744502797 23.399366346476494
349.6041666666667 23.865955670026665 23.39595762891646
350.1041666666667 23.862018322048357 23.39255014772877
350.6041666666667 23.85808522686672 23.389145654877805
351.1041666666667 23.854176442541718 23.385760344163685
351.6041666666667 23.850273524365676 23.38237820435701
352.1041666666667 23.846368917437452 23.37901973454916
352.6041666666667 23.842483842895206 23.37564657845432
353.1041666666667 23.838609987461872 23.372296796461352
353.6041666666667 23.834747906184603 23.368965642205353
354.1041666666667 23.83090028645167 23.36561783162782
354.6041666666667 23.827056166434275 23.362280702501184
355.1041666666667 23.823220105784955 23.358960703389045
355.6041666666667 23.81940112585026 23.355646147687068
356.1041666666667 23.815570748006266 23.352335175830273
356.6041666666667 23.811767066326162 23.349039927158465
357.1041666666667 23.807990562880406 23.34574632061637
357.6041666666667 23.804199953133196 23.342463195653764
358.10416666666663 23.800435570442925 23.339195263160196
358.6041666666667 23.796665188231586 23.33591712565542
359.1041666666667 23.79291694045079 23.3326549528459
359.60416666666663 23.789171923611065 23.329400768718422
360.1041666666667 23.785438362196054 23.326154608671473
360.6041666666667 23.781713470411514 23.32290676367083
361.10416666666663 23.778002559661786 23.3196824043293
361.6041666666667 23.774288157040626 23.316450762163146
362.1041666666667 23.77058949913915 23.313232886858223
362.60416666666663 23.76690393337269 23.31002121619315
363.1041666666667 23.763221837433143 23.306815291407066
363.6041666666667 23.759545323307666 23.30359959255859
364.10416666666663 23.75587913448053 23.30042814814221
364.6041666666667 23.75222395844486 23.297225989617488
365.1041666666667 23.748585283419928 23.29405313877599
365.60416666666663 23.744939699790024 23.290875669607473
366.1041666666667 23.741310914485073 23.28770430790106
366.6041666666667 23.73770162058318 23.284552257899414
367.10416666666663 23.734075289054324 23.281387070815192
367.6041666666667 23.730472266326515 23.27824720737679
368.1041666666667 23.726867907416867 23.27509427475865
368.60416666666663 23.723280384970494 23.271961811512657
369.1041666666667 23.71969416894619 23.268831173763203
369.6041666666667 23.716124074243513 23.265709414391406
370.10416666666663 23.712553325257293 23.26258133193704
370.6041666666667 23.709002439774764 23.25946046229426
371.1041666666667 23.705458765711068 23.256359274568187
371.60416666666663 23.7019064896907 23.253262484095487
372.1041666666667 23.698364705718888 23.25014351722411
372.6041666666667 23.694847074837387 23.247063311616117
373.10416666666663 23.69131405496109 23.24397307402628
373.6041666666667 23.687797060995607 23.240890556201546
374.1041666666667 23.68429189362096 23.237824844963484
374.60416666666663 23.68078568083056 23.234749692951823
375.1041666666667 23.677300382877362 23.231693130356426
375.6041666666667 23.673816873825366 23.22863167884676
376.10416666666663 23.670338923302193 23.225580658633703
376.6041666666667 23.666872290058706 23.222542073431764
377.1041666666667 23.663403113795273 23.21950619273032
377.60416666666663 23.659964595693694 23.216476572734667
378.1041666666667 23.656520170313282 23.213449778259392
378.6041666666667 23.653089992706988 23.2104298920534
379.10416666666663 23.64965780380625 23.207419660442934
379.6041666666667 23.64623351738359 23.204411801548734
380.1041666666667 23.6428259563916 23.20141037210975
380.60416666666663 23.63941826491279 23.198424583846094
381.1041666666667 23.636012200242753 23.195425376958898
381.6041666666667 23.632612616650228 23.192439037322327
382.10416666666663 23.629237304787964 23.189470427579373
382.6041666666667 23.625862714444494 23.186496058416605
383.1041666666667 23.62250101178242 23.18352927105819
383.60416666666663 23.61914468448085 23.18056306457705
384.1041666666667 23.61578619953246 23.177619852715516
384.6041666666667 23.612435960695176 23.174666164439444
385.10416666666663 23.609101323843042 23.17172909206521
385.6041666666667 23.605754962446362 23.168780027409298
386.1041666666667 23.60243442331217 23.165854197816845
386.60416666666663 23.599116405617128 23.162921764208736
387.1041666666667 23.5958111687534 23.159993196489843
387.6041666666667 23.59251146695721 23.157085264154507
388.10416666666663 23.589204356331614 23.154178719401997
388.6041666666667 23.585907259867973 23.15126728048241
389.1041666666667 23.582614955456812 23.14836186640921
389.60416666666663 23.57934010528914 23.145465690554275
390.1041666666667 23.5760747727047 23.142572477671823
390.6041666666667 23.57281006232684 23.139692013026103
391.10416666666663 23.569538521100803 23.13680331261176
391.6041666666667 23.566287889436435 23.133930730905384
392.1041666666667 23.56304019712279 23.13105633873169
392.60416666666663 23.55979999624147 23.12819608933105
393.1041666666667 23.556565112750345 23.125316331034085
393.6041666666667 23.553337361388703 23.122473482271822
394.10416666666663 23.55011155719034 23.11962621913557
394.6041666666667 23.54689797633074 23.116770601320766
395.1041666666667 23.543683018372164 23.11393305137564
395.60416666666663 23.540478766452843 23.111093241966145
396.1041666666667 23.537295397310917 23.10824751483354
396.6041666666667 23.534082454923578 23.105415261062326
397.10416666666663 23.530896908431384 23.102598854357016
397.6041666666667 23.52772303532714 23.099773880683394
398.1041666666667 23.524549715861838 23.09696683586949
398.60416666666663 23.521374943035656 23.09414853421018
399.1041666666667 23.518207964468445 23.09133633961647
399.6041666666667 23.51504617228172 23.088542699219005
400.10416666666663 23.511894218575303 23.085736196741014
400.6041666666667 23.508749173910395 23.082937451018655
401.1041666666667 23.505606792920425 23.080150260005507
401.60416666666663 23.5024748870063 23.077367794912206
402.1041666666667 23.49934938018432 23.074577444358546
402.6041666666667 23.496210201485106 23.071803035813147
403.10416666666663 23.493078273536312 23.06902769034774
403.6041666666667 23.48997729915702 23.06625869137177
404.1041666666667 23.486877206780047 23.06348256864084
404.60416666666663 23.48375925431696 23.0607333786744
405.1041666666667 23.480669067821886 23.057968104680665
405.6041666666667 23.477566929387663 23.05521717402888
406.10416666666663 23.47447638826936 23.0524623807369
406.6041666666667 23.4713663248733 23.049715853223933
407.1041666666667 23.46827159953326 23.046950710495203
407.60416666666663 23.46518064926699 23.04420038203034
408.1041666666667 23.46207775637005 23.041438748285774
408.6041666666667 23.458988232059088 23.038694209552393
409.10416666666663 23.455883038801304 23.035940819534282
409.6041666666667 23.452783869819417 23.03318738860373
410.1041666666667 23.449682079376842 23.030447366994693
410.60416666666663 23.446601070103217 23.027694507163012
411.1041666666667 23.443493098828423 23.024946179604395
411.6041666666667 23.440390858950334 23.02220026915272
412.10416666666663 23.437311892343622 23.01946185911842
412.6041666666667 23.434213156489974 23.016718506070987
413.1041666666667 23.431137831851654 23.01398811349676
413.60416666666663 23.428052075058158 23.01124908664777
414.1041666666667 23.424972070093787 23.008501300859482
414.6041666666667 23.421903641768296 23.005775797122567
415.10416666666663 23.418829685258903 23.00305389453412
415.6041666666667 23.415759507955517 23.000340310725264
416.1041666666667 23.412710288486316 22.997617709831854
416.60416666666663 23.409647855220026 22.994901773813474
417.1041666666667 23.406604722829044 22.992201625854666
417.6041666666667 23.403559663494725 22.98949406122325
418.10416666666663 23.40052117051421 22.986793188260318
418.6041666666667 23.397499442659488 22.98409632299038
419.1041666666667 23.39447002984159 22.981418393765175
419.60416666666663 23.391462049149283 22.978728987419466
420.1041666666667 23.388451397562413 22.976041969839116
420.6041666666667 23.38545440014461 22.973380217301354
421.10416666666663 23.382457491305072 22.970718420288794
421.6041666666667 23.37948310460466 22.968049485193994
422.1041666666667 23.376502208862856 22.965392833000294
422.60416666666663 23.37353566427955 22.96274553770337
423.1041666666667 23.370577990921188 22.96011282448824
423.6041666666667 23.367631335646028 22.95747840694057
424.10416666666663 23.36470123769282 22.954845434735077
424.6041666666667 23.36176463925991 22.952238110051884
425.1041666666667 23.358848128077938 22.949626771938192
425.60416666666663 23.355939861554923 22.94702803449261
426.1041666666667 23.35306190785362 22.944422455155504
426.6041666666667 23.350176680180898 22.941835807584532
427.10416666666663 23.3473117041967 22.939256621317263
427.6041666666667 23.344447842320033 22.93668752703383
428.1041666666667 23.3415985971465 22.93412185215672
428.60416666666663 23.33876292555823 22.93156987362647
429.1041666666667 23.335941060210615 22.929026560045532
429.6041666666667 23.33312902025957 22.926488902099
430.10416666666663 23.330336912658165 22.923953837607066
430.6041666666667 23.327539468746465 22.921453415425106
431.1041666666667 23.324770058984093 22.918941556627356
431.60416666666663 23.322006687739968 22.91644272303858
432.1041666666667 23.319273805760293 22.913958277469572
432.6041666666667 23.316538389934344 22.911476751544324
433.10416666666663 23.313823848844013 22.909011730711313
433.6041666666667 23.31111827220086 22.906551946266376
434.1041666666667 23.308439362262376 22.904106129343464
434.60416666666663 23.305766740266506 22.901670541676694
435.1041666666667 23.303121606845743 22.899236457810325
435.6041666666667 23.30047242334102 22.896827173957796
436.10416666666663 23.297852116417673 22.894424038391556
436.6041666666667 23.295242070849827 22.89203215794362
437.1041666666667 23.292655861797606 22.88964858971143
437.60416666666663 23.29007115080045 22.887280661293055
438.1041666666667 23.28749967743413 22.88491522435021
438.6041666666667 23.28493789734198 22.8825575827385
439.10416666666663 23.282386218368337 22.880206061484877
439.6041666666667 23.27984550075901 22.877860910737947
440.1041666666667 23.27729090920553 22.875520081214606
440.60416666666663 23.27476059165731 22.873178543517312
441.1041666666667 23.272246981576373 22.870848923912177
441.6041666666667 23.26973068802465 22.868520022691822
442.10416666666663 23.267211118805683 22.86620584812965
442.6041666666667 23.26470106838704 22.863895667884396
443.1041666666667 23.262212969306006 22.861577750957146
443.60416666666663 23.259718025688628 22.859277425714964
444.1041666666667 23.25723315518983 22.856980314001266
444.6041666666667 23.254760914769253 22.854685555802938
445.10416666666663 23.252299305593457 22.85240137316999
445.6041666666667 23.249850005156084 22.850120734798033
446.1041666666667 23.247392985786046 22.847849279306708
446.60416666666663 23.244962475913713 22.845585330918325
447.1041666666667 23.242524257635367 22.843326024457603
447.6041666666667 23.240105965300724 22.841073568970977
448.10416666666663 23.237687949115283 22.838825323100295
448.6041666666667 23.23529074742801 22.836579535742267
449.1041666666667 23.232894892106586 22.834344707290775
449.60416666666663 23.230503781151608 22.832132160879127
450.1041666666667 23.228122162204365 22.82989912811796
450.6041666666667 23.225766911577253 22.827694469858486
451.10416666666663 23.223398792491157 22.825484695087752
451.6041666666667 23.221049158696616 22.82328688197749
452.1041666666667 23.218716188232506 22.821092385764018
452.60416666666663 23.21639252005958 22.818905788088536
453.1041666666667 23.214067229772496 22.816738834432226
453.6041666666667 23.211760710102126 22.814565550822614
454.10416666666663 23.209462184443225 22.812399761095147
454.6041666666667 23.20716977334417 22.810236685425767
455.1041666666667 23.204887450214006 22.808095398558365
455.60416666666663 23.202622597652915 22.8059591472265
456.1041666666667 23.200357523298564 22.803828983333325
456.6041666666667 23.1981173989535 22.80169511823063
457.10416666666663 23.195879287782937 22.79958173730131
457.6041666666667 23.193653868538764 22.797473527368936
458.1041666666667 23.19143073399115 22.7953720119702
458.60416666666663 23.189232293023288 22.793284703529704
459.1041666666667 23.187047248615862 22.791189169009623
459.6041666666667 23.184858576389693 22.78911159542939
460.10416666666663 23.182696809640344 22.787037389648578
460.6041666666667 23.180531297302807 22.784980218332866
461.1041666666667 23.17838920217492 22.7829328394315
461.60416666666663 23.176245842772527 22.78088471648939
462.1041666666667 23.174123710351648 22.77884965530829
462.6041666666667 23.17201659991806 22.776822460915675
463.10416666666663 23.169914173591405 22.77480347601855
463.6041666666667 23.167822294501256 22.772789095696137
464.1041666666667 23.165747543018238 22.77078790438225
464.60416666666663 23.163679327363287 22.768803983603725
465.1041666666667 23.161629482274652 22.766808811696293
465.6041666666667 23.159593573583123 22.76483813678302
466.10416666666663 23.157559190374283 22.762866859330057
466.6041666666667 23.15555628861234 22.760914360667876
467.1041666666667 23.153541338717588 22.758956131421858
467.60416666666663 23.151552394432088 22.75702020673705
468.1041666666667 23.14958123180744 22.7550937606143
468.6041666666667 23.147617168553737 22.753167136771964
469.10416666666663 23.145663679252042 22.75125350007617
469.6041666666667 23.143725212387764 22.749357021339858
