FastTrWP/PhaseSpace/IAs/snIa_0.58_30.00_0.73_0.11.csv
# %ECSV 0.9
# ---
# datatype:
# - {name: time-rel, datatype: float64}
# - {name: g, datatype: float64}
# - {name: i, datatype: float64}
# schema: astropy-2.0
time-rel g i
[from data line 864]
548.7916666666666 23.937835704856777 22.308260553297686
549.2916666666666 23.937888062237427 22.307706082993874
549.7916666666666 23.937955490596394 22.30714837487494
550.2916666666666 23.93801966591021 22.306592574378172
550.7916666666666 23.938108842764194 22.306046477271547
551.2916666666666 23.938195756136874 22.305495150220416
551.7916666666666 23.93828500449299 22.304951158061872
552.2916666666666 23.938385980546855 22.30440908539118
552.7916666666666 23.93850057178204 22.30387356463988
553.2916666666666 23.938608362298464 22.303334288712104
553.7916666666666 23.938722230074564 22.30280068490471
554.2916666666666 23.938853325939565 22.302277282519416
554.7916666666666 23.939000072881033 22.301747587299744
555.2916666666666 23.939122745284042 22.301225404924057
555.7916666666666 23.939272488107278 22.30070550591577
556.2916666666666 23.939435719976263 22.300192725832304
556.7916666666666 23.939591079537852 22.29967695334361
557.2916666666666 23.939761385402786 22.299165409290325
557.7916666666666 23.93992768601104 22.298655857665
558.2916666666666 23.940098954195864 22.29814985623806
558.7916666666666 23.94029476838987 22.297650924772224
559.2916666666666 23.940477766920356 22.297151754545112
559.7916666666666 23.94066457677738 22.296659535479492
560.2916666666666 23.94086510506897 22.29615981550812
560.7916666666666 23.94107133249216 22.295665565080572
561.2916666666666 23.941275879427188 22.29517693385223
561.7916666666666 23.941498132638973 22.294686331716793
562.2916666666666 23.941702464805022 22.294203556783152
562.7916666666666 23.94194390210619 22.2937202507611
563.2916666666666 23.94216127235166 22.293240051472694
563.7916666666666 23.94240137941146 22.292761609402678
564.2916666666666 23.942626104429742 22.292284163508125
564.7916666666666 23.942877063589783 22.291817695747163
565.2916666666666 23.94312331175225 22.291337805419055
565.7916666666666 23.943374239337558 22.290871056186546
566.2916666666666 23.9436222315928 22.2904088362344
566.7916666666666 23.943875633642456 22.289941931600588
567.2916666666666 23.944137598923525 22.28947540021505
567.7916666666666 23.94441428226684 22.289019270541598
568.2916666666666 23.944679290211507 22.288561819146526
568.7916666666666 23.944951092780137 22.288102865077093
569.2916666666666 23.945241370699428 22.28764361036771
569.7916666666666 23.94550343982298 22.287193287400704
570.2916666666666 23.94579443161708 22.28674458040405
570.7916666666666 23.94607809486814 22.286291934744312
571.2916666666666 23.946374653184847 22.285848019411816
571.7916666666666 23.946650968088292 22.285397718889577
572.2916666666666 23.946943913472396 22.284952603824753
572.7916666666666 23.947254801936673 22.284515228840323
573.2916666666666 23.94754070435858 22.28407277141587
573.7916666666666 23.947839311791128 22.283631422025184
574.2916666666666 23.948155966769384 22.28319515045413
574.7916666666666 23.94846271610099 22.282759457910466
575.2916666666666 23.94875818829696 22.2823243604376
575.7916666666666 23.949082492290053 22.281887880914425
576.2916666666666 23.94938539731259 22.28145790271652
576.7916666666666 23.949710080187717 22.281027808245256
577.2916666666666 23.950016507724822 22.280598466499764
577.7916666666666 23.95033855849249 22.280170386699638
578.2916666666666 23.950655340015324 22.27974108131624
578.7916666666666 23.95099345678428 22.27931970323199
579.2916666666666 23.95128951083645 22.278891923065824
579.7916666666666 23.951622426673925 22.278472451027994
580.2916666666666 23.951927448083467 22.278053992383057
580.7916666666666 23.952255258901232 22.277637960086544
581.2916666666666 23.952584691015932 22.27721795272317
581.7916666666666 23.952898615684965 22.27679416655465
582.2916666666666 23.953229972239015 22.27638183190427
582.7916666666666 23.953553471648142 22.275969713344278
583.2916666666666 23.9538923031705 22.275544090813206
583.7916666666666 23.954216791318146 22.275139522742954
584.2916666666666 23.954561849014645 22.27472440664286
584.7916666666666 23.954899504596867 22.27431424818129
585.2916666666666 23.95525413939915 22.27390915329041
585.7916666666666 23.955586614635042 22.273498771026475
586.2916666666666 23.95593409902569 22.273099008583785
586.7916666666666 23.956284275744096 22.272696933445438
587.2916666666666 23.956635244797432 22.272296254795606
587.7916666666666 23.95699999000587 22.27189193317831
588.2916666666666 23.95736167474888 22.2714948955712
588.7916666666666 23.957734987997977 22.271105947279295
589.2916666666666 23.95808765187398 22.27070835789693
589.7916666666666 23.95846925660471 22.27031313922707
590.2916666666666 23.95883993850066 22.269927286298575
590.7916666666666 23.95921554580408 22.269535085102806
591.2916666666666 23.959597942677497 22.269152174150463
591.7916666666666 23.959985481811557 22.268766153430573
592.2916666666666 23.960362110068356 22.268382590277014
592.7916666666666 23.960755525282863 22.267996270122346
593.2916666666666 23.961153062480673 22.267618459082662
593.7916666666666 23.96154023697372 22.26723996325171
594.2916666666666 23.96195477869997 22.26686392242967
594.7916666666666 23.962358881795613 22.266493514132556
595.2916666666666 23.96276399804494 22.266113737924247
595.7916666666666 23.963188834415128 22.265740080482196
596.2916666666666 23.963596442919346 22.26537352319901
596.7916666666666 23.96400069865131 22.26500599027531
597.2916666666666 23.96443255288462 22.264643141667534
597.7916666666666 23.96485270985213 22.26427783515428
598.2916666666666 23.965289708803464 22.263912708710585
598.7916666666666 23.96571094623342 22.263552940840302
599.2916666666666 23.966142263687217 22.263197381605405
599.7916666666666 23.966577403352826 22.262838303585887
600.2916666666666 23.96703187630632 22.262483162718016
600.7916666666666 23.967467102127298 22.262129659429117
601.2916666666666 23.967911840425625 22.261775678415347
601.7916666666666 23.968382715074952 22.261428330355578
602.2916666666666 23.96882506724385 22.26108242794146
602.7916666666666 23.96928460224577 22.26073470035846
603.2916666666666 23.96974314974573 22.260394119498677
603.7916666666666 23.970218057519507 22.260054345527678
604.2916666666666 23.970684062827914 22.25970827580658
604.7916666666666 23.97115653452073 22.25937306055618
605.2916666666666 23.971627362616882 22.259037148890826
605.7916666666666 23.97212559283038 22.258702056925333
606.2916666666666 23.97259416091746 22.25836896228693
606.7916666666666 23.97307356270651 22.258033555796985
607.2916666666666 23.973578103526492 22.257708862813608
607.7916666666666 23.974073818657633 22.257389988996184
608.2916666666666 23.974583926556477 22.257056385925644
608.7916666666666 23.975056786406228 22.256742067819513
609.2916666666666 23.975575361319983 22.256413537766818
609.7916666666666 23.976088257169373 22.25609090089812
610.2916666666666 23.9766088139411 22.255778323601394
610.7916666666666 23.97710018929235 22.25546632050717
611.2916666666666 23.977625865614254 22.255149129487233
611.7916666666666 23.97815760275904 22.25483841895286
612.2916666666666 23.978693254600895 22.25452687891531
612.7916666666666 23.97921435741431 22.25421815202441
613.2916666666666 23.979761951210968 22.253911804864316
613.7916666666666 23.980291747457244 22.253610835273115
614.2916666666666 23.980816845152205 22.25330889932296
614.7916666666666 23.98138562858122 22.253010479277094
615.2916666666666 23.981931089180897 22.2527127817786
615.7916666666666 23.98248683110345 22.252415761629976
616.2916666666666 23.983027269476842 22.252124784175876
616.7916666666666 23.983606458517954 22.25183579669542
617.2916666666666 23.98418875314285 22.251545462651087
617.7916666666666 23.984740181843268 22.251256019195434
618.2916666666666 23.98530961174794 22.250975228448063
618.7916666666666 23.98589422749916 22.250689873865582
619.2916666666666 23.986476884209065 22.250404403632324
619.7916666666666 23.98704814999934 22.2501314663522
620.2916666666666 23.987651512850377 22.24985942503556
620.7916666666666 23.988239226592324 22.24957516983239
621.2916666666666 23.9888463539871 22.249307437081786
621.7916666666666 23.98944373550799 22.24903429374666
622.2916666666666 23.990050774937217 22.248762909674653
622.7916666666666 23.99064845012418 22.24849822311304
623.2916666666666 23.991257268205825 22.24823143059462
623.7916666666666 23.991881433667558 22.24796168686177
624.2916666666666 23.992500085839545 22.24770346732545
624.7916666666666 23.99312263145495 22.247444118822695
625.2916666666666 23.993741436754586 22.24718318320376
625.7916666666666 23.994387153679334 22.24692179251102
626.2916666666666 23.995018744276095 22.246670922663437
626.7916666666666 23.99564741107294 22.24641203753263
627.2916666666666 23.996288250718038 22.246163379113774
627.7916666666666 23.996935866132798 22.245909085079717
628.2916666666666 23.99758939210896 22.24566682095577
628.7916666666666 23.99824029481797 22.245416912735756
629.2916666666666 23.998909348760705 22.24517522962744
629.7916666666666 23.999567471190318 22.244933084867554
630.2916666666666 24.000224833112878 22.244682654352864
630.7916666666666 24.000891752238903 22.244449266207216
631.2916666666666 24.0015737622627 22.244210055979448
631.7916666666666 24.00224741639444 22.2439775300006
632.2916666666666 24.002935090584362 22.243737787537093
632.7916666666666 24.003622980887243 22.243508377399472
633.2916666666666 24.004301452248992 22.2432805465098
633.7916666666666 24.004990063198175 22.24305329576366
634.2916666666666 24.005699084412356 22.24282527600343
634.7916666666666 24.00639314543392 22.242601111169517
635.2916666666666 24.007091188013938 22.242378760990526
635.7916666666666 24.007815593901498 22.242161005008295
636.2916666666666 24.00851517074006 22.241943551941254
636.7916666666666 24.00923939635897 22.24171901886639
637.2916666666666 24.00996186187423 22.241504987365296
637.7916666666666 24.010681658207908 22.241287258805016
638.2916666666666 24.011409864793055 22.24107815768197
638.7916666666666 24.012147199093597 22.240872441512817
639.2916666666666 24.012881427571486 22.240658579655097
639.7916666666666 24.01363510919539 22.240461420413524
640.2916666666666 24.014367355052006 22.240251500740996
640.7916666666666 24.01510620967256 22.240053906112283
641.2916666666666 24.015869353620403 22.239853571395862
641.7916666666666 24.01663255054041 22.23965744356081
642.2916666666666 24.017391614480907 22.239461630806844
642.7916666666666 24.01814337681959 22.23926521485373
643.2916666666666 24.01892636879697 22.239076955565288
643.7916666666666 24.019698220940725 22.23888027204476
644.2916666666666 24.020460537317017 22.238695693602484
644.7916666666666 24.02126255650565 22.238499942855334
645.2916666666666 24.022055333593045 22.238318637089524
645.7916666666666 24.022831665960855 22.238138419617762
646.2916666666666 24.023630381141995 22.237956174195133
646.7916666666666 24.024424799604553 22.237781754812712
647.2916666666666 24.02522416397546 22.237599153856557
647.7916666666666 24.02604120392467 22.237432367186724
648.2916666666666 24.026850129174186 22.237256329030384
648.7916666666666 24.027672142798025 22.23708377126251
649.2916666666666 24.02848384604259 22.236918871578865
649.7916666666666 24.02932277839711 22.236750684010072
650.2916666666666 24.030131124442757 22.236587191184377
650.7916666666666 24.030981179050617 22.236424130000863
651.2916666666666 24.03180541873235 22.236266896369983
651.7916666666666 24.032656666342977 22.23610825408723
652.2916666666666 24.033486214594898 22.23595135552383
652.7916666666666 24.034343873917607 22.235797312837
653.2916666666666 24.03520421877527 22.235646786486637
653.7916666666666 24.03607266379271 22.235494600745117
654.2916666666666 24.036918824693316 22.235344181993035
654.7916666666666 24.037805150440285 22.235196330018777
655.2916666666666 24.038669181135866 22.235049388634582
655.7916666666666 24.039538616657655 22.234910563683723
656.2916666666666 24.040433834439202 22.23477335745509
656.7916666666666 24.04130384416552 22.23463122157505
657.2916666666666 24.04220752958817 22.23450068928716
657.7916666666666 24.043102047759852 22.23436473312924
658.2916666666666 24.044008377459157 22.23422848231582
658.7916666666666 24.044911124704797 22.23410169339678
659.2916666666666 24.045825569814845 22.233973836154
659.7916666666666 24.046737803142776 22.233852070963298
660.2916666666666 24.047670845286554 22.23372866217261
660.7916666666666 24.048597798569386 22.233604380089606
661.2916666666666 24.049541135735186 22.2334908777566
661.7916666666666 24.050479754712455 22.233374671330502
662.2916666666666 24.05142963094186 22.23325835883355
662.7916666666666 24.052390531722896 22.233148167386556
663.2916666666666 24.053345900491266 22.23304009929871
663.7916666666666 24.054304011112496 22.232936098485688
664.2916666666666 24.055286813970895 22.232828592053906
664.7916666666666 24.05625834034421 22.232730999357617
665.2916666666666 24.057253920633762 22.2326210570597
665.7916666666666 24.058235987592823 22.23252933590654
666.2916666666666 24.059228640542848 22.232432075253964
666.7916666666666 24.060238724673898 22.23233613000731
667.2916666666666 24.061267762375277 22.23224244715908
667.7916666666666 24.062269081954227 22.232157407286056
668.2916666666666 24.063289452491475 22.2320716997977
668.7916666666666 24.064297641874536 22.2319880164843
669.2916666666666 24.065320260533447 22.231904596957513
669.7916666666666 24.066364016160115 22.231822755212498
670.2916666666666 24.067388261166556 22.23173801645425
670.7916666666666 24.068432880413447 22.231664767832747
671.2916666666666 24.06949516369927 22.231589109359735
671.7916666666666 24.070527703900776 22.231512066887067
672.2916666666666 24.071599621754775 22.231436703024016
672.7916666666666 24.072659052123594 22.231366143752716
673.2916666666666 24.07371429324904 22.231306111713415
673.7916666666666 24.0747840111527 22.231237661736763
674.2916666666666 24.075873191032038 22.23117169934001
674.7916666666666 24.076932875291888 22.23111131406811
675.2916666666666 24.078029617661265 22.231050646423878
675.7916666666666 24.079113233945474 22.23098770295603
676.2916666666666 24.080206531627667 22.230933277100448
676.7916666666666 24.081288533035845 22.23087925917907
677.2916666666666 24.082391879603374 22.230826716474695
677.7916666666666 24.08349327712502 22.230775400218008
678.2916666666666 24.08461495697248 22.230721922904767
678.7916666666666 24.085724680961217 22.230666074318467
679.2916666666666 24.086830144187577 22.23062567148746
679.7916666666666 24.08795783861528 22.230581010248592
680.2916666666666 24.08907331808504 22.230537925224347
680.7916666666666 24.090194184975417 22.23049664947784
681.2916666666666 24.09133180550212 22.230451982338863
681.7916666666666 24.09247159149496 22.230409590399344
682.2916666666666 24.093599985430046 22.230369601356994
682.7916666666666 24.094740675671474 22.2303377645723
683.2916666666666 24.095879507496743 22.230303839910274
683.7916666666666 24.097030855533323 22.23026557906
684.2916666666666 24.098161744292845 22.23023458192992
684.7916666666666 24.09931753285571 22.23020594320827
685.2916666666666 24.10048670329038 22.23018159166862
685.7916666666666 24.10162779433204 22.230151304425974
686.2916666666666 24.102785867358687 22.230124980427433
686.7916666666666 24.10394690716434 22.2301022294914
687.2916666666666 24.10511098972033 22.230079075158486
687.7916666666666 24.106277983836936 22.23004987636442
688.2916666666666 24.107439709995685 22.230038930045964
688.7916666666666 24.108609581449223 22.230016511624513
689.2916666666666 24.109781700309505 22.229998402790997
689.7916666666666 24.110948460166163 22.229974791562714
690.2916666666666 24.11213283378574 22.229964967186934
690.7916666666666 24.113314794852148 22.22995043516672
691.2916666666666 24.11449140548804 22.22993442030417
691.7916666666666 24.115660930756746 22.22992917639949
692.2916666666666 24.11685937132532 22.22991776385043
692.7916666666666 24.11804044367226 22.229905732521672
