FastTrWP/PhaseSpace/IAs/snIa_0.37_30.00_-0.40_0.01.csv
# %ECSV 0.9
# ---
# datatype:
# - {name: time-rel, datatype: float64}
# - {name: g, datatype: float64}
# - {name: i, datatype: float64}
# schema: astropy-2.0
time-rel g i
[from data line 866]
636.6041666666666 22.978977368987408 22.542853958258643
637.1041666666666 22.97914731849196 22.54227903006307
637.6041666666666 22.979334006089807 22.54171041235535
638.1041666666666 22.97952373152249 22.54114692613352
638.6041666666666 22.979705398267676 22.540584808271408
639.1041666666666 22.97990258170526 22.540026478560343
639.6041666666666 22.980104011871187 22.53946610474196
640.1041666666666 22.980315228675437 22.538905799519256
640.6041666666666 22.980525598572047 22.538352790019577
641.1041666666666 22.980729312856454 22.537801546937445
641.6041666666666 22.980944259217466 22.53725646709637
642.1041666666666 22.981173903596925 22.5367016820714
642.6041666666666 22.98140209877171 22.53615555923787
643.1041666666666 22.98163139686232 22.535615095466564
643.6041666666666 22.981879747285056 22.535070628872397
644.1041666666666 22.98211204981375 22.53453091471851
644.6041666666666 22.98236113920853 22.53399325113849
645.1041666666666 22.982620234109 22.533461543020138
645.6041666666666 22.982874899840837 22.532920548903498
646.1041666666666 22.983125506636306 22.532390355275503
646.6041666666666 22.983407445331316 22.531859954890294
647.1041666666666 22.983671037358306 22.531332726417226
647.6041666666666 22.983950868893373 22.530811894927822
648.1041666666666 22.98424074842731 22.530282254858108
648.6041666666666 22.98451554235241 22.529767491214937
649.1041666666666 22.984817988631455 22.529248083222797
649.6041666666666 22.985110046462175 22.528732782491737
650.1041666666666 22.985409164991264 22.528216507909736
650.6041666666666 22.985724481869948 22.527707144227065
651.1041666666666 22.986035587800124 22.52719645075015
651.6041666666666 22.986348191286567 22.526688371004674
652.1041666666666 22.98666834682897 22.52618799557018
652.6041666666666 22.986999800778733 22.52568057106329
653.1041666666666 22.987332301104818 22.5251783809244
653.6041666666666 22.98766714227497 22.524671673945697
654.1041666666666 22.988011340403048 22.524184197110944
654.6041666666666 22.98835492755078 22.523681702764375
655.1041666666666 22.988709365750395 22.523198877992566
655.6041666666666 22.98906844383394 22.522708944227436
656.1041666666666 22.98943386467029 22.522233354603056
656.6041666666666 22.989793921196245 22.521738682598652
657.1041666666666 22.990170636320176 22.5212599498283
657.6041666666666 22.99054311537037 22.520769140563175
658.1041666666666 22.990925261215015 22.52029728809472
658.6041666666666 22.99132799301737 22.51982030911721
659.1041666666666 22.991714516553667 22.519352779425304
659.6041666666666 22.992105381689434 22.518880773971706
660.1041666666666 22.9925241031192 22.518410742790763
660.6041666666666 22.992927610689136 22.517938193887655
661.1041666666666 22.993332511730852 22.517484713197398
661.6041666666666 22.993770945618177 22.517015458237445
662.1041666666666 22.994203589810432 22.516555934404934
662.6041666666666 22.994630383375586 22.516091396167894
663.1041666666666 22.995077440983223 22.51562943311948
663.6041666666666 22.995534404581406 22.515175203209562
664.1041666666666 22.995989158161827 22.514727479894198
664.6041666666666 22.996445632804594 22.514273640222463
665.1041666666666 22.996916790333376 22.51381833189567
665.6041666666666 22.99739530728772 22.513370854368283
666.1041666666666 22.997871845698743 22.5129193728681
666.6041666666666 22.998358206080876 22.51246930272375
667.1041666666666 22.998852798823563 22.51202458975655
667.6041666666666 22.999353854581702 22.51158682897518
668.1041666666666 22.99986029364197 22.511141205081223
668.6041666666666 23.00037218984855 22.51070908967747
669.1041666666666 23.00088247399828 22.51026664297257
669.6041666666666 23.001410067941595 22.509832209521047
670.1041666666666 23.001938120814902 22.50939669363558
670.6041666666666 23.002467357164473 22.508965083418
671.1041666666666 23.003004679021018 22.5085388745758
671.6041666666666 23.00354911497434 22.50810576245946
672.1041666666666 23.004089176862475 22.507682433790368
672.6041666666666 23.004661929833745 22.507265580148935
673.1041666666666 23.00520567296104 22.50684571499604
673.6041666666666 23.005771671820266 22.506427413471165
674.1041666666666 23.006332486462906 22.506010946730754
674.6041666666666 23.00690883696265 22.50559376503749
675.1041666666666 23.007489952859395 22.505185368582854
675.6041666666666 23.00806866586042 22.504774753537653
676.1041666666666 23.00866418902999 22.504369657192214
676.6041666666666 23.009248683387117 22.503962187894256
677.1041666666666 23.009860881382927 22.503553558089177
677.6041666666666 23.010454819104424 22.50315928716496
678.1041666666666 23.011044289544728 22.50275581657704
678.6041666666666 23.01166775384101 22.502368269695474
679.1041666666666 23.012280152705813 22.501971818014876
679.6041666666666 23.012891393028127 22.50158755456726
680.1041666666666 23.013517379470244 22.501192564108706
680.6041666666666 23.014149507470037 22.500810901190384
681.1041666666666 23.014762988222866 22.50042875444979
681.6041666666666 23.01540334600691 22.500052244085605
682.1041666666666 23.016036771272503 22.499670942452386
682.6041666666666 23.016682670795348 22.499301529737576
683.1041666666666 23.01731986223723 22.498921595474872
683.6041666666666 23.017965410651872 22.49855374451148
684.1041666666666 23.01861746182835 22.498187583922924
684.6041666666666 23.019268082274536 22.497831860932813
685.1041666666666 23.019937072940564 22.497468749814487
685.6041666666666 23.020587528733664 22.497112226347255
686.1041666666666 23.021252622996432 22.496761345207833
686.6041666666666 23.021918120269458 22.496407816414745
687.1041666666666 23.02258399881905 22.496055544767618
687.6041666666666 23.023256010420475 22.495712498027256
688.1041666666666 23.02393652127583 22.495371719562076
688.6041666666666 23.02461373458804 22.495029957149395
689.1041666666666 23.02529114627481 22.494689243138733
689.6041666666666 23.025972817485435 22.49435558335498
690.1041666666666 23.02665753457999 22.49402598158605
690.6041666666666 23.02733801745059 22.493701912774675
691.1041666666666 23.02802784451491 22.493374119565857
691.6041666666666 23.028727119932082 22.49304763000932
692.1041666666666 23.029411885610887 22.492736329472756
692.6041666666666 23.030104653412167 22.49242168504727
