FastTrWP/PhaseSpace/IAs/snIa_0.44_30.00_1.42_0.07.csv
# %ECSV 0.9
# ---
# datatype:
# - {name: time-rel, datatype: float64}
# - {name: g, datatype: float64}
# - {name: i, datatype: float64}
# schema: astropy-2.0
time-rel g i
-406.0 26.976157855212755 24.838537870981646
-405.5 26.9515575247113 24.82996196093533
-405.0 26.927221097227438 24.821425560722027
-404.5 26.903216329541163 24.812900006898012
-404.0 26.87954018122484 24.804426105186504
-403.5 26.856074350478348 24.79596624821427
-403.0 26.832916695177317 24.787531152731507
-402.5 26.810072967560753 24.779126550148153
-402.0 26.78750341047757 24.770795155422146
-401.5 26.765157214982334 24.76244161374808
-401.0 26.74317307459397 24.754145638422766
-400.5 26.7213302481859 24.745878023529695
-400.0 26.699811965092472 24.737654804656817
-399.5 26.6784765941313 24.72942373082428
-399.0 26.657492791289084 24.721276968195415
-398.5 26.636703923843452 24.713117338353406
-398.0 26.616135148148125 24.705020905285778
-397.5 26.595780328341036 24.69693411396143
-397.0 26.575642275153776 24.688915162227968
-396.5 26.55580604237775 24.680884804889686
-396.0 26.53613637099644 24.6729186466049
-395.5 26.51672362049478 24.664985528905923
-395.0 26.497515935942285 24.657042699035934
-394.5 26.478474278857473 24.649185882422753
-394.0 26.45970415059162 24.641330665883203
-393.5 26.441133790671415 24.63353536054132
-393.0 26.422714433531706 24.625752217994968
-392.5 26.404498634042973 24.618001025340096
-392.0 26.386518247068032 24.610313235152546
-391.5 26.368675482591076 24.602640497128377
-391.0 26.35106354579044 24.59501177076312
-390.5 26.33361974994925 24.587397680392375
-390.0 26.316337093100298 24.579823399291424
-389.5 26.299243640001933 24.572280870840775
-389.0 26.282347413359716 24.56478202949342
-388.5 26.265572338450795 24.557320987756164
-388.0 26.24905107937551 24.549876936420407
-387.5 26.232659268301134 24.542462462456157
-387.0 26.216433673747147 24.535095072694823
-386.5 26.200340619857485 24.527748419492855
-386.0 26.18429499099348 24.52042762748198
-385.5 26.16843504764949 24.513120720936815
-385.0 26.152589484667907 24.505842391983137
-384.5 26.136911305690475 24.498581048696913
-384.0 26.12133864554305 24.491312272689875
-383.5 26.10586826434257 24.484108929577243
-383.0 26.09049826789875 24.47690543810434
-382.5 26.075238767028246 24.469725546211144
-382.0 26.060121367057967 24.46256250972324
-381.5 26.045041964335635 24.455416367824355
-381.0 26.03012063651651 24.44830382104428
-380.5 26.01524428708096 24.44120490188345
-380.0 26.000558299036683 24.434135654191653
-379.5 25.985915131282894 24.427076467504975
-379.0 25.971396406035847 24.420048855370165
-378.5 25.956962676054843 24.413058416078254
-378.0 25.942640233402173 24.406058824585294
-377.5 25.928456145413065 24.399095182655795
-377.0 25.914293781836474 24.392141844380607
-376.5 25.900278207184396 24.385222920566278
-376.0 25.886352332852702 24.378350851646697
-375.5 25.87251251506642 24.37146997033536
-375.0 25.858801290779645 24.364608010979826
-374.5 25.845153839344874 24.357797068059174
-374.0 25.83165269511543 24.350981354941403
-373.5 25.818172604695427 24.344197795651276
-373.0 25.804862005811074 24.337443236205836
-372.5 25.791574100942086 24.33071093153423
-372.0 25.778424954134444 24.32399445246949
-371.5 25.765363348960978 24.31730496462822
-371.0 25.752396612538554 24.310653595173658
-370.5 25.739529872871678 24.30398612324801
-370.0 25.726708865696473 24.29735117769242
-369.5 25.713994428973628 24.290781243653452
-369.0 25.70138264933557 24.284207485373667
-368.5 25.688899311577483 24.277642640507718
-368.0 25.676479291629924 24.27113817480305
-367.5 25.664107318545135 24.264628395825248
-367.0 25.65185766135818 24.258153659565302
-366.5 25.639634273167292 24.25168120085067
-366.0 25.62755554638581 24.245245619622068
-365.5 25.6155322192917 24.238852177398805
-365.0 25.603651235851487 24.23245357704667
-364.5 25.591764629084803 24.22609732569995
-364.0 25.580030432467886 24.219734443475925
-363.5 25.56834526362053 24.213424313114015
-363.0 25.556735391965017 24.20713366913331
-362.5 25.545242525103347 24.20086809601188
-362.0 25.533792208855758 24.19462035997072
-361.5 25.52245237092871 24.188410443935044
-361.0 25.51116109376406 24.182207218670634
-360.5 25.49991490372296 24.17602445664882
-360.0 25.48882335622203 24.169880366281696
-359.5 25.477760055629894 24.163732913094613
-359.0 25.466817121708566 24.15763986691062
-358.5 25.455881850351876 24.151554805439268
-358.0 25.44505276981141 24.14549079288083
-357.5 25.434340356000142 24.139454860824287
-357.0 25.423638954857488 24.133442309447343
-356.5 25.41304565177025 24.12746246500745
-356.0 25.402508893209635 24.12149264535801
-355.5 25.392023001212635 24.115548851225704
-355.0 25.381650720654928 24.109630884882236
-354.5 25.371324214088816 24.103725974979632
-354.0 25.361099586514058 24.09785000760118
-353.5 25.35088636351203 24.092010593910814
-353.0 25.34080711596904 24.086164292105142
-352.5 25.330743017256772 24.08037118082266
-352.0 25.320751533574935 24.074564090888806
-351.5 25.31077240148091 24.068792691164923
-351.0 25.300856980464886 24.06302061863574
-350.5 25.290941333428997 24.057270568454875
-350.0 25.281070956336208 24.05153167950216
-349.5 25.27124712203595 24.04579878080137
-349.0 25.26149145304291 24.040083340662136
-348.5 25.25173891900863 24.03437171956423
-348.0 25.242017725586585 24.028681641168554
-347.5 25.232374714680642 24.023030544891412
-347.0 25.222764178824587 24.017361966906577
-346.5 25.21318994357196 24.01170539343209
-346.0 25.20367151225863 24.00608029635781
-345.5 25.19418257382831 24.00046790941104
-345.0 25.184762452140408 23.994874356096094
-344.5 25.17533300042597 23.98928215346679
-344.0 25.166009179994408 23.983715525333448
-343.5 25.15669146423374 23.978172851564278
-343.0 25.147432613183955 23.972630981225084
-342.5 25.138210444700242 23.967114112478423
-342.0 25.129014441644713 23.961616895515544
-341.5 25.11988294324196 23.956114087712802
-341.0 25.11082481528824 23.950650375668804
-340.5 25.10179943198452 23.945198674853295
-340.0 25.092804831314677 23.939763985204024
-339.5 25.083884554326712 23.934350524177646
-339.0 25.074986001978683 23.92894936130176
-338.5 25.06610355391298 23.92356415768608
-338.0 25.057344497370096 23.918203739475793
-337.5 25.048584632153393 23.912848772309715
-337.0 25.03987809527773 23.90751685801673
-336.5 25.031224344433397 23.902221186815602
-336.0 25.022625315008604 23.89691564363066
-335.5 25.014079413251302 23.891643485329617
-335.0 25.005557875660944 23.886387006133504
-334.5 24.99708514079358 23.88113500094372
-334.0 24.98868389621801 23.87592050509708
-333.5 24.980334924341953 23.870730312343262
-333.0 24.972018832478497 23.865558900887866
-332.5 24.96375230137041 23.860403116506088
-332.0 24.955519443844306 23.855254837789825
-331.5 24.94735080935134 23.850130279098064
-331.0 24.939242712588076 23.845034086181727
-330.5 24.931167094859923 23.83995007532124
-330.0 24.923137677646086 23.83488282002211
-329.5 24.915168057736633 23.82983572366093
-329.0 24.907237717822632 23.824819810150526
-328.5 24.899366873834094 23.819803815308383
-328.0 24.891547054360842 23.814821465757543
-327.5 24.883768191619918 23.809863112990094
-327.0 24.87602756981434 23.80492649496543
-326.5 24.868364537508395 23.799997455688704
-326.0 24.860723343609568 23.79511234170822
-325.5 24.853126909003954 23.790222100552324
-325.0 24.84558441543381 23.785363455363647
-324.5 24.83809803483039 23.780512589633517
-324.0 24.830668649007524 23.775695972400122
-323.5 24.823280201417496 23.77089525940086
-323.0 24.81592144080929 23.76612170428426
-322.5 24.80863567952288 23.761356735617568
-322.0 24.801402410702945 23.7566253510173
-321.5 24.794194404935787 23.7519033637026
-321.0 24.787034456169454 23.74720136271922
-320.5 24.779944644661278 23.742527376328614
-320.0 24.772905436106495 23.737883214356813
-319.5 24.765883588428196 23.73323969587232
-319.0 24.75892942205661 23.72863163363938
-318.5 24.75201249826152 23.72403391006185
-318.0 24.745138965939258 23.719470477875646
-317.5 24.73829646315376 23.714900358496443
-317.0 24.731476654645892 23.71036694311269
-316.5 24.724695031027174 23.705829520386605
-316.0 24.71790894759323 23.701300653185598
-315.5 24.71113873025164 23.69678447240668
-315.0 24.70443456176128 23.692281642274228
-314.5 24.6977274207854 23.687788005927874
-314.0 24.69105899909763 23.68331592777369
-313.5 24.684424827942912 23.67885280978369
-313.0 24.677795428105096 23.67439054025283
-312.5 24.671200914689596 23.66995943432475
-312.0 24.664641299652047 23.665515279700216
-311.5 24.658095422902907 23.661108172140885
-311.0 24.65157771449842 23.656689699333498
-310.5 24.645096631015512 23.65231265665113
-310.0 24.638631674116837 23.647939842801087
-309.5 24.632186388581122 23.643581353144985
-309.0 24.625781850986943 23.639227426937687
-308.5 24.619406077508742 23.634887531999624
-308.0 24.613076858216303 23.630562787175172
-307.5 24.606751649009354 23.626249104116287
-307.0 24.600443952783834 23.621942969275928
-306.5 24.594178798004403 23.617672733462967
-306.0 24.587954880224842 23.613413778394786
-305.5 24.581755781248937 23.609147330481193
-305.0 24.575572496696903 23.604914696386313
-304.5 24.569415504036453 23.600690695501157
-304.0 24.563322910367358 23.596477084658474
-303.5 24.557220257894574 23.592278792400037
-303.0 24.551169343815825 23.588105130984324
-302.5 24.54513800080816 23.583940828505952
-302.0 24.53912471280066 23.579781447926635
-301.5 24.533184248887654 23.57564465158834
-301.0 24.527242847185924 23.571511821904995
-300.5 24.521322571369417 23.567406900379932
-300.0 24.515445078155604 23.563318817470616
-299.5 24.509600144730985 23.559223627327505
-299.0 24.50380691240355 23.555162191067737
-298.5 24.49798483821189 23.551114721919546
-298.0 24.49226132023671 23.547088235365564
-297.5 24.486527515668666 23.543085459068177
-297.0 24.48085119176273 23.53906739975677
-296.5 24.47518891980158 23.535094492312325
-296.0 24.46954802382731 23.531121003936633
-295.5 24.463965682605384 23.527163595643902
-295.0 24.458396243498473 23.52321905862542
-294.5 24.45284980286122 23.519309738954995
-294.0 24.447333701451587 23.515383762595043
-293.5 24.441880843618662 23.51150700444988
-293.0 24.43643469602465 23.507629064661593
-292.5 24.431028359824186 23.503757071675402
-292.0 24.425641086707742 23.499913310201535
-291.5 24.420312699136332 23.496085560247497
-291.0 24.415000093560405 23.492273473621246
-290.5 24.40970842837082 23.48848133160072
-290.0 24.404466690647805 23.48470366543863
-289.5 24.39924887431635 23.480936400416013
-289.0 24.39404625760648 23.47719809691811
-288.5 24.388901074336516 23.473460997588287
-288.0 24.383769779173868 23.469746703200457
-287.5 24.37868680920507 23.46605480352882
-287.0 24.373628824339765 23.46235979036357
-286.5 24.36860744317832 23.45870323925076
-286.0 24.36361715316695 23.455057746808635
-285.5 24.358655878056304 23.45143080178005
-285.0 24.35372488728487 23.44781352738822
-284.5 24.348825149932203 23.444208806320134
-284.0 24.343945727430135 23.440634521297213
-283.5 24.339120854427193 23.437066879827903
-283.0 24.334318010086417 23.433519346112774
-282.5 24.32953733396891 23.429984552810428
-282.0 24.3247773548311 23.426454174556923
-281.5 24.3200337833774 23.42295205952286
-281.0 24.315326629513837 23.41945026515031
-280.5 24.310647171800493 23.41597572668205
-280.0 24.30596570361825 23.412498910486494
-279.5 24.301324604508558 23.409042322469887
-279.0 24.296722498504607 23.40560083126268
-278.5 24.292130897031278 23.402174441593377
-278.0 24.287561359838065 23.39874615086981
-277.5 24.28300592069194 23.395347025676077
-277.0 24.27846767393691 23.391950493240422
-276.5 24.27397586081364 23.388564286587545
-276.0 24.269483257741015 23.385198017385225
-275.5 24.26502060343928 23.38184571695678
-275.0 24.260573455409155 23.378504054038398
-274.5 24.25613979862034 23.375168198014762
-274.0 24.25175813668193 23.37184145297013
-273.5 24.247367845631096 23.368524938601986
-273.0 24.24299726541406 23.365226109322883
-272.5 24.23865933219958 23.36193795726661
-272.0 24.234338585500154 23.35866466270259
-271.5 24.230040403950532 23.35539376162464
-271.0 24.225760190460868 23.352138157226435
-270.5 24.22148102670663 23.34889279387751
-270.0 24.21725245491433 23.34566274733913
-269.5 24.212992879481586 23.342430304141132
-269.0 24.20880439428548 23.339216158739156
-268.5 24.20461800082457 23.336020004497424
-268.0 24.200426623451662 23.3328256236099
-267.5 24.196273418392916 23.329647614700704
-267.0 24.19211920655457 23.326467216207547
-266.5 24.18802476365868 23.323317970704988
-266.0 24.18391827773645 23.32015916688137
-265.5 24.179807587490778 23.317015286402764
-265.0 24.175748991019393 23.313883342014382
-264.5 24.171695044105597 23.310767881463605
-264.0 24.16764662146164 23.307647346039037
-263.5 24.163623129977715 23.304534574186814
-263.0 24.159616370313746 23.3014427753239
-262.5 24.155640845023555 23.298359053302487
-262.0 24.151649703194657 23.295277402524633
-261.5 24.147695997538833 23.29221019957531
-261.0 24.143749589460075 23.289152642082243
-260.5 24.139841204838962 23.286094798753993
-260.0 24.135926368106123 23.283064566399744
-259.5 24.132011888335523 23.280019440583253
-259.0 24.128116699016402 23.276992267590604
-258.5 24.124258410216303 23.27399270364664
-258.0 24.12039421246685 23.270973065080724
-257.5 24.116558884371862 23.2679782025205
-257.0 24.11271936798478 23.26498358545123
-256.5 24.108917715061363 23.261998459897704
-256.0 24.105109956610814 23.2590349656492
-255.5 24.101320006461023 23.256055428626713
-255.0 24.097537308197534 23.253097714011158
-254.5 24.093797492746873 23.250147045905823
-254.0 24.090039598548515 23.24720850537553
-253.5 24.0863161438457 23.2442635043369
-253.0 24.08259579786808 23.24133726406137
-252.5 24.078872288964316 23.238415797063986
-252.0 24.075178244605407 23.235502098979897
-251.5 24.071496952727237 23.232592749694312
-251.0 24.067833266054507 23.229699631001836
-250.5 24.064172899424747 23.226807305918904
-250.0 24.06052728170655 23.22392071834613
-249.5 24.05688702022919 23.221052526080545
-249.0 24.053254901190506 23.218169938650405
-248.5 24.049652340693335 23.21529968372401
-248.0 24.046057117541434 23.212458051265237
-247.5 24.042484594907872 23.20961482062802
-247.0 24.038911276468244 23.206778013111354
-246.5 24.03536038149474 23.203948780502213
-246.0 24.0318137700285 23.201130115645235
-245.5 24.028282630837523 23.1983104835011
-245.0 24.02474221234157 23.195517768201242
-244.5 24.02124796080244 23.19271490680899
-244.0 24.017771565399457 23.189924926696186
-243.5 24.014287408232175 23.187148243659
-243.0 24.01081648906772 23.18437718925577
-242.5 24.00736127258422 23.18160337297845
-242.0 24.003906844031683 23.178839726198902
-241.5 24.000492236877243 23.17609042077908
-241.0 23.997066491981812 23.173346224238557
-240.5 23.99365379477901 23.170603207524422
-240.0 23.990265806117232 23.16786888110289
-239.5 23.986881732097075 23.16515355395371
-239.0 23.983508873576575 23.1624459351961
-238.5 23.98013665726253 23.159732589227275
-238.0 23.976791799981612 23.157039368048345
-237.5 23.973440662510676 23.154339832446706
-237.0 23.970112866684698 23.151650345427658
-236.5 23.9668049705655 23.14896769474239
-236.0 23.96350034778154 23.1462986988374
-235.5 23.960202810212856 23.14361897286687
-235.0 23.95691136742336 23.14097182581714
-234.5 23.953636086132683 23.13829866764879
-234.0 23.950373434795402 23.13565990788146
-233.5 23.947111990868247 23.133015122591583
-233.0 23.943878836010466 23.130391214158404
-232.5 23.94063480081151 23.12775738658562
-232.0 23.937400306049707 23.1251310578195
-231.5 23.93418486509765 23.122514129355164
-231.0 23.930988625266533 23.11990480980993
-230.5 23.927790037695114 23.117300513909676
-230.0 23.924602946427843 23.11470947685532
-229.5 23.921422785169632 23.11210266090457
-229.0 23.91825755638889 23.109519953718916
-228.5 23.915101111977396 23.106932099272328
-228.0 23.911951601696387 23.104358050384256
-227.5 23.908813444172225 23.101793679747576
-227.0 23.90567545485885 23.099230882662965
-226.5 23.902554992314332 23.096673213762422
-226.0 23.899438096059683 23.09411949686366
