FastTrWP/PhaseSpace/IAs/snIa_0.52_30.00_-0.18_-0.05.csv
# %ECSV 0.9
# ---
# datatype:
# - {name: time-rel, datatype: float64}
# - {name: g, datatype: float64}
# - {name: i, datatype: float64}
# schema: astropy-2.0
time-rel g i
[from data line 1012]
664.4375 23.333160805963622 22.42634412081027
664.9375 23.33411453702007 22.42610136669688
665.4375 23.33509019057791 22.42586526419601
665.9375 23.33605465992679 22.425630946512953
666.4375 23.337050688223336 22.42539780106251
666.9375 23.338035997588346 22.42516731818601
667.4375 23.339016225646642 22.424941551944446
667.9375 23.340024357311524 22.424717274277917
668.4375 23.341025098822286 22.424491940915836
668.9375 23.342030111707825 22.42427089868071
669.4375 23.34305619460835 22.42405001573641
669.9375 23.344056417373093 22.423837834888314
670.4375 23.34508807669808 22.423619222767236
670.9375 23.346129615492586 22.423411735707973
671.4375 23.347156621550287 22.423201142888697
671.9375 23.348194968070057 22.422996774062554
672.4375 23.349243825914563 22.42279028590101
672.9375 23.35029596275152 22.422584553194294
673.4375 23.351343939092377 22.42238683356973
673.9375 23.352405427883216 22.422189542386786
674.4375 23.35347554240571 22.421992017113777
674.9375 23.354541238982097 22.421795757722798
675.4375 23.35562677122489 22.42160522199346
675.9375 23.356691038941214 22.421420940259928
676.4375 23.357786645153155 22.42122371419931
676.9375 23.35887079596519 22.421043200547434
677.4375 23.359957459122977 22.420860872402205
677.9375 23.361062609914384 22.420676637698715
678.4375 23.36215397230326 22.42050191141781
678.9375 23.36325899001976 22.420320429171827
679.4375 23.364368026463005 22.420147352144784
679.9375 23.36547127392386 22.41997435782276
680.4375 23.366597429587245 22.419804813760674
680.9375 23.367702667274294 22.41963861430088
681.4375 23.36883579478274 22.41947208433964
681.9375 23.369962963898953 22.41930951329244
682.4375 23.371083700537877 22.41915412752634
682.9375 23.372228371489044 22.418988217370924
683.4375 23.373355844244657 22.41882705145813
683.9375 23.374499796853367 22.41868050953213
684.4375 23.375644140324262 22.418521138249442
684.9375 23.37679595810528 22.418379434315078
685.4375 23.377948380258108 22.418221690241168
685.9375 23.379086029903945 22.41807686881525
686.4375 23.38025808740472 22.41792945350433
686.9375 23.381403672357052 22.41778351467582
687.4375 23.382562229108764 22.41764895567097
687.9375 23.383723880632186 22.41750835810017
688.4375 23.38489049177082 22.417374525299717
688.9375 23.38605793343327 22.417236602838937
689.4375 23.38721764852984 22.4170989924421
689.9375 23.388397148640717 22.41697336973255
690.4375 23.389567136225985 22.416834717720317
690.9375 23.390748940006716 22.416718260047702
691.4375 23.391923003916656 22.416590322558918
691.9375 23.393112715228973 22.416466623985315
692.4375 23.39428922297806 22.416342657491683
692.9375 23.395483318423945 22.416223377959913
693.4375 23.396659799437916 22.416104248065118
693.9375 23.39785475943948 22.415992817945614
694.4375 23.399031512251586 22.415881316787182
694.9375 23.400233079976157 22.415769413771905
695.4375 23.401421843468853 22.415652757645375
695.9375 23.402610394356593 22.41554760716559
696.4375 23.403800592035292 22.41544346507929
696.9375 23.404997855668558 22.415341894789528
697.4375 23.406215478071065 22.415240130851785
697.9375 23.407412033080398 22.41514026865667
698.4375 23.40863645918841 22.415046530656873
698.9375 23.409851315182912 22.41495228713918
699.4375 23.411092256191782 22.414856135487128
699.9375 23.41232464307567 22.414771564256213
700.4375 23.413537771464874 22.41467931492021
700.9375 23.414783687015582 22.41459219840906
701.4375 23.416026699889375 22.414512266362543
701.9375 23.417281331525764 22.41442752019704
702.4375 23.41852630727005 22.41435372218855
702.9375 23.419785679562438 22.414273010632222
703.4375 23.42104214908452 22.41420116507151
703.9375 23.42231394386614 22.414130964266583
704.4375 23.423574069811366 22.414049514356357
704.9375 23.424853094032486 22.413981615814667
705.4375 23.42612498237708 22.413922399698496
705.9375 23.427409404341443 22.413855417462237
706.4375 23.42869618901577 22.413797977356055
706.9375 23.429977283996166 22.413729838210696
707.4375 23.43126987769899 22.413669207567317
707.9375 23.432580328142272 22.41362238837506
708.4375 23.433878025125136 22.41356162628142
708.9375 23.435187648552205 22.41350973708108
709.4375 23.436490217317534 22.413461365363638
709.9375 23.43779553485202 22.413407653666745
710.4375 23.439106827677847 22.41336801148941
710.9375 23.440441810973923 22.413324566910276
711.4375 23.441755258085518 22.41327817392685
711.9375 23.443079116161254 22.41323972569159
712.4375 23.444404191081524 22.41320736627426
712.9375 23.44573337584894 22.41316731030028
713.4375 23.447067655082726 22.413126462088613
713.9375 23.448410959932602 22.41310176616139
714.4375 23.44974298020366 22.413067329609
714.9375 23.451089396827896 22.41303763917258
715.4375 23.452434813482967 22.413019306373073
715.9375 23.453778688867267 22.412989480018304
716.4375 23.455137617304707 22.412967109469058
716.9375 23.456482836250512 22.412953073415096
717.4375 23.457839253792436 22.41293478159543
717.9375 23.459193460951965 22.412913674580295
718.4375 23.460557620732846 22.412899481720817
718.9375 23.4619196676653 22.41288701113814
719.4375 23.46328020579048 22.41287098076819
719.9375 23.464652153310087 22.412865715545408
720.4375 23.46602292801088 22.41285746247541
720.9375 23.467396542124316 22.412854267945658
721.4375 23.468773188867726 22.412844064412504
721.9375 23.47014733865512 22.412840352247535
722.4375 23.471527215383272 22.41283881867794
722.9375 23.472899250894315 22.412847993898254
723.4375 23.474284753479637 22.41284664953128
723.9375 23.475663761532495 22.41285438474302
724.4375 23.477043626409664 22.41286550074154
724.9375 23.47843134997756 22.412868486138628
725.4375 23.479821845294843 22.412883277151504
725.9375 23.481216876842474 22.412892142593495
726.4375 23.48260255325442 22.412906074895634
726.9375 23.4840005169762 22.412921607579644
727.4375 23.48537838719325 22.412942647990306
727.9375 23.48678206907907 22.412961315662443
728.4375 23.488170031536217 22.412981504830963
728.9375 23.489558592641323 22.41300327585883
729.4375 23.490950999192908 22.41302730981486
729.9375 23.492353025635285 22.413052678128974
730.4375 23.49374487216108 22.41308324386209
730.9375 23.4951461193566 22.413104628981575
731.4375 23.496553329793556 22.413142319188367
731.9375 23.497950831611373 22.4131791642195
732.4375 23.499345423340444 22.41320644845259
732.9375 23.50074048503483 22.41324736911399
733.4375 23.502136677052295 22.413283764226193
733.9375 23.5035485451072 22.413320906053652
734.4375 23.504952970690482 22.413366687364523
734.9375 23.506371748001524 22.413412385850343
735.4375 23.507775416712605 22.413456637663348
735.9375 23.50919487059241 22.413501049458695
736.4375 23.510616651294953 22.413554617208554
736.9375 23.512030898910552 22.413603568201722
737.4375 23.513454812874038 22.41365819932507
737.9375 23.514881354750795 22.413712803609165
738.4375 23.51630242440229 22.413771216630032
738.9375 23.5177393750608 22.413824277673285
739.4375 23.51916203850535 22.41389223271671
739.9375 23.52059096521692 22.413955492695404
740.4375 23.52203476293536 22.41402146594885
740.9375 23.523470509271377 22.414089848375053
741.4375 23.52490753187189 22.41415422368236
741.9375 23.526333304763895 22.414233624406354
742.4375 23.52779899795731 22.414295784791697
742.9375 23.52924625883139 22.414373952057964
743.4375 23.53068599241609 22.41444828891325
743.9375 23.53214319620253 22.414530911831676
744.4374999999999 23.533595810751173 22.414613638104427
744.9375 23.535059836931403 22.41469006486383
745.4375 23.53651982412005 22.414774133331377
745.9374999999999 23.53798079953803 22.414863872533267
746.4375 23.539441902932026 22.414948473059837
746.9375 23.540893973998102 22.415032033209677
747.4374999999999 23.542378869417327 22.41512045903721
747.9375 23.54383662230198 22.415222878517568
748.4375 23.545315811041696 22.41531236989477
748.9374999999999 23.546799003033414 22.41541639328705
749.4375 23.548267410211498 22.41551066047404
749.9375 23.549747902648495 22.415611316331447
750.4374999999999 23.55124098418583 22.41571136044523
750.9375 23.55272217917093 22.415816504259688
751.4375 23.55419348545041 22.415926433287442
751.9374999999999 23.555695947595552 22.41602874315859
752.4375 23.557179609832634 22.41613927469838
752.9375 23.5586699022942 22.416251316048484
753.4374999999999 23.560160885678165 22.41636795214035
753.9375 23.561664284264474 22.41647805117791
754.4375 23.563155819585425 22.416592581080526
754.9374999999999 23.564657199631558 22.416707433978726
755.4375 23.56616846892701 22.416833726747004
755.9375 23.56767957391655 22.416959630538766
756.4374999999999 23.569180235523177 22.417077482943128
756.9375 23.570697561468887 22.417200989792683
757.4375 23.572215578999142 22.417329125441544
757.9374999999999 23.573717847023726 22.417456220421506
758.4375 23.575243805245766 22.417581966428443
758.9375 23.576762477128213 22.417715676549044
759.4374999999999 23.578285199949214 22.417855360840786
759.9375 23.579800725192555 22.417993624488474
760.4375 23.58132736096985 22.418128675309973
760.9374999999999 23.58286254119836 22.418267979800525
761.4375 23.584388218583644 22.418411566820247
761.9375 23.58592532482995 22.418549332451406
762.4374999999999 23.587450225779296 22.41869630528242
762.9375 23.58899365655036 22.41883932991381
763.4375 23.590541168295722 22.41898403727467
763.9374999999999 23.592083030325647 22.419132331097735
764.4375 23.593623709083474 22.419282052521893
764.9375 23.59517261570364 22.41944227874583
765.4374999999999 23.596709741214312 22.419600348486565
765.9375 23.598277940749448 22.419750261503317
766.4375 23.599834338668945 22.419909308426003
766.9374999999999 23.601377090702663 22.420068295026123
767.4375 23.60291998427794 22.420230815675897
767.9375 23.60449989787216 22.420390744924788
768.4374999999999 23.606049057621476 22.420548087149225
768.9375 23.607602738295085 22.42072767178478
769.4375 23.60916574043828 22.420889842865993
769.9374999999999 23.610742911602056 22.42105724370722
770.4375 23.612314589783338 22.421229107675096
770.9375 23.613888059504283 22.421401641361065
771.4374999999999 23.615462568931243 22.421576193703736
771.9375 23.61704488179747 22.421755996002123
772.4375 23.61862872373146 22.42194201046035
772.9374999999999 23.620196801121025 22.422115359830507
773.4375 23.6218017836465 22.422300538205434
773.9375 23.62338261053246 22.422484690497626
774.4374999999999 23.62497367106927 22.42267642580448
774.9375 23.626570055535314 22.42286107873593
775.4375 23.628158198421147 22.423048525673536
775.9374999999999 23.629761461782223 22.423244161987952
776.4375 23.63137073744571 22.423437978290487
776.9375 23.632964738679103 22.42363246028613
777.4374999999999 23.63456768611883 22.423838611649746
777.9375 23.63619676364838 22.424034397601535
778.4375 23.637798199795213 22.424234759822447
778.9374999999999 23.639415243014568 22.424434370031125
779.4375 23.64102587504352 22.424643479389932
779.9375 23.642650503129165 22.424849787352372
780.4374999999999 23.64428204940244 22.425064302421692
780.9375 23.645904110358586 22.425274048062022
781.4375 23.647531725148276 22.425489315320547
781.9374999999999 23.649162047616844 22.425693813241118
782.4375 23.650790265922083 22.425924719196324
782.9375 23.65242925264074 22.426137257271307
783.4374999999999 23.654067743332558 22.426358134036782
783.9375 23.655708315884986 22.42657251247564
784.4375 23.657355853768564 22.426795479667454
784.9374999999999 23.65899972527359 22.427026242531728
785.4375 23.660650169184546 22.427246199698644
785.9375 23.662306315280425 22.427481684648324
786.4374999999999 23.663958447875757 22.42771093683567
786.9375 23.665601600489936 22.42794730662478
787.4375 23.66726127208324 22.428177543617764
787.9374999999999 23.668936502149066 22.42840907836639
788.4375 23.670595962600647 22.42865753960134
788.9375 23.672246913918595 22.428882804974386
789.4374999999999 23.67392746572279 22.42912628423618
789.9375 23.675603138380925 22.429363601250248
790.4375 23.67727860756937 22.42961130772052
790.9374999999999 23.67894941575948 22.429864864536814
791.4375 23.68063529609836 22.430108856945736
791.9375 23.682305549659084 22.430352876303637
792.4374999999999 23.683994854209214 22.430604599485086
792.9375 23.685680196932445 22.430858422087457
793.4375 23.68735758299954 22.431109562003382
793.9374999999999 23.689060140153906 22.431363562251153
794.4375 23.690740758573476 22.431621322353305
794.9375 23.692436002059303 22.431885714159097
795.4374999999999 23.69414372982614 22.432139389111416
795.9375 23.695847644603862 22.432405985625262
796.4375 23.697522978842702 22.432664200037692
796.9374999999999 23.69924464161747 22.432931964084503
797.4375 23.700943567883282 22.433198593097178
797.9375 23.70266046827389 22.433459668718015
798.4374999999999 23.70436660241504 22.43374286858812
798.9375 23.70607976204053 22.434008739905597
799.4375 23.70779464405725 22.43428050804902
799.9374999999999 23.70952105589215 22.434560108146147
800.4375 23.711237679044984 22.43482521548005
800.9375 23.71296660175419 22.4351058823634
801.4374999999999 23.714668098825193 22.435387324076853
801.9375 23.716406066137353 22.43566441674661
802.4375 23.71813829279393 22.43594619581508
802.9374999999999 23.719872753780123 22.436230343795565
803.4375 23.721598916154445 22.43651626352776
803.9375 23.723328266723776 22.436801728460143
804.4374999999999 23.725069591618947 22.437084150750877
804.9375 23.72681368169846 22.437379140824557
805.4375 23.728553238969752 22.43767166205935
805.9374999999999 23.73031575448751 22.4379524139411
806.4375 23.732052317195127 22.438248562066843
806.9375 23.73380195770761 22.438544305751968
807.4374999999999 23.735550513117754 22.438848876452717
807.9375 23.73731754404632 22.439146759453685
808.4375 23.73909488414442 22.439450532696405
808.9374999999999 23.7408448919439 22.439752252340647
809.4375 23.742634147590213 22.44005869871422
809.9375 23.744410265078418 22.440371176696658
810.4374999999999 23.746190364072255 22.440680244861923
810.9375 23.747970709015007 22.440994428722373
811.4375 23.74975520060671 22.441310505212737
811.9374999999999 23.751549630196976 22.441620653282136
812.4375 23.753348207444045 22.4419436148523
812.9375 23.75515396145458 22.442261915872855
813.4374999999999 23.756957123165012 22.44257995421227
813.9375 23.758757209799235 22.442903271653897
814.4375 23.76057469730594 22.443237482214855
814.9374999999999 23.762383515428613 22.443561320784656
815.4375 23.76420279089998 22.443887235425258
815.9375 23.7660195189453 22.444226285562916
816.4374999999999 23.767847987193523 22.44455875142315
816.9375 23.769661028832743 22.444888858642
817.4375 23.771499614253145 22.44522334479438
817.9374999999999 23.773334812479728 22.44556247258459
818.4375 23.775169093788342 22.445904503319426
818.9375 23.777011190103362 22.446248522188213
819.4374999999999 23.778844028335257 22.44658801627096
819.9375 23.780687652005877 22.446938711880094
820.4375 23.78253474554374 22.447280410177946
820.9374999999999 23.784391190316082 22.44762662990751
821.4375 23.786227914981954 22.447980482282755
821.9375 23.78808604559946 22.448333959396557
822.4374999999999 23.789942170968107 22.44868129278764
822.9375 23.791794686650537 22.44903449001892
823.4375 23.79366037654072 22.449394246909943
823.9374999999999 23.79550319599361 22.449746298773956
824.4375 23.797369643842806 22.450098904163987
824.9375 23.79924288851282 22.450465429469787
825.4374999999999 23.80110902784117 22.450830171248427
825.9375 23.802963307204998 22.45118979770927
826.4375 23.80484796421242 22.45154758423139
826.9374999999999 23.806720381417385 22.451920342926165
827.4375 23.808572042679472 22.45229087090032
827.9375 23.8104646218995 22.452653910458622
828.4374999999999 23.81233483957495 22.453027728424637
828.9375 23.81421869630821 22.453390759842225
829.4375 23.816081392429318 22.453760356844796
829.9374999999999 23.817971195702476 22.45413495720897
830.4375 23.819862028785735 22.45451261084613
830.9375 23.821729929765265 22.454884969760464
