FastTrWP/PhaseSpace/IAs/snIa_0.69_30.00_-1.13_0.02.csv
# %ECSV 0.9
# ---
# datatype:
# - {name: time-rel, datatype: float64}
# - {name: g, datatype: float64}
# - {name: i, datatype: float64}
# schema: astropy-2.0
time-rel g i
[from data line 1708]
963.8749999999999 25.74720360577704 22.51858899181535
964.375 25.748837298506253 22.519492233655285
964.875 25.750449279431642 22.52039879147776
965.3749999999999 25.752039439804086 22.52131342105493
965.875 25.753639546120727 22.522216188178916
966.375 25.755184942461177 22.523132911117152
966.8749999999999 25.75675906466998 22.52404576005489
967.375 25.758286259025454 22.52496311860492
967.875 25.759820961620193 22.52587516658053
968.3749999999999 25.761310952988154 22.52679560094714
968.875 25.76281002659478 22.527711584873778
969.375 25.76428603678309 22.528624930676564
969.8749999999999 25.765741001165846 22.52954535466525
970.375 25.767205561971615 22.530474511698223
970.875 25.768623931782912 22.531390313463007
971.3749999999999 25.77006136160151 22.532315031395278
971.875 25.77146265405915 22.533238796543156
972.375 25.772857171602105 22.534172443728057
972.8749999999999 25.774223995095834 22.535097855859224
973.375 25.77558227510684 22.53602349509059
973.875 25.776944567768666 22.536957324948126
974.3749999999999 25.77826404070064 22.53788779428886
974.875 25.77955917223726 22.5388198257229
975.375 25.780890491741523 22.539756518618436
975.8749999999999 25.782136093701766 22.5406825803943
976.375 25.78341579409205 22.541630095408163
976.875 25.784671790371576 22.542561004013876
977.3749999999999 25.78590531924371 22.543504259695876
977.875 25.787127069723425 22.544443668558625
978.375 25.788336013793863 22.5453740685098
978.8749999999999 25.78952461478455 22.54633003407782
979.375 25.790726063063346 22.547269531974244
979.875 25.79187494027517 22.548226435518597
980.3749999999999 25.793046296599698 22.549167317050895
980.875 25.79416923238899 22.550115814806052
981.375 25.795274433634123 22.551069798203137
981.8749999999999 25.79640675572827 22.552021273764016
982.375 25.797445492766503 22.55296742171818
982.875 25.798480896987876 22.55393162071757
983.3749999999999 25.799464759989345 22.554885343664512
983.875 25.800451272225736 22.555847266716942
984.375 25.801407526095232 22.55680164727728
984.8749999999999 25.80228701594285 22.557777034679276
985.375 25.80318213356311 22.5587372357013
985.875 25.80401758471488 22.559704306221363
986.3749999999999 25.80482609143815 22.560674327584543
986.875 25.80561872663658 22.56164125008514
987.375 25.806436482066943 22.56262325809395
987.8749999999999 25.80715510263647 22.563588971544792
988.375 25.807862746150256 22.56456088981563
988.875 25.80856342164234 22.565547657497454
989.3749999999999 25.80921833852328 22.566524817452873
989.875 25.809866561264627 22.56750635172746
990.375 25.81048340247945 22.56849061325709
990.8749999999999 25.811079028395028 22.56947382423974
991.375 25.811665331766847 22.570460827564396
991.875 25.81222137833742 22.57145226165993
992.3749999999999 25.812733371050307 22.572430210052232
992.875 25.813262559609612 22.573431115254415
993.375 25.8137523274371 22.574424608174652
993.8749999999999 25.81421241570519 22.575422724339255
994.375 25.814684835651775 22.576409271634365
994.875 25.81508913599769 22.57740878680217
995.3749999999999 25.815564420366307 22.578404809456167
995.875 25.815947623712646 22.579403306817426
996.375 25.816310965754568 22.580406821647262
996.8749999999999 25.81666522376843 22.581407927268152
997.375 25.81704127251516 22.582411114515764
997.875 25.81738322328539 22.583409013624347
998.3749999999999 25.81769948838103 22.584422653727138
998.875 25.817994548224604 22.585432429825424
999.375 25.818316814040806 22.586435426720954
999.8749999999999 25.818583415914155 22.58744677635033
1000.375 25.818835532820017 22.588466492790968
1000.875 25.819097962047522 22.589475743732883
1001.3749999999999 25.81938241146018 22.590487126607464
1001.875 25.81961292243119 22.591501945287476
1002.375 25.819879012311972 22.592515707561297
1002.875 25.8200961939258 22.59353278276558
1003.375 25.820316374302866 22.594561092865213
1003.875 25.820504865640377 22.595570762547013
1004.375 25.82072497432049 22.596598433948504
1004.875 25.820903954441707 22.597615554391464
1005.375 25.821103385548547 22.59863424634046
1005.875 25.821254599466226 22.599656626083306
1006.375 25.821473573111756 22.600684478610997
1006.875 25.82163247378066 22.601717153071252
1007.375 25.821792631860774 22.602733507553925
1007.875 25.821984080882796 22.60376430002107
1008.375 25.822150695061453 22.604796246642373
1008.875 25.822298495201785 22.605819781217853
1009.375 25.822440817795048 22.606849061107546
1009.875 25.822651282211588 22.607876555863275
1010.375 25.822828218782213 22.608910016799648
1010.875 25.822961758960584 22.609941407805003
1011.375 25.823129882368846 22.61097686279069
1011.875 25.823331120475483 22.61200354184819
1012.375 25.823494458417834 22.61304852188818
1012.875 25.8236907244134 22.614075788532688
1013.375 25.823867023358243 22.615108787183903
1013.875 25.824017467825723 22.61614936250986
1014.375 25.824188084212505 22.617183240981245
1014.875 25.824431185779332 22.618217210374723
1015.375 25.824596810890096 22.61925127400508
1015.875 25.824825164629214 22.620287539694633
1016.375 25.825075521303525 22.62133048408638
1016.875 25.82527789798629 22.62237095812442
1017.375 25.82550023323309 22.623404192680773
1017.875 25.825760395739472 22.624437867558438
1018.375 25.826002510174725 22.625485359881576
1018.875 25.826281121016386 22.626521904655377
1019.375 25.82656381762539 22.627562864622877
1019.875 25.826879435310808 22.628606495922277
1020.375 25.82718360537081 22.62965059731031
1020.875 25.827490600985776 22.63068691958814
1021.375 25.82778488043234 22.631727180507866
1021.875 25.82811445027723 22.632770155446785
1022.375 25.828493533818424 22.63381024894944
1022.875 25.828789736945993 22.634853676423162
1023.375 25.82910403237217 22.635897495993476
1023.875 25.829443834000088 22.636948910905478
1024.375 25.829707414752985 22.63799329215528
1024.875 25.83000595617747 22.639039144485807
1025.375 25.830254776213103 22.640088551017286
1025.875 25.830550718092486 22.64113104826484
1026.375 25.830809158629062 22.642180485882193
1026.875 25.831073337054438 22.643242573378274
1027.375 25.831284274480453 22.644295691050147
1027.875 25.831499473096294 22.64534886171154
1028.375 25.83175079101053 22.646400037408757
1028.875 25.83196262536573 22.647465750143652
1029.375 25.832218885239428 22.6485240004482
1029.875 25.83238280048945 22.649579717121306
1030.375 25.832599046725818 22.650641002133348
1030.875 25.832790815150485 22.651697804019165
1031.375 25.83299012221085 22.6527622754147
1031.875 25.833155435971932 22.6538308900702
1032.375 25.83336530023645 22.65488674840437
1032.875 25.833516669261765 22.65595629696022
1033.375 25.833713216276976 22.65702072439623
1033.875 25.833876082417145 22.658082153523065
1034.375 25.834034759711084 22.659148568594993
1034.875 25.834206743649894 22.660217335364614
1035.375 25.834359245278613 22.6612923832408
1035.875 25.834536445374777 22.662362053147028
1036.375 25.83470674058472 22.663435198621155
1036.875 25.83488033074246 22.66450485909404
1037.375 25.835035487872275 22.66558658390846
1037.875 25.835167236288775 22.666655445654918
1038.375 25.83533776039953 22.66773093004535
1038.875 25.835474919188886 22.66880810372122
1039.375 25.835697216386492 22.669880948482906
1039.875 25.835840362614043 22.670959855711082
1040.375 25.83599510665179 22.672032785016327
1040.875 25.836158449565264 22.6731187020765
1041.375 25.836341323529226 22.674195194940914
1041.875 25.836518564141187 22.675273915291182
1042.375 25.836715754836305 22.6763496716452
1042.875 25.836897316474147 22.677436019762283
1043.375 25.837072764250514 22.67851408524468
1043.875 25.837257690004307 22.67960995252059
1044.375 25.837477146563245 22.68068417219819
1044.875 25.837656545305954 22.681765461877358
1045.375 25.837843842166777 22.682859164291727
1045.875 25.838065198370764 22.68393831951392
1046.375 25.838277109999215 22.685030700141105
1046.875 25.83852167067835 22.686112563194328
1047.375 25.83874880394746 22.687203233338863
1047.875 25.838989395049236 22.688287027313727
1048.375 25.8392361933687 22.68937778250463
1048.875 25.839490426037663 22.690457752958146
1049.375 25.839760306573424 22.691555353637966
1049.875 25.84004080372616 22.69264489019943
1050.375 25.84032122430682 22.693727500128706
1050.875 25.840610503835343 22.69482443789262
1051.375 25.84090668931685 22.695915920139246
1051.875 25.841232728494305 22.697012508459892
1052.375 25.841540518664022 22.69810078067186
1052.875 25.841915691727007 22.699207583873008
1053.375 25.842229440057555 22.70029324258811
1053.875 25.84257595978245 22.70138124662499
1054.375 25.842975307238234 22.702473789422815
1054.875 25.84333118902005 22.70357354894729
1055.375 25.843754603737192 22.704666147190625
1055.875 25.84410662231282 22.705755348066596
1056.375 25.844565467074084 22.706849476819354
1056.875 25.844999996084248 22.707952139907594
1057.375 25.84545456830396 22.7090457980005
1057.875 25.84593901302766 22.71013853997541
1058.375 25.846408805094526 22.711240871836228
1058.875 25.846913404384466 22.71233228823243
1059.375 25.847449207716252 22.713428377770292
1059.875 25.847979765401096 22.714525377498322
1060.375 25.84852591629097 22.71562855147952
1060.875 25.849119749640614 22.716726156625317
1061.375 25.84965553008245 22.717825342382607
1061.875 25.850297069638764 22.71892308988299
1062.375 25.850889501391727 22.720015568880214
1062.875 25.8515684146328 22.72111537290119
1063.375 25.85217840715673 22.722212837611696
1063.875 25.852843082996184 22.72331324460969
1064.375 25.8535268954818 22.724412467737636
1064.875 25.854189170700646 22.725510116683914
1065.375 25.854857976303208 22.72660832938477
1065.875 25.855567938683347 22.727718737763425
1066.375 25.856244104486528 22.728820003790247
1066.875 25.856951451032863 22.729912173527683
1067.375 25.857669672788273 22.731017757258932
1067.875 25.85836982958306 22.732122578287125
1068.375 25.859113650456443 22.73322314888039
1068.875 25.85985186223074 22.734323555184982
1069.375 25.860624596833635 22.73542842521143
1069.875 25.861366236496476 22.73653035559645
1070.375 25.862160426456878 22.737646373940596
1070.875 25.8629115112697 22.738748159495394
1071.375 25.863710823468544 22.739853477964154
1071.875 25.864516382065617 22.740962056075794
1072.375 25.86531063688853 22.742064716711464
1072.875 25.866118743217704 22.74316869050628
1073.375 25.866957853036755 22.74427878002244
1073.875 25.8677901171804 22.745388389856693
1074.375 25.868645681177963 22.746505546677312
1074.875 25.869504224122714 22.74760763717895
1075.375 25.870352382385757 22.748713900809925
1075.875 25.871226634505668 22.749823499615772
1076.375 25.87209676782383 22.750941557073652
1076.875 25.873022322186216 22.75205509005284
1077.375 25.873887954993123 22.75316291376967
1077.875 25.874795534196657 22.754280750107494
1078.375 25.87571305283805 22.755387013394444
1078.875 25.876638979542157 22.756503247642726
1079.375 25.877575729477655 22.757618099314875
1079.875 25.878538276164917 22.758734591867356
1080.375 25.879476524396985 22.759850109417826
1080.875 25.88046041452901 22.760970019662796
1081.375 25.881440426735235 22.762081498797855
1081.875 25.88239879117654 22.76319790699509
1082.375 25.883407969193012 22.764318344886398
1082.875 25.884419109891343 22.765442273230867
1083.375 25.885440182323805 22.766552369452864
1083.875 25.886470673015257 22.767675680393925
1084.375 25.88749025907501 22.76879450794872
1084.875 25.888547834020954 22.769915729730098
1085.375 25.889607705256658 22.77104073853096
1085.875 25.890622866727718 22.772157704094695
1086.375 25.891742327880195 22.773285421689884
1086.875 25.892786196846448 22.77441199749412
1087.375 25.89389518496106 22.77553356032676
1087.875 25.89499061989313 22.77666299063528
1088.375 25.896102608952347 22.777786246109102
1088.875 25.897238965789843 22.778907058389827
1089.375 25.898322148011946 22.78003697941803
1089.875 25.899517682174725 22.78116725250191
1090.375 25.900619424695492 22.78228906641256
1090.875 25.901827180955152 22.783425415522846
1091.375 25.90297265739828 22.784560131897447
1091.875 25.90415620413274 22.78568270094956
1092.375 25.905334828697107 22.786824903719936
1092.875 25.90655331816641 22.787957141989406
1093.375 25.90773882486053 22.78908640368966
1093.875 25.908955697578406 22.79021766604326
1094.375 25.910210673890663 22.791350733973065
1094.875 25.91149874288764 22.792484031377445
1095.375 25.912696211346887 22.79362472550482
1095.875 25.913959234374325 22.794762414215892
1096.375 25.915219884202333 22.79590193067838
1096.875 25.916504399012883 22.79703627212755
1097.375 25.917804947897267 22.798176679798114
1097.875 25.919072080956237 22.799323170719315
1098.375 25.920403908800814 22.800453467004658
1098.875 25.921722164425255 22.80159975633927
1099.375 25.923064411548914 22.802742073702213
1099.875 25.92442863096027 22.803885801075985
1100.375 25.925772968553837 22.805031449947755
1100.875 25.927158237613902 22.806173789698306
1101.375 25.928497883062803 22.807314495807898
1101.875 25.929900597631715 22.80846493445322
1102.375 25.93130988856843 22.80961198478976
1102.875 25.93271623235934 22.81076689959207
1103.375 25.934112403216254 22.811903612207214
1103.875 25.935555572213126 22.813051508745943
1104.375 25.937030372216405 22.814201818283216
1104.875 25.93842774397995 22.815359969531535
1105.375 25.939892450291584 22.816517187080763
1105.875 25.941380636428622 22.817667528101794
1106.375 25.942856926503953 22.818813142473807
1106.875 25.944336063372837 22.819969019463272
1107.375 25.945849686762212 22.82112176952099
1107.875 25.947367028150513 22.822267174279496
1108.375 25.948932310059668 22.823427746652598
1108.875 25.950457232943002 22.82458597758194
1109.375 25.952003907604283 22.82573886419651
1109.875 25.95354787673097 22.826897162489836
1110.375 25.955098692905516 22.828064641976855
1110.875 25.956691209174775 22.829219426695385
1111.375 25.958305715073813 22.83038076733289
1111.875 25.95994346423147 22.831540175559276
1112.375 25.961547059749975 22.832696081249352
1112.875 25.963150519885772 22.833858642421166
1113.375 25.964804205738456 22.835021916906907
1113.875 25.966441378989348 22.83618179766906
1114.375 25.968125095055775 22.837349240484293
1114.875 25.96977329364605 22.838513131592066
1115.375 25.97149567735183 22.839678852755824
1115.875 25.9731810398982 22.84083621127067
1116.375 25.974912731076273 22.842010044141507
1116.875 25.97662979024005 22.843176120961274
1117.375 25.97836633813757 22.84434363635515
1117.875 25.98013709060963 22.845519723951423
1118.375 25.981882510447825 22.846682521338476
1118.875 25.983649668868093 22.847853619982015
1119.375 25.98545516925668 22.849028467700848
1119.875 25.987237422311665 22.850193886785057
1120.375 25.989052122477162 22.851367734238124
1120.875 25.990876196314968 22.852537484185046
1121.375 25.992699828307213 22.853714616438165
1121.875 25.99455087862026 22.854889866920875
1122.375 25.996475440152167 22.856067882077106
1122.875 25.998296677272155 22.857245645679765
1123.375 26.000181275945433 22.858419627942368
1123.875 26.00208912425834 22.859597253965088
1124.375 26.003985789220373 22.860786399520983
1124.875 26.00594094323334 22.86195839185121
1125.375 26.00786759274111 22.86313260998209
1125.875 26.009815639092132 22.86432365873405
1126.375 26.011754892901948 22.865502289058202
1126.875 26.01374781262715 22.86668856553975
1127.375 26.015750243627917 22.867873642180513
1127.875 26.01772869924968 22.869054133482493
1128.375 26.019812105379852 22.87024351897326
1128.875 26.02180820530115 22.87143488911135
1129.375 26.02384544187146 22.87261220692088
1129.875 26.02590492580979 22.873811010808947
1130.375 26.027987791524417 22.87499512166853
1130.875 26.03006816537039 22.876185110864412
1131.375 26.032210038653115 22.87738107072869
1131.875 26.03432650475473 22.87857129465483
1132.375 26.03647933325869 22.879769268969675
1132.875 26.038629450498583 22.880964152159574
1133.375 26.040801339930518 22.882160991291272
