FastTrWP/PhaseSpace/IAs/snIa_0.61_30.00_-0.65_0.10.csv
# %ECSV 0.9
# ---
# datatype:
# - {name: time-rel, datatype: float64}
# - {name: g, datatype: float64}
# - {name: i, datatype: float64}
# schema: astropy-2.0
time-rel g i
[from data line 865]
611.7708333333334 24.13441837739052 22.248064651252886
612.2708333333334 24.135022372068086 22.247557226500515
612.7708333333334 24.135668888892692 22.247046025330363
613.2708333333334 24.136269390934082 22.246548451048387
613.7708333333334 24.136907285744485 22.246048488604664
614.2708333333334 24.137524120707944 22.245552680236592
614.7708333333334 24.1381726314026 22.245058180762175
615.2708333333334 24.13879612083875 22.244572681071908
615.7708333333334 24.1394548497575 22.24408872485531
616.2708333333334 24.140097092489803 22.24360868265596
616.7708333333334 24.140753040532047 22.24312927583938
617.2708333333334 24.141410786579552 22.242657983641102
617.7708333333334 24.142084319618352 22.242187362508766
618.2708333333334 24.1427441061421 22.241713975799
618.7708333333334 24.143410626581737 22.241254017767194
619.2708333333334 24.144089420741896 22.240799420547074
619.7708333333334 24.14478317867693 22.24033819263205
620.2708333333334 24.145463327438765 22.239874259416958
620.7708333333334 24.146160491439254 22.239426586728797
621.2708333333334 24.146859651952806 22.23897475999611
621.7708333333334 24.14755259531061 22.238539318434928
622.2708333333334 24.1482691284639 22.23808881644719
622.7708333333334 24.14897389357012 22.237645314514296
623.2708333333334 24.149685575453233 22.237213124254307
623.7708333333334 24.150410581881737 22.23677689071693
624.2708333333334 24.151131898589092 22.236342383472874
624.7708333333334 24.15186369448156 22.235918554636676
625.2708333333334 24.152603371406308 22.23549106738757
625.7708333333334 24.153343044997143 22.235069874635023
626.2708333333334 24.154088770657573 22.23465202342412
626.7708333333334 24.154836600892136 22.234235061342986
627.2708333333334 24.155596603567425 22.233822296461145
627.7708333333334 24.15634924996577 22.233413558537066
628.2708333333334 24.157104243068105 22.233002752304586
628.7708333333334 24.15789869522944 22.2325988337672
629.2708333333334 24.158662800520226 22.232198465659145
629.7708333333334 24.159437476962154 22.23179765146261
630.2708333333334 24.160218408766582 22.23140268452779
630.7708333333334 24.16100464242055 22.231008459300533
631.2708333333334 24.16179688277138 22.230618588722777
631.7708333333334 24.16259659760299 22.230231648917496
632.2708333333334 24.163385870740687 22.229853875770193
632.7708333333334 24.164214456412104 22.229460558920515
633.2708333333334 24.165018414248642 22.229093726927132
633.7708333333334 24.16582868376296 22.228720502147823
634.2708333333334 24.16665718080617 22.228347067244634
634.7708333333334 24.167491628914917 22.22798277350771
635.2708333333334 24.16832020097781 22.227611034943905
635.7708333333334 24.16915305553854 22.22725047577283
636.2708333333334 24.170005675042706 22.22689508237375
636.7708333333334 24.17083904204911 22.22654194045401
637.2708333333334 24.171703994211832 22.226186110214474
637.7708333333334 24.172543684768797 22.225831624820206
638.2708333333334 24.173431710753267 22.225494073621135
638.7708333333334 24.17428489181203 22.225148217947716
639.2708333333334 24.175160559722247 22.224808900551597
639.7708333333334 24.17604167742347 22.22447003968075
640.2708333333334 24.176932288453095 22.224133978925703
640.7708333333334 24.177812194935285 22.22380342803192
641.2708333333334 24.17870750215096 22.223478345010594
641.7708333333334 24.179612332117536 22.22315200601503
642.2708333333334 24.180513977601485 22.22282987315877
642.7708333333334 24.181426921106176 22.222512606113852
643.2708333333334 24.182340639933 22.222197194617678
643.7708333333334 24.18324715708757 22.221892311301517
644.2708333333334 24.18420005159807 22.221585843438003
644.7708333333334 24.185108671392825 22.221273891550037
645.2708333333334 24.186062635822406 22.220977074164963
645.7708333333334 24.18699584814027 22.220682522671034
646.2708333333334 24.18793424380434 22.220380533981423
646.7708333333334 24.188903141041727 22.220088511139735
647.2708333333334 24.18985829429446 22.219796786967606
647.7708333333334 24.190821567834195 22.219512486184477
648.2708333333334 24.19177396295405 22.21922443424058
648.7708333333334 24.192759678133243 22.218952970409017
649.2708333333334 24.193745138799766 22.21867832090906
649.7708333333334 24.194725594853765 22.21840174116862
650.2708333333334 24.19572775851615 22.2181326404831
650.7708333333334 24.196716500239845 22.217862898348024
651.2708333333334 24.19771221839057 22.217599257575998
651.7708333333334 24.198736370761814 22.217339463339076
652.2708333333334 24.19974975188895 22.217091986594845
652.7708333333334 24.200766026948045 22.216833567001885
653.2708333333334 24.201778713101202 22.216579523876653
653.7708333333334 24.202819063290463 22.216338631380612
654.2708333333334 24.20384602751639 22.21609257222309
654.7708333333334 24.20489302198305 22.21585159309349
655.2708333333334 24.205944860897702 22.21561408520222
655.7708333333334 24.20699710809385 22.2153875965498
656.2708333333334 24.208058985916526 22.21514954021549
656.7708333333334 24.20910245996907 22.214929127560307
657.2708333333334 24.210201025433943 22.21469731867004
657.7708333333334 24.211262249703186 22.214487141545057
658.2708333333334 24.212342106527714 22.2142701103667
658.7708333333334 24.213446554461267 22.214055274410196
659.2708333333334 24.214557650765567 22.21384652885845
659.7708333333334 24.21566750544372 22.21364773316987
660.2708333333334 24.21676485246966 22.213445991456467
660.7708333333334 24.21790467975026 22.2132471343322
661.2708333333334 24.2190287564633 22.213051077283183
661.7708333333334 24.2201785999408 22.212868073033853
662.2708333333334 24.221338381097326 22.212682958606567
662.7708333333334 24.222472729084043 22.212496991756506
663.2708333333334 24.223641183353962 22.21231411739261
663.7708333333334 24.224823122641624 22.21214685370281
664.2708333333334 24.22599552442515 22.21197128198444
664.7708333333334 24.22717421677547 22.211803677351977
665.2708333333334 24.228392830213835 22.211644860976808
665.7708333333334 24.22959795856203 22.21148174526399
666.2708333333334 24.23080025888149 22.21132324999496
666.7708333333334 24.232012762872426 22.211166825535532
667.2708333333334 24.233238161028975 22.211015262560124
667.7708333333334 24.234472006427964 22.210868307821087
668.2708333333334 24.235702022347173 22.210724877326705
668.7708333333334 24.236939093365415 22.21059183084868
669.2708333333334 24.238209113682068 22.210446126475464
669.7708333333334 24.23945376747122 22.210310278961426
670.2708333333334 24.24072872559377 22.210179716689748
670.7708333333334 24.24198885486306 22.210052144248774
671.2708333333334 24.243266263414945 22.209928567532373
671.7708333333334 24.244538942676954 22.20980338575159
672.2708333333334 24.24583066781487 22.209690026145317
672.7708333333334 24.24714190063324 22.209565497531237
673.2708333333334 24.248422968157083 22.20945768164258
673.7708333333334 24.249738114414868 22.20935253095235
674.2708333333334 24.25104316027376 22.209242095555517
674.7708333333334 24.252353079228584 22.209136741549777
675.2708333333334 24.253702003168023 22.209035572665826
675.7708333333334 24.255021021848844 22.20893333449018
676.2708333333334 24.256362076913188 22.208844186670103
676.7708333333334 24.25769158702775 22.208750095861973
677.2708333333334 24.259030637130582 22.20865921821082
677.7708333333334 24.260356413608797 22.208567942930134
678.2708333333334 24.261732665959567 22.208485796696337
678.7708333333334 24.263091706376553 22.208408602732263
679.2708333333334 24.26446443268081 22.20832191606519
679.7708333333334 24.26581175311266 22.20824602710283
680.2708333333334 24.267194670595366 22.20817378686676
680.7708333333334 24.268577678293415 22.208099373700833
681.2708333333334 24.269951542034185 22.20802196926698
681.7708333333334 24.27133700046735 22.207955561709927
682.2708333333334 24.272714653631052 22.20789222270009
682.7708333333334 24.27410449270473 22.20783078588681
683.2708333333334 24.27550713370852 22.20776647534944
683.7708333333334 24.27691335323912 22.207709694123572
684.2708333333334 24.27832121287096 22.207664671395975
684.7708333333334 24.279716177052354 22.207601431264933
685.2708333333334 24.281128787757762 22.20755282955608
685.7708333333334 24.282540078249436 22.207504171634504
686.2708333333334 24.283960097421698 22.20745640921031
686.7708333333334 24.28538927862059 22.207410622459854
687.2708333333334 24.286811636491944 22.20736722540058
687.7708333333334 24.28823937167042 22.207320378507397
688.2708333333334 24.289666218195528 22.20729045721923
688.7708333333334 24.29109485534742 22.20724803933156
689.2708333333334 24.29253543271326 22.207214581996013
689.7708333333334 24.293957053595644 22.20718256882386
690.2708333333334 24.29540369068468 22.207148359361206
690.7708333333334 24.29683467098397 22.20712074298917
691.2708333333334 24.298288555050746 22.207095335302718
691.7708333333334 24.299737851887922 22.20705685053339
692.2708333333334 24.301183674423967 22.207041276704885
692.7708333333334 24.302611938830573 22.207017812952692
693.2708333333334 24.304082014939176 22.206992247960244
693.7708333333334 24.30552757483369 22.20697649026711
694.2708333333334 24.30696317992714 22.206957259245023
694.7708333333334 24.308429745093996 22.2069412417631
695.2708333333334 24.30988793606637 22.206929029045238
695.7708333333334 24.311349838457108 22.206919658418798
