FastTrWP/PhaseSpace/IAs/snIa_0.35_30.00_0.78_-0.10.csv
# %ECSV 0.9
# ---
# datatype:
# - {name: time-rel, datatype: float64}
# - {name: g, datatype: float64}
# - {name: i, datatype: float64}
# schema: astropy-2.0
time-rel g i
[from data line 1075]
107.0 22.79660054463144 22.63284785852965
107.5 22.797349544345103 22.632730959193612
108.0 22.79811078474657 22.632610532956097
108.5 22.798871337604577 22.63249588775276
109.0 22.799634363921598 22.632384376208368
109.5 22.800402238349196 22.63226845470666
110.0 22.80116244912027 22.632158554654968
110.5 22.80194248849007 22.63204001332616
111.0 22.802704638298135 22.631946215204614
111.5 22.803494900148063 22.631844963254416
112.0 22.80426132126179 22.631735582363447
112.5 22.80504148195309 22.631639926272094
113.0 22.80582147909762 22.631549310883162
113.5 22.8066108367544 22.631446953273592
114.0 22.807395918766964 22.631352701782006
114.5 22.808180139453444 22.63126437064251
115.0 22.808958470559237 22.63117135728318
115.5 22.809765260238578 22.631088050029046
116.0 22.810550831475517 22.6309934448105
116.5 22.811351623188617 22.630914517969142
117.0 22.81214794063272 22.63083170220525
117.5 22.81294811407461 22.630753921225356
118.0 22.81373785541822 22.630673611742964
118.5 22.814543876440535 22.630598545963615
119.0 22.81534690357398 22.630526066946267
119.5 22.816145290421964 22.630458205911896
120.0 22.816951926863425 22.630384782696563
120.5 22.817756109808233 22.63032666913848
121.0 22.81856674150336 22.630263069004396
121.5 22.819371531957234 22.63020222620235
122.0 22.82018836796381 22.630132612434622
122.5 22.82099483937854 22.630076492102372
123.0 22.821802579634536 22.630022878362336
123.5 22.822621383956214 22.629967664946037
124.0 22.82343547887352 22.629914056822894
124.5 22.824248642887195 22.629868922827082
125.0 22.825062151587975 22.62981589167604
125.5 22.825886888545167 22.629774015505312
126.0 22.82670178527226 22.6297310994635
126.5 22.82752516432911 22.629685657393846
127.0 22.82834611592337 22.629642886547785
127.5 22.829181485256484 22.62960627241851
128.0 22.829999982489642 22.629571385877682
128.5 22.83083377869195 22.62953921284554
129.0 22.8316650513436 22.629514307487362
129.5 22.83250299209353 22.629478939132813
130.0 22.833334716162554 22.62944750170493
130.5 22.83418208435137 22.629428070965822
131.0 22.835021806879997 22.62940255309578
131.5 22.83585975895575 22.629388295098792
132.0 22.836707598158043 22.629369016687953
132.5 22.83755726311074 22.629347562774687
133.0 22.83840378129172 22.6293337975941
133.5 22.839259169592193 22.629323795924925
134.0 22.840116512105286 22.629316101820972
134.5 22.840971840308924 22.62931238229863
135.0 22.841824673540994 22.629302555173084
135.5 22.842686706948857 22.62929812442263
136.0 22.843547641563493 22.629303844951778
136.5 22.844422549152853 22.6292963516493
137.0 22.84528052899045 22.62930401097715
137.5 22.84615471772046 22.62930785225095
138.0 22.847017341361383 22.629317066108385
138.5 22.847893614723848 22.629319266526544
139.0 22.848769320645694 22.6293282136887
139.5 22.84964470132676 22.6293413513609
140.0 22.850526051848668 22.62935799352166
140.5 22.8514044958845 22.629373164425143
140.9999999999999 22.85228190099852 22.629399729646472
141.5 22.853182736964857 22.629416978267543
142.0 22.854059040564977 22.62944359459339
142.4999999999999 22.854951036130068 22.629458050020737
143.0 22.855837232626087 22.629492631841526
143.5 22.856731424656623 22.62951776653159
143.9999999999999 22.857636180800963 22.62953950168185
144.5 22.85852594658457 22.6295803862089
145.0 22.85942623045937 22.629622382752817
145.4999999999999 22.860327591812805 22.629652995960644
146.0 22.86122934499258 22.629690599710898
146.5 22.862127962138807 22.629727925670853
146.9999999999999 22.863034526363034 22.629783126842717
147.5 22.863944450833145 22.629819530740786
148.0 22.864848159118427 22.629861088043057
148.4999999999999 22.865770899159106 22.629913294966812
149.0 22.86667846047473 22.62996254037619
149.5 22.86760613687708 22.63000603986757
149.9999999999999 22.868520689570147 22.630078333829594
150.5 22.86943776062811 22.630130285241048
151.0 22.870361639205644 22.630180234332595
151.4999999999999 22.87127623300166 22.63024357623212
152.0 22.87220595827689 22.630310388889466
152.5 22.873134753224484 22.630371769174047
152.9999999999999 22.874060964252422 22.630432862792013
153.5 22.874988835199822 22.630511014389683
154.0 22.87592405573688 22.630565412118347
154.4999999999999 22.87685367845615 22.630638114201354
155.0 22.877798631835994 22.630716433140975
155.5 22.878740586362767 22.630794905425592
155.9999999999999 22.879677054470097 22.630868765839555
156.5 22.880615295350477 22.63095147818992
157.0 22.88155694159729 22.63102978546612
157.4999999999999 22.882511444571758 22.6311122366473
158.0 22.88345540054667 22.631186174294825
158.5 22.884402330483464 22.631277510367262
158.9999999999999 22.885351038554784 22.63136841128039
159.5 22.88631438376965 22.631459911022816
160.0 22.88726931701802 22.63155107676183
160.4999999999999 22.88822621377833 22.631641428377787
161.0 22.889189389084898 22.631742626622188
161.5 22.890146626748958 22.631840966082287
161.9999999999999 22.891113796902506 22.63193911101414
162.5 22.89209064520785 22.63204670060592
163.0 22.893060708697345 22.63215476208019
163.4999999999999 22.894027899127217 22.632266410570754
164.0 22.895005095954012 22.632370737787276
164.5 22.895979421981796 22.63248417788287
164.9999999999999 22.896960013530578 22.63259407826871
165.5 22.89794202304567 22.632713569713914
166.0 22.89892556980265 22.632828244842607
166.4999999999999 22.89991044991259 22.632944278468816
167.0 22.900897900761677 22.63307173505687
167.5 22.901893230849733 22.633194957535316
167.9999999999999 22.90288166212668 22.63331300196719
168.5 22.90387223568426 22.63344583668518
169.0 22.904879413431697 22.63357171687278
169.4999999999999 22.90587439840596 22.63370741071164
170.0 22.906875199975723 22.63383347202256
170.5 22.907881586502697 22.633965506415365
170.9999999999999 22.908885413208075 22.634106446393094
171.5 22.909894721939608 22.63424537390854
172.0 22.910897567359743 22.634386322286698
172.4999999999999 22.911912131275102 22.63453226396929
173.0 22.91292453757137 22.634678779578714
173.5 22.913939378234687 22.634821074509283
173.9999999999999 22.91495673368868 22.634969381642982
174.5 22.9159746416811 22.635109454553128
175.0 22.91698902323445 22.635272793408213
175.4999999999999 22.918010082015044 22.635420627071095
176.0 22.919043174287346 22.635583613764222
176.5 22.920075485505844 22.635735893187118
176.9999999999999 22.921103265305035 22.63589957409239
177.5 22.922130864095745 22.636062007309047
178.0 22.923164971199622 22.636223142607
178.4999999999999 22.924199960664705 22.636390171401082
179.0 22.92524484536036 22.636552575348666
179.5 22.92628025881492 22.63671903336035
179.9999999999999 22.92731819486223 22.636899501843008
180.5 22.928352665367164 22.63707224245556
181.0 22.929402813055532 22.637239812111716
181.4999999999999 22.930443955741048 22.637419942714057
182.0 22.931495085464995 22.63759220753048
182.5 22.93254425452849 22.637777803225042
182.9999999999999 22.93359443939703 22.637954466200924
183.5 22.934652567117823 22.638140662888887
184.0 22.93572070443951 22.638323867564228
184.4999999999999 22.93676361298761 22.63850720962166
185.0 22.93781862287245 22.638696116331545
185.5 22.93888080998981 22.638890843578157
185.9999999999999 22.939935791787242 22.639078704062747
186.5 22.941005628146414 22.639271184766475
187.0 22.94206924699576 22.639474489736667
187.4999999999999 22.943128377951645 22.639666017522874
188.0 22.9442031293136 22.6398676104212
188.5 22.945273157984495 22.640065202814007
188.9999999999999 22.946347512520106 22.64026915216954
189.5 22.947422190347567 22.6404715853984
190.0 22.9484953051629 22.64067262907135
190.4999999999999 22.94957412499512 22.640883685059606
191.0 22.9506571919204 22.641099286794464
191.5 22.951746517423906 22.641297922020463
191.9999999999999 22.952837662767646 22.641515479878844
192.5 22.95392433562838 22.641727070058884
193.0 22.955019250854043 22.64195049784274
193.4999999999999 22.95612221185082 22.642161918954976
194.0 22.95721439767016 22.64239008803994
194.5 22.95832349005185 22.642601730934185
194.9999999999999 22.959428622182585 22.642838032662745
195.5 22.960530180652654 22.64305648059355
196.0 22.961658996155734 22.643282681436688
196.4999999999999 22.962765946271354 22.643517425833977
197.0 22.963884448652962 22.643750958436158
197.5 22.964996584580113 22.6439713937749
197.9999999999999 22.966119625821662 22.644212194856447
198.5 22.96724453057064 22.64445311782762
199.0 22.96836596249227 22.644696219372655
199.4999999999999 22.96948976927657 22.64493049948409
200.0 22.970626975596794 22.645174758498328
200.5 22.971756644464243 22.64542028446188
200.9999999999999 22.972889981205395 22.645665148793938
201.5 22.974025506681333 22.64591112634355
202.0 22.975163809920225 22.646161099398682
202.4999999999999 22.976305425225227 22.646418239933933
203.0 22.977446490680357 22.64666854776678
203.5 22.978588355701998 22.646926735600342
203.9999999999999 22.979742543979196 22.64718354550385
204.5 22.98088135076418 22.647445860433034
205.0 22.98203299007905 22.647707102617805
205.4999999999999 22.983179571599884 22.647963158014605
206.0 22.984336811157778 22.648240262309933
206.5 22.98550025046149 22.648496308738316
206.9999999999999 22.986641882680885 22.648759839114348
207.5 22.98780978120869 22.64903478265473
208.0 22.98895117025588 22.649306017139796
208.4999999999999 22.99011739237004 22.649584581075032
209.0 22.99127883076475 22.64986616584452
209.5 22.99243759569267 22.65013442280829
209.9999999999999 22.993605825526558 22.65041778038139
210.5 22.994768748383127 22.650696016686574
211.0 22.995934628977604 22.65098531071412
211.4999999999999 22.997099910787874 22.65126275762132
212.0 22.998261763349063 22.651558791145803
212.5 22.999434197830887 22.65185516189129
212.9999999999999 23.000599196961844 22.65214346911082
213.5 23.001765838411693 22.652431264292495
214.0 23.002940620591865 22.652727721317476
214.4999999999999 23.004105965061292 22.65302952116597
215.0 23.005276373244335 22.65333040608262
215.5 23.006445436804054 22.653621104345675
215.9999999999999 23.00762550307814 22.653933506057893
216.5 23.00879146832491 22.65423581939357
217.0 23.009961336634536 22.65455004682872
217.4999999999999 23.011140754492864 22.65484957546803
218.0 23.012308469481027 22.655168895486156
218.5 23.013488343929 22.655477947092947
218.9999999999999 23.014656200192434 22.655790020641295
219.5 23.01582901131905 22.65610816499877
220.0 23.016996298258064 22.65642424143749
220.4999999999999 23.0181758967126 22.65674990047706
221.0 23.019338026275253 22.657067761128285
221.5 23.020521121264178 22.65739034908668
221.9999999999999 23.02168965111747 22.65772154024498
222.5 23.022863378229417 22.65804681662509
223.0 23.024039900982313 22.65837927248061
223.4999999999999 23.025214384412326 22.658707933458793
224.0 23.026392189845062 22.659047840567126
224.5 23.027566276298455 22.659379888648044
224.9999999999999 23.028747438741753 22.65972361813433
225.5 23.02992933175945 22.6600549511733
226.0 23.031109393871315 22.6604094942757
226.4999999999999 23.03230094479671 22.660754126874423
227.0 23.033477061857354 22.661093058375066
227.5 23.03466446229225 22.66144730009873
227.9999999999999 23.035845407214303 22.66179730534858
228.5 23.03703894134077 22.662148258351298
229.0 23.03822989957336 22.66249983341412
229.4999999999999 23.039416871514995 22.66286406819451
230.0 23.0406048704564 22.663229571152705
230.5 23.04179693103121 22.663587753757866
230.9999999999999 23.042994487971924 22.663951200656584
231.5 23.04419098308913 22.664309562571813
232.0 23.045388467729595 22.664680114171
232.4999999999999 23.046581404821254 22.665039472836913
233.0 23.047773675778632 22.66542271545199
233.5 23.04897445552524 22.665794682908583
233.9999999999999 23.050177107718334 22.666165349821583
234.5 23.051374346096743 22.666547725434608
235.0 23.05257761923242 22.666924210041163
235.4999999999999 23.053772666208353 22.667302153619953
236.0 23.05498226234938 22.667687249864827
236.5 23.056179331477885 22.66807660404792
236.9999999999999 23.05738676739034 22.66845660020916
237.5 23.05860037397693 22.668848442182174
238.0 23.05979915772103 22.669244433000415
238.4999999999999 23.061001920210135 22.66962716854145
239.0 23.06221552918759 22.670029101196064
239.5 23.063425220908744 22.670425514880897
239.9999999999999 23.064636381236014 22.67081455354966
240.5 23.065846742300053 22.67122081311092
241.0 23.06705555196112 22.67162295231558
241.4999999999999 23.068268431722082 22.672018811007938
242.0 23.069478970969755 22.672431553120003
242.5 23.07069764031195 22.672836514591758
242.9999999999999 23.071912055996474 22.673256269432443
243.5 23.073128220807657 22.67365526007612
244.0 23.074344677380697 22.674076601260666
244.4999999999999 23.07555329399492 22.674489893803177
245.0 23.076772241095153 22.67491458700246
245.5 23.077989370440225 22.67532508796045
245.9999999999999 23.07920958144086 22.675753275475067
246.5 23.080428212650727 22.676179473051388
247.0 23.081649790016684 22.6765924984937
247.4999999999999 23.082860254470148 22.677016834132665
248.0 23.084096580244328 22.677456608312244
248.5 23.085316432036468 22.677879867011686
248.9999999999999 23.08653704943285 22.678310953061533
249.5 23.087756128084635 22.67874354824652
250.0 23.0889770083619 22.679189008151404
250.4999999999999 23.09020946872848 22.679616518904318
251.0 23.09143224219045 22.68006150618133
251.5 23.092658077654065 22.680505606423154
251.9999999999999 23.093873432040954 22.6809359460798
252.5 23.09510430564501 22.681387703702068
253.0 23.096325969056192 22.681832046489944
253.4999999999999 23.09755407147389 22.682289119079094
254.0 23.098777712303928 22.682728405445904
254.5 23.100009822568524 22.683175037642748
254.9999999999999 23.101236829286176 22.683629532548267
255.5 23.102460244712347 22.684089632663614
256.0 23.10369917413619 22.68455172877693
256.4999999999999 23.104924473123887 22.685010490404007
257.0 23.106153041461084 22.685464553233793
257.5 23.107385617594694 22.68593709539436
257.9999999999999 23.10861453654692 22.686401001061206
258.5 23.10985359392752 22.68685862026433
259.0 23.111074084366425 22.687330928307183
259.4999999999999 23.1123166550908 22.68780992181464
260.0 23.113547394330695 22.688285631499227
260.5 23.114789849372283 22.6887585625881
260.9999999999999 23.116021984682554 22.689239290846395
261.5 23.11725700297576 22.689717286050577
262.0 23.11849085499023 22.690200327412935
262.4999999999999 23.119745033703243 22.690687604266046
263.0 23.120974859292215 22.69117318133071
263.5 23.12221549560472 22.691654715731026
263.9999999999999 23.123455688716245 22.692148994305896
264.5 23.12468913810956 22.692640258150153
265.0 23.12592207143875 22.69313088303898
265.4999999999999 23.127182609610163 22.693630255848987
266.0 23.128414212136352 22.69413597505188
266.5 23.129672450797433 22.694633714439263
266.9999999999999 23.130923564268365 22.695134190223186
267.5 23.132156440385533 22.695639281915728
268.0 23.133400122496713 22.696145346853353
268.4999999999999 23.134647239011397 22.69664578660303
269.0 23.135898999051246 22.697164257869723
269.5 23.137142791697947 22.697680303396496
269.9999999999999 23.138388851829404 22.698181977522303
270.5 23.13964724888839 22.69870209822111
271.0 23.140898078857486 22.6992203335703
271.4999999999999 23.14213878295329 22.69973536924943
272.0 23.143401625002177 22.70026024408669
272.5 23.14465412144476 22.70078752069537
272.9999999999999 23.1459029231045 22.701305155704723
273.5 23.14716583710031 22.701826552982403
274.0 23.14840919995177 22.702367189418432
274.4999999999999 23.149672018210538 22.70288791100002
275.0 23.15092941639186 22.70342189832331
275.5 23.15218622616171 22.70396480684287
275.9999999999999 23.153448280325513 22.704503497622884
276.5 23.154703787882944 22.705035505169533
277.0 23.155965884101168 22.705580634752643
277.4999999999999 23.15722695110416 22.706110920615743
278.0 23.15848905715451 22.70666004972572
278.5 23.15976433949462 22.707204075061014
