FastTrWP/PhaseSpace/IAs/snIa_0.61_30.00_3.31_0.07.csv
# %ECSV 0.9
# ---
# datatype:
# - {name: time-rel, datatype: float64}
# - {name: g, datatype: float64}
# - {name: i, datatype: float64}
# schema: astropy-2.0
time-rel g i
[from data line 720]
-186.0 24.12302126384852 22.36445495989859
-185.5 24.121487319824237 22.363388522388263
-185.00000000000006 24.11994727960439 22.36232911495886
-184.5 24.118440508464204 22.361278125052348
-184.0 24.116943815003452 22.36021434638685
-183.50000000000006 24.1154159597409 22.359167962166723
-183.0 24.11393052719098 22.358129352459102
-182.5 24.112425276790418 22.35707483460309
-182.00000000000006 24.110931182297442 22.3560367944429
-181.5 24.109455316983034 22.3550142990211
-181.0 24.108006183800896 22.35398008191345
-180.50000000000006 24.106523410685533 22.35295745717071
-180.0 24.105061308099053 22.35194184990029
-179.5 24.103595331085867 22.350922806612004
-179.00000000000006 24.102144914868763 22.34990382626149
-178.5 24.10069927432979 22.34889175139985
-178.0 24.099257117469296 22.34788141940423
-177.50000000000006 24.097810370474843 22.346883841505022
-177.0 24.09636936773341 22.34587952178559
-176.5 24.094936262178365 22.34488139964856
-176.00000000000006 24.093492377319954 22.34389389716838
-175.5 24.092061926163165 22.34289798382529
-175.0 24.09062072608578 22.341915201646707
-174.50000000000006 24.089193652480397 22.340925358083737
-174.0 24.087771516579405 22.339949303524726
-173.5 24.086364379034944 22.338964892477936
-173.00000000000006 24.08495201493502 22.33799163261745
-172.5 24.08352619940473 22.337024623674644
-172.0 24.082105009982186 22.336049638052632
-171.50000000000006 24.080713676618885 22.33508659809261
-171.0 24.079305037812823 22.334128153839252
-170.5 24.07791009990123 22.33317012893949
-170.00000000000006 24.076505751934306 22.332223245830356
-169.5 24.07511343782121 22.33126478106863
-169.0 24.073729190919803 22.330323461984428
-168.50000000000006 24.07233677179971 22.329379893012444
-168.0 24.07095471647041 22.328439362412247
-167.5 24.06956925229029 22.32749601112741
-167.00000000000006 24.068213960051995 22.32657074378974
-166.5 24.066817480907922 22.325639089843126
-166.0 24.06545857165186 22.32471413409051
-165.50000000000006 24.064098459474266 22.323788089864635
-165.0 24.06275654882615 22.322871701183686
-164.5 24.061392132367363 22.321949029769126
-164.00000000000006 24.06004007632264 22.321038185789593
-163.5 24.05868790918037 22.320126780286976
-163.0 24.05735230352642 22.31922180794593
-162.50000000000006 24.05600051632218 22.318326564574683
-162.0 24.05466935564387 22.31742860683688
-161.5 24.05335562970547 22.3165328110584
-161.00000000000006 24.0520156690595 22.3156419457653
-160.5 24.0506963033378 22.31474875583435
-160.0 24.04938060559187 22.313866762434017
-159.50000000000006 24.048078035262684 22.312988773559887
-159.0 24.046755959342963 22.312113723761513
-158.5 24.04546612032838 22.311240054733975
-158.00000000000006 24.04417669293752 22.310362878063245
-157.5 24.042882775144175 22.309502751632962
-157.0 24.041590904746656 22.30864223874605
-156.50000000000006 24.04029371449431 22.307778209687392
-156.0 24.039011344866687 22.306923237691144
-155.5 24.0377575632786 22.30607348801307
-155.00000000000006 24.036468615870344 22.305228413121057
-154.5 24.035225079669367 22.304381019000445
-154.0 24.03393910391128 22.303539379565986
-153.50000000000006 24.03269380049897 22.302703961425692
-153.0 24.031457157758716 22.301873413396784
-152.5 24.030198018792852 22.301051154194035
-152.00000000000006 24.028963775362264 22.300217310278562
-151.5 24.027713915712702 22.29940069776438
-151.0 24.026482937261974 22.29858348929163
-150.50000000000006 24.02526769569144 22.297769261041974
-150.0 24.024052312625038 22.29695973273681
-149.5 24.02282796278453 22.29615254776753
-149.00000000000006 24.02161817460378 22.29534633521153
-148.5 24.020419910175672 22.294548404512305
-148.0 24.01922298935706 22.293757176764487
-147.50000000000006 24.01802333593631 22.29295972713532
-147.0 24.016835012994882 22.292175344181345
-146.5 24.015652405231283 22.291394130835958
-146.00000000000006 24.014487048060072 22.290610295563546
-145.5 24.013312215500967 22.28983326604942
-145.0 24.012143086382032 22.289062729963852
-144.50000000000006 24.010988313529005 22.288293001653585
-144.0 24.009836104198317 22.287526077404486
-143.5 24.00867676440136 22.286767738271212
-143.00000000000006 24.007541490634964 22.286008431906104
-142.5 24.006399367051937 22.28525929598792
-142.0 24.00527134941481 22.28450391491453
-141.50000000000006 24.00415099763918 22.28376202749449
-141.0 24.00302400720016 22.283023849231345
-140.5 24.00190651213827 22.282288607508058
-140.00000000000006 24.000793296312676 22.281548161833445
-139.5 23.999690642866582 22.28081753704281
-139.0 23.99859517476612 22.28008895872298
-138.50000000000006 23.997485512710497 22.27936378102442
-138.0 23.996393609793426 22.278643226173784
-137.5 23.995297245239687 22.277922689199478
-137.00000000000006 23.99420258367071 22.277209672169928
-136.5 23.99312419155745 22.276502133723206
-136.0 23.99204464330378 22.27578763219135
-135.50000000000006 23.990977492003665 22.27508436975114
-135.0 23.98990345154437 22.27437901191697
-134.5 23.988847826436263 22.273684934276304
-134.00000000000006 23.98778856551101 22.272980099300355
-133.5 23.986709132694337 22.272289233911742
-133.0 23.985660058778656 22.271600748842065
-132.50000000000006 23.984613447917603 22.270919996131596
-132.0 23.983573837214482 22.27022770733076
-131.5 23.98253429302894 22.269547919964523
-131.00000000000006 23.981489558892676 22.268876602031785
-130.5 23.980454442376676 22.268204651299662
-130.0 23.97942392797672 22.267533653080264
-129.50000000000006 23.97840251137318 22.266868294218703
-129.0 23.977393563552187 22.266206821470153
-128.5 23.976384014044537 22.265546957712562
-128.00000000000006 23.975367250420195 22.26489040624831
-127.5 23.974360987327195 22.264234677331856
-127.0 23.973353191197894 22.263588702649745
-126.50000000000006 23.972354509666264 22.262942846853157
-126.0 23.971360092853928 22.262303876634775
-125.5 23.970372117639304 22.26165502998007
-125.00000000000006 23.969378380841725 22.26102767138476
-124.5 23.96840005496393 22.260388429215215
-124.0 23.9674204569817 22.259759364786575
-123.50000000000006 23.966440904036798 22.25913239332375
-123.0 23.96547515284242 22.258511574374
-122.5 23.964511513783314 22.257889654267725
-122.00000000000006 23.963544879919066 22.25727788152707
-121.5 23.962581307686488 22.256663337277228
-121.0 23.961648858956416 22.256053882639037
-120.50000000000006 23.960693276000335 22.25545434847186
-120.0 23.95974040227565 22.254842980802806
-119.5 23.958813392071995 22.254252645175097
-119.00000000000006 23.95786451815811 22.25365048549515
-118.5 23.956936703615742 22.253061668217313
-118.0 23.956017409974844 22.252477759484023
-117.50000000000006 23.955097321704862 22.25189257534622
-117.0 23.954178260472197 22.251308397814917
-116.5 23.953258115848218 22.25073658685798
-116.00000000000006 23.952347260306727 22.250159476176904
-115.5 23.951431217831676 22.24958383188222
-115.0 23.95055109519828 22.249016260917767
-114.50000000000006 23.94964734546576 22.248452535616007
-114.0 23.948753324865812 22.24789510466144
-113.5 23.94785664726944 22.247339173681077
-113.00000000000006 23.94698073272707 22.24678237757186
-112.5 23.946116431200664 22.24623898869098
-112.0 23.945221972117047 22.245689966333288
-111.50000000000006 23.944351350612948 22.24514575850618
-111.0 23.943477011781678 22.24460658784637
-110.5 23.9426163723434 22.244077024338882
-110.00000000000006 23.941763345160997 22.24354083606871
-109.5 23.94090836537484 22.243015744402044
-109.0 23.94005670991337 22.24248930384434
-108.50000000000006 23.93921839889125 22.24196923200964
-108.0 23.938362194119136 22.24145143486096
-107.5 23.937538287907895 22.240936689920275
-107.00000000000006 23.93671480130425 22.24042721825366
-106.5 23.93587609222621 22.239917473672165
-106.0 23.935053957342642 22.23941824406583
-105.50000000000006 23.934231317740227 22.23892253837247
-105.0 23.933415660491924 22.238431466517383
-104.5 23.932585845384345 22.23793951429367
-104.00000000000006 23.931801985211965 22.237445915231714
-103.5 23.930985722876216 22.23695267560615
-103.0 23.930188772890723 22.236485330302177
-102.50000000000006 23.92941373509587 22.236002678673174
-102.0 23.928612486512687 22.23552677546777
-101.5 23.92782782943864 22.23505505710449
-101.00000000000006 23.92703025444522 22.234583858594664
-100.5 23.926261303103523 22.23411845780118
-100.0 23.92549072479553 22.23365799701486
-99.50000000000006 23.92471617998194 22.233195281893394
-99.0 23.923954387165264 22.23274069125321
-98.5 23.92318660997158 22.232289221469287
-98.00000000000006 23.922412332214623 22.23183771881603
-97.5 23.92164547638778 22.23139077768062
-97.0 23.92090227936162 22.23094271379553
-96.50000000000006 23.920154450520275 22.230500404596455
-96.0 23.919415088061 22.230070423185758
-95.5 23.91866200075389 22.22963207851359
-95.00000000000006 23.917921210090952 22.229203495174108
-94.5 23.917181870240555 22.22876808932918
-94.0 23.91644980113994 22.228342347566734
-93.50000000000006 23.915723677586655 22.227921357862293
-93.0 23.915011545229866 22.227508924686386
-92.5 23.914282921352083 22.227087154850818
-92.00000000000006 23.913562061949175 22.22667636831169
-91.5 23.91286438572546 22.22627344376358
-91.0 23.91214995461473 22.225861815245906
-90.50000000000006 23.91143688132177 22.225459256802523
-90.0 23.910734335571306 22.22506082037124
-89.5 23.910042488633223 22.224665094159178
-89.00000000000006 23.909335119807658 22.22427726245854
-88.5 23.908652441649 22.223882708824753
-88.0 23.907977711254524 22.22350091000186
-87.50000000000006 23.90728871112313 22.223113932433733
-87.0 23.906606696976915 22.22273409205739
-86.5 23.905935427940857 22.222357797861804
-86.00000000000006 23.90526590963477 22.22197819403126
-85.5 23.904601647609063 22.221618513408657
-85.0 23.90393729888771 22.221248253245562
-84.50000000000006 23.903280875047706 22.220881108378535
-84.0 23.902620141143032 22.22052383384181
-83.5 23.90197244055826 22.22016972795931
-83.00000000000006 23.901336479948917 22.21982321156939
-82.5 23.90067737434822 22.21947131269615
-82.0 23.9000572651253 22.219122024214826
-81.50000000000006 23.89940678467074 22.218784821215035
-81.0 23.898791631085125 22.218440992248535
-80.5 23.89815255256337 22.21810903660872
-80.00000000000006 23.897525920570043 22.217771824323474
-79.5 23.896912271343286 22.21744818945217
-79.0 23.896300331035846 22.217123267387247
-78.5 23.895678982126775 22.216804541655257
-78.0 23.895078125285064 22.216485734744627
-77.5 23.89448357893845 22.216176953850937
-77.0 23.893877661115273 22.21586247639109
-76.5 23.893284896977804 22.215557788563466
-76.0 23.89269692997074 22.21525095035131
-75.5 23.89209725665609 22.21494645688006
-75.0 23.891518314100956 22.214658053063673
-74.5 23.890940656891644 22.214363581392334
-74.0 23.89036179061896 22.214077759607015
-73.5 23.889805921986014 22.21379120608527
-73.0 23.889233644728613 22.213516804863925
-72.5 23.88867204465546 22.213236367449984
-72.0 23.88811587677036 22.212954269347136
-71.5 23.887564229046916 22.21269263346504
-71.0 23.887015196592824 22.212426486358922
-70.5 23.886475639011124 22.212162057428053
-70.0 23.88592326318872 22.211903030912488
-69.5 23.885398981593156 22.211642780482542
-69.0 23.884857010486712 22.21139380799017
-68.5 23.884330891486286 22.211146966931544
-68.0 23.883809680732533 22.21090272128309
-67.5 23.883292355152776 22.210669447854144
-67.0 23.882769100635734 22.21042531206912
-66.5 23.882252042574358 22.210192982327158
-66.0 23.881757842553554 22.20996945489576
-65.5 23.88125893281032 22.209741987222923
-65.0 23.88076783125362 22.209515642791832
-64.5 23.880261703854316 22.20930297051553
-64.0 23.879771146675033 22.209094916622295
-63.5 23.87928096835772 22.208878939448084
-63.0 23.878810511982877 22.208676046061903
-62.5 23.878332889572373 22.208485986447897
-62.0 23.877851074274986 22.208290147152184
-61.5 23.877393849910085 22.208097495218976
-61.0 23.876900151940337 22.20791180363309
-60.5 23.876473800454605 22.20773292524433
-60.0 23.876011630416173 22.207553678358508
-59.5 23.875548214958418 22.207381882853813
-59.0 23.87509056011611 22.207216539079063
-58.5 23.87464508851012 22.20704518841228
-58.0 23.874201459362247 22.20688851090991
-57.5 23.873764452029093 22.206737546048068
-57.0 23.873324245055866 22.20658457287934
-56.5 23.872904169022032 22.206435684878358
-56.0 23.872461579794187 22.206294062794996
-55.5 23.872038794371537 22.206157536500953
-55.0 23.871618239152905 22.206015332879808
-54.5 23.87119703720763 22.20588670037777
-54.0 23.870795769555837 22.205758390952077
-53.5 23.87038690127925 22.20563000354381
-53.0 23.869966572002173 22.20551659346425
-52.5 23.869588682517893 22.205394523908744
-52.0 23.86918682987728 22.20528110640634
-51.5 23.868784235702524 22.205176232758426
-51.0 23.868399614082026 22.205065570204752
-50.5 23.86801151067377 22.204962069387815
-50.0 23.867628289663912 22.20486757321137
-49.5 23.86725801156394 22.20477071495584
-49.0 23.866869561059826 22.204678090770145
-48.5 23.86650754035373 22.204584976602987
-48.0 23.866134556455908 22.204499780550137
-47.5 23.865772893862463 22.204410502709663
-47.0 23.865418928268607 22.20433607967498
-46.5 23.865055324113975 22.204252634023113
-46.0 23.864709419818738 22.204177832332807
-45.5 23.8643621283159 22.20411017418471
-45.0 23.86402085568109 22.204047188202026
-44.5 23.86367078264061 22.20397698921444
-44.0 23.86334118993995 22.20391468356732
-43.5 23.86300577473794 22.20385401362008
-43.0 23.86267745229798 22.203801788431143
-42.5 23.86234977265491 22.203741834366532
-42.0 23.862029076882585 22.203694542699836
-41.5 23.861717552543457 22.203643431329162
-41.0 23.861399055910294 22.203598175436944
-40.5 23.86109608264876 22.203553570478803
-40.0 23.860793619149725 22.2035108161344
-39.5 23.86047195198136 22.20346757683586
-39.0 23.860180567462287 22.2034327483171
-38.5 23.85988454511327 22.203397163802975
-38.0 23.859582631555426 22.203367079583064
-37.5 23.859303948375942 22.20333988278447
-37.0 23.859025061988856 22.20331051506298
-36.5 23.85874407349081 22.203284085208487
-36.0 23.858471162758306 22.203255907241566
-35.5 23.858190804164177 22.20323252596938
-35.0 23.85792542541282 22.20321368391695
-34.5 23.857667674764787 22.203201335103454
-34.0 23.857407432352872 22.20317820813097
-33.5 23.85714235174186 22.203165284622038
-33.0 23.856893163154183 22.203154843335252
-32.5 23.85664303177807 22.203147209196324
-32.0 23.856409225416147 22.203136044123262
-31.5 23.856161847353125 22.2031311312737
-31.0 23.855927824815694 22.203125231002204
-30.5 23.855684714028875 22.20311810373402
-30.0 23.85545630607063 22.203118746990885
-29.5 23.855229816481895 22.20311545427842
-29.0 23.855014423061426 22.203114124800702
-28.5 23.85479168005419 22.203116103593146
-28.0 23.854573045105575 22.20311610632347
-27.5 23.854358996785194 22.203121245056806
-27.0 23.854162801576365 22.2031336102288
-26.5 23.853956092452144 22.20313592567329
-26.0 23.853758763299613 22.203146592103078
-25.5 23.853566164989147 22.203152757792243
-25.0 23.853378254750588 22.203166946613603
-24.5 23.8531961105866 22.203183171784374
-24.0 23.853010508749428 22.203203814740743
-23.5 23.85281994437074 22.2032270853297
-23.0 23.85264455651025 22.203259313883486
-22.5 23.8524736121702 22.203291455386967
-22.0 23.852303269120505 22.203331745723546
-21.5 23.85215476863779 22.203373203284524
-21.0 23.85198082736745 22.20342482069451
-20.5 23.851820430424663 22.203473954838433
-20.0 23.851676496004153 22.203529898491887
-19.5 23.851528443221547 22.203589956707262
-19.0 23.851379551471325 22.203652331149094
-18.5 23.85122934193397 22.20371149862658
-18.0 23.851114711648105 22.203783879332725
-17.5 23.85097411080885 22.20385680909346
-17.0 23.85084100016919 22.203933960705
-16.5 23.85072482227004 22.204016566783345
-16.0 23.850588158383633 22.2040916632119
-15.5 23.850484900790647 22.204172819278316
-15.0 23.85035195253838 22.204264771525068
-14.5 23.85025331852529 22.204358663480647
