FastTrWP/PhaseSpace/IAs/snIa_0.38_30.00_1.59_-0.15.csv
# %ECSV 0.9
# ---
# datatype:
# - {name: time-rel, datatype: float64}
# - {name: g, datatype: float64}
# - {name: i, datatype: float64}
# schema: astropy-2.0
time-rel g i
[from data line 1672]
991.1874999999999 23.43851057371026 22.77092055958422
991.6875 23.439925829657966 22.771600824186862
992.1875 23.441344114626325 22.772292053173288
992.6874999999999 23.44276404815735 22.772974411232127
993.1875 23.44418365630421 22.773662702227234
993.6875 23.44559013200817 22.774356250441553
994.1874999999999 23.447009772390672 22.775035223730203
994.6875 23.44842913439725 22.77572677552071
995.1875 23.449843192771567 22.77640874150321
995.6874999999999 23.45127228925127 22.777104428023108
996.1875 23.452688317394077 22.777794246949405
996.6875 23.454125048982792 22.77849112592813
997.1874999999999 23.455559591049436 22.779183001671193
997.6875 23.45695924900157 22.779877402686864
998.1875 23.45838331497201 22.780569311682566
998.6874999999999 23.459807361524607 22.781282094420607
999.1875 23.46124615227382 22.781969718674496
999.6875 23.462666649441132 22.78267464729653
1000.1875 23.464101771213155 22.78336651115793
1000.6875 23.46553246697043 22.784083610814278
1001.1875 23.466972678127412 22.78477193548158
1001.6875 23.468405714093727 22.785483781978037
1002.1875 23.469837435587717 22.78619253412671
1002.6875 23.471277932191317 22.786892099560912
1003.1875 23.47271799848189 22.787607517203597
1003.6875 23.474152786093608 22.78830987825032
1004.1875 23.475600646371042 22.789020226212177
1004.6875 23.47703712025605 22.78972975697579
1005.1875 23.478480567862068 22.790452220496018
1005.6875 23.47991937322954 22.79117305980799
1006.1875 23.4813718351756 22.791875492295958
1006.6875 23.482802629299606 22.7925958251189
1007.1875 23.484253765324688 22.793306494499316
1007.6875 23.485719156604738 22.794025258507805
1008.1875 23.487153215835136 22.794746634575954
1008.6875 23.488604259423642 22.795468168768032
1009.1875 23.490061068722397 22.796194402070288
1009.6875 23.491512145926727 22.79691020948796
1010.1875 23.492979945772085 22.797647693070783
1010.6875 23.49442249843881 22.798369968936125
1011.1875 23.495887196044045 22.799098064540523
1011.6875 23.49733051963595 22.799821741456107
1012.1875 23.498794456827184 22.800553263490926
1012.6875 23.500259362633305 22.801286794999584
1013.1875 23.50171906257101 22.80201888620834
1013.6875 23.503202778782892 22.802750042246778
1014.1875 23.504655500278982 22.803490887853858
1014.6875 23.506129072112877 22.80421710750344
1015.1875 23.507586314527668 22.804956210548823
1015.6875 23.509066513781978 22.80569259263956
1016.1875 23.51053882326071 22.806441069766272
1016.6875 23.512016500763192 22.807182948390377
1017.1875 23.513486338591733 22.807925391585893
1017.6875 23.514965806120177 22.808660538896678
1018.1875 23.516443421974678 22.809412770315944
1018.6875 23.517915291598634 22.810161631961137
1019.1875 23.51940369279166 22.81091232697389
1019.6875 23.520880680808766 22.811655268329375
1020.1875 23.522368744295875 22.812403238253324
1020.6875 23.52386484056721 22.81316221664453
1021.1875 23.525342000117572 22.813916872411994
1021.6875 23.52683022545775 22.81467158625775
1022.1875 23.52832164409572 22.815419508074463
1022.6875 23.529822676930657 22.816185064974487
1023.1875 23.531309432848126 22.81694567619844
1023.6875 23.532808029980004 22.817696260704356
1024.1875 23.534301650273637 22.818475090717335
1024.6875 23.53580773300257 22.81923163787954
1025.1875 23.537308882104583 22.819992275391993
1025.6875 23.53880504331751 22.82075802972196
1026.1875 23.540322137946923 22.821527736856627
1026.6875 23.541815645799772 22.822290674536404
1027.1875 23.543340875477604 22.823069008144238
1027.6875 23.544843237122414 22.823838214018302
1028.1875 23.546355173766727 22.8246110291623
1028.6875 23.547865026498766 22.825380756761433
1029.1875 23.54938057789852 22.826165016433066
1029.6875 23.55089493243648 22.826935053155566
1030.1875 23.552408305493707 22.827715732158545
1030.6875 23.55393544302523 22.828497875974097
1031.1875 23.55545041871394 22.829273243890377
1031.6875 23.556985093901865 22.830061822145108
1032.1875 23.558493137793995 22.830843431513795
1032.6875 23.560024547585687 22.831639166837498
1033.1875 23.561542562572328 22.832415867589408
1033.6875 23.56307683204747 22.833198269237066
1034.1875 23.56460552385899 22.833992918246004
1034.6875 23.566125463902566 22.83477235897152
1035.1875 23.5676661691677 22.835567023787526
1035.6875 23.569209547623778 22.836368202250895
1036.1875 23.570735204467532 22.837167478025705
1036.6875 23.572277903080735 22.837964661978816
1037.1875 23.573808907316266 22.83875599953419
1037.6875 23.575355631164506 22.83955272149948
1038.1875 23.576894661388618 22.84035542926183
1038.6875 23.578444995643146 22.8411534865196
1039.1875 23.57999265937429 22.841970767683407
1039.6875 23.581536931151494 22.842759948471464
1040.1875 23.58308508531163 22.84357388697227
1040.6875 23.58463375868974 22.84437018084095
1041.1875 23.586182686813387 22.845181281219602
1041.6875 23.587730767490545 22.845994214189286
1042.1875 23.589286296663317 22.8468071429509
1042.6875 23.590843141372922 22.84761987707386
1043.1875 23.59241775920712 22.84843307103182
1043.6875 23.593968139245117 22.84924867009441
1044.1875 23.59554217619646 22.85007411073989
1044.6875 23.597098897013304 22.85088702344002
1045.1875 23.598676368753246 22.85170038363654
1045.6875 23.60024303223738 22.852533729411995
1046.1875 23.601813342622464 22.85335532664257
1046.6875 23.603388198793944 22.85418304997758
1047.1875 23.604954464606305 22.8550123050102
1047.6875 23.606537340099983 22.855840591311633
1048.1875 23.608110885614803 22.856663472334834
1048.6875 23.60969309415017 22.85750244838377
1049.1875 23.611277163074146 22.858329944479596
1049.6875 23.612849941044814 22.85917237636802
1050.1875 23.61444026903356 22.860005940618514
1050.6875 23.61603400071951 22.860845325851106
1051.1875 23.617620393701323 22.861677385154998
1051.6875 23.619209564964947 22.86251885326515
1052.1875 23.620808358666352 22.863364727548465
1052.6875 23.622415050882243 22.864211094004805
1053.1875 23.624001343525197 22.865053924725277
1053.6875 23.625601332638087 22.86589666537003
1054.1875 23.62719250983204 22.866750012674512
1054.6875 23.628815763664214 22.867599058782137
1055.1875 23.63040995427804 22.868452713002476
1055.6875 23.632031134158517 22.8693112501726
1056.1875 23.63362910786065 22.870164682506292
1056.6875 23.635245273380704 22.871024693985525
1057.1875 23.636872402879156 22.871881183894903
1057.6875 23.638477584297494 22.872741886410818
1058.1875 23.640096917071688 22.873606914470912
1058.6875 23.641717053408374 22.874473244303406
1059.1875 23.643351138665345 22.87533419418162
1059.6875 23.64495906581157 22.87620801722165
1060.1875 23.64660699436097 22.877076637958737
1060.6875 23.64823210117418 22.87795313452228
1061.1875 23.649861066729294 22.87883864384401
1061.6875 23.651503802756388 22.87970574919899
1062.1875 23.65314625727241 22.880588418066896
1062.6875 23.65477926089511 22.88146010852689
1063.1875 23.656420521955305 22.8823366727698
1063.6875 23.65805887430028 22.883224160530673
1064.1875 23.659716136613753 22.884113433587668
1064.6875 23.66136628483831 22.885000579424194
1065.1875 23.66301681765927 22.885888042231812
1065.6875 23.6646587066412 22.886776322432425
1066.1875 23.666320204943737 22.887663166952514
1066.6875 23.667977241579905 22.888566820396022
1067.1875 23.66964348095536 22.889462698436745
1067.6875 23.671315228768822 22.890365757893868
1068.1875 23.67296145859308 22.891261122152567
1068.6875 23.67462938096381 22.892162415411768
1069.1875 23.676299240070115 22.893071742632568
1069.6875 23.677977494801823 22.893962460004182
1070.1875 23.67964601002457 22.894877096404855
1070.6875 23.681322928449493 22.895783948981226
1071.1875 23.682983501860516 22.896696083581794
1071.6875 23.68467005882286 22.897609779589757
1072.1875 23.686368401613286 22.89852146497517
1072.6875 23.688044504674536 22.89943501441863
1073.1875 23.689727025319847 22.900354339484892
1073.6875 23.691424216000023 22.901267242917864
1074.1875 23.693104366801727 22.902191093857837
1074.6875 23.694800311722236 22.903115932854515
1075.1875 23.6965019626455 22.90403916792973
1075.6875 23.698203110409107 22.904967026953685
1076.1875 23.699899845696176 22.905892714975312
1076.6875 23.701608088438316 22.90682413084991
1077.1875 23.703311330087715 22.907754087884978
1077.6875 23.705020237654402 22.908695705816704
1078.1875 23.706722159226025 22.909631601105623
1078.6875 23.70843728158245 22.910561708028183
1079.1875 23.710145678150823 22.91149611618776
1079.6875 23.711878155141214 22.91244735878522
1080.1875 23.713583332200223 22.91338193907307
1080.6875 23.715299479545273 22.9143276737232
1081.1875 23.71702767313025 22.91527125080105
1081.6875 23.718759086257663 22.916221873074868
1082.1875 23.72049478342522 22.91715786154302
1082.6875 23.722213745210592 22.91811336940873
1083.1875 23.723955590637477 22.91906259853303
1083.6875 23.725674880418577 22.920020295029605
1084.1875 23.727418709818075 22.920969016536805
1084.6875 23.729170231223225 22.921925532438564
1085.1875 23.730896760377714 22.922890318633307
1085.6875 23.732643414568003 22.92384836000377
1086.1875 23.734399641802465 22.92480493722668
1086.6875 23.736150145268194 22.925769105243297
1087.1875 23.737897688149744 22.926728520174223
1087.6875 23.73966576442261 22.927701226852864
1088.1875 23.74141193968839 22.928670971107508
1088.6875 23.743162516315994 22.929629404540606
1089.1875 23.744930534923547 22.930606833911668
1089.6875 23.746686605450012 22.931587235654316
1090.1875 23.74846774847205 22.93255431090424
1090.6875 23.750238928950758 22.933522205379717
1091.1875 23.75200479211376 22.934509710461928
1091.6875 23.753787950198898 22.935486229807797
1092.1875 23.755550005676625 22.93646859755959
1092.6875 23.75733199135965 22.93743804630726
1093.1875 23.75912629613307 22.938426537568848
1093.6875 23.76090918304954 22.93941358832868
1094.1875 23.762682008674552 22.940391898914317
1094.6875 23.76448062289944 22.941386976753456
1095.1875 23.766256137945238 22.9423857890151
1095.6875 23.768079606708525 22.943385469232908
1096.1875 23.769862083258637 22.944380186845635
1096.6875 23.77167789816297 22.945386358460972
1097.1875 23.773487158148402 22.946399379360585
1097.6875 23.775299898294165 22.947403099213197
1098.1875 23.777112752434068 22.948415511415146
1098.6875 23.778927772042934 22.94944450032815
1099.1875 23.780771363894665 22.950465202062915
1099.6875 23.782574692935 22.951487015103066
1100.1875 23.78443148288456 22.95251736457198
1100.6875 23.786250179992052 22.953546775841616
1101.1875 23.788085728137087 22.954573821471556
1101.6875 23.789941799894653 22.955616925117557
1102.1875 23.791797347777294 22.956656725122816
1102.6875 23.793623400814653 22.95768870426707
1103.1875 23.79548269725644 22.95873755757483
1103.6875 23.79733859997572 22.959781920843465
1104.1875 23.799190336636038 22.960827234645286
1104.6875 23.80105693301203 22.96188235625847
1105.1875 23.802917475140248 22.962931099741777
1105.6875 23.804780336999265 22.963985089830423
1106.1875 23.80664780925911 22.965043126330407
1106.6875 23.80853225802405 22.966101852189226
1107.1875 23.810405005608256 22.96714920253146
1107.6875 23.81227070102524 22.96822081968472
1108.1875 23.814152701458514 22.969270789252334
1108.6875 23.816020070834348 22.970346549840666
1109.1875 23.81791118522336 22.97139762956391
1109.6875 23.819815752116327 22.972462061932855
1110.1875 23.821690038285332 22.973536618939903
1110.6875 23.82357731020746 22.974596772790534
1111.1875 23.825484077863432 22.975663411779983
1111.6875 23.827370425622366 22.976726513731055
1112.1875 23.829258076218824 22.977796408009237
1112.6875 23.831148094248704 22.97886288393624
1113.1875 23.833047020294714 22.97992956379416
1113.6875 23.834958765285656 22.980994466640663
1114.1875 23.836855852988382 22.982074323797757
1114.6875 23.8387541120522 22.98313705301244
1115.1875 23.840659285621125 22.984209768546336
1115.6875 23.84256956864325 22.985272929116526
1116.1875 23.84446778544193 22.98633936115532
1116.6875 23.846371049700792 22.9874089904059
1117.1875 23.848295733356025 22.988477210353743
1117.6875 23.850208823861504 22.989539574484375
1118.1875 23.852121405407726 22.990599507506758
1118.6875 23.854008796397316 22.991667898630823
1119.1875 23.855939962890126 22.992726023877328
1119.6875 23.857851522008048 22.99379127862227
1120.1875 23.859756227030022 22.99484706584089
1120.6875 23.86167305848665 22.995900699117236
1121.1875 23.863603508340784 22.996962916547773
1121.6875 23.865504672010136 22.998014244472948
1122.1875 23.867421266315915 22.999069590423886
1122.6875 23.869333633058204 23.000117591155846
1123.1875 23.87124238112794 23.001165805059344
1123.6875 23.873169125675492 23.00221482865572
1124.1875 23.87507499483435 23.00325197449122
1124.6875 23.8769781191873 23.004303352338802
1125.1875 23.878904412652947 23.00533792602014
1125.6875 23.880823573220876 23.006383369890663
1126.1875 23.882736840612715 23.007413129790244
1126.6875 23.884647912383194 23.008448994670093
1127.1875 23.886559984600588 23.009477399313024
1127.6875 23.888462389341733 23.010497221383037
1128.1875 23.890378107109 23.01153118414053
1128.6875 23.89230516331873 23.0125624290665
1129.1875 23.894217246906724 23.013578082691932
1129.6875 23.896123933315923 23.014603408879726
1130.1875 23.89804082437974 23.01563032643962
1130.6875 23.89996744920817 23.016648379902467
1131.1875 23.901890707020712 23.017686204937533
1131.6875 23.903820153261822 23.018700509825653
1132.1875 23.90573292779768 23.019733471537872
1132.6875 23.90767061886975 23.02075971925193
1133.1875 23.909583339840186 23.021779000551774
1133.6875 23.91151421040613 23.022799071023567
1134.1875 23.913442877917916 23.02382651075273
1134.6875 23.915364370709465 23.024851234213255
1135.1875 23.91730598981569 23.025871151716796
1135.6875 23.919227762946157 23.026892735592718
1136.1875 23.921168292105772 23.027906017932747
1136.6875 23.923114963109615 23.028933782040532
1137.1875 23.92503867432257 23.02994588481729
1137.6875 23.92697474443426 23.03096640194788
1138.1875 23.92892480492145 23.03199574975344
1138.6875 23.93086286460543 23.03301188890324
1139.1875 23.93280394669009 23.03402375814308
1139.6875 23.934734588743297 23.035032975433918
1140.1875 23.936697230543295 23.036055235443303
1140.6875 23.93863441904117 23.037070352064774
1141.1875 23.94057288124975 23.038086275099406
1141.6875 23.94251147426919 23.0390981698803
1142.1875 23.94445926350643 23.040108032892913
1142.6875 23.946411290022702 23.04111707241192
1143.1875 23.94835209238717 23.042130277652312
1143.6875 23.950299272947667 23.0431347050243
1144.1875 23.95225370008515 23.04414524282851
1144.6875 23.954191019315466 23.045150105550036
1145.1875 23.956158392569993 23.046159835493484
1145.6875 23.9581100391391 23.0471576491399
1146.1875 23.96005859612769 23.048166958978797
1146.6875 23.96201257240516 23.049170119086035
1147.1875 23.963963246070694 23.05017288874716
1147.6875 23.965923775776098 23.051176560873795
1148.1875 23.967885318050143 23.052164759383427
1148.6875 23.969829599053313 23.053169187417044
1149.1875 23.971797653005215 23.05416555297684
1149.6875 23.973758558819284 23.055156621043174
1150.1875 23.9757060895166 23.056157814975183
1150.6875 23.97765340595935 23.057142791944564
1151.1875 23.9796182361064 23.05813953039056
1151.6875 23.981581835693717 23.05912998428356
1152.1875 23.983546018587383 23.060115485112508
1152.6875 23.98550415377679 23.06109372959608
1153.1875 23.987464094774687 23.062080756287013
1153.6875 23.98941516917072 23.06306355049212
1154.1875 23.991386078993017 23.064049992657164
1154.6875 23.993353481726153 23.065031449569723
1155.1875 23.995306333305244 23.066007491093558
1155.6875 23.99728071940779 23.06698052192052
1156.1875 23.999238196298585 23.067957248259347
1156.6875 24.001192534098724 23.068935051212108
1157.1875 24.00315990952514 23.06989772428056
1157.6875 24.005129834845214 23.07087635140232
1158.1875 24.00709230204687 23.071838138287156
1158.6875 24.009047169786527 23.072800115726793
1159.1875 24.01101256680855 23.073764768165383
