FastTrWP/PhaseSpace/IAs/snIa_0.45_30.00_0.05_0.09.csv
# %ECSV 0.9
# ---
# datatype:
# - {name: time-rel, datatype: float64}
# - {name: g, datatype: float64}
# - {name: i, datatype: float64}
# schema: astropy-2.0
time-rel g i
[from data line 576]
476.2291666666667 23.568814407581932 22.622302671488296
476.7291666666667 23.567133173581087 22.620711238740295
477.22916666666663 23.565471052808213 22.619121274036843
477.7291666666667 23.563802584986327 22.617543698307312
478.2291666666667 23.56214892897416 22.615970728375665
478.72916666666663 23.56050025406933 22.614400732643134
479.2291666666667 23.558859810221094 22.612837340422622
479.7291666666667 23.557235197133988 22.61128606548376
480.22916666666663 23.555626125788834 22.609725821328773
480.7291666666667 23.554001469203513 22.608178577494638
481.2291666666667 23.552409913667844 22.6066331434751
481.72916666666663 23.550813049352225 22.605106081213762
482.2291666666667 23.549237963232265 22.603574024499757
482.7291666666667 23.54765535329474 22.602051320519337
483.22916666666663 23.546087373224175 22.60052749762457
483.7291666666667 23.544535460017556 22.59901089429818
484.2291666666667 23.542996468838375 22.597515522689832
484.72916666666663 23.54145254186362 22.59600719294089
485.2291666666667 23.539916796114312 22.594517535111173
485.7291666666667 23.538401612004304 22.593023432272133
486.2291666666667 23.536886950818683 22.59153953521944
486.7291666666667 23.535382486368448 22.59005380853349
487.2291666666667 23.533881344314842 22.588584566503982
487.7291666666667 23.53239212892317 22.58710528841416
488.2291666666667 23.530898981334012 22.58565171098939
488.7291666666667 23.529429977639733 22.58418329975428
489.2291666666667 23.52796142762483 22.582729014561117
489.7291666666667 23.5265037789974 22.58126513427573
490.2291666666667 23.525041121933008 22.579824572417845
490.7291666666667 23.523601514290448 22.578381035286235
491.2291666666667 23.522170713433894 22.57694992167268
491.7291666666667 23.5207388596092 22.575514897857595
492.2291666666667 23.519303898183196 22.574092123381316
492.7291666666667 23.517899657369092 22.572664751460717
493.2291666666667 23.51649043515812 22.571247193332567
493.7291666666667 23.5150996208978 22.56983416055323
494.2291666666667 23.513699212144886 22.568425368507654
494.7291666666667 23.51231644937878 22.567022101834517
495.2291666666667 23.510937238855234 22.56562692637981
495.7291666666667 23.509565320200494 22.564229966867977
496.2291666666667 23.508212238256757 22.562835498783443
496.7291666666667 23.506856683571403 22.561459733159538
497.2291666666667 23.505507326121837 22.560082006371417
497.7291666666667 23.504176048497904 22.55870722981289
498.2291666666667 23.502850318314465 22.557335432442773
498.7291666666667 23.50152098943612 22.555980776802194
499.2291666666667 23.50021115587692 22.554616471603353
499.7291666666667 23.49890387940952 22.55325885247174
500.2291666666667 23.497599443060338 22.55190757251953
500.7291666666667 23.49630839246445 22.55057326850302
501.2291666666667 23.495020028453748 22.549236423564043
501.7291666666667 23.493747034452905 22.54789923085824
502.2291666666667 23.49248248903168 22.546568164004327
502.7291666666667 23.49121930006809 22.545235372314817
503.2291666666667 23.489973744471563 22.54391927576151
503.7291666666667 23.488714282628067 22.54260674932734
504.2291666666667 23.48748126677567 22.541296517873903
504.7291666666667 23.486259235607278 22.539990771530817
505.2291666666667 23.485035281030523 22.53868707399727
505.7291666666667 23.483823072886413 22.53739952403068
506.2291666666667 23.482618109896627 22.536099739388877
506.7291666666667 23.481425696266633 22.534820073995423
507.2291666666667 23.480221779505325 22.53354173861492
507.7291666666667 23.479050694369597 22.532256751010017
508.2291666666667 23.477871816367802 22.530987206538512
508.7291666666667 23.476703310254912 22.529727599351265
509.2291666666667 23.47554585091283 22.528461054566566
509.7291666666667 23.474397702064262 22.527207950259708
510.2291666666667 23.473255179115135 22.52595846269067
510.7291666666667 23.47211703007082 22.524711093940297
511.2291666666667 23.470990300502827 22.523473895495773
511.7291666666667 23.46987714967821 22.52223723360968
512.2291666666666 23.468771722890835 22.521002364643643
512.7291666666666 23.467661853698004 22.519781189191853
513.2291666666666 23.46657492424081 22.51855571319661
513.7291666666666 23.465473592537865 22.517344754203545
514.2291666666666 23.46439428668681 22.516119912971998
514.7291666666666 23.463326860332486 22.514917980507583
515.2291666666666 23.4622756666733 22.513722669025267
515.7291666666666 23.46120795083658 22.512524997059167
516.2291666666666 23.460156200358767 22.511334243931756
516.7291666666666 23.45912344736064 22.510150178638845
517.2291666666666 23.45809417748029 22.50896332400666
517.7291666666666 23.457070946091537 22.50778580716799
518.2291666666666 23.45605071289938 22.506615790283668
518.7291666666666 23.45504801145388 22.505446468084195
519.2291666666666 23.454055566756814 22.50429485028043
519.7291666666666 23.45306203771992 22.503133454122775
520.2291666666666 23.452098094358043 22.501978157345878
520.7291666666666 23.451107417025927 22.500830973231402
521.2291666666666 23.450134616951516 22.499689170037847
521.7291666666666 23.449180463683923 22.498546096210642
522.2291666666666 23.448231105580177 22.497416549293455
522.7291666666666 23.447280421118872 22.496294838375675
523.2291666666666 23.446338491823955 22.495167789663782
523.7291666666666 23.445408361815566 22.494051186327688
524.2291666666666 23.444495360348732 22.492937539007887
524.7291666666666 23.44357084353788 22.491820393852215
525.2291666666666 23.44266500002473 22.490716192913386
525.7291666666666 23.4417590100492 22.48962224522485
526.2291666666666 23.440871318162145 22.48852474891701
526.7291666666666 23.439984951036394 22.48743879382943
527.2291666666666 23.439108039002203 22.486341088537824
527.7291666666666 23.43823928526968 22.48526531334109
528.2291666666666 23.43737638698031 22.48418944511168
528.7291666666666 23.43651607023221 22.48311303856226
529.2291666666666 23.4356675129183 22.482042745235077
529.7291666666666 23.434819111556386 22.480981815317683
530.2291666666666 23.43398642701591 22.479916893366713
530.7291666666666 23.433153231894682 22.478866466047023
531.2291666666666 23.432326205453073 22.477811051442075
531.7291666666666 23.431530033829464 22.47676639056533
532.2291666666666 23.430702891059102 22.475719278612477
532.7291666666666 23.429908232325154 22.47468237558298
533.2291666666666 23.429115297470705 22.473652514359514
533.7291666666666 23.42832452397388 22.472619630855842
534.2291666666666 23.427542878887323 22.471589615408867
534.7291666666666 23.42676872391835 22.470572105619308
535.2291666666666 23.426007774454757 22.46955251218615
535.7291666666666 23.425246700454174 22.46853343946135
536.2291666666666 23.424483287517802 22.467528363026684
536.7291666666666 23.42374350858433 22.466520200714605
537.2291666666666 23.42300960671952 22.465522189143346
537.7291666666666 23.422264475978576 22.464520791848187
538.2291666666666 23.421552021248104 22.463527656307093
538.7291666666666 23.42082350575791 22.4625379634928
539.2291666666666 23.420107889296084 22.46155598486334
539.7291666666666 23.41940835099394 22.460574880243918
540.2291666666666 23.418700419554703 22.459598554061458
540.7291666666666 23.418015065204855 22.45861928658949
541.2291666666666 23.417323095630522 22.457654494693067
541.7291666666666 23.416646087716018 22.456689384117745
542.2291666666666 23.415966437236385 22.455723339125537
542.7291666666666 23.41528985062087 22.454766530759088
543.2291666666666 23.414637782423622 22.453816559215525
543.7291666666666 23.413981544340817 22.4528659929357
544.2291666666666 23.4133341301847 22.451914668731785
544.7291666666666 23.412690415509132 22.450976399305574
545.2291666666666 23.412056255557523 22.450040661593228
545.7291666666666 23.411427459930096 22.44909482352329
546.2291666666666 23.410803936445333 22.448162979498974
546.7291666666666 23.410179008651433 22.44724217375922
547.2291666666666 23.40956445148641 22.44631692510781
547.7291666666666 23.408959664386156 22.445392210640552
548.2291666666666 23.408369534685644 22.44447340535857
548.7291666666666 23.407780652632724 22.443562383046554
549.2291666666666 23.407195076707794 22.442650372283055
549.7291666666666 23.40660930841353 22.44174520198659
550.2291666666666 23.406043164476735 22.440845033483072
550.7291666666666 23.405473030207943 22.439947096442733
551.2291666666666 23.404916347797435 22.439053578890267
551.7291666666666 23.404351007313377 22.438156357202324
552.2291666666666 23.403796113192858 22.437267339703443
552.7291666666666 23.40326249720292 22.436388030093013
553.2291666666666 23.40272333745606 22.43550487699663
553.7291666666666 23.402187927834518 22.434627247961565
554.2291666666666 23.401663200777683 22.43375162773789
554.7291666666666 23.40114035611355 22.432877100895556
555.2291666666666 23.40063046530052 22.432012901220588
555.7291666666666 23.4001312201814 22.431152818645458
556.2291666666666 23.399626685452546 22.430289948503063
556.7291666666666 23.399143487395172 22.42943547601589
557.2291666666666 23.398653247687037 22.42858396604327
557.7291666666666 23.398174075955325 22.427741421978048
558.2291666666666 23.39770701526153 22.426903701167582
558.7291666666666 23.39725315328469 22.42605959976714
559.2291666666666 23.396787609154693 22.425226197215565
559.7291666666666 23.396339453649425 22.42440018795064
560.2291666666666 23.39589963470597 22.42357243670165
560.7291666666666 23.395458346340014 22.422746007237606
561.2291666666666 23.395034316249898 22.421929263885122
561.7291666666666 23.39461525066621 22.4211229370874
562.2291666666666 23.394193160396934 22.420307248887525
562.7291666666666 23.39379115222695 22.41950119361496
563.2291666666666 23.393372454924453 22.41869617349628
563.7291666666666 23.392978795292922 22.417893013455405
564.2291666666666 23.3925817102034 22.41710641181294
564.7291666666666 23.392192939885387 22.416312866237178
565.2291666666666 23.391816281451664 22.41552647569311
565.7291666666666 23.39145564699276 22.414739939017778
566.2291666666666 23.391088071488213 22.41395765044767
566.7291666666666 23.390717046382484 22.41317937601834
567.2291666666666 23.39037526021865 22.412408412722158
567.7291666666666 23.390016863726437 22.411634976117778
568.2291666666666 23.3896720255252 22.410861934900762
568.7291666666666 23.389339262502467 22.41009311882216
569.2291666666666 23.38901374157702 22.409333705106796
569.7291666666666 23.388691656425365 22.408582293276417
570.2291666666666 23.38835616537041 22.407825213572487
570.7291666666666 23.388043983997445 22.407074046369893
571.2291666666666 23.387743452082926 22.406320079598476
571.7291666666666 23.387434300854785 22.405576815722867
572.2291666666666 23.38714214543693 22.40482782223143
572.7291666666666 23.386841882550492 22.404095875947498
573.2291666666666 23.386563851421883 22.403363540531558
573.7291666666666 23.38626438483121 22.402619852870828
574.2291666666666 23.38599632922048 22.40189519066545
574.7291666666666 23.385725233032034 22.401161622851312
575.2291666666666 23.385460184279395 22.400436523076447
575.7291666666666 23.385190437856913 22.39971399621892
576.2291666666666 23.38493981577537 22.39899623533657
576.7291666666666 23.3846797694496 22.39827659432388
577.2291666666666 23.384441231922853 22.397558763837722
577.7291666666666 23.384195817919785 22.39685609159156
578.2291666666666 23.383964492639322 22.396137968784
578.7291666666666 23.383731616029856 22.395439436595748
579.2291666666666 23.38350180064527 22.394732042354065
579.7291666666666 23.383275260037134 22.39402331257756
580.2291666666666 23.38306511332451 22.393333063405297
580.7291666666666 23.382851390267852 22.392637369945426
581.2291666666666 23.38263447786084 22.391934818351146
581.7291666666666 23.382438030270446 22.39124353427194
582.2291666666666 23.38223440214072 22.39055288459458
582.7291666666666 23.38204149305456 22.38986625582779
583.2291666666666 23.381851938782123 22.389183786141768
583.7291666666666 23.381659728308865 22.388501010780907
584.2291666666666 23.381483844481398 22.387811380378885
584.7291666666666 23.38129495465791 22.387139844779767
585.2291666666666 23.38113290132466 22.386465461540205
585.7291666666666 23.380954599952926 22.385779447245255
586.2291666666666 23.380801931125696 22.385111885238448
586.7291666666666 23.380633819097206 22.384440431595912
587.2291666666666 23.380469834502776 22.383771081718837
587.7291666666666 23.38031785195166 22.383106157412726
588.2291666666666 23.380161423021512 22.382439053769282
588.7291666666666 23.380011998910962 22.38177822824122
589.2291666666666 23.379873022427383 22.381111370699934
589.7291666666666 23.379735354122477 22.38045151495072
590.2291666666666 23.37959274882168 22.37979672978038
590.7291666666666 23.37947110469048 22.379141626557647
591.2291666666666 23.379342291881677 22.37848534090853
591.7291666666666 23.379219368889363 22.377834417588872
592.2291666666666 23.379105352735806 22.37718743640618
592.7291666666666 23.378986248094623 22.37653649407923
593.2291666666666 23.378888981014377 22.37589629146781
593.7291666666666 23.37878460126795 22.375258004004735
594.2291666666666 23.37867780600428 22.374621322666965
594.7291666666666 23.37858520981987 22.373978480868143
595.2291666666666 23.378489830474635 22.37334906197227
595.7291666666666 23.37840148772142 22.3727181135392
596.2291666666666 23.37832638143098 22.372088306624335
596.7291666666666 23.37824779413967 22.3714575067076
597.2291666666666 23.378178029541722 22.37083264065291
597.7291666666666 23.378115822534497 22.3702062986162
598.2291666666666 23.378050141888792 22.369584123944346
598.7291666666666 23.377995056338975 22.368969203420793
599.2291666666666 23.377936649264903 22.36835095054824
599.7291666666666 23.377886220998437 22.367740425850506
600.2291666666666 23.37783977501866 22.367122501906145
600.7291666666666 23.377807078120195 22.366517387687335
601.2291666666666 23.377773702599928 22.36590329145118
601.7291666666666 23.377740864608228 22.365306598152316
602.2291666666666 23.377717676865725 22.364699171017925
602.7291666666666 23.377688513222154 22.36410929461239
603.2291666666666 23.377683081351673 22.363505385041865
603.7291666666666 23.377658314334315 22.36291141337109
604.2291666666666 23.37765598359514 22.362319818010953
604.7291666666666 23.37765949720147 22.36172380843236
605.2291666666666 23.37766170224267 22.36114356828848
605.7291666666666 23.377675263323056 22.360556741971447
606.2291666666666 23.377687775264747 22.359974795245904
606.7291666666666 23.377702264295998 22.359391994536793
607.2291666666666 23.37772598820856 22.358821246287587
607.7291666666666 23.377747148157177 22.358242658362094
608.2291666666666 23.377785382775226 22.357676985248332
608.7291666666666 23.377832719729255 22.35710387925414
609.2291666666666 23.377870406550173 22.35653852234
609.7291666666666 23.377925861423122 22.35597241925972
610.2291666666666 23.37798013646411 22.355411428928186
610.7291666666666 23.37803077154004 22.354844048969028
611.2291666666666 23.37808128186543 22.35428958310318
611.7291666666666 23.378163319721715 22.353739221311855
612.2291666666666 23.378241623945634 22.353184560520386
612.7291666666666 23.37831739445839 22.352635320253476
613.2291666666666 23.378412367012224 22.352092186224755
613.7291666666666 23.37849218915521 22.35154540488738
614.2291666666666 23.378594931333033 22.351001526734052
614.7291666666666 23.378691452661272 22.350458433123457
615.2291666666666 23.378792941184553 22.34992746492027
615.7291666666666 23.378906348531835 22.349392159939732
616.2291666666666 23.379025624742052 22.34886242322218
616.7291666666666 23.379147087287407 22.348334464863417
617.2291666666666 23.379266243727162 22.34780594439432
617.7291666666666 23.379407549184847 22.34728052648346
618.2291666666666 23.379535684063594 22.346759216084983
618.7291666666666 23.3796843634449 22.346244537873478
619.2291666666666 23.37982864863509 22.345726941305237
619.7291666666666 23.37998065566653 22.345214404766583
