FastTrWP/PhaseSpace/IAs/snIa_0.6_20_1_0.1.csv
# %ECSV 0.9
# ---
# datatype:
# - {name: time-rel, datatype: float64}
# - {name: g, datatype: float64}
# - {name: i, datatype: float64}
# schema: astropy-2.0
time-rel g i
[from data line 553]
262.6458333333333 -25.970415277433233 -27.642308308789833
263.1458333333333 -25.971132762467988 -27.64316136172287
263.6458333333333 -25.971843413326454 -27.644003443237338
264.1458333333333 -25.972535412604984 -27.64484741868788
264.6458333333333 -25.97322668172883 -27.645694020509612
265.1458333333333 -25.97391775280594 -27.64652281294151
265.6458333333333 -25.9745839022725 -27.647354027970962
266.1458333333333 -25.975266937760043 -27.648175777044525
266.6458333333333 -25.975916331136048 -27.649004288919773
267.1458333333333 -25.976566119208627 -27.64981987545387
267.6458333333333 -25.97722864743306 -27.65063682638436
268.1458333333333 -25.977857692159635 -27.65144709515115
268.6458333333333 -25.978493546775702 -27.652249464925163
269.1458333333333 -25.979127371732172 -27.65305649784883
269.6458333333333 -25.9797398855413 -27.653861778576942
270.1458333333333 -25.98036558218638 -27.65465489127002
270.6458333333333 -25.980964301124008 -27.65544723868897
271.1458333333333 -25.98156748186483 -27.656241283653237
271.6458333333333 -25.98215449526765 -27.657018309806634
272.1458333333333 -25.982752303106075 -27.657800799013952
272.6458333333333 -25.983318539800273 -27.65857475343651
273.1458333333333 -25.983879265270073 -27.659347724248683
273.6458333333333 -25.98443169354168 -27.660117726637175
274.1458333333333 -25.984999823355874 -27.66088403553308
274.6458333333333 -25.985538952004124 -27.66164536118886
275.1458333333333 -25.9860854570662 -27.662400345621855
275.6458333333333 -25.986616779396947 -27.663153887258296
276.1458333333333 -25.987132754886527 -27.66390267344161
276.6458333333333 -25.987661839774127 -27.66464222782373
277.1458333333333 -25.988152098774936 -27.66538361828681
277.6458333333333 -25.98864975146867 -27.66612246246261
278.1458333333333 -25.989160652792748 -27.666852969420646
278.6458333333333 -25.98964297666957 -27.667584375242775
279.1458333333333 -25.990124812102437 -27.668303025372097
279.6458333333333 -25.990607425402036 -27.669029946559725
280.1458333333333 -25.991078951405143 -27.66974845951421
280.6458333333333 -25.991533917400915 -27.670461585717625
281.1458333333333 -25.991989113507667 -27.671174157121087
281.6458333333333 -25.992427948955555 -27.6718771783503
282.1458333333333 -25.992856430616072 -27.672579688702598
282.6458333333333 -25.993290723995504 -27.67327571716065
283.1458333333333 -25.993726777586236 -27.673977772605845
283.6458333333333 -25.994132501642483 -27.67467131191381
284.1458333333333 -25.994551918648654 -27.67535333915204
284.6458333333333 -25.994948258182077 -27.67604000396268
285.1458333333333 -25.99534700217568 -27.67672450377856
285.6458333333333 -25.99575293328009 -27.6773978214055
286.1458333333333 -25.99613000462051 -27.678069950166435
286.6458333333333 -25.996516677010963 -27.67873733450422
287.1458333333333 -25.996867810551358 -27.679412980015172
287.6458333333333 -25.997235766068822 -27.68007282718864
288.1458333333333 -25.99759752550558 -27.680729748089906
288.6458333333333 -25.99795704884012 -27.681392263106957
289.1458333333333 -25.998310025940192 -27.682047042288023
289.6458333333333 -25.998634424259244 -27.68269515267473
290.1458333333333 -25.9989766609159 -27.683341763262625
290.6458333333333 -25.999293688039348 -27.683978619778028
291.1458333333333 -25.999619036857666 -27.684617962815175
291.6458333333333 -25.9999358049207 -27.685265644160456
292.1458333333333 -26.00024425330336 -27.68589669077244
292.6458333333333 -26.000535589218813 -27.68652640885401
293.1458333333333 -26.000843907092253 -27.687149569376565
293.6458333333333 -26.00112725317367 -27.687774649070743
294.1458333333333 -26.001427369935094 -27.688397963807404
294.6458333333333 -26.001697329234194 -27.68901408904904
295.1458333333333 -26.001977103015996 -27.689634649549056
295.6458333333333 -26.002246804403775 -27.690248867876743
296.1458333333333 -26.002502469657056 -27.690852929982384
296.6458333333333 -26.002751297180644 -27.691457459259503
297.1458333333333 -26.003010216906134 -27.69205663839154
297.6458333333333 -26.00325641728422 -27.692662621582688
298.1458333333333 -26.003491710013034 -27.6932493156373
298.6458333333333 -26.00371322610572 -27.693848329046403
299.1458333333333 -26.00394992665312 -27.694437134798164
299.6458333333333 -26.0041570187365 -27.69503049925664
300.1458333333333 -26.004381851781034 -27.695610290888034
300.6458333333333 -26.004582460901624 -27.696195602069697
301.1458333333333 -26.004790336896498 -27.69677236921224
301.6458333333333 -26.00499175024155 -27.697360117366586
302.1458333333333 -26.00519799790334 -27.697931262795446
302.6458333333333 -26.00537548383844 -27.69850331121628
303.1458333333333 -26.005559471083956 -27.699067742274337
303.6458333333333 -26.005732785644696 -27.699632450066876
304.1458333333333 -26.005910278249797 -27.700192293025513
304.6458333333333 -26.006076792086418 -27.700751993136503
305.1458333333333 -26.00623382079279 -27.701318530149518
305.6458333333333 -26.00639536833335 -27.70186650265533
306.1458333333333 -26.00655439933756 -27.702420647738787
306.6458333333333 -26.006699462609284 -27.702971247342862
307.1458333333333 -26.006826070472272 -27.703516803262147
307.6458333333333 -26.006978277031912 -27.704057233824052
308.1458333333333 -26.007094235518117 -27.704604189766947
308.6458333333333 -26.007225315062357 -27.70514610500788
309.1458333333333 -26.00735277579051 -27.705678235009735
309.6458333333333 -26.007481881806864 -27.706218670309497
310.1458333333333 -26.007578795768506 -27.706751355199614
310.6458333333333 -26.007682870243865 -27.707269829808045
311.1458333333333 -26.007789216824662 -27.707806185907565
311.6458333333333 -26.00787938430715 -27.708326777311342
312.1458333333333 -26.007978682401216 -27.70885520500066
312.6458333333333 -26.008067816188497 -27.70937580038779
313.1458333333333 -26.008141210213623 -27.70988322930304
313.6458333333333 -26.00821822918007 -27.710408032596096
314.1458333333333 -26.00828216376664 -27.710907477222673
314.6458333333333 -26.008337189007285 -27.71141180625778
315.1458333333333 -26.008388068186463 -27.711916809796747
315.6458333333333 -26.008435900935844 -27.71242112165933
316.1458333333333 -26.008461671963644 -27.712906220408406
316.6458333333333 -26.008497587471403 -27.713400135282757
317.1458333333333 -26.008529897912585 -27.713891717875974
317.6458333333333 -26.00854340057435 -27.71436939438011
318.1458333333333 -26.008553466329438 -27.71485149891455
318.6458333333333 -26.0085599179981 -27.71533259822504
319.1458333333333 -26.008559825716834 -27.715804103471168
319.6458333333333 -26.008541299553766 -27.71627638138351
320.1458333333333 -26.008527225414838 -27.71674290770372
320.6458333333333 -26.00849974999551 -27.717207900600805
321.1458333333333 -26.008475373212562 -27.717670621710383
321.6458333333333 -26.008439306739028 -27.718124084845158
322.1458333333333 -26.008386912685665 -27.718588160231683
322.6458333333333 -26.00835081508926 -27.719032752478718
323.1458333333333 -26.008292610236357 -27.719483452754893
323.6458333333333 -26.00824464019738 -27.719929526187247
324.1458333333333 -26.008168444340516 -27.720375411826083
324.6458333333333 -26.008122139289448 -27.72081579459508
325.1458333333333 -26.00801121675858 -27.721257267581425
325.6458333333333 -26.007944488814193 -27.72169375641582
326.1458333333333 -26.007853937022745 -27.722120272938433
326.6458333333333 -26.00775670553122 -27.722555609769714
327.1458333333333 -26.007669397437063 -27.722977941145878
327.6458333333333 -26.007563106469185 -27.723407563160656
328.1458333333333 -26.007458187543826 -27.723835408324824
328.6458333333333 -26.00733201349332 -27.724253604901982
329.1458333333333 -26.00723051201911 -27.724668452400696
329.6458333333333 -26.007077562755097 -27.725086593727937
330.1458333333333 -26.00696899901708 -27.725494985534883
330.6458333333333 -26.006847154536047 -27.72590710255973
331.1458333333333 -26.006706080979562 -27.726325408435684
331.6458333333333 -26.0065692203432 -27.72672839600871
332.1458333333333 -26.00642880122795 -27.72713027177158
332.6458333333333 -26.006263288074706 -27.727535645994678
333.1458333333333 -26.00611567104924 -27.72793749809469
333.6458333333333 -26.005951481118554 -27.728330455397394
334.1458333333333 -26.005780798128765 -27.72872766486653
334.6458333333333 -26.005623144533565 -27.729127054269036
335.1458333333333 -26.00544394576833 -27.72951695137764
335.6458333333333 -26.005267337009638 -27.72990981074484
336.1458333333333 -26.005090044715562 -27.730300544784335
336.6458333333333 -26.00490746030583 -27.730688984890666
337.1458333333333 -26.004704497265564 -27.731079768873883
337.6458333333333 -26.00453452605892 -27.731456166990796
338.1458333333333 -26.00432436101127 -27.731840107867868
338.6458333333333 -26.004136183301792 -27.732219576728163
339.1458333333333 -26.003940085734616 -27.732596670254516
339.6458333333333 -26.0037532212634 -27.732980994414795
340.1458333333333 -26.00354917169971 -27.733355362637944
340.6458333333333 -26.003325744136415 -27.7337300537501
341.1458333333333 -26.003115878618487 -27.734111140654175
341.6458333333333 -26.002897354530884 -27.734481241227517
342.1458333333333 -26.002664200688553 -27.734854398754166
342.6458333333333 -26.002454973333343 -27.735217720866604
343.1458333333333 -26.002222223400516 -27.735595984445766
343.6458333333333 -26.002004559294896 -27.735958515477407
344.1458333333333 -26.00177839983828 -27.736324636032478
344.6458333333333 -26.001550804946607 -27.736693126000812
345.1458333333333 -26.001314988057835 -27.7370554432694
345.6458333333333 -26.001057295272744 -27.73742148000657
346.1458333333333 -26.000844712293066 -27.737778471386253
346.6458333333333 -26.000594844379975 -27.73814461673694
347.1458333333333 -26.000348032306157 -27.73850891999356
347.6458333333333 -26.00010708626021 -27.738863481197708
348.1458333333333 -25.999866568949543 -27.739226607211556
348.6458333333333 -25.99960207920352 -27.739584012707603
349.1458333333333 -25.99937510430702 -27.73994439051569
349.6458333333333 -25.999123859363294 -27.740304026437602
350.1458333333333 -25.99885429919108 -27.74066101242862
350.6458333333333 -25.998614902175383 -27.74101695032875
351.1458333333333 -25.99835430445866 -27.741372842423075
351.6458333333333 -25.998094974389687 -27.741725356385203
352.1458333333333 -25.99783465663256 -27.742084392525204
352.6458333333333 -25.997568947521955 -27.742437116946405
353.1458333333333 -25.997296849665013 -27.742780277986085
353.6458333333333 -25.997023180725204 -27.743136361109592
354.1458333333333 -25.99674484032771 -27.743485140381644
354.6458333333333 -25.996466688821815 -27.743834381499852
355.1458333333333 -25.996201761893044 -27.74418183677784
355.6458333333333 -25.995912186776806 -27.74451934630629
356.1458333333333 -25.995615383023644 -27.74485616150011
356.6458333333333 -25.9953239229758 -27.745207987538933
357.1458333333333 -25.99502601288576 -27.74554357296573
357.6458333333333 -25.994748048400616 -27.745879515339634
358.1458333333333 -25.994434825623472 -27.74621540962083
358.6458333333333 -25.994129894656076 -27.74655020726904
359.1458333333333 -25.9938306604029 -27.746884608654703
359.6458333333333 -25.993505581695576 -27.747214623257676
360.1458333333333 -25.993188774934744 -27.74754909415803
360.6458333333333 -25.9928848662406 -27.747879794103238
361.1458333333333 -25.99255870767378 -27.74820408097702
361.6458333333333 -25.99224508572989 -27.748533217954442
362.1458333333333 -25.991902421048714 -27.74885532598489
362.6458333333333 -25.991574950821395 -27.749178728167024
363.1458333333333 -25.991241561955572 -27.749507672190155
363.6458333333333 -25.990901094211733 -27.74982644774552
364.1458333333333 -25.990547995552866 -27.750146458325027
364.6458333333333 -25.99021349268837 -27.750464684090254
365.1458333333333 -25.989850402901666 -27.750779230504122
365.6458333333333 -25.98950601754668 -27.751093044408254
366.1458333333333 -25.98915276792677 -27.751405533850928
366.6458333333333 -25.988780583376535 -27.7517205342523
367.1458333333333 -25.988419938176904 -27.752025694692655
367.6458333333333 -25.988071298972745 -27.75233745774269
368.1458333333333 -25.98769448869642 -27.752648389818457
368.6458333333333 -25.987326317985676 -27.75295441810695
369.1458333333333 -25.98693060506286 -27.753254660342407
369.6458333333333 -25.986562012837343 -27.753557456163463
370.1458333333333 -25.986161800638303 -27.753856804288457
370.6458333333333 -25.985779090621115 -27.754158223121724
371.14583333333326 -25.98537906562428 -27.754450357458445
371.6458333333333 -25.984969101164754 -27.754747938363074
372.1458333333333 -25.984595366480164 -27.75504951172058
372.64583333333326 -25.984180996597548 -27.755339029702476
373.1458333333333 -25.98377418396941 -27.755627848371162
373.6458333333333 -25.983359094596704 -27.75592205343592
374.14583333333326 -25.98295158616463 -27.756207359271386
374.6458333333333 -25.982521743079797 -27.756495048055086
375.1458333333333 -25.98210427445857 -27.756788873426444
375.64583333333326 -25.98166628795861 -27.757068646642967
376.1458333333333 -25.98124782476917 -27.75735327924363
376.6458333333333 -25.98081186872664 -27.757631302930665
377.14583333333326 -25.98037586925026 -27.757908968688348
377.6458333333333 -25.979939220679903 -27.758184412949166
378.1458333333333 -25.97948881100791 -27.75846117237966
378.64583333333326 -25.97903418828052 -27.75872998876749
379.1458333333333 -25.97859124288226 -27.759004400471955
379.6458333333333 -25.978112580008805 -27.759279352308745
380.14583333333326 -25.977665411504184 -27.759547688361756
380.6458333333333 -25.977186992186642 -27.75982006265451
381.1458333333333 -25.97672782152927 -27.76008037345166
381.64583333333326 -25.97625257062232 -27.760350547026135
382.1458333333333 -25.975771283630436 -27.760610076827568
382.6458333333333 -25.975283104269785 -27.760869233048666
383.14583333333326 -25.974804917475417 -27.76112724702338
383.6458333333333 -25.974318640109857 -27.761389447063443
384.1458333333333 -25.973817908097757 -27.761643058822347
384.64583333333326 -25.973335247600012 -27.761897629369198
385.1458333333333 -25.972814526145434 -27.762149882140122
385.6458333333333 -25.97231528285893 -27.762399287336066
386.14583333333326 -25.971801424123804 -27.762644817425826
386.6458333333333 -25.97129298958896 -27.762898457911728
387.1458333333333 -25.970772097050126 -27.763137395542437
387.64583333333326 -25.970254087700255 -27.763386355897683
388.1458333333333 -25.969718180112842 -27.763626948643427
388.6458333333333 -25.969198363814307 -27.76386964293705
389.14583333333326 -25.96866778648355 -27.76410737859431
389.6458333333333 -25.968112305973396 -27.764345584287973
390.1458333333333 -25.967583495821813 -27.76457839672812
390.64583333333326 -25.967032681981404 -27.764818183363506
391.1458333333333 -25.966490132883276 -27.76504352206114
391.6458333333333 -25.96591984781505 -27.765280644915784
392.14583333333326 -25.96536836017604 -27.765510544115187
392.6458333333333 -25.964819966640302 -27.76573900706657
393.1458333333333 -25.964231208695484 -27.765967605619583
393.64583333333326 -25.963670468477694 -27.766192824000413
394.1458333333333 -25.963095556734896 -27.76641119566724
394.6458333333333 -25.962510774407445 -27.766636553976948
395.14583333333326 -25.961918138856795 -27.76685614598833
395.6458333333333 -25.961354210027668 -27.767079395351388
396.1458333333333 -25.960754825371545 -27.767292255680353
396.64583333333326 -25.960166428406296 -27.767508706137306
397.1458333333333 -25.959553662426092 -27.76772105567888
397.6458333333333 -25.95894755975386 -27.767938516223104
398.14583333333326 -25.958359839827732 -27.768150047013318
398.6458333333333 -25.957740313563555 -27.76835855984998
399.1458333333333 -25.957136798325067 -27.768569937891204
399.64583333333326 -25.95650667692944 -27.768775281669946
400.1458333333333 -25.955888086717827 -27.76898409187082
400.6458333333333 -25.955258595229395 -27.769189019244873
401.14583333333326 -25.954628512222126 -27.769387374333277
