FastTrWP/PhaseSpace/IAs/snIa_0.61_30.00_-0.15_0.03.csv
# %ECSV 0.9
# ---
# datatype:
# - {name: time-rel, datatype: float64}
# - {name: g, datatype: float64}
# - {name: i, datatype: float64}
# schema: astropy-2.0
time-rel g i
-406.0 26.99625585724659 24.78450252386792
-405.5 26.984219178534623 24.776858269075834
-405.0 26.9722064511873 24.769227021502417
-404.5 26.96035547390335 24.761627920596744
-404.0 26.948580733823242 24.75406480050038
-403.5 26.936833421282472 24.74654940025795
-403.0 26.925247116347556 24.73907323796325
-402.5 26.913687801253943 24.73158628797296
-402.0 26.90223122633311 24.724148918371476
-401.5 26.89080796408152 24.71674311715566
-401.0 26.87955720763574 24.70939245315694
-400.5 26.868281719648547 24.7020512188492
-400.0 26.857130856878943 24.694723912497032
-399.5 26.84611096558214 24.687434799883693
-399.0 26.83508728686398 24.68019204744195
-398.5 26.824133892171243 24.67298052569353
-398.0 26.813282111723716 24.665771891969484
-397.5 26.80250346082305 24.658650316853873
-397.0 26.791865571665067 24.651512124172264
-396.5 26.781238798137707 24.644411921322238
-396.0 26.770660040157303 24.637371542233662
-395.5 26.76020726981292 24.63032079161763
-395.0 26.749794113556323 24.62330787871369
-394.5 26.739434067815676 24.616336558824436
-394.0 26.729170879641444 24.609396934052295
-393.5 26.719019635412007 24.60249064294977
-393.0 26.708842448792872 24.595606138817246
-392.5 26.69880200477282 24.58875861133613
-392.0 26.688762378776758 24.581932554982128
-391.5 26.678832371833757 24.575129886193476
-391.0 26.669016842386203 24.568370556890308
-390.5 26.65927056220543 24.561639728329027
-390.0 26.64950928516727 24.55493580197174
-389.5 26.63982607014472 24.548256407259043
-389.0 26.63021251223345 24.541584471511165
-388.5 26.620618836640237 24.534941678483584
-388.0 26.611145241934437 24.528300708655635
-387.5 26.601628668142748 24.52169683338679
-387.0 26.59222560795297 24.51511419351576
-386.5 26.582892666879104 24.5085203094383
-386.0 26.573552383136608 24.50196768260399
-385.5 26.564258361905864 24.49542832540793
-385.0 26.55508789271902 24.488922452283553
-384.5 26.54591318708265 24.482438391989408
-384.0 26.53681949950417 24.475967165507377
-383.5 26.527735125901657 24.469503854063582
-383.0 26.518685630319496 24.463062788294927
-382.5 26.509692352598883 24.45665478006269
-382.0 26.500843515949846 24.45026327562983
-381.5 26.491919836357663 24.4439040660072
-381.0 26.48305134647183 24.437535096916445
-380.5 26.474262453569043 24.43121004031894
-380.0 26.465493723621208 24.424887722424693
-379.5 26.456812031822775 24.418591440563702
-379.0 26.448130395427768 24.412316955727253
-378.5 26.43948728845361 24.40606853754477
-378.0 26.430901893479046 24.39983634958862
-377.5 26.422354955868013 24.39362398020332
-377.0 26.41385237154968 24.38743897278522
-376.5 26.405405206056795 24.381258417804
-376.0 26.396986408566626 24.37511456176967
-375.5 26.38855841176861 24.368980010194807
-375.0 26.38020384883019 24.362881836720565
-374.5 26.37186894715635 24.35679655056404
-374.0 26.363678606480903 24.350713505378504
-373.5 26.355401694556072 24.344670460877946
-373.0 26.347207266668455 24.33865929101343
-372.5 26.33904692189791 24.332642651658603
-372.0 26.330958020019573 24.3266580342505
-371.5 26.32285774290483 24.32070223453501
-371.0 26.31478999679552 24.314755947483523
-370.5 26.306748739101124 24.308832818334434
-370.0 26.29880847135809 24.302936539673
-369.5 26.290887916379265 24.297037929813253
-369.0 26.28290484921292 24.291196250684873
-368.5 26.27499710442909 24.2853318427084
-368.0 26.267199009164063 24.279546912743992
-367.5 26.25940050801844 24.27372598054838
-367.0 26.251612367825317 24.267966752039975
-366.5 26.243860273766355 24.26220632420163
-366.0 26.236161304671334 24.25646768023463
-365.5 26.228502429266914 24.25075946163789
-365.0 26.220812862508936 24.24506398178533
-364.5 26.213183917397757 24.239400278948352
-364.0 26.205603336664396 24.233738121409477
-363.5 26.198032102653755 24.228101023454784
-363.0 26.19052509157054 24.222486904693312
-362.5 26.18306079381866 24.216917054900637
-362.0 26.1755693889909 24.211341828648266
-361.5 26.168123728624767 24.205792109076846
-361.0 26.160728999240888 24.200252055579487
-360.5 26.15332401946485 24.194763348106765
-360.0 26.146017097011676 24.189275797009287
-359.5 26.13869096310262 24.18381940566671
-359.0 26.131429802898477 24.178362859158867
-358.5 26.12415007096377 24.17292794241964
-358.0 26.116865691989638 24.16753189496063
-357.5 26.10967957956255 24.16214692744948
-357.0 26.10250921555253 24.156772185352395
-356.5 26.095351708484298 24.151442227674096
-356.0 26.088225184819727 24.146119663500976
-355.5 26.081117955687528 24.140805373853635
-355.0 26.07407439811622 24.135540973302785
-354.5 26.06699829765021 24.130277750639024
-354.0 26.059986039301023 24.12502594014308
-353.5 26.053015668755855 24.119804966810467
-353.0 26.046007782638945 24.11460677197304
-352.5 26.039086227656934 24.1094389695987
-352.0 26.032141800469336 24.104272530276376
-351.5 26.025243980037573 24.099136295751897
-351.0 26.01837857097577 24.09403196200413
-350.5 26.011540479890876 24.088904527014044
-350.0 26.004714883868335 24.083798572132395
-349.5 25.99794315024522 24.078719054573966
-349.0 25.991169454252795 24.0736666478036
-348.5 25.984458383560792 24.068603465602468
-348.0 25.97775979748358 24.063577968345825
-347.5 25.971068548704167 24.05853607417813
-347.0 25.964402142973626 24.053521703432178
-346.5 25.957794097981793 24.048548851074333
-346.0 25.95117547024065 24.043536238978152
-345.5 25.94458638910605 24.038582323760007
-345.0 25.93801247200739 24.03362519551903
-344.5 25.9315016609288 24.0286848165036
-344.0 25.924994023731756 24.02376199530923
-343.5 25.918495112335236 24.018843306915635
-343.0 25.91202259053547 24.013955833213025
-342.5 25.90561280468789 24.009065092729948
-342.0 25.899179063898696 24.004188811244322
-341.5 25.89279652112062 23.999339939252895
-341.0 25.886406996733008 23.994469647405985
-340.5 25.88005269541849 23.989661463017168
-340.0 25.873713289303282 23.98484895810963
-339.5 25.867423637923864 23.980055038063345
-339.0 25.86111615270271 23.9752706277007
-338.5 25.854857339392883 23.97047446367372
-338.0 25.848582946029545 23.96573315029372
-337.5 25.842379308294525 23.960986623696247
-337.0 25.836143849818058 23.956268595794427
-336.5 25.829966222085528 23.951537407532378
-336.0 25.82380509238167 23.946844272240227
-335.5 25.81762644988566 23.94214441680296
-335.0 25.811505491327708 23.937488383970894
-334.5 25.805392945459445 23.932823122243647
-334.0 25.799305115942555 23.928169792777965
-333.5 25.793190820883574 23.923545180035525
-333.0 25.78715489474161 23.918947586881124
-332.5 25.781084922500636 23.91432189119632
-332.0 25.775044650829546 23.909748564688805
-331.5 25.76906598634459 23.90516284370094
-331.0 25.763078818628987 23.900608995496782
-330.5 25.757075432565454 23.89605147834643
-330.0 25.751131414336538 23.89152182174644
-329.5 25.7451676803127 23.886995997562508
-329.0 25.73926110735269 23.882490055483906
-328.5 25.733332511641727 23.878002945720816
-328.0 25.72741548421582 23.873526648869685
-327.5 25.72154363434364 23.869064191463085
-327.0 25.715679074719205 23.86460776881281
-326.5 25.70982449388778 23.86017729193896
-326.0 25.704009101546493 23.855755212901148
-325.5 25.698199574536858 23.851337001678154
-325.0 25.6924177437033 23.846953056789246
-324.5 25.686608881652937 23.84257488174383
-324.0 25.6808144731962 23.838202209996915
-323.5 25.675054755567274 23.833848952028248
-323.0 25.669337391566888 23.829496661047163
-322.5 25.663594541763118 23.825187866847056
-322.0 25.657885969666697 23.820873817389376
-321.5 25.652150508244922 23.81658322484295
-321.0 25.646483946930722 23.81228977921262
-320.5 25.640790659655963 23.808015158590496
-320.0 25.635132504750466 23.803759674860142
-319.5 25.629477892157094 23.799517798918792
-319.0 25.623827603016245 23.795290694383304
-318.5 25.618216027879104 23.791049858418475
-318.0 25.612615352131115 23.78686115151291
-317.5 25.60702449706823 23.782666984878382
-317.0 25.601421137709398 23.778485251870233
-316.5 25.59584247992867 23.77432227333049
-316.0 25.590276950337085 23.770180806245836
-315.5 25.584711942647026 23.76603311931256
-315.0 25.579190947692105 23.761915726905947
-314.5 25.573654573374 23.757807019724737
-314.0 25.568167678043054 23.75371224902597
-313.5 25.562659031800816 23.749630990291195
-313.0 25.55717951056545 23.745554914598507
-312.5 25.551663102251897 23.74150771862544
-312.0 25.546227539197478 23.73746811875092
-311.5 25.540777721462796 23.73342396724416
-311.0 25.535326898595 23.72940891630616
-310.5 25.52990080440194 23.725407949448233
-310.0 25.524493210334626 23.721407510883175
-309.5 25.51908791302605 23.717421618232525
-309.0 25.51372123868484 23.71343856434748
-308.5 25.508351218032367 23.709477884903258
-308.0 25.50298050061635 23.705522040656824
-307.5 25.49762707396244 23.701582913495514
-307.0 25.492275981817045 23.69766315749218
-306.5 25.486973165499528 23.693748814831032
-306.0 25.48167292285242 23.689832544860195
-305.5 25.47636517986845 23.685941979331826
-305.0 25.471082730094952 23.682055041628132
-304.5 25.46584527982951 23.678185822380357
-304.0 25.46059838646606 23.67431433946922
-303.5 25.455344709039846 23.670466651739595
-303.0 25.45009467901389 23.666617963870653
-302.5 25.444876456367048 23.66279174808048
-302.0 25.439684072587614 23.658957152716017
-301.5 25.434492061525184 23.65515295315467
-301.0 25.42929061080994 23.65135237608708
-300.5 25.42412684263709 23.64755773549239
-300.0 25.41896161105413 23.643763136569568
-299.5 25.413851773151727 23.63999810094969
-299.0 25.40869258066783 23.636243663685747
-298.5 25.403547105394072 23.632483459654594
-298.0 25.398447109129076 23.628735767886436
-297.5 25.39334314052804 23.62500775447334
-297.0 25.388273511988757 23.62126692368376
-296.5 25.383182571880923 23.617558521219173
-296.0 25.378127914082466 23.613840447353105
-295.5 25.373081333811083 23.610159159996446
-295.0 25.368047875692497 23.606465659927917
-294.5 25.363009971390294 23.602790174183998
-294.0 25.35799058719755 23.599109790562572
-293.5 25.352962665812196 23.595442808676076
-293.0 25.3479896121531 23.591791075730836
-292.5 25.34299102224813 23.588151605147058
-292.0 25.33799984763361 23.5845069168517
-291.5 25.33307402341584 23.58089062191782
-291.0 25.328131116023286 23.577267656005784
-290.5 25.32316446321667 23.573656542620096
-290.0 25.318235366860293 23.570052073327602
-289.5 25.31332112650762 23.566455293359503
-289.0 25.308410588557578 23.562857069069608
-288.5 25.303500640884295 23.55929843069263
-288.0 25.298602373051786 23.555722668720854
-287.5 25.29372885988805 23.552151268628645
-287.0 25.288869319910447 23.548619808036293
-286.5 25.28400011664067 23.54505898432031
-286.0 25.279141614838135 23.54153089838102
-285.5 25.27428888194447 23.53799555619204
-285.0 25.269504032149953 23.534469860715728
-284.5 25.26468666513939 23.530956733902983
-284.0 25.25984974594853 23.527449826512637
-283.5 25.255050036895987 23.52394558346517
-283.0 25.250264739017624 23.520460022695314
-282.5 25.24550735488827 23.516974920008572
-282.0 25.240748890500985 23.513493626994983
-281.5 25.235987016920397 23.510024909328312
-281.0 25.231218231364146 23.506560189662792
-280.5 25.226475514279933 23.50310053204972
-280.0 25.221746037349586 23.49966216569989
-279.5 25.217020814046684 23.49621720699824
-279.0 25.212329878597266 23.492783886792488
-278.5 25.20763322620391 23.489351998641794
-278.0 25.20294072148574 23.485928145540722
-277.5 25.19824484348925 23.48250571493718
-277.0 25.19359552904248 23.479112546925673
-276.5 25.188926386858665 23.47570610865403
-276.0 25.184255924220835 23.47229823014031
-275.5 25.179620529730144 23.468920458496463
-275.0 25.17498776414909 23.465531016018453
-274.5 25.170357843260756 23.46216788795828
-274.0 25.1657514530624 23.458792096507715
-273.5 25.161152337681607 23.45544025372091
-273.0 25.15654440279394 23.4520854112803
-272.5 25.151960961118665 23.448742328248088
-272.0 25.14740057436256 23.445409297354797
-271.5 25.14278287225203 23.442070045477543
-271.0 25.138254701713855 23.438743665794114
-270.5 25.133701109896762 23.43543003151092
-270.0 25.129193780939506 23.432123581314602
-269.5 25.124649866904516 23.428815706061705
-269.0 25.120120246258516 23.425532902228223
-268.5 25.115620267771067 23.42224520469874
-268.0 25.111119762209498 23.418955595564576
-267.5 25.106648313569828 23.415696856568594
-267.0 25.102140542415082 23.41242664964506
-266.5 25.097682930215125 23.409151940722847
-266.0 25.093225719046433 23.405907114545407
-265.5 25.088758371643863 23.402667735598406
-265.0 25.08432533279437 23.39941873843861
-264.5 25.079879955375517 23.396183871521934
-264.0 25.075448605798478 23.39296168517567
-263.5 25.071034820381826 23.38974843673945
-263.0 25.066626789141782 23.38652752813582
-262.5 25.06224233521845 23.38332228234082
-262.0 25.057822471795994 23.38012561859639
-261.5 25.05345002870318 23.376926483753245
-261.0 25.04909397917598 23.373738346755474
-260.5 25.044703848543925 23.3705596701404
-260.0 25.040369121491924 23.367375402271563
-259.5 25.036003855370442 23.364211206764796
-259.0 25.03167323557993 23.361045165985168
-258.5 25.027315453995055 23.357884897049523
-258.0 25.023000266389612 23.354743478170747
-257.5 25.01866700067021 23.351589758294526
-257.0 25.014358720242473 23.348440962499883
-256.5 25.01008109814415 23.3453033272697
-256.0 25.005792940003822 23.342185966754098
-255.5 25.001492018335444 23.33906745610821
-255.0 24.99721316456366 23.335944016721434
-254.5 24.992967457571247 23.332833455968633
-254.0 24.98869416443504 23.329716792443435
-253.5 24.984429270172043 23.32662825628113
-253.0 24.980190822362147 23.32352974805331
-252.5 24.975924362071943 23.32044088147128
-252.0 24.97170405207559 23.317350958528476
-251.5 24.967474071568795 23.314280954503865
-251.0 24.963263745683328 23.311211154930483
-250.5 24.959062614282644 23.30813295743781
-250.0 24.954831243504835 23.30507663301434
-249.5 24.95066243569167 23.30200909113579
-249.0 24.94646543767841 23.298954757397482
-248.5 24.94227752579009 23.295904181932553
-248.0 24.938105261418315 23.292861189787182
-247.5 24.933947284424967 23.289835497741954
-247.0 24.92978648567963 23.286787968893417
-246.5 24.9256382724333 23.283771145539845
-246.0 24.92150139919037 23.28074099269001
-245.5 24.917345332408537 23.277714108788594
-245.0 24.91321361553005 23.27470136060335
-244.5 24.909070675890895 23.271691803385583
-244.0 24.904972921464147 23.268687505486053
-243.5 24.900832349499883 23.265691487976987
-243.0 24.896737146175735 23.262692204963976
-242.5 24.892636598891656 23.25970404092471
-242.0 24.888541425731482 23.256716058493755
-241.5 24.884466832675876 23.253734769252613
-241.0 24.880376417481788 23.250753615578365
-240.5 24.876322746055266 23.247774227292076
-240.0 24.872265164904526 23.244817252183054
-239.5 24.86817815030601 23.241846739837385
-239.0 24.864128271748555 23.238884217736988
-238.5 24.86006154050093 23.235923789803522
-238.0 24.85600854430714 23.232980819095648
-237.5 24.851977978288197 23.230031437566034
-237.0 24.84797448677223 23.227087546772893
-236.5 24.843925027131064 23.22415036863103
-236.0 24.839914998183477 23.221214875880737
-235.5 24.835887149445487 23.218284677759257
-235.0 24.83189967163399 23.215355774872272
-234.5 24.827905274010185 23.21243948498885
-234.0 24.823905089546802 23.209516864807753
-233.5 24.819924566280072 23.20661282948887
-233.0 24.815962520283446 23.20369931908133
-232.5 24.81196373848431 23.200792375678347
-232.0 24.80800873906187 23.197895423276464
-231.5 24.804050332273334 23.195014181899186
-231.0 24.80010683769017 23.192106381389518
-230.5 24.796151995205364 23.18923604676156
-230.0 24.792210352472324 23.186365991431074
-229.5 24.78829754919552 23.183480300905728
-229.0 24.784369305535044 23.180621568643822
-228.5 24.780432572734497 23.17776476316879
-228.0 24.77652083938697 23.174886018310485
-227.5 24.772619526761645 23.172030194802073
-227.0 24.768731685845772 23.169188969111964
-226.5 24.764828522277426 23.166346844648594
-226.0 24.760941891735207 23.163499476612593
-225.5 24.757041411358813 23.160667043975668
