FastTrWP/PhaseSpace/IAs/snIa_0.32_30.00_1.56_-0.01.csv
# %ECSV 0.9
# ---
# datatype:
# - {name: time-rel, datatype: float64}
# - {name: g, datatype: float64}
# - {name: i, datatype: float64}
# schema: astropy-2.0
time-rel g i
[from data line 1768]
432.0 23.480197335510343 22.86513810623604
432.5 23.48175342817004 22.866122469926715
433.0 23.483317160924138 22.867101333990068
433.5 23.484881301815502 22.868090226524906
434.0 23.486442413823156 22.869066437132442
434.5 23.48801950195383 22.87005173726588
435.0 23.489590019057715 22.871053215536815
435.5 23.49115669210535 22.87204147714657
436.0 23.492738314126594 22.87304348953868
436.5 23.494322747826363 22.874032790788114
437.0 23.495910087137567 22.875026351423205
437.5 23.49750465030423 22.876022708843905
438.0 23.499073398485134 22.87702007144976
438.5 23.500685505037055 22.8780173974338
439.0 23.50228373118236 22.879022735131997
439.5 23.503881180656947 22.880019040314707
440.0 23.505481629395764 22.88103067663654
440.5 23.507094661054317 22.88203689817646
441.0 23.50870973164403 22.88304660041461
441.5 23.510324498490505 22.8840558667292
442.0 23.51193447273895 22.885053479601403
442.5 23.513566686444364 22.886063895279438
443.0 23.515180565473578 22.887089232318377
443.5 23.5168142223622 22.888096777336088
444.0 23.518439425750653 22.889115600948344
444.5 23.520078028145925 22.89013676820008
445.0 23.521712211520317 22.89115037050504
445.5 23.523348448484146 22.892167056247878
446.0 23.524988831775055 22.89319362023795
446.5 23.526650148660302 22.894212476262542
447.0 23.528285394878388 22.89524212548347
447.5 23.529938443517263 22.896261060956885
448.0 23.53160982366672 22.897290594307087
448.5 23.53325224571332 22.898320732056167
449.0 23.534922044146022 22.899345162357232
449.5 23.536595160259175 22.900379032749335
450.0 23.538262383930757 22.901415233981453
450.5 23.539937483263913 22.902450489913143
451.0 23.54160743581444 22.903479783081945
451.5 23.543284262978986 22.90452602324633
452.0 23.54497901694145 22.905558444046076
452.5 23.546647304756814 22.906593321730163
453.0 23.548345385350693 22.907640142256906
453.5 23.550032226876443 22.908686044845954
454.0 23.55173359815453 22.909725877085982
454.5 23.55343001058597 22.91077191140343
455.0 23.555134346942527 22.911811741738397
455.5 23.55684276500893 22.912858087380933
456.0 23.558551587235872 22.913920358852366
456.5 23.560267013106937 22.91496233926951
457.0 23.561972160724622 22.916020513655205
457.5 23.563691797436945 22.917071971212494
458.0 23.565422641461332 22.9181211034522
458.5 23.56715400803031 22.919168736128753
459.0 23.568875050939294 22.92022998916629
459.5 23.57060420169841 22.92129475642495
460.0 23.572336133561347 22.922357161586653
460.5 23.574074564126448 22.923403919143425
461.0 23.575825987461005 22.92446584133938
461.5 23.577563617132743 22.925527437071644
462.0 23.579303831274537 22.926596568169046
462.5 23.581062897936995 22.927655286271886
463.0 23.582820813023545 22.928721045961993
463.5 23.584576963878018 22.92979257632135
464.0 23.586345860034115 22.930854386483325
464.5 23.588115096500072 22.931931213339034
465.0 23.589871555543965 22.933000016207636
465.5 23.591653502672926 22.934076098679558
466.0 23.593425893336388 22.93514697803481
466.5 23.595202963300075 22.936214315172307
467.0 23.596995479416925 22.937284474856796
467.5 23.598773323438976 22.93837422270748
468.0 23.600555090167884 22.939435198264203
468.5 23.602354222590595 22.940520738322043
469.0 23.60415343704256 22.941602515693216
469.5 23.605950761215468 22.942678123943114
470.0 23.607748980796156 22.943760520617648
470.5 23.609557972649707 22.944846466775832
471.0 23.611358028744863 22.94592835274687
471.5 23.613179367648193 22.947013147278778
472.0 23.61499650905223 22.948097870391578
472.5 23.616813399013246 22.949180330778745
473.0 23.618641264587982 22.950285751118823
473.5 23.62048646381844 22.951373672895734
474.0 23.622316657158184 22.952469808963222
474.5 23.624165851317667 22.953573511156602
475.0 23.626015440283624 22.954674423378858
475.5 23.62786821795105 22.955784589106326
476.0 23.629747347907795 22.95689707347442
476.5 23.63161417442287 22.958012299963055
477.0 23.633482502651457 22.9591230557198
477.5 23.635365724404664 22.96025096792707
478.0 23.63725382950352 22.96137339002206
478.5 23.639143402682517 22.962496473811363
479.0 23.641028659349285 22.963622817798466
479.5 23.642935474134706 22.964752297298507
480.0 23.64483286400748 22.965883588680992
480.5 23.64675376263601 22.967022562653604
481.0 23.648672797476934 22.968154796397023
481.5 23.650570921626976 22.96928302297924
482.0 23.652510286395092 22.97043328804851
482.5 23.654431725332312 22.971567147137364
483.0 23.656358302793805 22.97270693244038
483.5 23.65829501620312 22.973852739481792
484.0 23.66023476367925 22.97499991891806
484.5 23.662176740698783 22.976141742286472
485.0 23.664116960789883 22.97728806858022
485.5 23.666072504360752 22.978434983157978
486.0 23.668026902327583 22.97957514214174
486.5 23.669973779523218 22.980715914492315
487.0 23.671921248770552 22.981871175994097
487.5 23.673887366433423 22.98302020377601
488.0 23.67586055818739 22.984163952512585
488.5 23.677833592898935 22.985308891290188
489.0 23.67980311909701 22.98645631936222
489.5 23.681756594046416 22.98760192059754
490.0 23.683742249178987 22.988754391718388
490.5 23.685706296987586 22.98990483239024
491.0 23.687677331156188 22.99104924383808
491.5 23.689658858915962 22.992192360259935
492.0 23.69163799864698 22.99333558009306
492.5 23.69362951387523 22.994471751640692
493.0 23.69560306668555 22.995619936263747
493.5 23.697584319878775 22.996753307452316
494.0 23.699567476307465 22.997896567152225
494.5 23.701566338490597 22.999034296219246
495.0 23.703545023878448 23.00016833513995
495.5 23.70552775943778 23.00129653241083
496.0 23.707523116528883 23.002420032103025
496.5 23.709508971546 23.003557373220346
497.0 23.711492882716243 23.004688897578397
497.5 23.713479372811584 23.00580235195787
498.0 23.715473815900985 23.006931216675394
498.5 23.71745091012331 23.008047622123012
499.0 23.719436947559927 23.009166514987296
499.5 23.72143328122416 23.010279211812474
500.0 23.723411922576176 23.01138629523407
500.5 23.725398498704244 23.012496101317147
501.0 23.72738421373409 23.01359658432503
501.5 23.729363046297816 23.014696735574635
502.0 23.731334872161902 23.015789593000157
502.5 23.733326962393665 23.01688447471486
503.0 23.735293467963757 23.017975237366333
503.5 23.737268710907248 23.019058319048803
504.0 23.739247796242317 23.020140020990585
504.5 23.741201822453224 23.021215864385077
505.0 23.74319388125223 23.022295427743188
505.5 23.745168385244128 23.02337295577418
506.0 23.747144841863683 23.024453566116648
506.5 23.74912407121129 23.025532064530005
507.0 23.751114819418795 23.026608010883024
507.5 23.75308769765894 23.02767007415531
508.0 23.755081643455913 23.02875723127629
508.5 23.75706635801742 23.029821491773603
509.0 23.759050902083874 23.030891411117057
509.5 23.761049619878346 23.031960810449704
510.0 23.763044442802208 23.033026632797103
510.5 23.765025819407974 23.03409910763118
511.0 23.76703168909966 23.035153147464428
511.5 23.7690181755163 23.036219360773543
512.0 23.7710101443841 23.037284253379045
512.5 23.773004873500838 23.038344338648884
513.0 23.775012113808693 23.039401875265092
513.5 23.7770081422252 23.04046226902027
514.0 23.77900874057014 23.041520846629396
514.5 23.781015592247172 23.042580110786712
515.0 23.783014967331603 23.04361806409494
515.5 23.785020356162892 23.04467605327901
516.0 23.78701904353511 23.04572165518046
516.5 23.78902007192043 23.046773397852714
517.0 23.791036458695267 23.04781681515212
517.5 23.793040305742906 23.048860349233582
518.0 23.795042185410896 23.049906681077374
518.5 23.797047710091547 23.05094721322529
519.0 23.799063813080032 23.051985004293797
519.5 23.80107049463576 23.053009572382635
520.0 23.803060114185186 23.054046874352935
520.5 23.805094102073618 23.05507953932762
521.0 23.80709905271332 23.05610796763733
521.5 23.809104818397948 23.057142726305027
522.0 23.81113078249602 23.058165748921535
522.5 23.81313638618499 23.059183239928295
523.0 23.815157896463074 23.060208500350072
523.5 23.81715582591817 23.061224843033045
524.0 23.819180153150054 23.06223798586991
524.5 23.821187635349386 23.06325335509049
525.0 23.823209816287665 23.064274158308717
525.5 23.825219675549583 23.06527805195673
526.0 23.827239149308156 23.066283644691815
526.5 23.829247479404998 23.067283073456167
527.0 23.831263417817343 23.06828001397378
527.5 23.833276160410477 23.069272985078495
528.0 23.83527818491646 23.07027894342899
528.5 23.837305127775906 23.071269441421567
529.0 23.839317762790976 23.072260336968146
529.5 23.841314678821696 23.073249286484916
530.0 23.84333958802227 23.07422713484548
530.5 23.845357894320106 23.075214764048454
531.0 23.847367512328013 23.076194988479124
531.5 23.84937471034362 23.077170600297375
532.0 23.851399863905872 23.078139082461895
532.5 23.85340082977937 23.079107852996795
533.0 23.85542362451435 23.080068764378538
533.5 23.85742920597461 23.081036718431935
534.0 23.85944508914909 23.081998127953586
534.5 23.861447000984892 23.082944177597927
535.0 23.863447034918806 23.083907743318257
535.5 23.865464860177987 23.08486059186473
536.0 23.86746920110057 23.08580342486692
536.5 23.86948033037625 23.086748989917098
537.0 23.87147738178497 23.087688639995655
537.5 23.873500369250777 23.08863616185945
538.0 23.875502461596277 23.08956665787398
538.5 23.87751712336991 23.090501273985833
539.0 23.879531277614745 23.091431507661575
539.5 23.88153729833252 23.092357865666845
540.0 23.883542103628766 23.09329868869909
540.5 23.885543391640645 23.09422420660274
541.0 23.8875755982177 23.095141136440745
541.5 23.889577581999312 23.096059666800173
542.0 23.891601746233768 23.09697655523051
542.5 23.893587605341935 23.09789646174401
543.0 23.8956033948225 23.098802044114667
543.5 23.897606671173257 23.099717914597463
544.0 23.899623140398663 23.100620406439432
544.5 23.901636999123408 23.101531617599985
545.0 23.90365248972596 23.102431145815835
545.5 23.90564191713729 23.103315751927806
546.0 23.90765954285646 23.104224078679234
546.5 23.909667226417362 23.10511513308738
547.0 23.911685770676492 23.10600690856534
547.5 23.913687916643322 23.10689209199407
548.0 23.915695347345896 23.10777923638371
548.5 23.91771745754518 23.108654942915365
549.0 23.919716086766737 23.109536400530363
549.5 23.921726001680092 23.11041099456087
550.0 23.923751933228687 23.11128137671817
550.5 23.92573892309926 23.112148424337366
551.0 23.927751316093723 23.113017914988504
551.5 23.92976288699061 23.11388764234653
552.0 23.931760468364228 23.114745194764474
552.5 23.933766090287257 23.11560596637465
553.0 23.935792362183534 23.116459527297483
553.5 23.937792030005905 23.11730140024875
554.0 23.93978635141329 23.11815004670965
554.5 23.94179095948209 23.11899780782611
555.0 23.943802362990795 23.119840645145153
555.5 23.94580268524331 23.120676066785514
556.0 23.947807666098903 23.121510019529858
556.5 23.94981628904617 23.12234689580849
557.0 23.951812262853892 23.12318333349039
557.5 23.9538040762394 23.123999909948864
558.0 23.955813175098037 23.12482874150369
558.5 23.957809497919584 23.12564961158722
559.0 23.959818103582123 23.12645443469521
559.5 23.961807851279335 23.127259003485726
560.0 23.963805826411054 23.128081016840554
560.5 23.96579392835597 23.128889933093713
561.0 23.9677979215205 23.12968437834385
561.5 23.96978707878525 23.130485902114238
562.0 23.971783553606052 23.131279591601164
562.5 23.973789933022914 23.132061947420667
563.0 23.975781651976344 23.132855896736523
563.5 23.977770375942285 23.133646675840286
564.0 23.979781484112934 23.134421798703023
564.5 23.98174883193724 23.13520118651846
565.0 23.98374090519663 23.135978292835404
565.5 23.985725161367245 23.136738932579227
566.0 23.987713316688644 23.13750891212383
566.5 23.989701390394835 23.138275368186658
567.0 23.99168935873087 23.139021798758236
567.5 23.99366774239375 23.139789648080267
568.0 23.9956459631161 23.140541586443966
568.5 23.99764301110226 23.141296057667013
569.0 23.999621264046354 23.142044037641686
569.5 24.001611041331227 23.14277637827101
570.0 24.003587433646054 23.14351877732415
570.5 24.005569243764583 23.144262934101057
571.0 24.007545356815022 23.144984399154023
571.5 24.009520310581287 23.145718500860923
572.0 24.011512674651172 23.14644494114562
572.5 24.01347713533532 23.147164582474783
573.0 24.015461854527146 23.14788637405425
573.5 24.01743799722174 23.148613553362463
574.0 24.01942331908925 23.149318427980987
574.5 24.02139338873173 23.15002522570433
575.0 24.02335882751608 23.150731337354088
575.5 24.02533994648575 23.151437657193696
576.0 24.027315287893906 23.152136773588023
576.5 24.029285218091296 23.152835229583943
577.0 24.031252412520093 23.153529502471844
577.5 24.033231585981923 23.15421762911521
578.0 24.035197595357324 23.15490774841484
578.5 24.03716016621153 23.155582032790445
579.0 24.039134047222458 23.156261056807708
579.5 24.041097746273678 23.15693403349956
580.0 24.04306930205669 23.157615080476642
580.5 24.04502494383124 23.158270097483076
581.0 24.046990801726736 23.15894085604573
581.5 24.048948287098817 23.159599192925178
582.0 24.05090033645972 23.160255200686194
582.5 24.05285718021735 23.160899801642035
583.0 24.054817840480048 23.161556456565002
583.5 24.05676899906672 23.162197622914682
584.0 24.05871921319744 23.162838817808616
584.5 24.060681278738723 23.163477444720083
585.0 24.062633948606646 23.164110137310395
585.5 24.06458956077266 23.16473867833259
586.0 24.06652967548481 23.165364210611354
586.5 24.06847223962069 23.165982745317258
587.0 24.07043087690596 23.166605208646665
587.5 24.072360430065856 23.16722635082122
588.0 24.074297801395762 23.16782335786838
588.5 24.0762432660254 23.168429028850902
589.0 24.078175372806857 23.1690237917234
589.5 24.08010514420235 23.169630145604675
590.0 24.082047145944983 23.17021158438601
590.5 24.083982542019456 23.17080355064413
591.0 24.085907960990646 23.171386928218723
591.5 24.08782573578837 23.171965281725253
592.0 24.089761264535646 23.172554548288765
592.5 24.09166860806723 23.17311821049753
593.0 24.09360738160204 23.173683601578045
593.5 24.095519994454936 23.174256805849346
594.0 24.097441274986977 23.174799676015873
594.5 24.099351869540694 23.175361452641106
595.0 24.1012505456913 23.17591393063531
595.5 24.10316924724821 23.176459129251437
596.0 24.10506642785775 23.176992150420176
596.5 24.106982983619783 23.17752751754794
597.0 24.10888033239253 23.178070076068146
597.5 24.110784204884276 23.17858739061748
598.0 24.112676058274964 23.17911806293283
598.5 24.114570951037884 23.179630472400166
599.0 24.11646514985817 23.180135489450468
599.5 24.118349222490316 23.180655942326034
600.0 24.12023768452329 23.181150341834005
600.5 24.12210852741338 23.181635876819584
601.0 24.123991079265398 23.182129365664075
601.5 24.125853071928862 23.182602283290777
602.0 24.127728214582373 23.183090364575108
602.5 24.129584265865958 23.18355453670154
603.0 24.131418591054043 23.184006028029
603.5 24.13329957053389 23.18446471382414
604.0 24.135151489526976 23.184935209940598
604.5 24.13698058350725 23.18537204458634
605.0 24.13882798847998 23.185800743521657
605.5 24.14067829564835 23.18624279348361
606.0 24.14249861073335 23.186675788668584
606.5 24.14434514583696 23.187095273106934
607.0 24.14617311809014 23.187516642649587
607.5 24.147993669917476 23.187935495953536
608.0 24.149810655574043 23.18832834056341
608.5 24.151643873737267 23.188752842174814
609.0 24.153460109167334 23.18915047785858
609.5 24.155279696020084 23.189552193542017
610.0 24.157087818190597 23.189944845316685
610.5 24.158901600637876 23.190334354514498
611.0 24.160707197499207 23.190701742179844
611.5 24.162506844478603 23.191089079760832
612.0 24.16433505482896 23.191457422299415
612.5 24.166124484588273 23.191836805102945
613.0 24.167929011331097 23.192198307493015
613.5 24.16972501378457 23.192575129447516
614.0 24.171517142055365 23.19293847065446
614.5 24.173305943252736 23.193295016509083
615.0 24.175107266710157 23.193654766623077
615.5 24.176894406491257 23.194003911856612
