FastTrWP/PhaseSpace/IAs/snIa_0.52_30.00_-0.51_0.06.csv
# %ECSV 0.9
# ---
# datatype:
# - {name: time-rel, datatype: float64}
# - {name: g, datatype: float64}
# - {name: i, datatype: float64}
# schema: astropy-2.0
time-rel g i
[from data line 704]
-22.0 23.493185208345135 22.509621789852112
-21.5 23.492849915160406 22.508637926259972
-21.0 23.492508501110116 22.507662731821977
-20.5 23.492190694329036 22.506684017218088
-20.0 23.491865490743674 22.50572055597907
-19.5 23.491541506923696 22.50475387727907
-19.0 23.49123964935696 22.503780015863267
-18.5 23.49094159886379 22.502829710306273
-18.0 23.49065232194702 22.501880572171537
-17.5 23.49036076754482 22.500921707683336
-17.0 23.490096077323624 22.499982190035862
-16.5 23.489821129790446 22.499032766427266
-16.0 23.48956146036775 22.498102447769117
-15.5 23.489311970561904 22.497158204005867
-15.0 23.489049909306132 22.496229186482278
-14.5 23.488812599863245 22.495296786087906
-14.0 23.488578183190448 22.494368015220147
-13.5 23.488343708635423 22.49345101716675
-13.0 23.48812090795009 22.492525107735016
-12.5 23.487899988554247 22.491617054442088
-12.0 23.48769203732636 22.490707683655856
-11.5 23.487480238610566 22.48979679964652
-11.0 23.48728508826225 22.48889164602875
-10.5 23.48709688920274 22.488001009287544
-10.0 23.486926291160515 22.487098870924783
-9.5 23.486730450182463 22.486207285817787
-9.0 23.486562492387865 22.48531669591773
-8.5 23.486389653005 22.4844339622055
-8.0 23.486238973278383 22.483545915059388
-7.5 23.486083915691754 22.482665241631924
-7.0 23.485952129741126 22.481798344679703
-6.5 23.485815754390078 22.480926745841966
-6.0 23.48570762050558 22.480064086112733
-5.5 23.4856082066492 22.479209753532217
-5.0 23.485504943464846 22.478349891686623
-4.5 23.48542220624845 22.477494216841905
-4.0 23.485346147985588 22.476646217040063
-3.5 23.485287865532484 22.475803981359846
-3.0 23.485231594147706 22.4749637180539
-2.5 23.48517729680582 22.474128925135336
-2.0 23.48513611167245 22.47329498502964
-1.5 23.48510814360346 22.47245927167947
-1.0 23.48509028834489 22.471642103072682
-0.5 23.485080896012903 22.470814415130775
0.0 23.48507351367386 22.470005815181906
0.5 23.485086159315117 22.46919093137819
1.0 23.485090386240696 22.46837720800956
1.5 23.485118151316662 22.467578901343614
2.0 23.485150587155644 22.466766046490378
2.5 23.485179574271335 22.46596711092394
3.0 23.485233072062517 22.465180111863646
3.5 23.48528082087433 22.464386393933502
4.0 23.485339597844124 22.463592334380728
4.5 23.48540768742356 22.46281802878343
5.0 23.48547573832217 22.462031055882544
5.5 23.485565938204736 22.461253717200176
6.0 23.485659729277813 22.46047947539619
6.5 23.485758203121417 22.459704181081285
7.0 23.48585043598424 22.458935368298082
7.5 23.485952178916595 22.458172273853183
8.0 23.486068783246257 22.457412172555262
8.5 23.48619129604417 22.456656142834603
9.0 23.486310719904495 22.45589617924224
9.5 23.486444897899705 22.455144666850714
10.0 23.48658349385761 22.454392733092064
10.5 23.486722486115447 22.45365214318091
11.0 23.48687396987461 22.452907003971244
11.5 23.4870217216461 22.45217004513485
12.0 23.487190397858257 22.451434550341656
12.5 23.48734201881102 22.450695195309514
13.0 23.48752144416593 22.449963910646535
13.5 23.487690343203667 22.449234940661327
14.0 23.48786777193576 22.448514986250302
14.5 23.488049209995868 22.4477835075442
15.0 23.488236224419083 22.44706841862129
15.5 23.48841931370827 22.446345477466796
16.0 23.488616490304793 22.44563747832068
16.5 23.488818852618515 22.444920303284157
17.0 23.48900975691096 22.44421257062742
17.5 23.489208860126727 22.443509865161314
18.0 23.489415753577532 22.442804908354724
18.5 23.48964279515254 22.44209885441738
19.0 23.48985251792803 22.441395072097052
19.5 23.490060030631458 22.440699579564082
20.0 23.49029019077556 22.440003718046064
20.5 23.490499745323504 22.43931189802342
21.0 23.49072765316889 22.43861784137778
21.5 23.490955978099173 22.437934345077654
22.0 23.49117778813777 22.437243506018905
22.5 23.49140547443829 22.436560304595822
23.0 23.49164615057303 22.435874339574827
23.5 23.491871572358534 22.435195060149038
24.0 23.49210562665334 22.434521979061547
24.5 23.492349247396447 22.43385189103372
25.0 23.492573234897236 22.43317708146199
25.5 23.492823422837485 22.43249584989588
26.0 23.49305587782945 22.431829929894633
26.5 23.493307529610036 22.43116564268009
27.0 23.493532748276877 22.430495636722284
27.5 23.493778374219794 22.42984311290948
28.0 23.494019133839114 22.429174640922604
28.5 23.494258715816482 22.428522432198488
29.0 23.49451297843375 22.42786605358706
29.5 23.494772385835514 22.427206264095414
30.0 23.495029402207305 22.426553528202486
30.5 23.495271932615232 22.425905183783733
31.0 23.495536011302157 22.425257026083546
31.5 23.495809143885893 22.424608001366693
32.0 23.496079628920402 22.42397558494411
32.5 23.49634661026017 22.423327312630743
33.0 23.49662375395381 22.42268646814448
33.5 23.49689330829775 22.422043722706885
34.0 23.497187341251067 22.421407734217006
34.5 23.497477663590168 22.420779979417496
35.0 23.49777421672006 22.420151633282295
35.5 23.49805714977513 22.419526621844422
36.0 23.498361723809694 22.41890574365502
36.5 23.498662594438407 22.41828738708117
37.0 23.498972220744946 22.417663118903004
37.5 23.49927512296918 22.417047320570703
38.0 23.49959331754391 22.41642567298384
38.5 23.499908333612648 22.41582088062171
39.0 23.500233277324156 22.415211384881268
39.5 23.500549544971214 22.41460414300665
40.0 23.50088867347906 22.41399078062028
40.5 23.50121623065958 22.413388024040373
41.0 23.50156080615792 22.41278487459407
41.5 23.501894683999403 22.41219516775853
42.0 23.50223496577046 22.41158742341581
42.5 23.502590670008175 22.411001243140486
43.0 23.502937927601273 22.41041634461434
43.5 23.503300804094213 22.409819003326476
44.0 23.50366542136088 22.409237201675374
44.5 23.50402463286742 22.408652751460657
45.0 23.50439062267585 22.40807416480728
45.5 23.504767480876477 22.4074965346165
46.0 23.505144930172634 22.40691980384067
46.5 23.505521712329216 22.406348462197037
47.0 23.50591823530952 22.405773879476783
47.5 23.50631080863262 22.40520585859185
48.0 23.506690404406342 22.404644056668992
48.5 23.50709358990133 22.40408270585403
49.0 23.507487477263904 22.403517680678075
49.5 23.507901628224694 22.402961768350153
50.0 23.508303168629965 22.402400639575568
50.5 23.508717594054403 22.40184714581211
51.0 23.509137222183583 22.401302032384883
51.5 23.50955736203414 22.400759711165556
52.0 23.509987336525505 22.40021448571102
52.5 23.510420041540776 22.39966717485562
53.0 23.51084765278308 22.39912401750931
53.5 23.511286285641507 22.398582771849
54.0 23.511731762885496 22.398050546573458
54.5 23.512186694906237 22.397518335369387
55.0 23.512638586834246 22.396991827205245
55.5 23.513085741936184 22.396469900804664
56.0 23.51355640940533 22.3959461915531
56.5 23.514020385039018 22.395422963245824
57.0 23.514485202224233 22.39490228418727
57.5 23.514950708464127 22.394386615770642
58.0 23.51544094781861 22.39387554534002
58.5 23.51592177959464 22.39335768033225
59.0 23.516409096652353 22.392847864269115
59.5 23.51689736484498 22.392344195666418
60.0 23.517385947278008 22.391847757122854
60.5 23.51789484880984 22.391344392216492
61.0 23.518401153684447 22.390844034570506
61.5 23.518901645102773 22.39035331163507
62.0 23.51940786970602 22.389857376133282
62.5 23.519935901403034 22.3893736758395
63.0 23.520462297922418 22.388879231875322
63.5 23.520977722085362 22.388403982339756
64.0 23.52152705005732 22.3879196057444
64.5 23.522050834953543 22.387442584605907
65.0 23.522597147494693 22.386966414476987
65.5 23.523139160699024 22.386495126003176
66.0 23.523682454953352 22.38602621242935
66.5 23.524239803068966 22.385544877646844
67.0 23.524800338188054 22.38508589359625
67.5 23.525355593838867 22.384627220834513
68.0 23.5259246826381 22.38415902274823
68.5 23.526493979966784 22.383710971239978
69.0 23.527080069681787 22.383243403970976
69.5 23.527647035611192 22.38279522918588
70.0 23.52823717054349 22.382343862031092
70.5 23.528813637601406 22.381892474581612
71.0 23.529416465376762 22.38144364145913
71.5 23.53001093977445 22.380998635701417
72.0 23.530624380050234 22.38055922322591
72.5 23.531223964123804 22.380115718597192
73.0 23.53183186413895 22.379675936304558
73.5 23.532439997868085 22.379245840903433
74.0 23.533062257488197 22.37880472045984
74.5 23.53370222089232 22.378382018112752
75.0 23.53432174968889 22.37795175620302
75.5 23.53495173830221 22.377532237168648
76.0 23.535583039351458 22.37710066866431
76.5 23.536230172471324 22.37667682039568
77.0 23.53686864475547 22.376262808095987
77.5 23.537522806954687 22.3758420676237
78.0 23.538179814871697 22.375434021377167
78.5 23.538832168682397 22.37501837145573
79.0 23.539501610006134 22.374620015810788
79.5 23.540171960688973 22.37421214809645
80.0 23.540843137238383 22.373804084120952
80.5 23.541522017860792 22.37340420002315
81.0 23.54219950905204 22.373007660525182
81.5 23.542892461569615 22.372606821334223
82.0 23.543584978745006 22.372222560182426
82.5 23.544283409154176 22.371823953585253
83.0 23.544988909536077 22.371438908917895
83.5 23.545694545095316 22.37104424999822
84.0 23.546398537190875 22.370675588659303
84.5 23.547123209197252 22.370284282367237
85.0 23.54783192042936 22.369906293052196
85.5 23.548558624892628 22.36952811105503
86.0 23.549293962505743 22.369154485219727
86.5 23.550024708122695 22.36878468743221
87.0 23.550760087157556 22.36842568321411
87.5 23.551512433925566 22.36806036361194
88.0 23.5522677204182 22.36768549838592
88.5 23.553015920866706 22.36732947594764
89.0 23.55376786674998 22.366971143749833
89.5 23.554541426491124 22.366625034086898
90.0 23.555290567987846 22.366268130620156
90.5 23.556081964668813 22.365915724565127
91.0 23.55684673262971 22.36557102034002
91.5 23.55764201443059 22.36522456557921
92.0 23.558428799799294 22.36487907826757
92.5 23.5592184916146 22.364541553475853
93.0 23.560023482120982 22.364204235917406
93.5 23.560822203695558 22.363874289122112
94.0 23.561635077755344 22.363539974269145
94.5 23.562441960203433 22.363205557911968
95.0 23.563266538026152 22.362877656904754
95.5 23.56408787785017 22.362557855975318
96.0 23.56491289622156 22.362234348837738
96.5 23.56574383175967 22.361920867215417
97.0 23.56658232261134 22.361600248012742
97.5 23.56743500521269 22.36129209638994
98.0 23.568286903067456 22.360979656452823
98.5 23.56912874735251 22.360679493298235
99.0 23.569989110621698 22.3603649834139
99.5 23.5708628665431 22.360065120682204
100.0 23.57172234737474 22.359771232775376
100.5 23.572600431578064 22.35946766864518
101.0 23.573481745576323 22.35917875108833
101.5 23.574370116001994 22.35888445890773
102.0 23.5752576773319 22.358601502777237
102.5 23.57616404808855 22.35831313171293
103.0 23.577071460209087 22.358023106720324
103.5 23.57798894292423 22.357746786383625
104.0 23.57891170751792 22.35746883661562
104.5 23.57983961197271 22.35719877950104
105.0 23.580775897163484 22.356923758320917
105.5 23.58171120043988 22.35665759997522
106.0 23.582659985730317 22.35638841457066
106.5 23.58362213369372 22.35613024204524
107.0 23.5845968739477 22.355863236206023
107.5 23.58556459149428 22.355609985792558
108.0 23.586543007532896 22.355352125170608
108.5 23.58752229334524 22.35509940820173
109.0 23.58851812083656 22.354850529635925
109.5 23.589505421524226 22.354597334541538
110.0 23.59049913662684 22.354354440511884
110.5 23.59151931987984 22.35410722506461
111.0 23.592533097476608 22.353865978630164
111.5 23.593550714763683 22.35362892906767
112.0 23.594576019857072 22.353390853410033
112.5 23.595601788027505 22.35316706430237
113.0 23.596644496654537 22.352929882316662
113.5 23.59767974304047 22.35270126994883
114.0 23.598725530804273 22.35247393010637
114.5 23.59978224142399 22.352258161781226
115.0 23.600855787659903 22.352034173836866
115.5 23.601906570313794 22.351815682455182
116.0 23.60298304459743 22.35159811350951
116.5 23.60406031691086 22.351383216268218
117.0 23.605132121753524 22.351179432785866
117.5 23.606210962312918 22.35096663867717
118.0 23.607297834708557 22.350757057268993
118.5 23.608392754936908 22.350557828990194
119.0 23.6094932862089 22.35035682952131
119.5 23.610583450501505 22.35015475920313
120.0 23.61170054482522 22.349959995679214
120.5 23.612812452510315 22.349760595632425
121.0 23.613930622138888 22.34957374494811
121.5 23.615047480817317 22.349382099273278
122.0 23.616170765757406 22.34919697368307
122.5 23.617287739193543 22.3490109920074
123.0 23.618424724712277 22.348828192552787
123.5 23.61955540790165 22.348648259340486
124.0 23.620700987754194 22.348473845521628
124.5 23.62184807388363 22.34828984017732
125.0 23.622984647601623 22.348124291908746
125.5 23.624128279775455 22.347944001417247
126.0 23.625294928393025 22.347778869427106
126.5 23.62645277659308 22.347613674012603
127.0 23.627611139742797 22.34744593953492
127.5 23.628761461507267 22.34728860303575
128.0 23.629937289566264 22.347123181067047
128.5 23.63109104963694 22.346967251007676
129.0 23.632269656907667 22.346809693237027
129.5 23.633437630313093 22.34665106811123
130.0 23.634616496595314 22.34650118601707
130.5 23.635795237184247 22.34634702326884
131.0 23.636969015193724 22.34620378159356
131.5 23.638160428853062 22.346056926197928
132.0 23.63933207049868 22.345914879307248
132.5 23.640534825563936 22.345775880013065
133.0 23.641720062612187 22.345633478690395
133.5 23.64292015895297 22.34549444296851
134.0 23.644100940040474 22.34535587086713
134.5 23.64529558112386 22.345227569437416
135.0 23.646505564630264 22.345085140210994
135.5 23.647696835792495 22.34496056961583
136.0 23.64888765113374 22.344835134321222
136.5 23.650092965300793 22.344700486829367
137.0 23.65129378641031 22.344579929497705
137.5 23.652488233506137 22.344462592543756
138.0 23.65370751153293 22.344340764936433
138.5 23.654907676616197 22.34422021444676
139.0 23.65612717648121 22.344109388715914
139.5 23.65733789894367 22.343998588836573
140.0 23.658581572264342 22.343888191115898
140.5 23.659809910801364 22.343780939288887
141.0 23.661050083208856 22.343670494514285
141.5 23.662288873552008 22.343566672947617
142.0 23.6635412155923 22.343472548618454
142.5 23.664790254116845 22.343368414001397
143.0 23.666052888421795 22.343274079081343
143.5 23.667312799390686 22.343189108847294
144.0 23.66857989110708 22.34308674606958
144.5 23.669858167963383 22.34299744944481
145.0 23.671132566524417 22.34291298447574
145.5 23.67240768641212 22.342827317910285
146.0 23.67369718009316 22.342745246528942
146.5 23.674987987977772 22.342665250111594
147.0 23.67628160084397 22.342582760884643
147.5 23.677571102008372 22.34251200040482
148.0 23.67887767662285 22.342438920314173
148.5 23.68017897945694 22.34236752292199
149.0 23.681499254790012 22.34229377151777
149.5 23.682807073455997 22.34223576483425
150.0 23.68412554654543 22.34216383788936
150.5 23.68544586080968 22.342099893665637
151.0 23.686777996947917 22.342042520746382
151.5 23.688107963924864 22.341983459134216
152.0 23.68943468204183 22.341924932181616
152.5 23.690771509741545 22.341875434866438
153.0 23.69211435009189 22.341826177952417
153.5 23.693466989204293 22.34177122605014
154.0 23.694801189058158 22.34172403829319
154.5 23.696156747121428 22.341670923446983
155.0 23.69751207331905 22.341631034290753
155.5 23.69886391407679 22.341596204021688
156.0 23.700221730568614 22.341549151038844
156.5 23.70158939534942 22.34151841069305
157.0 23.70295070123658 22.341477811438473
157.5 23.704303751440563 22.341453282979224
158.0 23.705670986028238 22.34141696679221
158.5 23.707057329031326 22.341385532063597
159.0 23.70843923697507 22.341360293776905
159.5 23.709814907299776 22.341335824338927
160.0 23.71119340096382 22.34130863491885
160.5 23.71256877708358 22.34128923402754
161.0 23.713965738129424 22.34126528961719
161.5 23.715349783084186 22.341252906136933
162.0 23.716739117922376 22.34123520109958
162.5 23.718128318326585 22.34122225139756
163.0 23.719521763045492 22.341206261470678
163.5 23.720926192777732 22.34120155140985
164.0 23.722313199346843 22.341187391056234
164.5 23.72371592811023 22.34117797742856
165.0 23.725123433731284 22.341174045420335
