FastTrWP/PhaseSpace/IAs/snIa_0.61_30.00_0.68_-0.08.csv
# %ECSV 0.9
# ---
# datatype:
# - {name: time-rel, datatype: float64}
# - {name: g, datatype: float64}
# - {name: i, datatype: float64}
# schema: astropy-2.0
time-rel g i
[from data line 2510]
784.5 25.63371908514732 23.134475339282243
785.0 25.63717702558941 23.135501350204496
785.5 25.640620430361064 23.13651958827038
786.0 25.644065512281152 23.137528379124458
786.5 25.647545986640054 23.138547006937692
787.0 25.651010922604762 23.139554837281878
787.5 25.654505647664863 23.14056804887524
788.0 25.658001502786334 23.141595702706134
788.5 25.661509662114636 23.14261326293307
789.0 25.665043633406682 23.143627755666216
789.5 25.66859619352297 23.144651342628805
790.0 25.672122222857013 23.145659324344713
790.5 25.6756738357557 23.14667973412626
791.0 25.679269760542553 23.147698864040414
791.5 25.682839335853323 23.148710164034757
792.0 25.686397204280343 23.149729854993776
792.5 25.690010256617 23.15075391299173
793.0 25.6936006345728 23.151774450846553
793.5 25.697239469256417 23.152793034184114
794.0 25.700816633425806 23.153813890936405
794.5 25.70446710197524 23.15483800821696
795.0 25.70806726111293 23.155857547776346
795.5 25.711734566558718 23.156885224925233
796.0 25.715367732092986 23.15791116215237
796.5 25.71898429888961 23.158920973916416
797.0 25.7226627367772 23.159948328286713
797.5 25.726320234748453 23.16096459223237
798.0 25.729948404806095 23.161997698500876
798.5 25.733616149140488 23.16302408819032
799.0 25.737260673189763 23.16405344644735
799.5 25.740939564109606 23.165070002609184
800.0 25.744569162109904 23.166100698505325
800.5 25.748255810982506 23.167139296573396
801.0 25.751915749132117 23.168166319719298
801.5 25.75554175757134 23.169200734028458
802.0 25.759228040138478 23.170228496152284
802.5 25.762869352855162 23.171247648642904
803.0 25.766530543741275 23.172279923923757
803.5 25.770202242568836 23.173329815840166
804.0 25.773805066912594 23.17435137761025
804.5 25.777460016017713 23.175403599891116
805.0 25.78110011076928 23.176434834947845
805.5 25.784789303919304 23.17746610804132
806.0 25.78841532345937 23.178500982587444
806.5 25.792136403757926 23.179545704000567
807.0 25.795817533992278 23.180581907066976
807.5 25.799572527098633 23.18162136072319
808.0 25.803312209293114 23.182652378813472
808.5 25.80707990008127 23.18369009985442
809.0 25.81084238169669 23.184735764397523
809.5 25.814665703269437 23.18577648950918
810.0 25.818473621811357 23.18681012439926
810.5 25.822302586917765 23.187843726771476
811.0 25.82613806530153 23.188886747444116
811.5 25.829977895938576 23.1899216651686
812.0 25.833864572635946 23.190964286623487
812.5 25.837754272093232 23.192001413585743
813.0 25.841678439859933 23.19304505745734
813.5 25.84557092496474 23.194082178970007
814.0 25.849510675030363 23.19512050298718
814.5 25.85346202265248 23.19615917985146
815.0 25.857399881334615 23.197192130936998
815.5 25.861377832317846 23.19824268109789
816.0 25.86535822661403 23.19928293230385
816.5 25.869367256718437 23.200321775255752
817.0 25.873337824548273 23.20136829970727
817.5 25.877377994257248 23.202408245836143
818.0 25.881390655986813 23.20344663300358
818.5 25.885438354678598 23.204498002734
819.0 25.88947999674245 23.20553359121199
819.5 25.89351815416081 23.20657760429033
820.0 25.897626061103 23.20761605700417
820.5 25.90168459070609 23.208655007572695
821.0 25.90572902158901 23.209711784611798
821.5 25.909836213617474 23.210753404627887
822.0 25.913937893470944 23.21179538522625
822.5 25.918049595797648 23.212848851172915
823.0 25.922166157254214 23.21389347081325
823.5 25.926315029509066 23.2149410986043
824.0 25.93041696997171 23.215994501211892
824.5 25.934564249426508 23.21703205484394
825.0 25.938695687110126 23.21808898454858
825.5 25.942858077415273 23.219135613361818
826.0 25.94696715430649 23.220192308717962
826.5 25.95115395057903 23.221245446465648
827.0 25.955263900273103 23.222296713186633
827.5 25.959442990447073 23.223346520052907
828.0 25.963624055845656 23.224401844799832
828.5 25.967752766813803 23.225455834349557
829.0 25.971929957452794 23.226519752809555
829.5 25.97605255640091 23.22757279261479
830.0 25.980239524919625 23.228631173403937
830.5 25.98440252878114 23.22968181440276
831.0 25.988574991342407 23.23073817946517
831.5 25.99271701587088 23.23178713485957
832.0 25.996932336042086 23.232858108108747
832.5 26.001041340227893 23.23390885241708
833.0 26.005229599787434 23.23497538193078
833.5 26.009367373287656 23.236045016846578
834.0 26.013551745775455 23.237107786520326
834.5 26.017658916693243 23.238170793464473
835.0 26.0217772010356 23.239239376966694
835.5 26.02595189493104 23.24030198710308
836.0 26.030055105255915 23.241368079842783
836.5 26.034150137927348 23.242441599061287
837.0 26.038282600210326 23.243509693938208
837.5 26.042372342775074 23.244578437792804
838.0 26.046471374144346 23.2456664518824
838.5 26.05061009229217 23.24672976395453
839.0 26.05464802869868 23.247803522247867
839.5 26.05872787931923 23.248873095270927
840.0 26.062719131108587 23.249960511954896
840.5 26.066781833394437 23.25102594663698
841.0 26.070821298425937 23.25210475803152
841.5 26.074799250231774 23.253191303532958
842.0 26.078796124640867 23.254278301022794
842.5 26.082784907583573 23.255362601873486
843.0 26.086787999268935 23.25643615715887
843.5 26.09071686189602 23.257524101895036
844.0 26.094643988817584 23.258615887442957
844.5 26.098586191206586 23.259691855697536
845.0 26.10253513681208 23.26077874365484
845.5 26.106439398858768 23.261878862695312
846.0 26.110426550468087 23.262965298092727
846.5 26.114315438553977 23.264063546888238
847.0 26.118268656170148 23.265153631928563
847.5 26.122201833035817 23.26624553605508
848.0 26.126083845424446 23.26734590016479
848.5 26.13003509136835 23.26844196596289
849.0 26.133920787694343 23.269534740153933
849.5 26.137832464986634 23.270639090772555
850.0 26.14175936978924 23.27174345648388
850.5 26.145661172137203 23.272837886542565
851.0 26.14950248754465 23.273946593587812
851.5 26.153443900316375 23.27504430928046
852.0 26.157308642149616 23.276150789429344
852.5 26.161160575567173 23.27725360765654
853.0 26.165057706984754 23.27836447169933
853.5 26.168924135311048 23.279458075963802
854.0 26.1728115705454 23.280569332951764
854.5 26.176656390977243 23.281676006768386
855.0 26.18049661790046 23.28278509477829
855.5 26.184313512237516 23.283887694427214
856.0 26.188204695686657 23.284999246169967
856.5 26.19202403744986 23.286122946851435
857.0 26.195807587514544 23.28723253218106
857.5 26.199675871150458 23.288340580912525
858.0 26.203443480824294 23.28945616524301
858.5 26.207287160342258 23.2905803051861
859.0 26.21102855261977 23.291698059179854
859.5 26.21486546920417 23.292812249949577
860.0 26.21865898320944 23.293935738114552
860.5 26.222436450933635 23.2950405420636
861.0 26.226171490836556 23.29617382017551
861.5 26.229962824034313 23.297287238831203
862.0 26.233660287329023 23.298415734077462
862.5 26.237405056926725 23.299535553878318
863.0 26.24116314984905 23.300664809485532
863.5 26.244883712639076 23.301789399572478
864.0 26.248610594595743 23.30291016534224
864.5 26.252311689894803 23.304040750391742
865.0 26.256019317138424 23.30517235722459
865.5 26.259704667859488 23.30628852326313
866.0 26.26337043208356 23.307423989155673
866.5 26.267012793560944 23.308548439630027
867.0 26.270718965265235 23.309680377452157
867.5 26.274331941923887 23.310804592369564
868.0 26.277985406342186 23.31193729877606
868.5 26.281582509275964 23.31307981984091
