FastTrWP/PhaseSpace/IAs/snIa_0.45_30.00_0.83_-0.09.csv
# %ECSV 0.9
# ---
# datatype:
# - {name: time-rel, datatype: float64}
# - {name: g, datatype: float64}
# - {name: i, datatype: float64}
# schema: astropy-2.0
time-rel g i
[from data line 2303]
1311.3958333333333 25.10579473137861 23.208445762030756
1311.8958333333333 25.107639873696623 23.209080118482678
1312.3958333333333 25.10952709564959 23.20970178242689
1312.8958333333333 25.111378102886647 23.210333292616813
1313.3958333333333 25.11324685690226 23.21096681232528
1313.8958333333333 25.115113065120337 23.211593196603832
1314.3958333333333 25.116968008878352 23.212213906200923
1314.8958333333333 25.118829743160536 23.212854225883525
1315.3958333333333 25.12071421944176 23.213483827690258
1315.8958333333333 25.122571729952554 23.214113269880123
1316.3958333333333 25.12446941846461 23.214742323169595
1316.8958333333333 25.126330348838273 23.215376889911987
1317.3958333333333 25.128212166660507 23.21600734111477
1317.8958333333333 25.13009371988989 23.21664686439413
1318.3958333333333 25.131984243538152 23.217275569915078
1318.8958333333333 25.133850598409 23.217904169906127
1319.3958333333333 25.13573157671081 23.21854228091652
1319.8958333333333 25.13761370468281 23.219188430056604
1320.3958333333333 25.139541771289913 23.219824557987522
1320.8958333333333 25.141400056109955 23.220453169927065
1321.3958333333333 25.14329112904877 23.221090234880833
1321.8958333333333 25.14518138076297 23.22173384254862
1322.3958333333333 25.147084372340025 23.222361977776952
1322.8958333333333 25.14897548662902 23.22299656644597
1323.3958333333333 25.15085464535677 23.22363568495787
1323.8958333333333 25.152748022669055 23.224281303395742
1324.3958333333333 25.154648731001945 23.224913823898092
1324.8958333333333 25.156554742110238 23.225544635929744
1325.3958333333333 25.158417937661895 23.226177097983232
1325.8958333333333 25.160343065711302 23.226812868549942
1326.3958333333333 25.16223183591147 23.227460978159073
1326.8958333333333 25.164136287345336 23.22808932045708
1327.3958333333333 25.166060540788266 23.228726275193246
1327.8958333333333 25.167942774676703 23.22936428086715
1328.3958333333333 25.169871523764762 23.230002366103154
1328.8958333333333 25.171746505953493 23.230647424045948
1329.3958333333333 25.17366618998612 23.23127773550105
1329.8958333333333 25.175569707769498 23.231907516653912
1330.3958333333333 25.17748195795249 23.232544103234794
1330.8958333333333 25.179382793600638 23.233178734956596
1331.3958333333333 25.181279365631166 23.23382343684751
1331.8958333333333 25.18318811606065 23.23446124975311
1332.3958333333333 25.18508058141699 23.235087325381627
1332.8958333333333 25.18701624012992 23.23572813273126
1333.3958333333333 25.188904628167744 23.236356744349816
1333.8958333333333 25.190810330357237 23.237001062290766
1334.3958333333333 25.1927306127352 23.2376227734483
1334.8958333333333 25.194647611984898 23.23826582497666
1335.3958333333333 25.196566199706538 23.238898866810022
1335.8958333333333 25.198461134894742 23.23953573010173
1336.3958333333333 25.20037796293537 23.24017276980989
1336.8958333333333 25.202278600001392 23.240802532687006
1337.3958333333333 25.204198837579042 23.24144322285715
1337.8958333333333 25.206116622305714 23.242080057127424
1338.3958333333333 25.20801257528058 23.242713782459134
1338.8958333333333 25.20996440037461 23.243344161954695
1339.3958333333333 25.2118428588204 23.243976960923106
1339.8958333333333 25.213767091347567 23.244607690496974
1340.3958333333333 25.215676434156986 23.245243102111157
1340.8958333333333 25.217579069542808 23.24588230788656
1341.3958333333333 25.21952702343874 23.246501135966106
1341.8958333333333 25.22143466083981 23.24714483165216
1342.3958333333333 25.22332915940914 23.24777651243204
1342.8958333333333 25.22523283319828 23.248406705704102
1343.3958333333333 25.227147667618826 23.249044765598303
1343.8958333333333 25.22908747038992 23.249669465776655
1344.3958333333333 25.230994506833 23.250303896911227
1344.8958333333333 25.232906810788567 23.250937042890133
1345.3958333333333 25.234809322086683 23.25157035114891
1345.8958333333333 25.23673789260379 23.25220493808521
1346.3958333333333 25.23864655867344 23.252831401402496
1346.8958333333333 25.240560887854706 23.253460986421363
1347.3958333333333 25.242482850263425 23.254092204138818
1347.8958333333333 25.244389120314725 23.254724222959812
1348.3958333333333 25.246297895517284 23.25534679551065
1348.8958333333333 25.24821496368409 23.255977039871375
1349.3958333333333 25.250142098155642 23.25661125123957
1349.8958333333333 25.252054389746284 23.257239327923394
1350.3958333333333 25.253939945314407 23.257862444699846
1350.8958333333333 25.255860749226464 23.258496406151107
1351.3958333333333 25.257797048677215 23.25912471294027
1351.8958333333333 25.259716928504915 23.25975265713456
1352.3958333333333 25.26159186164766 23.260372954219342
1352.8958333333333 25.263529615800802 23.261008740656813
1353.3958333333333 25.26544143126415 23.261634149106417
1353.8958333333333 25.267353371310413 23.26225838044882
1354.3958333333333 25.26926154926594 23.262881881924695
1354.8958333333333 25.271182555706403 23.263505208058454
1355.3958333333333 25.273095209366204 23.264134604998382
1355.8958333333333 25.274992678646058 23.264765251894573
1356.3958333333333 25.276892579942785 23.265382505060312
1356.8958333333333 25.27883062529753 23.266016622468996
1357.3958333333333 25.280706223337994 23.26663478311307
1357.8958333333333 25.282600212502434 23.26725685728293
1358.3958333333333 25.284544316951063 23.26787816527784
1358.8958333333333 25.286448467975955 23.268505156570015
1359.3958333333333 25.28835185241574 23.269129373340363
1359.8958333333333 25.290268081061384 23.26976215480589
1360.3958333333333 25.292190927568832 23.27037673555578
1360.8958333333333 25.29409205524971 23.27100287700425
1361.3958333333333 25.296019783773946 23.27161571376539
1361.8958333333333 25.297909407163907 23.272252455992746
1362.3958333333333 25.299823188618657 23.27286303523604
1362.8958333333333 25.301734976286177 23.27348936781525
1363.3958333333333 25.303647592463527 23.274110761495788
1363.8958333333333 25.30553043481249 23.274735212659607
1364.3958333333333 25.307438164204523 23.27536273098945
1364.8958333333333 25.30938056813906 23.275990056657246
1365.3958333333333 25.31129435681445 23.276607463295814
1365.8958333333333 25.313201884811598 23.27722318256854
1366.3958333333333 25.31510260867149 23.277845760252788
1366.8958333333333 25.317012759727895 23.278474433810935
1367.3958333333333 25.31891769279418 23.279091144496128
1367.8958333333333 25.3208383836059 23.279712130994948
1368.3958333333333 25.3227398429873 23.28031613945157
1368.8958333333333 25.324643125320776 23.28094292420069
1369.3958333333333 25.326550352599078 23.28156939309548
1369.8958333333333 25.328455741900648 23.28219221532469
1370.3958333333333 25.330375852176687 23.282802904179604
1370.8958333333333 25.332275982590136 23.283424902693387
1371.3958333333333 25.33416337073826 23.284043026379038
1371.8958333333333 25.336075126130844 23.284661550885954
1372.3958333333333 25.33802242553797 23.285280953004815
1372.8958333333333 25.339887060222633 23.285897177466182
1373.3958333333333 25.341795441421155 23.286504374266976
1373.8958333333333 25.343700294566464 23.28713201908444
1374.3958333333333 25.345640690411663 23.287734476200797
1374.8958333333333 25.34752209133108 23.28835362058554
1375.3958333333333 25.349397658534073 23.28897774054608
1375.8958333333333 25.35131678012681 23.289586685058723
1376.3958333333333 25.353220707249932 23.290211714786583
1376.8958333333333 25.355101850495657 23.290816009264688
1377.3958333333333 25.35700016249134 23.2914373572186
1377.8958333333333 25.358910325974968 23.292050257332335
1378.3958333333333 25.360836370484247 23.292654746174016
1378.8958333333333 25.36270391708056 23.293271802392717
1379.3958333333333 25.364613979308697 23.29388669029184
1379.8958333333333 25.366493386884464 23.294499165249633
1380.3958333333333 25.36841425111883 23.295110170572137
1380.8958333333333 25.370286379967823 23.295715288804068
1381.3958333333333 25.37217523632811 23.296325603494733
1381.8958333333333 25.37406008284929 23.296953735069227
1382.3958333333333 25.37594144385863 23.297556761500722
1382.8958333333333 25.37780873265018 23.298161674665565
1383.3958333333333 25.379712746560035 23.29878501706719
1383.8958333333333 25.381641721870594 23.29939331434329
1384.3958333333333 25.383511550362968 23.299992809241957
1384.8958333333333 25.38537473599962 23.30059877863523
1385.3958333333333 25.38726211811046 23.301208223965425
1385.8958333333333 25.38915100991791 23.30181779994886
1386.3958333333333 25.391016737144643 23.30241290189833
1386.8958333333333 25.392918401160365 23.3030188569
1387.3958333333333 25.39477538356437 23.30363266547861
1387.8958333333333 25.396650979455707 23.30422973704814
1388.3958333333333 25.398540196069984 23.304832718592078
1388.8958333333333 25.40043071994846 23.305450190928966
1389.3958333333333 25.40230094201863 23.306040774872653
1389.8958333333333 25.404163722036795 23.306640670802462
1390.3958333333333 25.40600914145714 23.307241589150177
1390.8958333333333 25.407875842460925 23.307840741384943
1391.3958333333333 25.409760747393722 23.30844996950293
1391.8958333333333 25.41162824353568 23.309047318078605
1392.3958333333333 25.413475074566424 23.30965565373914
1392.8958333333333 25.415350913838285 23.310248063632084
1393.3958333333333 25.41722464957729 23.31084669624943
1393.8958333333333 25.419085839791002 23.311438545864966
1394.3958333333333 25.42095671731979 23.312037756278094
1394.8958333333333 25.42280410568512 23.31263176093268
1395.3958333333333 25.424655809015846 23.31322132509232
1395.8958333333333 25.426517542389895 23.31381137896358
1396.3958333333333 25.428366370197352 23.314424929019406
1396.8958333333333 25.430233428117926 23.315006524879323
1397.3958333333333 25.43208527468095 23.315606250376003
1397.8958333333333 25.43393319527207 23.31619977311629
1398.3958333333333 25.435807962887754 23.31679848942422
1398.8958333333333 25.437631810499475 23.317379922121994
1399.3958333333333 25.43949006611141 23.31797142775922
1399.8958333333333 25.44131303561435 23.318559624482326
1400.3958333333333 25.443163733273195 23.319155082812767
1400.8958333333333 25.445011071818676 23.319738903730034
1401.3958333333333 25.446873315442964 23.32033493219796
1401.8958333333333 25.44867990932849 23.320926372125296
1402.3958333333333 25.45051588994155 23.321508824449772
1402.8958333333333 25.452377024113485 23.32210358621326
1403.3958333333333 25.454226277868717 23.322684566284092
1403.8958333333333 25.45604785639439 23.323273977584602
1404.3958333333333 25.457885784869397 23.323854626327247
1404.8958333333333 25.459715530113165 23.32444590498224
1405.3958333333333 25.461539902513625 23.325033331099092
1405.8958333333333 25.463401367696523 23.325625359505004
1406.3958333333333 25.46521307743746 23.326206538383104
1406.8958333333333 25.467009735273066 23.326791368137293
1407.3958333333333 25.46886089127101 23.327373589734307
1407.8958333333333 25.470709591267724 23.32795481922439
1408.3958333333333 25.472526931052602 23.328534371394344
1408.8958333333333 25.474342954581218 23.329131672065436
1409.3958333333333 25.47615248264849 23.329709677564914
1409.8958333333333 25.47798397745551 23.330295984883087
1410.3958333333333 25.479798082554584 23.330877999725356
1410.8958333333333 25.481605975253252 23.331463743719866
1411.3958333333333 25.483420856861127 23.332054539135054
1411.8958333333333 25.4852282261485 23.33263039551519
1412.3958333333333 25.48703152837423 23.333207810076377
1412.8958333333333 25.488858335347576 23.333801872207612
1413.3958333333333 25.49066602110203 23.334380053036526
1413.8958333333333 25.4924523713221 23.334964262689006
1414.3958333333333 25.494265726298615 23.335546592988297
