FastTrWP/PhaseSpace/IAs/snIa_0.62_30.00_-0.57_-0.13.csv
# %ECSV 0.9
# ---
# datatype:
# - {name: time-rel, datatype: float64}
# - {name: g, datatype: float64}
# - {name: i, datatype: float64}
# schema: astropy-2.0
time-rel g i
[from data line 575]
415.5833333333333 23.575290728479942 22.801404654318663
416.08333333333326 23.57316477645043 22.799280721855833
416.5833333333333 23.57104675980561 22.797168319257572
417.0833333333333 23.568937829290114 22.795059753703516
417.58333333333326 23.56683381000292 22.792956589054686
418.0833333333333 23.56476316681427 22.79086914239876
418.5833333333333 23.562706892487594 22.788779213319714
419.08333333333326 23.56065661135141 22.78668770286191
419.5833333333333 23.558623494544722 22.784624899632696
420.0833333333333 23.556602408634145 22.782558816937243
420.58333333333326 23.554585654685848 22.78050277100677
421.0833333333333 23.552589523835866 22.77845112395744
421.5833333333333 23.550604567591687 22.776414916721674
422.08333333333326 23.548661279850926 22.774381140900584
422.5833333333333 23.546707081718417 22.77235320353587
423.0833333333333 23.54477748379424 22.770341900146214
423.58333333333326 23.542857384193283 22.768336413743636
424.0833333333333 23.540957094852732 22.76633613482282
424.5833333333333 23.53906281416531 22.76433401480418
425.08333333333326 23.53718960646138 22.762354684665613
425.5833333333333 23.53534559668674 22.76037832670802
426.0833333333333 23.533489208587138 22.758400371190408
426.58333333333326 23.531633694190393 22.75643094093923
427.0833333333333 23.52980078192516 22.75446337753668
427.5833333333333 23.5279660740609 22.752513777699743
428.08333333333326 23.526164616987554 22.750563445334162
428.5833333333333 23.524368830650246 22.74861574095611
429.0833333333333 23.52255869126132 22.746675799176387
429.58333333333326 23.52078492389859 22.744741416507765
430.0833333333333 23.519021048018143 22.742821803052177
430.5833333333333 23.517267607454517 22.740893947527468
431.08333333333326 23.515505136561178 22.738980933727518
431.5833333333333 23.513767047475824 22.737066146872003
432.0833333333333 23.512044084883993 22.73517267035062
432.58333333333326 23.510318008346044 22.7332658356912
433.0833333333333 23.508602589103106 22.731377751004445
433.5833333333333 23.50690408897558 22.72948465256247
434.08333333333326 23.5052180252086 22.727608262212833
434.5833333333333 23.503541492199297 22.72573198629955
435.0833333333333 23.501867231654835 22.72386105314827
435.58333333333326 23.500213132039825 22.721991923243714
436.0833333333333 23.49856449533929 22.72013992823323
436.5833333333333 23.49692054854944 22.71828870045434
437.08333333333326 23.495288565320816 22.716436685087018
437.5833333333333 23.49366251907056 22.714598963407553
438.0833333333333 23.492062735910515 22.712763371706956
438.58333333333326 23.490467125240766 22.710925751927157
439.0833333333333 23.48887496745543 22.70910759056944
439.5833333333333 23.48730577702205 22.70727803333716
440.08333333333326 23.485734298607326 22.705467215232634
440.5833333333333 23.484169941600168 22.703662243877588
441.0833333333333 23.482620466191477 22.70185526573549
441.58333333333326 23.481077669551247 22.700055699828567
442.0833333333333 23.479540922543936 22.698260953890156
442.5833333333333 23.47803362407232 22.696475880234633
443.08333333333326 23.476507807509307 22.694697857778785
443.5833333333333 23.475021275120568 22.69291430313612
444.0833333333333 23.473533913280754 22.69115143867344
444.58333333333326 23.472059706492544 22.689382569909768
445.0833333333333 23.470588439729507 22.68762315522352
445.5833333333333 23.469124319814195 22.685860769118193
446.08333333333326 23.46767586269881 22.684117972986098
446.5833333333333 23.466238955675372 22.682367460274403
447.0833333333333 23.46480342351475 22.680631395132718
447.58333333333326 23.463396571967582 22.67889828003184
448.0833333333333 23.461978318806555 22.677170322531452
448.5833333333333 23.460571466266963 22.67544913185703
449.08333333333326 23.45918551633686 22.673732599739154
449.5833333333333 23.457811326437042 22.672018451491333
450.0833333333333 23.45643465267151 22.670307884651418
450.58333333333326 23.45507618468217 22.668604765305243
451.0833333333333 23.4537179644541 22.666910198607866
451.5833333333333 23.452376434094575 22.665215765736132
452.08333333333326 23.451045676897767 22.663532262579537
452.5833333333333 23.449727361168534 22.661848502174138
453.0833333333333 23.448412469129096 22.660171420738035
453.58333333333326 23.44712115124896 22.65849917648928
454.0833333333333 23.445828327582618 22.656831777344237
454.5833333333333 23.444528526160944 22.655179291728174
455.08333333333326 23.443260152968406 22.653517350960982
455.5833333333333 23.441999063575054 22.65186056786827
456.0833333333333 23.440750530305703 22.650218011928324
456.58333333333326 23.439505796782257 22.648578202630492
457.0833333333333 23.438272006955984 22.646937525675384
457.5833333333333 23.437051332124042 22.64531444701849
458.08333333333326 23.43583854993739 22.643686385554915
458.5833333333333 23.43463473046581 22.64205767415962
459.0833333333333 23.433446972854235 22.64044403125307
459.58333333333326 23.432260025320765 22.638838632310726
460.0833333333333 23.431079433770535 22.63723117048659
460.5833333333333 23.429917100321678 22.63562751094942
461.08333333333326 23.428751740108016 22.634033131801846
461.5833333333333 23.427620704843456 22.632443759438576
462.0833333333333 23.42648419545746 22.630860087323896
462.58333333333326 23.42536085727469 22.6292759005656
463.0833333333333 23.424239384161865 22.627702690744233
463.5833333333333 23.423131375328428 22.626133362684442
464.08333333333326 23.422040953073132 22.624555311906384
464.5833333333333 23.42095210027537 22.62300460127824
465.0833333333333 23.419866683930145 22.62143900532198
465.58333333333326 23.41880270778534 22.619883406861845
466.0833333333333 23.417728718269913 22.61833616998937
466.5833333333333 23.41667309679902 22.616793351472985
467.08333333333326 23.415624706246753 22.615252588460777
467.5833333333333 23.41458076225099 22.613721349153707
468.0833333333333 23.41355853255997 22.61217763632137
468.58333333333326 23.412530532367242 22.610660950609237
469.0833333333333 23.411500708214152 22.60913054426521
469.5833333333333 23.410494865368992 22.607612606976044
470.08333333333326 23.40950180466098 22.60609728026423
470.5833333333333 23.408515974912696 22.604586537028414
471.0833333333333 23.407523315115462 22.603074627061236
471.58333333333326 23.406556163316434 22.60157502682207
472.0833333333333 23.405590330110122 22.600079482086713
472.5833333333333 23.404628550115312 22.598588634537997
473.08333333333326 23.403683730345655 22.597101615364295
473.5833333333333 23.402738843334898 22.595619022637035
474.0833333333333 23.401808064105836 22.594135016301273
474.58333333333326 23.40088479312811 22.592659242205038
475.0833333333333 23.399966852056995 22.591187088084798
475.5833333333333 23.39905562166692 22.589722683391877
476.08333333333326 23.39815393616954 22.588251887417936
476.5833333333333 23.397266158741555 22.586797162782048
477.0833333333333 23.396373844012565 22.58534824627975
477.58333333333326 23.39550949375369 22.583894626861838
478.0833333333333 23.394637900371066 22.582448372479547
478.5833333333333 23.39379085329552 22.581006094646696
479.08333333333326 23.392947006475303 22.57957445276064
479.5833333333333 23.39208487532883 22.578142572583822
480.0833333333333 23.39126261129433 22.576716175728443
480.58333333333326 23.390449046349985 22.57529139477654
481.0833333333333 23.389619548572576 22.573871818781388
481.5833333333333 23.388819905652415 22.572449736893603
482.08333333333326 23.38802511190201 22.571041834167605
482.5833333333333 23.387231096272775 22.569630586705394
483.0833333333333 23.386449713295875 22.568234188727267
483.58333333333326 23.385683392034345 22.566834553944368
484.0833333333333 23.3849217708368 22.565441784899967
484.5833333333333 23.38416417669839 22.5640450259945
485.08333333333326 23.383420546051823 22.562659087348077
485.5833333333333 23.38268491173277 22.561285049081658
486.0833333333333 23.381961013431756 22.55989925868824
486.58333333333326 23.381237220938722 22.55853686445483
487.0833333333333 23.38053593702049 22.55716303733589
487.5833333333333 23.379824647673804 22.555802110964017
488.08333333333326 23.379141505077058 22.554437799717416
488.5833333333333 23.378454133824714 22.55307694053262
489.0833333333333 23.377775187524243 22.5517296478148
489.5833333333333 23.377116367658417 22.55038329360776
490.0833333333333 23.376458905762934 22.54904015922836
490.5833333333333 23.375810846205134 22.547698072411034
491.0833333333333 23.375164157027413 22.546367048881578
491.5833333333333 23.37453587381486 22.54504013922212
492.0833333333333 23.37391687946568 22.543709348555407
492.5833333333333 23.373318876038184 22.54238530771132
493.0833333333333 23.372706989373896 22.541071845145886
493.5833333333333 23.37211896234851 22.53976055838502
494.0833333333333 23.371530599456115 22.53844169633453
494.5833333333333 23.370959666661268 22.53714759215768
495.0833333333333 23.370394679939412 22.535839870583917
495.5833333333333 23.36982897951378 22.53454176942521
496.0833333333333 23.369290022773793 22.533250800912814
496.5833333333333 23.36874619962265 22.531969284236165
497.0833333333333 23.36822372918686 22.530680970025188
497.5833333333333 23.367697526119024 22.529400740936175
498.0833333333333 23.367181591819826 22.52812959117872
498.5833333333333 23.36669269289754 22.526852909659052
499.0833333333333 23.366201754567015 22.525579186759792
499.5833333333333 23.365715538685524 22.524320311025402
500.0833333333333 23.36524573914233 22.523051060375177
500.5833333333333 23.364778678938734 22.521804081831974
501.0833333333333 23.364322655829707 22.52055528188943
501.5833333333333 23.363878824269868 22.51930796107962
502.0833333333333 23.36346050344457 22.518063087410134
502.5833333333333 23.36303074153363 22.516821855761723
503.0833333333333 23.36260790029958 22.515594624014554
503.5833333333333 23.362198129622257 22.514369911448856
504.0833333333333 23.361810732654185 22.513133691584372
504.5833333333333 23.361429954768443 22.511913852718408
505.0833333333333 23.36105148349074 22.51069732976413
505.5833333333333 23.360690769993333 22.50947495825027
506.0833333333333 23.360334840021576 22.508261063314656
506.5833333333333 23.36000404142127 22.50705658312258
507.0833333333333 23.35965951619311 22.505850572679048
507.5833333333333 23.35933180266202 22.504644254888134
508.0833333333333 23.359019927893122 22.503443384306692
508.5833333333333 23.358716340019523 22.502250029248966
509.0833333333333 23.358416210998833 22.50105515269132
509.5833333333333 23.35812410004459 22.499874070438345
510.0833333333333 23.357855754438578 22.498689999486054
510.5833333333333 23.35757248968635 22.4975050096301
511.0833333333333 23.357336032524362 22.496329527927074
511.5833333333333 23.357076124812647 22.49516040009638
512.0833333333334 23.356829976231822 22.49397939347022
512.5833333333334 23.356610069140245 22.492821581980603
513.0833333333334 23.356380214620636 22.491656916798544
513.5833333333334 23.356165263819953 22.490497048549333
514.0833333333334 23.35597171438844 22.48934129177836
514.5833333333334 23.355762531049777 22.48818941607931
515.0833333333334 23.35558107580293 22.48704102353289
515.5833333333334 23.355398136929942 22.485891726785894
516.0833333333334 23.355218052426476 22.484753191454764
516.5833333333334 23.355067230608167 22.483617913247404
517.0833333333334 23.35490081581011 22.482480715377037
517.5833333333334 23.354752829717413 22.481349671252467
518.0833333333334 23.354626146972844 22.48022653130475
518.5833333333334 23.354495478399993 22.47909686567767
519.0833333333334 23.354369203029343 22.477975401109475
519.5833333333334 23.354250752541496 22.476864753695935
520.0833333333334 23.354149404949894 22.47575245748321
520.5833333333334 23.354036053586885 22.474639981535237
521.0833333333334 23.353960694155873 22.473532495119134
521.5833333333334 23.3538659714046 22.472431674740978
522.0833333333334 23.35378676291193 22.47133600891282
522.5833333333334 23.3537255352919 22.470242045381198
523.0833333333334 23.353668869425647 22.469154549976835
523.5833333333334 23.35359996151235 22.46807010900614
524.0833333333334 23.353566561463587 22.4669821755695
524.5833333333334 23.353520964446616 22.465904880139046
525.0833333333334 23.35349049896454 22.46483167940209
525.5833333333334 23.353463871170604 22.463762104864024
526.0833333333334 23.35344655468382 22.462692049833652
526.5833333333334 23.353429260872364 22.461625613291318
527.0833333333334 23.35342168120034 22.460568227895816
527.5833333333334 23.353424179494304 22.459506231943152
528.0833333333334 23.35343508491025 22.458457514157143
528.5833333333334 23.35344948192892 22.45741063311136
529.0833333333334 23.35346795267805 22.456361957367665
529.5833333333334 23.35349198939359 22.455319335268683
530.0833333333334 23.3535132153012 22.454275927784792
530.5833333333334 23.3535696413799 22.453244495931642
531.0833333333334 23.353612301665176 22.452217856746778
531.5833333333334 23.353656607167586 22.451193278779375
532.0833333333334 23.35370382805538 22.450169198531853
532.5833333333334 23.35377927300464 22.449142193814026
533.0833333333334 23.353846751869284 22.448133695347426
533.5833333333334 23.353916483090728 22.44711325461097
534.0833333333334 23.353995552851256 22.446113636844117
534.5833333333334 23.354084638782716 22.445104578709984
535.0833333333334 23.354180148733313 22.444106316966717
535.5833333333334 23.354283431952084 22.443111041327676
536.0833333333334 23.354376343117078 22.44211624008519
536.5833333333334 23.354490504763618 22.441124979701286
537.0833333333334 23.35460551961736 22.44013879883958
537.5833333333334 23.35473203812373 22.43915531220732
538.0833333333334 23.354845877584495 22.438172713309235
538.5833333333334 23.354984571932494 22.437200286004995
539.0833333333334 23.355117422557047 22.436233146380893
539.5833333333334 23.355253121679745 22.43526193629998
540.0833333333334 23.35539935479322 22.434305552845085
540.5833333333334 23.355541352948098 22.43334736169278
541.0833333333334 23.355701702311297 22.43238936417893
541.5833333333334 23.35585253636737 22.43144153766252
542.0833333333334 23.35602756613358 22.430488731085877
542.5833333333334 23.356203689571778 22.42954650920618
543.0833333333334 23.35640137412687 22.428600541203313
543.5833333333334 23.356594233229494 22.427661152410355
544.0833333333334 23.35681669013255 22.426732515793468
544.5833333333334 23.357036743651626 22.425796499849874
545.0833333333334 23.35725925901375 22.424868052997226
545.5833333333334 23.357495996678498 22.423938638014363
546.0833333333334 23.357747003439954 22.42301361072695
546.5833333333334 23.358003162563932 22.42209720377268
547.0833333333334 23.358278855060174 22.421176561464833
547.5833333333334 23.35855072022913 22.420261108536256
548.0833333333334 23.358837847409767 22.41935016466985
548.5833333333334 23.359137125128342 22.41844670372359
549.0833333333334 23.35943711471237 22.417544912567497
549.5833333333334 23.359749921238535 22.416634595666043
550.0833333333334 23.36007503369204 22.415738149405563
550.5833333333334 23.360387854526117 22.414845791761174
551.0833333333334 23.36073195973097 22.413956995620488
551.5833333333334 23.361073054361846 22.41306838336316
552.0833333333334 23.361431630111888 22.41218776914019
552.5833333333334 23.36177791784437 22.411303472563255
553.0833333333334 23.362140505010718 22.41041793758232
553.5833333333334 23.36252275247288 22.40954692059068
554.0833333333334 23.36289156282959 22.40867366301117
554.5833333333334 23.363280237306277 22.407804308936484
555.0833333333334 23.363671509183742 22.40694319872459
555.5833333333334 23.364069320002578 22.40607577938033
556.0833333333334 23.36447890093509 22.405218517589315
556.5833333333334 23.364894585512523 22.40435806018093
557.0833333333334 23.36531150779286 22.403515173579805
557.5833333333334 23.36572736703949 22.40266206758325
558.0833333333334 23.366163480846936 22.401826394084978
558.5833333333334 23.366594475040152 22.400976721501863
559.0833333333334 23.367034091203514 22.40014156207016
