FastTrWP/PhaseSpace/IAs/snIa_0.60_30.00_0.67_-0.01.csv
# %ECSV 0.9
# ---
# datatype:
# - {name: time-rel, datatype: float64}
# - {name: g, datatype: float64}
# - {name: i, datatype: float64}
# schema: astropy-2.0
time-rel g i
[from data line 862]
525.7083333333334 23.6200059137639 22.383121384253606
526.2083333333334 23.619744940004242 22.38241989702315
526.7083333333334 23.619483044092 22.381724615899408
527.2083333333334 23.619243714522916 22.38103177323937
527.7083333333334 23.6190095729442 22.38034551144285
528.2083333333334 23.618774939270132 22.379652054115887
528.7083333333334 23.6185524200586 22.378976404415315
529.2083333333334 23.618323952374705 22.37829324252658
529.7083333333334 23.618117568269476 22.37760899767145
530.2083333333334 23.61790130577478 22.37693557366314
530.7083333333334 23.617703775004173 22.376262969287303
531.2083333333334 23.6175037264948 22.375594894758336
531.7083333333334 23.61732146840032 22.374924442186625
532.2083333333334 23.61712782023971 22.37426586906225
532.7083333333334 23.61694758710016 22.37360552052759
533.2083333333334 23.616773822026325 22.37294648809064
533.7083333333334 23.61660807624223 22.372297206503866
534.2083333333334 23.61644224993956 22.37164263294719
534.7083333333334 23.61629052574226 22.37099417055951
535.2083333333334 23.616131848935428 22.370351253804024
535.7083333333334 23.61599208541287 22.369705076013847
536.2083333333334 23.615844954625533 22.36906610016627
536.7083333333334 23.615710085387242 22.368432259635487
537.2083333333334 23.61558737814243 22.367793879548042
537.7083333333334 23.61546273176097 22.367162742120634
538.2083333333334 23.615344003987346 22.366532733260357
538.7083333333334 23.615225525316657 22.36590981107843
539.2083333333334 23.61511404044652 22.36528323959306
539.7083333333334 23.61501712770472 22.364661761456397
540.2083333333334 23.614927931970552 22.364047291504505
540.7083333333334 23.61482427638192 22.363432811114517
541.2083333333334 23.614739738716498 22.362817170620403
541.7083333333334 23.614662516173773 22.362203200843183
542.2083333333334 23.614586810884205 22.361602437458203
542.7083333333334 23.614511857532364 22.360998572743792
543.2083333333334 23.614439260534986 22.36038985642466
543.7083333333334 23.614379650878057 22.359794618266342
544.2083333333334 23.614343176803207 22.35919618839494
544.7083333333334 23.614273577311536 22.358611223629637
545.2083333333334 23.614251439458176 22.35802548466751
545.7083333333334 23.614232382271606 22.35744417580781
546.2083333333334 23.614212936221705 22.356859712980118
546.7083333333334 23.614212113951112 22.356281199264366
547.2083333333334 23.614200744394726 22.355710082853996
547.7083333333334 23.61421072882621 22.35514664187147
548.2083333333334 23.61421548516205 22.354574646522888
548.7083333333334 23.614229253896486 22.35400902560818
549.2083333333334 23.614264919228354 22.353456018531045
549.7083333333334 23.614294298566485 22.352895085705747
550.2083333333334 23.61433965770811 22.352345432411703
550.7083333333334 23.61438300756927 22.351790518569032
551.2083333333334 23.614434414521504 22.35124578780381
551.7083333333334 23.614493047466866 22.350705190509377
552.2083333333334 23.61455933688002 22.350161374440958
552.7083333333334 23.614638646462108 22.349623071571287
553.2083333333334 23.61472217930102 22.349088336011754
553.7083333333334 23.614792870112392 22.34855437555349
554.2083333333334 23.614887621066426 22.348027931392053
554.7083333333334 23.614985919163082 22.34750525780563
555.2083333333334 23.615086982058465 22.346982395400076
555.7083333333334 23.61518244171421 22.3464594680931
556.2083333333334 23.615310377295046 22.345938764798248
556.7083333333334 23.61543242251221 22.345426659447906
557.2083333333334 23.6155628851828 22.34491422161277
557.7083333333334 23.615690558236704 22.34440487243579
558.2083333333334 23.615823154577456 22.343896130946653
558.7083333333334 23.615974179300498 22.343400121297353
559.2083333333334 23.61611543176283 22.342891976498972
559.7083333333334 23.61627020004011 22.34239135945339
560.2083333333334 23.61643462709452 22.341897849554464
560.7083333333334 23.61658714295057 22.341402777772647
561.2083333333334 23.616755081718445 22.340909344964558
561.7083333333334 23.616932110433755 22.340414637556037
562.2083333333334 23.617116740719982 22.339923385653613
562.7083333333334 23.617289216440977 22.33944156488137
563.2083333333334 23.617483002204473 22.33896147857279
563.7083333333334 23.617662594628737 22.33848254454938
564.2083333333334 23.61787173075006 22.338001614654452
564.7083333333334 23.6180751063469 22.33752238952876
565.2083333333334 23.61827402093859 22.337056710274407
565.7083333333334 23.618488087310766 22.336577033999774
566.2083333333334 23.618697481026608 22.33610661863255
566.7083333333334 23.618918886658857 22.33563617897901
567.2083333333334 23.61913543420576 22.33517349748737
567.7083333333334 23.61935846980026 22.33471241014712
568.2083333333334 23.619578574302675 22.334249356877727
568.7083333333334 23.619827331594983 22.333790678988578
569.2083333333334 23.62004841028199 22.33332989178468
569.7083333333334 23.620301958850742 22.3328719885319
570.2083333333334 23.620540750304826 22.332421506779724
570.7083333333334 23.62079395191821 22.331962070275985
571.2083333333334 23.621039574192856 22.33151208501331
571.7083333333334 23.62129338307856 22.33106880972845
572.2083333333334 23.621549956506293 22.33061729443678
572.7083333333334 23.62179794073221 22.33016412751852
573.2083333333334 23.622066478839514 22.32972219036022
573.7083333333334 23.622317650132803 22.329281543594078
574.2083333333334 23.62258167454232 22.328836604398383
574.7083333333334 23.622861463113686 22.328400790382375
575.2083333333334 23.62313945651625 22.32795993008244
575.7083333333334 23.62340013479404 22.327523083720596
576.2083333333334 23.623686991528704 22.327082021125747
576.7083333333334 23.623950241243328 22.326638599928582
577.2083333333334 23.624238026247 22.3262138106846
577.7083333333334 23.62452738981967 22.32577745500706
578.2083333333334 23.62480834686448 22.32534577618846
578.7083333333334 23.625115423560654 22.32492044634107
579.2083333333334 23.62538034909292 22.324499006300996
579.7083333333334 23.625674149890568 22.32406344980737
580.2083333333334 23.62598177290495 22.323639654871435
580.7083333333334 23.62625986463862 22.323215832749824
581.2083333333334 23.626550963833566 22.322787928261477
581.7083333333334 23.626859878473244 22.322355331757148
582.2083333333334 23.62715881223288 22.321940349669674
582.7083333333334 23.62745920538032 22.321517046734982
583.2083333333334 23.627774851018724 22.321100007924585
583.7083333333334 23.628092004083182 22.320692648552868
584.2083333333334 23.628398615788846 22.320274204712707
584.7083333333334 23.628724691197675 22.31986337248745
585.2083333333334 23.62904961660883 22.319450963869546
585.7083333333334 23.62937017191028 22.3190303974493
586.2083333333334 23.629693323336056 22.318635801252952
586.7083333333334 23.630030636581974 22.318220907535576
587.2083333333334 23.63037103577603 22.31781707759494
587.7083333333334 23.630709744735952 22.317420536978837
588.2083333333334 23.631061804222636 22.317011625840628
588.7083333333334 23.63139709889435 22.316616340380424
589.2083333333334 23.631755059207173 22.316221074998275
589.7083333333334 23.632111824521456 22.31582111298202
590.2083333333334 23.63248530320627 22.31542460342753
590.7083333333334 23.632835460384122 22.31503839355436
591.2083333333334 23.633200119007377 22.31464455732096
591.7083333333334 23.63356473661776 22.31425509358104
592.2083333333334 23.63394005778963 22.31386463356429
592.7083333333334 23.63431647846963 22.313479400060096
593.2083333333334 23.634701349693117 22.313095216715404
593.7083333333334 23.63507808556612 22.31271297962349
594.2083333333334 23.635469037246605 22.312333768599636
594.7083333333334 23.63586090815129 22.31195424014116
595.2083333333334 23.636265638388764 22.311577551806636
595.7083333333334 23.636673269948428 22.311202732309283
596.2083333333334 23.637054203938668 22.31082721027779
596.7083333333334 23.637474646158193 22.31045437011952
597.2083333333334 23.63788496961274 22.310089154458474
597.7083333333334 23.638296098925167 22.30971954746434
598.2083333333334 23.638721072867686 22.30935051800815
598.7083333333334 23.63915082814723 22.308995647995545
599.2083333333334 23.639566832469438 22.30862660799547
599.7083333333334 23.64001013522246 22.308269140816577
600.2083333333334 23.640448355797737 22.30791076676332
600.7083333333334 23.640877732793356 22.307558428652627
601.2083333333334 23.641323159153735 22.30719874017371
601.7083333333334 23.6417546035349 22.306843823205085
602.2083333333334 23.64221888764504 22.306488794372843
602.7083333333334 23.642684227670017 22.30614086206286
603.2083333333334 23.64313120918606 22.305797498327074
603.7083333333334 23.643599202100138 22.30545321891111
604.2083333333334 23.64407211852608 22.3051082288338
604.7083333333334 23.644542857927018 22.304764406193694
605.2083333333334 23.645008374890498 22.304423261826038
605.7083333333334 23.645485919949802 22.304083330788753
606.2083333333334 23.64597430864441 22.30375388703934
606.7083333333334 23.646464603949152 22.303412608594417
607.2083333333334 23.646947145148694 22.30308622012407
607.7083333333334 23.647449369742873 22.30275257636704
608.2083333333334 23.647942237157995 22.302423371124647
608.7083333333334 23.648449670442297 22.302101058486585
609.2083333333334 23.648960506789642 22.301772444827378
609.7083333333334 23.649483810816577 22.30144969869658
610.2083333333334 23.64999958270804 22.301129890511554
610.7083333333334 23.650517293317073 22.300816876258445
611.2083333333334 23.651040391948193 22.30049463135336
611.7083333333334 23.651569898973563 22.30017375475192
612.2083333333334 23.652101780403626 22.29986257733139
612.7083333333334 23.652653492817777 22.299554968167232
613.2083333333334 23.65318267668171 22.29924889843891
613.7083333333334 23.6537320371388 22.298942478666547
614.2083333333334 23.654287321647498 22.298637292404745
614.7083333333334 23.654839358355186 22.298332045136036
615.2083333333334 23.65539876812642 22.298028939661943
615.7083333333334 23.65597362354302 22.29773745915761
616.2083333333334 23.65653604317325 22.297439155953963
616.7083333333334 23.65710768701527 22.297143471633483
617.2083333333334 23.657688635084565 22.29685333028483
617.7083333333334 23.658273092063556 22.296564690259228
618.2083333333334 23.658862735632805 22.296269180504986
618.7083333333334 23.65945644904891 22.29598145429389
619.2083333333334 23.660042789956748 22.295705106189136
619.7083333333334 23.660647400458213 22.295417548968608
620.2083333333334 23.661261928577773 22.295137477519063
620.7083333333334 23.6618692368658 22.29485305203413
621.2083333333334 23.66249053484171 22.294583774049045
621.7083333333334 23.663095047226122 22.294303171005186
622.2083333333334 23.66371660691818 22.294029269218424
622.7083333333334 23.66434690830512 22.293759468008254
623.2083333333334 23.66497520588625 22.293488441142518
623.7083333333334 23.66560270945865 22.29322150446761
624.2083333333334 23.666253870693783 22.292954826789334
624.7083333333334 23.666885909706593 22.29269238643908
625.2083333333334 23.667549702955224 22.292432221412938
625.7083333333334 23.668195419371585 22.292169220649846
626.2083333333334 23.6688634285388 22.291900452105317
626.7083333333334 23.669513465416728 22.29164349925498
627.2083333333334 23.670176251317578 22.291390986403282
627.7083333333334 23.670849306003774 22.291139206114696
628.2083333333334 23.671526883194357 22.290882873171086
628.7083333333334 23.672203404905083 22.290636578661932
629.2083333333334 23.672877894784033 22.290382204263054
629.7083333333334 23.67357316179479 22.29013770919568
630.2083333333334 23.674252011381313 22.28989386070034
630.7083333333334 23.67494584290297 22.28964928417289
631.2083333333334 23.675653850173106 22.28940936232595
631.7083333333334 23.676352267511938 22.28916390314864
632.2083333333334 23.677074007795525 22.288933846008582
632.7083333333334 23.67779187039873 22.288693931410023
633.2083333333334 23.67850023619247 22.288464594480658
633.7083333333334 23.67921599641499 22.28823272738838
634.2083333333334 23.679960236589128 22.287999026449306
634.7083333333334 23.680695723230137 22.28777539868011
635.2083333333334 23.681422482010653 22.28754129255516
635.7083333333334 23.682165076996835 22.287317512160413
636.2083333333334 23.68289942142869 22.28709695514807
636.7083333333334 23.683665708940232 22.28687740862985
637.2083333333334 23.684420156656767 22.286658918363823
637.7083333333334 23.68517932785469 22.28643756576336
638.2083333333334 23.68593565982476 22.286222817342107
638.7083333333334 23.686708276632928 22.28601214027506
639.2083333333334 23.687483705745464 22.285801757705563
639.7083333333334 23.68827130455507 22.285590352269743
640.2083333333334 23.689037065385115 22.285384001694105
640.7083333333334 23.68983801700301 22.285172974021947
641.2083333333334 23.690615507000853 22.28497422733131
641.7083333333334 23.691416244929542 22.284771663189893
642.2083333333334 23.692236735742725 22.28457346569135
642.7083333333334 23.69303799433542 22.284370053740588
643.2083333333334 23.693841181979572 22.284177488108075
643.7083333333334 23.6946655299039 22.28398070966997
644.2083333333334 23.69549086226837 22.283787702697765
644.7083333333334 23.696311756543853 22.283594981046516
645.2083333333334 23.697156917753933 22.283403814868848
645.7083333333334 23.697979488932347 22.28322143947949
646.2083333333334 23.698821601121875 22.283036185685834
646.7083333333334 23.699662014209792 22.28285609023183
647.2083333333334 23.700505149436854 22.282679552949133
647.7083333333334 23.70136804393428 22.28250426337658
648.2083333333334 23.70223539902158 22.282321597140854
648.7083333333334 23.70309128970505 22.28215086172289
649.2083333333334 23.703979019394488 22.281979214156284
649.7083333333334 23.704842273545697 22.281805744027643
650.2083333333334 23.7057285982144 22.281636675949148
650.7083333333334 23.706623566045586 22.281471942110112
651.2083333333334 23.70749919133685 22.281305536717962
651.7083333333334 23.708408292541925 22.281140950153432
652.2083333333334 23.709302332637257 22.280981267827116
652.7083333333334 23.71020642311514 22.280817760114083
653.2083333333334 23.711113352154864 22.280671221808092
653.7083333333334 23.712025582914066 22.28051496314498
654.2083333333334 23.712943703753304 22.2803663900379
654.7083333333334 23.713873149965043 22.28020546587546
655.2083333333334 23.714804226661336 22.28006349536205
655.7083333333334 23.715747830397348 22.27991643254351
656.2083333333334 23.716691548273868 22.279768332784915
656.7083333333334 23.71762418953032 22.279634317920376
657.2083333333334 23.718578096308256 22.27948861385822
657.7083333333334 23.71953802738333 22.27935000951691
658.2083333333334 23.720508943161448 22.27921523348101
658.7083333333334 23.7214759427464 22.279083850455986
659.2083333333334 23.722460006205658 22.278955403022206
659.7083333333334 23.72344716923714 22.278825298494006
660.2083333333334 23.724433599612652 22.278695130856686
660.7083333333334 23.72543643342432 22.27857228227372
661.2083333333334 23.726450898065178 22.278448135316733
661.7083333333334 23.727467329160493 22.278325745450253
662.2083333333334 23.72849051000715 22.27821116001249
662.7083333333334 23.729514894046808 22.278098282490923
663.2083333333334 23.730543220348697 22.277985437026736
663.7083333333334 23.731604788427802 22.277874340600313
664.2083333333334 23.73266431579556 22.277759168482085
664.7083333333334 23.733711186510412 22.277653287335404
665.2083333333334 23.734774855291924 22.27754745133251
665.7083333333334 23.735863307068243 22.27744885298769
666.2083333333334 23.73692875292454 22.277346081540685
666.7083333333334 23.73800336461016 22.277248339365837
667.2083333333334 23.739109448885905 22.277142131506835
667.7083333333334 23.740206442369242 22.277053437829053
668.2083333333334 23.741304585527697 22.27696045907618
668.7083333333334 23.742420327587652 22.27686844512086
669.2083333333334 23.743542435445132 22.27678073017076
669.7083333333334 23.74465925360174 22.276691217985842
670.2083333333334 23.74578409217709 22.276613903495537
