FastTrWP/PhaseSpace/IAs/snIa_0.61_30.00_-0.15_0.03.csv
# %ECSV 0.9
# ---
# datatype:
# - {name: time-rel, datatype: float64}
# - {name: g, datatype: float64}
# - {name: i, datatype: float64}
# schema: astropy-2.0
time-rel g i
[from data line 864]
570.3333333333334 23.879439527220608 22.31221155840904
570.8333333333334 23.879738611555172 22.311556891908904
571.3333333333334 23.880047033816822 22.310915359564568
571.8333333333334 23.880347442031997 22.31026856661931
572.3333333333334 23.880659181976323 22.309629799340144
572.8333333333334 23.880953184800674 22.30899444303896
573.3333333333334 23.8812659942976 22.30835394626858
573.8333333333334 23.88156943241094 22.30771794798403
574.3333333333334 23.881889976603105 22.307090268692356
574.8333333333334 23.882206685570466 22.3064580132569
575.3333333333334 23.882521273444898 22.305836339889936
575.8333333333334 23.882843998914613 22.305219201894158
576.3333333333334 23.883167503530338 22.304602928540884
576.8333333333334 23.88347806310489 22.303979400045854
577.3333333333334 23.883821824728212 22.303370608934024
577.8333333333334 23.884146491186478 22.3027596380936
578.3333333333334 23.88447315244239 22.30215182558367
578.8333333333334 23.88480244067443 22.30154296515272
579.3333333333334 23.885132324151684 22.30094226622564
579.8333333333334 23.885457422301606 22.300337293250074
580.3333333333334 23.8857991247952 22.299743876012045
580.8333333333334 23.8861386710845 22.29913812205414
581.3333333333334 23.88647833696242 22.29855410622737
581.8333333333334 23.886818972731373 22.297957245768405
582.3333333333334 23.887161667470057 22.297367092759792
582.8333333333334 23.887511424703405 22.296788862981558
583.3333333333334 23.88786540366201 22.29620008055798
583.8333333333334 23.888232579069992 22.295616623003337
584.3333333333334 23.8885828560122 22.295037406968103
584.8333333333334 23.888974044340184 22.2944651498668
585.3333333333334 23.88932233496775 22.293885118736828
585.8333333333334 23.889681326564386 22.293314900988214
586.3333333333334 23.89006415652899 22.292748870185886
586.8333333333334 23.890454205149677 22.2921761644251
587.3333333333334 23.89083037568186 22.291610826468773
587.8333333333334 23.891234532684855 22.291059976621476
588.3333333333334 23.891597534114144 22.290500377698844
588.8333333333334 23.892000517731965 22.289939656193575
589.3333333333334 23.892403894255814 22.289381227378552
589.8333333333334 23.892798754958726 22.28883486039669
590.3333333333334 23.89321510007699 22.28828182115384
590.8333333333334 23.89361662467039 22.28773837369676
591.3333333333334 23.89402368303394 22.287193408436757
591.8333333333334 23.89443157367975 22.28665117850985
592.3333333333334 23.89486042892068 22.286114056181127
592.8333333333334 23.895286961636828 22.285572508590032
593.3333333333334 23.895698944045325 22.285044811884475
593.8333333333334 23.89614211853289 22.284508988974633
594.3333333333334 23.89658127921242 22.28398833724949
594.8333333333334 23.89701676665673 22.283458617019285
595.3333333333334 23.89745262766774 22.28293798717011
595.8333333333334 23.897906181391768 22.28241403189606
596.3333333333334 23.898356097239812 22.281900825806762
596.8333333333334 23.89880964559935 22.281379850522733
597.3333333333334 23.899280416018964 22.280877014596136
597.8333333333334 23.89973586867441 22.280356947067727
598.3333333333334 23.900197000453055 22.27985624947674
598.8333333333334 23.900676428054254 22.279344694330206
599.3333333333334 23.901144633670487 22.27884467996885
599.8333333333334 23.90162100570619 22.27834612877053
600.3333333333334 23.90211058390453 22.277848464969253
600.8333333333334 23.902596408454407 22.277355107589365
601.3333333333334 23.903082234340822 22.276860773538935
601.8333333333334 23.90358005787433 22.276374045156388
602.3333333333334 23.904072439043414 22.275884032497206
602.8333333333334 23.904573825562828 22.27540275285594
603.3333333333334 23.90508510785996 22.274922641878902
603.8333333333334 23.905592271101682 22.27444849625504
604.3333333333334 23.90610418425643 22.27397632551368
604.8333333333334 23.906622812367935 22.273495864418358
605.3333333333334 23.907144106707975 22.273031954548514
605.8333333333334 23.907670527384234 22.27256687225968
606.3333333333334 23.908203520038576 22.272099098690216
606.8333333333334 23.908737444374367 22.271638215052754
607.3333333333334 23.909291350369074 22.271181515723235
607.8333333333334 23.90981940875175 22.27072914056031
608.3333333333334 23.910369408112487 22.270275601733637
608.8333333333334 23.910923402735015 22.269818725786955
609.3333333333334 23.911482337243516 22.269375260365667
609.8333333333334 23.91204596210256 22.268934354146612
610.3333333333334 23.912601986300224 22.26849706640688
610.8333333333334 23.913182193973377 22.268048895799602
611.3333333333334 23.913750678000763 22.267609338963066
611.8333333333334 23.91432660691791 22.26718478719259
612.3333333333334 23.914917617959688 22.266752849116124
612.8333333333334 23.91549340213441 22.266327390855878
613.3333333333334 23.916088990404507 22.265908967320236
613.8333333333334 23.916678848897647 22.265478764955418
614.3333333333334 23.91726964014059 22.26506777604737
614.8333333333334 23.917878764743712 22.264644643526506
615.3333333333334 23.918492159849354 22.26423223592
615.8333333333334 23.919119760312885 22.263825556269026
616.3333333333334 23.91972841677882 22.26341936621119
616.8333333333334 23.920335959709107 22.26301485739328
617.3333333333334 23.920977391880434 22.262617395226965
617.8333333333334 23.921597842954284 22.262214125562597
618.3333333333334 23.92223544438016 22.261818258851793
618.8333333333334 23.92288259611409 22.26143044576954
619.3333333333334 23.923532274951476 22.261042849502275
619.8333333333334 23.92416480871308 22.260656081929078
620.3333333333334 23.9248250565076 22.26027490008819
620.8333333333334 23.925485295592686 22.25988760615361
621.3333333333334 23.926142565707742 22.259514821417874
621.8333333333334 23.926808710479524 22.259133224089705
622.3333333333334 23.927471219558228 22.25875685939393
622.8333333333334 23.928156380155734 22.25838512972972
623.3333333333334 23.928833458622098 22.258017966371376
623.8333333333334 23.929506840052383 22.257651730275448
624.3333333333334 23.930203691020196 22.25729061883083
624.8333333333334 23.93089590586921 22.25692550949807
625.3333333333334 23.931594349711975 22.25656308916139
625.8333333333334 23.932294651989444 22.256210466230577
626.3333333333334 23.932996351657323 22.255857247089224
626.8333333333334 23.933693875264584 22.255509256034106
627.3333333333334 23.934424148813818 22.25516076238899
627.8333333333334 23.93514155009965 22.25481486173518
628.3333333333334 23.93585868460455 22.254468033476705
628.8333333333334 23.936574687917936 22.254126362535402
629.3333333333334 23.937311485977727 22.253788677439875
629.8333333333334 23.938055500413682 22.253452793496805
630.3333333333334 23.938796448114154 22.253122125344934
630.8333333333334 23.939549563924047 22.25278610234507
631.3333333333334 23.940309449350966 22.252458449288348
631.8333333333334 23.941055393969318 22.252136348933256
632.3333333333334 23.941811496223213 22.25181596281621
632.8333333333334 23.94256866389331 22.251502611377475
633.3333333333334 23.943331800917083 22.251180017936633
633.8333333333334 23.94411024074654 22.250864800705408
634.3333333333334 23.94488011323753 22.25056046537459
634.8333333333334 23.94566164303926 22.250237112223004
635.3333333333334 23.946461425420186 22.249932681163862
635.8333333333334 23.947261211306426 22.2496317702458
636.3333333333334 23.94803479356698 22.249327233842905
636.8333333333334 23.948857417893294 22.24903615027881
637.3333333333334 23.949644152028018 22.248736495583504
637.8333333333334 23.950462843323827 22.248444831640324
638.3333333333334 23.951266141287185 22.24814930818912
638.8333333333334 23.952095064795877 22.24786372614418
639.3333333333334 23.952912275149384 22.247577593725012
639.8333333333334 23.953733670447814 22.24729340385567
640.3333333333334 23.954558303012746 22.24701379607294
640.8333333333334 23.95540262516389 22.246738173144024
641.3333333333334 23.956255691807378 22.24646950249548
641.8333333333334 23.95711659495436 22.246196463544607
642.3333333333334 23.957953013088613 22.245933371739245
642.8333333333334 23.95881482208256 22.2456605802902
643.3333333333334 23.95967806045213 22.245397787036552
643.8333333333334 23.96055508238687 22.245138199040756
644.3333333333334 23.961419056355865 22.244873312416132
644.8333333333334 23.962289613639282 22.24462803348876
645.3333333333334 23.9631816792544 22.244374728503644
645.8333333333334 23.964072206329973 22.24412135550129
646.3333333333334 23.964957660287645 22.243881295532468
646.8333333333334 23.96586818945035 22.243627216435744
647.3333333333334 23.966761004421706 22.243392843016547
647.8333333333334 23.967653788584833 22.24315358203652
648.3333333333334 23.96857494934367 22.24292054823582
648.8333333333334 23.96949251874403 22.242684718609667
649.3333333333334 23.970423550715733 22.242450417270096
649.8333333333334 23.971344044758055 22.242225597966634
650.3333333333334 23.972280111394912 22.241999210730693
650.8333333333334 23.973208575006424 22.24178491373504
651.3333333333334 23.974144910032628 22.24156931011697
651.8333333333334 23.97510169093504 22.241351211332606
652.3333333333334 23.976055915450733 22.24113527880569
652.8333333333334 23.977011968072585 22.24092608516889
653.3333333333334 23.9779740389502 22.240722093914016
653.8333333333334 23.978938721249992 22.24051593036496
654.3333333333334 23.97991702249875 22.240317212735317
654.8333333333334 23.98090339103678 22.240118527327493
655.3333333333334 23.981872136892402 22.239927212076807
655.8333333333334 23.98285842332338 22.239729330938683
656.3333333333334 23.983854692912423 22.23953967496009
656.8333333333334 23.98485706817853 22.239352205869046
657.3333333333334 23.985866341598808 22.239172145241252
657.8333333333334 23.986878000355077 22.238986388586195
658.3333333333334 23.987908827323356 22.23881073307135
658.8333333333334 23.988915470562915 22.23863930127886
659.3333333333334 23.989951879448526 22.23845944399227
659.8333333333334 23.990986230950533 22.23830311775697
660.3333333333334 23.99205021938649 22.23814123585028
660.8333333333334 23.993102818421086 22.237974060135688
661.3333333333334 23.99415145160284 22.23781062603164
661.8333333333334 23.995228143550776 22.237666196932217
662.3333333333334 23.996319317719127 22.2375101402588
662.8333333333334 23.997390938451236 22.237361365487
663.3333333333334 23.998489578691533 22.2372188535285
663.8333333333334 23.99958922804427 22.23707368746521
664.3333333333334 24.000682931995673 22.236933934903483
664.8333333333334 24.001799305353714 22.236798194437064
665.3333333333334 24.00291249620021 22.2366675523212
665.8333333333334 24.00404475526986 22.236531918101328
666.3333333333334 24.005172556712722 22.23641083825286
666.8333333333334 24.0063162986749 22.236285226698264
667.3333333333334 24.007455524634523 22.236160972942642
667.8333333333334 24.008612771080067 22.23604246421919
668.3333333333334 24.009764249199396 22.235928660297493
668.8333333333334 24.01092213672957 22.235814406010938
669.3333333333334 24.01209158110857 22.235707570241093
669.8333333333334 24.013271686752834 22.23559085885529
670.3333333333334 24.014448415754508 22.235494410452887
670.8333333333334 24.01562848154239 22.23538980158547
671.3333333333334 24.016834166768245 22.2352935292591
671.8333333333334 24.018030757107226 22.235200163841867
672.3333333333334 24.019215349863966 22.235101652110284
672.8333333333334 24.02043448501157 22.235012927752642
673.3333333333334 24.021643517007774 22.234924198788832
673.8333333333334 24.022857185776797 22.234842287626133
674.3333333333334 24.024085621713695 22.23475755585524
674.8333333333334 24.025314749947686 22.23467146169704
675.3333333333334 24.02655098109861 22.23459458438676
675.8333333333334 24.02778303087412 22.234513582890344
676.3333333333334 24.029046546476188 22.23444494610505
676.8333333333334 24.0302723743186 22.234375717548982
677.3333333333334 24.031538834693325 22.234304150917083
677.8333333333334 24.032802174432582 22.234234010397994
678.3333333333334 24.0340520530279 22.234172759751303
678.8333333333334 24.03533231236019 22.23411061499659
679.3333333333334 24.036585766378458 22.23405539269011
679.8333333333334 24.037864183527464 22.233993422450546
680.3333333333334 24.03914518236369 22.23394196218955
680.8333333333334 24.04042381293014 22.23388202546575
681.3333333333334 24.041715887244855 22.233837375486726
681.8333333333334 24.043014719094245 22.233786393214523
682.3333333333334 24.044307059790935 22.23373619016819
682.8333333333334 24.04559882530735 22.233694869008144
683.3333333333334 24.046896046585413 22.23365537732277
683.8333333333334 24.048202607986852 22.233610499055803
684.3333333333334 24.049510735409093 22.23357321945125
684.8333333333334 24.050833272777066 22.233537007890007
685.3333333333334 24.052136414196458 22.233504915412453
685.8333333333334 24.05344812033038 22.233472355067114
686.3333333333334 24.054775231459907 22.233438230194057
686.8333333333334 24.0560987455706 22.23340999081451
687.3333333333334 24.05742632992339 22.233382441225807
687.8333333333334 24.058747508398397 22.233361902385084
688.3333333333334 24.06007189906515 22.233333052752677
688.8333333333334 24.06141346457413 22.23331474299302
689.3333333333334 24.0627350663187 22.23329520699727
689.8333333333334 24.06409144330624 22.233276034906638
690.3333333333334 24.0654191230329 22.23326113872104
690.8333333333334 24.066773594342557 22.233246219647576
691.3333333333334 24.0681155957432 22.233234057787676
691.8333333333334 24.069455213068387 22.233229704916386
692.3333333333334 24.07079865402123 22.233212802222525
692.8333333333334 24.072163634581326 22.233203462880113
693.3333333333334 24.07350707263378 22.23319693219434
693.8333333333334 24.074857712795257 22.233196147283813
694.3333333333334 24.07620968047581 22.233194720494907
694.8333333333334 24.077572373514716 22.233188497419025
695.3333333333334 24.078916981567918 22.2331868196602
695.8333333333334 24.080281337117285 22.233192019427293
