FastTrWP/PhaseSpace/IAs/snIa_0.59_30.00_-0.48_-0.07.csv
# %ECSV 0.9
# ---
# datatype:
# - {name: time-rel, datatype: float64}
# - {name: g, datatype: float64}
# - {name: i, datatype: float64}
# schema: astropy-2.0
time-rel g i
[from data line 286]
292.0833333333333 24.661780265069396 23.544425149978856
292.5833333333333 24.656904435429983 23.54094735956018
293.0833333333333 24.652015793555652 23.537465528541723
293.5833333333333 24.64716897755126 23.534014391424453
294.0833333333333 24.642307643005754 23.53055461399565
294.5833333333333 24.637451958442007 23.527105668395187
295.0833333333333 24.632631772644352 23.523655108747107
295.5833333333333 24.627785954480046 23.520226299287238
296.0833333333333 24.622984822686348 23.516786611105655
296.5833333333333 24.618192363268406 23.513361182537796
297.0833333333333 24.61338428565137 23.509943899353104
297.5833333333333 24.60860176790337 23.506523925332484
298.0833333333333 24.603834377425734 23.503121552663128
298.5833333333333 24.599090167650566 23.4997243046006
299.0833333333333 24.594316212802987 23.496315300219194
299.5833333333333 24.589575427895923 23.492926701366365
300.0833333333333 24.58482613137194 23.489538486730304
300.5833333333333 24.580097487920085 23.48615827984475
301.0833333333333 24.575395048843106 23.482793145482553
301.5833333333333 24.57067917567635 23.479431775866793
302.0833333333333 24.565981021570327 23.476062007340353
302.5833333333333 24.56128199586268 23.47269731014553
303.0833333333333 24.556613833411202 23.46934172884305
303.5833333333333 24.55193215815423 23.466004250528503
304.0833333333333 24.5472614227678 23.46265520885816
304.5833333333333 24.542622953852767 23.45933224560514
305.0833333333333 24.53794911604847 23.456001559196032
305.5833333333333 24.53331110039955 23.452667094867117
306.0833333333333 24.528695209906545 23.44934179676426
306.5833333333333 24.524066384829226 23.446036211045183
307.0833333333333 24.519450923116423 23.44272175057621
307.5833333333333 24.514864698939874 23.439408405514776
308.0833333333333 24.510273206017544 23.436112921247236
308.5833333333333 24.50568643605287 23.43282593900648
309.0833333333333 24.50109710363707 23.429527044499338
309.5833333333333 24.496511162211956 23.426240728373035
310.0833333333333 24.49195788538958 23.422964373999196
310.5833333333333 24.487401552274758 23.419688628672745
311.0833333333333 24.482873403934725 23.416406032582326
311.5833333333333 24.478315663868912 23.413150522335116
312.0833333333333 24.4738078722818 23.40988259937972
312.5833333333333 24.469244668369576 23.40662221976899
313.0833333333333 24.464771162951276 23.4033737734027
313.5833333333333 24.460236215054717 23.400117038590544
314.0833333333333 24.455745877040854 23.396881686351524
314.5833333333333 24.451256897861473 23.393654820357554
315.0833333333333 24.446776554906528 23.390405548979047
315.5833333333333 24.442305892313875 23.387174635704238
316.0833333333333 24.43783181174258 23.38395899564095
316.5833333333333 24.4333822970705 23.380736332474953
317.0833333333333 24.428939338457127 23.377523080546396
317.5833333333333 24.424481276999572 23.37430603292066
318.0833333333333 24.42005583760475 23.371104122600116
318.5833333333333 24.415628811846844 23.36791424482028
319.0833333333333 24.411225785544396 23.364717414606226
319.5833333333333 24.406825351892365 23.361542714421493
320.0833333333333 24.402416097628233 23.35835269975827
320.5833333333333 24.398039707662353 23.3551766261097
321.0833333333333 24.393638204323295 23.352003914005344
321.5833333333333 24.38927417114329 23.348839419487817
322.0833333333333 24.38490029829117 23.345689222798605
322.5833333333333 24.380553758836932 23.342530162799303
323.0833333333333 24.376221733084087 23.33936945831937
323.5833333333333 24.37188233380697 23.336230197545518
324.0833333333333 24.367534837420482 23.33307690271514
324.5833333333333 24.36320847344806 23.329941767677646
325.0833333333333 24.35889880867107 23.32681426351245
325.5833333333333 24.354581140523287 23.323694406972777
326.0833333333333 24.350294613610423 23.320562633029862
326.5833333333333 24.345995843514473 23.31744750443975
327.0833333333333 24.341703795646605 23.314339209356678
327.5833333333333 24.337425643354813 23.311233499033364
328.0833333333333 24.33317386469116 23.308120869388723
328.5833333333333 24.328902096948507 23.305018606911567
329.0833333333333 24.32464915028151 23.301927116610173
329.5833333333333 24.32040039765789 23.29883981353591
330.0833333333333 24.31615376129716 23.2957544276014
330.5833333333333 24.31193675943149 23.292662158382768
331.0833333333333 24.30769933484492 23.28958996558116
331.5833333333333 24.303480450679736 23.286523107611888
332.0833333333333 24.29928172503647 23.28345273809753
332.5833333333333 24.29506939367121 23.280385968993812
333.0833333333333 24.2908792230299 23.277334634915686
333.5833333333333 24.286699702474067 23.274268627007043
334.0833333333333 24.282524063550305 23.271228441527924
334.5833333333333 24.278353375529523 23.26818223279472
335.0833333333333 24.274184942873 23.265130049904958
335.5833333333333 24.27003060955039 23.262098972719848
336.0833333333333 24.265878834053083 23.25907155279953
336.5833333333333 24.26172728433371 23.2560313817389
337.0833333333333 24.25757220448048 23.253010082168434
337.5833333333333 24.25345237401952 23.249995640104952
338.0833333333333 24.249333881279398 23.246964265523292
338.5833333333333 24.245239137763118 23.243963564781662
339.0833333333333 24.24109691697113 23.24095336823809
339.5833333333333 24.237003765516455 23.237941223830937
340.0833333333333 24.232916353277165 23.234946590028017
340.5833333333333 24.22882835195579 23.23194572239121
341.0833333333333 24.224732944856726 23.228945114498394
341.5833333333333 24.22064970397843 23.22595271739095
342.0833333333333 24.216595119090716 23.22296813849801
342.5833333333333 24.21253624636021 23.219991026045037
343.0833333333333 24.208462071448583 23.217006267267163
343.5833333333333 24.20442915833594 23.2140412074812
344.0833333333333 24.200371287862588 23.21106292369052
344.5833333333333 24.19635707794017 23.2080991945965
345.0833333333333 24.19230614697314 23.205134257149524
345.5833333333333 24.188278068579425 23.202180368400988
346.0833333333333 24.184265371433074 23.199221364857184
346.5833333333333 24.18025618477707 23.196270344816977
347.0833333333333 24.176231203674444 23.193319255024335
347.5833333333333 24.17225287782334 23.19037195498491
348.0833333333333 24.168278627756496 23.18742582591348
348.5833333333333 24.164268171117982 23.184491507115386
349.0833333333333 24.160302740898732 23.181555338061983
349.5833333333333 24.156337561405348 23.178620818993593
350.0833333333333 24.152357016693514 23.175692634540617
350.5833333333333 24.14839334268912 23.172769844584195
351.0833333333333 24.144436699235587 23.169855652545387
351.5833333333333 24.140477581119136 23.166933962682116
352.0833333333333 24.13655152531171 23.16402451704098
352.5833333333333 24.132615900520342 23.161107040400893
353.0833333333333 24.12867859139393 23.158200273447214
353.5833333333333 24.124745041199773 23.155291219748317
354.0833333333333 24.12079921507673 23.152386013137722
354.5833333333333 24.116845876305263 23.149469045267026
355.0833333333333 24.112901062029582 23.146555252857624
355.5833333333333 24.108959606619074 23.143649097224564
356.0833333333333 24.104995018739995 23.14073994226652
356.5833333333333 24.10104368273973 23.137827865910346
357.0833333333333 24.09706680256911 23.134912713102864
357.5833333333333 24.093110950716227 23.131998310540503
358.0833333333333 24.08913182242834 23.12908556741769
358.5833333333333 24.085164376331836 23.126187124953898
359.0833333333333 24.08119557463199 23.123275590673863
359.5833333333333 24.07722948170466 23.1203627564005
360.0833333333333 24.073263651737232 23.11745508856021
360.5833333333333 24.069274964824867 23.114552907610687
361.0833333333333 24.065325099553018 23.111647790448234
361.58333333333326 24.0613619319818 23.108751750964302
362.0833333333333 24.057389338927912 23.1058460387285
362.5833333333333 24.053423772093005 23.102956087276336
363.08333333333326 24.049478234092234 23.100052829716322
363.5833333333333 24.045520843867642 23.097169749531883
364.0833333333333 24.041580997002864 23.09427814515566
364.58333333333326 24.037641323266214 23.091382823729987
365.0833333333333 24.03369895197536 23.088505380679116
365.5833333333333 24.029761747093154 23.085627592623396
366.08333333333326 24.02585125535233 23.082758544133355
366.5833333333333 24.02192985251231 23.079877806510805
367.0833333333333 24.018036750839112 23.077011817513217
367.58333333333326 24.014135802217886 23.074153342641157
368.0833333333333 24.010229193773107 23.0712912198506
368.5833333333333 24.006352532049327 23.068446911728117
369.08333333333326 24.00248435314786 23.06560061392766
369.5833333333333 23.99862192340273 23.062749384781014
370.0833333333333 23.994771232400165 23.059912536337343
370.58333333333326 23.99091873053721 23.05706599822603
371.0833333333333 23.987104616030386 23.05424102275009
371.5833333333333 23.983285065073204 23.051427470873463
372.08333333333326 23.97948314206781 23.048608842857035
372.5833333333333 23.975687241197846 23.045788356918404
373.0833333333333 23.971900870132416 23.042992085519266
373.58333333333326 23.968124823374552 23.04019262955032
374.0833333333333 23.96438514528708 23.03740222569243
374.5833333333333 23.96064287845016 23.0346178037968
375.08333333333326 23.95692190950562 23.031839222635973
375.5833333333333 23.953209072240963 23.02906494511115
376.0833333333333 23.949507300240125 23.026300314613085
376.58333333333326 23.94581489311937 23.023542297685545
377.0833333333333 23.94215474482447 23.020791544282755
377.5833333333333 23.938507131982373 23.018048651759546
378.08333333333326 23.93487935056899 23.015312095894323
378.5833333333333 23.931246509468874 23.01258457548695
379.0833333333333 23.92765389672408 23.009866765254753
379.58333333333326 23.924064626922092 23.007166696330298
380.0833333333333 23.9204911871588 23.004455201494917
380.5833333333333 23.91696601958754 23.00176347404365
381.08333333333326 23.91341605319457 22.999070645278227
381.5833333333333 23.909899381774522 22.99639579178431
382.0833333333333 23.906426479749804 22.993729813703037
382.58333333333326 23.90294483869922 22.99106154648065
383.0833333333333 23.899491182904775 22.98841419329104
383.5833333333333 23.896048497449694 22.9857657593903
384.08333333333326 23.892633757853318 22.983137028859872
384.5833333333333 23.889237622122298 22.980513106894417
385.0833333333333 23.885867324015877 22.977900384089924
385.58333333333326 23.882519449462194 22.975300660100086
386.0833333333333 23.87918032382383 22.972706917805702
386.5833333333333 23.87586865157719 22.97011990056403
387.08333333333326 23.872590171864214 22.967543511661766
387.5833333333333 23.869300640421006 22.96497798770468
388.0833333333333 23.866067224527328 22.962432636512432
388.58333333333326 23.86285157075505 22.959874011238824
389.0833333333333 23.859646701873345 22.95735014815881
389.5833333333333 23.856458501115775 22.95482529916034
390.08333333333326 23.853310692906135 22.95230533664826
390.5833333333333 23.850167196716612 22.94981149955386
391.0833333333333 23.84707738616918 22.947309484396467
391.58333333333326 23.84399270956336 22.944826029580838
392.0833333333333 23.840901134086355 22.942357132399387
392.5833333333333 23.837829598080372 22.939880287006122
393.08333333333326 23.83476569728169 22.937410579535022
393.5833333333333 23.831705774484703 22.934952126712055
394.0833333333333 23.828656753152803 22.93249962367495
394.58333333333326 23.82561893824152 22.930035784597177
395.0833333333333 23.822588046491354 22.92759580302519
395.5833333333333 23.81957203350053 22.925148611580155
396.08333333333326 23.81656226087067 22.922713730663563
396.5833333333333 23.813563763499246 22.920280225940356
397.0833333333333 23.810554958863843 22.91784944882692
397.58333333333326 23.807577798966534 22.915422575758654
398.0833333333333 23.804611999966827 22.91299903143901
398.5833333333333 23.8016475696676 22.910593240739647
399.08333333333326 23.79868706357902 22.90818823836398
399.5833333333333 23.79574451678884 22.90578028364677
400.0833333333333 23.792816884894 22.903385848149142
400.58333333333326 23.78989232584718 22.900991391026718
401.0833333333333 23.786969716907546 22.898619068902974
401.5833333333333 23.78407879170509 22.89623162787475
402.08333333333326 23.781183446629708 22.89386155189256
402.5833333333333 23.778296155491567 22.891492148196164
403.0833333333333 23.775439208989077 22.889131585962545
403.58333333333326 23.772577243485777 22.88677102464449
404.0833333333333 23.769729359222467 22.884414604492633
404.5833333333333 23.7669055240737 22.88207605467553
405.08333333333326 23.76408338838815 22.879738391415742
405.5833333333333 23.761277464536494 22.877402247000937
406.0833333333333 23.758477803255506 22.875080661322812
406.58333333333326 23.755691281958562 22.872756363222972
407.0833333333333 23.752908954484845 22.870447664647156
407.5833333333333 23.75015852122395 22.86813785779944
408.08333333333326 23.747413263852568 22.865840591003874
408.5833333333333 23.74466550151088 22.863539628997295
409.0833333333333 23.74194727104641 22.861263172276907
409.58333333333326 23.73923557604829 22.858972277843176
410.0833333333333 23.736527024030558 22.856706804781624
410.5833333333333 23.73385548248166 22.854437861765874
411.08333333333326 23.731184237780177 22.852176390028156
411.5833333333333 23.728532144797242 22.849917864935026
412.0833333333333 23.725884197063426 22.847667750059934
412.58333333333326 23.72324944648045 22.845441114977376
413.0833333333333 23.72064332169873 22.843202907239334
413.5833333333333 23.71803065792434 22.84096590580952
414.08333333333326 23.71544485410667 22.83874950767668
414.5833333333333 23.712876189375493 22.836547507455705
415.0833333333333 23.71030828106396 22.834326984236736
415.58333333333326 23.707780151136397 22.832133027520204
416.0833333333333 23.70525213790721 22.829946042099213
416.5833333333333 23.702733582804424 22.827764564381923
417.08333333333326 23.700232473109036 22.825585009850702
417.5833333333333 23.69774113368292 22.823416645548647
418.0833333333333 23.695269406879625 22.821247888694423
418.58333333333326 23.69281011800771 22.81909451248858
419.0833333333333 23.69037168628408 22.816952518539694
419.5833333333333 23.687948570556983 22.814808605060513
420.08333333333326 23.685523114160066 22.812680085673435
420.5833333333333 23.68314708085183 22.81054642973574
421.0833333333333 23.6807576054185 22.80843996573431
421.58333333333326 23.6783964480955 22.8063286935706
422.0833333333333 23.67604814246139 22.804225898010095
422.5833333333333 23.673700626758315 22.802137497899132
423.08333333333326 23.671401012314796 22.800049576207254
423.5833333333333 23.669094093245956 22.797973238798175
424.0833333333333 23.666806846070084 22.795898674157478
424.58333333333326 23.66454102484997 22.793832096592194
425.0833333333333 23.662300331019075 22.79177851172836
425.5833333333333 23.66005536695242 22.789741628593973
426.08333333333326 23.657838555533036 22.787701120102444
426.5833333333333 23.655630496961095 22.785664008919664
427.0833333333333 23.653438422139054 22.783637876811866
427.58333333333326 23.651271015644685 22.781635826699095
428.0833333333333 23.64911980626298 22.77962174036624
428.5833333333333 23.646993277657753 22.777631821661082
429.08333333333326 23.644876860548397 22.775639131681082
429.5833333333333 23.642769036617647 22.77365880895685
430.0833333333333 23.640683002081673 22.771684019378355
430.58333333333326 23.638599296307362 22.769718160171657
431.0833333333333 23.636544694894805 22.767749232902
431.5833333333333 23.634492124764645 22.76579475014991
432.08333333333326 23.632434037441662 22.763851611502908
432.5833333333333 23.630414700248622 22.761897965386737
433.0833333333333 23.62838940825554 22.759967231708963
433.58333333333326 23.626392835566406 22.75803393738059
434.0833333333333 23.624395548616654 22.75610788525805
434.5833333333333 23.622410191232227 22.754192679184328
435.08333333333326 23.62042952401735 22.752274603705107
435.5833333333333 23.61846504032519 22.75037178720963
