FastTrWP/PhaseSpace/IAs/snIa_0.61_30.00_3.31_0.07.csv
# %ECSV 0.9
# ---
# datatype:
# - {name: time-rel, datatype: float64}
# - {name: g, datatype: float64}
# - {name: i, datatype: float64}
# schema: astropy-2.0
time-rel g i
[from data line 1065]
-13.5 23.850048563146295 22.20454196983354
-13.0 23.849938793686555 22.20463534970643
-12.5 23.849838447013376 22.204736903889287
-12.0 23.849763074223993 22.204840661564216
-11.5 23.84966840067594 22.20494406204319
-11.0 23.849600060847152 22.20505228044471
-10.5 23.849511211003925 22.205158942208616
-10.0 23.849433247897444 22.205273861034783
-9.5 23.849353591212097 22.205379950345478
-9.0 23.84928619142141 22.205494975227097
-8.5 23.849214684592447 22.20561334742163
-8.0 23.849162127402465 22.205727516473303
-7.5 23.84909848807809 22.205845462740626
-7.0 23.84903493978825 22.20597127567234
-6.5 23.848986167236163 22.206083540614735
-6.0 23.848938904477585 22.206201564085415
-5.5 23.84890440037378 22.20632547987958
-5.0 23.848850575911147 22.20644783316285
-4.5 23.848827095663502 22.2065757494532
-4.0 23.848786246953615 22.20669615273858
-3.5 23.848754528648037 22.20682411813665
-3.0 23.84871948271112 22.206946651552887
-2.5 23.848708975812848 22.207070862037448
-2.0 23.84868448857769 22.20720362740157
-1.5 23.84865956648747 22.207326493970704
-1.0 23.8486648196583 22.20744642969342
-0.5 23.848654006010243 22.207577583140704
0.0 23.848635753238558 22.207698814241226
0.5 23.848643220412697 22.207825073356346
1.0 23.848646394089208 22.207952628212624
1.5 23.848644921275664 22.208079630051362
2.0 23.848650328285686 22.208203483320396
2.5 23.8486713198442 22.20832245092511
3.0 23.848692618670377 22.208446831947487
3.5 23.84869943284826 22.208568717966486
4.0 23.848739635934955 22.208690020528724
4.5 23.848766221129093 22.208810922681423
5.0 23.848786353453896 22.20892003677828
5.5 23.84881354935199 22.209040928717926
6.0 23.848854639943227 22.209159282358492
6.5 23.84889770030595 22.209278047689306
7.0 23.84894027723988 22.209387381552588
7.5 23.84898856217817 22.209493708220688
8.0 23.849027934214988 22.20960941969261
8.5 23.849093718802543 22.20971825052156
9.0 23.84914625578098 22.209816896848395
9.5 23.84919809561751 22.209924163873012
10.0 23.849265760590868 22.21002280954481
10.5 23.849334637371232 22.210122516700515
11.0 23.8493957991042 22.21022089863089
11.5 23.84947576447237 22.210313599706435
12.0 23.84954573357779 22.21040830024298
12.5 23.849621479015212 22.21049362522932
13.0 23.849705940769994 22.210580222400495
13.5 23.849790940466804 22.210665393810753
14.0 23.849892823396765 22.210750525730703
14.5 23.849980780801626 22.210833830418157
15.0 23.850082755481093 22.21091437570337
15.5 23.85016975804957 22.210995051141772
16.0 23.8502804718418 22.2110825963783
16.5 23.850388765212283 22.211165839513363
17.0 23.850493766758607 22.211248289201066
17.5 23.850615669004366 22.21133089307106
18.0 23.850720009593044 22.211411404785252
18.5 23.850848088100356 22.211494596670327
19.0 23.850956467618044 22.21157456465036
19.5 23.851098400130176 22.21166017761171
20.0 23.851225675142025 22.211740171654533
20.5 23.85135639591646 22.211823943216814
21.0 23.851487039510808 22.211902449844647
21.5 23.85163406938302 22.211978215570063
22.0 23.85177465411512 22.212062952509104
22.5 23.8519094378293 22.21213680840114
23.0 23.852065329490408 22.212221130374008
23.5 23.852222827275163 22.212298282238912
24.0 23.852375200047046 22.21237924614406
24.5 23.85253611631974 22.212447889459742
25.0 23.852695501682785 22.212536996588227
25.5 23.852873931123504 22.21261197813899
26.0 23.85303685968671 22.212689295267495
26.5 23.85320646640823 22.21276192872008
27.0 23.85339036568874 22.212841730738155
27.5 23.85358163379422 22.21292189451919
28.0 23.853749479534226 22.212999195152573
28.5 23.853941828665825 22.213070681345886
29.0 23.854139560490143 22.213149530387174
29.5 23.854321114468263 22.21322396195
30.0 23.854524703939045 22.213296667361412
30.5 23.854728212710903 22.213368678336316
31.0 23.85494245984748 22.213450020757577
31.5 23.85515541127676 22.213523651193814
32.0 23.85537374731082 22.213599593595518
32.5 23.855573264658894 22.21366138967116
33.0 23.85579348788923 22.213741310537024
33.5 23.856024069872454 22.21380874285982
34.0 23.856253493913847 22.21388625886602
34.5 23.856498287396985 22.21395697004815
35.0 23.85672565879061 22.21402950734585
35.5 23.856982191718128 22.21409646785874
36.0 23.857218880338642 22.214170952820737
36.5 23.85745530661978 22.214241421628607
37.0 23.85771578685185 22.214306700180074
37.5 23.857968106036612 22.21437921916295
38.0 23.85821458266269 22.214448275151668
38.5 23.85848169055282 22.214518868726852
39.0 23.85875323950981 22.214587133085395
39.5 23.859019194309724 22.214657315703068
40.0 23.85929481582201 22.21472001108485
40.5 23.85957260921444 22.21478579542079
41.0 23.859856060164056 22.21485489262539
41.5 23.860152637241868 22.214922323941806
42.0 23.860431139171663 22.214992585227442
42.5 23.860730385548415 22.215054216610607
43.0 23.861032914817905 22.215118295368455
43.5 23.861338139171057 22.215184382173078
44.0 23.861638280701097 22.215253465022325
44.5 23.861960077736903 22.215313514873337
45.0 23.86226446204304 22.215372156757176
45.5 23.862586718140907 22.2154337081464
46.0 23.862908437520836 22.215502180195923
46.5 23.863224047888977 22.215557356152967
47.0 23.86356869454261 22.21562786248493
47.5 23.863906535602304 22.21568459210588
48.0 23.864238745969466 22.215746620320864
48.5 23.864594936923286 22.215806815993485
49.0 23.864933036707313 22.215863471943635
49.5 23.86527460142693 22.21592269177208
50.0 23.86564765757857 22.21598426306518
50.5 23.865998922451634 22.2160404093191
51.0 23.86636030501721 22.216101500159606
51.5 23.8667462066601 22.216158605885518
52.0 23.867101236027118 22.216215950854558
52.5 23.867469415120567 22.21627057854362
53.0 23.867859591752534 22.21633203177575
53.5 23.86825054173199 22.21638378629695
54.0 23.868633489345296 22.216439436073557
54.5 23.869026987697058 22.216494632859636
55.0 23.869412331040508 22.216553265178266
55.5 23.86983154429928 22.216602540982894
56.0 23.87023118885613 22.21665926059024
56.5 23.870632703087256 22.216715736895853
57.0 23.871054061278866 22.216763817215085
57.5 23.871464763789376 22.216814775805396
58.0 23.87188542202123 22.216873824610687
58.5 23.87231185303429 22.216918058548217
59.0 23.87272313290323 22.21697373540748
59.5 23.8731774030915 22.217033127118473
60.0 23.873604061702526 22.217076941245253
60.5 23.874052866532317 22.21712314271898
61.0 23.874478404182216 22.217172875019706
61.5 23.87493533268237 22.217225859734626
62.0 23.87538144528324 22.217278335031878
62.5 23.875848068743373 22.217329529337615
63.0 23.876286953297807 22.217376728515212
63.5 23.876780142263936 22.217421858868583
64.0 23.8772364907719 22.217460820960312
64.5 23.87769543396516 22.217511379618472
65.0 23.878183184484175 22.217568130304702
65.5 23.878667883916044 22.217608113296443
66.0 23.879143525564913 22.21766022489303
66.5 23.879642294878845 22.217701436482976
67.0 23.880140633791413 22.21774672749025
67.5 23.88061918235732 22.21779297168311
68.0 23.881130981908797 22.21783522929064
68.5 23.881623942219754 22.21788140174876
69.0 23.88214052128594 22.217923946591256
69.5 23.8826513453703 22.217963977860443
70.0 23.883174871818348 22.218009577065235
70.5 23.88369099461169 22.218052062030726
71.0 23.8842327999853 22.21810286505757
71.5 23.884751903308604 22.218134516961356
72.0 23.885303309508753 22.21817972155555
72.5 23.88583221398062 22.218213827532473
73.0 23.886369787132548 22.218263752245434
73.5 23.886916490773196 22.21829696296124
74.0 23.887475689708005 22.21834204839892
74.5 23.888007779621745 22.21837715574204
75.0 23.888583055416138 22.218416304065947
75.5 23.889145819811826 22.218454318018928
76.0 23.889716143444662 22.21849418992196
76.5 23.890294235924266 22.2185294943161
77.0 23.890874732735522 22.2185671629536
77.5 23.891453467527356 22.21860740145473
78.0 23.892041245171512 22.21864053930728
78.5 23.892645719652577 22.218682162565045
79.0 23.893218641981704 22.218709292868056
79.5 23.893818113567296 22.218745160017793
80.0 23.894442733005285 22.21879044018797
80.5 23.895034660630266 22.21881647530673
81.0 23.895637986940898 22.21885131038551
81.5 23.896260937571803 22.21888026100779
82.0 23.896899220054646 22.218915304793406
82.5 23.897523284617883 22.21894470217488
83.0 23.89813775589883 22.218981835160104
83.5 23.89878629845456 22.219016692870444
84.0 23.89943584835621 22.219047766225025
84.5 23.90006644808592 22.219078783216627
85.0 23.900717470279965 22.21910886475269
85.5 23.901375468511404 22.219131594185416
86.0 23.90203513292839 22.21915696841284
86.5 23.902696741399225 22.219188745486775
87.0 23.90334724245787 22.219218197444164
87.5 23.904043230315203 22.219253755356863
88.0 23.904700597488805 22.21927542690697
88.5 23.90538693803212 22.219300776280313
89.0 23.906073792464557 22.219329509000055
89.5 23.906767600858423 22.219354698653227
90.0 23.90746539943736 22.219386220140088
90.5 23.90816062571522 22.219405245636395
91.0 23.908876432511235 22.21943065678087
91.5 23.909583027644715 22.219453323070148
92.0 23.910298411384503 22.219477308041903
92.5 23.91104654644957 22.219490983997776
93.0 23.911771139822477 22.219513505937027
93.5 23.912511184020456 22.219534157193934
94.0 23.913269810526245 22.21954969707752
94.5 23.9140208146221 22.21957332996756
95.0 23.91480265912787 22.219586216429775
95.5 23.91557664332868 22.219604769397094
96.0 23.916340839836828 22.219613791888637
96.5 23.917115342727136 22.21962960091343
97.0 23.91791471333041 22.2196444173855
97.5 23.91870451757006 22.219650126975928
98.0 23.919506696959857 22.219664056367776
98.5 23.920314311323715 22.219675607642042
99.0 23.921139571222202 22.219678771044947
99.5 23.921963587441674 22.219688797448022
100.0 23.922772615956628 22.21969893640066
100.5 23.92361565202212 22.21970917562068
101.0 23.924444695393667 22.219720495260923
101.5 23.925289256832983 22.219722611192946
102.0 23.926129683231416 22.219724177898694
102.5 23.926981630244498 22.219735313912942
103.0 23.927846914263583 22.219739694645348
103.5 23.92870395231142 22.219739779601216
104.0 23.929570450491177 22.219747657462406
104.5 23.930447986319848 22.219753151297645
105.0 23.931321686667854 22.21975487885775
105.5 23.932199420505217 22.219757211770208
106.0 23.933097305371188 22.2197687272828
106.5 23.933983427679294 22.219761574319882
107.0 23.93486587033187 22.219768795007884
107.5 23.935754909189725 22.21976759733485
108.0 23.936678584392084 22.21977209384605
108.5 23.93758194160013 22.21977277967103
109.0 23.93847954004937 22.21977086859247
109.5 23.939394073163545 22.219768831845844
110.0 23.940316564052647 22.219777816320125
110.5 23.94124159234725 22.219775688289452
111.0 23.94215806735403 22.21977500905238
111.5 23.94308701352839 22.21977528363179
112.0 23.944031189827015 22.219780665961135
112.5 23.944957291358286 22.219776209777564
113.0 23.945886724588004 22.219782265471583
113.5 23.946831090335575 22.219786317879958
114.0 23.947769159005453 22.219788293214204
114.5 23.948716907339133 22.219787254865007
115.0 23.94965680194874 22.219793706389975
115.5 23.950614564501272 22.219795092069727
116.0 23.951552269492158 22.219798288822407
116.5 23.952514832172163 22.21980456141307
117.0 23.953461608801383 22.219805677006544
117.5 23.954411203968327 22.21981197065011
118.0 23.955373812224167 22.219812618377276
118.5 23.95633175732039 22.21982169469737
119.0 23.957299704048868 22.21981923094711
119.5 23.958253573290666 22.219824997852257
120.0 23.959227174005324 22.219839413261127
120.5 23.960178902567357 22.21984048162539
121.0 23.961155102720603 22.219846866552288
121.5 23.962120304571847 22.21985458675046
122.0 23.963082701440655 22.219871488879292
122.5 23.964057568397976 22.21986962717153
123.0 23.965030673595564 22.219882083828026
123.5 23.96599441632235 22.219891542055265
124.0 23.966964416751328 22.219904818621398
124.5 23.967932379645326 22.219918566485468
125.0 23.96890677423707 22.21992129704827
125.5 23.969868952776785 22.219941770166677
126.0 23.970841017760844 22.219952717175133
126.5 23.97181011285785 22.219972227191548
127.0 23.972787989534137 22.219986633033013
127.5 23.97375949845616 22.220003742234393
128.0 23.9747222907436 22.220022678070393
128.5 23.975696412679284 22.220040589348628
129.0 23.97665201612709 22.22005903742975
129.5 23.977615859779313 22.220085246928342
130.0 23.97859166830239 22.22010154901564
130.5 23.979549644899663 22.22012273122042
131.0 23.9805550584085 22.22014006934062
131.5 23.981531116658733 22.220157614319547
132.0 23.982521061492253 22.220183679203352
132.5 23.983519990510036 22.220200977526815
133.0 23.98449943414382 22.220222899381117
133.5 23.98550587487516 22.22023525592741
134.0 23.986519653998215 22.220261228991298
134.5 23.987517391322267 22.22027465560556
135.0 23.988538375755006 22.22029333393944
135.5 23.989549705060753 22.22031246701207
136.0 23.990571556791327 22.220334041868384
136.5 23.991573119856632 22.220353642093254
137.0 23.99260613892077 22.220372952612575
137.5 23.993638335655994 22.220396282511704
138.0 23.99467533067788 22.220410591107985
138.5 23.99570515893518 22.220434856254432
139.0 23.996736607280482 22.220455752881314
139.5 23.997785028661177 22.22047173618546
140.0 23.998816953226534 22.22049717214137
140.5 23.999853678717326 22.22051431356703
141.0 24.000915032016362 22.22054074661004
141.5 24.00194998169276 22.220561545504104
142.0 24.003017660561735 22.220583466606982
142.5 24.004069826548005 22.220599395357837
143.0 24.005123246480263 22.220628634777896
143.5 24.006192144426496 22.220653040972206
144.0 24.00722918240774 22.220665632095393
144.5 24.008305539027454 22.220693371439914
145.0 24.00937309544706 22.22071572890905
145.5 24.01042852468672 22.220739340799284
146.0 24.01149523262902 22.22076578175002
146.5 24.01257163418802 22.220789414932064
147.0 24.01364615716346 22.22081860256345
147.5 24.014717464961322 22.220847925906533
148.0 24.01578766135661 22.220869334723886
148.5 24.016860014827166 22.220896374543464
149.0 24.01794900050482 22.220926446968132
149.5 24.019009161685133 22.22095636141465
150.0 24.02011217096314 22.220983476741377
150.5 24.021166684468874 22.221015428700536
151.0 24.022256349392038 22.221040882607962
151.5 24.023332637662023 22.221071548621715
152.0 24.024398865895208 22.22110748669784
152.5 24.02549165896496 22.221139786643572
153.0 24.026581777990156 22.221170891063466
153.5 24.02766607384114 22.221205151122557
154.0 24.028728467191254 22.22124097222158
154.5 24.029813548178 22.221272788197787
155.0 24.030901048759112 22.221307130568633
155.5 24.031989671287043 22.221350303066135
156.0 24.033050175809052 22.221388633724303
156.5 24.03414105575948 22.2214253372184
157.0 24.03521180453628 22.22146656964688
157.5 24.03630179817069 22.22149864414359
158.0 24.037383664799748 22.221545779629736
158.5 24.038457720663256 22.221588637160355
159.0 24.039545747187514 22.221628017892794
159.5 24.04060914123042 22.221678476184437
160.0 24.0416912649558 22.22171825670738
160.5 24.04277580719159 22.221762474573858
161.0 24.043828728511116 22.22181695872182
161.5 24.04492489194809 22.22186085065484
162.0 24.045983230345396 22.22191177840311
162.5 24.047058111181663 22.221964679607524
163.0 24.048114785947476 22.222014619622506
163.5 24.04917279522695 22.222063630956647
164.0 24.050245521493288 22.222119262483595
164.5 24.051316810766878 22.22217353490145
165.0 24.052392382232576 22.222228763592938
165.5 24.053430690205403 22.222291926129035
166.0 24.05449014072685 22.22234570144961
166.5 24.055549653420762 22.222402805108608
167.0 24.05659969956694 22.222471050148425
167.5 24.057644908310284 22.222532042554374
168.0 24.058695549764728 22.222593765777553
168.5 24.059746528876296 22.222658332580217
169.0 24.060786415665987 22.222723453343356
169.5 24.061847492261027 22.222786579085998
170.0 24.062893119946374 22.22285737735476
170.5 24.063938780131515 22.22292662879098
171.0 24.064975239045022 22.222992437292596
171.5 24.066026228521764 22.22306377709877
172.0 24.067069704987198 22.22313469866766
172.5 24.068114453957563 22.223204728274034
173.0 24.069165255072313 22.22327671512084
173.5 24.07023136017817 22.223354058862267
