FastTrWP/PhaseSpace/IAs/snIa_0.62_30.00_-0.57_-0.13.csv
# %ECSV 0.9
# ---
# datatype:
# - {name: time-rel, datatype: float64}
# - {name: g, datatype: float64}
# - {name: i, datatype: float64}
# schema: astropy-2.0
time-rel g i
[from data line 286]
271.0833333333333 24.58574910263377 23.645650558426603
271.5833333333333 24.581142753567086 23.64202089909618
272.0833333333333 24.576528540890614 23.63838613584937
272.5833333333333 24.571959355258134 23.634757217610577
273.0833333333333 24.56736534935464 23.6311259981896
273.5833333333333 24.56280541934065 23.627512338930625
274.0833333333333 24.558237188975184 23.62389800868816
274.5833333333333 24.55370270756779 23.62029605954428
275.0833333333333 24.54916961209277 23.616704244839404
275.5833333333333 24.54462589381382 23.61310913990397
276.0833333333333 24.54013212604934 23.60952679636714
276.5833333333333 24.535617333763927 23.605955855225762
277.0833333333333 24.53113217303871 23.602384238184296
277.5833333333333 24.526634298451345 23.598824095846798
278.0833333333333 24.522162969876167 23.595272352448582
278.5833333333333 24.517692976078273 23.591724847560602
279.0833333333333 24.513263163137424 23.588176872938146
279.5833333333333 24.50881140346396 23.58464249094329
280.0833333333333 24.50437433577725 23.581117057842086
280.5833333333333 24.499952974753754 23.57760295392856
281.0833333333333 24.495537060834174 23.574080640285654
281.5833333333333 24.491139781677344 23.570575307196627
282.0833333333333 24.486728025205764 23.56707995147254
282.5833333333333 24.482352713863627 23.5635671886727
283.0833333333333 24.47798520415241 23.56008905452745
283.5833333333333 24.473603668875256 23.556614661194978
284.0833333333333 24.46926045259562 23.55312512210796
284.5833333333333 24.464904080349477 23.54965443692307
285.0833333333333 24.460559439319383 23.54619571382074
285.5833333333333 24.456237418381622 23.54272815112228
286.0833333333333 24.451931007283918 23.539286314225976
286.5833333333333 24.447609266028742 23.535832113085142
287.0833333333333 24.443303709360933 23.532385606824292
287.5833333333333 24.439016144629704 23.528957004773186
288.0833333333333 24.4347302513335 23.525521292878963
288.5833333333333 24.430461150583312 23.52210383078825
289.0833333333333 24.426187091970327 23.518692664642927
289.5833333333333 24.421932955070943 23.515278146143025
290.0833333333333 24.41767286982602 23.51186961126728
290.5833333333333 24.413422544074397 23.508472686907016
291.0833333333333 24.409200849932013 23.505067310803398
291.5833333333333 24.404974802704324 23.501683310656787
292.0833333333333 24.40076749323993 23.498299276396402
292.5833333333333 24.396557278402817 23.49492905494557
293.0833333333333 24.39234361230357 23.49155749708723
293.5833333333333 24.388152347307074 23.488184210712795
294.0833333333333 24.38396129304366 23.484821883636574
294.5833333333333 24.379796870400583 23.48144965733255
295.0833333333333 24.375630789744143 23.47809939098932
295.5833333333333 24.37145445416978 23.474766021627712
296.0833333333333 24.36731954302223 23.471408747179954
296.5833333333333 24.363171103839086 23.468078602651772
297.0833333333333 24.35901837117826 23.46474952900212
297.5833333333333 24.354899926588956 23.461421881890203
298.0833333333333 24.350784906534425 23.458094202041735
298.5833333333333 24.34666117130309 23.45477913663864
299.0833333333333 24.34255950938774 23.451462012986376
299.5833333333333 24.338453696688894 23.44815989529758
300.0833333333333 24.33434329797942 23.444858409235326
300.5833333333333 24.330286163301004 23.441567969881667
301.0833333333333 24.326204367102648 23.438269110749804
301.5833333333333 24.32213692090745 23.434978780939133
302.0833333333333 24.318057038310585 23.43169236382815
302.5833333333333 24.314003337029668 23.428422170700408
303.0833333333333 24.309951655688288 23.42514145389771
303.5833333333333 24.305902213811606 23.421871361894652
304.0833333333333 24.301860450954557 23.41860497466596
304.5833333333333 24.297839897280817 23.41534673674902
305.0833333333333 24.293832579651124 23.412089045645086
305.5833333333333 24.289798951915923 23.408849788229436
306.0833333333333 24.2857888536474 23.405592322250474
306.5833333333333 24.281796045679627 23.402343812719536
307.0833333333333 24.27780008803627 23.399110809569166
307.5833333333333 24.273809601404214 23.395875390300652
308.0833333333333 24.26982823701983 23.392645013392872
308.5833333333333 24.265856581024124 23.38941504516493
309.0833333333333 24.261885187738777 23.38620092095732
309.5833333333333 24.25791592593953 23.382984490178508
310.0833333333333 24.253974010177664 23.379779184783473
310.5833333333333 24.250023128990996 23.376569578119316
311.0833333333333 24.246092493934622 23.373374228710038
311.5833333333333 24.242149996648855 23.370176546697046
312.0833333333333 24.238240606250336 23.36699400131783
312.5833333333333 24.23431855596941 23.36380744279593
313.0833333333333 24.230419165799727 23.36062215367938
313.5833333333333 24.226511763920048 23.3574574543498
314.0833333333333 24.22261344593489 23.35428804179523
314.5833333333333 24.218729223110863 23.3511319648927
315.0833333333333 24.21483699689996 23.347964233747142
315.5833333333333 24.21098328373172 23.344809942837994
316.0833333333333 24.20710243982665 23.341667118753747
316.5833333333333 24.203263506382907 23.338514319127274
317.0833333333333 24.199406036719555 23.335374394360997
317.5833333333333 24.19556439296539 23.33223929730903
318.0833333333333 24.191722012482145 23.32911136121936
318.5833333333333 24.187878746538903 23.325992685233274
319.0833333333333 24.18405823834278 23.322860564751537
319.5833333333333 24.18024749449571 23.319745915207378
320.0833333333333 24.1764277412786 23.316634742797117
320.5833333333333 24.172623289331007 23.31352852540644
321.0833333333333 24.16883266099199 23.310412022706856
321.5833333333333 24.165030783207783 23.307320977140023
322.0833333333333 24.161250371681117 23.304228118635187
322.5833333333333 24.15745387451394 23.3011390688575
323.0833333333333 24.153700470129785 23.29804803039157
323.5833333333333 24.149939586082443 23.294968377830347
324.0833333333333 24.146173003747307 23.291898702672896
324.5833333333333 24.142413847224688 23.288819051202914
325.0833333333333 24.13866574293474 23.28574273588375
325.5833333333333 24.13493128277167 23.282683579608367
326.0833333333333 24.13119357720681 23.279620485633167
326.5833333333333 24.127475905769003 23.276562290383186
327.0833333333333 24.123740472466597 23.27351035999699
327.5833333333333 24.120022238804097 23.270466816767488
328.0833333333333 24.11630998059115 23.267423513501512
328.5833333333333 24.112603955426906 23.264387467960745
329.0833333333333 24.108918615108653 23.261336626786115
329.5833333333333 24.105223371140774 23.258308840162854
330.0833333333333 24.101527566395433 23.255284673406877
330.5833333333333 24.097846186497705 23.252268804689198
331.0833333333333 24.094187904546168 23.24923985372142
331.5833333333333 24.09051346901701 23.246224991375684
332.0833333333333 24.086837633577666 23.24321689357972
332.5833333333333 24.08318589628706 23.240208577278153
333.0833333333333 24.079514071526212 23.23720050381303
333.5833333333333 24.07589400908352 23.234198218004735
334.0833333333333 24.072248942492912 23.23119953006867
334.5833333333333 24.068631783528886 23.228203652102945
335.0833333333333 24.064978297609976 23.225219028051733
335.5833333333333 24.061381931735667 23.22222660015603
336.0833333333333 24.057756276303607 23.21925372710531
336.5833333333333 24.0541595347154 23.21626347319027
337.0833333333333 24.05053102137197 23.213286367690813
337.5833333333333 24.0469406066074 23.210314957528926
338.0833333333333 24.043340151507252 23.207350890381903
338.5833333333333 24.039748463883956 23.204396521415106
339.0833333333333 24.036158758658594 23.2014361988776
339.5833333333333 24.032586401663494 23.198462302557186
340.0833333333333 24.029028849670656 23.195518464647314
340.5833333333333 24.025444343253987 23.1925657354943
341.0833333333333 24.021877870935036 23.189614288551322
341.5833333333333 24.018327013086846 23.186681209300126
342.0833333333333 24.014764938241942 23.183735354419394
342.5833333333333 24.011214924363333 23.180799464742627
343.0833333333333 24.007678830607475 23.17786148677893
343.5833333333333 24.004158496808138 23.174933014670593
344.0833333333333 24.000617688233014 23.172005931321273
344.5833333333333 23.997096074446397 23.16908429126355
345.0833333333333 23.99356750057969 23.166165510693663
345.5833333333333 23.99004628019744 23.163243806711513
346.0833333333333 23.986542945127688 23.16033471797164
346.5833333333333 23.98305041872936 23.15742720183985
347.0833333333333 23.979537513492936 23.154511574536535
347.5833333333333 23.976025502789035 23.15160649153512
348.0833333333333 23.972502275925336 23.148698442215544
348.5833333333333 23.9689857095105 23.145783763448
349.0833333333333 23.96545701552352 23.142865493316535
349.5833333333333 23.961941641949647 23.13995083480823
350.0833333333333 23.958410445704704 23.13703323180014
350.5833333333333 23.954860964408766 23.13411691158641
351.0833333333333 23.951343860495825 23.13120412010062
351.5833333333333 23.94780041590886 23.128296146814233
352.0833333333333 23.94426017313281 23.125377967383276
352.5833333333333 23.940713983940526 23.122462515507493
353.0833333333333 23.93717572431069 23.11956060470323
353.5833333333333 23.93363859829694 23.116647957460444
354.0833333333333 23.9301087311241 23.113738599232498
354.5833333333333 23.926562892732672 23.110832530810992
355.0833333333333 23.92302590492743 23.107927570440758
355.5833333333333 23.919496574464183 23.105020772035036
356.0833333333333 23.915958793484336 23.102121546424645
356.5833333333333 23.91243251963379 23.09922317357916
357.0833333333333 23.908918020197326 23.096327080729942
357.5833333333333 23.905372892774498 23.093432376501994
358.0833333333333 23.901870812583613 23.090545420464814
358.5833333333333 23.89833613515624 23.087656491641724
359.0833333333333 23.894842749350637 23.084776933046832
359.5833333333333 23.89132457363459 23.081891295108534
360.0833333333333 23.887826930176548 23.079018460732566
360.5833333333333 23.884340984400914 23.076142885168267
361.0833333333333 23.8808661379521 23.07327190835135
361.5833333333333 23.87737678331749 23.070408036126246
362.08333333333326 23.87391295794959 23.067545957208363
362.5833333333333 23.870442072772782 23.06469313964144
363.0833333333333 23.86699799900663 23.0618479087922
363.58333333333326 23.86354303468634 23.058993862352786
364.0833333333333 23.860109120586802 23.05615354391502
364.5833333333333 23.85667425282906 23.053313527642707
365.08333333333326 23.853262464259018 23.050482279042637
365.5833333333333 23.849842391759143 23.04766351485393
366.0833333333333 23.84644368540721 23.044847945792
366.58333333333326 23.843044173204632 23.042033332438102
367.0833333333333 23.839678764740814 23.039222898035604
367.5833333333333 23.836300427970624 23.03641396580716
368.08333333333326 23.83294781697564 23.033628111305568
368.5833333333333 23.829613936877024 23.030831616057625
369.0833333333333 23.82627076772551 23.028051416545303
369.58333333333326 23.822954822413646 23.025272668538914
370.0833333333333 23.81965055540271 23.022509142010072
370.5833333333333 23.816362001726674 23.019751138857618
371.08333333333326 23.813073730798216 23.01699497925942
371.5833333333333 23.809804650229594 23.01424024822893
372.0833333333333 23.806548652131212 23.011498497213946
372.58333333333326 23.803300272658568 23.008771393646118
373.0833333333333 23.800092003697873 23.006044655200355
373.5833333333333 23.79687842712591 23.00333054530142
374.08333333333326 23.79367479169531 23.000616084517564
374.5833333333333 23.790495046708994 22.997915590298863
375.0833333333333 23.787335807846915 22.995228182537563
375.58333333333326 23.784191665152324 22.99254063083195
376.0833333333333 23.781045177563122 22.98985882530049
376.5833333333333 23.77793126232673 22.98720083428851
377.08333333333326 23.774834075985495 22.984546068982382
377.5833333333333 23.771755474284248 22.98188941657414
378.0833333333333 23.768682709969 22.979256387172676
378.58333333333326 23.765622248703945 22.976623414476528
379.0833333333333 23.76261159046191 22.97399424925822
379.5833333333333 23.759591712763605 22.97138270473594
380.08333333333326 23.756581958988058 22.96878453639522
380.5833333333333 23.753610261993824 22.966184379043057
381.0833333333333 23.750646807877036 22.963597031619436
381.58333333333326 23.747709650343545 22.961019152212717
382.0833333333333 23.744795225075244 22.958462501318287
382.5833333333333 23.741885825971075 22.955908659896064
383.08333333333326 23.73900271246342 22.95335705805373
383.5833333333333 23.73614499767119 22.950824895650996
384.0833333333333 23.73328557954963 22.948295389290774
384.58333333333326 23.73047272228185 22.945788476972776
385.0833333333333 23.727667862738176 22.943287781876496
385.5833333333333 23.72488099017226 22.9407830636493
386.08333333333326 23.722123517860577 22.93829974121681
386.5833333333333 23.71935253156635 22.935828869611377
387.0833333333333 23.71659335950181 22.933353902784436
387.58333333333326 23.713844135948683 22.93086610807222
388.0833333333333 23.71109955216731 22.928406241182802
388.5833333333333 23.708372881383752 22.92594392998361
389.08333333333326 23.705643090855485 22.923493055608866
389.5833333333333 23.70292690281286 22.921034727697418
390.0833333333333 23.70022065627207 22.91858274769259
390.58333333333326 23.697508604997374 22.916137859527545
391.0833333333333 23.694816391034216 22.913703216332472
391.5833333333333 23.69213260650198 22.911274280551005
392.08333333333326 23.689478266936177 22.90884897242966
392.5833333333333 23.6867906010132 22.90642409814857
393.0833333333333 23.684120562255554 22.904009183093194
393.58333333333326 23.681460824513728 22.901585255318317
394.0833333333333 23.67882805918416 22.89918246633707
394.5833333333333 23.676200673596473 22.89677659507534
395.08333333333326 23.673576125651152 22.894377355058126
395.5833333333333 23.67095808643692 22.891986929985435
396.0833333333333 23.66834874415874 22.889598674838922
396.58333333333326 23.665751925942928 22.887224403116036
397.0833333333333 23.663165188191503 22.88483791350384
397.5833333333333 23.660584853683197 22.88247597714802
398.08333333333326 23.65801684315988 22.880113429794008
398.5833333333333 23.655452203369613 22.87775783276804
399.0833333333333 23.65291088002767 22.875408940953008
399.58333333333326 23.65036907095208 22.873055092613733
400.0833333333333 23.647846898701154 22.870726169301363
400.5833333333333 23.64532382969656 22.868390092383834
401.08333333333326 23.642819705038022 22.866054789940186
401.5833333333333 23.640329851289348 22.863735407515797
402.0833333333333 23.63784580517691 22.86142606786788
402.58333333333326 23.63536299867183 22.85911070186671
403.0833333333333 23.632910444554224 22.856814640612143
403.5833333333333 23.63046172780291 22.854507139981436
404.08333333333326 23.62802012602006 22.852220054103366
404.5833333333333 23.625586464232853 22.849935470222743
405.0833333333333 23.62317042004848 22.847663391373608
405.58333333333326 23.620781169079446 22.845387068190202
406.0833333333333 23.618377057348553 22.84313306636408
406.5833333333333 23.61599607097247 22.840864390930967
407.08333333333326 23.613630559705857 22.838615274983898
407.5833333333333 23.611284171894873 22.836370384234787
408.0833333333333 23.608936850087233 22.834132825885824
408.58333333333326 23.606590039709655 22.83189376011744
409.0833333333333 23.60427482463902 22.82967769417943
409.5833333333333 23.601971282056027 22.82746589542116
410.08333333333326 23.599667722394937 22.825251846789158
410.5833333333333 23.59739156317762 22.823050036122932
411.0833333333333 23.595128616742848 22.82085330677024
411.58333333333326 23.592864182378438 22.818660416230436
412.0833333333333 23.590620686388878 22.816468969844294
412.5833333333333 23.588377406730537 22.814302918256658
413.08333333333326 23.58618141095237 22.812132889009376
413.5833333333333 23.583980169746187 22.809983816718294
414.0833333333333 23.581792657860117 22.80781466189048
414.58333333333326 23.57961293327236 22.80567376179581
