FastTrWP/PhaseSpace/IAs/snIa_0.33_30.00_-0.99_0.01.csv
# %ECSV 0.9
# ---
# datatype:
# - {name: time-rel, datatype: float64}
# - {name: g, datatype: float64}
# - {name: i, datatype: float64}
# schema: astropy-2.0
time-rel g i
[from data line 702]
-46.5 22.86986229480139 22.621984384397358
-46.0 22.869379942642034 22.621082537047613
-45.5 22.868892184499956 22.62018799366278
-45.0 22.868413990483685 22.61928102117881
-44.5 22.86794924549295 22.61840372286465
-44.0 22.867483024863652 22.61750724007323
-43.5 22.867025612355 22.61662137171138
-43.0 22.86656586860402 22.615746064764558
-42.5 22.866117708541154 22.614866601708933
-42.0 22.865675335947863 22.613992713045967
-41.5 22.865231118411195 22.613116279705146
-41.0 22.86479291537738 22.61225111813925
-40.5 22.86435574956964 22.611376061628956
-40.0 22.863928717870298 22.610508080707717
-39.5 22.86350503069491 22.609648485603856
-39.0 22.863082652275928 22.60878369095432
-38.5 22.862668224203535 22.607931180068192
-38.0 22.86226134218305 22.607072662522203
-37.5 22.86185218875564 22.606226196810827
-37.0 22.86145044790906 22.605371727511184
-36.5 22.86104006574426 22.604518962181732
-36.0 22.860654439412716 22.60367381461198
-35.5 22.860268696727992 22.602829926048578
-35.0 22.8598758970584 22.60198611572299
-34.5 22.85948844364576 22.60115975555001
-34.0 22.859120809171078 22.60032065529595
-33.5 22.858745934840275 22.59948876214827
-33.0 22.85838487341578 22.59866773472037
-32.5 22.858022717062298 22.597842552851105
-32.0 22.857665614192342 22.597009830825595
-31.5 22.857317387083796 22.596192406274895
-31.0 22.856969284152413 22.59537869022367
-30.5 22.856627340239925 22.594564827353942
-30.0 22.85629048024262 22.59376014528562
-29.5 22.855965086468935 22.59295013334153
-29.0 22.85563148227146 22.592151781370408
-28.5 22.85531265894361 22.591346706077168
-28.0 22.854998328264386 22.59054650318168
-27.5 22.854685043884043 22.589757705634863
-27.0 22.854381713980786 22.588955382684574
-26.5 22.85409352851407 22.588178085347963
-26.0 22.85378886773764 22.587388650705172
-25.5 22.853503023170166 22.58660257766622
-25.0 22.853213655900785 22.58583333033659
-24.5 22.852937486339044 22.585052839019333
-24.0 22.85266215714353 22.584280110135797
-23.5 22.852397026476723 22.583508328264696
-23.0 22.852137573225964 22.58274690598327
-22.5 22.85187309425394 22.58198353437601
-22.0 22.851623994322093 22.58122727064098
-21.5 22.851373691902054 22.580466595717056
-21.0 22.851134500950536 22.579715008777065
-20.5 22.850897160577897 22.578970024796835
-20.0 22.850664316883467 22.57821870819499
-19.5 22.85043767083557 22.577480719485653
-19.0 22.85021923532744 22.57672714091782
-18.5 22.85000715669384 22.5759990737251
-18.0 22.849800611174707 22.5752668091069
-17.5 22.849593256118645 22.57453287806767
-17.0 22.84939750034331 22.573801902927077
-16.5 22.849204382093635 22.573084310697237
-16.0 22.84901386670072 22.572362098953217
-15.5 22.848834843586307 22.571649970497095
-15.0 22.8486600821913 22.570930621457087
-14.5 22.848495479090133 22.570216422914644
-14.0 22.848321097812104 22.569516974025746
-13.5 22.848166080165218 22.568805565647068
-13.0 22.848019063134515 22.568109855979493
-12.5 22.8478761764215 22.56741807407003
-12.0 22.847723526554798 22.566714910198055
-11.5 22.847584440950627 22.566029659285757
-11.0 22.84745588690633 22.565336934036907
-10.5 22.84733762747697 22.564665315057425
-10.0 22.847214821177705 22.56398040788028
-9.5 22.847094912958905 22.563296240557897
-9.0 22.84699065425322 22.56262180997727
-8.5 22.846904443636298 22.56196139117889
-8.0 22.84680623133093 22.56129396355423
-7.5 22.846715997472348 22.560628967522057
-7.0 22.846634714002548 22.559972304772955
-6.5 22.846559187552398 22.55931432051861
-6.0 22.846485699931705 22.55866838972746
-5.5 22.846417054235552 22.558016980430473
-5.0 22.846363408651214 22.557375397279408
-4.5 22.8463027573863 22.556737397196784
-4.0 22.846259720871053 22.55609564017408
-3.5 22.846224729504335 22.55546034082055
-3.0 22.846177129542955 22.554827218860893
-2.5 22.8461418541593 22.554193484217162
-2.0 22.84612549796091 22.553574004157767
-1.5 22.846107029722106 22.552944748474125
-1.0 22.846088918144908 22.552323446844596
-0.5 22.84608456250897 22.551704065248245
0.0 22.846072689541753 22.551096627333543
0.5 22.846076143684243 22.55048423824638
1.0 22.846077787004283 22.549878863898662
1.5 22.84609688176944 22.549270882805388
2.0 22.846114294424552 22.548670725211974
2.5 22.84614229622093 22.548072321591853
3.0 22.84617029204035 22.547476741638977
3.5 22.846191935439634 22.54687795405557
4.0 22.84623584234358 22.546292285494133
4.5 22.8462788828758 22.545702139412292
5.0 22.846333892427268 22.54512734812174
5.5 22.8463901913194 22.544537300098227
6.0 22.846448617099824 22.54396757648085
6.5 22.84651572861179 22.543392821044566
7.0 22.846594089689887 22.542819229810064
7.5 22.846667801770675 22.542249496542503
8.0 22.846750490456593 22.541689251582746
8.5 22.846841375139167 22.541125464779263
9.0 22.84694622409207 22.540562859911404
9.5 22.847038173999927 22.5400063607325
10.0 22.847149162164342 22.539458073430588
10.5 22.84726367471224 22.538910403334853
11.0 22.847375165110535 22.53836147691198
11.5 22.84750135258654 22.53781759648527
12.0 22.847628504329457 22.537276287230043
12.5 22.847770969071384 22.536750348669838
13.0 22.84790790807383 22.53620671990886
13.5 22.848053595968054 22.53568305300695
14.0 22.84820971587535 22.535150563826704
14.5 22.848372028668695 22.53463478962039
15.0 22.84853551795422 22.534108827844236
15.5 22.848701260338192 22.53359931870858
16.0 22.848876455136427 22.533085593896832
16.5 22.849065314363713 22.532572851056347
17.0 22.84926406872431 22.53206710060936
17.5 22.849451384233483 22.531560470234055
18.0 22.8496478532424 22.531055405462883
18.5 22.849848666731507 22.530563356537915
19.0 22.85007171733006 22.530070277248623
19.5 22.85028127094875 22.52957860618393
20.0 22.850501123916686 22.52909011336972
20.5 22.85074349427247 22.52861305189281
21.0 22.850976185577444 22.52812901741172
21.5 22.851227592100663 22.527650917978804
22.0 22.851466233051475 22.52717702201753
22.5 22.85172823791344 22.526709467470873
23.0 22.851986885913007 22.526241836329348
23.5 22.85225322326507 22.525778841589993
24.0 22.85253323453247 22.525320950024685
24.5 22.852809644026216 22.52486372784844
25.0 22.853095523258627 22.52440423544681
25.5 22.85339429742812 22.52395785951324
26.0 22.853690939909836 22.52351251018021
26.5 22.853992117209145 22.52307251530665
27.0 22.854300425755554 22.522629271844842
27.5 22.854629739025853 22.5221972282686
28.0 22.8549500593558 22.521769467166273
28.5 22.855277926037086 22.521339962739248
29.0 22.855624885810197 22.52091372398169
29.5 22.855977572047227 22.52049032216773
30.0 22.856330604848928 22.520070184518634
30.5 22.856691207901264 22.51965456984005
31.0 22.857060191134867 22.519245594461207
31.5 22.85744997438428 22.51883161317355
32.0 22.857831745233952 22.518431195786683
32.5 22.858230702084576 22.518025465025822
33.0 22.858639166302975 22.517627141132163
33.5 22.859035668847586 22.517234876969717
34.0 22.859456257943638 22.51684455940111
34.5 22.859875546600385 22.516451621234946
35.0 22.86030689829762 22.51605757371049
35.5 22.86075045617327 22.515676727873704
36.0 22.861189457593753 22.515292593878048
36.5 22.861637096809467 22.514920329144225
37.0 22.862097786104748 22.514546217305906
37.5 22.862559742744505 22.514179056994855
38.0 22.863028255826208 22.51380924908827
38.5 22.86350053106834 22.513439920820137
39.0 22.863977132995494 22.513081527561187
39.5 22.864463950399944 22.512722991005717
40.0 22.864947851471168 22.51236620967061
40.5 22.86545502157072 22.512016261919
41.0 22.8659516655121 22.51166336266963
41.5 22.866472395161622 22.511316013406347
42.0 22.866977579180286 22.510974368912535
42.5 22.86750376297737 22.5106409319839
43.0 22.8680229039117 22.510300052865645
43.5 22.868558035537298 22.50996309596357
44.0 22.86909611846327 22.50963345967194
44.5 22.869628766061325 22.509300383478987
45.0 22.870184025018826 22.5089851177378
45.5 22.870735991914884 22.508656860378192
46.0 22.87128921811638 22.50833877987826
46.5 22.871842920838287 22.508026897678842
47.0 22.872404554534324 22.507706101648402
47.5 22.872986471955418 22.507403615933512
48.0 22.873550499515886 22.507101936619797
48.5 22.874130455708524 22.50679530263019
49.0 22.8747119738714 22.506496287211313
49.5 22.875297306620112 22.50619469379839
50.0 22.875897709817743 22.50589925038745
50.5 22.87648723201791 22.505602280203142
51.0 22.87708632101502 22.505319003692485
51.5 22.877687568583873 22.505032950627587
52.0 22.87829653393199 22.504747987194357
52.5 22.87890429148389 22.50447233027667
53.0 22.879527737461295 22.50420052399637
53.5 22.880133945478022 22.503923178578912
54.0 22.880754212853493 22.50364789896086
54.5 22.88137544877001 22.503374118910923
55.0 22.882004190871477 22.503112205621967
55.5 22.88263710362855 22.502854230005305
56.0 22.883261987613036 22.50259508625257
56.5 22.88390198538524 22.502336379777855
57.0 22.884536531247317 22.50207347218577
57.5 22.885174965823335 22.501826181651104
58.0 22.885827383023695 22.501590628547902
58.5 22.88646242120084 22.501337931670196
59.0 22.887114732628632 22.501089739839276
59.5 22.887762970838537 22.500848172877788
60.0 22.888423494586103 22.50061939557197
60.5 22.889086556953554 22.50038723094249
61.0 22.88975545221122 22.500152167542467
61.5 22.89044226534973 22.499929033382525
62.0 22.891121823071536 22.499698092661824
62.5 22.89180153623596 22.499478745372716
63.0 22.892489197831964 22.499261460179262
63.5 22.893193520709175 22.499042422404635
64.0 22.893894669200947 22.498832182640548
64.5 22.894608983952757 22.498622632062467
65.0 22.895325154785585 22.498423556825106
65.5 22.896033106856297 22.498223036230822
66.0 22.896766752037358 22.498020131754146
66.5 22.89749871455228 22.49781753988046
67.0 22.898228460592335 22.497627056444344
67.5 22.898963823728646 22.497435455981993
68.0 22.89971845675514 22.497246385519063
68.5 22.900454990032316 22.497058196438676
69.0 22.901219238371556 22.496874919801023
69.5 22.901976450360443 22.496706241967573
70.0 22.90274831659589 22.496526072496113
70.5 22.903512183799883 22.496349629516196
71.0 22.90428650455428 22.496175432892965
71.5 22.905058266666583 22.496006999300228
72.0 22.905843216472938 22.49583961382442
72.5 22.906629665191748 22.495679808355664
73.0 22.90741103476804 22.495524273074686
73.5 22.908204643112878 22.49536788773245
74.0 22.90900437648962 22.495212263285715
74.5 22.9098092920951 22.49505980841387
75.0 22.910621432042436 22.494910675804892
75.5 22.911425292674412 22.494772142724884
76.0 22.912240433698486 22.49462258460138
76.5 22.91305451656323 22.494486593580362
77.0 22.913875863503385 22.494351573437434
77.5 22.914697544098427 22.49421192361254
78.0 22.915522507228104 22.49407903993156
78.5 22.916352431296396 22.493951806761462
79.0 22.91718839841043 22.49382672174514
79.5 22.91803316748744 22.493704075250406
80.0 22.918868419403502 22.493577526930903
80.5 22.919709096376465 22.49346312096605
81.0 22.920564856332668 22.493351500715086
81.5 22.921409268785805 22.49323345380911
82.0 22.922262582135666 22.493126357633564
82.5 22.923116229761874 22.49301975710484
83.0 22.923978138994613 22.492912317116215
83.5 22.924833393068596 22.49280574966331
84.0 22.925693110048876 22.492711172092974
84.5 22.92655790146609 22.49261190281488
85.0 22.92743465145098 22.49251752163849
85.5 22.92829197948049 22.492425802372928
86.0 22.92917030738404 22.4923422553691
86.5 22.930045596153995 22.492251642527403
87.0 22.930926243524738 22.492169082794632
87.5 22.931794777714302 22.49208509186819
88.0 22.932675939831313 22.492004648885896
88.5 22.933556685291194 22.49192982968193
89.0 22.934444195042147 22.491858711825362
89.5 22.935325673565842 22.491789796707167
90.0 22.93622316474081 22.491716835225404
90.5 22.93710517429578 22.491654353167977
91.0 22.93799640415343 22.49158850173898
91.5 22.93888892334314 22.491528027832032
92.0 22.93977976054375 22.49146490098632
92.5 22.94068578371902 22.491419041258855
93.0 22.941595143605163 22.491365086395415
93.5 22.942491867232224 22.49131488803572
94.0 22.94339820834525 22.491267405753753
94.5 22.944313338111 22.491218896646537
95.0 22.945229154754646 22.491183575259235
95.5 22.946153185337096 22.49113958148898
96.0 22.947076590667574 22.491104930654426
96.5 22.94800191050227 22.49106894337453
97.0 22.948931268949497 22.491041344505867
97.5 22.949858439075726 22.49101080328913
98.0 22.95080294212525 22.490989818718386
98.5 22.95173492043572 22.490965955567617
99.0 22.95268619735101 22.490942294321297
99.5 22.953629946730203 22.490933280052424
100.0 22.95458100249318 22.490911571504284
100.5 22.955538956175808 22.490911057881142
101.0 22.956496569907937 22.490888765726776
101.5 22.95745740567191 22.490892216386612
102.0 22.958416076797246 22.49088564158314
102.5 22.959377988092502 22.490881707066453
103.0 22.9603507855613 22.49088355744492
103.5 22.961327273983155 22.49088928157078
104.0 22.9623080147252 22.490901212809735
104.5 22.963281622989022 22.490903904950493
105.0 22.96426333661804 22.49091369943136
105.5 22.965250961814952 22.490937657995573
106.0 22.966243830114493 22.490957144239374
106.5 22.967233658662526 22.49097476576432
107.0 22.96823111214348 22.490995593557276
107.49999999999989 22.9692331435028 22.49101764889015
108.0 22.97023283795031 22.49105521426767
108.5 22.971237737435114 22.49108399625749
108.99999999999989 22.97224646238029 22.491116669186063
109.5 22.973256058565468 22.49115043213731
110.0 22.97426575128221 22.49117974999986
110.49999999999989 22.975292651431406 22.49122583660889
111.0 22.97631628562224 22.491272051009155
111.5 22.977334349044746 22.491316294443777
111.99999999999989 22.97836567770964 22.491367909898955
112.5 22.9794041684508 22.49141897426604
113.0 22.98042702934334 22.491471573210966
113.49999999999989 22.981468487816883 22.491519494893296
114.0 22.982507618983764 22.491588730954028
114.5 22.98355030378822 22.491649706694446
114.99999999999989 22.984594104406067 22.491709179746007
115.5 22.98565137226504 22.491781940799832
116.0 22.986689958613585 22.491842127635707
116.49999999999989 22.987752438858323 22.491911906556243
117.0 22.988812701593226 22.4919906562802
117.5 22.989881225577665 22.49206473661047
117.99999999999989 22.990940768945837 22.49214240167642
118.5 22.992009504564273 22.492225067294477
119.0 22.993086761764342 22.492308352212575
119.49999999999989 22.994150156778442 22.492393384430223
120.0 22.99524291901698 22.49247414884838
120.5 22.99631218010877 22.4925733975913
120.99999999999989 22.99739778780004 22.49266411784099
121.5 22.998488579923805 22.492759819961368
122.0 22.999573071035293 22.49285199884261
122.49999999999989 23.000665507612098 22.49295784052325
123.0 23.001765340072076 22.493054850895497
123.5 23.002865515120526 22.493167176272976
123.99999999999989 23.00395959160239 22.4932753677371
124.5 23.005068295537786 22.493379512718242
125.0 23.006188830129336 22.493500605108615
125.49999999999989 23.00729700818387 22.4936166326846
126.0 23.008416572856216 22.493725513208314
126.5 23.009542126532438 22.49385833472858
126.99999999999989 23.010669841830406 22.493979899821625
127.5 23.011794771267592 22.494104960220334
128.0 23.01291952877717 22.494226575860505
128.4999999999999 23.014064086665343 22.494360822894382
129.0 23.01520920563217 22.4944970247953
129.5 23.016345441519587 22.494636941437143
129.9999999999999 23.017489404718994 22.49477604008844
130.5 23.01863908293919 22.49491881940381
131.0 23.01980853563952 22.495057441359112
131.4999999999999 23.020956718873833 22.495207523002513
132.0 23.022127515249387 22.49535460407767
132.5 23.023291329199417 22.49551943313579
132.9999999999999 23.024454727289346 22.495670701353877
133.5 23.02562864567236 22.495827133647126
134.0 23.026809573321962 22.49598326989506
134.4999999999999 23.02798540307664 22.49615468613532
135.0 23.02918072616513 22.496311196809728
135.5 23.030352298704027 22.49648174106931
135.9999999999999 23.031543600155175 22.496652139440542
136.5 23.03273934182485 22.4968261255532
137.0 23.033937998461774 22.497003305327983
137.4999999999999 23.035147569907394 22.497174223030502
