FastTrWP/PhaseSpace/IAs/snIa_0.6_20_-1_-0.1.csv
# %ECSV 0.9
# ---
# datatype:
# - {name: time-rel, datatype: float64}
# - {name: g, datatype: float64}
# - {name: i, datatype: float64}
# schema: astropy-2.0
time-rel g i
[from data line 2500]
1236.8958333333333 -24.43708400266481 -26.25258591820923
1237.3958333333333 -24.434283077594344 -26.251310070652075
1237.8958333333333 -24.43144348271883 -26.250033186701547
1238.3958333333333 -24.42849217207222 -26.24877109127944
1238.8958333333333 -24.425493746850535 -26.247512406990595
1239.3958333333333 -24.422435789596946 -26.246234065349945
1239.8958333333333 -24.419324579349734 -26.244988395440107
1240.3958333333333 -24.416132181967743 -26.243736076047057
1240.8958333333333 -24.41291495901014 -26.242482900050593
1241.3958333333333 -24.409610126100173 -26.241242439142198
1241.8958333333333 -24.406278073348776 -26.239990800507876
1242.3958333333333 -24.40287204992852 -26.23876490300738
1242.8958333333333 -24.399427788210023 -26.237521023238983
1243.3958333333333 -24.395906695714014 -26.236285962716288
1243.8958333333333 -24.392323980934524 -26.235061016111217
1244.3958333333333 -24.388691963426684 -26.23382875371965
1244.8958333333333 -24.38504637639488 -26.232620600112725
1245.3958333333333 -24.381305495593626 -26.23140260984425
1245.8958333333333 -24.37755427856605 -26.230172726322216
1246.3958333333333 -24.3737436514364 -26.228946694810066
1246.8958333333333 -24.369857717630474 -26.227747335871186
1247.3958333333333 -24.3659326654309 -26.226539746415753
1247.8958333333333 -24.361982712600078 -26.225335297629968
1248.3958333333333 -24.357987992606095 -26.224126036814283
1248.8958333333333 -24.353915314069752 -26.222918553549697
1249.3958333333333 -24.349817042389162 -26.22171035337788
1249.8958333333333 -24.34565639560769 -26.220525252552335
1250.3958333333333 -24.341439128136724 -26.21932330106871
1250.8958333333333 -24.33723541571045 -26.218121984563346
1251.3958333333333 -24.33301712353505 -26.216946321040183
1251.8958333333333 -24.328674741995147 -26.21575934324016
1252.3958333333333 -24.324339987383418 -26.214566799900574
1252.8958333333333 -24.319946447514567 -26.2133865586754
1253.3958333333333 -24.315514684629317 -26.212194438777367
1253.8958333333333 -24.31108228429855 -26.21100567707764
1254.3958333333333 -24.306584236655517 -26.209831581267224
1254.8958333333333 -24.302076881953848 -26.20865704835041
1255.3958333333333 -24.29754114442463 -26.207486526807493
1255.8958333333333 -24.292937158437947 -26.206301073369282
1256.3958333333333 -24.28831752285134 -26.20512760369705
1256.8958333333333 -24.283683491856717 -26.203950526727
1257.3958333333333 -24.279051863255035 -26.202779432388276
1257.8958333333333 -24.274324595739426 -26.201605144407857
1258.3958333333333 -24.269627049829037 -26.200436040912823
1258.8958333333333 -24.26488754975244 -26.19927899079286
1259.3958333333333 -24.260093573954723 -26.19809296444074
1259.8958333333333 -24.25531417318147 -26.19692818069862
1260.3958333333333 -24.25050637703242 -26.195758912652636
1260.8958333333333 -24.24569346745991 -26.19460138724812
1261.3958333333333 -24.24086889846331 -26.193426182086384
1261.8958333333333 -24.23600166265961 -26.19225574930464
1262.3958333333333 -24.231135457096045 -26.191087165281587
1262.8958333333333 -24.226216000900912 -26.189923293719186
1263.3958333333333 -24.22136288847573 -26.18875652348897
1263.8958333333333 -24.216463884384318 -26.187595793420215
1264.3958333333333 -24.2115470910381 -26.186428068634928
1264.8958333333333 -24.206615048203822 -26.18525484600471
1265.3958333333333 -24.2016851088362 -26.184091677590203
1265.8958333333333 -24.19677403800155 -26.18292856452552
1266.3958333333333 -24.1918773826744 -26.181750761031086
1266.8958333333333 -24.186882766520373 -26.180592314249374
1267.3958333333333 -24.181965196966683 -26.179430521851877
1267.8958333333333 -24.177035580572806 -26.178251687018196
1268.3958333333333 -24.17215777651501 -26.177084996792498
1268.8958333333333 -24.167210296440956 -26.17591069290446
1269.3958333333333 -24.16232873048619 -26.17475394692224
1269.8958333333333 -24.157400441236195 -26.173577534813823
1270.3958333333333 -24.152583832977008 -26.172397253778886
1270.8958333333333 -24.147704908912825 -26.17123214563425
1271.3958333333333 -24.142851698069926 -26.17003597997201
1271.8958333333333 -24.138038331202534 -26.16886244827452
1272.3958333333333 -24.133212518507953 -26.16769092026987
1272.8958333333333 -24.128428225042295 -26.16651411040722
1273.3958333333333 -24.123651327519408 -26.16532404893738
1273.8958333333333 -24.118871523310766 -26.164141055974227
1274.3958333333333 -24.11404829016294 -26.162972296647204
1274.8958333333333 -24.109205401245553 -26.161791583664026
1275.3958333333333 -24.104318868785658 -26.1606175285104
1275.8958333333333 -24.099375685227894 -26.159433035255958
1276.3958333333333 -24.094388668375515 -26.158269765389356
1276.8958333333333 -24.089365265624345 -26.157085765362417
1277.3958333333333 -24.084337974563553 -26.155923921298175
1277.8958333333333 -24.07924275971507 -26.154755463544962
1278.3958333333333 -24.074117096226978 -26.15357667215236
1278.8958333333333 -24.06896995328495 -26.15241531070329
1279.3958333333333 -24.06378312567341 -26.151261620489983
1279.8958333333333 -24.058565442027614 -26.150087599697486
1280.3958333333333 -24.053305020195317 -26.148926234936315
1280.8958333333333 -24.04802275861908 -26.147763796262975
1281.3958333333333 -24.04269127945559 -26.146600546340256
1281.8958333333333 -24.037368164595705 -26.14544868531867
1282.3958333333333 -24.03195692201033 -26.14428093882121
1282.8958333333333 -24.026529194932152 -26.143129561422253
1283.3958333333333 -24.02110537872929 -26.141973437594224
1283.8958333333333 -24.01564601786386 -26.140814248254564
1284.3958333333333 -24.01015697250811 -26.139660779614292
1284.8958333333333 -24.004640284780827 -26.138509783316934
1285.3958333333333 -23.9991005544644 -26.13735607323455
1285.8958333333333 -23.99349468731401 -26.13619992430719
1286.3958333333333 -23.98793036768225 -26.135050490602396
1286.8958333333333 -23.982256563906958 -26.133900425747775
1287.3958333333333 -23.976621260992367 -26.132753315306303
1287.8958333333333 -23.970982965687003 -26.131592038066387
1288.3958333333333 -23.965269293172305 -26.13044584546101
1288.8958333333333 -23.959567548617507 -26.129301810169466
1289.3958333333333 -23.953863692819816 -26.128157775298348
1289.8958333333333 -23.948101490282674 -26.1270054543278
1290.3958333333333 -23.942341809439615 -26.125856360788976
1290.8958333333333 -23.936541291006925 -26.124714549712102
1291.3958333333333 -23.9307227218083 -26.12357102463319
1291.8958333333333 -23.924930190128162 -26.12241216488588
1292.3958333333333 -23.91908220760118 -26.121270148073297
1292.8958333333333 -23.913222553025896 -26.120127733276917
1293.3958333333333 -23.907372069729796 -26.118979118512982
1293.8958333333333 -23.901511481989015 -26.117824939511088
1294.3958333333333 -23.89564483012919 -26.116682355576984
1294.8958333333333 -23.88975657698717 -26.115539559094746
1295.3958333333333 -23.883878158541762 -26.11438659486518
1295.8958333333333 -23.87792989940245 -26.113229630475146
1296.3958333333333 -23.872052802781955 -26.11208276354627
1296.8958333333333 -23.86608896879352 -26.110948853519336
1297.3958333333333 -23.860199414277456 -26.109781192196266
1297.8958333333333 -23.854282977196544 -26.108640145982474
1298.3958333333333 -23.848393015450657 -26.10748377956974
1298.8958333333333 -23.84244670358656 -26.10634037955092
1299.3958333333333 -23.836537315248208 -26.105185231579867
1299.8958333333333 -23.830662091683465 -26.1040392800571
1300.3958333333333 -23.824726651008778 -26.10288620486908
1300.8958333333333 -23.818836277762895 -26.101726489482488
1301.3958333333333 -23.812948057630678 -26.10058677247064
1301.8958333333333 -23.80702305682936 -26.099421183153172
1302.3958333333333 -23.80116729069237 -26.098265629140307
1302.8958333333333 -23.79532318124499 -26.097101228363204
1303.3958333333333 -23.789491603864686 -26.09594493465068
1303.8958333333333 -23.7836777891324 -26.094798805855426
1304.3958333333333 -23.777884688400487 -26.093622933059027
1304.8958333333333 -23.772051994619584 -26.09247973978026
1305.3958333333333 -23.766277238114025 -26.091308334519155
1305.8958333333333 -23.760557621109445 -26.090142121287307
1306.3958333333333 -23.75484134330762 -26.088977957703108
1306.8958333333333 -23.749155399094356 -26.087802021538998
1307.3958333333333 -23.743486926774032 -26.086634326506942
1307.8958333333333 -23.73781353580728 -26.08548122094898
1308.3958333333333 -23.73224182075679 -26.084306504202758
1308.8958333333333 -23.726666963296896 -26.08313525325759
1309.3958333333333 -23.7211138289802 -26.08196470418988
1309.8958333333333 -23.715616895126153 -26.080784878475008
1310.3958333333333 -23.710158582197266 -26.07960358557438
1310.8958333333333 -23.70476068528271 -26.078442828368082
1311.3958333333333 -23.699351675066396 -26.07724419308365
1311.8958333333333 -23.694033317368376 -26.076074929218787
1312.3958333333333 -23.688732333493206 -26.074884910634477
1312.8958333333333 -23.683464345446502 -26.073704467348282
1313.3958333333333 -23.67816887571571 -26.072518745039694
1313.8958333333333 -23.672924930784678 -26.071328071115715
1314.3958333333333 -23.667697255438 -26.070159053089647
1314.8958333333333 -23.66244127492862 -26.068951428621286
1315.3958333333333 -23.657236677226578 -26.067772393740924
1315.8958333333333 -23.652120070667966 -26.066577583126886
1316.3958333333333 -23.64692947123772 -26.065399215700616
1316.8958333333333 -23.641772767320827 -26.064205740202834
1317.3958333333333 -23.63668224727042 -26.0630112945808
1317.8958333333333 -23.631586224760092 -26.06181174343416
1318.3958333333333 -23.626495898498902 -26.060626575278675
1318.8958333333333 -23.621451419832333 -26.059441525657476
1319.3958333333333 -23.61640898831517 -26.058240204546287
1319.8958333333333 -23.611385771853964 -26.057046823385402
1320.3958333333333 -23.606359611493613 -26.055857379909938
1320.8958333333333 -23.601436536457072 -26.05465783138432
1321.3958333333333 -23.596458812302203 -26.053465373580813
1321.8958333333333 -23.591483416830677 -26.052268069037687
1322.3958333333333 -23.586627524742013 -26.051062639224895
1322.8958333333333 -23.581788685635317 -26.049864363947126
1323.3958333333333 -23.576904949941397 -26.048674422813093
1323.8958333333333 -23.57208879414181 -26.047460291278117
1324.3958333333333 -23.567226245729177 -26.046271163809852
1324.8958333333333 -23.562412805794743 -26.04506966641939
1325.3958333333333 -23.55768940866603 -26.043861763148062
1325.8958333333333 -23.552904681737743 -26.04267137983956
1326.3958333333333 -23.54821326065743 -26.041467852572453
1326.8958333333333 -23.54348412935705 -26.040255546827563
1327.3958333333333 -23.53881970895792 -26.039040488202435
1327.8958333333333 -23.534208608577686 -26.037849420775395
1328.3958333333333 -23.529569447510042 -26.03664328268021
1328.8958333333333 -23.524950500494892 -26.03542984732156
1329.3958333333333 -23.520386963775817 -26.034223797741788
1329.8958333333333 -23.515849933005917 -26.033014898619044
1330.3958333333333 -23.511298630414274 -26.031820934019994
1330.8958333333333 -23.506828989027632 -26.030607315581094
1331.3958333333333 -23.5023455156445 -26.029404699645077
1331.8958333333333 -23.497928491510727 -26.028196017567744
1332.3958333333333 -23.49349700458529 -26.026985483790092
1332.8958333333333 -23.489115967151434 -26.025764684381613
1333.3958333333333 -23.484698444032706 -26.024564719790217
1333.8958333333333 -23.480388573613386 -26.023339640407958
1334.3958333333333 -23.476067388476885 -26.022132140114508
1334.8958333333333 -23.471866016605723 -26.02092216179491
1335.3958333333333 -23.467578744961365 -26.019693604021818
1335.8958333333333 -23.46331656221851 -26.018487696947844
1336.3958333333333 -23.459169888788946 -26.01726934380848
1336.8958333333333 -23.454963448418447 -26.016048495452132
1337.3958333333333 -23.450822380130106 -26.014841154080646
1337.8958333333333 -23.446732137001117 -26.01362699936557
1338.3958333333333 -23.442626497014984 -26.01240403454638
1338.8958333333333 -23.43854920345254 -26.011181155767375
1339.3958333333333 -23.434516363251955 -26.00997285122969
1339.8958333333333 -23.43051030153414 -26.008760093830027
1340.3958333333333 -23.42655078310341 -26.007530303030833
1340.8958333333333 -23.422614728642817 -26.006308946005426
1341.3958333333333 -23.418717485485956 -26.005098396524172
1341.8958333333333 -23.41482490765752 -26.003872438208546
1342.3958333333333 -23.41095672912699 -26.002655925890284
1342.8958333333333 -23.4071735097476 -26.001430569908422
1343.3958333333333 -23.403339205868786 -26.00020138197323
1343.8958333333333 -23.39964758053879 -25.998992232101273
1344.3958333333333 -23.395905808706242 -25.99776967162306
1344.8958333333333 -23.392197081509995 -25.99654824466459
1345.3958333333333 -23.388555893997744 -25.995338874642155
1345.8958333333333 -23.384903475056156 -25.994103583343744
1346.3958333333333 -23.381358575207592 -25.992873398881166
1346.8958333333333 -23.377728180239853 -25.991650029837476
1347.3958333333333 -23.37422005012732 -25.99041280717513
1347.8958333333333 -23.370706648704495 -25.98919227801548
1348.3958333333333 -23.36721312003798 -25.987977126058084
1348.8958333333333 -23.36379125550566 -25.986744929512362
1349.3958333333333 -23.36038724535427 -25.985508521036532
1349.8958333333333 -23.356959319091853 -25.98429152427929
1350.3958333333333 -23.353641210041122 -25.983058041746222
1350.8958333333333 -23.35033484094133 -25.981830444239638
1351.3958333333333 -23.347088059548724 -25.98060009063971
1351.8958333333333 -23.34386073959347 -25.97936715534743
1352.3958333333333 -23.34074936109203 -25.978140451189557
1352.8958333333333 -23.33757523829317 -25.97688977978202
1353.3958333333333 -23.3345433517973 -25.97567141406345
1353.8958333333333 -23.33151708873175 -25.974448179254274
1354.3958333333333 -23.328510560653612 -25.973198036975944
1354.8958333333333 -23.32557634445309 -25.97197378776222
1355.3958333333333 -23.322661135614172 -25.970746911985213
1355.8958333333333 -23.319865534797962 -25.969508026046743
1356.3958333333333 -23.317036217250056 -25.96827380134851
1356.8958333333333 -23.31434052064303 -25.967045577314472
1357.3958333333333 -23.31163808482416 -25.965802955306046
1357.8958333333333 -23.308971735219156 -25.964561932226943
1358.3958333333333 -23.30639503505826 -25.963313097125123
1358.8958333333333 -23.30376330867203 -25.962081626791587
1359.3958333333333 -23.301274817234923 -25.960848960647134
1359.8958333333333 -23.298851005395807 -25.959625743348106
1360.3958333333333 -23.296423464847127 -25.95837239699051
1360.8958333333333 -23.294075335073153 -25.9571279556732
1361.3958333333333 -23.291679971147428 -25.95588761761394
1361.8958333333333 -23.289452184630655 -25.95465023028586
1362.3958333333333 -23.28721199084199 -25.953407776241267
1362.8958333333333 -23.28503459992561 -25.952167610743643
1363.3958333333333 -23.28288350046778 -25.950912361750124
1363.8958333333333 -23.28082480596283 -25.949674642836158
1364.3958333333333 -23.278763051317 -25.948428588147102
1364.8958333333333 -23.27678138385234 -25.94718984112108
1365.3958333333333 -23.27483364444587 -25.945940339901853
1365.8958333333333 -23.272952359431983 -25.94470457241942
1366.3958333333333 -23.27106922906069 -25.943456922066026
1366.8958333333333 -23.269257595562788 -25.942218357566674
1367.3958333333333 -23.267525299926767 -25.940961640582874
1367.8958333333333 -23.265848346877334 -25.939701939115167
1368.3958333333333 -23.264114937567932 -25.93846215795379
1368.8958333333333 -23.262517500695697 -25.937214750843474
1369.3958333333333 -23.260981287273527 -25.935960702176565
1369.8958333333333 -23.259461173349678 -25.93471420393223
1370.3958333333333 -23.257981157088196 -25.933456359257256
1370.8958333333333 -23.256545806379417 -25.932217773702465
1371.3958333333333 -23.255176682505834 -25.930964642923975
1371.8958333333333 -23.25383821886752 -25.929712990210433
1372.3958333333333 -23.252493795383558 -25.92845177329891
1372.8958333333333 -23.251301434222277 -25.927201861753638
1373.3958333333333 -23.25014515455324 -25.925951133377655
