FastTrWP/PhaseSpace/IAs/snIa_0.51_30.00_-1.68_0.05.csv
# %ECSV 0.9
# ---
# datatype:
# - {name: time-rel, datatype: float64}
# - {name: g, datatype: float64}
# - {name: i, datatype: float64}
# schema: astropy-2.0
time-rel g i
[from data line 1409]
383.0 24.78651627077644 22.595249862407666
383.4999999999999 24.788973564136402 22.596239668696548
384.0 24.79142666265581 22.597222639773126
384.5 24.793875493349205 22.59821040825354
384.9999999999999 24.79633033257813 22.59919478574531
385.5 24.798790849612736 22.600188157887253
386.0 24.801236478250424 22.601173848679142
386.4999999999999 24.803701001245567 22.602171677920246
387.0 24.80614664801889 22.603148847177973
387.5 24.808604040345706 22.604131853781986
387.9999999999999 24.81106339519226 22.605123217280976
388.5 24.81352813902596 22.60610034129869
389.0 24.816010499364612 22.607092432884663
389.4999999999999 24.81846160526239 22.608075284414433
390.0 24.82092988419232 22.609054540809627
390.5 24.823393634279576 22.610037894621534
390.9999999999999 24.825869570182565 22.611025226987373
391.5 24.82832921654348 22.612008714171257
392.0 24.83081219621253 22.61299451765931
392.4999999999999 24.833249167134902 22.61398137673318
393.0 24.835738407032096 22.614975242883077
393.5 24.838206448590768 22.615972328167338
393.9999999999999 24.840683817710364 22.61696072607162
394.5 24.843160732050826 22.61795395978387
395.0 24.84562126583984 22.618964596507695
395.4999999999999 24.848111218475694 22.619953578566697
396.0 24.85056555093202 22.620949700661814
396.5 24.85306307528695 22.621953470778287
396.9999999999999 24.855519209111613 22.622957460733065
397.5 24.857994834698168 22.623952746514288
398.0 24.860488565040736 22.624965368006006
398.4999999999999 24.86295476801063 22.625969487589018
399.0 24.8654397075251 22.626975830537553
399.5 24.867926850461156 22.627989582759945
399.9999999999999 24.87039107649281 22.628994220047
400.5 24.872886168096365 22.63000396528537
401.0 24.875360262465072 22.631017730562956
401.4999999999999 24.877825115753115 22.632036619063815
402.0 24.88031258381129 22.633043146254316
402.5 24.88278246253183 22.63405962546311
402.9999999999999 24.88526698047756 22.63507343774482
403.5 24.887754808099444 22.636084428223246
404.0 24.890233895692667 22.637107098939126
404.4999999999999 24.892732613882693 22.63812522519285
405.0 24.895212074613827 22.639145907081467
405.5 24.897711854484402 22.64015798490759
406.0 24.90021205128768 22.64118039495925
406.5 24.9027054714792 22.642194404286066
407.0 24.905147585729352 22.643216979756005
407.5 24.907664594070873 22.644235021273715
408.0 24.91013347365785 22.64526402810644
408.5 24.912640362744444 22.64628237179896
409.0 24.915144861309454 22.647301487540346
409.5 24.91761640483429 22.648328896102807
410.0 24.920107697731957 22.6493532041029
410.5 24.922619364902946 22.650364008374318
411.0 24.925107244721243 22.651388743385958
411.5 24.927613779073607 22.652420125286284
412.0 24.930110333843253 22.65344450086591
412.5 24.93261111056356 22.65445683802313
413.0 24.935128508870626 22.655484853686218
413.5 24.93760889642565 22.656506912111784
414.0 24.94012958743489 22.65752892047412
414.5 24.942616899038622 22.65854477353446
415.0 24.94513061755194 22.659571790444172
415.5 24.947617126829993 22.660594240967953
416.0 24.950141889279102 22.661616581350593
416.5 24.952650952864488 22.662637318318946
417.0 24.955160363739225 22.66365476360313
417.5 24.95767067246514 22.664676122896005
418.0 24.960197933929962 22.665696171443564
418.5 24.962686481553234 22.666722295253376
419.0 24.965201730573796 22.66774012121775
419.5 24.967713866610293 22.668760160786583
420.0 24.97022923519812 22.669775528215844
420.5 24.972748067945908 22.670783758130284
421.0 24.97527211252458 22.671809502393753
421.5 24.977805680350368 22.672823661750602
422.0 24.98031841692638 22.67383642987216
422.5 24.982845366812 22.674848719263338
423.0 24.98537815033991 22.675872001237792
423.5 24.98790579016111 22.676874317751686
424.0 24.990407623324835 22.677881408495946
424.5 24.992939841156456 22.678894994182677
425.0 24.995502737867575 22.67989658382351
425.5 24.998033838297058 22.68090944324261
426.0 25.000551417995055 22.681915899940876
426.5 25.003105946099314 22.682915578773724
427.0 25.005625345263045 22.683923984101714
427.5 25.00817501588546 22.684926588776776
428.0 25.01070240883579 22.685928610384845
428.5 25.013225729425848 22.686934261440413
429.0 25.015764283377216 22.68793875559522
429.5 25.018307063121284 22.688940196039585
430.0 25.020838587970818 22.689946270592287
430.5 25.023410210647285 22.690941354774633
431.0 25.025913704352316 22.691943975802374
431.5 25.02847961229849 22.6929465336839
432.0 25.03103907497671 22.69394533333483
432.5 25.03355780395754 22.69494297637342
433.0 25.03609633118959 22.69594383208503
433.5 25.038658624121986 22.696942434369905
434.0 25.041204028706915 22.69794417113073
434.5 25.04372840772715 22.69894264161678
435.0 25.04627538439713 22.699937385528703
435.5 25.048812334990473 22.700937638334754
436.0 25.051365140811605 22.70193613614839
436.5 25.05391395040174 22.702933621798174
437.0 25.056464571243357 22.703931389448755
437.5 25.059005708119344 22.70492701699455
438.0 25.061575961050096 22.705920073482083
438.5 25.064127619206342 22.706917054332724
439.0 25.06665971439379 22.707911732222964
439.5 25.06921359954738 22.708910335471302
440.0 25.07178447036976 22.709905259413965
440.5 25.074324020631803 22.710908458440468
441.0 25.076860118273054 22.711895630975818
441.5 25.079422698362098 22.71289002603453
442.0 25.082008573154976 22.713882542770612
442.5 25.084552079988892 22.714881368352646
443.0 25.087099520491762 22.71586944292675
443.5 25.089659991360808 22.716861071215234
444.0 25.092212671294625 22.717855041716867
444.5 25.094781513784724 22.718845183425348
445.0 25.09733462756634 22.719845722393348
445.5 25.09992007164739 22.720841875315323
446.0 25.102466373571314 22.721837669485257
446.5 25.105019607644003 22.722826995611662
447.0 25.1076061348318 22.72382055110665
447.5 25.110138279777026 22.724809000346752
448.0 25.112726539498844 22.72580479136799
448.5 25.115289768867797 22.726791193181807
449.0 25.11786053864855 22.727789530871277
449.5 25.120420012436433 22.728777479341062
450.0 25.122998555545742 22.729761688972374
450.5 25.125562822528597 22.730752326063183
451.0 25.128158610558256 22.731745896625434
451.5 25.130713772075723 22.732739812048077
452.0 25.13331138832033 22.73373486186983
452.5 25.135886519110468 22.734719133031053
453.0 25.138444782869986 22.735707129917557
453.5 25.141009070153615 22.736697104899505
454.0 25.14358102720111 22.737686900212573
454.5 25.146178847558318 22.738674197094284
455.0 25.148766470875263 22.73966156001951
455.5 25.151350623906886 22.740643192150245
456.0 25.153924243160546 22.74164746487441
456.5 25.156543654573845 22.742635827901815
457.0 25.159122712654558 22.743618454165798
457.5 25.1616775027358 22.744613590175
458.0 25.16425162242969 22.745591886301394
458.5 25.166877455359298 22.746592954409905
459.0 25.169449041476284 22.747580953857636
459.5 25.17203174937267 22.748559544796937
460.0 25.17463465829531 22.74955347349358
460.5 25.17722323013393 22.750540420327155
461.0 25.17984205371944 22.751528814896545
461.5 25.182405142515563 22.75251921830407
462.0 25.185027311758805 22.753505969668318
462.5 25.187608862560438 22.754493293239374
463.0 25.190214869658835 22.755487825543135
463.5 25.192828854730447 22.75647158421196
464.0 25.19540513977031 22.757460236611596
464.5 25.19800908007273 22.75844853956723
465.0 25.200615477463536 22.759430288273258
465.5 25.203228204958616 22.76042538166928
466.0 25.205824322510594 22.76140124328801
466.5 25.208419651190944 22.762387231476538
467.0 25.21101626870155 22.76337843781483
467.5 25.21363214734756 22.76435800148567
468.0 25.216232743220313 22.765333350514485
468.5 25.21884652283608 22.766328672194724
469.0 25.221440674939274 22.76730926956903
469.5 25.224056698055833 22.7683007774909
470.0 25.226685251188442 22.769283003340476
470.5 25.229270586559636 22.770261937166993
471.0 25.231876622046272 22.77125317534353
471.5 25.23447322855776 22.772222209496075
472.0 25.23710052174525 22.773215195812785
472.5 25.239714527554476 22.77419212469582
473.0 25.24232779456678 22.775182791593434
473.5 25.244935920654402 22.776158634883856
474.0 25.24753860454011 22.777141198693585
474.5 25.250165575622958 22.778117969559514
475.0 25.252772818323578 22.779101613119387
475.5 25.25538631184658 22.78009103377518
476.0 25.258013449889305 22.781068545232188
476.5 25.26062143809178 22.782046386793425
477.0 25.263252554520253 22.783026991097884
477.5 25.265851890967443 22.784002214184824
478.0 25.268471402254544 22.784981603629678
478.5 25.27107872352452 22.78596721395622
479.0 25.273701999538027 22.786942050582336
479.5 25.27631043683181 22.787924984209603
480.0 25.27891981804514 22.788905495592502
480.5 25.281549410480565 22.78988087563221
481.0 25.284172638610517 22.790863040042023
481.5 25.286792243192714 22.791835571729067
482.0 25.28942266060392 22.792817250336714
482.5 25.29200857032235 22.79378856080658
483.0 25.294654030282953 22.7947724321802
483.5 25.297284243277282 22.79575122765042
484.0 25.29990355574444 22.79672647517165
484.5 25.302522172065565 22.797705517876654
485.0 25.305176434422133 22.79867482475302
485.5 25.30776974873751 22.799658196658804
486.0 25.310412145011163 22.8006399025619
486.5 25.31303629538533 22.801613538467787
487.0 25.31565887320483 22.80258870513094
487.5 25.31827124734609 22.803559474921666
488.0 25.320917884198142 22.80454055050609
488.5 25.3235553114949 22.805523355895666
489.0 25.326164555620984 22.80649394224596
489.5 25.32880027069077 22.80746596846108
490.0 25.33143448245137 22.808438041206742
490.5 25.33406568182498 22.80941742765704
491.0 25.33669039710192 22.810399175660923
491.5 25.339338788347348 22.811368654356293
492.0 25.341984521012204 22.812349827647985
492.5 25.344596293614728 22.813322587511596
493.0 25.347233126077953 22.81429571211408
493.5 25.349862747445407 22.815269258530915
494.0 25.352504605890083 22.816241096594606
494.5 25.35515329917981 22.817222545132342
495.0 25.357790212129203 22.818204519429383
495.5 25.360436533260362 22.819169479837175
496.0 25.363055792796064 22.820142769548465
496.5 25.365687095719608 22.821119289377393
497.0 25.36836748044219 22.822091044618205
497.5 25.37099678478684 22.823068887181307
498.0 25.37363241449601 22.82404723701888
498.5 25.376254636392353 22.825021569678093
499.0 25.37892629335865 22.825983607747457
499.5 25.381567025443196 22.82696269976619
500.0 25.384207513559197 22.82794057952338
500.5 25.386883133549954 22.828920257201773
501.0 25.389475486149855 22.82988441421031
501.5 25.39215622496961 22.83085924710873
502.0 25.394770690472757 22.831834031318067
502.5 25.397421552923557 22.832802443562915
503.0 25.40007038198857 22.833772368482435
503.5 25.402742450887143 22.83473893008558
504.0 25.405377090126326 22.83571547776628
504.5 25.408001171244628 22.8366813899043
505.0 25.410649796995564 22.837657436595038
505.5 25.413307514867927 22.83863323531225
506.0 25.415937972537716 22.839603781371153
506.5 25.4185900140849 22.840574159776853
507.0 25.421252414935395 22.84154455165655
507.5 25.423878656614377 22.842510151398237
508.0 25.426524151095823 22.843486169308594
508.5 25.42918692667908 22.84445294197793
509.0 25.431808151089953 22.84541850768408
509.5 25.434469761721875 22.846389336326048
510.0 25.43709068476199 22.84735915253947
510.5 25.43980313912804 22.848321050100736
511.0 25.442415060861983 22.849286611829896
511.5 25.44507134678662 22.85026163481716
512.0 25.447698399202707 22.85122565321286
512.5 25.450384602511633 22.852189215292334
513.0 25.452982757035976 22.85315302003271
513.5 25.455651586735407 22.85413073387891
514.0 25.45826357694613 22.85509196787782
514.5 25.460941544724808 22.85605877315348
515.0 25.463584909407196 22.857036460726597
515.5 25.466222418590377 22.857988878538755
516.0 25.468876077686563 22.85896273823372
516.5 25.471501557123727 22.859923662556323
517.0 25.474166304634952 22.860889982213223
517.5 25.47682552876365 22.86186519769188
518.0 25.479427563763064 22.862832260057647
518.5 25.482098962717377 22.863793627294967
519.0 25.484737335170053 22.86475477880672
519.5 25.487380510233073 22.865725555115223
520.0 25.490060168710574 22.866684915437204
520.5 25.49270053652307 22.867654898038783
521.0 25.4953383284362 22.868612043463305
521.5 25.497968424412267 22.86958217550202
522.0 25.500649040519235 22.87053808066045
522.5 25.503249770413753 22.871500920634613
523.0 25.50589807835131 22.87246930968072
523.5 25.50856730974438 22.87343958343716
524.0 25.511205625767552 22.8743982570945
524.5 25.513830111655924 22.875366951045173
525.0 25.51647398726029 22.876327263149932
525.5 25.51913083168158 22.877292477986767
526.0 25.521791310720253 22.87825388124904
526.5 25.524411145496032 22.879217624902253
527.0 25.527043420753543 22.880185764463864
527.5 25.529685603028945 22.88114661553739
528.0 25.53233874314433 22.88210348797361
528.5 25.53500370131377 22.88307062295058
529.0 25.537617309030484 22.88403857931825
529.5 25.54026878309162 22.884998772403
530.0 25.542893360591673 22.885967784841664
530.5 25.54552765971731 22.88692437581894
531.0 25.54818933687866 22.88790136024844
531.5 25.550824904150726 22.888843677078494
532.0 25.553450730726833 22.889819716833415
532.5 25.556088730104026 22.89077678548269
533.0 25.558765058043647 22.891741245698427
533.5 25.561368830246142 22.892699397796026
534.0 25.56399880873506 22.89366499866226
534.5 25.56669282404552 22.89462746827823
535.0 25.56929669796602 22.89559183742222
535.5 25.571934277063907 22.896551018400455
536.0 25.574543047515945 22.89751042605056
536.5 25.577202143111375 22.8984747777081
537.0 25.579828911332182 22.89944327293068
537.5 25.582484716157232 22.900404307079874
538.0 25.585096297990294 22.901361425431386
538.5 25.58771923740963 22.90232645971247
539.0 25.590354777175346 22.903283014201637
539.5 25.592990312014457 22.904244097424964
540.0 25.595614894033147 22.90520227921761
540.5 25.598248140129037 22.906157983507814
541.0 25.600878792852058 22.907115557426447
541.5 25.60347706506764 22.90806981717225
542.0 25.60613163315673 22.909038849565416
542.5 25.6087675430023 22.90999391370507
543.0 25.611387550935383 22.91093688874191
543.5 25.614017900609237 22.911902580742087
544.0 25.61660289556935 22.91286448056948
544.5 25.619213053577248 22.913815782304937
545.0 25.62184711149801 22.914778755897167
545.5 25.624478149357245 22.915724905660134
546.0 25.6270752727279 22.91668889699771
546.5 25.629681095115604 22.917632644471773
547.0 25.6323250257075 22.91859310676469
547.5 25.634929337949018 22.91955279154734
548.0 25.637546196141997 22.920511621431167
548.5 25.640144881525767 22.921455283675122
549.0 25.642771426599 22.922414493899513
549.5 25.645358135779396 22.923369261067723
550.0 25.647945683882124 22.924318204371694
550.5 25.650568037469434 22.925270234283055
551.0 25.653163423560066 22.926236024489025
551.5 25.655787411997274 22.92718709698179
552.0 25.658370533463263 22.928133638598357
552.5 25.661005320048666 22.92909114864768
553.0 25.66361015071156 22.93004970747173
553.5 25.666189296727808 22.93100105042322
554.0 25.6687794095981 22.931948861628083
554.5 25.671362665409937 22.93290363325432
555.0 25.67395563626716 22.93386531408742
555.5 25.67655990674556 22.934813596254813
556.0 25.679149512133176 22.935779360821968
556.5 25.68173373657845 22.936723508784674
557.0 25.684344534104525 22.93768501883017
557.5 25.686910947312317 22.93863565673732
558.0 25.689493807142902 22.939583835077926
558.5 25.69207165202462 22.94054233939095
559.0 25.694627491188065 22.94150822751176
559.5 25.697260705975484 22.942455749164047
560.0 25.69981244703431 22.94341749338628
560.5 25.70237977879315 22.944370897239217
561.0 25.704966997193196 22.945324048090022
561.5 25.707546032059838 22.94628014152145
562.0 25.710098467555245 22.94723917541292
562.5 25.71268458264361 22.948194035275794
563.0 25.715249865014748 22.94914900307612
563.5 25.71781790362993 22.95010957926328
564.0 25.72037621249529 22.951066335085294
564.5 25.722942388706628 22.952025756000076
565.0 25.725492797984263 22.95297806689951
