FastTrWP/PhaseSpace/IAs/snIa_0.6_25_0.0_0.0.csv
# %ECSV 0.9
# ---
# datatype:
# - {name: time-rel, datatype: float64}
# - {name: g, datatype: float64}
# - {name: i, datatype: float64}
# schema: astropy-2.0
time-rel g i
[from data line 1624]
793.3124999999999 -25.33013669422293 -27.609399279216813
793.8125 -25.328203587549616 -27.60887079104809
794.3125 -25.326258968083035 -27.60832823606423
794.8124999999999 -25.32429592647448 -27.60779003220788
795.3125 -25.322375184535325 -27.60725475446684
795.8125 -25.320434019151364 -27.606719214587628
796.3124999999999 -25.31848498559476 -27.6061811319833
796.8125 -25.316567077092756 -27.605637232244483
797.3125 -25.31462439764342 -27.60509439512838
797.8124999999999 -25.31267675883555 -27.60455409370573
798.3125 -25.31075072738902 -27.60401594332489
798.8125 -25.3088167908508 -27.603467231321567
799.3124999999999 -25.306884091955368 -27.60293023605826
799.8125 -25.304953575610508 -27.60237618269404
800.3125 -25.303024614121227 -27.601831870527768
800.8124999999999 -25.30109002437542 -27.601283670023015
801.3125 -25.299157492786794 -27.600736183426882
801.8125 -25.297252310800626 -27.600183012825518
802.3124999999999 -25.29532607074168 -27.59963652240333
802.8125 -25.293393061524093 -27.599082264820403
803.3125 -25.29147326827352 -27.598530128896158
803.8124999999999 -25.289531587038972 -27.59798373182349
804.3125 -25.28760522050525 -27.597427714163434
804.8125 -25.28569543363855 -27.596872749424396
805.3124999999999 -25.28378910229304 -27.59631865364
805.8125 -25.281862267012492 -27.595759748661205
806.3125 -25.27994580292559 -27.595201307210505
806.8124999999999 -25.27802243147076 -27.594645065431763
807.3125 -25.276086299419937 -27.59407690210388
807.8125 -25.274187253419722 -27.59352005137714
808.3124999999999 -25.27227971656852 -27.592958384359886
808.8125 -25.270356454419737 -27.592404299214365
809.3125 -25.268423514913323 -27.591844345456774
809.8124999999999 -25.26650420153056 -27.591269329369897
810.3125 -25.264589450394006 -27.59070733636223
810.8125 -25.262682817252124 -27.590139887379838
811.3124999999999 -25.26077295132492 -27.58957770272879
811.8125 -25.2588426078499 -27.589004463466257
812.3125 -25.256940550479502 -27.588447296928553
812.8124999999999 -25.25501932987357 -27.587870561500093
813.3125 -25.253122377815235 -27.587297698194632
813.8125 -25.251229748867203 -27.586727812829945
814.3124999999999 -25.249319948879034 -27.586160326659062
814.8125 -25.247408447875674 -27.58558639523338
815.3125 -25.24551223801894 -27.585014040313084
815.8124999999999 -25.243605306390656 -27.584433812118114
816.3125 -25.241710896020784 -27.58385946564568
816.8125 -25.239806919388343 -27.583277527818396
817.3124999999999 -25.237910902946197 -27.582696251242965
817.8125 -25.23602699507432 -27.582120136642626
818.3125 -25.234138842173614 -27.5815393596151
818.8124999999999 -25.23224924680109 -27.580966713816018
819.3125 -25.230354658753885 -27.580382252038266
819.8125 -25.228473459517488 -27.57979910087489
820.3124999999999 -25.226553820431246 -27.579209779911388
820.8125 -25.224695952001635 -27.578630879906854
821.3125 -25.22281254074288 -27.578038653254467
821.8124999999999 -25.22093877942701 -27.577455511377917
822.3125 -25.2190504214698 -27.576863715557064
822.8125 -25.217174028214107 -27.57627778777127
823.3124999999999 -25.215301046443244 -27.57568285034816
823.8125 -25.21342794237253 -27.5750970578746
824.3125 -25.211542104301166 -27.574506753997056
824.8124999999999 -25.209677509293456 -27.573910404766472
825.3125 -25.207814252415638 -27.573316356034038
825.8125 -25.20593364593958 -27.572720540315775
826.3124999999999 -25.204077509119305 -27.572132089449347
826.8125 -25.20221621249309 -27.571532588937107
827.3125 -25.200346342818975 -27.5709327339817
827.8124999999999 -25.198487519825573 -27.570326461390838
828.3125 -25.19661445466341 -27.5697288933238
828.8125 -25.194762581308513 -27.56913092240312
829.3124999999999 -25.192903956668673 -27.568527659327128
829.8125 -25.19106195224808 -27.5679271599449
830.3125 -25.189190919828036 -27.567323851859136
830.8124999999999 -25.187322969076558 -27.566722091781838
831.3125 -25.185495911916025 -27.56611227191903
831.8125 -25.183635133419298 -27.565498987021027
832.3124999999999 -25.181796705894786 -27.564895673230833
832.8125 -25.17991693308737 -27.56428797930369
833.3125 -25.178091304534775 -27.563679773683873
833.8124999999999 -25.17624855875337 -27.56306317144928
834.3125 -25.174390374413527 -27.5624550810129
834.8125 -25.172545642471565 -27.561845556067162
835.3124999999999 -25.170708281725855 -27.561224048592443
835.8125 -25.16887236779535 -27.560615250121863
836.3125 -25.167055129681085 -27.559994466381603
836.8124999999999 -25.165210532357282 -27.559384423942433
837.3125 -25.16336431855485 -27.558766705484707
837.8125 -25.16154044844166 -27.558139450924394
838.3124999999999 -25.159676508327664 -27.557519179288068
838.8125 -25.157871786316342 -27.55690333993912
839.3125 -25.15603195594361 -27.55627758058116
839.8124999999999 -25.154208771188177 -27.555659923638025
840.3125 -25.152377549405106 -27.55503805471289
840.8125 -25.150552247874156 -27.554409330217663
841.3124999999999 -25.14871251823348 -27.553780896679413
841.8125 -25.146890850194545 -27.55315240767171
842.3125 -25.14508131402188 -27.552532815001534
842.8124999999999 -25.1432632553569 -27.55189953151845
843.3125 -25.141414907028896 -27.551270284273865
843.8125 -25.1396100365086 -27.550640577361477
844.3124999999999 -25.13777637422465 -27.550015672768026
844.8125 -25.135993703104525 -27.54937461473363
845.3125 -25.134162473758124 -27.548736845060404
845.8124999999999 -25.132339497906603 -27.54811159234915
846.3125 -25.130531692650106 -27.54747127412521
846.8125 -25.12871336900364 -27.546841364162077
847.3124999999999 -25.12690832773881 -27.546197688686167
847.8125 -25.125097503132675 -27.545560619928885
848.3125 -25.123292325903716 -27.544918836430536
848.8124999999999 -25.121476616846316 -27.544279282168773
849.3125 -25.119662792268933 -27.543642339171427
849.8125 -25.117849416974703 -27.54299839463713
850.3124999999999 -25.11603847767102 -27.54235607938114
850.8125 -25.114262755300114 -27.541707851935517
851.3125 -25.112452153087055 -27.54106357823964
851.8124999999999 -25.110656202613573 -27.540416947778947
852.3125 -25.108868839258843 -27.53976224428237
852.8125 -25.107070151373065 -27.53911410338677
853.3124999999999 -25.10528501493709 -27.53846609215309
853.8125 -25.103500590468318 -27.537809673599988
854.3125 -25.10172560999886 -27.53715756623874
854.8124999999999 -25.09994489996734 -27.536503240820423
855.3125 -25.09814710878316 -27.535845376534375
855.8125 -25.09640162704299 -27.53518991953547
856.3124999999999 -25.094641933015374 -27.534524417061945
856.8125 -25.092861871142134 -27.533869500246986
857.3125 -25.09110243725558 -27.533212661590653
857.8124999999999 -25.089345512979797 -27.53254391420142
858.3125 -25.087579819894206 -27.531880453723502
858.8125 -25.085817504956708 -27.53120846561532
859.3124999999999 -25.084067928101618 -27.53054589498226
859.8125 -25.082322126357404 -27.52987562117841
860.3125 -25.080590021935013 -27.52921310447467
860.8124999999999 -25.078824048796562 -27.52854347360021
861.3125 -25.07708076455763 -27.52787237100502
861.8125 -25.07535247391658 -27.5272009888443
862.3124999999999 -25.0736046543498 -27.526524385674584
862.8125 -25.071864099470112 -27.525859535662892
863.3125 -25.070145921885544 -27.525180999343522
863.8124999999999 -25.068386748864686 -27.52450280558172
864.3125 -25.066668017686844 -27.523828114590557
864.8125 -25.064918440374942 -27.52314212316227
865.3124999999999 -25.063195991983207 -27.522466512921838
865.8125 -25.06149959736075 -27.52178858601859
866.3125 -25.059745246872872 -27.521105086408923
866.8124999999999 -25.058025231601032 -27.520424373676413
867.3125 -25.056315901947357 -27.51973692153968
867.8125 -25.05457822719864 -27.51905759549771
868.3124999999999 -25.05286636688499 -27.518372089280607
868.8125 -25.05118274109034 -27.517687192281294
869.3125 -25.049457435076327 -27.516996476234617
869.8124999999999 -25.047734438199715 -27.51631136944227
870.3125 -25.046012400338377 -27.515618813032006
870.8125 -25.044316752247568 -27.514931916065105
871.3124999999999 -25.04260298133979 -27.514239535561323
871.8125 -25.040874211914893 -27.513545810857938
872.3125 -25.039165957095175 -27.512863643852118
872.8124999999999 -25.037458383349488 -27.51216502773996
873.3125 -25.03574333150442 -27.51146045656375
873.8125 -25.03406220688216 -27.510768468900125
874.3124999999999 -25.032364599010364 -27.51008106848974
874.8125 -25.03062387422148 -27.50938008182746
875.3125 -25.028955369561366 -27.508681433939763
875.8124999999999 -25.027218555557134 -27.507990576436146
876.3125 -25.025543489740866 -27.507285790588014
876.8125 -25.023803157464826 -27.506582551759678
877.3124999999999 -25.02211670189756 -27.505882882013026
877.8125 -25.020427268270545 -27.505180548065056
878.3125 -25.01871116681286 -27.50447235948843
878.8124999999999 -25.017010744351627 -27.50377543994084
879.3125 -25.015295236244327 -27.503073432046563
879.8125 -25.013607045117908 -27.502368691871713
880.3124999999999 -25.011894302066217 -27.501660226323416
880.8125 -25.010212557468776 -27.50096212865295
881.3125 -25.00851702537163 -27.50024540573206
881.8124999999999 -25.006767073255787 -27.499544084966217
882.3125 -25.005070944526903 -27.498840093453083
882.8125 -25.003392296778713 -27.498132193762718
883.3124999999999 -25.001673175576066 -27.49742369490518
883.8125 -24.999977852248236 -27.496716285816145
884.3125 -24.99826043583202 -27.496001356500514
884.8124999999999 -24.996570598845643 -27.495293846496736
885.3125 -24.99484450408241 -27.49457944408485
885.8125 -24.993151522115184 -27.493872499138714
886.3124999999999 -24.99142332404808 -27.49315523105944
886.8125 -24.989709868448138 -27.4924460207245
887.3125 -24.988000833641507 -27.49173150048392
887.8124999999999 -24.986301870697133 -27.49102099937321
888.3125 -24.984583219212393 -27.490303226861545
888.8125 -24.982867309082142 -27.489588136533808
889.3124999999999 -24.981137968830364 -27.488867723784608
889.8125 -24.97943210986701 -27.488155527817998
890.3125 -24.97773735027533 -27.487440508946012
890.8124999999999 -24.976004535620525 -27.486727680246
891.3125 -24.97430814022414 -27.485999425695642
891.8125 -24.972599845812095 -27.485278832160994
892.3124999999999 -24.970892652309065 -27.484566400970433
892.8125 -24.969184644778846 -27.483836843175588
893.3125 -24.967504077602328 -27.483118888130456
893.8124999999999 -24.96580498495308 -27.48239062623516
894.3125 -24.964099520657573 -27.481663630735902
894.8125 -24.962407357450495 -27.48093943684672
895.3124999999999 -24.96069226003875 -27.480208767952426
895.8125 -24.958996439718753 -27.479484076633295
896.3125 -24.95732239074799 -27.478751716553425
896.8124999999999 -24.955604859090506 -27.478022782072156
897.3125 -24.95393107015672 -27.477296563661223
897.8125 -24.952246699057604 -27.4765588907378
898.3124999999999 -24.95052322277342 -27.4758276429074
898.8125 -24.948845407282164 -27.475097186044295
899.3125 -24.94717825593211 -27.474358282728808
899.8124999999999 -24.945482139728146 -27.473623878751727
900.3125 -24.94377857182215 -27.472892060207187
900.8125 -24.942116960328455 -27.472153158617616
901.3124999999999 -24.940418605198573 -27.471414466644262
901.8125 -24.93875803642348 -27.470680049373073
902.3125 -24.9370398837775 -27.469938735034148
902.8124999999999 -24.93537758227302 -27.469203949156075
903.3125 -24.933694025152832 -27.468462383702033
903.8125 -24.93201084500854 -27.46771575197227
904.3124999999999 -24.93031352653299 -27.46698419935905
904.8125 -24.928659260279765 -27.466223995056023
905.3125 -24.926968675873287 -27.465487433612633
905.8124999999999 -24.925277595979015 -27.464739074538617
906.3125 -24.92361626350414 -27.464003310214128
906.8125 -24.921905668082044 -27.463249970791573
907.3124999999999 -24.92026659073086 -27.462502815219384
907.8125 -24.918565868439 -27.461747788641652
908.3125 -24.916882446735702 -27.461008932982484
908.8124999999999 -24.915218523761027 -27.460257701373738
909.3125 -24.913555963812044 -27.459511244737413
909.8125 -24.9118742604212 -27.458755600594426
910.3124999999999 -24.910198163505104 -27.458000979608798
910.8125 -24.90851691223404 -27.457251357311094
911.3125 -24.906825144664793 -27.456495847663057
911.8124999999999 -24.90516694560014 -27.455744452458248
912.3125 -24.903486050240225 -27.45498239827529
912.8125 -24.901804652104307 -27.45423071626227
913.3124999999999 -24.900116580453393 -27.45347709848108
913.8125 -24.898443719408153 -27.452720843831074
914.3125 -24.896769012210807 -27.451963068208492
914.8124999999999 -24.895100083059813 -27.451213388263888
915.3125 -24.89342265909251 -27.45044198909179
915.8125 -24.891714596397986 -27.44968292159161
916.3124999999999 -24.890055710453183 -27.44892551473623
916.8125 -24.888344413542747 -27.448157647370508
917.3125 -24.88668661427075 -27.447401105051398
917.8124999999999 -24.884987757750654 -27.446637433807787
918.3125 -24.883314026634476 -27.445879769369952
918.8125 -24.881605533380938 -27.44510944261592
919.3124999999999 -24.879930419428824 -27.444349278023715
919.8125 -24.87824703652503 -27.443582419262853
920.3125 -24.876564992520755 -27.44281934568069
920.8124999999999 -24.87486493555653 -27.442049647717415
921.3125 -24.87315391176505 -27.44128282731909
921.8125 -24.871484581915745 -27.44051821372125
922.3124999999999 -24.86979411184521 -27.43974869025645
922.8125 -24.86809573045909 -27.438974031679685
923.3125 -24.866374051446467 -27.438205519062922
923.8124999999999 -24.86470596967205 -27.43744390519566
924.3125 -24.8629960469172 -27.43667019844387
924.8125 -24.861290883021205 -27.435898923942446
925.3124999999999 -24.85961475163186 -27.435131228959108
925.8125 -24.85787045949095 -27.434357218936235
926.3125 -24.856192845002955 -27.433584833527902
926.8124999999999 -24.854472346815506 -27.432804464018794
927.3125 -24.852778134500156 -27.432033178358864
927.8125 -24.851060828623986 -27.431257518014128
928.3124999999999 -24.849333332232206 -27.430489482252117
928.8125 -24.84764317997602 -27.429709982781475
929.3125 -24.8459136876609 -27.428933144868445
929.8124999999999 -24.844194666235474 -27.42815860821377
930.3125 -24.8424986345796 -27.42737875460165
930.8125 -24.840781241113625 -27.426601557686773
931.3124999999999 -24.839086986473763 -27.425819963201818
931.8125 -24.837354717527006 -27.425036997960003
932.3125 -24.835673025855307 -27.424257857186575
932.8124999999999 -24.833939704470662 -27.42347507786412
933.3125 -24.832220414414962 -27.422700921128516
933.8125 -24.830527886624925 -27.4219100401576
934.3124999999999 -24.8287979917702 -27.42113043650129
934.8125 -24.82708101668147 -27.420347907385295
935.3125 -24.825349319092474 -27.41956151112964
935.8124999999999 -24.823636836890117 -27.41877590562188
936.3125 -24.821945202251857 -27.41798951356589
936.8125 -24.820232280035633 -27.41720219130872
937.3124999999999 -24.818511585775664 -27.416413165341993
937.8125 -24.81679386145565 -27.415627542805883
938.3125 -24.815078009626795 -27.414840548180123
938.8124999999999 -24.813350876810098 -27.414048098979244
939.3125 -24.81165586734059 -27.41325259785394
939.8125 -24.809923733611182 -27.41246411587978
940.3124999999999 -24.808225950828703 -27.41167079548669
940.8125 -24.806492933952683 -27.41088952675691
941.3125 -24.804766084378574 -27.410088000492266
941.8124999999999 -24.80304036664166 -27.40929397328888
942.3125 -24.801334063960496 -27.40849646334947
942.8125 -24.79960246908183 -27.40769706792274
943.3124999999999 -24.797861463977515 -27.40690717441531
943.8125 -24.796177875576923 -27.406112109968063
944.3125 -24.794445723470385 -27.40530912028892
944.8124999999999 -24.792709524888288 -27.404514260176647
945.3125 -24.79098413797996 -27.40371398349297
945.8125 -24.789262314085047 -27.402916757949267
946.3124999999999 -24.787547174803983 -27.40211049682836
946.8125 -24.785829836038033 -27.40129721172125
947.3125 -24.784101234144554 -27.400509745761987
947.8124999999999 -24.782384085907324 -27.399692269714148
948.3125 -24.78064678855354 -27.39888812655794
948.8125 -24.77891394083572 -27.398085183670126
