FastTrWP/PhaseSpace/IAs/snIa_0.58_30.00_0.73_0.11.csv
# %ECSV 0.9
# ---
# datatype:
# - {name: time-rel, datatype: float64}
# - {name: g, datatype: float64}
# - {name: i, datatype: float64}
# schema: astropy-2.0
time-rel g i
[from data line 2510]
826.5 26.46569896148216 23.06362810108123
827.0 26.468298854338798 23.064636229936795
827.5 26.470947545837728 23.06563162190383
828.0 26.473504262077473 23.066642545061438
828.5 26.476092552893785 23.067653578930063
829.0 26.47867530190176 23.068658328021673
829.5 26.481290236015475 23.069662070434415
830.0 26.48385781607289 23.070673249982715
830.5 26.486450555805035 23.07168056221166
831.0 26.48904894211489 23.07269097000972
831.5 26.491626451332788 23.073704846025606
832.0 26.494202879010462 23.07472273558988
832.5 26.496800082774072 23.075735386242357
833.0 26.499355704313633 23.07676128178294
833.5 26.501959204415044 23.07777348867679
834.0 26.504551582697026 23.078798293981066
834.5 26.50711008332565 23.079816948271016
835.0 26.509641724294948 23.080838496938036
835.5 26.512207280446447 23.081858023438354
836.0 26.51482153108329 23.08288445177959
836.5 26.517354546325635 23.083905498066937
837.0 26.519951691853333 23.084934206461483
837.5 26.522510193142487 23.085964302670664
838.0 26.525095226012244 23.086991862464377
838.5 26.527692350884355 23.08801549371718
839.0 26.53020852626242 23.08904872216872
839.5 26.53272740002413 23.090079270114735
840.0 26.535318875205732 23.091109132852587
840.5 26.537911639777832 23.092146126244945
841.0 26.540499703697748 23.0931787534861
841.5 26.543076523443972 23.094210408532323
842.0 26.54563513448226 23.09525859945754
842.5 26.548194713559056 23.096289279747495
843.0 26.550752479337394 23.097335957511326
843.5 26.553302378664718 23.098370165024082
844.0 26.555856206634868 23.099416964007226
844.5 26.55844394644557 23.100461485588877
845.0 26.56101806196473 23.101497553505542
845.5 26.563597219942302 23.102543746893186
846.0 26.566136460228496 23.103586257489297
846.5 26.568714192566233 23.104626970479153
847.0 26.57128777079924 23.10567678296215
847.5 26.573829078982815 23.106732984515695
848.0 26.5764013455123 23.10777771635452
848.5 26.57898276518488 23.108834130819407
849.0 26.58156707050957 23.109881454299384
849.5 26.584075796651234 23.11093096841266
850.0 26.58664380249189 23.1119893900502
850.5 26.589196748875125 23.11303851736796
851.0 26.591778829583888 23.11409902248681
851.5 26.594320652940866 23.115139871603215
852.0 26.596891105588647 23.116215369955846
852.5 26.599458124037657 23.117270425280914
853.0 26.602011032917655 23.118327931331496
853.5 26.604575788688408 23.119392089753404
854.0 26.607161829905692 23.120443843235925
854.5 26.609692914954266 23.121503066970615
855.0 26.61219406108932 23.122576018134303
855.5 26.61481816552637 23.123630849958538
856.0 26.617365432674692 23.12469893839697
856.5 26.6198711762405 23.125760045179856
857.0 26.622450119104208 23.12682778640945
857.5 26.62498284575754 23.127900048745044
858.0 26.627571844487754 23.128962360311277
858.5 26.630100846643092 23.130038439839335
859.0 26.632606105695945 23.131101248035463
859.5 26.635182155609805 23.132179287736715
860.0 26.637710943588434 23.133248273808256
860.5 26.64027930922476 23.134320627431254
861.0 26.642818556307702 23.135390274649637
861.5 26.645289278454854 23.13646900695001
862.0 26.647858515626787 23.13754229695703
862.5 26.650383472930077 23.1386159835193
863.0 26.65287769253624 23.139691723378842
863.5 26.65545215301215 23.14077525980486
864.0 26.657970487329145 23.14184818692013
864.5 26.660489192210356 23.142927000437638
865.0 26.663018862460397 23.144011017932634
865.5 26.665530434399752 23.14509342992197
866.0 26.66809926207929 23.146169768969887
866.5 26.670611578051606 23.14726118741726
867.0 26.673072253310966 23.14833944092719
867.5 26.675582136849325 23.14942211242095
868.0 26.678133847348747 23.15051005273141
868.5 26.68057617037414 23.151599885635168
869.0 26.683075065942795 23.152670706403025
869.5 26.685589291839506 23.15376534416643
870.0 26.688118487519183 23.154854945685422
870.5 26.69062464820966 23.15595582814034
