FastTrWP/PhaseSpace/IAs/snIa_0.4_25_1_-0.1.csv
# %ECSV 0.9
# ---
# datatype:
# - {name: time-rel, datatype: float64}
# - {name: g, datatype: float64}
# - {name: i, datatype: float64}
# schema: astropy-2.0
time-rel g i
[from data line 831]
395.4166666666667 -27.107409558418887 -27.27392910921086
395.9166666666667 -27.108285963519855 -27.275120247476945
396.41666666666663 -27.109153400501945 -27.276311248853208
396.9166666666667 -27.110031557322497 -27.277502895989016
397.4166666666667 -27.110874866940044 -27.278681914505537
397.91666666666663 -27.111725280928972 -27.279859360426535
398.4166666666667 -27.112569688354625 -27.28103984214604
398.9166666666667 -27.113407409455856 -27.282206663303704
399.41666666666663 -27.114237755781765 -27.283365818273516
399.9166666666667 -27.115055035357436 -27.284531282673854
400.4166666666667 -27.115862965050482 -27.28569304237776
400.91666666666663 -27.116663748312973 -27.286844546936074
401.4166666666667 -27.11747047370933 -27.28799540230944
401.9166666666667 -27.118262677747204 -27.28913104384374
402.41666666666663 -27.11903927903016 -27.290272539374406
402.9166666666667 -27.119819156093435 -27.29140540763094
403.4166666666667 -27.120583309807834 -27.292533410348927
403.91666666666663 -27.121342616580037 -27.29366028309853
404.4166666666667 -27.12209645919107 -27.29478284774721
404.9166666666667 -27.122842949917935 -27.295896385299734
405.41666666666663 -27.123583729284167 -27.297014466197126
405.9166666666667 -27.12430436083484 -27.298114296202005
406.4166666666667 -27.1250355313106 -27.299226824851832
406.91666666666663 -27.125731093499116 -27.300323517755256
407.4166666666667 -27.126452617329825 -27.30141691688
407.9166666666667 -27.1271543171587 -27.3025018743104
408.41666666666663 -27.12784498937193 -27.303596803391258
408.9166666666667 -27.128522733396927 -27.30468357604337
409.4166666666667 -27.12919795037518 -27.305750731341504
409.91666666666663 -27.129870482432608 -27.30682139989895
410.4166666666667 -27.130531990315262 -27.30789880153803
410.9166666666667 -27.131182975611928 -27.3089584281111
411.41666666666663 -27.13182954996315 -27.310016634086644
411.9166666666667 -27.13246043936398 -27.311080433197176
412.4166666666667 -27.13309045318026 -27.31211712126914
412.91666666666663 -27.133711126890425 -27.313165332449195
413.4166666666667 -27.13432549940313 -27.314203341815077
413.9166666666667 -27.134927131633425 -27.31525203219271
414.41666666666663 -27.135524274287 -27.31627142109614
414.9166666666667 -27.13611577214385 -27.317301171743598
415.4166666666667 -27.136691099145892 -27.318335601556505
415.91666666666663 -27.137276453349543 -27.319349433239864
416.4166666666667 -27.13783441652167 -27.320366698160452
416.9166666666667 -27.138397134356666 -27.321390469511712
417.41666666666663 -27.138948539865776 -27.32239587066317
417.9166666666667 -27.13949007491724 -27.323395796591917
418.4166666666667 -27.140024474454073 -27.324400267628988
418.91666666666663 -27.140553281789245 -27.32538960705119
419.4166666666667 -27.14107991934538 -27.32639337401647
419.9166666666667 -27.14158763561889 -27.327375214242377
420.41666666666663 -27.142097839146846 -27.328361733872836
420.9166666666667 -27.14260467674171 -27.32933963948009
421.4166666666667 -27.143088977377502 -27.33031736176542
421.91666666666663 -27.14358603237273 -27.33128868769818
422.4166666666667 -27.14405520890553 -27.33226367725929
422.9166666666667 -27.144528685402832 -27.33322097162297
423.41666666666663 -27.144989571465416 -27.33418197682788
423.9166666666667 -27.145451214255814 -27.33514472804036
424.4166666666667 -27.145894273254918 -27.336094881734645
424.91666666666663 -27.146347222037875 -27.3370479547839
425.4166666666667 -27.146788517927497 -27.337996829732873
425.9166666666667 -27.14721615325267 -27.338935330470783
426.41666666666663 -27.147639283157407 -27.339876001510156
426.9166666666667 -27.148053866663467 -27.340805855311526
427.4166666666667 -27.148473691104474 -27.34173694800795
427.91666666666663 -27.148875456678073 -27.34265549997104
428.4166666666667 -27.149279452150697 -27.343582238759158
428.9166666666667 -27.149674118637492 -27.344502305786715
429.41666666666663 -27.150047657672893 -27.345426523857142
429.9166666666667 -27.150437778048783 -27.346331449952835
430.4166666666667 -27.150807078584826 -27.34723506120378
430.91666666666663 -27.151185671913538 -27.348143739194928
431.4166666666667 -27.1515385213577 -27.349042338137934
431.9166666666667 -27.15189157958694 -27.34993870544659
432.41666666666663 -27.152240936268342 -27.35083256009856
432.9166666666667 -27.152584430387577 -27.351725791475836
433.4166666666667 -27.15292009799622 -27.35260802643473
433.91666666666663 -27.153249971388874 -27.353487077163052
434.4166666666667 -27.153576432741243 -27.354366574682416
434.9166666666667 -27.153890697402275 -27.355246261449842
435.41666666666663 -27.15421251682973 -27.35611044776308
435.9166666666667 -27.154512318357774 -27.35698152212938
436.4166666666667 -27.15481505397612 -27.357845035593407
436.91666666666663 -27.155117309217157 -27.35870787208984
437.4166666666667 -27.15540847553356 -27.359557557433977
437.9166666666667 -27.155694917907212 -27.36041742667584
438.41666666666663 -27.155973018543456 -27.361260437850543
438.9166666666667 -27.156246717609317 -27.362110565413875
439.4166666666667 -27.156505797959127 -27.362948390783792
439.91666666666663 -27.156781515485036 -27.363789051671368
440.4166666666667 -27.15703602437746 -27.36463438452605
440.9166666666667 -27.15728703250853 -27.36545890087322
441.41666666666663 -27.157538371817267 -27.36629023898777
441.9166666666667 -27.15777887742899 -27.367103704875028
442.4166666666667 -27.158018587027716 -27.36793135685687
442.91666666666663 -27.15824230590785 -27.36875642502282
443.4166666666667 -27.15846935979529 -27.36957116634995
443.9166666666667 -27.158688608644987 -27.370383088299135
444.41666666666663 -27.1589086780984 -27.371183788237357
444.9166666666667 -27.159116845503576 -27.371990280490802
445.4166666666667 -27.159331840084896 -27.37279226133928
445.91666666666663 -27.159537372431146 -27.373589043410664
446.4166666666667 -27.159723756153152 -27.3743742949873
446.9166666666667 -27.159907357056355 -27.375164904478268
447.41666666666663 -27.160084103477043 -27.375949780034738
447.9166666666667 -27.16025567335763 -27.376735936386222
448.4166666666667 -27.16041267887752 -27.37751480427917
448.91666666666663 -27.16056819999355 -27.378293180934694
449.4166666666667 -27.16072133897157 -27.379056712849273
449.9166666666667 -27.160860750047433 -27.379829376508358
450.41666666666663 -27.16099323362155 -27.380598102042004
450.9166666666667 -27.161122713107602 -27.381353723092378
451.4166666666667 -27.16123430638389 -27.38210940837962
451.91666666666663 -27.161343360779966 -27.382859286542228
452.4166666666667 -27.161450946732447 -27.383609366509116
452.9166666666667 -27.16154815263244 -27.384353149534984
453.41666666666663 -27.161643997428882 -27.385096422894726
453.9166666666667 -27.16173397468104 -27.385836049362172
454.4166666666667 -27.161810897812448 -27.386568876773087
454.91666666666663 -27.161882844045625 -27.387302291756818
455.4166666666667 -27.161953707844965 -27.38802716199052
455.9166666666667 -27.16200736494068 -27.388756113892402
456.41666666666663 -27.162071122565496 -27.389471590543472
456.9166666666667 -27.162109682174215 -27.390201900299825
457.4166666666667 -27.16216328140524 -27.390909121361105
457.91666666666663 -27.162205391652453 -27.391624751812294
458.4166666666667 -27.162225407666043 -27.392333348783442
458.9166666666667 -27.16225633840037 -27.39303865384565
459.41666666666663 -27.162285887107732 -27.39373466757979
459.9166666666667 -27.162304418514758 -27.39443219131294
460.4166666666667 -27.162309931135574 -27.395127073068334
460.91666666666663 -27.162320176590896 -27.39581385956256
461.4166666666667 -27.162318176167723 -27.396519286302954
461.9166666666667 -27.16232380138767 -27.397204352325076
462.41666666666663 -27.162305325766383 -27.39788433034033
462.9166666666667 -27.162300420072608 -27.398561427390433
463.4166666666667 -27.162282014672318 -27.399243830689386
463.91666666666663 -27.162269497109893 -27.39991395486394
464.4166666666667 -27.162240519955787 -27.40058593454006
464.9166666666667 -27.162213895489625 -27.40126669672271
465.41666666666663 -27.162178300331917 -27.40191564145807
465.9166666666667 -27.162140010920503 -27.402576250145355
466.4166666666667 -27.16211303804988 -27.403235270143465
466.91666666666663 -27.162059964630135 -27.403897527549482
467.4166666666667 -27.162008158003104 -27.404551996236528
467.9166666666667 -27.161962782126658 -27.40519875718144
468.41666666666663 -27.161905499168686 -27.40584829876334
468.9166666666667 -27.1618501729543 -27.40649139140912
469.4166666666667 -27.161788100232688 -27.407142110477313
469.91666666666663 -27.161716147817646 -27.407784805426544
470.4166666666667 -27.161657945863936 -27.408422822226164
470.9166666666667 -27.161585182332573 -27.409054080276878
471.41666666666663 -27.161512785085414 -27.409687290106078
471.9166666666667 -27.161436276693102 -27.410315126980684
472.4166666666667 -27.161356353977702 -27.410943032577016
472.91666666666663 -27.161274539001052 -27.41157217768548
473.4166666666667 -27.16118803855966 -27.412191692291557
473.9166666666667 -27.16111226630354 -27.412809406243305
474.41666666666663 -27.161018043178796 -27.413433147986236
474.9166666666667 -27.160928910619376 -27.41403440816562
475.4166666666667 -27.160831086346246 -27.414651838045614
475.91666666666663 -27.16073696053543 -27.415261561712025
476.4166666666667 -27.160649560152997 -27.415869052497747
476.9166666666667 -27.160551487730128 -27.416476929340448
477.41666666666663 -27.160450714127503 -27.41708058386534
477.9166666666667 -27.160350183467408 -27.41767715293431
478.4166666666667 -27.160239557730144 -27.418274490674012
478.91666666666663 -27.160146229308815 -27.418870110165585
479.4166666666667 -27.16003733605357 -27.41946122257564
479.9166666666667 -27.159943485177283 -27.420055096852828
480.41666666666663 -27.15982567197254 -27.42064923069258
480.9166666666667 -27.159709040624488 -27.421235826032454
481.4166666666667 -27.15959253698098 -27.421818979701712
481.91666666666663 -27.15946687433624 -27.42239467785362
482.4166666666667 -27.159339728939734 -27.422980339476485
482.9166666666667 -27.159222165165833 -27.423554494895054
483.41666666666663 -27.159084560115335 -27.42412810817065
483.9166666666667 -27.158954769476686 -27.42469990887095
484.4166666666667 -27.158813508184885 -27.425264719805142
484.91666666666663 -27.15868171783502 -27.42583545994069
485.4166666666667 -27.15852967734891 -27.426393732819104
485.9166666666667 -27.158385025669013 -27.42695934838901
486.41666666666663 -27.158234886987294 -27.427515786712796
486.9166666666667 -27.15808983715679 -27.428082215709427
487.4166666666667 -27.157923190874342 -27.42862919368365
487.91666666666663 -27.157769519275522 -27.429183314310286
488.4166666666667 -27.15760695879935 -27.429725912272534
488.9166666666667 -27.15743811033757 -27.43027903576084
489.41666666666663 -27.157256478979242 -27.430825322605344
489.9166666666667 -27.15708582431972 -27.431358091876863
490.4166666666667 -27.15690895921737 -27.431897131424524
490.91666666666663 -27.156725413162086 -27.43243562706254
491.4166666666667 -27.15653978050153 -27.432978061976133
491.9166666666667 -27.156358673849894 -27.433506073996682
492.4166666666667 -27.15616583713455 -27.434037449803377
492.9166666666667 -27.15596503575723 -27.434554777654213
493.4166666666667 -27.155773546080006 -27.435084104820085
493.9166666666667 -27.15555884239057 -27.43560004190669
494.4166666666667 -27.15535788052042 -27.436118332783927
494.9166666666667 -27.15514919634488 -27.43663548527818
495.4166666666667 -27.154935146287215 -27.43714184181396
495.9166666666667 -27.15471802647039 -27.437654481024694
496.4166666666667 -27.154502305982664 -27.438162281301043
496.9166666666667 -27.154275530907483 -27.438668766190354
497.4166666666667 -27.154047106479908 -27.43916899215051
497.9166666666667 -27.153813048141636 -27.439676383130795
498.4166666666667 -27.15357807244051 -27.440160269062904
498.9166666666667 -27.153346515191032 -27.440652006578166
499.4166666666667 -27.153102697170596 -27.441143479174407
499.9166666666667 -27.15285925436534 -27.441637941337504
500.4166666666667 -27.152603694135948 -27.442125444110303
500.9166666666667 -27.152354557316897 -27.442606864295715
501.4166666666667 -27.15210072081907 -27.443078887998567
501.9166666666667 -27.151837376767784 -27.443561794725362
502.4166666666667 -27.151568328994426 -27.444034449577906
502.9166666666667 -27.151304660049714 -27.44451006720648
503.4166666666667 -27.151023014338595 -27.444977177310932
503.9166666666667 -27.150755393861694 -27.445441391149245
504.4166666666667 -27.150466961334754 -27.44589825653
504.9166666666667 -27.150186046716527 -27.44636421108997
505.4166666666667 -27.149892029385466 -27.44682280826725
505.9166666666667 -27.14961185188593 -27.447270685353182
506.4166666666667 -27.149310396640765 -27.447734064245545
506.9166666666667 -27.149011496974673 -27.448172106096965
507.4166666666667 -27.148712309329007 -27.448615811344503
507.9166666666667 -27.148412293331635 -27.449061857950174
508.4166666666667 -27.148099883730026 -27.449503877921142
508.9166666666667 -27.147780731012606 -27.449943882935482
509.4166666666667 -27.14746457244788 -27.450376961720306
509.9166666666667 -27.147133417750034 -27.450801373765884
510.4166666666667 -27.146806226887804 -27.451229838356518
510.9166666666667 -27.146483883683015 -27.451661462470863
511.4166666666667 -27.146141149907823 -27.452079987472246
511.9166666666667 -27.1457965180553 -27.452502917407784
512.4166666666666 -27.145459156886144 -27.45290854167124
512.9166666666666 -27.145111180613235 -27.45332700147877
513.4166666666666 -27.144766617868697 -27.45374379045125
513.9166666666666 -27.144409977988808 -27.454150266256807
514.4166666666666 -27.144048633832046 -27.454557042502962
514.9166666666666 -27.143688200957815 -27.454955109957137
515.4166666666666 -27.143319866012728 -27.4553605228944
515.9166666666666 -27.142951543583237 -27.45575232516863
516.4166666666666 -27.142583564264967 -27.456150796531116
516.9166666666666 -27.142206162631602 -27.456540074540136
517.4166666666666 -27.14181179477377 -27.456931945498972
517.9166666666666 -27.141437789235255 -27.45732099076551
518.4166666666666 -27.141042257683715 -27.45770952740606
518.9166666666666 -27.14065914172963 -27.458094685515068
519.4166666666666 -27.140249708333823 -27.458473092172817
519.9166666666666 -27.13985880489252 -27.45884650989656
520.4166666666666 -27.139454178067485 -27.459217680547987
520.9166666666666 -27.139052297478372 -27.459595668104374
521.4166666666666 -27.138637275703786 -27.45996513943072
521.9166666666666 -27.138211731137744 -27.460322616056978
522.4166666666666 -27.137806341148654 -27.46069470801141
522.9166666666666 -27.13736958894282 -27.461056159998694
523.4166666666666 -27.136947886858337 -27.46142415645648
523.9166666666666 -27.136521538010424 -27.46177341849826
524.4166666666666 -27.136088592573657 -27.462133494454164
524.9166666666666 -27.1356370074585 -27.462488372160372
525.4166666666666 -27.135196235729175 -27.46282793692288
525.9166666666666 -27.134753622665503 -27.463165448083707
526.4166666666666 -27.13430281696708 -27.46351712707427
526.9166666666666 -27.133842288872625 -27.463858308335126
527.4166666666666 -27.133390178880102 -27.464193611960734
527.9166666666666 -27.13293276818623 -27.464528847972964
528.4166666666666 -27.13245797695588 -27.46485302126658
528.9166666666666 -27.13198782773634 -27.465194886312506
529.4166666666666 -27.131514038512158 -27.46551649031748
529.9166666666666 -27.13103295363083 -27.465840652796153
530.4166666666666 -27.1305586890472 -27.466157854837213
530.9166666666666 -27.130060622721835 -27.46647846472056
531.4166666666666 -27.129574439805037 -27.466794907828294
531.9166666666666 -27.129070696871835 -27.467109390500333
532.4166666666666 -27.128569664696847 -27.46742052427214
532.9166666666666 -27.128075597569016 -27.46772641612609
533.4166666666666 -27.127563596654014 -27.468034739751893
