FastTrWP/PhaseSpace/IAs/snIa_0.36_30.00_1.62_0.04.csv
# %ECSV 0.9
# ---
# datatype:
# - {name: time-rel, datatype: float64}
# - {name: g, datatype: float64}
# - {name: i, datatype: float64}
# schema: astropy-2.0
time-rel g i
[from data line 1076]
113.0 22.942918110736667 22.448371384187208
113.5 22.943529351204038 22.44827825913548
114.0 22.944145748389182 22.44818359517197
114.5 22.94476301498606 22.448096767638802
115.0 22.94537876258758 22.448009795257935
115.5 22.94599531769687 22.447915901448013
116.0 22.946620133794788 22.447826185554945
116.5 22.947230917502196 22.447741929395587
117.0 22.947854063566695 22.44766402038397
117.5 22.94848185667906 22.447581107157912
118.0 22.94910107430757 22.447497007560848
118.5 22.949732289292704 22.447413738552783
119.0 22.95035862069541 22.44733305084892
119.5 22.950978007361016 22.447254518073137
120.0 22.95161115639975 22.447182339971235
120.5 22.952257728687012 22.44710872931109
121.0 22.952893600118422 22.447036419281968
121.5 22.95354140548026 22.446965314637634
122.0 22.95418346138012 22.446892166590313
122.5 22.954835881162808 22.446829408392368
123.0 22.955492260658797 22.446767906988573
123.5 22.95614267421397 22.44670820740581
124.0 22.956806885155252 22.446638582808163
124.5 22.957461874301167 22.446584238856563
125.0 22.958116078709686 22.446521598159848
125.5 22.95878542357777 22.446463600038577
126.0 22.959451985334344 22.446412583369423
126.5 22.96012007175278 22.446362341473296
127.0 22.960791170049045 22.44630780623888
127.5 22.961465891899486 22.446256713524324
128.0 22.96214098227218 22.4462177973632
128.5 22.96280977352992 22.4461624714989
129.0 22.963506094967187 22.446109836691267
129.5 22.964190015218296 22.446076633255174
130.0 22.96486291649478 22.446031513800826
130.5 22.965549491848705 22.44599777727568
131.0 22.96623738002596 22.44595273879238
131.5 22.966929737528883 22.445915676612632
132.0 22.967632197670973 22.445881675757086
132.5 22.968313465451565 22.44584389741813
133.0 22.969012904417543 22.445813503161848
133.5 22.969712812924612 22.44577971918622
134.0 22.970413692559028 22.445750324745255
134.5 22.971119501814506 22.44572092266222
135.0 22.971821879313982 22.44569118817794
135.5 22.972528910598847 22.445663819607503
136.0 22.973230054461315 22.445639677376448
136.5 22.97394447965039 22.445611767553352
137.0 22.974648157419338 22.44559221907864
137.5 22.975376932886448 22.445571367074905
138.0 22.97607401169209 22.445549911769795
138.5 22.976792665071105 22.44552877497659
139.0 22.977505449666793 22.445515698283657
139.5 22.978229629855026 22.4454973319379
140.0 22.978942866240757 22.445485339307567
140.5 22.97966384305369 22.445465101944663
141.0 22.98038003761817 22.44545613571472
141.5 22.981105748882058 22.4454464364456
142.0 22.981827911303952 22.44543023780792
142.5 22.98254345118575 22.445427798186813
143.0 22.983271260445942 22.445415154111675
143.5 22.984008077874645 22.445396003931087
144.0 22.984732754277424 22.44540084353106
144.5 22.98545940523709 22.445390635107394
145.0 22.986195927210716 22.44538926191815
145.5 22.986928876123756 22.44537933527014
146.0 22.987646555362687 22.44537485846333
146.5 22.98837588533534 22.445373297300865
147.0 22.989109768167147 22.445375174371485
147.5 22.98985778530339 22.44538230435407
148.0 22.99057287232186 22.44537662676614
148.5 22.99130965742309 22.445386324920534
149.0 22.99204617141417 22.445381077050985
149.5 22.992774808908848 22.44538993230912
150.0 22.993517291096495 22.44539481675146
150.5 22.994242416088937 22.44539049770136
151.0 22.994982008083397 22.445409062334157
151.5 22.995731122907106 22.44540451383992
152.0 22.9964637376918 22.445415621755657
152.5 22.997190917809927 22.445430029264593
153.0 22.997943361790977 22.445434426582914
153.5 22.998693228147935 22.44545044486616
154.0 22.99943594507226 22.445465121985542
154.5 23.000187169937863 22.44548749448919
155.0 23.00092613445368 22.44549344856867
155.5 23.001678681389524 22.445511707516772
156.0 23.002434805068866 22.445529852672358
156.5 23.003181675681013 22.445550422756384
157.0 23.003932832183096 22.44557809801687
157.5 23.00468916146855 22.445586620040892
158.0 23.005435840713684 22.445608687838394
158.5 23.00620031158802 22.445638305191302
159.0 23.006964617222554 22.445660899944077
159.5 23.00771952023097 22.44569523500178
160.0 23.008492858198135 22.445718434611564
160.5 23.009243930907196 22.445750277769342
161.0 23.010003465341168 22.44577672302253
161.5 23.01078075637311 22.445808664326403
162.0 23.01154233578902 22.445836221955563
162.5 23.01231108074687 22.445871918126457
163.0 23.013085651179658 22.445912438565752
163.5 23.013852488557475 22.445947827929146
164.0 23.014628363316113 22.445989240951295
164.5 23.015397102635404 22.44602568388009
165.0 23.016175857491575 22.446055466168993
165.5 23.016944971487 22.44610145490148
166.0 23.017726041809958 22.446137876489285
166.4999999999999 23.01850322065289 22.446183010856696
167.0 23.019286678532318 22.44622533922196
167.5 23.020064341724197 22.446276577986612
167.9999999999999 23.020853703205088 22.44631981248358
168.5 23.02163485400042 22.4463658885194
169.0 23.022415686292913 22.446421375594507
169.4999999999999 23.023214142539132 22.446461955392554
170.0 23.023999839637007 22.44651579354833
170.5 23.024783513665174 22.446573991353617
170.9999999999999 23.025584298846525 22.44661784700017
171.5 23.026364536334917 22.446672267353485
172.0 23.02715828727434 22.446725764224126
172.4999999999999 23.027952294859734 22.446787109715096
173.0 23.028753407550493 22.446841477118397
173.5 23.02955481961012 22.446898452347476
173.9999999999999 23.03033995300401 22.446959496038303
174.5 23.031142468258395 22.44702263308447
175.0 23.031948763032286 22.447079684371015
175.4999999999999 23.032750343154174 22.447145214767904
176.0 23.033549067215297 22.447204925259754
176.5 23.03435190650523 22.447277834352874
176.9999999999999 23.035157440785554 22.447339186923806
177.5 23.035971082423 22.44740936214644
178.0 23.036764350883075 22.447472751507355
178.4999999999999 23.03758639462028 22.447540756609964
179.0 23.03838995523352 22.44761460232982
179.5 23.039204415607774 22.44768518894912
179.9999999999999 23.04001535645333 22.447752966152578
180.5 23.04082348536316 22.44783341916737
181.0 23.04163520903733 22.447904940720615
181.4999999999999 23.042458997248808 22.447977730310505
182.0 23.04327274037673 22.44805867063353
182.5 23.044087061452053 22.44813019967563
182.9999999999999 23.044897211370635 22.44820983576998
183.5 23.045727971063155 22.448287160325183
184.0 23.046552614521758 22.44837181327593
184.4999999999999 23.047371799117776 22.44844875929633
185.0 23.048196793118972 22.448537056605172
185.5 23.049028670915707 22.448621087235637
185.9999999999999 23.04984248504901 22.44870807424361
186.5 23.050676335659183 22.448791117094153
187.0 23.051501646156684 22.44887694229765
187.4999999999999 23.052335417001167 22.448972925433893
188.0 23.053165185936315 22.44905430235773
188.5 23.053999397312637 22.449154105438296
188.9999999999999 23.054840272306887 22.449238570227802
189.5 23.05567784368259 22.44933497444901
190.0 23.056513494362353 22.449427715481068
190.4999999999999 23.057350804504818 22.449525498688466
191.0 23.058192950775236 22.449623241546988
191.5 23.059035884275684 22.44971332350966
191.9999999999999 23.059876569018193 22.449816815919966
192.5 23.060716547290415 22.449914381063717
193.0 23.061574867516125 22.450016725842143
193.4999999999999 23.062425947436186 22.45011854210917
194.0 23.063272749865966 22.450227607855417
194.5 23.06411547590441 22.450331123336802
194.9999999999999 23.064980353804163 22.450435024573252
195.5 23.0658298607476 22.45053822015716
196.0 23.066684567017695 22.450649713005504
196.4999999999999 23.067535049325294 22.45075743918853
197.0 23.06840140873026 22.45086454053388
197.5 23.06924885483532 22.450978376937417
197.9999999999999 23.0701137509363 22.451090701570834
198.5 23.070974908760288 22.451212688648464
199.0 23.07183453420844 22.451316256617865
199.4999999999999 23.07269149778223 22.451432545572207
200.0 23.073557337572996 22.45154558090373
200.5 23.07442039692215 22.451666631155373
200.9999999999999 23.07529152984202 22.451780954719332
201.5 23.076160926422023 22.45190514309885
202.0 23.077030456351157 22.452025179733642
202.4999999999999 23.07789918491843 22.452139567601588
203.0 23.078776408106947 22.45226629369506
203.5 23.0796409098851 22.452394810808563
203.9999999999999 23.08051307750086 22.452514686324136
204.5 23.081396927845937 22.45263943223697
205.0 23.082271440848476 22.45276849677232
205.4999999999999 23.083147194461425 22.452899696936175
206.0 23.084029803996636 22.45303756093263
206.5 23.08490835044035 22.453152697281986
206.9999999999999 23.085790492218035 22.453289135165406
207.5 23.08666960715 22.453420477974507
208.0 23.087554239535024 22.453557010951126
208.4999999999999 23.088433541207294 22.453692613690777
209.0 23.08932970117835 22.453823972508765
209.5 23.090211813563265 22.453956924156003
209.9999999999999 23.091103087212247 22.454095213160464
210.5 23.09199074270538 22.454240335425318
211.0 23.092882169461106 22.454374259584426
211.4999999999999 23.093771632454093 22.454511931454803
212.0 23.09466260653919 22.45465667918882
212.5 23.095564219741078 22.45480614078145
212.9999999999999 23.096451159753958 22.454942745829044
213.5 23.097341942916863 22.45508647472116
214.0 23.098246605686647 22.455234343338542
214.4999999999999 23.099138486881806 22.45537996906929
215.0 23.10003616092054 22.455530965248407
215.5 23.100941965929053 22.45567733367494
215.9999999999999 23.101838714224556 22.455824675626594
216.5 23.102732371332092 22.45598451014528
217.0 23.10364847446339 22.456127710661757
217.4999999999999 23.10454905183559 22.45627757367263
218.0 23.10546041584683 22.456439706278854
218.5 23.106371725531805 22.456586473563213
218.9999999999999 23.107271648100678 22.456734993512622
219.5 23.10818005870786 22.456895189806506
220.0 23.109100511301403 22.457054298227945
220.4999999999999 23.110023938470064 22.457207696533036
221.0 23.110940936516755 22.457363219252468
221.5 23.111853587177485 22.457521728037033
221.9999999999999 23.11277686596579 22.457683234940472
222.5 23.113697108071356 22.457842338023024
223.0 23.11461176504739 22.458007643465226
223.4999999999999 23.115544027717696 22.458163807612138
224.0 23.116468315706804 22.45832457070733
224.5 23.11740267150914 22.458490157269487
224.9999999999999 23.118331396910996 22.45865492522682
225.5 23.11925703574362 22.458817275406545
226.0 23.120186715774118 22.45898578143416
226.4999999999999 23.12111695276365 22.459149149059833
227.0 23.12205678100794 22.459320959923986
227.5 23.122990787124486 22.459490227663224
227.9999999999999 23.12392697629184 22.45965956573396
228.5 23.124857931912302 22.459833438116718
229.0 23.125798396759695 22.460003725242935
229.4999999999999 23.126739952124055 22.460184269189682
230.0 23.127679242732043 22.460355349532485
230.5 23.128624014263192 22.46053554847924
230.9999999999999 23.129564449684313 22.460702757691063
231.5 23.1305187825765 22.460884614853953
232.0 23.131448640998016 22.461067184826998
232.4999999999999 23.13240533023146 22.46125070278395
233.0 23.133344534246334 22.461433684605673
233.5 23.1343000256171 22.46161661075799
233.9999999999999 23.135241435376525 22.461807404712097
234.5 23.13620144264817 22.461987797532153
235.0 23.137141474246516 22.46217966375639
235.4999999999999 23.13809519962085 22.462372713917382
236.0 23.13904959066516 22.462563529976215
236.5 23.14000114855419 22.462751236222207
236.9999999999999 23.140958017594674 22.462952025851813
237.5 23.1419137102031 22.463147512277377
238.0 23.14287009160453 22.463343311388478
238.4999999999999 23.14383355330575 22.463538767757036
239.0 23.14478468200957 22.463746997887668
239.5 23.145742914398788 22.463948257436833
239.9999999999999 23.14669390684489 22.464150030135063
240.5 23.147655766583384 22.464353491185335
241.0 23.14861198793664 22.464553522311036
241.4999999999999 23.149582971798207 22.464767894679248
242.0 23.150542139277384 22.464972465555235
242.5 23.151497443607045 22.465200046932985
242.9999999999999 23.15245260502953 22.46540866908335
243.5 23.153419807553377 22.46562202853779
244.0 23.1543780659213 22.46583567378157
244.4999999999999 23.15535694236742 22.4660562481302
245.0 23.156307634301243 22.466283538871267
245.5 23.157269218262577 22.46650278469701
245.9999999999999 23.158236526088054 22.466724809582868
246.5 23.159197660145615 22.466958926439045
247.0 23.160155652407912 22.467179918407854
247.4999999999999 23.16112425183983 22.467406080973173
248.0 23.16209122170957 22.46764151699816
248.5 23.163057439408526 22.46788272016644
248.9999999999999 23.164026453380284 22.46812061860561
249.5 23.164995220758335 22.46835747151925
250.0 23.165956078025705 22.46859802328494
250.4999999999999 23.166929997599762 22.468832763053285
251.0 23.167902428528137 22.469076172666224
251.5 23.16886183077716 22.469324594617635
251.9999999999999 23.169838369959844 22.469566955618276
252.5 23.170794950627492 22.469809773481238
253.0 23.171780396848266 22.470061203684246
253.4999999999999 23.172752188528317 22.4703150628331
254.0 23.173720901161413 22.47056184678594
254.5 23.174701876689703 22.470813447268306
254.9999999999999 23.175679831393644 22.471067862227223
255.5 23.176656169680893 22.47132126778215
256.0 23.17762667838627 22.471578201460325
256.4999999999999 23.178610344700825 22.47184293926866
257.0 23.17958987560706 22.472101171953085
257.5 23.180570360787605 22.472365892035306
257.9999999999999 23.181551963032536 22.472634744115002
258.5 23.182532340165466 22.472896283581015
259.0 23.183513627820073 22.47315872256725
259.4999999999999 23.184497425526054 22.473445835917595
260.0 23.185482459180093 22.473708185890303
260.5 23.186464174948775 22.473970128812915
260.9999999999999 23.187444113237426 22.474247411979817
261.5 23.18843902503431 22.474518788098838
262.0 23.18943070798236 22.474810312007648
262.4999999999999 23.190406686933333 22.475076723142653
263.0 23.191392452165786 22.47535957263644
263.5 23.192386764600954 22.4756486833437
263.9999999999999 23.19338137700499 22.475923393854487
264.5 23.19437675470937 22.476208709340955
265.0 23.195360965246753 22.47650178697869
265.4999999999999 23.196353107437886 22.476784608243463
266.0 23.19733841800794 22.47707590569393
266.5 23.19834233561144 22.477368307175674
266.9999999999999 23.199330425420897 22.47764952993101
267.5 23.200325578799106 22.477956278188937
268.0 23.20132134971063 22.47824401028054
268.4999999999999 23.20232248536518 22.478542217037273
269.0 23.20331166042343 22.478837405011074
269.5 23.204302381546125 22.479139233918772
269.9999999999999 23.2053122930189 22.479438854523362
270.5 23.206303259901816 22.479752815724538
271.0 23.20731198408766 22.48005606486735
271.4999999999999 23.20831455984277 22.48035900166252
272.0 23.209311785391037 22.480674053658788
272.5 23.210311892426468 22.480976656915523
272.9999999999999 23.21131774026758 22.48129548267826
273.5 23.212315225871095 22.481601570552243
274.0 23.213316089201513 22.48191580048195
274.4999999999999 23.214312427093752 22.48222872046792
275.0 23.21532497936136 22.482551641631815
275.5 23.216331337665707 22.482870231150898
275.9999999999999 23.21734046524115 22.483189471560184
276.5 23.218339146216508 22.483516592633382
277.0 23.21933673624776 22.48383396861145
277.4999999999999 23.220347030705504 22.48416559371619
278.0 23.221356508222154 22.484487719093345
278.5 23.222373463062397 22.484813098501508
278.9999999999999 23.22338407290534 22.485148549008592
279.5 23.224385561538725 22.485474093147538
280.0 23.225388968811117 22.485819471168526
280.4999999999999 23.22639841592323 22.48614623858763
281.0 23.227415242114176 22.486495640432093
281.5 23.228430428871366 22.486830573316446
281.9999999999999 23.229444040718338 22.487164878833003
282.5 23.23044421825127 22.487510312667766
283.0 23.23146792909403 22.48785359565868
283.4999999999999 23.232481876917745 22.488199355985774
284.0 23.23348827952456 22.48854553798899
284.5 23.234504562857595 22.488898580133494
284.9999999999999 23.23551876893994 22.489241511124906
285.5 23.23654437931269 22.489601278208077
286.0 23.237557905717058 22.489956672541677
