FastTrWP/PhaseSpace/IAs/snIa_0.6_25_1_0.1.csv
# %ECSV 0.9
# ---
# datatype:
# - {name: time-rel, datatype: float64}
# - {name: g, datatype: float64}
# - {name: i, datatype: float64}
# schema: astropy-2.0
time-rel g i
[from data line 2502]
1232.1666666666667 -23.6732352376093 -26.98385290745877
1232.6666666666667 -23.669930228612817 -26.982893969722156
1233.1666666666667 -23.666612437690382 -26.981939841373457
1233.6666666666667 -23.66328716322926 -26.980986198026446
1234.1666666666667 -23.65998394365854 -26.98002135577116
1234.6666666666667 -23.65656790672732 -26.97906993830259
1235.1666666666667 -23.653308568570772 -26.978112591227994
1235.6666666666667 -23.649901748344718 -26.977145376056676
1236.1666666666667 -23.64653093802595 -26.976185132254997
1236.6666666666667 -23.643106944477353 -26.975236830319908
1237.1666666666667 -23.639798806733584 -26.97426975949393
1237.6666666666667 -23.636348947630132 -26.9733155706664
1238.1666666666667 -23.63292098026388 -26.972345967529726
1238.6666666666667 -23.629509538624202 -26.971390407587464
1239.1666666666667 -23.626054380082362 -26.970434221368535
1239.6666666666667 -23.62258925139222 -26.969465602141383
1240.1666666666667 -23.61912285335826 -26.968513389077916
1240.6666666666667 -23.615642223524507 -26.967554868466333
1241.1666666666667 -23.612144791204813 -26.966597563175835
1241.6666666666667 -23.60861147337683 -26.96563496170629
1242.1666666666667 -23.605091374570687 -26.96466378408104
1242.6666666666667 -23.601558176841962 -26.96370674047803
1243.1666666666667 -23.598032516284935 -26.962754108979595
1243.6666666666667 -23.59445821285044 -26.961782558013248
1244.1666666666667 -23.59093882912092 -26.960813943435028
1244.6666666666667 -23.587341056257056 -26.95985295377456
1245.1666666666667 -23.583758034546165 -26.958895635861673
1245.6666666666667 -23.58014544870189 -26.957930987966336
1246.1666666666667 -23.576560964150985 -26.956963976894702
1246.6666666666667 -23.572922227342794 -26.956008011886112
1247.1666666666667 -23.56931241785224 -26.955033866527444
1247.6666666666667 -23.565707599024698 -26.95406545344496
1248.1666666666667 -23.56201806176747 -26.953107735982567
1248.6666666666667 -23.558438457237322 -26.952149613184705
1249.1666666666667 -23.554804575264022 -26.951183491922215
1249.6666666666667 -23.551112299167748 -26.950212794072236
1250.1666666666667 -23.547454349735673 -26.949238536247467
1250.6666666666667 -23.543752961770494 -26.948277742440858
1251.1666666666667 -23.540066813674425 -26.947303137016576
1251.6666666666667 -23.53638039475615 -26.946331597225385
1252.1666666666667 -23.53267541517395 -26.94535602237922
1252.6666666666667 -23.52899715203385 -26.94438159612102
1253.1666666666667 -23.525327201925204 -26.943413987431097
1253.6666666666667 -23.5216019957292 -26.94243933210176
1254.1666666666667 -23.517842723203735 -26.941467366089377
1254.6666666666667 -23.514103156739505 -26.940492438145238
1255.1666666666667 -23.51044892635589 -26.939524522662616
1255.6666666666667 -23.506659599467653 -26.93853975112093
1256.1666666666667 -23.502925329200465 -26.937558215237523
1256.6666666666667 -23.49921029519664 -26.936591219544592
1257.1666666666667 -23.495478976205682 -26.935602823438124
1257.6666666666667 -23.491755847199535 -26.93463105089539
1258.1666666666667 -23.487971905993078 -26.933645516680148
1258.6666666666667 -23.484212107919646 -26.932659383727085
1259.1666666666667 -23.480486704521233 -26.931673318144426
1259.6666666666667 -23.476730815407933 -26.930699069465263
1260.1666666666667 -23.473022674953235 -26.92970709398359
1260.6666666666667 -23.46920752211753 -26.928725486153354
1261.1666666666667 -23.465492026830237 -26.927738791359353
1261.6666666666667 -23.461721253019398 -26.926753194147036
1262.1666666666667 -23.458004681715995 -26.92576156090452
1262.6666666666667 -23.454251073536593 -26.924776023354724
1263.1666666666667 -23.45049728954402 -26.923781115293203
1263.6666666666667 -23.446722718431094 -26.922792771942202
1264.1666666666667 -23.442999307833755 -26.92178413963539
1264.6666666666667 -23.43926520909313 -26.920792802098926
1265.1666666666667 -23.435517574938764 -26.91980806081675
1265.6666666666667 -23.431736538651833 -26.918800754668336
1266.1666666666667 -23.428041091528055 -26.917810414564908
1266.6666666666667 -23.42432447636407 -26.916811113373072
1267.1666666666667 -23.420576873957614 -26.915806140792835
1267.6666666666667 -23.416846888034975 -26.91480365569175
1268.1666666666667 -23.413171071302763 -26.913793786586517
1268.6666666666667 -23.40948149737512 -26.91279570057819
1269.1666666666667 -23.40575405856776 -26.911780000258222
1269.6666666666667 -23.401997749181685 -26.910766203025844
1270.1666666666667 -23.398389272236415 -26.909765052967117
1270.6666666666667 -23.39466945804177 -26.90874744545369
1271.1666666666667 -23.391009852095273 -26.90773095664359
1271.6666666666667 -23.38735952345544 -26.906714587986645
1272.1666666666667 -23.38371778079695 -26.905691848641275
1272.6666666666667 -23.380044904988083 -26.904684290589014
1273.1666666666667 -23.37648987826883 -26.903669560947485
1273.6666666666667 -23.37277800145359 -26.902645473295866
1274.1666666666667 -23.36916022057546 -26.901615758957675
1274.6666666666667 -23.36552046124927 -26.900594723057875
1275.1666666666667 -23.361853276692422 -26.89957487477169
1275.6666666666667 -23.358212352813972 -26.89854418748604
1276.1666666666667 -23.354614555259158 -26.897518419457924
1276.6666666666667 -23.350910429824143 -26.896491892204168
1277.1666666666667 -23.347280412274806 -26.895457241107405
1277.6666666666667 -23.343645028735054 -26.894425830985508
1278.1666666666667 -23.340016186050523 -26.89340714005976
1278.6666666666667 -23.336421074620137 -26.892364036496662
1279.1666666666667 -23.33274387706238 -26.891329489768463
1279.6666666666667 -23.329080300868075 -26.890298825934735
1280.1666666666667 -23.325483366807905 -26.889264744513422
1280.6666666666667 -23.321853371594607 -26.888211448888665
1281.1666666666667 -23.31824546918802 -26.88717774725881
1281.6666666666667 -23.314602448637242 -26.88614231189183
1282.1666666666667 -23.31096541045426 -26.885100724554526
1282.6666666666667 -23.30732627925724 -26.88405525047652
1283.1666666666667 -23.303670519305967 -26.88300423761319
1283.6666666666667 -23.300031360120016 -26.88196828410218
1284.1666666666667 -23.296437843762313 -26.88091529625092
1284.6666666666667 -23.292788864292792 -26.879873203306126
1285.1666666666667 -23.28920149001864 -26.878831573289276
1285.6666666666667 -23.28559697503696 -26.877782249461667
1286.1666666666667 -23.282000381769414 -26.876728726371898
1286.6666666666667 -23.278363343798677 -26.875677998457764
1287.1666666666667 -23.27473301628137 -26.874623075603054
1287.6666666666667 -23.271117939336246 -26.873569739219676
1288.1666666666667 -23.26754773734792 -26.87251381994086
1288.6666666666667 -23.26395614472325 -26.87144643319415
1289.1666666666667 -23.26034308003628 -26.870391266434464
1289.6666666666667 -23.256749197180916 -26.86933831261967
1290.1666666666667 -23.253157058942904 -26.868287402383505
1290.6666666666667 -23.249542646751618 -26.867210275391997
1291.1666666666667 -23.24596553099408 -26.866151179740907
1291.6666666666667 -23.242423816385607 -26.86507509705458
1292.1666666666667 -23.238785096074174 -26.864024266096177
1292.6666666666667 -23.235237891631854 -26.862957642516548
1293.1666666666667 -23.231686723591736 -26.861889759680622
1293.6666666666667 -23.228111882817537 -26.86082101245857
1294.1666666666667 -23.224543089445582 -26.85974820566109
1294.6666666666667 -23.220933674977175 -26.85868428961708
1295.1666666666667 -23.21740394003828 -26.85760325838759
1295.6666666666667 -23.21390767365419 -26.85654409941668
1296.1666666666667 -23.210356157035648 -26.855476815976303
1296.6666666666667 -23.206786188673647 -26.854392506014403
1297.1666666666667 -23.20324375450455 -26.853321797088018
1297.6666666666667 -23.199681601231198 -26.85223706172733
1298.1666666666667 -23.19619579075281 -26.851158048331673
1298.6666666666667 -23.192626110254963 -26.85008083184261
1299.1666666666667 -23.18913006276029 -26.849012841558434
1299.6666666666667 -23.185588394080767 -26.847927568091713
1300.1666666666667 -23.1821608287514 -26.846844816080342
1300.6666666666667 -23.178662632554435 -26.84576349742439
1301.1666666666667 -23.175145630623348 -26.844673321666583
1301.6666666666667 -23.17167394706656 -26.843580612658904
1302.1666666666667 -23.168180403785424 -26.8425162306051
1302.6666666666667 -23.16469337652943 -26.841418307922616
1303.1666666666667 -23.16119032260531 -26.840334105369198
1303.6666666666667 -23.157752171688045 -26.839237784679835
1304.1666666666667 -23.154302315123463 -26.838144671142217
1304.6666666666667 -23.150863159238124 -26.837060170958644
1305.1666666666667 -23.147368361311557 -26.835973722596872
1305.6666666666667 -23.143999167279436 -26.834876739080812
1306.1666666666667 -23.140548644042752 -26.833783992437038
1306.6666666666667 -23.13718420460946 -26.832702265495627
1307.1666666666667 -23.133754738021906 -26.831596394895058
1307.6666666666667 -23.130329513612917 -26.830488841266455
1308.1666666666667 -23.126956420681964 -26.829399558730117
1308.6666666666667 -23.123545575252695 -26.82829652442063
1309.1666666666667 -23.120137799350637 -26.82720174389862
1309.6666666666667 -23.1167703867196 -26.826098783360997
1310.1666666666667 -23.113407485371518 -26.824995944671596
1310.6666666666667 -23.110062314505026 -26.823888227298525
1311.1666666666667 -23.106687248523833 -26.82279366690148
1311.6666666666667 -23.103387532667867 -26.821682192778628
1312.1666666666667 -23.100043324176802 -26.820579318120807
1312.6666666666667 -23.096762621127404 -26.819468870921007
1313.1666666666667 -23.09341208512665 -26.818364783950454
1313.6666666666667 -23.09014895931962 -26.81726074490249
1314.1666666666667 -23.08684368153998 -26.816155672727227
1314.6666666666667 -23.08349970756153 -26.815030184147645
1315.1666666666667 -23.08025324547902 -26.813911177300085
1315.6666666666667 -23.076959016348262 -26.81280583299863
1316.1666666666667 -23.073723557708178 -26.811687580921152
1316.6666666666667 -23.070478412115946 -26.810565694460735
1317.1666666666667 -23.067186015589023 -26.809451754032054
1317.6666666666667 -23.064016624019864 -26.808339098083984
1318.1666666666667 -23.06073778162307 -26.80721404110534
1318.6666666666667 -23.057481396567717 -26.806083287230017
1319.1666666666667 -23.05434356145295 -26.804973436164232
1319.6666666666667 -23.05110202917836 -26.80383687527895
1320.1666666666667 -23.047913526520478 -26.802710858770308
1320.6666666666667 -23.04468990055092 -26.801583193362116
1321.1666666666667 -23.04157108024492 -26.80045928940297
1321.6666666666667 -23.03834444315674 -26.799323666100157
1322.1666666666667 -23.03522570646122 -26.798197730098558
1322.6666666666667 -23.032080903862546 -26.79707032972366
1323.1666666666667 -23.02898827139062 -26.79593423165658
1323.6666666666667 -23.02581930114055 -26.794798735416656
1324.1666666666667 -23.022712118466302 -26.793663267625725
1324.6666666666667 -23.019636692974768 -26.792519015421963
1325.1666666666667 -23.01650119891071 -26.79138576778877
1325.6666666666667 -23.013456913356723 -26.790244485509568
1326.1666666666667 -23.01037521115039 -26.78909542320127
1326.6666666666667 -23.007295513108605 -26.787957296491257
1327.1666666666667 -23.004242679022575 -26.78682731815836
1327.6666666666667 -23.001231642030678 -26.78567534328748
1328.1666666666667 -22.998218909569438 -26.784532000237895
1328.6666666666667 -22.995208093404177 -26.78337526721696
1329.1666666666667 -22.99221726465063 -26.782242048230064
1329.6666666666667 -22.989240431893357 -26.781099047784835
1330.1666666666667 -22.986293794542835 -26.779936915104486
1330.6666666666667 -22.98329898585805 -26.778786882220032
1331.1666666666667 -22.980351458680914 -26.7776361261299
1331.6666666666667 -22.9774286919487 -26.77648132051024
1332.1666666666667 -22.97446774332624 -26.775333917432395
1332.6666666666667 -22.971580353371014 -26.774181798791084
1333.1666666666667 -22.968624517503628 -26.77301743057231
1333.6666666666667 -22.965808475639918 -26.771865051399484
1334.1666666666667 -22.962873860786953 -26.77070672901431
1334.6666666666667 -22.960003244553256 -26.769553143928896
1335.1666666666667 -22.957144721199366 -26.768398244851753
1335.6666666666667 -22.9543729447061 -26.767233467388863
1336.1666666666667 -22.951518715300317 -26.766067668678776
1336.6666666666667 -22.948790652077097 -26.7649087424342
1337.1666666666667 -22.945919054401628 -26.76374910546819
1337.6666666666667 -22.94317130935658 -26.76258114128344
1338.1666666666667 -22.940424792027944 -26.76141471101051
1338.6666666666667 -22.9376102565277 -26.76025585161487
1339.1666666666667 -22.93488922322726 -26.75907579765407
1339.6666666666667 -22.932155912823063 -26.757907013105658
1340.1666666666667 -22.929454761615858 -26.75673233557464
1340.6666666666667 -22.926782552160848 -26.755569427012755
1341.1666666666667 -22.924080258374158 -26.75439233937798
1341.6666666666667 -22.921392857358455 -26.753233383457278
1342.1666666666667 -22.918815365159865 -26.75204556777623
1342.6666666666667 -22.91617056554891 -26.750882925193228
1343.1666666666667 -22.913566858218605 -26.74970062765016
1343.6666666666667 -22.91094138126126 -26.74852771802648
1344.1666666666667 -22.908391202658663 -26.747356389488885
1344.6666666666667 -22.905826925185448 -26.74617046255921
1345.1666666666667 -22.903328403089773 -26.744999536631347
1345.6666666666667 -22.900702871355566 -26.743811611582565
1346.1666666666667 -22.898249334211314 -26.74263895515719
1346.6666666666667 -22.895731116218847 -26.741449664854233
1347.1666666666667 -22.893163803499576 -26.740274493909677
1347.6666666666667 -22.890718049274952 -26.739090268334404
1348.1666666666667 -22.8883193682912 -26.737908594771106
1348.6666666666667 -22.8858859506564 -26.736724536873986
1349.1666666666667 -22.883406543482003 -26.735535702856627
1349.6666666666667 -22.881054413840616 -26.73435512663279
1350.1666666666667 -22.87874424205027 -26.733163765797116
1350.6666666666667 -22.87631470987308 -26.73197528157705
1351.1666666666667 -22.874032200877657 -26.730779251212855
1351.6666666666667 -22.871723867932015 -26.72957597099351
1352.1666666666667 -22.86947636580599 -26.728388130796525
1352.6666666666667 -22.86728306016643 -26.727187857684
1353.1666666666667 -22.865090386023205 -26.72598768444638
1353.6666666666667 -22.862901544664552 -26.72478875377751
1354.1666666666667 -22.86079550134456 -26.723582473524786
1354.6666666666667 -22.858620541131994 -26.72236929166914
1355.1666666666667 -22.856565142780198 -26.72117323607854
1355.6666666666667 -22.854492086914636 -26.71996439614647
1356.1666666666667 -22.852469449244005 -26.718747698501247
1356.6666666666667 -22.85045350306039 -26.71753044269188
1357.1666666666667 -22.848483857606663 -26.716333020474508
1357.6666666666667 -22.846495851230785 -26.71511040146527
1358.1666666666667 -22.844427137011436 -26.713889792177284
1358.6666666666667 -22.842570889127288 -26.712677389761474
1359.1666666666667 -22.840697568251276 -26.711455593086054
1359.6666666666667 -22.838806965996746 -26.71023905487473
1360.1666666666667 -22.836932147576128 -26.709014285216437
1360.6666666666667 -22.835084098005684 -26.70779310506412
1361.1666666666667 -22.83331803951395 -26.70657250372024
1361.6666666666667 -22.83151479180276 -26.705337704247768
1362.1666666666667 -22.829786904439764 -26.70411873331355
1362.6666666666667 -22.827992765188284 -26.702884907680364
1363.1666666666667 -22.826264909886437 -26.701663312282488
1363.6666666666667 -22.82457458223528 -26.70042456186595
1364.1666666666667 -22.822915111664365 -26.69918410554889
1364.6666666666667 -22.821242157763464 -26.697962787338867
1365.1666666666667 -22.819576131036992 -26.69673498700781
1365.6666666666667 -22.81793071844025 -26.69549500424763
1366.1666666666667 -22.816336190690055 -26.694269263988268
1366.6666666666667 -22.814763118847527 -26.693019883013456
1367.1666666666667 -22.813101012564996 -26.69178151282388
1367.6666666666667 -22.811667231710576 -26.690550562490557
1368.1666666666667 -22.81007584959701 -26.68932338796193
1368.6666666666667 -22.80852011169307 -26.688086884696904
