FastTrWP/PhaseSpace/IAs/snIa_0.68_30.00_0.26_0.02.csv
# %ECSV 0.9
# ---
# datatype:
# - {name: time-rel, datatype: float64}
# - {name: g, datatype: float64}
# - {name: i, datatype: float64}
# schema: astropy-2.0
time-rel g i
[from data line 2018]
1113.1458333333333 25.686472073079152 22.73667504518823
1113.6458333333333 25.68797625822333 22.73765950559142
1114.1458333333333 25.689513026914344 22.738633334246572
1114.6458333333333 25.691053245678063 22.73960514658647
1115.1458333333333 25.692581224178422 22.740585096732985
1115.6458333333333 25.694087802669078 22.741561450909188
1116.1458333333333 25.69562244190736 22.742539307021822
1116.6458333333333 25.69711923445524 22.743520319229532
1117.1458333333333 25.698633558303023 22.744498044590806
1117.6458333333333 25.700161864851797 22.7454765448411
1118.1458333333333 25.701716992748086 22.74645612317652
1118.6458333333333 25.703200652235193 22.747436430972485
1119.1458333333333 25.70470898362171 22.74842654917553
1119.6458333333333 25.706255912577273 22.74941144561086
1120.1458333333333 25.707761709534154 22.75038346920126
1120.6458333333333 25.709278669955893 22.751373372734175
1121.1458333333333 25.710774545919925 22.752366153421256
1121.6458333333333 25.712267009384213 22.753346756071736
1122.1458333333333 25.713768785779457 22.754336735246625
1122.6458333333333 25.7153068851831 22.755319473416947
1123.1458333333333 25.716764580683247 22.75629994240818
1123.6458333333333 25.718271946084435 22.757284724325476
1124.1458333333333 25.719772553065077 22.758284071549447
1124.6458333333333 25.72127217261848 22.759276465427206
1125.1458333333333 25.722748524566402 22.760271159578327
1125.6458333333333 25.724251214883388 22.76126292726373
1126.1458333333333 25.725692760831244 22.76224956685678
1126.6458333333333 25.727202539703 22.76324884026668
1127.1458333333333 25.7287097456975 22.764241794487745
1127.6458333333333 25.730175041062196 22.76523571365431
1128.1458333333333 25.73169121620076 22.76624225271115
1128.6458333333333 25.733159914820636 22.767235132206594
1129.1458333333333 25.734633881225108 22.768227838522066
1129.6458333333333 25.736099678801896 22.76922714851186
1130.1458333333333 25.73758694200404 22.770229090059793
1130.6458333333333 25.739043381378895 22.771230561447403
1131.1458333333333 25.740544440782447 22.772230278396343
1131.6458333333333 25.74201062237426 22.77322880221358
1132.1458333333333 25.74345721805153 22.77424229088902
1132.6458333333333 25.744960209097822 22.77524189938002
1133.1458333333333 25.74636625128326 22.77624040444892
1133.6458333333333 25.7478613295769 22.77725952217012
1134.1458333333333 25.749314001999085 22.7782568056366
1134.6458333333333 25.750768662182175 22.779270963787685
1135.1458333333333 25.752216727202715 22.780281385584157
1135.6458333333333 25.753677961081685 22.78128513866749
1136.1458333333333 25.755138679145997 22.782301170386752
1136.6458333333333 25.756590909445812 22.783312573157804
1137.1458333333333 25.75803643854386 22.784322708895132
1137.6458333333333 25.759473345088104 22.785334674173342
1138.1458333333333 25.760934628238942 22.786352598133163
1138.6458333333333 25.762380295471942 22.787362970581757
1139.1458333333333 25.763804830714857 22.788377038258187
1139.6458333333333 25.765277460079382 22.789401314853546
1140.1458333333333 25.766707722209134 22.790409434831144
1140.6458333333333 25.768125753146137 22.791435580031308
1141.1458333333333 25.769551189017676 22.79245691356676
1141.6458333333333 25.77101241361623 22.793476730203473
1142.1458333333333 25.77241829696888 22.794503063312295
1142.6458333333333 25.77385296532674 22.79551623956971
1143.1458333333333 25.77526886655842 22.79654891494593
1143.6458333333333 25.77669099787938 22.797569643506495
1144.1458333333333 25.778134219252994 22.79859708422537
1144.6458333333333 25.77954054986838 22.799621974530098
1145.1458333333333 25.78094564451598 22.800653566459374
1145.6458333333333 25.7823753711438 22.80167582874109
1146.1458333333333 25.783771835731525 22.80270316150282
1146.6458333333333 25.785221070183596 22.803736237121427
1147.1458333333333 25.786590700684158 22.804763579515583
1147.6458333333333 25.78802000717309 22.805801815119743
1148.1458333333333 25.78937093373707 22.80683016989173
1148.6458333333333 25.790802878414127 22.8078585505283
1149.1458333333333 25.792200868525434 22.808899225322353
1149.6458333333333 25.79357368118467 22.809934936684595
1150.1458333333333 25.794989043426654 22.810971966869722
1150.6458333333333 25.796366984590243 22.812006731953893
1151.1458333333333 25.797761234977123 22.813047726419065
1151.6458333333333 25.799160497223383 22.814081741976967
1152.1458333333333 25.800510982258096 22.815120626777386
1152.6458333333333 25.801900492071002 22.81616229525436
1153.1458333333333 25.803280960201455 22.817209076832157
1153.6458333333333 25.804637012764285 22.818256809392253
1154.1458333333333 25.806035855753468 22.819299564537893
1154.6458333333333 25.807372902344746 22.820344668473545
1155.1458333333333 25.80876668821594 22.82138278370336
1155.6458333333333 25.810127246566378 22.822425341368966
1156.1458333333333 25.811501169873626 22.823482003458274
1156.6458333333333 25.81284702758866 22.824532330826145
1157.1458333333333 25.814219275906144 22.825574652471555
1157.6458333333333 25.81556939044315 22.826624125222725
1158.1458333333333 25.81692941355535 22.827680311552704
1158.6458333333333 25.818285528713748 22.82873005093179
1159.1458333333333 25.819653231933426 22.8297870704745
1159.6458333333333 25.820955563250266 22.830835795101333
1160.1458333333333 25.82233095866139 22.83188688177769
1160.6458333333333 25.823657115111118 22.832943399968908
1161.1458333333333 25.82501645678014 22.83399491618909
1161.6458333333333 25.826353602841397 22.835062718451926
1162.1458333333333 25.827683762552166 22.83611541442323
1162.6458333333333 25.82900820937993 22.83717955926886
1163.1458333333333 25.830352265874716 22.83823599581417
1163.6458333333333 25.83166697315108 22.839299354309986
1164.1458333333333 25.83299887099598 22.84036286159765
1164.6458333333333 25.83432809423757 22.841422303562933
1165.1458333333333 25.835660191638688 22.84248865826897
1165.6458333333333 25.836997595370423 22.843554387587048
1166.1458333333333 25.838295760254667 22.84462156295863
1166.6458333333333 25.839589703302906 22.84568301413378
1167.1458333333333 25.84089079062688 22.846760890428854
1167.6458333333333 25.842210028695 22.847825128712355
1168.1458333333333 25.843524862639565 22.848891282678075
1168.6458333333333 25.84483410067373 22.849956018425296
1169.1458333333333 25.846149020366404 22.851039880972408
1169.6458333333333 25.8474341812973 22.85210847231081
1170.1458333333333 25.84875440116877 22.85318111056362
1170.6458333333333 25.850048467414407 22.854248036224305
1171.1458333333333 25.85133783894063 22.85532603767774
1171.6458333333333 25.8526449729358 22.85640268595116
1172.1458333333333 25.853920319239172 22.85748232666321
1172.6458333333333 25.855198073013568 22.858560099422732
1173.1458333333333 25.856514559898795 22.859637171134295
1173.6458333333333 25.85778265370933 22.86072503407841
1174.1458333333333 25.859041704727623 22.861811862923776
1174.6458333333333 25.860352757843657 22.862890879266878
1175.1458333333333 25.86161091390471 22.863964405179956
1175.6458333333333 25.862878533471765 22.865051961416558
1176.1458333333333 25.864147830607642 22.866138438014335
1176.6458333333333 25.865391780702367 22.867220779976556
1177.1458333333333 25.866685484411867 22.86831195405948
1177.6458333333333 25.867940592713786 22.86940079879773
1178.1458333333333 25.869179572854605 22.870482964544262
1178.6458333333333 25.87048017339032 22.871579597974065
1179.1458333333333 25.871732792314603 22.872660075030424
1179.6458333333333 25.872980382835195 22.873754787382005
1180.1458333333333 25.87421131608233 22.874850696237754
1180.6458333333333 25.875446530055257 22.87593939971675
1181.1458333333333 25.87674872051489 22.877039803183937
1181.6458333333333 25.87793206791592 22.878135306564364
1182.1458333333333 25.879220437872146 22.87922985654038
1182.6458333333333 25.880435668324022 22.880334593172545
1183.1458333333333 25.88167767208151 22.881432925080652
1183.6458333333333 25.882914618029062 22.88253798797362
1184.1458333333333 25.884120881204463 22.88364336324245
1184.6458333333333 25.885359710488526 22.884746791941435
1185.1458333333333 25.886559695689023 22.88585487209144
1185.6458333333333 25.88777111803205 22.886969890877356
1186.1458333333333 25.888931352796007 22.8880750364361
1186.6458333333333 25.890187609524485 22.889196360116635
1187.1458333333333 25.891353333800012 22.89030569821151
1187.6458333333333 25.89255638629708 22.891430808144587
1188.1458333333333 25.893757613946914 22.892544611544924
1188.6458333333333 25.89494334397161 22.8936556563443
1189.1458333333333 25.896120831742596 22.894787162500485
1189.6458333333333 25.897292774486157 22.895904658652203
1190.1458333333333 25.898446512081218 22.897029347173216
1190.6458333333333 25.899632896386677 22.89815419179663
1191.1458333333333 25.900822521868353 22.89928684405522
1191.6458333333333 25.9019900943046 22.90041278273445
1192.1458333333333 25.903133746188818 22.901534980768545
1192.6458333333333 25.904304800824015 22.90266281953493
1193.1458333333333 25.905431740751364 22.90379082513567
1193.6458333333333 25.906593070456037 22.904927482543073
1194.1458333333333 25.907752714971267 22.906059808390985
1194.6458333333333 25.908910445294147 22.90719849105099
1195.1458333333333 25.91008458314368 22.90831960233377
1195.6458333333333 25.91120081584196 22.909460641924117
1196.1458333333333 25.912336824564225 22.910599891424148
1196.6458333333333 25.91349963697798 22.911730554145922
1197.1458333333333 25.914602762630857 22.912873537856395
1197.6458333333333 25.915746115360548 22.914010725120427
1198.1458333333333 25.9168819707633 22.91516165721273
1198.6458333333333 25.91800126168545 22.916300745656827
1199.1458333333333 25.919094783800546 22.917429409708827
1199.6458333333333 25.92024065379141 22.91858181351417
1200.1458333333333 25.921383713381726 22.919719690136304
1200.6458333333333 25.922498392928507 22.9208706936795
1201.1458333333333 25.923595752003024 22.922008724261328
1201.6458333333333 25.924754272581044 22.923149226868915
1202.1458333333333 25.92583141668318 22.92429920448514
1202.6458333333333 25.926947722480172 22.925440427769544
1203.1458333333333 25.928057761931843 22.926589954632405
1203.6458333333333 25.929172859467084 22.92773353279342
1204.1458333333333 25.930269502222075 22.928881424930736
1204.6458333333333 25.931375351528917 22.930033673480157
1205.1458333333333 25.93246194817116 22.931187001547528
1205.6458333333333 25.93354200217087 22.9323392209586
1206.1458333333333 25.93468209908441 22.933475732385805
1206.6458333333333 25.93578287920032 22.934623790351868
1207.1458333333333 25.936865928881407 22.935770382440964
1207.6458333333333 25.937955100319265 22.936927687749193
1208.1458333333333 25.939040820752997 22.938077074231437
1208.6458333333333 25.940161956278168 22.939223403621334
1209.1458333333333 25.941247704453705 22.940377628488488
1209.6458333333333 25.942345855331045 22.941524302343453
1210.1458333333333 25.943420158327427 22.942673312234536
1210.6458333333333 25.94451798295861 22.943831315517492
1211.1458333333333 25.94560863717197 22.944979647621814
1211.6458333333333 25.946711241655716 22.946122926035713
1212.1458333333333 25.947779444674932 22.947267631452153
1212.6458333333333 25.94889267368076 22.94842349963744
1213.1458333333333 25.94997409847279 22.94958032561951
1213.6458333333333 25.951018550083393 22.950721709232127
1214.1458333333333 25.952104300871497 22.951871861611387
1214.6458333333333 25.953232571411043 22.953020772657506
1215.1458333333333 25.954331504273082 22.954173110275367
1215.6458333333333 25.955391090911604 22.95531249799227
1216.1458333333333 25.95650182085763 22.956469184213077
1216.6458333333333 25.957566967328518 22.957605194665618
1217.1458333333333 25.958653103489468 22.95876346044534
1217.6458333333333 25.959726617364684 22.959897384553145
1218.1458333333333 25.96084376899162 22.961049051117158
1218.6458333333333 25.961908325708734 22.96219636003407
1219.1458333333333 25.96298854523974 22.96333883546181
1219.6458333333333 25.964082134773314 22.96448025260084
1220.1458333333333 25.96518819812478 22.96563287799175
1220.6458333333333 25.966301195452544 22.96676952826381
1221.1458333333333 25.967359098906876 22.967911325927286
1221.6458333333333 25.968478312676165 22.969064735326185
1222.1458333333333 25.969551253517807 22.970192920447857
1222.6458333333333 25.970614611398013 22.971336001526716
1223.1458333333333 25.97170610513057 22.972490875368283
1223.6458333333333 25.97276910180622 22.973626603576697
1224.1458333333333 25.973880684719628 22.97477312972161
1224.6458333333333 25.974932187816254 22.975926812770492
1225.1458333333333 25.97601551019843 22.977061505095776
1225.6458333333333 25.97710627665913 22.978203449748445
1226.1458333333333 25.978197638194676 22.97935244946505
1226.6458333333333 25.979255653119168 22.980499271660292
1227.1458333333333 25.98032321589439 22.981640424280844
1227.6458333333333 25.981405623058404 22.98279256824317
1228.1458333333333 25.982481164146215 22.98393381787532
1228.6458333333333 25.98354140221076 22.985072906116617
1229.1458333333333 25.984619703027185 22.986221632552244
1229.6458333333333 25.98565981138018 22.987373286753446
1230.1458333333333 25.986719567752022 22.98852435865261
1230.6458333333333 25.987787402112374 22.989663822726882
1231.1458333333333 25.98884201479568 22.99081647903167
1231.6458333333333 25.98994426564029 22.99196501807917
1232.1458333333333 25.990974490652686 22.99311095069235
1232.6458333333333 25.992031946285916 22.994259424306627
1233.1458333333333 25.993084299761495 22.99540687931443
1233.6458333333333 25.99411863664869 22.996556943893033
1234.1458333333333 25.995181070923273 22.997700441872475
1234.6458333333333 25.996234557733683 22.998847330440295
1235.1458333333333 25.997272114050926 23.0000080345555
1235.6458333333333 25.998362722432805 23.00115167354995
1236.1458333333333 25.99940511093702 23.00230688879646
1236.6458333333333 26.000419983479265 23.00344273236626
1237.1458333333333 26.001456814013206 23.00459558716262
1237.6458333333333 26.00250769314579 23.00575030261768
1238.1458333333333 26.003534698391352 23.00689935454023
1238.6458333333333 26.00459064566074 23.008049667903375
1239.1458333333333 26.00560456459364 23.00919513696236
1239.6458333333333 26.006692446423738 23.010338959703496
1240.1458333333333 26.00773350634512 23.011492770486328
1240.6458333333333 26.00876396514169 23.012646581226015
1241.1458333333333 26.009790284401983 23.01380256624715
1241.6458333333333 26.010813236313943 23.014946546931398
1242.1458333333333 26.011820788639703 23.01608469633496
1242.6458333333333 26.012848279964444 23.017243505752745
1243.1458333333333 26.013903175366533 23.018396799256095
1243.6458333333333 26.01493346936283 23.01954651936682
1244.1458333333333 26.015947066759292 23.0206906589919
1244.6458333333333 26.016973916060433 23.021843265222227
1245.1458333333333 26.017998482603005 23.022985758225918
1245.6458333333333 26.0190252414502 23.024134853675417
1246.1458333333333 26.020021089298876 23.02529079196352
1246.6458333333333 26.021063580312244 23.02644103671547
1247.1458333333333 26.022104213091744 23.02758586347236
1247.6458333333333 26.023109343285746 23.0287377222726
1248.1458333333333 26.02411003789731 23.029884564106254
1248.6458333333333 26.02510259989173 23.031037432016692
1249.1458333333333 26.026154366341423 23.032186271579924
1249.6458333333333 26.027156174476502 23.033321443194605
1250.1458333333333 26.028176385337666 23.034475336369148
1250.6458333333333 26.029188482318276 23.03562596475562
1251.1458333333333 26.030158819848737 23.036776673257357
1251.6458333333333 26.03120516581312 23.03792757221972
1252.1458333333333 26.032157334472274 23.039064041962863
1252.6458333333333 26.033192704661126 23.040211573401432
1253.1458333333333 26.034178832304015 23.04137249048977
1253.6458333333333 26.035214254510546 23.04250908093817
1254.1458333333333 26.036225807652166 23.043654468353516
1254.6458333333333 26.037209345670618 23.044799237474987
