FastTrWP/PhaseSpace/IAs/snIa_0.46_30.00_0.84_0.08.csv
# %ECSV 0.9
# ---
# datatype:
# - {name: time-rel, datatype: float64}
# - {name: g, datatype: float64}
# - {name: i, datatype: float64}
# schema: astropy-2.0
time-rel g i
[from data line 1422]
289.4999999999999 23.856387165032057 22.373154755787002
290.0 23.857759516209327 22.37360926663365
290.5 23.85913935858316 22.374081265396505
290.9999999999999 23.86050790494139 22.374538311614067
291.5 23.861886730805516 22.374998967091173
292.0 23.863263182833037 22.375467081460656
292.4999999999999 23.8646339156662 22.375931783162116
293.0 23.866022280727858 22.37639428610171
293.5 23.867393519177114 22.376867217453054
293.9999999999999 23.8687716242356 22.37733247027212
294.5 23.87015535766883 22.377804094528134
295.0 23.871544197276844 22.378272245201302
295.4999999999999 23.872930967810845 22.378748866945415
296.0 23.8743120664796 22.37921518162626
296.5 23.875683088236617 22.379691423285806
296.9999999999999 23.877089230434464 22.38016578477007
297.5 23.87845859390194 22.380643968355677
298.0 23.879850927404334 22.381125505486988
298.4999999999999 23.881235700562655 22.38160191635641
299.0 23.88263366810202 22.382086194881076
299.5 23.884016330649516 22.382566648548377
299.9999999999999 23.88540047936257 22.38304748316365
300.5 23.886797267982914 22.383529118131307
301.0 23.88820000934645 22.384012214428928
301.4999999999999 23.88958715029135 22.384494760002383
302.0 23.89097023737721 22.384990893680236
302.5 23.892369192860237 22.385478755569707
302.9999999999999 23.893776128618505 22.385974131836157
303.5 23.895178687502195 22.3864519717368
304.0 23.896562472686508 22.386946014176704
304.4999999999999 23.897969225276047 22.38744119752014
305.0 23.899370212833787 22.387936446609146
305.5 23.900767204550753 22.388425510617843
305.9999999999999 23.902172378870972 22.38892001294785
306.5 23.90357628906345 22.389414844287415
307.0 23.904979726396295 22.389918677790742
307.4999999999999 23.906384036686635 22.390423173936853
308.0 23.90779101897455 22.390917611322777
308.5 23.909189021491702 22.391414194942442
308.9999999999999 23.910598763111658 22.391924633337457
309.5 23.912025192594612 22.392426874507798
310.0 23.913429165943793 22.39292909499738
310.4999999999999 23.91484063939995 22.39343030153409
311.0 23.916247840005873 22.39394148620166
311.5 23.917673852157986 22.394452036386255
311.9999999999999 23.919083225542593 22.394953175730343
312.5 23.92049463335219 22.395465793978474
313.0 23.921907453918983 22.39598046627705
313.4999999999999 23.923330019230406 22.396490532655555
314.0 23.924748031218517 22.397002658085885
314.5 23.92617254505424 22.39751538241832
314.9999999999999 23.927594033884745 22.398034354561478
315.5 23.929005823370545 22.398547222572954
316.0 23.930433370220282 22.399061951435772
316.4999999999999 23.931868129576937 22.399582364235343
317.0 23.933287806238013 22.400098967122712
317.5 23.934717022781978 22.400621422066518
317.9999999999999 23.936141189472217 22.401137806659953
318.5 23.93756479636866 22.401661339706745
319.0 23.939007608142436 22.402185550127495
319.4999999999999 23.94043415110964 22.402710570135117
320.0 23.94184745536723 22.403231024902407
320.5 23.943289217960555 22.403763339332947
320.9999999999999 23.94473818695119 22.40429310390599
321.5 23.946177401441457 22.404825369147137
322.0 23.947583108829974 22.405349561895438
322.4999999999999 23.949031837033758 22.40588052155088
323.0 23.950472592188024 22.4064145242694
323.5 23.95190880709159 22.40694979088747
323.9999999999999 23.95333898297952 22.40748884443246
324.5 23.95477928336681 22.408022645576175
325.0 23.956248221630645 22.408560255781538
325.4999999999999 23.957667715474997 22.409098415900203
326.0 23.959107703397017 22.40963568000581
326.5 23.960566079647162 22.41017904996461
326.9999999999999 23.96200434288412 22.410711312636256
327.5 23.963456921611712 22.411261392300815
328.0 23.96489796793024 22.41180327619043
328.4999999999999 23.96634874126827 22.412348904619535
329.0 23.967791546065612 22.41289431805781
329.5 23.969244239016007 22.41344636850389
329.9999999999999 23.970697538642742 22.41399949551663
330.5 23.972153254615325 22.41454899641166
331.0 23.973612150329437 22.415094097621605
331.4999999999999 23.975070886003923 22.415653130678677
332.0 23.976515223520884 22.41620080263113
332.5 23.97797604378573 22.416755311566384
332.9999999999999 23.979431432487694 22.41731291998927
333.5 23.98088393141464 22.417874250736467
334.0 23.982354646453313 22.41843767030528
334.4999999999999 23.98381662549316 22.418988849148086
335.0 23.9852706272826 22.41954929259581
335.5 23.98673733581202 22.420111925466657
335.9999999999999 23.988203099603954 22.420669523902422
336.5 23.98966986141599 22.42123616932679
337.0 23.991149069282294 22.421809240914833
337.4999999999999 23.99261073382778 22.422370032259956
338.0 23.994076586455712 22.42293284053452
338.5 23.99555111519249 22.423504338209973
338.9999999999999 23.997025431978784 22.424067130578315
339.5 23.99850839099463 22.424643844369324
340.0 23.999964177210007 22.425222860215015
340.4999999999999 24.00144908604739 22.425795813520853
341.0 24.002930421047303 22.42636631174671
341.5 24.004402537141345 22.426941596407197
341.9999999999999 24.005883463567912 22.427521046470126
342.5 24.007356415952405 22.428094806765362
343.0 24.00883352263525 22.428670778540898
343.4999999999999 24.010332731336995 22.429245785976505
344.0 24.011815582060635 22.429831815231548
344.5 24.013299734063306 22.430414318906585
344.9999999999999 24.014785748435138 22.430999200493773
345.5 24.01627971647653 22.431583382230865
346.0 24.017759400570398 22.432165199171465
346.4999999999999 24.019255417773714 22.432755931549213
347.0 24.020743328028683 22.433341304203704
347.5 24.02222878671331 22.433938045909848
347.9999999999999 24.023726450193074 22.434521426512475
348.5 24.02524206116315 22.435113475613974
349.0 24.02672400792447 22.43570271059785
349.4999999999999 24.028227505188013 22.436291058748434
350.0 24.029739920901626 22.436881621666185
350.5 24.03122977635029 22.43748816929156
350.9999999999999 24.03273626693079 22.438083275274696
351.5 24.034263244724873 22.438684336653626
352.0 24.035750833162943 22.439279495465616
352.4999999999999 24.037269600619812 22.43988034434941
353.0 24.038769018952944 22.44048475327999
353.5 24.040280186179 22.441088356374696
353.9999999999999 24.041782619805044 22.441688734156916
354.5 24.04331022451118 22.44229373908382
355.0 24.044838947324727 22.442907468862717
355.4999999999999 24.046342826764786 22.44350712608679
356.0 24.047868868753074 22.444118110231535
356.5 24.04938192563258 22.444725275434287
356.9999999999999 24.050913137531673 22.44534376414736
357.5 24.05243259730195 22.44595735646392
358.0 24.05397577606063 22.446571779866904
358.4999999999999 24.055476749822937 22.447194262751864
359.0 24.057010596847466 22.447811219740366
359.5 24.058543881328053 22.448432121497007
359.9999999999999 24.060086361962746 22.44905506462956
360.5 24.06161596195406 22.449675399025104
361.0 24.06314945455888 22.450292632518547
361.4999999999999 24.064682319832812 22.450915878728914
362.0 24.066227180656252 22.45154433481893
362.5 24.067767713951532 22.452170977448556
362.9999999999999 24.06929464875183 22.452798974319876
363.5 24.070852424438975 22.453431336852233
364.0 24.072405041019486 22.454065578313763
364.4999999999999 24.073937915730216 22.454697046463636
365.0 24.075482901277265 22.455340396761404
365.5 24.077033747538582 22.45597148084802
365.9999999999999 24.078597946654238 22.45660049615234
366.5 24.080152075410606 22.457244374127455
367.0 24.081695353607962 22.45788342811208
367.4999999999999 24.083253172506282 22.458523695494335
368.0 24.08481138038645 22.459163676886376
368.5 24.08637929415257 22.45980939486661
368.9999999999999 24.08792572722985 22.460448085998202
369.5 24.08949208113222 22.461087995867626
370.0 24.091036384039455 22.461739495230198
370.4999999999999 24.092602710549258 22.462386175673785
371.0 24.0941749258111 22.463030046343874
371.5 24.095727189370308 22.463681872165147
371.9999999999999 24.09730473925489 22.464336503607964
372.5 24.098850770121402 22.46498700296437
373.0 24.100447407267367 22.465638208457747
373.4999999999999 24.1020107789481 22.466295916071765
374.0 24.10357676353923 22.466949215059643
374.5 24.10515359710162 22.467598512654785
374.9999999999999 24.1067159650324 22.468255470658015
375.5 24.108272266833456 22.46891224067363
376.0 24.1098690983345 22.46956839455191
376.4999999999999 24.11144214569425 22.470232263340915
377.0 24.113016767744636 22.47088470304076
377.5 24.11460153781935 22.47154671973666
377.9999999999999 24.116196078584252 22.472214995969782
378.5 24.117767400044766 22.47287601958736
379.0 24.119342062686986 22.473535933642246
379.4999999999999 24.12091650281115 22.474194392206293
380.0 24.122502696030935 22.47486785247098
380.5 24.12410191372355 22.47552591011097
380.9999999999999 24.12566961875701 22.476200877637428
381.5 24.12726248955648 22.476863577947785
382.0 24.128858713086867 22.477535790822415
382.4999999999999 24.130445826793153 22.478197722940955
383.0 24.132030519264006 22.47887723638769
383.5 24.13361570848871 22.479534448366344
383.9999999999999 24.135189111642063 22.48020741387011
384.5 24.136791501564623 22.480875745278478
385.0 24.138382425345807 22.48154436175403
385.4999999999999 24.139985503028825 22.482227454846395
386.0 24.141561943258957 22.482899034531787
386.5 24.14316483031009 22.48357239923122
386.9999999999999 24.144761376917646 22.48425489355338
387.5 24.146351485622777 22.48492369652851
388.0 24.147940772775037 22.485591379962152
388.4999999999999 24.149545779019924 22.486273426812406
389.0 24.15113832908626 22.486951536236766
389.5 24.15273004464535 22.487622962416715
389.9999999999999 24.15433962689413 22.488307242582902
390.5 24.155920804578706 22.488984002193195
391.0 24.157528031096696 22.48967170287413
391.4999999999999 24.159146859205936 22.490348971780016
392.0 24.160735644648916 22.491033427111304
392.5 24.162349298990765 22.491714710407443
392.9999999999999 24.16395211860092 22.492404384861487
393.5 24.165556534458332 22.493088786565924
394.0 24.167170484666926 22.49377170534804
394.4999999999999 24.168777053446743 22.494464563509272
395.0 24.170394714008868 22.495157137876095
395.5 24.17200630969967 22.49584474207618
395.9999999999999 24.17361413873996 22.496538062477626
396.5 24.175248176199503 22.49723006413634
397.0 24.17684892365472 22.49792022835104
397.4999999999999 24.178470691856738 22.498625162639012
398.0 24.180087250276742 22.499317356263564
398.5 24.181698151594645 22.500008009504754
398.9999999999999 24.183310560007154 22.500705654400377
399.5 24.184945018588834 22.501397849914838
400.0 24.18656356704796 22.502109770189264
400.4999999999999 24.18817999145989 22.502804710535678
401.0 24.189807666024663 22.503506038018912
401.5 24.191441262423375 22.504211111629708
401.9999999999999 24.193064168159452 22.504920519979883
402.5 24.19468855984505 22.5056122583874
403.0 24.1963281771667 22.50631133757941
403.4999999999999 24.19794451882773 22.5070324880815
404.0 24.199574167297687 22.507729142702672
404.5 24.201202065910998 22.508440616738596
404.9999999999999 24.202842978864897 22.50914477221326
405.5 24.204477587291432 22.509861464277922
406.0 24.20610245448056 22.510569710043406
406.4999999999999 24.207737856151116 22.511280167655787
407.0 24.209395310086034 22.51199455464858
407.5 24.21101437198875 22.51270500499843
407.9999999999999 24.21264682335225 22.51342146776163
408.5 24.214291913348443 22.51413617907626
409.0 24.21592378012988 22.5148471491692
409.4999999999999 24.217571386560465 22.515562909777962
410.0 24.219210665473238 22.51628646133345
410.5 24.22086658926899 22.516997627085722
410.9999999999999 24.222505174646642 22.51771828887684
411.5 24.224151532478384 22.518441621836814
412.0 24.22577946960574 22.519151524590516
412.4999999999999 24.227424248204926 22.519874808140106
413.0 24.229077088736112 22.520599072465586
413.5 24.23072975648917 22.521325586513075
414.0 24.23237831171226 22.522048253854923
414.5 24.234023381967415 22.522770513321642
415.0 24.235668315533463 22.523500381465247
415.5 24.237338397268942 22.52422924781328
416.0 24.238969390586888 22.524948704809088
416.5 24.240645524200634 22.525677729535044
417.0 24.242285983047008 22.526402235518482
417.5 24.24393668336251 22.527130723208842
418.0 24.245616502049813 22.5278583739844
418.5 24.247260360577073 22.528587368008264
419.0 24.248914864156493 22.529318500887058
419.5 24.250580364496443 22.530059117686584
420.0 24.252231973076974 22.530783833175263
420.5 24.253898854945394 22.531519316206904
421.0 24.25554370279249 22.532252184671936
421.5 24.25721829030827 22.532988297519463
422.0 24.258869863935182 22.53371780700869
422.5 24.260529825816093 22.53445676707441
423.0 24.262199302544882 22.53518624623287
423.5 24.26386988827322 22.535925808875
424.0 24.26552751853661 22.53666285909183
424.5 24.26718569027581 22.537406001883017
425.0 24.268839208393192 22.538144954309494
425.5 24.270521112482193 22.538879238824233
426.0 24.27217240041943 22.539616339678552
426.5 24.273859703153807 22.540359869431953
427.0 24.27552150758547 22.541098996747657
427.5 24.27718323262379 22.54184186096182
428.0 24.278853127358783 22.542579490515756
428.5 24.28051623252101 22.543329908178514
429.0 24.282191440625134 22.544069549421096
429.5 24.283861572634336 22.544818318694038
430.0 24.28553489799495 22.54556323964604
430.5 24.287204189640693 22.546309673847496
431.0 24.288875128576414 22.547062320049736
431.5 24.290558664681146 22.547805579628744
432.0 24.292231110793217 22.548548666087807
432.5 24.293902282417307 22.54930920397748
433.0 24.295579681764377 22.550062896934627
433.5 24.297258905616165 22.550808489386554
434.0 24.298941147133817 22.551563729698643
434.5 24.300623610417208 22.552309316328643
435.0 24.302296617996323 22.553068193287075
435.5 24.30398746776917 22.553819544466766
436.0 24.30565446538199 22.554580032119492
436.5 24.307363443711832 22.55532837607217
437.0 24.309036189557 22.556095078383798
437.5 24.310711665231224 22.556853702533168
438.0 24.312413630654444 22.557608199512636
438.5 24.314083669167225 22.558365144537646
439.0 24.315780438547144 22.559130757822867
439.5 24.317464749298633 22.559895445726973
440.0 24.319131582640704 22.560650715962606
440.5 24.320839299382936 22.56141574721702
441.0 24.322530387735174 22.5621822003378
441.5 24.324233357432647 22.562953131011415
442.0 24.325922029783143 22.563706273067755
442.5 24.327616516263504 22.564482522513917
443.0 24.329310559206338 22.565252111742595
443.5 24.33099287570881 22.566017000779755
444.0 24.33270334136786 22.566788575603937
444.5 24.334400428285644 22.567555165027244
445.0 24.33610964957767 22.568327795718574
445.5 24.337803194615088 22.569104464279253
446.0 24.339514922304364 22.569875440063885
446.5 24.341199667735324 22.57064899091469
447.0 24.342911762943725 22.571423399570843
447.5 24.344599689604003 22.57220177343569
448.0 24.346332587905927 22.572984481366216
448.5 24.348026922190613 22.573763315340546
449.0 24.349734557806457 22.574534425123034
449.5 24.351449816730177 22.575322770838355
450.0 24.3531536555934 22.576097459987295
450.5 24.354874688602965 22.57687949890102
451.0 24.356576953111286 22.57766144266959
451.5 24.358302532729432 22.578449272744546
452.0 24.36001692407109 22.579233524471224
452.5 24.36173002134889 22.58002429623094
453.0 24.363445622027506 22.580805288190202
453.5 24.36516467765896 22.581602726094445
454.0 24.36688870538824 22.582382761103293
454.5 24.36860500639702 22.583180488520416
455.0 24.370350216816096 22.583964674229456
455.5 24.372061040236503 22.584761132227197
456.0 24.373799161210222 22.585552329675586
456.5 24.375507277156082 22.58634926372833
457.0 24.377235742757296 22.58714207471204
457.5 24.378959871934605 22.587942602500974
458.0 24.380704486823817 22.588738228113368
458.5 24.382441759125427 22.58953729640067
459.0 24.384174691031617 22.590340923709668
459.5 24.385912941734645 22.59113649890282
460.0 24.387641092326714 22.591941433748786
460.5 24.389403452961705 22.59274234131334
461.0 24.391116218541175 22.593541371674718
461.5 24.392853173388875 22.594352077444807
462.0 24.394594557957674 22.595161040964364
