FastTrWP/PhaseSpace/IAs/snIa_0.37_30.00_-1.06_0.06.csv
# %ECSV 0.9
# ---
# datatype:
# - {name: time-rel, datatype: float64}
# - {name: g, datatype: float64}
# - {name: i, datatype: float64}
# schema: astropy-2.0
time-rel g i
[from data line 1733]
1097.2708333333333 24.47457033613974 22.9112107476498
1097.7708333333333 24.47692704202236 22.912091140621264
1098.2708333333333 24.47931053424665 22.912958214694154
1098.7708333333333 24.481688397056406 22.913832289493463
1099.2708333333333 24.48407139412232 22.914703000226172
1099.7708333333333 24.486445305167443 22.915582765399755
1100.2708333333333 24.48884698321891 22.91645584961312
1100.7708333333333 24.491234775256814 22.91732254372411
1101.2708333333333 24.493613872119184 22.918197769519185
1101.7708333333333 24.496011901215912 22.91905632409763
1102.2708333333333 24.498419561247715 22.919927443139404
1102.7708333333333 24.50080618645831 22.920807153163384
1103.2708333333333 24.503211812571266 22.921666525857916
1103.7708333333333 24.50559862808991 22.922530212143716
1104.2708333333333 24.508014893010966 22.923397100852114
1104.7708333333333 24.510421820007867 22.924265578769727
1105.2708333333333 24.512837449001243 22.92514000644981
1105.7708333333333 24.515247188594216 22.92600177661885
1106.2708333333333 24.517655090412823 22.926872647587476
1106.7708333333333 24.52007063192506 22.927743311451785
1107.2708333333333 24.522489634568103 22.928587963567743
1107.7708333333333 24.524913258934383 22.929459857006687
1108.2708333333333 24.527327942157775 22.930330722036096
1108.7708333333333 24.529749234512227 22.93119436093514
1109.2708333333333 24.532164478214412 22.932048140993277
1109.7708333333333 24.534588127777184 22.932915914152595
1110.2708333333333 24.537027682428185 22.933774600369116
1110.7708333333333 24.539448527708757 22.934646146264836
1111.2708333333333 24.541877106709663 22.93549569244282
1111.7708333333333 24.544308518898323 22.936367371199857
1112.2708333333333 24.546732822804035 22.93722542045606
1112.7708333333333 24.54916422941528 22.938082765548508
1113.2708333333333 24.551610083140766 22.93894468500849
1113.7708333333333 24.554026569695363 22.939803498243986
1114.2708333333333 24.556462143473535 22.940659172818396
1114.7708333333333 24.558895681615486 22.94151400163052
1115.2708333333333 24.561328556084064 22.94237071980687
1115.7708333333333 24.56377129742 22.943235419689138
1116.2708333333333 24.56621314023618 22.944090081284592
1116.7708333333333 24.568639365811954 22.944945567921987
1117.2708333333333 24.571067887854845 22.94581457260125
1117.7708333333333 24.573492087596854 22.946666842255418
1118.2708333333333 24.57592901252191 22.947516129029854
1118.7708333333333 24.578363626445324 22.948370516525635
1119.2708333333333 24.580807407416025 22.949224912352953
1119.7708333333333 24.583245434491474 22.95009245978163
1120.2708333333333 24.58568449369419 22.950940997340915
1120.7708333333333 24.588111980592302 22.951796142808668
1121.2708333333333 24.59052724126906 22.952654874218666
1121.7708333333333 24.592963718947843 22.953512504949064
1122.2708333333333 24.595404264345238 22.954363999909727
1122.7708333333333 24.59783621661401 22.955218734064715
1123.2708333333333 24.60026513294627 22.956063906873688
1123.7708333333333 24.602707745890985 22.956921634678746
1124.2708333333333 24.605135573954527 22.9577716189904
1124.7708333333333 24.607579973488917 22.958617149915884
1125.2708333333333 24.6100239378065 22.95947086635122
1125.7708333333333 24.612474494699576 22.960330059490033
1126.2708333333333 24.614915320467933 22.961179491604597
1126.7708333333333 24.617361001191618 22.96202923691268
1127.2708333333333 24.619820031205588 22.962884660782198
1127.7708333333333 24.62224664421499 22.96372149428938
1128.2708333333333 24.62472142447741 22.964577892333125
1128.7708333333333 24.62714910326744 22.965425115534423
1129.2708333333333 24.629606953339206 22.9662773570709
1129.7708333333333 24.63204343228357 22.967120831706545
1130.2708333333333 24.63451546195178 22.967962073766333
1130.7708333333333 24.636961412123625 22.96881998822217
1131.2708333333333 24.639436416564084 22.96965865422466
1131.7708333333333 24.641878976079706 22.97050230855097
1132.2708333333333 24.644324714986 22.971349841109593
1132.7708333333333 24.64678139497685 22.972190975280494
1133.2708333333333 24.649249834121193 22.973032948040228
1133.7708333333333 24.651721612458807 22.973886798397235
1134.2708333333333 24.654173925743198 22.974724076368922
1134.7708333333333 24.65663806325307 22.975568243500536
1135.2708333333333 24.65909302717311 22.976410947232523
1135.7708333333333 24.66155143213696 22.977253041752682
1136.2708333333333 24.664015007142194 22.978087681971783
1136.7708333333333 24.666472678825357 22.978922903180887
1137.2708333333333 24.66894108877969 22.979771710824437
1137.7708333333333 24.671404113959884 22.980603107572165
1138.2708333333333 24.67388248971496 22.98145071637898
1138.7708333333333 24.676348139416348 22.982279796803486
1139.2708333333333 24.678804810823273 22.983125146148446
1139.7708333333333 24.68125459816043 22.983954244449464
1140.2708333333333 24.683748511713443 22.984805273227952
1140.7708333333333 24.686212042771697 22.985647329933897
1141.2708333333333 24.688653705395808 22.986476064117927
1141.7708333333333 24.691139971999107 22.987313875705226
1142.2708333333333 24.6935965822379 22.988147532218726
1142.7708333333333 24.696059190386247 22.98898236738281
1143.2708333333333 24.698536829675174 22.989808183344692
1143.7708333333333 24.70100093520373 22.99065543779813
1144.2708333333333 24.703484018235116 22.991484653589048
1144.7708333333333 24.7059566536079 22.992314804173937
1145.2708333333333 24.708406629476947 22.993151167595855
1145.7708333333333 24.71088043787183 22.993984475568094
1146.2708333333333 24.713347879707772 22.994810720846466
1146.7708333333333 24.715802671963083 22.99562745822223
1147.2708333333333 24.718297369420167 22.996472565008208
1147.7708333333333 24.720777337538774 22.997296489115584
1148.2708333333333 24.72322041748979 22.998129600029806
1148.7708333333333 24.725704829387908 22.998957637549267
1149.2708333333333 24.72816407485325 22.999779326342008
1149.7708333333333 24.73060304984362 23.00061245533353
1150.2708333333333 24.733063827089996 23.00144045624666
1150.7708333333333 24.735566862391394 23.0022705682312
1151.2708333333333 24.738019123707467 23.0030932684462
1151.7708333333333 24.740455358529584 23.003925172153018
1152.2708333333333 24.742950306505954 23.004745759517654
1152.7708333333333 24.745403242785308 23.005577314412214
1153.2708333333333 24.74786437740036 23.006399352077942
1153.7708333333333 24.750335093144052 23.007223398003816
1154.2708333333333 24.752805693323605 23.008051057765925
1154.7708333333333 24.755264519359898 23.008871245365235
1155.2708333333333 24.757717638237594 23.009685990903815
1155.7708333333333 24.760176226893016 23.010508897131118
1156.2708333333333 24.762631192551318 23.011334676546376
1156.7708333333333 24.76509845117327 23.012155502180633
1157.2708333333333 24.767577248329218 23.012971879040553
1157.7708333333333 24.770030114269623 23.01379717576443
1158.2708333333333 24.77247322941471 23.014612721770277
1158.7708333333333 24.774932454223414 23.015435670562887
1159.2708333333333 24.777416675534166 23.016252809475333
1159.7708333333333 24.779874044340367 23.017065135803083
1160.2708333333333 24.78234795449561 23.017884522993587
1160.7708333333333 24.784780215424227 23.018704942850427
1161.2708333333333 24.78724733218588 23.01951118174534
1161.7708333333333 24.789712090558155 23.020333774061776
1162.2708333333333 24.792174785682572 23.021154425910773
1162.7708333333333 24.794644795542492 23.02196248130727
1163.2708333333333 24.797097941360292 23.022777001773996
1163.7708333333333 24.799554303371913 23.023590462329615
1164.2708333333333 24.802010999008584 23.024409888965813
1164.7708333333333 24.80448510092907 23.025221790586695
1165.2708333333333 24.806942486859306 23.026031145553425
1165.7708333333333 24.809399756727913 23.02684642029121
1166.2708333333333 24.811848296921227 23.027658450038743
1166.7708333333333 24.81430782946824 23.028466836988294
1167.2708333333333 24.816742627174232 23.029278610382157
1167.7708333333333 24.819212298537998 23.030084109018226
1168.2708333333333 24.821653849233314 23.03089261906286
1168.7708333333333 24.824117300836924 23.0317069992756
1169.2708333333333 24.826564170173036 23.032511268588046
1169.7708333333333 24.82905499944696 23.033314139038605
1170.2708333333333 24.83147262133511 23.034119419899373
1170.7708333333333 24.83391510399678 23.034923584565977
1171.2708333333333 24.836376822689896 23.035744327628255
1171.7708333333333 24.838837840219277 23.036544294682663
1172.2708333333333 24.841273361772682 23.037337838236684
1172.7708333333333 24.843732779700368 23.03814634889049
1173.2708333333333 24.84616002068815 23.038955364137067
1173.7708333333333 24.848606896009663 23.03974749026963
1174.2708333333333 24.85103938014513 23.040557927914186
1174.7708333333333 24.853489139707023 23.04135094603259
1175.2708333333333 24.85593690120338 23.042149622367543
1175.7708333333333 24.85838186292616 23.042947834338058
1176.2708333333333 24.860800639871343 23.043746375369636
1176.7708333333333 24.863254108835314 23.044550269603704
1177.2708333333333 24.865676106703297 23.045353172155924
1177.7708333333333 24.86810474665881 23.046139185994548
1178.2708333333333 24.870544749320892 23.046946264994332
1178.7708333333333 24.872991919711854 23.047736150399395
1179.2708333333333 24.875399418619637 23.048528373938453
1179.7708333333333 24.877833592003057 23.049322787107144
1180.2708333333333 24.88025769953076 23.05011357495409
1180.7708333333333 24.88267188863119 23.050912304313883
1181.2708333333333 24.88511506399581 23.05170561388396
1181.7708333333333 24.887518896409215 23.052486764629112
1182.2708333333333 24.889950483153804 23.053284537917683
1182.7708333333333 24.892345852131093 23.054071923188744
1183.2708333333333 24.894779906038906 23.054873031083094
1183.7708333333333 24.897168268859854 23.055643997820386
1184.2708333333333 24.899583959135562 23.056438134603702
1184.7708333333333 24.902001661507818 23.05722268505974
1185.2708333333333 24.904421461397384 23.058005365071132
1185.7708333333333 24.906806592361793 23.058780252346025
1186.2708333333333 24.909187124238834 23.05957368100733
1186.7708333333333 24.91160378130622 23.06035069782331
1187.2708333333333 24.913996440693843 23.061147088939983
1187.7708333333333 24.916397897815173 23.06192586336747
1188.2708333333333 24.918785896001374 23.06269912949741
1188.7708333333333 24.92119392633869 23.063487466622714
1189.2708333333333 24.923583146540803 23.064269157505947
1189.7708333333333 24.92594936997111 23.065043591681512
1190.2708333333333 24.92835399865693 23.065821562209948
1190.7708333333333 24.930741097023418 23.066601955124302
1191.2708333333333 24.93310182841466 23.06737959224514
1191.7708333333333 24.935529405864326 23.06815191256745
1192.2708333333333 24.93787575243448 23.068924722916208
1192.7708333333333 24.940267771905155 23.069703075980286
1193.2708333333333 24.94262858817163 23.07047902494486
1193.7708333333333 24.945009944626296 23.071250636500196
1194.2708333333333 24.947389639353013 23.072017388728206
1194.7708333333333 24.94974147575748 23.072789837475646
1195.2708333333333 24.952121532594568 23.073577895206054
1195.7708333333333 24.95450210068617 23.074332892655235
1196.2708333333333 24.95685526092394 23.075115033992905
1196.7708333333333 24.9592120984088 23.0758861291351
1197.2708333333333 24.961585553790183 23.07664442744862
1197.7708333333333 24.963927677460454 23.07741825404808
1198.2708333333333 24.96628192539296 23.07818557899315
1198.7708333333333 24.96862471209233 23.078952643476942
1199.2708333333333 24.97100335520326 23.079721029684016
1199.7708333333333 24.973350189780813 23.080486521249412
1200.2708333333333 24.975688528998457 23.08124124594555
1200.7708333333333 24.978032514657325 23.082010412776523
1201.2708333333333 24.980373517890364 23.082772155274238
1201.7708333333333 24.982699919563878 23.08353807404178
1202.2708333333333 24.985028004760935 23.08428680576265
1202.7708333333333 24.98738065833024 23.085058835206624
1203.2708333333333 24.98971895687621 23.085817049964405
1203.7708333333333 24.992032760544724 23.08657524519004
1204.2708333333333 24.99435345161343 23.08733528427564
1204.7708333333333 24.996669321592524 23.088085604402803
1205.2708333333333 24.99897442300808 23.088839256146603
1205.7708333333333 25.001281942392858 23.089601769489047
1206.2708333333333 25.003601538218195 23.090358159987513
1206.7708333333333 25.005899264851482 23.09110357549701
1207.2708333333333 25.00822341298043 23.091851726219907
1207.7708333333333 25.010508614958184 23.092604676254744
1208.2708333333333 25.012811386648515 23.093364283203847
1208.7708333333333 25.01508400955851 23.094111789514425
1209.2708333333333 25.017372695581205 23.094861759677535
1209.7708333333333 25.01967439347732 23.095605207661826
1210.2708333333333 25.021930306966667 23.0963561665056
1210.7708333333333 25.024217743305726 23.097096094480868
1211.2708333333333 25.026499913163587 23.097846116562515
1211.7708333333333 25.02874841150295 23.09859277446593
1212.2708333333333 25.030997517910304 23.099322873785653
1212.7708333333333 25.033262519227794 23.100066910800365
1213.2708333333333 25.035506144231142 23.100802658447947
1213.7708333333333 25.03779558813853 23.101550255677928
1214.2708333333333 25.040012064967833 23.10229661127814
1214.7708333333333 25.042270241276363 23.103027078630788
1215.2708333333333 25.04450266023597 23.103768290947386
1215.7708333333333 25.046707148974804 23.104502018829415
1216.2708333333333 25.04894524479464 23.10523569128577
1216.7708333333333 25.05114914261524 23.105973748836668
1217.2708333333333 25.053393926161 23.106694584700108
1217.7708333333333 25.0555580530297 23.10743532762423
1218.2708333333333 25.057809617377515 23.108167806743374
1218.7708333333333 25.06000319991975 23.108892418497856
1219.2708333333333 25.062184084767697 23.10962468933484
1219.7708333333333 25.064374790701077 23.11035365600595
1220.2708333333333 25.066554785596693 23.111070940802392
1220.7708333333333 25.068733851764968 23.11180262714327
1221.2708333333333 25.070902285786524 23.112535279170842
1221.7708333333333 25.073068818872212 23.1132440908041
1222.2708333333333 25.075246443349016 23.113967344579475
1222.7708333333333 25.07733893106533 23.114678827020413
1223.2708333333333 25.079506596223318 23.115379392200673
1223.7708333333333 25.081629699885177 23.116098983116032
1224.2708333333333 25.083732903859687 23.116814833657997
1224.7708333333333 25.08581344566368 23.11752197525234
1225.2708333333333 25.08792994106651 23.11823041837991
1225.7708333333333 25.09002511421049 23.118943828910936
1226.2708333333333 25.092118834099793 23.11964764130025
1226.7708333333333 25.09420174056258 23.120348020871965
1227.2708333333333 25.0962586205061 23.121042776929997
1227.7708333333333 25.098334361851112 23.121748299709814
1228.2708333333333 25.10042249550457 23.122441632268632
1228.7708333333333 25.102437892217942 23.123149529991235
1229.2708333333333 25.104485171116103 23.123840063053418
1229.7708333333333 25.106534685319946 23.124538743129634
1230.2708333333333 25.10855880920912 23.125224483145587
1230.7708333333333 25.110613587558582 23.125919165555104
1231.2708333333333 25.11261252059699 23.126613850315636
1231.7708333333333 25.11462943348979 23.127304575344777
1232.2708333333333 25.116638048551344 23.12799560933342
1232.7708333333333 25.118635160470106 23.12868987254764
1233.2708333333333 25.120656179341616 23.12937391020291
1233.7708333333333 25.122650220352625 23.130052334021723
1234.2708333333333 25.124632242700123 23.130745053666665
1234.7708333333333 25.126613205706832 23.13142866846843
1235.2708333333333 25.128606230965968 23.132112133068766
1235.7708333333333 25.13057152029348 23.13279427070144
1236.2708333333333 25.132565678952666 23.133478590523318
1236.7708333333333 25.13452199040168 23.134173692517585
1237.2708333333333 25.13650391828665 23.13484904862113
1237.7708333333333 25.138442644574702 23.135519935226153
1238.2708333333333 25.14039305936018 23.136208288827493
