FastTrWP/PhaseSpace/IAs/snIa_0.63_30.00_1.59_0.01.csv
# %ECSV 0.9
# ---
# datatype:
# - {name: time-rel, datatype: float64}
# - {name: g, datatype: float64}
# - {name: i, datatype: float64}
# schema: astropy-2.0
time-rel g i
54.25 26.995505331896645 25.402082250684547
54.75 26.987053020021918 25.393232982897853
55.25 26.97865228071622 25.38435668266212
55.75 26.9701927623359 25.375480142729483
56.25 26.961790058095172 25.366601404932837
56.75 26.95338642271359 25.357737937841787
57.25 26.945025276859525 25.34885579454079
57.75 26.93653172895925 25.3399624961235
58.25 26.928126564240497 25.331054789136974
58.75 26.919721114697502 25.322160493577115
59.25 26.91137385053503 25.31323619336359
59.75 26.902969672415644 25.304293859572923
60.25 26.894594124644826 25.29535657595757
60.75 26.886161967552766 25.28643016270732
61.25 26.877813237664743 25.277465686649514
61.75 26.86939547076944 25.26850074550081
62.25 26.861081113702138 25.259538218107473
62.75 26.852643740597735 25.250523157920952
63.25 26.84426091380613 25.241507994813574
63.75 26.835908672827387 25.232505970916073
64.25 26.827553656754045 25.223483157776656
64.75 26.8191707638844 25.214437862191623
65.25 26.810776201006462 25.205373438212128
65.75 26.802386489496918 25.196304014885445
66.25 26.794010075563396 25.18722974956546
66.75 26.785641026455906 25.178117187231408
67.25 26.777315551092254 25.169004966004124
67.75 26.768833246218083 25.15988507183263
68.25 26.760522136798663 25.150720472281858
68.75 26.752103827009257 25.141574273434664
69.25 26.74369329478296 25.132402417674918
69.75 26.735310587940887 25.123199828211934
70.25 26.72697885042853 25.114000030970352
70.75 26.718561709416157 25.104819264152024
71.25 26.710190327176463 25.095595687434948
71.75 26.701807146555957 25.086421002160115
72.25 26.69340324991492 25.077216106273575
72.74999999999999 26.685124567479953 25.068020931171198
73.25 26.6767176767905 25.058854023419848
73.75 26.668384666510974 25.04969087236897
74.24999999999999 26.66004794176999 25.040507518818597
74.75 26.651753334271792 25.03136367724284
75.25 26.643423599224686 25.022217388081884
75.74999999999999 26.63513544850124 25.013077618977416
76.25 26.626879048591565 25.00394662286883
76.75 26.618552796032876 24.99486184030252
77.24999999999999 26.61033558288214 24.98575796322999
77.75 26.60210965302408 24.976666912671984
78.25 26.59387775371289 24.967588667830665
78.74999999999999 26.58560230309371 24.95854735975403
79.25 26.577462812150827 24.949499699304297
79.75 26.56929082787328 24.94048596636738
80.24999999999999 26.561165175506 24.93149124548335
80.75 26.552975880023894 24.92250925878928
81.25 26.544861082637887 24.913555315194657
81.74999999999999 26.53675480703329 24.904617837552095
82.25 26.52868034453077 24.895707901478872
82.75 26.52060677259787 24.88676917922828
83.24999999999999 26.512572526869857 24.877876583526554
83.75 26.50455275253828 24.86905329620759
84.25 26.49654352838636 24.86020396625511
84.74999999999999 26.488563809010323 24.851389302921845
85.25 26.480576765405168 24.842602929488066
85.75 26.47265247896577 24.833851678996716
86.24999999999999 26.464768077783045 24.825098813559016
86.75 26.45684983416593 24.816390649306438
87.25 26.448975774754896 24.8077107346269
87.74999999999999 26.441125268111175 24.799038486165834
88.25 26.4333048230092 24.790411397312656
88.75 26.425499148276895 24.78178071702844
89.24999999999999 26.417741048328708 24.773227714856397
89.75 26.409971119412738 24.764657581767068
90.25 26.402231060268896 24.75610853741219
90.74999999999999 26.394500404291627 24.747614494804576
91.25 26.386816410453253 24.739138032173482
91.75 26.379178356820155 24.730708954146444
92.24999999999999 26.371558728869097 24.722286179395915
92.75 26.36395327890913 24.71388590568558
93.25 26.356369838662673 24.70555199746076
93.74999999999999 26.348811213092446 24.69722246165348
94.25 26.34128757004058 24.688896549909003
94.75 26.333764201752103 24.680646975469482
95.24999999999999 26.326315646438925 24.67240957209851
95.75 26.31885984054158 24.66419340122815
96.25 26.311398807884984 24.656040633539682
96.74999999999999 26.304029936865184 24.647867320496772
97.25 26.29666926290362 24.639750737203137
97.75 26.289339771450454 24.631659742608747
98.24999999999999 26.282001288481066 24.623587042749364
98.75 26.274682702489972 24.615585789527977
99.25 26.267403338295765 24.607587048247936
99.74999999999999 26.26020069128274 24.59960385512197
100.25 26.252976056005174 24.591687589015848
100.75 26.245789921970374 24.583795648742665
101.24999999999999 26.238668870757085 24.575938618340277
101.75 26.23150496247105 24.568102303463036
102.25 26.224440196548322 24.560292328864538
102.74999999999999 26.217345044469088 24.552511761461226
103.25 26.210271274349193 24.54477191646562
103.75 26.20329936791906 24.53708383695829
104.25 26.19626211771251 24.52939430991772
104.75 26.189325303379164 24.521739566102298
105.25 26.182409878868466 24.514133106194798
105.75 26.17549715888336 24.506553383234216
106.25 26.16857650191968 24.49900674018641
106.75 26.16173783574979 24.491479714989033
107.25 26.154888480401546 24.484021034875788
107.75 26.148125270927515 24.476554843752552
108.25 26.14139181800524 24.46914298709539
108.75 26.134623710613166 24.461751502206525
109.25 26.127905283877734 24.454388882331614
109.75 26.12122386805927 24.44704516495312
110.25 26.114528084971596 24.439721163415232
110.75 26.107844581054017 24.432430865632504
111.25 26.10121384083797 24.425142408805264
111.75 26.09454418501684 24.41786226424341
112.25 26.087941433324083 24.41062466747838
112.75 26.081329581334764 24.403385548528874
113.25 26.074765212571833 24.39618538808538
113.75 26.068193584620907 24.388989837247095
114.25 26.061666530906255 24.38181076790002
114.75 26.055127269597072 24.37465714093586
115.25 26.04859527092566 24.367543434972756
115.75 26.042089051612578 24.3604213217302
116.25 26.03561943854333 24.35331855483232
116.75 26.029164149920305 24.346256157002216
117.25 26.022698575907132 24.339189531513288
117.75 26.016271063870008 24.332163713444963
118.25 26.00988512416119 24.32515349821343
118.75 26.00346275131102 24.318155005238392
119.25 25.99709203627171 24.311188672016502
119.75 25.990767344721032 24.304233262481993
120.25 25.984411379721596 24.297297243064758
120.75 25.978043559484224 24.290406390773967
121.25 25.971766206306697 24.283516836090584
121.75 25.9655030345243 24.276653435252484
122.25 25.959258898791667 24.26982002471844
122.75 25.95302290792695 24.262986183838777
123.25 25.94679907652182 24.256191668941092
123.75 25.9405554088778 24.249403373019206
124.25 25.934385941054355 24.242630047818437
124.75 25.928206324211594 24.235903583267596
125.25 25.92203567796873 24.22918597826133
125.75 25.915890910093808 24.22249170373299
126.25 25.90980612472528 24.215816763868304
126.75 25.90366677517116 24.209161908518773
127.25 25.897642236614576 24.202532308086823
127.75 25.89155235100825 24.195931194961183
128.25 25.885495602843495 24.189335503701344
128.75 25.879525486028747 24.18278143036566
129.25 25.87349640007947 24.176238927366466
129.75 25.86752324537887 24.169708934115135
130.25 25.861568882197417 24.163229883397577
130.75 25.855568352456174 24.156742922089546
131.25 25.849673482024013 24.15028420891796
131.75 25.84379216179461 24.143848674336567
132.25 25.83789578651571 24.137455278353567
132.75 25.832022374189624 24.131069331232418
133.25 25.826149908001433 24.124697679057263
133.75 25.820322454998003 24.118347197722905
134.25 25.81455556630703 24.112029321897452
134.75 25.808756047640248 24.105730645853768
135.25 25.802972582014103 24.099453500184453
135.75 25.79721622253887 24.093207655671037
136.25 25.791479529408754 24.08698048380095
136.75 25.78577293938128 24.08076721861169
137.25 25.780070532689628 24.074572151001846
137.75 25.77437835485373 24.068396587484322
138.25 25.768717310099806 24.062267735003996
138.75 25.7631046746582 24.056150411201497
139.25 25.757502942390413 24.050041415991046
139.75 25.75187042719847 24.043974885283145
140.25 25.746301214248632 24.037908830770526
140.75 25.740726963541892 24.03188435885984
141.25 25.735184444919565 24.02585683294187
141.75 25.729700862155735 24.019869630085566
142.25 25.724157977184742 24.013909553697196
142.75 25.718683754753396 24.007971108705068
143.25 25.713228301125724 24.002040502659376
143.75 25.707775775658227 23.996153736063967
144.25 25.702356256675337 23.99026183423151
144.75 25.696943244242377 23.984392077088238
145.25 25.691555615228143 23.97857117600431
145.75 25.686177565162332 23.97276144791395
146.25 25.68082008229366 23.966969403465257
146.75 25.67549142381425 23.961190466937154
147.25 25.670184952566956 23.95544243866592
147.75 25.66485457470277 23.949722073680555
148.25 25.659627132963145 23.944018045661277
148.75 25.654347156182634 23.93831686428367
149.25 25.649087811492674 23.93263915988716
149.75 25.64386132755141 23.92696240926682
150.25 25.638619348010238 23.921288334870958
150.75 25.633435624431996 23.915628797378957
151.25 25.628237971654578 23.909986509295777
151.75 25.623066853568144 23.904356324664565
152.25 25.617891293060858 23.89874398960441
152.75 25.612728429032142 23.893129898720463
153.25 25.607571427488875 23.887523226361772
153.75 25.60245495891443 23.881948295941157
154.25 25.597339727722527 23.876366163987413
154.75 25.592202292260318 23.870817507025617
155.25 25.58715787324421 23.865254436970265
155.75 25.582078467341898 23.859733982055012
156.25 25.57701821144926 23.854211580115997
156.75 25.57195243033089 23.84870326250983
157.25 25.566912646809968 23.84322461511658
157.75 25.561945514247327 23.837738425532283
158.25 25.55689651566105 23.832270378657185
158.75 25.551943993068488 23.82683019787242
159.25 25.546912427449875 23.82139871805325
159.75 25.54197532960815 23.815979077194726
160.25 25.537030382957045 23.810587224957498
160.75 25.532072341396784 23.805193191144774
161.25 25.527150368240207 23.799830138640573
161.75 25.522260983668637 23.79446459410908
162.25 25.517329647434117 23.789131419885116
162.75 25.512453839134274 23.783800902648224
163.25 25.507599180227306 23.77850121954136
163.75 25.50272658293511 23.77322247096504
164.25 25.49789048177898 23.76794649316431
164.75 25.49306411220726 23.762684866709925
165.25 25.4882511920108 23.757438441934635
165.75 25.48343469849151 23.752217321980655
166.25 25.478629999122937 23.747019980522673
166.75 25.47385639662435 23.741830912719998
167.25 25.469095002483513 23.73665003104
167.75 25.464340002837147 23.73151262025274
168.24999999999997 25.459605799284844 23.726364283480002
168.75 25.454880087569048 23.721257920353555
169.25 25.450184494978497 23.716156875007854
169.74999999999997 25.445465476679054 23.711081992912813
170.25 25.44075460881427 23.70602351382812
170.75 25.43610733689372 23.700986372803715
171.24999999999997 25.431434718027997 23.695942356970864
171.75 25.426797051750626 23.690950521595898
172.25 25.422155004430916 23.685959591383615
172.74999999999997 25.417554676989976 23.680996346470277
173.25 25.412931808386205 23.67603598486817
173.75 25.408341615305964 23.671112290553378
174.24999999999997 25.40376824177531 23.6662102404662
174.75 25.39916856267746 23.661316186449227
175.25 25.394628947357326 23.65644950718113
175.74999999999997 25.390063541136687 23.651599176052073
176.25 25.385524770690274 23.646779793326616
176.75 25.381021479558477 23.641956029744374
177.24999999999997 25.376516864086177 23.637162888369115
177.75 25.372039473316402 23.632383473397685
178.25 25.367556502763534 23.62761776475129
178.74999999999997 25.36306798119704 23.622903321083584
179.25 25.358637771022778 23.618188157730376
179.75 25.354191093505044 23.61349159614932
180.24999999999997 25.34978189209074 23.608816679817494
180.75 25.34534868613498 23.60416320568426
181.25 25.340930615477294 23.599527523054924
181.74999999999997 25.336552377717652 23.59492195838525
182.25 25.332139517622323 23.590320508922495
182.75 25.327769838910108 23.585761908800258
183.24999999999997 25.323400068776543 23.58119969283644
183.75 25.319100915284647 23.57667549505554
184.25 25.31477800339593 23.57216528377218
184.74999999999997 25.3104394213047 23.56767503122817
185.25 25.306150955400355 23.563208886272463
185.75 25.30183638378687 23.558776466597763
186.24999999999997 25.297546268554363 23.554332878649532
186.75 25.293285964801537 23.54992872198175
187.25 25.28905679862174 23.545545392066224
187.74999999999997 25.284787051960972 23.541168009633463
188.25 25.280550886339807 23.53680629168383
188.75 25.27631135729678 23.532443196022484
189.24999999999997 25.27211406400159 23.52810633890642
189.75 25.267924032126512 23.5237675932186
190.25 25.26371993465332 23.51944860503714
190.74999999999997 25.259550094280584 23.515143153319187
191.25 25.255371743186636 23.5108297353772
191.75 25.251196456719434 23.506541506555028
192.24999999999997 25.247046092291924 23.502261949047387
192.75 25.242914656351175 23.497990693690642
193.25 25.23877474826027 23.49373393141551
193.74999999999997 25.234636470727693 23.489497894761886
194.25 25.23056689933657 23.485244900684606
194.75 25.226445550937267 23.48102374803492
195.24999999999997 25.222338037201936 23.476818648555174
195.75 25.21825140505642 23.472606135318586
196.25 25.214170071578895 23.468425250576374
196.74999999999997 25.21012065785746 23.46424575767873
197.25 25.206067393032274 23.460071324858415
197.75 25.202016759397758 23.455925131525884
198.24999999999997 25.19798299977737 23.451784355581946
198.75 25.193950794102324 23.447658446503475
199.25 25.18994833218981 23.44354611596973
199.74999999999997 25.18594848494566 23.43944981492378
200.25 25.181944944775275 23.435347695284435
200.75 25.177972802640287 23.431280573719157
201.24999999999997 25.173966661733367 23.42722322158925
201.75 25.170010309087914 23.4231649447038
202.25 25.166067089833515 23.41912922766849
202.74999999999997 25.162091295035708 23.41509481571173
203.25 25.158153604336317 23.41109304424817
203.75 25.154224850429223 23.40709245350006
204.24999999999997 25.150306846380293 23.403107222222413
204.75 25.146379334946673 23.399151153832047
205.25 25.142470108053622 23.395185723361248
205.74999999999997 25.13860553653748 23.3912515749398
206.25 25.134714089195903 23.38733041281386
206.75 25.130819670958076 23.38341796516658
207.24999999999997 25.126958329107566 23.379517168035232
207.75 25.123099319254216 23.375639914536393
208.25 25.119254863411555 23.3717595890762
208.74999999999997 25.115388356634014 23.367917256289154
209.25 25.111577954029176 23.364069289206853
209.75 25.10775601872339 23.36025189156191
210.24999999999997 25.103941932941932 23.35643906500789
210.75 25.100154820093188 23.352639075950982
211.25 25.096335762902065 23.348864215234087
211.74999999999997 25.092530622453975 23.345093140030066
212.25 25.08877005700844 23.3413483017944
212.75 25.08502030754954 23.337612076708652
213.24999999999997 25.08122794348255 23.333895865518098
213.75 25.077492725068883 23.330191298435807
214.25 25.073739404690162 23.32649742724817
214.74999999999997 25.0700034828564 23.322820345556885
215.25 25.06625321069082 23.319164624787273
215.75 25.062555549403278 23.315521163070805
216.24999999999997 25.058832476857713 23.311905481779306
216.75 25.05514031612229 23.308297235392985
217.25 25.051427506395505 23.30469949118077
217.74999999999997 25.047778367066506 23.301114249649054
218.25 25.044084229735155 23.29754759916416
218.75 25.04042098607108 23.29401207147347
219.24999999999997 25.036746796376924 23.290470823469608
219.75 25.03310044440768 23.28694950884779
220.25 25.029460753190648 23.283454446250165
220.74999999999997 25.025850844573707 23.279973070313964
221.25 25.022209478669847 23.276501097820006
221.75 25.018587458407744 23.273057802850428
222.24999999999997 25.014960521038923 23.2696157243113
222.75 25.011352106368008 23.266200769682047
223.25 25.007780140680097 23.26279994472276
223.74999999999997 25.004191079863926 23.259419683036754
224.25 25.00059760502328 23.256039922354024
224.75 24.997042790740768 23.252694656762003
225.24999999999997 24.993472370803936 23.249358471229876
225.75 24.98990876165997 23.24603331365803
226.25 24.986351376666324 23.242740140329722
226.74999999999997 24.982836088657642 23.239439494832954
227.25 24.979325861621792 23.236178981182608
