FastTrWP/PhaseSpace/IAs/snIa_0.4_20_0.0_-0.1.csv
# %ECSV 0.9
# ---
# datatype:
# - {name: time-rel, datatype: float64}
# - {name: g, datatype: float64}
# - {name: i, datatype: float64}
# schema: astropy-2.0
time-rel g i
[from data line 1390]
679.0208333333334 -26.457612665336455 -27.371542807505488
679.5208333333334 -26.456050479558343 -27.37090349539934
680.0208333333334 -26.45448737226944 -27.37026223559383
680.5208333333334 -26.45292835291782 -27.36962558882574
681.0208333333334 -26.451374598401753 -27.368979579989702
681.5208333333334 -26.449807310446076 -27.368334102809033
682.0208333333334 -26.4482334114931 -27.367680766426062
682.5208333333334 -26.446666209677968 -27.36703029687844
683.0208333333334 -26.445095558039753 -27.366376280144046
683.5208333333334 -26.443538302765322 -27.36573154480115
684.0208333333334 -26.441975872083283 -27.36507714519405
684.5208333333334 -26.44039672420358 -27.36441293364658
685.0208333333334 -26.438822909263386 -27.36375179115167
685.5208333333334 -26.43723933848305 -27.363093563085336
686.0208333333334 -26.435670207666636 -27.362427284142655
686.5208333333334 -26.434099056945225 -27.36176390409533
687.0208333333334 -26.432519781432035 -27.36109554415284
687.5208333333334 -26.430943636697183 -27.360423282206114
688.0208333333334 -26.429351128952547 -27.35975818051765
688.5208333333334 -26.427778709643803 -27.359079276652437
689.0208333333334 -26.426188031456917 -27.358398850202313
689.5208333333334 -26.424615213291347 -27.35771709745368
690.0208333333334 -26.423027290548184 -27.357044665769294
690.5208333333334 -26.42143539238253 -27.35635986956291
691.0208333333334 -26.419856189402935 -27.35567973877616
691.5208333333334 -26.418257028957576 -27.354991794034902
692.0208333333334 -26.416659390424474 -27.354307540771792
692.5208333333334 -26.41508412470902 -27.3536224796716
693.0208333333334 -26.41348972140694 -27.352915405384902
693.5208333333334 -26.411890025986313 -27.352233885422624
694.0208333333334 -26.410296505241114 -27.351533066120798
694.5208333333334 -26.408691236494143 -27.350839028930054
695.0208333333334 -26.407079034895624 -27.350140947664205
695.5208333333334 -26.405498380303825 -27.349436328318827
696.0208333333334 -26.403886277467763 -27.34873257976769
696.5208333333334 -26.402278316214392 -27.348029163092523
697.0208333333334 -26.40068674787182 -27.347320393907196
697.5208333333334 -26.399074956799208 -27.346618135911474
698.0208333333334 -26.397470787642902 -27.345901144831366
698.5208333333334 -26.395867933922617 -27.345183539348863
699.0208333333334 -26.394250790970194 -27.3444806062386
699.5208333333334 -26.392622593493765 -27.343762827544744
700.0208333333334 -26.39101476452861 -27.343038059904593
700.5208333333334 -26.3893924983547 -27.342310424737256
701.0208333333334 -26.38778221640303 -27.34159001837135
701.5208333333334 -26.386156055054123 -27.340862715337074
702.0208333333334 -26.384529446168568 -27.340130455427474
702.5208333333334 -26.382911602720508 -27.3393958973671
703.0208333333334 -26.381295617724806 -27.33865866832361
703.5208333333334 -26.37966323087701 -27.33791579562933
704.0208333333334 -26.378039569460565 -27.33717724149834
704.5208333333334 -26.37641291353799 -27.33642034602743
705.0208333333334 -26.374778708832807 -27.335673837269198
705.5208333333334 -26.373131060872588 -27.334929801145567
706.0208333333334 -26.3715031912555 -27.334172542236338
706.5208333333334 -26.369875809319684 -27.333414701739414
707.0208333333334 -26.36823564209999 -27.33265590111526
707.5208333333334 -26.366588418910688 -27.33189238295075
708.0208333333334 -26.36495448493389 -27.331127805037646
708.5208333333334 -26.36330632811704 -27.330360210418267
709.0208333333334 -26.361669329600687 -27.329589277633843
709.5208333333334 -26.360023299993593 -27.328817982336943
710.0208333333334 -26.358372201896817 -27.328042627423805
710.5208333333334 -26.35671378407281 -27.327265811445884
711.0208333333334 -26.355070843336446 -27.326496625238175
711.5208333333334 -26.35341955593381 -27.325716406653
712.0208333333334 -26.351764298193476 -27.324932246259245
712.5208333333334 -26.350107405922568 -27.324150216558326
713.0208333333334 -26.348447351611753 -27.32336185613567
713.5208333333334 -26.34679643710455 -27.322573311858598
714.0208333333334 -26.345148033615224 -27.321779998892545
714.5208333333334 -26.343478854285095 -27.320990863498192
715.0208333333334 -26.341815981119915 -27.32019272046947
715.5208333333334 -26.340164687899232 -27.319405892274204
716.0208333333334 -26.338489105577935 -27.318608412550944
716.5208333333334 -26.336830086595914 -27.317806262100998
717.0208333333334 -26.33516787282208 -27.317012326130765
717.5208333333334 -26.33348805015355 -27.31620458142729
718.0208333333334 -26.33182428179946 -27.315396987324302
718.5208333333334 -26.330160248351934 -27.314599538533958
719.0208333333334 -26.328491414936067 -27.31379692150833
719.5208333333334 -26.326812601087305 -27.312983122315153
720.0208333333334 -26.325145984841505 -27.312181341584147
720.5208333333334 -26.323470726780105 -27.311377237825173
721.0208333333334 -26.32179885023843 -27.310554925986956
721.5208333333334 -26.320116552698913 -27.30974158773013
722.0208333333334 -26.318432067426073 -27.30892676389552
722.5208333333334 -26.31675337352263 -27.30812151302313
723.0208333333334 -26.315086912157124 -27.307304414299924
723.5208333333334 -26.31339704652328 -27.306490373029952
724.0208333333334 -26.31171547301076 -27.305679174923117
724.5208333333334 -26.310024911342925 -27.304849781107677
725.0208333333334 -26.308344121518687 -27.304047063688557
725.5208333333334 -26.306667636860777 -27.30322355283571
726.0208333333334 -26.30497267675255 -27.30241652532587
726.5208333333334 -26.30329841144864 -27.3015882703366
727.0208333333334 -26.301609793283454 -27.30076174734593
727.5208333333334 -26.29992251941935 -27.299946245409874
728.0208333333334 -26.29822496245106 -27.2991221749623
728.5208333333334 -26.296539487222404 -27.298309532751656
729.0208333333334 -26.29483767902693 -27.297481607303283
729.5208333333334 -26.293175457915737 -27.29666463707516
730.0208333333334 -26.2914809203189 -27.295843954626264
730.5208333333334 -26.289776217467335 -27.295017675729547
731.0208333333334 -26.288082807075295 -27.29419651968695
731.5208333333334 -26.28638333424991 -27.29336759937108
732.0208333333334 -26.28469276516209 -27.292558754867606
732.5208333333334 -26.282997867757565 -27.291723357461958
733.0208333333334 -26.281299784694923 -27.29091530871534
733.5208333333334 -26.279612601162437 -27.290082049662576
734.0208333333334 -26.2779041090953 -27.289261316295033
734.5208333333334 -26.27620137822472 -27.288434512277853
735.0208333333334 -26.274507542234026 -27.287610641765884
735.5208333333334 -26.27280314198022 -27.28677224627583
736.0208333333334 -26.271099778578538 -27.285944658934515
736.5208333333334 -26.269395222896648 -27.28511376876259
737.0208333333334 -26.267689596486324 -27.284271221960374
737.5208333333334 -26.265984716573826 -27.283436472653804
738.0208333333334 -26.264271510924164 -27.28260355904066
738.5208333333334 -26.262556543511653 -27.28175861810061
739.0208333333334 -26.26085442738036 -27.280931512954368
739.5208333333334 -26.25914777178515 -27.280079472387662
740.0208333333334 -26.25743589897602 -27.279242019822682
740.5208333333334 -26.25571259624502 -27.278394615850395
741.0208333333334 -26.254004339528226 -27.277545645013266
741.5208333333334 -26.252292052834253 -27.276699269428928
742.0208333333334 -26.250584886778086 -27.275853336683408
742.5208333333334 -26.24885282974006 -27.275008316707737
743.0208333333334 -26.247127982235945 -27.274141210523332
743.5208333333334 -26.245409273642085 -27.273294828782987
744.0208333333334 -26.243695424458075 -27.27244126116249
744.5208333333334 -26.24196510654285 -27.27158601121411
745.0208333333334 -26.24023881667882 -27.270728196423445
745.5208333333334 -26.238523802079623 -27.2698797323948
746.0208333333334 -26.23678346626653 -27.26902042045979
746.5208333333334 -26.235066143900436 -27.268169648841635
747.0208333333334 -26.23333321430311 -27.26731159253611
747.5208333333334 -26.231612451748884 -27.266440085572636
748.0208333333334 -26.229892215845183 -27.265587396366826
748.5208333333334 -26.228151526098667 -27.264725346407936
749.0208333333334 -26.22640828474839 -27.263854331838033
749.5208333333334 -26.224675430684567 -27.263003210421314
750.0208333333334 -26.222943209318423 -27.26213525870936
750.5208333333334 -26.22121201596918 -27.261269513049143
751.0208333333334 -26.21949358457089 -27.260404590604807
751.5208333333334 -26.21773125039106 -27.259527936657637
752.0208333333334 -26.215989244487425 -27.25866824275084
752.5208333333333 -26.21426587171004 -27.25779951108034
753.0208333333334 -26.2125302974367 -27.256931422838775
753.5208333333334 -26.21076671661182 -27.25606550568085
754.0208333333333 -26.2090422031511 -27.255193126320982
754.5208333333334 -26.20728184365232 -27.254329662963194
755.0208333333334 -26.205566210774908 -27.253453160131755
755.5208333333333 -26.20381247743762 -27.252584025758324
756.0208333333334 -26.20206239195422 -27.251709963599144
756.5208333333334 -26.20031497432104 -27.25084309716491
757.0208333333333 -26.198574830130525 -27.24997198239313
757.5208333333334 -26.196824203655634 -27.24909320514587
758.0208333333334 -26.1950675895827 -27.248231986730545
758.5208333333333 -26.193314484665876 -27.24735208429788
759.0208333333334 -26.19157432756511 -27.246477702654683
759.5208333333334 -26.189825036478723 -27.245614900055052
760.0208333333333 -26.18805143419372 -27.244734763257906
760.5208333333334 -26.186317239525817 -27.24386603203032
761.0208333333334 -26.1845597596832 -27.24298361739639
761.5208333333333 -26.182811435145158 -27.242112798836477
762.0208333333334 -26.181058551873537 -27.241237401954457
762.5208333333334 -26.179291146078643 -27.240371863887376
763.0208333333333 -26.177532152637436 -27.239497033021564
763.5208333333334 -26.175776469700693 -27.23862080376695
764.0208333333334 -26.174004298075694 -27.23775152751785
764.5208333333333 -26.172267392632406 -27.23687752068458
765.0208333333334 -26.1704990986545 -27.236007904259232
765.5208333333334 -26.16873920638764 -27.23513282172389
766.0208333333333 -26.166970907832976 -27.23425272315067
766.5208333333334 -26.165215143406915 -27.23338820472698
767.0208333333334 -26.163468581698083 -27.23250853618233
767.5208333333333 -26.161693227961113 -27.231647114326826
768.0208333333334 -26.159922909721054 -27.23077006800425
768.5208333333334 -26.158159809284292 -27.229900103522525
769.0208333333333 -26.156394008483744 -27.22902046738474
769.5208333333334 -26.154617794744603 -27.22815123716164
770.0208333333334 -26.15285987637553 -27.22727764117399
770.5208333333333 -26.15110261754046 -27.22640556124178
771.0208333333334 -26.149320352952326 -27.225527299148936
771.5208333333334 -26.147555644732712 -27.224654317597846
772.0208333333333 -26.145783362935724 -27.22377902496706
772.5208333333334 -26.144017582583974 -27.22290613278902
773.0208333333334 -26.14224979948066 -27.222029406343303
773.5208333333333 -26.140471360235466 -27.22115103714524
774.0208333333334 -26.138687423765774 -27.22027155860278
774.5208333333334 -26.136926987327428 -27.21940160731316
775.0208333333333 -26.13514457395246 -27.218514411122513
775.5208333333334 -26.133382146196446 -27.217637383576495
776.0208333333334 -26.131602629414857 -27.21676129017186
776.5208333333333 -26.129822149481534 -27.21588435574567
777.0208333333334 -26.128044307860886 -27.215006845979328
777.5208333333334 -26.126267794226663 -27.214123969457226
778.0208333333333 -26.124491583830864 -27.213249034430888
778.5208333333334 -26.12271112449591 -27.2123693713888
779.0208333333334 -26.12091775013662 -27.21148424852916
779.5208333333333 -26.119146340863082 -27.21061181099349
780.0208333333334 -26.117358527755247 -27.20972474167787
780.5208333333334 -26.115568880387883 -27.208843379837447
781.0208333333333 -26.11379540647798 -27.20796483516407
781.5208333333334 -26.11200706880584 -27.207078289269564
782.0208333333334 -26.11022219471332 -27.2061940902973
782.5208333333333 -26.10842838873119 -27.205307385643547
783.0208333333334 -26.106633986240233 -27.204424685195168
783.5208333333334 -26.104854745376215 -27.20353758699362
784.0208333333333 -26.103042233199965 -27.20264795891591
784.5208333333334 -26.10126114485311 -27.201766121504466
785.0208333333334 -26.09946811505127 -27.200881103200814
785.5208333333333 -26.097681172646745 -27.199996699481318
786.0208333333334 -26.09588455652399 -27.1991063306917
786.5208333333334 -26.094086314377357 -27.1982156918512
787.0208333333333 -26.092292404014316 -27.19732597828
787.5208333333334 -26.090496053726216 -27.19644488210165
788.0208333333334 -26.088683964534724 -27.195550599984895
788.5208333333333 -26.086897388821868 -27.194669373190866
789.0208333333334 -26.08508315525262 -27.193763028618946
789.5208333333334 -26.083288367528873 -27.192879107675477
790.0208333333333 -26.081480979956574 -27.191983545607926
790.5208333333334 -26.079677107874836 -27.19110343317132
791.0208333333334 -26.07787985814963 -27.190203711401217
791.5208333333333 -26.076067140098964 -27.189315838800617
792.0208333333334 -26.07425509210787 -27.18842160957947
792.5208333333334 -26.07245226803721 -27.187520623585026
793.0208333333333 -26.07062594696638 -27.186630292317734
793.5208333333334 -26.0688239122714 -27.185734137403777
794.0208333333334 -26.06701373726974 -27.184839744216728
794.5208333333333 -26.06518947276483 -27.18393591163922
795.0208333333334 -26.06337295107016 -27.183039592573866
795.5208333333334 -26.06154491351684 -27.182137359124553
796.0208333333333 -26.05973780964677 -27.181242387662998
796.5208333333334 -26.057910647903935 -27.180344746257816
797.0208333333334 -26.05609206109465 -27.179446853755216
797.5208333333333 -26.054275583306413 -27.178542151954744
798.0208333333334 -26.05243807548199 -27.177631793322398
798.5208333333334 -26.05062466749604 -27.176741991572865
799.0208333333333 -26.048791039617196 -27.17583791216756
799.5208333333334 -26.04694924073708 -27.17492623001558
800.0208333333334 -26.045126828138578 -27.174034477717818
800.5208333333333 -26.043292235785064 -27.173125317925848
801.0208333333334 -26.041461495432117 -27.17221660923487
801.5208333333334 -26.039634303199477 -27.17131617850314
802.0208333333333 -26.037802322448012 -27.170406663328585
802.5208333333334 -26.035958900139224 -27.169501443002368
803.0208333333334 -26.03412584367968 -27.168589102407743
803.5208333333333 -26.032289345639565 -27.1676875110099
804.0208333333334 -26.030439703904214 -27.16677648390351
804.5208333333334 -26.02860466360607 -27.165873875622005
805.0208333333333 -26.026777331118943 -27.164953351693168
805.5208333333334 -26.02492495766205 -27.16404904028565
806.0208333333334 -26.023077624813528 -27.16313992317087
806.5208333333333 -26.021240912345355 -27.162240739472754
807.0208333333334 -26.019392001763574 -27.161318643083938
807.5208333333334 -26.017551634644903 -27.160399374369092
808.0208333333333 -26.01569173195976 -27.159497637393887
808.5208333333334 -26.01384648272436 -27.15858080538566
809.0208333333334 -26.012000733444903 -27.1576724574612
809.5208333333333 -26.0101439289237 -27.156753530109082
810.0208333333334 -26.008291845209925 -27.155840465676015
810.5208333333334 -26.006453262371938 -27.15492521926913
811.0208333333333 -26.004585239045113 -27.154005687648347
811.5208333333334 -26.002728026990273 -27.153096264188168
812.0208333333334 -26.000873319037638 -27.152176348719923
812.5208333333333 -25.999022345208257 -27.15126166704139
813.0208333333334 -25.997159387235968 -27.15034466541644
813.5208333333334 -25.99530235909436 -27.14942703525853
814.0208333333333 -25.993439890219573 -27.14849919258443
814.5208333333334 -25.991569370063573 -27.1475864078454
815.0208333333334 -25.989700351628894 -27.14666280726149
815.5208333333333 -25.9878437937871 -27.145746212649676
816.0208333333334 -25.985977298572642 -27.144821981963027
816.5208333333334 -25.984086666764664 -27.14389720666515
817.0208333333333 -25.982223966513125 -27.14297546910757
817.5208333333334 -25.9803659442403 -27.14204571175457
818.0208333333334 -25.97848184900645 -27.14113172401174
