FastTrWP/PhaseSpace/IAs/snIa_0.60_30.00_0.15_0.05.csv
# %ECSV 0.9
# ---
# datatype:
# - {name: time-rel, datatype: float64}
# - {name: g, datatype: float64}
# - {name: i, datatype: float64}
# schema: astropy-2.0
time-rel g i
[from data line 350]
306.75 24.807437132899324 23.18486160235359
307.25 24.803551249145734 23.18204012070612
307.75 24.79971123182565 23.179234621888277
308.25 24.795833817363167 23.17642213197455
308.75 24.79197570216989 23.173614684442438
309.25 24.788124573270785 23.17081280527027
309.75 24.784270939438432 23.16800568203725
310.25 24.78042780512574 23.165223491278404
310.75 24.77661430743355 23.16243464078449
311.25 24.772768565361815 23.159652221245576
311.75 24.768956845262835 23.1568665869753
312.25 24.76514204431831 23.154102189409787
312.75 24.76132555875693 23.151319412257564
313.25 24.757521663786406 23.148552895161497
313.75 24.753711957199776 23.145793376667005
314.25 24.749908667370725 23.143030752161884
314.75 24.746133597796607 23.140281098633068
315.25 24.742361379002837 23.13753598674248
315.75 24.73859369906368 23.134788830682453
316.25 24.734798212066828 23.132062548483823
316.75 24.731056592144967 23.129315365876664
317.25 24.727295448221476 23.12659654696359
317.75 24.723556618169372 23.123874265890105
318.25 24.719816049433284 23.121160140457455
318.75 24.716070063511513 23.118446552944107
319.25 24.712337416224372 23.11573484819368
319.75 24.708612383575698 23.113018169493834
320.25 24.704892780320662 23.11033111179373
320.75 24.701203431102368 23.10763105762568
321.25 24.697467875090492 23.104944522269534
321.75 24.6937593686954 23.10225062248131
322.25 24.69006621316411 23.099572797556235
322.75 24.68636935613443 23.096894389500907
323.25 24.682692966566904 23.094210311923753
323.75 24.679030222663773 23.091530576816574
324.25 24.675345320499137 23.08888716363014
324.75 24.67167939590364 23.08621682411628
325.25 24.668000137519105 23.083561788068376
325.75 24.66436037737955 23.080901193133442
326.25 24.660713718310422 23.078263807323545
326.75 24.657064675537818 23.075614111760018
327.25 24.653416513179607 23.072971536029097
327.75 24.649779168021407 23.07033960600164
328.25 24.646140481725975 23.06770255614194
328.75 24.64254538124034 23.065075845339564
329.25 24.638899741953605 23.062454075183545
329.75 24.63527245703537 23.0598365009704
330.25 24.631697898324006 23.057214499152934
330.75 24.628079618811714 23.054603600385345
331.25 24.62447336033798 23.051984508964118
331.75 24.62089152285154 23.049384841370557
332.25 24.617306221845546 23.046785467232056
332.75 24.613731581379668 23.044185395375983
333.25 24.61014311690949 23.04159604579557
333.75 24.60656082478436 23.039014864607754
334.25 24.603005002600632 23.036418958293822
334.75 24.599435694122043 23.03384231981181
335.25 24.595881467757252 23.031259592603277
335.75 24.592332507244116 23.02867753542646
336.25 24.58879330038719 23.02610935511257
336.75 24.585246374010573 23.023543521950643
337.25 24.58172027284221 23.02098847850727
337.75 24.578184802016445 23.01842013392642
338.25 24.5746667915486 23.015863819628954
338.75 24.571131865461023 23.013309248203836
339.25 24.567605069021464 23.010757842471996
339.75 24.56408626397019 23.00821948772024
340.25 24.560600236209535 23.005668014682023
340.75 24.557081736036327 23.003130021695796
341.25 24.55358233320822 23.000595490723065
341.75 24.550108320907377 22.99805593955056
342.25 24.546603979810424 22.99552779020125
342.75 24.54310775618954 22.99300587154709
343.25 24.53964540535803 22.99047949317589
343.75 24.53618348517709 22.987958640291353
344.25 24.53270704327203 22.985433210145185
344.75 24.529255465125356 22.982927043241958
345.25 24.525795134126483 22.980413708692314
345.75 24.52231863355913 22.97791454937019
346.25 24.518888330313914 22.975404509607724
346.75 24.51538910923453 22.972901730585498
347.25 24.51196643450022 22.970400272994546
347.75 24.50853146696366 22.967909221196464
348.25 24.505124779391206 22.96542093520322
348.75 24.501683738232476 22.962929863946698
349.25 24.49823437380765 22.960458320955198
349.75 24.494831248161034 22.957965031225758
350.25 24.49141364864708 22.955489151881476
350.75 24.487996173177645 22.953007443172627
351.25 24.48457810265897 22.95053177696319
351.75 24.4811938686256 22.948052096113912
352.25 24.477744429543648 22.945579334326123
352.75 24.474332476750643 22.94310368315836
353.25 24.470892924049235 22.940644658064887
353.75 24.467457375100427 22.93815618180232
354.25 24.464038642866974 22.93568404871653
354.75 24.46060776438971 22.93320715738333
355.25 24.45716142918011 22.93072623132893
355.75 24.453705698578187 22.928260304036435
356.25 24.45027395221836 22.925782816446443
356.75 24.446817700631854 22.923316915251082
357.25 24.443369236037242 22.92084251046047
357.75 24.439916805084888 22.918373673548693
358.25 24.43647053138692 22.915907894975653
358.75 24.43303056304186 22.913435436843717
359.25 24.429591038415005 22.910966285254766
359.75 24.426128902170007 22.908511278811773
360.25 24.422709250250723 22.906040478807927
360.75 24.41926373431929 22.90359460050526
361.24999999999994 24.41582812814743 22.901136434148803
361.75 24.412407976028206 22.898680303563438
362.25 24.408951191789654 22.896227711140167
362.74999999999994 24.405533034161337 22.893776661272724
363.25 24.40210355121819 22.891337562726463
363.75 24.398674253058054 22.88888884453997
364.24999999999994 24.39528573157162 22.886451830518112
364.75 24.391878516036485 22.884020582229052
365.25 24.388476727656837 22.88158157414216
365.74999999999994 24.385082073575926 22.879159944024096
366.25 24.38169804497293 22.876734258885207
366.75 24.378316181265202 22.874313260102788
367.24999999999994 24.374945091842655 22.871907472462333
367.75 24.371582464472567 22.8694812746959
368.25 24.368217998693254 22.867074003590247
368.74999999999994 24.364862215339457 22.86467495496857
369.25 24.36153514129795 22.862275875302835
369.75 24.358214329658914 22.85988475244605
370.24999999999994 24.354894306086187 22.85749024935066
370.75 24.351565200920476 22.855107144947397
371.25 24.348257807922113 22.852728477493017
371.74999999999994 24.34497480193582 22.8503560216734
372.25 24.341692336174315 22.847988567599614
372.75 24.338415705395597 22.845619777755918
373.24999999999994 24.33515603564718 22.843264618427117
373.75 24.33191324269933 22.840907322279488
374.25 24.328666729197966 22.83856455034503
374.74999999999994 24.325460073671124 22.836229910804562
375.25 24.322218433457973 22.833889304639822
375.75 24.319040906365174 22.83156045602901
376.24999999999994 24.315850856513478 22.829243462665758
376.75 24.312677795032194 22.82692077608299
377.25 24.309526396535613 22.824613313283336
377.74999999999994 24.306378534614048 22.82230481371932
378.25 24.303239553554974 22.820016033514907
378.75 24.30013363412847 22.817718812104403
379.24999999999994 24.29702534559681 22.81544128367041
379.75 24.29394046122923 22.81316633834804
380.25 24.29085985734925 22.81090512133396
380.74999999999994 24.28779993775249 22.808646497613367
381.25 24.284762733447387 22.80639040310883
381.75 24.281733444789477 22.80413854812858
382.24999999999994 24.278715651673757 22.80190336651898
382.75 24.275725559050304 22.799664518701093
383.25 24.272749465134808 22.797449401580757
383.74999999999994 24.269789193143954 22.79523021911794
384.25 24.266851054842284 22.793026576370423
384.75 24.263916606763747 22.790825229415614
385.24999999999994 24.26099550246146 22.78863209281223
385.75 24.258116386030643 22.786444504574273
386.25 24.255253936428332 22.784268830184914
386.74999999999994 24.25238841194336 22.782112457700418
387.25 24.249545546200565 22.779954133835286
387.75 24.246730875424287 22.77780251384015
388.24999999999994 24.243932562371633 22.775658781987413
388.75 24.24115504217052 22.773527674902105
389.25 24.238396893373316 22.771408655846596
389.74999999999994 24.23564020053227 22.769297378881515
390.25 24.232912533422187 22.76718026442342
390.75 24.230164333859882 22.765073062692906
391.24999999999994 24.227421471538317 22.762972914304473
391.75 24.22472467474283 22.760864110242526
392.25 24.222006085060016 22.758766624599613
392.74999999999994 24.21928911371793 22.75667651885096
393.25 24.21657975487134 22.754592574397034
393.75 24.213893384629127 22.752512621530897
394.24999999999994 24.211212532816013 22.750427295814806
394.75 24.208542273189607 22.748349826803324
395.25 24.20586156719203 22.746281632916787
395.74999999999994 24.2032006853678 22.744210137959378
396.25 24.200558334385015 22.742156700957775
396.75 24.19790747179077 22.74010067300379
397.24999999999994 24.195281304432427 22.738042510537376
397.75 24.192630136967963 22.735990865347592
398.25 24.190010683226973 22.733948789982065
398.74999999999994 24.187395002799935 22.731908640618084
399.25 24.184797748475088 22.72988034495288
399.75 24.182186302811797 22.72784842896864
400.24999999999994 24.179603079988837 22.725827622508167
400.75 24.17703953207805 22.723797969994564
401.25 24.174464553513204 22.721785425937938
401.74999999999994 24.171910922265223 22.719773353631368
402.25 24.169348953150145 22.71776905269816
402.75 24.166819277476822 22.715768259709797
403.24999999999994 24.164295922981974 22.713774692335896
403.75 24.161765976851143 22.71178791417842
404.25 24.159245699703856 22.709795978854885
404.74999999999994 24.156745292732523 22.70782111442464
405.25 24.154269212482028 22.70583724453035
405.75 24.151792568230807 22.703873443966277
406.24999999999994 24.149317233148743 22.70190975784358
406.75 24.146850800568078 22.699955849978153
407.25 24.144410225033646 22.69800397001456
407.74999999999994 24.14197258134269 22.69605176168016
408.25 24.13952794836812 22.694109101203566
408.75 24.13713448057617 22.692181006777275
409.24999999999994 24.134714642789273 22.690250807328354
409.75 24.13232296630319 22.688324679112426
410.25 24.12994738091893 22.686403512001622
410.74999999999994 24.127570560136338 22.684487044177025
411.25 24.125219806587403 22.682589272224032
411.75 24.122864616825463 22.680685687463576
412.24999999999994 24.120538012362672 22.678784238585482
412.75 24.11819666271075 22.676893149179442
413.25 24.115880533386655 22.675019564629203
413.74999999999994 24.11359612660583 22.673138990951813
414.25 24.11129866864762 22.671262271309963
414.75 24.109034297322346 22.669394676884536
415.24999999999994 24.106769653998406 22.667533282816276
415.75 24.10450683900868 22.66568656034991
416.25 24.10227287685755 22.66383821423663
416.74999999999994 24.10003215382062 22.661998093603536
417.25 24.09781313281004 22.660164763061815
417.75 24.095635612052803 22.65833278617003
418.24999999999994 24.093435693345683 22.656517483561842
418.75 24.09126091417605 22.65469939534437
419.25 24.08908895238945 22.65289465575082
419.74999999999994 24.08694582337575 22.651091621594382
420.25 24.08480389222448 22.649288359446395
420.75 24.082684376444128 22.64750259848313
421.24999999999994 24.08056281366052 22.645729487031897
421.75 24.07847383270109 22.643941553065883
422.25 24.076388214314303 22.642166213904048
422.74999999999994 24.074329186933827 22.64040849016667
423.25 24.072260944906407 22.638652329274315
423.75 24.070211515021693 22.636909630494987
424.24999999999994 24.068201657026968 22.635158896716206
424.75 24.066173844507404 22.633429052587083
425.25 24.06418137678959 22.631692089119007
425.74999999999994 24.06219259485267 22.629969538529735
426.25 24.06022400321248 22.628259213705128
426.75 24.058260414191 22.626549916801917
427.24999999999994 24.056309640350342 22.624848151862818
427.75 24.054386641197976 22.623162431596914
428.25 24.052459655769688 22.621466276111647
428.74999999999994 24.05054480419672 22.619788591213986
429.25 24.048656457237986 22.61810397585643
429.75 24.046775259998242 22.6164332723947
430.24999999999994 24.04489647923803 22.614764197947906
430.75 24.04302064951314 22.613103002915803
431.25 24.04115772947725 22.611444281123234
431.74999999999994 24.039316467028232 22.609792831760252
432.25 24.037467709821684 22.60814865030689
432.75 24.035639475522142 22.606507042827456
433.24999999999994 24.03382562944065 22.604873094430143
433.75 24.0320091882193 22.60323140701932
434.25 24.030193385932318 22.601609222514867
434.74999999999994 24.028419553698193 22.59999339535826
435.25 24.026642435350514 22.598373525685037
435.75 24.024868200625534 22.596760410380078
436.24999999999994 24.023095014324007 22.595152541505993
436.75 24.02135068189385 22.59355780245857
437.25 24.01960313185366 22.59195761312303
437.74999999999994 24.01786814525691 22.590373063493836
438.25 24.01615065401291 22.58878709686465
438.75 24.014424298205714 22.587207361406207
439.24999999999994 24.012730919640344 22.585628282890717
439.75 24.011033193091592 22.58405747689945
440.25 24.009341030940824 22.58248519252016
440.74999999999994 24.00766220310213 22.58092742803164
441.25 24.005985784810733 22.579369198498767
441.75 24.00434605482754 22.57782661112579
442.24999999999994 24.00268654480265 22.576278953899273
442.75 24.00103658326332 22.574734782785914
443.25 23.99941716523864 22.573195208917515
443.74999999999994 23.997807997357782 22.571668343548286
444.25 23.996183355754486 22.57013251750154
444.75 23.994569296783745 22.56862317141938
445.24999999999994 23.992987943340243 22.5671003372944
445.75 23.99140682633055 22.565591304105247
446.25 23.989832430062755 22.564082731761715
446.74999999999994 23.98827599077819 22.56258256252763
447.25 23.98669113954754 22.561082158536404
447.75 23.98515959868501 22.559597206098545
448.24999999999994 23.983610537459377 22.558102932116746
448.75 23.98210167339562 22.556617011037808
449.25 23.98057235008165 22.555144877229935
449.74999999999994 23.97906964193847 22.553676791968226
450.25 23.977581678790866 22.552203078237092
450.75 23.976081445771158 22.55073666579415
451.24999999999994 23.974599011325807 22.549278686874942
451.75 23.973121933778295 22.547829024468193
452.25 23.97167028836865 22.546375890345796
452.74999999999994 23.970212010426444 22.544932985184808
453.25 23.96876803194926 22.54348577225302
453.75 23.967337876006255 22.542061202254846
454.24999999999994 23.965913442872328 22.540629201304334
454.75 23.964496095940806 22.539207315081615
455.25 23.963089225895718 22.53779680176816
455.74999999999994 23.961681990293947 22.536370764466554
456.25 23.960301670517836 22.53496114660357
456.75 23.958917114757288 22.533554149691895
457.24999999999994 23.957553876200866 22.532149444413108
457.75 23.956183293096558 22.530753847264275
458.25 23.954825747120214 22.529367622234236
458.74999999999994 23.95349814402458 22.52797857868736
459.25 23.952164023930184 22.52659380343185
459.75 23.950824088975043 22.52521869468772
460.24999999999994 23.949512416168414 22.52384190918356
460.75 23.948209210533207 22.522475714091822
461.25 23.946917586557266 22.52111154840041
461.74999999999994 23.945619044456713 22.519755063929566
462.25 23.94433367264298 22.51839389592692
462.75 23.943068960311237 22.517053004215832
463.24999999999994 23.94182162004968 22.515706899185762
463.75 23.940552870744085 22.514365405530366
464.25 23.93931377972549 22.51302571297714
464.74999999999994 23.93806991675955 22.51169814310302
465.25 23.936850961498703 22.510368349849855
465.75 23.93564739264139 22.50904922845852
466.24999999999994 23.934435915960364 22.507722533420306
466.75 23.933239354575576 22.506418571755038
467.25 23.9320504041265 22.505104744057917
467.74999999999994 23.93085230859232 22.503800847499367
468.25 23.929686120775223 22.50250264179874
468.75 23.928520875370843 22.501204181183105
469.24999999999994 23.92735526756406 22.49991928990748
469.75 23.926208044322674 22.498621652294013
470.25 23.925060495558018 22.497338398759943
470.74999999999994 23.923914596399438 22.49605853412278
471.25 23.9227863727988 22.49477770766726
471.75 23.921658049607263 22.493512832354785
472.24999999999994 23.920544672275334 22.49223497646149
472.75 23.919425190300597 22.490975259523776
473.25 23.918342876474703 22.489713290415256
473.74999999999994 23.917241102939656 22.4884549729655
474.25 23.916171639114015 22.487202567078683
474.75 23.9150963285339 22.48595615338794
475.24999999999994 23.914014759077723 22.484716469289175
475.75 23.91295432769093 22.483470496795523
476.25 23.911901603031346 22.48223138971224
