FastTrWP/PhaseSpace/IAs/snIa_0.62_30.00_-0.57_-0.13.csv
# %ECSV 0.9
# ---
# datatype:
# - {name: time-rel, datatype: float64}
# - {name: g, datatype: float64}
# - {name: i, datatype: float64}
# schema: astropy-2.0
time-rel g i
[from data line 703]
-47.0 23.392094317036257 22.578144173256582
-46.5 23.39126591991112 22.576713232166217
-46.00000000000006 23.390433491124373 22.575287007497252
-45.5 23.389622865739877 22.573864535932877
-45.0 23.388817082685783 22.57245040386843
-44.50000000000006 23.38803232803538 22.571043511666335
-44.0 23.387232290195517 22.56963580758945
-43.5 23.386448095543994 22.568232129139215
-43.00000000000006 23.38568740961575 22.566828917929485
-42.5 23.38492171809987 22.56543803168858
-42.0 23.384164464751226 22.564052079804043
-41.50000000000006 23.38342276251219 22.562670779055452
-41.0 23.38267935666872 22.561283343919353
-40.5 23.38195132203969 22.55990987242101
-40.00000000000006 23.381238430625835 22.558539409146494
-39.5 23.380517615507785 22.5571611387823
-39.0 23.379838939448074 22.55579795179328
-38.50000000000006 23.37912754808517 22.554439044790815
-38.0 23.37845727738494 22.553089505432933
-37.5 23.377777539170385 22.551731700488485
-37.0 23.377109543188375 22.550381192192436
-36.5 23.376461350603563 22.54903916581401
-36.0 23.375815306279975 22.547706266431543
-35.5 23.37516529632861 22.54636386621705
-35.0 23.374544348573536 22.54503240478186
-34.5 23.37391422672555 22.543711257672406
-34.0 23.37331408366008 22.542381075205455
-33.5 23.372711181650892 22.541075324539904
-33.0 23.37211508957365 22.539751523356074
-32.5 23.371533865432372 22.538448517015407
-32.0 23.3709575078652 22.537142735935323
-31.5 23.3703890172354 22.535846194568606
-31.0 23.369841990118587 22.534539164906104
-30.5 23.36928530893438 22.533252401922073
-30.0 23.368745648632455 22.531957763646293
-29.5 23.368227071633466 22.530677694579634
-29.0 23.367700727189693 22.52939926871539
-28.5 23.36719636976676 22.5281228579377
-28.0 23.36669570783558 22.52685024231655
-27.5 23.366201581964006 22.525585993456968
-27.0 23.365720671171708 22.524321987182777
-26.5 23.365247607953496 22.52306279654825
-26.0 23.364781911546263 22.521803134708072
-25.5 23.36432870489867 22.520554728639084
-25.0 23.363883478882737 22.519308398032912
-24.5 23.363447174902877 22.5180622103344
-24.0 23.363016663647358 22.51682941500729
-23.5 23.362613297136228 22.515599668155133
-23.0 23.362217059820757 22.514366374572536
-22.5 23.3618131171805 22.513132796093196
-22.0 23.361426620545753 22.511911736375186
-21.5 23.361061498633006 22.510693005951442
-21.0 23.36067972678292 22.509485218695538
-20.5 23.360332341966668 22.508261585571034
-20.0 23.35999338224608 22.507055999296046
-19.5 23.359650152394302 22.505849277604142
-19.0 23.359329922931373 22.50463742259022
-18.5 23.35902154550974 22.503446979025135
-18.0 23.35871251305539 22.502253359291252
-17.5 23.358425893581014 22.50105690850272
-17.0 23.35813525051433 22.499872350731426
-16.5 23.357851565578642 22.498685916056935
-16.0 23.357584945692867 22.49750479836971
-15.5 23.35732964094675 22.49632335045248
-15.0 23.35707862422732 22.49515190003818
-14.5 23.356831543357078 22.49398396154554
-14.0 23.356599788576716 22.492814384658665
-13.5 23.356364276862543 22.491656043892828
-13.0 23.356174414117437 22.490496769510898
-12.5 23.355963311970847 22.489334477296943
-12.0 23.355761165737725 22.488183027359522
-11.5 23.355584707597032 22.487043173687212
-11.0 23.35540788439311 22.48589187366905
-10.5 23.355222981519464 22.484754258920397
-10.0 23.355053931406786 22.483611251850768
-9.5 23.354914112811876 22.482478492764816
-9.0 23.354765352450254 22.481353758543932
-8.5 23.35462058056974 22.48021927095623
-8.0 23.354493624358035 22.479099422895995
-7.5 23.354370454094948 22.477978616445206
-7.0 23.354250409900782 22.476864370637863
-6.5 23.354143621310914 22.47575591551925
-6.0 23.35404188374339 22.474644256304384
-5.5 23.353953054174887 22.47353783264633
-5.0 23.353870146766123 22.47243665495032
-4.5 23.35379711502678 22.471338869588525
-4.0 23.353736996722265 22.470244872586342
-3.5 23.353667094771748 22.46915427081951
-3.0 23.35360529666884 22.468068942301347
-2.5 23.353553404106457 22.4669892138974
-2.0 23.353528131117184 22.465906426403585
-1.5 23.353495522822097 22.464830905796642
-1.0 23.35346226027529 22.46376381270171
-0.5 23.35344524359769 22.462693576803904
0.0 23.353419084555917 22.461629985565583
0.5 23.3534260072216 22.460566728469253
1.0 23.353432565471984 22.45950590266748
1.5 23.353431707910094 22.4584566580309
2.0 23.353442743519054 22.45741350819752
2.5 23.353465539443746 22.45635603910424
3.0 23.353496498734224 22.45531754976106
3.5 23.35352243364381 22.454278732043463
4.0 23.353560145162795 22.453243849943398
4.5 23.353607851814676 22.452215608529464
5.0 23.353665067220287 22.451193448782906
5.5 23.353710080308105 22.450165656019276
6.0 23.353790603750625 22.44914790351966
6.5 23.353848894675757 22.448128565553684
7.0 23.35392937846349 22.44712089873571
7.5 23.35400942156084 22.44611121925871
8.0 23.354085561948352 22.44509941634254
8.5 23.35418295482326 22.44410541832171
9.0 23.35427559006677 22.443110922923296
9.5 23.354384608026027 22.442109184619298
10.0 23.35448686718869 22.441119907245227
10.5 23.354610011942412 22.440136759863044
11.0 23.354728048717703 22.439153877618278
11.5 23.354849660976498 22.43817988825578
12.0 23.3549857992355 22.43720559522508
12.5 23.355115726065225 22.436238777471893
13.0 23.355258329278946 22.435262021659653
13.5 23.35539044274126 22.43430653483721
14.0 23.35554361349064 22.43334265998804
14.5 23.355703139119505 22.43239010538354
15.0 23.355867087775675 22.431439721698816
15.5 23.356033636310226 22.430483449491327
16.0 23.35621250667483 22.42954445609375
16.5 23.35639254129322 22.428606046985067
17.0 23.356603758663145 22.427661173231886
17.5 23.35681188259972 22.426725721262297
18.0 23.35702171983386 22.425796319331734
18.5 23.35726341145376 22.424863967876547
19.0 23.35749992443025 22.423937733257503
19.5 23.357750695896414 22.423012219997158
20.0 23.358014322124273 22.42209723748139
20.5 23.35827821112758 22.421180980758187
21.0 23.358561703094068 22.420262913908473
21.5 23.35883928610434 22.41935616877532
22.0 23.35913058633963 22.418446881727803
22.5 23.359439119937832 22.417540977179588
23.0 23.359752722079037 22.416635285347773
23.5 23.360070269624934 22.41574591978734
24.0 23.360400804367178 22.41484888660167
24.5 23.36072734936235 22.413961217214315
25.0 23.361074791005535 22.413062160304765
25.5 23.361430110283244 22.412176956399556
26.0 23.361776644151604 22.41130135385504
26.5 23.36215755507917 22.41042086457698
27.0 23.362525319066055 22.409548432850404
27.5 23.362900563817142 22.408674665389874
28.0 23.363282038284467 22.40780415505168
28.5 23.363681792700532 22.406946257167462
29.0 23.364074040530806 22.40607879450058
29.5 23.364484051681526 22.405220051806797
30.0 23.364888349725575 22.40436553755164
30.5 23.365306102382092 22.403513394739395
31.0 23.365739948785876 22.402665793952682
31.5 23.366160503375554 22.401820194330824
32.0 23.366601332864146 22.400978557754062
32.5 23.367044065764393 22.40014272506684
33.0 23.367470024697802 22.39930610503484
33.5 23.367937440422683 22.398476379596048
34.0 23.368382149985337 22.397645530651022
34.5 23.36884783626497 22.39681928204279
35.0 23.369316169246495 22.395999447908437
35.5 23.369777543034612 22.395180570767646
36.0 23.370257397284817 22.394360029539463
36.5 23.370730626097934 22.393549665720972
37.0 23.371216649792345 22.3927422319495
37.5 23.371693913723295 22.391939038146713
38.0 23.372172804050855 22.3911332461283
38.5 23.372670259692452 22.390338398651064
39.0 23.373161018627393 22.389538181533865
39.5 23.373659297129873 22.38875584105699
40.0 23.374156595737496 22.387960306545686
40.5 23.374665527471127 22.387178962072525
41.0 23.3751634856116 22.386398798183478
41.5 23.375674864809305 22.38562347930417
42.0 23.376186950192363 22.384848045328663
42.5 23.37669505239799 22.384076315839785
43.0 23.37720854768515 22.383305930608394
43.5 23.377732704428634 22.382541614388597
44.0 23.37824376615149 22.381791440816276
44.5 23.378773561375716 22.381029453137216
45.0 23.379271049772722 22.38027561539379
45.5 23.379802081570112 22.379528366266097
46.0 23.380321599096284 22.3787748026226
46.5 23.38085425967278 22.378031653049252
47.0 23.381374933801396 22.377300013263103
47.5 23.3818848584918 22.37656076539134
48.0 23.38241757065579 22.375832165714904
48.5 23.38292895890346 22.375104889238614
49.0 23.383468248965194 22.3743807440319
49.5 23.383981569350283 22.373653157837808
50.0 23.38450380674817 22.372935617282504
50.5 23.38502930663623 22.372226420223424
51.0 23.385551195905542 22.37151361760546
51.5 23.386065131418956 22.370808226887966
52.0 23.38658691121072 22.370102089692953
52.5 23.38710055381435 22.369407995579444
53.0 23.387621531130698 22.368708967660595
53.5 23.388134183220608 22.36801680538654
54.0 23.388638638860982 22.367327687519975
54.5 23.389164924723463 22.366639518870404
55.0 23.38969270461105 22.365957474590243
55.5 23.390194888867132 22.365279071005872
56.0 23.3907242671798 22.364607988036905
56.5 23.391254202411425 22.36392810986093
57.0 23.39177950822975 22.36325739525283
57.5 23.392299744060352 22.3625908300108
58.0 23.392839305121875 22.361921333801533
58.5 23.3933734741643 22.3612641884906
59.0 23.39391866150583 22.360604076706352
59.5 23.394462587471935 22.359942854869985
60.0 23.395005165692258 22.35929543597213
60.5 23.395539938634858 22.35864360494422
61.0 23.396097351043053 22.35799481002278
61.5 23.396642885822786 22.357357600457625
62.0 23.397200097434162 22.356719901567498
62.5 23.397757015636905 22.356072147384353
63.0 23.398309936842793 22.355440648709543
63.5 23.39885998325682 22.354811795098136
64.0 23.39943073253977 22.354181140520424
64.5 23.399992628638945 22.353554894603754
65.0 23.400573302627414 22.35292721462433
65.5 23.401145908543302 22.3523093924003
66.0 23.401703966051667 22.351692262418666
66.5 23.40229421206708 22.35109373957531
67.0 23.402866117625813 22.350479371909774
67.5 23.403438945105925 22.349862407882846
68.0 23.404032201092967 22.349263984030237
68.5 23.40462163401981 22.34866626772106
69.0 23.40520365390787 22.348068903410834
69.5 23.405800541084556 22.347470009380736
70.0 23.406388801575694 22.346878423746944
70.5 23.406987737977992 22.34629988698594
71.0 23.407590913612083 22.345708844586024
71.5 23.40819882472465 22.34512876551088
72.0 23.408797609804857 22.344551761605302
72.5 23.40940530685048 22.34397695284882
73.0 23.410017185238665 22.34340753666431
73.5 23.41062167445934 22.342832363988304
74.0 23.41123711565238 22.342268846462588
74.5 23.411872940547852 22.34170951880675
75.0 23.41248239080481 22.341151668973854
75.5 23.413110687073857 22.340599793125516
76.0 23.413737703387834 22.340048110369075
76.5 23.414365612424618 22.339498223543124
77.0 23.41499109924706 22.33895686092208
77.5 23.41562165937425 22.33841266601368
78.0 23.416252378064005 22.337871617228707
78.5 23.416902227318324 22.337334025922686
79.0 23.417546021363144 22.33680356553887
79.5 23.418196008412536 22.336280365505942
80.0 23.418844277343194 22.33575254802663
80.5 23.419493612431808 22.33522732834468
81.0 23.42015544009952 22.334712645343984
81.5 23.420808075915147 22.33419957935468
82.0 23.42146722129515 22.3336925782924
82.5 23.422125263565967 22.333175411149377
83.0 23.42279287230926 22.3326684953302
83.5 23.423460140577774 22.33217161014666
84.0 23.42413169817146 22.331668247462467
84.5 23.42480830717698 22.331179746293476
85.0 23.425488407696168 22.330683305168662
85.5 23.426169207945094 22.33019713679127
86.0 23.426858290319927 22.32972004077176
86.5 23.427531923615295 22.32923198194525
87.0 23.428211833185646 22.328761994446996
87.5 23.42891804538922 22.32827681552677
88.0 23.429608354458527 22.327814771390404
88.5 23.430302882452647 22.32734726881002
89.0 23.430998348444582 22.32688262875744
89.5 23.431699651120134 22.326418553851184
90.0 23.43240906847705 22.32596645316553
90.5 23.433119936063015 22.325510474717944
91.0 23.433825921556938 22.325066652884974
91.5 23.43453847190604 22.324623779578637
92.0 23.435259442265984 22.324179646899736
92.5 23.435973458677452 22.32374005943695
93.0 23.436701699996263 22.323302867399633
93.5 23.43742227615317 22.322870053332004
94.0 23.43815743213429 22.322444417153946
94.5 23.43888545395653 22.32202026226551
95.0 23.439630343186188 22.321590870009153
95.5 23.440359763320156 22.32117168254436
96.0 23.441099070921034 22.320765030929344
96.5 23.441851417037746 22.320348345478273
97.0 23.442583520599015 22.319929951203367
97.5 23.443334254062616 22.31952841783871
98.0 23.444085660845747 22.319124196931263
98.5 23.444838772726246 22.31871208969863
99.0 23.445603521772554 22.318324608503417
99.5 23.4463733541193 22.317928336655495
100.0 23.4471332329429 22.317537977894272
100.5 23.44789906672449 22.31714374934096
101.0 23.448672409437133 22.316757369557685
101.5 23.449443466551333 22.316379573177393
102.0 23.45021293155607 22.315995329562437
102.5 23.451004664214995 22.315623066057476
103.0 23.45178212164229 22.315252614858455
103.5 23.452569718698207 22.314878614404364
104.0 23.453340222372717 22.314513706645748
104.5 23.454139777839377 22.314145225705403
105.0 23.454939882185883 22.3137823494732
105.5 23.455737849745745 22.313423429754287
106.0 23.456540761258175 22.313068167120225
106.5 23.457333441111587 22.312718363042507
107.0 23.458146460303656 22.3123662279681
107.5 23.45895241577513 22.312029262202678
108.0 23.459782584691283 22.31168589948885
108.5 23.460595509981438 22.311346379299252
109.0 23.46140102838774 22.31101255428087
109.5 23.46222067325432 22.31067592546342
110.0 23.463047143277063 22.310352424401245
110.5 23.463885642312135 22.310024658941696
111.0 23.464712389974174 22.309697908010033
111.5 23.465541637906053 22.309375487361436
112.0 23.466383184323245 22.30905968682802
112.5 23.467225231841525 22.308754517362736
113.0 23.468068884178095 22.308440823202563
113.5 23.46891643595303 22.30812944298387
114.0 23.46975700244498 22.307833082032012
114.5 23.470622399115513 22.3075288348884
115.0 23.47147112308614 22.307238005074797
115.5 23.472340061605976 22.30694789404354
116.0 23.473188971398656 22.306651264533116
116.5 23.474066060916364 22.30636529406812
117.0 23.47493842245973 22.306079979573596
117.5 23.475805078607785 22.30580225455093
118.0 23.476688039771947 22.305520808665182
118.5 23.47755824707071 22.30524345454357
119.0 23.47844297819226 22.30497895683888
119.5 23.479326921747024 22.304713284776703
120.0 23.480218997099065 22.304440296018015
120.5 23.481110386867428 22.30418562926509
121.0 23.482003525443407 22.30393167212172
121.5 23.482909326154186 22.303671878123538
122.0 23.483816317409023 22.303424242977023
122.5 23.48471914222509 22.303180634480583
123.0 23.48561793597088 22.302930682396983
123.5 23.486532953086133 22.302696603314214
124.0 23.487449636818557 22.302457586317523
124.5 23.48836631036782 22.302224463054294
125.0 23.489287073118085 22.301992368305402
125.5 23.490216312566456 22.301767692397092
126.0 23.491138024107165 22.30154599984195
126.5 23.492069605768883 22.3013256410102
127.0 23.493011349101387 22.301104532043862
127.5 23.493955244073184 22.30089435824852
128.0 23.494891468030747 22.300686887963014
128.5 23.495844016437843 22.300478768841092
129.0 23.496789195572887 22.30027857166447
129.5 23.497737852515833 22.30007595247416
130.0 23.498692913308012 22.299882529529373
130.5 23.499647156545137 22.299692674558706
131.0 23.500612261273762 22.29950419973409
131.5 23.501593097923603 22.29931415080391
132.0 23.502559098011293 22.299136666407932
132.5 23.503525619070892 22.29895991336944
133.0 23.50450558889692 22.29878537273632
133.5 23.505479791727456 22.298612121236538
134.0 23.50646737385699 22.298452238997207
134.5 23.507466720713662 22.298294619194362
135.0 23.50845038354311 22.298130278463866
135.5 23.50944723058172 22.29797858952317
136.0 23.510454712211626 22.297827800038384
136.5 23.511460087223735 22.297683561041115
137.0 23.512457814627904 22.29754547524962
137.5 23.513481877222112 22.297414557200742
138.0 23.514484688714113 22.297273105975638
138.5 23.5155111001559 22.29714349782247
139.0 23.516532415723006 22.297018645941684
