FastTrWP/PhaseSpace/IAs/snIa_0.69_30.00_-1.12_-0.25.csv
# %ECSV 0.9
# ---
# datatype:
# - {name: time-rel, datatype: float64}
# - {name: g, datatype: float64}
# - {name: i, datatype: float64}
# schema: astropy-2.0
time-rel g i
[from data line 351]
-167.0 23.283177338443025 23.778575697216148
-166.5 23.2809304683912 23.774405985984565
-166.0 23.27868064349717 23.770234398411144
-165.5 23.27647142212291 23.766080715020234
-165.0 23.274267776248703 23.761933284239284
-164.5 23.27205953790188 23.757796538808034
-164.0 23.269867882588393 23.753658955201175
-163.5 23.267698050707434 23.749551758255812
-163.0 23.265532971017638 23.74543649358433
-162.5 23.263382591959566 23.74133005872573
-162.0 23.26123329416695 23.737223439780934
-161.5 23.259112932568563 23.7331434817354
-161.0 23.25699710161615 23.729057353589962
-160.5 23.25489252609357 23.72499579717963
-160.0 23.25280646436748 23.720925472392437
-159.5 23.250713565107873 23.716875749949388
-159.0 23.248643701218427 23.712825540107133
-158.5 23.24658010869451 23.70878493751714
-158.0 23.24453513741051 23.704756123716038
-157.5 23.24249679261062 23.70072208391742
-157.0 23.24046518238118 23.696712546440665
-156.5 23.238453285014838 23.692702785808923
-156.0 23.236440269890313 23.688702728312244
-155.5 23.234454291408607 23.68471188155013
-155.0 23.23246377785821 23.68073409650057
-154.5 23.230497917066245 23.676751422770167
-154.0 23.22852634876373 23.672770850262314
-153.5 23.226583136902033 23.668815235341754
-153.0 23.22464525874026 23.664867641241983
-152.5 23.22271925439415 23.660905948342545
-152.0 23.220789508142566 23.656969174438952
-151.5 23.218866961167794 23.653041871265195
-151.0 23.216976819779845 23.649109212857216
-150.5 23.215075978871514 23.645190427627103
-150.0 23.21319960410728 23.64127035973288
-149.5 23.21132439416894 23.637378561899098
-149.0 23.209458348994364 23.63347299482022
-148.5 23.207606607893645 23.629584654673955
-148.0 23.20576986617705 23.625693838326125
-147.5 23.20393558373352 23.621811001170897
-147.0 23.20210946990878 23.617955880390973
-146.5 23.20030452440146 23.61408462661665
-146.0 23.19849423977376 23.6102195500158
-145.5 23.196700387044928 23.606368366968596
-145.0 23.19490902005515 23.602527858780505
-144.5 23.193137063218096 23.598693062038798
-144.0 23.191364001408115 23.59485763349535
-143.5 23.189614623060997 23.59101536598015
-143.0 23.187860520527998 23.58720323323319
-142.5 23.186114984351185 23.583388150612695
-142.0 23.18438984873216 23.579583096432536
-141.5 23.182665463292835 23.575774124009456
-141.0 23.180953352096875 23.57199959822987
-140.5 23.179240818789868 23.56820737490093
-140.0 23.177548137659837 23.56440989969688
-139.5 23.175864478065108 23.56063201966275
-139.0 23.174184372942833 23.556874535152822
-138.5 23.172515498225582 23.553108612378033
-138.0 23.17084803613036 23.549343459327158
-137.5 23.169196563771713 23.545596590421056
-137.0 23.167546920268226 23.54185960785331
-136.5 23.165917595573248 23.53811378499173
-136.0 23.164281608479506 23.534385242624182
-135.5 23.16268084190904 23.5306520489141
-135.0 23.161067786667125 23.526937005999685
-134.5 23.15946183400662 23.52322711030886
-134.0 23.157867261946095 23.519525630232888
-133.5 23.1562846350812 23.515821149034192
-133.0 23.15470741308303 23.512142890276436
-132.5 23.153143071100175 23.508448685722605
-132.0 23.151585854989037 23.50476615490019
-131.5 23.15004594829666 23.501093189922337
-131.0 23.148497743722665 23.497437217385
-130.5 23.14695871186416 23.493773096695236
-130.0 23.145445081681046 23.490113945412006
-129.5 23.143935536119034 23.48647508251564
-129.0 23.14241205613968 23.48282934452955
-128.5 23.140917070785584 23.479197825783558
-128.0 23.13942888724409 23.47557537144731
-127.5 23.137953135790603 23.471949757127547
-127.0 23.136481981737003 23.468331014974094
-126.5 23.1350138383082 23.464723762469767
-126.0 23.133552991970767 23.46111742098985
-125.5 23.13210672310252 23.4575153285539
-125.0 23.130669203337302 23.45393669012431
-124.5 23.129233923630075 23.450349532049938
-124.0 23.127801448065007 23.446770980290296
-123.5 23.126385794578166 23.443195800143815
-123.0 23.12498469119295 23.439632514733137
-122.5 23.123584865806937 23.436076320135932
-122.0 23.122193720672186 23.43251885928248
-121.5 23.120802265636478 23.428977571733917
-121.0 23.119431834500304 23.42542368112568
-120.5 23.118060992020357 23.421885429888903
-120.0 23.1167047588003 23.418358888895874
-119.5 23.115351016664924 23.41482483020404
-119.0 23.114001892706902 23.41130439455625
-118.5 23.11265852195855 23.407778735871872
-118.0 23.111344041575098 23.40427597591701
-117.5 23.110010860919434 23.400764842445803
-117.0 23.108695694030345 23.397272150652984
-116.5 23.107397159070068 23.39377737092553
-116.0 23.10608924812708 23.390285892880343
-115.5 23.104799588854796 23.386809560213912
-115.0 23.103513379313934 23.383326592764448
-114.5 23.102231532305403 23.379855014194945
-114.0 23.10096719576886 23.376383380529813
-113.5 23.099704141524615 23.372921151013525
-113.0 23.098449759436306 23.36946781279063
-112.5 23.097190001360953 23.36600598483234
-112.0 23.095957102449418 23.362562928705447
-111.5 23.094733389057986 23.359118064303264
-111.0 23.093502589696044 23.355683948548617
-110.5 23.09228184952458 23.352253083105193
-110.0 23.09106570932441 23.348829469317515
-109.5 23.089857016153275 23.34540160232203
-109.0 23.088663334299685 23.34197973344267
-108.5 23.08747954228085 23.338566514991726
-108.0 23.086299464409453 23.335161651873108
-107.5 23.085116655763276 23.331762778482748
-107.0 23.083942773630927 23.328363108640694
-106.5 23.08278892719408 23.32497755050831
-106.0 23.081625376303503 23.321588640935094
-105.5 23.080476129673 23.318193762771124
-105.0 23.079342552156543 23.31482159341881
-104.5 23.07821132787093 23.311449797910285
-104.0 23.077081264811238 23.308074960457073
-103.5 23.075969648685675 23.30471439312745
-103.0 23.074854105929298 23.30134505878695
-102.5 23.073746454954005 23.29798703987961
-102.0 23.072649351912368 23.294641422216117
-101.5 23.071552257096343 23.291299658282554
-101.0 23.070466728868603 23.28795362521337
-100.5 23.069389179083647 23.28461165358734
-100.0 23.06831584046382 23.281289710149725
-99.5 23.0672508431269 23.2779487472647
-99.0 23.066190080144334 23.274631679616796
-98.5 23.06514553298872 23.27130561131542
-98.0 23.064096810064484 23.267995076069514
-97.5 23.06305880579788 23.264680141527222
-97.0 23.062024846863764 23.26137139177267
-96.5 23.060995947105198 23.258070522585076
-96.0 23.05998404782062 23.254759594728224
-95.5 23.058976970547672 23.251462402250688
-95.0 23.057962856154326 23.248148049840722
-94.5 23.056972392224075 23.244832608086533
-94.0 23.05598089548839 23.241542233857434
-93.5 23.054997042190614 23.23821258688026
-93.0 23.054018709187734 23.234919364447787
-92.5 23.05305026625325 23.231603473630553
-92.0 23.05209457932203 23.228306454177545
-91.5 23.05113090819773 23.22499290670382
-91.0 23.050182490627556 23.221687792973373
-90.5 23.049242903715765 23.218380530670167
-90.0 23.048317812492613 23.215078006507962
-89.5 23.04738054087753 23.211781785186012
-89.0 23.046460747604588 23.20847738143085
-88.5 23.045541610306056 23.205175874715955
-88.0 23.044637084719774 23.201889272635054
-87.5 23.043734289265853 23.198599421979896
-87.0 23.042839926709846 23.1953047402692
-86.5 23.0419510196094 23.192018019403786
-86.0 23.041065451146846 23.188732619895823
-85.5 23.040186620201098 23.185451232762347
-85.0 23.03932154800174 23.182190078275966
-84.5 23.038458105281588 23.17891113476547
-84.0 23.03760333842696 23.175650501866535
-83.5 23.036749858091298 23.172395918192926
-83.0 23.035907878048473 23.169136923041776
-82.5 23.035074799407973 23.165879123585626
-82.0 23.034235831374335 23.162638132996175
-81.5 23.033410287177887 23.159392015411836
-81.0 23.032587290395355 23.156149172649716
-80.5 23.03177122727385 23.1529225660298
-80.0 23.030965334174013 23.14969867621866
-79.5 23.03016865776545 23.146491552793883
-79.0 23.029368499231406 23.143278237401596
-78.5 23.028577489235147 23.1400747221943
-78.0 23.027801955273514 23.136868285572334
-77.5 23.027014331161656 23.133674968315667
-77.0 23.02624171196685 23.130493380323955
-76.5 23.025468422115495 23.12731650721374
-76.0 23.024712080213302 23.124142004477402
-75.5 23.023959005950548 23.120987406884247
-75.0 23.023213180480745 23.117826728767554
-74.5 23.022478045466954 23.114693816586303
-74.0 23.021731944565648 23.111545272593233
-73.5 23.021007629412786 23.10842651704505
-73.0 23.02027870595135 23.105305787512425
-72.5 23.019549575548567 23.102184310526034
-72.0 23.018838748458506 23.099074589553368
-71.5 23.018129462910363 23.095982725173734
-71.0 23.017425269354007 23.09290250515278
-70.5 23.01672355756075 23.089825441570518
-70.0 23.01602318044939 23.08675701201902
-69.5 23.0153408718218 23.08368678237548
-69.0 23.014661735900773 23.08065130646678
-68.5 23.013977486443082 23.077605797351687
-68.0 23.013313809254512 23.07458214858166
-67.5 23.012640012935265 23.071549938903047
-67.00000000000006 23.0119811914293 23.06855798154062
-66.5 23.011327491937493 23.065549925815322
-66.0 23.010682433826616 23.062561742290413
-65.50000000000006 23.010032182220222 23.059582565111842
-65.0 23.00939250594989 23.05662360031414
-64.5 23.008757490979903 23.05366591370596
-64.00000000000006 23.008125149484112 23.050717678069645
-63.5 23.00750009363114 23.047779154014876
-63.0 23.006878973034716 23.044865980223133
-62.50000000000006 23.006265309398724 23.041946450976383
-62.0 23.00566151298822 23.03905717145602
-61.5 23.005056553929432 23.03616118012362
-61.00000000000006 23.004455150841242 23.033292886201476
-60.5 23.003856686394187 23.03042647729434
-60.0 23.003260001560918 23.027567540913548
-59.50000000000006 23.002682792546985 23.024732465567908
-59.0 23.00210055103097 23.021903199703996
-58.5 23.001530991283595 23.019084663602
-58.00000000000006 23.000959528676887 23.01628368013214
-57.5 23.00038754903143 23.013499316719344
-57.0 22.999824705957774 23.010711665884273
-56.50000000000006 22.999277171325918 23.00795064225298
-56.0 22.998726350830694 23.005201566816087
-55.5 22.998177550405824 23.002451826130322
-55.00000000000006 22.997630401722027 22.999709989085687
-54.5 22.997093577760552 22.99696472636451
-54.0 22.99656648835584 22.994239383594067
-53.50000000000006 22.99604666373593 22.991518186761915
-53.0 22.995510281610056 22.988790770873365
-52.5 22.994999696950707 22.98607876315835
-52.00000000000006 22.994490167886163 22.983368058443773
-51.5 22.99398144676925 22.98065508329821
-51.0 22.99347827514393 22.977969193508628
-50.50000000000006 22.992983609422637 22.975286350161483
-50.0 22.9924893114273 22.972590489691452
-49.5 22.992001739298637 22.96991256789822
-49.00000000000006 22.991525867277 22.967233281419006
-48.5 22.991049679832734 22.96456092555735
-48.0 22.99057761417086 22.96190495097032
-47.50000000000006 22.990115398005702 22.959247457716994
-47.0 22.98965652977547 22.956605282910015
-46.5 22.98919839593188 22.95395324113612
-46.00000000000006 22.98874976738706 22.95132252955371
-45.5 22.988304796378 22.94870590339992
-45.0 22.98786577260515 22.94607878302438
-44.50000000000006 22.987428968921012 22.943457520376086
-44.0 22.987006944809025 22.94084982194397
-43.5 22.9865669765349 22.93824637585436
-43.00000000000006 22.98614663634385 22.93566656427366
-42.5 22.985741678109687 22.933067623582208
-42.0 22.985334325061974 22.93048360954583
-41.50000000000006 22.98492080496283 22.927909583865876
-41.0 22.984516975730088 22.925343943176138
-40.5 22.984120705161466 22.92278469351494
-40.00000000000006 22.98372933571079 22.920234011893257
-39.5 22.983349452430403 22.917686091273257
-39.0 22.982965929254526 22.915150406892913
-38.50000000000006 22.982592655948224 22.91261797457008
-38.0 22.982216672582787 22.910101780343982
-37.5 22.98185541212353 22.907578874547365
-37.00000000000006 22.98149677159831 22.90507434050837
-36.5 22.981136424287136 22.90257911776913
-36.0 22.980790763401608 22.900080732481875
-35.50000000000006 22.980442049194792 22.897603358854944
-35.0 22.9801004180127 22.895118882963267
-34.5 22.979771738854865 22.892649423801707
-34.00000000000006 22.979434974241528 22.89018906336762
-33.5 22.97910705069056 22.887734062121794
-33.0 22.978788997743287 22.885288231805166
-32.50000000000006 22.978475417809584 22.882851474538604
-32.0 22.978163703744215 22.880422873456517
-31.5 22.977859280890254 22.877994639821814
-31.000000000000057 22.977551244923987 22.875586847616937
-30.5 22.97725475665178 22.873188794823264
-30.0 22.97696351434402 22.870782685184974
-29.500000000000057 22.97667314487912 22.868395286726823
-29.0 22.976393919847755 22.86601098219161
-28.5 22.97611558295276 22.863643840110544
-28.000000000000057 22.975844727788154 22.86127478994043
-27.5 22.975582577292055 22.858922239291573
-27.0 22.97532980023018 22.856570934644775
-26.500000000000057 22.975071424601214 22.854231003185504
-26.0 22.974810766878292 22.851903471033058
-25.5 22.97456469407285 22.849580867292648
-25.000000000000057 22.97431620649464 22.847262694185947
-24.5 22.974084883599986 22.84496569921474
-24.0 22.973847062902756 22.842665919004318
-23.500000000000057 22.97362536312736 22.840374994030487
-23.0 22.973392589469018 22.83810738610423
-22.5 22.97318776541094 22.835831655620535
-22.000000000000057 22.972972508630768 22.833562578335446
-21.5 22.972760911669305 22.83132425065062
-21.0 22.972563556928215 22.82907555909525
-20.500000000000057 22.9723666648492 22.826846611120168
-20.0 22.97216899488212 22.82461750989656
-19.5 22.971985019677174 22.822398823142382
-19.000000000000057 22.971797791165297 22.82019404509683
-18.5 22.971624343552605 22.817996474818813
-18.0 22.971450891769795 22.81580561882417
-17.500000000000057 22.97128835244233 22.813628482176686
-17.0 22.971120005902492 22.811456075300892
-16.5 22.970963750760916 22.809290690184817
-16.000000000000057 22.970809260008895 22.80713812238546
-15.5 22.97066247995084 22.805005208007906
-15.0 22.97051465136534 22.80286119042269
-14.500000000000057 22.97036596267196 22.800737720541882
-14.0 22.970237890558383 22.79861551092307
-13.5 22.970103538877286 22.79649828598626
-13.000000000000057 22.96996980910677 22.794390874192455
-12.5 22.96985470909538 22.79228354907088
-12.0 22.96974625998443 22.79019386538499
-11.500000000000057 22.969627941047612 22.78810467680364
-11.0 22.96951919326559 22.786023210045038
-10.5 22.96941040476473 22.783953708501645
-10.000000000000057 22.969312651456338 22.78187662338342
-9.5 22.96921338081981 22.77982176986514
-9.0 22.969126388383884 22.77775862436703
-8.500000000000057 22.96904337365436 22.77571232483501
-8.0 22.968961645986937 22.773664998758186
-7.5 22.968878947093184 22.77163898096625
-7.000000000000057 22.968808669118687 22.76960635662066
-6.5 22.96873185752836 22.76758248371155
-6.0 22.968677708228476 22.765565741642888
-5.500000000000057 22.968614550098838 22.763557923616563
-5.0 22.968555864359438 22.761554600312337
-4.5 22.968507764663848 22.759556472181334
-4.000000000000057 22.96847160980104 22.7575689351939
-3.5 22.9684271210121 22.755579157623682
-3.0 22.968391558750206 22.753606208706238
-2.500000000000057 22.96836509054842 22.751633183586073
-2.0 22.96833788201512 22.749667924401543
-1.5 22.968315711994443 22.74770991038237
-1.0000000000000568 22.968296411732105 22.745766158433376
-0.5 22.968287906727358 22.74380341577922
0.0 22.968279942774743 22.741871534501385
0.49999999999994316 22.968289041761082 22.73994241902067
1.0 22.96828169286075 22.738012535029426
1.5 22.968296215614966 22.736090930421238
1.9999999999999432 22.96830993275707 22.734173004541532
2.5 22.968327741379863 22.732268671468184
3.0 22.968348554942366 22.730366498616608
3.499999999999943 22.968372213229813 22.72846502106151
4.0 22.968416512278417 22.726569786935546
4.5 22.968448170791895 22.724691701807686
4.999999999999943 22.968493564564916 22.722817381619187
5.5 22.968541175308438 22.72094264015612
6.0 22.968598980898282 22.719073830323772
6.499999999999943 22.96866488403506 22.71721453975005
7.0 22.9687150960728 22.715360383485915
7.5 22.96878816376967 22.713511388915123
7.999999999999943 22.968857915333615 22.711667947268026
