FastTrWP/PhaseSpace/IAs/snIa_0.49_30.00_0.54_-0.04.csv
# %ECSV 0.9
# ---
# datatype:
# - {name: time-rel, datatype: float64}
# - {name: g, datatype: float64}
# - {name: i, datatype: float64}
# schema: astropy-2.0
time-rel g i
[from data line 2393]
1349.875 25.452171303068326 23.237192550754724
1350.375 25.453845506090556 23.237847117339385
1350.875 25.455529112868973 23.238508867396284
1351.375 25.4572306259427 23.239176350816834
1351.875 25.458894318028396 23.23984669335254
1352.375 25.460617317402185 23.240495157926123
1352.875 25.462315867490837 23.241165844683415
1353.375 25.463992534774306 23.241828703968466
1353.875 25.46566508885484 23.242502832381042
1354.375 25.467386935088584 23.243166103666827
1354.875 25.469076350741222 23.243833645934643
1355.375 25.470804658844408 23.244495496839015
1355.875 25.472465740904667 23.245167475407413
1356.375 25.474170675383245 23.245835010184376
1356.875 25.47586613439482 23.24649708152508
1357.375 25.477559653145217 23.247159344492346
1357.875 25.479263401363426 23.24783552906094
1358.375 25.48098525083983 23.24849750365358
1358.875 25.482668664998602 23.249175120079535
1359.375 25.484360865794006 23.249842469152163
1359.875 25.486063974074675 23.250515684651475
1360.375 25.48778227239707 23.2511817374319
1360.875 25.489501332355957 23.251857221468782
1361.375 25.491182416448908 23.25252893226625
1361.875 25.492918525487823 23.253199388908552
1362.375 25.494619139501896 23.25386288386642
1362.875 25.49634599874867 23.25454665503291
1363.375 25.498010421736602 23.25522160904176
1363.875 25.499709279973487 23.255893808858517
1364.375 25.501415830765332 23.256574567389457
1364.875 25.503118311201582 23.257241677241947
1365.375 25.50488198852305 23.257909461991385
1365.875 25.50656236048838 23.258596412590293
1366.375 25.508279679900188 23.259264944348338
1366.875 25.510007380019108 23.259940038113527
1367.375 25.51173434116423 23.26061603885948
1367.875 25.513420289509558 23.26130203096711
1368.375 25.515143121796477 23.26198430915261
1368.875 25.51687669413315 23.262650360596805
1369.375 25.518592477367047 23.263328246591392
1369.875 25.520296781908204 23.264004616610883
1370.375 25.52200100354557 23.26468164005533
1370.875 25.523745897914125 23.265372141947918
1371.375 25.525432273814577 23.26603971002834
1371.875 25.527163269696615 23.266722985030583
1372.375 25.528875772669217 23.267408718210522
1372.875 25.530591489019066 23.268087555175974
1373.375 25.53229554174488 23.268765131041885
1373.875 25.534030194136594 23.269444356949617
1374.375 25.535757143246272 23.27013063955492
1374.875 25.537450211907714 23.270809609368953
1375.375 25.53920410806095 23.271494563822948
1375.875 25.540907452185206 23.272169029981757
1376.375 25.54265664537838 23.272858652138314
1376.875 25.544369674712733 23.273545173246553
1377.375 25.546113341766237 23.27422857663063
1377.875 25.54779618256581 23.27491346733928
1378.375 25.54954703840017 23.27560537389064
1378.875 25.551280736492444 23.27629171651519
1379.375 25.55304968884983 23.27697333116373
1379.875 25.554723346565673 23.27766390466982
1380.375 25.55647175842647 23.2783447915374
1380.875 25.558176178586884 23.279043963227938
1381.375 25.559905353889107 23.279742233955965
1381.875 25.56159736763751 23.28041455053359
1382.375 25.563376927793794 23.28110581735967
1382.875 25.56509723544464 23.281795220450473
1383.375 25.56685319710703 23.282479572245972
1383.875 25.568543515832957 23.283180718346866
1384.375 25.570285775987113 23.283870578227045
1384.875 25.572051377326673 23.284560201577776
1385.375 25.573801339824065 23.285264944201934
1385.875 25.575547009411746 23.28594205769801
1386.375 25.577271137206154 23.28663725521579
1386.875 25.579001860065823 23.28733870788647
1387.375 25.58072658403212 23.288037108133114
1387.875 25.582490716516595 23.288729074982662
1388.375 25.584247615102736 23.289416780915275
1388.875 25.585969874814538 23.29011953753398
1389.375 25.587711783690597 23.290807219274807
1389.875 25.589424509914373 23.29150715249897
1390.375 25.591185362917997 23.29220125439159
1390.875 25.59290560239522 23.292895804172105
1391.375 25.594664980419964 23.293592346316167
1391.875 25.596383388268286 23.294302162430476
1392.375 25.598165000798183 23.294994100390007
1392.875 25.59989861624699 23.295690015688347
1393.375 25.60161795165749 23.29639936814541
1393.875 25.603402879239475 23.29709220363448
1394.375 25.60515546296326 23.297792561031518
1394.875 25.606879608411816 23.29849014780359
1395.375 25.608632401264302 23.299196864360567
1395.875 25.610349618774446 23.299901135584633
1396.375 25.612093553686144 23.30059333422842
1396.875 25.61388764980699 23.30129868589676
1397.375 25.615619746324096 23.30200118747296
1397.875 25.617372122866428 23.302703695822103
1398.375 25.619103361902 23.303402689550076
1398.875 25.62084383221737 23.304103652255105
1399.375 25.62260858224387 23.304810054220667
1399.875 25.624354538606923 23.305514808850646
1400.375 25.626120706923743 23.306216124482127
1400.875 25.62785980769744 23.306915300352024
1401.375 25.629629034797627 23.30762158505143
1401.875 25.631340163105257 23.308327261032687
1402.375 25.633091586487154 23.30903057888716
1402.875 25.63483948111475 23.309733950200204
1403.375 25.63657994773635 23.31045117499672
1403.875 25.63832383794914 23.311148743621132
1404.375 25.64006631935667 23.311854204253116
1404.875 25.64181486047567 23.3125517681696
1405.375 25.64358614601449 23.31326393522652
1405.875 25.645332361474246 23.313974017190723
1406.375 25.64706982266936 23.31468699870547
1406.875 25.64881424550574 23.31539208753501
1407.375 25.650569617315075 23.31608567340219
1407.875 25.65234740160652 23.316801222773833
1408.375 25.654065824009578 23.31750358853434
1408.875 25.655805340091877 23.318220062686542
1409.375 25.65755715022332 23.318927420898696
1409.875 25.65931432248299 23.319632747594397
1410.375 25.66107475529735 23.320336429705574
1410.875 25.662802703432273 23.32104981944139
1411.375 25.66454864886948 23.321760417077716
1411.875 25.66628787594329 23.322470559529613
1412.375 25.66806297685114 23.323178229207446
1412.875 25.66979453436733 23.32389598546477
1413.375 25.671521943865724 23.324602905992787
1413.875 25.67328313424286 23.325317580680604
1414.375 25.675045255858763 23.32602150155154
