FastTrWP/PhaseSpace/IAs/snIa_0.44_30.00_0.35_-0.04.csv
# %ECSV 0.9
# ---
# datatype:
# - {name: time-rel, datatype: float64}
# - {name: g, datatype: float64}
# - {name: i, datatype: float64}
# schema: astropy-2.0
time-rel g i
173.875 26.998229055202 25.103714583290998
174.37499999999997 26.97273375321361 25.094942001790525
174.875 26.947567316011053 25.086168773510042
175.375 26.922924750653472 25.077487601277806
175.87499999999997 26.898613859348988 25.068821315182248
176.375 26.874796248499297 25.060219374383323
176.875 26.851278766607905 25.051645797031014
177.37499999999997 26.828115086410357 25.043108810733088
177.875 26.805351531538683 25.034599404438072
178.375 26.78277501600075 25.026124552052465
178.87499999999997 26.76047698972023 25.0176815984701
179.375 26.73845083045546 25.00924521591962
179.875 26.716701316939186 25.00083929548946
180.37499999999997 26.69513055475699 24.992469653171547
180.875 26.673831204573357 24.98409158927135
181.375 26.652818752269738 24.97577516960682
181.87499999999997 26.632016424608786 24.967447948602487
182.375 26.611416115903744 24.95916643622575
182.875 26.591117886381586 24.95091815180104
183.37499999999997 26.570953043178513 24.942705908191982
183.875 26.551072654632467 24.934477060078
184.375 26.531385553924153 24.926294828058346
184.87499999999997 26.511913767928384 24.91818484777197
185.375 26.4926464307246 24.910055539262913
185.875 26.473594642659496 24.901948282936686
186.37499999999997 26.454725226522775 24.893891715852195
186.875 26.4360835181939 24.885855526688264
187.375 26.417579660709936 24.877837882531402
187.87499999999997 26.399289713675344 24.86985123768642
188.375 26.381214589533716 24.86189970734671
188.875 26.36328548670036 24.853962198314406
189.37499999999997 26.34560293291729 24.846085161585954
189.875 26.328037102381252 24.83819719843137
190.375 26.31066404130354 24.830362184139524
190.87499999999997 26.29348564400679 24.82256245295556
191.375 26.276425922496284 24.814777792924833
191.875 26.259578221969498 24.807030463692335
192.37499999999997 26.24291481924518 24.799282266977908
192.875 26.22635673993319 24.79160242981486
193.375 26.20995766759497 24.783941021223047
193.87499999999997 26.193754976994995 24.776293274684917
194.375 26.177725039015144 24.768682795450555
194.875 26.16181934335469 24.761109178451953
195.37499999999997 26.146068670522233 24.753555281933615
195.875 26.13044039661019 24.746038474452966
196.375 26.114986218423944 24.73852632473882
196.87499999999997 26.099716200469018 24.731078214102503
197.375 26.084493919413354 24.723653182212143
197.875 26.06945114820773 24.71623065411679
198.37499999999997 26.0545389447304 24.70886935045265
198.875 26.03979390928737 24.701513778014693
199.375 26.02514911071689 24.694203089427155
199.87499999999997 26.010642773765653 24.68692537750437
200.375 25.996307077867264 24.679668769920532
200.875 25.98204072138494 24.672418701667546
201.37499999999997 25.967944140715552 24.66523401399458
201.875 25.95395020167079 24.658058884438606
202.375 25.940065729323383 24.650928318489505
202.87499999999997 25.926348118997105 24.643826360016554
203.375 25.912711707995165 24.636749726204656
203.875 25.89920541787974 24.629693957185474
204.37499999999997 25.88583809650953 24.62267402506814
204.875 25.872530605409256 24.61568004439519
205.375 25.859389324056295 24.608717210796804
205.87499999999997 25.846310139429875 24.601779987537387
206.375 25.833383130822295 24.594882034495452
206.875 25.820563230744185 24.588005114873262
207.37499999999997 25.807811685059402 24.581165413552576
207.875 25.795214551045444 24.57433402657104
208.375 25.782706840819056 24.567561957445086
208.87499999999997 25.77033978310681 24.560808819194744
209.375 25.758050385470593 24.554076380909827
209.875 25.745839551685748 24.547371343128987
210.37499999999997 25.73371373643685 24.540698821554045
210.875 25.721728949748986 24.53406184701466
211.375 25.709846851241828 24.52744961206609
211.87499999999997 25.69802009483815 24.52086355660561
212.375 25.68633125599405 24.514296212163593
212.875 25.674630215785825 24.50776078281748
213.37499999999997 25.66304922514639 24.50120016010184
213.875 25.65149720248183 24.494706840015223
214.375 25.64000732454064 24.488194102267617
214.87499999999997 25.628621671298333 24.481715383229904
215.375 25.617280691677315 24.475269537976306
215.875 25.60598087973375 24.468811976858692
216.37499999999997 25.594805723568946 24.46241116206268
216.875 25.583631308909133 24.45599204588582
217.375 25.57253604890097 24.449609135240067
217.87499999999997 25.56153302456826 24.443243511695528
218.375 25.550589279856002 24.436899952226483
218.875 25.539680657696678 24.430578260138812
219.37499999999997 25.528883583052423 24.42425384789756
219.875 25.518130048522202 24.41798564001347
220.375 25.507391956503305 24.411699775823344
220.87499999999997 25.49678652160646 24.405441428998557
221.375 25.48619460346858 24.39920252623898
221.875 25.475707073071906 24.393006492319138
222.37499999999997 25.465249747580852 24.386828890058105
222.875 25.454878610416664 24.380653802061808
223.375 25.44453737556591 24.37450161611097
223.87499999999997 25.434284863981933 24.368368179760182
224.375 25.424062379790268 24.362271540260245
224.875 25.413952110406495 24.356179137607015
225.37499999999997 25.40386757090545 24.350103560994384
225.875 25.393832904485723 24.34406162588319
226.375 25.38388901829765 24.338037904309218
226.87499999999997 25.373973581345297 24.332049082799916
227.375 25.36415700611107 24.326054395723684
227.875 25.35438146218146 24.320090153141948
228.37499999999997 25.344644495415494 24.31415711524933
228.875 25.334968531229038 24.308237643301407
229.375 25.32534163856953 24.30232994512879
229.87499999999997 25.315819740495385 24.29646365826953
230.375 25.306329935206126 24.29062167881618
230.875 25.296928171019463 24.28477566011008
231.375 25.287523940110162 24.27898080386038
231.875 25.27823219897987 24.27317765728874
232.375 25.2689268773426 24.267415877215427
232.875 25.259738196734794 24.26167637470227
233.375 25.250576808805224 24.255927277677685
233.875 25.241488244767616 24.250242600357733
234.375 25.232466961692197 24.2445694193157
234.875 25.22347863413688 24.238896497342218
235.375 25.21454743084137 24.233263563824444
235.875 25.205661425020658 24.227653338072564
236.375 25.196833125501037 24.22206321634484
236.875 25.188072150355026 24.216487078882754
237.375 25.179363239709733 24.21093191262193
237.875 25.17070127331976 24.205406191371143
238.375 25.162097411909965 24.19989625532104
238.875 25.153519505333676 24.194416051796708
239.375 25.145045684225664 24.18895956156566
239.875 25.136566516235387 24.183542071109407
240.375 25.12819155993371 24.17810698444572
240.875 25.119827356009488 24.172714664880548
241.375 25.111523491487162 24.167339282455814
241.875 25.103294281124473 24.161991592739554
242.375 25.095096960018193 24.156668083646544
242.875 25.086947614771038 24.151364452180037
243.375 25.078850686231004 24.146084121343986
243.875 25.07079174075374 24.14083078306822
244.375 25.062810219000045 24.13557864062234
244.875 25.05486294486698 24.1303674049771
245.375 25.046951272025687 24.125175419183364
245.875 25.039099621375414 24.120003226522485
246.375 25.031283446689617 24.114833627516795
246.875 25.02355331050684 24.109727668589073
247.375 25.015788275728653 24.104597359541273
247.875 25.008103911151004 24.099483043571126
248.375 25.000441133526383 24.094393745332322
248.875 24.992800368129267 24.089310276109636
249.375 24.985204553200752 24.084249647908695
249.875 24.977611180920004 24.079202612351423
250.375 24.97006598614312 24.07417092407904
250.875 24.96257688381214 24.069132342942087
251.375 24.95511051665302 24.064141413993973
251.875 24.94767974015804 24.0591371097589
252.375 24.94026939543048 24.054149921892748
252.875 24.932891516700572 24.04920404657804
253.375 24.925524809002976 24.044264670442217
253.875 24.91823853049183 24.039337170508446
254.375 24.910963579539292 24.034413712025952
254.875 24.903712688596194 24.029525911446928
255.375 24.896508749387728 24.024621956677827
255.875 24.88933544731848 24.019737431294747
256.375 24.882178575075542 24.014896687995986
256.875 24.87507242691613 24.010053668188093
257.375 24.867981551909985 24.005225961184102
257.875 24.860922487840188 24.000407674115966
258.375 24.853902143575112 23.99561311390899
258.875 24.846923857323155 23.99084234779413
259.375 24.839962922544025 23.986073019700832
259.875 24.83303205612655 23.98132412079474
260.375 24.826133504571622 23.976593169027378
260.875 24.81926236166936 23.97187678687051
261.375 24.812439637088236 23.96717808012245
261.875 24.805636544281555 23.962476840033506
262.375 24.79888310586785 23.957803302670282
262.875 24.79214061394044 23.95314039665876
263.375 24.785449207950194 23.948493186839997
263.875 24.77875496204522 23.943872287950228
264.375 24.77211801014114 23.939260155749658
264.875 24.76548724251739 23.93468122951001
265.375 24.75891102979293 23.930093011291508
265.875 24.752358086540585 23.92553917348005
266.375 24.74583879775773 23.92097676602863
266.875 24.739353079010314 23.9164546821341
267.375 24.73288873701055 23.911914016410147
267.875 24.726458665176313 23.90742237284448
268.375 24.72002634731071 23.9029462124537
268.875 24.71367576004351 23.898467391449692
269.375 24.707329694865827 23.89403491218996
269.875 24.701011804663594 23.889591911634497
270.375 24.694724162375348 23.885160306670983
270.875 24.688486841204554 23.88076060569751
271.375 24.682254871468 23.876362176951634
271.875 24.67604817283673 23.871989011275726
272.375 24.669906198117335 23.867624661508657
272.875 24.66375210997136 23.863281117164842
273.375 24.65764310279161 23.858941329831083
273.875 24.651567643756604 23.854656191096275
274.375 24.64552713764265 23.850353775273888
274.875 24.63948544222324 23.846058837320374
275.375 24.633525401557257 23.841802393214554
275.875 24.627537347755506 23.837547887475957
276.375 24.62159558158141 23.833331877752215
276.875 24.615706080524152 23.829110919719195
277.375 24.609815770155755 23.82491293976865
277.875 24.603979025162378 23.820725445394075
278.375 24.59815163759498 23.81655262700837
278.875 24.592365904737207 23.81240128019257
279.375 24.586584339652568 23.808258726166954
279.875 24.58085919948672 23.80414370361939
280.375 24.575151942969878 23.80004750677903
280.875 24.569461208387892 23.79594756832429
281.375 24.56380248271373 23.79186661276904
281.875 24.55816151485179 23.787804919563232
282.375 24.55255390962718 23.78377245904222
282.875 24.546966023188578 23.77972158015471
283.375 24.541386124786357 23.775715703570075
283.875 24.535869101147433 23.77169971840955
284.375 24.530351844232293 23.767702379346982
284.875 24.524844629982315 23.763716728200983
285.375 24.519379226727573 23.7597465716144
285.875 24.513922996526865 23.75579156796033
286.375 24.50850361831992 23.751858726403164
286.875 24.503091352626324 23.74793179929908
287.375 24.4976923187344 23.743995179233238
287.875 24.492335833677686 23.740100700773944
288.375 24.48699605995637 23.73620010153833
288.875 24.481670991743904 23.73232405244163
289.375 24.47635932366105 23.72845270714006
289.875 24.471089366726236 23.724587451091182
290.375 24.46582301749394 23.720754385263415
290.875 24.46056782268432 23.7169088733652
291.375 24.455351512310926 23.71309085307489
291.875 24.450155982395984 23.70927908300378
292.375 24.444978774586374 23.70546639980809
292.875 24.439794598125854 23.701679285907144
293.375 24.43465982768277 23.69791126304272
293.875 24.429525310938416 23.694138568236333
294.375 24.424408260874277 23.690376532352353
294.875 24.419311619522823 23.686639931324986
295.375 24.414254757351216 23.682895718046364
295.875 24.409202335982897 23.6791707933078
296.375 24.404153898311776 23.675456539102363
296.875 24.399134694647785 23.67176110588293
297.375 24.39411786241933 23.668062995822066
297.875 24.38914221533071 23.66438779500139
298.375 24.384161783762927 23.660702237030193
298.875 24.379216716125885 23.657044920585882
299.375 24.37430240230388 23.653388772830315
299.875 24.36936206445942 23.649736412280117
300.375 24.364457755095252 23.64611097725026
300.875 24.359563261748875 23.642479404836003
301.375 24.354694149220535 23.63886619721692
301.875 24.349849414970073 23.635255697986317
302.375 24.34498595873963 23.63165838374318
302.875 24.34017451279731 23.628065414549987
303.375 24.335365253788716 23.624490255592427
303.875 24.330580141795366 23.62091968854115
304.375 24.32580628886173 23.617363512672288
304.875 24.32103084740403 23.613797773781254
305.375 24.316286022553548 23.610263974396254
305.875 24.311549600424062 23.606733978923078
306.375 24.306824608965552 23.603203973971823
306.875 24.302135561006356 23.599687712101645
307.375 24.297440247812723 23.596178130369122
307.875 24.292748579385723 23.592670417935192
308.375 24.288101056840045 23.58918609357911
308.875 24.283438423385938 23.585697939509135
309.375 24.27880229707254 23.58223993046275
309.875 24.274185569118913 23.578755198277612
310.375 24.269564117260586 23.575303617590933
310.875 24.264968775689155 23.571850621968036
311.375 24.26038891973329 23.56839718776194
311.875 24.255825643212535 23.564965034459938
312.375 24.251267297655833 23.561537066557918
312.875 24.24672492650349 23.558106809604354
313.375 24.242199271342525 23.554694082006225
313.875 24.237676089789172 23.551295781838277
314.375 24.233173176282005 23.547884037406803
314.875 24.228670557633876 23.54450664059545
315.375 24.22418995086421 23.54112005246487
315.875 24.21973384004779 23.537739200851767
316.375 24.21527898481918 23.534368433742216
316.875 24.2108259635552 23.53101134727595
317.375 24.206417692331563 23.527657521060718
317.875 24.20200262369171 23.524312703725585
318.375 24.197618417963533 23.520992792007526
318.875 24.19319371602348 23.517656890114765
319.375 24.188843522905536 23.514341909514282
319.875 24.184475171469657 23.51103915746893
320.375 24.180152072452806 23.507729941480576
320.875 24.175809340751083 23.504451709149524
321.375 24.171481747852134 23.501154502615016
321.875 24.167164673491634 23.497878714260544
322.375 24.162873610876126 23.494620654039355
322.875 24.15858706337893 23.491345013800156
323.375 24.154314480885937 23.488097571581008
323.875 24.150046885957842 23.484847109245916
324.375 24.145800744314656 23.48160671757778
324.875 24.14156277870378 23.478371894206596
325.375 24.137338788870935 23.4751516141635
325.875 24.133128761380295 23.471936832436512
326.375 24.128914178814654 23.468713497676163
326.875 24.12472477895976 23.465518606229715
327.375 24.120546701912843 23.46231557234159
327.875 24.116373714190175 23.45913587519322
328.375 24.11221399557479 23.455955031085235
328.875 24.10806805107621 23.452780243925602
329.375 24.103933448966252 23.44960629163916
329.875 24.099802907922818 23.446440662290307
330.375 24.09568885854814 23.44328519085564
330.875 24.091584091983904 23.440140717270552
331.375 24.08748533090163 23.43698875105037
331.875 24.083407688206222 23.433845836125467
332.375 24.07934002126251 23.430723935524988
332.875 24.07525195618307 23.427604587247764
333.375 24.071206579338586 23.424484968298746
333.875 24.067164884792255 23.42138778912397
334.375 24.06313135441172 23.41826922904495
334.875 24.059091522277598 23.4151762439702
335.375 24.05508467698755 23.41209076142906
335.875 24.051081823418624 23.40899341890654
336.375 24.0470814346374 23.4059184138334
336.875 24.043092931039183 23.40283616572932
337.375 24.03910403265028 23.399777993120438
337.875 24.035134924939182 23.39671111353207
338.375 24.031178935092342 23.39365805093102
338.875 24.027231677345767 23.39059966146337
339.375 24.02327706303513 23.387546062889463
339.875 24.019352653133502 23.38450861739466
340.375 24.01541828858575 23.381481293137956
340.875 24.011518875554536 23.378440927353267
341.375 24.007604848700073 23.375423913630186
341.875 24.003694784035197 23.372390201186064
342.375 23.999808854561394 23.369392529598755
342.875 23.995925301234657 23.3663767302003
343.375 23.992069087964282 23.363370785343974
343.875 23.988196261293297 23.36037416543131
344.375 23.984322785893188 23.35738236430721
344.875 23.980486331988416 23.35439254903783
345.375 23.976638524817897 23.35140958350666
