FastTrWP/PhaseSpace/IAs/snIa_0.44_30.00_-0.17_0.02.csv
# %ECSV 0.9
# ---
# datatype:
# - {name: time-rel, datatype: float64}
# - {name: g, datatype: float64}
# - {name: i, datatype: float64}
# schema: astropy-2.0
time-rel g i
[from data line 2139]
656.5 25.32209307771018 23.093669494431683
657.0 25.32380204893623 23.094382545779606
657.5 25.325573839277894 23.095114223316727
658.0 25.327308738212068 23.095836363369035
658.5 25.329014694494752 23.09654547679579
659.0 25.330777278724064 23.097260292863563
659.5 25.33250837352355 23.097968982492034
660.0 25.33424673307269 23.098691698468052
660.5 25.335968570433604 23.099401370909316
661.0 25.33767509080462 23.100111455262823
661.5 25.339400038998594 23.100834304186083
662.0 25.341098730214547 23.10153079501099
662.5 25.34280912916648 23.1022402873233
663.0 25.34455634730198 23.102963850584143
663.5 25.34623352179039 23.103656085838313
664.0 25.347941671023406 23.104364567039628
664.5 25.34965102961185 23.10506302886999
665.0 25.351363632637806 23.105762450931667
665.5 25.35307988435332 23.10647323441657
666.0 25.354761675345102 23.107176004694054
666.5 25.35648534368994 23.1078772139751
667.0 25.358199440573458 23.10857713114025
667.5 25.35989166491823 23.109283881139895
668.0 25.36159019755052 23.109987573487786
668.5 25.363289391369786 23.110686956559434
669.0 25.365008106503083 23.111385722580703
669.5 25.36669128195909 23.11207720445406
670.0 25.36840466085867 23.11279844576991
670.5 25.370083900627808 23.113484547634787
671.0 25.371768723026094 23.114194818080822
671.5 25.373492563320383 23.11489420701281
672.0 25.375190221126367 23.11558877818953
672.5 25.376890046637534 23.116298928741
673.0 25.37860856442172 23.116994077943826
673.5 25.38030191608064 23.11769460817805
674.0 25.382018009733173 23.1183979100061
674.5 25.383741214796984 23.119094659502494
675.0 25.38544074815198 23.119795410823592
675.5 25.387137769198876 23.12050157469904
676.0 25.388882298684834 23.12119854841342
676.5 25.39056373523647 23.121905743724255
677.0 25.392288160270212 23.122620658721157
677.5 25.394003716062215 23.123305253126123
678.0 25.395727623317708 23.124013476562038
678.5 25.397418936956928 23.124715818625408
679.0 25.399154147810815 23.12542112207428
679.5 25.40082267854716 23.12614002274057
680.0 25.40254847908734 23.12682977169228
680.5 25.40424842648344 23.12752189615091
681.0 25.405937205689476 23.128209207300408
681.5 25.40763716146928 23.128901103365283
682.0 25.409326311132602 23.12959717724517
682.5 25.41102229454735 23.130291572273826
683.0 25.412717701267404 23.130980946125852
683.5 25.4143744719442 23.13166898497623
684.0 25.416064840022422 23.132365855594003
684.5 25.417768379051683 23.1330443862497
685.0 25.419408329895447 23.133731015136622
685.5 25.421095693986903 23.134424154710103
686.0 25.422750295161308 23.135113088855217
686.5 25.424452797594306 23.135799295214433
687.0 25.426114818669227 23.136476121350928
687.5 25.42775420530303 23.13716214037795
688.0 25.42943302283326 23.137846388495127
688.5 25.431097869811108 23.138517092652208
689.0 25.432768372874563 23.139201506943774
689.5 25.43437656031297 23.13989073732496
690.0 25.43609153548825 23.140564908203448
690.5 25.43771930938043 23.141243974627553
691.0 25.439384791426896 23.141929383803742
691.5 25.441074072442632 23.142607108382457
692.0 25.44270672921481 23.143284908801462
692.5 25.44432431253429 23.143974674480003
693.0 25.445969868797846 23.144639024478284
693.5 25.447674454834363 23.14530910050603
694.0 25.44928988323102 23.145990222001423
694.5 25.450971480635896 23.146669678371975
695.0 25.452599124641125 23.14735353597504
695.5 25.454256707418036 23.14801828402565
696.0 25.45588592540533 23.148702634197637
696.5 25.457553312723768 23.149382492292734
697.0 25.459196507066586 23.150057678831566
697.5 25.460847603782316 23.15073738257913
698.0 25.46252567131709 23.151402316344964
698.5 25.46414763084057 23.152085528594885
699.0 25.46580796357917 23.15276453929366
699.5 25.467462813812574 23.153438421439123
700.0 25.46911598545389 23.154113619584603
700.5 25.4707710130419 23.154799346539843
701.0 25.472419964309402 23.15546263882537
701.5 25.474089783493486 23.156142855446365
702.0 25.475735171835446 23.156823422430147
702.5 25.477406231616566 23.157504955620265
703.0 25.479073037786506 23.158174357703814
703.5 25.48068751702097 23.15885793737342
704.0 25.48239097953346 23.159531197557598
704.5 25.484019357050474 23.160218975325243
705.0 25.485728552730333 23.160903804975614
705.5 25.487381793374382 23.16157414063939
706.0 25.48906112508043 23.162260298164796
706.5 25.490717025393277 23.16294275539466
707.0 25.4923950528105 23.163623263956758
707.5 25.494085977671553 23.164310736150036
708.0 25.49574978455287 23.16498502772818
708.5 25.49742859446075 23.16567290839931
709.0 25.499140371847485 23.16636550607442
709.5 25.50084396986557 23.167048544894676
710.0 25.50251659687214 23.167744124986882
710.5 25.50423089020682 23.168423877321956
711.0 25.505902418785777 23.16911492167238
711.5 25.50760438972872 23.16980561908633
712.0 25.50933485323039 23.17049631063853
712.5 25.51101323848346 23.171189893458944
713.0 25.5127487733581 23.171886589902098
713.5 25.51444836655851 23.172569729724128
714.0 25.51616342496267 23.173265096275536
714.5 25.517865867612404 23.173972126799022
715.0 25.519580437487402 23.17464381705454
715.5 25.52133194830468 23.1753463457787
716.0 25.523025493541912 23.176048759210918
716.5 25.52477078818148 23.176736284309758
717.0 25.526480544276694 23.17743897295386
717.5 25.52818790204002 23.178124479214706
718.0 25.529907896817207 23.17883080364776
718.5 25.53164325727569 23.179515167088127
719.0 25.53337570153974 23.180218570823655
719.5 25.535072325190665 23.180907747938445
720.0 25.53678583245542 23.181613835423814
720.5 25.538508391052197 23.182308995232923
721.0 25.54026891701803 23.183013610666144
721.5 25.54197639570139 23.183700032592665
722.0 25.543746479725606 23.18440057025501
722.5 25.54544822779878 23.185106791887566
723.0 25.547196524701622 23.185798419298813
723.5 25.548936568691406 23.186491864824198
724.0 25.550635837057328 23.187188992968114
724.5 25.552386807654166 23.18789440449131
725.0 25.554117336520243 23.188594042473916
725.5 25.555847953022788 23.189288291563464
726.0 25.557611073088925 23.189992410372284
726.5 25.5593521443156 23.190684805475858
727.0 25.561074723413434 23.191399428667687
727.5 25.56283989663274 23.192094761897664
728.0 25.564580419789927 23.192801986379745
728.5 25.566310401431576 23.193492090690896
729.0 25.568050781434394 23.19419093351221
729.5 25.5698080395814 23.194895174858537
730.0 25.571528725537945 23.19559278245326
730.5 25.573286265807468 23.196295566988383
731.0 25.575044770324983 23.197003990886547
731.5 25.576770232022803 23.197700801197914
732.0 25.57853266481224 23.198410931724887
732.5 25.580300773809668 23.19910002138968
733.0 25.58204106066632 23.199816331260614
733.5 25.58377941667038 23.20051551019923
734.0 25.585534725917675 23.201216042791742
734.5 25.587270833944036 23.201904751591584
735.0 25.589053952585736 23.20261080435344
735.5 25.590806144819904 23.20331087489297
736.0 25.59256716796431 23.204021379803702
736.5 25.594324733459423 23.204724676879323
737.0 25.59605185496399 23.205430503978416
737.5 25.597853919656373 23.206135372534668
738.0 25.59959452105857 23.206841775001166
738.5 25.601337477955287 23.207539400444553
739.0 25.603101300905976 23.208240122855845
739.5 25.604863932362033 23.208943051316773
740.0 25.606613304242348 23.20964504580241
740.5 25.608357131867592 23.210356630099685
741.0 25.610140523697837 23.211049002760102
741.5 25.611891492229603 23.211746739904704
742.0 25.613643601556486 23.21245295084241
742.5 25.615415665250318 23.21315663257156
743.0 25.617183745513643 23.213856477318508
743.5 25.618939472775576 23.214570143571947
744.0 25.620681099742715 23.215266432272404
744.5 25.62246102065022 23.215974058111613
745.0 25.624238886619843 23.216682144662645
745.5 25.625985577009335 23.217382294987313
746.0 25.627744698584966 23.218083295915054
746.5 25.62952062608587 23.21878494512761
747.0 25.631289784520224 23.219489861639467
747.5 25.63307312714207 23.22018824943164
748.0 25.634819399735626 23.22089443260208
748.5 25.63656128789762 23.221595539592013
749.0 25.638366389990182 23.222295036949035
749.5 25.64009624683991 23.22300999331099
750.0 25.641897576986132 23.223701832358437
750.5 25.643643393244652 23.224413732736608
751.0 25.645415844765242 23.22511022328466
751.5 25.647220950930908 23.225820912224997
752.0 25.64897526589013 23.22652731598772
752.5 25.65076231248977 23.22723544228613
753.0 25.652518018707198 23.227941702480642
753.5 25.654295173692606 23.22864746705758
754.0 25.656075966300303 23.229356957600253
754.5 25.65784101120343 23.230061464058565
755.0 25.659622819148392 23.23076337467932
755.5 25.661404783516453 23.23147228528891
756.0 25.663191021211542 23.232176523052882
756.5 25.664973287695787 23.232872264908163
757.0 25.66675852390575 23.233588783129463
757.5 25.66851678522503 23.234294704963197
758.0 25.670309612178738 23.23500088764839
758.5 25.67210258729743 23.235711810792495
759.0 25.673885051292128 23.23641566872635
759.5 25.67564758736715 23.237126891898015
760.0 25.67746180519158 23.237827194993468
760.5 25.679236541711795 23.238536764675864
761.0 25.68101932092881 23.23924288308259
761.5 25.682797125298357 23.239954332411816
762.0 25.68459066839901 23.240653544657427
762.5 25.686366815788997 23.241368398042624
763.0 25.68814675556155 23.24207276091733
763.5 25.689935982465798 23.242784460654818
764.0 25.69171693886197 23.243495673576167
764.5 25.69351449210218 23.244193168444664
765.0 25.69529172345578 23.24490028604182
765.5 25.697086436287844 23.245614925996087
766.0 25.69886208194368 23.24631468978251
766.5 25.70066115495922 23.24702900371403
767.0 25.70243653007788 23.247734995146008
767.5 25.70425366085943 23.248439573163257
768.0 25.706010364761887 23.249149523919705
768.5 25.70782481026679 23.24985374243358
769.0 25.709608710613363 23.250569893893843
769.5 25.711411569041225 23.251264691043648
770.0 25.71318661835241 23.251971230685776
770.5 25.714986594233142 23.252688767792186
771.0 25.716734641871362 23.253394969839796
771.5 25.71853909566785 23.254097830881367
772.0 25.720340540620533 23.25479787302674
772.5 25.7221418891924 23.25551619332263
773.0 25.723922467383353 23.25622268659897
773.5 25.7257022824165 23.256927680187243
774.0 25.72751467799566 23.257628541567176
774.5 25.72929390945914 23.25833917069817
775.0 25.731072492967336 23.25905128799427
775.5 25.73283549941634 23.259757179775654
776.0 25.734639109946286 23.260455888945764
776.5 25.736443158796387 23.261171706413375
777.0 25.738244489106062 23.261873816143826
777.5 25.74003195587505 23.262569863275647
778.0 25.741838213028 23.26327895566496
778.5 25.743611367270486 23.263997860850782
779.0 25.745401364282525 23.264685221036125
779.5 25.747178718941072 23.265397828814258
780.0 25.74896641629204 23.26610354752075
780.5 25.75075865484745 23.266806219256008
781.0 25.75256629714108 23.267511523335145
781.5 25.75432841312508 23.268214101071266
782.0 25.75611256801197 23.26891734510689
782.5 25.75793568496469 23.269613642212065
783.0 25.759688966509643 23.27031400907815
783.5 25.76147558964674 23.271030373062715
784.0 25.763225983184977 23.271736221850226
784.5 25.7650698865587 23.272427433988618
785.0 25.766845225560328 23.273131760649953
785.5 25.76864963658717 23.273835905192122
786.0 25.77039977226655 23.27453566425983
786.5 25.772235243221857 23.275242017915797
787.0 25.774012744554152 23.275945105439607
787.5 25.77582587682254 23.27663645250865
788.0 25.777622723407045 23.2773528464748
788.5 25.77939075334806 23.278035936352932
789.0 25.7812061131343 23.278748483065385
789.5 25.78295568435811 23.279442261823867
790.0 25.784765707745045 23.280141514603287
790.5 25.786579314146536 23.28084416166932
791.0 25.78835386343126 23.281552052652344
791.5 25.79011187696222 23.28224093973265
792.0 25.791948954559068 23.282952587764598
792.5 25.793711821286287 23.283654002045978
793.0 25.795509602540907 23.284354301974783
793.5 25.797303671251708 23.285039552706262
794.0 25.799102323372807 23.285747285375905
794.5 25.800914244150405 23.286448395489142
795.0 25.802712697481223 23.287147507809415
795.5 25.8044781652306 23.28785062113856
796.0 25.80627339564557 23.28854525017636
796.5 25.80806245188686 23.28924188446988
797.0 25.80984356120558 23.289946877970564
797.5 25.81164289893657 23.290642583694154
798.0 25.813460294321914 23.291346246777618
798.5 25.815230051719254 23.292040270105772
799.0 25.816999625405966 23.292740337814344
799.5 25.818787440334347 23.293448781459475
800.0 25.82058987291209 23.294142181050347
800.5 25.822378595251575 23.294852056824688
801.0 25.824137581629685 23.295556381340127
801.5 25.82593875610922 23.296242188557358
802.0 25.827732561090897 23.29694861567785
802.5 25.829536868992097 23.297648038253328
803.0 25.831321000117548 23.298343698385594
803.5 25.833088102875376 23.299054908272193
804.0 25.83486742503386 23.29974925755732
804.5 25.836642690858476 23.300452355718058
805.0 25.838446018305792 23.301153367313972
805.5 25.840235913298915 23.301856600461342
806.0 25.841984563926374 23.302555925147857
806.5 25.843778511576367 23.30325713759795
807.0 25.845558185599074 23.303965705439147
807.5 25.847311696691477 23.304666586675268
808.0 25.849080482969597 23.30536878323783
808.5 25.8508802050939 23.306057373347585
