FastTrWP/PhaseSpace/IAs/snIa_0.63_30.00_-0.86_0.23.csv
# %ECSV 0.9
# ---
# datatype:
# - {name: time-rel, datatype: float64}
# - {name: g, datatype: float64}
# - {name: i, datatype: float64}
# schema: astropy-2.0
time-rel g i
[from data line 706]
20.5 24.674729815818807 22.228975560857236
21.0 24.67498529474987 22.22817197775968
21.5 24.675209658601784 22.227355706564722
22.0 24.67546087583407 22.22655280542145
22.5 24.675695452098722 22.225752408656785
23.0 24.675964398634008 22.224955263933598
23.5 24.676217733637106 22.224162842102423
24.0 24.676467492140315 22.223373089655407
24.5 24.67671804866847 22.222582963164893
25.0 24.6770152900445 22.22180277920497
25.5 24.677245143604654 22.22102434148796
26.0 24.67752816611184 22.22025711701276
26.5 24.677811987567864 22.219487009483792
27.0 24.67806241520412 22.218717447442522
27.5 24.67834373576236 22.21795656096367
28.0 24.6786063010255 22.217200863577293
28.5 24.678900479518884 22.216444426521527
29.0 24.679183587398065 22.215700345071326
29.5 24.67945987795977 22.214952977692768
30.0 24.679763070438533 22.214214227499255
30.5 24.680030574765247 22.21347365100657
31.0 24.68035022951205 22.212744688793077
31.5 24.68062587081583 22.212015415235214
32.0 24.680906430206065 22.211288179780645
32.5 24.681227575724428 22.210569957606626
33.0 24.68152010334331 22.20984956948858
33.5 24.681832148301957 22.20913255261484
34.0 24.68213564378729 22.208422675795823
34.5 24.68245675853511 22.20771242682746
35.0 24.682766813060773 22.207013174685784
35.5 24.683080082948017 22.206303898916325
36.0 24.68342950475073 22.205597957603906
36.5 24.683739534133196 22.204906649733644
37.0 24.684078779913797 22.204218828077565
37.5 24.68442499873146 22.203521214702803
38.0 24.684738106237415 22.202845607316988
38.5 24.685101494253967 22.202164088892484
39.0 24.685445784962834 22.201480477687046
39.5 24.685827120999207 22.20080468684092
40.0 24.686167369102403 22.200130606537236
40.5 24.686522724342655 22.199467642953977
41.0 24.68689692217221 22.198803932692414
41.5 24.687269364329993 22.198133254079217
42.0 24.687639983146337 22.197466973270505
42.5 24.688021437238433 22.196820220088554
43.0 24.688403555920672 22.19617050891327
43.5 24.688806018768055 22.195518260747665
44.0 24.68917304435552 22.19487555614213
44.5 24.689591361967924 22.194232263279435
45.0 24.68999005607422 22.193586601515637
45.5 24.690400225040463 22.192960083597548
46.0 24.69079661057712 22.192325242737162
46.5 24.691211465012593 22.191697609375023
47.0 24.691647052124917 22.19107137684955
47.5 24.692039406711565 22.190455482279177
48.0 24.692490748910313 22.189833809365908
48.5 24.692911023226287 22.189220437056623
49.0 24.693338039161592 22.188615048898818
49.5 24.693787000649024 22.18800630769398
50.0 24.694224202761795 22.18740081478647
50.5 24.694675302965265 22.18679701170999
51.0 24.695135850347718 22.1862014388824
51.5 24.6955837031392 22.185612343037487
52.0 24.696035132782267 22.185021613799776
52.5 24.696524761512965 22.184429670427555
53.0 24.696994798999018 22.183850941841648
53.5 24.697461145544697 22.183276003696143
54.0 24.697922165525938 22.182698496168378
54.5 24.698427323594633 22.182128818269604
55.0 24.69889368194608 22.18155962638337
55.5 24.699413178895835 22.180995519501153
56.0 24.69989107128978 22.18043298823725
56.5 24.700403073204875 22.17987357053878
57.0 24.70091464811243 22.17933001904726
57.5 24.70143153235319 22.178775204331593
58.0 24.701937998840098 22.17823101023006
58.5 24.702457848366134 22.177684514908794
59.0 24.70299340413453 22.177145512399896
59.5 24.70352570611493 22.176606663587282
60.0 24.704069857080654 22.176079482304406
60.5 24.704610913374655 22.17555526675866
61.0 24.705156970069623 22.17502857273114
61.5 24.70568910046296 22.17451344977492
62.0 24.706272304620672 22.173994776564534
62.5 24.70683109125684 22.173476114437577
63.0 24.707367053423912 22.172969048047925
63.5 24.70796009441471 22.17246896304991
64.0 24.70851075472167 22.171966182730024
64.5 24.709103238053444 22.171464465494854
65.0 24.709694395150194 22.170979603569005
65.5 24.710294531764724 22.170481237755602
66.0 24.710871998928493 22.169998345823455
66.5 24.71147841497617 22.16951960002456
67.0 24.712077884672254 22.16903628568064
67.5 24.712705335344715 22.16855920467124
68.0 24.71331435922508 22.168085505818325
68.5 24.71393654488448 22.16762301228348
69.0 24.714554091065025 22.167158946959415
69.5 24.715183550892394 22.166700093312258
70.0 24.715828547220312 22.166244742793822
70.5 24.71646280787788 22.16579721064182
71.0 24.717089796476145 22.16534506008817
71.5 24.717770255061758 22.16490729513184
72.0 24.718412968318333 22.164460299502025
72.5 24.71906140630269 22.16402185307992
73.0 24.719747228565403 22.163586388163893
73.5 24.720402001540013 22.16315444556176
74.0 24.72107215106397 22.162733068106483
74.5 24.721741413275275 22.162307999203847
75.0 24.722434476059526 22.16188358642867
75.5 24.723134499038437 22.161465254346652
76.0 24.72383221344796 22.16104553150712
76.5 24.724519844076145 22.160644337209995
77.0 24.725223882310225 22.160232726153673
77.5 24.725933677430966 22.159830653204327
78.0 24.726629471736466 22.159423212375813
78.5 24.72736096097702 22.159027835138527
79.0 24.728098435868695 22.158634963682772
79.5 24.728822324002174 22.158240687133603
80.0 24.729559289453796 22.1578517989703
80.5 24.730298281583405 22.157477463731805
81.0 24.73104626260828 22.157088200540493
81.5 24.73179105072571 22.156713478706816
82.0 24.732537933667473 22.156335689869707
82.5 24.733309436069135 22.15597460790729
83.0 24.734058178752182 22.155603056464784
83.5 24.73483255606583 22.155236636097282
84.0 24.73560849913691 22.154876133273177
84.5 24.736393012555755 22.15451455644445
85.0 24.737177534535988 22.154168096137127
85.5 24.737966433139093 22.153811339195094
86.0 24.73876056437551 22.153468993733508
86.5 24.73955352673586 22.15312830066777
87.0 24.74035883291957 22.152790725820275
87.5 24.741167498415546 22.152449685781267
88.0 24.741989833462014 22.152115336531743
88.5 24.742822722293273 22.151788851526824
89.0 24.743632523823234 22.15145776562787
89.5 24.744491300865814 22.15113959730681
90.0 24.74531162851565 22.150826621182674
90.5 24.746155054307387 22.150497840287002
91.0 24.74700068411433 22.15019768759562
91.5 24.747852713163297 22.149886159568165
92.0 24.74871639701838 22.149583227151584
92.5 24.749581506605658 22.14928187042483
93.0 24.7504521461472 22.148987048630737
93.5 24.751339510364872 22.14868694503343
94.0 24.752199212375004 22.14840540331806
94.5 24.753088496946983 22.148118806004117
95.0 24.75398940434871 22.147830346572444
95.5 24.75488739361814 22.14755410309168
96.0 24.755776372902034 22.147267878746696
96.5 24.756689690063084 22.14699648913413
97.0 24.757596573090016 22.14673589038036
97.5 24.758525048112936 22.146462704130045
98.0 24.759457872280038 22.146203779329696
98.5 24.760387203717976 22.14594662162879
99.0 24.7613093606489 22.145688778324093
99.5 24.76225993742499 22.14544252803097
100.0 24.763200235034123 22.14519759190474
100.5 24.764158124109862 22.14494880715182
101.0 24.765130800549166 22.144713159661954
101.5 24.76609229080823 22.144475230913
102.0 24.7670314933025 22.144245534096147
102.5 24.76802716031426 22.144012423192883
103.0 24.769032365750803 22.143790883873606
103.5 24.770013910896317 22.143568333383563
104.0 24.770991435277704 22.14334895039166
104.5 24.77197548680481 22.143136555780227
105.0 24.773004961844084 22.142930145852375
105.5 24.774013517734957 22.142720253677965
106.0 24.775043797970916 22.142512240717316
106.5 24.77605227361428 22.142316876692657
107.0 24.77708491688916 22.14212264101052
107.5 24.778134470758566 22.141935289575283
108.0 24.779163931854946 22.141741039280234
108.5 24.780219597350325 22.14155049545546
109.0 24.78128263323965 22.141380125636584
109.5 24.782322145575574 22.141200546528395
110.0 24.783391030594572 22.141026757928515
110.5 24.784454736043187 22.140862772582132
111.0 24.785548278826106 22.140695627577752
111.5 24.7866468473785 22.140539454368067
112.0 24.78775528529109 22.140387243102623
112.5 24.788861048546195 22.140229407327638
113.0 24.78997782481982 22.14008736550796
113.5 24.791102961598064 22.139950097058907
114.0 24.792236451360267 22.13981138951076
114.5 24.79337956076318 22.13967628960551
115.0 24.794511850310897 22.13955234840761
115.5 24.795685885819402 22.13942742118013
116.0 24.796877155528136 22.139307341568426
116.5 24.79803038567992 22.139191299310845
117.0 24.799211935403505 22.13908444254036
117.5 24.800408020248447 22.13897264907384
118.0 24.801611020686856 22.138870530256266
118.5 24.8028088533174 22.138767837658794
119.0 24.80402242282301 22.138675248273
119.5 24.805249107340465 22.138579858568747
120.0 24.806478281728314 22.138492338560244
120.5 24.807714482487956 22.138410300175074
121.0 24.808953078152697 22.138326710976962
121.5 24.810201101555638 22.13825592212781
122.0 24.811441460189766 22.138180445324934
122.5 24.81271561758693 22.138112119993757
123.0 24.814009370959873 22.13804100035187
123.5 24.815259603176763 22.137977868038277
124.0 24.816551980239208 22.137915485520963
124.5 24.817850142843664 22.137868688745442
125.0 24.819127381356324 22.137813564637298
125.5 24.82043965083232 22.137764117097998
126.0 24.821737377297502 22.13771635089538
126.5 24.823028957358314 22.137675151311406
127.0 24.82438212692818 22.1376394596976
127.5 24.825689649343143 22.137601723842995
128.0 24.82701487294677 22.137567009658625
128.5 24.82836075403076 22.137535592213688
129.0 24.829681751572256 22.13751007756101
129.5 24.831046372519605 22.1374895804541
130.0 24.832391887927958 22.137462845240535
130.5 24.83374462349783 22.1374524001299
131.0 24.835103817477965 22.137433031088406
131.5 24.836483364401122 22.137421510247567
132.0 24.83785194921678 22.13741080978067
132.5 24.839227238286806 22.13740561734278
133.0 24.840601473430933 22.13739853312573
133.5 24.842003719008797 22.137397883721093
134.0 24.843387738931742 22.137398268081228
134.5 24.844776982887478 22.13739996209311
135.0 24.846169372465404 22.137405284228922
135.5 24.847569196355053 22.137416225646884
136.0 24.848976259554156 22.137424800569434
136.5 24.850398294165036 22.137447823106537
137.0 24.85179897508488 22.13745351354468
137.5 24.8532183630294 22.13747174537613
138.0 24.854636634802652 22.137498343512444
138.5 24.856070528192518 22.137520114278622
139.0 24.85748954193732 22.13753692206268
139.5 24.85893628945082 22.13756611176553
140.0 24.860336394665808 22.137596202732972
140.5 24.861782093990854 22.137625258401854
141.0 24.86323045692967 22.13765706707868
141.5 24.86467003999836 22.13768594883341
142.0 24.866124395592742 22.137725525456
142.5 24.86756064799325 22.13775958008614
143.0 24.869009319507413 22.137797857352304
143.5 24.87046528723136 22.13784727645498
144.0 24.871924670336888 22.137886682230906
144.5 24.87336629950571 22.137931197174247
145.0 24.874828125506383 22.137983240728232
145.5 24.876277281155726 22.138029671254408
146.0 24.87775117519344 22.13807932830902
146.5 24.87920664430732 22.138129735113644
147.0 24.880663278596316 22.13817859145025
147.5 24.882134624884067 22.138229310597044
148.0 24.883604741491013 22.138288190096205
148.5 24.885056789332513 22.1383413320438
149.0 24.886551271888525 22.13840715169574
149.5 24.888017708228126 22.13847621424015
150.0 24.889481950128783 22.138527321746153
150.5 24.89097293955576 22.138592470254828
151.0 24.8924456058659 22.138663417067473
151.5 24.893956710627837 22.138736882723506
152.0 24.895448222192616 22.138808835145017
152.5 24.896948150529337 22.1388926578827
153.0 24.89849181315823 22.138974045649682
153.5 24.89999827283684 22.13906322979094
154.0 24.90152946078853 22.139148120013775
154.5 24.903060565617736 22.139238044489545
155.0 24.904622676663642 22.139329754927797
155.5 24.906162071034107 22.13943482692505
156.0 24.90769173065065 22.13952687807634
156.5 24.90926818847935 22.13963383443023
157.0 24.91079807521747 22.139735808539555
157.5 24.912381005082306 22.1398488184435
158.0 24.913944827365363 22.13995971860648
158.5 24.915522554517153 22.14007392986156
159.0 24.917110016226225 22.140181450975295
159.5 24.918693564782885 22.140301709704403
160.0 24.92028180747761 22.140426142351206
160.5 24.9218731981621 22.140554430331516
161.0 24.923467959212587 22.14067767088612
161.5 24.925075677124116 22.14080460830237
162.0 24.926687392357575 22.140943181479358
162.5 24.928321739503133 22.141067312772993
163.0 24.929936300874132 22.14120297602141
163.5 24.931565239087092 22.14134926927665
164.0 24.933201459711334 22.14148003417398
164.5 24.93481107815206 22.14163159028759
165.0 24.936467090102955 22.141778895705638
165.5 24.938088702837998 22.141916583888342
166.0 24.939750099637163 22.142070189366436
166.5 24.941378316368684 22.142218243664576
167.0 24.94304975664898 22.142373980117952
167.5 24.944722077190676 22.142525290096877
168.0 24.946365688062713 22.142691660000608
168.5 24.948038405911227 22.14285466327985
169.0 24.94969958391973 22.143009243745773
169.5 24.951353098396357 22.14317040301641
170.0 24.953036677184542 22.143337708506014
170.5 24.954740103178974 22.14350233201327
171.0 24.9564060103237 22.143673525284
171.5 24.95809182406652 22.143845421200865
172.0 24.95976635478379 22.144019429182897
172.5 24.961459801909033 22.14418866880377
173.0 24.963152279424357 22.144364822938915
173.5 24.964825888107033 22.144544744939836
174.0 24.96654037758632 22.14472434612365
174.5 24.96824156299068 22.144906387537134
175.0 24.96994540794975 22.14508592832675
175.5 24.971636465396386 22.145270194027695
176.0 24.973357573566428 22.145457035038774
176.5 24.975063053890068 22.145641009276634
177.0 24.976754740105207 22.145831007579137
177.5 24.978496973613204 22.14602284064359
178.0 24.980195876471644 22.146216980188186
178.5 24.98189834927715 22.14639848522172
179.0 24.983619602853135 22.146601457945888
179.5 24.985339079229213 22.14679681982055
180.0 24.987060600339053 22.14698698896809
180.5 24.988788034713302 22.147184924130535
181.0 24.99048951992943 22.147386668462985
181.5 24.99222667650306 22.14757548935697
182.0 24.993964779442877 22.147782034806713
182.5 24.99567237799433 22.147983795538867
183.0 24.99739256054869 22.148187006019143
183.5 24.999102045347563 22.14839501949553
184.0 25.000853146254443 22.148593923131493
184.5 25.002573808002037 22.148800521804823
185.0 25.004297042213615 22.149012863897667
185.5 25.00601780176575 22.149219075024536
186.0 25.007752540157682 22.149422460650044
186.5 25.009505576134835 22.1496290898149
187.0 25.01121160111841 22.149842792030974
187.5 25.01296642252032 22.150049183145217
188.0 25.014643281009366 22.150262331316753
188.5 25.01638330495274 22.150475115433164
189.0 25.018119210550253 22.150684521826008
189.5 25.01986200151218 22.1508944728822
190.0 25.021595939801706 22.15111386548702
190.5 25.0233205443987 22.151331245600137
191.0 25.025061814498347 22.151546604983988
191.5 25.02681842514109 22.15176696575879
192.0 25.028548312388928 22.151989958094127
192.5 25.03027462446797 22.15221519374493
193.0 25.03205810201775 22.152446197924128
193.5 25.03378739210984 22.15267463720936
194.0 25.035558782052362 22.152900688425277
194.5 25.037290833176424 22.15313262025221
195.0 25.039058002129547 22.15336099714723
195.5 25.040828588075104 22.15360485435765
196.0 25.04258711467907 22.15383000390613
196.5 25.044347239221235 22.15407060374652
197.0 25.046133595984827 22.154311706364087
197.4999999999999 25.047850172004086 22.15454842489688
198.0 25.049684360791478 22.154790850755575
198.5 25.051421113935824 22.155032467412553
198.9999999999999 25.053228701980636 22.15528007104329
199.5 25.05499449382711 22.155526613191164
200.0 25.05677262420974 22.15576577709104
200.4999999999999 25.058568974999957 22.156021929897996
201.0 25.06035131594881 22.15627286876201
201.5 25.062140448488197 22.156524815422575
201.9999999999999 25.063948870340894 22.156779552501547
202.5 25.065729538374477 22.157034629385123
203.0 25.067530563210486 22.15729170363986
203.4999999999999 25.069348549055924 22.157552351225362
204.0 25.071133255281637 22.157816465262954
204.5 25.072933161781133 22.15807260297206
204.9999999999999 25.074753525246724 22.158333072499353
205.5 25.076570177403667 22.158593628216163
206.0 25.07835870218633 22.15886387093596
