FastTrWP/PhaseSpace/IAs/snIa_0.32_30.00_1.56_-0.01.csv
# %ECSV 0.9
# ---
# datatype:
# - {name: time-rel, datatype: float64}
# - {name: g, datatype: float64}
# - {name: i, datatype: float64}
# schema: astropy-2.0
time-rel g i
149.85416666666666 26.986891623347 26.129207003986075
150.35416666666666 26.972900906133876 26.116511959237478
150.85416666666666 26.958843378382035 26.103861309307174
151.35416666666666 26.94471206985543 26.09121375578823
151.85416666666666 26.930557194586655 26.07866272650936
152.35416666666666 26.916409447053418 26.066136485669006
152.85416666666666 26.9021195749116 26.053726483771293
153.35416666666666 26.88786099115958 26.041264557146995
153.85416666666666 26.873570889860453 26.028891817631006
154.35416666666666 26.85917622193132 26.016534814948574
154.85416666666666 26.844733412341988 26.004295358304436
155.35416666666666 26.830242413986163 25.99205117054951
155.85416666666666 26.815791342119503 25.979847519748308
156.35416666666666 26.80147277205673 25.967752980621572
156.85416666666666 26.78737583341164 25.955779640396592
157.35416666666666 26.773485731464003 25.943861455182923
157.85416666666666 26.759875251939622 25.93201522008373
158.35416666666666 26.74631531640667 25.920273372209387
158.85416666666666 26.732958710462903 25.9085926422959
159.35416666666666 26.719777764983576 25.897025000714613
159.85416666666666 26.706733041274408 25.885502926885575
160.35416666666666 26.69373193871081 25.874044968791186
160.85416666666666 26.6808869927551 25.862670616125563
161.35416666666666 26.668258902279636 25.851389983897782
161.85416666666666 26.655621625379638 25.84009615825325
162.35416666666666 26.643115070629158 25.828954198279177
162.85416666666666 26.630665338856403 25.81782337787221
163.35416666666666 26.61834548561263 25.80677097351712
163.85416666666666 26.60600957192312 25.79575874473258
164.35416666666666 26.593736778357627 25.78479093343631
164.85416666666666 26.581493627844036 25.773884647050366
165.35416666666666 26.569337450771158 25.763033949807557
165.85416666666666 26.5572141342618 25.752208522081048
166.35416666666663 26.545051713700797 25.74146022335212
166.85416666666666 26.53291565306201 25.730740539935066
167.35416666666666 26.520804322040014 25.720081882534934
167.85416666666663 26.50871342470618 25.709410508251644
168.35416666666666 26.49663616183418 25.698825572502734
168.85416666666666 26.48446744941853 25.68826807911501
169.35416666666663 26.472371748362473 25.677747732504116
169.85416666666666 26.460261665721994 25.667223458156005
170.35416666666666 26.448081541566488 25.65678900664714
170.85416666666663 26.435861061830963 25.64633187220099
171.35416666666666 26.423640637630367 25.63595410760921
171.85416666666666 26.41138313355423 25.62556679920368
172.35416666666663 26.399068357439262 25.61523652283563
172.85416666666666 26.386746948845715 25.604923296995512
173.35416666666666 26.3743898569304 25.59464981494598
173.85416666666663 26.36195214255539 25.584345751506934
174.35416666666666 26.349443164796526 25.574106981003165
174.85416666666666 26.33690449552303 25.56389273861059
175.35416666666663 26.324294318090033 25.553693077634776
175.85416666666666 26.311663429078408 25.543500302653015
176.35416666666666 26.29890422983307 25.53333163808631
176.85416666666663 26.28610784901354 25.52322220797199
177.35416666666666 26.273271043493448 25.51309429238865
177.85416666666666 26.260408116782713 25.502968413764645
178.35416666666663 26.247356870012432 25.492901125693415
178.85416666666666 26.23434962085699 25.48281531069517
179.35416666666666 26.221199661133063 25.472760240953733
179.85416666666663 26.20801329977192 25.462728444034592
180.35416666666666 26.194694254114186 25.4526985222679
180.85416666666666 26.181392628963152 25.44265281163758
181.35416666666663 26.167956118281236 25.432683766238718
181.85416666666666 26.154452526481577 25.42264683051463
182.35416666666666 26.14086179369597 25.41265256427357
182.85416666666663 26.127273453056205 25.402712722307335
183.35416666666666 26.11351955422932 25.39274187447667
183.85416666666666 26.099715189315823 25.382798257056077
184.35416666666663 26.08582434063861 25.372837144479092
184.85416666666666 26.071865592012703 25.36290610198772
185.35416666666666 26.057855455769303 25.35295307750317
185.85416666666663 26.04375935810763 25.34303980316111
186.35416666666666 26.02957149986818 25.333135252685643
186.85416666666666 26.015359256394728 25.323228124003954
187.35416666666663 26.001076581745597 25.313319151800016
187.85416666666666 25.986695651523238 25.30342069741271
188.35416666666666 25.972315013030393 25.293527748843392
188.85416666666663 25.95794841008538 25.283680539221226
189.35416666666666 25.94357008828295 25.27380629507176
189.85416666666666 25.929215062739452 25.263967808580414
190.35416666666663 25.9148319537653 25.254140043667977
190.85416666666666 25.900492241827358 25.244342654332712
191.35416666666666 25.88616560317633 25.234577227434954
191.85416666666663 25.871836173153312 25.224795460534683
192.35416666666666 25.85753182529773 25.215049858221242
192.85416666666666 25.843279194087604 25.205335022507104
193.35416666666663 25.82904712533439 25.195574255386973
193.85416666666666 25.814800625469665 25.18593820363566
194.35416666666666 25.800634718999113 25.17627579878991
194.85416666666663 25.786494156865185 25.16666899995538
195.35416666666666 25.772351775134812 25.15706829809836
195.85416666666666 25.75836128646798 25.147470939632342
196.35416666666663 25.744300331361522 25.137914545839042
196.85416666666666 25.730322034684384 25.12840796426194
197.35416666666666 25.716391323889912 25.118893933313174
197.85416666666663 25.702490948391954 25.10945140243084
198.35416666666666 25.688675448104505 25.10001529837647
198.85416666666666 25.674894386107216 25.09062876469176
199.35416666666663 25.661177780194357 25.081219576722916
199.85416666666666 25.647491683236524 25.071886902355445
200.35416666666666 25.63389590940977 25.0625855568708
200.85416666666663 25.620333146729585 25.053298512874598
201.35416666666666 25.60683877858957 25.044061341654714
201.85416666666666 25.593394875684755 25.03484605175631
202.35416666666663 25.580017834844035 25.025681011676184
202.85416666666666 25.566735523118954 25.016511820051427
203.35416666666666 25.553446606981012 25.007427121983653
203.85416666666663 25.540254471902983 24.99834974833465
204.35416666666666 25.527142735286837 24.98933305083066
204.85416666666666 25.514093810519228 24.980315909897556
205.35416666666663 25.50113274074981 24.971356398275898
205.85416666666666 25.488190169816374 24.962401948033186
206.35416666666666 25.475341931783575 24.95352524145414
206.85416666666663 25.462551165511314 24.944666412046406
207.35416666666666 25.449830976276427 24.935839975655455
207.85416666666666 25.4371803040117 24.927069847492085
208.35416666666663 25.424631571138377 24.91829903490695
208.85416666666666 25.41208136925659 24.909609299912834
209.35416666666666 25.399665065992238 24.900954113918587
209.85416666666663 25.38730359771323 24.892329306948056
210.35416666666666 25.374985088861393 24.883733251019187
210.85416666666666 25.36277111478825 24.87516816927115
211.35416666666663 25.350590300766818 24.866664584801587
211.85416666666666 25.33853803569781 24.85819128943538
212.35416666666666 25.32650173334106 24.849766332293047
212.85416666666663 25.31456209928014 24.84136818681931
213.35416666666666 25.30267585524191 24.832994704494094
213.85416666666666 25.290905214764855 24.824659809567443
214.35416666666663 25.279158545340245 24.816389810778254
214.85416666666666 25.2675088756391 24.808144561330096
215.35416666666666 25.25592495644263 24.799939708324793
215.85416666666663 25.244401375365477 24.79176957017796
216.35416666666666 25.232940925665783 24.78366219384824
216.85416666666666 25.221571907345815 24.775575243025514
217.35416666666663 25.210270915123488 24.76752885141909
217.85416666666666 25.199033984386286 24.759539139264035
218.35416666666666 25.187883811376498 24.75155071117554
218.85416666666663 25.176785258163832 24.743638163690072
219.35416666666666 25.165789964149916 24.735730539500334
219.85416666666666 25.154780967739892 24.72788485062937
220.35416666666663 25.143819716387664 24.72004487840342
220.85416666666666 25.13292489641703 24.712216558130606
221.35416666666666 25.12206405842358 24.704419485222694
221.85416666666663 25.111221165155186 24.696664044257233
222.35416666666666 25.100448700964062 24.688918222732642
222.85416666666666 25.08966467511367 24.681194800830735
223.35416666666663 25.078970609803825 24.67348281276593
223.85416666666666 25.068328780126716 24.665818869777585
224.35416666666666 25.05772618354829 24.65815406909107
224.85416666666663 25.04711268924001 24.650548239719328
225.35416666666666 25.03660092103005 24.642943327205376
225.85416666666666 25.026129985448414 24.635363920307128
226.35416666666663 25.01566920610671 24.627839270115484
226.85416666666666 25.005292694858934 24.620324587473583
227.35416666666666 24.994921775524 24.612812510088375
227.85416666666663 24.98460940629048 24.60536335209862
228.35416666666666 24.974340095288117 24.5978958590033
228.85416666666666 24.96413746305947 24.59049384119618
229.35416666666663 24.953953085522986 24.583104570265377
229.85416666666666 24.94385423767886 24.575735685182522
230.35416666666666 24.933771103440932 24.568383614884738
230.85416666666666 24.923718489941752 24.5610940638511
231.35416666666666 24.91375558113845 24.55381651973456
231.85416666666666 24.903845605754388 24.54655015189402
232.35416666666666 24.89392351290175 24.539324377715136
232.85416666666666 24.88408415752935 24.53210354014079
233.35416666666666 24.874277054602025 24.524923544853383
233.85416666666666 24.86452700419809 24.517785028802948
234.35416666666666 24.854821888572868 24.510664512430317
234.85416666666666 24.845175454201005 24.503565086861453
235.35416666666666 24.83556357282915 24.49649185300711
235.85416666666666 24.825985808938697 24.4894438370436
236.35416666666666 24.81646864296625 24.48242288233633
236.85416666666666 24.80701974300547 24.475433580555986
237.35416666666666 24.797591423755946 24.468464127484573
237.85416666666666 24.788197102710512 24.461527996238143
238.35416666666666 24.778866861561482 24.45463608592691
238.85416666666666 24.76959143128846 24.447747814432674
239.35416666666666 24.76034544377213 24.44089607524383
239.85416666666666 24.751148989739747 24.434063040822664
240.35416666666666 24.741987155281308 24.42725488474418
240.85416666666666 24.732932776676577 24.420496519284704
241.35416666666666 24.723873703225536 24.41374695560452
241.85416666666666 24.71485786480536 24.407024333124294
242.35416666666666 24.70590787478297 24.400335961309697
242.85416666666666 24.696990294363953 24.393691573571225
243.35416666666666 24.688118403541136 24.387046227129687
243.85416666666666 24.67929859382741 24.380409521657953
244.35416666666666 24.67052805760506 24.37385556873279
244.85416666666666 24.661795425841746 24.367283048571498
245.35416666666666 24.653106192465376 24.360764157808536
245.85416666666666 24.644486907514306 24.35425972785463
246.35416666666666 24.635883298276404 24.347783896202145
246.85416666666666 24.627329173942606 24.341323521156674
247.35416666666666 24.618815727048755 24.334903222196175
247.85416666666666 24.61036892700989 24.328523883456775
248.35416666666666 24.601949474650905 24.322141270200742
248.85416666666666 24.593576705667818 24.315815560938244
249.35416666666666 24.585265667743222 24.309497519696095
249.85416666666666 24.5769970445689 24.303203981620506
250.35416666666666 24.56876166435494 24.29694958054887
250.85416666666666 24.560554835656845 24.290716503451137
251.35416666666666 24.55241880830566 24.284494516689833
251.85416666666666 24.544260637551524 24.278299604531128
252.35416666666666 24.536119993515552 24.27210215893822
252.85416666666666 24.52803529504855 24.265927321816633
253.35416666666666 24.519947119157358 24.259753705393507
253.85416666666666 24.511890289595364 24.253619528330756
254.35416666666666 24.503849623478942 24.247479264070524
254.85416666666666 24.49585428265822 24.241368648946477
255.35416666666666 24.4878603424489 24.23526680654198
255.85416666666666 24.47990461014856 24.22919061140057
256.3541666666667 24.47198037684067 24.223118484815487
256.8541666666667 24.464074571376678 24.217070881147563
257.3541666666667 24.456223695785305 24.21103645886218
257.8541666666667 24.448374317381347 24.205035951329595
258.3541666666667 24.44054362859862 24.199046186853632
258.8541666666667 24.432756824949344 24.193072096840996
259.3541666666667 24.42500899273119 24.18710146298531
259.8541666666667 24.417288367906753 24.18117557270605
260.3541666666667 24.409587428749152 24.17523973944137
260.8541666666667 24.401909664889455 24.169357417534624
261.3541666666667 24.39428027393379 24.16345914822704
261.8541666666667 24.386663171793188 24.157615881423805
262.3541666666667 24.379106841279423 24.151770046201527
262.8541666666667 24.37155153001005 24.14595341999587
263.3541666666667 24.36405733047486 24.140147874425292
263.8541666666667 24.35659090361234 24.134369072675742
264.3541666666667 24.349137866660215 24.128613469794548
264.8541666666667 24.34172978403754 24.12286788933622
265.3541666666667 24.334346194624395 24.11715948624017
265.8541666666667 24.327021336233 24.111455393085556
266.3541666666667 24.319718271069092 24.105791538423148
266.8541666666667 24.312451306150365 24.100143011632756
267.3541666666667 24.305214492202044 24.0945046715334
267.8541666666667 24.298012499433533 24.088900494542294
268.3541666666667 24.290851976243644 24.083288014319805
268.8541666666667 24.283723942493303 24.077754212527672
269.3541666666667 24.276613434414507 24.07221587797659
269.8541666666667 24.269571394618247 24.06668652342419
270.3541666666667 24.262547195648384 24.06118517098081
270.8541666666667 24.25556284774315 24.05571809174313
271.3541666666667 24.248603888209157 24.05026634070032
271.8541666666667 24.24169134603268 24.04483386135893
272.3541666666667 24.23483378487476 24.039438474254315
272.8541666666667 24.22798470405037 24.03405366919357
273.3541666666667 24.221172354413675 24.028696825901417
273.8541666666667 24.21441563834943 24.0233563323323
274.3541666666667 24.207686017490033 24.018046133232463
274.8541666666667 24.20099849436059 24.012765185686035
275.3541666666667 24.194348763533075 24.00749529696627
275.8541666666667 24.187735611996178 24.00225451413685
276.3541666666667 24.181156783099627 23.997051752452588
276.8541666666667 24.174609750589703 23.991847329567513
277.3541666666667 24.168117828367222 23.98668736906715
277.8541666666667 24.161651932032342 23.981544412417062
278.3541666666667 24.1552173415431 23.976421906561647
278.8541666666667 24.148834217782532 23.971342035858754
279.3541666666667 24.142492279823685 23.966260436826772
279.8541666666667 24.13618852803577 23.961215116745787
280.3541666666667 24.1299098776607 23.956203906009506
280.8541666666667 24.12366586430509 23.951215343327448
281.3541666666667 24.11748549157594 23.946228148368505
281.8541666666667 24.11131088661091 23.94129132525174
282.3541666666667 24.10518384363322 23.936373684851688
282.8541666666667 24.099129656932533 23.93146193357741
283.3541666666667 24.0930238139872 23.92657880146213
283.8541666666667 24.086983833329747 23.921696521550277
284.3541666666667 24.080952400683792 23.916829734279506
284.8541666666667 24.074924769554087 23.911995466501427
285.3541666666667 24.06892317943236 23.907151707541022
285.8541666666667 24.062955891127903 23.90232961720091
286.3541666666667 24.05700536213111 23.897519728704072
286.8541666666667 24.051067945975472 23.89273057180028
287.3541666666667 24.045147247183202 23.887955106070482
287.8541666666667 24.03923534230246 23.88319050048957
288.3541666666667 24.033365469066045 23.878427111485998
288.8541666666667 24.02751750086624 23.8736902559399
289.3541666666667 24.02169005654892 23.86897133722732
289.8541666666667 24.015884842470374 23.864266762263128
290.3541666666667 24.010108608931557 23.859583780848823
290.8541666666667 24.00433037234931 23.854911008446727
291.3541666666667 23.998594120507594 23.850250760880837
291.8541666666667 23.99286785460955 23.84560567926819
292.3541666666667 23.98717919916792 23.840974719056007
