FastTrWP/PhaseSpace/IAs/snIa_0.57_30.00_0.12_-0.05.csv
# %ECSV 0.9
# ---
# datatype:
# - {name: time-rel, datatype: float64}
# - {name: g, datatype: float64}
# - {name: i, datatype: float64}
# schema: astropy-2.0
time-rel g i
128.41666666666666 26.99762736557656 25.20794376073888
128.91666666666666 26.98221690673968 25.19866416008206
129.41666666666666 26.96692704779677 25.18943264467895
129.91666666666666 26.951840035464144 25.1802288919566
130.41666666666666 26.93679591462496 25.171078456968218
130.91666666666666 26.921896838062974 25.16195756304286
131.41666666666666 26.907217163174582 25.152908868691544
131.91666666666666 26.892632915425008 25.143902497876102
132.41666666666666 26.87815542410741 25.134943313115112
132.91666666666666 26.863710988111468 25.12597783707747
133.41666666666666 26.84943537423265 25.11706634742728
133.91666666666666 26.83520658039836 25.10818756007881
134.41666666666666 26.82103243190933 25.09929844850241
134.91666666666666 26.806984016554807 25.09044486499326
135.41666666666666 26.793024989975457 25.08163978678017
135.91666666666666 26.779163243744275 25.072851326200922
136.41666666666666 26.765314848163875 25.064097684233246
136.91666666666666 26.75161428042876 25.055364003781953
137.41666666666666 26.73800453097774 25.046676469467823
137.91666666666666 26.724478020538168 25.038003642674532
138.41666666666666 26.711011239102543 25.029348943015574
138.91666666666666 26.69758549151294 25.020725189675844
139.41666666666666 26.684314604100464 25.012144469259887
139.91666666666666 26.671117283056894 25.003583289731605
140.41666666666666 26.657923295639783 24.99503857064829
140.91666666666666 26.644923546137633 24.986538889714435
141.41666666666666 26.63197656283216 24.97807771675905
141.91666666666666 26.619042643455874 24.96964486521282
142.41666666666666 26.606273468477866 24.961214179274872
142.91666666666666 26.59356329082259 24.95286721266914
143.41666666666666 26.580869679546776 24.944498248696103
143.91666666666666 26.568354846442066 24.93617534662527
144.41666666666666 26.555858546096516 24.92789608389941
144.91666666666666 26.543448098148936 24.919642734144887
145.41666666666666 26.531103056950847 24.911397708526444
145.91666666666666 26.518871009547823 24.90319576658592
146.41666666666666 26.506720607256433 24.89503718534199
146.91666666666666 26.49463472865409 24.88689066216494
147.41666666666666 26.482575464200806 24.878805411235355
147.91666666666666 26.47064973069751 24.870730114760033
148.41666666666666 26.45876919869854 24.86267508408759
148.91666666666666 26.44696231909894 24.854674105263403
149.41666666666666 26.435245579755726 24.846687959724797
149.91666666666666 26.423606627572518 24.838750881757523
150.41666666666666 26.412041925105125 24.830814408260085
150.91666666666666 26.400537083071413 24.822967263496135
151.41666666666666 26.389118991100624 24.815076330918153
151.91666666666666 26.377780832591316 24.807281675662267
152.41666666666666 26.36646715069005 24.799477216264872
152.91666666666666 26.355266986054712 24.791715266284854
153.41666666666666 26.344118729414937 24.783990194627496
153.91666666666666 26.333003837879993 24.776282940837255
154.41666666666666 26.322055454513254 24.768594796107536
154.91666666666666 26.311119179543518 24.760978042608816
155.41666666666666 26.300268946986268 24.75336714693958
155.91666666666666 26.289462109274172 24.745807615176957
156.41666666666666 26.27869977280219 24.738270518623654
156.91666666666666 26.268056670072077 24.730764874703222
157.41666666666666 26.257472540256753 24.72325791691808
157.91666666666666 26.24690055939841 24.715818613093283
158.41666666666666 26.23648190844806 24.708411767995635
158.91666666666666 26.22607374472971 24.701029997096782
159.41666666666666 26.215696220302064 24.693657100743852
159.91666666666666 26.20545105860439 24.686343354068377
160.41666666666666 26.195268609589508 24.67902618230172
160.91666666666666 26.18513317818815 24.67176258969186
161.41666666666666 26.17501217973992 24.664555594368288
161.91666666666666 26.165034215962034 24.657360280867824
162.41666666666666 26.155050689685613 24.650184549132106
162.91666666666666 26.145163755741557 24.64306030683165
163.41666666666666 26.135343268237804 24.635944171056888
163.91666666666666 26.125560862732044 24.628875099799522
164.41666666666666 26.115846763949175 24.621814860141686
164.91666666666666 26.10618496845526 24.61479751213954
165.41666666666666 26.096607084691165 24.607791239415867
165.91666666666666 26.08708628409989 24.600842305312728
166.41666666666666 26.0776133564343 24.59391112381602
166.91666666666666 26.068151663055037 24.587036160248203
167.41666666666666 26.058826043316863 24.58016139448565
167.91666666666666 26.049524561476495 24.57332987182245
168.41666666666666 26.040285700877 24.566528058925346
168.91666666666663 26.031091743276214 24.559755128889517
169.41666666666666 26.02198191931081 24.552990982784465
169.91666666666666 26.012901601234436 24.546289784928863
170.41666666666663 26.003824538127304 24.53959811507072
170.91666666666666 25.99486677306624 24.532895224275993
171.41666666666666 25.985923686341298 24.526226647703243
171.91666666666663 25.977020775014957 24.5195778774738
172.41666666666666 25.96817389454674 24.512954983035783
172.91666666666666 25.959385026836486 24.506336863534003
173.41666666666663 25.950584518129833 24.49974536747053
173.91666666666666 25.9419055021785 24.493180074902376
174.41666666666666 25.933232343735078 24.486617251641007
174.91666666666663 25.924577940575688 24.480074776796194
175.41666666666666 25.91597494440127 24.47356322671308
175.91666666666666 25.90740283009747 24.467072096992695
176.41666666666663 25.898957981827614 24.460588760999773
176.91666666666666 25.89047287871867 24.454126813356662
177.41666666666666 25.882048069762725 24.447695681118503
177.91666666666663 25.873615311658952 24.441262860258483
178.41666666666666 25.865278918708157 24.434867159381795
178.91666666666666 25.856943427733 24.428494208567212
179.41666666666663 25.848671004425405 24.422132569600624
179.91666666666666 25.840440669791874 24.415785170016527
180.41666666666666 25.832219273645048 24.409475686806093
180.91666666666663 25.82408682139329 24.403173020556675
181.41666666666666 25.81596714376586 24.396893421474786
181.91666666666666 25.807844341624552 24.39064035859778
182.41666666666663 25.799803363300096 24.38439285259379
182.91666666666666 25.791739612623132 24.378192277340936
183.41666666666666 25.78375408292358 24.37200219641824
183.91666666666663 25.775815475199412 24.365813065485685
184.41666666666666 25.767888172623014 24.35967180984899
184.91666666666666 25.760016353721426 24.35352378493448
185.41666666666663 25.7521717928441 24.347441242035778
185.91666666666666 25.744367395532212 24.341338120048913
186.41666666666666 25.736584481041838 24.33527678037363
186.91666666666663 25.72878634410159 24.329243485545405
187.41666666666666 25.72110459036133 24.3232143293693
187.91666666666666 25.713413195376166 24.317209557033138
188.41666666666663 25.705743453929692 24.31123744865486
188.91666666666666 25.69808439206893 24.305284082586947
189.41666666666666 25.690531387024585 24.29933515255529
189.91666666666663 25.68295791487226 24.293427326045318
190.41666666666666 25.675413592315863 24.287537414601644
190.91666666666666 25.66789072132172 24.28164526340664
191.41666666666663 25.660424618461168 24.27581203689085
191.91666666666666 25.65299661944899 24.269984601151847
192.41666666666666 25.64556351787104 24.2641781588727
192.91666666666663 25.63820013959115 24.258386247892993
193.41666666666666 25.630804690419332 24.25263543233956
193.91666666666666 25.623481378491814 24.246911299720637
194.41666666666663 25.616182917187974 24.241174642965447
194.91666666666666 25.608890655903537 24.235481779837368
195.41666666666666 25.601640460215243 24.229810972680063
195.91666666666663 25.594419039593244 24.22417340231422
196.41666666666666 25.587243672068926 24.218545591796254
196.91666666666666 25.58005425087334 24.212938672950145
197.41666666666663 25.572933810823688 24.207353021062488
197.91666666666666 25.565810708046367 24.201795624675682
198.41666666666666 25.558703177396687 24.196256393262694
198.91666666666663 25.551643916999346 24.190746194111597
199.41666666666666 25.544639964683466 24.185241911474694
199.91666666666666 25.53761595713646 24.179755268415843
200.41666666666663 25.53061527926719 24.17432103985275
200.91666666666666 25.52364982193526 24.16889592075495
201.41666666666666 25.516723966057732 24.163493690402596
201.91666666666663 25.50982037009534 24.158102626520662
202.41666666666666 25.502896358443298 24.152748376027404
202.91666666666666 25.496061648580337 24.147407993826842
203.41666666666663 25.489212944304672 24.142100876151705
203.91666666666666 25.48239365475315 24.136801806319067
204.41666666666666 25.47560119187875 24.131541430484333
204.91666666666663 25.468838096282344 24.126286490460416
205.41666666666666 25.46209200043172 24.121054020641346
205.91666666666666 25.455353130812615 24.115861448048648
206.41666666666663 25.448651841506987 24.11068882649934
206.91666666666666 25.441987896852503 24.105505077009145
207.41666666666666 25.435307342668906 24.100380390240126
207.91666666666663 25.428659160586633 24.095248626230372
208.41666666666666 25.422076319950175 24.090146894059465
208.91666666666666 25.415516125721883 24.085046202493416
209.41666666666663 25.40896669061249 24.079955160108927
209.91666666666666 25.402418930580932 24.07489042808129
210.41666666666666 25.395945066728043 24.06982532598561
210.91666666666663 25.38943578042602 24.064779178561338
211.41666666666666 25.38299342747632 24.059753119902187
211.91666666666666 25.376535632120166 24.054746923680316
212.41666666666663 25.37014988773126 24.049754759115824
212.91666666666666 25.36374278988669 24.044759657107484
213.41666666666666 25.35735156949769 24.039789781867423
213.91666666666663 25.351034170069276 24.034835668996777
214.41666666666666 25.344694451371097 24.029903387835496
214.91666666666666 25.33839985111782 24.02497653495881
215.41666666666663 25.332125311311778 24.020058108237947
215.91666666666666 25.325876157636642 24.01516718153216
216.41666666666666 25.31965266075227 24.010273104027977
216.91666666666663 25.31340944818236 24.0054121385651
217.41666666666666 25.307211181578673 24.000557505211304
217.91666666666666 25.301057327926483 23.995713890569718
218.41666666666663 25.294905642675687 23.99090577147712
218.91666666666666 25.288733801234162 23.986099284198332
219.41666666666666 25.282626424721283 23.981302197280673
219.91666666666663 25.276525916718544 23.97651701215414
220.41666666666666 25.270436525175942 23.971759341356375
220.91666666666666 25.26438248287167 23.96700738407436
221.41666666666663 25.258327175886308 23.962268896187954
221.91666666666666 25.252296795352493 23.957563903921738
222.41666666666666 25.24629493139473 23.9528379736544
222.91666666666663 25.240309306924786 23.948163255407856
223.41666666666666 25.234317243120067 23.943487161675545
223.91666666666666 25.228367489149708 23.938829763099356
224.41666666666663 25.2224261080228 23.934187993190204
224.91666666666666 25.216508888211585 23.929548613800296
225.41666666666666 25.210584460669786 23.92494519267048
225.91666666666663 25.204707472724103 23.920344035874695
226.41666666666666 25.19885115216619 23.91576659091161
226.91666666666666 25.19296381468849 23.911193902304394
227.41666666666663 25.18711679966848 23.906642438078908
227.91666666666666 25.181284691340853 23.90210973246617
228.41666666666666 25.175469828660578 23.897592596221774
228.91666666666663 25.16968232278447 23.893077082411427
229.41666666666666 25.163905789593386 23.88859910311743
229.91666666666666 25.158111269334995 23.884114853281165
230.41666666666663 25.152376735599674 23.879663574264
230.91666666666666 25.146618657122445 23.875204115217944
231.41666666666666 25.140905443410674 23.870782187486498
231.91666666666663 25.135183123966268 23.86636371336624
232.41666666666666 25.12950527439854 23.86197382189873
232.91666666666666 25.123811471682668 23.85757967466095
233.41666666666666 25.11812409155338 23.85322013855395
233.91666666666666 25.112474097947555 23.84886482602163
234.41666666666666 25.106816374806673 23.844517596838855
234.91666666666666 25.10118647185013 23.840215376033825
235.41666666666666 25.095567702567607 23.835904663460813
235.91666666666666 25.089961874324224 23.831614781610185
236.41666666666666 25.084394245568905 23.82734083008289
236.91666666666666 25.07880089213515 23.823069599724516
237.41666666666666 25.0732232083282 23.81882920379022
237.91666666666666 25.067657620022274 23.81460235637868
238.41666666666666 25.062110653680342 23.81039384511317
238.91666666666666 25.05659065400485 23.806200690381782
239.41666666666666 25.051065171650784 23.802009221115675
239.91666666666666 25.045564414792135 23.797848122425783
240.41666666666666 25.040067314841178 23.793713864266877
240.91666666666666 25.034582527619975 23.789562643107956
241.41666666666666 25.02909893518289 23.785445604825632
241.91666666666666 25.02363109878685 23.78133081655593
242.41666666666666 25.01816132025158 23.7772442960177
242.91666666666666 25.012751180425646 23.7731838892215
243.41666666666666 25.00731652047715 23.76912097143456
243.91666666666666 25.001907398869033 23.76506488421729
244.41666666666666 24.99648279914726 23.76104521881354
244.91666666666666 24.991072448314107 23.757034628809073
245.41666666666666 24.98569358342386 23.75302590112371
245.91666666666666 24.980308718774452 23.749041362503878
246.41666666666666 24.974948008664427 23.745075484285877
246.91666666666666 24.969614236844965 23.741115873411708
247.41666666666666 24.9642566216823 23.737177258226563
247.91666666666666 24.95895537361693 23.733238844744918
248.41666666666666 24.95362394704305 23.729318839614535
248.91666666666666 24.948326569938743 23.72540785926668
249.41666666666666 24.943050887115174 23.721512197837214
249.91666666666666 24.937776250533297 23.717649415433716
250.41666666666666 24.932515215743408 23.713756231461204
250.91666666666666 24.92727149666321 23.70990520230016
251.41666666666666 24.92202305815274 23.706059031383337
251.91666666666666 24.91679775798342 23.702227486188548
252.41666666666666 24.911591771573217 23.6984012294571
252.91666666666666 24.9063777465186 23.69460148942066
253.41666666666666 24.90118042905244 23.690790382141905
253.91666666666666 24.896026225465377 23.687006048690144
254.41666666666666 24.890851826162162 23.683228642851883
254.91666666666666 24.885708927479364 23.679461337699927
255.41666666666666 24.88055779810539 23.675703892462497
255.91666666666666 24.87542637273405 23.67195856498055
256.4166666666667 24.870306764204145 23.668244102907323
256.9166666666667 24.86518362691596 23.664513262004338
257.4166666666667 24.860114232085593 23.660796736345972
257.9166666666667 24.854983277714776 23.657102114094045
258.4166666666667 24.849956504946586 23.653407969702464
258.9166666666667 24.844870581867088 23.64972143634372
259.4166666666667 24.839830623713546 23.646071557728675
259.9166666666667 24.834780403807642 23.64240048158387
260.4166666666667 24.829761376492264 23.638758008366295
260.9166666666667 24.824727686985902 23.635115956578595
261.4166666666667 24.819738719141814 23.631495559175217
261.9166666666667 24.814728389665824 23.62787110427292
262.4166666666667 24.809748363791467 23.62425707833822
262.9166666666667 24.80476720790794 23.620665439265615
263.4166666666667 24.79979671635384 23.61705838472769
263.9166666666667 24.794846564297455 23.613498198926642
264.4166666666667 24.789896098622744 23.60993047771858
264.9166666666667 24.784962588605588 23.60636259144045
265.4166666666667 24.78004360353856 23.602824782705692
265.9166666666667 24.775129653329046 23.59927424072614
266.4166666666667 24.770234922942972 23.595731950840246
266.9166666666667 24.765329077516725 23.592213182151095
267.4166666666667 24.76045380995057 23.588705523550342
267.9166666666667 24.75558815799758 23.585193007936596
268.4166666666667 24.75072099719312 23.581691121036567
268.9166666666667 24.745873659426124 23.578214050527357
269.4166666666667 24.74103137701165 23.574737843585808
269.9166666666667 24.736199146434636 23.571270274992454
270.4166666666667 24.731378341103248 23.56779747941145
