FastTrWP/PhaseSpace/IAs/snIa_0.44_30.00_-0.17_0.02.csv
# %ECSV 0.9
# ---
# datatype:
# - {name: time-rel, datatype: float64}
# - {name: g, datatype: float64}
# - {name: i, datatype: float64}
# schema: astropy-2.0
time-rel g i
[from data line 1769]
471.5 24.567774818456897 22.750966626466965
472.0 24.569717201894086 22.7519142446077
472.5 24.571669555426197 22.75285735824246
473.0 24.5736339153164 22.753814914960074
473.5 24.57560488525869 22.754759030235117
474.0 24.577565965887413 22.7557031164149
474.5 24.579513961212477 22.756658465505026
475.0 24.58148080805882 22.75760745034018
475.5 24.58345217836179 22.75855766725622
476.0 24.58540752377379 22.759507575553627
476.5 24.587358267382058 22.76045981810124
477.0 24.589359945322453 22.761415293450504
477.5 24.591313612380304 22.762366062237554
478.0 24.59329093735027 22.763321683643262
478.5 24.5952425825714 22.76427417721657
479.0 24.597215723712576 22.76523564776994
479.5 24.59919167855132 22.766183379986135
480.0 24.60117097389371 22.767144527476077
480.5 24.603141616907852 22.768097543261405
481.0 24.605140524874134 22.769052197643752
481.5 24.6071044269155 22.770010598269103
482.0 24.609085194162674 22.770970714267882
482.5 24.611068952142112 22.771930346172798
483.0 24.6130445487957 22.77288888425749
483.5 24.615025085041058 22.773848065224836
484.0 24.61699173159233 22.77481183162513
484.5 24.618985404852864 22.775770710513736
485.0 24.62099323386446 22.776734354099652
485.5 24.622985688428905 22.777707573410634
486.0 24.62498122074927 22.778658782931206
486.5 24.626951587935174 22.779619990003038
487.0 24.62893353815128 22.780586981990876
487.5 24.63093915213613 22.781557341290455
488.0 24.632947022237616 22.78252410454835
488.5 24.634929922657495 22.783489093024528
489.0 24.63693094436824 22.78445757172713
489.5 24.638926330086765 22.78542424688552
490.0 24.640928774955363 22.786386302169767
490.5 24.64290762230714 22.787354659670868
491.0 24.644920639599455 22.788327478490697
491.5 24.646919068652387 22.789300302080587
492.0 24.648926924802176 22.790270976168273
492.5 24.650941548460853 22.791238204502932
493.0 24.652951182885037 22.79221035898975
493.5 24.654960953974513 22.793181112282397
494.0 24.656954559377464 22.794163674984876
494.5 24.658977441328076 22.79512955139239
495.0 24.66099189013597 22.796108719326952
495.5 24.66298288175252 22.79707644444256
496.0 24.665003126622228 22.798053224639684
496.5 24.667034600500877 22.7990259393699
497.0 24.66904204014933 22.80001193735111
497.5 24.671077113371194 22.8009859455467
498.0 24.67308198379181 22.801962031198435
498.5 24.675109568508162 22.802942444539408
499.0 24.677138576729234 22.803917283240793
499.5 24.6791536099773 22.804899338413833
500.0 24.681190184694714 22.80587763962405
500.5 24.683215173505243 22.80685759424689
501.0 24.68522258668118 22.807838200051208
501.5 24.687273970744318 22.80882364645474
502.0 24.689297417227174 22.809810234610296
502.5 24.691332929628963 22.81078675002536
503.0 24.693376088096535 22.81176540844295
503.5 24.695389211295407 22.812752263859302
504.0 24.697434940827808 22.813735269860032
504.5 24.69948919824056 22.814726862499466
505.0 24.701526088948604 22.815714570358256
505.5 24.703554498664207 22.816696812372037
506.0 24.70560438470674 22.817687454668164
506.5 24.707639286667508 22.818677744155433
507.0 24.70969080764 22.81967428075653
507.5 24.711752643591648 22.82066993769211
508.0 24.7138069983907 22.821662848913114
508.5 24.715843877988437 22.822655929830535
509.0 24.71788266161554 22.823653003256634
509.5 24.719966014071467 22.824653593502266
510.0 24.722001042736046 22.825653058085003
510.5 24.72408608764274 22.82665769483927
511.0 24.726125985957374 22.82766047529998
511.5 24.728210584075807 22.828663735547913
512.0 24.73027842198561 22.829671659012313
512.5 24.732323639312078 22.830665669085676
513.0 24.734393535132178 22.83167502606121
513.5 24.736464389040968 22.832682021464468
514.0 24.738534282232777 22.833691401633274
514.5 24.74060888137059 22.83470208624586
515.0 24.742707786116934 22.835700976934987
515.5 24.7447608357289 22.83672022413829
516.0 24.746833099618463 22.837730005887693
516.5 24.748906747774075 22.83873958117407
517.0 24.751001451200242 22.83975157729143
517.5 24.75306516782512 22.840767328913607
518.0 24.755145802119273 22.841781088460557
518.5 24.757230260739792 22.842794053228197
519.0 24.759335365829532 22.843804094194052
519.5 24.761398118644053 22.84481706530151
520.0 24.76347829151895 22.845834209419827
520.5 24.765584709341862 22.8468480039757
521.0 24.767649813766877 22.84785772829142
521.5 24.769752341616282 22.848879206039932
522.0 24.771844375199265 22.849898643782474
522.5 24.77394333890524 22.85090441929878
523.0 24.776038862708752 22.851915093947987
523.5 24.778103109873232 22.852935622055103
524.0 24.78021262739138 22.853951288422106
524.5 24.782313239975856 22.85497335827207
525.0 24.784426330056803 22.85598166947425
525.5 24.78650002459422 22.856999658416566
526.0 24.788623384330503 22.858006843432786
526.5 24.790700114029775 22.85903031882961
527.0 24.792788044365622 22.86003639900965
527.5 24.794890794443344 22.86105409468368
528.0 24.797005039156407 22.86207215528711
528.5 24.79909159595921 22.863088154619216
529.0 24.801207803783242 22.86410147181272
529.5 24.80329434626234 22.865104657550507
530.0 24.805410804381324 22.86612054103925
530.5 24.807521704154425 22.867135721019814
531.0 24.809621281908573 22.868147381676273
531.5 24.81172736163749 22.869151519029383
532.0 24.81382290397007 22.87016118087983
532.5 24.81590459757621 22.87116821944965
533.0 24.818023145305304 22.872171755670934
533.5 24.82011805992248 22.87317696119799
534.0 24.82222887664144 22.874184955001372
534.5 24.824321576967247 22.87519349514365
535.0 24.826437407071413 22.876185748722282
535.5 24.828545693044553 22.877194702055927
536.0 24.830647215098814 22.878190525123635
536.5 24.832755840163905 22.879197260975815
537.0 24.834858910514388 22.88019567013528
537.5 24.836972315654297 22.88119622612578
538.0 24.83903665497566 22.882194657098992
538.5 24.8411510299671 22.88317916507885
539.0 24.84326139675472 22.88417623293276
539.5 24.845379355483168 22.88516531142097
540.0 24.847488963710056 22.886160721322234
540.5 24.849614517258736 22.887152685761038
541.0 24.85169453532366 22.888143648838593
541.5 24.8538122312302 22.88914724190294
542.0 24.855902190896426 22.89013977404697
542.5 24.85800229045865 22.89112739646237
543.0 24.86012227429073 22.892119556402974
543.5 24.862231665936175 22.893107854096073
544.0 24.864362833827556 22.894104708185825
544.5 24.86647457854572 22.89508443827653
545.0 24.868586887251652 22.896089216422514
545.5 24.870685446166316 22.89706639820436
546.0 24.87280634941762 22.89806151745864
546.5 24.874923217231366 22.899042397059368
547.0 24.87703566761092 22.900040468465953
547.5 24.879154172855532 22.901024673309493
548.0 24.88127303932524 22.90201139751561
548.5 24.883386332963155 22.903004428720703
549.0 24.88549796694041 22.903991101872137
549.5 24.887630061218946 22.904984653884938
550.0 24.88974736795948 22.905963806452057
550.5 24.891839035920967 22.906952635616612
551.0 24.893975155626226 22.907938854342497
551.5 24.896101339243295 22.90892074749605
552.0 24.898206491671083 22.909900452845434
552.5 24.900331823269077 22.910888551627018
553.0 24.90245146725526 22.91187040805405
553.5 24.904564144776295 22.91285485911086
554.0 24.906680228609282 22.913829804828502
554.5 24.908814631570188 22.914818415551416
555.0 24.910899197405882 22.915795423169804
555.5 24.913036949479277 22.916772655236667
556.0 24.915182808680125 22.917759961477195
556.5 24.917287644700576 22.918740500176106
557.0 24.91940014288724 22.919720577612843
557.5 24.921542012719353 22.920702610621618
558.0 24.923658435320185 22.92166904992949
558.5 24.925787977507397 22.922649890454267
559.0 24.927900754371027 22.92362538381301
559.5 24.93001417785907 22.92459754132773
560.0 24.932166796660212 22.92558043375788
560.5 24.934265678133237 22.926551089939565
561.0 24.93639407630868 22.927527081704095
561.5 24.938515774425802 22.928502381821648
562.0 24.94063128998785 22.92946098978149
562.5 24.942748781689033 22.930441705241577
563.0 24.94486549752583 22.93140791542107
563.5 24.946994348334826 22.93238385572165
564.0 24.94911278598923 22.933344856742004
564.5 24.951239357174426 22.934314259516487
565.0 24.953342965689735 22.935289356865425
565.5 24.95549194609536 22.936246188369736
566.0 24.957589644549106 22.937207587596507
566.5 24.959717484236105 22.938174558412317
567.0 24.961845268797802 22.939138866667356
567.5 24.963956509641626 22.940108116342582
568.0 24.966088923292233 22.9410702595166
568.5 24.96821126491532 22.942026854499105
569.0 24.970332275560814 22.942987376550946
569.5 24.972433679126368 22.943943324963826
570.0 24.97454434918417 22.9449043001158
570.5 24.976665999323796 22.945856380812366
571.0 24.97879386987018 22.946818505622613
571.5 24.980884806602845 22.9477678818783
572.0 24.982998328322097 22.94872446692437
572.5 24.985167109752556 22.94967773864171
573.0 24.987262396327715 22.950624310543525
573.5 24.989372715426462 22.951578447173517
574.0 24.99147331716412 22.952527197705443
574.5 24.993598415637024 22.95347295621466
575.0 24.99571522959456 22.954429386298404
575.5 24.997840332818306 22.955374585075695
576.0 24.999949173503712 22.956320981222422
576.5 25.002065707125738 22.957271690458402
577.0 25.004166249445966 22.958205613975935
577.5 25.006288025582123 22.959154772862252
578.0 25.00840162636651 22.960096117217297
578.5 25.01050907581655 22.9610352949626
579.0 25.012637281236753 22.961985581079354
579.5 25.014742291791386 22.96291476242921
580.0 25.01685325871545 22.963868895392284
580.5 25.01898274469058 22.964805181617002
581.0 25.02107812265215 22.9657471809492
581.5 25.023203362056424 22.966680418477473
582.0 25.025298835549048 22.967620839930092
582.5 25.02741123680765 22.96855190777991
583.0 25.02954524606102 22.96948575273719
583.5 25.0316541300825 22.970417654162453
584.0 25.033753680219878 22.971359011827886
584.5 25.035860296643648 22.972287231049364
585.0 25.037963908442237 22.97322819657285
585.5 25.040096217252792 22.974153278654068
586.0 25.042207302799696 22.975081520359893
586.5 25.044295038466558 22.976013326964527
587.0 25.046402190748772 22.976941358594036
587.5 25.04854698128731 22.977865658185877
588.0 25.050655210604145 22.978796288142167
588.5 25.052744611842847 22.979712950221668
589.0 25.054826537430944 22.98064488019566
589.5 25.05694414449006 22.981569123601922
590.0 25.05905776164792 22.982496229028946
590.5 25.061141758663574 22.98341362225075
591.0 25.06325619512414 22.984334874578263
591.5 25.06534920933904 22.985250457201587
592.0 25.067435180422702 22.986169988254048
592.5 25.069565278932643 22.987086951977894
593.0 25.071661245698134 22.987998446640987
593.5 25.07375294804024 22.988930195205654
594.0 25.075862579023273 22.98983112269702
594.5 25.077941269264134 22.990746528435544
595.0 25.080060250831636 22.99166269167577
595.5 25.082120512252096 22.9925677362533
596.0 25.084218488334162 22.993472884276276
596.5 25.08631339325521 22.994384226507766
597.0 25.08840732391149 22.995296721751473
597.5 25.090495687538827 22.996203136118968
598.0 25.09257320597196 22.99710405396152
598.5 25.094668788519847 22.998000219639888
599.0 25.0967557297351 22.99891390673441
599.5 25.09884883356294 22.999816539997873
600.0 25.100916665169912 23.000716486001387
600.5 25.102984184125905 23.001610585250695
601.0 25.10507176117091 23.002506460442763
601.5 25.107173254199125 23.00340948300643
602.0 25.109237354792345 23.004308075040008
602.5 25.111308273005623 23.00520165854198
603.0 25.11337206095596 23.006092320492613
603.5 25.115455836111146 23.006990447680092
604.0 25.117539008771935 23.007874713578612
604.5 25.119601419011104 23.008769562935992
605.0 25.121655194824225 23.0096584113642
605.5 25.123743449272812 23.01054991175933
606.0 25.125816305313297 23.01143058094731
606.5 25.127882704308004 23.012309660591946
607.0 25.129927754768083 23.013207786501553
607.5 25.131961613647714 23.01407116887235
608.0 25.13402877885123 23.01495593876547
608.5 25.136083245397668 23.015841358852786
609.0 25.138137003617928 23.016716683592428
609.5 25.14019319581301 23.017594977682304
610.0 25.142241477024324 23.018477940546433
610.5 25.144307426892567 23.01934735752269
611.0 25.1463405362109 23.02022196764822
611.5 25.14842044219681 23.021100398982842
612.0 25.150459513429443 23.02197497522695
612.5 25.152510883504036 23.022848436984372
613.0 25.15451106737278 23.023716895624187
613.5 25.156571416063464 23.02458028600924
614.0 25.158620302066517 23.025444665088038
614.5 25.16067695741159 23.026311264018815
615.0 25.16269611557285 23.02718705941821
615.5 25.164773859896687 23.028049287146967
616.0 25.16678999785797 23.028914897100996
616.5 25.168824371400575 23.029764354551293
617.0 25.170856997536625 23.03064291897034
617.5 25.172861231052973 23.03149689749066
618.0 25.174909526021928 23.032347046403427
618.5 25.17692797741126 23.033210988522708
619.0 25.178954104256967 23.03406785855033
619.5 25.180979612430274 23.034916048266716
620.0 25.183009147922313 23.03577265661815
620.5 25.185036115312126 23.036621871664565
621.0 25.18706327897813 23.037473585911705
621.5 25.189088192928978 23.038323140712905
622.0 25.191105251234095 23.039179475990636
622.5 25.19311343453314 23.04002325500907
623.0 25.19511818479744 23.04086569769027
623.5 25.197113641939886 23.041714170599874
624.0 25.199135954451922 23.042559531834442
624.5 25.201138223728293 23.04339904009355
625.0 25.20311017935309 23.044242142385464
625.5 25.205139774326252 23.045072459712603
626.0 25.20713842065048 23.045911168913964
626.5 25.209126315493226 23.04674413364896
627.0 25.211121894456788 23.047586353769688
627.5 25.21311269912289 23.04842295353138
628.0 25.21510656237231 23.049249292453723
628.5 25.217074701234864 23.050079756724337
629.0 25.219060668847455 23.0509124226514
629.5 25.221041117564283 23.051742834653012
630.0 25.223009179083384 23.052558908931804
630.5 25.224999344625665 23.05338778258389
631.0 25.226948908617928 23.05420471283238
631.5 25.228912273080187 23.055031309999276
632.0 25.23089219054064 23.055848434471397
632.5 25.232845396777037 23.0566686728184
633.0 25.23481124546884 23.05748265384207
633.5 25.236785090879962 23.058304226552103
634.0 25.238721495761315 23.05912214601825
634.5 25.24066247824646 23.059920595552104
635.0 25.242613683383514 23.06072336220212
635.5 25.244554324672098 23.061538657981654
636.0 25.246491896428353 23.062350715156143
636.5 25.248435393361103 23.06316030312553
637.0 25.25035101693959 23.06395858769843
637.5 25.252289254780962 23.06474818828706
638.0 25.254209949484355 23.06556278228932
638.5 25.256162239287463 23.066358642372226
639.0 25.258063768463607 23.067158011120064
639.5 25.25998751000218 23.067963036559078
640.0 25.261905423423308 23.068731886722315
640.5 25.263783716296505 23.069540403529842
641.0 25.26573044963918 23.070318083982862
641.5 25.267584449449277 23.07110992579124
642.0 25.269479844190155 23.07190072793274
642.5 25.271413550167896 23.072683323798906
643.0 25.273239838103322 23.073465121371303
643.5 25.27515365264623 23.074246873068503
644.0 25.27702897060212 23.075022876257577
644.5 25.278901298782024 23.075792242772554
645.0 25.280761660528384 23.07656764460514
645.5 25.282603368566377 23.077331722443684
646.0 25.284443055173327 23.078099226554368
646.5 25.286310715432645 23.07886413498101
647.0 25.28811724324111 23.07961959076951
647.5 25.289950796282294 23.080385207493986
648.0 25.291786886782084 23.08113291842483
648.5 25.29363019078778 23.081889808737536
649.0 25.295424389658095 23.082638671414415
649.5 25.297236696150943 23.083393102928312
650.0 25.29904661392124 23.084140112045194
650.5 25.300857282719576 23.084880076165742
651.0 25.302638705265043 23.08562762971793
651.5 25.304448380236316 23.08636753073277
652.0 25.306212659291663 23.08710345496211
652.5 25.30800098293412 23.087836527976986
653.0 25.309763385239222 23.0885867868682
653.5 25.31155135572866 23.089304357344936
654.0 25.313310000559856 23.090040203991574
654.5 25.315066821133854 23.090764901156064
655.0 25.31683596669214 23.09148433142866
655.5 25.318609240757763 23.09222158199363
