FastTrWP/PhaseSpace/IAs/snIa_0.39_30.00_-0.14_-0.03.csv
# %ECSV 0.9
# ---
# datatype:
# - {name: time-rel, datatype: float64}
# - {name: g, datatype: float64}
# - {name: i, datatype: float64}
# schema: astropy-2.0
time-rel g i
[from data line 2140]
654.5 24.931868340219985 23.19760527249299
655.0 24.93373732788514 23.198255644849194
655.5 24.93554240105285 23.198909412357374
656.0 24.937423258346808 23.19956072366265
656.5 24.939266077292647 23.200208430133948
657.0 24.941102258745627 23.200854131985352
657.5 24.942925650140985 23.20150874792304
658.0 24.94477166374809 23.202153980001476
658.5 24.94660317591319 23.202796415825283
659.0 24.94842038155808 23.203440615887864
659.5 24.950263874188234 23.204085781758348
660.0 24.952075126553055 23.20471975701832
660.5 24.95389555880676 23.205363250390118
661.0 24.955746633777444 23.206010474171826
661.5 24.957531167343745 23.206653811492973
662.0 24.959364682615124 23.207292258747483
662.5 24.96117668181054 23.207927977145477
663.0 24.96300668306757 23.208566486700587
663.5 24.964801785305063 23.20920373276612
664.0 24.966591419713644 23.209841404763793
664.5 24.96843240340587 23.210472437969024
665.0 24.970236504952297 23.211116793558155
665.5 24.972052824150673 23.211740767419847
666.0 24.973848832821655 23.212378506714415
666.5 24.975658009238618 23.2130185002279
667.0 24.977470107547664 23.213649041327997
667.5 24.979226686677297 23.214286497130846
668.0 24.98106773670265 23.214915017446955
668.5 24.982864427564664 23.215553445060447
669.0 24.98467796540856 23.216187187216487
669.5 24.986450465383832 23.216822020018935
670.0 24.98827855353776 23.21744873282171
670.5 24.990065206821658 23.21808686082918
671.0 24.9918646874012 23.218715174967485
671.5 24.993659947095836 23.21935766414373
672.0 24.995456669739575 23.219988123286672
672.5 24.997258668289387 23.220613946023327
673.0 24.999086189240657 23.221250782396048
673.5 25.000855633390877 23.221885077838635
674.0 25.00267068008672 23.222522808667208
674.5 25.00447374422024 23.223163471941554
675.0 25.006281900689558 23.223786013550725
675.5 25.008085046316214 23.224424928303797
676.0 25.009905693054314 23.225061195212504
676.5 25.011719293376416 23.22569788447952
677.0 25.01352598057501 23.226329462308
677.5 25.01530948410093 23.226974013453194
678.0 25.01713159284508 23.227611697887728
678.5 25.018940008010514 23.228248617214646
679.0 25.02075524411921 23.22888639346378
679.5 25.022580609766894 23.229538222093137
680.0 25.024404280365502 23.230166456649712
680.5 25.026233468636665 23.23081613485179
681.0 25.02802938667827 23.231457013001258
681.5 25.029849044942537 23.23210332046901
682.0 25.031699315461537 23.232752827687342
682.5 25.03352942750113 23.233387587671963
683.0 25.03534614981529 23.234040584425543
683.5 25.037188820282857 23.234687527658977
684.0 25.03901294011811 23.235338809983055
684.5 25.040858855375898 23.235989808121214
685.0 25.042717153779034 23.23663635377403
685.5 25.04457776342572 23.23728850877144
686.0 25.046403476014603 23.237945157145575
686.5 25.048263026012233 23.2385990191676
687.0 25.05009819081262 23.2392591863802
687.5 25.051973231133505 23.239918682082788
688.0 25.053806509891547 23.24055610009191
688.5 25.055662449690537 23.24122110539113
689.0 25.05749100379598 23.24188137666226
689.5 25.059390618067585 23.24252690471846
690.0 25.06123102310378 23.243191823086203
690.5 25.06309401293222 23.243859709552027
691.0 25.064956633789745 23.24450241226154
691.5 25.0668204190735 23.245164566831534
692.0 25.068701361055588 23.245827771264832
692.5 25.070542373228278 23.24649086772453
693.0 25.072398381011283 23.24715417436571
693.5 25.074298938674893 23.247812247763505
694.0 25.076147320577235 23.24847184949746
694.5 25.078013724082673 23.249131814133186
695.0 25.07987280211504 23.249787134148754
695.5 25.081731809472146 23.25046000013014
696.0 25.083638738210404 23.25111400422657
696.5 25.085476528539044 23.251782792197243
697.0 25.087354469586856 23.252448210019807
697.5 25.08923095793801 23.253113849959632
698.0 25.091109010628582 23.253776371637443
698.5 25.09296584125069 23.254437578657424
699.0 25.094864593796864 23.2551040636038
699.5 25.09672113540786 23.255775610147744
700.0 25.09862259312197 23.256443004198907
700.5 25.100485252236332 23.2571050681426
701.0 25.102375620845745 23.257773196801736
701.5 25.104247629604536 23.25843659056204
702.0 25.106115458353926 23.25910896801876
702.5 25.107983824976515 23.259777326730756
703.0 25.10987827775292 23.26043426366678
703.5 25.111777515195023 23.261111105646286
704.0 25.113654319757682 23.261777246350732
704.5 25.115528824963974 23.26244564360127
705.0 25.11741784782241 23.26311728440257
705.5 25.119301398670963 23.263783158782125
706.0 25.121178215053035 23.264453486043557
706.5 25.123055172238903 23.265127345182385
707.0 25.124943767342923 23.26580240348692
707.5 25.126837843702788 23.266473055120933
708.0 25.12870280285657 23.267138629208148
708.5 25.130585075248497 23.26782496942931
709.0 25.132475015119265 23.268494138973953
709.5 25.13435450094263 23.26916223077333
710.0 25.136252870559986 23.26983311643177
710.5 25.13815098474199 23.270502074604327
711.0 25.140036125904746 23.271172929424402
711.5 25.141931991054207 23.27184269559838
712.0 25.143764288139906 23.272518467379268
712.5 25.145675776860685 23.273200561928977
713.0 25.14756191717936 23.273870656266148
713.5 25.149454934518765 23.274541188804978
714.0 25.151343077463647 23.27522227736519
714.5 25.153243411066512 23.27588812557522
715.0 25.15511895773713 23.27656882578789
715.5 25.156991102704147 23.277238216767238
716.0 25.15886300256326 23.277923157496495
716.5 25.160765526077956 23.278595167609552
717.0 25.162649042597415 23.279260949127682
717.5 25.16455128670371 23.27993907124506
718.0 25.166438994156817 23.280631156035444
718.5 25.168312633227323 23.28128621985241
719.0 25.170195901232777 23.281973354639955
719.5 25.172074996807105 23.28264674168949
720.0 25.173974723391055 23.283317034360188
720.5 25.175865836607354 23.28399968919007
721.0 25.177748360077633 23.28467849752812
721.5 25.179635053613833 23.285367404290696
722.0 25.18150727350894 23.28603596425254
722.5 25.18343119134218 23.286713363532545
723.0 25.18528341995097 23.28739526256667
723.5 25.18718344092161 23.288077750116933
724.0 25.189075787856282 23.288756500111404
724.5 25.19096627855756 23.28942377260323
725.0 25.19285332729369 23.29012257096863
725.5 25.194745559797816 23.29080095732079
726.0 25.196653803654993 23.291474616297798
726.5 25.19853675096503 23.29216461387659
727.0 25.200431645053406 23.292833877669953
727.5 25.202300654728987 23.293519546101464
728.0 25.204221058085366 23.294211375280685
728.5 25.206091581745163 23.294887322600086
729.0 25.20799238049697 23.295572882796478
729.5 25.209888733249336 23.296254116723517
730.0 25.21177654262422 23.296939595644737
730.5 25.213677321883484 23.297617814883303
731.0 25.215561703701226 23.29830060088662
731.5 25.21744489882742 23.298987769868354
732.0 25.21935473870565 23.29968811337333
732.5 25.22124308589849 23.300358376284514
733.0 25.223127348017126 23.30105778447496
733.5 25.22502034330448 23.30173492481012
734.0 25.226931221961006 23.302415564935878
734.5 25.228832656050688 23.30310184102576
735.0 25.230707892898266 23.303805317375197
735.5 25.232608294695027 23.304489664070328
736.0 25.234493807034205 23.305176421961974
736.5 25.236390276464395 23.305848221234527
737.0 25.238280362220582 23.306545669171307
737.5 25.24017185767445 23.307231134747756
738.0 25.24208400803232 23.30792355303204
738.5 25.24396504092161 23.30861366920012
739.0 25.245837632265076 23.309300889206696
739.5 25.247748530980214 23.30998706549348
740.0 25.24959823942379 23.310676039181224
740.5 25.251511089181903 23.311355788843734
741.0 25.253409336634924 23.312065655775704
741.5 25.2553159983197 23.312750496821902
742.0 25.257183663564916 23.313432988168156
742.5 25.2590785673475 23.314129851684953
743.0 25.2609506349097 23.31480407549261
743.5 25.262873369423712 23.315500409270363
744.0 25.264736229793257 23.316190176004472
744.5 25.2666063562652 23.31687841624808
745.0 25.268516490550297 23.317559589677476
745.5 25.27039411086814 23.31825278330632
746.0 25.272274357145594 23.318949201092373
746.5 25.27416831081611 23.319641878281324
747.0 25.2760430774261 23.320332031923478
747.5 25.277941988832538 23.321009878437668
748.0 25.279813878975602 23.32171098171129
748.5 25.281710025074275 23.322408112756033
749.0 25.28358339869893 23.32310199292371
749.5 25.285457828316446 23.323785600632707
750.0 25.287331240666827 23.324470713702805
750.5 25.289196457138985 23.325159722468264
751.0 25.29108604632085 23.325861486136255
751.5 25.292979483172676 23.326545570705747
752.0 25.294836036244483 23.327228943855726
752.5 25.296709594925794 23.327926689717273
753.0 25.29858063425359 23.328617981604147
753.5 25.30044499855515 23.329307605294147
754.0 25.30231418468943 23.33000269716688
754.5 25.304176576236085 23.330701215398165
755.0 25.306075028141734 23.33139762807221
755.5 25.307934001738104 23.33207644951773
756.0 25.30980057814815 23.332769145128893
756.5 25.31168819517474 23.33345358631242
757.0 25.313549162695 23.33413779335025
757.5 25.315391535827114 23.33483828486155
758.0 25.31728417387637 23.33553556360968
758.5 25.319130139886802 23.336218553234353
759.0 25.321010173936287 23.336914595297472
759.5 25.32285005135214 23.33760971947318
760.0 25.32474310421946 23.33830171444932
760.5 25.326573509986293 23.33899613670608
761.0 25.328429295980854 23.339678641561523
761.5 25.330309052580287 23.340383898402813
762.0 25.332151496297953 23.341066902114378
762.5 25.334021921820735 23.341753960071948
763.0 25.335860644459558 23.34246073197165
763.5 25.337746366626387 23.343144882411426
764.0 25.339577259317295 23.34384777232036
764.5 25.341444285596797 23.34453984113808
765.0 25.343289227098474 23.345226109004944
765.5 25.345155440069853 23.345928256578272
766.0 25.347002879234836 23.346617878482615
766.5 25.34888731864335 23.34730932374741
767.0 25.350703974370727 23.347994207903927
767.5 25.352561802546994 23.34868753209367
768.0 25.354402855075605 23.34938795587898
768.5 25.35624372534654 23.350092629956862
769.0 25.358077756211074 23.3507825792242
769.5 25.359927712405977 23.351477481186866
770.0 25.3617711626975 23.35217202361833
770.5 25.363639596569342 23.352862439939198
771.0 25.365468486691288 23.353563780000464
771.5 25.367316315423338 23.354259885880428
772.0 25.36916365632861 23.354971552237576
772.5 25.37098826883387 23.355654624000888
773.0 25.37283332993227 23.356350913352525
773.5 25.37466895852657 23.357045938313167
774.0 25.376506555280592 23.357743656192483
774.5 25.378346322194464 23.358444267926245
775.0 25.3802021627998 23.35914034187992
775.5 25.382007356045943 23.359840423988434
776.0 25.383843091480692 23.36052464859749
776.5 25.38570570165062 23.36123421091093
777.0 25.387511460164284 23.361933231809605
777.5 25.389374562459253 23.36262779493734
778.0 25.391191978777577 23.363331164465826
778.5 25.393025194428034 23.364026604352137
779.0 25.394837568102453 23.364729796004077
779.5 25.396682141910883 23.365439746988777
780.0 25.398503282435414 23.366131835923525
780.5 25.400315105865005 23.36683122601528
781.0 25.402180612454064 23.367529378776972
781.5 25.4039836912326 23.368224801318025
782.0 25.405797887508488 23.368938370073053
782.5 25.407617705420463 23.369633628992
783.0 25.409434416074696 23.37034260405755
783.5 25.41126925467909 23.371047361488976
784.0 25.413098615070602 23.371735560928112
784.5 25.414932666906296 23.37245404838418
785.0 25.41672377738575 23.37315702193304
785.5 25.418575169635815 23.373862527887454
786.0 25.42037458529829 23.374556757361194
786.5 25.422191903609033 23.37525942940455
787.0 25.424016689840933 23.37595865330202
787.5 25.42581964404322 23.37667601377673
788.0 25.427619486972176 23.377376157545015
788.5 25.429443658569735 23.37808664933419
789.0 25.4312595027443 23.378781327625035
789.5 25.433073030233725 23.379492129426556
790.0 25.434887799948736 23.38020331247114
790.5 25.43667264053005 23.38090161290724
791.0 25.43847957807006 23.38161106099446
791.5 25.440283205878046 23.3823210847452
792.0 25.442078065379114 23.383033887984507
792.5 25.443892576652722 23.383722365908607
793.0 25.445683687228204 23.384434240841486
793.5 25.44745962892613 23.385152640797735
794.0 25.44926629489443 23.385853924587355
794.5 25.45106999169015 23.386568444426665
795.0 25.452854112219075 23.38726311838662
795.5 25.45462367878237 23.387985168600768
796.0 25.45644205748355 23.388698159850225
796.5 25.458237059349905 23.38939979752661
797.0 25.460009780293355 23.390112847321483
797.5 25.46181050327074 23.39082271621544
798.0 25.463580473617817 23.391532419131703
798.5 25.46537460344146 23.39223820610899
799.0 25.46715920952217 23.392954926854177
799.5 25.46895080406327 23.39366274946231
800.0 25.470719108326833 23.394376391569786
800.5 25.472508034284775 23.395075244500354
801.0 25.474275793136645 23.395805756365945
801.5 25.476036361239785 23.396512867471465
802.0 25.477827114020336 23.397218666550984
802.5 25.47962125811328 23.397942414338186
803.0 25.481375659334816 23.39864558807959
803.5 25.483145865651057 23.399356395299083
804.0 25.484914491721828 23.400073945767346
804.5 25.486727568546744 23.400782460009335
805.0 25.488456629602556 23.401502944294002
805.5 25.490234857957773 23.402210236184477
806.0 25.49200023482608 23.402922504234812
