FastTrWP/PhaseSpace/IAs/snIa_0.65_30.00_1.05_-0.08.csv
# %ECSV 0.9
# ---
# datatype:
# - {name: time-rel, datatype: float64}
# - {name: g, datatype: float64}
# - {name: i, datatype: float64}
# schema: astropy-2.0
time-rel g i
[from data line 1732]
923.9791666666666 24.330505591021424 22.429713090559336
924.4791666666665 24.332122343319128 22.430339891299443
924.9791666666666 24.333774588173632 22.430964675186313
925.4791666666666 24.335421253107086 22.43159353641235
925.9791666666665 24.337070018473987 22.432214945261553
926.4791666666666 24.338733335357162 22.43284756247549
926.9791666666666 24.34037621882892 22.433466970593507
927.4791666666665 24.3420409430839 22.434097774679607
927.9791666666666 24.343703290080573 22.43472842459081
928.4791666666666 24.3453780522902 22.435361279410493
928.9791666666665 24.347039509214596 22.435995753765013
929.4791666666666 24.34870651982073 22.43662493519071
929.9791666666666 24.350390871793316 22.43725111722531
930.4791666666665 24.35206292837848 22.437884896828564
930.9791666666666 24.353756089771995 22.438519291603583
931.4791666666666 24.3554647862752 22.439160625605922
931.9791666666665 24.357142923230796 22.43979297934196
932.4791666666666 24.35884686040415 22.440426534729532
932.9791666666666 24.360546720876037 22.44105956288742
933.4791666666665 24.362257055010655 22.441696713238727
933.9791666666666 24.363959413202497 22.44233518063925
934.4791666666666 24.365684576573887 22.44298198620357
934.9791666666665 24.36739547810106 22.443617914825914
935.4791666666666 24.369114914162942 22.44425690962098
935.9791666666666 24.37084474128492 22.44489964078635
936.4791666666665 24.372553331990048 22.445534769985738
936.9791666666666 24.37430462293301 22.44618148382326
937.4791666666666 24.37604057557163 22.446832012663727
937.9791666666665 24.37778118743212 22.44747396657203
938.4791666666666 24.379526225549956 22.44811560512918
938.9791666666666 24.381283213668713 22.44875009786652
939.4791666666665 24.38302738138266 22.449406901249137
939.9791666666666 24.384798355206343 22.45005401386379
940.4791666666666 24.38656989813872 22.4507012609164
940.9791666666665 24.388323453866057 22.45135302625519
941.4791666666666 24.390106823749417 22.45200126018695
941.9791666666666 24.391878252498827 22.452650269941927
942.4791666666665 24.393658127331875 22.45330291891316
942.9791666666666 24.395445543911688 22.453952660549948
943.4791666666666 24.397229587651598 22.454605558041063
943.9791666666665 24.399049276419188 22.455257393932335
944.4791666666666 24.400823406459033 22.455908912134326
944.9791666666666 24.402637794895853 22.456561016577016
945.4791666666665 24.404441897677586 22.457222202678743
945.9791666666666 24.40624302867034 22.457878525837
946.4791666666666 24.40806574910138 22.458534115460537
946.9791666666665 24.409887651238513 22.459191328651023
947.4791666666666 24.41170241394299 22.459845926485038
947.9791666666666 24.413550687493412 22.460514090779597
948.4791666666665 24.41536425541289 22.461167678125623
948.9791666666666 24.417200134881362 22.461831090529127
949.4791666666666 24.419070628072813 22.46249511297153
949.9791666666665 24.420887906509897 22.463156921744286
950.4791666666666 24.422752733481794 22.463822758192862
950.9791666666666 24.42458340299614 22.464490184568202
951.4791666666665 24.426473467439415 22.465151478474837
951.9791666666666 24.42833077374842 22.46581322178095
952.4791666666666 24.43019955471351 22.466487496964568
952.9791666666665 24.432062192480117 22.467146044855163
953.4791666666666 24.433940192971466 22.467816920896226
953.9791666666666 24.435821394066984 22.468492733456674
954.4791666666665 24.437721483803585 22.46915546826645
954.9791666666666 24.439603429312648 22.46982937099293
955.4791666666666 24.441511247764538 22.470497508126904
955.9791666666665 24.443425825605487 22.471170788948136
956.4791666666666 24.445339299163905 22.47184007251802
956.9791666666666 24.447231421027208 22.4725227446983
957.4791666666665 24.44914447552089 22.473195874240663
957.9791666666666 24.45106247794383 22.473874327866202
958.4791666666666 24.453012228444923 22.47454392605348
958.9791666666665 24.45491854874961 22.475221504438004
959.4791666666666 24.456863016586734 22.475900871553705
959.9791666666666 24.458784241834934 22.476578509777916
960.4791666666665 24.460732950705307 22.477255414455684
960.9791666666666 24.46268866950163 22.477940028203566
961.4791666666666 24.46464032883421 22.478620473663625
961.9791666666665 24.466607715371246 22.47930085366133
962.4791666666666 24.468563927524457 22.47998519723598
962.9791666666666 24.470529474486934 22.480669135782286
963.4791666666665 24.472510996106354 22.481350409713585
963.9791666666666 24.474485870797697 22.482042615832416
964.4791666666666 24.476459434316652 22.482719769540225
964.9791666666665 24.47846822291541 22.48340849524409
965.4791666666666 24.480450445475984 22.484097144365546
965.9791666666666 24.482459601313522 22.484780664480777
966.4791666666665 24.484452362826712 22.485470108790224
966.9791666666666 24.486462560046647 22.486170947803
967.4791666666666 24.488482445177986 22.48685329955038
967.9791666666665 24.490494994584434 22.487550315257767
968.4791666666666 24.492493183925017 22.488235938041115
968.9791666666666 24.49454614917468 22.48893236582677
969.4791666666665 24.496570934582614 22.48962720725732
969.9791666666666 24.498611021105773 22.49032342936056
970.4791666666666 24.500669898574714 22.49101510349871
970.9791666666665 24.502713160662598 22.491708142914398
971.4791666666666 24.504776628190427 22.492417527154885
971.9791666666666 24.50682007292537 22.493110707697422
972.4791666666665 24.50888931105935 22.49380919231963
972.9791666666666 24.51096261857171 22.49450119410274
973.4791666666666 24.513030998608446 22.495213198624153
973.9791666666665 24.515118475266867 22.495909481793927
974.4791666666666 24.51723315413837 22.496611665452924
974.9791666666666 24.519338960690916 22.49731688869158
975.4791666666665 24.521445265171412 22.498019005101213
975.9791666666666 24.523587644689137 22.498732607814702
976.4791666666666 24.52570554211249 22.499431757074724
976.9791666666665 24.527875037724506 22.500143012621603
977.4791666666666 24.530025196414364 22.500856202726162
977.9791666666666 24.532219301055367 22.501565723405584
978.4791666666665 24.534372724224923 22.502278588523666
978.9791666666666 24.53655049523697 22.50299147795708
979.4791666666666 24.538770147209505 22.50369756134177
979.9791666666665 24.540967073764183 22.504409320229843
980.4791666666666 24.543176989975795 22.505129907529113
980.9791666666666 24.545400267767896 22.505846661171304
981.4791666666665 24.547616731085952 22.506560329282443
981.9791666666666 24.549851557315186 22.507280703380612
982.4791666666666 24.552092104894466 22.50799952126245
982.9791666666665 24.55435696461572 22.508719979706974
983.4791666666666 24.556623243394778 22.509430322008825
983.9791666666666 24.558888014534297 22.510160952729926
984.4791666666665 24.561151040604315 22.510885519089314
984.9791666666666 24.56344377679393 22.51160710188514
985.4791666666666 24.565742574119575 22.5123324040398
985.9791666666665 24.568011205215882 22.513056254825692
986.4791666666666 24.570326586429783 22.51378873464388
986.9791666666666 24.57260458931597 22.514508421232883
987.4791666666665 24.57492402827461 22.515238122972782
987.9791666666666 24.577254042374253 22.515965635216013
988.4791666666666 24.579575721500323 22.51669632525254
988.9791666666665 24.581893917801136 22.517427790459625
989.4791666666666 24.58423298419924 22.518154172173183
989.9791666666666 24.586573552357322 22.51888899095573
990.4791666666665 24.588920865693197 22.519621935555378
990.9791666666666 24.591258693844903 22.52034951316761
991.4791666666666 24.59358350571566 22.52109361133848
991.9791666666665 24.595987756904186 22.52182346012942
992.4791666666666 24.59832319399848 22.522562974685485
992.9791666666666 24.600696762619243 22.52329810804032
993.4791666666665 24.60307198497198 22.524034725471008
993.9791666666666 24.605429254770492 22.524776823711786
994.4791666666666 24.6078034551046 22.52551024918219
994.9791666666665 24.610173507507824 22.526251398103728
995.4791666666666 24.612554948766476 22.526992171510216
995.9791666666666 24.614929742565387 22.52773663223048
996.4791666666665 24.617337597360248 22.528472433826074
996.9791666666666 24.61972707011974 22.529216132570852
997.4791666666666 24.622126639921 22.529962265310406
997.9791666666665 24.62449792394928 22.53070713284147
998.4791666666666 24.626889398105153 22.53145181980862
998.9791666666666 24.62929135905734 22.532202988967075
999.4791666666665 24.6316995110743 22.53294289364574
999.9791666666666 24.634078807948082 22.533694061974746
1000.4791666666666 24.636478405039828 22.53443648608412
1000.9791666666666 24.638880228038495 22.535184377720746
1001.4791666666666 24.641260886111223 22.53592691518343
1001.9791666666666 24.643647228931748 22.536679540792637
1002.4791666666666 24.64603754553341 22.537431709544144
1002.9791666666666 24.64843188243457 22.53818105430165
1003.4791666666666 24.65085481600804 22.538938801239805
1003.9791666666666 24.65323607420959 22.539686828744223
1004.4791666666666 24.655631540530123 22.540439971189233
1004.9791666666666 24.658018297213854 22.54119466290401
1005.4791666666666 24.660408287999864 22.54195006369581
1005.9791666666666 24.6627764305686 22.542701712981767
1006.4791666666666 24.665168502370705 22.543459509842712
1006.9791666666666 24.667540632627816 22.544208320158003
1007.4791666666666 24.669947043449753 22.544968512857267
1007.9791666666666 24.67230108626493 22.54572499507919
1008.4791666666666 24.67468164394576 22.546492219902866
1008.9791666666666 24.677060338182457 22.547239842244803
1009.4791666666666 24.679421130864057 22.547998272951638
1009.9791666666666 24.68177570982895 22.548756028618627
1010.4791666666666 24.684140034400347 22.549508463794115
1010.9791666666666 24.68645648185461 22.55026661394143
1011.4791666666666 24.688804148231025 22.55103363930818
1011.9791666666666 24.691145891203966 22.55179234147208
1012.4791666666666 24.693483357575996 22.552555538949555
1012.9791666666666 24.695821035218252 22.55331492607603
1013.4791666666666 24.69816670057215 22.554076440093375
1013.9791666666666 24.70051141348344 22.55484398522986
1014.4791666666666 24.70284484076355 22.555605667049115
1014.9791666666666 24.705200202570154 22.556364425837373
1015.4791666666666 24.707558176272727 22.557132289068083
1015.9791666666666 24.709906397269613 22.557902025570876
1016.4791666666666 24.712271399792446 22.558667679445215
1016.9791666666666 24.71463304111696 22.559434000846732
1017.4791666666666 24.71699201073342 22.56020117371591
1017.9791666666666 24.719346895774525 22.560973855407518
1018.4791666666666 24.72173449418795 22.561743115253357
1018.9791666666666 24.724104369250707 22.562511223055793
1019.4791666666666 24.726490939247746 22.563289543603574
1019.9791666666666 24.728861585902663 22.56405965384317
1020.4791666666666 24.731226971819158 22.56483768167987
1020.9791666666666 24.733600940189685 22.565608072145157
1021.4791666666666 24.736016941478283 22.566380282674277
1021.9791666666666 24.738384689333884 22.56715714984898
1022.4791666666666 24.740764082167974 22.56793502934986
1022.9791666666666 24.74317953656025 22.568709643487704
1023.4791666666666 24.74554283622527 22.569488220080565
1023.9791666666666 24.74792507576805 22.570262277780255
1024.4791666666667 24.75033699806903 22.571045873368508
1024.9791666666667 24.752709197943894 22.571829976380652
1025.4791666666667 24.75512762485004 22.572611448699735
1025.9791666666667 24.757505130050987 22.573396132539862
1026.4791666666667 24.75990461449081 22.574174602595633
1026.9791666666667 24.76228075589678 22.57495356245418
1027.4791666666667 24.764672637569603 22.57574029737238
1027.9791666666667 24.767065885102003 22.57652512879096
1028.4791666666667 24.76946796586345 22.577306518063995
1028.9791666666667 24.771858121549904 22.578098576218668
1029.4791666666667 24.774245298371152 22.57887322469456
1029.9791666666667 24.776623765008623 22.57966670641729
1030.4791666666667 24.77901978067836 22.580449662285723
1030.9791666666667 24.78140588339787 22.5812419608739
1031.4791666666667 24.783776992919098 22.5820381023232
1031.9791666666667 24.786178959469915 22.58282580854538
1032.4791666666667 24.788570487214855 22.583616023295995
1032.9791666666667 24.790930555144843 22.584399593294275
1033.4791666666667 24.793331527125453 22.585199054905445
1033.9791666666667 24.795700046934428 22.58599465523304
1034.4791666666667 24.798065459118114 22.586777761932847
1034.9791666666667 24.80042833128261 22.587575946833983
1035.4791666666667 24.802805071146867 22.588368229822194
1035.9791666666667 24.805156737245614 22.5891628822976
1036.4791666666667 24.807538294753325 22.58996064131575
1036.9791666666667 24.809881201123503 22.590758968514038
1037.4791666666667 24.812237194344227 22.59155970103283
1037.9791666666667 24.814584673358098 22.59235101692203
1038.4791666666667 24.81693527138477 22.593156947059224
1038.9791666666667 24.81926548110344 22.59396061981263
1039.4791666666667 24.821601192422413 22.594754719008176
1039.9791666666667 24.823972905816973 22.59555624071912
1040.4791666666667 24.82626026742594 22.596359536775058
1040.9791666666667 24.828587471126284 22.597158429867918
1041.4791666666667 24.830908752543937 22.59796324762291
1041.9791666666667 24.833222321110775 22.598766018201005
1042.4791666666667 24.83551408295666 22.599571473427098
1042.9791666666667 24.837819678233686 22.600371488716966
1043.4791666666667 24.84013165271493 22.601173849826544
1043.9791666666667 24.842412413445288 22.60198029626212
1044.4791666666667 24.844708326697425 22.602788210994763
1044.9791666666667 24.846968100050656 22.603590998695594
1045.4791666666667 24.849264311125054 22.604400350282503
1045.9791666666667 24.851490267594404 22.605208255696944
1046.4791666666667 24.853763459917868 22.6060219977586
1046.9791666666667 24.856007950161526 22.606825339381654
1047.4791666666667 24.85825786823142 22.607640007661093
1047.9791666666667 24.860475469640882 22.608448671949848
1048.4791666666667 24.862690900418837 22.609260988251798
1048.9791666666667 24.86491293277544 22.610071055911337
1049.4791666666667 24.86710649341108 22.610878599601044
1049.9791666666667 24.86932761992162 22.611688981517197
1050.4791666666667 24.871494882262265 22.612509179317797
1050.9791666666667 24.873696175258495 22.613318024077238
1051.4791666666667 24.875843045625082 22.61413838425293
1051.9791666666667 24.878000775784678 22.6149507398005
1052.4791666666667 24.880164574594097 22.61577065701385
1052.9791666666667 24.882296565058386 22.61657421850487
1053.4791666666667 24.884450901573096 22.61739464884603
1053.9791666666667 24.886594321642455 22.618214423035656
1054.4791666666667 24.88871364173579 22.619037237613263
1054.9791666666667 24.890824776623436 22.619845745867874
1055.4791666666667 24.89294296357466 22.620669066299087
1055.9791666666667 24.895069900147327 22.621486806145654
1056.4791666666667 24.897139238168382 22.62231329522201
1056.9791666666667 24.899243265542278 22.62312822565248
1057.4791666666667 24.901334976721124 22.62395515884438
1057.9791666666667 24.90341001884676 22.624767618314557
1058.4791666666667 24.905496059555606 22.62559249912912
1058.9791666666667 24.90756316931142 22.626415187210807
1059.4791666666667 24.909630256231317 22.627243256323556
1059.9791666666667 24.911702935997262 22.62806487410513
1060.4791666666667 24.91374798845246 22.62889824519823
1060.9791666666667 24.91578929643872 22.62972076474216
1061.4791666666667 24.917819039548668 22.630547846849446
1061.9791666666667 24.919861772476676 22.63137175325737
1062.4791666666667 24.921879591762824 22.63220304928882
1062.9791666666667 24.923899999363357 22.633028204408877
1063.4791666666667 24.925899611720048 22.63385825485853
1063.9791666666667 24.927884032924478 22.634685886102876
1064.4791666666667 24.929906536403784 22.635518223949212
1064.9791666666667 24.93190085035543 22.636354366268463
1065.4791666666667 24.933887684324795 22.637176569820546
1065.9791666666667 24.935875855560955 22.638013602000726
1066.4791666666667 24.937824039659805 22.63884996457277
