FastTrWP/PhaseSpace/IAs/snIa_0.57_30.00_-0.01_-0.03.csv
# %ECSV 0.9
# ---
# datatype:
# - {name: time-rel, datatype: float64}
# - {name: g, datatype: float64}
# - {name: i, datatype: float64}
# schema: astropy-2.0
time-rel g i
[from data line 2302]
1287.3958333333333 25.813150957574212 23.049006672825424
1287.8958333333333 25.81451473653114 23.05007508539866
1288.3958333333333 25.815853972806707 23.05112886773085
1288.8958333333333 25.81718437149359 23.05218765220351
1289.3958333333333 25.81853453652578 23.053240578908373
1289.8958333333333 25.819837189050144 23.05430157638639
1290.3958333333333 25.821173023214378 23.055354035741487
1290.8958333333333 25.822498532922022 23.056409337859442
1291.3958333333333 25.823805616573992 23.057464735476017
1291.8958333333333 25.82509489725549 23.058528114336635
1292.3958333333333 25.82639560656897 23.059592048044163
1292.8958333333333 25.827670040304575 23.060642469622064
1293.3958333333333 25.828961901831025 23.061704270713555
1293.8958333333333 25.83023147114876 23.06276710290614
1294.3958333333333 25.831533378211095 23.063816207709774
1294.8958333333333 25.83279159368645 23.064877838976642
1295.3958333333333 25.834018438416642 23.0659383645908
1295.8958333333333 25.83525792110979 23.066996361173707
1296.3958333333333 25.836511045773314 23.06806392639399
1296.8958333333333 25.837739351026656 23.069117470054703
1297.3958333333333 25.83895988157483 23.070166811263203
1297.8958333333333 25.84019599680106 23.071237420228595
1298.3958333333333 25.841386290368735 23.07229646665125
1298.8958333333333 25.842607200178804 23.073352350474252
1299.3958333333333 25.843779797318692 23.074416917905673
1299.8958333333333 25.845000275935423 23.075476461504092
1300.3958333333333 25.846173339161084 23.076535800018767
1300.8958333333333 25.84728837797072 23.07759856628983
1301.3958333333333 25.848482329704648 23.078658989587908
1301.8958333333333 25.849626089366133 23.07971682346416
1302.3958333333333 25.85073720644504 23.080786035470666
1302.8958333333333 25.85186037910644 23.081842425724055
1303.3958333333333 25.852945539077655 23.082894385934914
1303.8958333333333 25.854015927335375 23.083961766838527
1304.3958333333333 25.8551034786576 23.08501640690951
1304.8958333333333 25.85615721374471 23.086086880164967
1305.3958333333333 25.857201921905943 23.087141921914466
1305.8958333333333 25.858264886161344 23.08820926997296
1306.3958333333333 25.859290631108394 23.08926158242462
1306.8958333333333 25.860315006217544 23.090321075993092
1307.3958333333333 25.861320839740735 23.091386123845403
1307.8958333333333 25.862279198819348 23.09244641992155
1308.3958333333333 25.86331200361167 23.093511146336873
1308.8958333333333 25.864302507853427 23.094568367914874
1309.3958333333333 25.865259577868535 23.09563883402674
1309.8958333333333 25.866224263276095 23.09669668927956
1310.3958333333333 25.86716149527544 23.09776516148532
1310.8958333333333 25.86811554996447 23.098821594009195
1311.3958333333333 25.869033224864477 23.099889686435947
1311.8958333333333 25.869951821836842 23.100955054753065
1312.3958333333333 25.870884757947472 23.10200538596101
1312.8958333333333 25.87180772062897 23.1030748597312
1313.3958333333333 25.872698923126222 23.10413662204351
1313.8958333333333 25.87361196310026 23.1052084531489
1314.3958333333333 25.87452871159954 23.106266256991276
1314.8958333333333 25.875357912993696 23.107332000825625
1315.3958333333333 25.87625752149176 23.10839012236055
1315.8958333333333 25.877116735065595 23.109452079051863
1316.3958333333333 25.878018952009192 23.110530262023445
1316.8958333333333 25.87887557516606 23.1115877231979
1317.3958333333333 25.879771761340628 23.112654652432447
1317.8958333333333 25.880578890678233 23.11372667890818
1318.3958333333333 25.881420439749633 23.11478115618862
1318.8958333333333 25.882275346045738 23.11584359147308
1319.3958333333333 25.883127977000395 23.11691732461679
1319.8958333333333 25.883951494310608 23.117979564384456
1320.3958333333333 25.884774459494906 23.119045504675153
1320.8958333333333 25.88562118139557 23.120119795097086
1321.3958333333333 25.886425011577256 23.12119077989984
1321.8958333333333 25.887256819511965 23.12225026723999
1322.3958333333333 25.88812613027846 23.123330126078706
1322.8958333333333 25.888896210787564 23.124395406918538
1323.3958333333333 25.889722371746103 23.125451889537814
1323.8958333333333 25.890561376586888 23.126534196827212
1324.3958333333333 25.891379869723067 23.127598961308188
1324.8958333333333 25.892176378672495 23.128665740453606
1325.3958333333333 25.893020512484522 23.12973801727996
1325.8958333333333 25.893808573538386 23.130807825111667
1326.3958333333333 25.894595050993065 23.13188078219521
1326.8958333333333 25.895413752062062 23.132954886519173
1327.3958333333333 25.896247851802713 23.134030456504597
1327.8958333333333 25.897067665813104 23.135102594072436
1328.3958333333333 25.89785558376245 23.1361686747795
1328.8958333333333 25.898674115894217 23.137246201788017
1329.3958333333333 25.899507369835085 23.138327989203574
1329.8958333333333 25.900334336717265 23.139398686350606
1330.3958333333333 25.901150666358244 23.140474256831833
1330.8958333333333 25.90202570446225 23.141552152695613
1331.3958333333333 25.902800482989093 23.142626357851217
1331.8958333333333 25.903629434069607 23.143702768181228
1332.3958333333333 25.904463708088336 23.144780677707857
1332.8958333333333 25.905312699155164 23.145855160028294
1333.3958333333333 25.90613639487454 23.146936944180204
1333.8958333333333 25.90697990877265 23.148016941099854
1334.3958333333333 25.907842952684632 23.149101370663516
1334.8958333333333 25.908704359338092 23.150173134688433
1335.3958333333333 25.90957296272849 23.151263059475916
1335.8958333333333 25.910458317185437 23.15233828724739
1336.3958333333333 25.911309629775644 23.153428519578277
1336.8958333333333 25.912194458027447 23.154503547034903
1337.3958333333333 25.913059838333773 23.1555831671657
1337.8958333333333 25.913969885556277 23.156670474723057
1338.3958333333333 25.914833202314966 23.157760485163443
1338.8958333333333 25.915737292435654 23.15883764361044
1339.3958333333333 25.91659612593599 23.159925919112034
1339.8958333333333 25.917442668736257 23.16100996144811
1340.3958333333333 25.9183258902006 23.162093145790426
1340.8958333333333 25.919190086535764 23.163178421456205
1341.3958333333333 25.92003948212057 23.164267846843337
1341.8958333333333 25.920881622030308 23.165348146228638
1342.3958333333333 25.921737666896526 23.16643926792453
1342.8958333333333 25.922579621557368 23.16752583858253
1343.3958333333333 25.92339578753355 23.168620850287844
1343.8958333333333 25.924274131551815 23.169699716939512
1344.3958333333333 25.92510426743042 23.17078848383915
1344.8958333333333 25.925913133037646 23.17187806994133
1345.3958333333333 25.926733670222525 23.172973034098497
1345.8958333333333 25.92752759438341 23.174062976268978
1346.3958333333333 25.928373998603323 23.175151736004977
1346.8958333333333 25.92923409572859 23.176246486546486
1347.3958333333333 25.930016766724684 23.17734030401121
1347.8958333333333 25.930828964915037 23.178423842727277
1348.3958333333333 25.931645059887902 23.17952044481111
1348.8958333333333 25.932444144879447 23.18061412570743
1349.3958333333333 25.93325608953466 23.181692463131427
1349.8958333333333 25.934059571225184 23.182793202683875
1350.3958333333333 25.934908775581945 23.183895677645978
1350.8958333333333 25.93567581326702 23.184983055433936
1351.3958333333333 25.936533243973937 23.18607873727177
1351.8958333333333 25.937312953824332 23.187164469698605
1352.3958333333333 25.938122434273247 23.18826847206487
1352.8958333333333 25.938939967737756 23.189362826494417
1353.3958333333333 25.939754446521277 23.190460407195495
1353.8958333333333 25.940531305139398 23.191557447553247
1354.3958333333333 25.941398234626337 23.192656125298427
1354.8958333333333 25.94218748929523 23.193745763308236
1355.3958333333333 25.943032349180193 23.194840886462394
1355.8958333333333 25.94382334695475 23.195940369794755
1356.3958333333333 25.944659206794153 23.1970464128253
1356.8958333333333 25.945430895372112 23.198141956222564
1357.3958333333333 25.946257519641026 23.199246224843403
1357.8958333333333 25.947099709831114 23.200351226492963
1358.3958333333333 25.94788252170145 23.201451195843003
1358.8958333333333 25.94874515242099 23.20254680098089
1359.3958333333333 25.94956969872157 23.20365109090529
1359.8958333333333 25.95041912658722 23.20475350628445
1360.3958333333333 25.951235505249922 23.205858011646008
1360.8958333333333 25.952092863511833 23.206956741676592
1361.3958333333333 25.95294943013299 23.20805970552508
1361.8958333333333 25.95377473806571 23.20917188594825
1362.3958333333333 25.954638117055147 23.2102607212789
1362.8958333333333 25.955518040359692 23.21136834145905
1363.3958333333333 25.956391776153648 23.212479723330812
1363.8958333333333 25.957232980458336 23.213581893101928
1364.3958333333333 25.958091703187918 23.21469517677091
1364.8958333333333 25.95898580689951 23.215800866568486
1365.3958333333333 25.959858572173836 23.216897434134538
1365.8958333333333 25.960772951486195 23.21801684420648
1366.3958333333333 25.961661568479503 23.219116968243302
1366.8958333333333 25.962539856089762 23.220224583570136
1367.3958333333333 25.96345816664982 23.221336318845655
1367.8958333333333 25.964399902954064 23.222454270867033
1368.3958333333333 25.96533400765898 23.223565545040508
1368.8958333333333 25.966248130698347 23.22467105346057
1369.3958333333333 25.967157371489073 23.2257861443977
1369.8958333333333 25.968110800875728 23.226890984959606
1370.3958333333333 25.969090906994182 23.22800624666019
1370.8958333333333 25.970046225219367 23.229121085637487
1371.3958333333333 25.970999933914925 23.23024261117844
1371.8958333333333 25.972001222518827 23.231345606181847
1372.3958333333333 25.973014612950106 23.232463694126622
1372.8958333333333 25.973986487097992 23.233586254154723
1373.3958333333333 25.974988978960365 23.234699519416587
1373.8958333333333 25.97600149756112 23.235807598666035
1374.3958333333333 25.977039134947475 23.236931066909293
1374.8958333333333 25.978056713090105 23.23805216241336
1375.3958333333333 25.979130399392588 23.239168279846677
1375.8958333333333 25.98016453476431 23.24028371497601
1376.3958333333333 25.981195891905003 23.241407436900392
1376.8958333333333 25.982266467535485 23.242526403956635
1377.3958333333333 25.98335769969863 23.243651531140618
1377.8958333333333 25.984426916141548 23.244767477803478
1378.3958333333333 25.985512805706943 23.24589531122147
1378.8958333333333 25.986579858444504 23.247011037378517
1379.3958333333333 25.987665064426714 23.24813986721423
1379.8958333333333 25.988759226982747 23.249265304760492
1380.3958333333333 25.98986548381269 23.2503881817508
1380.8958333333333 25.990937604430563 23.251510002402394
1381.3958333333333 25.992049645465663 23.252641128497803
1381.8958333333333 25.993178718463188 23.253761879526365
1382.3958333333333 25.994294896697202 23.25489362321315
1382.8958333333333 25.995405268770003 23.256025420739164
1383.3958333333333 25.996542400350897 23.25714394484107
1383.8958333333333 25.997664526657765 23.2582734580359
1384.3958333333333 25.99881629673812 23.259405087030313
1384.8958333333333 25.9999714221024 23.260541889934963
1385.3958333333333 26.00113386263918 23.261664762147127
1385.8958333333333 26.002295713868516 23.262807715098965
1386.3958333333333 26.003426173112864 23.263936155973038
1386.8958333333333 26.004581819361654 23.2650716781514
1387.3958333333333 26.005776031030496 23.26620619413759
1387.8958333333333 26.006949353626048 23.26733937837007
1388.3958333333333 26.008138915114163 23.26846973493055
1388.8958333333333 26.009319761023733 23.269612193615647
1389.3958333333333 26.010499791850286 23.2707470597445
1389.8958333333333 26.011719014341935 23.271880028754246
1390.3958333333333 26.012920006818725 23.273017590452213
1390.8958333333333 26.014131436190894 23.274149634529188
1391.3958333333333 26.015290778112554 23.275301560039537
1391.8958333333333 26.016568856291006 23.2764341827961
1392.3958333333333 26.01780344700583 23.277558462650898
1392.8958333333333 26.019007171165 23.278703601790927
1393.3958333333333 26.02029683147874 23.279838229094295
1393.8958333333333 26.021492740716113 23.280984556605965
1394.3958333333333 26.02276585544988 23.28212441204625
1394.8958333333333 26.023981028472804 23.283262225024433
1395.3958333333333 26.0252705039641 23.284412099186177
1395.8958333333333 26.026528978287956 23.28554286145353
1396.3958333333333 26.02782523586989 23.286679303750816
1396.8958333333333 26.029070976600394 23.287832648161032
1397.3958333333333 26.030337344374317 23.28896883962802
1397.8958333333333 26.031633518464016 23.290110891981914
1398.3958333333333 26.032911658925233 23.29125666482119
1398.8958333333333 26.034246437634412 23.292399805029675
1399.3958333333333 26.035521619066188 23.29354276195716
1399.8958333333333 26.036850800714696 23.29468877893226
1400.3958333333333 26.03816772344773 23.295839749206092
1400.8958333333333 26.039472400907226 23.29698052439752
1401.3958333333333 26.04082545053993 23.29811760032289
1401.8958333333333 26.04212423590532 23.299264522393543
1402.3958333333333 26.04350250556896 23.300406485592752
1402.8958333333333 26.04483979858195 23.301550555862715
1403.3958333333333 26.04618826721339 23.302701416448105
1403.8958333333333 26.04754323399249 23.30384363071332
1404.3958333333333 26.048905757005564 23.305002049430357
1404.8958333333333 26.050270247550543 23.30614198860937
1405.3958333333333 26.05166071080336 23.30729202151824
1405.8958333333333 26.05304874736911 23.30843810117612
1406.3958333333333 26.054415285256013 23.30957962569437
1406.8958333333333 26.05584588185436 23.31072664311581
1407.3958333333333 26.057212470752358 23.311876933134425
1407.8958333333333 26.058592788608994 23.3130275467097
1408.3958333333333 26.060038663976112 23.314177307507393
1408.8958333333333 26.06143416292022 23.31533280008061
1409.3958333333333 26.062859358856002 23.31647604065371
1409.8958333333333 26.064276164339613 23.317618618315564
1410.3958333333333 26.06575311883244 23.318774499408782
1410.8958333333333 26.0671437614251 23.319923025357756
1411.3958333333333 26.06864622911821 23.32106903978239
1411.8958333333333 26.070090201881282 23.32221598208161
1412.3958333333333 26.071532911044443 23.323364599104167
1412.8958333333333 26.073005445650473 23.324520809652626
1413.3958333333333 26.074473992645682 23.325652559996275
1413.8958333333333 26.0759531358907 23.326812390379878
1414.3958333333333 26.077426008694747 23.327962329863116
1414.8958333333333 26.078935220204002 23.329121508850484
1415.3958333333333 26.080431860459843 23.330264076775677
1415.8958333333333 26.081960698296044 23.33142518651212
