FastTrWP/PhaseSpace/IAs/snIa_0.35_30.00_0.78_-0.10.csv
# %ECSV 0.9
# ---
# datatype:
# - {name: time-rel, datatype: float64}
# - {name: g, datatype: float64}
# - {name: i, datatype: float64}
# schema: astropy-2.0
time-rel g i
[from data line 700]
-80.5 22.7750338526919 22.837481579825905
-80.0 22.77408947437265 22.836309471532665
-79.5 22.77316415271127 22.835139778617712
-79.0 22.772250419450582 22.833978425277817
-78.5 22.771338125661003 22.83283007045826
-78.0 22.770444236604046 22.83167970876287
-77.5 22.7695417644555 22.8305299610697
-77.0 22.768657490548033 22.829389890580494
-76.5 22.767773539794366 22.828264060460192
-76.0 22.766901378640668 22.827134996803288
-75.5 22.76604696280136 22.826007045525877
-75.0 22.765193327058345 22.824892969826426
-74.5 22.764348907840272 22.823779280370793
-74.0 22.763502395330786 22.822671942848874
-73.5 22.76266637698349 22.821574276406537
-73.0 22.76185177700107 22.820472990508605
-72.5 22.761038814891002 22.819384130333834
-72.0 22.760223505462967 22.818307556530048
-71.5 22.759429135414063 22.817222258931427
-71.0 22.75864506400346 22.816140593307956
-70.5 22.757865766957735 22.81508856752097
-70.0 22.75709677829175 22.814015972135767
-69.5 22.7563262635039 22.81296509653565
-69.0 22.755571801612522 22.811908597058732
-68.5 22.754823086341773 22.810865681002646
-68.0 22.754083402830574 22.809822296811276
-67.5 22.75335286977851 22.808790420867915
-67.0 22.752636816249865 22.807756531557754
-66.5 22.751917095565965 22.806730660969315
-66.0 22.751213025184693 22.805718089884117
-65.5 22.75051650727027 22.804700994703744
-65.0 22.74982584058273 22.803694963900234
-64.5 22.749143572522613 22.802701349595672
-64.0 22.748472713108523 22.801694378194178
-63.5 22.747800957423255 22.800703376672633
-63.0 22.74714809960663 22.799716693042654
-62.5 22.74650523012147 22.79872969986365
-62.0 22.745859538598985 22.797762482186144
-61.5 22.745227547883356 22.79678295796753
-61.0 22.74460119518354 22.795819598831947
-60.5 22.74398601410494 22.794857009551603
-60.0 22.74337498591139 22.793903046213522
-59.5 22.742771310582125 22.79295426934091
-59.0 22.74217825560175 22.79200820592591
-58.5 22.741580144690445 22.79106860624806
-58.0 22.740999313226343 22.790124168394623
-57.5 22.740422252311244 22.78918622645098
-57.0 22.73985990591916 22.788261174262388
-56.5 22.739296376422953 22.787340768315826
-56.0 22.738747758989852 22.78642571237385
-55.5 22.738207937853318 22.785519216012695
-55.0 22.737665648560757 22.784601749285926
-54.5 22.737123161070073 22.783696458518396
-54.0 22.73660055991977 22.782790442993214
-53.5 22.73608759303089 22.781898204803305
-53.0 22.735572084444478 22.78101214414551
-52.5 22.735064893719162 22.780126573209362
-52.0 22.734567619658126 22.779238294947408
-51.5 22.73408212373543 22.778359204459967
-51.0 22.733593734185572 22.777485661517595
-50.5 22.733111020479384 22.77661663843986
-50.0 22.73264744477917 22.775746764605664
-49.5 22.73216861279289 22.77489044921601
-49.0 22.73170951268723 22.77402921175003
-48.5 22.73125636137474 22.77317887507023
-48.0 22.73081064217815 22.7723335394681
-47.5 22.73036725916333 22.77147212956928
-47.0 22.729937756569775 22.770640287109654
-46.5 22.72951007278518 22.76980255023345
-46.0 22.729070628243548 22.768966609519133
-45.5 22.72866777127213 22.768135070931038
-45.0 22.728248296221352 22.76731297019056
-44.5 22.727846882730024 22.7664912600167
-44.0 22.727440858587723 22.765672486197488
-43.5 22.727049976312426 22.764855473727117
-43.0 22.726660322868245 22.764044596048514
-42.5 22.72628005002747 22.763238308337804
-42.0 22.725900363401497 22.76242543529402
-41.5 22.725525418013632 22.76162717677472
-41.0 22.725167172800624 22.76083403987622
-40.5 22.72480465637925 22.760036850405587
-40.0 22.72444469427883 22.759251819719356
-39.5 22.724091971158167 22.75846437669582
-39.0 22.723744265726427 22.757672591461446
-38.5 22.723402948060386 22.75689512941244
-38.0 22.723068799093994 22.756119099577518
-37.5 22.722738507905987 22.75534459495332
-37.0 22.72240849206375 22.75457940861129
-36.5 22.722094692937603 22.75381502695098
-36.0 22.721782611639334 22.753046350546548
-35.5 22.721473079798002 22.75229415356247
-35.0 22.72117985316018 22.751546308262785
-34.5 22.72088402829867 22.75079629179138
-34.0 22.72061698346771 22.75005490414415
-33.5 22.72034069033531 22.749307911874645
-33.0 22.720073833422134 22.748582971640552
-32.5 22.719813741854452 22.74784873378023
-32.0 22.719561724614966 22.74712926331258
-31.5 22.719326487956156 22.74642008862395
-31.0 22.719093477350665 22.745697214724885
-30.5 22.718854546220555 22.744985094781327
-30.0 22.71863910733625 22.74428324905021
-29.5 22.71842626949593 22.743583861479344
-29.0 22.71821626523216 22.742885972273093
-28.5 22.718022519372987 22.74218941851574
-28.0 22.71782070929488 22.741494966386586
-27.5 22.717631631513413 22.740817947800586
-27.0 22.717450547135698 22.740135095793853
-26.5 22.7172743511435 22.73945863572787
-26.0 22.717101201638663 22.738786411603368
-25.5 22.716944059548076 22.738111593558866
-25.0 22.71678623604581 22.73743933132633
-24.5 22.71662466800582 22.73677894850032
-24.0 22.716481304159373 22.736123051081716
-23.5 22.716333868036696 22.735465342048897
-23.0 22.716208798126438 22.734816125784263
-22.5 22.716075898165915 22.734162277260538
-22.0 22.715947488009654 22.733512200043265
-21.5 22.7158198094612 22.73286778817205
-21.0 22.715704478343007 22.73222561928354
-20.5 22.715595534213534 22.73159163546206
-20.0 22.715482505593812 22.730957627995156
-19.5 22.715390062509442 22.730317995984723
-19.0 22.715288353630157 22.72969813206331
-18.5 22.715184618013758 22.72905954633274
-18.0 22.71509687564743 22.728439957792475
-17.5 22.71501080432714 22.727816519228373
-17.0 22.714931639221618 22.72718878206357
-16.5 22.7148495836658 22.72657560946562
-16.0 22.71477138672385 22.725963685242686
-15.5 22.71470432405156 22.725349022072447
-15.0 22.71463810824676 22.724736341295163
-14.5 22.714565374420786 22.724122444596166
-14.0 22.714505459251548 22.723520454978296
-13.5 22.71444781166201 22.722913874165297
-13.0 22.714389496232506 22.72231557369851
-12.5 22.714344242417546 22.72170468437082
-12.0 22.714283702502804 22.721110011591218
-11.5 22.71423580286867 22.720508730559906
-11.0 22.714188079970864 22.719919268750743
-10.5 22.714142038096124 22.719314492663848
-10.0 22.71410202858869 22.71872696727005
-9.5 22.7140626767397 22.718128682349498
-9.0 22.714025900135578 22.71754293935128
-8.5 22.71399690824184 22.716955856901244
-8.0 22.713953916992573 22.716367082728844
-7.5 22.713922374934697 22.715769247414425
-7.0 22.71389092635182 22.71518727425525
-6.5 22.713862708039137 22.714600813854684
-6.0 22.71383812450063 22.71400991324288
-5.5 22.713802175132606 22.713423681357597
-5.0 22.713787269236292 22.712846530937192
-4.5 22.71375165516369 22.71226681818439
-4.0 22.713734818296672 22.711684080113066
-3.5 22.713713962621643 22.711098837659904
-3.0 22.71369546286397 22.710528206144907
-2.5 22.713674456452043 22.709948969218278
-2.0 22.713669699787363 22.70936988518379
-1.5 22.713662182216254 22.708796097883685
-1.0 22.71366517747007 22.708227269631628
-0.5 22.713657211478285 22.707655444782354
0.0 22.713653716491446 22.707090089962144
0.5 22.71365619690102 22.706524185193704
1.0 22.713665631196733 22.70596147243474
1.5 22.713684337099064 22.705398984521914
2.0 22.713686329788324 22.704834828258473
2.5 22.71369697917664 22.704286785013025
3.0 22.713726300833596 22.703722622096034
3.5 22.713743131994477 22.703179531194316
4.0 22.713767612986096 22.702619175772533
4.5 22.713802822811786 22.70205911158017
5.0 22.71382999568837 22.70151578168573
5.5 22.713876577713386 22.700967502768876
6.0 22.713909205098478 22.700426712206323
6.5 22.71394768266202 22.69988165512327
7.0 22.713996918245147 22.69933649411387
7.5 22.714045065875137 22.698806546868372
8.0 22.714102208383693 22.698267270610437
8.5 22.71416246890601 22.697727996195177
9.0 22.714212274872544 22.697194377681747
9.5 22.714277044816228 22.696661666724935
10.0 22.71434242576087 22.696138157157485
10.5 22.714408447051508 22.6956136242671
11.0 22.714479977197186 22.695086570076114
11.5 22.71455683572792 22.694559516713177
12.0 22.714640711597035 22.694033785206642
12.5 22.7147213539226 22.693513988305106
13.0 22.714802899711948 22.69300403861169
13.5 22.714894438182107 22.692480783243116
14.0 22.714988730363647 22.691974431355845
14.5 22.715088652363953 22.691463844019047
15.0 22.715185182055567 22.690956137874174
15.5 22.71528374162226 22.690443077592285
16.0 22.715393132670982 22.689937228945798
16.5 22.71550328033178 22.689436507629935
17.0 22.715618323139786 22.688937621258567
17.5 22.715732425478464 22.688437540118883
18.0 22.715853776997683 22.687936548355342
18.5 22.715981114658632 22.68744608650853
19.0 22.71610143032479 22.686957192018657
19.5 22.716245602247884 22.686468025836454
20.0 22.71637704023813 22.685979818514284
20.5 22.716510389054122 22.68549082781329
21.0 22.716660162960743 22.68501123840336
21.5 22.716800307996422 22.684522548454567
22.0 22.716952022176926 22.684050735284952
22.5 22.7171075895505 22.683576368902372
23.0 22.717270585386483 22.683092419105225
23.5 22.71742575085772 22.682627788026558
24.0 22.71758822916745 22.682154110119054
24.5 22.717757880621306 22.681687445278946
25.0 22.717928198480628 22.68122078761977
25.5 22.7181062980986 22.68076233364895
26.0 22.71829237540711 22.680294083488064
26.5 22.718463497716325 22.67983232277869
27.0 22.718662567192514 22.679377841580273
27.5 22.71885376487714 22.67891522352919
28.0 22.71904817860598 22.678467859079035
28.5 22.719243658918387 22.678016094047926
29.0 22.719439374099508 22.677572195306148
29.5 22.719650726579026 22.67712659078154
30.0 22.71985918230863 22.67667636168099
30.5 22.72006834033405 22.67623392415111
31.0 22.72029532924499 22.6757999174444
31.5 22.72050116326953 22.675354162044037
32.0 22.72072465906418 22.67491297141973
32.5 22.72096160679286 22.674481176893874
33.0 22.72118163005549 22.674047864955753
33.5 22.721409016289176 22.67361103362447
34.0 22.721656374194676 22.673176163600512
34.5 22.721900243503352 22.67275619493894
35.0 22.722137403561923 22.672332639522118
35.5 22.722391358678628 22.671904591490666
36.0 22.722642627701113 22.67148264573009
36.5 22.722892848594746 22.671062333011886
37.0 22.723152615627143 22.67065467761021
37.5 22.723406363553313 22.670232886076406
38.0 22.723676339741182 22.66981333319203
38.5 22.723949801374168 22.669406291581154
39.0 22.72422091922936 22.668989844719544
39.5 22.724496313677403 22.66858987012609
40.0 22.724774429464055 22.668180174171333
40.5 22.725058859453902 22.667775863610085
41.0 22.725346221383724 22.667369154135248
41.5 22.725638309828714 22.666973955943032
42.0 22.72593234247951 22.66657298322576
42.5 22.726233785313887 22.666180667605936
43.0 22.726532958785214 22.66578769294214
43.5 22.726836894578582 22.665397413996928
44.0 22.727147576097963 22.664998052751947
44.5 22.727463154984182 22.66461886679882
45.0 22.727777007906948 22.664224583497962
45.5 22.72809454893204 22.663845552458803
46.0 22.72841940721866 22.663457354057947
46.5 22.72875000668965 22.66308388149112
47.0 22.729089510890105 22.6627147785085
47.5 22.729417755872653 22.66233282079059
48.0 22.729760394799786 22.66195681975191
48.5 22.730099484511936 22.66158238794119
49.0 22.730454446278642 22.661215908402635
49.5 22.730798233332266 22.660851179868434
50.0 22.731150201561654 22.66048615300207
50.5 22.731517935451055 22.660124562641244
51.0 22.731879861747398 22.659763384110825
51.5 22.732240019209865 22.65940635207643
52.0 22.73261190917976 22.659046429622407
52.5 22.732978983442422 22.65869271690724
53.0 22.733362650479577 22.658339981913223
53.5 22.733752899700384 22.657994902990623
54.0 22.73413438385642 22.657648132256206
54.5 22.734526246585727 22.65730506687911
55.0 22.734917218824183 22.656963003667684
55.5 22.735319669404387 22.6566223602417
56.0 22.735715572473442 22.656282916397114
56.5 22.736124225976205 22.65594281455733
57.0 22.736534525897948 22.655605912525154
57.5 22.736957893678607 22.65527765331781
58.0 22.737364861872763 22.654951135196914
58.5 22.737791277291286 22.654629889230165
59.0 22.738209605985364 22.654291720803855
59.5 22.73864697309309 22.653971777519537
60.0 22.739073307975964 22.653649887879954
60.5 22.73951873845942 22.653334234279775
61.0 22.73996065985566 22.653011134107995
61.5 22.74040935251587 22.652712086123863
62.0 22.740864516377993 22.652387052627702
62.5 22.741320993337958 22.65208164043139
63.0 22.741780243580937 22.65177655608987
63.5 22.74225915776137 22.651465751875538
64.0 22.742732838709088 22.65116434494445
64.5 22.74321340610328 22.650860459269143
65.0 22.74369480128952 22.650558767030816
65.5 22.744184907690723 22.6502686322908
66.0 22.744676882881034 22.649962854662466
66.5 22.7451789694115 22.64967027175077
67.0 22.745678221836894 22.64937869240674
67.5 22.7461819036974 22.649083978468294
68.0 22.746694015685975 22.648801836687905
68.5 22.747210485787388 22.64851694841871
69.0 22.747727240757605 22.648231071709542
69.5 22.74826120507546 22.647949741628945
70.0 22.748795106326952 22.64766788170175
70.5 22.74932831582411 22.647394126550413
71.0 22.749855774788337 22.64711887761468
71.5 22.750392845082878 22.6468458603687
72.0 22.750946068267062 22.64657347907405
72.5 22.751497446882567 22.646300588321573
73.0 22.75204570684609 22.646030185681667
73.5 22.752599900455074 22.64577239059036
74.0 22.75316402995356 22.645509761042156
74.5 22.7537272896758 22.64523953358214
75.0 22.754293002601642 22.644985779056988
75.5 22.75486637253227 22.644731421009613
76.0 22.75544322997529 22.644476668242397
76.5 22.756015918137614 22.6442212071585
77.0 22.756612987015203 22.6439717632779
77.5 22.757187031882417 22.643720702502108
78.0 22.75777545074497 22.643477510156877
78.5 22.758372241122782 22.643229952088273
79.0 22.758967953416374 22.642983746572675
79.5 22.75956381735782 22.642743572238118
80.0 22.760167934532845 22.642508471060626
80.5 22.760765969665005 22.642276361838857
81.0 22.761379789303785 22.642042636529194
81.5 22.761978701337693 22.641811585349135
82.0 22.762604904943164 22.641588476181248
82.5 22.76321395343951 22.641355013761014
83.0 22.763833775683228 22.641128164918403
83.5 22.764456922909496 22.64090620154553
84.0 22.765082251351675 22.640677092082356
84.5 22.765701478227392 22.64046407253356
85.0 22.766333780078092 22.64024942948795
85.5 22.766964168432928 22.640030750257637
86.0 22.767596591793296 22.63982052173254
86.5 22.768230897000834 22.639612663718736
87.0 22.768866064403888 22.639402626803236
87.5 22.7695096526405 22.639197117568486
88.0 22.77015224769409 22.63899253305155
88.5 22.770791219057898 22.638792244043128
89.0 22.77144379309052 22.638588110549946
89.5 22.772089453735727 22.63839252885883
90.0 22.772737767927005 22.63819743556173
90.5 22.773388600876302 22.638008083973045
91.0 22.774036311618065 22.637815687624972
91.5 22.774692568166483 22.63763315442377
92.0 22.7753606110759 22.637453512937476
92.5 22.77600865807164 22.63726188865075
93.0 22.77667410841024 22.637076759960525
93.5 22.777338852760124 22.636904834095336
94.0 22.778001209382694 22.636721553271073
94.5 22.778680896284026 22.63655106547295
95.0 22.779354660450725 22.636371837152996
95.5 22.780029427173083 22.636203470858355
96.0 22.780717402446157 22.636029902063598
96.5 22.78139557474473 22.63587093719287
97.0 22.782095479140523 22.635701658907262
97.5 22.782780790299512 22.635541245063642
98.0 22.78347790250262 22.63538106389881
98.5 22.784183523437477 22.63522661952658
99.0 22.784886185452955 22.635066587981
99.5 22.78559391196604 22.634911705329948
100.0 22.786307768654996 22.634766081058334
100.5 22.787020748127954 22.634604676891055
101.0 22.787740092521595 22.634456156912425
101.5 22.78846325004109 22.634316330018763
102.0 22.789183990922346 22.634171968729795
102.5 22.789916746675157 22.634028406386616
103.0 22.790641568634946 22.6338904378067
103.5 22.791377058321945 22.633751366929783
104.0 22.792112768965353 22.63362241629691
104.5 22.792853675511004 22.633490232279236
105.0 22.793593125590125 22.63335054268036
105.5 22.79434704450603 22.633228592276247
106.0 22.795088752492106 22.633099865383898
