FastTrWP/PhaseSpace/IAs/snIa_0.45_30.00_0.05_0.09.csv
# %ECSV 0.9
# ---
# datatype:
# - {name: time-rel, datatype: float64}
# - {name: g, datatype: float64}
# - {name: i, datatype: float64}
# schema: astropy-2.0
time-rel g i
[from data line 2017]
1196.7291666666667 25.1460681669265 22.90821020457892
1197.2291666666667 25.14815413079291 22.90912263118291
1197.7291666666667 25.150236371628672 22.910033324707285
1198.2291666666667 25.152329783324817 22.91093608380123
1198.7291666666667 25.15443039092963 22.91185391823644
1199.2291666666667 25.156506464915694 22.912766137229962
1199.7291666666667 25.15858937593254 22.913671786538032
1200.2291666666667 25.160672700880976 22.914575184356572
1200.7291666666667 25.16277403489361 22.915474715574597
1201.2291666666667 25.164835082526196 22.916381466339864
1201.7291666666667 25.16694559044954 22.917288131379244
1202.2291666666667 25.169014336762384 22.91818780029542
1202.7291666666667 25.171109229327104 22.919085157501605
1203.2291666666667 25.17317601534782 22.91999460425563
1203.7291666666667 25.17528426975677 22.920884632335596
1204.2291666666667 25.177335981473913 22.92178172969372
1204.7291666666667 25.17940720219162 22.922680448722875
1205.2291666666667 25.181475787198305 22.92357356351505
1205.7291666666667 25.183589516951255 22.924470995266404
1206.2291666666667 25.18563676890077 22.925351064690993
1206.7291666666667 25.187711283944903 22.926249523213727
1207.2291666666667 25.189778430424994 22.927150148392805
1207.7291666666667 25.191846926745455 22.928028347214248
1208.2291666666667 25.193902528866467 22.92890979825397
1208.7291666666667 25.195988149062003 22.929808218011885
1209.2291666666667 25.198045752461397 22.93069121414431
1209.7291666666667 25.200121536147797 22.93157798586112
1210.2291666666667 25.202175920721565 22.932458846610807
1210.7291666666667 25.2042289424385 22.93334702630999
1211.2291666666667 25.206267633933198 22.93422032822747
1211.7291666666667 25.20833533802557 22.935102781203494
1212.2291666666667 25.210396802805285 22.935980034373134
1212.7291666666667 25.212440786080563 22.936850117035775
1213.2291666666667 25.214486255726744 22.9377224231138
1213.7291666666667 25.216553305188985 22.938596327368362
1214.2291666666667 25.218611299146175 22.939476081453854
1214.7291666666667 25.220657541090546 22.94034635272307
1215.2291666666667 25.22269767993583 22.94121662778164
1215.7291666666667 25.224752036755504 22.94208621902104
1216.2291666666667 25.226772958148388 22.942951449863006
1216.7291666666667 25.228829737155504 22.94382386612696
1217.2291666666667 25.230874768020758 22.944690279057017
1217.7291666666667 25.232886732415714 22.945556951223146
1218.2291666666667 25.2349647643889 22.946422157055913
1218.7291666666667 25.236970296405026 22.94727388839008
1219.2291666666667 25.239017653170606 22.948147623683642
1219.7291666666667 25.24102886706539 22.949002543512318
1220.2291666666667 25.243049104476427 22.949864749017355
1220.7291666666667 25.245121770844328 22.95071239092949
1221.2291666666667 25.24713772935149 22.951578973171355
1221.7291666666667 25.249179078913482 22.95243148731066
1222.2291666666667 25.251178605421313 22.95329083953397
1222.7291666666667 25.253211091426216 22.95414041856519
1223.2291666666667 25.25527203291352 22.954985875122528
1223.7291666666667 25.257284267204657 22.955847374001653
1224.2291666666667 25.259272371670352 22.956696593213735
1224.7291666666667 25.261308164172036 22.957549695314302
1225.2291666666667 25.263311487750336 22.95839374731278
1225.7291666666667 25.265351677774884 22.959242924529363
1226.2291666666667 25.267368533645115 22.960082243674897
1226.7291666666667 25.26936524450698 22.960924715086062
1227.2291666666667 25.27137699797663 22.961761414486332
1227.7291666666667 25.27338566743166 22.962606586747953
1228.2291666666667 25.275397732176753 22.963439977783096
1228.7291666666667 25.2773912675611 22.964291336735563
1229.2291666666667 25.279378488965314 22.96512097458871
1229.7291666666667 25.281392915921238 22.96595865521431
1230.2291666666667 25.283407075129155 22.966791795545372
1230.7291666666667 25.285392360119673 22.967636317416517
1231.2291666666667 25.287379200739636 22.968454028855593
1231.7291666666667 25.289376057230328 22.969280172084975
1232.2291666666667 25.29136269145203 22.970117694738438
1232.7291666666667 25.29336090010289 22.97093840283582
1233.2291666666667 25.29535337065214 22.971773133502914
1233.7291666666667 25.29732075167896 22.972603572550906
1234.2291666666667 25.299339713456476 22.97341934477962
1234.7291666666667 25.30129571971157 22.97423176521987
1235.2291666666667 25.3032787897669 22.975063062877126
1235.7291666666667 25.30522161290302 22.97587808971216
1236.2291666666667 25.30718149543098 22.97669666089923
1236.7291666666667 25.309160802235446 22.977508774677506
1237.2291666666667 25.311120939274353 22.978325483543898
1237.7291666666667 25.31311459933069 22.979136053213637
1238.2291666666667 25.31506825403495 22.979950866086373
1238.7291666666667 25.31700336409922 22.980760275100106
1239.2291666666667 25.31897339925468 22.981574772468527
1239.7291666666667 25.320918029682915 22.982381706645867
1240.2291666666667 25.322871798339854 22.983180572990392
1240.7291666666667 25.324787667766337 22.983966122902707
1241.2291666666667 25.326751291588785 22.984779477079734
1241.7291666666667 25.328681028117902 22.9855829671813
1242.2291666666667 25.330604523103787 22.986386162897148
1242.7291666666667 25.332543383281568 22.98718217363495
1243.2291666666667 25.334474555417458 22.987989081422654
1243.7291666666667 25.33641161883992 22.98876813585766
1244.2291666666667 25.338328268931797 22.989557849013114
1244.7291666666667 25.34024742868885 22.99034850376073
1245.2291666666667 25.342157589987735 22.991145735529237
1245.7291666666667 25.344080888336972 22.991923432569493
1246.2291666666667 25.34599998840319 22.99271359993208
1246.7291666666667 25.347891791655513 22.993490140049833
1247.2291666666667 25.349787449860848 22.994279053593246
1247.7291666666667 25.35167748241944 22.995062547924633
1248.2291666666667 25.353572747468625 22.99583938401136
1248.7291666666667 25.35545242531034 22.996617083491003
1249.2291666666667 25.357351961723886 22.99738166679787
1249.7291666666667 25.359239817130476 22.998156354403335
1250.2291666666667 25.36112781398124 22.998923285874262
1250.7291666666667 25.363007422601022 22.999693710822164
1251.2291666666667 25.36485864678893 23.000457632931315
1251.7291666666667 25.366693633466628 23.001225637598672
1252.2291666666667 25.36855502034622 23.001985497322906
1252.7291666666667 25.37041993771076 23.00273810481937
1253.2291666666667 25.372252925119586 23.003498479776997
1253.7291666666667 25.374087086456477 23.00424408871244
1254.2291666666667 25.375927132895946 23.004994354158754
1254.7291666666667 25.37772245219514 23.00575084512905
1255.2291666666667 25.379539620079736 23.006495168538184
1255.7291666666667 25.38135825316243 23.007230228065353
1256.2291666666667 25.383156932964944 23.00797235461105
1256.7291666666667 25.38497651209381 23.008707123409557
1257.2291666666667 25.386780075299946 23.009452068944203
1257.7291666666667 25.388587193864502 23.010179809867424
1258.2291666666667 25.39037518298997 23.010917279192363
1258.7291666666667 25.392125134888115 23.01163561404048
1259.2291666666667 25.393910903777567 23.01236946222826
1259.7291666666667 25.395686425473812 23.01309343376342
1260.2291666666667 25.397469643752288 23.013816121349787
1260.7291666666667 25.39921206583713 23.01453102253452
1261.2291666666667 25.40099188054728 23.015254626702372
1261.7291666666667 25.402721521839457 23.015975366876336
1262.2291666666667 25.404458172023357 23.016691050700185
1262.7291666666667 25.406209153325072 23.01739586341401
1263.2291666666667 25.407952712434398 23.0181165305312
1263.7291666666667 25.409725710534122 23.018823123712497
1264.2291666666667 25.411433623161933 23.01953647593686
1264.7291666666667 25.413173396729864 23.020237006988093
1265.2291666666667 25.41488570713957 23.02094733484637
1265.7291666666667 25.416605233544622 23.021652949597776
1266.2291666666667 25.418313643891395 23.022350878468167
1266.7291666666667 25.42005705148236 23.023056943264063
1267.2291666666667 25.42175821290371 23.023761375615315
1267.7291666666667 25.42347828994581 23.02446580801341
1268.2291666666667 25.425199238311468 23.025156546897016
1268.7291666666667 25.426884992041824 23.0258506316708
1269.2291666666667 25.428622744241565 23.02654855401043
1269.7291666666667 25.43030787221455 23.02723301360636
1270.2291666666667 25.432027712713527 23.027936989105662
1270.7291666666667 25.43370953822951 23.02862515352501
1271.2291666666667 25.43538908548014 23.02932692557824
1271.7291666666667 25.43710930435292 23.03001280320568
1272.2291666666667 25.438814995643057 23.030706093201353
1272.7291666666667 25.440477822762535 23.031398768427806
1273.2291666666667 25.442180086022805 23.032083523182692
1273.7291666666667 25.443847259211733 23.03276779403919
1274.2291666666667 25.445582159366403 23.033463738585528
1274.7291666666667 25.447228992253695 23.034138377835784
1275.2291666666667 25.448917235523947 23.034830214693095
1275.7291666666667 25.4506267146238 23.035517938414042
1276.2291666666667 25.45229482752721 23.036206239981155
1276.7291666666667 25.453994861436335 23.03689376775916
1277.2291666666667 25.455669801443072 23.037576993472904
1277.7291666666667 25.45734170294751 23.038263867787187
1278.2291666666667 25.459065528993996 23.03894841994559
1278.7291666666667 25.460751111716874 23.039637823840735
1279.2291666666667 25.462430283453642 23.04031817073531
1279.7291666666667 25.46411821457619 23.041003210979905
1280.2291666666667 25.465802745073553 23.041691678702072
1280.7291666666667 25.467510831500345 23.042367141797616
1281.2291666666667 25.46918139043673 23.043053323963747
1281.7291666666667 25.470854826596554 23.04374279379119
1282.2291666666667 25.47257192539362 23.04442681862902
1282.7291666666667 25.47424788009153 23.045117874694625
1283.2291666666667 25.475928744292162 23.045801596804303
1283.7291666666667 25.47763410227009 23.046487640802628
1284.2291666666667 25.479346535823094 23.047175104230572
1284.7291666666667 25.48105551471499 23.047867998905566
1285.2291666666667 25.48275276559203 23.048557225119954
1285.7291666666667 25.48443938968561 23.049234339227162
1286.2291666666667 25.48612897746166 23.049933050690612
1286.7291666666667 25.487842073511246 23.05061058894878
1287.2291666666667 25.48953710124613 23.051292976104424
1287.7291666666667 25.491218088311285 23.0519788004149
1288.2291666666667 25.49291118286625 23.052658274419613
1288.7291666666667 25.494588180953247 23.053344816226407
1289.2291666666667 25.49624740068677 23.054019123747615
1289.7291666666667 25.49792969307077 23.05468603777706
1290.2291666666667 25.49961284924298 23.055367775596906
1290.7291666666667 25.50128295101651 23.05603892014476
1291.2291666666667 25.50295726720796 23.056719887082902
1291.7291666666667 25.504609746771237 23.057393612400922
1292.2291666666667 25.50628366016314 23.058058251808987
1292.7291666666667 25.507956115287485 23.05873300630114
1293.2291666666667 25.50960997185305 23.059408164770883
1293.7291666666667 25.51126369667429 23.060071028671175
1294.2291666666667 25.512934461141136 23.060745563836512
1294.7291666666667 25.514547914359458 23.061410786258328
1295.2291666666667 25.516221441238642 23.062065132951464
1295.7291666666667 25.517861226329806 23.062745500867806
1296.2291666666667 25.51954522961322 23.063404576961318
1296.7291666666667 25.521149279777656 23.064071407758007
1297.2291666666667 25.52281164731161 23.064740539605495
1297.7291666666667 25.524454760298283 23.065401836096086
1298.2291666666667 25.526102784999644 23.066060312107943
1298.7291666666667 25.527722378423125 23.066718581410235
1299.2291666666667 25.52937524194749 23.067377092523454
1299.7291666666667 25.53103775690871 23.068040193968955
1300.2291666666667 25.532671636351267 23.068698939705126
1300.7291666666667 25.53425492585875 23.069368026050682
1301.2291666666667 25.535928748686885 23.070023051521336
1301.7291666666667 25.53756337794872 23.070681698497673
1302.2291666666667 25.53920373990517 23.071336230656534
1302.7291666666667 25.54082257730279 23.072003256574625
1303.2291666666667 25.54249953460352 23.072658850743963
1303.7291666666667 25.544090083949563 23.07331647540195
1304.2291666666667 25.54573736046917 23.073980227450104
1304.7291666666667 25.547356371855756 23.07464460473817
1305.2291666666667 25.548976069896035 23.075287439012683
1305.7291666666667 25.5506198686698 23.07595639692476
1306.2291666666667 25.5522512363823 23.076614985985096
1306.7291666666667 25.553896488499777 23.077266886147306
1307.2291666666667 25.555539534490617 23.07791970758035
1307.7291666666667 25.557164575532546 23.078587929450826
1308.2291666666667 25.5588022598507 23.079241871305282
1308.7291666666667 25.56046175524772 23.0798931145865
1309.2291666666667 25.56207586013839 23.08056334070011
1309.7291666666667 25.563710492033987 23.081211004622805
1310.2291666666667 25.56532964433478 23.081875841761818
1310.7291666666667 25.56701080227191 23.082529093364954
1311.2291666666667 25.568652348850055 23.083194872871942
1311.7291666666667 25.570299412731437 23.08385379718549
1312.2291666666667 25.571947663161513 23.084509213164633
1312.7291666666667 25.573563444672864 23.08517379230057
1313.2291666666667 25.575232263986326 23.085839330475334
1313.7291666666667 25.576909458891087 23.086491309468048
1314.2291666666667 25.57854985195316 23.087170667117714
1314.7291666666667 25.580217880556066 23.087819507613872
1315.2291666666667 25.5818768544614 23.08847825803469
1315.7291666666667 25.58352246608406 23.089140047098
1316.2291666666667 25.585180089709144 23.08981088578152
1316.7291666666667 25.58684735387782 23.090479932588345
1317.2291666666667 25.588508695039497 23.09114356782959
1317.7291666666667 25.59017507108967 23.0918088386667
1318.2291666666667 25.59186478910235 23.09247949815674
1318.7291666666667 25.59354971231757 23.093144764966503
1319.2291666666667 25.595246703595688 23.093813816935015
1319.7291666666667 25.596886815273304 23.094485305043765
1320.2291666666667 25.598593922290775 23.095164770502606
1320.7291666666667 25.600289184259665 23.095832619434088
1321.2291666666667 25.601960189133916 23.09649739055963
1321.7291666666667 25.60366996437761 23.097173285952497
1322.2291666666667 25.605398150928146 23.097843748677384
1322.7291666666667 25.607068173067624 23.09852177275516
1323.2291666666667 25.608735144285717 23.09919273929717
1323.7291666666667 25.610462073561244 23.099857034691706
1324.2291666666667 25.61213396042545 23.100535536598453
1324.7291666666667 25.613865097969416 23.101211719369864
1325.2291666666667 25.615528857510004 23.10188204212062
1325.7291666666667 25.617227928100064 23.102555778079484
1326.2291666666667 25.618961537667836 23.103238832672762
1326.7291666666667 25.620670050307744 23.103907228405948
1327.2291666666667 25.622355491816307 23.104577461975886
1327.7291666666667 25.624067447475483 23.105248075585514
1328.2291666666667 25.625759760130418 23.105919507219088
1328.7291666666667 25.627488071172444 23.10660355334153
1329.2291666666667 25.629196341542983 23.107270187347986
1329.7291666666667 25.630906508864157 23.107956364903966
1330.2291666666667 25.632612594629393 23.10862831472062
1330.7291666666667 25.63431147834084 23.109301276691937
1331.2291666666667 25.63600539093342 23.109985136831828
1331.7291666666667 25.637744203881535 23.11064771530888
1332.2291666666667 25.639435476249908 23.111332745686703
1332.7291666666667 25.641203691223367 23.112006761230486
1333.2291666666667 25.642870857396062 23.112687883041524
1333.7291666666667 25.644603245832805 23.113356886744867
1334.2291666666667 25.64631154591215 23.11403841117412
1334.7291666666667 25.648034280157162 23.11471789673942
1335.2291666666667 25.649752367502856 23.11539311031816
1335.7291666666667 25.65148843222747 23.11606938606477
1336.2291666666667 25.653211789794142 23.11674802913684
1336.7291666666667 25.654927868275095 23.117419910557857
1337.2291666666667 25.656611710833644 23.118098927171452
1337.7291666666667 25.658383088893824 23.118780393157255
1338.2291666666667 25.660111752321846 23.1194512395671
