FastTrWP/PhaseSpace/IAs/snIa_0.4_25_1_0.0.csv
# %ECSV 0.9
# ---
# datatype:
# - {name: time-rel, datatype: float64}
# - {name: g, datatype: float64}
# - {name: i, datatype: float64}
# schema: astropy-2.0
time-rel g i
[from data line 2773]
1366.3958333333333 -24.390127205556553 -26.659785393459035
1366.8958333333333 -24.388584387873948 -26.65923292082027
1367.3958333333333 -24.38700729312113 -26.658671036970347
1367.8958333333333 -24.385462545883968 -26.658116388654012
1368.3958333333333 -24.383920953158324 -26.657560796426658
1368.8958333333333 -24.38235597200393 -26.657010143667137
1369.3958333333333 -24.38084399542568 -26.656455289493827
1369.8958333333333 -24.37928290464361 -26.6558968384248
1370.3958333333333 -24.37775172493517 -26.655349184209335
1370.8958333333333 -24.376212036373495 -26.65479023304362
1371.3958333333333 -24.374683852728257 -26.65424334866534
1371.8958333333333 -24.373140686379145 -26.653683259963174
1372.3958333333333 -24.371606499650717 -26.65312895265068
1372.8958333333333 -24.37008217603973 -26.65258267060321
1373.3958333333333 -24.36856175608575 -26.652017266187656
1373.8958333333333 -24.36705614855912 -26.65147436960758
1374.3958333333333 -24.365538875456263 -26.650919734556023
1374.8958333333333 -24.363978626088038 -26.650370427229483
1375.3958333333333 -24.36250969325803 -26.64981763247357
1375.8958333333333 -24.36098415361311 -26.649274923387157
1376.3958333333333 -24.35946434109109 -26.648715677843164
1376.8958333333333 -24.357956332693654 -26.648169689844963
1377.3958333333333 -24.35643504996913 -26.64761389712868
1377.8958333333333 -24.354960816240894 -26.647060159226857
1378.3958333333333 -24.353463033039205 -26.646520409940265
1378.8958333333333 -24.35196590697675 -26.645964520097692
1379.3958333333333 -24.35045100306059 -26.645411890980945
1379.8958333333333 -24.348930208067237 -26.64485296057071
1380.3958333333333 -24.34744844522395 -26.644306146744547
1380.8958333333333 -24.345971808539918 -26.643766301840365
1381.3958333333333 -24.344486531436527 -26.643216417230082
1381.8958333333333 -24.343017417620576 -26.642674553898658
1382.3958333333333 -24.34153926896311 -26.64213238736981
1382.8958333333333 -24.340057726516044 -26.64157469760497
1383.3958333333333 -24.338561893128237 -26.641041533491002
1383.8958333333333 -24.337121316617353 -26.640466702978564
1384.3958333333333 -24.335641994102165 -26.639923321085604
1384.8958333333333 -24.33415347482244 -26.639380632645103
1385.3958333333333 -24.332689196232668 -26.638837684748392
1385.8958333333333 -24.33121587655288 -26.638292240545532
1386.3958333333333 -24.32976334690001 -26.637758923569926
1386.8958333333333 -24.328340689749382 -26.63720262156183
1387.3958333333333 -24.326850276967168 -26.63667187826941
1387.8958333333333 -24.325405997282296 -26.63611284357962
1388.3958333333333 -24.323940941652612 -26.63557306215635
1388.8958333333333 -24.32250726427624 -26.635022734175262
1389.3958333333333 -24.321052156053643 -26.634488087878402
1389.8958333333333 -24.319624036081656 -26.633945232152087
1390.3958333333333 -24.31816908213098 -26.633412770774587
1390.8958333333333 -24.316735752510663 -26.63287526110485
1391.3958333333333 -24.315281087067273 -26.63232699402725
1391.8958333333333 -24.31389492638354 -26.631792517008897
1392.3958333333333 -24.312460921038923 -26.631249905799365
1392.8958333333333 -24.31106929427884 -26.630706781912462
1393.3958333333333 -24.30966235681594 -26.630160832615953
1393.8958333333333 -24.308228033914617 -26.62963323097508
1394.3958333333333 -24.306830093365033 -26.629100431025652
1394.8958333333333 -24.30541081212361 -26.62855739678337
1395.3958333333333 -24.30399624689869 -26.628021200662204
1395.8958333333333 -24.302608723049914 -26.627477690063746
1396.3958333333333 -24.301211184533003 -26.626950147460008
1396.8958333333333 -24.29981228960207 -26.626417226499825
1397.3958333333333 -24.29843913009009 -26.625886595356715
1397.8958333333333 -24.297034350489195 -26.625350326501717
1398.3958333333333 -24.29569539628977 -26.624806928337996
1398.8958333333333 -24.2942561166591 -26.62428314412754
1399.3958333333333 -24.292885060486725 -26.623749113518773
1399.8958333333333 -24.291529511716774 -26.62320211858555
1400.3958333333333 -24.290180259815916 -26.6226767248622
1400.8958333333333 -24.288789076064084 -26.62215211614507
1401.3958333333333 -24.287406294606456 -26.62160864019294
1401.8958333333333 -24.286067597534753 -26.62108317451128
1402.3958333333333 -24.284700145287704 -26.62053906209147
1402.8958333333333 -24.28333097575669 -26.620012544775378
1403.3958333333333 -24.28197812304914 -26.619482161998707
1403.8958333333333 -24.280626492768018 -26.61895028157022
1404.3958333333333 -24.279278067383906 -26.61841541817069
1404.8958333333333 -24.27793684615011 -26.617884995530492
1405.3958333333333 -24.276570454891868 -26.617359009651295
1405.8958333333333 -24.2752573725689 -26.61681906603159
1406.3958333333333 -24.2739187910431 -26.61629465594129
1406.8958333333333 -24.272592930381357 -26.615761053116348
1407.3958333333333 -24.271253068216232 -26.6152208177345
1407.8958333333333 -24.269891500297813 -26.6146917082022
1408.3958333333333 -24.268548480520572 -26.614164229048054
1408.8958333333333 -24.267267418065227 -26.61361491866873
1409.3958333333333 -24.265905995698777 -26.61309516824943
1409.8958333333333 -24.264602511203627 -26.612562587244014
1410.3958333333333 -24.26325419265168 -26.612022003449788
1410.8958333333333 -24.26195013022859 -26.61148597947649
1411.3958333333333 -24.260640608986385 -26.610955582388147
1411.8958333333333 -24.259342838991394 -26.610424818988516
1412.3958333333333 -24.25799882202061 -26.609883460131293
1412.8958333333333 -24.256704216782694 -26.609350811132767
1413.3958333333333 -24.25539811499648 -26.608817489598483
1413.8958333333333 -24.25408474963877 -26.608286771254953
1414.3958333333333 -24.25275368807008 -26.60775665434378
1414.8958333333333 -24.251475811710307 -26.607209850449603
1415.3958333333333 -24.25017813215323 -26.606679199687328
1415.8958333333333 -24.248877597152045 -26.606137593822517
1416.3958333333333 -24.247552788649223 -26.605615632363442
1416.8958333333333 -24.246280467785674 -26.60506740145199
1417.3958333333333 -24.244993086181353 -26.604536563473552
1417.8958333333333 -24.243712029961028 -26.604009630157318
1418.3958333333333 -24.24240884872532 -26.603466679558974
1418.8958333333333 -24.24112694859735 -26.602922109169903
1419.3958333333333 -24.239838283635837 -26.60238929515668
