FastTrWP/PhaseSpace/IAs/snIa_0.66_30.00_-0.87_0.00.csv
# %ECSV 0.9
# ---
# datatype:
# - {name: time-rel, datatype: float64}
# - {name: g, datatype: float64}
# - {name: i, datatype: float64}
# schema: astropy-2.0
time-rel g i
[from data line 1770]
494.0 25.527008793870678 22.6198946840173
494.5 25.527735138915556 22.620920427306444
495.0 25.528472881590353 22.621936508205827
495.5 25.529194446954723 22.622952711379035
496.0 25.52990859040506 22.62397984373902
496.5 25.53062176321287 22.62500378522876
497.0 25.531313588300097 22.62602845460774
497.5 25.53199940945991 22.627063880722144
498.0 25.53266627928332 22.628086966221158
498.5 25.533319662282196 22.629113258058318
499.0 25.53399573640543 22.630145502014653
499.5 25.534670919314664 22.631177931387214
500.0 25.535314826688833 22.632213843905852
500.5 25.535982514659796 22.633238373413977
501.0 25.536612539637712 22.63428139138395
501.5 25.537249285713287 22.635319931258536
502.0 25.53787007495519 22.636357612401824
502.5 25.538498378889688 22.637393474114724
503.0 25.53911922162206 22.6384315669964
503.5 25.53972183701829 22.639477184428486
504.0 25.54035239493835 22.640517467526205
504.5 25.540980567893946 22.64156389607466
505.0 25.54156728082216 22.642598811597896
505.5 25.542143538256994 22.643659284374618
506.0 25.54273263846507 22.644690357248294
506.5 25.543339784909634 22.645736403070003
507.0 25.543931248323837 22.64679702439633
507.5 25.544530795041748 22.647844507440492
508.0 25.54513567771375 22.648896448503606
508.5 25.545700178004708 22.649945344022477
509.0 25.546297840180724 22.65098681045322
509.5 25.546855612700362 22.65205031324323
510.0 25.54745442972623 22.65310083419369
510.5 25.548049098134786 22.654155026406706
511.0 25.548639547886722 22.655211831976242
511.5 25.549171187841143 22.656266564420086
512.0 25.549764119694977 22.6573226323025
512.5 25.55036236287801 22.658391809784433
513.0 25.550937112579426 22.659440448988583
513.5 25.551523973909124 22.660499864458785
514.0 25.552097186680513 22.661560648637224
514.5 25.552689117981842 22.662623060649775
515.0 25.553272417035004 22.663679436100246
515.5 25.55386000200607 22.664751585545275
516.0 25.554454549702882 22.665803755762873
516.5 25.55504907927403 22.666877527103427
517.0 25.555638951059308 22.667938101194352
517.5 25.556244202683345 22.66899712012895
518.0 25.55683698012057 22.67007118693649
518.5 25.557489053959802 22.67113499724769
519.0 25.5580567335042 22.672198669310063
519.5 25.55867709196257 22.673269919263422
520.0 25.559304025086224 22.674336108286045
520.5 25.559937776197298 22.675403187128392
521.0 25.560567776910965 22.676471614416766
521.5 25.561203635565214 22.677541578367038
522.0 25.561862792672564 22.678608871082766
522.5 25.562512630529213 22.679684518126003
523.0 25.56319717046963 22.68075960515648
523.5 25.563832910245388 22.681827532476042
524.0 25.564499501305704 22.682898881122902
524.5 25.565188313265985 22.683966458026198
525.0 25.56585042666155 22.685046895942037
525.5 25.566551373495535 22.68611567037649
526.0 25.567274828116126 22.68719078587727
526.5 25.56795783710077 22.688263108383296
527.0 25.56867539544789 22.689334395589746
527.5 25.569450419474947 22.69041709016825
528.0 25.570140936628228 22.691485184829617
528.5 25.570930211256066 22.692562880962473
529.0 25.571677835893194 22.693640348923513
529.5 25.572450004573675 22.694706852728665
530.0 25.573259179029222 22.695790007093223
530.5 25.57403805114372 22.696868333663627
531.0 25.57484456963173 22.6979439472143
531.5 25.575626689165 22.699016002376922
532.0 25.576462676400364 22.700089496203027
532.5 25.57731771933674 22.701169290832283
533.0 25.57818363726654 22.702242566345827
533.5 25.57906174443676 22.7033266197111
534.0 25.579925754968713 22.704398374874213
534.5 25.580818135530592 22.70547021356179
535.0 25.58170255209419 22.706558237936683
535.5 25.58260685911239 22.70763946356262
536.0 25.583493064292973 22.708707303685127
536.5 25.584403452167134 22.709789267851562
537.0 25.585368101856886 22.710863993625544
537.5 25.58628988730492 22.711946738399618
538.0 25.587187044780798 22.71302337217461
538.5 25.58817727946567 22.71411181789987
539.0 25.58912358702049 22.715185938139552
539.5 25.59008125275301 22.716261718784047
540.0 25.59103160661653 22.7173413266229
540.5 25.592020098459866 22.718423004613342
541.0 25.592959921282734 22.719510993616325
541.5 25.5939838379857 22.720589627862488
542.0 25.59495226038479 22.721677367434033
542.5 25.595926745237264 22.72276120578227
543.0 25.59692557625607 22.723843941715153
543.5 25.597957856771004 22.724927272723935
544.0 25.59895489824285 22.72601017778747
544.5 25.599976658140594 22.727099771185216
545.0 25.60098003921972 22.72818415298691
545.5 25.602019609729357 22.72926839691059
546.0 25.603059146913655 22.730362711346377
546.5 25.604131905362436 22.731446059835662
547.0 25.605178052939138 22.732526296817444
547.5 25.606210475155496 22.733613108607283
548.0 25.60728476216756 22.73470920050405
548.5 25.608379419800634 22.735791904019116
549.0 25.60941649424576 22.73688695090806
549.5 25.610511402351015 22.73798028026629
550.0 25.611612081070724 22.739073359266115
550.5 25.612706029572834 22.74015894612266
551.0 25.61381298776699 22.74125340126925
551.5 25.61490174342541 22.742340778384293
552.0 25.616033554905933 22.743436737557747
552.5 25.61712497663581 22.744533998422195
553.0 25.618298663444065 22.74562447093544
553.5 25.619420762938603 22.746719763273767
554.0 25.620566324389213 22.747819875901754
554.5 25.621692223213742 22.748920699740726
555.0 25.622871524328417 22.750015639340198
555.5 25.624071967742857 22.75111038063649
556.0 25.62520603850634 22.752211570196334
556.5 25.626373150696338 22.753301089416645
557.0 25.627587428077977 22.754402346793945
557.5 25.628775235058985 22.755503695496575
558.0 25.629981008969995 22.7566055528883
558.5 25.63113522159338 22.757709179394652
559.0 25.632393108488426 22.758808073163003
559.5 25.633603010370685 22.759913051317916
560.0 25.6348329001802 22.761009913612508
560.5 25.63604413968024 22.76211538856957
561.0 25.637280690584348 22.763214170954328
561.5 25.638562075667004 22.764326681564246
562.0 25.639791955909406 22.765437065557418
562.5 25.64107318369331 22.766532758271122
563.0 25.64235174083857 22.767645332310344
563.5 25.643599043057645 22.768752364768616
564.0 25.644890980802792 22.769853747477544
564.5 25.646174671838793 22.770968747552303
565.0 25.647452247528268 22.77208062610978
565.5 25.648787025824547 22.77319136162873
566.0 25.650074203556205 22.77430820959802
566.5 25.651410939118403 22.775412955650502
567.0 25.652733536296843 22.776524931860042
567.5 25.654062624773584 22.777634692691862
568.0 25.65541269946188 22.778755359812735
568.5 25.656749851778017 22.7798627181851
569.0 25.658128099191224 22.780983183621185
569.5 25.659490976248378 22.782097966612454
570.0 25.660844619701983 22.783219954813802
570.5 25.66223487441047 22.784342778124177
571.0 25.663610316337508 22.785457159162753
571.5 25.664989388107266 22.786567992591703
572.0 25.666428590477803 22.787699226833922
572.5 25.667830213928173 22.788809269176483
573.0 25.66922320479744 22.789937364106795
573.5 25.67066130996779 22.791060154064482
574.0 25.67209900340076 22.79218868637988
574.5 25.673536544476292 22.79330973739132
575.0 25.674980634519887 22.79443706848668
575.5 25.676431189933005 22.7955578474049
576.0 25.67789478848478 22.796686076584912
576.5 25.679354518398924 22.79781499344668
577.0 25.680856158046467 22.798934037580004
577.5 25.682323861261903 22.800070109821206
578.0 25.683766618704933 22.80119608326111
578.5 25.685326856508905 22.802326684449095
579.0 25.686801151200186 22.803455035222306
579.5 25.6883396539498 22.80459026377755
580.0 25.689869189615713 22.80571685672477
580.5 25.691403813443582 22.806853892604423
581.0 25.69294503921116 22.807986825373238
581.5 25.6944786057856 22.809115237278256
582.0 25.696060444793105 22.810246397461796
582.5 25.69762173379658 22.811385228091066
583.0 25.699190331433222 22.812510481957247
583.5 25.700754024108136 22.813653573942577
584.0 25.70237438085713 22.814788619096035
584.5 25.703933413177115 22.815924411361948
585.0 25.705562860229833 22.817069438054784
585.5 25.707153040203934 22.81821093605788
586.0 25.708764113688396 22.81934635197547
586.5 25.71042772833367 22.82048675375854
587.0 25.712058210756105 22.821627770273267
587.5 25.713715470132108 22.822775449791344
588.0 25.715345853729488 22.823907577226613
588.5 25.717069767202524 22.825048960654403
589.0 25.71869624678349 22.826196372919934
589.5 25.720395586516744 22.827339517840713
590.0 25.72206400118711 22.82849365192017
590.5 25.72378421609304 22.829635075352286
591.0 25.725497647483575 22.830777291055387
591.5 25.727191104109913 22.83193589487531
592.0 25.728925875489303 22.83307937338111
592.5 25.73061898813503 22.834227230511082
593.0 25.73241116572262 22.835373668003882
593.5 25.734150359237052 22.836524772001482
594.0 25.73592616706182 22.83767688263743
594.5 25.737678954403375 22.838829301148174
595.0 25.739499273756973 22.839976173804505
595.5 25.741286986558084 22.841133424794798
596.0 25.74304280714857 22.842292572538767
596.5 25.744870157762243 22.843441598790545
597.0 25.7466625683591 22.844597267102465
597.5 25.74851438891152 22.84575903242882
598.0 25.75034586130424 22.846918351246984
598.5 25.752198735877005 22.84807018723034
599.0 25.75408495889684 22.849234262904226
599.5 25.755910070978544 22.85039304333305
600.0 25.757826174220497 22.851555100186328
600.5 25.759655448087926 22.85271689760888
601.0 25.76158336496777 22.853875167252514
601.5 25.763489473205254 22.855046093459606
602.0 25.765408531808966 22.856218249242296
602.5 25.767291926217833 22.8573700889142
603.0 25.76925615801693 22.85854605322622
603.5 25.771211131817992 22.859707291901042
604.0 25.77316211256308 22.86087590351275
604.5 25.775137290610086 22.862043644621934
605.0 25.777092793800396 22.863219596935423
605.5 25.77907702466937 22.864386762030477
606.0 25.781068736018234 22.86555782530393
606.5 25.783067803976863 22.866737981023533
607.0 25.78508342696628 22.867907293239867
607.5 25.78711550394976 22.8690823602895
608.0 25.789161609765156 22.870263723645273
608.5 25.79122621530982 22.87144168176652
609.0 25.793232028220988 22.87261446372299
609.5 25.795362229632754 22.873796508963938
610.0 25.79741705370761 22.874977402343948
610.5 25.799496863914687 22.876150606956223
611.0 25.801591164460582 22.877334685536663
611.5 25.803727285379505 22.878520955013627
612.0 25.805850180028553 22.879699633187364
612.5 25.80798151302715 22.880887930405045
613.0 25.810147127726584 22.88207507111696
613.5 25.812284981741648 22.88326542169112
614.0 25.814474777188117 22.884455803000442
614.5 25.81666684181473 22.885646199255582
615.0 25.818839569453736 22.886824971727574
615.5 25.821080217550243 22.888018239646193
616.0 25.82330009282172 22.88921536140938
616.5 25.82547959812765 22.890410063955674
617.0 25.827754540881287 22.891597229278467
617.5 25.830015489982795 22.892793969180044
618.0 25.832333609935354 22.89399288815591
618.5 25.834611166760162 22.89518007303323
619.0 25.836903107332102 22.896385388502377
619.5 25.839217451735024 22.89758464001107
620.0 25.841529009131698 22.89878432397204
620.5 25.843863792462344 22.89998156458788
621.0 25.846206692848558 22.901190290527097
621.5 25.84860191339527 22.90238887151849
622.0 25.850997253260037 22.903584264740072
622.5 25.853352835627547 22.904793272646646
623.0 25.855775403761644 22.90600156948765
623.5 25.85822853823503 22.907210779191423
624.0 25.860628383744007 22.90840970110469
624.5 25.863105297744227 22.909616050712902
625.0 25.865554242929978 22.910822141754693
625.5 25.86800980384708 22.912036926637327
626.0 25.870479713883295 22.913250358230254
626.5 25.872995790456017 22.914463700529367
627.0 25.875529081302812 22.915674207569307
627.5 25.87805496012091 22.916878605138603
628.0 25.880581703615334 22.91810162045564
628.5 25.883137448473583 22.919315973232774
629.0 25.885689463533698 22.92054086399496
629.5 25.88825948475778 22.921752236406576
630.0 25.890863522521876 22.922975189294345
630.5 25.8934670166638 22.924200443705963
631.0 25.89608759704864 22.92541380925483
631.5 25.89872187725299 22.926634408643235
632.0 25.90136538012491 22.927854722461134
632.5 25.904042307264188 22.929086418508085
633.0 25.906677520629607 22.93031333291667
633.5 25.909368250404505 22.931533989672847
634.0 25.912047706414164 22.932754003443915
634.5 25.91476826890399 22.933989494178
635.0 25.917481340677195 22.935217985051
635.5 25.92020532169251 22.936443108228254
636.0 25.922969736438137 22.937678971705733
636.5 25.925724865097955 22.938906610789516
637.0 25.92851415761283 22.94014251479585
637.5 25.931270422082775 22.941380853698274
638.0 25.934055647019903 22.942608163969656
638.5 25.936879831408667 22.943851786706738
639.0 25.93973527545115 22.945081218752314
639.5 25.94253570741963 22.946310006628856
640.0 25.945379573673193 22.94756290360409
640.5 25.94827160324201 22.948804975435557
641.0 25.951134615185406 22.950036435208485
641.5 25.954029598910445 22.951284278759875
642.0 25.956932076082904 22.95253110795409
642.5 25.959862607606944 22.953775421646505
643.0 25.962776967198575 22.955011788760466
643.5 25.965702125234117 22.956261648090187
644.0 25.96866645704661 22.957506356010708
644.5 25.971639414907195 22.958751459682066
645.0 25.974634511720684 22.96000904651568
645.5 25.977605839793224 22.961256577069715
646.0 25.980613833904865 22.962506819424704
646.5 25.98360026885778 22.963770407779517
647.0 25.986663720363275 22.965011946847977
647.5 25.989736241915576 22.966270920655326
648.0 25.992735176419522 22.96753399130938
648.5 25.99579806204442 22.968783502018034
649.0 25.998903085822448 22.97003336519132
649.5 26.00195617936642 22.971311341226134
650.0 26.005071011522418 22.97255808810862
650.5 26.00822331387269 22.97381767376464
651.0 26.011350046492435 22.975089487549866
651.5 26.014509324031895 22.97634473903814
652.0 26.01765368035755 22.97761233633649
652.5 26.020816376365318 22.97888449686365
653.0 26.024005553040283 22.9801414245446
653.5 26.027190901387062 22.981415597947027
654.0 26.03039296891204 22.982685530891082
654.5 26.033649618834914 22.983956115908832
655.0 26.03695817453731 22.9852249108919
655.5 26.040275253180614 22.98650499273542
656.0 26.043618979742163 22.98777668699377
656.5 26.047007543019628 22.989054695369152
657.0 26.050423327868625 22.990329663647188
657.5 26.053841400665473 22.991614402508
658.0 26.057352859659865 22.992895769370598
658.5 26.060901456836906 22.994187242054764
659.0 26.064432135224884 22.995474028672636
659.5 26.067997071318423 22.996764668398967
660.0 26.071636351044898 22.998046507065645
660.5 26.075269535121024 22.99934068769092
661.0 26.07891207392944 23.000620582128338
661.5 26.082606832898662 23.001910842370545
662.0 26.08636531029907 23.00321372596884
662.5 26.090086427105174 23.004510710038385
663.0 26.09385896295127 23.005808384857033
663.5 26.097647792384052 23.007098614732048
664.0 26.101428491919837 23.008409557057476
664.5 26.105310080031888 23.009706499518693
665.0 26.10919495822219 23.01101504434213
665.5 26.1130800127223 23.012312743922493
666.0 26.117007920942715 23.013614457807957
666.5 26.120927202332908 23.014925869848852
667.0 26.124869501011485 23.01623300075432
667.5 26.128888368030637 23.017533206037072
668.0 26.13288433939589 23.0188475243056
668.5 26.136917780976965 23.020155705642065
669.0 26.140940680329557 23.021474031496368
669.5 26.144994269197337 23.022791506477844
670.0 26.149091509252777 23.02410131576338
670.5 26.15317521696864 23.02540598727392
671.0 26.15728151005542 23.026730924734306
671.5 26.161414637614996 23.02804873199054
672.0 26.1655452938352 23.029362425733886
672.5 26.169702767030884 23.03068548823543
673.0 26.173833308092735 23.031996197255037
673.5 26.178013276769576 23.033330084216487
674.0 26.182188092909882 23.034653953140452
674.5 26.186364710539408 23.035967274420216
675.0 26.19057846464138 23.0372859618234
675.5 26.194797076644054 23.038618991836376
676.0 26.199000905010838 23.039939593006174
676.5 26.203250954289196 23.04126551669066
677.0 26.207407619120904 23.04259178265722
677.5 26.21168281623353 23.043920581345212
678.0 26.2159240785336 23.045247637233402
