FastTrWP/PhaseSpace/IAs/snIa_0.39_30.00_-0.48_-0.25.csv
# %ECSV 0.9
# ---
# datatype:
# - {name: time-rel, datatype: float64}
# - {name: g, datatype: float64}
# - {name: i, datatype: float64}
# schema: astropy-2.0
time-rel g i
[from data line 866]
627.7083333333334 22.634976215754445 22.80229337166375
628.2083333333334 22.635212726157754 22.801664474799985
628.7083333333334 22.63544919383197 22.80104257860167
629.2083333333334 22.63569557385397 22.80042905289887
629.7083333333334 22.635950368235655 22.799809070592563
630.2083333333334 22.636209518586735 22.799202148493404
630.7083333333334 22.636467555421426 22.79858213400219
631.2083333333334 22.636726839023005 22.797981545633306
631.7083333333334 22.63700540814094 22.797375032791855
632.2083333333334 22.637274298250656 22.79677020393293
632.7083333333334 22.63755194296252 22.796171074320686
633.2083333333334 22.63783925651449 22.795573984041194
633.7083333333334 22.63813369561309 22.794978692397862
634.2083333333334 22.638431307092137 22.794392917204483
634.7083333333334 22.638732730362822 22.793792255296506
635.2083333333334 22.639028851769794 22.79320469850643
635.7083333333334 22.63934611620701 22.79262539563735
636.2083333333334 22.639656313601474 22.792041582787732
636.7083333333334 22.639985514277527 22.791466558986624
637.2083333333334 22.640302344519153 22.790879871292034
637.7083333333334 22.64063588610414 22.790309773472565
638.2083333333334 22.640976635588466 22.789739396630083
638.7083333333334 22.641312908898115 22.78916869689619
639.2083333333334 22.641663444488366 22.78859924040514
639.7083333333334 22.642014706376802 22.78803884925103
640.2083333333334 22.642373378882947 22.787478516628767
640.7083333333334 22.642737830280858 22.786921633551064
641.2083333333334 22.64310353224042 22.78636974836081
641.7083333333334 22.643473298397986 22.7858126774281
642.2083333333334 22.643853006891064 22.785254265914507
642.7083333333334 22.6442412332462 22.784716935251716
643.2083333333334 22.644623722172874 22.784161647594807
643.7083333333334 22.645018302006918 22.78362505614998
644.2083333333334 22.645419817911527 22.783091664850716
644.7083333333334 22.645823214829186 22.782552202385133
645.2083333333334 22.646237664251196 22.78201221918369
645.7083333333334 22.64664724064304 22.781480977316804
646.2083333333334 22.647075730806012 22.78096069891902
646.7083333333334 22.647504064323748 22.780431020633834
647.2083333333334 22.647932462249724 22.77990371786015
647.7083333333334 22.648362044156713 22.779391507801968
648.2083333333334 22.64880129163351 22.778876420968956
648.7083333333334 22.649254656436383 22.778352404359772
649.2083333333334 22.649713228047823 22.777843364564596
649.7083333333334 22.650164967561008 22.777337166806348
650.2083333333334 22.65063077877372 22.776830964006717
650.7083333333334 22.65110414386494 22.7763315124537
651.2083333333334 22.651582162568996 22.775830235121
651.7083333333334 22.652061791184273 22.775330806474297
652.2083333333334 22.65255170440916 22.774833902147055
652.7083333333334 22.65304028316009 22.77434801043105
653.2083333333334 22.653537624253957 22.773851605370936
653.7083333333334 22.654043665450633 22.77337416950295
654.2083333333334 22.654558662881644 22.77289062626258
654.7083333333334 22.65507313151889 22.772407246003596
655.2083333333334 22.65559016252297 22.771930021772416
655.7083333333334 22.656124858575616 22.771454129776853
656.2083333333334 22.656645033529593 22.770979599472607
656.7083333333334 22.65719164525302 22.77051296216678
657.2083333333334 22.657733895515094 22.770057287758817
657.7083333333334 22.658284756917872 22.769583199011866
658.2083333333334 22.65883345013485 22.769122328705723
658.7083333333334 22.659394718583286 22.768666695562835
659.2083333333334 22.65995991152351 22.768209500436676
659.7083333333334 22.660538809719604 22.767767500288034
660.2083333333334 22.66111818213141 22.767318896766927
660.7083333333334 22.661705683400587 22.76687165422858
661.2083333333334 22.6623016298391 22.766429411804374
661.7083333333334 22.66289712459473 22.765986762123525
662.2083333333334 22.66351196500147 22.765558488639826
662.7083333333334 22.664124963636297 22.765120357301647
663.2083333333334 22.664751032945524 22.764684504727928
663.7083333333334 22.665386162595254 22.764257494648803
664.2083333333334 22.666020233332908 22.76382497682926
664.7083333333334 22.6666733501473 22.76340151002378
665.2083333333334 22.66732871098549 22.762982661461688
665.7083333333334 22.667993498645927 22.7625647042754
666.2083333333334 22.668663551570386 22.76215399478736
666.7083333333334 22.669334306636927 22.761739835037773
667.2083333333334 22.670020315648124 22.761328473381873
667.7083333333334 22.670714081689933 22.76091401078002
668.2083333333334 22.671411097812854 22.760524549337326
668.7083333333334 22.672114608977626 22.760113833174405
669.2083333333334 22.67282296375287 22.75971543817046
669.7083333333334 22.673546437664616 22.75931098414292
670.2083333333334 22.674256943662556 22.758922245669776
670.7083333333334 22.674990379582148 22.758526229613032
671.2083333333334 22.675731261874578 22.758138833066532
671.7083333333334 22.676464214513267 22.75775368135954
672.2083333333334 22.67720997160497 22.757368673903592
672.7083333333334 22.677963250489185 22.756985515848864
673.2083333333334 22.678718977166348 22.756607496253732
673.7083333333334 22.679481883419 22.756233609005427
674.2083333333334 22.680258587290368 22.75586015629382
674.7083333333334 22.68103522352249 22.755478653858177
675.2083333333334 22.681815366958027 22.7551215419436
675.7083333333334 22.68259630644481 22.754753931617692
676.2083333333334 22.683394702010723 22.754388313893223
676.7083333333334 22.68418705330746 22.754038606020693
677.2083333333334 22.68498155838829 22.75366833422106
677.7083333333334 22.685786416816136 22.75332317529045
678.2083333333334 22.68660520645121 22.75296940589574
678.7083333333334 22.687427405156807 22.75262532397601
679.2083333333334 22.688236193413438 22.75227672288289
679.7083333333334 22.68906213106845 22.75193239884581
680.2083333333334 22.689891831768506 22.75159261905353
680.7083333333334 22.690726011957665 22.75125511956556
681.2083333333334 22.69156424912655 22.750914958619827
681.7083333333334 22.69240102630613 22.750576317965
682.2083333333334 22.69324196417935 22.750253157930832
682.7083333333334 22.694096837898464 22.74992645455817
683.2083333333334 22.694945985020254 22.749593336100848
683.7083333333334 22.695801586334117 22.74928045030738
684.2083333333334 22.696654016768907 22.748958867246657
684.7083333333334 22.69752032069737 22.748645753561604
685.2083333333334 22.698390122670517 22.748330303249453
685.7083333333334 22.699250160262793 22.7480148100182
686.2083333333334 22.700127059610104 22.747705717013638
686.7083333333334 22.7010045039704 22.74739554798564
687.2083333333334 22.701877201098164 22.747090815172463
687.7083333333334 22.702755445260735 22.746796861380098
688.2083333333334 22.70364882313734 22.746500538016964
688.7083333333334 22.704535673123246 22.74620031840382
689.2083333333334 22.705413669116112 22.745916283670233
689.7083333333334 22.70629868032929 22.74562132783942
690.2083333333334 22.70719573567993 22.7453351412274
690.7083333333334 22.708088076689826 22.74504600648127
691.2083333333334 22.708988845555027 22.744772856365408
691.7083333333334 22.709895388896292 22.744486533911918
692.2083333333334 22.710775286145758 22.74421750441535
692.7083333333334 22.711682247311238 22.743948216611948
693.2083333333334 22.712591549259823 22.743671719358694
