FastTrWP/PhaseSpace/IAs/snIa_0.64_30.00_-0.19_0.25.csv
# %ECSV 0.9
# ---
# datatype:
# - {name: time-rel, datatype: float64}
# - {name: g, datatype: float64}
# - {name: i, datatype: float64}
# schema: astropy-2.0
time-rel g i
[from data line 702]
-13.0 24.786577296626056 22.24517250121096
-12.5 24.786383934060247 22.24435339549443
-12.0 24.78620218222906 22.243535665918493
-11.5 24.786049093649098 22.24273054543911
-11.0 24.78588593752474 22.241915719466956
-10.5 24.785710707570342 22.241114305992703
-10.0 24.785580857719758 22.240307967911022
-9.5 24.785431086602205 22.239507700481163
-9.0 24.785293252451204 22.238712470441065
-8.5 24.785161172300903 22.237926063768967
-8.0 24.785059150902455 22.237132363126456
-7.5 24.784944522979306 22.23634662082301
-7.0 24.784834336585767 22.235562343481114
-6.5 24.784745618328717 22.234789488732353
-6.0 24.78464912321006 22.234014283997297
-5.5 24.78457195979906 22.233238421308634
-5.0 24.78449856179616 22.232468203517072
-4.5 24.784432395210267 22.231702044497826
-4.0 24.784381043731493 22.23093573952
-3.5 24.78433311844337 22.230180323854334
-3.0 24.784288072616615 22.22942463301226
-2.5 24.784248004805256 22.228672978539315
-2.0 24.784222290686643 22.227925461599067
-1.5 24.78421451460084 22.227175680198883
-1.0 24.784193544894144 22.226429746839415
-0.5 24.78418435011658 22.22568912134853
0.0 24.78417103352079 22.224953089841613
0.5 24.78419415080795 22.22422075185555
1.0 24.784192555236505 22.223483796304002
1.5 24.784210314964483 22.222756824024998
2.0 24.784238069147207 22.222035242064123
2.5 24.784267085052708 22.221306954408192
3.0 24.784314204580255 22.220594022353218
3.5 24.784345170488958 22.219872019549925
4.0 24.78440797706466 22.219163440328007
4.5 24.78446407245018 22.218456706297147
5.0 24.784508539713634 22.217744216824546
5.5 24.784592855753516 22.217041997978644
6.0 24.784655316554538 22.216341576216095
6.5 24.78472061143778 22.21564613788699
7.0 24.784824550472308 22.214949924131943
7.5 24.784917614869244 22.21425248124425
8.0 24.78498735628274 22.213565602034215
8.5 24.78511192029527 22.21287926475393
9.0 24.785181412838146 22.212202097037412
9.5 24.785322114713736 22.211522974746973
10.0 24.785420348648618 22.21084781039945
10.5 24.785528947978325 22.21016646994702
11.0 24.785657631402568 22.209494211539855
11.5 24.785791739617842 22.208830521324714
12.0 24.785935532715794 22.20816295979212
12.5 24.786069272093613 22.20749807240972
13.0 24.786198572162675 22.2068481151735
13.5 24.78635382248466 22.206186551748985
14.0 24.786527224579725 22.205529013638234
14.5 24.786673597916696 22.204880233032856
15.0 24.786834110832658 22.204236035229687
15.5 24.78699156766602 22.203588511046938
16.0 24.787153344873577 22.202945433775454
16.5 24.787346121750737 22.202306482021324
17.0 24.787509975943912 22.20167237972465
17.5 24.787702028004006 22.20103885129607
18.0 24.787868938591245 22.200408726159864
18.5 24.78807278009993 22.199782088875352
19.0 24.788245707587578 22.199151100025464
19.5 24.788435602888526 22.198531304232425
20.0 24.788639750822462 22.19791297438337
20.5 24.788845840781192 22.197297280374755
21.0 24.789027701841352 22.196682643943497
21.5 24.789265692181523 22.19607361499758
22.0 24.789472772225945 22.195462177969702
22.5 24.78968095188279 22.194854451782966
23.0 24.789889636208585 22.19425364593242
23.5 24.790119250819373 22.193648906428013
24.0 24.790345713837546 22.193055936889916
24.5 24.790557265884505 22.192460086557148
25.0 24.790782356422017 22.191866734641607
25.5 24.79101272384351 22.191279295395123
26.0 24.791264656098917 22.190689099041087
26.5 24.79148145133712 22.19011038219818
27.0 24.79173219118577 22.189526902783278
27.5 24.791964031680692 22.188951295170867
28.0 24.792195448001294 22.188370573071907
28.5 24.792420158937894 22.187799775887243
29.0 24.792684084471258 22.187228474152207
29.5 24.79292193490786 22.186662139265188
30.0 24.79317423276286 22.18609152664088
30.5 24.79342832209891 22.18553330539045
31.0 24.79371129589548 22.184974902513687
31.5 24.793952437890393 22.18441269031167
32.0 24.794225689500173 22.183858060988413
32.5 24.79448999154208 22.183302478280563
33.0 24.79475577759117 22.182755597509015
33.5 24.795026887225248 22.18220545554122
34.0 24.79530802879985 22.18166162208702
34.5 24.795598168007583 22.181116335273366
35.0 24.795881265576853 22.18058173231324
35.5 24.796182025727074 22.180037114263783
36.0 24.796455594166908 22.17950343534023
36.5 24.7967717090313 22.178971226647043
37.0 24.797085140250022 22.17843898871871
37.5 24.797387976920483 22.177911899575683
38.0 24.797683211998578 22.1773841794983
38.5 24.79801745634413 22.176864535801407
39.0 24.798304538825974 22.17634058107722
39.5 24.798652965414362 22.1758212820434
40.0 24.798987082651067 22.175310238493186
40.5 24.799331094390894 22.17479736515979
41.0 24.799640278012628 22.174286400098904
41.5 24.79998589311011 22.173771705992333
42.0 24.800302454672153 22.17327372554554
42.5 24.800666562089578 22.172767992849778
43.0 24.801001495887093 22.172271887921376
43.5 24.80139701113663 22.17177487189343
44.0 24.80173678365698 22.171276606863195
44.5 24.802083454642066 22.17079552847427
45.0 24.802467346254247 22.170296139497417
45.5 24.80285729307637 22.16981615534725
46.0 24.803206581120133 22.16933195102914
46.5 24.80359573995758 22.168853411896926
47.0 24.80396838194231 22.168375570965317
47.5 24.804366245034085 22.16789501865568
48.0 24.804764366645145 22.167427563823097
48.5 24.80515368885712 22.166953485681482
49.0 24.805551480630644 22.166483954762235
49.5 24.805963784896562 22.166020021879007
50.0 24.806351509670446 22.165563849067293
50.5 24.806779356712333 22.16509860126477
51.0 24.807219344661032 22.164641768566756
51.5 24.807610906938447 22.16418568835268
52.0 24.80804665124969 22.163731777917853
52.5 24.808468427634175 22.163293803146182
53.0 24.808912091665547 22.162843248336543
53.5 24.80934768609594 22.162400110568505
54.0 24.80980511749398 22.161963080935006
54.5 24.81024718105301 22.161524946565365
55.0 24.810698885710842 22.161093474628352
55.5 24.811155824833435 22.160660948778542
56.0 24.81161998087984 22.160231826689014
56.5 24.81208706903866 22.15980701758093
57.0 24.812552295049223 22.159387515559228
57.5 24.81304422299374 22.15896728184805
58.0 24.813518763392427 22.158542816498116
58.5 24.81400597366794 22.15813898114014
59.0 24.814487495748242 22.15772308502828
59.5 24.814983772767224 22.157306998863127
60.0 24.815481642066107 22.156910817290058
60.5 24.8159784906 22.15650595397007
61.0 24.816485261553183 22.15610543433052
61.5 24.816996894144143 22.155706862605207
62.0 24.817520874934885 22.155320932750833
62.5 24.818031860215267 22.154922730694228
63.0 24.818554247250212 22.154537626670702
63.5 24.819078839836802 22.154147471626246
64.0 24.81962163006003 22.153767328599816
64.5 24.820162260666542 22.15338225897775
65.0 24.820693942011797 22.15300948990951
65.5 24.821270938846887 22.152641051940513
66.0 24.821813474311867 22.152269794833522
66.5 24.822373740219206 22.15190465608842
67.0 24.8229312571665 22.15153141667459
67.5 24.823504662710377 22.15117905612776
68.0 24.824080647613552 22.15081124381507
68.5 24.824651534128588 22.150461701325415
69.0 24.825249707795628 22.150113989069915
69.5 24.82583506200392 22.149762802025666
70.0 24.826451891330315 22.149413957515257
70.5 24.82701923626943 22.14907134910842
71.0 24.82761094840499 22.148728292524403
71.5 24.828220911030474 22.148386390358038
72.0 24.82883584329675 22.148049226320865
72.5 24.829446729654833 22.147712848563167
73.0 24.830081533066995 22.147383268931268
73.5 24.830714677641403 22.147055639930763
74.0 24.831324590172077 22.14673566792132
74.5 24.831955920612128 22.14640255070757
75.0 24.832597192220657 22.14608266362383
75.5 24.833245209082232 22.14576145832499
76.0 24.833886640124273 22.145446294073245
76.5 24.834561886959698 22.145129218787545
77.0 24.83519800101679 22.14482304470989
77.5 24.835858197234035 22.144514301698187
78.0 24.836528891471225 22.144212574213967
78.5 24.83720238854412 22.14390517131136
79.0 24.83786368574382 22.143608671850945
79.5 24.838561336657705 22.143312386654106
80.0 24.83925996602284 22.143012420214525
80.5 24.83995204001383 22.1427184122053
81.0 24.84063551646486 22.142432976947944
81.5 24.841355371485896 22.142146819065918
82.0 24.842030302842563 22.14185848869458
82.5 24.842754654597137 22.14158021170665
83.0 24.843481817813405 22.141303568218987
83.5 24.844181275991954 22.141021843046754
84.0 24.844910686430918 22.140743170630046
84.5 24.845651371886834 22.140476447232537
85.0 24.84636711844817 22.14021621147741
85.5 24.847111773708228 22.139949996730223
86.0 24.847849721921694 22.13968616925563
86.5 24.848614523232776 22.13942617127454
87.0 24.84937284189748 22.139169308522014
87.5 24.850135753657817 22.138903906919708
88.0 24.850896287320865 22.138656382303754
88.5 24.851658528048638 22.138414379401926
89.0 24.85243084945576 22.138160581603742
89.5 24.85321358880967 22.137918505468967
90.0 24.853978761518224 22.13768123105339
90.5 24.854782278823222 22.137444296882393
91.0 24.85557472153916 22.13720746979436
91.5 24.856367291405206 22.13697650559631
92.0 24.85717431448604 22.136746694666797
92.5 24.85798965288961 22.13652004710034
93.0 24.85880028029534 22.136293426003213
93.5 24.85963812426043 22.136071694883626
94.0 24.860462474800652 22.135856768136893
94.5 24.861296094726338 22.13563863004562
95.0 24.862155763516455 22.135424457970455
95.5 24.862966201390705 22.135215928294198
96.0 24.863839766893268 22.135011287202353
96.5 24.864679117638502 22.13480325808423
97.0 24.865521944905204 22.134607339618114
97.5 24.866369105470035 22.134412992823695
98.0 24.86724836225514 22.13420752280863
98.5 24.868136828044854 22.134020718077615
99.0 24.869011101532493 22.133830373604244
99.5 24.8698940209904 22.13364218543829
100.0 24.870792477913362 22.13345651122712
100.5 24.87167133729777 22.133276825208732
101.0 24.872584232694855 22.13309563617718
101.5 24.873498013178576 22.132924834141456
102.0 24.874400585845045 22.13275393361808
102.5 24.875316744044472 22.132584106481318
103.0 24.876222147004604 22.132416978895975
103.5 24.877165667357218 22.132249749445375
104.0 24.878081681707958 22.132089179389702
104.5 24.8790384648579 22.131931394186797
105.0 24.879990238713017 22.131776935096738
105.5 24.880945128002562 22.131628737881137
106.0 24.881893041473063 22.131476722013982
106.5 24.882844659890416 22.13132929512541
107.0 24.88380647984656 22.131189426114062
107.5 24.884766637536295 22.131049850625942
108.0 24.885750376432792 22.130911846247603
108.5 24.88676006165818 22.130785233518697
109.0 24.887718616649728 22.130651466478284
109.5 24.88874962256641 22.130520803183394
110.0 24.889767748372982 22.130396121670653
110.5 24.890766987212032 22.13027947839006
111.0 24.891789219104368 22.13016348600285
111.5 24.892824171346625 22.130042522583658
112.0 24.893860539640546 22.129936743045697
112.5 24.894920765490216 22.129832327138253
113.0 24.89597424274606 22.129730165026814
113.5 24.897054576755817 22.12962567943311
114.0 24.898115136958758 22.129533531895483
114.5 24.899212796709968 22.129436105448622
115.0 24.900266667999627 22.12934564865762
115.5 24.901378952821602 22.12925970666225
116.0 24.902501166045617 22.12917480865152
116.5 24.903603806818047 22.12908988669215
117.0 24.90471643350062 22.129008666509517
117.5 24.905827365795904 22.12893292823077
118.0 24.906972719074698 22.128859203728855
118.5 24.908096938963176 22.128795011528148
119.0 24.909245255012834 22.12872094263667
119.5 24.910403762565746 22.128662930721497
120.0 24.911559973459 22.1286030445699
120.5 24.912731819520296 22.128541568201825
121.0 24.913885022842134 22.128484063021787
121.5 24.915067056052248 22.128434148344326
122.0 24.916239226272 22.1283881839741
122.5 24.91741287372858 22.12833879427214
123.0 24.918636354988074 22.1282943665349
123.5 24.919831457142465 22.128255477616815
124.0 24.92103350443962 22.128214596011148
124.5 24.922262341480156 22.1281784797036
125.0 24.92345681750195 22.12814488508085
125.5 24.924667899393004 22.128114419690007
126.0 24.925907691857446 22.12807973730101
126.5 24.92713231699006 22.128057737361498
127.0 24.928371794708678 22.128031091265044
127.5 24.929615918322146 22.1280065763597
128.0 24.930861972304584 22.127996333198748
128.5 24.932099074514305 22.127978750850914
129.0 24.93338851199497 22.12796343737958
129.5 24.934616749855863 22.12795267517774
130.0 24.93588386393492 22.127940716370258
130.5 24.93717019596628 22.127935672614704
131.0 24.938425843805014 22.127931862029943
131.5 24.939694608991957 22.12793167881397
132.0 24.94099251934921 22.127928101260856
132.5 24.94227186291223 22.127928990538063
133.0 24.943568778647386 22.127925403499297
133.5 24.94486855237215 22.12793763119041
134.0 24.946157443673055 22.127944165709753
134.5 24.947462735404965 22.127960815973104
135.0 24.948760619937453 22.127975701328097
135.5 24.950077426211227 22.127985026611178
136.0 24.95137639680577 22.128004168660617
136.5 24.952684596311684 22.128024915788554
137.0 24.954008524332032 22.128037973635905
137.5 24.955330902545477 22.128063713273875
138.0 24.956652146755687 22.1280918460673
138.5 24.958003196711466 22.128114337515242
139.0 24.959284942263924 22.128144490392852
139.5 24.96062827764742 22.128174564676996
140.0 24.961953104611965 22.128213687236077
140.5 24.963259578045847 22.128244583725728
141.0 24.964636256463475 22.128277660170315
141.5 24.965937890717427 22.12831510882947
142.0 24.967286858469077 22.128356236503876
142.5 24.96863076626415 22.12840076154581
143.0 24.969966795572716 22.12843835918537
143.5 24.971328554972935 22.12848562542524
144.0 24.97268415489259 22.128532046552976
144.5 24.974002388926646 22.128576135892757
145.0 24.975361655222933 22.12862932306685
145.5 24.976705274423736 22.128673467713785
146.0 24.978047159858626 22.128728533408495
146.5 24.97941706045463 22.128781054269133
147.0 24.98074998034115 22.128838656212174
147.5 24.982123308426228 22.12889785020903
148.0 24.983465106422994 22.12895613935778
148.5 24.98482490743475 22.12901599359924
149.0 24.986194895354593 22.129078751739172
149.5 24.987545986585232 22.129142583380272
150.0 24.98891778005114 22.12921643605602
150.5 24.99033048793729 22.129282346748212
151.0 24.99169321963659 22.129353461649327
151.5 24.993094021359845 22.129429990209573
152.0 24.994502745820363 22.129512084716104
152.5 24.995900285857537 22.12959331608356
153.0 24.99731546148349 22.129677802355793
153.5 24.998716482109412 22.12976918636319
154.0 25.000135980930736 22.129856317301744
154.5 25.00156319415452 22.129954973056115
155.0 25.002997768211767 22.130042833259452
155.5 25.004448112815773 22.130139563666866
156.0 25.00587541329688 22.13023287044949
156.5 25.007326932676467 22.1303331895821
157.0 25.0087748810935 22.130438811808
157.5 25.010209836580593 22.130544137264
158.0 25.011682134075887 22.130652412564388
158.5 25.013141572152243 22.13075963129168
159.0 25.0145879797553 22.13087295404933
159.5 25.01607400905906 22.130985199478175
160.0 25.01755687696976 22.131105055874364
160.5 25.01902385809322 22.131221488886776
161.0 25.020510986993965 22.13134458913644
161.5 25.02197651136203 22.13146110893605
162.0 25.02349357443427 22.131587316300152
162.5 25.024984752818526 22.131720541266265
163.0 25.026504183603148 22.131845027498688
163.5 25.027976616170413 22.13197195830398
164.0 25.02949263643286 22.132109126343593
164.5 25.031014872809763 22.132239503066607
165.0 25.032519635645663 22.132378443681766
165.5 25.034032819030895 22.132521176314658
166.0 25.03556114784805 22.132649210541157
166.5 25.03707356309345 22.132801572528496
167.0 25.038603490274888 22.13295051324613
167.5 25.040120562755547 22.133088387732673
168.0 25.04164107759539 22.133236906528815
168.5 25.04318329033055 22.13338635936179
169.0 25.04471508562051 22.13354023008796
169.5 25.04628073728703 22.1336929472097
170.0 25.047810338858124 22.133846574255486
170.5 25.049344130180998 22.13400566239234
171.0 25.05088386294473 22.134164141437314
171.5 25.052443961825745 22.134324415820338
172.0 25.053969812269898 22.134481228055996
172.5 25.05554463876183 22.13464647621826
173.0 25.0570729124354 22.134808653588514
173.5 25.05865133449834 22.134980714767384
174.0 25.06021259629829 22.135138932904532
