FastTrWP/PhaseSpace/IAs/snIa_0.66_30.00_-0.87_0.00.csv
# %ECSV 0.9
# ---
# datatype:
# - {name: time-rel, datatype: float64}
# - {name: g, datatype: float64}
# - {name: i, datatype: float64}
# schema: astropy-2.0
time-rel g i
[from data line 2140]
679.0 26.224378277045165 23.047909500915047
679.5 26.228637971300603 23.049230627182382
680.0 26.232868302496705 23.050560333035115
680.5 26.237128731525125 23.051883978578644
681.0 26.241364384492893 23.053227621681284
681.5 26.245563676357104 23.054565648643887
682.0 26.249783757008885 23.055888347044586
682.5 26.25404279386885 23.057213377027175
683.0 26.258249895794776 23.058549840689384
683.5 26.262452116768817 23.059894567076896
684.0 26.26662894843363 23.06121316577936
684.5 26.270813458760237 23.0625464359614
685.0 26.274970645733777 23.063886517025146
685.5 26.27914835943895 23.06522103690508
686.0 26.283247878898955 23.06655397962828
686.5 26.287415311440256 23.06788656373357
687.0 26.291585365617756 23.06921825275438
687.5 26.29566621949199 23.070559502933236
688.0 26.29971310682499 23.071892701735205
688.5 26.303796720427886 23.07323153166561
689.0 26.307859896566054 23.074561796535086
689.5 26.311861718407417 23.075897076643322
690.0 26.315845178201975 23.077237589672677
690.5 26.319790670757975 23.078572145845612
691.0 26.32377827670531 23.079910405288576
691.5 26.32764093287923 23.081244645276996
692.0 26.331570217923037 23.082581606995852
692.5 26.335422731434743 23.083918239333286
693.0 26.339267528460297 23.085251508390627
693.5 26.34305219481606 23.086590470675972
694.0 26.346808100118405 23.0879203846059
694.5 26.350617488197074 23.08925449365686
695.0 26.35434080807631 23.09059058395805
695.5 26.35818390592583 23.09193225002769
696.0 26.361931002108257 23.093266025534362
696.5 26.36573732113441 23.09461856636139
697.0 26.369453395058823 23.09594695806906
697.5 26.373221510625037 23.09729175595283
698.0 26.37697095251812 23.098631001793578
698.5 26.380717328713835 23.09997255520017
699.0 26.384529297601112 23.101312148106523
699.5 26.38824103756101 23.102646749918346
700.0 26.39202518463941 23.10399649559832
700.5 26.39577135452211 23.105345221699316
701.0 26.399515269263922 23.106680136112484
701.5 26.40323729479205 23.10801862279157
702.0 26.406936682170205 23.10937046272676
702.5 26.410649442758594 23.11072224248537
703.0 26.41443853800118 23.112068540883143
703.5 26.41812984940809 23.113419077085634
704.0 26.42183260867447 23.11475918978727
704.5 26.425540514850738 23.1161080151435
705.0 26.42922098537962 23.117452000967585
705.5 26.432875045553853 23.118804895390216
706.0 26.436538913453415 23.120159768887987
706.5 26.440240726855944 23.121491430009854
707.0 26.443876763591586 23.122855145557075
707.5 26.447535193237442 23.12420472000102
708.0 26.451140765771456 23.125551975807053
708.5 26.454777964861293 23.12690929786152
709.0 26.458406065453556 23.128255476256044
709.5 26.461984187286834 23.129621961262213
710.0 26.465588048616432 23.130965103193695
710.5 26.469125472824203 23.132317100809516
711.0 26.472721402126474 23.133675038627462
711.5 26.476239332853787 23.135026733026173
712.0 26.479745397011317 23.136387619282964
712.5 26.48329022831177 23.13773918919472
713.0 26.48679091270146 23.139100068083373
713.5 26.490274414551884 23.14045330223319
714.0 26.493763150715168 23.141812196239716
714.5 26.497200509839228 23.143168682549387
715.0 26.50063273284877 23.14452601938209
715.5 26.504032295723224 23.14588610374414
716.0 26.507442233947252 23.147241457730946
716.5 26.510823245873706 23.14859765385581
717.0 26.51422004232314 23.14995526713771
717.5 26.517565058179812 23.15132612548748
718.0 26.520888471077583 23.15267722391154
718.5 26.524170290285234 23.154035620680542
719.0 26.527491386508473 23.15540008865709
719.5 26.530692033590626 23.156764381283644
720.0 26.53395854068616 23.15812504428779
720.5 26.537186661163652 23.15947609214639
721.0 26.54039437664313 23.160853259190475
721.5 26.54354255085663 23.162202710379187
722.0 26.54673922382241 23.163568975317006
722.5 26.549805624815814 23.164932404017268
723.0 26.552928482234208 23.166298783715398
723.5 26.55595631771304 23.16766571723834
724.0 26.55904157670284 23.169017942250086
724.5 26.562045482400013 23.170379459761424
725.0 26.565063875139177 23.1717589776038
725.5 26.56800717889363 23.173116440478395
726.0 26.570978416661163 23.174482225977965
726.5 26.573859463228274 23.17585396221745
727.0 26.57671382456907 23.177217085137425
727.5 26.579599085549486 23.17858190720006
728.0 26.582392210813598 23.179944440401556
728.5 26.58520963868247 23.181316185662304
729.0 26.587959120305676 23.182671415076605
729.5 26.590678288295884 23.184049880433335
730.0 26.593337350638897 23.185410469435375
730.5 26.59595198422947 23.186785792213627
731.0 26.598542499912277 23.1881417511414
731.5 26.60117918107128 23.189517986613897
732.0 26.603738705975566 23.19087834920989
732.5 26.606270688422985 23.192246193002877
733.0 26.60871264705749 23.193621445165373
733.5 26.611180792817883 23.194987472473976
734.0 26.613585013706146 23.196352537145852
734.5 26.615910239884105 23.197723004929777
735.0 26.618295059071997 23.19909084008929
735.5 26.620660630883815 23.20045232881894
736.0 26.622961336122835 23.201827037923685
736.5 26.625245289810692 23.203195208871243
737.0 26.627532370304564 23.204566877905393
737.5 26.629745929599377 23.20593382126001
738.0 26.631921407409035 23.207314755264676
738.5 26.634078003780672 23.20867098201414
739.0 26.636210521352396 23.210052123234114
739.5 26.638318769252738 23.21142474573588
740.0 26.640412286968093 23.21279746209379
740.5 26.642452251976717 23.214171985322857
741.0 26.6444804768769 23.215540318044788
741.5 26.64647208632715 23.21692048895072
742.0 26.64842096686646 23.218293392962103
742.5 26.65034707777312 23.21966372184011
743.0 26.652234130734612 23.22104529825915
743.5 26.654101069326043 23.222418813202744
744.0 26.65592148475219 23.22378765693733
744.5 26.65772095246174 23.225156414442818
745.0 26.659449280017444 23.226531269210664
745.5 26.661232151155325 23.227917642619555
746.0 26.66294633281317 23.22929460294548
746.5 26.664572835513404 23.23066738594462
747.0 26.666242626776825 23.232044423627446
747.5 26.667801743707066 23.233423349402372
748.0 26.66944045901188 23.234802779880557
748.5 26.67091796505528 23.23617367453119
749.0 26.672417450349496 23.23754982751079
749.5 26.673910743470735 23.238931503280615
750.0 26.675291600819907 23.240311518164223
750.5 26.676736220155398 23.241684685361538
751.0 26.678027223348533 23.2430724665482
751.5 26.679409329570905 23.244445909209222
752.0 26.680666009159925 23.24581828300525
752.5 26.68189562847705 23.247201039334705
753.0 26.683104147679742 23.24857683448283
753.5 26.684298116118157 23.249967233369247
754.0 26.685362861226203 23.251344495157458
754.5 26.68656403148084 23.252722482918003
755.0 26.687578108953552 23.2541003707571
755.5 26.68852421181977 23.255483584081517
756.0 26.68956743965736 23.25686798973678
756.5 26.690523733043992 23.258248805101967
757.0 26.691415193218276 23.259632196250525
757.5 26.692295826958883 23.261011054865218
758.0 26.693082229210713 23.26238755736822
758.5 26.69387052112894 23.263773999409878
759.0 26.694627627476034 23.26515537658238
759.5 26.69532020533163 23.266538455228314
760.0 26.696028975217146 23.26791549209635
760.5 26.696637195643056 23.26930050220851
761.0 26.697213329611927 23.270673166186285
761.5 26.697782541527502 23.272063470168696
762.0 26.698276357418486 23.27344058438454
762.5 26.698699626397048 23.27482714477032
763.0 26.699113435680516 23.276213744702446
763.5 26.69957858598916 23.277591285479463
764.0 26.699889295106352 23.278982673925235
764.5 26.700233582057482 23.280358926728137
765.0 26.700506116200465 23.281741214378457
765.5 26.70066597001054 23.283119749417406
766.0 26.700867775139542 23.284511292757667
766.5 26.70097815443431 23.285892648826767
767.0 26.70104841133991 23.287281593047673
767.5 26.701112625279553 23.288658695366415
768.0 26.70111961939272 23.290035322658902
768.5 26.70107583021241 23.291423938269862
769.0 26.701016797691345 23.292807941581092
769.5 26.70082545846137 23.29419105790287
770.0 26.7007060947968 23.295579305423942
770.5 26.700512746707602 23.296957505142267
771.0 26.700230114688978 23.298338193943092
771.5 26.69993950705566 23.299727379578783
772.0 26.699587107260694 23.301103431271688
772.5 26.69921093590064 23.302494631966383
773.0 26.69883035092727 23.30387500080498
773.5 26.698339881587604 23.30526550777208
774.0 26.69780959869022 23.306648312985327
774.5 26.697338244201532 23.308022545520775
775.0 26.696736374580286 23.309413081022292
775.5 26.69610269788977 23.31079842661203
776.0 26.69542298079967 23.31218267308909
776.5 26.694791491278988 23.313566499405226
777.0 26.694064924274535 23.314952974394963
777.5 26.693273674042057 23.316340563628465
778.0 26.692444391286863 23.31772654485233
778.5 26.691607844292857 23.319114912572445
779.0 26.69069993836616 23.320505931950414
779.5 26.68984723809576 23.32187597126273
780.0 26.68886056577204 23.323272624399507
780.5 26.687870851276298 23.32464747730137
781.0 26.686823625004372 23.326040444258958
781.5 26.685777965560973 23.32742788668555
782.0 26.68467605793538 23.32881951540036
782.5 26.68351002244699 23.33020249132481
783.0 26.682374268192397 23.331593567835313
783.5 26.681104973352646 23.33297879657195
784.0 26.67986967583984 23.33437308192383
784.5 26.678540761347755 23.3357451433135
785.0 26.677222298465416 23.33713040914768
785.5 26.67585400752509 23.338532989603316
786.0 26.67446307579349 23.339918877938004
786.5 26.67299181059352 23.34131885592214
787.0 26.67150432921698 23.34269036450521
787.5 26.66992651858347 23.3440837354947
788.0 26.668426515273275 23.345467980100327
788.5 26.66683482371142 23.34685270320914
789.0 26.66520208662626 23.348248599428793
789.5 26.663505600810854 23.349629530032004
790.0 26.661779392961353 23.351017363131156
790.5 26.660052165711804 23.35239897380088
791.0 26.65827933152177 23.353788469575637
791.5 26.656493204984862 23.35519168541351
792.0 26.654569798208932 23.356577571380566
792.5 26.652737913039 23.357964975487615
793.0 26.650771145718974 23.359339021271225
793.5 26.648823145674697 23.360728305896913
794.0 26.64675748746452 23.362120763572353
794.5 26.64475060288023 23.363509546113615
795.0 26.64266945718845 23.364896998363083
795.5 26.640564181545187 23.366281094204766
796.0 26.638343017216677 23.367667591071182
796.5 26.636191727146077 23.36904883252329
797.0 26.63400535889388 23.370443418170144
797.5 26.63168266372572 23.371826424357117
798.0 26.629392062334908 23.37322461400334
798.5 26.627101199534884 23.374599976049197
799.0 26.624686682216662 23.375986726637635
799.5 26.622300384545305 23.377365078574304
800.0 26.619877295206305 23.378758537255912
800.5 26.617391467030238 23.38013327865307
801.0 26.61491704740556 23.381531377982373
801.5 26.612369289403052 23.382901830543844
802.0 26.609806588780177 23.384283096845962
802.5 26.607167596492364 23.385674955892036
803.0 26.60452639268978 23.387067063862936
803.5 26.601820785276917 23.38843735410204
804.0 26.59909229763433 23.3898229442076
804.5 26.596391388526555 23.391212438186024
805.0 26.593585037718988 23.392594290523693
805.5 26.59076122239114 23.393978147883885
806.0 26.587931442172707 23.395366828237137
806.5 26.585027563819324 23.396736997258813
807.0 26.582094238137522 23.398121361871272
807.5 26.579135450755956 23.399499118362467
808.0 26.576174842992252 23.40087514108606
808.5 26.573176450523913 23.402252389452222
809.0 26.570115729533917 23.403644846863436
809.5 26.567045314884865 23.405018286140308
810.0 26.563926160208375 23.406398290777716
810.5 26.56079229313995 23.40776899967456
811.0 26.557623029209218 23.40916068639846
811.5 26.554408838769557 23.41052989516118
812.0 26.551188655069595 23.411898766553474
812.5 26.547929109266143 23.413268028934432
813.0 26.544562623565987 23.414663467652236
813.5 26.541209000106733 23.416025650418305
814.0 26.537790202126214 23.41741852932889
814.5 26.534293779139194 23.41877822491927
815.0 26.53066764947645 23.42015264740464
815.5 26.527095547325573 23.421528845971885
816.0 26.52336468690821 23.422899733575623
816.5 26.519598987320244 23.424258084186782
817.0 26.515806263606898 23.425641559159857
817.5 26.511880919133528 23.42700983016251
818.0 26.50800350169512 23.42837409049497
818.5 26.504057437499398 23.4297414312319
819.0 26.500090222115837 23.43111738013956
819.5 26.49597632239565 23.432485901762668
820.0 26.49188994663701 23.43385519414648
820.5 26.487759296096115 23.435220717399137
821.0 26.483570357945002 23.43657994838076
821.5 26.47937974493821 23.437953885360912
822.0 26.475132564791807 23.439317304491922
822.5 26.470806900568114 23.440689755802712
823.0 26.466543134659876 23.442056121330918
823.5 26.46218161266047 23.443416569041812
824.0 26.457817309755693 23.444768347272937
824.5 26.453396991887622 23.446138525779986
825.0 26.44902512330493 23.447493017035935
825.5 26.444613615248855 23.448872826118425
826.0 26.440158742215413 23.45022118880213
826.5 26.435676351673184 23.451585535360127
827.0 26.431211246510188 23.452952678957963
827.5 26.426695062174748 23.454306426856903
828.0 26.422253547403468 23.455676238593167
828.5 26.4177174570258 23.457027706296415
829.0 26.413236258437415 23.458383057816686
829.5 26.408697006027193 23.459750522250502
830.0 26.404121779385072 23.46110687417326
830.5 26.399602141477942 23.462460387314387
831.0 26.39508321368504 23.46381286061466
831.5 26.390562860718354 23.465180767983398
832.0 26.386024705851902 23.46653206216835
832.5 26.381483772378964 23.46788035645558
833.0 26.37699062197528 23.46924537508808
833.5 26.37250702169213 23.470599067139112
834.0 26.368026370961985 23.471951372305107
834.5 26.363483393687844 23.47331482318493
835.0 26.35902766401435 23.474667924191287
835.5 26.35455622397512 23.47602834260681
836.0 26.350119295407804 23.47738560889436
836.5 26.34564377108619 23.478736400804703
837.0 26.341273370958707 23.48009784424191
837.5 26.336839459973227 23.4814423539791
838.0 26.332499821439626 23.48279504960647
838.5 26.328110648913523 23.484154548644874
839.0 26.32375904959147 23.485501758216643
839.5 26.319459452766353 23.486858173617797
840.0 26.31514865504785 23.488207347044106
840.5 26.310877729382945 23.489566286736725
841.0 26.306619199620677 23.490920471826684
841.5 26.30243066079595 23.49227233366422
842.0 26.29822216345537 23.49361925236597
842.5 26.29409307075069 23.494971591284063
843.0 26.289955018930687 23.49632572761861
843.5 26.28585687708048 23.497681667957494
844.0 26.28181172236543 23.499046616792548
844.5 26.277783880594058 23.500391166627917
845.0 26.273789138082506 23.501733960605137
845.5 26.26985882139426 23.503099505202027
846.0 26.265926642381384 23.50444337204211
846.5 26.262013017387 23.505798118471944
847.0 26.258184920625865 23.50714737576719
847.5 26.254346266236293 23.508502225742642
848.0 26.250582290844804 23.50985762724697
848.5 26.246889299552414 23.51121090216424
849.0 26.243203273220214 23.51256177878295
849.5 26.239562925251217 23.513910408598683
850.0 26.236009191437123 23.515265159055858
850.5 26.232458059727698 23.516624752045345
851.0 26.228979619191037 23.51797246695599
851.5 26.225537206261386 23.519325240317475
852.0 26.22213509701972 23.520671034023394
852.5 26.218759375558648 23.522029117805744
853.0 26.215436858050154 23.523381352948583
853.5 26.212070882248124 23.524724680374234
854.0 26.208783206789796 23.526084216627527
854.5 26.20542122949655 23.52743506184118
855.0 26.2020771629666 23.528784221151472
855.5 26.19872889238083 23.530139765338145
856.0 26.19535762860806 23.53149390537226
856.5 26.192003652722228 23.532844558104095
857.0 26.188658803768426 23.53418327121476
857.5 26.18529187675876 23.535537439672538
858.0 26.181916979481827 23.536887188319128
858.5 26.178618264148955 23.53824703350892
859.0 26.175206925698177 23.53959211904265
859.5 26.17191370697777 23.540945996169093
860.0 26.16855288126592 23.54227722007698
860.5 26.165197623461268 23.54362420337469
861.0 26.161920023624532 23.544988019166645
861.5 26.158567859549258 23.54633000933138
862.0 26.155286460167684 23.547659296784552
862.5 26.15197630171732 23.549032055328958
863.0 26.14870529043162 23.55035847735294
