FastTrWP/PhaseSpace/IAs/snIa_0.44_30.00_-0.80_0.00.csv
# %ECSV 0.9
# ---
# datatype:
# - {name: time-rel, datatype: float64}
# - {name: g, datatype: float64}
# - {name: i, datatype: float64}
# schema: astropy-2.0
time-rel g i
-394.0 26.982717850795737 24.83268705924402
-393.5 26.96287613092531 24.824919504004296
-393.0 26.943325451702542 24.817217977284596
-392.5 26.923999922911793 24.809510125021003
-392.0 26.904917803736787 24.80186238825692
-391.5 26.88614995065139 24.794193215097703
-391.0 26.867547821617332 24.786627378733264
-390.5 26.84916454719213 24.779042640717414
-390.0 26.831103437785664 24.77149156591146
-389.5 26.81321444330976 24.763999711423303
-389.0 26.795523190788195 24.75650874746462
-388.5 26.778035465743855 24.749070913935363
-388.0 26.760679716963963 24.741657114508413
-387.5 26.743629640623226 24.73428283029805
-387.0 26.726714837909928 24.726937215129198
-386.5 26.70992833809928 24.719599175778608
-386.0 26.693439888968655 24.712306779564752
-385.5 26.67706146010967 24.705079038848776
-385.0 26.660845286547673 24.697810451888206
-384.5 26.64483233976362 24.690602535589633
-384.0 26.62893095129208 24.683446011906753
-383.5 26.61319059865869 24.676295577579364
-383.0 26.597632268007438 24.6691987697692
-382.5 26.582188122518552 24.662116016125047
-382.0 26.566890652675745 24.655060866558244
-381.5 26.5517898755959 24.64804350090718
-381.0 26.536761007967982 24.641039561423757
-380.5 26.521865648131097 24.634068466154435
-380.0 26.50715428117107 24.62713496583223
-379.5 26.492518879903322 24.620225839469864
-379.0 26.47807764191977 24.613347939323464
-378.5 26.463684433345765 24.60647197878947
-378.0 26.44944931373669 24.599677821915286
-377.5 26.435347940078607 24.592873127860244
-377.0 26.42130822046111 24.58610675579173
-376.5 26.407435109674694 24.579385966408793
-376.0 26.393636603291263 24.572658538795984
-375.5 26.379962967146504 24.565982022988674
-375.0 26.366419595004032 24.5593280463291
-374.5 26.35293805337245 24.55268674853415
-374.0 26.33954776451523 24.546103567779255
-373.5 26.326295114718018 24.539537594464814
-373.0 26.313108906348806 24.532984127257222
-372.5 26.300012356726764 24.52647788576703
-372.0 26.287024920893476 24.519972409254297
-371.5 26.27413556582375 24.51351826640774
-371.0 26.26136428286579 24.507087539375675
-370.5 26.24864972650816 24.500678804698623
-370.0 26.235953634957493 24.494288215995507
-369.5 26.223474974299513 24.48792884090485
-369.0 26.210999115148464 24.48160243126218
-368.5 26.198653093485103 24.475290067643144
-368.0 26.186455090267987 24.469022914954106
-367.5 26.174233223170624 24.46273796574023
-367.0 26.162236478363553 24.45649229429251
-366.5 26.150312114376142 24.4502649814649
-366.0 26.138473076865417 24.444067481573384
-365.5 26.12669906159673 24.437877254706155
-365.0 26.115028913972814 24.4317233343949
-364.5 26.103418251180702 24.42558592632793
-364.0 26.09190611607518 24.419464124665957
-363.5 26.08050868205684 24.413366276756648
-363.0 26.069161867259233 24.40729999768111
-362.5 26.057886884958673 24.40123932914205
-362.0 26.046681728810164 24.395211531021552
-361.5 26.035589073781424 24.389187090125553
-361.0 26.024540742336253 24.383197099916032
-360.5 26.013559692492564 24.37722219779247
-360.0 26.002631285602888 24.371260084577152
-359.5 25.991787300675707 24.365317111728313
-359.0 25.981050446906522 24.359406464737564
-358.5 25.97031563307055 24.35352009458819
-358.0 25.959697067955126 24.347653253767874
-357.5 25.94910141116273 24.341793387341966
-357.0 25.938599986568217 24.33596112217969
-356.5 25.928104787852703 24.330142634818625
-356.0 25.917701330930917 24.32434653483865
-355.5 25.907377636832575 24.318569318887246
-355.0 25.897075038441145 24.312809955993046
-354.5 25.886869250880473 24.307074995062038
-354.0 25.87666442543839 24.30134332606302
-353.5 25.866483233573184 24.295644098258748
-353.0 25.8564627841266 24.289963937584083
-352.5 25.84640184589155 24.28430153707557
-352.0 25.836460633440087 24.278657802291587
-351.5 25.82651638109485 24.273031940139504
-351.0 25.81665260721374 24.26741621899687
-350.5 25.806780586217183 24.26180549270745
-350.0 25.797008423351663 24.25624199032532
-349.5 25.787249425835764 24.2506989475944
-349.0 25.777568149245052 24.24515689630814
-348.5 25.76788068954216 24.239643300805284
-348.0 25.75829086989252 24.23414046444853
-347.5 25.748650867414927 24.228647002173528
-347.0 25.739141473251507 24.223183977211264
-346.5 25.729642870912784 24.21772609049082
-346.0 25.720168706001196 24.212313993825504
-345.5 25.710738751960946 24.206889702191
-345.0 25.701338656212283 24.201497947877115
-344.5 25.691996633733886 24.196119119272687
-344.0 25.682711508061313 24.190746160425025
-343.5 25.673430124876866 24.185396689134198
-343.0 25.664172062649058 24.180076459193277
-342.5 25.654963954268183 24.17476153771331
-342.0 25.64575543350141 24.1694779063685
-341.5 25.636641970746957 24.164194271436394
-341.0 25.627520125117066 24.158925590716642
-340.5 25.61843889879013 24.153685038723545
-340.0 25.609391224229107 24.14844019106678
-339.5 25.60036762514413 24.14322310346586
-339.0 25.59137740047221 24.13801887181279
-338.5 25.582411224166766 24.132855170800443
-338.0 25.57346019174215 24.12769301908389
-337.5 25.564573311188465 24.122551032877013
-337.0 25.55569079935926 24.117404622040688
-336.5 25.54685106654169 24.112296628216633
-336.0 25.538032280676738 24.10718674341637
-335.5 25.529214110206073 24.10209448785261
-335.0 25.520458031070525 24.097034947618955
-334.5 25.511690802466376 24.091973924692383
-334.0 25.50300586568889 24.08695000225758
-333.5 25.494336812251007 24.081918110990507
-333.0 25.485710087907222 24.07690272246277
-332.5 25.477070179277398 24.071919742024956
-332.0 25.46851209420864 24.0669321736724
-331.5 25.459978539818948 24.061974044053784
-331.0 25.45149905093242 24.057009951463158
-330.5 25.44300260259891 24.052080421042923
-330.0 25.434572247477366 24.047151252965616
-329.5 25.426136388016765 24.04224803722974
-329.0 25.417753232222466 24.037349404220723
-328.5 25.409418691110876 24.03247448012568
-328.0 25.401108521115198 24.027610046869565
-327.5 25.39282275565641 24.022777709286636
-327.0 25.38455756304556 24.017928421442825
-326.5 25.37632583827863 24.0130934487157
-326.0 25.36813992981913 24.00828683895326
-325.5 25.359997872099427 24.003491469187303
-325.0 25.351838895427143 23.99872096306529
-324.5 25.343715172668485 23.993946272737247
-324.0 25.3356362916821 23.989178884536628
-323.5 25.327632469561067 23.984438515111705
-323.0 25.31962032603034 23.979711544928655
-322.5 25.311637930657483 23.97497725143914
-322.0 25.303656913457026 23.970286194624144
-321.5 25.295724190343613 23.965566619349545
-321.0 25.287815355946066 23.960893976190462
-320.5 25.279956090575084 23.956220122707087
-320.0 25.272093418385218 23.951560054458014
-319.5 25.264281838062395 23.94691834215554
-319.0 25.25648992767199 23.94228739270936
-318.5 25.248709322023668 23.93765999076686
-318.0 25.240985549821687 23.9330500377811
-317.5 25.233270027920554 23.928447378068988
-317.0 25.22559716722445 23.92385099398906
-316.5 25.217932449058612 23.919277213429133
-316.0 25.210294792598592 23.914724458074538
-315.5 25.202694990506046 23.91015478228259
-315.0 25.195106127341234 23.905612252543907
-314.5 25.187545865388614 23.90108566810946
-314.0 25.18001743286404 23.89655606893854
-313.5 25.172519216783726 23.892053867348682
-313.0 25.165043020308296 23.887548336934014
-312.5 25.157602307357337 23.88305974417761
-312.0 25.150167041129965 23.878592064988908
-311.5 25.14276969449852 23.87410804196788
-311.0 25.135370083208713 23.869671947922548
-310.5 25.128011643738574 23.865198756721114
-310.0 25.120693181397506 23.860777228185384
-309.5 25.113412278904065 23.85636287019452
-309.0 25.10610734086512 23.851933131212366
-308.5 25.09886070438645 23.84752709833161
-308.0 25.091616889644285 23.84313944057938
-307.5 25.084390060919603 23.838739483082648
-307.0 25.07722348389255 23.834366853299702
-306.5 25.070040850290148 23.829985073520632
-306.0 25.06291318220528 23.825629547201093
-305.5 25.055804420371608 23.821284789327542
-305.0 25.04869636212411 23.81694606826028
-304.5 25.041615264591407 23.812610532876572
-304.0 25.03455996551489 23.80829497872288
-303.5 25.02754715286556 23.80399867228721
-303.0 25.020525939093282 23.79969572937542
-302.5 25.013553617735283 23.795393427090726
-302.0 25.006570720279008 23.7911142881024
-301.5 24.999651868853775 23.786844604309678
-301.0 24.992717080970284 23.782577451366144
-300.5 24.985838066768473 23.77831992476836
-300.0 24.978937673251167 23.774078097949307
-299.5 24.972088970005544 23.769849101977975
-299.0 24.9652726253466 23.76561420479129
-298.5 24.958454181647213 23.76140151237874
-298.0 24.95167797484944 23.757193485798467
-297.5 24.944917089980677 23.752996403999646
-297.0 24.938164002788877 23.74883115561027
-296.5 24.931433910419692 23.744639310534602
-296.0 24.92475901597907 23.740458976574203
-295.5 24.918077170368754 23.736309066351456
-295.0 24.911418538311118 23.73216940582381
-294.5 24.904761887644923 23.72804064889259
-294.0 24.898135313138976 23.723899665339317
-293.5 24.891536714300393 23.719778999617276
-293.0 24.88497711904492 23.715668673832234
-292.5 24.87840169324144 23.71156073549423
-292.0 24.87187829195762 23.70747305527339
-291.5 24.865351925027284 23.70338654056868
-291.0 24.85883027136312 23.69930262773999
-290.5 24.852359646995737 23.695249092972638
-290.0 24.845907706248667 23.691187760752435
-289.5 24.83948173716577 23.68714008329567
-289.0 24.833033462631796 23.683097802387113
-288.5 24.826639207880024 23.67906720322226
-288.0 24.820261561104164 23.675048817672412
-287.5 24.813884866563313 23.671023617188986
-287.0 24.807515738556173 23.667045145712894
-286.5 24.801188503091677 23.66302165858897
-286.0 24.794886594720097 23.659030384033485
-285.5 24.78859348121004 23.655053941329214
-285.0 24.782309678518416 23.6510790620204
-284.5 24.77605612711784 23.647117456935774
-284.0 24.769819160023182 23.643155852136285
-283.5 24.763574290597553 23.639190463794236
-283.0 24.757369105037995 23.63523964797883
-282.5 24.751162458712628 23.63131963036146
-282.0 24.744998444511893 23.62738819580528
-281.5 24.738826695937668 23.62347292461349
-281.0 24.732694603797164 23.619546811178157
-280.5 24.726535630385797 23.615636976238704
-280.0 24.72044133163287 23.611747864888283
-279.5 24.714345706885016 23.607844254206633
-279.0 24.7082507267921 23.603968221839132
-278.5 24.702206785232853 23.600072982469325
-278.0 24.696138117164107 23.596208306315273
-277.5 24.69011883366616 23.592347447286514
-277.0 24.684092601083872 23.58848759011022
-276.5 24.678088704024287 23.58463603141823
-276.0 24.672092840722417 23.580795008025305
-275.5 24.66615081304129 23.576957027947035
-275.0 24.660171035947684 23.573120522217827
-274.5 24.654260586841858 23.569292277952904
-274.0 24.648299305801665 23.565475598975674
-273.5 24.64238898816648 23.5616771977243
-273.0 24.636502490385123 23.55786386763767
-272.5 24.630608738076944 23.554068513621523
-272.0 24.624727087248775 23.550272101801447
-271.5 24.618871456781953 23.54648323506158
-271.0 24.613048200732518 23.542698646005537
-270.5 24.607215630044863 23.53893929192771
-270.0 24.601379865274854 23.535172537102945
-269.5 24.595602456203896 23.531402350265125
-269.0 24.589825229385998 23.52764605385599
-268.5 24.584036770153965 23.523901706819622
-268.0 24.57829114901974 23.52016013705393
-267.5 24.572528494097572 23.5164151631302
-267.0 24.56679638049365 23.51267997621963
-266.5 24.561098913970007 23.508945590575138
-266.0 24.55535851774066 23.505227234097838
-265.5 24.549677681624793 23.501518998474005
-265.0 24.544000323755174 23.49780232739088
-264.5 24.538331409479927 23.494115444603757
-264.0 24.532677583493523 23.490415856830037
-263.5 24.52705475314696 23.48673312402781
-263.0 24.521443909938945 23.48305877616131
-262.5 24.51582547525726 23.479372034920523
-262.0 24.5102370829187 23.475710350896772
-261.5 24.504672942058026 23.4720484875012
-261.0 24.499097253859613 23.46840194614309
-260.5 24.493544091256517 23.464756835676095
-260.0 24.488019917814817 23.46110829723648
-259.5 24.48248351909321 23.457472423458846
-259.0 24.47697118505502 23.45384754120015
-258.5 24.4714746042504 23.45022724825018
-258.0 24.46599530552031 23.44660476682348
-257.5 24.460520828354746 23.442999771178165
-257.0 24.45506309529231 23.43939082068679
-256.5 24.44963003654211 23.435799493133583
-256.0 24.444194533788032 23.432213589752088
-255.50000000000006 24.43877540168983 23.428616322137024
-255.0 24.433363171260652 23.425033424425358
-254.5 24.42798067838682 23.421468538744037
-254.00000000000006 24.42258256810255 23.41789669316437
-253.5 24.417235717532975 23.414328996057385
-253.0 24.411877176652013 23.410781781399926
-252.50000000000006 24.4065227968484 23.40723853010594
-252.0 24.40119012298609 23.4036993847897
-251.5 24.395887271975738 23.400143536293175
-251.00000000000006 24.390583381301568 23.396613563440187
-250.5 24.385270698910027 23.39307296569809
-250.0 24.379999625838586 23.38956418327806
-249.50000000000006 24.374732469364176 23.386039867120715
-249.0 24.369467767012694 23.382532709864613
-248.5 24.364226823027508 23.37902807659693
-248.00000000000006 24.358978894222204 23.375530247335227
-247.5 24.353752802146516 23.372032247369322
-247.0 24.34854515356458 23.368538713118717
-246.50000000000006 24.343340745530398 23.365061926309657
-246.0 24.33815762241909 23.361583550109373
-245.5 24.332985445274524 23.35811131509686
-245.00000000000006 24.32779981801818 23.35463368256641
-244.5 24.322638752039886 23.35117397000298
-244.0 24.31750092374521 23.347707806252064
-243.50000000000006 24.312377933852215 23.34425875388096
-243.0 24.307239537128552 23.34080609136121
-242.5 24.302131965360378 23.337370729936747
-242.00000000000006 24.29702215951686 23.333928088469783
-241.5 24.2919209757561 23.33048748480746
-241.0 24.286842146398158 23.327071215936574
-240.50000000000006 24.281781336977115 23.323636626399647
-240.0 24.276716194330575 23.320221499580505
-239.5 24.271678069154166 23.316811604372077
-239.00000000000006 24.266640091394578 23.313401417486787
-238.5 24.26159718068979 23.30999401103746
-238.0 24.2565779635077 23.30658571373233
-237.50000000000006 24.251576145654102 23.303194367420762
-237.0 24.24657211328509 23.299803943023903
-236.5 24.24157743571183 23.296420173887483
-236.00000000000006 24.236615631229416 23.29304118875462
-235.5 24.231643735664107 23.289658171998106
-235.0 24.22668795857905 23.28628309257092
-234.50000000000006 24.221738760071734 23.282916540269238
-234.0 24.21677714190748 23.279555601549276
-233.5 24.211856341647287 23.276188350417964
-233.00000000000006 24.20693251045066 23.272824811538776
-232.5 24.202033866675613 23.269478990515008
-232.0 24.19712459273386 23.266134304923796
-231.50000000000006 24.19223960794949 23.262793137279093
-231.0 24.18735131385744 23.259452282722254
-230.5 24.182455983543385 23.256103079977997
-230.00000000000006 24.177560375473732 23.2527604989318
-229.5 24.1726482385949 23.249414862702228
-229.0 24.167752084741334 23.246069980654998
-228.50000000000006 24.16284980412287 23.242718184346213
-228.0 24.157936441677034 23.23936569428406
-227.5 24.153022959394605 23.236024871957785
-227.00000000000006 24.148120836367177 23.232679783630736
-226.5 24.14320683583657 23.22933166162086
-226.0 24.138301470480954 23.225991296952376
-225.50000000000006 24.133415926990985 23.222640912440756
-225.0 24.128518425785074 23.21930494419195
-224.5 24.123613039161857 23.21597346918786
-224.00000000000006 24.11873320781004 23.212623770649707
-223.5 24.113842974189033 23.20928686000495
-223.0 24.10897305649677 23.205959715973208
-222.50000000000006 24.104088331055202 23.202634861247656
-222.0 24.09922932634663 23.199303888651244
-221.5 24.09437215382967 23.19597985431596
-221.00000000000006 24.089539992267355 23.192663758166738
-220.5 24.084688883831905 23.189348919282388
-220.0 24.079864343317723 23.186039718875136
-219.50000000000006 24.075041612519424 23.182744194490596
-219.0 24.070246522259957 23.179440766320205
-218.5 24.06545751182818 23.176151642382482
-218.00000000000006 24.060669216886048 23.172860051685255
-217.5 24.055891079118705 23.16957530343492
