FastTrWP/PhaseSpace/IAs/snIa_0.6_30_1_-0.1.csv
# %ECSV 0.9
# ---
# datatype:
# - {name: time-rel, datatype: float64}
# - {name: g, datatype: float64}
# - {name: i, datatype: float64}
# schema: astropy-2.0
time-rel g i
[from data line 335]
143.625 -24.43123407785849 -25.610591431215703
144.125 -24.437839719238653 -25.61731552903664
144.625 -24.444445767621808 -25.623991164829228
145.125 -24.450969015745155 -25.630640431762167
145.625 -24.457489742700457 -25.637259650309623
146.125 -24.463986874997108 -25.64388746671972
146.625 -24.47047280530388 -25.650465333757907
147.125 -24.476916693766345 -25.657035740400737
147.625 -24.48335883914313 -25.663574151525378
148.125 -24.489779720025563 -25.670081209780097
148.625 -24.49613066023419 -25.67657133870815
149.125 -24.502503351327537 -25.68303628819367
149.625 -24.50882569554143 -25.689477839012973
150.125 -24.515129696855936 -25.695889822450447
150.625 -24.52142682199588 -25.702278955030692
151.125 -24.527697194295758 -25.708641216099366
151.625 -24.533912008302504 -25.71499343413647
152.125 -24.54013660508402 -25.721280285002575
152.625 -24.546329994175547 -25.72759300779674
153.125 -24.55249751299432 -25.73386530193266
153.625 -24.558658807466056 -25.74011683350689
154.125 -24.56476990481533 -25.74631247794844
154.625 -24.570868199776847 -25.75252155298971
155.125 -24.57693365399589 -25.75869312297273
155.625 -24.583003837070038 -25.76483515503746
156.125 -24.58900077883974 -25.770965098228686
156.625 -24.59501971498102 -25.77707020884427
157.125 -24.60098773106089 -25.783134419689095
157.625 -24.60696161872871 -25.789183440984353
158.125 -24.612895446879946 -25.795203569924134
158.625 -24.618819599930355 -25.80121853668556
159.125 -24.62468518424064 -25.807215331108768
159.625 -24.630557546476616 -25.813193706019106
160.125 -24.636436589310378 -25.819150914506924
160.625 -24.64227406253297 -25.825085817122368
161.125 -24.648049886990858 -25.831035307673606
161.625 -24.653886355617693 -25.836962315909183
162.125 -24.659677548477433 -25.84288045953557
162.625 -24.665412530391265 -25.848774932581343
163.125 -24.671183224083755 -25.85468253897723
163.625 -24.676895969811422 -25.860540154003985
164.125 -24.682617165843915 -25.86638741604578
164.625 -24.68831690881686 -25.87225006414121
165.125 -24.693988226977837 -25.87807555614544
165.625 -24.699667302077636 -25.88388733501535
166.125 -24.705281080972945 -25.889680315524192
166.625 -24.71091784779845 -25.895465293349584
167.125 -24.716532601046662 -25.901234277856545
167.625 -24.722134474371337 -25.906986084689947
168.125 -24.727701510660218 -25.91272757376071
168.62499999999997 -24.733287728429353 -25.918455030954167
169.125 -24.73881420709504 -25.924150335076806
169.625 -24.74434347005574 -25.929855444939527
170.12499999999997 -24.749828896347708 -25.935499660225126
170.625 -24.75535389655759 -25.94116504410097
171.125 -24.7608100395013 -25.94680901840634
171.62499999999997 -24.766298951675584 -25.952423172567034
172.125 -24.77173071330982 -25.9580243927533
172.625 -24.777189128507228 -25.963620866509707
173.12499999999997 -24.782571476040406 -25.969183782324798
173.625 -24.787965088487084 -25.9747335155264
174.125 -24.79339209558525 -25.980268009371187
174.62499999999997 -24.798732226169054 -25.985787295488194
175.125 -24.80407560734742 -25.991264768405664
175.625 -24.809412034704064 -25.996739316911153
176.12499999999997 -24.814741844381146 -26.002223290601137
176.625 -24.820034505852433 -26.00764719980844
177.125 -24.82533277451184 -26.01307794889669
177.62499999999997 -24.830619221841363 -26.018490058088368
178.125 -24.835896121879657 -26.02385981631876
178.625 -24.84111421629153 -26.02922544168084
179.12499999999997 -24.84634705300687 -26.034584881574183
179.625 -24.85158817002717 -26.03990532629789
180.125 -24.856806220975095 -26.045207017590577
180.62499999999997 -24.86197090835088 -26.050508297071502
181.125 -24.867174420697722 -26.05576011420848
181.625 -24.87230613404951 -26.061025880305557
182.12499999999997 -24.877453193937363 -26.06624739377271
182.625 -24.882581412983992 -26.071460994078592
183.125 -24.887688477362385 -26.07665584235464
183.62499999999997 -24.89282985713954 -26.081819797155408
184.125 -24.89790100968627 -26.086972343130938
184.625 -24.90301300403321 -26.09210276479867
185.12499999999997 -24.908044691954764 -26.097209485867108
185.625 -24.913093850626524 -26.10231994469576
186.125 -24.918114026627695 -26.10738532190915
186.62499999999997 -24.923142505517376 -26.11243897379561
187.125 -24.92815474531008 -26.1174716608685
187.625 -24.933138211338452 -26.122471463116973
188.12499999999997 -24.93814454605037 -26.127457770479467
188.625 -24.94309567429856 -26.13242152611024
189.125 -24.948050525400248 -26.137376884508335
189.62499999999997 -24.95299578138756 -26.142306612191536
190.125 -24.957939179918448 -26.147213635878828
190.625 -24.9628463343157 -26.15209068640587
191.12499999999997 -24.96774695091366 -26.15696199072199
191.625 -24.972645697821704 -26.161797952693966
192.125 -24.977494495843477 -26.166639015590455
192.62499999999997 -24.98236585514165 -26.171433927963925
193.125 -24.98721073966605 -26.176217452039346
193.625 -24.992036884378777 -26.18098505596746
194.12499999999997 -24.99689148962682 -26.185728880865163
194.625 -25.001673388856 -26.19044126150567
195.125 -25.006488547854723 -26.19513317107498
195.62499999999997 -25.01127146558026 -26.199801006070956
196.125 -25.016075248644288 -26.204465238723884
196.625 -25.020815112577154 -26.209098147465664
197.12499999999997 -25.025561964882055 -26.21370171739775
197.625 -25.030305656631832 -26.218305830440816
198.125 -25.035038268929174 -26.222907820340247
198.62499999999997 -25.03974238409779 -26.227476650110493
199.125 -25.04444841605543 -26.232047482303138
199.625 -25.04911827450007 -26.23659498427068
200.12499999999997 -25.05381834389663 -26.241146749634503
200.625 -25.058451094089484 -26.245682554216852
201.125 -25.063120002880343 -26.2502093784169
201.62499999999997 -25.067734456311847 -26.25472363071339
202.125 -25.07238847623504 -26.25919816790278
202.625 -25.076996624389057 -26.263708825939013
203.12499999999997 -25.081609395816308 -26.268186461663237
203.625 -25.086170691242096 -26.27263511003591
204.125 -25.09074995173541 -26.277090837075
204.62499999999997 -25.09531535906815 -26.281517430593627
205.125 -25.099877584000332 -26.28596022585623
205.625 -25.104418107752938 -26.29036924559488
206.12499999999997 -25.108974052415284 -26.29476749432774
206.625 -25.11347444861518 -26.299148795810478
207.125 -25.117997337341848 -26.303521847927872
207.62499999999997 -25.12248972364645 -26.30789535443909
208.125 -25.12697598670008 -26.312249922990816
208.625 -25.13147182011778 -26.31656780532701
209.12499999999997 -25.135927962831794 -26.3208949094835
209.625 -25.14039229864359 -26.325194680460985
210.125 -25.14483983998356 -26.329486972030203
210.62499999999997 -25.149278247799668 -26.333769166698122
211.125 -25.15368194077931 -26.338050008890583
211.625 -25.158119304509334 -26.342298873500688
212.12499999999997 -25.162539844435557 -26.346544178994897
212.625 -25.16692278808256 -26.350780580860324
213.125 -25.171301626629017 -26.354978656791612
213.62499999999997 -25.175683486277627 -26.35916965505036
214.125 -25.180057252464835 -26.36335013053371
214.625 -25.184411205843134 -26.367519447279083
215.12499999999997 -25.188755101195042 -26.371686973535077
215.625 -25.193109190940064 -26.375814612893777
216.125 -25.197432694434035 -26.379943165335654
216.62499999999997 -25.20176255393349 -26.384046946850393
217.125 -25.20606517662795 -26.38815526725456
217.625 -25.210376240261994 -26.392225708496582
218.12499999999997 -25.214662073642895 -26.396296076244177
218.625 -25.218938566236986 -26.400354764578488
219.125 -25.223230653934067 -26.404388750901028
219.62499999999997 -25.22750369958928 -26.40841144270447
220.125 -25.23176579803945 -26.41241752855398
220.625 -25.23599369252066 -26.416407380197263
221.12499999999997 -25.24024511807673 -26.420387900647356
221.625 -25.244468907604407 -26.42435493177115
222.125 -25.248694277292728 -26.428304092368904
222.62499999999997 -25.252907980934843 -26.432229212650284
223.125 -25.25712571435447 -26.436148192326137
223.625 -25.261316956963853 -26.440044293091084
224.12499999999997 -25.265500594690664 -26.44393741223796
224.625 -25.269700789576657 -26.44779682785487
225.125 -25.273873283676117 -26.451649593690032
225.62499999999997 -25.278054861864266 -26.45549526236988
226.125 -25.28220369355453 -26.45931365578623
226.625 -25.286340073052234 -26.463128324354837
227.12499999999997 -25.290503446260328 -26.466921997938854
227.625 -25.29464290006324 -26.47069586829054
228.125 -25.2987678928908 -26.474458597871728
228.62499999999997 -25.302882918642187 -26.478207638858034
229.125 -25.306998575894994 -26.48193144139341
229.625 -25.311126054545458 -26.48564619599461
230.12499999999997 -25.315192393693376 -26.489343102707426
230.625 -25.319309425722587 -26.49302471147749
231.125 -25.323401802069625 -26.4966878018126
231.62499999999997 -25.327484429422377 -26.500330560377236
232.125 -25.331533780248634 -26.50397882247932
232.625 -25.335609425547418 -26.50758914046433
233.125 -25.33967427084825 -26.511199788553622
233.625 -25.343712417564763 -26.514771347104915
234.125 -25.34775697989529 -26.51834115824449
234.625 -25.351798858808337 -26.521894969122574
235.125 -25.355826653235653 -26.525430759789668
235.625 -25.3598439621691 -26.528945707855627
236.125 -25.363874911055653 -26.532460040734126
236.625 -25.367866851322525 -26.535948780345613
237.125 -25.371854990276677 -26.53943435922838
237.625 -25.375847180241564 -26.542901057112957
238.125 -25.379840035360676 -26.54635618944988
238.625 -25.383801802551517 -26.549802210725613
239.125 -25.38778068015113 -26.553223593045733
239.625 -25.391747013106908 -26.556646575532103
240.125 -25.39570998599924 -26.560070521574225
240.625 -25.39963598080122 -26.563449386707365
241.125 -25.403575230358605 -26.566821757597868
241.625 -25.407534475235856 -26.570191765538343
242.125 -25.41143756956305 -26.573545008564835
242.625 -25.41533204361411 -26.576898083833186
243.125 -25.41923910355893 -26.580226518922572
243.625 -25.423139434270816 -26.583547511544555
244.125 -25.427021778052318 -26.586865361038676
244.625 -25.430936692766824 -26.590158734798486
245.125 -25.4347945778987 -26.59345480901994
245.625 -25.438694046889275 -26.596720047664107
246.125 -25.442541257828154 -26.59999291350196
246.625 -25.446415753375867 -26.603247448856422
247.125 -25.45026210051696 -26.606496340764675
247.625 -25.45409902874356 -26.609740680465936
248.125 -25.45793377992673 -26.61295209006649
248.625 -25.46176268321881 -26.616164686521092
249.125 -25.46557730669344 -26.619365801409863
249.625 -25.46940267121949 -26.622566834944024
250.125 -25.473227280016864 -26.62574670356603
250.625 -25.477020706918474 -26.628921889174052
251.125 -25.480810089931087 -26.632085304727614
251.625 -25.484610730249216 -26.63522909181623
252.125 -25.48837811535394 -26.638374100379053
252.625 -25.49216909050873 -26.64151481439435
253.125 -25.495942691309978 -26.644629248455537
253.625 -25.499707861059264 -26.64774007814355
254.125 -25.503460384533195 -26.650858764077007
254.625 -25.50721397974407 -26.653947187629697
255.125 -25.510951036100458 -26.65703254554575
255.625 -25.51469377873037 -26.66011277725442
256.125 -25.518432313449956 -26.663170801379067
256.625 -25.52214366329388 -26.666231918430444
257.125 -25.52586994965894 -26.66928854146885
257.625 -25.52959450795945 -26.67232714622026
258.125 -25.533269816099697 -26.675359406069777
258.625 -25.536993293361494 -26.67837822449158
259.125 -25.540675542658686 -26.68138679086342
259.625 -25.544372917521923 -26.684410208126785
260.125 -25.548065870123953 -26.687400388814346
260.625 -25.551728653668953 -26.690394446655887
261.125 -25.555408665015626 -26.693366925839427
261.625 -25.559061480150085 -26.69634458933881
262.125 -25.562739848090832 -26.699299320407782
262.625 -25.566387540748114 -26.702262374222393
263.125 -25.570050055468553 -26.70520917739731
263.625 -25.573698293654402 -26.708158004054198
264.125 -25.577323532123128 -26.71108356967945
264.625 -25.58096455340072 -26.714000966683003
265.125 -25.584584545401174 -26.716924995781916
265.625 -25.58822407834239 -26.719842967196104
266.125 -25.591821120109266 -26.722734960869982
266.625 -25.595423384058865 -26.725632194770853
267.125 -25.59904838004487 -26.72851144124932
267.625 -25.602644680848037 -26.73139990878095
268.125 -25.606227479248894 -26.7342749453245
268.625 -25.609818143113547 -26.73713895643941
269.125 -25.613388203537962 -26.739992302170762
269.625 -25.616968861469218 -26.742849813861184
270.125 -25.620544574611817 -26.745685220461596
270.625 -25.624118683649193 -26.748525932976925
271.125 -25.627676754895536 -26.7513592934608
271.625 -25.631223517506584 -26.754178131172416
272.125 -25.634772912343408 -26.75699795063105
272.625 -25.638339278076472 -26.75981045033893
273.125 -25.641873097409736 -26.762607167920294
273.625 -25.6454174101085 -26.76539829144986
274.125 -25.64892549974217 -26.768195047107092
274.625 -25.652461511805754 -26.770976987900795
275.125 -25.655965789848384 -26.773739347319182
275.625 -25.659493520157717 -26.77651581295801
276.125 -25.66300596607958 -26.779274265852337
276.625 -25.66649311246204 -26.782032217441486
277.125 -25.669982196965545 -26.784761859926462
277.625 -25.673467657237193 -26.787498279309506
278.125 -25.676958709800594 -26.79022780486379
278.625 -25.68044771270383 -26.79295583261881
279.125 -25.683911698267 -26.795655936451467
279.625 -25.687380226305812 -26.798378823940723
280.125 -25.69083522877852 -26.801074479818155
280.625 -25.694296632884264 -26.80376656592179
281.125 -25.697737875311866 -26.80644590173015
281.625 -25.701171910457102 -26.80913458957849
282.125 -25.70461234263087 -26.811808141250047
282.625 -25.708065814575978 -26.81446754107825
283.125 -25.711482712509284 -26.817127239670913
283.625 -25.714905652957842 -26.819787305282397
284.125 -25.718304568103175 -26.822417012429128
284.625 -25.721749636861112 -26.825065805164773
285.125 -25.725130519322686 -26.827684893873354
285.625 -25.72853918765793 -26.830319604907693
286.125 -25.731940976246346 -26.83293952995122
286.625 -25.7353222188856 -26.835553802026855
287.125 -25.73872451218737 -26.83815800673377
287.625 -25.742087657029895 -26.84075480268551
288.125 -25.745473151466452 -26.843347651579986
288.625 -25.7488438194174 -26.845941829732535
289.125 -25.752223055256742 -26.84852616680405
289.625 -25.755568283092455 -26.851088783607157
290.125 -25.75892834036338 -26.853665659753435
290.625 -25.762270406992318 -26.856227188728788
291.125 -25.765628321924364 -26.85878076379131
291.625 -25.76896280322366 -26.861328703564876
292.125 -25.772299257040068 -26.863881700749946
292.625 -25.775652417596927 -26.866429029768458
293.125 -25.778978722660973 -26.868965071105528
293.625 -25.782311673522447 -26.87148580415352
294.125 -25.785619472134513 -26.87400905898711
294.625 -25.78893505968823 -26.876518848861558
295.125 -25.79224045358588 -26.879041251876757
295.625 -25.79554489576955 -26.881553492157938
296.125 -25.79885005356015 -26.884049735360374
296.625 -25.80215530578291 -26.886546662039258
297.125 -25.80545874088692 -26.889033181974042
297.625 -25.80872610462857 -26.891504427989474
298.125 -25.812013969393057 -26.8940017830598
298.625 -25.815301195189384 -26.896469195296348
299.125 -25.81858058924275 -26.898940036302527
299.625 -25.821855628637564 -26.901403026705133
300.125 -25.82512275144343 -26.9038657377908
300.625 -25.82838028646006 -26.906309428589466
301.125 -25.831640704389716 -26.908769778113356
301.625 -25.834900138572515 -26.91120674998392
302.125 -25.838162890199612 -26.91364340598085
302.625 -25.84139474841716 -26.916072316599934
303.125 -25.844638452169196 -26.918508833645262
303.625 -25.84787462997209 -26.920938991995524
304.125 -25.85111303836517 -26.923356925837684
304.625 -25.854353093470223 -26.925770890768504
305.125 -25.85757802012145 -26.92818245938402
305.625 -25.860807390439287 -26.93059582894034
306.125 -25.864033905160156 -26.93299396864798
306.625 -25.867243502165888 -26.935386207172726
307.125 -25.870467518899524 -26.937778363564313
