FastTrWP/PhaseSpace/IAs/snIa_0.61_30.00_-0.65_0.10.csv
# %ECSV 0.9
# ---
# datatype:
# - {name: time-rel, datatype: float64}
# - {name: g, datatype: float64}
# - {name: i, datatype: float64}
# schema: astropy-2.0
time-rel g i
[from data line 2304]
1331.2708333333333 26.65371832806941 23.22109167691995
1331.7708333333333 26.65207036541681 23.222480209654567
1332.2708333333333 26.65037078617821 23.223871228358327
1332.7708333333333 26.64867021609698 23.225256338591787
1333.2708333333333 26.646996028748703 23.22663582984804
1333.7708333333333 26.645247801950276 23.228018376736472
1334.2708333333333 26.643535306610534 23.22940250079985
1334.7708333333333 26.64181477129324 23.230802614790584
1335.2708333333333 26.64014126122116 23.232182215694536
1335.7708333333333 26.63835319877913 23.23356320616331
1336.2708333333333 26.636602208050682 23.23495897317367
1336.7708333333333 26.6348557316713 23.236340040073248
1337.2708333333333 26.63310699346102 23.237728815865637
1337.7708333333333 26.631345974299773 23.239118152819348
1338.2708333333333 26.629595407484867 23.24050036132567
1338.7708333333333 26.62782937618404 23.241903868516065
1339.2708333333333 26.626074453287515 23.24328974134776
1339.7708333333333 26.624334682890733 23.244680860011577
1340.2708333333333 26.62264687817911 23.246070451539296
1340.7708333333333 26.620862649674613 23.247451519722553
1341.2708333333333 26.619153537310957 23.24884009499151
1341.7708333333333 26.617435114256484 23.250224748669307
1342.2708333333333 26.615734678506414 23.25162648681242
1342.7708333333333 26.614006146294106 23.25301946274736
1343.2708333333333 26.612290676533252 23.254413892566447
1343.7708333333333 26.610624825025862 23.25580634362811
1344.2708333333333 26.60899986063169 23.25719617103009
1344.7708333333333 26.607242364792523 23.25858527879938
1345.2708333333333 26.605655542833144 23.259980044905735
1345.7708333333333 26.603986237418734 23.26136772920517
1346.2708333333333 26.60234703753929 23.262758010197324
1346.7708333333333 26.600748959701424 23.264147405962646
1347.2708333333333 26.599157038786124 23.265549923791653
1347.7708333333333 26.597550175710968 23.26693588730196
1348.2708333333333 26.59602762627408 23.26833213992332
1348.7708333333333 26.59446036923056 23.26972923419064
1349.2708333333333 26.592926835266116 23.27111010573887
1349.7708333333333 26.591382876348952 23.272507084854503
1350.2708333333333 26.58995952638311 23.273898832652247
1350.7708333333333 26.588480571095154 23.275289802002085
1351.2708333333333 26.587019657486092 23.276689410853546
1351.7708333333333 26.585589019488467 23.2780848374382
1352.2708333333333 26.584263798257123 23.27947770716824
1352.7708333333333 26.582825676350176 23.280882358636326
1353.2708333333333 26.581492010494827 23.282262494905112
1353.7708333333333 26.58015740040845 23.2836600869178
1354.2708333333333 26.57876584392006 23.285047567829867
1354.7708333333333 26.57741790971677 23.28645460519376
1355.2708333333333 26.576058134231147 23.287833511820285
1355.7708333333333 26.574680730864504 23.28923826943511
1356.2708333333333 26.573279340275032 23.290630665861126
1356.7708333333333 26.57189162470167 23.292031365290736
1357.2708333333333 26.570472810844116 23.293437544514397
1357.7708333333333 26.569046099610464 23.294824779479832
1358.2708333333333 26.567592383293416 23.296221376194364
1358.7708333333333 26.56618335809523 23.297623415694094
1359.2708333333333 26.564770529411312 23.29902812486804
1359.7708333333333 26.563334191192432 23.30042117089713
1360.2708333333333 26.56192103748409 23.301819392167
1360.7708333333333 26.560418540890886 23.303223054379174
1361.2708333333333 26.559042083624732 23.304618605134394
1361.7708333333333 26.557521991567945 23.306014042312224
1362.2708333333333 26.55608940682882 23.307416532646208
1362.7708333333333 26.554651109461453 23.30882228430133
1363.2708333333333 26.55316665339605 23.310221144649972
1363.7708333333333 26.55174503806652 23.311628139748567
1364.2708333333333 26.55028044494294 23.313024121722364
1364.7708333333333 26.54879789615634 23.314434560111756
1365.2708333333333 26.547391699325374 23.315834983703162
1365.7708333333333 26.545918054767874 23.317234373592495
1366.2708333333333 26.544517889555852 23.318635506428112
1366.7708333333333 26.54310011892513 23.320035497441364
1367.2708333333333 26.54163168159707 23.32144412052514
1367.7708333333333 26.540171305963504 23.322838942861676
1368.2708333333333 26.53879883892482 23.32425074382708
1368.7708333333333 26.5373903660483 23.325654238593415
1369.2708333333333 26.53595041093769 23.327050233852017
1369.7708333333333 26.534541826010777 23.32846174493185
1370.2708333333333 26.533140060717137 23.32986443770104
1370.7708333333333 26.53177843451282 23.33127121627353
1371.2708333333333 26.530389141880914 23.332667826599106
1371.7708333333333 26.529013259841022 23.33407505691842
1372.2708333333333 26.527668309139116 23.33548404842443
1372.7708333333333 26.52635363850426 23.336884552256016
1373.2708333333333 26.52501776809761 23.33828992119002
1373.7708333333333 26.523688027428143 23.339687381280847
1374.2708333333333 26.52234389105289 23.34109684253964
1374.7708333333333 26.521079204070585 23.34250288004489
1375.2708333333333 26.51981126310115 23.343904730329026
1375.7708333333333 26.518523572139866 23.345316929989202
1376.2708333333333 26.517281301950653 23.34671741564797
1376.7708333333333 26.516011835314032 23.348117348138068
1377.2708333333333 26.514796000873325 23.349523467734443
1377.7708333333333 26.51354078277405 23.35092990347832
1378.2708333333333 26.512405499296214 23.352327992786876
1378.7708333333333 26.511198993456215 23.353729081128062
1379.2708333333333 26.5100571656213 23.35514160958178
1379.7708333333333 26.50893269346848 23.35653456646614
1380.2708333333333 26.50782080344443 23.357948120468578
1380.7708333333333 26.506663358008552 23.359346168858536
1381.2708333333333 26.505570935491413 23.360753039806536
1381.7708333333333 26.504491760328186 23.36215318099687
1382.2708333333333 26.503531814264573 23.363549372499065
1382.7708333333333 26.502463483340964 23.364950286600546
1383.2708333333333 26.501501974852843 23.3663547700835
1383.7708333333333 26.5004817986496 23.36776088773523
1384.2708333333333 26.499501206250436 23.369152878574532
1384.7708333333333 26.498620768526774 23.37055910258816
1385.2708333333333 26.497653509550307 23.371963527443512
1385.7708333333333 26.49683377461866 23.37336122608243
1386.2708333333333 26.4959873003166 23.37476316081037
1386.7708333333333 26.495121076876316 23.376155103739062
1387.2708333333333 26.49426432209594 23.377560619849874
1387.7708333333333 26.493478383629757 23.37895315304934
1388.2708333333333 26.492707107352306 23.380358767172392
1388.7708333333333 26.492003014603323 23.381742425420914
1389.2708333333333 26.491348900945578 23.38314870480447
1389.7708333333333 26.49066985096117 23.384547200415177
1390.2708333333333 26.489991377560784 23.385937999684177
1390.7708333333333 26.4894138707677 23.38734540824991
1391.2708333333333 26.48879077283173 23.388735141643444
1391.7708333333333 26.48822943401854 23.39012355647123
1392.2708333333333 26.48770787802593 23.391518195872308
1392.7708333333333 26.487201212716993 23.392908346363804
1393.2708333333333 26.486717994539184 23.394299938726775
1393.7708333333333 26.486217669118254 23.395702879096994
1394.2708333333333 26.48573726954522 23.397081406142647
1394.7708333333333 26.48528918955789 23.398484933951078
1395.2708333333333 26.484903926949272 23.399878550021015
1395.7708333333333 26.48447007018298 23.401271548475492
1396.2708333333333 26.484052448989402 23.402676834623716
1396.7708333333333 26.483658228562984 23.40406873001516
1397.2708333333333 26.483289183693124 23.40546078145818
1397.7708333333333 26.482938362155206 23.406851847363257
1398.2708333333333 26.482593264114005 23.408242962115466
1398.7708333333333 26.482264871234374 23.409643738219707
1399.2708333333333 26.481990490266437 23.411036319785072
1399.7708333333333 26.481664266655986 23.41242064417284
1400.2708333333333 26.48140516244449 23.413810482181134
1400.7708333333333 26.48111455624765 23.415205620825624
1401.2708333333333 26.480896200911385 23.41659702380417
1401.7708333333333 26.48069831196475 23.418000717986246
1402.2708333333333 26.480512452196304 23.41938089992192
1402.7708333333333 26.480248401807582 23.420781694640674
1403.2708333333333 26.480080553977857 23.422171019850357
1403.7708333333333 26.479916689363098 23.423560877544766
1404.2708333333333 26.4797770024649 23.42494962925761
1404.7708333333333 26.479666875940584 23.42633845001028
1405.2708333333333 26.479513688722626 23.427727077999148
1405.7708333333333 26.479433256520046 23.42911817170264
1406.2708333333333 26.47933414821366 23.430504390450757
1406.7708333333333 26.47929631079868 23.43189489146015
1407.2708333333333 26.479218054448694 23.43328379107547
1407.7708333333333 26.479180421692572 23.434670486527438
1408.2708333333333 26.47914490354391 23.43605571859127
1408.7708333333333 26.4791231069024 23.43744519620111
1409.2708333333333 26.47913216061381 23.43882770850598
1409.7708333333333 26.479177750571964 23.440226418501528
1410.2708333333333 26.47924644887524 23.441602495851413
1410.7708333333333 26.479283631404165 23.442992088733806
1411.2708333333333 26.47939442728079 23.444383003124916
1411.7708333333333 26.47946983843677 23.445761384791076
1412.2708333333333 26.47958879671922 23.447134156383104
1412.7708333333333 26.479684232078064 23.448538487734965
1413.2708333333333 26.479854292154776 23.449910125313956
1413.7708333333333 26.479994398581987 23.45128173782195
1414.2708333333333 26.480217980391622 23.452672234538014
1414.7708333333333 26.48036175449259 23.454054632462856
1415.2708333333333 26.48059919484237 23.455434656741055
1415.7708333333333 26.48085237893138 23.456810368767904
