FastTrWP/PhaseSpace/IAs/snIa_0.45_30.00_0.05_0.09.csv
# %ECSV 0.9
# ---
# datatype:
# - {name: time-rel, datatype: float64}
# - {name: g, datatype: float64}
# - {name: i, datatype: float64}
# schema: astropy-2.0
time-rel g i
188.22916666666666 26.999349062479936 24.772878168735627
188.72916666666663 26.977346114828826 24.764936790662272
189.22916666666666 26.95569708521021 24.756996499125542
189.72916666666666 26.93437135439083 24.74911574463706
190.22916666666663 26.913225657804173 24.741237650295325
190.72916666666666 26.892427709207066 24.73340840157484
191.22916666666666 26.87191096421234 24.725597024020168
191.72916666666663 26.85171292566382 24.717820189176564
192.22916666666666 26.831738833547863 24.7100978809914
192.72916666666666 26.812052933995474 24.70240036335596
193.22916666666663 26.79257500163186 24.694733304343778
193.72916666666666 26.773352902170842 24.6870814661442
194.22916666666666 26.754413320457754 24.679457188841546
194.72916666666663 26.735679116802405 24.671896641484302
195.22916666666666 26.717170976881505 24.664334429198803
195.72916666666666 26.698874828029624 24.65683350744131
196.22916666666663 26.68089913572944 24.649340238664564
196.72916666666666 26.663071351780655 24.641880406909948
197.22916666666666 26.64545958297428 24.634462894428243
197.72916666666663 26.62804799747939 24.627071601378987
198.22916666666666 26.610864384083857 24.619703586515133
198.72916666666666 26.593842003503802 24.612392736850563
199.22916666666663 26.57706270135735 24.60510585157449
199.72916666666666 26.560427006870597 24.597818396946142
200.22916666666666 26.544001288131213 24.59061217769106
200.72916666666663 26.52774853802832 24.583375724588123
201.22916666666666 26.5117103364037 24.576241923582707
201.72916666666666 26.495829452470346 24.569091653342735
202.22916666666663 26.480057204872352 24.561974444851458
202.72916666666666 26.46455628278376 24.554893534659644
203.22916666666666 26.449221406686448 24.547862484845627
203.72916666666663 26.433958678138765 24.540830499136806
204.22916666666666 26.418921337725894 24.533849269379502
204.72916666666666 26.404023403780812 24.52689325253353
205.22916666666663 26.389291850053247 24.51997847348418
205.72916666666666 26.3747362415454 24.513104056962483
206.22916666666666 26.360308169509743 24.50623458868765
206.72916666666663 26.345971899949618 24.49939255722714
207.22916666666666 26.331836134995168 24.492600842802005
207.72916666666666 26.317789217394445 24.48580289246671
208.22916666666663 26.30382819148879 24.479067039780524
208.72916666666666 26.290040727697907 24.472302579477176
209.22916666666666 26.27626845525687 24.46558600482681
209.72916666666663 26.26269160562595 24.45887445410669
210.22916666666666 26.24917226932118 24.452186355712726
210.72916666666666 26.235766264929516 24.44552358178951
211.22916666666663 26.222425827271678 24.43888108775537
211.72916666666666 26.209252966538173 24.43225738452221
212.22916666666666 26.1960960464733 24.425645997667296
212.72916666666663 26.183093666560822 24.419047671548558
213.22916666666666 26.170188639477384 24.412504963839613
213.72916666666666 26.157363089374126 24.40594421752548
214.22916666666663 26.144627937817862 24.399430604778097
214.72916666666666 26.132045524979727 24.392926209362287
215.22916666666666 26.11943776974432 24.38642878895457
215.72916666666663 26.106998526303087 24.379984757573617
216.22916666666666 26.09466376683958 24.373558485110753
216.72916666666666 26.08238628114092 24.36713419734451
217.22916666666663 26.070223663197577 24.360721462974197
217.72916666666666 26.05811024905812 24.354364526768695
218.22916666666666 26.046120069316107 24.34799833696208
218.72916666666663 26.03421647587373 24.341667103295848
219.22916666666666 26.022371043617763 24.335357933580323
219.72916666666666 26.01062593878696 24.32907333751599
220.22916666666663 25.998988197967428 24.32279514029279
220.72916666666666 25.98741727402615 24.316566066567738
221.22916666666666 25.975912289416456 24.310341746584434
221.72916666666663 25.964465750040144 24.304121149405326
222.22916666666666 25.953116569147806 24.297940178158793
222.72916666666666 25.941869794441118 24.291789595374347
223.22916666666663 25.93071863768971 24.28565611699625
223.72916666666666 25.919608859783658 24.279540560744888
224.22916666666666 25.908575425884536 24.27343781147887
224.72916666666663 25.89768216114651 24.267381766173997
225.22916666666666 25.886812061463147 24.26133319614335
225.72916666666666 25.8759660784003 24.25531578040996
226.22916666666663 25.865239724893776 24.249319723762643
226.72916666666666 25.85459842430452 24.243320583481
227.22916666666666 25.844031630559755 24.237369364138587
227.72916666666663 25.833529670159532 24.231432207643028
228.22916666666666 25.823104887131514 24.22550860095076
228.72916666666666 25.812731611933714 24.219624347001
229.22916666666663 25.802427301401757 24.213757070059327
229.72916666666666 25.792240173241506 24.207911577129707
230.22916666666666 25.78208655454537 24.2020994131174
230.72916666666666 25.771997085165378 24.196283446405214
231.22916666666666 25.761951231576067 24.190519462387083
231.72916666666666 25.752057893688022 24.184748539849302
232.22916666666666 25.74215856037002 24.17901815556371
232.72916666666666 25.732350951416873 24.17330436466752
233.22916666666666 25.722602039444777 24.16761503614518
233.72916666666666 25.71289504483323 24.161951648058103
234.22916666666666 25.703270929011506 24.15629984714013
234.72916666666666 25.69371899331633 24.150676809012772
235.22916666666666 25.684230657871314 24.14509204078263
235.72916666666666 25.674784887360964 24.139498865027754
236.22916666666666 25.665421651897958 24.1339495045565
236.72916666666666 25.656091593526384 24.12840895540739
237.22916666666666 25.646857177256912 24.122902522770833
237.72916666666666 25.637632341515307 24.117417670717593
238.22916666666666 25.628535000871977 24.111945602806195
238.72916666666666 25.619479570840483 24.106494596694155
239.22916666666666 25.610474636527137 24.101090379818103
239.72916666666666 25.601484714508448 24.095692742337196
240.22916666666666 25.592620363938995 24.090307251046323
240.72916666666666 25.58376885966176 24.08495536701059
241.22916666666666 25.57497407519683 24.079629724609724
241.72916666666666 25.566247684779142 24.07431420910474
242.22916666666666 25.557570567511327 24.06901854913312
242.72916666666666 25.548919286152156 24.06374205106145
243.22916666666666 25.54034050033045 24.058494191356957
243.72916666666666 25.531774156558278 24.053239787809026
244.22916666666666 25.523272844505836 24.047994616260766
244.72916666666666 25.514797517325132 24.042782914042988
245.22916666666666 25.5063962228312 24.03757353214324
245.72916666666666 25.498002941816086 24.032396773115423
246.22916666666666 25.489649273315173 24.027214391691917
246.72916666666666 25.48138496750777 24.02205989870556
247.22916666666666 25.47310130994411 24.0169090694246
247.72916666666666 25.464896031852863 24.011800843741433
248.22916666666666 25.45670979569781 24.00668860904097
248.72916666666666 25.448573949866727 24.00160897111613
249.22916666666666 25.440473810047436 23.99652153272165
249.72916666666666 25.432409622385862 23.991450179861037
250.22916666666666 25.424389380906028 23.986400718007125
250.72916666666666 25.41642274201334 23.981363200118313
251.22916666666666 25.40849163976951 23.97635237027595
251.72916666666666 25.400548777639496 23.97135761495299
252.22916666666666 25.392692956997923 23.96635898467646
252.72916666666666 25.384877847092902 23.961391984537833
253.22916666666666 25.37707812948018 23.95642320753158
253.72916666666666 25.369361235137408 23.95149649553438
254.22916666666666 25.361635919474644 23.946570135825812
254.72916666666666 25.353930524473114 23.941668607498293
255.22916666666666 25.346279774454764 23.936759307099734
255.72916666666666 25.338685829293844 23.931878247331927
256.2291666666667 25.331129076522217 23.92702102344375
256.7291666666667 25.323594586247285 23.92217907579679
257.2291666666667 25.31610234248669 23.917344004418194
257.7291666666667 25.308653368986732 23.91254162587629
258.2291666666667 25.301235169564606 23.907721882336123
258.7291666666667 25.293819655789026 23.902939467247087
259.2291666666667 25.286483334536367 23.898173994330072
259.7291666666667 25.279169803357323 23.893416235795677
260.2291666666667 25.27184684305322 23.888692973228682
260.7291666666667 25.264650228418102 23.883968761639128
261.2291666666667 25.257407298021555 23.879260130819922
261.7291666666667 25.250223090147163 23.87456388443897
262.2291666666667 25.24305885638367 23.869884728347174
262.7291666666667 25.2359689126166 23.865232383573115
263.2291666666667 25.22887203995779 23.860580187485034
263.7291666666667 25.221842008528256 23.855957364234897
264.2291666666667 25.21483724422449 23.851333784129466
264.7291666666667 25.20782377607921 23.846757309568673
265.2291666666667 25.200867781185124 23.842166793273417
265.7291666666667 25.193965491951328 23.83759482893119
266.2291666666667 25.187087058249436 23.833043785279283
266.7291666666667 25.180215674800674 23.82851643464479
267.2291666666667 25.173384682914627 23.82399152417183
267.7291666666667 25.166623697670445 23.81950051904626
268.2291666666667 25.159872961937534 23.81498833251886
268.7291666666667 25.153143238385685 23.810520350466074
269.2291666666667 25.146410470127634 23.806064618382457
269.7291666666667 25.139770612159356 23.80161948691717
270.2291666666667 25.133140937662493 23.797192576487923
270.7291666666667 25.126553355949834 23.792784349236076
271.2291666666667 25.11997044910221 23.788396019480032
271.7291666666667 25.113424376553798 23.784003534163173
272.2291666666667 25.106915015806138 23.779641819770376
272.7291666666667 25.100425741170945 23.775301855941464
273.2291666666667 25.093971211484494 23.770961730333973
273.7291666666667 25.08754570778003 23.766641365177158
274.2291666666667 25.081175782118606 23.762338885591387
274.7291666666667 25.074803933609488 23.75803741552495
275.2291666666667 25.068459637515335 23.753769727943567
275.7291666666667 25.062164127874276 23.74951339167349
276.2291666666667 25.055860116857225 23.745269161516852
276.7291666666667 25.049616311231553 23.74104881762968
277.2291666666667 25.043403699129488 23.736830544485464
277.7291666666667 25.037222744693718 23.73264599218073
278.2291666666667 25.031049339689844 23.728447322645106
278.7291666666667 25.02488228883863 23.724283453642375
279.2291666666667 25.01878497739911 23.720122233647544
279.7291666666667 25.012688620398478 23.71596631760633
280.2291666666667 25.006600576143345 23.711841700653196
280.7291666666667 25.000553710492284 23.707715308629453
281.2291666666667 24.994542784940247 23.703619025046883
281.7291666666667 24.98853048973402 23.699507904652457
282.2291666666667 24.982559842084562 23.69543690767069
282.7291666666667 24.976625178776203 23.69136513193372
283.2291666666667 24.970701774284507 23.68730989704141
283.7291666666667 24.964764048861735 23.683256407187038
284.2291666666667 24.958895286408517 23.679229130198248
284.7291666666667 24.953034122492134 23.675206305116077
285.2291666666667 24.947213593533014 23.671197550325836
285.7291666666667 24.94139468859508 23.667211110644544
286.2291666666667 24.935595225389978 23.663209592530862
286.7291666666667 24.929818511695636 23.659242369517482
287.2291666666667 24.92406972474276 23.655271461801576
287.7291666666667 24.918352083116673 23.65131607617009
288.2291666666667 24.912615629285455 23.647378351823537
288.7291666666667 24.906952547344254 23.643457187380235
289.2291666666667 24.901279674212013 23.63952649852739
289.7291666666667 24.895630759998305 23.635609852206816
290.2291666666667 24.890001363373607 23.63171896734354
290.7291666666667 24.88438498330546 23.627845757098886
291.2291666666667 24.878797979901883 23.623967517398327
291.7291666666667 24.873232547740955 23.6200891152769
292.2291666666667 24.86767433091749 23.616236802319378
292.7291666666667 24.862159542378073 23.612387939738003
293.2291666666667 24.85664296098879 23.60856547777667
293.7291666666667 24.851157521767174 23.60474205241109
294.2291666666667 24.845685541603295 23.600924813617077
294.7291666666667 24.840217800512512 23.597117960689943
295.2291666666667 24.834802986518497 23.59332294998471
295.7291666666667 24.829369155251754 23.589537625940267
296.2291666666667 24.82397812209472 23.585760241228407
296.7291666666667 24.818583645315723 23.58199093709416
297.2291666666667 24.81321768011022 23.578235211387565
297.7291666666667 24.807867625454236 23.574493981690093
298.2291666666667 24.802542604220527 23.57075272870178
298.7291666666667 24.79724100451446 23.56703071113598
299.2291666666667 24.791909393433052 23.563307874712738
299.7291666666667 24.78665095008168 23.559598566005366
300.2291666666667 24.7813829408326 23.555886442844507
300.7291666666667 24.776148362053917 23.55219733189308
301.2291666666667 24.77092238440798 23.54851165816577
301.7291666666667 24.76570890044753 23.544837615348527
302.2291666666667 24.7604773952745 23.541166232208287
302.7291666666667 24.75530945290786 23.537507306310385
303.2291666666667 24.75015136438227 23.533858441509334
303.7291666666667 24.744991423858114 23.530213847080507
304.2291666666667 24.73986707346953 23.526589363661227
304.7291666666667 24.734735424943008 23.522955424367836
305.2291666666667 24.729633568074426 23.519343713032367
305.7291666666667 24.724540825385397 23.51572835441918
306.2291666666667 24.71945675508737 23.51213420300468
306.7291666666667 24.71441987102549 23.508534882461923
307.2291666666667 24.70934886091305 23.504966148217065
307.7291666666667 24.704319645865475 23.50137690775963
308.2291666666667 24.69930864629063 23.497799018815297
308.7291666666667 24.694305024200393 23.494243051362695
309.2291666666667 24.689312030298773 23.49068948887901
309.7291666666667 24.684328041796512 23.487135116005952
310.2291666666667 24.679385286895965 23.483606141020537
310.7291666666667 24.674437156211567 23.480072993709612
311.2291666666667 24.669506013675765 23.47654070825655
311.7291666666667 24.664575172316944 23.473037178573914
312.2291666666667 24.659687301199288 23.46952436526781
312.7291666666667 24.65480339814659 23.466026776244764
313.2291666666667 24.649929606242228 23.46253392393207
313.7291666666667 24.645078933873616 23.459058161588366
314.2291666666667 24.640220667277358 23.45558822186308
314.7291666666667 24.635398103757442 23.4521220474237
315.2291666666667 24.630574871774012 23.448649068968557
315.7291666666667 24.625790825598006 23.445199337399238
316.2291666666667 24.620998458483516 23.441769371218477
316.7291666666667 24.61622720366005 23.43833986247704
317.2291666666667 24.611479502012074 23.4348996553862
317.7291666666667 24.606723562565893 23.431494663083228
318.2291666666667 24.60198269918436 23.42808060089901
318.7291666666667 24.59726779792038 23.424687808870203
319.2291666666667 24.592578117071415 23.421299548811596
319.7291666666667 24.58789541239579 23.417887675413752
320.2291666666667 24.583205141456588 23.414529894209824
320.7291666666667 24.578521166549248 23.411142621475495
321.2291666666667 24.573866037197526 23.40778726229701
321.7291666666667 24.569230432498163 23.404434890442186
322.2291666666667 24.56460994004075 23.40108415143189
322.7291666666667 24.559998583048028 23.3977397249244
323.2291666666667 24.555389300107894 23.3943952910386
323.7291666666667 24.55079553198769 23.391067536319092
324.2291666666667 24.546204888718435 23.387752042105845
324.7291666666667 24.541648098452697 23.384428162282923
325.2291666666667 24.537097209428637 23.381132620903834
325.7291666666667 24.532554172633425 23.377824936732047
326.2291666666667 24.528025591397032 23.374537602098172
326.7291666666667 24.523508151426192 23.37124179728253
327.2291666666667 24.518994429862918 23.367965186206288
327.7291666666667 24.514494560741436 23.364684290756472
328.2291666666667 24.510018682143343 23.36140959900684
328.7291666666667 24.50552283420686 23.358174872417457
329.2291666666667 24.501082532989926 23.354904900750505
329.7291666666667 24.496619531789552 23.351649128678748
330.2291666666667 24.492183170184187 23.348407191224663
330.7291666666667 24.487741405056525 23.34518030218633
331.2291666666667 24.4833366530359 23.341940421511804
