FastTrWP/PhaseSpace/IAs/snIa_0.35_30.00_1.07_0.16.csv
# %ECSV 0.9
# ---
# datatype:
# - {name: time-rel, datatype: float64}
# - {name: g, datatype: float64}
# - {name: i, datatype: float64}
# schema: astropy-2.0
time-rel g i
[from data line 1733]
1036.0416666666667 23.83391086017674 22.585094740682358
1036.5416666666667 23.835471428347404 22.585942870350813
1037.0416666666667 23.837007062393273 22.586784536009667
1037.5416666666667 23.838559971850962 22.587627781087505
1038.0416666666667 23.840101343077205 22.588480586005907
1038.5416666666667 23.841675935079234 22.589323789964745
1039.0416666666667 23.84324440253414 22.590179983987007
1039.5416666666667 23.844806119103147 22.591028171794694
1040.0416666666667 23.84637114975172 22.591879605376576
1040.5416666666667 23.84793039818975 22.592733154812898
1041.0416666666667 23.849504372536195 22.593585475049718
1041.5416666666667 23.85107771455161 22.594438390954764
1042.0416666666667 23.85265875226386 22.595298042826506
1042.5416666666667 23.854232064314736 22.596155790060926
1043.0416666666667 23.855821520398976 22.597015888914086
1043.5416666666667 23.857391878742288 22.59786717475183
1044.0416666666667 23.85897959345396 22.598729739942303
1044.5416666666667 23.8605764657323 22.59959243887139
1045.0416666666667 23.862165524007114 22.600447758413132
1045.5416666666667 23.863761841071273 22.60131430338715
1046.0416666666667 23.865372254739086 22.602175997608462
1046.5416666666667 23.866957761009285 22.603043959509257
1047.0416666666667 23.868557108870476 22.60390400440095
1047.5416666666667 23.87016242931339 22.6047678811665
1048.0416666666667 23.871777057154947 22.60563403827176
1048.5416666666667 23.873383534744686 22.60650275749109
1049.0416666666667 23.874996724038805 22.60737254116087
1049.5416666666667 23.8766166644184 22.608246057926138
1050.0416666666667 23.878240513420046 22.609113829044656
1050.5416666666667 23.879854064647983 22.609984297866053
1051.0416666666667 23.881482941152107 22.610856105236422
1051.5416666666667 23.883106430269304 22.611731440601464
1052.0416666666667 23.88474466069256 22.612608083724094
1052.5416666666667 23.886371255574396 22.613487397177302
1053.0416666666667 23.88802235545994 22.614368403099498
1053.5416666666667 23.88964943298625 22.615237314863073
1054.0416666666667 23.891280436211506 22.61612149591808
1054.5416666666667 23.892938452336935 22.616995523021256
1055.0416666666667 23.89459199551109 22.617882188375322
1055.5416666666667 23.896236033012755 22.618759603644534
1056.0416666666667 23.89789735087404 22.6196381971298
1056.5416666666667 23.899545827331686 22.620527474487155
1057.0416666666667 23.901211238081032 22.621409000312298
1057.5416666666667 23.902873319482016 22.62230213951664
1058.0416666666667 23.90453599491523 22.623186799449087
1058.5416666666667 23.906215282689253 22.624081864484744
1059.0416666666667 23.907885196086546 22.624966582866804
1059.5416666666667 23.909570737396603 22.625857053292002
1060.0416666666667 23.91123726979285 22.626744217548648
1060.5416666666667 23.9129016749754 22.627640080362408
1061.0416666666667 23.91458944757266 22.62852970631325
1061.5416666666667 23.916293962109165 22.62942583291638
1062.0416666666667 23.917964881309484 22.630327807294215
1062.5416666666667 23.9196679608516 22.631220938881857
1063.0416666666667 23.921358493672958 22.63211574230816
1063.5416666666667 23.92306074972924 22.633016368045578
1064.0416666666667 23.92475998056475 22.633913617551414
1064.5416666666667 23.92647183623401 22.634811552327875
1065.0416666666667 23.928179749157206 22.63571731076921
1065.5416666666667 23.929889537665474 22.636617242236007
1066.0416666666667 23.931596073334624 22.637517025918932
1066.5416666666667 23.933307728646138 22.638424033018588
1067.0416666666667 23.935031085776004 22.639329378539607
1067.5416666666667 23.93675785091034 22.640232491542783
1068.0416666666667 23.938469433238303 22.641139716359962
1068.5416666666667 23.940205113920577 22.642049051370922
1069.0416666666667 23.94193493254668 22.642958718248387
1069.5416666666667 23.943672344219337 22.6438661660835
1070.0416666666667 23.945398367063106 22.644781349452543
1070.5416666666667 23.947137138423113 22.64569010545546
1071.0416666666667 23.948880310708557 22.64660129083124
1071.5416666666667 23.95061736350948 22.647518538622023
1072.0416666666667 23.952378768698622 22.64841985768124
1072.5416666666667 23.954134123217607 22.649341363603508
1073.0416666666667 23.955882339274975 22.650252813701282
1073.5416666666667 23.95763524716002 22.65116650635463
1074.0416666666667 23.95940269952751 22.65209347945538
1074.5416666666667 23.9611545602699 22.65301037545758
1075.0416666666667 23.962929254596673 22.65392971953957
1075.5416666666667 23.96469607003002 22.654848558029542
1076.0416666666667 23.966480055812113 22.65576687381858
1076.5416666666667 23.968256078486977 22.656689025654444
1077.0416666666667 23.97001979420689 22.65761663061624
1077.5416666666667 23.971806387973594 22.658541240281323
1078.0416666666667 23.973585581024444 22.65946439137171
1078.5416666666667 23.975371885428252 22.660385381280022
1079.0416666666667 23.97716399086615 22.661310408266083
1079.5416666666667 23.978956983678383 22.662240714034567
1080.0416666666667 23.980759922719596 22.66316186575445
1080.5416666666667 23.982552714726808 22.66409008375576
1081.0416666666667 23.984361144411437 22.66502670786668
1081.5416666666667 23.986167657873008 22.66595247443806
1082.0416666666667 23.98795914296997 22.666879846249444
1082.5416666666667 23.9897808893892 22.66781477408658
1083.0416666666667 23.99160432778673 22.66875247859796
1083.5416666666667 23.993420995474807 22.669676744019004
1084.0416666666667 23.99524313328481 22.670613535876576
1084.5416666666667 23.997076849869153 22.671551468706564
1085.0416666666667 23.998896981750548 22.67248651429353
1085.5416666666667 24.000734465892197 22.673428033684594
1086.0416666666667 24.002575047854048 22.67437717021536
1086.5416666666667 24.004429248835407 22.675315895398484
1087.0416666666667 24.006281802960952 22.676271356464635
1087.5416666666667 24.008123174322616 22.677219507410964
1088.0416666666667 24.010003404728923 22.67816056237755
1088.5416666666667 24.011862320134313 22.679124695901773
1089.0416666666667 24.013741312594192 22.680081898119553
1089.5416666666667 24.01561868959215 22.681036873820698
1090.0416666666667 24.017507863571854 22.682001073626623
1090.5416666666667 24.0193811393052 22.6829580714653
1091.0416666666667 24.021276696074267 22.683919420271263
1091.5416666666667 24.023171637505286 22.68488921034902
1092.0416666666667 24.025078709389053 22.685854204112673
1092.5416666666667 24.02698013362376 22.6868180696584
1093.0416666666667 24.028906400042295 22.687791765704766
1093.5416666666667 24.030795988102817 22.688758164830638
1094.0416666666667 24.032718279144134 22.689728542805376
1094.5416666666667 24.03465285496109 22.6907005975134
1095.0416666666667 24.036548372738345 22.691673167616706
1095.5416666666667 24.03850472309429 22.692645683608788
1096.0416666666667 24.040421990221077 22.693618108170163
1096.5416666666667 24.042355022666047 22.694597808135146
1097.0416666666667 24.04427402334033 22.695579591106096
1097.5416666666667 24.046238055672625 22.69655233888568
1098.0416666666667 24.04818503384056 22.697528098664094
1098.5416666666667 24.050122305229028 22.698511303455433
1099.0416666666667 24.05206110478415 22.699485842508796
1099.5416666666667 24.053999824778703 22.700465922474184
1100.0416666666667 24.05596444362078 22.7014415282332
1100.5416666666667 24.05793274504285 22.70242343321517
1101.0416666666667 24.05988407017349 22.703410296307226
1101.5416666666667 24.06183824202725 22.704379331925203
1102.0416666666667 24.063809274577018 22.70535469880887
1102.5416666666667 24.06577313368103 22.706330907263805
1103.0416666666667 24.067734916854846 22.70731107237371
1103.5416666666667 24.069701121812138 22.708297780495656
1104.0416666666667 24.07166405410654 22.709259976940356
1104.5416666666667 24.07364628248738 22.71025151371338
1105.0416666666667 24.075620890729677 22.711228348728035
1105.5416666666667 24.07759187999535 22.712199381615882
1106.0416666666667 24.079572004128956 22.713177093767435
1106.5416666666667 24.081540493126205 22.714152767221005
1107.0416666666667 24.083511993349013 22.715117196041813
1107.5416666666667 24.085490881296817 22.716096768449706
1108.0416666666667 24.0874676792963 22.717061107510844
1108.5416666666667 24.089442277567695 22.71802544329656
1109.0416666666667 24.091410911931597 22.719000186402933
1109.5416666666667 24.09339831407657 22.719965604911664
1110.0416666666667 24.09538393110843 22.720933672375438
1110.5416666666667 24.097355473920004 22.721905024512033
1111.0416666666667 24.099331719502285 22.722864901204815
1111.5416666666667 24.10130813201437 22.723820509452125
1112.0416666666667 24.103287748958465 22.72477610690625
1112.5416666666667 24.10526209477402 22.725738307221413
1113.0416666666667 24.10723826095863 22.726687850562392
1113.5416666666667 24.10920812478503 22.727646213063505
1114.0416666666667 24.11119408533526 22.728594446012856
1114.5416666666667 24.113160733513293 22.729543171969738
1115.0416666666667 24.11513047423961 22.730487434006825
1115.5416666666667 24.117095135546904 22.731429592746416
1116.0416666666667 24.11905514205543 22.732367781238256
1116.5416666666667 24.12103394202117 22.73330880221337
1117.0416666666667 24.122996060679522 22.7342544276105
1117.5416666666667 24.12494822162516 22.73518916904149
1118.0416666666667 24.126920540287678 22.736128233148406
1118.5416666666667 24.128901072381712 22.737059719733086
1119.0416666666667 24.130883692720694 22.737994702645118
1119.5416666666667 24.132845770892565 22.73892748744736
1120.0416666666667 24.13482197756226 22.739857677792294
1120.5416666666667 24.136791441272408 22.740789021245973
1121.0416666666667 24.13876727347812 22.741724617526234
1121.5416666666667 24.14074233720998 22.742650185443818
1122.0416666666667 24.14273662798066 22.743583699999338
1122.5416666666667 24.144722496932243 22.744521105249554
1123.0416666666667 24.146686983762223 22.74545650375461
1123.5416666666667 24.148688756774778 22.74637755092547
1124.0416666666667 24.15067135567588 22.747301944014776
1124.5416666666667 24.152672088064357 22.74822962896963
1125.0416666666667 24.15465556676928 22.749163235574763
1125.5416666666667 24.156652959468108 22.750082223797754
1126.0416666666667 24.158616642299172 22.751015433262516
1126.5416666666667 24.160609948725007 22.75193790444737
1127.0416666666667 24.162606340272298 22.752863411066542
1127.5416666666667 24.16460432016079 22.753788940992543
1128.0416666666667 24.166594051231694 22.754707770954276
1128.5416666666667 24.168580228951654 22.755627251485215
1129.0416666666667 24.17058113858429 22.756552244751575
1129.5416666666667 24.172586522906055 22.757463730842673
1130.0416666666667 24.174565925434173 22.758381714378185
1130.5416666666667 24.176561061450897 22.75929670377803
1131.0416666666667 24.178576421812114 22.76021892423552
1131.5416666666667 24.180564489486777 22.761126279728412
1132.0416666666667 24.18256418499592 22.7620463532936
1132.5416666666667 24.184560696320226 22.76294938786102
1133.0416666666667 24.18655324841739 22.76387036602882
1133.5416666666667 24.18857576412343 22.764777288563714
1134.0416666666667 24.190556914633422 22.76568536807762
1134.5416666666667 24.19257455929847 22.766587430808578
1135.0416666666667 24.194569953423276 22.767498983043744
1135.5416666666667 24.196561456518616 22.768405651554243
1136.0416666666667 24.198585431420415 22.769302423320568
1136.5416666666667 24.20057297990197 22.770211109037596
1137.0416666666667 24.202573711587306 22.77110494640119
1137.5416666666667 24.204566068436467 22.772010794062965
1138.0416666666667 24.206585149805964 22.772900455765498
1138.5416666666667 24.2085886175295 22.77380892311909
1139.0416666666667 24.210603216008074 22.77469275567836
1139.5416666666667 24.21260159508796 22.775590256160353
1140.0416666666667 24.214603957431102 22.776474453711582
1140.5416666666667 24.216614409589287 22.777358891084237
1141.0416666666667 24.218601216291912 22.77825215180446
1141.5416666666667 24.22062470742641 22.779147249709695
1142.0416666666667 24.222607220817878 22.780030148763423
1142.5416666666667 24.224623522578877 22.780910542977743
1143.0416666666667 24.226627173773206 22.781797228709205
1143.5416666666667 24.2286415661402 22.78267029457895
1144.0416666666667 24.230632757081857 22.783553821115103
1144.5416666666667 24.232647697417057 22.78442842996042
1145.0416666666667 24.234640494040125 22.7853045808267
1145.5416666666667 24.236625637260538 22.7861783944584
1146.0416666666667 24.23864212274049 22.78704955586718
1146.5416666666667 24.240651935646138 22.787919091396773
1147.0416666666667 24.24265396056837 22.788787897086053
1147.5416666666667 24.244636713824363 22.78965078537253
1148.0416666666667 24.24665059493968 22.79051813342096
1148.5416666666667 24.24864988091109 22.7913795994351
1149.0416666666667 24.25064599022157 22.792237077725996
1149.5416666666667 24.25263708711327 22.793091493855812
1150.0416666666667 24.254646500955182 22.79395163644962
1150.5416666666667 24.25664744198267 22.794807233425583
1151.0416666666667 24.258631114993804 22.795661519548776
1151.5416666666667 24.2606384809377 22.796513977380815
1152.0416666666667 24.262631544864803 22.797367399439157
1152.5416666666667 24.26463040691924 22.798215303428748
1153.0416666666667 24.266641045842423 22.799061734748754
1153.5416666666667 24.268641695919726 22.79991002221072
1154.0416666666667 24.270635214515465 22.800760983794056
1154.5416666666667 24.272645123939327 22.801601699049215
1155.0416666666667 24.27464109590926 22.802448044486454
1155.5416666666667 24.27663413961223 22.80328483855829
1156.0416666666667 24.27864719577431 22.804120155597772
1156.5416666666667 24.280624983316116 22.80495897333116
1157.0416666666667 24.282647796469277 22.805789678970147
1157.5416666666667 24.284644121186783 22.806636125657988
1158.0416666666667 24.28665101682599 22.807471586089466
1158.5416666666667 24.28863386901552 22.808289534525528
1159.0416666666667 24.290642782477473 22.809130865962576
1159.5416666666667 24.292642695899197 22.809952675949997
1160.0416666666667 24.294657644340262 22.8107834846002
1160.5416666666667 24.296640428691664 22.811603891571433
1161.0416666666667 24.298629717273336 22.81242561582799
1161.5416666666667 24.300648433550457 22.813251378332723
1162.0416666666667 24.302635572307754 22.814070316427973
1162.5416666666667 24.304632712877016 22.814884101963745
1163.0416666666667 24.306636107874308 22.81570445518437
1163.5416666666667 24.308633312786803 22.81652243894488
1164.0416666666667 24.31063833837996 22.817336135132585
1164.5416666666667 24.3126265695428 22.81814645774684
1165.0416666666667 24.31463364601752 22.81896064204954
1165.5416666666667 24.316618966553275 22.819773971913847
1166.0416666666667 24.31862582046964 22.82057160869979
1166.5416666666667 24.32062065941237 22.82137613776701
1167.0416666666667 24.322612816002515 22.82218003870422
1167.5416666666667 24.324608377156945 22.82297822803244
1168.0416666666667 24.32660566598016 22.823783043383937
1168.5416666666667 24.32860195640023 22.824580886892583
1169.0416666666667 24.330593245051375 22.825369311904065
1169.5416666666667 24.332586812981006 22.82616296685707
1170.0416666666667 24.334575938881393 22.826951452376896
1170.5416666666667 24.33656644381435 22.827746836237445
1171.0416666666667 24.338561168881455 22.828528444669214
1171.5416666666667 24.340562380934053 22.829310209313963
1172.0416666666667 24.342551995402903 22.830102134220706
1172.5416666666667 24.344535403849093 22.830884620369925
1173.0416666666667 24.346538040460114 22.831657983549803
1173.5416666666667 24.348503015551085 22.832447420317543
1174.0416666666667 24.350497933255717 22.833207097555306
1174.5416666666667 24.35249610169782 22.833987756198475
1175.0416666666667 24.3544823545575 22.83476184311244
1175.5416666666667 24.35644965200913 22.8355329912548
1176.0416666666667 24.358443238458413 22.836291970654298
1176.5416666666667 24.36043040376113 22.83705742261435
1177.0416666666667 24.36240814993688 22.83783258455749
1177.5416666666667 24.364380384015426 22.83858957524071
