FastTrWP/PhaseSpace/IAs/snIa_0.46_30.00_-0.70_0.05.csv
# %ECSV 0.9
# ---
# datatype:
# - {name: time-rel, datatype: float64}
# - {name: g, datatype: float64}
# - {name: i, datatype: float64}
# schema: astropy-2.0
time-rel g i
220.72916666666666 26.99053466022638 24.62080457477684
221.22916666666663 26.969769681485545 24.61376743465423
221.72916666666666 26.94935791163556 24.606769614829574
222.22916666666666 26.929208705428195 24.599779368647265
222.72916666666663 26.909349054601307 24.59281447733417
223.22916666666666 26.88977811950661 24.5858796135144
223.72916666666666 26.870473550347278 24.57899119569728
224.22916666666663 26.851422307537163 24.57212617607482
224.72916666666666 26.832587282724507 24.56527138393383
225.22916666666666 26.81400662088812 24.55845184098471
225.72916666666663 26.79570833906729 24.551645226767725
226.22916666666666 26.77756806271625 24.544894683286014
226.72916666666666 26.759660515659988 24.538140772461983
227.22916666666663 26.74198124728461 24.5314387561279
227.72916666666666 26.724503391284166 24.52478016179907
228.22916666666666 26.707237209245367 24.518104100572202
228.72916666666663 26.6902181093094 24.51148929355046
229.22916666666666 26.67326205019733 24.504872367486588
229.72916666666666 26.65658782199332 24.4983106530203
230.22916666666666 26.64007391484708 24.491752857038644
230.72916666666666 26.623823644468597 24.485264071292704
231.22916666666666 26.607650725013514 24.478752982902797
231.72916666666666 26.591658817125413 24.47228234392766
232.22916666666666 26.57584624447065 24.46582590433014
232.72916666666666 26.560179669148425 24.45942854575201
233.22916666666666 26.54468377068911 24.453030858562784
233.72916666666666 26.529373326217907 24.446669663492237
234.22916666666666 26.514182282359325 24.440341791877074
234.72916666666666 26.499156877410364 24.434014675467694
235.22916666666666 26.48426977637973 24.42774158814601
235.72916666666666 26.469534616065076 24.421484300964394
236.22916666666666 26.454924459137334 24.41526794451892
236.72916666666666 26.44044213733741 24.409050417742865
237.22916666666666 26.426091655781686 24.402887656103914
237.72916666666666 26.411877544196823 24.39671423363994
238.22916666666666 26.39776928367745 24.390581222997014
238.72916666666666 26.383836654983007 24.384465119033184
239.22916666666666 26.369945328250477 24.378398101582064
239.72916666666666 26.356259337787236 24.372344233955854
240.22916666666666 26.342689729467466 24.36631026861658
240.72916666666666 26.32922808604662 24.360277092272014
241.22916666666666 26.315918749107333 24.354284782524868
241.72916666666666 26.302701980892536 24.348289645790658
242.22916666666666 26.28958179243091 24.34233793384161
242.72916666666666 26.276615204511327 24.33639789513498
243.22916666666666 26.263744415190466 24.33047140308712
243.72916666666666 26.250958168735615 24.3245719110125
244.22916666666666 26.23832551962673 24.318694146203224
244.72916666666666 26.225716774678524 24.3128276113059
245.22916666666666 26.21329583032344 24.30698330882862
245.72916666666666 26.200952093592022 24.30116720005627
246.22916666666666 26.188670906518546 24.29535883572715
246.72916666666666 26.176532771889015 24.289584944989628
247.22916666666666 26.164459474515475 24.283826560420895
247.72916666666666 26.152476310931366 24.278060462413226
248.22916666666666 26.140635812927968 24.272342674292496
248.72916666666666 26.12878252988953 24.26661332459027
249.22916666666666 26.11706979820806 24.26093786853263
249.72916666666666 26.10543901861839 24.255255145882817
250.22916666666666 26.09390134553793 24.249606477181075
250.72916666666666 26.082458914241165 24.24396991793062
251.22916666666666 26.071033428499018 24.238353747056756
251.72916666666666 26.059726588647298 24.232751554176303
252.22916666666666 26.048508193088786 24.227179290797682
252.72916666666666 26.03734786087042 24.22160395195433
253.22916666666666 26.026273033575755 24.216053753250794
253.72916666666666 26.015201927332136 24.21054001946388
254.22916666666666 26.00427345542148 24.20503181193748
254.72916666666666 25.993376672834078 24.199524273745926
255.22916666666666 25.98259095162527 24.194061357141038
255.72916666666666 25.97183525286305 24.188605521299866
256.2291666666667 25.96116829896886 24.183170303596363
256.7291666666667 25.950557648542784 24.177744142120886
257.2291666666667 25.94002918776537 24.17234283266865
257.7291666666667 25.92950891332675 24.166953349039986
258.2291666666667 25.919103991097522 24.16159904671531
258.7291666666667 25.908736572196034 24.156239705462447
259.2291666666667 25.898459116451228 24.150903527159553
259.7291666666667 25.888183063850224 24.145590571806594
260.2291666666667 25.877989994182755 24.140287247595957
260.7291666666667 25.86786603062712 24.135014159769177
261.2291666666667 25.85778540917199 24.129729465190227
261.7291666666667 25.847782024003997 24.124492560025743
262.2291666666667 25.83777583366053 24.11926752542803
262.7291666666667 25.827896752988494 24.114052684447707
263.2291666666667 25.817965435917074 24.108858237850864
263.7291666666667 25.808133694132064 24.103662144651352
264.2291666666667 25.798417758944563 24.09851311194583
264.7291666666667 25.78868889646799 24.093365513230278
265.2291666666667 25.77900780516185 24.088222327483187
265.7291666666667 25.769359965833026 24.08311437146036
266.2291666666667 25.75982673208363 24.078012070406402
266.7291666666667 25.75028876942899 24.0729304930646
267.2291666666667 25.740816352428215 24.0678644254712
267.7291666666667 25.731337246877374 24.062814144394
268.2291666666667 25.72196136005627 24.057788463983137
268.7291666666667 25.712610639974464 24.05275284834806
269.2291666666667 25.703280684471224 24.047752263654143
269.7291666666667 25.694015481062 24.0427764859003
270.2291666666667 25.684787565606936 24.037797022639268
270.7291666666667 25.675612584721836 24.032844180802194
271.2291666666667 25.66646674666821 24.02791542167172
271.7291666666667 25.65736521286237 24.022988750808626
272.2291666666667 25.64828070041319 24.018080956629177
272.7291666666667 25.639269337059115 24.01319396306334
273.2291666666667 25.630278106186715 24.008319321354424
273.7291666666667 25.621329614332065 24.003438226304553
274.2291666666667 25.61240177742168 23.998593615857516
274.7291666666667 25.60354288065739 23.993788949990737
275.2291666666667 25.59470056970563 23.988953119010688
275.7291666666667 25.58591525827575 23.984148070284824
276.2291666666667 25.577160033358368 23.97936819580847
276.7291666666667 25.568435864324005 23.974595338438952
277.2291666666667 25.55975376548375 23.969831293066655
277.7291666666667 25.55114784558406 23.965108152161285
278.2291666666667 25.54252238037344 23.960358471388222
278.7291666666667 25.533986733261337 23.955636810384124
279.2291666666667 25.525459892571117 23.95094063688799
279.7291666666667 25.516982509492635 23.946254229539377
280.2291666666667 25.508539235997418 23.94157644301672
280.7291666666667 25.50015504689888 23.936908553927537
281.2291666666667 25.49177027635905 23.93225357253014
281.7291666666667 25.483451498186472 23.92762947276395
282.2291666666667 25.475152145704463 23.92300016491893
282.7291666666667 25.466880489979996 23.91838605767166
283.2291666666667 25.45865289441325 23.91379764658047
283.7291666666667 25.450480727653947 23.90922243225585
284.2291666666667 25.442307876983126 23.904636062819176
284.7291666666667 25.434219237001944 23.900076841788092
285.2291666666667 25.426112710416557 23.89553682684573
285.7291666666667 25.418043449714265 23.890990145940645
286.2291666666667 25.410026708330548 23.886477964438203
286.7291666666667 25.40204527045011 23.88195922614125
287.2291666666667 25.3940755860408 23.87745744499281
287.7291666666667 25.38616217510259 23.872979795386758
288.2291666666667 25.378263441833017 23.868505956844118
288.7291666666667 25.37041095259474 23.864038005719692
289.2291666666667 25.362565176323756 23.85959117172831
289.7291666666667 25.354776726881163 23.855147048889886
290.2291666666667 25.347006888868027 23.85071611915324
290.7291666666667 25.339282017652312 23.846285833090057
291.2291666666667 25.331564230470867 23.841888876431632
291.7291666666667 25.3238697943263 23.83748275373739
292.2291666666667 25.316234922906858 23.83310216926182
292.7291666666667 25.308631158239237 23.82872273770878
293.2291666666667 25.301037088943524 23.824347937568376
293.7291666666667 25.2934611563838 23.820008517672612
294.2291666666667 25.285930017117572 23.815667749504044
294.7291666666667 25.278430191788004 23.811335167798045
295.2291666666667 25.270967717194033 23.80700638934718
295.7291666666667 25.263531462478564 23.802693278498765
296.2291666666667 25.256108909993323 23.79839743347304
296.7291666666667 25.248712757611923 23.794104979659537
297.2291666666667 25.241372980447178 23.7898150737109
297.7291666666667 25.23399808911856 23.785556409298245
298.2291666666667 25.226719748354842 23.781295438863694
298.7291666666667 25.219423579992494 23.77703771724699
299.2291666666667 25.212139833739094 23.77280267464912
299.7291666666667 25.204947163087617 23.768583027470676
300.2291666666667 25.197734569680218 23.76435326114064
300.7291666666667 25.190532847215295 23.760139477558635
301.2291666666667 25.18340929971282 23.75593138104547
301.7291666666667 25.17627668693137 23.751745394511698
302.2291666666667 25.169161303486426 23.747555901715813
302.7291666666667 25.16207113137783 23.743387033125916
303.2291666666667 25.15503909029347 23.739215344275394
303.7291666666667 25.147997382582652 23.73505991090344
304.2291666666667 25.140994440479854 23.730904374685235
304.7291666666667 25.13403237016389 23.726774158761618
305.2291666666667 25.127077188733608 23.722643850497136
305.7291666666667 25.120143074407654 23.71851799932419
306.2291666666667 25.11321772219347 23.714403318127417
306.7291666666667 25.106358510379664 23.71031114509706
307.2291666666667 25.099485527984776 23.706212157028823
307.7291666666667 25.092656510786245 23.702113363239448
308.2291666666667 25.085833095738522 23.698047133958646
308.7291666666667 25.079035337884775 23.69398094341234
309.2291666666667 25.072267931267348 23.689906395625975
309.7291666666667 25.065516345845126 23.685853950204965
310.2291666666667 25.05880564753827 23.681824381998485
310.7291666666667 25.052102347139204 23.67779238328101
311.2291666666667 25.04543889744417 23.673773206016087
311.7291666666667 25.03879213688274 23.669759791344486
312.2291666666667 25.03219655291884 23.66575279818742
312.7291666666667 25.02555405965309 23.661754621507903
313.2291666666667 25.018966956417543 23.657768850536808
313.7291666666667 25.01241677062264 23.653785704393467
314.2291666666667 25.005872102608812 23.649832317622522
314.7291666666667 24.99933671487949 23.645859163045472
315.2291666666667 24.992856676400436 23.641910627620074
315.7291666666667 24.986398931529372 23.63798275424138
316.2291666666667 24.979931727537913 23.63405175188457
316.7291666666667 24.97348981965805 23.63011783823335
317.2291666666667 24.967079079341058 23.62621104804433
317.7291666666667 24.960698747304185 23.62230261165074
318.2291666666667 24.954316392713892 23.618408089616803
318.7291666666667 24.94794219862168 23.61450251512679
319.2291666666667 24.941647113099165 23.610622604785775
319.7291666666667 24.935344630772445 23.60675505524179
320.2291666666667 24.92904039815523 23.602891657960186
320.7291666666667 24.922759676736636 23.59903812005183
321.2291666666667 24.916510248900355 23.59519510949365
321.7291666666667 24.9102697050912 23.591343699471587
322.2291666666667 24.9040531768641 23.587510214957934
322.7291666666667 24.89785953084214 23.583681935247377
323.2291666666667 24.891674053040592 23.57986975717235
323.7291666666667 24.885521144485114 23.576064082283125
324.2291666666667 24.879384171356712 23.572257147918684
324.7291666666667 24.873260379089864 23.56845425618556
325.2291666666667 24.86717525336584 23.564673173716336
325.7291666666667 24.86107519176695 23.560895869183113
326.2291666666667 24.854977475621446 23.55711723893355
326.7291666666667 24.84893767280272 23.55334507578279
327.2291666666667 24.842918756833576 23.54959243131376
327.7291666666667 24.83687288808802 23.545828869437216
328.2291666666667 24.830876081685652 23.542092648530918
328.7291666666667 24.824913188760167 23.53835870332608
329.2291666666667 24.818924904130682 23.534628086385364
329.7291666666667 24.81298432681111 23.530896737889904
330.2291666666667 24.80705701309859 23.527176461298463
330.7291666666667 24.80111626616436 23.52346932209361
331.2291666666667 24.795223573623858 23.519768151940468
331.7291666666667 24.789339633264508 23.516062988729956
332.2291666666667 24.78345804356141 23.512373022269237
332.7291666666667 24.777613149828706 23.50868368089221
333.2291666666667 24.77178099779781 23.505011791417797
333.7291666666667 24.76594269715409 23.501339541881073
334.2291666666667 24.76013381031953 23.49767208101733
334.7291666666667 24.754342869216302 23.494002660841723
335.2291666666667 24.748559558782194 23.490364478837144
335.7291666666667 24.74280715298683 23.486711076238898
336.2291666666667 24.737060172837477 23.48306521301399
336.7291666666667 24.731305200499296 23.479438874486625
337.2291666666667 24.725598572684298 23.47580246723634
337.7291666666667 24.719881706508726 23.472175948567124
338.2291666666667 24.71421930703707 23.468557051253995
338.7291666666667 24.708514387345225 23.464954072031546
339.2291666666667 24.702855770546137 23.461357756488667
339.7291666666667 24.69721033560695 23.45773976564041
340.2291666666667 24.6915865476962 23.45415390715965
340.7291666666667 24.6859722287744 23.45055579464548
341.2291666666667 24.68035465409637 23.446969382990098
341.7291666666667 24.67474830026714 23.443401973661043
342.2291666666667 24.669164708084757 23.439827260955127
342.7291666666667 24.66360476355225 23.43626087629877
343.2291666666667 24.65807178039784 23.4326970612878
343.7291666666667 24.652529262163338 23.429138553598726
344.2291666666667 24.646992711141383 23.425589142021654
344.7291666666667 24.641468359709794 23.422042879043165
345.2291666666667 24.636000011561208 23.418511151230383
345.7291666666667 24.630526102697235 23.414989478610522
346.2291666666667 24.625042611816014 23.411462524984064
346.7291666666667 24.619594674525676 23.407935721801323
347.2291666666667 24.614129706553886 23.404430219439508
347.7291666666667 24.6087399100047 23.40090821236881
348.2291666666667 24.60331861130782 23.397419351726573
348.7291666666667 24.597924345652675 23.3939271549512
349.2291666666667 24.59254539036333 23.390436280409617
349.7291666666667 24.58716491213851 23.38695786723642
350.2291666666667 24.581816554383625 23.383486904036957
350.7291666666667 24.57648729655717 23.380006303694216
351.2291666666667 24.57115116833144 23.37654874640166
351.7291666666667 24.565821692525496 23.373094272215518
352.2291666666667 24.560518799459707 23.369645485117623
352.7291666666667 24.55525490608998 23.36619558936369
353.2291666666667 24.54994910825103 23.362750004349657
353.7291666666667 24.544675839375685 23.35933069071193
354.2291666666667 24.539440419982313 23.35589620245662
354.7291666666667 24.534213433943734 23.352464928369308
355.2291666666667 24.528979825315183 23.34905158531523
355.7291666666667 24.52377523874201 23.345633085581
356.2291666666667 24.51855917957149 23.34224002561374
356.7291666666667 24.513385062822262 23.33882985206739
357.2291666666667 24.508196869457123 23.335434929123654
357.7291666666667 24.503055247368316 23.33205084402078
358.22916666666663 24.497892766188563 23.328656860566966
358.7291666666667 24.49274903734272 23.325281640231307
359.2291666666667 24.48763403230722 23.321902222674545
359.72916666666663 24.482522694101814 23.318539098605342
360.2291666666667 24.47741869368645 23.31518329829993
360.7291666666667 24.472308347809335 23.31181447862511
361.22916666666663 24.467240999549826 23.30845782701255
361.7291666666667 24.462168705967464 23.30512176115292
362.2291666666667 24.457097219029187 23.30177328492962
362.72916666666663 24.45205122180614 23.298429051704414
363.2291666666667 24.447022486278136 23.295098949248914
363.7291666666667 24.44199872074444 23.291777630866125
364.22916666666663 24.43699388192377 23.288449166153008
364.7291666666667 24.43197446185423 23.28511948776078
