FastTrWP/PhaseSpace/IAs/snIa_0.39_30.00_-0.14_-0.03.csv
# %ECSV 0.9
# ---
# datatype:
# - {name: time-rel, datatype: float64}
# - {name: g, datatype: float64}
# - {name: i, datatype: float64}
# schema: astropy-2.0
time-rel g i
[from data line 288]
335.6041666666667 24.165582907472075 23.682009461503903
336.1041666666667 24.16080507202954 23.678312238401254
336.6041666666667 24.15603600875999 23.674611504887263
337.1041666666667 24.151288374703125 23.670917450208755
337.6041666666667 24.14654639703903 23.667242722315258
338.1041666666667 24.141819545810282 23.663561154537156
338.6041666666667 24.137091570397065 23.659888752691135
339.1041666666667 24.132391900234914 23.65623236830405
339.6041666666667 24.12768818148495 23.652585055293788
340.1041666666667 24.122985013751816 23.648937153865827
340.6041666666667 24.118315267263583 23.64529871991307
341.1041666666667 24.113663340251144 23.641671215909067
341.6041666666667 24.10900693034999 23.638053365854322
342.1041666666667 24.1043708673974 23.634437582018577
342.6041666666667 24.099731912982577 23.630835192647982
343.1041666666667 24.095131082702267 23.627239353040373
343.6041666666667 24.09051251833752 23.623639862117614
344.1041666666667 24.085894797456632 23.62004924063011
344.6041666666667 24.08132383988853 23.616481822448794
345.1041666666667 24.076752832984234 23.612902561579983
345.6041666666667 24.0721926022607 23.609341802559047
346.1041666666667 24.067640240656786 23.60578529794086
346.6041666666667 24.063075573707323 23.602232886581234
347.1041666666667 24.058559657735135 23.598687585500493
347.6041666666667 24.054024400543973 23.595153437487916
348.1041666666667 24.049518418142593 23.59162464399656
348.6041666666667 24.045001540917198 23.588104111965272
349.1041666666667 24.040517138204013 23.58456949176324
349.6041666666667 24.03602704806921 23.581069720776185
350.1041666666667 24.031558626296096 23.57757237241239
350.6041666666667 24.027093583956137 23.57406516325852
351.1041666666667 24.022608405042458 23.570571681521496
351.6041666666667 24.018183126011397 23.567085106324946
352.1041666666667 24.013743088315763 23.563613991839656
352.6041666666667 24.009313114811725 23.56013372093294
353.1041666666667 24.004889935108427 23.556663566083266
353.6041666666667 24.000480952246328 23.55320601540911
354.1041666666667 23.996077009392867 23.549752347552744
354.6041666666667 23.991686829216498 23.546301687459188
355.1041666666667 23.987307265359085 23.542861190267455
355.6041666666667 23.98292292989104 23.539423169114873
356.1041666666667 23.978562781205266 23.535992421929464
356.6041666666667 23.974210178748365 23.532548727581517
357.1041666666667 23.969848071043845 23.529142304030298
357.6041666666667 23.96550940691639 23.525723135477186
358.1041666666667 23.961179380634636 23.52231326986784
358.60416666666663 23.95685828212905 23.51890557382957
359.1041666666667 23.952537313405156 23.515503463767015
359.6041666666667 23.948218897802015 23.51210286523166
360.10416666666663 23.94392288798448 23.50871908510793
360.6041666666667 23.939630604116843 23.505342857822342
361.1041666666667 23.93534701556987 23.501964061792915
361.60416666666663 23.93106714861728 23.498597912376177
362.1041666666667 23.926797272697495 23.49523126002392
362.6041666666667 23.92255174583469 23.49185633262404
363.10416666666663 23.91828717455294 23.488497349235047
363.6041666666667 23.91406336379471 23.48513816372403
364.1041666666667 23.909830863322156 23.48180913676795
364.60416666666663 23.905617085867412 23.478476110282784
365.1041666666667 23.90141356262444 23.47514234227017
365.6041666666667 23.897206861293107 23.471818515786204
366.10416666666663 23.893010264468273 23.46849658096545
366.6041666666667 23.888835974370693 23.465198954274587
367.1041666666667 23.884646990125326 23.46189469491332
367.60416666666663 23.880468445050667 23.45858920928146
368.1041666666667 23.876316292998673 23.45530844947674
368.6041666666667 23.872180636854367 23.452005216640725
369.10416666666663 23.86803548364845 23.448720570290057
369.6041666666667 23.863906051408033 23.445450574348598
370.1041666666667 23.85977630961954 23.442183974291456
370.60416666666663 23.855654332088516 23.438907887777717
371.1041666666667 23.851559980258376 23.435653290358125
371.6041666666667 23.847441509487815 23.432390635949535
372.10416666666663 23.84334641768764 23.429146011262354
372.6041666666667 23.839266931961692 23.42590146708321
373.1041666666667 23.83517787012371 23.422654767422486
373.60416666666663 23.831118790067805 23.41942716631729
374.1041666666667 23.82705641287164 23.416186612972115
374.6041666666667 23.823003239043437 23.41298076007518
375.10416666666663 23.81892828979245 23.40975874364815
375.6041666666667 23.81491557975756 23.406541506393765
376.1041666666667 23.810876313773264 23.403330006162587
376.60416666666663 23.806850210290385 23.400139485914355
377.1041666666667 23.80283985332405 23.3969338565122
377.6041666666667 23.798831921287288 23.393749471977166
378.10416666666663 23.794823178995742 23.390554929991666
378.6041666666667 23.79083377903822 23.387361946308406
379.1041666666667 23.78685763104373 23.384194041244992
379.60416666666663 23.78285230826252 23.381013489050755
380.1041666666667 23.778898496922537 23.377854425159235
380.6041666666667 23.77492593832852 23.374684256532582
381.10416666666663 23.7709809734574 23.37151763900232
381.6041666666667 23.767021247103717 23.36837200530475
382.1041666666667 23.763076267295247 23.36522334576663
382.60416666666663 23.759137144216442 23.3620865039143
383.1041666666667 23.75520378936634 23.358934991349777
383.6041666666667 23.751278937501993 23.35580119966576
384.10416666666663 23.747364034363528 23.35266937183973
384.6041666666667 23.74345631936574 23.349537747302552
385.1041666666667 23.739552070312975 23.346409108770423
385.60416666666663 23.735654232633927 23.343295568310673
386.1041666666667 23.73176245286738 23.340179269583743
386.6041666666667 23.727876085427514 23.337076198265237
387.10416666666663 23.723998938223133 23.333965095664226
387.6041666666667 23.720130635993048 23.33086447344187
388.1041666666667 23.716271031184107 23.327760820065492
388.60416666666663 23.712405738125252 23.32466934526518
389.1041666666667 23.708555083906703 23.321590949586227
389.6041666666667 23.704704408252717 23.318492491123543
390.10416666666663 23.700862930502385 23.315415837775326
390.6041666666667 23.697038625917365 23.3123409709828
391.1041666666667 23.6932134605915 23.309267581993826
391.60416666666663 23.689398408458416 23.30620215513349
392.1041666666667 23.68557175060239 23.303134883275774
392.6041666666667 23.68176371036203 23.300069501833583
393.10416666666663 23.677978979681903 23.297008290879603
393.6041666666667 23.67415792989675 23.293951945932946
394.1041666666667 23.67037797458853 23.290910830391326
394.60416666666663 23.666592214959753 23.2878707883831
395.1041666666667 23.662797551362985 23.284819225324696
395.6041666666667 23.658999296063644 23.281766279454295
396.10416666666663 23.65519107686652 23.27871770745034
396.6041666666667 23.65139041790101 23.275657741083137
397.1041666666667 23.647571873748223 23.27260341041137
397.60416666666663 23.64376953879877 23.269549081161472
398.1041666666667 23.63995081091119 23.266495634562663
398.6041666666667 23.636151209293335 23.26345569045532
399.10416666666663 23.632337035196006 23.260393039978688
399.6041666666667 23.628534569885797 23.257347043265504
400.1041666666667 23.624723420383837 23.25429666976453
400.60416666666663 23.620916395323327 23.25124208356523
401.1041666666667 23.617104319003165 23.248204221184416
401.6041666666667 23.613308588547028 23.245152824686297
402.10416666666663 23.609514014040226 23.24212082417441
402.6041666666667 23.605724496920793 23.239074985975087
403.1041666666667 23.601926714548497 23.236048761748943
403.60416666666663 23.59814257480761 23.233007960167722
404.1041666666667 23.594360197969838 23.229987518255378
404.6041666666667 23.590601800479543 23.22695770495914
405.10416666666663 23.586832808905832 23.22395241170771
405.6041666666667 23.583068787330753 23.220930044219088
406.1041666666667 23.579301712766537 23.21791137762169
406.60416666666663 23.575562333605934 23.214907488924542
407.1041666666667 23.571817364421953 23.21190486869883
407.6041666666667 23.56809410639062 23.208918084547356
408.10416666666663 23.564380267907033 23.205919619970885
408.6041666666667 23.560664802618415 23.202933859880147
409.1041666666667 23.556963866198366 23.199958780084597
409.60416666666663 23.553273262473198 23.196985003883185
410.1041666666667 23.54959125107646 23.19400831564836
410.6041666666667 23.545919107951544 23.19105476901572
411.10416666666663 23.54226453636265 23.188106865663073
411.6041666666667 23.53860961822622 23.1851619679841
412.1041666666667 23.534974391401885 23.18221590716834
412.60416666666663 23.531358394417452 23.179289865770208
413.1041666666667 23.52775185161862 23.176373202681944
413.6041666666667 23.52415316817606 23.17344619083389
414.10416666666663 23.52056652376442 23.17054728353151
414.6041666666667 23.517006144475516 23.1676511037374
415.1041666666667 23.51344227455983 23.164757680800484
415.60416666666663 23.509911020039436 23.161877592751527
416.1041666666667 23.50638557758554 23.15900334720803
416.6041666666667 23.502865738629673 23.15614271018748
417.10416666666663 23.499373016797996 23.15329167177657
417.6041666666667 23.495889752567717 23.150445512604975
418.1041666666667 23.49241985062244 23.14761792178397
418.60416666666663 23.488989243696587 23.144775167094455
419.1041666666667 23.48554726776944 23.141976054155823
419.6041666666667 23.482149871831716 23.139163525183687
420.10416666666663 23.47875087546923 23.136374955718523
420.6041666666667 23.47537507958284 23.133599576826818
421.1041666666667 23.472025186451184 23.13082049315574
421.60416666666663 23.468673435043495 23.128052419365453
422.1041666666667 23.46534533010809 23.12530274859853
422.6041666666667 23.462060078747854 23.12256536708186
423.10416666666663 23.458775679335808 23.119834700798123
423.6041666666667 23.455507359386015 23.117128975942585
424.1041666666667 23.452267255350236 23.11442384470231
424.60416666666663 23.44904954467321 23.111730566466164
425.1041666666667 23.445847165064585 23.10904995172319
425.6041666666667 23.442663740253117 23.1063771322587
426.10416666666663 23.439500201118953 23.103723592011267
426.6041666666667 23.43635385488578 23.101072183216658
427.1041666666667 23.433244036543172 23.098453869115367
427.60416666666663 23.430148693646228 23.095836916377994
428.1041666666667 23.42705332549594 23.093219830838095
428.6041666666667 23.423974569606408 23.090606650768606
429.10416666666663 23.420898297152522 23.088012782842974
429.6041666666667 23.41783340731076 23.08542003182264
430.1041666666667 23.414793233550547 23.08282774858594
430.60416666666663 23.411740448961034 23.080250503108676
431.1041666666667 23.408704184816308 23.077661612485443
431.6041666666667 23.405676837339826 23.07509507260985
432.10416666666663 23.402655870562278 23.072524953726866
432.6041666666667 23.3996393150004 23.069967588053135
433.1041666666667 23.396637393886888 23.067412603810915
433.60416666666663 23.393645649995918 23.06486467709306
434.1041666666667 23.390670113327324 23.062331386810445
434.6041666666667 23.387694880111955 23.05977781572908
435.10416666666663 23.384732613806342 23.057255970293138
435.6041666666667 23.381779663659827 23.054737147071407
436.1041666666667 23.378837499137116 23.052232193532998
436.60416666666663 23.37590768558638 23.049713161334
437.1041666666667 23.372991774740587 23.04720969511807
437.6041666666667 23.370085383412473 23.044708105900618
438.10416666666663 23.367189417403242 23.042227827394157
438.6041666666667 23.364286000986326 23.039745589929712
439.1041666666667 23.361428741546327 23.037265821298448
439.60416666666663 23.358552608306653 23.034802921991947
440.1041666666667 23.355699474478158 23.03234435692235
440.6041666666667 23.352850535463688 23.02989116601311
441.10416666666663 23.35003317842178 23.02745357282612
441.6041666666667 23.347217310970652 23.025005467870095
442.1041666666667 23.344412716669147 23.022581591248926
442.60416666666663 23.341627760780487 23.020160263014446
443.1041666666667 23.33883266991023 23.01774991186527
443.6041666666667 23.336061251890325 23.015339557552107
444.10416666666663 23.333313627445314 23.012944094996833
444.6041666666667 23.33056640547836 23.01055616628533
445.1041666666667 23.327840503475077 23.008179536113058
445.60416666666663 23.325126531645054 23.005796761661085
446.1041666666667 23.32241529003681 23.003432953942312
446.6041666666667 23.319724600586763 23.001075295843968
447.10416666666663 23.317047021879734 22.998731119199363
447.6041666666667 23.31438605233672 22.996392805144268
448.1041666666667 23.31172580941778 22.994052986955683
448.60416666666663 23.30909713339088 22.991734777527633
449.1041666666667 23.30647209644624 22.98941405731055
449.6041666666667 23.30386717290782 22.98710782227806
450.10416666666663 23.301273184889556 22.98482055645239
450.6041666666667 23.29868658734152 22.982531313608185
451.1041666666667 23.296117970834885 22.980241865247464
451.60416666666663 23.293568885562614 22.977974584199423
452.1041666666667 23.291040896888152 22.975709880218574
452.6041666666667 23.288514776757342 22.97345403835495
453.10416666666663 23.285998778147075 22.9712261220399
453.6041666666667 23.283511781458408 22.96898542467725
454.1041666666667 23.28103462710146 22.966751093811503
454.60416666666663 23.278557738068724 22.964539281343722
455.1041666666667 23.276125873259556 22.962335813133024
455.6041666666667 23.273679623825522 22.960137637769023
456.10416666666663 23.271260303690916 22.957944145486977
456.6041666666667 23.268851675125926 22.955763480227635
457.1041666666667 23.266479281515956 22.953602137158448
457.60416666666663 23.264113071698166 22.951435685812875
458.1041666666667 23.261747960527906 22.94928955655306
458.6041666666667 23.259409305014813 22.947151435013314
459.10416666666663 23.257085479529902 22.945026104065253
459.6041666666667 23.25477286736778 22.942904748557822
460.1041666666667 23.252492124876657 22.940791998980565
460.60416666666663 23.25021498744682 22.93868936039681
461.1041666666667 23.247945493631676 22.93660314604184
461.6041666666667 23.245695279233537 22.93451743294936
462.10416666666663 23.24346595486601 22.93243933479235
462.6041666666667 23.241236098661567 22.930376345431544
463.1041666666667 23.239020636509235 22.928302167710832
463.60416666666663 23.23680433051091 22.92626225980703
464.1041666666667 23.23461992917059 22.92421257965415
464.6041666666667 23.232448237476437 22.922166910844723
465.10416666666663 23.23026546312539 22.920140200908317
465.6041666666667 23.228107617049808 22.918111464927378
466.1041666666667 23.225960606062447 22.91609191851929
466.60416666666663 23.223826742299924 22.91407748399923
467.1041666666667 23.221692662050664 22.912080199467347
467.6041666666667 23.219578711754714 22.910082742409724
468.10416666666663 23.21747545299056 22.908089134545783
468.6041666666667 23.215378776072477 22.906108039874148
469.1041666666667 23.213306043441456 22.904138157363466
469.60416666666663 23.21122133048414 22.902163226224282
470.1041666666667 23.209176884403128 22.900203930370825
470.6041666666667 23.20711594327569 22.898254080356004
471.10416666666663 23.205081448480264 22.896300875082712
471.6041666666667 23.20304720659887 22.894363454586735
472.1041666666667 23.20102859743769 22.892423695390857
472.60416666666663 23.199031916305728 22.89050210803697
473.1041666666667 23.19703502223289 22.888577399941887
473.6041666666667 23.19504388807149 22.886669676093607
474.10416666666663 23.193070280452996 22.88477373586151
474.6041666666667 23.191106619128274 22.88286582809233
475.1041666666667 23.18915478839044 22.880971410667538
475.60416666666663 23.18721503101373 22.87908338966048
476.1041666666667 23.18528546251182 22.877210002913802
476.6041666666667 23.18336171303566 22.875341003911235
477.10416666666663 23.18144507733794 22.873475063681216
477.6041666666667 23.179563568561072 22.87162407093254
478.1041666666667 23.1776724020531 22.86976472151374
478.60416666666663 23.175792468923273 22.86792213576582
