FastTrWP/PhaseSpace/IAs/snIa_0.57_30.00_-0.01_-0.03.csv
# %ECSV 0.9
# ---
# datatype:
# - {name: time-rel, datatype: float64}
# - {name: g, datatype: float64}
# - {name: i, datatype: float64}
# schema: astropy-2.0
time-rel g i
[from data line 864]
568.3958333333334 23.4543582148666 22.416947343575018
568.8958333333334 23.45471208679914 22.41628848557709
569.3958333333334 23.455083732765132 22.415642045352907
569.8958333333334 23.455470226514997 22.414994076000987
570.3958333333334 23.455847338421172 22.414342604244283
570.8958333333334 23.45623354177164 22.413706114231708
571.3958333333334 23.456622789919088 22.41306120322598
571.8958333333334 23.457017873240925 22.412419974263535
572.3958333333334 23.457408725312646 22.411790729929166
572.8958333333334 23.457804049962256 22.411162772924115
573.3958333333334 23.458202916655587 22.410532159775677
573.8958333333334 23.45860431175727 22.4099032648998
574.3958333333334 23.459014904119066 22.409273885277663
574.8958333333334 23.459425612436995 22.408658278533935
575.3958333333334 23.45982178322721 22.408036402343292
575.8958333333334 23.460238028337827 22.407417699181835
576.3958333333334 23.460650117422325 22.40680373359101
576.8958333333334 23.46107198691876 22.406192192827827
577.3958333333334 23.461480315448327 22.405586491218674
577.8958333333334 23.461894795654345 22.404979313423887
578.3958333333334 23.46231959146481 22.40436859115007
578.8958333333334 23.462730513612268 22.403762146484315
579.3958333333334 23.4631595185217 22.40316626309113
579.8958333333334 23.46358095454083 22.40256797646632
580.3958333333334 23.464002008197266 22.401973228561097
580.8958333333334 23.464425034865943 22.401378258880314
581.3958333333334 23.464845630411002 22.40078507797009
581.8958333333334 23.465276438114103 22.40019491120339
582.3958333333334 23.465701692189516 22.399609799234725
582.8958333333334 23.46611686737278 22.39902314061162
583.3958333333334 23.4665525522616 22.398447688758687
583.8958333333334 23.46697288681007 22.39786114145433
584.3958333333334 23.467400787457247 22.39728705314478
584.8958333333334 23.467833579334176 22.396707511085143
585.3958333333334 23.468268363987143 22.39613101814395
585.8958333333334 23.468703695965537 22.39556290956052
586.3958333333334 23.469148606157347 22.39499177133687
586.8958333333334 23.469589174759893 22.394425400329165
587.3958333333334 23.47004362682552 22.39386144235275
587.8958333333334 23.47050726474498 22.393301879250053
588.3958333333334 23.47094855826724 22.392735372151034
588.8958333333334 23.471406840121276 22.39217861524578
589.3958333333334 23.47187075462543 22.391630771689005
589.8958333333334 23.47233430828672 22.391076417787875
590.3958333333334 23.472812870504782 22.390522554138958
590.8958333333334 23.473281994915276 22.389969678962466
591.3958333333334 23.47375673073733 22.38942518778753
591.8958333333334 23.474238960902426 22.3888828147684
592.3958333333334 23.474720561171086 22.38834261364485
592.8958333333334 23.47521297099416 22.38780337354455
593.3958333333334 23.475690368210756 22.387269072831387
593.8958333333334 23.476199488193302 22.386736061077546
594.3958333333334 23.47668623980473 22.386201381271327
594.8958333333334 23.477197089366157 22.385665118131136
595.3958333333334 23.477697149702237 22.385140793423872
595.8958333333334 23.478204937342554 22.384621490984173
596.3958333333334 23.478716389844905 22.384095593695545
596.8958333333334 23.479232816713825 22.383577614977767
597.3958333333334 23.479742696410927 22.383058761146746
597.8958333333334 23.480275676066814 22.382532056701496
598.3958333333334 23.4807905567139 22.38203495485935
598.8958333333334 23.4813278329368 22.381519567695722
599.3958333333334 23.48186503511256 22.38101793432769
599.8958333333334 23.482401329218725 22.380507743345873
600.3958333333334 23.482933906673004 22.380003349913306
600.8958333333334 23.483484899733998 22.379503879111567
601.3958333333334 23.484025899904076 22.37900879364599
601.8958333333334 23.48457333698253 22.378511390950738
602.3958333333334 23.485125448421897 22.37801839551988
602.8958333333334 23.485689010117564 22.377531062561978
603.3958333333334 23.486252460290963 22.377038012266933
603.8958333333334 23.486814611353548 22.376563996509773
604.3958333333334 23.487393385009497 22.376071446758917
604.8958333333334 23.487956015214415 22.37559192253285
605.3958333333334 23.488533709495556 22.37511855909672
605.8958333333334 23.489119594461258 22.37463643587304
606.3958333333334 23.489702567824242 22.374169363097522
606.8958333333334 23.490291202149585 22.373697235063197
607.3958333333334 23.490886778098876 22.37323755272498
607.8958333333334 23.49146625296598 22.37276635811424
608.3958333333334 23.49208502300606 22.37229892010257
608.8958333333334 23.49267979019543 22.371842978034493
609.3958333333334 23.493291709558555 22.371387329330442
609.8958333333334 23.49390348047702 22.37093671459021
610.3958333333334 23.494516849180375 22.370484242841215
610.8958333333334 23.495133397674614 22.370037246878518
611.3958333333334 23.495754667824368 22.369592489434748
611.8958333333334 23.49638274113608 22.369137624889497
612.3958333333334 23.497022634101924 22.368701406519293
612.8958333333334 23.497653973956808 22.36826764226923
613.3958333333334 23.498281910504495 22.367834433460054
613.8958333333334 23.49892235441232 22.367395970392213
614.3958333333334 23.49958374950388 22.366966310130763
614.8958333333334 23.500239130813778 22.366537070574065
615.3958333333334 23.500889727540333 22.366117249082265
615.8958333333334 23.50154102168926 22.36569167939681
616.3958333333334 23.502201656529156 22.365267324036758
616.8958333333334 23.50287082870824 22.364849141697892
617.3958333333334 23.503541658216307 22.364440557379567
617.8958333333334 23.504222149649703 22.364024896657998
618.3958333333334 23.504902548274913 22.36362386410199
618.8958333333334 23.505579284689084 22.363214362265886
619.3958333333334 23.506274565030267 22.3628107486281
619.8958333333334 23.5069476483503 22.362417751087516
620.3958333333334 23.507653708234812 22.362011045027668
620.8958333333334 23.50836368835109 22.361622241635768
621.3958333333334 23.509067906900775 22.36122778107806
621.8958333333334 23.50977322666875 22.360836406778244
622.3958333333334 23.51048502760776 22.36044383196514
622.8958333333334 23.511200766683743 22.36006470585488
623.3958333333334 23.511921307003764 22.359681921692648
623.8958333333334 23.512635993679538 22.359299236267475
624.3958333333334 23.513373595051835 22.358922044494356
624.8958333333334 23.514101613149485 22.358550401235988
625.3958333333334 23.514842868496277 22.35817162887919
625.8958333333334 23.51558119238982 22.35780300533517
626.3958333333334 23.51632541329335 22.357429306191754
626.8958333333334 23.517069928633397 22.357067564575207
627.3958333333334 23.517833646807325 22.356701692348594
627.8958333333334 23.51858286435492 22.356344372423344
628.3958333333334 23.519332272126405 22.35598436214498
628.8958333333334 23.520107303498644 22.355622733625534
629.3958333333334 23.520876592920917 22.355271245791837
629.8958333333334 23.521647124010503 22.354918103151217
630.3958333333334 23.522426579307275 22.354570521345188
630.8958333333334 23.523199274679115 22.354223930943235
631.3958333333334 23.52399213331396 22.353882210296604
631.8958333333334 23.52477586278287 22.35353599306312
632.3958333333334 23.525565744851097 22.353200325495884
632.8958333333334 23.526369233943782 22.352865798744386
633.3958333333334 23.52717218102984 22.35253146461353
633.8958333333334 23.527968288111737 22.35219145185119
634.3958333333334 23.52879387503322 22.35186451020884
634.8958333333334 23.52960300074495 22.351537416549036
635.3958333333334 23.53042186092161 22.351214832553662
635.8958333333334 23.531251353797398 22.350892950780185
636.3958333333334 23.532071310559473 22.3505743025791
636.8958333333334 23.532909661003817 22.350248158450302
637.3958333333334 23.533739246264883 22.349936643559815
637.8958333333334 23.53458547197395 22.349624201023065
638.3958333333334 23.535429237503934 22.349312258506245
638.8958333333334 23.536273626007475 22.349006345737763
639.3958333333334 23.537124916713882 22.34870733668782
639.8958333333334 23.53797909929834 22.348404354991857
640.3958333333334 23.53886116464052 22.34809974974106
640.8958333333334 23.539709284699725 22.347803964263306
641.3958333333334 23.540588820024407 22.347512506472334
641.8958333333334 23.5414635893885 22.34722097318705
642.3958333333334 23.542346972614357 22.346932470579894
642.8958333333334 23.543231687747014 22.34664266535125
643.3958333333334 23.544111364927716 22.34635616264888
643.8958333333334 23.545004856508 22.346075568900496
644.3958333333334 23.54589843376187 22.345797984552522
644.8958333333334 23.546812031876705 22.345521471049516
645.3958333333334 23.547714277761045 22.345252831692303
645.8958333333334 23.548622525738153 22.34498055769116
646.3958333333334 23.549541533590407 22.344706931758054
646.8958333333334 23.55045766911864 22.344445024417695
647.3958333333334 23.551389418356692 22.34418009875293
647.8958333333334 23.552317669762076 22.3439168565403
648.3958333333334 23.553254760073507 22.34365620218982
648.8958333333334 23.554194012527766 22.343412150992513
649.3958333333334 23.555127858247435 22.343144836493526
649.8958333333334 23.556089858961617 22.34289823845493
650.3958333333334 23.55702988170895 22.342654917326552
650.8958333333334 23.557985698077623 22.342404045430303
651.3958333333334 23.558955517532063 22.342167052578446
651.8958333333334 23.559923105482653 22.3419228294093
652.3958333333334 23.560885321365 22.341694456217663
652.8958333333334 23.561856690244632 22.34145205684699
653.3958333333334 23.562848193827154 22.34122061448116
653.8958333333334 23.563832806628948 22.340994649374526
654.3958333333334 23.564819199447264 22.340763899852057
654.8958333333334 23.5658195936185 22.340550949036974
655.3958333333334 23.566824334633544 22.340318697766314
655.8958333333334 23.567826724537404 22.340100623928816
656.3958333333334 23.568821441397763 22.339888600261784
656.8958333333334 23.56984603556995 22.339671798241234
657.3958333333334 23.57087044857677 22.339465926654935
657.8958333333334 23.5718929604254 22.339251279142573
658.3958333333334 23.572917713709998 22.33905680925318
658.8958333333334 23.573949361288182 22.338846414122383
659.3958333333334 23.57499378798318 22.33865393604049
659.8958333333334 23.576037917661257 22.338461830012957
660.3958333333334 23.57708995160793 22.338274641330017
660.8958333333334 23.578153097099033 22.33807906558139
661.3958333333334 23.57922193394922 22.337886553993584
661.8958333333334 23.58029536244548 22.337708267960352
662.3958333333334 23.5813963626434 22.337522729834625
662.8958333333334 23.58246536420353 22.33735100044679
663.3958333333334 23.583560206157298 22.337176809351732
663.8958333333334 23.584655495952234 22.33700319324983
664.3958333333334 23.585770344855078 22.33683223012397
664.8958333333334 23.586886955040818 22.33666673773864
665.3958333333334 23.588003329602962 22.336498251613722
665.8958333333334 23.589133926051872 22.336345882020826
666.3958333333334 23.590260861177008 22.336192933158905
666.8958333333334 23.591400584792915 22.336036737002164
667.3958333333334 23.592542125473486 22.335885794587753
667.8958333333334 23.593697066701512 22.335727936486197
668.3958333333334 23.594853561697352 22.33558813111927
668.8958333333334 23.596012484894363 22.33543950813861
669.3958333333334 23.597182102655808 22.33530614726285
669.8958333333334 23.59835166672747 22.335162237969158
670.3958333333334 23.599528567247976 22.33502691796921
670.8958333333334 23.600708135969192 22.334894116077386
671.3958333333334 23.60189811136801 22.334757633567307
671.8958333333334 23.603091880863488 22.334644524103744
672.3958333333334 23.604293942165782 22.334511030107013
672.8958333333334 23.60550408129573 22.334387512901674
673.3958333333334 23.606726890785286 22.334272352554333
673.8958333333334 23.607925146621646 22.334146567236594
674.3958333333334 23.609155072379583 22.33403789052177
674.8958333333334 23.610363551441242 22.33392300023693
675.3958333333334 23.611600167596723 22.333803175309363
675.8958333333334 23.61282991006021 22.33370219486249
676.3958333333334 23.614071491968733 22.333595957428575
676.8958333333334 23.615300488599765 22.333490860390622
677.3958333333334 23.616554837719384 22.33339157181835
677.8958333333334 23.61781029244312 22.33328572644753
678.3958333333334 23.619051573939988 22.33319114142674
678.8958333333334 23.620320175298804 22.333096012064676
679.3958333333334 23.621574205452433 22.33300630835735
679.8958333333334 23.622848897144372 22.332914637434094
680.3958333333334 23.62411159503488 22.332822924685214
680.8958333333334 23.625385094847413 22.332732673234126
681.3958333333334 23.626666546187998 22.332652106395447
681.8958333333334 23.627958840492006 22.332575291763014
682.3958333333334 23.629230253121214 22.332486534514903
682.8958333333334 23.63053475104141 22.332413420316037
683.3958333333334 23.631815866968424 22.332335075133145
683.8958333333334 23.633115004907307 22.33225075446316
684.3958333333334 23.634405524507805 22.33218800037403
684.8958333333334 23.63571622150722 22.3321192454727
685.3958333333334 23.637019207640467 22.33204852274472
685.8958333333334 23.63832785465574 22.331981276086445
686.3958333333334 23.639631763077986 22.331918781097066
686.8958333333334 23.640952432576007 22.33184520240806
687.3958333333334 23.642277261292687 22.331786873805733
687.8958333333334 23.64358353941292 22.331723557243983
688.3958333333334 23.644904978287652 22.3316733684317
688.8958333333334 23.64623831000865 22.331617261628793
689.3958333333334 23.647572476463775 22.331561474125422
689.8958333333334 23.64888568813023 22.331504504218486
690.3958333333334 23.6502157492631 22.33144694001762
690.8958333333334 23.65154400594506 22.33139538923588
691.3958333333334 23.65288647064716 22.331359400195197
691.8958333333334 23.65421323492205 22.331308296418676
692.3958333333334 23.655557993658526 22.331252649911896
692.8958333333334 23.656903569258432 22.331214815624772
693.3958333333334 23.658236056947626 22.331170471525624
693.8958333333334 23.659582845155548 22.331131401525823
694.3958333333334 23.66093113313594 22.33108965287089
694.8958333333334 23.66227482478677 22.33105645719634
695.3958333333334 23.663610674162893 22.33101448069887
695.8958333333334 23.66496678929399 22.33098594483991
696.3958333333334 23.66632274524983 22.330948830304727
696.8958333333334 23.66765695957463 22.330911482093782
697.3958333333334 23.669022017141323 22.33088531037037
697.8958333333334 23.67037707455795 22.330859645573078
698.3958333333334 23.671751385856126 22.330826850327924
698.8958333333334 23.673112150590875 22.33080651622533
699.3958333333334 23.674495924599157 22.33078402487915
699.8958333333334 23.675874464053134 22.330765782190596
700.3958333333334 23.677261435432698 22.33075625534049
700.8958333333334 23.678664021917402 22.330737310509484
701.3958333333334 23.680052421646202 22.330725324445602
701.8958333333334 23.68144208844681 22.330717853419614
702.3958333333334 23.682864853217076 22.330708014754926
702.8958333333334 23.684259723051902 22.330708872664054
703.3958333333334 23.685685275025893 22.330702482237463
703.8958333333334 23.687099045366033 22.330702029947318
704.3958333333334 23.688524047771146 22.330703414088596
704.8958333333334 23.689958764491514 22.33070786240034
705.3958333333334 23.691397825375606 22.33071592591246
705.8958333333334 23.69282592952365 22.330717934393917
706.3958333333334 23.694264445289186 22.330730950794262
706.8958333333334 23.69570919905631 22.330740319019164
707.3958333333334 23.697151917758955 22.330754158500554
707.8958333333334 23.69860361388399 22.33077308736707
708.3958333333334 23.70006638175209 22.330787007573882
708.8958333333334 23.70152927219527 22.33080626686632
709.3958333333334 23.70297393045067 22.330824499467553
709.8958333333334 23.70445175868055 22.33085044796188
710.3958333333334 23.705919604195852 22.330875004486362
710.8958333333334 23.707399821563385 22.330905881880327
711.3958333333334 23.708875849796627 22.330926638642378
711.8958333333334 23.71035545247875 22.330956671087154
