FastTrWP/PhaseSpace/IAs/snIa_0.63_30.00_1.59_0.01.csv
# %ECSV 0.9
# ---
# datatype:
# - {name: time-rel, datatype: float64}
# - {name: g, datatype: float64}
# - {name: i, datatype: float64}
# schema: astropy-2.0
time-rel g i
[from data line 348]
228.24999999999997 24.97225645116067 23.22966363130709
228.75 24.96875167916993 23.22643457454255
229.25 24.96524671609448 23.223212959552484
229.74999999999997 24.96176779519036 23.21999114818398
230.25 24.95828659699608 23.216800317551915
230.75 24.954801566543217 23.21361621739037
231.24999999999997 24.951349200591324 23.210438089709772
231.75 24.947879685480892 23.20728633460357
232.25 24.94443627827831 23.204126131153785
232.75 24.94097454812443 23.200991999737063
233.25 24.937541887859016 23.197864698392685
233.75 24.934139340421112 23.19475914738712
234.25 24.930681629517043 23.19165257417229
234.75 24.927269592237064 23.1885682509487
235.25 24.923863751602976 23.185484349379145
235.75 24.920479874742437 23.182423552109288
236.25 24.917061823843113 23.179362433005895
236.75 24.91369625658393 23.176312318520903
237.25 24.910304691769348 23.17327905716851
237.75 24.90691867557703 23.170252595854382
238.25 24.903558381190752 23.16722656101565
238.75 24.90020299879703 23.164242684733033
239.25 24.896846288992272 23.161241372831853
239.75 24.893485762166193 23.15826321172596
240.25 24.890156048988764 23.155292198129814
240.75 24.886815738588666 23.1523362903061
241.25 24.88349546553283 23.149375908519026
241.75 24.88016750734983 23.14644166866707
242.25 24.87682983183594 23.143510295926284
242.75 24.873540868337113 23.14058516658337
243.25 24.870225391015165 23.137679391812036
243.75 24.866931625228375 23.134777998266927
244.25 24.863672008303524 23.131874964811544
244.75 24.860359525096097 23.128995385673772
245.25 24.85709073745875 23.126122762248706
245.75 24.85381317043597 23.12325488788038
246.25 24.850550692802692 23.120402558216107
246.75 24.847293259271176 23.117560931618094
247.25 24.844045611185912 23.114722954528343
247.75 24.84079858567394 23.111891665619126
248.25 24.837560565903036 23.10908053120488
248.75 24.834298390146646 23.106273450890008
249.25 24.83106430764856 23.10347045109321
249.75 24.82785531817083 23.10067316945352
250.25 24.82465080775412 23.097892511918428
250.75 24.821425519427393 23.095108846941233
251.25 24.81824058440196 23.092356281413792
251.75 24.815009836948526 23.08959621641618
252.25 24.811823950238296 23.086846468167195
252.75 24.80863220395841 23.08410831332267
253.25 24.805437502948955 23.081367943424436
253.75 24.802278791674574 23.078645290556878
254.25 24.799101066838446 23.075921017275554
254.75 24.7959177065383 23.073222165997187
255.25 24.79275799050768 23.070512434338557
255.75 24.789593498959242 23.067824227654835
256.25 24.786459138978376 23.06513507791953
256.75 24.783292610842178 23.062464370750572
257.25 24.78015849196382 23.059780743440747
257.75 24.777010593939032 23.057120259155543
258.25 24.77387850398076 23.054465947809447
258.75 24.770739238560708 23.05181208076271
259.25 24.7676307202605 23.04917162604934
259.75 24.7644991813503 23.046538250713677
260.25 24.761400058334576 23.043905792358217
260.75 24.758285534172394 23.041293777792795
261.25 24.755195690695565 23.038676921428497
261.75 24.752071547924338 23.036070039190367
262.25 24.74898846620359 23.03346293193899
262.75 24.745877673495006 23.030889701804732
263.25 24.742815739567007 23.02829442795081
263.75 24.73974602796869 23.025716428134228
264.25 24.736658859665663 23.02314657347248
264.75 24.733588452337514 23.020570409671848
265.25 24.730522491099897 23.018013231588895
265.75 24.727452089101718 23.01546422990881
266.25 24.724391004207234 23.012918173315356
266.75 24.72133877509671 23.010379305655736
267.25 24.718311865504056 23.007853998478843
267.75 24.7152601705059 23.005334637693977
268.25 24.712227331021452 23.0028218405395
268.75 24.709211220481052 23.000310228547917
269.25 24.70619351099895 22.99781493957321
269.75 24.70316511298902 22.99532186046077
270.25 24.700157427278732 22.992836439570652
270.75 24.697139182957038 22.990363051628535
271.25 24.694144837020207 22.98789012766217
271.75 24.69115963833556 22.985419503081168
272.25 24.68815137691064 22.982962281869813
272.75 24.68516291058128 22.980516541712845
273.25 24.68217899735808 22.97807322676889
273.75 24.67921581203136 22.97563558082196
274.25 24.67622408799039 22.97320903085767
274.75 24.673267113682535 22.97078827783693
275.25 24.670311871624982 22.96837336415413
275.75 24.667356288714856 22.965966277891642
276.25 24.664394581722085 22.96355956586894
276.75 24.661453863878506 22.961168627847325
277.25 24.658505795890395 22.958775380489
277.75 24.655560753334722 22.956387817891834
278.25 24.652612922828425 22.954008616702563
278.75 24.649674339641848 22.951638322530425
279.25 24.646763879424704 22.94927484896065
279.75 24.643847558975125 22.94691908315191
280.25 24.640932666509187 22.944565646791713
280.75 24.638023150778356 22.94221032093013
281.25 24.63511550090014 22.939876041418202
281.75 24.632190161530104 22.937546973962107
282.25 24.62929167576894 22.93522063444935
282.75 24.62642471448553 22.932888855857424
283.25 24.623534156818287 22.930575093116893
283.75 24.62063523226562 22.928266182070622
284.25 24.617750720975277 22.925959901312154
284.75 24.614860115350577 22.923669813718806
285.25 24.61199064844009 22.921376534234177
285.75 24.60912408590562 22.91908931085041
286.25 24.606254160134228 22.916799923390613
286.75 24.603406900472848 22.91452614058486
287.25 24.60052547989303 22.912265049225145
287.75 24.597699587534343 22.90999027496399
288.25 24.59483687081982 22.907732581336134
288.75 24.59199387206667 22.90547565975298
289.25 24.589136251924153 22.90322694606839
289.75 24.586315937615204 22.900986472275857
290.25 24.583464987554684 22.898749628774404
290.75 24.58063588113305 22.896516738408778
291.25 24.57780582101371 22.894282495749543
291.75 24.574987593269533 22.89206126991035
292.25 24.57217010736638 22.88984000064061
292.75 24.56933754015184 22.887635334655137
293.25 24.566554161506158 22.885425007649893
293.75 24.563736127267383 22.883212829626665
294.25 24.560914341426702 22.88101590934836
294.75 24.558110421012607 22.878830700890767
295.25 24.55531973079637 22.87664116647224
295.75 24.55253687057947 22.87445855307938
296.25 24.54973864954034 22.87227586925766
296.75 24.54693032918587 22.870102186387907
297.25 24.544174979374745 22.86793389346531
297.75 24.541370627652356 22.865763699966656
298.25 24.53859753942876 22.863614387545486
298.75 24.535816544492924 22.86145133154131
299.25 24.53305060551466 22.859299242453595
299.75 24.530278666328748 22.857154528633945
300.25 24.527498725869997 22.855015354424676
300.75 24.524746601297416 22.852872892874977
301.25 24.52198650398642 22.85073990871483
301.75 24.519230003424685 22.848607967980247
302.25 24.516488547422046 22.84649115014711
302.75 24.51371587205672 22.844370296797194
303.25 24.51097879083067 22.842254667672886
303.75 24.508224681634072 22.84014599034691
304.25 24.505496064245676 22.838035532825984
304.75 24.502757838915272 22.83593848890268
305.25 24.5000090577572 22.833835468344
305.75 24.497288771791936 22.83173462773545
306.25 24.49455534842849 22.829649540706644
306.75 24.49184002968988 22.827563107910738
307.25 24.489130769638674 22.825484385634702
307.75 24.486410897193657 22.823406523714294
308.25 24.48368694946123 22.821337501725324
308.75 24.480984238153987 22.819268989968727
309.25 24.478268119184996 22.817209808962893
309.75 24.47557690831571 22.815157106850485
310.25 24.47285842307513 22.813104279002125
310.75 24.470179512335733 22.8110550179548
311.25 24.467471732453614 22.809014985688492
311.75 24.464795650979973 22.8069752187741
312.25 24.462123330226 22.804944109786813
312.75 24.45942054003059 22.802911777473398
313.25 24.456752288516213 22.800888800098566
313.75 24.454072649212915 22.7988649628823
314.25 24.45141497245104 22.796849498747044
314.75 24.44873136154026 22.79483612140265
315.25 24.44606588973589 22.79282937821896
315.75 24.443408478789518 22.790827674833736
316.25 24.440752873191673 22.788828751586735
316.75 24.438091463397477 22.786837270434056
317.25 24.435451172066948 22.784838258990657
317.75 24.43280185784801 22.782850768975287
318.25 24.430143245315957 22.78086632996683
318.75 24.42750758014633 22.77889226914204
319.25 24.424881186183832 22.776921047751966
319.75 24.422241057413167 22.774949262495948
320.25 24.41961120549866 22.77297790439807
320.75 24.416966078766357 22.77101236037039
321.25 24.414350804172003 22.76905474436418
321.75 24.411722077764768 22.7671070894801
322.25 24.40911510738495 22.765155961231287
322.75 24.406495537001458 22.763200769186245
323.25 24.40389130965171 22.761256123740164
323.75 24.40127246377623 22.759326364006668
324.25 24.398654957943545 22.757395423808433
324.75 24.396070583106287 22.75545564072305
325.25 24.39345005801224 22.753524648147746
325.75 24.39085350936238 22.75160508433503
326.25 24.388268335604156 22.74968539014108
326.75 24.385655303730758 22.74777101501283
327.25 24.383080890473977 22.745867275780572
327.75 24.380494760118694 22.7439483415493
328.25 24.37790738464871 22.742039329800583
328.75 24.375325918242048 22.74013647678837
329.25 24.372748803527248 22.738238126638347
329.75 24.37016987129973 22.73633849272833
330.25 24.367600949099753 22.7344629205693
330.75 24.365029218904873 22.732559873256292
331.25 24.362469835540523 22.73068611210998
331.75 24.359885382368326 22.728802364870152
332.25 24.357338924070856 22.726926232574748
332.75 24.35477752138587 22.725044885099503
333.25 24.35221365273252 22.72318666357631
333.75 24.34965808532898 22.721314970022902
334.25 24.34712054463224 22.719454075495964
334.75 24.344563246846068 22.717590990342437
335.25 24.342021736800625 22.71573641442795
335.75 24.339473755345217 22.713889039445128
336.25 24.336935659377424 22.712036153166135
336.75 24.334386702080955 22.7101876510805
337.25 24.331861833406858 22.7083404562938
337.75 24.32931290426766 22.70650221803594
338.25 24.326793412911577 22.704663009086012
338.75 24.32426427416005 22.702833118587854
339.25 24.321731905549097 22.701003978503167
339.75 24.319214133476045 22.699179144720762
340.25 24.316693686863733 22.697340762676763
340.75 24.314176654164466 22.69552197909065
341.25 24.311658890723983 22.693701304783094
341.75 24.309144241779016 22.691895494714682
342.25 24.30664255325212 22.690082812482665
342.75 24.304126288063124 22.68827508349068
343.25 24.30162857753266 22.68646685649894
343.75 24.299120244210247 22.684665515560955
344.25 24.29662358526354 22.6828606605771
344.75 24.29409560323537 22.68106227631907
345.25 24.29158190246829 22.67926099228996
345.75 24.289097282737636 22.67746629726084
346.25 24.286566622720468 22.67567530372364
346.75 24.284042949251635 22.67387570702276
347.25 24.281539609153295 22.672086572357813
347.75 24.279011380669267 22.670293131968005
348.25 24.276483675617865 22.668500411421046
348.75 24.273954485118388 22.66671280849301
349.25 24.27143335848145 22.664927618608832
349.75 24.268884996808147 22.66314426181485
350.25 24.26636374753553 22.66136259729108
350.75 24.26383128179756 22.659583378233002
351.25 24.261330570732568 22.657812730713893
351.75 24.25877602546116 22.65602791146317
352.25 24.256250404242266 22.65425943664818
352.75 24.25373379023497 22.65249208454148
353.25 24.25120240857414 22.650724381302716
353.75 24.248677170756565 22.64895695723897
354.25 24.2461566089814 22.64719545516783
354.75 24.243639374245713 22.64543741502002
355.25 24.241109146915747 22.643674904242715
355.75 24.238597214126905 22.64191787171378
356.25 24.2360811973346 22.640170933577043
356.75 24.233590622013622 22.63842470559638
357.25 24.231060366581367 22.636675532557156
357.75 24.22857970275257 22.634935371356026
358.25 24.22606375701481 22.633200350391913
358.75 24.223573717820255 22.631466642633605
359.25 24.221083908848605 22.62972666407334
359.75 24.218575265339844 22.62800411237137
360.25 24.216087752663682 22.626267164805963
360.74999999999994 24.213620455182365 22.62455532047371
361.25 24.211138005123093 22.622835171898803
361.75 24.208687143017347 22.62111792923722
362.24999999999994 24.20619933289541 22.619407446319954
362.75 24.203746541676608 22.617706969317773
363.25 24.201275442453955 22.615991117339913
363.74999999999994 24.198849732961012 22.614296473816346
364.25 24.196376288387476 22.612603182297356
364.75 24.193954298898255 22.61090582527007
365.24999999999994 24.191500616289837 22.60922386468952
365.75 24.189095980777346 22.607537533932096
366.25 24.186655949449683 22.605869731411914
366.74999999999994 24.18424832893355 22.6041885709064
367.25 24.181851821865568 22.602516528046877
367.75 24.179447483716544 22.600846483378728
368.24999999999994 24.177052310062365 22.59919258431878
368.75 24.174671671914343 22.59752841188503
369.25 24.172294100102235 22.595875263306667
369.74999999999994 24.16992512619884 22.594229324594192
370.25 24.167562454878553 22.592579822202545
370.75 24.16520588803806 22.590938937708103
371.24999999999994 24.162867677235017 22.589311992394112
371.75 24.16053558444557 22.587682346456795
372.25 24.158213929018157 22.586060496351603
372.74999999999994 24.15590164065843 22.58443774492561
373.25 24.15358545369486 22.58281819520423
373.75 24.15128834533171 22.581207726024587
374.24999999999994 24.148981259305145 22.57960473203965
374.75 24.146695991739037 22.57800643705885
375.25 24.144437026981628 22.57640531849136
375.74999999999994 24.142194824600995 22.57481725184507
376.25 24.139923271380486 22.57324178298242
376.75 24.137674668968838 22.571656743349756
377.24999999999994 24.135461094223732 22.57009455450782
377.75 24.13322739814559 22.568519867397484
378.25 24.131020793686137 22.56695907325732
378.74999999999994 24.12882456351199 22.56540203297736
379.25 24.126647428312545 22.563847726848813
379.75 24.124463490784294 22.56230818096021
380.24999999999994 24.122284032743462 22.560766473224767
380.75 24.120132254901897 22.559227227108533
381.25 24.118005733386788 22.557702101097007
381.74999999999994 24.1158624239557 22.556179541824587
382.25 24.113742258626143 22.554668659267275
382.75 24.111636399589745 22.55316013524959
383.24999999999994 24.10952380010584 22.551649446724245
383.75 24.107438541492495 22.550151935482855
384.25 24.10535525518352 22.548646370722448
384.74999999999994 24.103266458578364 22.54715583364269
385.25 24.10118168673165 22.54566419200994
385.75 24.099088149083357 22.544173820455295
386.24999999999994 24.0970198137584 22.5426837944497
386.75 24.094952376962237 22.541199895950417
387.25 24.092894898285696 22.539716200859296
387.74999999999994 24.090831433020902 22.538236484573495
388.25 24.08879040766628 22.536768328822234
388.75 24.086727271591172 22.535307393571994
389.24999999999994 24.08467902971486 22.533836050905034
389.75 24.08264638058785 22.532377459347018
390.25 24.08059837955271 22.53091068232091
390.74999999999994 24.078574757881217 22.529455893322044
391.25 24.076558987712232 22.528005812134463
391.75 24.074544743403237 22.526552935915618
392.24999999999994 24.072522924555958 22.525110076705516
392.75 24.070498472170453 22.523672431557074
393.25 24.06849998217739 22.522228739830847
393.74999999999994 24.066515700893373 22.520801031691132
394.25 24.06451687979612 22.51936755799248
394.75 24.062542965920592 22.517938377724054
395.24999999999994 24.060566388099 22.516516376171758
395.75 24.058585799429125 22.515097616126173
396.25 24.05661434359727 22.51368042108202
396.74999999999994 24.05465139707434 22.51227371493579
397.25 24.05270963427645 22.510863703982306
397.75 24.050764023157992 22.50946269075396
398.24999999999994 24.048807526386987 22.50805836787109
398.75 24.046858626092238 22.506672977041493
399.25 24.044928419100415 22.505280571206406
399.74999999999994 24.043025443427535 22.503888131693248
400.25 24.041092454326233 22.502502333855205
400.75 24.039203891262062 22.501127691433084
401.24999999999994 24.037292552814165 22.499752022254764
401.75 24.03540166862289 22.498381378961163
402.25 24.033524117747742 22.497020582065446
402.74999999999994 24.03164822968161 22.49565616541453
403.25 24.029762505204133 22.494297162382225
403.75 24.02789247963426 22.492938880934673
