FastTrWP/PhaseSpace/IAs/snIa_0.39_30.00_0.24_0.07.csv
# %ECSV 0.9
# ---
# datatype:
# - {name: time-rel, datatype: float64}
# - {name: g, datatype: float64}
# - {name: i, datatype: float64}
# schema: astropy-2.0
time-rel g i
[from data line 700]
-68.5 23.145894586437205 22.559873578380696
-68.0 23.14516447872635 22.55877422711511
-67.5 23.144438839553136 22.557669888192603
-67.0 23.143733137679774 22.5565774165391
-66.5 23.143018275754955 22.55547934422072
-66.0 23.14230998937633 22.554392924476524
-65.5 23.14161388482907 22.553324020793756
-65.0 23.140929999973903 22.55224879779921
-64.5 23.14025889303524 22.551165168598715
-64.0 23.13958233192222 22.55010515188448
-63.5 23.13891690129962 22.549044785655163
-63.0 23.138255938543956 22.547985637876348
-62.5 23.137604306136254 22.546929633015452
-62.0 23.13697185054958 22.545879535269894
-61.5 23.136326017159398 22.54483594584866
-61.0 23.135700097755816 22.543794072152878
-60.5 23.13508449544082 22.542764591142152
-60.0 23.134461066986024 22.541730313200453
-59.5 23.133853044896604 22.54071305889969
-59.0 23.13325074733004 22.53968514605742
-58.5 23.132664045018217 22.53866873030171
-58.0 23.132078179049927 22.537653242053505
-57.5 23.131492543632646 22.536645618200172
-57.0 23.130921427058404 22.535637080638132
-56.5 23.130350729930985 22.534639364006917
-56.0 23.129785505721397 22.533640100305952
-55.5 23.129240864341302 22.53264741671184
-55.0 23.128686135392623 22.531660742960284
-54.5 23.12815244888453 22.53067302096746
-54.0 23.127604407867143 22.52969712481668
-53.5 23.127082314191682 22.52871892373578
-53.0 23.126559063055304 22.527746931956052
-52.5 23.12604209882376 22.526775335493276
-52.0 23.125538570855213 22.52580935485132
-51.5 23.125029374789136 22.52485499862589
-51.0 23.124537533498245 22.52389854082579
-50.5 23.12403713300212 22.52294797649784
-50.0 23.123561108445436 22.521991598629477
-49.5 23.123086378633516 22.521050521455294
-49.0 23.122620520399913 22.52011136670793
-48.5 23.122138629815296 22.519177070395287
-48.0 23.121683763680863 22.518240934941943
-47.5 23.121221828540634 22.51730962718929
-47.0 23.12078244408397 22.516389119565584
-46.5 23.120337516323907 22.515466080728352
-46.0 23.119898566649614 22.514547897804682
-45.5 23.119457727638725 22.513634149901407
-45.0 23.11903867333538 22.512720990608983
-44.5 23.118622562435537 22.511814446376953
-44.0 23.1181970893925 22.510909965127233
-43.5 23.117792470082254 22.510006602755688
-43.0 23.117387053428395 22.509119366539775
-42.5 23.11699401436117 22.508216855073776
-42.0 23.11659090166339 22.50732910634204
-41.5 23.116215291785593 22.506449454172884
-41.0 23.115838037787285 22.50556777285503
-40.5 23.115469464549435 22.5046933137695
-40.0 23.1151063633283 22.50382676735292
-39.5 23.11476389983707 22.502956694276914
-39.0 23.114426103065973 22.502098792318353
-38.5 23.114071512970686 22.50124139664219
-38.0 23.113753041239285 22.500391942238615
-37.5 23.11343038155163 22.499534480036523
-37.0 23.11311677331528 22.498697279528553
-36.5 23.112797685373078 22.49785661214384
-36.0 23.112512669833542 22.49702192077288
-35.5 23.112213749447612 22.49618694772458
-35.0 23.111929532051448 22.495370223145063
-34.5 23.11166326096931 22.494539113016273
-34.0 23.111380490806347 22.493722010231593
-33.5 23.111111842365005 22.49290310313696
-33.0 23.11085799403763 22.492083031485095
-32.5 23.110598535318392 22.49128908239131
-32.0 23.110359457384384 22.490477503655235
-31.5 23.1101126039195 22.489679677932422
-31.0 23.109885571813564 22.488889224783648
-30.5 23.109652732396825 22.488087156936647
-30.0 23.109431508879126 22.487299333555594
-29.5 23.109225043013744 22.486513363137156
-29.0 23.108998505268907 22.485727975543796
-28.5 23.108801260061618 22.484944426843036
-28.0 23.108604578380017 22.48416651473551
-27.5 23.108412496583554 22.483399251304515
-27.0 23.108213940038695 22.482627761624133
-26.5 23.108037579601923 22.481867581550535
-26.0 23.107858565757354 22.4811029173476
-25.5 23.107669080808193 22.480342925308534
-25.0 23.107501639865955 22.479581840308267
-24.5 23.107345382087257 22.478826664320675
-24.0 23.10718016856947 22.47807824616027
-23.5 23.107037652604177 22.477331620178834
-23.0 23.10687777078337 22.476590799470593
-22.5 23.106725043788586 22.475846850593935
-22.0 23.106587925035683 22.475101128328244
-21.5 23.10644780135337 22.47437077323093
-21.0 23.106310789969847 22.473628763330268
-20.5 23.106171671206287 22.472900227981775
-20.0 23.106055011760983 22.47217179010243
-19.5 23.10592104407182 22.471451837640565
-19.0 23.105810822497975 22.470721565137033
-18.5 23.105696137273153 22.470004562464645
-18.0 23.105574021950545 22.469283125024365
-17.5 23.10546304018868 22.46857212272621
-17.0 23.105361128963587 22.46786047471252
-16.5 23.10526457132207 22.46714861323899
-16.0 23.105156669922522 22.466440499421928
-15.5 23.10504976558938 22.46572976420726
-15.0 23.10496123248791 22.4650266151067
-14.5 23.1048743006209 22.46432322360151
-14.0 23.104780015894733 22.463621713621684
-13.5 23.104680310803612 22.462925884469556
-13.0 23.10460671910785 22.462230483433842
-12.5 23.10452262214114 22.461533132666137
-12.0 23.10444672029305 22.460849167927968
-11.5 23.104358925110876 22.460151721443747
-11.0 23.10427882784856 22.45946743662988
-10.5 23.104214188539945 22.45878029251869
-10.0 23.10414752650032 22.458096966875516
-9.5 23.10406307565911 22.457409710708113
-9.0 23.10399715016606 22.456734370257294
-8.5 23.10392317496637 22.456045677881402
-8.0 23.103870082638537 22.45537367651651
-7.5 23.103806362253447 22.454700604274116
-7.0 23.103764359641996 22.454027984391427
-6.5 23.10369797052344 22.453358772935008
-6.0 23.103649718608935 22.452690889017575
-5.5 23.1036013968733 22.452033614206186
-5.0 23.103556670960216 22.45136463924296
-4.5 23.10352974485398 22.45070559194801
-4.0 23.103495052793598 22.450044039412408
-3.5 23.103463583929834 22.449388382628275
-3.0 23.103444661627034 22.44874032836894
-2.5 23.10341245622856 22.448089851081747
-2.0 23.10338585724793 22.447440154593576
-1.5 23.1033649466837 22.446794310550295
-1.0 23.10335973576299 22.446149114642708
-0.5 23.103362865609935 22.44551148645384
0.0 23.103336487428273 22.444870707617184
0.5 23.103345696633756 22.44423674820736
1.0 23.10334137959137 22.443599428576416
1.5 23.10334967668755 22.44297263292424
2.0 23.103363335175587 22.4423433013836
2.5 23.10337236266426 22.44170763854948
3.0 23.103385646045325 22.441088386523226
3.5 23.103406810152464 22.44046811663971
4.0 23.103432041312352 22.439852224881726
4.5 23.103462784085046 22.439231007054403
5.0 23.103498833319232 22.438613295548457
5.5 23.103534319251917 22.438004953174474
6.0 23.10355961444415 22.437400347119954
6.5 23.10360820374079 22.436792042461203
7.0 23.10365717013752 22.436182350408057
7.5 23.103708794538726 22.435583888943373
8.0 23.1037639034801 22.43498741817017
8.5 23.103823813864416 22.434386603167212
9.0 23.103887226246766 22.433802267305985
9.5 23.10395227199801 22.433206232147818
10.0 23.104026069065718 22.432614992316275
10.5 23.104092658315835 22.43203095249351
11.0 23.104172537310657 22.431445365243956
11.5 23.10425650822948 22.430868571897445
12.0 23.10434129227417 22.43028480140601
12.5 23.104436607794376 22.429715937639582
13.0 23.104519726240206 22.429139831547616
13.5 23.104623807752436 22.428576851381305
14.0 23.104727908654503 22.42800039872376
14.5 23.104838459532484 22.42743773587705
15.0 23.104946142323143 22.42687909214004
15.5 23.10506438741946 22.426319147305126
16.0 23.1051832771017 22.425761370925773
16.5 23.10529827335316 22.42519635715621
17.0 23.10543761930125 22.42465477961283
17.5 23.10556027075908 22.424111312346117
18.0 23.105707773613844 22.423564600406593
18.5 23.10583734199717 22.423016243114695
19.0 23.105980440956206 22.42247510195776
19.5 23.106140688325425 22.42193667977451
20.0 23.10627782880182 22.421402051661286
20.5 23.106440435409286 22.420873560121734
21.0 23.1065982279155 22.420343713513144
21.5 23.10675734815483 22.419808562379234
22.0 23.106933460887447 22.419295821653865
22.5 23.107118192787603 22.4187720329166
23.0 23.107286419737413 22.418249333943017
23.5 23.107470569311914 22.417739104940686
24.0 23.107668815482878 22.41721805793155
24.5 23.10784615012327 22.41671191837427
25.0 23.10804643976934 22.41620860410215
25.5 23.108238898921975 22.415697472070985
26.0 23.10844530743191 22.415200558420917
26.5 23.108645958698357 22.4146941945822
27.0 23.108867896371784 22.41420256198395
27.5 23.109082183947464 22.413711959848158
28.0 23.10930161650358 22.413209985579712
28.5 23.10952072689281 22.412713923701467
29.0 23.109751591840933 22.4122289129169
29.5 23.109977886847673 22.411741922219285
30.0 23.110216887379813 22.411258098202268
30.5 23.110452708731977 22.410773627353326
31.0 23.1106955287449 22.410301787987233
31.5 23.110942697863486 22.409819552219727
32.0 23.111200920293868 22.40934394527581
32.5 23.11145074701131 22.408873429144528
33.0 23.111704803477117 22.408403516179682
33.5 23.111976079714903 22.407941218535086
34.0 23.112241249242942 22.407478722339086
34.5 23.112524257516696 22.40701451280302
35.0 23.112785074415196 22.406557690097845
35.5 23.113072905601623 22.406096953074744
36.0 23.11335342538779 22.40563883284667
36.5 23.11362983167099 22.405195420009022
37.0 23.113938960239025 22.404738716167337
37.5 23.114227862202405 22.40429593716845
38.0 23.11453390417382 22.40384756942209
38.5 23.11483351356134 22.403405366209128
39.0 23.115141021763826 22.40296796487426
39.5 23.11545204826533 22.40252612568776
40.0 23.115783088332023 22.40209598493738
40.5 23.11609924938377 22.401669101615255
41.0 23.116424342843903 22.4012333666988
41.5 23.116752020001847 22.400810421904698
42.0 23.11708988786044 22.400385164086366
42.5 23.117431670748047 22.399965414842967
43.0 23.11777393500153 22.399545229465765
43.5 23.11812473746236 22.399125803797432
44.0 23.118464898085666 22.398715641096928
44.5 23.118818695120822 22.39830259713795
45.0 23.119183768253496 22.397891703169968
45.5 23.119549703244346 22.39748846432288
46.0 23.119921883520007 22.397088685736023
46.5 23.120288325363518 22.396689521054252
47.0 23.120673857128896 22.39628641420872
47.5 23.121053510618765 22.395901637509255
48.0 23.121455676541682 22.395499612290592
48.5 23.121837497823403 22.395115596264247
49.0 23.122230451830312 22.394726580907253
49.5 23.12262869805417 22.39434153766741
50.0 23.123039694501845 22.393959132796184
50.5 23.123443202530446 22.393586714428974
51.0 23.12386280895201 22.39319842719329
51.5 23.12427945801408 22.39283131859452
52.0 23.124702176916564 22.392461451727446
52.5 23.125127656832362 22.392085975043376
53.0 23.12556179526716 22.39172105423983
53.5 23.125999870160253 22.39136250723719
54.0 23.126440366052012 22.39100579091042
54.5 23.12689327603451 22.390643889585988
55.0 23.127336065719142 22.39029624306653
55.5 23.12779293957037 22.38994321667272
56.0 23.128248195853907 22.38958780413247
56.5 23.128719417070496 22.389238608959417
57.0 23.12919197348158 22.388902839462173
57.5 23.129661046888202 22.388565167376427
58.0 23.130151760522807 22.388222450851785
58.5 23.130629084452494 22.387890656298627
59.0 23.131117536343474 22.387550117554756
59.5 23.131613463240967 22.387227942629785
60.0 23.132128797264894 22.386902394310813
60.5 23.132640218157952 22.386582538541617
61.0 23.133150536438475 22.38626221598125
61.5 23.133677737597772 22.38594156339972
62.0 23.13420716398546 22.385623829880643
62.5 23.134736434112924 22.385315736279544
63.0 23.135282465566167 22.385004650691332
63.5 23.13582552640524 22.384700479266435
64.0 23.1363789757607 22.384398744453815
64.5 23.136923383861205 22.384097004571466
65.0 23.137485866080706 22.38378823372384
65.5 23.138051802917687 22.38349647660261
66.0 23.13862935538495 22.383203665350333
66.5 23.139201901683982 22.38291314046755
67.0 23.13978699736574 22.382621206345444
67.5 23.14038009353835 22.38233795361456
68.0 23.140960390126494 22.382060866623945
68.5 23.141557253841597 22.381771989160786
69.0 23.14216294483959 22.38150086309675
69.5 23.142762592592227 22.381223766086382
70.0 23.143377100061322 22.3809473525843
70.5 23.143985203074983 22.380678429039776
71.0 23.144608068344 22.38040472967681
71.5 23.145224694073182 22.38014063014741
72.0 23.145846911418268 22.379882214382036
72.5 23.146487132274743 22.379620495807547
73.0 23.147120000230807 22.37936124671578
73.5 23.147759091602946 22.37910627185979
74.0 23.148402828757895 22.378857263194682
74.5 23.149052750226083 22.378597832027584
75.0 23.14969481575877 22.378355327523142
75.5 23.150352709260666 22.37810840370547
76.0 23.151006417523803 22.377863190964856
76.5 23.15167209190254 22.377621708165666
77.0 23.15233856992947 22.377381639159687
77.5 23.15300661108557 22.37714273766862
78.0 23.15366544553351 22.376908808529315
78.5 23.154347294004758 22.376674717279144
79.0 23.155023223428902 22.376444122600883
79.5 23.155706780938132 22.376215971662354
80.0 23.15637987905028 22.375990689243004
80.5 23.15706982517535 22.37576594934957
81.0 23.15775936864268 22.375548557493676
81.5 23.158461828863835 22.375321076478734
82.0 23.159148560814053 22.37510496084316
82.5 23.15983493690357 22.374890000956064
83.0 23.160540704509962 22.374673350222153
83.5 23.161252673927137 22.374460632818405
84.0 23.161954416563763 22.37424823654884
84.5 23.162656448383224 22.374045246004513
85.0 23.163368294797138 22.373839309479784
85.5 23.16407380619232 22.37363930452191
86.0 23.164787179448737 22.373437785727198
86.5 23.16549783296821 22.373239728980543
87.0 23.166214793857808 22.37302968691192
87.5 23.166932341174665 22.37284646166274
88.0 23.16765531470314 22.372648087232868
88.5 23.168374589438923 22.37245562011973
89.0 23.169090060596595 22.372263962519057
89.5 23.169818893869515 22.372083186279955
90.0 23.170547957696076 22.371895437338566
90.5 23.17127417435586 22.37170903563774
91.0 23.172004710364824 22.37152869307939
91.5 23.172736514944972 22.371347822387655
92.0 23.17347372053586 22.37116477700395
92.5 23.174211467372924 22.370993449485255
93.0 23.174964797559795 22.370821901559957
93.5 23.175716942877308 22.370654933060194
94.0 23.17646921560236 22.3704880712667
94.5 23.177228166453162 22.3703200474922
95.0 23.177988279451924 22.37015572985011
95.5 23.17876393920587 22.369994694274848
96.0 23.17952954323081 22.369843162505138
96.5 23.180311327764052 22.36969285918475
97.0 23.18108176239944 22.369528063438718
97.5 23.18186957056232 22.369378006571743
98.0 23.182651356287497 22.36922532050619
98.5 23.183444415529895 22.369090104536077
99.0 23.184247357788223 22.368932049223105
99.5 23.185040446064285 22.368799847470562
100.0 23.185837780621057 22.368652858790337
100.5 23.186643461955782 22.36851885723574
101.0 23.1874596029552 22.368381471799946
101.5 23.188264000009788 22.36824326930488
102.0 23.189081050449335 22.36811472851511
102.5 23.18989695089784 22.367979899357806
103.0 23.190708505730427 22.36785846700096
103.5 23.191535767782145 22.367732312356846
104.0 23.192362232982255 22.367611183681255
104.5 23.193184558202905 22.36748881401596
105.0 23.19402493372308 22.36737119066325
105.5 23.194866878791338 22.36725478350475
106.0 23.19570315345185 22.36713768357837
106.5 23.19654482645158 22.36701952804646
107.0 23.19737774900773 22.36691463497415
107.5 23.198231341827814 22.366804863276805
108.0 23.19906814188549 22.366695614183524
108.5 23.19992154732022 22.366591321891576
109.0 23.20077393892538 22.36648483800478
109.5 23.201634448550355 22.36638823969225
110.0 23.20250339944744 22.36628140345177
110.5 23.203355677527266 22.366188834535734
111.0 23.20421609980336 22.366093366907656
111.5 23.205069375399482 22.36600038696362
112.0 23.20594022775412 22.365914447154907
112.5 23.20681079857385 22.365815852450716
113.0 23.207672780875434 22.365734790500518
113.5 23.208536062726225 22.36564773961044
114.0 23.209425685910677 22.36555826685635
114.5 23.210301496152486 22.365478649392383
115.0 23.211164404640513 22.365398026501147
115.5 23.212044673201074 22.365321411897888
116.0 23.21292702794586 22.36523972220573
116.5 23.21381112521031 22.365168497648277
117.0 23.214685015456578 22.365087593816465
117.5 23.215573142797915 22.36501852058955
118.0 23.216457619568025 22.36495216467949
118.5 23.217339207666903 22.36487725795023
