FastTrWP/PhaseSpace/IAs/snIa_0.6_25_0.0_0.1.csv
# %ECSV 0.9
# ---
# datatype:
# - {name: time-rel, datatype: float64}
# - {name: g, datatype: float64}
# - {name: i, datatype: float64}
# schema: astropy-2.0
time-rel g i
[from data line 1110]
536.2291666666666 -25.883710541226638 -27.773815343673
536.7291666666666 -25.882783134300887 -27.774036440201098
537.2291666666666 -25.88183336863748 -27.774246105584773
537.7291666666666 -25.880899284080847 -27.774465363030615
538.2291666666666 -25.87993540386467 -27.774674324758077
538.7291666666666 -25.878969389321785 -27.774893094881072
539.2291666666666 -25.878019776151852 -27.775095799102395
539.7291666666666 -25.87703112826482 -27.775296371012598
540.2291666666666 -25.876058451429817 -27.775497166399248
540.7291666666666 -25.875093544784193 -27.775695954339163
541.2291666666666 -25.874098130809724 -27.775894519819868
541.7291666666666 -25.873111457856254 -27.776091564362034
542.2291666666666 -25.872120502014457 -27.776278698118322
542.7291666666666 -25.871119390027914 -27.77646843036821
543.2291666666666 -25.870091342393728 -27.77665450005639
543.7291666666666 -25.869092824514944 -27.77682989299979
544.2291666666666 -25.86806272836315 -27.777018651332348
544.7291666666666 -25.867035454431676 -27.77719277695843
545.2291666666666 -25.86599633322104 -27.777365179554963
545.7291666666666 -25.86494795386291 -27.77753755932138
546.2291666666666 -25.86388818842358 -27.77770377446774
546.7291666666666 -25.86282121946082 -27.777871003599497
547.2291666666666 -25.86175021369092 -27.778035909281748
547.7291666666666 -25.860675991018947 -27.77819112175923
548.2291666666666 -25.85959544136321 -27.778345002902828
548.7291666666666 -25.858512850687653 -27.778497639546146
549.2291666666666 -25.857403176104825 -27.778655251656765
549.7291666666666 -25.85629253357503 -27.778800642325137
550.2291666666666 -25.855186369499382 -27.778945831351237
550.7291666666666 -25.854068551481628 -27.779085969996544
551.2291666666666 -25.8529245085357 -27.779226241028855
551.7291666666666 -25.851795286292575 -27.77936281008534
552.2291666666666 -25.850669902545143 -27.779506266809463
552.7291666666666 -25.849510751051742 -27.779633001613448
553.2291666666666 -25.848369135356876 -27.779763379956634
553.7291666666666 -25.8472039076427 -27.779887102505455
554.2291666666666 -25.84604693633795 -27.780012953985306
554.7291666666666 -25.84487182386875 -27.780139073418056
555.2291666666666 -25.843690453613462 -27.780252779256305
555.7291666666666 -25.84251321567727 -27.7803670464558
556.2291666666666 -25.841330862991096 -27.78048428889669
556.7291666666666 -25.840124290631373 -27.78059599417851
557.2291666666666 -25.838934030394643 -27.780705237522454
557.7291666666666 -25.837704009611258 -27.78081476337754
558.2291666666666 -25.836520197479345 -27.780914654917765
558.7291666666666 -25.835307114510346 -27.781017763395287
559.2291666666666 -25.834074925477584 -27.78111726468609
559.7291666666666 -25.832839089771728 -27.78121470040567
560.2291666666666 -25.831624736689275 -27.781314185131556
560.7291666666666 -25.83037391775858 -27.781405678914428
561.2291666666666 -25.82913575025416 -27.781489312759327
561.7291666666666 -25.827880113574913 -27.78158390660858
562.2291666666666 -25.826639987198142 -27.78167117267885
562.7291666666666 -25.825395558449827 -27.78175520787199
563.2291666666666 -25.82410972099956 -27.781835769224678
563.7291666666666 -25.822864789755524 -27.781923253183166
564.2291666666666 -25.821587731957244 -27.781995055004053
564.7291666666666 -25.820321651436835 -27.78207024144225
565.2291666666666 -25.819044426897992 -27.78214696681147
565.7291666666666 -25.817759499785502 -27.78221168229503
566.2291666666666 -25.816478043527376 -27.782284660316755
566.7291666666666 -25.815187822137744 -27.782356344257764
567.2291666666666 -25.813877966226283 -27.7824217052944
567.7291666666666 -25.812610400256013 -27.782481830943997
568.2291666666666 -25.81129677751607 -27.782540210355087
568.7291666666666 -25.81001358548295 -27.782598308360097
569.2291666666666 -25.808687634057904 -27.78266125306095
569.7291666666666 -25.807389793937286 -27.78272007229202
570.2291666666666 -25.80607351694987 -27.782773253222203
570.7291666666666 -25.804764667921983 -27.782819431516348
571.2291666666666 -25.803446382730456 -27.78287454571194
571.7291666666666 -25.802111032481232 -27.782923410776988
572.2291666666666 -25.80079945692549 -27.782973163978568
572.7291666666666 -25.79949425707881 -27.783014793089738
573.2291666666666 -25.798139299262996 -27.7830557137722
573.7291666666666 -25.79681092239121 -27.783097676679827
574.2291666666666 -25.795483126245216 -27.783140929132173
574.7291666666666 -25.794142139741037 -27.783175416343152
575.2291666666666 -25.79280486826278 -27.783212171205932
575.7291666666666 -25.79146287617782 -27.78325068488504
576.2291666666666 -25.79012889599163 -27.783286022316883
576.7291666666666 -25.78878587321644 -27.783317374084188
577.2291666666666 -25.787444538948584 -27.783348932751988
577.7291666666666 -25.786102619480896 -27.783374874226816
578.2291666666666 -25.784748990927703 -27.78340102710112
578.7291666666666 -25.78341051722502 -27.78342294341767
579.2291666666666 -25.78206344958818 -27.78345528702403
579.7291666666666 -25.7807146557695 -27.783476100888194
580.2291666666666 -25.77936763073148 -27.783490611432626
580.7291666666666 -25.77801051944522 -27.783510381591377
581.2291666666666 -25.776648222104793 -27.783534056153254
581.7291666666666 -25.775290419802104 -27.78354756017501
582.2291666666666 -25.773942623896033 -27.783558379967936
582.7291666666666 -25.772576376117264 -27.783568600251623
583.2291666666666 -25.77121055569284 -27.78358435921291
583.7291666666666 -25.769822706321182 -27.78358874890827
584.2291666666666 -25.768439576394417 -27.783589937534664
584.7291666666666 -25.767045803628893 -27.783596280745133
585.2291666666666 -25.765655955823455 -27.7835939008395
585.7291666666666 -25.76425893025914 -27.78359850195363
586.2291666666666 -25.762839989515285 -27.7835882546102
586.7291666666666 -25.761435882376006 -27.783584294988998
587.2291666666666 -25.760023936277356 -27.783573798152812
587.7291666666666 -25.758601760957877 -27.783561091972004
588.2291666666666 -25.75717966287401 -27.78355083886243
588.7291666666666 -25.755758312108515 -27.783540167777577
589.2291666666666 -25.754323879801994 -27.78352825165943
589.7291666666666 -25.752887227192055 -27.783502834746386
590.2291666666666 -25.751451979777585 -27.78348031064845
590.7291666666666 -25.749993595125837 -27.78346128075491
591.2291666666666 -25.748549508800455 -27.783431439700273
591.7291666666666 -25.74708323709433 -27.783407656979186
592.2291666666666 -25.745629024600536 -27.78337629035425
592.7291666666666 -25.744167263451043 -27.783340574048168
593.2291666666666 -25.74270962586693 -27.783301523604727
593.7291666666666 -25.74121744798238 -27.783276472479592
594.2291666666666 -25.739742522000007 -27.783236245325096
594.7291666666666 -25.738277722700516 -27.78320160761673
595.2291666666666 -25.736793311176847 -27.78315646034839
595.7291666666666 -25.735299147629775 -27.783117614097897
596.2291666666666 -25.73379805425025 -27.783066625072838
596.7291666666666 -25.732326151650156 -27.783030088066983
597.2291666666666 -25.730825334400134 -27.782980923803237
597.7291666666666 -25.72931143469428 -27.78292708671538
598.2291666666666 -25.727814894576305 -27.78288044559217
598.7291666666666 -25.726300689587518 -27.78282249893486
599.2291666666666 -25.724790225409855 -27.782761273653435
599.7291666666666 -25.723284865460943 -27.782708381757026
600.2291666666666 -25.721755625442896 -27.782648462297345
600.7291666666666 -25.72022988727015 -27.782589947302917
601.2291666666666 -25.718707346211247 -27.78252854341529
601.7291666666666 -25.717184184926047 -27.78245896975492
602.2291666666666 -25.715653782744987 -27.78238986693907
602.7291666666666 -25.71413316977964 -27.782329549291553
603.2291666666666 -25.712588365686877 -27.782268185572892
603.7291666666666 -25.711073036617872 -27.78218652147273
604.2291666666666 -25.709520407853326 -27.7821171531442
604.7291666666666 -25.708006212952732 -27.78204589554944
605.2291666666666 -25.70642331239709 -27.781973868683295
605.7291666666666 -25.70489869692976 -27.78189702625025
606.2291666666666 -25.70335406506078 -27.781809971220714
606.7291666666666 -25.70180917359822 -27.78174210563179
607.2291666666666 -25.70026733067983 -27.78166079303572
607.7291666666666 -25.698697169764714 -27.781573918566593
608.2291666666666 -25.697139518925955 -27.7814875398234
608.7291666666666 -25.6955999317183 -27.781402087270042
609.2291666666666 -25.69404145899523 -27.781314906729563
609.7291666666666 -25.692476600547224 -27.7812278887566
610.2291666666666 -25.69093108149586 -27.781140870787155
610.7291666666666 -25.689352808545888 -27.781053005394337
611.2291666666666 -25.687809161794696 -27.780955012657763
611.7291666666666 -25.68624788681005 -27.78086753642645
612.2291666666666 -25.684687869513066 -27.780766654691583
612.7291666666666 -25.683112838892768 -27.780682671189
613.2291666666666 -25.681550483008657 -27.780574245893106
613.7291666666666 -25.67998227887864 -27.780479582597422
614.2291666666666 -25.678417707393642 -27.780378633323974
614.7291666666666 -25.676864557222462 -27.780275430894687
615.2291666666666 -25.67528214452164 -27.780174045525815
615.7291666666666 -25.673734718777318 -27.78007451552853
616.2291666666666 -25.672151258230386 -27.77997303611619
616.7291666666666 -25.670602408863946 -27.779861780508924
617.2291666666666 -25.669038242993455 -27.779757501772583
617.7291666666666 -25.667465796090102 -27.779646901967745
618.2291666666666 -25.665899034276137 -27.779543407084674
618.7291666666666 -25.66435213979215 -27.779433991992324
619.2291666666666 -25.662763679455814 -27.779321916921198
619.7291666666666 -25.661198173093744 -27.77920678881751
620.2291666666666 -25.65964957473945 -27.779095084071788
620.7291666666666 -25.65807107114363 -27.778978393191277
621.2291666666666 -25.656521291555343 -27.778863515465773
621.7291666666666 -25.65492075318438 -27.778746692109046
622.2291666666666 -25.653369672334527 -27.77862559977276
622.7291666666666 -25.651797093014896 -27.778509106909173
623.2291666666666 -25.65021574310412 -27.778383700041193
623.7291666666666 -25.6486356861148 -27.77825831203132
624.2291666666666 -25.647064241272925 -27.77812987371279
624.7291666666666 -25.645468934880586 -27.77800291662771
625.2291666666666 -25.64388418259184 -27.77788036312799
625.7291666666666 -25.64229987039056 -27.777743651268434
626.2291666666666 -25.640710809064878 -27.777619644078804
626.7291666666666 -25.63913312890374 -27.777485573466638
627.2291666666666 -25.637520463145982 -27.777343996271647
627.7291666666666 -25.635936603413718 -27.777211417250626
628.2291666666666 -25.63432575063558 -27.77707212503655
628.7291666666666 -25.632748701076636 -27.776935650067415
629.2291666666666 -25.631133797246935 -27.776792469294517
629.7291666666666 -25.62953180411235 -27.776649442148535
630.2291666666666 -25.627914562066554 -27.776504732761836
630.7291666666666 -25.62631570596293 -27.776360739660326
631.2291666666666 -25.62471367229986 -27.776212005486883
631.7291666666666 -25.623114469452126 -27.77606406298389
632.2291666666666 -25.621497191761854 -27.775916422487484
632.7291666666666 -25.61988007430338 -27.7757657355132
633.2291666666666 -25.618251103716112 -27.775603209988745
633.7291666666666 -25.616651004032676 -27.775453594486553
634.2291666666666 -25.61503170757276 -27.775296480051708
634.7291666666666 -25.613399392772592 -27.775140653468092
635.2291666666666 -25.61178250367015 -27.77498665064817
635.7291666666666 -25.610168599533495 -27.774818740413956
636.2291666666666 -25.60853337464019 -27.774658852373122
636.7291666666666 -25.606908407885776 -27.77449702433371
637.2291666666666 -25.605287277354766 -27.77433290122169
637.7291666666666 -25.603634002350045 -27.774166366883502
638.2291666666666 -25.60198561989847 -27.773992236942128
638.7291666666666 -25.60036954724712 -27.773830089497654
639.2291666666666 -25.598725432991216 -27.77366068184417
639.7291666666666 -25.597090388056486 -27.773487370129164
640.2291666666666 -25.595424542170846 -27.773315558602224
640.7291666666666 -25.593793500491007 -27.773146684567
641.2291666666666 -25.592153383733134 -27.772960460360192
641.7291666666666 -25.59051033334912 -27.77279334965758
642.2291666666666 -25.588869265797513 -27.7726105383495
642.7291666666666 -25.58720384930914 -27.77243075551889
643.2291666666666 -25.58555288573402 -27.772241751251524
643.7291666666666 -25.583903562578655 -27.772064083374055
644.2291666666666 -25.58224782966295 -27.771879144535497
644.7291666666666 -25.580579455180512 -27.77168575244502
645.2291666666666 -25.578931041076707 -27.77150357360454
645.7291666666666 -25.5772637717076 -27.771319279019156
646.2291666666666 -25.575586814296717 -27.771124801641793
646.7291666666666 -25.573944746918972 -27.770926439264958
647.2291666666666 -25.572274549123847 -27.770737659947414
647.7291666666666 -25.570608570373608 -27.770540561109303
648.2291666666666 -25.56894059570017 -27.770350454184705
648.7291666666666 -25.567258312303252 -27.770150008333307
649.2291666666666 -25.56558521739472 -27.769954131130472
649.7291666666666 -25.563910431637584 -27.769756348672296
650.2291666666666 -25.56221813390859 -27.76955316309691
650.7291666666666 -25.56055202503694 -27.769354272382557
651.2291666666666 -25.558865284183724 -27.76914546472902
651.7291666666666 -25.557185885840788 -27.7689389641958
652.2291666666666 -25.555490888909688 -27.76873248799829
652.7291666666666 -25.55379942338568 -27.768528566974176
653.2291666666666 -25.55212046148238 -27.768312338331718
653.7291666666666 -25.55042597954597 -27.768105800362793
654.2291666666666 -25.54873598040572 -27.767890413181426
654.7291666666666 -25.547052944082797 -27.767679228557306
655.2291666666666 -25.545344006403393 -27.767462656191185
655.7291666666666 -25.543654695576183 -27.767248258687836
656.2291666666666 -25.54195178097803 -27.76702683416722
656.7291666666666 -25.54024292634006 -27.766811802426467
657.2291666666666 -25.53855270638609 -27.766595556642933
657.7291666666666 -25.53686089448663 -27.766368250042635
658.2291666666666 -25.535134224029726 -27.766144448945667
658.7291666666666 -25.533440440663355 -27.765924850636125
659.2291666666666 -25.531723874647806 -27.765697339212974
659.7291666666666 -25.530017041821424 -27.765474688539626
660.2291666666666 -25.52829223085172 -27.765238305640374
660.7291666666666 -25.526574009601966 -27.765015272685666
661.2291666666666 -25.52486874154106 -27.764780696365342
661.7291666666666 -25.523134812455854 -27.764546515054306
662.2291666666666 -25.521420152476043 -27.764310400458267
662.7291666666666 -25.519693263313094 -27.764072731070513
663.2291666666666 -25.517976982751208 -27.763831706821122
663.7291666666666 -25.5162535308133 -27.76359596901194
664.2291666666666 -25.514497887643692 -27.763357725945692
664.7291666666666 -25.51276376689842 -27.763110661322848
665.2291666666666 -25.511037381541286 -27.76287479323313
665.7291666666666 -25.50930996505473 -27.762620048874716
666.2291666666666 -25.507564673007458 -27.76237488912768
666.7291666666666 -25.505815866534398 -27.762128580504356
667.2291666666666 -25.50407228305458 -27.761882732019675
667.7291666666666 -25.502321196612687 -27.761626235065116
668.2291666666666 -25.50057217977042 -27.761371712586083
668.7291666666666 -25.498829666455663 -27.76111773804898
669.2291666666666 -25.497083088493998 -27.760864152333433
669.7291666666666 -25.495330056037183 -27.760596946857092
670.2291666666666 -25.493558686514394 -27.760337750301932
670.7291666666666 -25.491795484314522 -27.760088397420418
671.2291666666666 -25.490047201764533 -27.759821892706277
671.7291666666666 -25.48828027912421 -27.759551568911238
672.2291666666666 -25.486524453621534 -27.759290964003537
672.7291666666666 -25.484757330892904 -27.75902531904603
673.2291666666666 -25.482971258583056 -27.758755231713877
673.7291666666666 -25.481212191811867 -27.758490688446344
674.2291666666666 -25.479448122026316 -27.75821684525603
674.7291666666666 -25.477667185909432 -27.757946216867605
675.2291666666666 -25.475899850527068 -27.757676793123647
