FastTrWP/PhaseSpace/IAs/snIa_0.67_30.00_0.46_0.11.csv
# %ECSV 0.9
# ---
# datatype:
# - {name: time-rel, datatype: float64}
# - {name: g, datatype: float64}
# - {name: i, datatype: float64}
# schema: astropy-2.0
time-rel g i
[from data line 1076]
119.0 24.51369660608276 22.201704524371593
119.5 24.514788837319628 22.201646740666426
120.0 24.51587376941749 22.201586085286742
120.5 24.51699333269195 22.201535737577963
121.0 24.51813258159456 22.20147954797499
121.5 24.51924826620205 22.20142681595928
122.0 24.520399789624086 22.201377126574386
122.5 24.521515141308633 22.201329915645754
123.0 24.5226628676957 22.201280213376158
123.5 24.523821973198526 22.201244790044562
124.0 24.524985894594863 22.201199309544965
124.5 24.526139287918127 22.201155322014134
125.0 24.527322353551966 22.201123433936367
125.5 24.528485317107588 22.201086009609053
126.0 24.529673731721054 22.201045028453525
126.5 24.530871739607626 22.201016850420636
127.0 24.532036417259672 22.2009910406113
127.5 24.533241265956633 22.200961654465424
128.0 24.534443528066703 22.20093486322312
128.5 24.535667228421815 22.20091174710626
129.0 24.536876762344562 22.200885539025382
129.5 24.53809362409622 22.200868886534167
130.0 24.539311566264036 22.200857867905857
130.5 24.540534139565864 22.20083532032288
131.0 24.541771528707713 22.200819401854346
131.5 24.543013861749174 22.200808281284033
132.0 24.54425496066247 22.20080663962399
132.5 24.545494677504397 22.20078285835371
133.0 24.546758008527032 22.20078407420701
133.5 24.547997949838546 22.200776000344913
134.0 24.549263366012198 22.20077438183985
134.5 24.550526014939177 22.200779449711664
135.0 24.551782567512532 22.200772388251373
135.5 24.55304451410211 22.200778506866264
136.0 24.554335065354657 22.200785093123866
136.5 24.555598181850886 22.200788284350686
137.0 24.556861535583323 22.200792186077997
137.5 24.558143254378244 22.200806813804114
138.0 24.559446461178748 22.200813966624597
138.5 24.560714799967496 22.200831359993774
139.0 24.562017549901974 22.200843660053863
139.5 24.563309321020835 22.200863491773866
140.0 24.564589308916553 22.20087886370373
140.5 24.56590081061876 22.20090431989259
141.0 24.567201411008877 22.200919261288963
141.5 24.568496394974296 22.200945713357562
142.0 24.569817478443348 22.200970954970188
142.5 24.57111721882483 22.200994806486378
143.0 24.572404395569958 22.201029790263807
143.5 24.573725865089724 22.201058042626762
144.0 24.57503955451756 22.201087119370904
144.5 24.57635276972242 22.201121599870458
145.0 24.57764247216149 22.2011567352145
145.5 24.578961058458635 22.201197506584897
146.0 24.58028813410082 22.201232595189367
146.5 24.58158682280772 22.201278771342135
147.0 24.58292450751655 22.20131362203347
147.5 24.58422503018186 22.201361030495388
148.0 24.585549321614295 22.20140841613253
148.5 24.5868712577262 22.201455898756706
149.0 24.588212179188268 22.201499070444658
149.5 24.589511058109093 22.20155770995302
150.0 24.590836030671856 22.201601316532873
150.5 24.592139576020568 22.201658865311806
151.0 24.593453062426516 22.201715067104427
151.5 24.59477958467865 22.201763955503523
152.0 24.596106329984405 22.201830457478376
152.5 24.59745223001054 22.20188861045927
153.0 24.59878154728687 22.201947649368215
153.5 24.600116870032863 22.20202134339171
154.0 24.601470412200964 22.202082628140797
154.5 24.602816728974496 22.202162826148314
155.0 24.60418269859579 22.20221843148234
155.5 24.60553472518449 22.202292596794774
156.0 24.606917796157912 22.202363439214228
156.5 24.608273302572513 22.202445915112555
157.0 24.609664008503856 22.202525639988583
157.5 24.61103704219418 22.20260442146295
158.0 24.612439123485803 22.202691041398563
158.5 24.61382430308528 22.202770176712697
159.0 24.61520933652138 22.202860086199614
159.5 24.616623705115373 22.202944772025912
160.0 24.618018065657026 22.203038432137387
160.5 24.619452377758737 22.20313195383543
161.0 24.6208521719472 22.203220798351598
161.5 24.622255124631458 22.20331776108234
162.0 24.623672301180658 22.203417255369015
162.5 24.625097589564156 22.203515194325234
163.0 24.62654132455 22.203615218501568
163.5 24.627954244652486 22.20371513745665
164.0 24.62939754825213 22.203820929236514
164.5 24.630820579206723 22.203934477978823
165.0 24.632296120097198 22.204040762495772
165.5 24.633726925963792 22.204148888166518
166.0 24.63517062158892 22.204261531419426
166.5 24.636620244116344 22.20437493238762
167.0 24.638083408967976 22.204492267262673
167.5 24.63952188532554 22.2046036119233
168.0 24.64100272853939 22.204722710475334
168.5 24.6424592209376 22.204846892791142
169.0 24.643935525817295 22.20497267402159
169.5 24.64537490791375 22.205093595297242
170.0 24.646873310981753 22.205221936634914
170.5 24.64833081583643 22.20534507253099
171.0 24.649808677950546 22.205472014846453
171.5 24.6512988939075 22.205603881472502
172.0 24.652771627669313 22.205737160692678
172.5 24.654260815986532 22.205875436707153
173.0 24.655756250697493 22.20601222290278
173.5 24.657232191928266 22.206148470202827
174.0 24.65873252654397 22.20628988776978
174.5 24.660194919882162 22.20643088919557
175.0 24.661691552521837 22.206568675521645
175.5 24.6631808533811 22.206712695371355
176.0 24.66469374087845 22.206855650047117
176.5 24.66617973455097 22.20700774780233
177.0 24.667677402152183 22.20715910604651
177.5 24.669170943781957 22.207307283678574
178.0 24.67068672734285 22.207458484385967
178.5 24.672168443637798 22.207614201312907
179.0 24.67366643359082 22.207773599848313
179.5 24.67518582877444 22.20792075204862
180.0 24.676670191624325 22.208086351651893
180.5 24.678170026767564 22.208244378617028
181.0 24.679663243442377 22.20840696390796
181.5 24.681173365457788 22.208569290401243
182.0 24.682669477623786 22.20873612596487
182.5 24.684166619387405 22.208901832257894
183.0 24.685687974429946 22.209062768008568
183.5 24.687176856330566 22.20923642042085
184.0 24.68867645948365 22.209404806778522
184.5 24.69016931014196 22.20957660478379
185.0 24.691659133530763 22.20975262988678
185.5 24.69317395033681 22.20992872314968
186.0 24.694673743001864 22.210098950266477
186.5 24.696184151287966 22.210284218400552
187.0 24.697676017808725 22.210458421588942
187.5 24.699169016793256 22.210636501533546
188.0 24.70066341241697 22.210823045234328
188.5 24.702163325253895 22.211002515542887
189.0 24.703648881168636 22.21118941063033
189.5 24.705157671984136 22.211375864670423
190.0 24.706625785390138 22.2115619223619
190.5 24.708127593500503 22.211754110470032
191.0 24.709607558031706 22.21194063539968
191.5 24.711091507431355 22.21213369934658
192.0 24.712565674708166 22.21233298797769
192.5 24.71404774863711 22.212527022682483
193.0 24.71554256477555 22.21271481807768
193.5 24.717047331612907 22.212919242476428
194.0 24.718520022789786 22.213121423561525
194.5 24.720008964292546 22.213323094123236
195.0 24.721487515860886 22.21352374677931
195.5 24.722996151347786 22.213731857961182
196.0 24.724478428648563 22.2139323667273
196.5 24.72596963375668 22.21414586337367
197.0 24.727467909903957 22.214349458624007
197.5 24.72895732107044 22.21456746006087
198.0 24.730454501582514 22.214776991423197
198.5 24.731940365972903 22.21499474216076
199.0 24.733438766472432 22.215214721779688
199.4999999999999 24.734926388019588 22.215423529168095
200.0 24.7364286319942 22.21564663545001
200.5 24.737946029213393 22.215872213681248
200.9999999999999 24.73944317777445 22.21609569283064
201.5 24.74092723190292 22.216319535674252
202.0 24.742449326514464 22.216548356625744
202.4999999999999 24.743929681700912 22.216773579253505
203.0 24.745431927833717 22.217006471512875
203.5 24.74694624542373 22.217235949266673
203.9999999999999 24.748455394226546 22.217470575748987
204.5 24.749958668134354 22.21770759009285
205.0 24.751456038729675 22.21794328780286
205.4999999999999 24.752959441861616 22.218177111795224
206.0 24.754478975712992 22.21841862855387
206.5 24.755989691467917 22.218658266253573
206.9999999999999 24.75749601904657 22.21890010129432
207.5 24.7590235789444 22.21914996690022
208.0 24.760504893505036 22.219397169225378
208.4999999999999 24.762034525774364 22.219645133438107
209.0 24.763550868934338 22.219888775625346
209.5 24.76506667683101 22.220147446139965
209.9999999999999 24.766555554381835 22.220398715682986
210.5 24.768082140076935 22.22064334019825
211.0 24.76960557835565 22.220905191290793
211.4999999999999 24.771118336419647 22.221162352672145
212.0 24.772622180932697 22.22141753897507
212.5 24.77415083920001 22.22168479735657
212.9999999999999 24.77566250726629 22.221945000467898
213.5 24.77720123127145 22.222205488893255
214.0 24.778716796639834 22.222471494627477
214.4999999999999 24.780237659614638 22.222738891932494
215.0 24.78173461723262 22.22300262171617
215.5 24.783274476190872 22.223276343288696
215.9999999999999 24.784809024436186 22.22354720933832
216.5 24.78631837477161 22.223824119191413
217.0 24.787842341203337 22.224100014993947
217.4999999999999 24.789370399795047 22.22436934494307
218.0 24.790886479753595 22.224648265181358
218.5 24.79240045112676 22.224927235565552
218.9999999999999 24.79395507928048 22.22520497279494
219.5 24.795462484406904 22.225483373210263
220.0 24.79701089358093 22.225768520273444
220.4999999999999 24.798537969796538 22.22605488692637
221.0 24.800053323999602 22.226343175411827
221.5 24.801607042554622 22.2266284432323
221.9999999999999 24.803123660207888 22.226918989626125
222.5 24.804653787177543 22.22721375376834
223.0 24.80617374520086 22.227507133149274
223.4999999999999 24.807707856812197 22.227791843446752
224.0 24.809247425065372 22.228096790277387
224.5 24.810776688142404 22.228396875647285
224.9999999999999 24.812315119064845 22.22868552181454
225.5 24.813847076919853 22.228987606883685
226.0 24.815381244566343 22.22929174530059
226.4999999999999 24.816926997212928 22.22959520242146
227.0 24.81847197067404 22.229898225188293
227.5 24.819994286291415 22.230202343947788
227.9999999999999 24.82151966788344 22.23050404128026
228.5 24.823066634556035 22.23081843667803
229.0 24.82459616193502 22.231123986816762
229.4999999999999 24.826145587807854 22.231441396044985
230.0 24.827684348932237 22.231753784676805
230.5 24.829225782633703 22.2320726570021
230.9999999999999 24.830775215799946 22.232386277500275
231.5 24.832305799558142 22.232702197514588
232.0 24.833837865956482 22.233018224615705
232.4999999999999 24.835394986052755 22.233338775578183
233.0 24.836957469833646 22.23366687920215
233.5 24.838477972834895 22.233989804201695
233.9999999999999 24.840019595440822 22.234313382931052
234.5 24.841556231746456 22.23464335108901
235.0 24.843099987257308 22.23497462352362
235.4999999999999 24.84465630483445 22.235299104244323
236.0 24.846202263193224 22.235638682879213
236.5 24.84775122870034 22.235967663092513
236.9999999999999 24.84930960413346 22.236304281405882
237.5 24.850869073912097 22.23664556643863
238.0 24.852386989037246 22.236986519587553
238.4999999999999 24.85394624686208 22.237321960215674
239.0 24.855515831786548 22.23766731603469
239.5 24.857049266546774 22.238015927511658
239.9999999999999 24.858605044043717 22.238355524472546
240.5 24.860165707511143 22.23870515075962
241.0 24.861705011667368 22.239058658889327
241.4999999999999 24.863252882937267 22.239409895853612
242.0 24.86481967181531 22.2397633585317
242.5 24.866365755487084 22.240117893105108
242.9999999999999 24.86791648273906 22.240467281462553
243.5 24.86949133447773 22.24083405058407
244.0 24.871032613099594 22.241188530325008
244.4999999999999 24.8725997835965 22.24155007188071
245.0 24.874139618243866 22.241909593572355
245.5 24.87571641370312 22.242277811939463
245.9999999999999 24.87727465474623 22.242636936799833
246.5 24.87884127314041 22.243010321892307
247.0 24.880392942434447 22.243376254569437
247.4999999999999 24.881966581919993 22.2437483403356
248.0 24.88352768801444 22.24412362085694
248.5 24.885098400891586 22.24449523152377
248.9999999999999 24.886660060723113 22.244868394235738
249.5 24.888199184291796 22.245253319425565
250.0 24.889771615122722 22.245622281765055
250.4999999999999 24.891328586720075 22.246005282932828
251.0 24.892914975514238 22.246383643878154
251.5 24.894477299201768 22.246772715787774
251.9999999999999 24.89605727469653 22.247152957058354
252.5 24.89762106022576 22.24753698901409
253.0 24.899178019201326 22.247928725474857
253.4999999999999 24.900748373269455 22.248315740071327
254.0 24.902314107660697 22.248706681815527
254.5 24.90389413378384 22.249093165572
254.9999999999999 24.905458529175924 22.249492948379867
255.5 24.90703157798333 22.249885687752165
256.0 24.90859985092719 22.250287141364584
256.4999999999999 24.910175338861183 22.250684971426374
257.0 24.911755639593267 22.251078031091893
257.5 24.91332523707985 22.251482884734987
257.9999999999999 24.914911234704952 22.251878819801817
258.5 24.916483671438883 22.252288436873858
259.0 24.91803536568103 22.252687153578435
259.4999999999999 24.919619305930823 22.253101961259514
260.0 24.921199541924825 22.25350103722429
260.5 24.92278181338201 22.25391765613622
260.9999999999999 24.924339993332104 22.254323600155246
261.5 24.925910835449116 22.25473428136793
262.0 24.9275173684901 22.255150899106752
262.4999999999999 24.92907807139379 22.255568920522165
263.0 24.930685379599844 22.25597782542359
263.5 24.93224343278643 22.25640520722806
263.9999999999999 24.933817453954696 22.256821708339125
264.5 24.935390035961266 22.25723734154695
265.0 24.936988375377176 22.257663227226367
265.4999999999999 24.938559542299018 22.258081202512944
266.0 24.940157983699653 22.258510113658247
266.5 24.94172830716407 22.258934919718378
266.9999999999999 24.943327697349332 22.259361809920723
267.5 24.944899204771783 22.25978661252984
268.0 24.946487219425762 22.2602164425194
268.4999999999999 24.948084374904486 22.26064934294758
269.0 24.949646940598583 22.26107561114281
269.5 24.95124041900435 22.261518314976286
269.9999999999999 24.952820302244398 22.261951463498054
270.5 24.95441561302742 22.26238641395595
271.0 24.956013023145868 22.26282681087048
271.4999999999999 24.9575972094432 22.263262649258884
272.0 24.959181412893944 22.263702447861846
272.5 24.96077114953414 22.264146858051998
272.9999999999999 24.962361617651766 22.26459080606089
273.5 24.96395764971613 22.26503528117467
274.0 24.965538965201088 22.265489149911208
274.4999999999999 24.9671197020076 22.26593396429704
275.0 24.96872030549982 22.266386573539517
275.5 24.970323309510086 22.26684494103994
275.9999999999999 24.9719176065987 22.267299788071583
276.5 24.973506437735054 22.26775943189514
277.0 24.975071129365737 22.268220598474166
277.4999999999999 24.976689588724156 22.26868308492325
278.0 24.97829166854899 22.26913616853888
278.5 24.97987329693168 22.269608414977142
278.9999999999999 24.98148527435704 22.27007237816644
279.5 24.98308653860368 22.270548042669578
280.0 24.984673564176685 22.271015858731236
280.4999999999999 24.98625159843285 22.27149400304409
281.0 24.987865207887783 22.271960535078147
281.5 24.98943206765983 22.272434923821862
281.9999999999999 24.991042239132824 22.272913800373637
282.5 24.992655407521752 22.273393506784906
283.0 24.994237828135848 22.273877465556016
283.4999999999999 24.99584676270837 22.274358067372596
284.0 24.99742512150693 22.274846143700195
284.5 24.999041998594635 22.275331873116464
284.9999999999999 25.000645240101683 22.275820237695974
285.5 25.002241814479518 22.276304749753578
286.0 25.00384336041979 22.27679832078501
286.4999999999999 25.005452868151743 22.277287226716656
287.0 25.00707316048858 22.277775012721776
287.5 25.008661808649904 22.278271212009862
287.9999999999999 25.010281754816617 22.278767635932727
288.5 25.011872580736444 22.279263748248503
289.0 25.013467654294708 22.279765599947908
289.4999999999999 25.01508899625179 22.280266775739186
290.0 25.016687879937642 22.28077290012642
290.5 25.018293413878595 22.281270236692038
290.9999999999999 25.01986810094998 22.2817795422621
291.5 25.021493981120134 22.282287420306098
292.0 25.02309498627618 22.282791396120057
292.4999999999999 25.024706062662446 22.283300389783335
293.0 25.026310637982125 22.283812020427582
293.5 25.027935790321308 22.28431609779836
293.9999999999999 25.029542575049607 22.28482686931281
