FastTrWP/PhaseSpace/IAs/snIa_0.57_30.00_-1.03_-0.05.csv
# %ECSV 0.9
# ---
# datatype:
# - {name: time-rel, datatype: float64}
# - {name: g, datatype: float64}
# - {name: i, datatype: float64}
# schema: astropy-2.0
time-rel g i
[from data line 288]
333.0833333333333 24.459135862887905 23.500332434719308
333.5833333333333 24.45387730143571 23.496694856381275
334.0833333333333 24.44860848958629 23.493034701839086
334.5833333333333 24.4433663624713 23.489416588509485
335.0833333333333 24.438139154783208 23.4857839942941
335.5833333333333 24.432906465071376 23.48216969687888
336.0833333333333 24.427685025356304 23.478560666488622
336.5833333333333 24.422494631746314 23.474952695621223
337.0833333333333 24.417302726965463 23.471346658750313
337.5833333333333 24.412115053140862 23.467756299993496
338.0833333333333 24.406955364844727 23.464161980470273
338.5833333333333 24.401799928770135 23.46057245865228
339.0833333333333 24.396650784193874 23.456994744191736
339.5833333333333 24.391515948958144 23.45342396467855
340.0833333333333 24.38639118312065 23.4498528999943
340.5833333333333 24.3812863535782 23.44627769202564
341.0833333333333 24.376187531098815 23.442723198397907
341.5833333333333 24.371096317708062 23.43916829422423
342.0833333333333 24.366013593626725 23.435614470405955
342.5833333333333 24.36096013844177 23.43207714495481
343.0833333333333 24.35590147872789 23.428530897712076
343.5833333333333 24.350829843889287 23.424997105459827
344.0833333333333 24.345810589666726 23.421473813350502
344.5833333333333 24.34079773852245 23.41794360722163
345.0833333333333 24.335775522531236 23.41441871123714
345.5833333333333 24.33076625045445 23.41090781654939
346.0833333333333 24.325786655640343 23.407400296261734
346.5833333333333 24.320796348343215 23.403900338074685
347.0833333333333 24.315815190378963 23.400397483899713
347.5833333333333 24.3108511849288 23.396902167429996
348.0833333333333 24.30590355423596 23.39341101589758
348.5833333333333 24.30097074222867 23.389922257854376
349.0833333333333 24.29601830476877 23.38644084626484
349.5833333333333 24.291123373645274 23.38296625009589
350.0833333333333 24.2862056149759 23.379484056599807
350.5833333333333 24.28129593753191 23.376016707735083
351.0833333333333 24.276385333222308 23.372553864194128
351.5833333333333 24.27152015690599 23.36909714550829
352.0833333333333 24.266649522687867 23.3656430863649
352.5833333333333 24.26178540845242 23.36220072176811
353.0833333333333 24.25693547860675 23.35874668507236
353.5833333333333 24.252098454977077 23.355303346089094
354.0833333333333 24.24726581524935 23.35186227530788
354.5833333333333 24.24244672005061 23.348439068814073
355.0833333333333 24.237591948548975 23.345013238531482
355.5833333333333 24.23281495146623 23.341587170396746
356.0833333333333 24.228026556368473 23.33816923561962
356.5833333333333 24.22323279902557 23.33475610448342
357.0833333333333 24.21845093868704 23.331341939921163
357.5833333333333 24.213680740578152 23.327935085352873
358.0833333333333 24.208925230374795 23.324538035531713
358.5833333333333 24.204179043067583 23.321134820359518
359.0833333333333 24.199393825370965 23.317725262227643
359.5833333333333 24.19461525664678 23.314321511958944
360.0833333333333 24.18984540633859 23.31091223126903
360.5833333333333 24.185038093814253 23.307502113768024
361.0833333333333 24.18025961810569 23.30409792204167
361.58333333333326 24.17547372641937 23.30069427159227
362.0833333333333 24.1706797456953 23.297288874253436
362.5833333333333 24.165873076446147 23.29387434490229
363.08333333333326 24.16107286306895 23.290464414771893
363.5833333333333 24.156286622830343 23.28707641366603
364.0833333333333 24.151488097134255 23.28365668602812
364.58333333333326 24.146690361382372 23.28026016765485
365.0833333333333 24.141911471547218 23.27685317661128
365.5833333333333 24.137105843093845 23.273450540069746
366.08333333333326 24.132329724168326 23.27006219074098
366.5833333333333 24.1275315926406 23.26666212424883
367.0833333333333 24.122756538754338 23.26326879785867
367.58333333333326 24.118011174834656 23.25988301641859
368.0833333333333 24.113238756873795 23.256500041256665
368.5833333333333 24.108481186403374 23.253113856224587
369.08333333333326 24.10373349848516 23.24973520517371
369.5833333333333 24.09899691956189 23.24636428342221
370.0833333333333 24.094267293339694 23.24299789528981
370.58333333333326 24.0895409416638 23.239625555378062
371.0833333333333 24.084825721243025 23.23627160885578
371.5833333333333 24.080123970015464 23.232924185694014
372.08333333333326 24.075446985745444 23.22956444632236
372.5833333333333 24.07077334175071 23.22621964594478
373.0833333333333 24.066100469584065 23.22288089977882
373.58333333333326 24.06145193907589 23.219555692163944
374.0833333333333 24.0568193906407 23.21623197080632
374.5833333333333 24.052206801709787 23.212903882161342
375.08333333333326 24.047604735843485 23.209591717324724
375.5833333333333 24.042997889385155 23.20628177855646
376.0833333333333 24.03843474526404 23.20299595210031
376.58333333333326 24.03386984264451 23.199707891402127
377.0833333333333 24.0293356025346 23.196414759196536
377.5833333333333 24.024810151633243 23.193139214534764
378.08333333333326 24.020308582278595 23.189874019692667
378.5833333333333 24.015823438421265 23.186609664653602
379.0833333333333 24.0113592748167 23.183360867454326
379.58333333333326 24.006890504417505 23.18012113015344
380.0833333333333 24.002472920469657 23.17687674635305
380.5833333333333 23.998059356715377 23.173654437628603
381.08333333333326 23.99367904750718 23.17043805990351
381.5833333333333 23.9892991439015 23.16724288928558
382.0833333333333 23.98495452301313 23.16403211799225
382.58333333333326 23.980628602976463 23.160846878033944
383.0833333333333 23.976324912493073 23.15767141153101
383.5833333333333 23.972060034990005 23.154500044054203
384.08333333333326 23.96778928795543 23.15133993813539
384.5833333333333 23.963557761967152 23.148194637105863
385.0833333333333 23.959341916528942 23.145054740026744
385.58333333333326 23.955156255984484 23.141922495711192
386.0833333333333 23.95100530426955 23.13880263328066
386.5833333333333 23.946877425111254 23.135698554530336
387.08333333333326 23.94274663695009 23.13261035243023
387.5833333333333 23.938666904234964 23.12952404678464
388.0833333333333 23.93460706686024 23.126458332023144
388.58333333333326 23.93058126241794 23.12339544782852
389.0833333333333 23.92657377654696 23.12034656532567
389.5833333333333 23.92259227211012 23.11731012253155
390.08333333333326 23.91864638090953 23.11428232614402
390.5833333333333 23.914717064116818 23.11126729340907
391.0833333333333 23.910818262877708 23.10826967558308
391.58333333333326 23.90695554184445 23.105266738778973
392.0833333333333 23.90310784622766 23.102303372300618
392.5833333333333 23.899286573162712 23.099337545914643
393.08333333333326 23.895493024457316 23.096390580064067
393.5833333333333 23.89175471195481 23.093440215155333
394.0833333333333 23.88802841087188 23.090525841771075
394.58333333333326 23.88433030951346 23.087620824963196
395.0833333333333 23.88066054274976 23.0847175756465
395.5833333333333 23.877031150727777 23.081838815528744
396.08333333333326 23.87340949093739 23.07896366007236
396.5833333333333 23.86980389158097 23.076097523605824
397.0833333333333 23.866221773984357 23.07322984576625
397.58333333333326 23.86264826923737 23.070367886712596
398.0833333333333 23.859075187928088 23.06752148028998
398.5833333333333 23.85551153637111 23.064673640090817
399.08333333333326 23.85197072742674 23.06183461495867
399.5833333333333 23.848410636008754 23.05899777188759
400.0833333333333 23.844890006359766 23.05617545038537
400.58333333333326 23.84138225031418 23.053352672698434
401.0833333333333 23.83788073456975 23.050536720071612
401.5833333333333 23.834382873209456 23.047728668706927
402.08333333333326 23.83090698798627 23.04492565364511
402.5833333333333 23.827453146436053 23.042129087284195
403.0833333333333 23.823999097588615 23.039346755461327
403.58333333333326 23.820549186543754 23.03655285484372
404.0833333333333 23.817141793159596 23.03378972057432
404.5833333333333 23.813709500883764 23.031014187693252
405.08333333333326 23.810322223731912 23.028253254891254
405.5833333333333 23.80694111858903 23.025499931591465
406.0833333333333 23.803556787557763 23.02275038535308
406.58333333333326 23.800205880185263 23.020005468708177
407.0833333333333 23.796864828751197 23.017267781476633
407.5833333333333 23.793539503221087 23.0145353475333
408.08333333333326 23.79021832762406 23.011824327883602
408.5833333333333 23.78692808805365 23.009101269792037
409.0833333333333 23.78364207913699 23.006412300376727
409.58333333333326 23.780374541549698 23.0037134387555
410.0833333333333 23.77712178680663 23.00101704851069
410.5833333333333 23.773885033884348 22.998345677737966
411.08333333333326 23.77066251653242 22.99566300345527
411.5833333333333 23.767456539144245 22.992997563977532
412.0833333333333 23.76426682187144 22.990340414017304
412.58333333333326 23.76109492230777 22.987688438663824
413.0833333333333 23.757939253901796 22.98504249613221
413.5833333333333 23.754792303772984 22.98241094300545
414.08333333333326 23.75167198574829 22.97978043052946
414.5833333333333 23.748548415355863 22.97716489033409
415.0833333333333 23.745460053946307 22.974557343206033
415.58333333333326 23.742396607838504 22.971951927152286
416.0833333333333 23.73932843225246 22.96935883469578
416.5833333333333 23.73629304990262 22.966772835247212
417.08333333333326 23.733255601910578 22.964197448929294
417.5833333333333 23.73025536540449 22.96162339993824
418.0833333333333 23.727274756422894 22.959061172264047
418.58333333333326 23.724296581708877 22.95650899807146
419.0833333333333 23.72134386463525 22.953961206500026
419.5833333333333 23.71841398550982 22.951426082507357
420.08333333333326 23.715496293219402 22.94889908904244
420.5833333333333 23.71259098347032 22.946385355239336
421.0833333333333 23.70971045856116 22.943874210566054
421.58333333333326 23.706839665711904 22.94137905858985
422.0833333333333 23.70400771398609 22.93888046965847
422.5833333333333 23.70116672619322 22.93640492756397
423.08333333333326 23.69836342989663 22.933919347231118
423.5833333333333 23.695571057512016 22.93146141280411
424.0833333333333 23.692813808187353 22.929000518365626
424.58333333333326 23.690048540488284 22.92656305651153
425.0833333333333 23.687324358030043 22.924120181923993
425.5833333333333 23.684608030315143 22.921694677554704
426.08333333333326 23.681916416615707 22.919271269747064
426.5833333333333 23.679257545704452 22.916866411628174
427.0833333333333 23.676599165868634 22.914464987398766
427.58333333333326 23.673958571930243 22.912071842410853
428.0833333333333 23.67134633307242 22.90969594865466
428.5833333333333 23.66875075432876 22.907317217243325
429.08333333333326 23.66616927732079 22.90496092738604
429.5833333333333 23.663620198157595 22.9026045913055
430.0833333333333 23.661094277814527 22.900266164406666
430.58333333333326 23.658583510660325 22.897933240337387
431.0833333333333 23.65608982554718 22.89560392226996
431.5833333333333 23.65361749824755 22.893299197994867
432.08333333333326 23.65117136992764 22.89099232628381
432.5833333333333 23.648745280823018 22.888705763216613
433.0833333333333 23.64632458923749 22.88640801203803
433.58333333333326 23.643935103312977 22.884128589482785
434.0833333333333 23.641561686588695 22.881867474119517
434.5833333333333 23.639205318902935 22.879610895853038
435.08333333333326 23.636852235715434 22.877352113315673
435.5833333333333 23.63451812014273 22.875109635651505
436.0833333333333 23.63219977941048 22.872873282141253
436.58333333333326 23.629890899246085 22.870631019911368
437.0833333333333 23.627604477869035 22.868415255867113
437.5833333333333 23.625321132088185 22.86619993765823
438.08333333333326 23.623078480332968 22.863983780280908
438.5833333333333 23.620812470081816 22.861788084311442
439.0833333333333 23.6185893391739 22.85958842395977
439.58333333333326 23.61635889339894 22.857396567339883
440.0833333333333 23.614154490253526 22.85522322528674
440.5833333333333 23.61196088440014 22.853044091595645
441.08333333333326 23.60977093437377 22.8508780853064
441.5833333333333 23.60760490140047 22.84871576464824
442.0833333333333 23.605455018549804 22.84656063160492
442.58333333333326 23.603324245345874 22.844407113345454
443.0833333333333 23.601186220169154 22.842266257940103
443.5833333333333 23.599085644865472 22.84014955621835
444.08333333333326 23.596980633369515 22.83801405751721
444.5833333333333 23.594900068092425 22.835892383083802
445.0833333333333 23.592833224879165 22.83378830486996
445.58333333333326 23.59075311226696 22.83168197740853
446.0833333333333 23.58871924439791 22.829577005979637
446.5833333333333 23.58668668874845 22.827483658713735
447.08333333333326 23.584668247949306 22.8253997052863
447.5833333333333 23.58266911953509 22.82332335973692
448.0833333333333 23.58066643290991 22.821244559866823
448.58333333333326 23.578688917835294 22.819181206592496
449.0833333333333 23.576731238844687 22.81711861688754
449.5833333333333 23.574760547402104 22.81506968912465
450.08333333333326 23.572822686259947 22.813024277140638
450.5833333333333 23.570906836441544 22.81097860259464
451.0833333333333 23.568985158054012 22.808949821204273
451.58333333333326 23.567093336683165 22.806925560106773
452.0833333333333 23.56519440122522 22.804901638108696
452.5833333333333 23.563319851835946 22.802895367529853
453.08333333333326 23.561474743112978 22.800884337265096
453.5833333333333 23.559615366310233 22.798887564417694
454.0833333333333 23.557776950704934 22.796896884777368
454.58333333333326 23.55596101462274 22.79490167579889
455.0833333333333 23.554137415748183 22.792923091837412
455.5833333333333 23.552348509182522 22.7909530637487
456.08333333333326 23.55056644146835 22.78898018600968
456.5833333333333 23.548789353781807 22.787009192641996
457.0833333333333 23.547031775591122 22.785061635024718
457.58333333333326 23.54529217746923 22.783115510904377
458.0833333333333 23.54355871071313 22.78117849971074
458.5833333333333 23.54183077466447 22.779226800678757
459.08333333333326 23.540133219414265 22.777303381371766
459.5833333333333 23.538444633889803 22.775373189041904
460.0833333333333 23.53675122033344 22.773463101738383
460.58333333333326 23.5350776183158 22.771548579358804
461.0833333333333 23.533424255563045 22.76964672445546
461.5833333333333 23.531782236118165 22.767733687866198
462.08333333333326 23.53015563675698 22.765840224163483
462.5833333333333 23.528529866424822 22.763955332147276
463.0833333333333 23.52692597624165 22.762072233467055
463.58333333333326 23.525337569238868 22.760198941532085
464.0833333333333 23.52374871571037 22.758327392440194
464.5833333333333 23.522182707263127 22.756470211404025
465.08333333333326 23.520633554416573 22.75461080662768
465.5833333333333 23.519085379086437 22.752759249220166
466.0833333333333 23.517561683123812 22.750912390166835
466.58333333333326 23.516041772676726 22.749066534006673
467.0833333333333 23.514531878554234 22.747237003499684
467.5833333333333 23.513051719439805 22.74540830715872
468.08333333333326 23.511564528060276 22.74358029319897
468.5833333333333 23.510093413883304 22.741767135769905
469.0833333333333 23.50863906113748 22.739962041349298
469.58333333333326 23.507202187177615 22.738159570713833
470.0833333333333 23.505762137900163 22.73636209958406
470.5833333333333 23.50433913494744 22.734564612318948
471.08333333333326 23.50294417977397 22.732774834106465
471.5833333333333 23.50154966839994 22.730986510159493
472.0833333333333 23.500173207532352 22.729228249953884
472.58333333333326 23.498791689005728 22.72745359369816
473.0833333333333 23.497424851349315 22.72568389341386
473.5833333333333 23.496069892366723 22.72392326462608
474.08333333333326 23.494726422436475 22.7221666343436
474.5833333333333 23.493393694864192 22.720419688821888
475.0833333333333 23.492075327299737 22.718666676684713
475.58333333333326 23.490761047962305 22.716932884253794
476.0833333333333 23.489455565885184 22.71518970812219
476.5833333333333 23.48815649772765 22.7134605483019
