FastTrWP/PhaseSpace/IAs/snIa_0.64_30.00_-0.79_0.19.csv
# %ECSV 0.9
# ---
# datatype:
# - {name: time-rel, datatype: float64}
# - {name: g, datatype: float64}
# - {name: i, datatype: float64}
# schema: astropy-2.0
time-rel g i
[from data line 2018]
1211.2916666666667 26.899648371008414 22.947889822586205
1211.7916666666667 26.902562101644563 22.94920140171427
1212.2916666666667 26.90547736121999 22.950504847198133
1212.7916666666667 26.908384605815744 22.95180143449233
1213.2916666666667 26.91123144262892 22.953108974574743
1213.7916666666667 26.914206019644116 22.95441023173047
1214.2916666666667 26.91704591363102 22.955723165350047
1214.7916666666667 26.9199759928221 22.95702266754667
1215.2916666666667 26.922858915218313 22.958336437739526
1215.7916666666667 26.925837960041996 22.959634648313138
1216.2916666666667 26.9286266817343 22.96095116592454
1216.7916666666667 26.93150798892659 22.962266176257838
1217.2916666666667 26.934369766515488 22.963569678901315
1217.7916666666667 26.93722264466054 22.964874342323075
1218.2916666666667 26.94007796621793 22.966191845232732
1218.7916666666667 26.94298860311438 22.96750495130853
1219.2916666666667 26.94573887784586 22.96881469460365
1219.7916666666667 26.94866285292294 22.97012379383329
1220.2916666666667 26.95148731415614 22.971439014197422
1220.7916666666667 26.95429306712726 22.972756789679373
1221.2916666666667 26.957143585742813 22.974077827533925
1221.7916666666667 26.959884108110174 22.97538492242414
1222.2916666666667 26.962732966093625 22.976707780628985
1222.7916666666667 26.965517739630936 22.978028943105823
1223.2916666666667 26.968324814772128 22.979346863845564
1223.7916666666667 26.97115079706744 22.98066472530984
1224.2916666666667 26.97387908604348 22.981984875999288
1224.7916666666667 26.97662433254902 22.98330085856463
1225.2916666666667 26.979368013301546 22.984631790706118
1225.7916666666667 26.98213160402178 22.985940165511764
1226.2916666666667 26.98488454128926 22.987269030710973
1226.7916666666667 26.987602178823245 22.98859311028337
1227.2916666666667 26.99026780640888 22.989920068923606
1227.7916666666667 26.993014553900053 22.991241869481765
1228.2916666666667 26.99569717453052 22.99256928373206
1228.7916666666667 26.998420497999746 22.99389327268849
1363.7916666666667 26.999315285983045 23.371111546742167
1364.2916666666667 26.99734308388591 23.372547710829235
1364.7916666666667 26.99541069590132 23.37399420640208
1365.2916666666667 26.993561297466346 23.37544244554236
1365.7916666666667 26.991676956219585 23.37688153943182
1366.2916666666667 26.9897408543303 23.37832429007738
1366.7916666666667 26.987838253784552 23.379758924241436
1367.2916666666667 26.985839482512173 23.38119888937596
1367.7916666666667 26.98390176587022 23.382650820539148
1368.2916666666667 26.9819706258288 23.384079814413177
1368.7916666666667 26.979995015258183 23.385519623848964
1369.2916666666667 26.978060505977396 23.386962288621675
1369.7916666666667 26.97607527282684 23.3884025733595
1370.2916666666667 26.97411718928361 23.38985525408809
1370.7916666666667 26.972156429921675 23.391293714373475
1371.2916666666667 26.970126627670723 23.39273564441488
1371.7916666666667 26.968159837977097 23.394164359303794
1372.2916666666667 26.966139118602296 23.395607564761626
1372.7916666666667 26.964183352089005 23.39704397583592
1373.2916666666667 26.96223395749605 23.39850675263719
1373.7916666666667 26.960220055111776 23.399938507075312
1374.2916666666667 26.95827999676313 23.401391842451872
1374.7916666666667 26.9563056393592 23.40282036862376
1375.2916666666667 26.954353709056612 23.40426483075352
1375.7916666666667 26.952420118324728 23.405708175441184
1376.2916666666667 26.950456550829 23.407150369360302
1376.7916666666667 26.94845802487751 23.4085891927695
1377.2916666666667 26.946518847230557 23.41003980247838
1377.7916666666667 26.94452360116303 23.411478020402043
1378.2916666666667 26.942595468988365 23.412915805309243
1378.7916666666667 26.94066673438476 23.414359414415475
1379.2916666666667 26.938757559336793 23.41579477751546
1379.7916666666667 26.936850083139742 23.417235054328465
1380.2916666666667 26.93494265982352 23.418692596666453
1380.7916666666667 26.933036524288436 23.42011627842635
1381.2916666666667 26.931155791143098 23.421568133936486
1381.7916666666667 26.929370882915155 23.42301010617037
1382.2916666666667 26.927449552620672 23.42444874151187
1382.7916666666667 26.92558402620735 23.425892300575406
1383.2916666666667 26.923740420293342 23.427322224283536
1383.7916666666667 26.921962418385515 23.428768983487622
1384.2916666666667 26.920159657495766 23.430207066828256
1384.7916666666667 26.918365728909436 23.43164346049693
1385.2916666666667 26.916548805557223 23.433083114727285
1385.7916666666667 26.914804141653235 23.43452995611138
1386.2916666666667 26.913069223480413 23.435963604417765
1386.7916666666667 26.91133420317069 23.437398151262126
1387.2916666666667 26.909596630364796 23.43883877805517
1387.7916666666667 26.907869322950916 23.440277777020313
1388.2916666666667 26.906242243026405 23.441706664736707
1388.7916666666667 26.904560859689678 23.44314934518158
1389.2916666666667 26.90293606580921 23.444594627011814
1389.7916666666667 26.901294191408255 23.446016736014972
1390.2916666666667 26.8996964079707 23.447458292759592
1390.7916666666667 26.8980914605305 23.448885911392203
1391.2916666666667 26.8965755408332 23.45033018551309
1391.7916666666667 26.89501084473193 23.451757322556155
1392.2916666666667 26.893475711936148 23.453195291455742
1392.7916666666667 26.892007023514402 23.454633047535257
1393.2916666666667 26.89050794259046 23.456066719188478
1393.7916666666667 26.88909532349099 23.457497461877853
1394.2916666666667 26.887629001073673 23.458927748481226
1394.7916666666667 26.88622612635489 23.460354788343217
1395.2916666666667 26.884904545202293 23.461792179223686
1395.7916666666667 26.88351021416689 23.463224013771246
1396.2916666666667 26.882195937437466 23.46464031784089
1396.7916666666667 26.880937430403243 23.466060385481804
1397.2916666666667 26.87961739127899 23.46749538809626
1397.7916666666667 26.878408032808345 23.468939461366464
1398.2916666666667 26.877207743602195 23.470363817421212
1398.7916666666667 26.87604041656371 23.471781951445877
1399.2916666666667 26.874858358650748 23.473219342254417
1399.7916666666667 26.87379941443204 23.474639171414644
1400.2916666666667 26.87266454011498 23.47605900013474
1400.7916666666667 26.871639236559133 23.477486690289094
1401.2916666666667 26.870577806366192 23.478907453032228
1401.7916666666667 26.869584695997652 23.480329102915285
1402.2916666666667 26.868628289295692 23.48175229013868
1402.7916666666667 26.867688584080657 23.483168516256857
1403.2916666666667 26.866763367638292 23.484594022041723
1403.7916666666667 26.865965229347324 23.486009220599247
1404.2916666666667 26.865103763687973 23.48742730011417
1404.7916666666667 26.864274435259535 23.488847580921078
1405.2916666666667 26.863502181799404 23.490261838618338
1405.7916666666667 26.86272635825967 23.491683319729837
1406.2916666666667 26.86196268980169 23.49309534839798
1406.7916666666667 26.86120472918052 23.49451557461109
1407.2916666666667 26.86045383211347 23.495926261816038
1407.7916666666667 26.85972607044175 23.497356812339483
1408.2916666666667 26.85909231591034 23.498769612619753
1408.7916666666667 26.85840095074001 23.500175513993184
1409.2916666666667 26.85771313357789 23.50158787883773
1409.7916666666667 26.85709533655909 23.503003042129897
1410.2916666666667 26.856499273369966 23.504420556081968
1410.7916666666667 26.855889309244397 23.505844766613663
1411.2916666666667 26.855264064535124 23.50724397388566
1411.7916666666667 26.854729835764566 23.50866481228802
1412.2916666666667 26.854201524361777 23.51006847631707
1412.7916666666667 26.85363969701299 23.511487523876674
1413.2916666666667 26.853157745224276 23.512887197822778
1413.7916666666667 26.852670557519144 23.514294825607905
1414.2916666666667 26.852194972003076 23.515712489222736
1414.7916666666667 26.85176807495299 23.51711512140396
1415.2916666666667 26.85131996641941 23.518531285782384
1415.7916666666667 26.850902482045115 23.519942962191553
