FastTrWP/PhaseSpace/IAs/snIa_0.60_30.00_0.15_0.05.csv
# %ECSV 0.9
# ---
# datatype:
# - {name: time-rel, datatype: float64}
# - {name: g, datatype: float64}
# - {name: i, datatype: float64}
# schema: astropy-2.0
time-rel g i
[from data line 1732]
997.75 25.11917230113932 22.471234909014388
998.2499999999999 25.120944380923973 22.471921435469696
998.75 25.12273343910187 22.472616656905068
999.25 25.12448872263679 22.47329289905472
999.7499999999999 25.1262606777071 22.473981522394535
1000.25 25.12801561449934 22.474675908863713
1000.75 25.129826614237714 22.47536326185681
1001.25 25.13159565531479 22.476054884154685
1001.75 25.133380620536627 22.476742321438575
1002.25 25.13514895957583 22.477437646145386
1002.75 25.136917604866763 22.47812120151979
1003.25 25.138709433816576 22.478812578332676
1003.75 25.14047717063084 22.47950916656951
1004.25 25.142265325048776 22.48020218062703
1004.75 25.144046506438453 22.48089513756728
1005.25 25.14580803524369 22.48159965138357
1005.75 25.147560701962913 22.48228576663437
1006.25 25.14938357036662 22.482990619306904
1006.75 25.151125092564 22.483680643006657
1007.25 25.152893006878276 22.484387768634623
1007.75 25.15466118794024 22.48507845279969
1008.25 25.156445446188126 22.485792945015
1008.75 25.158185745837653 22.486484570024047
1009.25 25.159970784127296 22.487192832216255
1009.75 25.161741000460538 22.487891768486016
1010.25 25.163516414687344 22.48860070010099
1010.75 25.165265497662773 22.489313869306322
1011.25 25.167026223118015 22.490004774427014
1011.75 25.168802732423746 22.490715887826575
1012.25 25.170568125021482 22.4914249231611
1012.75 25.172311678860012 22.49213029130295
1013.25 25.174065481887705 22.492845208826694
1013.75 25.175843978958646 22.49355273134804
1014.25 25.177597795841024 22.494264391047125
1014.75 25.179340982168444 22.494978728354337
1015.25 25.181106641461245 22.495696908643144
1015.75 25.182857097342037 22.496406019793298
1016.25 25.1845957767513 22.49711982433189
1016.75 25.18638556308263 22.4978460748433
1017.25 25.18813872873793 22.498556787371523
1017.75 25.18987640265847 22.499275792227333
1018.25 25.19165265851297 22.4999946598841
1018.75 25.193402201608496 22.50071454868824
1019.25 25.19514396400675 22.50142856093001
1019.75 25.196890725498125 22.502149967025048
1020.25 25.19862559826594 22.502867290498585
1020.75 25.20040535794618 22.503593762388828
1021.25 25.20214836968718 22.504312865876553
1021.75 25.203910393974557 22.505040281246323
1022.25 25.205643272133678 22.50576570290303
1022.75 25.20740194260279 22.506492034222237
1023.25 25.209131055303548 22.50721714521746
1023.75 25.21090378007569 22.507944832045776
1024.25 25.212645662748024 22.508673148345512
1024.75 25.214395705439973 22.509396123147223
1025.25 25.216120219848015 22.51013730478678
1025.75 25.217906665125206 22.51085970011097
1026.25 25.219635622209754 22.5115885391496
1026.75 25.221389943160418 22.512313880848733
1027.25 25.223138017533287 22.513060129411002
1027.75 25.224883479620388 22.51378383975617
1028.25 25.226639400377728 22.51451994730889
1028.75 25.228402691010658 22.515255683485815
1029.25 25.230150030921187 22.515991597464087
1029.75 25.23189033106452 22.516723501753333
1030.25 25.23366059574733 22.517459863267696
1030.75 25.235377941828474 22.518198745234717
1031.25 25.23711799788726 22.518936402550054
1031.75 25.238906507497173 22.519674517421247
1032.25 25.24063334097037 22.520416472728954
1032.75 25.242403567717552 22.521147821176427
1033.25 25.24412311859625 22.521889344346565
1033.75 25.245895570269376 22.522633699971017
1034.25 25.24762733600978 22.52337833925357
1034.75 25.24939001848803 22.524113029505468
1035.25 25.25112721384591 22.52486731447425
1035.75 25.25286872935358 22.525604270573446
1036.25 25.254657864995632 22.526356231420884
1036.75 25.256397502520844 22.527093136303954
1037.25 25.25815427635093 22.527842660889085
1037.75 25.25991309935219 22.52858280937773
1038.25 25.261655267567544 22.529333548448722
1038.75 25.263424119848498 22.530077814700018
1039.25 25.26517319525182 22.530829102478002
1039.75 25.266921682012864 22.531571649874135
1040.25 25.268697745178507 22.53232132530332
1040.75 25.2704382276162 22.53307090935347
1041.25 25.272222607994163 22.533820019662972
1041.75 25.273958992368 22.53456559939577
1042.25 25.275735201162412 22.53532257262959
1042.75 25.277515620451094 22.53607140874921
1043.25 25.279244606271263 22.536829215302948
1043.75 25.280992754913004 22.53757619073471
1044.25 25.282749278881237 22.538336942266252
1044.75 25.284516760759903 22.53909587342588
1045.25 25.286292505982363 22.539848120243413
1045.75 25.288032034153215 22.540593129099335
1046.25 25.289814486076395 22.541361751859785
1046.75 25.291557034705466 22.542122102325028
1047.25 25.29331117606879 22.54287483435831
1047.75 25.295099802933393 22.543630584320628
1048.25 25.296834746212575 22.544390680128544
1048.75 25.298585705448623 22.545147656601763
1049.25 25.30036350141859 22.54591158076582
1049.75 25.30209995165064 22.54666865225394
1050.25 25.30388123168329 22.54743522659899
1050.75 25.305631312034777 22.548199622305805
1051.25 25.307365183835575 22.548958855861425
1051.75 25.309127709368493 22.549724799256232
1052.25 25.310910048099036 22.550490519140276
1052.75 25.312652975695357 22.55125788577802
1053.25 25.3143895055346 22.552029835939138
1053.75 25.31614247334547 22.55278789718122
1054.25 25.317902348958924 22.553558553112595
1054.75 25.31965653389554 22.554333734526363
1055.25 25.32142182421866 22.555097290421514
1055.75 25.323184279928928 22.555868477127543
1056.25 25.324916235492744 22.556636952774333
1056.75 25.32670408317297 22.55740875665242
1057.25 25.328438349254302 22.558185950186875
1057.75 25.33019619104193 22.558955813868447
1058.25 25.33194596437781 22.559725152622704
1058.75 25.333701038746526 22.56051229305191
1059.25 25.33544874518638 22.561275862477657
1059.75 25.337189144822567 22.56206107839942
1060.25 25.338962997969148 22.562830811013747
1060.75 25.3406981774765 22.563611132716026
1061.25 25.342464898390883 22.564385795066826
1061.75 25.344236929021594 22.565175750902423
1062.25 25.345989734982545 22.565952134568306
1062.75 25.347724867620332 22.566728997403654
1063.25 25.34948445933521 22.567514818604813
1063.75 25.35125991154978 22.568300518889348
1064.25 25.353000041530507 22.569086852698724
1064.75 25.354716814530676 22.569867713289334
1065.25 25.356488593431664 22.57065585179773
1065.75 25.35822030149982 22.571437273102653
1066.25 25.360005111829107 22.572223528216217
1066.75 25.361763952354856 22.573019182279275
1067.25 25.363511971604918 22.573803303750616
1067.75 25.36525646087864 22.574592329034402
1068.25 25.36702118205934 22.57538490363755
1068.75 25.368762025744278 22.576179011079386
1069.25 25.370520905288476 22.57697173865879
1069.75 25.372296684612547 22.57776347652381
1070.25 25.37403591600958 22.578557366866505
1070.75 25.375757631716827 22.57935483687408
1071.25 25.37752660709709 22.580152845549165
1071.75 25.379273523779894 22.580945983270546
1072.25 25.3810509161538 22.581744680262172
1072.75 25.382799770274822 22.582547918321808
1073.25 25.384544821949483 22.58334395587461
1073.75 25.3862957912321 22.584143894111982
1074.25 25.388053329839828 22.584945999276123
1074.75 25.389813870429826 22.585749024271287
1075.25 25.391556641840964 22.58654880312402
1075.75 25.39332061858458 22.587349188599703
1076.25 25.395069562995644 22.588160653406
1076.75 25.396805425091564 22.588968638066127
1077.25 25.39858246043465 22.58977141296477
1077.75 25.40036245367557 22.590584882943617
1078.25 25.402121389406197 22.59139405184319
1078.75 25.403845305191382 22.592203360412242
1079.25 25.40561934447817 22.593016269440582
1079.75 25.407361536048334 22.59383248172633
1080.25 25.409097157686308 22.59463828871962
1080.75 25.41088739494189 22.595455669751313
1081.25 25.412631860469578 22.596269754916193
1081.75 25.414385946790773 22.597085926452536
1082.25 25.416168439098442 22.597893892003363
1082.75 25.417894117925776 22.598710792996318
1083.25 25.419660965079277 22.59954014365459
1083.75 25.421383861061763 22.60035685267114
1084.25 25.423154100915667 22.601180147092435
1084.75 25.424916834076797 22.6019936194365
1085.25 25.42666999036564 22.60281892079441
1085.75 25.428411708249744 22.60364027040371
1086.25 25.430197508685232 22.604464139731682
1086.75 25.43189125187657 22.60529056272184
1087.25 25.433676077141932 22.606116084673094
1087.75 25.435423269466895 22.606940678007497
1088.25 25.437163193662986 22.607768609298716
1088.75 25.43891490237954 22.608597016251537
1089.25 25.440666708806027 22.60942819189852
1089.75 25.442430650538718 22.610249664736664
1090.25 25.44415734955999 22.611082444696518
1090.75 25.445927002288645 22.611917574796458
1091.25 25.447675127716977 22.6127515256908
1091.75 25.44943257433481 22.613587350698985
1092.25 25.45116830218906 22.614418489627663
1092.75 25.45290183970977 22.61524834066413
1093.25 25.45466674283499 22.616088555472622
1093.75 25.45640581431237 22.616921382603792
1094.25 25.45818295042555 22.61777295335492
1094.75 25.459908540974524 22.61859814018427
1095.25 25.461659684273634 22.619441266312222
1095.75 25.46340280921321 22.620279414391145
1096.25 25.465154824433963 22.62112539094111
1096.75 25.466920635964875 22.62197213923276
1097.25 25.468645084015158 22.622810381149367
1097.75 25.470402037426283 22.623656190850767
1098.25 25.472125389628513 22.62449974340397
1098.75 25.47387661873174 22.625346928680354
1099.25 25.475621545711633 22.62619634829994
1099.75 25.4773926995696 22.627047525455048
1100.25 25.47913773246747 22.62789679763431
1100.75 25.480861850310642 22.628750319565754
1101.25 25.4826162368658 22.629600301065885
1101.75 25.484359813000992 22.63044857788686
1102.25 25.486107906372737 22.63131013791357
1102.75 25.48781308612861 22.63216220394788
1103.25 25.48958241902938 22.633018082135507
1103.75 25.49132679464779 22.633875987373596
1104.25 25.49305499125183 22.634734685646734
1104.75 25.494829466303834 22.63559713547201
1105.25 25.496563709397186 22.63645510765102
1105.75 25.498298563143024 22.637313879407856
1106.25 25.500025876054696 22.638177706765333
1106.75 25.50177628644221 22.639038886235472
1107.25 25.50354564279872 22.639908339236243
1107.75 25.505274950046402 22.640778589683826
1108.25 25.507023828999355 22.641639253451295
1108.75 25.50875655171906 22.642514144174925
1109.25 25.51049111256595 22.6433863745722
1109.75 25.512242830449125 22.644250602170416
1110.25 25.51398261900452 22.645122401600236
1110.75 25.51569381695675 22.64599586526884
1111.25 25.517464741015083 22.64686479363606
1111.75 25.519191916101175 22.647742133552114
1112.25 25.52094144327487 22.648628056355946
1112.75 25.52266631796051 22.649498698879498
1113.25 25.524427783901732 22.650379273358404
1113.75 25.526161380851367 22.65125608965128
1114.25 25.527889459066305 22.652136420478293
1114.75 25.52967876840605 22.65302442922931
1115.25 25.531372840710425 22.653906581010524
1115.75 25.53313631363606 22.65479109202913
1116.25 25.534850035787564 22.65568030628097
1116.75 25.53658435487128 22.656566574736885
1117.25 25.538346052120172 22.65745846173793
1117.75 25.540070982847027 22.65834145246346
1118.25 25.54179073695738 22.65922777929935
1118.75 25.543556286223964 22.66012779601634
1119.25 25.545280342067823 22.661016967663777
1119.75 25.547027887022328 22.66191846086544
1120.25 25.548760634663978 22.662812068898006
1120.75 25.55050746168643 22.66370892594358
1121.25 25.55223580263157 22.66460394987114
1121.75 25.553980938735336 22.665505123846074
1122.25 25.555732476274496 22.66640853033108
1122.75 25.5574534513435 22.6673069771412
1123.25 25.559193580522987 22.668211562872173
1123.75 25.560919574699227 22.66911716932001
1124.25 25.562651759402723 22.670022641973677
1124.75 25.56439703791176 22.670925970279903
1125.25 25.566086101543238 22.671835157724495
1125.75 25.567854597925155 22.672745719776714
1126.25 25.569566039432484 22.67365094885725
1126.75 25.57129678285188 22.674564719125968
1127.25 25.57303368363287 22.675480688817508
1127.75 25.57474264138417 22.676395284414603
1128.25 25.576470963611403 22.677307125733766
1128.75 25.578215265556036 22.678220044247865
1129.25 25.57992870224675 22.679141755827516
1129.75 25.58167818234745 22.680061894828576
1130.25 25.583365709783678 22.68098412293929
1130.75 25.585095256268385 22.681900450700248
1131.25 25.5868360202453 22.682815180628072
1131.75 25.588559976931023 22.683741780651403
1132.25 25.59029356820282 22.6846653695537
1132.75 25.592007508497844 22.68560275927396
1133.25 25.59377010181493 22.686523771929185
1133.75 25.595450125870673 22.687445314494713
1134.25 25.59717674740896 22.68839324746525
1134.75 25.598903665277 22.689309154305665
1135.25 25.60063219800807 22.69024651841704
1135.75 25.602363667858224 22.691175014199363
1136.25 25.60408190820582 22.692109472538956
1136.75 25.60582098011627 22.693052747888874
1137.25 25.607509149738902 22.69398131690439
1137.75 25.60923401259014 22.69492268784795
1138.25 25.61096203069301 22.695860780013888
1138.75 25.61268395512706 22.696798168190327
1139.25 25.614386188013984 22.69774705464158
1139.75 25.61611419263371 22.698687663985172
1140.25 25.617786222655212 22.699629527307188
1140.75 25.61952758232504 22.70057530617537
1141.25 25.62127754927795 22.70152406279518
1141.75 25.622950339800916 22.70246984319092
1142.25 25.624695825474536 22.703414835967703
1142.75 25.626403576532496 22.704378399007346
1143.25 25.628119057770405 22.705322553105493
1143.75 25.62983699600207 22.706275368780457
1144.25 25.631565466521018 22.70723367974481
1144.75 25.633261955757163 22.70818059988226
1145.25 25.63496105535648 22.709143825407704
1145.75 25.63668447572161 22.710099096705846
1146.25 25.63840191364457 22.711059593626672
1146.75 25.640105560313614 22.71201758365018
1147.25 25.641808871403033 22.71298716699292
1147.75 25.643502520068182 22.713949906315115
1148.25 25.64525263014984 22.714908233547217
1148.75 25.646936709696128 22.715874433565283
1149.25 25.64864984800762 22.716838078458913
1149.75 25.650347478482843 22.717810756046255
1150.25 25.652078440383242 22.718781691101636
1150.75 25.65378048705236 22.719751950998347
1151.25 25.655481750425007 22.720716555508588
1151.75 25.65717688314517 22.72169559664734
1152.25 25.658895510921404 22.722672464309404
1152.75 25.66060449925216 22.723645333889483
1153.25 25.66232128165045 22.72462629921124
1153.75 25.664029617392888 22.725603110602556
1154.25 25.66569052486465 22.72657920093505
1154.75 25.667440887374973 22.72755819496105
1155.25 25.669103031099098 22.728544397260634
1155.75 25.67081826227195 22.729522845746082
1156.25 25.67252053587255 22.730508721877808
1156.75 25.674232797032225 22.73148810272218
1157.25 25.675926277176142 22.73247499609551
1157.75 25.677640877711653 22.73347427054333
1158.25 25.67935743006561 22.734462858171224
1158.75 25.681054819827626 22.735467442232824
1159.25 25.682734123342556 22.736457457834362
1159.75 25.684422617326412 22.737453322181377
1160.25 25.686139925138782 22.73845574814686
1160.75 25.687781693961597 22.739455806392467
1161.25 25.68948485819995 22.740462006544817
1161.75 25.69118677596249 22.74147383853064
1162.25 25.692858256709957 22.742478005886003
1162.75 25.694572098144477 22.74347589670644
1163.25 25.696242478579578 22.744498090769916
1163.75 25.69797253848863 22.745508172749403
1164.25 25.699608189691 22.74653224768855
1164.75 25.701337762469045 22.747544144639722
1165.25 25.703011375919512 22.74856287894216
1165.75 25.70467352635522 22.749590186650913
1166.25 25.706365686649466 22.75060754238998
1166.75 25.708044489596304 22.751638062842567
1167.25 25.70970726058406 22.75265277853022
1167.75 25.71136757235368 22.753683995457767
1168.25 25.713055916785482 22.754714657165664
1168.75 25.714758871690965 22.755744283250255
1169.25 25.716398700465582 22.756771810911637
1169.75 25.71809116256911 22.75781243911103
1170.25 25.719753780320836 22.758839259092536
1170.75 25.721417804632015 22.759873882968872
1171.25 25.723126558455217 22.760913457743417
1171.75 25.724777537750448 22.761957916318938
1172.25 25.726443658339818 22.76299314313562
1172.75 25.728095763275686 22.764035766705078
1173.25 25.729795913926363 22.76507555486077
1173.75 25.731467059408466 22.7661144815475
