FastTrWP/PhaseSpace/IAs/snIa_0.36_30.00_0.69_-0.08.csv
# %ECSV 0.9
# ---
# datatype:
# - {name: time-rel, datatype: float64}
# - {name: g, datatype: float64}
# - {name: i, datatype: float64}
# schema: astropy-2.0
time-rel g i
[from data line 865]
605.5208333333334 22.79958573560137 22.651249498560052
606.0208333333334 22.799635642520855 22.650719202179424
606.5208333333334 22.799691726525865 22.650183424428292
607.0208333333334 22.799761480078345 22.64965813861993
607.5208333333334 22.799835368536087 22.649128637518107
608.0208333333334 22.799891405990365 22.648601312458062
608.5208333333334 22.799968244649325 22.648076080430354
609.0208333333334 22.80003366854926 22.647552899413412
609.5208333333334 22.80011367174462 22.647028811291626
610.0208333333334 22.800198352467966 22.646513051490285
610.5208333333334 22.800286622787965 22.646002005959154
611.0208333333334 22.800374721379235 22.645491010783523
611.5208333333334 22.800462244039274 22.644971712794096
612.0208333333334 22.800560352399355 22.644460272100908
612.5208333333334 22.800663522002573 22.643952078842382
613.0208333333334 22.80076251763964 22.643447291180433
613.5208333333334 22.800875779276424 22.64293734010236
614.0208333333334 22.80098441267427 22.642432495686627
614.5208333333334 22.801098515756763 22.64194516268399
615.0208333333334 22.801216349339533 22.6414425067297
615.5208333333334 22.80133520875294 22.640943418626826
616.0208333333334 22.801464406498766 22.640455138844175
616.5208333333334 22.801599229821335 22.639966628031374
617.0208333333334 22.801716234540127 22.63947504139577
617.5208333333334 22.801859829896802 22.638984093324854
618.0208333333334 22.801991933178805 22.63850102268751
618.5208333333334 22.802154555796452 22.638008187749076
619.0208333333334 22.802293981883672 22.637532802268364
619.5208333333334 22.802434830953327 22.637058666942046
620.0208333333334 22.802594232828902 22.636582439060945
620.5208333333334 22.802750402277063 22.636105260619765
621.0208333333334 22.80291517399683 22.63563087174457
621.5208333333334 22.803083987579285 22.635157409091853
622.0208333333334 22.803249181760936 22.634692424798576
622.5208333333334 22.803422505349747 22.634229055962898
623.0208333333334 22.803607042118657 22.63376592330214
623.5208333333334 22.803784963467816 22.63330892326866
624.0208333333334 22.803970399158654 22.632836755727197
624.5208333333334 22.80415887527524 22.632387980421104
625.0208333333334 22.80435528729045 22.631930731175647
625.5208333333334 22.80455552652132 22.63148642284534
626.0208333333334 22.804752248651162 22.631028231057012
626.5208333333334 22.804962606112994 22.630578332900843
627.0208333333334 22.805166599132875 22.630144298934795
627.5208333333334 22.80538245663216 22.629688891383744
628.0208333333334 22.805597550314232 22.629253293106657
628.5208333333334 22.80581080741681 22.628808880771953
629.0208333333334 22.806041920667802 22.62838123699133
629.5208333333334 22.806259856462855 22.62793523508739
630.0208333333334 22.80649076443932 22.62751488534
630.5208333333334 22.806736454299802 22.62707604540953
631.0208333333334 22.806976309509977 22.626645960409032
631.5208333333334 22.807221932239784 22.626221772523962
632.0208333333334 22.807465167303306 22.62578859491247
632.5208333333334 22.807715896238395 22.625368653750737
633.0208333333334 22.80796265253433 22.62495100490598
633.5208333333334 22.808224822384236 22.624524951082613
634.0208333333334 22.808480140644253 22.624115734253195
634.5208333333334 22.808743203702765 22.62369218960956
635.0208333333334 22.80901449784674 22.623282815213837
635.5208333333334 22.809294534537557 22.62287134499246
636.0208333333334 22.809572157999614 22.62245578996058
636.5208333333334 22.809845313747246 22.622052829562183
637.0208333333334 22.81013378402243 22.621644239547443
637.5208333333334 22.81041536820981 22.621239530171287
638.0208333333334 22.8107036467839 22.62083631027419
638.5208333333334 22.810992115000857 22.620434825671882
639.0208333333334 22.81130583349949 22.620047308115666
639.5208333333334 22.811610395362536 22.6196470656396
640.0208333333334 22.811908836390366 22.61925060870366
640.5208333333334 22.81221730028872 22.61885856106909
641.0208333333334 22.812531222519645 22.61846621965365
641.5208333333334 22.81285266769278 22.61808914291408
642.0208333333334 22.813172610610827 22.617696579600477
642.5208333333334 22.813498852973325 22.617309951196987
643.0208333333334 22.813826090444742 22.61693310283651
643.5208333333334 22.814154112935185 22.616553527644605
644.0208333333334 22.81448749618699 22.616173281616238
644.5208333333334 22.814837441482485 22.615798385255985
645.0208333333334 22.815185044690235 22.6154300379119
645.5208333333334 22.815529820060604 22.615049783235527
646.0208333333334 22.815881083890286 22.614686700375408
646.5208333333334 22.816233548204107 22.61431827071416
647.0208333333334 22.81659378995894 22.61395593858498
647.5208333333334 22.816956960566863 22.613590640655694
648.0208333333334 22.817334028611732 22.613234020225804
648.5208333333334 22.817699581422033 22.61287991485654
649.0208333333334 22.818069853242516 22.612520030867277
649.5208333333334 22.818462896373557 22.61216233537627
650.0208333333334 22.81884920910606 22.611813224799185
650.5208333333334 22.819232497857342 22.611463992969615
651.0208333333334 22.81962116079491 22.611117717491172
651.5208333333334 22.820016302336708 22.610769587816208
652.0208333333334 22.820421933338775 22.610419912061044
652.5208333333334 22.820827930830387 22.610075849991414
653.0208333333334 22.82123013638624 22.60974733600317
653.5208333333334 22.8216484973685 22.609408154378883
654.0208333333334 22.822066182125624 22.609067255327474
654.5208333333334 22.822492628395672 22.60874165740196
655.0208333333334 22.8229117103291 22.608413860704037
655.5208333333334 22.82333302882373 22.60808224156368
656.0208333333334 22.823774802325385 22.607757766159736
656.5208333333334 22.82420677598668 22.607430873429358
657.0208333333334 22.82465781027333 22.607111330428708
657.5208333333334 22.825094207777607 22.606786303679407
658.0208333333334 22.825543554662445 22.60647986218877
658.5208333333334 22.825999111604194 22.606162958620853
659.0208333333334 22.826460151916304 22.605847248461522
659.5208333333334 22.82692326546082 22.60554088918143
660.0208333333334 22.82739261181773 22.60523720261841
660.5208333333334 22.8278645960621 22.604925082583406
661.0208333333334 22.828336625930138 22.60462793998393
661.5208333333334 22.828823502200265 22.60431818877234
662.0208333333334 22.829298978028568 22.604017516821955
662.5208333333334 22.829784349417594 22.603726041553468
663.0208333333334 22.83029523520195 22.603436288116757
663.5208333333334 22.830792499048766 22.603137120864858
664.0208333333334 22.831298597503725 22.602853699198732
664.5208333333334 22.83182462143577 22.602569147159315
665.0208333333334 22.832335483697236 22.602281032993375
665.5208333333334 22.832862263524415 22.601999724206436
666.0208333333334 22.833389223845984 22.601715874602114
666.5208333333334 22.83392028335312 22.60143965748518
667.0208333333334 22.834463112748146 22.60116088774385
667.5208333333334 22.83500968063541 22.600887408167804
668.0208333333334 22.835557655402244 22.600611567752672
668.5208333333334 22.836111625416834 22.600345959269465
669.0208333333334 22.836672808219333 22.600076353919217
669.5208333333334 22.83723893147711 22.599802114382705
670.0208333333334 22.83779658849491 22.599546625460476
670.5208333333334 22.838371313576204 22.599280851149352
671.0208333333334 22.838951499516526 22.599015962411976
671.5208333333334 22.839541018353906 22.598761798550004
672.0208333333334 22.84012719817467 22.598513418246355
672.5208333333334 22.840708227749495 22.598256254555025
673.0208333333334 22.841312871838827 22.59800444893001
673.5208333333334 22.84190850550074 22.597757804294382
674.0208333333334 22.84251401052635 22.597501971468688
674.5208333333334 22.84312005017769 22.59727150588299
675.0208333333334 22.8437315820697 22.59702443721331
675.5208333333334 22.84435127986994 22.59677913815803
676.0208333333334 22.844963830190885 22.59653869585176
676.5208333333334 22.84558863839344 22.596304803161118
677.0208333333334 22.846217174891912 22.596072563097145
677.5208333333334 22.846855433679075 22.595832530564696
678.0208333333334 22.847478211141347 22.595605798767142
678.5208333333334 22.848115917028768 22.59537405397485
679.0208333333334 22.8487567341071 22.59514723508908
679.5208333333334 22.849403632972574 22.594921019728623
680.0208333333334 22.850046743097057 22.59470158912517
680.5208333333334 22.850695376788504 22.59448180138567
681.0208333333334 22.851350546523904 22.59425955293549
681.5208333333334 22.85200480648408 22.594047210634216
682.0208333333334 22.852663073102 22.593823699035177
682.5208333333334 22.853336690684152 22.593614189746983
683.0208333333334 22.854005859777722 22.59340826608637
683.5208333333334 22.854659970183203 22.593192006603644
684.0208333333334 22.855337769473444 22.592994556546046
684.5208333333334 22.856014887357308 22.59278622388038
685.0208333333334 22.856686483225808 22.5925819624127
685.5208333333334 22.85735746115218 22.5923896865983
686.0208333333334 22.858049318841516 22.59218735991578
686.5208333333334 22.858724645332842 22.591984373853823
687.0208333333334 22.859414521427325 22.591789176931478
687.5208333333334 22.86009164567877 22.591588718206616
688.0208333333334 22.860790242570005 22.59139990238575
688.5208333333334 22.861478689051218 22.591216809090405
689.0208333333334 22.862164695490353 22.591021944862995
689.5208333333334 22.86286599964443 22.590844075683286
690.0208333333334 22.863559082370966 22.59065784569639
690.5208333333334 22.864270183065205 22.590479184962007
691.0208333333334 22.86495799396171 22.590292912636244
691.5208333333334 22.86566618270422 22.590109364975646
692.0208333333334 22.86637186453332 22.5899372048279
692.5208333333334 22.867076665609897 22.58976902430693
693.0208333333334 22.867781658435177 22.589596061319437
693.5208333333334 22.868486319557306 22.58942370851856
