FastTrWP/PhaseSpace/IAs/snIa_0.39_30.00_0.24_0.07.csv
# %ECSV 0.9
# ---
# datatype:
# - {name: time-rel, datatype: float64}
# - {name: g, datatype: float64}
# - {name: i, datatype: float64}
# schema: astropy-2.0
time-rel g i
[from data line 1734]
1051.75 24.10673390908148 22.694548088186576
1052.25 24.108510311673022 22.695452164005143
1052.75 24.11027615162355 22.696355509068376
1053.25 24.112043254909583 22.697264352118314
1053.75 24.113843322346703 22.698171897334525
1054.25 24.115603292396482 22.699083751682746
1054.75 24.11739698176238 22.69999851299851
1055.25 24.119170129770833 22.700908292067105
1055.75 24.120963642400643 22.701813222600965
1056.25 24.122754539613194 22.702719738179557
1056.75 24.124541684679052 22.7036418610447
1057.25 24.126337061357276 22.704558248001845
1057.75 24.128116790446164 22.705467448652406
1058.25 24.1299188068677 22.70638088859731
1058.75 24.13174111668266 22.70729864888824
1059.25 24.133527470976365 22.708222415641565
1059.75 24.135337664572674 22.709138896718372
1060.25 24.137141486387904 22.710052911920545
1060.75 24.138942132844203 22.710975068202373
1061.25 24.140755966848243 22.7118895577161
1061.75 24.142575353572052 22.712808368774425
1062.25 24.144383856278104 22.713742228551354
1062.75 24.146209073317788 22.714659531730163
1063.25 24.148035153981844 22.715581719341227
1063.75 24.14984276910017 22.716506863749444
1064.25 24.15169542089985 22.717426468523286
1064.75 24.153509455169942 22.71835996458996
1065.25 24.155322271670453 22.71928499984876
1065.75 24.157164217955142 22.720213223120087
1066.25 24.158991197142985 22.721132718527652
1066.75 24.160835014845148 22.722063118190334
1067.25 24.162674342916574 22.72299864508408
1067.75 24.164504509712593 22.723929344089598
1068.25 24.166352182533547 22.72486165469912
1068.75 24.168205360307336 22.72578701823342
1069.25 24.17003546352019 22.72672805842199
1069.75 24.17189607055326 22.7276542364676
1070.25 24.173734335514318 22.728593066608372
1070.75 24.175598250903356 22.72952998708996
1071.25 24.17744635223726 22.730462457561792
1071.75 24.179303052595785 22.73140513240279
1072.25 24.18115948763068 22.732337688126442
1072.75 24.18302147155462 22.733272615629122
1073.25 24.184888033035712 22.734217305684183
1073.75 24.18676329011103 22.735157781509297
1074.25 24.188625238859608 22.736096337347483
1074.75 24.190504799986257 22.737039159279483
1075.25 24.19237537522291 22.737981482516503
1075.75 24.19425714974613 22.738934737912196
1076.25 24.19613789406956 22.739880663203863
1076.75 24.19801497248624 22.740809150902322
1077.25 24.199898652792978 22.741762398250277
1077.75 24.201777783648815 22.742707115898313
1078.25 24.203669507707055 22.74365524651033
1078.75 24.205552031816097 22.744602619491904
1079.25 24.207444275715908 22.745553740299943
1079.75 24.20934919655606 22.74650368726946
1080.25 24.21126023091398 22.747450885369574
1080.75 24.213155731319183 22.748404488961604
1081.25 24.215046771770577 22.7493498314604
1081.75 24.216943494531137 22.750304940469917
1082.25 24.218862639383246 22.751257571135675
1082.75 24.22076988600002 22.752210609143578
1083.25 24.222674154697586 22.753164466116672
1083.75 24.22461131213066 22.754124810778862
1084.25 24.226521937817168 22.75507633810669
1084.75 24.228432115258087 22.756032305510235
1085.25 24.230343033800793 22.756999523801422
1085.75 24.232270670457567 22.757949248154155
1086.25 24.23420263781669 22.758900835040684
1086.75 24.23612630486216 22.75986412797936
1087.25 24.238057612904452 22.760833383460422
1087.75 24.239990551349344 22.76179793082193
1088.25 24.241930109351493 22.762754345119845
1088.75 24.243873128335096 22.763714986504084
1089.25 24.24579311464305 22.76467691344342
1089.75 24.247753109666988 22.765637875016242
1090.25 24.24970316040625 22.766603905533678
1090.75 24.251646402873526 22.767571531827432
1091.25 24.2535996176143 22.768533359813958
1091.75 24.255550277138518 22.769499621278612
1092.25 24.257498230331716 22.770466974155077
1092.75 24.25946062941327 22.77143895108448
1093.25 24.26142592669339 22.772408730362216
1093.75 24.26337278861385 22.773374011939733
1094.25 24.26536473578542 22.77435272293133
1094.75 24.26731742464659 22.775321713502976
1095.25 24.269300668093052 22.776305995249736
1095.75 24.27128377998111 22.777271294535968
1096.25 24.273262850309493 22.77825791320941
1096.75 24.275258052420877 22.77924477961343
1097.25 24.277242592770353 22.780227541266484
1097.75 24.279234184083897 22.781206153663625
1098.25 24.281242941808866 22.782185997045815
1098.75 24.283236932302454 22.783182503572384
1099.25 24.285261633099154 22.784174513535675
1099.75 24.287263386678923 22.785157583501668
1100.25 24.28928083019608 22.786155497158912
1100.75 24.291303188236533 22.78714096328295
1101.25 24.293309506638614 22.788141423365605
1101.75 24.29535267444122 22.78913649734354
1102.25 24.29734403216344 22.790129841758976
1102.75 24.299375408341255 22.791125545599545
1103.25 24.301426710302763 22.792123231193084
1103.75 24.303454316409688 22.793125018469972
1104.25 24.3054927205513 22.794129688371108
1104.75 24.307519882430753 22.795126486224856
1105.25 24.309565831173646 22.796130739577094
1105.75 24.311614269024474 22.79713345223697
1106.25 24.31364837266225 22.798142687531566
1106.75 24.31572844010955 22.799139078344307
1107.25 24.31778438983698 22.800144851641072
1107.75 24.31983098587363 22.80114846957959
1108.25 24.32187650048707 22.802154898906984
1108.75 24.323924191803282 22.803157751744617
1109.25 24.325993423021668 22.804167889215986
1109.75 24.328071908142945 22.805171426386075
1110.25 24.3301461246563 22.806177003726997
1110.75 24.332196283391486 22.807180722825258
1111.25 24.334259334124226 22.808189890666448
1111.75 24.33635550859812 22.809186073171816
1112.25 24.338409647849872 22.81019539093158
1112.75 24.34049428061492 22.81120118299952
1113.25 24.34255726082281 22.812212851277515
1113.75 24.34464499145461 22.813218544222984
1114.25 24.346706461424223 22.814219298802534
1114.75 24.34879392238892 22.815227121825895
1115.25 24.35087811430233 22.81623482908527
1115.75 24.352953906914898 22.81723142745284
1116.25 24.355054841269176 22.818243451694485
1116.75 24.35712802269626 22.81923710235938
1117.25 24.359217486455364 22.820237883170638
1117.75 24.361300658470647 22.82124181279991
1118.25 24.363406811283646 22.822244254022785
1118.75 24.3654736007165 22.823242018270808
1119.25 24.367562264790887 22.824242994368547
1119.75 24.369657546832947 22.82523821902384
1120.25 24.371736731733378 22.82623993418884
1120.75 24.37381504545515 22.827231109614736
1121.25 24.375911986602837 22.82822454416501
1121.75 24.377999983284138 22.829213839401696
1122.25 24.380096424838165 22.830217391774944
1122.75 24.382190165316274 22.831204684713494
1123.25 24.384249599414638 22.832188899128113
1123.75 24.38635966200295 22.833176462009618
1124.25 24.388426456580973 22.834161173761245
1124.75 24.39051345929372 22.835147135706855
1125.25 24.3926125118097 22.83613077945716
1125.75 24.39469361912531 22.837099260316883
1126.25 24.396797494760246 22.83808489409474
1126.75 24.39886155952857 22.839060347708134
1127.25 24.400950255938277 22.84004311501366
1127.75 24.40305427521482 22.841013179776454
1128.25 24.405118285175547 22.84198723533681
1128.75 24.407225519738564 22.842968876599855
1129.25 24.409306698309635 22.84394044750325
1129.75 24.41139666819737 22.84491497121094
1130.25 24.413492382334873 22.845889001743508
1130.75 24.41559146502572 22.846865991954104
1131.25 24.417692141658453 22.847836264589926
1131.75 24.419785419882256 22.848808200912842
1132.25 24.421896234369818 22.84978880478718
1132.75 24.423987417752997 22.850754979249082
1133.25 24.426096953060792 22.851723667484944
1133.75 24.428194574736665 22.852701131162046
1134.25 24.43028704856571 22.85366764532356
1134.75 24.432393069337902 22.854633615435382
1135.25 24.434500710740927 22.855611450531157
1135.75 24.436611885502057 22.856576751070264
1136.25 24.43870998370619 22.857553305803965
1136.75 24.440823142453596 22.85850888047988
1137.25 24.442927078349612 22.85948815242701
1137.75 24.445047312336424 22.860453841153937
1138.25 24.44714861246601 22.861421765689084
1138.75 24.449262552264088 22.862386361682468
1139.25 24.45139782112674 22.863349001924597
1139.75 24.453490340216106 22.86430960749083
1140.25 24.45560754733316 22.865275610051228
1140.75 24.457721316988344 22.86624429726265
1141.25 24.45984669998914 22.867199795384998
1141.75 24.46197921428272 22.868159944320233
1142.25 24.464076102118575 22.8691200037483
1142.75 24.466218825709255 22.870082425057674
1143.25 24.46832117129287 22.87104282094078
1143.75 24.470432070084897 22.872004271055168
1144.25 24.472535226656692 22.872953320233155
1144.75 24.47468088447003 22.873912558882576
1145.25 24.47679341816579 22.874865099261598
1145.75 24.478912161966086 22.875818295879682
1146.25 24.481058530027717 22.876774958797647
1146.75 24.48316341281049 22.8777373561161
1147.25 24.485302842376893 22.87868192647769
1147.75 24.487411843278977 22.879629279658346
1148.25 24.489537694001953 22.88058121745916
1148.75 24.49165656218405 22.88152625835592
1149.25 24.493796811099227 22.882478125794563
1149.75 24.49591874783376 22.883421542985694
1150.25 24.49803809560229 22.884367731304973
1150.75 24.500164544585942 22.885302935172515
1151.25 24.502291902700154 22.886255604929065
1151.75 24.50441993795053 22.887197280757622
1152.25 24.506566185353943 22.8881385492047
1152.75 24.508672316431763 22.88907577422379
1153.25 24.51081572234863 22.89000968130061
1153.75 24.51293011875064 22.890956041693336
1154.25 24.515063775700966 22.89189841055515
1154.75 24.517176345389636 22.892826142721283
1155.25 24.519308326439024 22.8937537627231
1155.75 24.521425176398317 22.894695961198597
1156.25 24.52356921233929 22.895623026863618
1156.75 24.525701068960053 22.896546449161757
1157.25 24.52780560604284 22.897483859408865
1157.75 24.529939885178898 22.898411879094517
1158.25 24.532069000018794 22.89933255201071
1158.75 24.534175820809693 22.900260519592123
1159.25 24.536319987247936 22.901180182116548
1159.75 24.538436134723085 22.90210812526585
1160.25 24.540556063628337 22.903024056626965
1160.75 24.54269643402691 22.903941475995907
1161.25 24.544822283691154 22.90486061420289
1161.75 24.54695856890106 22.905782287707687
1162.25 24.54907531513885 22.90670082376701
1162.75 24.55120715922746 22.90761296275745
1163.25 24.553319637896905 22.90851924699064
1163.75 24.555462096412178 22.909436987749405
1164.25 24.55759359595918 22.910352298902716
1164.75 24.559716873559594 22.911268136219856
1165.25 24.561844432418077 22.912170829554874
1165.75 24.563959806939216 22.91307975943621
1166.25 24.56609523708685 22.913993486412878
1166.75 24.56824059473375 22.91489933325355
1167.25 24.570351646582704 22.91580660557569
1167.75 24.572502917405224 22.91671223497957
1168.25 24.574617072360816 22.917608303277326
1168.75 24.576752892001615 22.91851106394519
1169.25 24.578884747480892 22.919419260730102
1169.75 24.581016369662088 22.92031611301123
1170.25 24.583141286293184 22.921215126101657
1170.75 24.585288952756954 22.922117565934382
1171.25 24.587407216050998 22.92300827206263
1171.75 24.58955194630265 22.92390806679068
1172.25 24.591659695060102 22.924799312462362
1172.75 24.593799499688167 22.925700239418404
1173.25 24.595934812476564 22.92659071659188
1173.75 24.5980778386167 22.927471915425773
1174.25 24.600217237821298 22.92836688205682
1174.75 24.602338890995522 22.92925708039705
1175.25 24.604451629411397 22.930141683964806
1175.75 24.606574950297993 22.931029053729006
1176.25 24.608710588485266 22.93191128482581
1176.75 24.610848228180522 22.932803967973562
1177.25 24.612965694998977 22.933678991263022
1177.75 24.615094972616795 22.93455631163806
1178.25 24.617230818512184 22.935436375037238
1178.75 24.619369883822856 22.936303776849453
1179.25 24.621489356979257 22.93717919814911
1179.75 24.623618911579435 22.938061306419833
1180.25 24.62573930886309 22.938937423883097
1180.75 24.62785945252156 22.93980554865433
1181.25 24.630020899209406 22.94068636384963
1181.75 24.63212843374398 22.941555677757005
1182.25 24.634259632236475 22.94241568719629
1182.75 24.63637291543425 22.943292519801624
1183.25 24.638494529253055 22.94415102683581
1183.75 24.640631844146906 22.945012069879127
1184.25 24.642752318849016 22.945885860037567
1184.75 24.64487344202344 22.94673917672548
1185.25 24.64700270096845 22.947598708342003
1185.75 24.649103694171743 22.948457987648055
1186.25 24.65124485402322 22.94931783757553
1186.75 24.653346858303685 22.950168584650786
1187.25 24.65546381460173 22.95102366728814
1187.75 24.65757861293978 22.951871373819696
1188.25 24.65969872415654 22.952716126757814
1188.75 24.661827518713103 22.95357472061625
1189.25 24.663948088570095 22.954412211394892
1189.75 24.6660543953039 22.95527279603047
1190.25 24.668172698743373 22.956105833313764
1190.75 24.670288582982355 22.956950517505298
1191.25 24.672395185368497 22.957801440782415
1191.75 24.674507645155973 22.958633894405878
1192.25 24.676623543190942 22.959460248804096
1192.75 24.678709694229003 22.960304789353888
1193.25 24.680840557885723 22.961143951356696
1193.75 24.682956405937556 22.961961049675143
1194.25 24.6850596840736 22.9628002968901
1194.75 24.687164945155622 22.963641086019862
1195.25 24.68925982786557 22.964461117106865
1195.75 24.69136429066939 22.965290206245584
1196.25 24.693493548935912 22.96611300672764
1196.75 24.69557615090356 22.96694715749597
1197.25 24.69767623812807 22.96776724741532
1197.75 24.699783598439822 22.968588564724868
1198.25 24.701897249131743 22.96941503626123
1198.75 24.70400553070389 22.9702343520502
1199.25 24.70611201431239 22.97104970892412
1199.75 24.708217085413025 22.971860375230207
1200.25 24.71030245271463 22.972676336806792
1200.75 24.712403194965734 22.973496266193628
1201.25 24.714507438087452 22.974308005059356
1201.75 24.716604230528514 22.975114136220505
1202.25 24.718706653713372 22.975914940661614
1202.75 24.720811043311464 22.976735953300917
1203.25 24.722902013588083 22.97754238017147
1203.75 24.72499901384111 22.97833639300886
1204.25 24.727081425001405 22.979147141412206
1204.75 24.72917652144678 22.97995341483679
1205.25 24.731272340868568 22.980749508240272
1205.75 24.73334362151491 22.981542949471276
1206.25 24.73543885806563 22.98234001658619
1206.75 24.737540363093476 22.98314202325821
1207.25 24.73963380968884 22.98392642614406
1207.75 24.741707779766834 22.98472144625668
1208.25 24.743796583138227 22.985507312406092
1208.75 24.74588173205661 22.986297752870936
1209.25 24.747948475614635 22.98708269438597
1209.75 24.750030851219968 22.98786666886984
1210.25 24.752124140721815 22.988652678791208
1210.75 24.75418709724125 22.989429223495584
1211.25 24.756273179344788 22.990212040482014
1211.75 24.75833779142583 22.9909897933956
1212.25 24.760418937039063 22.991774404084488
1212.75 24.76249306970803 22.99253545879795
1213.25 24.764554012698376 22.993309242573137
1213.75 24.766599712238563 22.994083673570394
1214.25 24.768699819562286 22.994847632102125
1214.75 24.770744583575652 22.995617676356034
1215.25 24.772817420301866 22.996386770311183
1215.75 24.77489579969919 22.99713954618747
1216.25 24.7769289911393 22.997915968121085
1216.75 24.778980404344818 22.998664854110963
1217.25 24.781034395741074 22.999428115831858
1217.75 24.783087046029202 23.000174925002284
1218.25 24.785171311678333 23.000926459665884
1218.75 24.78718687735548 23.001678065609994
1219.25 24.78924671122201 23.002421798384844
1219.75 24.791268171615897 23.003181074452904
1220.25 24.793299995155724 23.003917333143317
1220.75 24.795359733469958 23.00466145172916
1221.25 24.79739215638827 23.005411034709823
1221.75 24.79940977739863 23.00614259989881
1222.25 24.801472474127543 23.006888103389688
1222.75 24.80348852383651 23.00761202464453
1223.25 24.805529073709746 23.008346778230433
1223.75 24.807523767911697 23.009074981174372
1224.25 24.80955900639519 23.00980246414687
1224.75 24.811579437348637 23.010534142389446
1225.25 24.813590706091823 23.011254067033132
1225.75 24.815613572498414 23.01198002890528
1226.25 24.81762665355309 23.01270575076606
1226.75 24.819610228029187 23.013420298023174
1227.25 24.821629976587822 23.01413622861624
