FastTrWP/PhaseSpace/IAs/snIa_0.37_30.00_-1.06_0.06.csv
# %ECSV 0.9
# ---
# datatype:
# - {name: time-rel, datatype: float64}
# - {name: g, datatype: float64}
# - {name: i, datatype: float64}
# schema: astropy-2.0
time-rel g i
[from data line 1072]
140.9999999999999 23.282658398030833 22.414103944492012
141.5 23.28388499937194 22.414212728726355
142.0 23.285103412033628 22.414321200227057
142.4999999999999 23.286347902978633 22.414444374983518
143.0 23.28757617096275 22.414563724348998
143.5 23.288813500925585 22.414692658598465
143.9999999999999 23.290050683676377 22.414821201062768
144.5 23.291303269590188 22.41495364451259
145.0 23.292544265450562 22.41508187296716
145.4999999999999 23.29380382525295 22.415221353664304
146.0 23.29505422086455 22.41536593286174
146.5 23.29631384253576 22.415513732958964
146.9999999999999 23.297585173418753 22.415664463733126
147.5 23.29884824861931 22.415821152050682
148.0 23.300109010120803 22.415967206911898
148.4999999999999 23.301392670904647 22.416126885992757
149.0 23.30266355577855 22.416292650773148
149.5 23.303954208851508 22.416458162233155
149.9999999999999 23.305234930453675 22.416626939746706
150.5 23.306521392476792 22.416792619794958
151.0 23.307814381526477 22.41697467643144
151.4999999999999 23.309117044814606 22.41715366935886
152.0 23.31041447345633 22.417335735679252
152.5 23.311708386029512 22.417519554192175
152.9999999999999 23.313022512969212 22.417704202994805
153.5 23.314323755822276 22.417901235055968
154.0 23.31563717483856 22.418087051893387
154.4999999999999 23.316964159729537 22.418291665258682
155.0 23.318278727300743 22.41849680416422
155.5 23.319599993758267 22.41869235715872
155.9999999999999 23.32092191018356 22.418902640688977
156.5 23.322258939437276 22.419109729014064
157.0 23.323590571025193 22.4193144486346
157.4999999999999 23.32493906804868 22.419537587637958
158.0 23.326250814644844 22.41975849907935
158.5 23.32759770677132 22.419976486434265
158.9999999999999 23.328953614698158 22.42021256242373
159.5 23.330298761802013 22.42043569708774
160.0 23.331651762534516 22.420663409187114
160.4999999999999 23.332999724428593 22.42090375678529
161.0 23.334365402996553 22.42113729837138
161.5 23.335729788537364 22.421377601789075
161.9999999999999 23.33708726019211 22.421621452790745
162.5 23.338458848413342 22.421866140657663
163.0 23.339824952932318 22.42211508629278
163.4999999999999 23.3411989739429 22.422367192472798
164.0 23.34257179764677 22.42261879111524
164.5 23.343966698789302 22.42287309832915
164.9999999999999 23.34535018804062 22.423138954433814
165.5 23.34672969005457 22.423402826613344
166.0 23.348115075003047 22.42367674942085
166.4999999999999 23.34951542702028 22.423938370608987
167.0 23.350912032357204 22.424212516729604
167.5 23.35232777432919 22.424495133177544
167.9999999999999 23.353738201207435 22.424769785396187
168.5 23.35515278360416 22.42506097040672
169.0 23.356578289252393 22.425350627957044
169.4999999999999 23.358003140276374 22.42564187254089
170.0 23.359425935196455 22.42593925011338
170.5 23.360882839619173 22.426240207422765
170.9999999999999 23.362337138330986 22.42654064250228
171.5 23.3637743330278 22.426851524937263
172.0 23.36523640611901 22.42716912960126
172.4999999999999 23.366684612871914 22.42748401292499
173.0 23.36815809030368 22.42779668130709
173.5 23.36962596667512 22.428128232328728
173.9999999999999 23.3711042568509 22.428456643347378
174.5 23.37259095801949 22.428780713560474
175.0 23.374061974275094 22.429118294229816
175.4999999999999 23.3755568596808 22.429447409054365
176.0 23.377048021453138 22.429793689127933
176.5 23.378546664407367 22.43013880333838
176.9999999999999 23.380046319342217 22.43048919852842
177.5 23.381550914798886 22.43083665345607
178.0 23.383068282804018 22.431191515227876
178.4999999999999 23.384571189812362 22.431546771784035
179.0 23.386089692293154 22.431906576234088
179.5 23.387600212476872 22.43226603016894
179.9999999999999 23.38912755362985 22.432635496372455
180.5 23.390652940812583 22.433001011081345
181.0 23.392191524710533 22.433375433174557
181.4999999999999 23.393718343347082 22.433748787115007
182.0 23.39526225951889 22.434127285814608
182.5 23.396785770798587 22.434501298955727
182.9999999999999 23.398323157123787 22.43488563592374
183.5 23.39987670700282 22.435277678715764
184.0 23.401410448100776 22.43566030236302
184.4999999999999 23.402961739035632 22.436052828893864
185.0 23.40451078435529 22.43644671571969
185.5 23.40607211459206 22.43684580796276
185.9999999999999 23.407616872079707 22.437235141543823
186.5 23.409172271680667 22.437642580674307
187.0 23.41073275396427 22.438042050399382
187.4999999999999 23.41229453381301 22.438453790779583
188.0 23.413854268101566 22.438860429799007
188.5 23.415406719374502 22.439270428527823
188.9999999999999 23.416970203526827 22.43968489748944
189.5 23.41854110475647 22.440096686808715
190.0 23.420101391561865 22.440511972837047
190.4999999999999 23.421677322437347 22.440930340771263
191.0 23.423229293083306 22.441352225209418
191.5 23.424803251488573 22.44177537733007
191.9999999999999 23.426369411677594 22.442201931175862
192.5 23.427937154944573 22.442628031034168
193.0 23.42950880344911 22.443057174329667
193.4999999999999 23.43108081898486 22.443485498668757
194.0 23.432653326191417 22.44391892084936
194.5 23.434221053838048 22.444349059601763
194.9999999999999 23.43579063573587 22.444789876431017
195.5 23.437356498871576 22.445231348229065
196.0 23.438910215968065 22.445661589539437
196.4999999999999 23.44048822768906 22.446102635837804
197.0 23.44204916206739 22.44654816037268
197.5 23.44360548617341 22.446991155408874
197.9999999999999 23.445174701821486 22.447441083738454
198.5 23.446741769043644 22.447882119952183
199.0 23.448306253666694 22.44833162561866
199.4999999999999 23.449866831707894 22.448788060406674
200.0 23.45142637797636 22.449238479355216
200.5 23.452990762244966 22.449692063851874
200.9999999999999 23.45456647076762 22.450147380301573
201.5 23.456134007282493 22.450608259059134
202.0 23.457701368490092 22.45107478378506
202.4999999999999 23.459276052642455 22.45154225453919
203.0 23.460855962912184 22.45201121382975
203.5 23.46243812555336 22.45247884896182
203.9999999999999 23.46401493822753 22.452959780569145
204.5 23.465590096294328 22.45343348768798
205.0 23.467169157662124 22.453911231564604
205.4999999999999 23.46875953209905 22.454402051283317
206.0 23.470347220171472 22.45488410743574
206.5 23.4719394109554 22.45536989364973
206.9999999999999 23.47351791899266 22.45585652395375
207.5 23.47511673865478 22.456351313853556
208.0 23.476693664573922 22.45684444179185
208.4999999999999 23.478299814990898 22.457337020443383
209.0 23.479899074865923 22.45784161217823
209.5 23.4814879910118 22.45834679778467
209.9999999999999 23.48309341189673 22.458847642970664
210.5 23.484692132100843 22.45936611502242
211.0 23.486290099617616 22.4598669861496
211.4999999999999 23.48789872041904 22.460384422213725
212.0 23.48949247744638 22.460896217229973
212.5 23.49110110141634 22.461404815744196
212.9999999999999 23.49271225915708 22.461923422441235
213.5 23.494315068799906 22.462449456317874
214.0 23.495932946904343 22.462977914591164
214.4999999999999 23.49754252167088 22.463499866372054
215.0 23.499162524829597 22.46402984698817
215.5 23.5007624586637 22.464557906405144
215.9999999999999 23.502377499066505 22.465087643180528
216.5 23.503999863979914 22.46562512934714
217.0 23.505610448523736 22.466160926361923
217.4999999999999 23.50722723428654 22.46669868610013
218.0 23.508841482539577 22.467240262413203
218.5 23.510464624159532 22.4677837865596
218.9999999999999 23.512081439127087 22.468328301407176
219.5 23.513696598355335 22.46887759789108
220.0 23.51532873557174 22.46942172545806
220.4999999999999 23.51695161625969 22.469972196603397
221.0 23.518577879110186 22.47053346597554
221.5 23.52019975792984 22.471085595199103
221.9999999999999 23.521813598546196 22.471644819162854
222.5 23.523455139305504 22.47221322461883
223.0 23.525082001257033 22.472763346539363
223.4999999999999 23.526699767269665 22.473329271953
224.0 23.52833348020649 22.473899006056786
224.5 23.529963955971 22.474464956394733
224.9999999999999 23.53158492316112 22.47503469586285
225.5 23.53321516657725 22.475608772552597
226.0 23.534855804012334 22.476177230823744
226.4999999999999 23.53646861270127 22.476752669265665
227.0 23.538109697618175 22.477319562455094
227.5 23.539736752150198 22.47790445183032
227.9999999999999 23.541381656798023 22.478492912980037
228.5 23.54300334639635 22.479074716272088
229.0 23.54462580170351 22.479653678793095
229.4999999999999 23.546279490517996 22.480245127868486
230.0 23.547892183070577 22.48082629958724
230.5 23.549529259403364 22.481413408448457
230.9999999999999 23.55116764328607 22.48200074748427
231.5 23.552802813159154 22.48260213893844
232.0 23.554437247078074 22.483192034521128
232.4999999999999 23.55605919158411 22.483789643686475
233.0 23.55769654073142 22.48439135220717
233.5 23.55933551079631 22.48498927663946
233.9999999999999 23.560963579237214 22.485589169378958
234.5 23.562600738245827 22.486197308154715
235.0 23.5642414782912 22.4868042857346
235.4999999999999 23.565871501216137 22.4874140971658
236.0 23.567511983582527 22.488030675295533
236.5 23.569150666450504 22.488645397518653
236.9999999999999 23.570788384317613 22.48925467402071
237.5 23.572434964920163 22.489878767159347
238.0 23.574070500990352 22.490499498923313
238.4999999999999 23.575710522997273 22.49111775948153
239.0 23.577359665382787 22.491748932514998
239.5 23.578991664900045 22.49237434030381
239.9999999999999 23.580653163620187 22.4930046155287
240.5 23.58228863785142 22.493642252258155
241.0 23.583925436234146 22.494277738814986
241.4999999999999 23.585567562085483 22.494910442849694
242.0 23.587227165780625 22.495541850011488
242.5 23.58885878718906 22.496185177278953
242.9999999999999 23.590512144511102 22.496830276554928
243.5 23.5921612309796 22.497477134947882
244.0 23.593811531591587 22.4981231815095
244.4999999999999 23.595450176806626 22.498775261483598
245.0 23.59711157561877 22.499422598807012
245.5 23.598754891193185 22.50008746040276
245.9999999999999 23.600412726724507 22.500735228318234
246.5 23.60206741801646 22.501396838547127
247.0 23.603716024635766 22.502061102853894
247.4999999999999 23.60536668664642 22.50271689542981
248.0 23.60703182515087 22.50337852574406
248.5 23.608687004632976 22.50405269410306
248.9999999999999 23.610331969110522 22.504719795796674
249.5 23.611991504056917 22.505389570474755
250.0 23.61365614182667 22.506058035200912
250.4999999999999 23.615309425738367 22.506734308398435
251.0 23.61696665308206 22.507419107184916
251.5 23.61863969271832 22.508099277576584
251.9999999999999 23.620297206423903 22.508775697214393
252.5 23.621956279605744 22.509456984214566
253.0 23.623615909310132 22.510149002700885
253.4999999999999 23.625288977315982 22.510840203102525
254.0 23.626961840887123 22.51152259208174
254.5 23.62861420997706 22.512217725762543
254.9999999999999 23.630295530971722 22.512914901023066
255.5 23.631953000112716 22.513609435283403
256.0 23.633625525832738 22.514302958500778
256.4999999999999 23.635295906434408 22.515001897175235
257.0 23.636963076338496 22.515698512890534
257.5 23.638652568388956 22.516412818747167
257.9999999999999 23.64031708529606 22.517122612441828
258.5 23.641984103037473 22.517827564812634
259.0 23.643660433155212 22.518534602295247
259.4999999999999 23.645346110546814 22.51924649506123
260.0 23.647015540296273 22.519968159581026
260.5 23.64869066480999 22.52068477880354
260.9999999999999 23.650383644415545 22.521400195753074
261.5 23.65204895429939 22.522115230866184
262.0 23.65373234939014 22.522841701176812
262.4999999999999 23.65541057149364 22.52356882805897
263.0 23.657098360584303 22.524288656745888
263.5 23.658789305067728 22.525021469509532
263.9999999999999 23.66048426093053 22.525756443515217
264.5 23.662167849147664 22.526490422789173
265.0 23.663858994886795 22.527230363309204
265.4999999999999 23.665541254987165 22.527957605871926
266.0 23.667232099211976 22.52869884535022
266.5 23.668922269481882 22.529436561355638
266.9999999999999 23.670618485516446 22.530178996171575
267.5 23.67230619485924 22.530923558353525
268.0 23.67399129474294 22.53167499779409
268.4999999999999 23.675691783310313 22.53242481681025
269.0 23.67738901755771 22.533174607795765
269.5 23.679086994956094 22.533936645758047
269.9999999999999 23.680773034055996 22.5346837484779
270.5 23.682477578110017 22.53544844154719
271.0 23.684166481082855 22.536214643219807
271.4999999999999 23.685868017548533 22.53697795512389
272.0 23.687579026414273 22.537741986077243
272.5 23.689284424884953 22.538513511342405
272.9999999999999 23.690975045481956 22.53928070833915
273.5 23.692669563763364 22.540056565868593
274.0 23.69437224440358 22.54083137245273
274.4999999999999 23.696086856888815 22.54160953076289
275.0 23.697786769049355 22.542388200136454
275.5 23.69948173514027 22.54316823661947
275.9999999999999 23.701195117395155 22.543953920903597
276.5 23.702903492607117 22.544740867538067
277.0 23.704625923516204 22.545532402518038
277.4999999999999 23.70632190396266 22.546322016027492
278.0 23.70803190797578 22.547123079091644
278.5 23.709735905365473 22.54790974292705
278.9999999999999 23.71144783524992 22.548703561865857
279.5 23.713166978500215 22.54951168988245
280.0 23.714891364587768 22.550304377694506
280.4999999999999 23.71659600329581 22.551109262301058
281.0 23.71832054250895 22.551921647550298
281.5 23.720025479447365 22.552737578257304
281.9999999999999 23.7217676803181 22.553548073476165
282.5 23.723474434185743 22.554363870444448
283.0 23.725195441941263 22.555172050822556
283.4999999999999 23.726918162202733 22.55598952924874
284.0 23.728643432738934 22.556815606360612
284.5 23.730380399090237 22.5576334343975
284.9999999999999 23.732096907450526 22.558463432773923
285.5 23.733814272876206 22.559293874261485
286.0 23.735534088676552 22.560113629766985
286.4999999999999 23.737281203026882 22.56095277891195
287.0 23.739012412528503 22.561779776675017
287.5 23.740744298368025 22.562624262172143
287.9999999999999 23.74247100841793 22.563460341535727
288.5 23.744211835439998 22.56429971123928
289.0 23.74593836031949 22.565139127724226
289.4999999999999 23.747685041281894 22.56598905920437
290.0 23.749407277084494 22.56683002708426
290.5 23.75115848739981 22.567682086717745
290.9999999999999 23.752895552911454 22.568537623065616
291.5 23.754636535763858 22.56938767721895
292.0 23.756389599519558 22.570238923533562
292.4999999999999 23.758114745981413 22.57110330810346
293.0 23.759869633310124 22.57196123480204
293.5 23.761601951995704 22.57281939292413
293.9999999999999 23.763364109296063 22.573688697962012
294.5 23.765107704271806 22.574555590499386
295.0 23.7668710462261 22.57542442317368
295.4999999999999 23.768629199788048 22.57629814884985
296.0 23.7703810501726 22.577171967274474
296.5 23.772120627878515 22.57804767420151
296.9999999999999 23.773885861089003 22.57892365876604
297.5 23.775649031383388 22.579797656140332
298.0 23.777407737872576 22.580686933475707
298.4999999999999 23.77917270315098 22.581569751887383
299.0 23.780937569211822 22.58245361532194
299.5 23.782701365504487 22.58335136316682
299.9999999999999 23.78445513845172 22.584254104511544
300.5 23.786228164906944 22.585162833464846
301.0 23.787997390750142 22.586063403612002
301.4999999999999 23.789762123278635 22.586976198454018
302.0 23.791535426480834 22.58788472813538
302.5 23.793290668118026 22.58880372231897
302.9999999999999 23.795072859381253 22.58972093880217
303.5 23.796848645202985 22.59064261735068
304.0 23.798643349786957 22.591569788305947
304.4999999999999 23.800413468590143 22.592504672955474
305.0 23.802192498574325 22.593434639328006
305.5 23.803961006565878 22.59436893852215
305.9999999999999 23.80574232128478 22.595301575096837
306.5 23.807533181973813 22.596256176853583
307.0 23.809309007046274 22.59719819423694
307.4999999999999 23.811091226911238 22.598141699112496
308.0 23.812888040410876 22.59909504285433
308.5 23.81467548164974 22.60004595301996
308.9999999999999 23.816460208882976 22.60100149819734
