FastTrWP/PhaseSpace/IAs/snIa_0.52_30.00_-0.18_-0.05.csv
# %ECSV 0.9
# ---
# datatype:
# - {name: time-rel, datatype: float64}
# - {name: g, datatype: float64}
# - {name: i, datatype: float64}
# schema: astropy-2.0
time-rel g i
[from data line 337]
326.9375 24.297901787379708 23.406548827452678
327.4375 24.293190534830483 23.40344082346755
327.9375 24.2884899655299 23.40034670198893
328.4375 24.283799367427164 23.397245482946364
328.9375 24.279126383294887 23.394152291650556
329.4375 24.274453437378114 23.391058655197845
329.9375 24.2697937332262 23.387971080681954
330.4375 24.265143002886262 23.38490812987562
330.9375 24.260496712212362 23.38181169347964
331.4375 24.255845580375123 23.378759271083737
331.9375 24.251212373528187 23.375682192068762
332.4375 24.24661343132419 23.372634450146123
332.9375 24.241992940502474 23.36958500787956
333.4375 24.23739681511675 23.36653918582926
333.9375 24.232786337211564 23.363494140704233
334.4375 24.228218807548107 23.360454751575478
334.9375 24.22362780324036 23.357421863238446
335.4375 24.219060772927293 23.354395021320833
335.9375 24.214517256255775 23.351375883289805
336.4375 24.209965502157786 23.348365752493315
336.9375 24.205425176061482 23.34535247343673
337.4375 24.20088603298597 23.34234945555787
337.9375 24.196362867982447 23.339346073886034
338.4375 24.191842825670157 23.336345700118724
338.9375 24.187332607142316 23.333361090669346
339.4375 24.182828559959567 23.3303723023415
339.9375 24.17834571682082 23.327387402462666
340.4375 24.17384864069939 23.32441780697462
340.9375 24.169381647761405 23.321448935112947
341.4375 24.1648869526093 23.31847934383655
341.9375 24.160451125152278 23.31551488962406
342.4375 24.155985844057636 23.312552803899372
342.9375 24.151537996248432 23.309609565866516
343.4375 24.14711848368247 23.30665939687945
343.9375 24.142672237094047 23.303707342315782
344.4375 24.138262098134987 23.30077572604392
344.9375 24.13384673932368 23.297836764815028
345.4375 24.129444859116692 23.2949082073619
345.9375 24.125048308923866 23.29198898996431
346.4375 24.12065459068664 23.289067250306612
346.9375 24.11626421630651 23.286156879654794
347.4375 24.111885225637913 23.283242076796355
347.9375 24.10754015683434 23.28034047645733
348.4375 24.10316002573575 23.27743839013481
348.9375 24.098820039451105 23.274529763915627
349.4375 24.094462705357905 23.271641691400042
349.9375 24.090136271572476 23.26875536352314
350.4375 24.085799859464597 23.26585197162462
350.9375 24.08148419223449 23.262984802573115
351.4375 24.077149155523323 23.260099339234923
351.9375 24.072848807871686 23.257223243571637
352.4375 24.068551104590497 23.254358794587215
352.9375 24.064252869753545 23.2514902320765
353.4375 24.05996887435595 23.24863473763564
353.9375 24.05568388840965 23.24577430944856
354.4375 24.051399471233694 23.242921190069946
354.9375 24.04713889749456 23.24007697994805
355.4375 24.0428734988868 23.237226437885518
355.9375 24.038631846107464 23.234379845400102
356.4375 24.034386344948917 23.23155067055613
356.9375 24.03012605961791 23.228709574533863
357.4375 24.025906116655754 23.225884474026508
357.9375 24.02167891692251 23.22304933004286
358.4375 24.017458914769634 23.2202382813148
358.9375 24.01324672360562 23.217406788812696
359.4375 24.009037069993383 23.2145982709555
359.9375 24.00484488942025 23.21178707154839
360.4375 24.00064220262266 23.208981485945962
360.93749999999994 23.99645615944694 23.206174420896325
361.4375 23.99227724091119 23.203368707999793
361.9375 23.9881092020279 23.2005725583881
362.43749999999994 23.98394252117643 23.19778351663706
362.9375 23.97977527769156 23.194992069576756
363.4375 23.975629306299588 23.192203109516953
363.93749999999994 23.971491684113417 23.189428470034468
364.4375 23.967345152476263 23.18663584976938
364.9375 23.963200828188818 23.18386701792278
365.43749999999994 23.959069160019183 23.181095169375375
365.9375 23.954944738467002 23.178325068131095
366.4375 23.950856156093487 23.175565788150365
366.93749999999994 23.94672105632997 23.172793547955926
367.4375 23.942610705100776 23.170026643410285
367.9375 23.938488005333642 23.167253097873996
368.43749999999994 23.934352223338866 23.16449929628697
368.9375 23.93021374317849 23.161725512546695
369.4375 23.92607537897288 23.158963856439264
369.93749999999994 23.921920686653838 23.15619576704123
370.4375 23.917780940831474 23.15342283159971
370.9375 23.913613263120386 23.15064854013459
371.43749999999994 23.909469786938466 23.147893678620957
371.9375 23.90531388760312 23.145115336796994
372.4375 23.90116181072259 23.142363724842827
372.93749999999994 23.89700874491907 23.139594106252876
373.4375 23.892848302404573 23.13683073599323
373.9375 23.88870297742985 23.1340709475473
374.43749999999994 23.884537509907755 23.13130806014119
374.9375 23.880379552904323 23.128545729389284
375.4375 23.876239963935795 23.12579649952269
375.93749999999994 23.87211857059413 23.12304560963291
376.4375 23.86796378847241 23.120290275249364
376.9375 23.863827455535905 23.11754973268269
377.43749999999994 23.859708646694134 23.11479559596863
377.9375 23.855583678649815 23.112061337458833
378.4375 23.85146024820182 23.109326628858142
378.93749999999994 23.84734690184557 23.10658304990057
379.4375 23.8432535778619 23.10386878283572
379.9375 23.839164154158663 23.101130380563156
380.43749999999994 23.835075044919538 23.098415754045703
380.9375 23.830995442256363 23.095689614072512
381.4375 23.826930893047134 23.092978849711386
381.93749999999994 23.82287899902561 23.090272397980524
382.4375 23.818834779665142 23.087566541481543
382.9375 23.814794875732197 23.084877903931815
383.43749999999994 23.810787420812794 23.08217817384162
383.9375 23.806756959133622 23.079482096829807
384.4375 23.802771900053756 23.076812252603006
384.93749999999994 23.798781422280825 23.074129650815923
385.4375 23.794808602164114 23.071462121120312
385.9375 23.79084747334076 23.06879327669815
386.43749999999994 23.78689782496319 23.0661390999342
386.9375 23.782968697852375 23.06348478205056
387.4375 23.779054497192792 23.060837709050602
387.93749999999994 23.775158031442814 23.058202694034588
388.4375 23.77127306587903 23.055567640720728
388.9375 23.76739553609604 23.052943506876588
389.43749999999994 23.763544581445323 23.050325808207894
389.9375 23.759711873412463 23.047715233564446
390.4375 23.755888717225467 23.045111149818005
390.93749999999994 23.752086177561914 23.04251835017249
391.4375 23.74831762193385 23.03993283253142
391.9375 23.744542947614203 23.037351438563558
392.43749999999994 23.740807933385494 23.034778735898183
392.9375 23.73707553318671 23.032216719823616
393.4375 23.733362792569373 23.029669082185116
393.93749999999994 23.729683566572305 23.02712257347101
394.4375 23.726007949715505 23.024580627005054
394.9375 23.72236864304764 23.02204714291711
395.43749999999994 23.71874695959268 23.019528254565063
395.9375 23.7151232389151 23.017016470026185
396.4375 23.711564083649456 23.014522980854775
396.93749999999994 23.707978381994707 23.01203719330717
397.4375 23.70444617711284 23.00954217691796
397.9375 23.700924941349058 23.00706926653563
398.43749999999994 23.697432281786295 23.00460306792704
398.9375 23.693961420918125 23.00216054899051
399.4375 23.690509825053546 22.999713716013602
399.93749999999994 23.68708118838608 22.9972835619891
400.4375 23.683679879361424 22.99485756954641
400.9375 23.68031180695601 22.99244969565459
401.43749999999994 23.676947581354888 22.99004607021551
401.9375 23.673619842204765 22.987645974953725
402.4375 23.6703077226885 22.985272154296382
402.93749999999994 23.66703296261249 22.982900052736195
403.4375 23.663778423411912 22.98054256880659
403.9375 23.66054365175412 22.97818835310592
404.43749999999994 23.657291422263373 22.975831462385138
404.9375 23.65406938506107 22.97349431623697
405.4375 23.650836684933857 22.971147323105868
405.93749999999994 23.647633535397652 22.968808198747375
406.4375 23.644429001370494 22.966484224023944
406.9375 23.64123056470771 22.964153881753614
407.43749999999994 23.638048297580575 22.961832631565024
407.9375 23.634871374293816 22.95952002620902
408.4375 23.631710343898185 22.957202037475767
408.93749999999994 23.6285634351037 22.95489963309944
409.4375 23.625413489370196 22.9525866409082
409.9375 23.62228756923251 22.95030263884321
410.43749999999994 23.619166806879086 22.948014683596874
410.9375 23.616057461732915 22.945731440591793
411.4375 23.612954098102993 22.943447357950074
411.93749999999994 23.609860625774797 22.941175264453243
412.4375 23.606789160552424 22.938919806885046
412.9375 23.603720859479584 22.936648067987875
413.43749999999994 23.60067359994345 22.93439425467873
413.9375 23.59761955363251 22.9321380396824
414.4375 23.594587277902352 22.92989675423595
414.93749999999994 23.591568492881414 22.927658909845906
415.4375 23.58856777539002 22.925426824786403
415.9375 23.585567851983605 22.92318826304246
416.43749999999994 23.582593107630597 22.920967088333427
416.9375 23.57962757802423 22.9187612895511
417.4375 23.57667353858465 22.91654854124724
417.93749999999994 23.57372259240541 22.91434385081071
418.4375 23.57078929241176 22.912155567663778
418.9375 23.567885954337648 22.909964832790834
419.43749999999994 23.56497212326208 22.907777271011707
419.9375 23.562092413343066 22.90560248530472
420.4375 23.55921701470251 22.90342884937189
420.93749999999994 23.55635429067255 22.901265346274986
421.4375 23.553501894358405 22.89911315237439
421.9375 23.55067547506373 22.896963261039822
422.43749999999994 23.547849380076755 22.89480941076578
422.9375 23.545051774708448 22.892680016424332
423.4375 23.5422514422862 22.89055491642849
423.93749999999994 23.539480247815504 22.88843244122349
424.4375 23.53671656522213 22.886316402007452
424.9375 23.53397496692111 22.884209877497128
425.43749999999994 23.531236885324688 22.88211075209816
425.9375 23.528532133935055 22.880015566915674
426.4375 23.52582499435002 22.877929546401766
426.93749999999994 23.52313852740668 22.87584590223986
427.4375 23.52046797299159 22.873784584447847
427.9375 23.517822454301154 22.871710845389366
428.43749999999994 23.515171957909008 22.869657336817106
428.9375 23.51255636638384 22.867603619722125
429.4375 23.509952786980406 22.865565690907918
429.93749999999994 23.507361168609325 22.863535315453465
430.4375 23.504782666547538 22.861500021249817
430.9375 23.50223789031706 22.859486571454216
431.43749999999994 23.49969278392233 22.85747082947353
431.9375 23.49716511714128 22.855465062996124
432.4375 23.494658594664312 22.853477175690024
432.93749999999994 23.492168016603067 22.85148168707012
433.4375 23.489699609907927 22.84950254226073
433.9375 23.48723230728487 22.847543032617473
434.43749999999994 23.48479928171453 22.845571080647606
434.9375 23.48236364640403 22.843606787170835
435.4375 23.479970502510223 22.84166917189904
435.93749999999994 23.477576530806694 22.839730389482025
436.4375 23.475203987574254 22.837799650265175
436.9375 23.47284944861193 22.83587679420815
437.43749999999994 23.470522288668626 22.833957171052155
437.9375 23.468199998696832 22.832057113990217
438.4375 23.465895811315946 22.830158517704213
438.93749999999994 23.463608377392173 22.82826301497167
439.4375 23.46135025454536 22.82638889736551
439.9375 23.45911477041495 22.82451049635388
440.43749999999994 23.456887420468625 22.82264563035762
440.9375 23.454664982989808 22.820788062295627
441.4375 23.45245701638474 22.818932871436182
441.93749999999994 23.450270250549252 22.817085562511462
442.4375 23.4480782426508 22.815248346920534
442.9375 23.44590875673843 22.813417333785246
443.43749999999994 23.443750462330716 22.811588552517833
443.9375 23.441611828213468 22.80976106125053
444.4375 23.439468400372036 22.807945953572055
444.93749999999994 23.43735292572758 22.806138591128857
445.4375 23.435248056890426 22.804339876263434
445.9375 23.433143139958347 22.802528470582576
446.43749999999994 23.431063959213102 22.800748483836855
446.9375 23.42899956125001 22.798956255725674
447.4375 23.4269389852277 22.797180802768043
447.93749999999994 23.424877826188165 22.7954047270075
448.4375 23.42284983689796 22.793636556578015
448.9375 23.420815470350117 22.791880084766895
449.43749999999994 23.41881468139885 22.79012165059978
449.9375 23.416801944369304 22.788371422817768
450.4375 23.41480973400418 22.78663118759723
450.93749999999994 23.41284891021095 22.7848966153734
451.4375 23.41086430675963 22.783156759346575
451.9375 23.408927634834058 22.781434915724446
452.43749999999994 23.406983822480694 22.77970918835289
452.9375 23.40504350522248 22.778005715165406
453.4375 23.403141390115128 22.77629615988416
453.93749999999994 23.40123090350759 22.774591907684485
454.4375 23.399321690165372 22.772895608658423
454.9375 23.397460697082984 22.771201228724184
455.43749999999994 23.395579771926624 22.76952444557361
455.9375 23.393719943298407 22.767841108275665
456.4375 23.391873711131726 22.76617185898388
456.93749999999994 23.390036051756226 22.764507317881673
457.4375 23.3882134465763 22.762832405248435
457.9375 23.386394508114698 22.76118732119162
458.43749999999994 23.38459898859961 22.75953830625864
458.9375 23.38280155179376 22.757889355583277
459.4375 23.38102991455238 22.75624920022569
459.93749999999994 23.37925394608427 22.75461877759661
460.4375 23.377499941106574 22.752996893575926
460.9375 23.375751449566614 22.751377425272715
461.43749999999994 23.37401988919118 22.749756734993994
461.9375 23.372304108740906 22.74815690847699
462.4375 23.370594851962792 22.746552089383346
462.93749999999994 23.368900269315056 22.744955479549148
463.4375 23.367203736820915 22.743364369196335
463.9375 23.365519222618424 22.741771667925264
464.43749999999994 23.363859984566673 22.740200069292754
464.9375 23.362215817849176 22.73862572746949
465.4375 23.360573442042856 22.737049453407213
465.93749999999994 23.35893782145861 22.735490867934395
466.4375 23.35732819344104 22.733933029343852
466.9375 23.355720997746182 22.73238056870998
467.43749999999994 23.354114197868082 22.73083319166099
467.9375 23.35252920792729 22.729293850490883
468.4375 23.350950483186512 22.727753913675013
468.93749999999994 23.349390742728396 22.726217056178154
469.4375 23.347844939682595 22.724698090660162
469.9375 23.346309228164493 22.723175109761875
470.43749999999994 23.344774397695318 22.721662555683622
470.9375 23.343251516686372 22.72015329229849
471.4375 23.341744822089062 22.71865761772807
471.93749999999994 23.34025553848378 22.717167683661124
472.4375 23.338768225856192 22.715671010383215
472.9375 23.337293926346522 22.714185211392216
473.43749999999994 23.335827987495 22.7127047782206
473.9375 23.33437597206403 22.71122698482275
474.4375 23.33292530004052 22.70976171048156
474.93749999999994 23.33149632655704 22.708294908975574
475.4375 23.330075559645703 22.706841527035383
475.9375 23.3286796501905 22.70538741201589
476.43749999999994 23.32728967405864 22.703943256670414
476.9375 23.325894730895655 22.702497247434277
477.4375 23.324517791744867 22.701061450879862
477.93749999999994 23.323152949735324 22.699623547579222
478.4375 23.321795704449308 22.698203168713583
478.9375 23.32044378393487 22.696778036904824
479.43749999999994 23.31911022873447 22.695366172420307
479.9375 23.317772099620193 22.69394505247366
480.4375 23.316454787102035 22.692542520458762
480.93749999999994 23.315140712936525 22.691142997211138
481.4375 23.313832357978118 22.68973803494771
481.9375 23.31253628019933 22.68833546119542
482.43749999999994 23.311261854849697 22.68694892001055
482.9375 23.309986670984102 22.68556763582239
483.4375 23.30871513777432 22.684187615199363
483.93749999999994 23.307466701467806 22.68281784214085
484.4375 23.306215836959385 22.68144330230931
484.9375 23.304983788268395 22.680073734016815
485.43749999999994 23.30375375105113 22.67872003691481
485.9375 23.30252379065707 22.677360292561765
486.4375 23.3013261480367 22.67600472551274
486.93749999999994 23.30012587099219 22.674664478947054
487.4375 23.298933263973627 22.673323802800326
487.9375 23.29775495138413 22.671979620632445
488.4375 23.296585528735104 22.67065001768263
488.9375 23.295424123465068 22.669324945872237
489.4375 23.294275046971393 22.66800834757509
489.9375 23.293123552889554 22.66667933056292
490.4375 23.291991815635345 22.6653699577085
