FastTrWP/PhaseSpace/IAs/snIa_0.64_30.00_-0.79_0.19.csv
# %ECSV 0.9
# ---
# datatype:
# - {name: time-rel, datatype: float64}
# - {name: g, datatype: float64}
# - {name: i, datatype: float64}
# schema: astropy-2.0
time-rel g i
[from data line 1734]
1069.2916666666667 26.198758856029272 22.617011412451493
1069.7916666666667 26.20049398492293 22.618042096162952
1070.2916666666667 26.202274146163948 22.6190806240233
1070.7916666666667 26.204025717003226 22.620117680254474
1071.2916666666667 26.20576877965278 22.62115401262757
1071.7916666666667 26.2076106047763 22.622187457973023
1072.2916666666667 26.209370299332765 22.62323658802685
1072.7916666666667 26.211128696459024 22.624279736489296
1073.2916666666667 26.212904295175207 22.625317021244392
1073.7916666666667 26.2147002193316 22.62636482154455
1074.2916666666667 26.216509140940254 22.62740129953567
1074.7916666666667 26.218263283939265 22.628447350581165
1075.2916666666667 26.22005054337571 22.629490218264813
1075.7916666666667 26.221815660889863 22.630534367937194
1076.2916666666667 26.22367449270544 22.631580545817613
1076.7916666666667 26.225431905695572 22.632625146603694
1077.2916666666667 26.227285762257893 22.6336736321825
1077.7916666666667 26.22906986397934 22.634716117667427
1078.2916666666667 26.230891079136917 22.63576871739444
1078.7916666666667 26.23271285285327 22.636813481197223
1079.2916666666667 26.234547067278136 22.637862878896286
1079.7916666666667 26.23631658246083 22.63891566642949
1080.2916666666667 26.23818877057448 22.63996925652883
1080.7916666666667 26.239985776393752 22.64102569959668
1081.2916666666667 26.241845105182268 22.642073941747853
1081.7916666666667 26.2436791878716 22.643139332065942
1082.2916666666667 26.245536039173448 22.644193105798124
1082.7916666666667 26.247347067600902 22.645234658686245
1083.2916666666667 26.249218073244293 22.646295412470185
1083.7916666666667 26.251061367659148 22.647350012191083
1084.2916666666667 26.25296576473568 22.648406428385528
1084.7916666666667 26.254809019684735 22.649473290339273
1085.2916666666667 26.256672851848823 22.650524591711346
1085.7916666666667 26.258553423688305 22.65158383065276
1086.2916666666667 26.26040239931323 22.652648917480967
1086.7916666666667 26.262327923184465 22.65370439750359
1087.2916666666667 26.264195133691217 22.65477136305107
1087.7916666666667 26.26607891630845 22.655839827233372
1088.2916666666667 26.26799722179637 22.656903163385586
1088.7916666666667 26.269843240427786 22.657969654867316
1089.2916666666667 26.27172457281582 22.659030094349347
1089.7916666666667 26.273648786500882 22.66010195940609
1090.2916666666667 26.27553280421926 22.661168410936625
1090.7916666666667 26.277467854907485 22.662235450133412
1091.2916666666667 26.279404814849702 22.663299024181857
1091.7916666666667 26.281309657490574 22.66437581310609
1092.2916666666667 26.283227050660926 22.665440704318026
1092.7916666666667 26.285163818950757 22.66651068209962
1093.2916666666667 26.287094126349228 22.667582486103296
1093.7916666666667 26.28900715507164 22.668656233754568
1094.2916666666667 26.290951203804397 22.669726199303774
1094.7916666666667 26.292910360434455 22.670801505418364
1095.2916666666667 26.29483231050358 22.671879402730454
1095.7916666666667 26.296779670289826 22.672948103901046
1096.2916666666667 26.29877534192215 22.674030039853996
1096.7916666666667 26.300690388023078 22.675094564505702
1097.2916666666667 26.30267725842799 22.676173471039263
1097.7916666666667 26.3046480159916 22.67725582434548
1098.2916666666667 26.30660498101726 22.678333990029024
1098.7916666666667 26.30857401052211 22.679403944078757
1099.2916666666667 26.310527146879963 22.680494158907297
1099.7916666666667 26.31257314894418 22.681573330580356
1100.2916666666667 26.3145075852378 22.68264777872401
1100.7916666666667 26.316512551689154 22.683733488109247
1101.2916666666667 26.318480356089445 22.684812689355187
1101.7916666666667 26.32048411944345 22.685900578143627
1102.2916666666667 26.32249503741737 22.686990319852566
1102.7916666666667 26.324498005317693 22.688075618112762
1103.2916666666667 26.326524194951737 22.689151737708208
1103.7916666666667 26.32852703962216 22.69023761805222
1104.2916666666667 26.330542140138963 22.69132623078
1104.7916666666667 26.332600474234344 22.692417824157335
1105.2916666666667 26.334639997372552 22.693502950265607
1105.7916666666667 26.336631623715306 22.694596790892923
1106.2916666666667 26.338679984114954 22.695694540927754
1106.7916666666667 26.34072002468423 22.696780970710133
1107.2916666666667 26.342775109894635 22.69787718252605
1107.7916666666667 26.344844565283463 22.698970086527858
1108.2916666666667 26.346903608300366 22.700055558210828
1108.7916666666667 26.34893521656059 22.701155913678498
1109.2916666666667 26.35101619235012 22.70225050565343
1109.7916666666667 26.353093744224225 22.703348412414798
1110.2916666666667 26.355179309185196 22.704440412493312
1110.7916666666667 26.357248837155055 22.705540568439588
1111.2916666666667 26.35932738444531 22.70663547054407
1111.7916666666667 26.36143262178003 22.707742345077474
1112.2916666666667 26.36351823190131 22.708846553209185
1112.7916666666667 26.365577776028154 22.709942645972696
1113.2916666666667 26.3676997733849 22.71105058318299
1113.7916666666667 26.36980194785803 22.712145919535903
1114.2916666666667 26.371960873451407 22.71325106062853
1114.7916666666667 26.374091772589082 22.714366084991205
1115.2916666666667 26.376157519686984 22.715463676033934
1115.7916666666667 26.378337550202478 22.71656888107438
1116.2916666666667 26.380469974808456 22.717672825399827
1116.7916666666667 26.38260971742081 22.71878890559097
1117.2916666666667 26.38472883077354 22.719905762256005
1117.7916666666667 26.386908361517776 22.72100342693884
1118.2916666666667 26.389042789745076 22.722125781904904
1118.7916666666667 26.391174513109036 22.72323331686259
1119.2916666666667 26.393294455045776 22.724347142096534
1119.7916666666667 26.395549034047917 22.725461275950238
1120.2916666666667 26.39770329960363 22.726580215676492
1120.7916666666667 26.39986253690722 22.727697846660494
1121.2916666666667 26.402101667946447 22.728810763606173
1121.7916666666667 26.40426767454626 22.729936901035966
1122.2916666666667 26.406455417513367 22.73105219278401
1122.7916666666667 26.408630418814777 22.73217045902497
1123.2916666666667 26.41089869625622 22.73329924252895
1123.7916666666667 26.4130873196688 22.734422707220936
1124.2916666666667 26.415317609966934 22.73554256790019
1124.7916666666667 26.417567996623838 22.73666920462243
1125.2916666666667 26.419790304059177 22.737796548302235
1125.7916666666667 26.422033614058847 22.73891926074335
1126.2916666666667 26.424257337516963 22.740054287084362
1126.7916666666667 26.426508509931935 22.74117984071331
1127.2916666666667 26.428762692526494 22.742312369454293
1127.7916666666667 26.431001951035228 22.74344436033148
1128.2916666666667 26.433273920076946 22.744571760865995
1128.7916666666667 26.435609474810114 22.74570659539592
1129.2916666666667 26.437783189127178 22.746845493135297
1129.7916666666667 26.440107822380384 22.747975939085894
1130.2916666666667 26.442399979807085 22.74911161519528
1130.7916666666667 26.444696247303575 22.750258858769968
1131.2916666666667 26.44701817966428 22.751403902935404
1131.7916666666667 26.449299245966667 22.75253011309001
1132.2916666666667 26.451624455167053 22.753677369628264
1132.7916666666667 26.45396165060695 22.754812318546264
1133.2916666666667 26.456308416043445 22.755956143633668
1133.7916666666667 26.458634495272058 22.757098536584714
1134.2916666666667 26.460974188550036 22.758249709699783
1134.7916666666667 26.463345701803384 22.759397427111562
1135.2916666666667 26.46569610452607 22.760540276313655
1135.7916666666667 26.468064541438267 22.761684940002134
1136.2916666666667 26.470444379338034 22.762835490973643
1136.7916666666667 26.472801630639893 22.763983878801323
1137.2916666666667 26.475174672489416 22.76512655332242
1137.7916666666667 26.477510924144937 22.76628371757949
1138.2916666666667 26.48000755118194 22.767431968464656
1138.7916666666667 26.482372500772033 22.768594545476905
1139.2916666666667 26.484782172207776 22.769746864458284
1139.7916666666667 26.487197550875944 22.770898316753833
1140.2916666666667 26.489621023959998 22.77206105995449
1140.7916666666667 26.49209378639123 22.77321625026259
1141.2916666666667 26.49451936385504 22.774377886039893
1141.7916666666667 26.49693731839058 22.775546575152042
1142.2916666666667 26.49937440711085 22.776696731074253
1142.7916666666667 26.501835441956715 22.777858638555703
1143.2916666666667 26.50427835323829 22.779024468793946
1143.7916666666667 26.506804725475565 22.780182731091486
1144.2916666666667 26.509230717503954 22.781350821145626
1144.7916666666667 26.51177438503765 22.782510823752887
1145.2916666666667 26.514216227147106 22.78368535324297
1145.7916666666667 26.516754134143103 22.784851722488483
1146.2916666666667 26.51924176982463 22.786020135692358
1146.7916666666667 26.52171303439758 22.78719174489523
1147.2916666666667 26.52423777521821 22.788361645818544
1147.7916666666667 26.52676135551273 22.789529228111903
1148.2916666666667 26.52928040840947 22.79070752840564
1148.7916666666667 26.531853610164223 22.791885939464578
1149.2916666666667 26.5343717988019 22.793060453526248
1149.7916666666667 26.536898399886077 22.79423831143405
1150.2916666666667 26.539379760411617 22.79540882814567
1150.7916666666667 26.54194747170605 22.796598700798153
1151.2916666666667 26.54460240676565 22.797771651876978
1151.7916666666667 26.54714285715642 22.798961091335826
1152.2916666666667 26.549699758355942 22.800127950300904
1152.7916666666667 26.552303504541385 22.801321957887332
1153.2916666666667 26.554866940296506 22.802498252442213
1153.7916666666667 26.557495765032613 22.803693324100898
1154.2916666666667 26.560110777673835 22.80487659402369
1154.7916666666667 26.562689458583854 22.80607337776283
1155.2916666666667 26.56533994033822 22.807249625939818
1155.7916666666667 26.567959815245153 22.808445527340663
1156.2916666666667 26.570579260016643 22.809639485363814
1156.7916666666667 26.57323505922534 22.810827864007234
1157.2916666666667 26.575843213702477 22.812016660463428
1157.7916666666667 26.578502184178912 22.813215342107775
1158.2916666666667 26.58119203098467 22.814400994871868
1158.7916666666667 26.58380251394462 22.815604667286955
1159.2916666666667 26.586477743093333 22.81680682245604
1159.7916666666667 26.58915766370778 22.81801051177668
1160.2916666666667 26.591839530142586 22.819200777254785
1160.7916666666667 26.59452635976652 22.820410323895274
1161.2916666666667 26.597181845788004 22.821612612120205
1161.7916666666667 26.599887071648787 22.82281260085634
1162.2916666666667 26.602570346937554 22.82401063725608
1162.7916666666667 26.60529092338691 22.82523335379416
1163.2916666666667 26.60797018300486 22.826431941530224
1163.7916666666667 26.610670313608683 22.827635668234457
1164.2916666666667 26.613391463488814 22.828843719693694
1164.7916666666667 26.616162904294896 22.830059029263037
1165.2916666666667 26.61890997794428 22.83127247735657
1165.7916666666667 26.621620393571867 22.83248251705804
1166.2916666666667 26.624365655901954 22.83370248423532
1166.7916666666667 26.627109299632366 22.834919675991582
1167.2916666666667 26.629960975060342 22.83612967438842
1167.7916666666667 26.63264230322064 22.837352208034094
1168.2916666666667 26.635443954988464 22.83856774667577
1168.7916666666667 26.638218183173194 22.839784635195986
1169.2916666666667 26.640963633713056 22.8410110262692
1169.7916666666667 26.643796747985057 22.842241399070396
1170.2916666666667 26.646713083368066 22.843461086722364
1170.7916666666667 26.649526943396022 22.844691553192014
1171.2916666666667 26.65244243375515 22.84591849600819
1171.7916666666667 26.65527743471817 22.84715519082537
1172.2916666666667 26.6582036927521 22.848384999654186
1172.7916666666667 26.661141440993443 22.849624991464673
1173.2916666666667 26.664004105692 22.850858857640507
1173.7916666666667 26.66696672142517 22.852090858036025
1174.2916666666667 26.66992266100971 22.853333700804946
1174.7916666666667 26.67288729500793 22.854569732673077
1175.2916666666667 26.67587737056412 22.855819038843045
1175.7916666666667 26.67889909958152 22.857061925576588
1176.2916666666667 26.681847129665854 22.858302261323363
1176.7916666666667 26.684949048903 22.85955024674169
1177.2916666666667 26.687954197552273 22.8608004072432
1177.7916666666667 26.691011628544224 22.862049855469802
1178.2916666666667 26.69404483310355 22.863303865781685
1178.7916666666667 26.697133281202916 22.86454400462215
1179.2916666666667 26.700205660874747 22.86580846564513
1179.7916666666667 26.70326699664233 22.867058796088703
1180.2916666666667 26.706401472594827 22.86831292704697
1180.7916666666667 26.709482968593083 22.869568364725033
1181.2916666666667 26.71265176024596 22.87082940119717
1181.7916666666667 26.715740509822105 22.872097013214685
1182.2916666666667 26.718875526026462 22.873356672291937
1182.7916666666667 26.72205516286523 22.874623289876688
1183.2916666666667 26.725177264686835 22.875883467595624
1183.7916666666667 26.72831711519779 22.87714413274411
1184.2916666666667 26.731468609788127 22.878399791661067
1184.7916666666667 26.73463480127723 22.879674422897644
1185.2916666666667 26.737871942927573 22.880948392205166
1185.7916666666667 26.741021889526593 22.882224617640603
1186.2916666666667 26.744180083073402 22.883480049371094
1186.7916666666667 26.74741312065128 22.88476468510701
1187.2916666666667 26.750650719394812 22.88603710684928
1187.7916666666667 26.75378400666572 22.887307758495613
1188.2916666666667 26.756965919748623 22.888571570113847
1188.7916666666667 26.760232248401138 22.889855005046435
1189.2916666666667 26.763397385079642 22.891131631831488
1189.7916666666667 26.766589973394343 22.892406599310174
1190.2916666666667 26.76982021145955 22.89368878620216
1190.7916666666667 26.773004300273392 22.894964257046677
1191.2916666666667 26.776239058200737 22.896243198235542
1191.7916666666667 26.779423603462547 22.89752663401877
1192.2916666666667 26.78271563646788 22.898810203568253
1192.7916666666667 26.78589311520247 22.900088522866213
1193.2916666666667 26.789057484450886 22.901376992443186
1193.7916666666667 26.79227651028121 22.902659133267377
1194.2916666666667 26.79550054149187 22.90394296682884
1194.7916666666667 26.798640909057823 22.905218593168936
1195.2916666666667 26.80192702413473 22.906510008496962
1195.7916666666667 26.805077944831478 22.90779965497388
1196.2916666666667 26.808303661418304 22.909087184449696
1196.7916666666667 26.811418248407474 22.910375610512524
1197.2916666666667 26.814709705358048 22.911658009859064
1197.7916666666667 26.81783617655981 22.912949251761468
1198.2916666666667 26.820985875961362 22.914238552815156
1198.7916666666667 26.82418556630875 22.915530885898402
1199.2916666666667 26.827331495250096 22.916820746263127
1199.7916666666667 26.830430086347743 22.918114162673895
1200.2916666666667 26.833564566286213 22.919406435578075
1200.7916666666667 26.836733806584398 22.920689756080055
1201.2916666666667 26.839823414358612 22.92198916359759
1201.7916666666667 26.842933964923215 22.92327600616079
1202.2916666666667 26.845985111107304 22.924573423565032
1202.7916666666667 26.849136529642983 22.925868211030988
1203.2916666666667 26.85218569385723 22.92716255244004
1203.7916666666667 26.855222225399018 22.928452104981353
1204.2916666666667 26.8582807580041 22.929746130692838
1204.7916666666667 26.861308367861557 22.931047258023195
1205.2916666666667 26.864329639086627 22.93232405209066
1205.7916666666667 26.867314394226497 22.93362944766792
1206.2916666666667 26.870273616631025 22.934923729378895
1206.7916666666667 26.873273680827054 22.936217653582098
1207.2916666666667 26.87625487450955 22.937508270231692
1207.7916666666667 26.879127959221456 22.938808803845895
1208.2916666666667 26.882106568059065 22.940111815354957
1208.7916666666667 26.885053674363782 22.941408846688866
1209.2916666666667 26.887950207813564 22.94270132364631
1209.7916666666667 26.890892405372092 22.943992167457562
1210.2916666666667 26.89381371152074 22.945296374244073
