FastTrWP/PhaseSpace/IAs/snIa_0.66_30.00_0.46_0.04.csv
# %ECSV 0.9
# ---
# datatype:
# - {name: time-rel, datatype: float64}
# - {name: g, datatype: float64}
# - {name: i, datatype: float64}
# schema: astropy-2.0
time-rel g i
107.79166666666667 26.992376102768326 24.724235147757852
108.29166666666667 26.981901906112284 24.716486171317467
108.79166666666667 26.971448228723418 24.708783462689297
109.29166666666667 26.96111887474471 24.701104893370864
109.79166666666667 26.950771543525963 24.693412856567996
110.29166666666667 26.940514999521476 24.685769153818015
110.79166666666667 26.930353092048694 24.67815518476851
111.29166666666667 26.920151848625803 24.67057728871556
111.79166666666667 26.910029653682276 24.663005832887386
112.29166666666667 26.900004405875038 24.655462943005876
112.79166666666667 26.889971491108568 24.64795448307668
113.29166666666667 26.879934838815373 24.640442654077383
113.79166666666667 26.870056424339314 24.632998565641046
114.29166666666667 26.86015145856267 24.62553849718866
114.79166666666667 26.85035026116827 24.61813180618453
115.29166666666667 26.840535103112867 24.610753832551268
115.79166666666667 26.830851035331715 24.60338359666544
116.29166666666667 26.82113616137403 24.596041054361095
116.79166666666667 26.811470328536924 24.588747315780925
117.29166666666667 26.801897203704517 24.581450561843994
117.79166666666667 26.792317530100263 24.574193835272137
118.29166666666667 26.782824731042012 24.566963047756847
118.79166666666667 26.773345260620495 24.559744876460513
119.29166666666667 26.76401661296348 24.55256514231586
119.79166666666667 26.754580524202574 24.545416674964777
120.29166666666667 26.745262683816968 24.53825991497306
120.79166666666667 26.736007710257454 24.531157373033544
121.29166666666667 26.726822832118696 24.52410189738506
121.79166666666667 26.717669731251398 24.517034287367068
122.29166666666667 26.708476820863 24.51001407008384
122.79166666666667 26.69939917698287 24.503026858373843
123.29166666666667 26.690349804423647 24.496036779924836
123.79166666666667 26.681345129019988 24.489084876630113
124.29166666666667 26.67244169777945 24.482169141814758
124.79166666666667 26.66350930587988 24.475282237815254
125.29166666666667 26.654682488650113 24.46840242739748
125.79166666666667 26.645880831657514 24.461555714437168
126.29166666666667 26.637042575325445 24.454754027079325
126.79166666666667 26.628334950685776 24.44796245969333
127.29166666666667 26.619690524845527 24.44119230553445
127.79166666666667 26.611034873414848 24.434461581878253
128.29166666666666 26.602441662267747 24.427725826471104
128.79166666666666 26.59383685180302 24.421052544672843
129.29166666666666 26.58536447508444 24.414386664433305
129.79166666666666 26.576881663170337 24.407740762815283
130.29166666666666 26.568507244506883 24.401147339921174
130.79166666666666 26.560123803030006 24.394547392793598
131.29166666666666 26.55177225330194 24.38799748400545
131.79166666666666 26.543425266165507 24.381465623207085
132.29166666666666 26.535201523899104 24.374956423721205
132.79166666666666 26.526990329825377 24.368469037478512
133.29166666666666 26.518809818256774 24.36200693772008
133.79166666666666 26.51069711620165 24.355593950340563
134.29166666666666 26.502592191392274 24.34918403719471
134.79166666666666 26.494548068404118 24.3428030607056
135.29166666666666 26.48656565472542 24.336462798220705
135.79166666666666 26.478570049088717 24.330116545999477
136.29166666666666 26.47062179217948 24.323810521574817
136.79166666666666 26.462784426755043 24.317541850420934
137.29166666666666 26.454963656296275 24.311293774220122
137.79166666666666 26.447140695219137 24.30506991465155
138.29166666666666 26.439370918172834 24.29885565122982
138.79166666666666 26.43166099054776 24.292678699901554
139.29166666666666 26.42396248191117 24.28653735951436
139.79166666666666 26.416299257190346 24.28038688654847
140.29166666666666 26.408664014988346 24.274256120040462
140.79166666666666 26.401072667357116 24.268126700232614
141.29166666666666 26.3935107052935 24.262042550215625
141.79166666666666 26.385915610675006 24.25595095059664
142.29166666666666 26.37844057631817 24.24988958053627
142.79166666666666 26.37090120468877 24.243822579748333
143.29166666666666 26.36347648016916 24.23778732168121
143.79166666666666 26.356045809350874 24.23176938447595
144.29166666666666 26.348629549486443 24.225743344524826
144.79166666666666 26.34125607077307 24.219782923036973
145.29166666666666 26.33386411307008 24.213762627432757
145.79166666666666 26.326520588853285 24.207812609965266
146.29166666666666 26.319298734939043 24.201859953620225
146.79166666666666 26.31199372131505 24.195941710583547
147.29166666666666 26.30474378975076 24.19003262237837
147.79166666666666 26.29754463824503 24.18412345431793
148.29166666666666 26.290326098201827 24.178252288085815
148.79166666666666 26.28318717363086 24.172395388970145
149.29166666666666 26.276046735312264 24.166523598549546
149.79166666666666 26.26897652690363 24.160700549078054
150.29166666666666 26.261860399843563 24.15489861575715
150.79166666666666 26.25479657279635 24.149105488394266
151.29166666666666 26.247799503468535 24.143310857723755
151.79166666666666 26.24073211218176 24.137551155547918
152.29166666666666 26.23377510672845 24.131809596156234
152.79166666666666 26.226842862010727 24.126099234808386
153.29166666666666 26.219947305629823 24.120396554423827
153.79166666666666 26.213012124191874 24.114686610409546
154.29166666666666 26.206153736685764 24.10901556922756
154.79166666666666 26.199320040530395 24.103372630258463
155.29166666666666 26.192497711434036 24.0977434957165
155.79166666666666 26.18569995107117 24.09212914195556
156.29166666666666 26.17893888515933 24.086525938601046
156.79166666666666 26.172187432622334 24.080938171468205
157.29166666666666 26.16545103102926 24.075391895086785
157.79166666666666 26.15875666970358 24.06983673516825
158.29166666666666 26.152116848841853 24.06431216376001
158.79166666666666 26.145472155884327 24.058801903080873
159.29166666666666 26.138850468325106 24.053342206792607
159.79166666666666 26.132262504345306 24.047856680861052
160.29166666666666 26.125656615043383 24.042425516184352
160.79166666666666 26.119147096002866 24.03700381097766
161.29166666666666 26.112627538039412 24.031583644161415
161.79166666666666 26.106136557418516 24.02619014141107
162.29166666666666 26.0996370215565 24.020811233760178
162.79166666666666 26.093220849021726 24.01544695591764
163.29166666666666 26.08678219872513 24.01013425917487
163.79166666666666 26.080376755580215 24.004830295607906
164.29166666666666 26.074003102252988 23.99952987702879
164.79166666666666 26.067702072238838 23.99426514431553
165.29166666666666 26.06134128997546 23.989004382573782
165.79166666666666 26.055019828448845 23.983758343595667
166.29166666666666 26.04876318633955 23.97853160652749
166.79166666666666 26.042518686870352 23.973352472362933
167.29166666666666 26.0362608925503 23.968160686932244
167.79166666666666 26.03003257753549 23.963005559705195
168.29166666666666 26.023859401427995 23.95787419474724
168.79166666666663 26.017734427442292 23.952750922628326
169.29166666666666 26.01156863435587 23.947649761396697
169.79166666666666 26.005464412063027 23.942571430447227
170.29166666666663 25.99934935140178 23.937513183053746
170.79166666666666 25.993273241670984 23.93246694371043
171.29166666666666 25.98720420844351 23.92745985915566
171.79166666666663 25.981219373027187 23.922450541994124
172.29166666666666 25.975220128297806 23.91747437070031
172.79166666666666 25.96921722522921 23.912513429290833
173.29166666666663 25.963244271731813 23.907569289984252
173.79166666666666 25.957298775015953 23.902664557205643
174.29166666666666 25.95141434642194 23.89776456816403
174.79166666666663 25.94548910397606 23.892866855370556
175.29166666666666 25.939622727402135 23.88800930728637
175.79166666666666 25.93376616104274 23.883173893958865
176.29166666666663 25.927952884507558 23.87834157280566
176.79166666666666 25.92216751201629 23.873542570961476
177.29166666666666 25.916358255273813 23.86876633547889
177.79166666666663 25.91060215808417 23.86399830170842
178.29166666666666 25.904845503931334 23.859260351018023
178.79166666666666 25.8991537300412 23.854531221090078
179.29166666666663 25.89340706841494 23.84982919573179
179.79166666666666 25.887736179936756 23.845132841474587
180.29166666666666 25.88208672461156 23.840438108164808
180.79166666666663 25.876422354955338 23.83576664027544
181.29166666666666 25.870827789371585 23.83110670624847
181.79166666666666 25.865170556794798 23.82645771987726
182.29166666666663 25.859567964642704 23.821827553733836
182.79166666666666 25.853977098457985 23.81719067345747
183.29166666666666 25.84848287046658 23.812581428356513
183.79166666666663 25.842874798268905 23.807972085220598
184.29166666666666 25.837381233484646 23.80337423327706
184.79166666666666 25.83186514968327 23.79880384449755
185.29166666666663 25.826353393176255 23.794232832301446
185.79166666666666 25.82091785027261 23.78967084319182
186.29166666666666 25.81542862066393 23.785143948248958
186.79166666666663 25.80999763494797 23.780599336312065
187.29166666666666 25.80456669922976 23.776085574659703
187.79166666666666 25.799162779968213 23.77158544236036
188.29166666666663 25.793719088494992 23.76709642500762
188.79166666666666 25.78839306839008 23.762621978776906
189.29166666666666 25.783037150959423 23.758148843601475
189.79166666666663 25.777674782043775 23.753698290832908
190.29166666666666 25.772326324492187 23.749254639873296
190.79166666666666 25.767024037121065 23.744832090627554
191.29166666666663 25.761724132418927 23.740419364096326
191.79166666666666 25.75645008268511 23.736010145763853
192.29166666666666 25.7511716346152 23.73162459845176
192.79166666666663 25.74590658590744 23.727255830270725
193.29166666666666 25.740690613064356 23.722892053356865
193.79166666666666 25.73550211247978 23.718544842229896
194.29166666666663 25.73026133736995 23.71420547057578
194.79166666666666 25.72507080027195 23.709890736704384
195.29166666666666 25.719950065453997 23.705576499060683
195.79166666666663 25.714761489091472 23.70128160936543
196.29166666666666 25.70961708847557 23.696995368163464
196.79166666666666 25.704490559357826 23.692738601609207
197.29166666666663 25.699373322089155 23.68847093378202
197.79166666666666 25.694278343355514 23.684224327279125
198.29166666666666 25.689209309626033 23.680014430763524
198.79166666666663 25.684159044640992 23.67579146100404
199.29166666666666 25.67908107704095 23.67160558097689
199.79166666666666 25.67402257897955 23.667405069321955
200.29166666666663 25.66899912333229 23.66324961669595
200.79166666666666 25.664002158506452 23.65906954339582
201.29166666666666 25.65898842993319 23.654949412696702
201.79166666666663 25.654012073979704 23.65080513524078
202.29166666666666 25.64907902440405 23.646695329264567
202.79166666666666 25.644099951239486 23.64258564084807
203.29166666666663 25.639125776017462 23.63849892829966
203.79166666666666 25.634228247275438 23.634417179615447
204.29166666666666 25.629303466337298 23.630345710628553
204.79166666666663 25.62442348488998 23.626311920198006
205.29166666666666 25.619520417372527 23.622272855580214
205.79166666666666 25.6146653300085 23.61826129787793
206.29166666666663 25.609810133474408 23.614259855349758
206.79166666666666 25.60495464371688 23.61026647655467
207.29166666666666 25.600144966226985 23.606283348193145
207.79166666666663 25.59530112382488 23.60232594014019
208.29166666666666 25.590538637984373 23.598378451172945
208.79166666666666 25.58572858492525 23.594441431792255
209.29166666666663 25.58093078602006 23.59052294899398
209.79166666666666 25.57617742619901 23.586598004269483
210.29166666666666 25.571427942770995 23.582712091455093
210.79166666666663 25.56672815841397 23.578844471219462
211.29166666666666 25.561995322243117 23.57497084955088
211.79166666666666 25.557282070025792 23.571123019791067
212.29166666666663 25.552574520162757 23.56728884479521
212.79166666666666 25.547899269895495 23.563464567748444
213.29166666666666 25.54318631340361 23.559649396141648
213.79166666666663 25.538567446992037 23.555868932734796
214.29166666666666 25.53390462448176 23.552082100234045
214.79166666666666 25.529279077364762 23.548311992759388
215.29166666666663 25.524646021823486 23.544580030158375
215.79166666666666 25.520007315844 23.54083846521236
216.29166666666666 25.515460106069305 23.53711106434741
216.79166666666663 25.51084376082178 23.53341146042908
217.29166666666666 25.506311353365795 23.529712140419324
217.79166666666666 25.50171383991216 23.526033522167758
218.29166666666663 25.497206047411897 23.52236045794267
218.79166666666666 25.492637017790596 23.518720272971272
219.29166666666666 25.48810703720597 23.515083517186383
219.79166666666663 25.48360551495806 23.51144978264714
220.29166666666666 25.47914315768605 23.507854684758005
220.79166666666666 25.474621669889643 23.504234375489087
221.29166666666663 25.470135852328198 23.500644631616552
221.79166666666666 25.465686308497926 23.49707326444261
222.29166666666666 25.461215336151888 23.493503150287516
222.79166666666663 25.456797821193746 23.489954652795895
223.29166666666666 25.452356300932962 23.486388569458157
223.79166666666666 25.447949039006502 23.482873259484
224.29166666666663 25.443514420819064 23.479340901166704
224.79166666666666 25.43912799588906 23.47583510679304
225.29166666666666 25.434751853115863 23.472328235180456
225.79166666666663 25.4303840553268 23.468836958973686
226.29166666666666 25.42603847939326 23.465350527095097
226.79166666666666 25.421675079739394 23.461893606259878
227.29166666666663 25.417333416856373 23.4584408638038
227.79166666666666 25.413025367640074 23.454996484913128
228.29166666666666 25.408664773803164 23.451550013020118
228.79166666666663 25.40435809151555 23.44812478258231
229.29166666666666 25.400062778820928 23.444700988313606
229.79166666666666 25.395798857923133 23.44129627606247
230.29166666666663 25.3914734684506 23.437892304574483
230.79166666666666 25.38725637038704 23.434504422609397
231.29166666666666 25.38295823468387 23.4311363456567
231.79166666666663 25.37873236758843 23.427764298525776
232.29166666666666 25.374488821368 23.42441365558222
232.79166666666666 25.370273650963092 23.42106759700359
233.29166666666666 25.366041765258235 23.417721062510324
233.79166666666666 25.36179621137513 23.414382011708593
234.29166666666666 25.35763242271145 23.411075756165708
234.79166666666666 25.35345932107788 23.407757121369777
235.29166666666666 25.349261433033323 23.404457898010158
235.79166666666666 25.34510481378892 23.401161286546245
236.29166666666666 25.340915788309765 23.397882492857317
236.79166666666666 25.33679133001136 23.394610381652328
237.29166666666666 25.332659090574047 23.391350364945595
237.79166666666666 25.328525059686797 23.38807763086089
238.29166666666666 25.32437470404212 23.384833859762473
238.79166666666666 25.32029255648471 23.38159656466763
239.29166666666666 25.31615547751505 23.378363441102906
239.79166666666666 25.312097474440666 23.375136203914426
240.29166666666666 25.307988824698533 23.371922957807477
240.79166666666666 25.303919993198875 23.368708097924618
241.29166666666666 25.29983699763733 23.36551788860982
241.79166666666666 25.2957854042908 23.36232194341351
242.29166666666666 25.291707080391724 23.35913873216927
242.79166666666666 25.28769628462717 23.355974713980636
243.29166666666666 25.283669332777027 23.352800226586293
243.79166666666666 25.27964502216761 23.349632603940073
244.29166666666666 25.275608590680253 23.346491699422707
244.79166666666666 25.271611062702533 23.34334443943888
245.29166666666666 25.26762996778331 23.340221378059915
245.79166666666666 25.263634264458705 23.33708909376525
246.29166666666666 25.259631115069148 23.333972258348794
246.79166666666666 25.255648391382515 23.330847649803758
247.29166666666666 25.2516777245647 23.327745302992323
247.79166666666666 25.247706107436578 23.32464760991106
248.29166666666666 25.243772025200784 23.321564693945046
248.79166666666666 25.239833064520557 23.31846805172713
249.29166666666666 25.235906550558642 23.315405264175876
