FastTrWP/PhaseSpace/IAs/snIa_0.38_30.00_1.59_-0.15.csv
# %ECSV 0.9
# ---
# datatype:
# - {name: time-rel, datatype: float64}
# - {name: g, datatype: float64}
# - {name: i, datatype: float64}
# schema: astropy-2.0
time-rel g i
[from data line 1077]
123.0 22.785872290672266 22.6151953983236
123.5 22.786647474177734 22.61518110963804
124.0 22.78743049235569 22.615168173048144
124.5 22.78821427115743 22.615153519599772
125.0 22.78900259195506 22.615137600989858
125.5 22.78978704303393 22.615128329288407
126.0 22.79057829656 22.61512182259667
126.5 22.79136819530974 22.61511721576122
127.0 22.792171154123487 22.615108611934602
127.5 22.7929701833588 22.615104379371957
128.0 22.793776919554407 22.615106007220568
128.5 22.7945823088155 22.615102731582706
129.0 22.79539686002046 22.615104452704998
129.5 22.796203586047476 22.61511081739012
130.0 22.79703773711472 22.61511713987517
130.5 22.797844853017637 22.615123786992154
131.0 22.798666178066945 22.615131039315987
131.5 22.799495044790543 22.615140093282662
132.0 22.800311748238382 22.615155421155535
132.5 22.80114885259661 22.615170506994268
133.0 22.801979432811436 22.61518107090936
133.5 22.802819684901404 22.61520336984814
134.0 22.803657586595154 22.615218528871935
134.5 22.804500084204538 22.615242653489123
135.0 22.80533470324957 22.61525742823862
135.5 22.806182959943698 22.615279183722684
136.0 22.807032708563092 22.61529813340086
136.5 22.80788326504174 22.615325139128366
137.0 22.808739160111173 22.615359474978796
137.5 22.809582800619012 22.61538231154441
138.0 22.81044587796933 22.615407934496528
138.5 22.811300074737026 22.615442631258304
139.0 22.81216998170368 22.615467289366187
139.5 22.813025222749694 22.615506141030963
140.0 22.81389699555404 22.615535631103178
140.5 22.814760183183264 22.615563603622924
141.0 22.81563098781551 22.615594866977293
141.5 22.816495454690617 22.615633063289135
142.0 22.817360106839125 22.615669826773996
142.5 22.818239304373158 22.615697719485652
143.0 22.819109807580354 22.615738486266448
143.5 22.8199845458192 22.615778730562607
144.0 22.82085734762323 22.615816112342635
144.5 22.821738131507008 22.615857568810537
145.0 22.82262054147932 22.61589217175031
145.5 22.823501729293447 22.615921705028885
146.0 22.824385877209693 22.615977164174392
146.5 22.825258382006677 22.616002639121973
147.0 22.826149492127968 22.616052386114877
147.5 22.827036804263223 22.616094642604935
148.0 22.827913689674816 22.616133115476952
148.5 22.828801454930275 22.616171392164137
149.0 22.829688177568343 22.616207433098616
149.5 22.83056981215188 22.616255007186993
150.0 22.831453447406453 22.616295535264875
150.5 22.83235395149363 22.61633182216711
151.0 22.83323039960408 22.616373411804016
151.5 22.834127951330466 22.616417467246833
152.0 22.835009802026075 22.616457044264592
152.5 22.835898865952835 22.616493944366006
153.0 22.836789916249923 22.616540394073965
153.5 22.837675862703172 22.616586778996364
154.0 22.838570666329087 22.616618160054983
154.5 22.839456350520773 22.616658342569416
155.0 22.84035029940027 22.616702218784113
155.5 22.841230714067354 22.616739905762064
156.0 22.842124241809397 22.616774783583192
156.5 22.84300346907138 22.61681694441335
157.0 22.843906619091925 22.61685231286847
157.5 22.844788882148404 22.616896423088065
158.0 22.845675761719356 22.616937012009274
158.5 22.846568869788676 22.616962054171385
159.0 22.847454019455018 22.617007235313373
159.5 22.848342629914484 22.617040211828847
160.0 22.849241788103477 22.61708174264468
160.5 22.85013026993951 22.617124291709302
161.0 22.851019436532255 22.61716113565958
161.5 22.85191265750882 22.617189994361787
162.0 22.852806466108248 22.61723915148132
162.5 22.85370856416501 22.617271375753937
163.0 22.85460912372475 22.617316290438577
163.5 22.855506575532214 22.61735041758296
164.0 22.856401774888916 22.617394095650248
164.5 22.857308901099394 22.617435932555296
165.0 22.858211967566596 22.617472873935924
165.5 22.859119576280243 22.61751511283501
166.0 22.86002076677885 22.617565480395623
166.5 22.860913296083236 22.61760098256778
167.0 22.861820232915658 22.61764143006907
167.5 22.86273383308238 22.617685687384686
168.0 22.863644822574514 22.61773110086573
168.5 22.86455316761325 22.617776906790144
169.0 22.86545688891688 22.617813568415237
169.5 22.866370432484693 22.617864771998754
170.0 22.86728553464593 22.617907619703217
170.5 22.86819188859271 22.617957790301585
171.0 22.86911415819948 22.617993921385356
171.5 22.87002009284859 22.618042890910495
172.0 22.870937857918726 22.618083862974462
172.5 22.871852976135777 22.61813003267943
172.9999999999999 22.872760577410006 22.61817980897409
173.5 22.873698093467574 22.618226466545398
174.0 22.87460777747522 22.618276421947627
174.4999999999999 22.87552812611382 22.61832292444
175.0 22.8764405273651 22.61837196448756
175.5 22.87737204394796 22.618413982044835
175.9999999999999 22.87829407629613 22.618467632509688
176.5 22.879218423945172 22.61851315088762
177.0 22.88014279305105 22.618562050698632
177.4999999999999 22.881064763127718 22.618608299169214
178.0 22.88199725757196 22.61865755052153
178.5 22.88292154489335 22.61870877011836
178.9999999999999 22.883853567966025 22.618754444374026
179.5 22.884781969316343 22.618810502757132
180.0 22.885708037984607 22.618859140232125
180.4999999999999 22.886647025121555 22.61890810742497
181.0 22.88756939232544 22.61895520891234
181.5 22.888500007420088 22.619011947488573
181.9999999999999 22.889434464945538 22.619060721776187
182.5 22.890374158728577 22.619111199226065
183.0 22.891309649472596 22.61916442721798
183.4999999999999 22.89224600720405 22.61922015885174
184.0 22.89317496561678 22.619271260320765
184.5 22.894110916611012 22.619322130161223
184.9999999999999 22.89505247218254 22.619378764986607
185.5 22.89598058746718 22.61944040974341
186.0 22.89693097740686 22.619484563010694
186.4999999999999 22.89787626367149 22.619535951585036
187.0 22.898814234279754 22.619591014794082
187.5 22.8997592972727 22.619646679681274
187.9999999999999 22.90068838011837 22.619707743885648
188.5 22.90163414479001 22.61976401433406
189.0 22.90257793834968 22.619812834269858
189.4999999999999 22.90353237348404 22.619865827437163
190.0 22.904470020327587 22.61992332901785
190.5 22.905412302188385 22.61997428836994
190.9999999999999 22.906362339551546 22.620035959772782
191.5 22.907311818610033 22.620095234461402
192.0 22.908258175703544 22.62015224590715
192.4999999999999 22.909210698977613 22.62020693344203
193.0 22.910151782341273 22.620268368814152
193.5 22.911111193335472 22.620326335683735
193.9999999999999 22.912054321754777 22.62037531635084
194.5 22.91300579143702 22.620444843803533
195.0 22.913972693595035 22.62049338004608
195.4999999999999 22.91491937970337 22.62055596294475
196.0 22.915880218120197 22.620614900630756
196.5 22.916838105678835 22.620670404624978
196.9999999999999 22.917792968461903 22.620730883889234
197.5 22.918746017821423 22.620788254513393
198.0 22.919710805676296 22.620848043728646
198.4999999999999 22.920675918391407 22.620909118152078
199.0 22.921636448623186 22.620969164277064
199.5 22.922591664039427 22.62102662150584
199.9999999999999 22.923561166023486 22.62109232828206
200.5 22.924524584515005 22.62115175870273
201.0 22.9254843259301 22.621216241984847
201.4999999999999 22.92644799705988 22.621275513190604
202.0 22.927414108830067 22.621338756346383
202.5 22.928392878742052 22.621397524744932
202.9999999999999 22.92936236830217 22.62145663278014
203.5 22.930331933024398 22.62152387547814
204.0 22.931304381435545 22.621589568905527
204.4999999999999 22.932266129440045 22.62164297266455
205.0 22.933243331206338 22.621713345949388
205.5 22.93421074370686 22.621776271820558
205.9999999999999 22.935194816321797 22.621850130680087
206.5 22.93616329462961 22.621900842215158
207.0 22.937137909577977 22.621970385408844
207.4999999999999 22.9381168795709 22.622030372051526
208.0 22.939094067617912 22.622104496504022
208.5 22.940072027290555 22.62215978454438
208.9999999999999 22.94105302458279 22.6222342483996
209.5 22.94203557201793 22.622299364313655
210.0 22.94301521583182 22.622360779908757
210.4999999999999 22.943983107792686 22.622427191310322
211.0 22.944977230550577 22.622506413373074
211.5 22.94595842932739 22.62256683428162
211.9999999999999 22.94695581718319 22.622636497302757
212.5 22.94793056651365 22.622705139541907
213.0 22.948914432845434 22.62277522919267
213.4999999999999 22.9499058217827 22.622843413590505
214.0 22.95088751439728 22.622915499416823
214.5 22.95187724335434 22.622985659365572
214.9999999999999 22.952866830293996 22.623053316007198
215.5 22.953854421382633 22.623120566850158
216.0 22.954850759641765 22.623201317912333
216.4999999999999 22.955836356540868 22.623266666137273
217.0 22.95683362711152 22.623339931625853
217.5 22.957828287918637 22.623410520694453
217.9999999999999 22.958818384576524 22.62347997678358
218.5 22.95981362779697 22.62355717303305
219.0 22.960805953702206 22.623640066713335
219.4999999999999 22.96180489205942 22.62370744454078
220.0 22.962797871972363 22.62378814820903
220.5 22.963802222732568 22.623855765742178
220.9999999999999 22.964795892725192 22.623934711714796
221.5 22.965791206336284 22.62400750550007
222.0 22.96679351786309 22.624086424903766
222.4999999999999 22.96778894084781 22.62415794393973
223.0 22.96879836850776 22.624237886572637
223.5 22.969794584967413 22.62431711413391
223.9999999999999 22.970794893980866 22.624389688300774
224.5 22.971799579535936 22.62447290429275
225.0 22.972798499099305 22.62455432314355
225.4999999999999 22.973797499267103 22.62462762275216
226.0 22.974819224379214 22.624700028734118
226.5 22.975820852429102 22.62477842237591
226.9999999999999 22.976829976667418 22.624852713758294
227.5 22.9778307427585 22.624923763573022
228.0 22.978836314588204 22.625001304242748
228.4999999999999 22.97985659310228 22.625068382072936
229.0 22.980867581518606 22.625144142798614
229.5 22.981869953712696 22.625216602826782
229.9999999999999 22.98288024720332 22.625287504725137
230.5 22.98390803053389 22.625353848083005
231.0 22.984910520101778 22.62543385299545
231.4999999999999 22.98593976705673 22.625507443175476
232.0 22.98694356550369 22.625570003748237
232.5 22.987967599864987 22.62564585382382
232.9999999999999 22.98898076312308 22.625727259947755
233.5 22.99000212732938 22.625790495598103
234.0 22.991014814393765 22.625862300015974
234.4999999999999 22.992036673691572 22.625939897778814
235.0 22.99305250974852 22.62601295973873
235.5 22.994083775943306 22.626085363476708
235.9999999999999 22.995100238705028 22.62615405729377
236.5 22.996130138636936 22.62623485772491
237.0 22.997152789003643 22.626300560581967
237.4999999999999 22.99816678484269 22.626383901010957
238.0 22.999203982160225 22.626456988682428
238.5 23.000232615945727 22.626534824489113
238.9999999999999 23.001260475044987 22.626613457436093
239.5 23.002292148996233 22.626678659036507
240.0 23.003304619546206 22.626767927261948
240.4999999999999 23.00434439314515 22.626847515094425
241.0 23.005378951912636 22.62692099451582
241.5 23.0064134085959 22.627004869798082
241.9999999999999 23.00744545497257 22.627089000671837
242.5 23.008471814115232 22.62717201070417
243.0 23.009511702204975 22.627255604820263
243.4999999999999 23.010552000603745 22.62733804407429
244.0 23.01158414094809 22.627431044662544
244.5 23.012615805866815 22.627514351358272
244.9999999999999 23.0136529407472 22.62760918086986
245.5 23.014694004877466 22.627704930187807
246.0 23.015729655963035 22.62779748441274
246.4999999999999 23.0167681785035 22.627891872314912
247.0 23.01781324595703 22.627987577984577
247.5 23.018851833467252 22.62808399648177
247.9999999999999 23.019899562688032 22.628182183827192
248.5 23.0209432176801 22.628286071080804
249.0 23.02197913555538 22.628389692667263
249.4999999999999 23.023034018522228 22.628492845238227
250.0 23.024068141797088 22.628608082419653
250.5 23.025116262463605 22.6287079767506
250.9999999999999 23.02616977959981 22.628820239758113
251.5 23.02721434611973 22.62893356212547
252.0 23.028266919076007 22.629050563110567
252.4999999999999 23.029313609210952 22.629163130637906
253.0 23.030364079084183 22.629284876662915
253.5 23.031411229264 22.629416778579603
253.9999999999999 23.03246411715298 22.629536130336888
254.5 23.033516903136913 22.629658763472968
255.0 23.034571533237788 22.62978702820699
255.4999999999999 23.03562510910907 22.629921407890148
256.0 23.036681295102287 22.630068879986997
256.5 23.037737768651038 22.630192529253
256.9999999999999 23.038796289197492 22.63033867532362
257.5 23.039851800859875 22.63047981567466
258.0 23.040908729564364 22.630620756902328
258.4999999999999 23.041965989646087 22.63077647667472
259.0 23.043030273009496 22.630918216429492
259.5 23.044082460117295 22.63106715896778
259.9999999999999 23.045157129929734 22.631223578615206
260.5 23.046213600701144 22.631370838568525
261.0 23.047280032030272 22.631531709470018
261.4999999999999 23.048338110038017 22.631684999918722
262.0 23.04941326551548 22.631840935673853
262.5 23.0504705554347 22.632000305385787
262.9999999999999 23.051533129638972 22.632160585486453
263.5 23.052598951499558 22.632325546658553
264.0 23.053673208994848 22.632487358636606
264.4999999999999 23.054734254652484 22.632651406799503
265.0 23.055807773145528 22.632821215280767
265.5 23.056880535714704 22.632985179004205
265.9999999999999 23.05795213731159 22.633154771743236
266.5 23.059023110049335 22.633328799601166
267.0 23.060095541940147 22.633495048697483
267.4999999999999 23.061172608037452 22.63368073113577
268.0 23.0622396719726 22.633848863003905
268.5 23.063324573650203 22.634027218257803
268.9999999999999 23.064400360791307 22.634198352670502
269.5 23.065481205620102 22.634390471303586
270.0 23.066556869751963 22.634575858184355
270.4999999999999 23.06763910059179 22.634762752579757
271.0 23.06871750035009 22.63494013782999
271.5 23.06979523375673 22.635129453991688
271.9999999999999 23.070878445893136 22.635324797151096
272.5 23.07196328786237 22.63552269190239
273.0 23.073044235273894 22.635708126421502
273.4999999999999 23.07412281641193 22.635897392597364
274.0 23.075219712644206 22.63609537362956
274.5 23.076296684024857 22.6362980752379
274.9999999999999 23.077388492992053 22.636492127126445
275.5 23.0784736338493 22.63669550895095
276.0 23.079569211554485 22.636898873821348
276.4999999999999 23.080657330969622 22.637101322498903
277.0 23.081741970868173 22.637308999662558
277.5 23.082829413723903 22.63751396873559
277.9999999999999 23.08393245764201 22.637734267025003
278.5 23.085028522582483 22.637943721849794
279.0 23.086120475637276 22.638156585527316
279.4999999999999 23.087213530595008 22.638375487883696
280.0 23.08831166438576 22.638592486256755
280.5 23.089402799227493 22.638808851925397
280.9999999999999 23.09049858368628 22.63902835814221
281.5 23.09159362360702 22.639256223522672
282.0 23.092695376128944 22.639480499001547
282.4999999999999 23.093800633099278 22.63970515794439
283.0 23.09490507841909 22.6399373257091
283.5 23.096010487114704 22.64016813731013
283.9999999999999 23.097108872083545 22.640397802638322
284.5 23.098200326586195 22.64063729079495
285.0 23.099311690115805 22.640872029889852
285.4999999999999 23.10042131117733 22.64110784247063
286.0 23.101524991101222 22.641351976550208
286.5 23.102631653654928 22.641594955951795
286.9999999999999 23.103738551738935 22.641829806057963
287.5 23.104857865487737 22.64208504330339
288.0 23.105961620124667 22.642323795643932
288.4999999999999 23.107070791912108 22.642580270884054
289.0 23.108185920538496 22.642829285492052
289.5 23.10928957509435 22.643089509737443
289.9999999999999 23.110404563456296 22.643344600725218
290.5 23.11152315225045 22.643600835838452
291.0 23.11263548701438 22.6438673974793
291.4999999999999 23.113758282814377 22.64412632084841
292.0 23.114872266204127 22.644395597932117
292.5 23.11598486628053 22.644659990519642
292.9999999999999 23.117107789531325 22.644927640136196
293.5 23.1182254075678 22.64519474266802
294.0 23.119342292632055 22.64546855043723
294.4999999999999 23.120468276882605 22.645745602938053
295.0 23.121580493350024 22.64602163222883
295.5 23.12270959681591 22.646297450574867
