FastTrWP/PhaseSpace/IAs/snIa_0.6_20_0.0_0.1.csv
# %ECSV 0.9
# ---
# datatype:
# - {name: time-rel, datatype: float64}
# - {name: g, datatype: float64}
# - {name: i, datatype: float64}
# schema: astropy-2.0
time-rel g i
-13.770833333333332 -24.107010013142343 -26.161427376204767
-13.270833333333332 -24.112966363974685 -26.16596812745694
-12.770833333333332 -24.118941308630767 -26.17051011536234
-12.270833333333332 -24.12489147610341 -26.175021052053843
-11.770833333333332 -24.130820095398494 -26.179519703391914
-11.270833333333332 -24.136730987909715 -26.184005377360773
-10.770833333333332 -24.14259945522727 -26.18846449224773
-10.270833333333332 -24.148483128389874 -26.192916986865296
-9.770833333333332 -24.154314823769894 -26.197370475430517
-9.270833333333332 -24.16016613789431 -26.20179742261883
-8.770833333333332 -24.166001381263964 -26.206216095638794
-8.270833333333332 -24.171788766474002 -26.210605338603887
-7.770833333333332 -24.17761112457597 -26.215000303637485
-7.270833333333332 -24.18337692165778 -26.21936581827249
-6.770833333333333 -24.189120226293692 -26.22372127559306
-6.270833333333332 -24.19489538373807 -26.22805122912494
-5.770833333333332 -24.2006316917711 -26.23237589228375
-5.270833333333332 -24.206329407658274 -26.236698046807476
-4.770833333333332 -24.212049121717843 -26.240994911902135
-4.270833333333332 -24.21770802673388 -26.245273132138408
-3.770833333333332 -24.223413779003277 -26.249552807338354
-3.270833333333332 -24.22903958648265 -26.253810970709097
-2.770833333333332 -24.234719698769073 -26.258045194103214
-2.270833333333332 -24.240320050274356 -26.262277142726038
-1.7708333333333321 -24.245968068039453 -26.26648350504617
-1.270833333333334 -24.25157414292749 -26.27068361891151
-0.7708333333333321 -24.257140724822946 -26.27488528936621
-0.27083333333333215 -24.26273869242491 -26.279033928525863
0.22916666666666607 -24.26827955979669 -26.283191964845077
0.7291666666666679 -24.273854694874526 -26.287346394886654
1.2291666666666679 -24.27937916427801 -26.291478098102026
1.729166666666666 -24.28489507920734 -26.29557732726819
2.229166666666668 -24.290397036738646 -26.299690479549163
2.729166666666668 -24.295904402501822 -26.303773212295148
3.229166666666668 -24.301400159530356 -26.307836809565334
3.729166666666668 -24.306887137828767 -26.311903685559358
4.229166666666668 -24.31234513461341 -26.315942355418276
4.729166666666668 -24.31778314019121 -26.319970692297538
5.229166666666668 -24.323207533648635 -26.324000918926856
5.729166666666668 -24.328672992719746 -26.327989169090383
6.229166666666668 -24.33407069913703 -26.33198507441911
6.729166666666668 -24.33946236083029 -26.335959063104003
7.229166666666668 -24.344830053959438 -26.339924677948026
7.729166666666668 -24.350193195302275 -26.34389041059784
8.229166666666668 -24.355542983387565 -26.34782572725885
8.729166666666668 -24.360905130359814 -26.351741989076004
9.229166666666668 -24.366233943720246 -26.355663421863845
9.729166666666668 -24.371559062828595 -26.359568644756514
10.229166666666668 -24.37684181841042 -26.363459617885372
10.729166666666668 -24.38214816644723 -26.367333490012832
11.229166666666664 -24.387423674637546 -26.371216518735878
11.729166666666668 -24.392683681869233 -26.375073906664724
12.229166666666668 -24.39796354254908 -26.378922730406856
12.729166666666664 -24.40317784964476 -26.382762319467496
13.229166666666668 -24.408393312779275 -26.38658807184551
13.729166666666668 -24.413619590861675 -26.39039547617528
14.229166666666664 -24.418816563409518 -26.39419806688681
14.729166666666668 -24.423965783268855 -26.397997332082785
15.229166666666668 -24.429147369770433 -26.401766915553505
15.729166666666664 -24.434347153601692 -26.405556333396692
16.229166666666668 -24.43945906541164 -26.40931723571946
16.729166666666668 -24.444607733136394 -26.413069517389687
17.229166666666664 -24.449740102714156 -26.416808048410015
17.729166666666668 -24.454840762623725 -26.420540553753934
18.229166666666668 -24.459946814900594 -26.424274497324394
18.729166666666668 -24.465016072092677 -26.427975258581817
19.229166666666668 -24.47010310843978 -26.43166512040564
19.729166666666668 -24.475180550523984 -26.435359329522967
20.229166666666668 -24.480220584664067 -26.439042696658323
20.729166666666668 -24.485279092293453 -26.44271515545366
21.229166666666668 -24.490314954126923 -26.446387183006035
21.729166666666668 -24.495308400419308 -26.450029411853073
22.229166666666668 -24.500327498189954 -26.45367187497222
22.729166666666668 -24.50533967252609 -26.457315981040384
23.229166666666668 -24.510282812549363 -26.460935343898928
23.729166666666668 -24.51527508124235 -26.464534131810996
24.229166666666668 -24.520227961004274 -26.46816513751694
24.729166666666668 -24.525171135746426 -26.471748583042828
25.229166666666668 -24.530129899141944 -26.475341071446856
25.729166666666668 -24.535069666602553 -26.478930335375225
26.229166666666668 -24.539985179864175 -26.482482454571382
26.729166666666668 -24.54487602324939 -26.486057185033932
27.229166666666668 -24.54975530935711 -26.48960945265989
27.729166666666668 -24.5546628951123 -26.493145158767298
28.229166666666668 -24.55952872992117 -26.496682459942562
28.729166666666668 -24.56441766700287 -26.500220553895083
29.229166666666668 -24.569241934536514 -26.5037377427375
29.729166666666668 -24.574073702920465 -26.507241841372824
30.229166666666668 -24.578941911134002 -26.510755078779273
30.729166666666668 -24.58371899257036 -26.514242662093462
31.229166666666668 -24.588552428199662 -26.517729109103037
31.729166666666668 -24.593350539455756 -26.52120326121308
32.22916666666667 -24.598138403712934 -26.52468057712829
32.72916666666667 -24.602907536581938 -26.528134510161866
33.22916666666667 -24.607665787299258 -26.531600660722695
33.72916666666667 -24.612435663804725 -26.535045386594707
34.22916666666667 -24.617213581079767 -26.538491746715216
34.72916666666666 -24.621909958914358 -26.54193664443131
35.22916666666667 -24.626649910569228 -26.54534660733994
35.72916666666667 -24.631366947399286 -26.548754184539373
36.22916666666666 -24.636092810602452 -26.552174434710803
36.72916666666667 -24.64079569766325 -26.555567849731045
37.22916666666667 -24.6454814185682 -26.55896469361004
37.72916666666666 -24.650157159862665 -26.562364734323157
38.22916666666667 -24.654833004962548 -26.565742454655673
38.72916666666667 -24.659500078881862 -26.56910860212003
39.22916666666666 -24.664127091009604 -26.572473652012057
39.72916666666667 -24.668792405423158 -26.575848966946815
40.22916666666667 -24.67342268307368 -26.579188798518814
40.72916666666666 -24.678052863663154 -26.58253797267244
41.22916666666667 -24.68266402074117 -26.585879721579463
41.72916666666667 -24.68726053500504 -26.589201510396872
42.22916666666666 -24.691860100360223 -26.59253312740171
42.72916666666667 -24.696463321654434 -26.595854327479344
43.22916666666667 -24.701017471318192 -26.599156520362662
43.72916666666666 -24.705590059461553 -26.602458529670404
44.22916666666667 -24.71013981892557 -26.60575903463129
44.72916666666667 -24.714700621245633 -26.60905879791775
45.22916666666666 -24.71921717175825 -26.612341627399097
45.72916666666667 -24.7237519337975 -26.615610525077578
46.22916666666667 -24.728290776422753 -26.618867519071777
46.72916666666666 -24.73279023767024 -26.622140770412308
47.22916666666667 -24.737301321834025 -26.62539234499483
47.72916666666667 -24.74178474244541 -26.628632416073195
48.22916666666666 -24.74628636417807 -26.63187510233184
48.72916666666667 -24.750724792704762 -26.635109844603843
49.22916666666667 -24.755199471367753 -26.6383387813176
49.72916666666666 -24.759635696134666 -26.641544412359405
50.22916666666667 -24.764105571322133 -26.64475630633763
50.72916666666667 -24.76852648513914 -26.647959761157992
51.22916666666667 -24.772939636901626 -26.651156250909263
51.72916666666667 -24.777346510837127 -26.654338998344652
52.22916666666667 -24.781775511553548 -26.65752055416961
52.72916666666667 -24.78615266644809 -26.66069552697044
53.22916666666667 -24.79054736829907 -26.6638682103177
53.72916666666667 -24.794949219772327 -26.667032696760163
54.22916666666667 -24.799298317743606 -26.670178983469732
54.72916666666667 -24.803665350264886 -26.673338931856488
55.22916666666667 -24.808011587194795 -26.67648108966496
55.72916666666667 -24.812360198025843 -26.679614449510233
56.22916666666667 -24.81669964670553 -26.68274170423073
56.72916666666667 -24.821022443263065 -26.68586705933469
57.22916666666667 -24.825360077085207 -26.68898667769367
57.72916666666667 -24.829664911323665 -26.692097288221404
58.22916666666667 -24.833951610100623 -26.695195219060356
58.72916666666667 -24.838231146408297 -26.69828205085328
59.22916666666667 -24.842526762788324 -26.701384169592632
59.72916666666667 -24.846799970168266 -26.70447587182291
60.22916666666667 -24.851076495460607 -26.70755154732966
60.72916666666667 -24.85534247482508 -26.710623166685437
61.22916666666667 -24.859604199593306 -26.713696646514478
61.72916666666667 -24.8638544822759 -26.716748347632553
62.22916666666667 -24.86808667765384 -26.719813187652232
62.72916666666667 -24.872330195003837 -26.722864007407562
63.22916666666667 -24.876538728342645 -26.725912025038404
63.72916666666667 -24.880766176825055 -26.728954784769204
64.22916666666667 -24.88497377711276 -26.731989050948428
64.72916666666667 -24.88916043422016 -26.735008452682543
65.22916666666667 -24.893364702269672 -26.7380387821057
65.72916666666667 -24.897559079722935 -26.741050359477924
66.22916666666667 -24.901710219448777 -26.744070201212082
66.72916666666667 -24.90588586190878 -26.74707688139998
67.22916666666667 -24.91004749005405 -26.750068934850134
67.72916666666667 -24.91422069838999 -26.753071404628336
68.22916666666667 -24.918353476169383 -26.75605769113843
68.72916666666667 -24.92249867462176 -26.75904649892725
69.22916666666667 -24.9266640907851 -26.762029142940342
69.72916666666667 -24.930757581500323 -26.76501177176121
70.22916666666667 -24.934899525171062 -26.76797263767245
70.72916666666667 -24.939020070325952 -26.77094853371178
71.22916666666667 -24.943133462489733 -26.77391389213249
71.72916666666667 -24.94720097064041 -26.77685929064081
72.22916666666667 -24.951311068891183 -26.779827957430523
72.72916666666667 -24.955421630506063 -26.782770701148102
73.22916666666667 -24.959493189622272 -26.785702064934686
73.72916666666667 -24.96357380682278 -26.78863373726445
74.22916666666667 -24.967614421384003 -26.791572996121506
74.72916666666667 -24.971682956399928 -26.794498616781198
75.22916666666667 -24.97574294398624 -26.79741735733385
75.72916666666667 -24.979774542170745 -26.80034665339436
76.22916666666667 -24.983821507362755 -26.803264142597364
76.72916666666667 -24.98785772690241 -26.806167151342688
77.22916666666667 -24.9918932774697 -26.809072082767365
77.72916666666667 -24.995915459660853 -26.811963406175046
78.22916666666667 -24.999927083022698 -26.814870775536164
78.72916666666667 -25.003937932535038 -26.817755249459168
79.22916666666667 -25.007946042922224 -26.820649355796462
79.72916666666667 -25.01195982866024 -26.823524071849647
80.22916666666667 -25.015949345111693 -26.82640201691558
80.72916666666667 -25.0199359505808 -26.82928248233729
81.22916666666667 -25.023889002850325 -26.83215101338582
81.72916666666667 -25.02788339917288 -26.8350240181286
82.22916666666667 -25.031834694722708 -26.837885148897783
82.72916666666667 -25.03579496334283 -26.8407382522767
83.22916666666666 -25.039767210079823 -26.843598261995467
83.72916666666667 -25.043706782537463 -26.846439081662634
84.22916666666667 -25.04765006551825 -26.849278658581305
84.72916666666666 -25.0515976745922 -26.852117254568682
85.22916666666667 -25.055500449629506 -26.85496267344716
85.72916666666667 -25.05944798583563 -26.857787500197603
86.22916666666666 -25.063364768728427 -26.860607351010607
86.72916666666667 -25.067265191344994 -26.8634280460042
87.22916666666667 -25.071154242326198 -26.866247452018737
87.72916666666666 -25.075039963855676 -26.86904640978127
88.22916666666667 -25.078949491057717 -26.87185771035477
88.72916666666667 -25.082801598962984 -26.87465109057399
89.22916666666666 -25.086699493972233 -26.8774466827292
89.72916666666667 -25.090574440024742 -26.880238826996738
90.22916666666667 -25.094411441679835 -26.88302649895772
90.72916666666666 -25.098265394223812 -26.8858129405642
91.22916666666667 -25.102122570414288 -26.888587479027134
91.72916666666667 -25.1059443075139 -26.89136592327791
92.22916666666666 -25.10980667950755 -26.89412727110616
92.72916666666667 -25.113623050644698 -26.896882625644402
93.22916666666667 -25.117461423128482 -26.89965301067768
93.72916666666666 -25.121254743136696 -26.902418035753378
94.22916666666667 -25.125091088248276 -26.90516286878394
94.72916666666667 -25.12888919029304 -26.907907298906707
95.22916666666666 -25.132706318559023 -26.910649958785882
95.72916666666667 -25.136488631054995 -26.913387224754516
96.22916666666667 -25.140280804481133 -26.91612453757791
96.72916666666666 -25.144038597968162 -26.918850308882377
97.22916666666667 -25.147819511228224 -26.921580286611967
97.72916666666667 -25.1515830291413 -26.924299088717945
98.22916666666666 -25.155349846415014 -26.92702382760332
98.72916666666667 -25.15911338626745 -26.929735294273804
99.22916666666667 -25.162874120599092 -26.932436545816042
99.72916666666666 -25.166614049330313 -26.93514331161232
100.22916666666667 -25.170345323739674 -26.937846334211834
100.72916666666667 -25.174087415680397 -26.940552568401973
101.22916666666666 -25.17781977695481 -26.94324748672894
101.72916666666667 -25.18155116817254 -26.94592974856767
102.22916666666667 -25.18527308915757 -26.94862302575094
102.72916666666666 -25.188979128827768 -26.95130197525574
103.22916666666667 -25.19269097244301 -26.953977256093772
103.72916666666667 -25.1963773718408 -26.956656229380652
104.22916666666666 -25.200066182921578 -26.95932960870997
104.72916666666667 -25.203750186987385 -26.961989358807088
105.22916666666667 -25.20744452830734 -26.964660225554166
105.72916666666666 -25.211122399082907 -26.967320331380726
106.22916666666667 -25.214798798384596 -26.969969022742095
106.72916666666667 -25.218480387429626 -26.97262924757724
107.22916666666666 -25.222143427736068 -26.975275717271828
107.72916666666667 -25.225770583625227 -26.977923145128134
108.22916666666667 -25.229436022199472 -26.980571054944814
108.72916666666666 -25.23309210097246 -26.98320282162321
109.22916666666667 -25.236731584953652 -26.985846646145898
109.72916666666667 -25.240363893017495 -26.988472063368
110.22916666666666 -25.244000550055542 -26.99109938755398
110.72916666666667 -25.247621033803348 -26.993727749727064
111.22916666666667 -25.251236884217878 -26.99634298501617
111.72916666666666 -25.254849225840776 -26.998973304123712
112.22916666666667 -25.258470887681753 -27.00158765422269
112.72916666666667 -25.26207469691105 -27.00419564206971
113.22916666666666 -25.265690443021285 -27.006805691600174
113.72916666666667 -25.269278331054736 -27.009405095449438
114.22916666666667 -25.27286042322657 -27.011998753753836
114.72916666666667 -25.276445771431636 -27.014611351586908
115.22916666666667 -25.280028200717616 -27.01720097894252
115.72916666666667 -25.28360462730963 -27.01979605168946
116.22916666666667 -25.287164871361888 -27.022390718062915
116.72916666666667 -25.29076950000107 -27.024966586964734
117.22916666666667 -25.29429177546708 -27.027555841255413
117.72916666666667 -25.2978614083251 -27.030126291792776
118.22916666666667 -25.301411324128154 -27.03270475455128
118.72916666666667 -25.304957861736135 -27.035278349047775
119.22916666666667 -25.30850908000042 -27.037855264989727
119.72916666666667 -25.312032539980713 -27.040421622695575
120.22916666666667 -25.315557652589746 -27.0429788834534
120.72916666666667 -25.319115882237195 -27.04554349511714
121.22916666666667 -25.32263409042462 -27.0481041016916
121.72916666666667 -25.326159402794648 -27.050667273920652
122.22916666666667 -25.329716121571405 -27.053231769371187
122.72916666666667 -25.333265975689155 -27.055790435794872
123.22916666666667 -25.33679827366835 -27.058356870409096
123.72916666666667 -25.34035515761502 -27.06092660059444
124.22916666666667 -25.343907622751892 -27.063485455128912
