FastTrWP/PhaseSpace/IAs/snIa_0.37_30.00_-0.40_0.01.csv
# %ECSV 0.9
# ---
# datatype:
# - {name: time-rel, datatype: float64}
# - {name: g, datatype: float64}
# - {name: i, datatype: float64}
# schema: astropy-2.0
time-rel g i
[from data line 577]
492.1041666666667 23.159738023383536 22.834994543239663
492.6041666666667 23.157980613265025 22.833243635626218
493.1041666666667 23.15622969853599 22.831515999500734
493.6041666666667 23.154494174787665 22.82978764661432
494.1041666666667 23.152753748544875 22.82806935615158
494.6041666666667 23.151048404776823 22.82634852142662
495.1041666666667 23.14934551532233 22.824638686298467
495.6041666666667 23.147649387526318 22.82294047929998
496.1041666666667 23.145964757486645 22.821251281325566
496.6041666666667 23.144286811890204 22.81956219961945
497.1041666666667 23.14263248454825 22.817884400433964
497.6041666666667 23.14098019091048 22.816206931093873
498.1041666666667 23.139337953152538 22.81453907044353
498.6041666666667 23.1376987819344 22.81287942366751
499.1041666666667 23.136072058671008 22.811218294160117
499.6041666666667 23.134450634716405 22.8095710363619
500.1041666666667 23.132846620240773 22.807933147268187
500.6041666666667 23.13123806016895 22.806296968075035
501.1041666666667 23.129642030842255 22.804668738503867
501.6041666666667 23.128067039339623 22.803059804950998
502.1041666666667 23.12648534843467 22.801430692605447
502.6041666666667 23.124920650240206 22.799818572441275
503.1041666666667 23.123377682386916 22.79821088049483
503.6041666666667 23.12182343543759 22.79661919270634
504.1041666666667 23.120291399499393 22.7950134788702
504.6041666666667 23.11876780214209 22.793444506072046
505.1041666666667 23.117246328545995 22.791865568160482
505.6041666666667 23.115738138022124 22.7902901740045
506.1041666666667 23.114237640846227 22.788712903163795
506.6041666666667 23.11274456450802 22.78716874805735
507.1041666666667 23.111264957736637 22.785607252736146
507.6041666666667 23.109787749616597 22.784055135793253
508.1041666666667 23.10832116016343 22.78250794531386
508.6041666666667 23.10686829966859 22.780985208246122
509.1041666666667 23.1054125582194 22.779458681708537
509.6041666666667 23.103987344664155 22.777935510359832
510.1041666666667 23.102560875255485 22.776414945812803
510.6041666666667 23.101143372618758 22.774902466477126
511.1041666666667 23.099738097971567 22.77339147469735
511.6041666666667 23.098336845040723 22.771900724161426
512.1041666666666 23.096936381008824 22.77040901423296
512.6041666666666 23.09555765574752 22.768921664935377
513.1041666666666 23.094189309167163 22.767451315566703
513.6041666666666 23.092833664016943 22.765972172616486
514.1041666666666 23.091473985947886 22.764507543546554
514.6041666666666 23.090130204767462 22.763049318251195
515.1041666666666 23.088798629809943 22.761589970152706
515.6041666666666 23.087464707003118 22.760141294699775
516.1041666666666 23.086159009530117 22.75870710289858
516.6041666666666 23.08485140639384 22.75726249177197
517.1041666666666 23.083556347092543 22.755843426155277
517.6041666666666 23.082259494649907 22.754414565356953
518.1041666666666 23.080986482151644 22.753008705650064
518.6041666666666 23.079717274423828 22.751591279106698
519.1041666666666 23.078467954455732 22.750187140602648
519.6041666666666 23.077206935695767 22.748798035095767
520.1041666666666 23.075964817644877 22.74740426269695
520.6041666666666 23.07473174030896 22.74601828634756
521.1041666666666 23.07350538515244 22.744647865507723
521.6041666666666 23.072297951050366 22.743269387444766
522.1041666666666 23.071086328952962 22.74190222428461
522.6041666666666 23.069903823277794 22.74053626992569
523.1041666666666 23.06870181491352 22.739192642430282
523.6041666666666 23.06753589284383 22.737845436946515
524.1041666666666 23.066367578046325 22.736504787172237
524.6041666666666 23.06521196710856 22.735169147180404
525.1041666666666 23.064069909561553 22.73383939462257
525.6041666666666 23.062935637247644 22.73251494822447
526.1041666666666 23.061792593394202 22.7312051693427
526.6041666666666 23.060682266161994 22.72989229825484
527.1041666666666 23.05957722161203 22.728587680224383
527.6041666666666 23.058471851565173 22.727296428368525
528.1041666666666 23.057386159988674 22.726006164416752
528.6041666666666 23.056297993650574 22.724731362246423
529.1041666666666 23.055228529829385 22.723438413257018
529.6041666666666 23.054168181436335 22.722174220446586
530.1041666666666 23.05311256090606 22.720901630438348
530.6041666666666 23.052077388570744 22.719645284583198
531.1041666666666 23.051044142780853 22.71839545689085
531.6041666666666 23.05002021484546 22.717151082214563
532.1041666666666 23.049000152254095 22.71591936307569
532.6041666666666 23.04799393477434 22.714682752643924
533.1041666666666 23.0469957569007 22.713457994841455
533.6041666666666 23.046015667426897 22.71223035219464
534.1041666666666 23.045027359311838 22.711017883778936
534.6041666666666 23.044054416632356 22.70981314756339
535.1041666666666 23.04310138201175 22.708608438006316
535.6041666666666 23.0421534702265 22.707410934951522
536.1041666666666 23.041208351574216 22.706222344818258
536.6041666666666 23.04027493291663 22.705039542959092
537.1041666666666 23.039344754328077 22.70386397832377
537.6041666666666 23.038426423305577 22.702685462601423
538.1041666666666 23.037514312957917 22.701521630089054
538.6041666666666 23.03662230197255 22.700363683153874
539.1041666666666 23.035728205181293 22.699201190771966
539.6041666666666 23.034841066758325 22.698052067161882
540.1041666666666 23.03396931394949 22.69691168536653
540.6041666666666 23.03310196308344 22.695770892225635
541.1041666666666 23.032242713917487 22.694633083665945
541.6041666666666 23.03138931936886 22.693506892350545
542.1041666666666 23.030545787507776 22.692380587308442
542.6041666666666 23.029700663696016 22.69126769623813
543.1041666666666 23.028884257517976 22.690157706392164
543.6041666666666 23.02806087161003 22.689045597687553
544.1041666666666 23.027249456950358 22.687943721624684
544.6041666666666 23.026444612037057 22.68684394929643
545.1041666666666 23.025650675705315 22.685750010515854
545.6041666666666 23.024867712557576 22.68465819796178
546.1041666666666 23.024079622948584 22.683576196199823
546.6041666666666 23.02330571273171 22.68249724881513
547.1041666666666 23.022538942129454 22.68142568325221
547.6041666666666 23.021788189872673 22.680354761752824
548.1041666666666 23.021030260765272 22.679291396769358
548.6041666666666 23.02029071693983 22.678236664233722
549.1041666666666 23.019555729532108 22.677180403956463
549.6041666666666 23.018836608110448 22.67613360320309
550.1041666666666 23.018102693475893 22.67508657520444
550.6041666666666 23.01738762595624 22.674047468004975
551.1041666666666 23.016681448636255 22.673009120815063
551.6041666666666 23.01597820690604 22.671979819041454
552.1041666666666 23.015285223331446 22.67094434393314
552.6041666666666 23.014603038372282 22.669926834911397
553.1041666666666 23.013928176872763 22.668906375458647
553.6041666666666 23.0132471883938 22.667892947082997
554.1041666666666 23.012592344002737 22.666886272329126
554.6041666666666 23.01192585281219 22.66587920599873
555.1041666666666 23.011281277920496 22.664878220579105
555.6041666666666 23.01062813940615 22.663881210014694
556.1041666666666 23.009992571858287 22.662886827856553
556.6041666666666 23.009365281956722 22.66188823483695
557.1041666666666 23.008730167128128 22.660911662740837
557.6041666666666 23.008119695630484 22.659925263104693
558.1041666666666 23.00751222398877 22.658944170171992
558.6041666666666 23.00688819620514 22.657966259337066
559.1041666666666 23.006296584799713 22.6570034333627
559.6041666666666 23.005699066806116 22.656041947226356
560.1041666666666 23.005124118409586 22.655065355393617
560.6041666666666 23.00453029923275 22.654108431889227
561.1041666666666 23.003957596545376 22.65315666819257
561.6041666666666 23.003393856142416 22.65219976411558
562.1041666666666 23.00282739454059 22.65125325232649
562.6041666666666 23.002281694171703 22.650306856043386
563.1041666666666 23.00173280403976 22.649373332741405
563.6041666666666 23.001185338749437 22.648438629605604
564.1041666666666 23.000672307762017 22.64751633488266
564.6041666666666 23.00014231122936 22.64659094214545
565.1041666666666 22.99964235817558 22.64568058496434
565.6041666666666 22.99914144586954 22.644771826360717
566.1041666666666 22.998644103569248 22.64386242619466
566.6041666666666 22.99814564690617 22.64295591017131
567.1041666666666 22.997678404694653 22.642071369578993
567.6041666666666 22.997203609516067 22.64117455123371
568.1041666666666 22.996740436041016 22.64029158441125
568.6041666666666 22.996287476652565 22.639414246599085
569.1041666666666 22.995832465625853 22.63853738515985
569.6041666666666 22.995396720258647 22.637667302320622
570.1041666666666 22.994963080793298 22.636800738538824
570.6041666666666 22.994530613966134 22.635940931442654
571.1041666666666 22.99412274681828 22.635078228027194
571.6041666666666 22.993706495514708 22.634225642928843
572.1041666666666 22.993299770209017 22.633374394413117
572.6041666666666 22.99291378053711 22.63253321208914
573.1041666666666 22.99251147174524 22.631690256251655
573.6041666666666 22.992129033968453 22.63085224327441
574.1041666666666 22.991749220227163 22.630011022347084
574.6041666666666 22.991381415781106 22.629198737824595
575.1041666666666 22.991012005647708 22.62836703198328
575.6041666666666 22.99065673208629 22.627545502846644
576.1041666666666 22.990298498627407 22.626718737038402
576.6041666666666 22.98996247717872 22.625910415355357
577.1041666666666 22.98961316466654 22.625095207073016
577.6041666666666 22.98927095624658 22.624291019585996
578.1041666666666 22.988936554354893 22.62348026352057
578.6041666666666 22.988617457485052 22.622683668536055
579.1041666666666 22.98830188226205 22.621874972442875
579.6041666666666 22.98798509155178 22.621086024129827
580.1041666666666 22.98767456562881 22.620287346434104
580.6041666666666 22.98737220327181 22.61949915934588
581.1041666666666 22.987064503010416 22.61870768775691
581.6041666666666 22.986773560261476 22.61793058773356
582.1041666666666 22.98648827912348 22.61713836626945
582.6041666666666 22.986203745462245 22.616367061965597
583.1041666666666 22.98592582719067 22.6155895638664
583.6041666666666 22.985646467456377 22.614798595522295
584.1041666666666 22.98537760952226 22.614032190067242
584.6041666666666 22.985108203036685 22.61326346757905
585.1041666666666 22.984854419039635 22.612488123723438
585.6041666666666 22.984587126482356 22.611726822067553
586.1041666666666 22.98433414215557 22.61095452127268
586.6041666666666 22.984087375985066 22.61019386284834
587.1041666666666 22.983841127241043 22.609426855034194
587.6041666666666 22.983602342091363 22.608670096244722
588.1041666666666 22.983366037624386 22.607911558790242
588.6041666666666 22.98311707385665 22.6071585482555
589.1041666666666 22.982880159227882 22.606404102399452
589.6041666666666 22.982658505782165 22.605651395222445
590.1041666666666 22.982434624327173 22.604894628554838
590.6041666666666 22.982204714917867 22.604141449241393
591.1041666666666 22.981983447845607 22.603387127991073
591.6041666666666 22.981770642546625 22.602640830538757
592.1041666666666 22.981556313294142 22.601886287643644
592.6041666666666 22.98135093207973 22.601146814674106
593.1041666666666 22.981136814807247 22.6003891858539
593.6041666666666 22.9809380573325 22.599645262167286
594.1041666666666 22.980725130489766 22.598908091270218
594.6041666666666 22.980519200608885 22.5981599557837
595.1041666666666 22.980323543288364 22.597415312674674
595.6041666666666 22.980134638459425 22.596679968435293
596.1041666666666 22.97993726462376 22.5959272303615
596.6041666666666 22.97975220634703 22.595190581293224
597.1041666666666 22.979565773191005 22.594457804688485
597.6041666666666 22.979391033608152 22.593717229188965
598.1041666666666 22.97921400642978 22.59298873898445
598.6041666666666 22.97904519699219 22.592259706047756
599.1041666666666 22.978870048900767 22.591528298063984
599.6041666666666 22.978719591818837 22.59080157602902
600.1041666666666 22.978558672317764 22.590076885749887
600.6041666666666 22.97839354885401 22.58935557674331
601.1041666666666 22.978248805482792 22.58864366129042
601.6041666666666 22.978107136185045 22.58791424418291
602.1041666666666 22.977961903009515 22.587201442584103
602.6041666666666 22.977815588212316 22.586485929102448
603.1041666666666 22.97769677346459 22.585769757376294
603.6041666666666 22.97755553839977 22.585055656515927
604.1041666666666 22.977435753499567 22.584348439620126
604.6041666666666 22.97731332673505 22.583639783812977
605.1041666666666 22.977198215940582 22.58294040419905
605.6041666666666 22.97708802454904 22.58223436390041
606.1041666666666 22.976980026696594 22.58154363418448
606.6041666666666 22.976872506665952 22.580833886606733
607.1041666666666 22.976769353629365 22.580145864224832
607.6041666666666 22.976672892047457 22.579449646269865
608.1041666666666 22.976578132432557 22.578756844156477
608.6041666666666 22.976496511568406 22.57806538361391
609.1041666666666 22.97641392829236 22.577373911343614
609.6041666666666 22.976331309080194 22.57669326317926
610.1041666666666 22.976263148268863 22.57601016296543
610.6041666666666 22.976192099377265 22.575331218005672
611.1041666666666 22.976117295026995 22.574640851084848
611.6041666666666 22.976064585475456 22.573962499781956
612.1041666666666 22.976007251189877 22.573284440449093
612.6041666666666 22.97596279747552 22.57261485967681
613.1041666666666 22.975910156722183 22.571948844441664
613.6041666666666 22.975869464977137 22.571274843138447
614.1041666666666 22.975837180303685 22.570607146641066
614.6041666666666 22.97580339446862 22.569939871848877
615.1041666666666 22.97576928965089 22.56927831737277
615.6041666666666 22.97574361647609 22.568614307961376
616.1041666666666 22.975722197777863 22.567964637814384
616.6041666666666 22.975709806619054 22.567299527824552
617.1041666666666 22.97570630549602 22.566649614417532
617.6041666666666 22.975690816834884 22.565988387982117
618.1041666666666 22.975689269262922 22.565348682109292
618.6041666666666 22.975687697242027 22.564703381970688
619.1041666666666 22.9757075922371 22.56405687139044
619.6041666666666 22.97571373603461 22.563415675737147
620.1041666666666 22.975731860962114 22.562775675130936
620.6041666666666 22.975755750629197 22.562132792147338
621.1041666666666 22.975778548842992 22.56149546016882
621.6041666666666 22.97581042321451 22.560860981302
622.1041666666666 22.975849329694327 22.560230584700047
622.6041666666666 22.97588893525169 22.559603493359628
623.1041666666666 22.975937919782588 22.558974372358755
623.6041666666666 22.975985365125183 22.558347315514453
624.1041666666666 22.97604542414029 22.557724988569912
624.6041666666666 22.976097058377725 22.557107631097253
625.1041666666666 22.976170075418246 22.556486726806266
625.6041666666666 22.97624125095826 22.555879189690277
626.1041666666666 22.97631690138394 22.5552574100128
626.6041666666666 22.976390593842222 22.554647990736342
627.1041666666666 22.976486640999354 22.55404159926148
627.6041666666666 22.976576122899544 22.553435466879414
628.1041666666666 22.976668136987808 22.552830623674854
628.6041666666666 22.9767661942852 22.552224893398446
629.1041666666666 22.976871607232255 22.551623952998373
629.6041666666666 22.97699015865778 22.551027204103555
630.1041666666666 22.97709601175345 22.550429681431204
630.6041666666666 22.97720736339982 22.549839111694105
631.1041666666666 22.977339034628518 22.549237767128606
631.6041666666666 22.97746155993629 22.548645896857668
632.1041666666666 22.977590650591306 22.54806472646508
632.6041666666666 22.977723989212503 22.547478705992035
633.1041666666666 22.97786526321264 22.54688617516507
633.6041666666666 22.978015032135772 22.546306641159596
634.1041666666666 22.978161311459843 22.545726315004014
634.6041666666666 22.97831837989977 22.545149175297603
635.1041666666666 22.97846672911346 22.54456865019891
635.6041666666666 22.978629834009162 22.54399164640914
