FastTrWP/PhaseSpace/IAs/snIa_0.49_30.00_0.54_-0.04.csv
# %ECSV 0.9
# ---
# datatype:
# - {name: time-rel, datatype: float64}
# - {name: g, datatype: float64}
# - {name: i, datatype: float64}
# schema: astropy-2.0
time-rel g i
-424.5 26.98469535241797 25.027604648402853
-424.0 26.96221640333562 25.019206014355866
-423.5 26.94006439473457 25.010780970117686
-423.0 26.9182290848031 25.002455135981656
-422.5 26.896744045490387 24.994172623966584
-422.0 26.875488835090056 24.985876263912598
-421.5 26.854560844143343 24.977671511793858
-421.0 26.83394630355415 24.96947131967739
-420.5 26.81349643057958 24.961327907965455
-420.0 26.793421017069647 24.953216462161194
-419.5 26.773563530161585 24.94514360050126
-419.0 26.75395890881132 24.93709817746998
-418.5 26.734583245178083 24.929080056876195
-418.0 26.715379913611017 24.921089472265052
-417.5 26.6963543106939 24.913142043189357
-417.0 26.677544951601504 24.905196292666353
-416.5 26.658826845251113 24.897271754790772
-416.0 26.64033489930326 24.889342594839068
-415.5 26.622035013915145 24.881480283276566
-415.0 26.603857090576298 24.8736296035733
-414.5 26.585860807712052 24.8658128953806
-414.0 26.568037452878045 24.857976311614834
-413.5 26.550361895594325 24.850202186244292
-413.0 26.5328710310556 24.84245428010038
-412.5 26.515469762256213 24.83469304613202
-412.0 26.498241896823778 24.826963931362233
-411.5 26.481251024503933 24.819296181562216
-411.0 26.46431297499739 24.811624158968584
-410.5 26.447590399928252 24.80397782107266
-410.0 26.43097429612692 24.796364011299378
-409.5 26.414514490332607 24.78876828211217
-409.0 26.398246510128068 24.781203125929846
-408.5 26.382064383216782 24.77364778174082
-408.0 26.366019592752718 24.76612300950307
-407.5 26.350140348405763 24.758627926134604
-407.0 26.33435247972742 24.751178499244105
-406.5 26.318764012199125 24.74372930251274
-406.0 26.30326844235014 24.73630362477724
-405.5 26.287983469596252 24.728914456340533
-405.0 26.2726966443161 24.721552213335926
-404.5 26.25762885962688 24.714206539041918
-404.0 26.24264665881512 24.70689673744516
-403.5 26.227838514774277 24.69959520128576
-403.0 26.213137324147905 24.692343221883334
-402.5 26.1985191199809 24.68511015914277
-402.0 26.18405632457833 24.677891523391512
-401.5 26.169697006721687 24.670703488250506
-401.0 26.155437800571605 24.663542254900868
-400.5 26.141337516410275 24.656411169082403
-400.0 26.12739175846668 24.6492955147405
-399.5 26.113478450055275 24.642210534460393
-399.0 26.099735743780975 24.635171154682773
-398.5 26.086053422028534 24.62810368423186
-398.0 26.072466139541675 24.621125807773616
-397.5 26.05905040379737 24.614151910075833
-397.0 26.045704245746716 24.60719784026105
-396.5 26.032487597751338 24.600271086541902
-396.0 26.019377883946614 24.5933615173401
-395.5 26.006362699626123 24.58651513167226
-395.0 25.993444011268775 24.579648628800474
-394.5 25.980656041423007 24.572844926156087
-394.0 25.967915886538627 24.566038962246587
-393.5 25.955304474866473 24.559274468603594
-393.0 25.942784133578684 24.55253888623965
-392.5 25.930363813390024 24.545836586196685
-392.0 25.918069313203773 24.539156132617734
-391.5 25.905866146012006 24.53248810330988
-391.0 25.893703127813335 24.525843165696166
-390.5 25.881660135088055 24.519236424367712
-390.0 25.869700195381128 24.51265111302976
-389.5 25.857889969685957 24.50610712966316
-389.0 25.84610398855297 24.499561192336913
-388.5 25.834436012735345 24.49307711711391
-388.0 25.822835462447962 24.486596432074748
-387.5 25.811333675728637 24.480138304124083
-387.0 25.799930133165866 24.47370650608692
-386.5 25.788565708488612 24.467314869432784
-386.0 25.777330769221432 24.46092927552444
-385.5 25.766194954574257 24.454576049626333
-385.0 25.755145419411484 24.448267190185398
-384.5 25.744113498818795 24.44196060845307
-384.0 25.7332350435477 24.43568703006866
-383.5 25.722399445434114 24.429441282611744
-383.0 25.711620435946347 24.42324316199514
-382.5 25.70094095957874 24.41703300032892
-382.0 25.69028837673738 24.410855242483645
-381.5 25.679703150165007 24.40466369946906
-381.0 25.66916865097754 24.398502756211645
-380.5 25.658706559806777 24.392363217173205
-380.0 25.648278334195602 24.386232484715876
-379.5 25.63790119677654 24.380111409458337
-379.0 25.627589112489485 24.374030496103764
-378.5 25.61735100222171 24.367948396881264
-378.0 25.607111915766897 24.361888056638975
-377.5 25.596939501292347 24.355835703363216
-377.0 25.586856380506752 24.349793374232288
-376.5 25.576845627249817 24.343768522639856
-376.0 25.566828745313295 24.337794973143446
-375.5 25.556894354155265 24.331807911734025
-375.0 25.54702975339705 24.325843200002492
-374.5 25.537158098594787 24.319894830068755
-374.0 25.52740931469291 24.31396087007826
-373.5 25.51763833047099 24.30804813437259
-373.0 25.507987523416666 24.30215523277422
-372.5 25.498367985900067 24.296289245088666
-372.0 25.488793007825286 24.290432622460468
-371.5 25.479297057762686 24.284577311479175
-371.0 25.469829808401276 24.278764982584118
-370.5 25.460415661881935 24.27298046440245
-370.0 25.45102180975368 24.267179941963455
-369.5 25.44172008164753 24.26142984127018
-369.0 25.43242645763749 24.255689136314547
-368.5 25.423226145175214 24.249964152247973
-368.0 25.41409037312072 24.244266335768295
-367.5 25.404943434122348 24.23857275086104
-367.0 25.395883921654043 24.232909078963047
-366.5 25.386850262690146 24.22725237297806
-366.0 25.37788502458149 24.221626844774367
-365.5 25.368973523714324 24.21601271441975
-365.0 25.360099015982534 24.210432326484437
-364.5 25.3512851975414 24.204856509073593
-364.0 25.342484064254506 24.1993002641008
-363.5 25.33376367606497 24.19378588139025
-363.0 25.325087719993626 24.188269741330597
-362.5 25.316470614576545 24.182778234160736
-362.0 25.307865904379376 24.17730679341188
-361.5 25.29933545079388 24.171843966670675
-361.0 25.29079747297449 24.166439386669225
-360.5 25.28239178612875 24.161033426586926
-360.0 25.27396709144981 24.155650916664943
-359.5 25.26562600400672 24.150263957518018
-359.0 25.25731109068972 24.1449256873554
-358.5 25.24905724574818 24.13959327776226
-358.0 25.24081776006707 24.134289678424317
-357.5 25.232664959209153 24.128989024138328
-357.0 25.224522530854813 24.123730789170537
-356.5 25.216427423538967 24.118498549429187
-356.0 25.208400707290135 24.11326037389064
-355.5 25.20036062444907 24.108058021496703
-355.0 25.19242985391507 24.1028669570739
-354.5 25.18450504272166 24.09771050526633
-354.0 25.176627989742588 24.092572090365742
-353.5 25.168818146536655 24.087437606187866
-353.0 25.161027198965566 24.082357318148595
-352.5 25.153273540722566 24.077276108379987
-352.0 25.145583866814555 24.072214443034873
-351.5 25.1379118162193 24.067183317913667
-351.0 25.130312081855024 24.06216015198721
-350.5 25.122744110519474 24.057155570971712
-350.0 25.115199953480094 24.052200559280056
-349.5 25.107714571700043 24.047234184366385
-349.0 25.10025838221985 24.042309122875558
-348.5 25.09284889558333 24.03738606520279
-348.0 25.085465155083476 24.032514658609895
-347.5 25.078157137290745 24.02765561785223
-347.0 25.070859828566952 24.022785488918473
-346.5 25.063574126085207 24.017945060164486
-346.0 25.056357300627884 24.013123133549037
-345.5 25.049115349848783 24.008300863742353
-345.0 25.041935900797263 24.00350119926475
-344.5 25.034794822563295 23.99870334487221
-344.0 25.027675114767447 23.993926269619283
-343.5 25.020574561560718 23.989162706103254
-343.0 25.013496330709593 23.984420197019453
-342.5 25.00648694380952 23.97967142659966
-342.0 24.999472885982254 23.974948372787278
-341.5 24.992494173568403 23.970242111761365
-341.0 24.985541114399645 23.96552837121783
-340.5 24.978612856148374 23.96084787369628
-340.0 24.971707197092844 23.956185111066898
-339.5 24.964853956499127 23.951522272797618
-339.0 24.95802449088319 23.946884406539496
-338.5 24.951207335702268 23.94225370026621
-338.0 24.944424596291334 23.937629381832785
-337.5 24.9376696071714 23.93303160680262
-337.0 24.930942498559922 23.928450994443423
-336.5 24.924213357137035 23.923863683022905
-336.0 24.917545553432827 23.91930808906723
-335.5 24.91090429798971 23.91476861593324
-335.0 24.9042721527074 23.91022768014683
-334.5 24.897679242691012 23.90570401887045
-334.0 24.891127484201338 23.901207342914496
-333.5 24.884602756364206 23.896721660383292
-333.0 24.878083629343053 23.89224608296352
-332.5 24.87159214307983 23.8877787864114
-332.0 24.865133399203344 23.88334031337186
-331.5 24.858716419610705 23.87890935388596
-331.0 24.852286122016032 23.874493127668124
-330.5 24.84591329671821 23.87008234696285
-330.0 24.839554205772913 23.86569213868649
-329.5 24.833231240932715 23.861331742488726
-329.0 24.826921616662332 23.856971910436314
-328.5 24.82067054833642 23.852613859644745
-328.0 24.814404714359597 23.848304980936497
-327.5 24.808200423475512 23.843978660060777
-327.0 24.80199449930754 23.839681129378526
-326.5 24.795814536048745 23.835395364985366
-326.0 24.789671503198537 23.83113896534603
-325.5 24.783554926511627 23.826892405417794
-325.0 24.77745064790367 23.82263131383466
-324.5 24.77138799532517 23.818412928145698
-324.0 24.765346936068443 23.81420584711673
-323.5 24.759337354203662 23.81001130409372
-323.0 24.753349224977956 23.80582506172686
-322.5 24.74734604263135 23.801672093945587
-322.0 24.741412005895008 23.79752182919124
-321.5 24.735489026843936 23.79339207368445
-321.0 24.729582582280422 23.789267068899346
-320.5 24.72373553351958 23.78515854791712
-320.0 24.717853289099327 23.781077849545127
-319.5 24.71205169334565 23.77701260916599
-319.0 24.706245833313076 23.77295145598985
-318.5 24.700444688076804 23.768916513752025
-318.0 24.694713001584073 23.764887575816914
-317.5 24.688993365941055 23.760869175274806
-317.0 24.68327996799833 23.75687983170917
-316.5 24.677611101923766 23.752902263555168
-316.0 24.671954599096303 23.748935970973175
-315.5 24.666318646492392 23.744993651546295
-315.0 24.660701310914067 23.741047209389023
-314.5 24.655118323230006 23.737131485567197
-314.0 24.649549760227952 23.733241377658775
-313.5 24.644002739156917 23.72934693176067
-313.0 24.638507316484016 23.72548127779071
-312.5 24.633004386268254 23.721612482790263
-312.0 24.627520101314218 23.71777240571545
-311.5 24.622070344615604 23.71395769862472
-311.0 24.616631671166203 23.710136718485423
-310.5 24.611234681597125 23.70634572229266
-310.0 24.60586079731103 23.70256500006129
-309.5 24.60049439798544 23.698779847313382
-309.0 24.595130100484035 23.695020330768543
-308.5 24.589820251245417 23.691270195242673
-308.0 24.584500687187038 23.68754597411513
-307.5 24.579204383378162 23.683828432163125
-307.0 24.573930937963986 23.68012155292085
-306.5 24.568699018742688 23.676406856076962
-306.0 24.56346337534919 23.672733774813246
-305.5 24.558245243403547 23.66906245646391
-305.0 24.55302829091955 23.665399210856634
-304.5 24.54787023057703 23.661738934342765
-304.0 24.542730189008996 23.65810792364352
-303.5 24.53756848102421 23.654482771795294
-303.0 24.532467204387466 23.650855572667364
-302.5 24.527335433753535 23.64725940619244
-302.0 24.522248792966025 23.6436602510162
-301.5 24.51717241672286 23.640081757297573
-301.0 24.512117890427216 23.636512833416234
-300.5 24.507091416585656 23.632963404013804
-300.0 24.50205321588248 23.62940667235906
-299.5 24.497050945408084 23.62587364287835
-299.0 24.492055293457856 23.622333668773408
-298.5 24.487092381055128 23.61882327580592
-298.0 24.482124839534553 23.615312514692558
-297.5 24.47718232861801 23.61182850934413
-297.0 24.472271864631537 23.608337198186323
-296.5 24.467354204337894 23.604854251748698
-296.0 24.462468268116147 23.60138304774857
-295.5 24.4575687083056 23.597928322979136
-295.0 24.45272593826278 23.594486718456267
-294.5 24.447881347084902 23.591041723397947
-294.0 24.443042510989383 23.58761676930516
-293.5 24.438220550309758 23.58419292313526
-293.0 24.433423059593785 23.580797237148843
-292.5 24.42863490020098 23.57738547113996
-292.0 24.42385589153572 23.573995381844057
-291.5 24.41908999186971 23.570624069080864
-291.0 24.41433100196448 23.567243501432422
-290.5 24.409598847044855 23.563883116792073
-290.0 24.40488908374972 23.56053235829321
-289.5 24.400177003364142 23.557187278712565
-289.0 24.39549465974817 23.55384109466938
-288.5 24.39081426806309 23.550516270755782
-288.0 24.38613724287041 23.547197279675267
-287.5 24.381497945859955 23.543888772362088
-287.0 24.376866730204263 23.540592256966043
-286.5 24.37223701862367 23.537283411199574
-286.0 24.36762398731364 23.534001545476695
-285.5 24.36300903584756 23.530723251217246
-285.0 24.35842934422988 23.52745801407115
-284.5 24.35384485853183 23.524193269764773
-284.0 24.34928202832918 23.52093426011397
-283.5 24.34473026489316 23.517693482209346
-283.0 24.340194983037975 23.514448156869538
-282.5 24.335679351433658 23.511233595141867
-282.0 24.331155135857383 23.50800869671521
-281.5 24.326671130923884 23.50478887338115
-281.0 24.322167787552544 23.501582464636247
-280.5 24.31769601676296 23.498373018165456
-280.0 24.313240575983972 23.49518510939403
-279.5 24.30877626485334 23.49199779406724
-279.0 24.30432636147865 23.488829573561006
-278.5 24.299885328374287 23.48564698299986
-278.0 24.295471284648535 23.482488738695515
-277.5 24.291066346113766 23.47932836863492
-277.0 24.2866607499335 23.476180439841183
-276.5 24.282269459107738 23.473021322202747
-276.0 24.277900489599457 23.46990387488297
-275.5 24.273529145347084 23.466761409151896
-275.0 24.269185032571094 23.46365221622331
-274.5 24.26485945113103 23.460535734032945
-274.0 24.2605181982847 23.457419974448072
-273.5 24.256195564948936 23.454335785368094
-273.0 24.251883118541357 23.451236084163366
-272.5 24.24759739182943 23.448164508774102
-272.0 24.243304453725703 23.44508761982395
-271.5 24.239044993114387 23.442017203889165
-271.0 24.234785368037798 23.43895489705984
-270.5 24.230533964073175 23.435917380776978
-270.0 24.226291204505287 23.432858675547305
-269.5 24.222074604208096 23.429833580468646
-269.0 24.217877484281374 23.42680088746317
-268.5 24.213666176182926 23.42378927447581
-268.0 24.209478961350285 23.42076952631965
-267.5 24.205297941080502 23.41775962930096
-267.0 24.20111750316822 23.414763368737567
-266.5 24.196952148981442 23.411763763464144
-266.0 24.19282182661199 23.40877929814903
-265.5 24.18867014595954 23.40579958503294
-265.0 24.184546327604327 23.402840403304612
-264.5 24.180417455096887 23.399865741855997
-264.0 24.176321195237133 23.396898437864202
-263.5 24.172221159447748 23.39395055305118
-263.0 24.168124198990583 23.39100744307101
-262.5 24.16405669108789 23.38807478281872
-262.0 24.15996754502542 23.385131843914657
-261.5 24.155916011301507 23.382208687418753
-261.0 24.151871888924354 23.379285325068988
-260.5 24.147829297593105 23.376367002328212
-260.0 24.143785074469946 23.373466331807467
-259.5 24.13978285962902 23.37056520679362
-259.0 24.135759300214517 23.367668650182924
-258.5 24.131747214891192 23.364776156356577
-258.0 24.127749378068742 23.36190076506689
-257.5 24.123778905341226 23.359010808250204
-257.0 24.119797358920714 23.35613751149284
-256.5 24.11582837979559 23.353270332690915
-256.0 24.11186063988159 23.350417322764354
-255.5 24.107928395782466 23.347562967794914
-255.0 24.10397743713525 23.344712642951734
-254.5 24.100034776302962 23.341857612880673
-254.0 24.09609601681954 23.339027081066284
-253.5 24.092201745538393 23.336194754726172
-253.0 24.088295921031214 23.333367728361058
-252.5 24.08438278740867 23.330547231353727
-252.0 24.08049059506776 23.3277331935887
-251.5 24.0766001145996 23.324921217030973
-251.0 24.07271487267942 23.3221132172382
-250.5 24.068869265548308 23.319317083280428
-250.0 24.06500100344378 23.31651966887228
-249.5 24.06113205201216 23.313734556289347
-249.0 24.057297273494367 23.31093435901583
-248.5 24.053465079400777 23.30816662161615
-248.0 24.049615144218755 23.30539218742191
-247.5 24.045800715206692 23.302616725031832
-247.0 24.041994566608622 23.299854394065314
-246.5 24.038173725022123 23.29708997645718
-246.0 24.03436539163443 23.294329697136725
-245.5 24.030573245814356 23.291584751992012
-245.0 24.02679189407735 23.28884365922032
-244.5 24.023011113721836 23.286100577405445
