FastTrWP/PhaseSpace/IAs/snIa_0.70_30.00_0.88_-0.22.csv
# %ECSV 0.9
# ---
# datatype:
# - {name: time-rel, datatype: float64}
# - {name: g, datatype: float64}
# - {name: i, datatype: float64}
# schema: astropy-2.0
time-rel g i
[from data line 1026]
489.625 22.872465367550472 22.397038025357553
490.125 22.871776157948975 22.39624674051127
490.625 22.871084727863987 22.395459740604842
491.125 22.870409953581312 22.394667521332288
491.625 22.869733728081506 22.39389513476134
492.125 22.86906298159237 22.393117983582446
492.625 22.868410781712708 22.39234292853492
493.125 22.86775606422349 22.391573423779366
493.625 22.867132018415354 22.390811475281296
494.125 22.866496505747524 22.390052809600896
494.625 22.865872124472148 22.389292057729577
495.125 22.86525746493052 22.38853655121587
495.625 22.86466529696491 22.387779525169087
496.125 22.86406182578444 22.387028372672226
496.625 22.863473851851033 22.386287325070484
497.125 22.862895100651855 22.38554505854303
497.625 22.862321966446064 22.384804095601673
498.125 22.861760139562733 22.384069995969767
498.625 22.86119281734448 22.383332925569356
499.125 22.860641892856016 22.382611051092685
499.625 22.860101400057875 22.3818798963605
500.125 22.85956847438836 22.381156611184082
500.625 22.85904867089293 22.380436134722864
501.125 22.85852949492748 22.37972535167327
501.625 22.858015209733637 22.379010844639673
502.125 22.857524860003497 22.3782954312648
502.625 22.857025185282104 22.37759108470918
503.125 22.856538923263248 22.376887485555198
503.625 22.856057187878275 22.37618905864631
504.125 22.855583332040304 22.375494662590242
504.625 22.855123688169613 22.37479655197496
505.125 22.85466054868926 22.37410360035839
505.625 22.85422080263061 22.373416644921544
506.125 22.853775074106778 22.37273167413887
506.625 22.85333767702687 22.37205580539776
507.125 22.85291629371055 22.37136751594466
507.625 22.85249959032866 22.37069014595894
508.125 22.852086636655354 22.370022890921113
508.625 22.851677199678946 22.36935586521403
509.125 22.851280290671745 22.36868501093094
509.625 22.850903037747944 22.36802102486429
510.125 22.850511903577573 22.36735496828716
510.625 22.850132896827308 22.366697637516843
511.125 22.8497656756501 22.36604370469429
511.625 22.849403073711304 22.365386211303708
512.125 22.849051508595398 22.364739142989222
512.625 22.84870610072925 22.364092232972446
513.125 22.848361171546646 22.36345217370527
513.625 22.84802957105657 22.36281420284014
514.125 22.847701753456708 22.362177621915574
514.625 22.84737838851237 22.361532193623532
515.125 22.847063474750907 22.36090228779643
515.625 22.846762671618357 22.360275681631876
516.125 22.846458045049808 22.35965304809423
516.625 22.8461801350933 22.35902213832949
517.125 22.845888665704376 22.358402415214734
517.625 22.845607338604765 22.35778684924245
518.125 22.845336268502034 22.357172479038873
518.625 22.845074535433692 22.35655738298181
519.125 22.844816424716047 22.35595113655011
519.625 22.84456685198961 22.355346477958026
520.125 22.844319502545613 22.354739334191226
520.625 22.844085655578997 22.354132554420396
521.125 22.84384868186239 22.353540164711422
521.625 22.843618206301763 22.35293699155935
522.125 22.84340906955798 22.352343128512395
522.625 22.84319297521787 22.351753295994964
523.125 22.842982720398247 22.351165826011673
523.625 22.842785159967196 22.35058166209314
524.125 22.842592954697125 22.34999744277165
524.625 22.842409053977445 22.349415349721234
525.125 22.84222463597309 22.3488363591592
525.625 22.842055622352678 22.348262333716995
526.125 22.84188338711222 22.347691648846816
526.625 22.841725687663782 22.34711794490392
527.125 22.841566138977704 22.346548505219875
527.625 22.841421054234875 22.34598352442866
528.125 22.841273280539415 22.345420463657952
528.625 22.84114213936604 22.34486247869694
529.125 22.84101767378937 22.34430499868833
529.625 22.84088847904409 22.343750601890232
530.125 22.840781692491255 22.343193215273676
530.625 22.84065838128056 22.342645024373322
531.125 22.84055216204446 22.34210217078596
531.625 22.840457451818764 22.341553133105716
532.125 22.840364598150302 22.341010112636404
532.625 22.840273563095316 22.340473120897983
533.125 22.840198463720238 22.33993032977256
533.625 22.840123227881758 22.339396515003486
534.125 22.840053024391715 22.33886618673713
534.625 22.839998817556516 22.338337870901487
535.125 22.839945267468792 22.337809849954393
535.625 22.839895541181 22.33728829315527
536.125 22.83986012360353 22.336769305112895
536.625 22.8398402999343 22.336250453713063
537.125 22.83981283038527 22.33573580974607
537.625 22.839801410819764 22.335228970506755
538.125 22.83980381880243 22.334716056421975
538.625 22.839804113856776 22.334214512943788
539.125 22.839820762903035 22.33371164321956
539.625 22.83983384129325 22.333211684413165
540.125 22.839862862215526 22.332719527870324
540.625 22.839895743108922 22.332228743364205
541.125 22.83994098573543 22.331735771966038
541.625 22.839990876170923 22.331245219268062
542.125 22.84004829727872 22.33076036441219
542.625 22.84012048760339 22.330275708486337
543.125 22.840191084230554 22.329800868420243
543.625 22.84026214409835 22.329323489382155
544.125 22.840347788146282 22.328852365521023
544.625 22.840446187938323 22.32837555895975
545.125 22.840539881278996 22.327907025420796
545.625 22.84064920512339 22.327438509313758
546.125 22.840764670301297 22.326983682382338
546.625 22.840885034581554 22.326522229615225
547.125 22.84101134753957 22.326058990980933
547.625 22.841146548983502 22.32560953238142
548.125 22.841279096218855 22.325154670841265
548.625 22.84144188624229 22.324702510402208
549.125 22.84157940979118 22.324253419383197
549.625 22.841734482797143 22.323810045908342
550.125 22.841909071687443 22.32336171602476
550.625 22.842073344966458 22.32292448676745
551.125 22.84225225234377 22.32247927298138
551.625 22.84243379839843 22.322049284036414
552.125 22.84262895259607 22.321612648893986
552.625 22.842820516828088 22.321183734959824
553.125 22.843021343549808 22.320750669401225
553.625 22.843234545684652 22.320322718501245
554.125 22.84344885742254 22.31990190332127
554.625 22.843657336219692 22.319474372186804
555.125 22.843883222257677 22.31905174742641
555.625 22.844112906483844 22.3186359433469
556.125 22.844350751101107 22.318223537124055
556.625 22.844580559543402 22.31780534845501
557.125 22.844830087239284 22.317386162910452
557.625 22.845077697593915 22.316977382192746
558.125 22.84533503994563 22.316569754629466
558.625 22.84559368003933 22.31616680666876
559.125 22.845861971099858 22.315756820693494
559.625 22.846132333444046 22.315354861056743
560.125 22.846403949011798 22.31494763971873
560.625 22.846695362148715 22.314554873043907
561.125 22.846976494124934 22.314151117963597
561.625 22.84725882881354 22.31376320660045
562.125 22.84756887478853 22.313371118104396
562.625 22.84786303412283 22.312978578943117
563.125 22.848157371072176 22.312582598552126
563.625 22.848471927714222 22.312199181270262
564.125 22.848784229406796 22.311813181524847
564.625 22.84910146235767 22.31142531193946
565.125 22.84941856205306 22.311038720198365
565.625 22.84974569115867 22.31065533263811
566.125 22.850077357374868 22.310271695913052
566.625 22.850408760100102 22.30989368708969
567.125 22.850750086795472 22.309518003196057
567.625 22.851086578446168 22.30914193067528
568.125 22.85143885860127 22.308772948886197
568.625 22.851781107638676 22.308395823635976
569.125 22.85213613332886 22.308030749361837
569.625 22.852500619766445 22.307651276326702
570.125 22.852852505028114 22.307288454102512
570.625 22.853216893331773 22.30691518868388
571.125 22.853586256981686 22.306557038880666
571.625 22.853956769052107 22.306192334416707
572.125 22.854322504575244 22.30582863904141
572.625 22.854703017269912 22.305459101022997
573.125 22.855086858356863 22.30510064063371
573.625 22.855471436482485 22.304739813222703
574.125 22.855858117650605 22.304382298234223
574.625 22.856247784480722 22.304026376640223
575.125 22.856645648534855 22.303673385615618
575.625 22.85703943412038 22.303312704769613
576.125 22.857445395218953 22.3029715794787
576.625 22.857851966355035 22.302617518364688
577.125 22.85826940012502 22.302265919519066
577.625 22.858683276346596 22.30191732664008
578.125 22.859100804751176 22.301580120508177
578.625 22.859531954347744 22.301235733323498
579.125 22.85996733642882 22.30088297748948
579.625 22.86039974410127 22.300546308112125
580.125 22.860829786702546 22.300207877465297
580.625 22.861285530772534 22.299874309273786
581.125 22.86173803157269 22.299529095858155
581.625 22.862193041479326 22.299198830208713
582.125 22.862654364938024 22.298870528703617
582.625 22.86311360852471 22.298539122354416
583.125 22.863582371828905 22.29820586939526
583.625 22.864057104133707 22.297871198128384
584.125 22.864533099256978 22.2975480302361
584.625 22.86502019579157 22.297234893474055
585.125 22.865511907054817 22.29690893203809
585.625 22.866001802793964 22.296582581954183
586.125 22.86650957805261 22.29626224772078
586.625 22.867013212374125 22.295948718690237
587.125 22.86751076832711 22.295638800465582
587.625 22.868036874192974 22.29531463292336
588.125 22.868553359592106 22.295012016566268
588.625 22.869074671115186 22.294699176189596
589.125 22.869607546069698 22.29438892633923
589.625 22.87013876132754 22.294082520927173
590.125 22.870669464498782 22.29377583344968
590.625 22.87122450140206 22.293469787885428
591.125 22.87176928467678 22.29316883435963
591.625 22.872327035250628 22.292871069306454
592.125 22.872882021212707 22.29257211344401
592.625 22.873446584109583 22.29227326943726
593.125 22.874022538659414 22.291978370257148
593.625 22.874594025693785 22.291687873747108
594.125 22.875178872270556 22.29140217658971
594.625 22.875753653991406 22.291105687629624
595.125 22.87636379107816 22.290818986660106
595.625 22.87695176901204 22.290537419306304
596.125 22.877553530426063 22.290247809936265
596.625 22.878161486349956 22.289970265703133
597.125 22.878778551551832 22.289687115824023
597.625 22.879397120482217 22.289413223170275
598.125 22.880012564126872 22.289138864599224
598.625 22.880644593541337 22.28885657036163
599.125 22.881279286623098 22.28859706121395
599.625 22.881914895370933 22.28832100455547
600.125 22.88256752344012 22.288056326795637
600.625 22.883220209676832 22.287784878714966
601.125 22.883878480237527 22.287521708370576
601.625 22.8845357261211 22.28725934454607
602.125 22.885207726589208 22.286992370921542
602.625 22.885886839285888 22.286735219932304
603.125 22.88656099625799 22.28647621282734
603.625 22.887245712515384 22.28622186028481
604.125 22.887939785924914 22.285969831836763
604.625 22.888630166565488 22.285715959377438
605.125 22.889342405946888 22.28546749152914
605.625 22.890053111868554 22.285213378890788
606.125 22.89075806450542 22.284969949779367
606.625 22.891478522675392 22.28472828056015
607.125 22.892204506883097 22.284485363830218
607.625 22.89293534759051 22.284240102191383
608.125 22.893672910328497 22.284007155198296
608.625 22.89441474629917 22.28376472975826
609.125 22.895162195231812 22.28353688819731
609.625 22.895924499882447 22.28330459543809
610.125 22.89667805044553 22.283071673780988
610.625 22.897441246713072 22.282845536381917
611.125 22.898222972457805 22.28261520996029
611.625 22.899001861534536 22.282393054536016
612.125 22.89978470084119 22.282171064626958
612.625 22.900581445251518 22.28195013502509
613.125 22.9013664056665 22.281729697913427
613.625 22.90217257858201 22.281508438113296
614.125 22.902985284880156 22.281304113910938
614.625 22.903803163183657 22.281088132779608
615.125 22.90462341792969 22.280880305204278
615.625 22.90545356083655 22.280669925259616
616.125 22.906287684608525 22.280461370896575
616.625 22.907127916293582 22.280257085222512
617.125 22.90797182696608 22.280055337108497
617.625 22.9088292621159 22.27985102082773
618.125 22.90968553676357 22.279650059946174
618.625 22.910552686114485 22.279455560783333
619.125 22.91142630962243 22.279255868640334
619.625 22.912307532547715 22.27906507521388
620.125 22.91317069497696 22.27886308418766
620.625 22.914064280841092 22.278676517370904
621.125 22.914948545860728 22.2784840439072
621.625 22.91585760369908 22.278300093021134
622.125 22.916758622001364 22.27811689880649
622.625 22.917665078533616 22.277933452351014
623.125 22.918589433701207 22.277747981978102
623.625 22.91951396180671 22.27757280687376
624.125 22.92045245653859 22.27739481638094
624.625 22.92138515458745 22.277214478465815
625.125 22.922324510137887 22.277040255147995
625.625 22.923271238441988 22.276853149761138
626.125 22.92422188367224 22.276688114557523
626.625 22.925181292986657 22.276520736354225
627.125 22.926158613676016 22.276353013614244
627.625 22.927125754150172 22.276190223247106
628.125 22.928107773120505 22.276022469027783
628.625 22.929091787181367 22.2758615465937
629.125 22.930082777481967 22.275694019771265
629.625 22.93108466817403 22.275539133123875
630.125 22.932089279936015 22.27538487615299
630.625 22.933097873536607 22.275223765852136
631.125 22.934120966146185 22.275076512688496
631.625 22.93513995331149 22.27492129398426
632.125 22.93616922794996 22.274772952047293
632.625 22.937219354291294 22.27462381737925
633.125 22.938263258033096 22.274475606460797
633.625 22.939302675483443 22.274331359993464
634.125 22.940357223603222 22.274195766459343
634.625 22.941427810064454 22.274052417923926
635.125 22.942491537701862 22.27391289124935
635.625 22.943569650149986 22.273777833460656
636.125 22.94466027358656 22.27364101282135
636.625 22.94574506514067 22.273501308578396
637.125 22.946845521396206 22.273377293403634
637.625 22.947946551905392 22.27324478977325
638.125 22.949048611481786 22.273123541046495
638.625 22.950168665261614 22.27300040338649
639.125 22.9512913888253 22.272869471617916
639.625 22.95242733190126 22.27274729843703
640.125 22.953564310848364 22.272635819514765
640.625 22.954715528328116 22.272511294488005
641.125 22.95585687721691 22.272397561276982
641.625 22.95701059000333 22.272285849761214
642.125 22.958179018454665 22.272169956791753
642.625 22.959349836058138 22.272064012277678
643.125 22.960530436882962 22.27195534984611
643.625 22.96171183714934 22.271846981457436
644.125 22.962909037683552 22.271742399676082
644.625 22.964102697683842 22.271640927935632
645.125 22.96532126777947 22.271541646889112
645.625 22.966528762778864 22.271443822530706
646.125 22.967755257971277 22.27134068677927
646.625 22.96897595910152 22.271248242190534
647.125 22.970217427118985 22.27115535093095
647.625 22.971462674208144 22.271075007598196
648.125 22.972707339473203 22.270978283000645
648.625 22.9739630626256 22.270894471545652
649.125 22.975229335086755 22.270810812114163
649.625 22.97650222351023 22.270723769255234
650.125 22.97777920090414 22.270644280760127
650.625 22.979071395465958 22.27056667429144
651.125 22.980363711271224 22.270488508312244
651.625 22.981662589645424 22.270417555569253
652.125 22.982970201999958 22.270346407441373
652.625 22.984291688249133 22.270273004564896
653.125 22.985613380274962 22.270209276674727
653.625 22.986941226712567 22.270140915453247
654.125 22.988278965675025 22.270076565577497
654.625 22.989626950117596 22.270011638613223
655.125 22.99098740799751 22.269950695588797
655.625 22.992351221549278 22.269897325148015
656.125 22.993712612097447 22.269837441942457
656.625 22.995100254942354 22.26978179646206
657.125 22.996502436904894 22.269733965071804
657.625 22.997907617931457 22.26968435045823
658.125 22.999328743998923 22.26963609015021
658.625 23.000761292205418 22.2695846766294
659.125 23.002213281911708 22.26954604438135
659.625 23.00367561647971 22.26950753940555
660.125 23.00514743128868 22.26947192983255
660.625 23.006622287916013 22.269439853728443
661.125 23.00812393174857 22.26940383895323
661.625 23.009640596827104 22.26936959942424
662.125 23.011162924128904 22.269345208993165
662.625 23.01268510206521 22.26931606809648
663.125 23.014227980384284 22.26929571269696
663.625 23.015783329999447 22.2692680909061
664.125 23.01734833118473 22.269249871313214
664.625 23.01892094049969 22.26922571385801
665.125 23.02050875408377 22.26921159933514
665.625 23.022104474513338 22.26919749924209
