FastTrWP/PhaseSpace/IAs/snIa_0.57_30.00_-1.03_-0.05.csv
# %ECSV 0.9
# ---
# datatype:
# - {name: time-rel, datatype: float64}
# - {name: g, datatype: float64}
# - {name: i, datatype: float64}
# schema: astropy-2.0
time-rel g i
[from data line 1156]
767.0833333333334 23.915009186690565 22.359294135301067
767.5833333333333 23.916952581730456 22.35949426398184
768.0833333333334 23.91887663291851 22.35970583600445
768.5833333333334 23.92083192385801 22.35992102075279
769.0833333333333 23.9227774799049 22.360131420624207
769.5833333333334 23.924738760403446 22.360345600864996
770.0833333333334 23.926688442647603 22.360562400424392
770.5833333333333 23.928659283351305 22.36078335525086
771.0833333333334 23.930619560199506 22.360999922849608
771.5833333333334 23.93258402108575 22.36122734240419
772.0833333333333 23.934551539795503 22.361448952880615
772.5833333333334 23.93653716737681 22.361670766961584
773.0833333333334 23.93850067558442 22.361904893332497
773.5833333333333 23.940483499286685 22.36213133589977
774.0833333333334 23.942457663158642 22.362369361502385
774.5833333333334 23.944439687015958 22.36259756985429
775.0833333333333 23.94644463116861 22.362831947179757
775.5833333333334 23.948428830868195 22.363075425268253
776.0833333333334 23.950421365218915 22.36331828371524
776.5833333333333 23.952437205703802 22.363565175687995
777.0833333333334 23.95443296422671 22.363810157239563
777.5833333333334 23.956435512624058 22.364049501886456
778.0833333333333 23.95845118670271 22.364301150880976
778.5833333333334 23.960468254644205 22.36455536752321
779.0833333333334 23.96248461321083 22.364806232626393
779.5833333333333 23.964516615671325 22.365065249082136
780.0833333333334 23.966539042723262 22.36532507382981
780.5833333333334 23.968562273968168 22.36557372074122
781.0833333333333 23.970595011091614 22.365834898410576
781.5833333333334 23.97262993338284 22.366098631048313
782.0833333333334 23.974666969190174 22.366361712809827
782.5833333333333 23.976704803400487 22.366623271256945
783.0833333333334 23.978766285556723 22.366899269560072
783.5833333333334 23.980810815905393 22.36717105883104
784.0833333333333 23.982873403859113 22.36744350301435
784.5833333333334 23.984913345004507 22.367720885561113
785.0833333333334 23.98697777169801 22.367995347503612
785.5833333333333 23.989038163084587 22.36827296738874
786.0833333333334 23.99110176764068 22.36854632857454
786.5833333333334 23.993187240686197 22.368836506825453
787.0833333333333 23.995255176281592 22.369116593351034
787.5833333333334 23.997330503112053 22.369401362635585
788.0833333333334 23.999417749427433 22.369688584047935
788.5833333333333 24.001511529254138 22.369975641613173
789.0833333333334 24.0035853189586 22.370270817473713
789.5833333333334 24.00568861699366 22.370559606020496
790.0833333333333 24.00777779969177 22.3708598044748
790.5833333333334 24.009859949905916 22.371153850732796
791.0833333333334 24.011969689417505 22.371450058075546
791.5833333333333 24.014073674150076 22.37174908687588
792.0833333333334 24.01619499571799 22.372046436607395
792.5833333333334 24.018287204359158 22.372358178983113
793.0833333333333 24.02041198248194 22.37265634217148
793.5833333333334 24.02253192633298 22.37297152691433
794.0833333333334 24.02464771385556 22.37327528942234
794.5833333333333 24.026773012155388 22.373580441193347
795.0833333333334 24.028910279361973 22.37389810254642
795.5833333333334 24.031033013972017 22.374213858727238
796.0833333333333 24.033172454996183 22.374527929872905
796.5833333333334 24.035314582326897 22.374840510114787
797.0833333333334 24.037451264985023 22.37516585222375
797.5833333333333 24.039596414607285 22.37547930567558
798.0833333333334 24.04172771426338 22.375803743787333
798.5833333333334 24.043898425960535 22.376131812718953
799.0833333333333 24.046042205597328 22.376449950418866
799.5833333333334 24.048198848154584 22.37677830493814
800.0833333333334 24.05035464446835 22.377110455653046
800.5833333333333 24.052522431155744 22.377445973609277
801.0833333333334 24.05469270556024 22.377773571577233
801.5833333333334 24.05685824793002 22.378101720635048
802.0833333333333 24.0590416741861 22.37844473024877
802.5833333333334 24.061205856911275 22.378775721191534
803.0833333333334 24.063403906468885 22.37911527328364
803.5833333333333 24.065569602900176 22.379456497437324
804.0833333333334 24.06775461448271 22.37979820442845
804.5833333333334 24.06994214949803 22.380143344479308
805.0833333333333 24.072135558534175 22.380494138172963
805.5833333333334 24.074328870296323 22.38083194438754
806.0833333333334 24.07651555095605 22.38118865076498
806.5833333333333 24.078741231862434 22.381527564883513
807.0833333333334 24.080939828606365 22.381883052780882
807.5833333333334 24.08314069798326 22.382233666969032
808.0833333333333 24.085348971122755 22.3825856075166
808.5833333333334 24.087557642359947 22.3829460676031
809.0833333333334 24.089794171340642 22.383303776811584
809.5833333333333 24.092001463041406 22.38366428948897
810.0833333333334 24.094225374056673 22.384024182231585
810.5833333333334 24.096459968852066 22.38438229493108
811.0833333333333 24.098692457921484 22.384743338987292
811.5833333333334 24.100961031647774 22.385111345245452
812.0833333333334 24.103199923565487 22.385485756275905
812.5833333333333 24.105451023936016 22.38585804144038
813.0833333333334 24.107726845084414 22.386231338214042
813.5833333333334 24.109977753012988 22.386612501677575
814.0833333333333 24.112272714789874 22.386996541716186
814.5833333333334 24.11455787498962 22.387372928654727
815.0833333333334 24.116836010455373 22.387762612558696
815.5833333333333 24.1191327970605 22.388146978461467
816.0833333333334 24.12142544136487 22.388533348825042
816.5833333333334 24.12374126875799 22.38892745912072
817.0833333333333 24.1260569259366 22.389317334007895
817.5833333333334 24.128354293158626 22.389714586914387
818.0833333333334 24.130679520629194 22.39011650394611
818.5833333333333 24.13302193196257 22.390513768176866
819.0833333333334 24.13533971080193 22.390913356267312
819.5833333333334 24.13766658313066 22.391309698466312
820.0833333333333 24.140019313806995 22.391722705596333
820.5833333333334 24.142369542697743 22.392126868681004
821.0833333333334 24.144715574414562 22.392540341380922
821.5833333333333 24.147056963979118 22.39295087498956
822.0833333333334 24.149427520812132 22.393358335867894
822.5833333333334 24.15179220664958 22.393779878549395
823.0833333333333 24.15413765891862 22.394192857801496
823.5833333333334 24.156534738509748 22.39461182678051
824.0833333333334 24.15889543347447 22.395034314881066
824.5833333333333 24.161282452185276 22.39545018491055
825.0833333333334 24.16365058914506 22.39587480726214
825.5833333333334 24.166030617812346 22.39630400752074
826.0833333333333 24.168421206194665 22.396721623112057
826.5833333333334 24.170806641321168 22.3971604142005
827.0833333333334 24.173211242145804 22.39758474769889
827.5833333333333 24.175609273543586 22.398012782818384
828.0833333333334 24.17799241582624 22.398449027825812
828.5833333333334 24.18039038898292 22.39887364207732
829.0833333333333 24.182803604000412 22.39931665747839
829.5833333333334 24.185190915246814 22.399750522293647
830.0833333333334 24.187608356080823 22.40018921164105
830.5833333333333 24.190013903436988 22.400620524416198
831.0833333333334 24.192422232995252 22.40106477196855
831.5833333333334 24.194834537915813 22.40150766519939
832.0833333333333 24.197245136040458 22.401945488784296
832.5833333333334 24.19964206402696 22.402391583965674
833.0833333333334 24.202073788487255 22.4028340801306
833.5833333333333 24.204490595594326 22.40327496286923
834.0833333333334 24.206919372738945 22.403720442844346
834.5833333333334 24.209317567406273 22.404166298590873
835.0833333333333 24.211741572612343 22.404614070350092
835.5833333333334 24.214154898438544 22.40507068282193
836.0833333333334 24.216559730049422 22.40551280600777
836.5833333333333 24.21899178700241 22.405964462356103
837.0833333333334 24.221403459932212 22.406418179447428
837.5833333333334 24.223832422715965 22.4068726077353
838.0833333333333 24.226237918877263 22.40732397414567
838.5833333333334 24.22865021210447 22.407771246322543
839.0833333333334 24.23107284794049 22.40822623659234
839.5833333333333 24.23348005085113 22.408679742112085
840.0833333333334 24.235880585366445 22.409138847477422
840.5833333333334 24.238284900127304 22.40959478719524
841.0833333333333 24.240714331443233 22.410049108259045
841.5833333333334 24.24312258821128 22.41050659374499
842.0833333333334 24.24553291357197 22.410963415256425
842.5833333333333 24.247918722444037 22.411431086978908
843.0833333333334 24.250330314459006 22.411886977241835
843.5833333333334 24.25271192051641 22.41233974500583
844.0833333333333 24.255122136048254 22.412801404423174
844.5833333333334 24.257505799035492 22.413259360280584
845.0833333333334 24.25989295638395 22.413717613254278
845.5833333333333 24.262287786745205 22.414181245150985
846.0833333333334 24.264662857678555 22.41463827530074
846.5833333333334 24.267041434256665 22.415088286854953
847.0833333333333 24.269406439959017 22.415559896823876
847.5833333333334 24.27179177877499 22.416019085468125
848.0833333333334 24.274149147904176 22.416478799856186
848.5833333333333 24.276526799902456 22.41693668524643
849.0833333333334 24.278901789673682 22.417406439722004
849.5833333333334 24.281279361239456 22.417868066114465
850.0833333333333 24.283646516248147 22.41833297870511
850.5833333333334 24.286031296895054 22.41880149231421
851.0833333333334 24.28840354824558 22.419266347282143
851.5833333333333 24.290784379340394 22.419739412148427
852.0833333333334 24.293163211629626 22.42020720973214
852.5833333333334 24.295536430267333 22.420687433719483
853.0833333333333 24.29790371024557 22.421156189759177
853.5833333333334 24.300294728137747 22.421631239484327
854.0833333333334 24.302656261535695 22.42210662525924
854.5833333333333 24.305037845174063 22.422587044629072
855.0833333333334 24.307405594889275 22.423059256087477
855.5833333333334 24.30978687739185 22.423542948616685
856.0833333333333 24.312169093654767 22.424022568530276
856.5833333333334 24.31454452305635 22.424499360395767
857.0833333333334 24.31692536684973 22.424992258683616
857.5833333333333 24.3193001523218 22.42546717390752
858.0833333333334 24.321678805851885 22.4259463484439
858.5833333333334 24.32405455654109 22.426432717565355
859.0833333333333 24.326428264116164 22.42691631811197
859.5833333333334 24.328808621321016 22.427406642515678
860.0833333333334 24.33118809454538 22.42789416305998
860.5833333333333 24.333542992747745 22.42838586742859
861.0833333333334 24.3359231785581 22.428880455973044
861.5833333333334 24.33831671390006 22.429361318068075
862.0833333333333 24.340663115969114 22.429856789257606
862.5833333333334 24.343046761879798 22.430353777719642
863.0833333333334 24.345412271351584 22.430851075402394
863.5833333333333 24.34778818781471 22.431337043446092
864.0833333333334 24.350157735269768 22.431839289785866
864.5833333333334 24.352521773308183 22.43233327031428
865.0833333333333 24.354893721268635 22.43283480102643
865.5833333333334 24.35727630600844 22.43332810631675
866.0833333333334 24.35962430471863 22.433825509995017
866.5833333333333 24.36199513402693 22.43432469686838
867.0833333333334 24.36434929535778 22.434822776999734
867.5833333333334 24.36674715335572 22.435331269209897
868.0833333333333 24.369089263660776 22.435831706624818
868.5833333333334 24.371458139286982 22.43633368332916
869.0833333333334 24.37383057037593 22.4368357341229
869.5833333333333 24.376184985368724 22.4373419911064
870.0833333333334 24.378536310881866 22.437848219029668
870.5833333333334 24.380889420092053 22.438346119660714
871.0833333333333 24.3832488762904 22.43886033781266
871.5833333333334 24.38561182925376 22.439363596163282
872.0833333333334 24.38795432575185 22.439877208855414
872.5833333333333 24.390310418796467 22.4403826812689
873.0833333333334 24.392662887948617 22.440886285000058
873.5833333333334 24.395023377920985 22.44140069165625
874.0833333333333 24.397362292554597 22.441920032230534
874.5833333333334 24.399714625378756 22.442426418662073
875.0833333333334 24.402052449613304 22.442943290231323
875.5833333333333 24.404396369203884 22.443448957419157
876.0833333333334 24.406740872936656 22.443972437774725
876.5833333333334 24.409078875412263 22.44447773239491
877.0833333333333 24.411404164720736 22.44499463904095
877.5833333333334 24.413742161800023 22.445514758514683
878.0833333333334 24.41606568671432 22.44602798192391
878.5833333333333 24.418417634272274 22.446550142182573
879.0833333333334 24.42073839536289 22.4470589624923
879.5833333333334 24.423084039402152 22.447578979456342
880.0833333333333 24.42539333336326 22.448094388859474
880.5833333333334 24.427705673537915 22.44862234685087
881.0833333333334 24.430036034416215 22.449140320433195
881.5833333333333 24.43237935854283 22.449659096625616
882.0833333333334 24.434663024844866 22.450175328390344
882.5833333333334 24.436988337424566 22.450697993881377
883.0833333333333 24.43928554313919 22.451223835193503
883.5833333333334 24.441585317265655 22.45173999650751
884.0833333333334 24.44389051933491 22.452261553442334
884.5833333333333 24.446218252287828 22.45278686436277
885.0833333333334 24.4485241603207 22.45331082014616
885.5833333333334 24.450797893351268 22.453838807437755
886.0833333333333 24.45309612982323 22.454356341152465
886.5833333333334 24.45538542846176 22.45488082588784
887.0833333333334 24.457682214590907 22.455408627364225
887.5833333333333 24.45996153376711 22.455941275689373
888.0833333333334 24.462243846169084 22.4564641085083
888.5833333333334 24.464524420758394 22.456996872964524
889.0833333333333 24.466795184483715 22.457531288221414
889.5833333333334 24.46906902218587 22.45805645913302
890.0833333333334 24.471344528426577 22.458580345997078
890.5833333333333 24.473611243263456 22.459114623151805
891.0833333333334 24.475894948537306 22.45964743930876
891.5833333333334 24.478146847563377 22.46018437791545
892.0833333333333 24.480414111896224 22.460714863589356
892.5833333333334 24.482665064337613 22.46125485893288
893.0833333333334 24.484919753803595 22.461790231525526
893.5833333333333 24.48718076836216 22.462325093901008
894.0833333333334 24.489437198837784 22.462864854315935
894.5833333333334 24.491671574121785 22.463401085280623
895.0833333333333 24.493930834236153 22.463940340758818
895.5833333333334 24.49616494950195 22.464482568358648
896.0833333333334 24.498395816028363 22.465023550032278
896.5833333333333 24.50064028652387 22.4655593398988
897.0833333333334 24.5028832619057 22.46610419004658
897.5833333333334 24.505101143675027 22.466647576565038
898.0833333333333 24.507336069191794 22.467187710647067
898.5833333333334 24.509552246318833 22.467725412552205
899.0833333333334 24.51177761103827 22.468274184364713
899.5833333333333 24.514014850933638 22.468821884936993
900.0833333333334 24.51619576588197 22.46936983124073
900.5833333333334 24.518426696628275 22.469918491376163
901.0833333333333 24.52063676810664 22.470462154920142
901.5833333333334 24.522861289098827 22.471011524347333
902.0833333333334 24.52503932772752 22.471561641380212
902.5833333333333 24.527266286917857 22.472110172997812
903.0833333333334 24.52946687208768 22.472664324653977
903.5833333333334 24.531676891034092 22.473212055586146
904.0833333333333 24.53386043971285 22.473763708533067
904.5833333333334 24.536055764646836 22.474320650237864
905.0833333333334 24.538252052491817 22.474871326109533
905.5833333333333 24.540437984717013 22.475421012237447
906.0833333333334 24.542616080206944 22.47598780992659
906.5833333333334 24.544803681717493 22.47653085766593
907.0833333333333 24.54698790984121 22.47709579096119
907.5833333333334 24.54915832110359 22.477645767164095
908.0833333333334 24.551335137989597 22.478209073543987
908.5833333333333 24.553514569096 22.478767878906694
909.0833333333334 24.555686672403812 22.479326210754568
909.5833333333334 24.55785904444305 22.479883634154653
910.0833333333333 24.560011159397188 22.480446126188834
910.5833333333334 24.562198106686605 22.48100913729365
911.0833333333334 24.564327885616912 22.481571294625823
