FastTrWP/PhaseSpace/IAs/snIa_0.37_30.00_-1.06_0.06.csv
# %ECSV 0.9
# ---
# datatype:
# - {name: time-rel, datatype: float64}
# - {name: g, datatype: float64}
# - {name: i, datatype: float64}
# schema: astropy-2.0
time-rel g i
[from data line 578]
519.7708333333334 23.220909111032263 22.73539108968356
520.2708333333334 23.21945704129825 22.733848150725755
520.7708333333334 23.2180268418552 22.73229925396659
521.2708333333334 23.216591253150938 22.730770983511462
521.7708333333334 23.21517414855059 22.729237686782596
522.2708333333334 23.213765706038462 22.727716932124476
522.7708333333334 23.212370527401337 22.726207726300224
523.2708333333334 23.210976010522792 22.724707025707687
523.7708333333334 23.209605388283634 22.723201327529313
524.2708333333334 23.20824696588887 22.72171242637925
524.7708333333334 23.206876515168307 22.72022155831906
525.2708333333334 23.20554708901199 22.7187441063947
525.7708333333334 23.204201495654818 22.717269517224477
526.2708333333334 23.202875559443797 22.71580279490908
526.7708333333334 23.20157923740513 22.714343647858563
527.2708333333334 23.20026418190142 22.71289634409512
527.7708333333334 23.198977403173224 22.71145047987075
528.2708333333334 23.19769559780603 22.710011142660594
528.7708333333334 23.19642609245382 22.708582763419116
529.2708333333334 23.195165072585247 22.707162279090586
529.7708333333334 23.193913296365352 22.705748432115733
530.2708333333334 23.192672431473223 22.704337949839434
530.7708333333334 23.191432123833057 22.702932182067425
531.2708333333334 23.19021851911298 22.70153298864573
531.7708333333334 23.189000207002245 22.700139179018258
532.2708333333334 23.18780779489256 22.698766053291536
532.7708333333334 23.186614713741704 22.697388251744748
533.2708333333334 23.185428200357904 22.69601651871692
533.7708333333334 23.184256883678664 22.69465453273963
534.2708333333334 23.18309696777468 22.693302365276633
534.7708333333334 23.18194642206364 22.691951473279445
535.2708333333334 23.180795725783856 22.690604753250323
535.7708333333334 23.179658254496005 22.689273843394744
536.2708333333334 23.17853264699969 22.687937247111005
536.7708333333334 23.177425194929377 22.68662004174071
537.2708333333334 23.176323394893245 22.685298136596344
537.7708333333334 23.17520919475676 22.68398445921796
538.2708333333334 23.17412495058266 22.682675517852605
538.7708333333334 23.17304383456147 22.681384927775635
539.2708333333334 23.171977180919363 22.680083950510106
539.7708333333334 23.170916894775402 22.678793665824458
540.2708333333334 23.169859760163398 22.67751326368526
540.7708333333334 23.16882390610033 22.67623860835505
541.2708333333334 23.167774571738523 22.674967107887948
541.7708333333334 23.16675173771967 22.673702991604017
542.2708333333334 23.165741683893188 22.672440484526376
542.7708333333334 23.16472689775114 22.671182238741828
543.2708333333334 23.163734632059956 22.66993733242694
543.7708333333334 23.162738185058146 22.668697134366134
544.2708333333334 23.16175821828152 22.6674625658419
544.7708333333334 23.160777958586504 22.666221744429876
545.2708333333334 23.159806056854933 22.66500169686011
545.7708333333334 23.15885294286042 22.663770743255135
546.2708333333334 23.15789806191111 22.66255631835177
546.7708333333334 23.15695654392842 22.661344926234722
547.2708333333334 23.156018864429655 22.660140293691487
547.7708333333334 23.155098010302915 22.658937558730813
548.2708333333334 23.15417500007856 22.657739552153828
548.7708333333334 23.153260652585743 22.656545118733227
549.2708333333334 23.152363469889814 22.655356296589787
549.7708333333334 23.151468571659954 22.654185194986223
550.2708333333334 23.150593082762665 22.65300430572809
550.7708333333334 23.149706210050862 22.65182901905593
551.2708333333334 23.148839240777555 22.650656015728167
551.7708333333334 23.1479759896865 22.649496818394752
552.2708333333334 23.14711195022658 22.648336503269885
552.7708333333334 23.146271033129914 22.647181124247396
553.2708333333334 23.145433679200742 22.646034615857285
553.7708333333334 23.144592227271126 22.644884551602424
554.2708333333334 23.14377033387331 22.643747455642654
554.7708333333334 23.142942034692958 22.642611449701594
555.2708333333334 23.14214157582139 22.641476323039697
555.7708333333334 23.141334987386195 22.640357190923943
556.2708333333334 23.140535137861757 22.639219567359937
556.7708333333334 23.139746921854687 22.638108947252142
557.2708333333334 23.13897247708438 22.636992692541888
557.7708333333334 23.138193016949206 22.635879116716783
558.2708333333334 23.13742202908974 22.634770555676912
558.7708333333334 23.1366624788608 22.633672728162004
559.2708333333334 23.135908205423597 22.632566261371565
559.7708333333334 23.135161834368873 22.63146955210336
560.2708333333334 23.134422974066847 22.630381113866093
560.7708333333334 23.133684702103384 22.629293512950753
561.2708333333334 23.13295434914815 22.628211247992628
561.7708333333334 23.13224690518897 22.62712897821455
562.2708333333334 23.131534249590953 22.626062382889796
562.7708333333334 23.130843806188608 22.624993983497987
563.2708333333334 23.130150722691432 22.623939924514623
563.7708333333334 23.129473673073644 22.622883483924202
564.2708333333334 23.128797461210805 22.62184020400764
564.7708333333334 23.128143840002448 22.620791860295824
565.2708333333334 23.127479559493665 22.61975074655905
565.7708333333334 23.126842745446492 22.618715636355912
566.2708333333334 23.1261954672356 22.617693491666202
566.7708333333334 23.12557456533844 22.616680241016613
567.2708333333334 23.124958466322436 22.615655572463922
567.7708333333334 23.124336633728507 22.614656682678973
568.2708333333334 23.12373088477793 22.613643303800274
568.7708333333334 23.123137980947558 22.612649017802458
569.2708333333334 23.122549214044234 22.611648576752444
569.7708333333334 23.12197020624463 22.6106475845667
570.2708333333334 23.121392787341154 22.609667130329235
570.7708333333334 23.12083327935579 22.60869258497193
571.2708333333334 23.120269741324794 22.60771177799959
571.7708333333334 23.119710857515553 22.60672736118621
572.2708333333334 23.119172685476826 22.605770616966858
572.7708333333334 23.11863224545234 22.604799896520127
573.2708333333334 23.118101399711595 22.60384188714044
573.7708333333334 23.117579120036837 22.602879358085154
574.2708333333334 23.117062033570235 22.601937530726275
574.7708333333334 23.11654646671442 22.60098099491823
575.2708333333334 23.11604911912724 22.600035128427226
575.7708333333334 23.11554889062193 22.59909652123838
576.2708333333334 23.11506015332619 22.59815590229611
576.7708333333334 23.11458111735233 22.597217165971962
577.2708333333334 23.114104744300615 22.596286468911543
577.7708333333334 23.113623506374008 22.595360119817784
578.2708333333334 23.113162497486798 22.594431367243544
578.7708333333334 23.112697301987236 22.593512838098274
579.2708333333334 23.112244168687035 22.59259539877086
579.7708333333334 23.111798623406642 22.59167955859126
580.2708333333334 23.111364204562463 22.590765844439126
580.7708333333334 23.11092286018011 22.589857292121227
581.2708333333334 23.11048650368569 22.588944650881544
581.7708333333334 23.110059773271573 22.588039262210437
582.2708333333334 23.109641153029674 22.58713345212582
582.7708333333334 23.109213528730564 22.586239984536945
583.2708333333334 23.108811411980955 22.585331066520048
583.7708333333334 23.10840074585876 22.584441382107503
584.2708333333334 23.108004519119923 22.583552628241414
584.7708333333334 23.107606450113845 22.582655293971325
585.2708333333334 23.10722085815554 22.581761780771593
585.7708333333334 23.10682008879933 22.580881177598613
586.2708333333334 23.106451164782428 22.579991073583763
586.7708333333334 23.106056273136137 22.579111624384154
587.2708333333334 23.105691099279206 22.578220880770342
587.7708333333334 23.105326596285597 22.577341758339724
588.2708333333334 23.104958913467364 22.57646023836946
588.7708333333334 23.104599372274812 22.5755822969612
589.2708333333334 23.104225500463464 22.57470504724686
589.7708333333334 23.103878173237465 22.573835028949645
590.2708333333334 23.103531001331614 22.57295815056947
590.7708333333334 23.10318050788542 22.572082971236508
591.2708333333334 23.102837957577123 22.57120749422885
591.7708333333334 23.102501933081427 22.570333626632873
592.2708333333334 23.102164383807736 22.569465323249524
592.7708333333334 23.101827969812092 22.56859728404253
593.2708333333334 23.101498343702605 22.567729216888548
593.7708333333334 23.101167923414124 22.566859242632408
594.2708333333334 23.100845056474256 22.565994166903046
594.7708333333334 23.100528122311864 22.565124928068098
595.2708333333334 23.100211668947527 22.564255786478515
595.7708333333334 23.099898505785585 22.563403192648526
596.2708333333334 23.09959229197912 22.562541559854417
596.7708333333334 23.099302985051313 22.56169261834717
597.2708333333334 23.099005348048166 22.560828538872265
597.7708333333334 23.098703035643638 22.559975517790342
598.2708333333334 23.098429027640037 22.55912506151166
598.7708333333334 23.098143988512906 22.55827057559715
599.2708333333334 23.097865144734126 22.55742510543092
599.7708333333334 23.097592059839002 22.556580810994774
600.2708333333334 23.097318901234768 22.55572548459453
600.7708333333334 23.09705892283357 22.554892843567316
601.2708333333334 23.09679526559162 22.554050754114954
601.7708333333334 23.096540387282516 22.553211383113233
602.2708333333334 23.09629528775981 22.552376546273713
602.7708333333334 23.096040103815966 22.551551727953353
603.2708333333334 23.095809193999877 22.5507137451388
603.7708333333334 23.095569271923132 22.549885346500098
604.2708333333334 23.09534071044105 22.549061592627467
604.7708333333334 23.095114921407323 22.54823884946013
605.2708333333334 23.09489883934196 22.5474095998895
605.7708333333334 23.094683910148696 22.54659438917608
606.2708333333334 23.09446630032079 22.545767713303167
606.7708333333334 23.094262889585227 22.54495563953381
607.2708333333334 23.094055381585594 22.544137891778327
607.7708333333334 23.09386227314349 22.543326321879285
608.2708333333334 23.093668645952548 22.54251803572108
608.7708333333334 23.09348556952143 22.54170859596076
609.2708333333334 23.093297014905694 22.540904953131758
609.7708333333334 23.093123752845504 22.540095962488476
610.2708333333334 23.092958248522063 22.53930039174433
610.7708333333334 23.092784866663102 22.53850705855532
611.2708333333334 23.092627104752665 22.53770057094137
611.7708333333334 23.09247082363052 22.536913681884144
612.2708333333334 23.092308255405 22.536117538433544
612.7708333333334 23.092174272307187 22.535322145016444
613.2708333333334 23.09202237436542 22.534537441071368
613.7708333333334 23.091888567292862 22.533751820215734
614.2708333333334 23.09176271247116 22.532967678355945
614.7708333333334 23.091635998670736 22.532189525428528
615.2708333333334 23.091515354724805 22.5314114329583
615.7708333333334 23.091396469480795 22.53063390935357
616.2708333333334 23.09128494156927 22.52986421530504
616.7708333333334 23.091179860901132 22.529083276733033
617.2708333333334 23.091086215391687 22.528317014443275
617.7708333333334 23.090990709152138 22.527542256603766
618.2708333333334 23.090906125572225 22.526781543054742
618.7708333333334 23.090815184860812 22.52601797971724
619.2708333333334 23.09073902032719 22.52525849810583
619.7708333333334 23.090662755104567 22.524500259786425
620.2708333333334 23.09059942895101 22.523742036991507
620.7708333333334 23.09054294610899 22.52298814929588
621.2708333333334 23.090468884048995 22.52224660688848
621.7708333333334 23.090424696767986 22.521488842966164
622.2708333333334 23.090372809232242 22.520743260977078
622.7708333333334 23.090345315856954 22.519997246374377
623.2708333333334 23.09030096697864 22.519255731096518
623.7708333333334 23.090274482585812 22.518512624245496
624.2708333333334 23.09025575226563 22.51778015095055
624.7708333333334 23.090232135306582 22.517042213779497
625.2708333333334 23.090216156416407 22.516311792661345
625.7708333333334 23.090208531264498 22.515583336709003
626.2708333333334 23.090205250228358 22.51485404408467
626.7708333333334 23.090210437930732 22.51413042760316
627.2708333333334 23.090219431848308 22.513407536767144
627.7708333333334 23.09023722412388 22.512685205256368
628.2708333333334 23.090254018637758 22.511963959007385
628.7708333333334 23.090281856987236 22.51124194716301
629.2708333333334 23.090310919378734 22.51052883855243
629.7708333333334 23.090345608310304 22.509812049099946
630.2708333333334 23.09037039103447 22.50910639359972
630.7708333333334 23.090425434152205 22.50839680127822
631.2708333333334 23.090478958240617 22.507687448784846
631.7708333333334 23.090537168778763 22.50698240172422
632.2708333333334 23.09058192162078 22.50628346973069
632.7708333333334 23.090654229056568 22.505580155849998
633.2708333333334 23.090718915304635 22.504882103943892
633.7708333333334 23.090799644754224 22.504172992071737
634.2708333333334 23.090880794073282 22.503480497516858
634.7708333333334 23.09097195255493 22.502792321641675
635.2708333333334 23.091052866749248 22.502104779601737
635.7708333333334 23.09115566233306 22.50141129157061
636.2708333333334 23.09124237928744 22.500728036356172
636.7708333333334 23.091358860095518 22.50003945498017
637.2708333333334 23.091466690174745 22.499354511026777
637.7708333333334 23.09158950202121 22.49867065873396
638.2708333333334 23.091694890393004 22.497995769195423
638.7708333333334 23.09183097645725 22.49731765930866
639.2708333333334 23.091961887750642 22.496637289678137
639.7708333333334 23.092104922765788 22.49596241735055
640.2708333333334 23.09224702142803 22.49529936236211
640.7708333333334 23.092388012167735 22.494628633730077
641.2708333333334 23.09253912318042 22.493963482577808
641.7708333333334 23.0927012426695 22.49330020156564
642.2708333333334 23.09285844074693 22.492631769101944
642.7708333333334 23.09303360676654 22.49197888905787
643.2708333333334 23.0932014020592 22.491319290516465
643.7708333333334 23.093386549465954 22.49066236076753
644.2708333333334 23.093572223062896 22.490014575043627
644.7708333333334 23.093769328628365 22.489360260843867
645.2708333333334 23.09396358286149 22.48871154775125
645.7708333333334 23.094156692261897 22.488064475045743
646.2708333333334 23.094366540095915 22.487415093660076
646.7708333333334 23.094583743418422 22.486781718750215
647.2708333333334 23.094798176583954 22.486141130012548
647.7708333333334 23.0950206988351 22.485501312371525
648.2708333333334 23.09525180935916 22.48486577509758
648.7708333333334 23.095487692219805 22.484230260261498
649.2708333333334 23.095725825658285 22.483596244928464
649.7708333333334 23.095969579234975 22.482967277341444
650.2708333333334 23.096221547401882 22.48234790525565
650.7708333333334 23.096486865214366 22.481718172670497
651.2708333333334 23.09674194382071 22.48109999150488
651.7708333333334 23.09700509657111 22.480478871353178
652.2708333333334 23.097281772966337 22.479851608296507
652.7708333333334 23.097556306935246 22.479237204304393
653.2708333333334 23.09784386131865 22.47863033287299
653.7708333333334 23.098139708059158 22.478020414191768
654.2708333333334 23.09843919092411 22.477406264022992
654.7708333333334 23.098739229795015 22.47680704249761
655.2708333333334 23.099041095649596 22.476201088652058
655.7708333333334 23.099356206844163 22.47559778136504
656.2708333333334 23.099681748327725 22.4749975580635
656.7708333333334 23.099996510143047 22.474410373525426
657.2708333333334 23.100340914929344 22.473802044650885
657.7708333333334 23.100671029682577 22.4732182868063
658.2708333333334 23.10101217583084 22.47263123860899
658.7708333333334 23.10136437421344 22.472038860145332
659.2708333333334 23.101725778596233 22.47144426289364
659.7708333333334 23.102088250856436 22.470867251364176
660.2708333333334 23.10245299468161 22.470299127382294
660.7708333333334 23.102831609502985 22.469712800391033
661.2708333333334 23.10320886008696 22.46912984127246
661.7708333333334 23.10359055303373 22.468556723888724
662.2708333333334 23.10399311169118 22.467983973449638
662.7708333333334 23.10440081159982 22.46740295029295
663.2708333333334 23.104806085635758 22.4668307139525
