FastTrWP/PhaseSpace/IAs/snIa_0.34_30.00_-1.31_0.05.csv
# %ECSV 0.9
# ---
# datatype:
# - {name: time-rel, datatype: float64}
# - {name: g, datatype: float64}
# - {name: i, datatype: float64}
# schema: astropy-2.0
time-rel g i
[from data line 1158]
827.5208333333334 23.313592586573296 22.478192862334424
828.0208333333333 23.315169911804933 22.47869155703372
828.5208333333334 23.316740155431255 22.479192375707633
829.0208333333334 23.318333580228575 22.479694944926088
829.5208333333333 23.319924047571202 22.4802013987348
830.0208333333334 23.321505817487726 22.480706900037887
830.5208333333334 23.32308769589666 22.481223168552958
831.0208333333333 23.32467468243732 22.481732872432666
831.5208333333334 23.32627632745531 22.482256023432463
832.0208333333334 23.32786686937418 22.482778816068386
832.5208333333333 23.329460277256832 22.483301830629582
833.0208333333334 23.33105908084167 22.48383157770542
833.5208333333334 23.332664586212175 22.484366148137802
834.0208333333333 23.33427076998737 22.484898487555753
834.5208333333334 23.335876017833392 22.48543611955926
835.0208333333334 23.337478461329425 22.485978504971385
835.5208333333333 23.339090015051166 22.486513977751223
836.0208333333334 23.340701242156197 22.48707212011904
836.5208333333334 23.34231221362527 22.48761111581462
837.0208333333333 23.343929499630942 22.48816377609473
837.5208333333334 23.34554696826728 22.48871780927604
838.0208333333334 23.347173687683842 22.48927638810975
838.5208333333333 23.34880151074985 22.489841825106943
839.0208333333334 23.35041072295283 22.49040499505277
839.5208333333334 23.35204200497281 22.490974758252076
840.0208333333333 23.353667567034698 22.491542287894227
840.5208333333334 23.355296251000762 22.49211746032404
841.0208333333334 23.35692512808501 22.492695138705557
841.5208333333333 23.358559105072892 22.493265421710078
842.0208333333334 23.36018486786097 22.493851482844043
842.5208333333334 23.361821097720647 22.494436142065997
843.0208333333333 23.363459300886902 22.49502579029993
843.5208333333334 23.36509338132728 22.495619642545414
844.0208333333334 23.36674600303898 22.496211896246734
844.5208333333333 23.36837367830156 22.49681280086028
845.0208333333334 23.370033560337315 22.49740575244262
845.5208333333334 23.371665137818635 22.498014283709757
846.0208333333333 23.373311217588025 22.49861099526956
846.5208333333334 23.374961187820865 22.49922428287907
847.0208333333334 23.376611548433438 22.499839969664336
847.5208333333333 23.378257597691352 22.50044751860006
848.0208333333334 23.379927000483814 22.501072518672572
848.5208333333334 23.38156629446818 22.50168463289195
849.0208333333333 23.383225854030904 22.50231750721011
849.5208333333334 23.38488785455805 22.502932697186324
850.0208333333334 23.3865402677131 22.503567123938698
850.5208333333333 23.388199697153816 22.504194842729923
851.0208333333334 23.389858171355304 22.50482978610219
851.5208333333334 23.391517260957254 22.505462752778502
852.0208333333333 23.393183266544114 22.506110203517444
852.5208333333334 23.394851398638487 22.506749017067452
853.0208333333334 23.39650138250751 22.507390558707364
853.5208333333333 23.398184543918195 22.50804165351084
854.0208333333334 23.399839936240095 22.508691522611652
854.5208333333334 23.401513210997813 22.509349708269117
855.0208333333333 23.40319363364199 22.510002706825304
855.5208333333334 23.404867447648986 22.510664927118512
856.0208333333334 23.406535277237186 22.511331198764125
856.5208333333333 23.40821455154292 22.511998712711527
857.0208333333334 23.40989370148869 22.512675726951667
857.5208333333334 23.411562264193666 22.513342964007382
858.0208333333333 23.413254081485807 22.514020346265315
858.5208333333334 23.414928022757575 22.514701668105822
859.0208333333334 23.416620179699706 22.515383221477407
859.5208333333333 23.418298656715315 22.516074417703187
860.0208333333334 23.419991034756308 22.51676804839585
860.5208333333334 23.421678391887784 22.517460762529865
861.0208333333333 23.423372984732783 22.518159947250282
861.5208333333334 23.425069590822005 22.518856825119364
862.0208333333334 23.426757116800808 22.519561547495222
862.5208333333333 23.42846146628481 22.52026529962098
863.0208333333334 23.430156479027865 22.520974729545188
863.5208333333334 23.431852559949906 22.521680162255088
864.0208333333333 23.433568542262275 22.52239942456255
864.5208333333334 23.435264467775077 22.523124074214756
865.0208333333334 23.436970122719785 22.523846253928582
865.5208333333333 23.43866329504191 22.524565854277995
866.0208333333334 23.440382194031383 22.525293560367167
866.5208333333334 23.442095104641197 22.526026475979464
867.0208333333333 23.443813684203505 22.526766960594557
867.5208333333334 23.445529922893584 22.52750535238395
868.0208333333334 23.447238450926434 22.52824444491325
868.5208333333333 23.44896216386263 22.528984635758142
869.0208333333334 23.450685917762346 22.529729381382904
869.5208333333334 23.452404613493783 22.53048754764314
870.0208333333333 23.4541360393936 22.531235513877178
870.5208333333334 23.455859126893436 22.531993211717687
871.0208333333334 23.45757941684607 22.532751538920486
871.5208333333333 23.459307978239234 22.533514978058253
872.0208333333334 23.461053178796796 22.534285892068596
872.5208333333334 23.462784065695573 22.535053524284983
873.0208333333333 23.464520252443428 22.53582370946947
873.5208333333334 23.46624301712145 22.536597994532123
874.0208333333334 23.46799382744046 22.53737597709238
874.5208333333333 23.46973815030507 22.538158849470385
875.0208333333334 23.47148339044662 22.538945968938012
875.5208333333334 23.473233851605873 22.53972844283856
876.0208333333333 23.47498077364604 22.540515862331127
876.5208333333334 23.4767229197119 22.541319744930604
877.0208333333334 23.478483314753355 22.542106422029992
877.5208333333333 23.48023028601196 22.542903594619954
878.0208333333334 23.48199194396528 22.543706989301935
878.5208333333334 23.483749026036822 22.544516919186893
879.0208333333333 23.485511488042135 22.54532345745296
879.5208333333334 23.487273750068773 22.54613424264577
880.0208333333334 23.489028813794416 22.546946365580446
880.5208333333333 23.490808331253366 22.5477531628881
881.0208333333334 23.49257207664 22.54858196007119
881.5208333333334 23.494342534290553 22.549404051556067
882.0208333333333 23.496124618977404 22.550227947481027
882.5208333333334 23.497890954350787 22.551057392064262
883.0208333333334 23.499663852408666 22.551885538473865
883.5208333333333 23.501449422583537 22.55272856872797
884.0208333333334 23.50322815177843 22.553563736391652
884.5208333333334 23.505017025101726 22.554402707885714
885.0208333333333 23.506805169631974 22.55524425174206
885.5208333333334 23.508593965455997 22.55608450190532
886.0208333333334 23.510380479675952 22.55694100125512
886.5208333333333 23.512174770189326 22.557796213933536
887.0208333333334 23.513953719265235 22.558643169873815
887.5208333333334 23.515774208479705 22.559510755007665
888.0208333333333 23.517564130760242 22.560370804110853
888.5208333333334 23.51937371828667 22.561234408147367
889.0208333333334 23.521172009318022 22.562103491791344
889.5208333333333 23.52297942809329 22.562977303103075
890.0208333333334 23.524783777570967 22.56385495680306
890.5208333333334 23.52658381908273 22.56472903393203
891.0208333333333 23.528403031978264 22.565611143769786
891.5208333333334 23.53022581381259 22.566500552779555
892.0208333333334 23.532027922351713 22.56739760300063
892.5208333333333 23.533855021699544 22.56828374954331
893.0208333333334 23.535663651051664 22.569177743153574
893.5208333333334 23.537498323647114 22.570073958493392
894.0208333333333 23.53931773679198 22.570979827823127
894.5208333333334 23.541143541662976 22.571881177049473
895.0208333333334 23.542961873035214 22.572785612590497
895.5208333333333 23.54480340996904 22.573703697767478
896.0208333333334 23.54663343771428 22.57461926772631
896.5208333333334 23.548473690516502 22.575540332054963
897.0208333333333 23.550305497321066 22.57645900888704
897.5208333333334 23.552145268188944 22.57739109968005
898.0208333333334 23.55398342820447 22.578316188402347
898.5208333333333 23.555835263004226 22.579248813353953
899.0208333333334 23.557680374533376 22.580186208739335
899.5208333333334 23.5595172736124 22.581125615328112
900.0208333333333 23.56138381650307 22.582073491837793
900.5208333333334 23.563225197982085 22.58301125910393
901.0208333333334 23.56508951469829 22.583965705631456
901.5208333333333 23.566942305828007 22.58491218647924
902.0208333333334 23.56880692093961 22.585871539291663
902.5208333333334 23.570666077430445 22.586831476041898
903.0208333333333 23.572547068294632 22.587794937050848
903.5208333333334 23.574405694981696 22.58875007607212
904.0208333333334 23.576278212774668 22.58972339671923
904.5208333333333 23.578150443346214 22.590693082698174
905.0208333333334 23.580032142466706 22.59166653636924
905.5208333333334 23.58190515237856 22.592646010880397
906.0208333333333 23.583796660078796 22.59362803200866
906.5208333333334 23.585672330232743 22.59461115807156
907.0208333333334 23.58755496804399 22.59560203552538
907.5208333333333 23.589436853892742 22.596590522946723
908.0208333333334 23.591324413105173 22.597589475222527
908.5208333333334 23.593237944623628 22.598584077068985
909.0208333333333 23.59512014316305 22.59958816387424
909.5208333333334 23.597026525568054 22.600592913430162
910.0208333333334 23.598911814218937 22.601591470798567
910.5208333333333 23.60081578522767 22.602610729750428
911.0208333333334 23.602725733968754 22.603624660605377
911.5208333333334 23.604642796123372 22.604641646561944
912.0208333333333 23.606546060371834 22.605655100605876
912.5208333333334 23.608465349475956 22.60667738427328
913.0208333333334 23.61038616339236 22.607710672838003
913.5208333333333 23.612306360346253 22.60873652787428
914.0208333333334 23.614235705994297 22.609773553601883
914.5208333333334 23.616152061123792 22.610808542766947
915.0208333333333 23.618082955153767 22.61185249592436
915.5208333333334 23.62001605975154 22.612899336945695
916.0208333333334 23.62194932314791 22.613943180187476
916.5208333333333 23.62388927556268 22.614994177568324
917.0208333333334 23.625826517813625 22.6160467242131
917.5208333333334 23.62777203680462 22.617097020374395
918.0208333333333 23.629718618573847 22.61815566465294
918.5208333333334 23.63166337948475 22.61922747666589
919.0208333333334 23.633631867799604 22.620304089314786
919.5208333333333 23.635575968970247 22.62138296548542
920.0208333333334 23.637530250290446 22.622468774007963
920.5208333333334 23.639494548349724 22.623547840715432
921.0208333333333 23.641462493554272 22.62465545567908
921.5208333333334 23.643447404704002 22.625760855374363
922.0208333333334 23.645431367327138 22.62686391809701
922.5208333333333 23.647398624902486 22.62798024349422
923.0208333333334 23.649381044892024 22.629096041478597
923.5208333333334 23.651355033630526 22.630225341827092
924.0208333333333 23.65336336939658 22.631346663987415
924.5208333333334 23.65536063553948 22.632481540071336
925.0208333333334 23.657353146950403 22.633628522465372
925.5208333333333 23.659350874854248 22.63476674348421
926.0208333333334 23.661350474048362 22.6359136914167
926.5208333333334 23.66336847508056 22.637067315088096
927.0208333333333 23.665377199454237 22.638224947818635
927.5208333333334 23.667389282908715 22.639386374215455
928.0208333333334 23.669406682081476 22.640546775587307
928.5208333333333 23.671428014925638 22.641720639064985
929.0208333333334 23.67343754279901 22.64289115473116
929.5208333333334 23.675468171038144 22.64406515101301
930.0208333333333 23.677506386148664 22.645255982530188
930.5208333333334 23.679522379445448 22.646432778907553
931.0208333333334 23.681562205827564 22.647611388758506
931.5208333333333 23.683609702268317 22.648812643311746
932.0208333333334 23.685632412665782 22.649994822299373
932.5208333333334 23.687677304429787 22.65119396581155
933.0208333333333 23.68972232054827 22.652388577710436
933.5208333333334 23.691779995250567 22.653594837759083
934.0208333333334 23.69381376642647 22.654794398318803
934.5208333333333 23.695865654677878 22.655995736113116
935.0208333333334 23.697926611645762 22.657198066622946
935.5208333333334 23.69998331960328 22.65841398744771
936.0208333333333 23.702047614921973 22.659627198435082
936.5208333333334 23.704106720525118 22.66083906805062
937.0208333333334 23.70616646890126 22.662051546014098
937.5208333333333 23.708230664296785 22.66325153603466
938.0208333333334 23.710293395757958 22.664486467377266
938.5208333333334 23.712374522254613 22.665695535949766
939.0208333333333 23.714444953210045 22.66690596353371
939.5208333333334 23.716514826550863 22.668128271239134
940.0208333333334 23.718579993242756 22.66934125830026
940.5208333333333 23.720668483628195 22.67056449551257
941.0208333333334 23.72273963818168 22.671774711148622
941.5208333333334 23.724813063690227 22.673001519681193
942.0208333333333 23.726902353727088 22.67421945794814
942.5208333333334 23.728987519436654 22.675431663325902
943.0208333333334 23.731062465797347 22.676652233298206
943.5208333333333 23.73315095873176 22.677870203644783
944.0208333333334 23.735233134648727 22.679086630667765
944.5208333333334 23.737322058283866 22.680299965977348
945.0208333333333 23.73941177336961 22.6815102531568
945.5208333333334 23.74149374224342 22.682724291893642
946.0208333333334 23.74358901972187 22.683941967054718
946.5208333333333 23.74568372751059 22.68514466578257
947.0208333333334 23.74777946514618 22.686357806782205
947.5208333333334 23.749872145337672 22.687568791962658
948.0208333333333 23.75196159295276 22.688763989785123
948.5208333333334 23.75405074462509 22.689970636850333
949.0208333333334 23.756153829671405 22.691166732680728
949.5208333333333 23.758247180684133 22.692363515719617
950.0208333333334 23.76033922407828 22.693556656544274
950.5208333333334 23.76244762184971 22.69475182095643
951.0208333333333 23.76454383864168 22.695955764612474
951.5208333333334 23.766661005528306 22.69715928451116
952.0208333333334 23.76875241897345 22.698351228345825
952.5208333333333 23.770863516479746 22.699567655197825
953.0208333333334 23.772978000053357 22.700774907406366
953.5208333333334 23.775095301159016 22.70197675748191
954.0208333333333 23.777209008248107 22.703187227638534
954.5208333333334 23.77931808342927 22.70440287595195
955.0208333333334 23.781438853626227 22.70561671563192
955.5208333333333 23.783565435000394 22.706831871224967
956.0208333333334 23.78568545977086 22.708049048861486
956.5208333333334 23.78782387619569 22.709262511468324
957.0208333333333 23.78993128595409 22.710480758293322
957.5208333333334 23.7920674125303 22.711708621231846
958.0208333333334 23.794214593407332 22.712923842429277
958.5208333333333 23.796346889330984 22.71415534424781
959.0208333333334 23.798475254877452 22.71538206667369
959.5208333333334 23.800622644171035 22.716608097813108
960.0208333333333 23.802754836014486 22.717822894031077
960.5208333333334 23.80490198089366 22.719050690641463
961.0208333333334 23.807039315733615 22.720280429930796
961.5208333333333 23.809189385138893 22.721516893362544
962.0208333333334 23.811335468374413 22.722738497370937
962.5208333333334 23.813486904439078 22.723965168928242
963.0208333333333 23.815642758424428 22.72519178944858
963.5208333333334 23.817796503873506 22.726419975864218
964.0208333333334 23.819948133286815 22.72765183030183
964.5208333333333 23.822104135802817 22.728876464106587
965.0208333333334 23.82425797688655 22.730107696644307
965.5208333333334 23.826432186758616 22.731333363191514
966.0208333333333 23.82859195301426 22.732564525689156
966.5208333333334 23.830743860877828 22.73379895973686
967.0208333333334 23.83291404714006 22.735026246344265
967.5208333333333 23.83508548374294 22.736249135576738
968.0208333333334 23.83725886732073 22.737479439138262
968.5208333333334 23.839420045183417 22.738700539916866
969.0208333333333 23.841604754245633 22.739917346328518
969.5208333333334 23.843760964036072 22.74114466911152
970.0208333333334 23.845932621228915 22.742365646155108
970.5208333333333 23.848112734064607 22.74358417723523
971.0208333333334 23.850294964294584 22.7447992598719
