FastTrWP/PhaseSpace/IAs/snIa_0.66_30.00_0.46_0.04.csv
# %ECSV 0.9
# ---
# datatype:
# - {name: time-rel, datatype: float64}
# - {name: g, datatype: float64}
# - {name: i, datatype: float64}
# schema: astropy-2.0
time-rel g i
[from data line 575]
395.2916666666667 24.329851414046722 22.622033305264914
395.79166666666663 24.327675347240604 22.620279110519
396.2916666666667 24.325495737739352 22.618520044257572
396.7916666666667 24.323346175086034 22.61677203198584
397.29166666666663 24.32118805398433 22.615016736914395
397.7916666666667 24.31903648108255 22.61328580227802
398.2916666666667 24.316905273022968 22.611549674853237
398.79166666666663 24.31477355638397 22.60982426106886
399.2916666666667 24.312666467040174 22.608091883206896
399.7916666666667 24.31054839416147 22.606368353845994
400.29166666666663 24.30844248169781 22.60466079822192
400.7916666666667 24.306362167704346 22.602939774989544
401.2916666666667 24.3043039797666 22.601227671886992
401.79166666666663 24.302207245307702 22.59954009084186
402.2916666666667 24.300163257115734 22.597845870521923
402.7916666666667 24.298092571566205 22.596154667019132
403.29166666666663 24.296077386227886 22.594469015928865
403.7916666666667 24.294037000636692 22.5927922431067
404.2916666666667 24.292014320306357 22.591110587208934
404.79166666666663 24.28998916078921 22.5894517610336
405.2916666666667 24.287994327147114 22.587787047990044
405.7916666666667 24.285994034067137 22.58613848152731
406.29166666666663 24.28400153576537 22.584474114880862
406.7916666666667 24.2820587599159 22.582834339087885
407.2916666666667 24.280079003385563 22.581194315146345
407.79166666666663 24.278153619617026 22.57956362014835
408.2916666666667 24.276192423815836 22.57793185543228
408.7916666666667 24.274254969478303 22.5763095281297
409.29166666666663 24.272337656620813 22.574692987718453
409.7916666666667 24.2704487596329 22.573081214259858
410.2916666666667 24.26853853228274 22.571480256187698
410.79166666666663 24.266666143179116 22.569876622461152
411.2916666666667 24.264766307080095 22.568286035207464
411.7916666666667 24.262908631392847 22.56669550743615
412.29166666666663 24.261049749903805 22.565113918516047
412.7916666666667 24.259219962550137 22.563536346802728
413.2916666666667 24.2573843816565 22.56197244794782
413.79166666666663 24.255567910974296 22.560407821874495
414.2916666666667 24.253759215264928 22.558836667850013
414.7916666666667 24.25195570491703 22.55729481518179
415.29166666666663 24.250185562791824 22.55574495066685
415.7916666666667 24.248390524894205 22.554210097980913
416.2916666666667 24.246634464782275 22.552672367071082
416.79166666666663 24.244880180288725 22.551148651695247
417.2916666666667 24.2431372021765 22.54962928404847
417.7916666666667 24.241415412312932 22.548114768854
418.29166666666663 24.239702778395195 22.546607664538485
418.7916666666667 24.237966768614253 22.545093926883997
419.2916666666667 24.23626705363581 22.543600597726687
419.79166666666663 24.234589104931032 22.542100575367805
420.2916666666667 24.232896176399123 22.54061108478778
420.7916666666667 24.231213890030112 22.539120754594816
421.29166666666663 24.229523005697185 22.537640009587978
421.7916666666667 24.227878700052102 22.536169738356705
422.2916666666667 24.226214018309776 22.534697191711178
422.79166666666663 24.224571365025866 22.53322312345958
423.2916666666667 24.22293630462643 22.53176691181799
423.7916666666667 24.22128888213345 22.53030496526966
424.29166666666663 24.219677971750187 22.52884726808699
424.7916666666667 24.21804716119126 22.527390820051224
425.2916666666667 24.216433065690026 22.52594958495282
425.79166666666663 24.21483905793544 22.524510021570535
426.2916666666667 24.213241840671742 22.5230661301069
426.7916666666667 24.211657191609323 22.521633458104056
427.29166666666663 24.210082273846062 22.5202059906323
427.7916666666667 24.20850765448654 22.51878987593574
428.2916666666667 24.206956743089275 22.517375208106266
428.79166666666663 24.20539535867985 22.51596389108231
429.2916666666667 24.20385713711947 22.5145520737733
429.7916666666667 24.202317876117007 22.513143424337674
430.29166666666663 24.200784975046965 22.51174542184158
430.7916666666667 24.199259358821273 22.510353767993507
431.2916666666667 24.197745085063612 22.50895584449041
431.79166666666663 24.19622705922268 22.50756487275803
432.2916666666667 24.19473456612709 22.506183796508033
432.7916666666667 24.193249915299468 22.504808572397735
433.29166666666663 24.19176689827827 22.50343221622588
433.7916666666667 24.19029403354038 22.502063576930098
434.2916666666667 24.188823372919114 22.500700301746356
434.79166666666663 24.1873420758337 22.499345902726546
435.2916666666667 24.18590659839577 22.497983454774577
435.7916666666667 24.18445558271605 22.49663494163162
436.29166666666663 24.183024991280515 22.495285133685734
436.7916666666667 24.181604399520896 22.49394247760152
437.2916666666667 24.180163892871853 22.492601397315575
437.79166666666663 24.178763139903076 22.491267427314256
438.2916666666667 24.177353956048616 22.48994491042289
438.7916666666667 24.175955545876104 22.48861601634612
439.29166666666663 24.174574024665077 22.487294749234366
439.7916666666667 24.173186628877616 22.485974192712504
440.2916666666667 24.171805861739628 22.48466209741512
440.79166666666663 24.170440336082013 22.48336316421224
441.2916666666667 24.16908463845202 22.482056452531044
441.7916666666667 24.1677281619509 22.480762817400016
442.29166666666663 24.166390034729403 22.479464576020373
442.7916666666667 24.16504204588362 22.47817869040158
443.2916666666667 24.16371074610276 22.47688521476269
443.79166666666663 24.162392748845868 22.475607468288864
444.2916666666667 24.161074365288123 22.47433085645912
444.7916666666667 24.159779990580972 22.47305461094466
445.29166666666663 24.158458972517494 22.47178694184629
445.7916666666667 24.157173761093375 22.47052116047844
446.2916666666667 24.1558919575796 22.469264225747295
446.79166666666663 24.15461570588508 22.46801237267522
447.2916666666667 24.153356093342076 22.466757150035058
447.7916666666667 24.15209664772462 22.465510652355533
448.29166666666663 24.15084411557695 22.464266505700788
448.7916666666667 24.149594135862955 22.463038605228462
449.2916666666667 24.148357169175153 22.461797044497246
449.79166666666663 24.14712686634949 22.46057020780512
450.2916666666667 24.14589906572217 22.459341273273985
450.7916666666667 24.144688815519576 22.458127143545923
451.29166666666663 24.143483232609256 22.45690617877674
451.7916666666667 24.142277730393143 22.45569935365549
452.2916666666667 24.141080074957703 22.454486199677994
452.79166666666663 24.13991276945875 22.45328348877785
453.2916666666667 24.138711863672654 22.45208126594042
453.7916666666667 24.13754995374053 22.45088446511476
454.29166666666663 24.136385024178793 22.449695112052087
454.7916666666667 24.135232698882263 22.448509470289743
455.2916666666667 24.134101806652755 22.44733117165221
455.79166666666663 24.13294507550358 22.446158683577664
456.2916666666667 24.131820659734608 22.444971766138003
456.7916666666667 24.130701955413375 22.44381072981332
457.29166666666663 24.129584318173556 22.44265345583566
457.7916666666667 24.128465277726562 22.441482925610483
458.2916666666667 24.127358716134868 22.440315720870295
458.79166666666663 24.126260991632268 22.43916943750279
459.2916666666667 24.125174636193833 22.438027425926656
459.7916666666667 24.124085322280994 22.43687635392506
460.29166666666663 24.123013856750507 22.43573398559728
460.7916666666667 24.121955894223767 22.434590580135243
461.2916666666667 24.120879770015296 22.433455976721554
461.79166666666663 24.119827150069 22.432324439944775
462.2916666666667 24.118758810556294 22.431195160193134
462.7916666666667 24.11771785979729 22.43007202424352
463.29166666666663 24.116680752194235 22.428955404742332
463.7916666666667 24.115648560849216 22.427830443970564
464.2916666666667 24.11461572622889 22.426723436047126
464.79166666666663 24.113590963609134 22.425612168720782
465.2916666666667 24.11258619759669 22.424497801618514
465.7916666666667 24.111586309069946 22.423405660263946
466.29166666666663 24.110561291081588 22.422300017442602
466.7916666666667 24.109580178815477 22.421211231550853
467.2916666666667 24.10858201072768 22.420116916875873
467.79166666666663 24.107602707456493 22.419035372514323
468.2916666666667 24.106635914038968 22.417954784919036
468.7916666666667 24.105668411140385 22.416870852412355
469.29166666666663 24.10468952368321 22.415789501852004
469.7916666666667 24.10373816297479 22.41471665035981
470.2916666666667 24.102810668008978 22.413651203043802
470.79166666666663 24.101835525245793 22.412584246448723
471.2916666666667 24.100905031530854 22.411513990870393
471.7916666666667 24.099979795550446 22.41046129961537
472.29166666666663 24.099058688257585 22.409409403024576
472.7916666666667 24.098129822934112 22.408363793387423
473.2916666666667 24.097225840236476 22.407312751450267
473.79166666666663 24.09632364935907 22.406270932266676
474.2916666666667 24.095431435669784 22.40523945454527
474.7916666666667 24.094547593690304 22.404201012732447
475.29166666666663 24.09365113766309 22.40316858248734
475.7916666666667 24.092782271522278 22.40213634822029
476.2916666666667 24.091911688559836 22.401108577641562
476.79166666666663 24.09104356148342 22.400091654347353
477.2916666666667 24.09017957230744 22.399074663472188
477.7916666666667 24.089348628599264 22.398062834076946
478.29166666666663 24.088492665679713 22.397057299613273
478.7916666666667 24.087656080450056 22.396045113586997
479.2916666666667 24.086820840360744 22.39504667584316
479.79166666666663 24.08599886489484 22.394051691867055
480.2916666666667 24.085199054074554 22.393058004997172
480.7916666666667 24.084381763475985 22.392069745470362
481.29166666666663 24.08356829666036 22.391078940424688
481.7916666666667 24.082786099445617 22.39010071310358
482.2916666666667 24.081991187815355 22.389119003503094
482.79166666666663 24.08120810838256 22.38815291346594
483.2916666666667 24.08043505432969 22.387174862183727
483.7916666666667 24.079659651404857 22.38621114774791
484.29166666666663 24.07891130618497 22.385245806999045
484.7916666666667 24.07814723930468 22.384283729031296
485.2916666666667 24.07738744554529 22.38332866886781
485.79166666666663 24.076654465378912 22.38238349970895
486.2916666666667 24.075921401454174 22.381426180281288
486.7916666666667 24.07517579596133 22.380486438205867
487.29166666666663 24.074463456454602 22.37954736905141
487.7916666666667 24.073750145033657 22.378610001244787
488.2916666666667 24.073048976612277 22.3776713932477
488.7916666666667 24.072346872527746 22.37674601693687
489.2916666666667 24.071652028288973 22.37581815521791
489.7916666666667 24.070971081041996 22.37490504146593
490.2916666666667 24.070290383418293 22.373986478991696
490.7916666666667 24.0696206524418 22.373070208867013
491.2916666666667 24.06895226627663 22.372166976854302
491.7916666666667 24.068295725682432 22.371253808222185
492.2916666666667 24.06766403052633 22.370354886183257
492.7916666666667 24.06700690497701 22.369458664280213
493.2916666666667 24.066360798347837 22.368559793044934
493.7916666666667 24.065724609782606 22.367672601844497
494.2916666666667 24.065118163899534 22.36678649165528
494.7916666666667 24.06448172030935 22.365907980101344
495.2916666666667 24.063890796693748 22.365024139546076
495.7916666666667 24.063290677110274 22.364158987492463
496.2916666666667 24.06269474468445 22.363279563749472
496.7916666666667 24.062108768061023 22.36240877176174
497.2916666666667 24.061527982363042 22.361557910161054
497.7916666666667 24.060962637772363 22.3606919553964
498.2916666666667 24.06039352870877 22.359837498879905
498.7916666666667 24.059839892406423 22.35898441870433
499.2916666666667 24.059294777044506 22.358140168888802
499.7916666666667 24.058739141127973 22.357294899028275
500.2916666666667 24.058190259414904 22.35645031028925
500.7916666666667 24.05765936936004 22.35561840251887
501.2916666666667 24.05714655407774 22.354782903083866
501.7916666666667 24.056649582954286 22.35396142327261
502.2916666666667 24.056118670937142 22.353128143859667
502.7916666666667 24.055626748846418 22.35231251928375
503.2916666666667 24.05512020679187 22.35149955806928
503.7916666666667 24.05464763988809 22.350676706624057
504.2916666666667 24.05415843096847 22.349868828123405
504.7916666666667 24.05368824878885 22.34905905647965
505.2916666666667 24.053218944447337 22.34825352388902
505.7916666666667 24.05274775521479 22.347458250139795
506.2916666666667 24.052285337006257 22.346662114563202
506.7916666666667 24.051851122209982 22.345868240676513
507.2916666666667 24.051403381889234 22.345079300031855
507.7916666666667 24.05095553662701 22.34429291986747
508.2916666666667 24.050527434168476 22.34350282524476
508.7916666666667 24.05010323357518 22.342732373729525
509.2916666666667 24.049696878028215 22.341958443558454
509.7916666666667 24.049287141987033 22.34118206933076
510.2916666666667 24.048890645867008 22.340409757168786
510.7916666666667 24.04847073094974 22.339649934371153
511.2916666666667 24.04807280671664 22.338886420241803
511.7916666666667 24.04770448717479 22.338127404004187
512.2916666666666 24.04732081015203 22.33736911680274
512.7916666666666 24.04695425429445 22.33661772731269
513.2916666666666 24.04658606748855 22.335864651738284
513.7916666666666 24.04621470198133 22.335121608477472
514.2916666666666 24.045867982227662 22.33437598095684
514.7916666666666 24.045518294001454 22.33363642839243
515.2916666666666 24.0451727912664 22.332905000498926
515.7916666666666 24.04483707715659 22.332170015520994
516.2916666666666 24.04450503333355 22.331442714689405
516.7916666666666 24.044168620022596 22.3307165220802
517.2916666666666 24.043854385023558 22.329991613417704
517.7916666666666 24.04354448734577 22.32927609515764
518.2916666666666 24.04324125619318 22.328558503878206
518.7916666666666 24.042950046915248 22.327843259271575
519.2916666666666 24.042640325796295 22.327131121449376
519.7916666666666 24.042347566747008 22.326419156623416
520.2916666666666 24.042078257514525 22.3257183267898
520.7916666666666 24.041795368336363 22.325018886158027
521.2916666666666 24.041515930869494 22.32431779351705
521.7916666666666 24.041253570363832 22.32362811533016
522.2916666666666 24.040991014820857 22.32293300398343
522.7916666666666 24.04074042187373 22.322247427065275
523.2916666666666 24.04049001905178 22.321557848151095
523.7916666666666 24.04025171254419 22.320876835156973
524.2916666666666 24.04000979616277 22.320195195616588
524.7916666666666 24.039764217879526 22.31952341196186
525.2916666666666 24.039546514330212 22.318854199742844
525.7916666666666 24.03932078593076 22.318173483468577
526.2916666666666 24.03910814308532 22.31751002773818
526.7916666666666 24.03890376208606 22.316839033456382
527.2916666666666 24.0386899739147 22.3161837429595
527.7916666666666 24.0384764105144 22.315517197273568
528.2916666666666 24.03829892312402 22.31486649683746
528.7916666666666 24.038111323056196 22.314213310498957
529.2916666666666 24.03791005173033 22.313558766055742
529.7916666666666 24.03774814829987 22.31291650731817
530.2916666666666 24.037574238718943 22.31226528911244
530.7916666666666 24.037401813374988 22.311622233802698
531.2916666666666 24.037221128661535 22.3109867428656
531.7916666666666 24.03707831520803 22.310347072861237
532.2916666666666 24.0369208400381 22.309723780480624
532.7916666666666 24.03677690013832 22.309086648607792
533.2916666666666 24.036651786606637 22.30846130329347
533.7916666666666 24.0364953053638 22.307838107519736
534.2916666666666 24.036369445642343 22.307209513423686
534.7916666666666 24.036240764833323 22.30658660547472
535.2916666666666 24.036120393113887 22.305966879061764
535.7916666666666 24.035994214164 22.305358914508133
536.2916666666666 24.035898895908975 22.304746141741596
536.7916666666666 24.035781674182996 22.304133913086794
537.2916666666666 24.035695259548383 22.30352067897607
537.7916666666666 24.0355898457343 22.30292418707894
538.2916666666666 24.03549944211978 22.302322088105342
538.7916666666666 24.035417700522146 22.301732814839653
