FastTrWP/PhaseSpace/IAs/snIa_0.54_30.00_0.53_-0.02.csv
# %ECSV 0.9
# ---
# datatype:
# - {name: time-rel, datatype: float64}
# - {name: g, datatype: float64}
# - {name: i, datatype: float64}
# schema: astropy-2.0
time-rel g i
[from data line 1769]
463.0 24.582589359461217 22.58449653060941
463.5 24.584363602819757 22.5850922490705
464.0 24.586175404532927 22.585688260707393
464.5 24.58798035757566 22.58629707293988
465.0 24.589762642292357 22.586899481633026
465.5 24.591584413960508 22.58750620060806
466.0 24.59337721232589 22.588104010395984
466.5 24.595168759317325 22.588712905314953
467.0 24.596969924011717 22.589314134264193
467.5 24.598756486798415 22.589929253816045
468.0 24.600556008200535 22.590531825738935
468.5 24.60234917103815 22.5911326983459
469.0 24.604158068358302 22.591754177818757
469.5 24.605959165125235 22.59235608820733
470.0 24.607749593795603 22.592964618472422
470.5 24.609546331912455 22.593571609654184
471.0 24.611340765713248 22.594188206843718
471.5 24.613142567839752 22.594798050789553
472.0 24.614933069098246 22.595412644738513
472.5 24.616752106967187 22.596029967885315
473.0 24.618545388703414 22.596640099205914
473.5 24.620342955825425 22.59725490958461
474.0 24.622124437541558 22.597872375648457
474.5 24.623934061877847 22.598488492800467
475.0 24.625732463427653 22.59910338724815
475.5 24.627535954789238 22.5997242633272
476.0 24.629313490230082 22.600345161206562
476.5 24.631147395887556 22.600959312704163
477.0 24.632935737581562 22.601578842354613
477.5 24.634720664710006 22.602201703485484
478.0 24.63653447320716 22.602820268472996
478.5 24.638338993219584 22.60343837772844
479.0 24.64013541682845 22.604061933244054
479.5 24.64192797183831 22.60468196604866
480.0 24.64374045426763 22.60531117086702
480.5 24.64552938840481 22.60593115070792
481.0 24.647351575857343 22.60655657559713
481.5 24.649153842242782 22.607183837152178
482.0 24.65092934149075 22.607810365529936
482.5 24.65275358076312 22.608438135079545
483.0 24.654549825081745 22.609063345291773
483.5 24.656345440347998 22.609695873149178
484.0 24.658145377733064 22.61031712264044
484.5 24.659956796765066 22.610951267607383
485.0 24.66175876766878 22.611578322771496
485.5 24.663553589930736 22.61221235290428
486.0 24.665349660868117 22.612845457164976
486.5 24.667166999139027 22.613472712560277
487.0 24.668955944412367 22.614102908976925
487.5 24.670770051236673 22.61473894632985
488.0 24.672556737793265 22.615369395237433
488.5 24.67434857702773 22.616014205492036
489.0 24.676172142422633 22.616647535388246
489.5 24.677947411783116 22.617278654399044
490.0 24.679735512406346 22.6179149031817
490.5 24.681534764644333 22.618549784242767
491.0 24.6833202270816 22.61919252873043
491.5 24.685139821056442 22.61982920397795
492.0 24.68693431207931 22.620471215601263
492.5 24.688719627819605 22.62111600624422
493.0 24.690518728948003 22.62175816192783
493.5 24.692323549426302 22.622399849863363
494.0 24.694135881096333 22.623049115924253
494.5 24.695911998127585 22.62368277761798
495.0 24.697715126927925 22.62432719675274
495.5 24.699498348547667 22.624971153428795
496.0 24.701303090836667 22.62561399777104
496.5 24.70308124654749 22.62626325383872
497.0 24.70490770541916 22.626917925943893
497.5 24.706695261931642 22.627560338884535
498.0 24.708479408704036 22.6282119842101
498.5 24.710292864650796 22.628868246103686
499.0 24.71207003118982 22.62950767258751
499.5 24.713860004223594 22.630163329207285
500.0 24.715662918169773 22.630812237745637
500.5 24.717490262067265 22.631468336730087
501.0 24.71926243195224 22.63212314088672
501.5 24.72105652524005 22.632769784846435
502.0 24.722847770482147 22.633425845669024
502.5 24.724638298803843 22.634086374802887
503.0 24.7264399460109 22.634743202686927
503.5 24.728234232015176 22.635405493868994
504.0 24.730010244567975 22.636064295555588
504.5 24.731807358119514 22.63671689662778
505.0 24.733623328512444 22.63737638643683
505.5 24.73539291299606 22.638031326585853
506.0 24.73720223129402 22.638700324092632
506.5 24.738983142102274 22.63936821831075
507.0 24.74078016247101 22.64003141368566
507.5 24.74258854801382 22.640689835255543
508.0 24.744368997131065 22.64135362457203
508.5 24.74618822358709 22.642021167753946
509.0 24.74795380249009 22.642689799985103
509.5 24.749754304507224 22.643363428304998
510.0 24.751546124704763 22.644020287987466
510.5 24.75333590221199 22.644695169100913
511.0 24.755114493546806 22.645362001236467
511.5 24.75691891934381 22.64604169725743
512.0 24.758726083072297 22.646708034941913
512.5 24.760503204727478 22.647378609493465
513.0 24.762307025611605 22.648054853547023
513.5 24.76409897567823 22.648725538049042
514.0 24.76589434328975 22.649403774798994
514.5 24.76768639411834 22.65007510303086
515.0 24.769477888852848 22.650761180800938
515.5 24.77127093569061 22.651433538375766
516.0 24.773062100546525 22.652117112436414
516.5 24.774872170918837 22.652794542216405
517.0 24.77665577874528 22.653476753425128
517.5 24.77845498502582 22.654153250664585
518.0 24.780251207480486 22.65483734202405
518.5 24.78205614433634 22.655520227593854
519.0 24.78385262703376 22.65621106103324
519.5 24.785642123359022 22.656891479942583
520.0 24.78741378933715 22.657584481431932
520.5 24.789222913317506 22.658271157153777
521.0 24.79102064935217 22.65895098778389
521.5 24.792819815758087 22.659635069652218
522.0 24.794601894468148 22.660330812539094
522.5 24.796429880800254 22.661015751986152
523.0 24.798187443078557 22.661713073172614
523.5 24.800008364081197 22.662403160920064
524.0 24.801786020689644 22.663104052829638
524.5 24.80357920281292 22.663785422360974
525.0 24.805375129128954 22.664488500649796
525.5 24.807139377110374 22.665180496584988
526.0 24.808956751487983 22.665876706613663
526.5 24.81073620469155 22.66658053753506
527.0 24.81250759676231 22.66727196514821
527.5 24.814323049130728 22.66796885846005
528.0 24.81609303521101 22.66867245883947
528.5 24.817886015070194 22.669363585858612
529.0 24.8196600052148 22.670073111434476
529.5 24.8214716013304 22.670777698992435
530.0 24.823264695937507 22.671475118447763
530.5 24.82504822180694 22.672180409577713
531.0 24.826822641804434 22.672879145091066
531.5 24.828632886229933 22.673596835787656
532.0 24.830427617504238 22.6742883162563
532.5 24.832186698778305 22.675010619706487
533.0 24.833957577542595 22.675716032107097
533.5 24.835766435988372 22.676422445081272
534.0 24.837541474091807 22.677135005826482
534.5 24.83932906874477 22.677844095384906
535.0 24.841132095579592 22.67856280680071
535.5 24.84292392116711 22.67927511251852
536.0 24.84469712002522 22.6799839176146
536.5 24.846485665577774 22.6806996310124
537.0 24.84826333336565 22.681418162502588
537.5 24.850034885013837 22.68213466743489
538.0 24.851815912650054 22.682857196672963
538.5 24.85360564426457 22.6835725126246
539.0 24.855404469509182 22.684287273379766
539.5 24.857169885979886 22.685018132291912
540.0 24.858966569198074 22.685730513460935
540.5 24.860750488013764 22.686452701276014
541.0 24.862538688596896 22.68717807214522
541.5 24.86431427282718 22.68790462231228
542.0 24.866096235587495 22.688633527912398
542.5 24.867870074332107 22.68935132731101
543.0 24.869652051482298 22.6900825773172
543.5 24.871435029026184 22.690811987603354
544.0 24.873213983334765 22.691545807940443
544.5 24.874991909010475 22.692277799297642
545.0 24.876771500451966 22.69300803289117
545.5 24.87855406725413 22.69373748769899
546.0 24.880342727698167 22.694480909600315
546.5 24.882114367755882 22.695205812454127
547.0 24.8838874476548 22.695948271604035
547.5 24.885650458877365 22.69667768196276
548.0 24.887450892944983 22.69742049787923
548.5 24.88922728512292 22.698164358900257
549.0 24.891013853261683 22.698898595816637
549.5 24.89281666705745 22.699643547953805
550.0 24.89456511164068 22.700383006734267
550.5 24.89635084507082 22.701125920216363
551.0 24.898108350215885 22.701874354912192
551.5 24.899901770177976 22.70261934475559
552.0 24.901670277328996 22.70335585047809
552.5 24.90344810038209 22.704120699786277
553.0 24.90523052672252 22.70486445513473
553.5 24.907011007993628 22.705607849213383
554.0 24.908773731324366 22.706365687538607
554.5 24.910555609242465 22.707120747234605
555.0 24.91234477879088 22.70786819066322
555.5 24.914102756050323 22.70862480719049
556.0 24.915873342751368 22.70938556646462
556.5 24.917664049942868 22.71013870275492
557.0 24.9194501482205 22.710895589796735
557.5 24.921218089220947 22.71165482438686
558.0 24.922977230409202 22.71241877051611
558.5 24.924756994769854 22.713183791773726
559.0 24.926531850194266 22.713943470909747
559.5 24.92829446229785 22.714705356042867
560.0 24.930086601578893 22.715481123846274
560.5 24.931837355082465 22.7162431786015
561.0 24.93361095761983 22.717006074922587
561.5 24.93538810475949 22.717771214122173
562.0 24.937174221104282 22.71854726079735
562.5 24.938912269303266 22.71932494875005
563.0 24.940681819368514 22.720089179997466
563.5 24.94244633574504 22.720859382979892
564.0 24.944212035747142 22.721635152323874
564.5 24.94598395004718 22.722414654359284
565.0 24.947764118152765 22.723195514581462
565.5 24.949522078968585 22.72396013312939
566.0 24.951276170165517 22.72475210213145
566.5 24.95304602921199 22.7255308125671
567.0 24.954801782689504 22.726310914449005
567.5 24.956551447360017 22.727085357926065
568.0 24.958341285409883 22.727872163965234
568.5 24.96007591109269 22.728662103832352
569.0 24.961842208134787 22.72945259340261
569.5 24.963612238505068 22.730235687737817
570.0 24.965359680699805 22.731015148587215
570.5 24.967127886434266 22.73180737393544
571.0 24.96888145741687 22.732603009202123
571.5 24.97063852488791 22.73338704798611
572.0 24.97239313740849 22.73418480710355
572.5 24.974162227636242 22.734980004776375
573.0 24.975882805733644 22.73577195577973
573.5 24.9776331517066 22.7365666075234
574.0 24.979412682891216 22.737361373745408
574.5 24.981176513759728 22.738161059635026
575.0 24.98291667528607 22.738964732563446
575.5 24.984667275722195 22.7397557126202
576.0 24.98643067683828 22.74056215594009
576.5 24.98819342416356 22.74136201641063
577.0 24.989941296382522 22.74217543375186
577.5 24.991695005868397 22.742976007900467
578.0 24.993452579347153 22.7437753594586
578.5 24.995193748516563 22.74459279791352
579.0 24.99695212511803 22.74539785904484
579.5 24.998680289451475 22.7462000609648
580.0 25.00045664539245 22.747016621396817
580.5 25.002177409750857 22.747817704135787
581.0 25.00392878376367 22.74863836434769
581.5 25.00568071413212 22.74945004497512
582.0 25.007422460844666 22.75026537883894
582.5 25.00916424833049 22.751078126896402
583.0 25.010918309686353 22.751905796046316
583.5 25.012687687025114 22.752709993037634
584.0 25.0143988296076 22.753529752720915
584.5 25.016168987266614 22.754353066748635
585.0 25.01789616288892 22.755173911080576
585.5 25.01964211579739 22.755996829790814
586.0 25.021383014284076 22.75682343078211
586.5 25.02315232725347 22.75764712465165
587.0 25.02487845576531 22.758470692012164
587.5 25.026634519955223 22.759294618408283
588.0 25.02836446295753 22.760123627941123
588.5 25.030129058345455 22.76095579202323
589.0 25.03188526620775 22.76178734523361
589.5 25.033594177202573 22.762616201127145
590.0 25.035352804817382 22.763449949811285
590.5 25.037077208282994 22.7642835708575
591.0 25.038852438487854 22.765113717947397
591.5 25.040583336331995 22.765947246706254
592.0 25.042317641716636 22.766781644365928
592.5 25.04405316264593 22.76762529506645
593.0 25.045782658439784 22.768459686127414
593.5 25.04753221608782 22.769305222293124
594.0 25.049278301750597 22.77014920226863
594.5 25.051014892846904 22.770993030154226
595.0 25.05275644357811 22.77183961210723
595.5 25.054464518651656 22.772681894798303
596.0 25.05622646716267 22.77354491714483
596.5 25.05794566736169 22.77439806192984
597.0 25.05963361148046 22.77524583413276
597.5 25.06138794005349 22.776106671312718
598.0 25.063094476032227 22.776970210863723
598.5 25.06482065151602 22.777827963578076
599.0 25.066554086324757 22.77869598908007
599.5 25.068252711234692 22.77955503144739
600.0 25.069969461840994 22.780424070618718
600.5 25.07168074198338 22.78128594406073
601.0 25.07340650967103 22.78215636198786
601.5 25.075134776471092 22.78302607059984
602.0 25.076821945140146 22.78390066789356
602.5 25.07854729581508 22.784779663706537
603.0 25.080276012175524 22.78565612315475
603.5 25.08196805953719 22.78653363456951
604.0 25.083681886827588 22.78740623403397
604.5 25.085383606450513 22.78828956955346
605.0 25.08708661218992 22.789167046018225
605.5 25.08878846886775 22.790059647834756
606.0 25.090487902298094 22.7909365644637
606.5 25.09221769510669 22.79182098834655
607.0 25.093912053634696 22.7927145648082
607.5 25.095593942389822 22.793589200633445
608.0 25.097316309198973 22.794482496989474
608.5 25.099007365993092 22.79536746697724
609.0 25.100708721269193 22.796257712264307
609.5 25.102417687727623 22.797146128837092
610.0 25.104101858480785 22.79804321319338
610.5 25.105804238032622 22.798941894035632
611.0 25.10750583826102 22.79982646377299
611.5 25.10918564951204 22.80072207715206
612.0 25.110887219807765 22.801621534616253
612.5 25.11259524603283 22.802512428316387
613.0 25.114284381141445 22.803408543444
613.5 25.115986706056816 22.80431127057595
614.0 25.11769420403383 22.805210351930928
614.5 25.119407726629074 22.8061038873183
615.0 25.121101508333812 22.806998034590684
615.5 25.12279915936791 22.807903588188523
616.0 25.124491576927536 22.808793954811875
616.5 25.126206017358875 22.809690030459365
617.0 25.12789789069675 22.81059866896801
617.5 25.12959083583976 22.81148977173388
618.0 25.131307856250558 22.812390612281497
618.5 25.13300946415584 22.81329139588749
619.0 25.13473311516062 22.81419444430837
619.5 25.13642470429056 22.815087605321864
620.0 25.138122344466307 22.815995322260697
620.5 25.13984847583658 22.816897884278013
621.0 25.141545673396955 22.81778672759964
621.5 25.14324422837612 22.81869063228253
622.0 25.144970357279487 22.819582376872898
622.5 25.146673718474975 22.82047721633006
623.0 25.148395318313387 22.821377916389466
623.5 25.150114259300217 22.822285868203863
624.0 25.15183797215481 22.823172828981964
624.5 25.153561399275993 22.8240706469489
625.0 25.155279904528737 22.82495781548147
625.5 25.156996980684664 22.825859606374546
626.0 25.158744375246794 22.826756261579995
626.5 25.16045739189203 22.82764726426796
627.0 25.16216926424981 22.828538362166846
627.5 25.163905883860572 22.829435139877717
628.0 25.16565506071323 22.83032315303028
628.5 25.167390296980994 22.83121130613904
629.0 25.16912361263016 22.832099740592064
629.5 25.17086110066058 22.8329892192516
630.0 25.172593867943505 22.833872595321687
630.5 25.174365942232626 22.834761243410824
631.0 25.176101258306854 22.83564520235807
631.5 25.17784177648856 22.83653194713519
632.0 25.179573401532448 22.837413857550498
632.5 25.181315684849782 22.83830929357924
633.0 25.18306458990471 22.839196162667662
633.5 25.18480257733261 22.840086126041925
634.0 25.18657030119121 22.84096934581601
634.5 25.188324237375017 22.841868016034628
635.0 25.190058911203735 22.84275094861583
635.5 25.1917883054867 22.84364421404043
636.0 25.193554746192277 22.844524736035943
636.5 25.19528799075502 22.84541503365658
637.0 25.1970590393139 22.846312367759218
637.5 25.198800934066952 22.847197275594517
638.0 25.200574165947028 22.84809839072128
638.5 25.202303843024385 22.848983779757308
639.0 25.20407669047512 22.84986794194499
639.5 25.20582115025495 22.850763455007282
640.0 25.20758044605604 22.85165064642094
640.5 25.209325097019047 22.852539314876207
641.0 25.21106782224814 22.853436797696286
641.5 25.212836349376325 22.85432745230107
642.0 25.214618004632978 22.855221202008362
642.5 25.216352236494316 22.856105385703678
643.0 25.218115321484724 22.856996697016278
643.5 25.21984835241389 22.85788444489039
644.0 25.221611877277542 22.85878016556618
644.5 25.22338658168476 22.859665511120557
645.0 25.225155433438214 22.860558721652634
645.5 25.22689394598072 22.861454687631998
646.0 25.228657887440615 22.862348508102272
646.5 25.230433526051698 22.863237795338975
647.0 25.23222017640061 22.864131638864592
647.5 25.233971602790085 22.865015255005034
