FastTrWP/PhaseSpace/IAs/snIa_0.36_30.00_0.57_0.12.csv
# %ECSV 0.9
# ---
# datatype:
# - {name: time-rel, datatype: float64}
# - {name: g, datatype: float64}
# - {name: i, datatype: float64}
# schema: astropy-2.0
time-rel g i
[from data line 2303]
1331.6041666666667 25.008382381627065 23.084188075862258
1332.1041666666667 25.01017926856204 23.084709507204515
1332.6041666666667 25.012008075574403 23.08523686662724
1333.1041666666667 25.013815512395738 23.08576671258851
1333.6041666666667 25.01562292094707 23.086295626480858
1334.1041666666667 25.017405829205327 23.086821330046444
1334.6041666666667 25.019207060306496 23.087351910219397
1335.1041666666667 25.02101672957734 23.08787870852704
1335.6041666666667 25.02281899923659 23.088405527645357
1336.1041666666667 25.024621777890722 23.0889288321319
1336.6041666666667 25.02641388935045 23.089462749478933
1337.1041666666667 25.028221400636387 23.089988647572646
1337.6041666666667 25.030013572779197 23.09051909323184
1338.1041666666667 25.031813199212895 23.091047474544247
1338.6041666666667 25.03360793232747 23.09157213657887
1339.1041666666667 25.035412065011343 23.09209203336777
1339.6041666666667 25.03721917296128 23.092635689674054
1340.1041666666667 25.039002270917948 23.09315878086914
1340.6041666666667 25.040801106415618 23.093686301122695
1341.1041666666667 25.04259712948816 23.09421728944998
1341.6041666666667 25.04438887487752 23.094748406418475
1342.1041666666667 25.046174712708833 23.095261501095024
1342.6041666666667 25.047960811276447 23.095797148428375
1343.1041666666667 25.04973769086673 23.09632156960037
1343.6041666666667 25.05154013280743 23.096857492232658
1344.1041666666667 25.053318230259237 23.097383854209355
1344.6041666666667 25.05509625714522 23.09790549704266
1345.1041666666667 25.056865851484403 23.09843649045961
1345.6041666666667 25.05866604412768 23.098972802585426
1346.1041666666667 25.060468945510998 23.099488560410055
1346.6041666666667 25.06222466296537 23.100026928045732
1347.1041666666667 25.064020517022264 23.100549055904462
1347.6041666666667 25.065764740270726 23.101091159910663
1348.1041666666667 25.06756686495734 23.10161788034459
1348.6041666666667 25.069314629323173 23.102130118501115
1349.1041666666667 25.071078874538415 23.102661970478838
1349.6041666666667 25.072885642317697 23.10317655225422
1350.1041666666667 25.074644883083007 23.10371754789682
1350.6041666666667 25.076388349847644 23.10423326018471
1351.1041666666667 25.07815391118939 23.104775267076413
1351.6041666666667 25.07994676890515 23.105289930455783
1352.1041666666667 25.081678784068835 23.105828196483337
1352.6041666666667 25.083436373911454 23.106349679233272
1353.1041666666667 25.085216213071234 23.106890621746274
1353.6041666666667 25.086958233385076 23.10741274656166
1354.1041666666667 25.08874198639802 23.107939104239463
1354.6041666666667 25.090467575593284 23.108470547312223
1355.1041666666667 25.092236347652065 23.10899375275006
1355.6041666666667 25.093989858604914 23.10953122885893
1356.1041666666667 25.095748838140494 23.110055898400347
1356.6041666666667 25.097482793822543 23.110582766666624
1357.1041666666667 25.099241071072854 23.11110351174755
1357.6041666666667 25.100984081621633 23.111639085281183
1358.1041666666667 25.10275556767329 23.11216785037352
1358.6041666666667 25.104477788267275 23.11269463596218
1359.1041666666667 25.106238788456277 23.113230772956797
1359.6041666666667 25.107987370596806 23.113761189135232
1360.1041666666667 25.10973017084584 23.11429067214519
1360.6041666666667 25.111476351750927 23.114809650080076
1361.1041666666667 25.113222117582144 23.11534378329233
1361.6041666666667 25.114982232994663 23.115874305780686
1362.1041666666667 25.116702221579715 23.116395938471154
1362.6041666666667 25.11844176432797 23.11693175386249
1363.1041666666667 25.120198797960832 23.117464571387814
1363.6041666666667 25.12191827397458 23.117991265248655
1364.1041666666667 25.123655205448255 23.11853118056718
1364.6041666666667 25.125405745749134 23.119049837819677
1365.1041666666667 25.12714416407352 23.119578733181786
1365.6041666666667 25.128879393412152 23.12011169040803
1366.1041666666667 25.130604530471036 23.12064347075178
1366.6041666666667 25.13234075983896 23.121172402751974
1367.1041666666667 25.13410290895125 23.121700381461103
1367.6041666666667 25.13582318704474 23.12223750262929
1368.1041666666667 25.13754476433843 23.12276644593802
1368.6041666666667 25.139280287015914 23.123305790227427
1369.1041666666667 25.14106280185226 23.1238324144887
1369.6041666666667 25.142779641795435 23.124367381792506
1370.1041666666667 25.144502773869082 23.124900864911414
1370.6041666666667 25.146244599995807 23.125429154811158
1371.1041666666667 25.147975604506495 23.125968678326952
1371.6041666666667 25.14969616297284 23.12649301826893
1372.1041666666667 25.151449980362525 23.127032541958386
1372.6041666666667 25.153183448995165 23.12756316444595
1373.1041666666667 25.154917816423882 23.12809817052927
1373.6041666666667 25.156664845199067 23.12864117743446
1374.1041666666667 25.158381894165252 23.12916622874772
1374.6041666666667 25.160105594016187 23.1296984516404
1375.1041666666667 25.161867720238526 23.130235611915605
1375.6041666666667 25.163594269250137 23.130769797428982
1376.1041666666667 25.165328692796333 23.13131026780976
1376.6041666666667 25.167061634800056 23.131848937790544
1377.1041666666667 25.16879266394469 23.13237943700849
1377.6041666666667 25.17051706014812 23.13291087413775
1378.1041666666667 25.17228526210911 23.133455339971007
1378.6041666666667 25.174005609588615 23.133989381027465
1379.1041666666667 25.175747724343577 23.134533019568625
1379.6041666666667 25.177482067875125 23.13506694810682
1380.1041666666667 25.17921075137607 23.135601437551436
1380.6041666666667 25.180928349372174 23.13614346411061
1381.1041666666667 25.182654535006257 23.136678785151993
1381.6041666666667 25.18438799978087 23.137216894270715
1382.1041666666667 25.18611064385762 23.137756219387544
1382.6041666666667 25.18785595454687 23.138302377526827
1383.1041666666667 25.189586423509258 23.13883193948137
1383.6041666666667 25.191294051406924 23.139375928618637
1384.1041666666667 25.19302289441026 23.139910599971806
1384.6041666666667 25.194759411888413 23.14044139775168
1385.1041666666667 25.196480579982307 23.1409914338303
1385.6041666666667 25.198186892291005 23.14152887054446
1386.1041666666667 25.199901791417783 23.142066991313182
1386.6041666666667 25.201633536441527 23.14260274914931
1387.1041666666667 25.203335659600153 23.143153080066373
1387.6041666666667 25.205086364681826 23.143691501555047
1388.1041666666667 25.20679596852828 23.14423485016096
1388.6041666666667 25.208516701283187 23.144771326796008
1389.1041666666667 25.21023021220758 23.145322083076362
1389.6041666666667 25.211950870254384 23.14585200251688
1390.1041666666667 25.21363773217091 23.146400447442865
1390.6041666666667 25.21537597298898 23.14693658739521
1391.1041666666667 25.21705797782535 23.147476877017027
1391.6041666666667 25.21877799894854 23.148019748327897
1392.1041666666667 25.220495336331922 23.148554564558566
1392.6041666666667 25.222244760592577 23.14909665095407
1393.1041666666667 25.223907761456577 23.14965289073673
1393.6041666666667 25.22564914263544 23.150200281543118
1394.1041666666667 25.22733735307426 23.15073530790198
1394.6041666666667 25.229052051145707 23.151275451054772
1395.1041666666667 25.230754728080782 23.15181821830738
1395.6041666666667 25.232476864357906 23.15235867164465
1396.1041666666667 25.23417976851638 23.152903186629622
1396.6041666666667 25.23590782960546 23.15344460852142
1397.1041666666667 25.2376223981732 23.153994190296743
1397.6041666666667 25.239282957064834 23.154542256347725
1398.1041666666667 25.241027344069472 23.155081596079622
1398.6041666666667 25.242709552213157 23.155632842094573
1399.1041666666667 25.244440342973697 23.156184097073925
1399.6041666666667 25.24614078659731 23.156721066677996
1400.1041666666667 25.24787877132722 23.15726526548465
1400.6041666666667 25.249582457327516 23.157816359447835
1401.1041666666667 25.251234465061835 23.15835239753746
1401.6041666666667 25.252964293634847 23.158899633877553
1402.1041666666667 25.25466844619941 23.15944673144645
1402.6041666666667 25.256387454022455 23.159988231277985
1403.1041666666667 25.2580889105521 23.16054178404746
1403.6041666666667 25.25978420121738 23.161083313024836
1404.1041666666667 25.261479712004984 23.161632052908622
1404.6041666666667 25.26318097503244 23.16218685671386
1405.1041666666667 25.264893980828916 23.162718488063774
1405.6041666666667 25.266603538793877 23.16326893921915
1406.1041666666667 25.26829900614206 23.163829245686888
1406.6041666666667 25.27001369898105 23.164372466111175
1407.1041666666667 25.271720939399714 23.164916260574834
1407.6041666666667 25.273425746842847 23.16547206065856
1408.1041666666667 25.275116072858545 23.166020255344208
1408.6041666666667 25.276859664326405 23.16656720179391
1409.1041666666667 25.278555109919356 23.16712145673025
1409.6041666666667 25.28025309159727 23.167668308106826
1410.1041666666667 25.281966275925107 23.168219622568188
1410.6041666666667 25.28368566029796 23.168766340487096
1411.1041666666667 25.285361808366396 23.169314407050834
1411.6041666666667 25.28708393581883 23.169876375906064
1412.1041666666667 25.288802234489754 23.17041767586118
1412.6041666666667 25.290461101420476 23.17097657389032
1413.1041666666667 25.29218131754029 23.171521353536846
