FastTrWP/PhaseSpace/IAs/snIa_0.55_30.00_0.14_0.15.csv
# %ECSV 0.9
# ---
# datatype:
# - {name: time-rel, datatype: float64}
# - {name: g, datatype: float64}
# - {name: i, datatype: float64}
# schema: astropy-2.0
time-rel g i
[from data line 1733]
1022.8333333333334 25.197364751695652 22.483370296076654
1023.3333333333334 25.199170311752912 22.483997694772224
1023.8333333333334 25.200988593915543 22.48462533748178
1024.3333333333333 25.20281564213381 22.48525155078537
1024.8333333333333 25.20463039285277 22.485886089386202
1025.3333333333333 25.206433397231002 22.486519047351578
1025.8333333333333 25.208268258898915 22.48715130786387
1026.3333333333333 25.210050984189397 22.487778574618122
1026.8333333333333 25.21186973018343 22.48841719796356
1027.3333333333333 25.21369752533538 22.48906055555546
1027.8333333333333 25.215530926915473 22.489688081035347
1028.3333333333333 25.217325438384375 22.49032345527448
1028.8333333333333 25.21917886162282 22.490965305181206
1029.3333333333333 25.220978165724336 22.491594055115694
1029.8333333333333 25.222826018568743 22.49223218072252
1030.3333333333333 25.224604526488477 22.492868498692115
1030.8333333333333 25.226431322184062 22.493508594757916
1031.3333333333333 25.22828156310887 22.494147336246876
1031.8333333333333 25.23010633293055 22.49478595138745
1032.3333333333333 25.231949463187945 22.495434694089308
1032.8333333333333 25.23376455742437 22.496068983147005
1033.3333333333333 25.235575715430368 22.496718299399127
1033.8333333333333 25.237412720900437 22.497356169823593
1034.3333333333333 25.239240301122376 22.497990352492025
1034.8333333333333 25.24107922227661 22.498642240341738
1035.3333333333333 25.242911677032215 22.499285501403257
1035.8333333333333 25.24473998253576 22.499929856715625
1036.3333333333333 25.24657209257621 22.500580408949933
1036.8333333333333 25.24840952371551 22.501222016208466
1037.3333333333333 25.250224403938862 22.50187109458739
1037.8333333333333 25.252059087296622 22.502523231062113
1038.3333333333333 25.253906280579287 22.50316539817498
1038.8333333333333 25.255718302201124 22.503823627916827
1039.3333333333333 25.257566339829967 22.50446565480804
1039.8333333333333 25.25938896029252 22.505119966825365
1040.3333333333333 25.261207922881837 22.505766255314768
1040.8333333333333 25.263073360851926 22.506419418346006
1041.3333333333333 25.26489719777985 22.507082097863666
1041.8333333333333 25.26670212196974 22.507729992721902
1042.3333333333333 25.26855501737289 22.50838565500162
1042.8333333333333 25.270387161251602 22.5090350439956
1043.3333333333333 25.27224725687837 22.509690749481386
1043.8333333333333 25.274069739777506 22.510350159706324
1044.3333333333333 25.27589426706848 22.51100011756146
1044.8333333333333 25.277730537532367 22.511666486641182
1045.3333333333333 25.279545687247925 22.512322882668506
1045.8333333333333 25.281412236169132 22.51298405833611
1046.3333333333333 25.283256277994948 22.51364953150691
1046.8333333333333 25.28505715069922 22.51430447909783
1047.3333333333333 25.286921992766356 22.514961130611297
1047.8333333333333 25.288770429591388 22.515625125598795
1048.3333333333333 25.29061323640185 22.516292590766398
1048.8333333333333 25.29244249254439 22.516952281150722
1049.3333333333333 25.29427713508984 22.517622007496954
1049.8333333333333 25.296126465889508 22.51828718799004
1050.3333333333333 25.297959124946907 22.518951944553557
1050.8333333333333 25.2998178106871 22.519617841558826
1051.3333333333333 25.301643631929174 22.520278579787355
1051.8333333333333 25.30349368667787 22.52095098559512
1052.3333333333333 25.30532566074719 22.521622799176196
1052.8333333333333 25.30715722424167 22.522295355733696
1053.3333333333333 25.309042428759483 22.522960719408594
1053.8333333333333 25.31086248160411 22.523635957065906
1054.3333333333333 25.312707720524354 22.52431062895664
1054.8333333333333 25.314567936745984 22.524974466263576
1055.3333333333333 25.31639633749354 22.525656093449953
1055.8333333333333 25.31828971472197 22.526324305439896
1056.3333333333333 25.320093497035188 22.52700179012424
1056.8333333333333 25.32193323736223 22.527685613036496
1057.3333333333333 25.323792029573937 22.52836387069053
1057.8333333333333 25.32566532246041 22.52904256525897
1058.3333333333333 25.327479981168878 22.529716937416985
1058.8333333333333 25.329349613204908 22.530398693512378
1059.3333333333333 25.331223597347034 22.531080065221364
1059.8333333333333 25.33305501691231 22.53175587560611
1060.3333333333333 25.334907360203434 22.53244333240739
1060.8333333333333 25.336740361146997 22.53312341664497
1061.3333333333333 25.338609928962907 22.5338126744986
1061.8333333333333 25.340466521047563 22.534496089666604
1062.3333333333333 25.3423252144296 22.535178755113257
1062.8333333333333 25.344188738746375 22.53587123970785
1063.3333333333333 25.346048749774557 22.53656042779899
1063.8333333333333 25.34786273612955 22.537251017683793
1064.3333333333333 25.349745850255047 22.53793027769801
1064.8333333333333 25.351627121968207 22.538622970027987
1065.3333333333333 25.35346396864878 22.539322459441156
1065.8333333333333 25.355327049782602 22.540006240451717
1066.3333333333333 25.357184943719098 22.540699194814987
1066.8333333333333 25.359066792493927 22.541389519608952
1067.3333333333333 25.360922232164008 22.542091232375206
1067.8333333333333 25.362788378727345 22.542778981766954
1068.3333333333333 25.364639378565794 22.54347811831257
1068.8333333333333 25.3665126220014 22.544176958252894
1069.3333333333333 25.368373452343672 22.54487587205503
1069.8333333333333 25.370258761071234 22.545579593271903
1070.3333333333333 25.372120002382502 22.54627496621566
1070.8333333333333 25.3739871746778 22.54697986737686
1071.3333333333333 25.375853654520597 22.54767998518387
1071.8333333333333 25.37770885170307 22.548377211199956
1072.3333333333333 25.379582730426037 22.549081993824025
1072.8333333333333 25.38143967392766 22.549792325006134
1073.3333333333333 25.383341652365647 22.550496118840066
1073.8333333333333 25.385227903889366 22.55119982145089
1074.3333333333333 25.387090131484108 22.55191025119997
1074.8333333333333 25.388926483230634 22.55261272626603
1075.3333333333333 25.390802627472286 22.553315904836246
1075.8333333333333 25.392686555632253 22.554028419410074
1076.3333333333333 25.394564778991146 22.554740339989984
1076.8333333333333 25.396437787683265 22.555446884202194
1077.3333333333333 25.398305371727258 22.55616143540099
1077.8333333333333 25.40017385752575 22.556873674307095
1078.3333333333333 25.402047095122995 22.557583590824343
1078.8333333333333 25.403938137648666 22.55829995424235
1079.3333333333333 25.40583260658694 22.559018606061304
1079.8333333333333 25.407705395474494 22.559739636705615
1080.3333333333333 25.40956701635023 22.560449554595195
1080.8333333333333 25.411426742648786 22.5611752306861
1081.3333333333333 25.41331387841339 22.56187756397539
1081.8333333333333 25.415185559925927 22.562609628953723
1082.3333333333333 25.417065569710058 22.56332716971281
1082.8333333333333 25.418926550403576 22.564050061878117
1083.3333333333333 25.420797823945605 22.564762869278994
1083.8333333333333 25.422711699019036 22.56548584027611
1084.3333333333333 25.42458558186386 22.56621599691502
1084.8333333333333 25.426477340791273 22.566939899932148
1085.3333333333333 25.42834033402245 22.56766219967542
1085.8333333333333 25.430237975083514 22.568399214530032
1086.3333333333333 25.43212029424035 22.569119036322498
1086.8333333333333 25.43397863708686 22.569852961361455
1087.3333333333333 25.43586279123278 22.57058498249333
1087.8333333333333 25.43776639037962 22.57131432740906
1088.3333333333333 25.439646270374958 22.572050250789843
1088.8333333333333 25.441536311068667 22.57277804265361
1089.3333333333333 25.44339182367786 22.573512484027024
1089.8333333333333 25.445284112952905 22.574241420164398
1090.3333333333333 25.447180290202326 22.57497820359327
1090.8333333333333 25.449060445935523 22.575720818163592
1091.3333333333333 25.450959404756528 22.576449951408527
1091.8333333333333 25.45283888876736 22.57719491462041
1092.3333333333333 25.454732292455184 22.577933991345503
1092.8333333333333 25.45663211601711 22.578666813284933
1093.3333333333333 25.458534231083977 22.579411093318
1093.8333333333333 25.460408584822275 22.580150524824173
1094.3333333333333 25.462317856114623 22.58089653242201
1094.8333333333333 25.46420647544261 22.581636972266935
1095.3333333333333 25.466102390982044 22.582384235913345
1095.8333333333333 25.467979764881356 22.583127452537248
1096.3333333333333 25.469862844251363 22.58388476290117
1096.8333333333333 25.47177825063983 22.584634143824648
1097.3333333333333 25.473674446620265 22.585377367252562
1097.8333333333333 25.475567530517385 22.586131409307214
1098.3333333333333 25.47745974693393 22.58687766654541
1098.8333333333333 25.479336812890917 22.587627222639846
1099.3333333333333 25.481260769504065 22.58838503127482
1099.8333333333333 25.483158124576455 22.589145827626336
1100.3333333333333 25.48505823901958 22.58990216946421
1100.8333333333333 25.486957697549624 22.590652433461393
1101.3333333333333 25.488850934354232 22.591416095020374
1101.8333333333333 25.490745962323594 22.592171199635178
1102.3333333333333 25.492680613339044 22.592932365089776
1102.8333333333333 25.494578976733973 22.593700404557637
1103.3333333333333 25.49646555649398 22.594462057273685
1103.8333333333333 25.49837719582019 22.595219534749997
1104.3333333333333 25.500287148294802 22.59598689647472
1104.8333333333333 25.50219045194487 22.59675301699349
1105.3333333333333 25.504080979419864 22.597517580596666
1105.8333333333333 25.505980738487533 22.598284946791235
1106.3333333333333 25.507911280341787 22.599057582330893
1106.8333333333333 25.50983387233988 22.599821632678697
1107.3333333333333 25.511746031456305 22.600598280299224
1107.8333333333333 25.513632599531206 22.601369489406437
1108.3333333333333 25.515546011281153 22.60214304296861
1108.8333333333333 25.517460603529205 22.602917866121302
1109.3333333333333 25.519386728454574 22.603694307607856
1109.8333333333333 25.521312367816723 22.6044736369448
1110.3333333333333 25.52321472905996 22.60525161197798
1110.8333333333333 25.525128201262103 22.606032904238454
1111.3333333333333 25.52702443384852 22.606814979437672
1111.8333333333333 25.52895777230248 22.607594879790955
1112.3333333333333 25.530888795846558 22.608377576895336
1112.8333333333333 25.53279259967858 22.60916314728133
1113.3333333333333 25.534686762417525 22.60994503872425
1113.8333333333333 25.53661135831885 22.610736115071276
1114.3333333333333 25.538548369262266 22.611522016095126
1114.8333333333333 25.540433304316586 22.612311606920397
1115.3333333333333 25.542379017353568 22.6131052644594
1115.8333333333333 25.5443004999507 22.613889642308678
1116.3333333333333 25.54622446632649 22.61467870697315
1116.8333333333333 25.548158153294402 22.615474562524728
1117.3333333333333 25.550067449633186 22.61627841758048
1117.8333333333333 25.551977424798906 22.617059206321134
1118.3333333333333 25.553903303308424 22.617857930293983
1118.8333333333333 25.555831730196815 22.618655605457747
1119.3333333333333 25.55774544669481 22.619458164606733
1119.8333333333333 25.559649876740313 22.620257253067614
1120.3333333333333 25.56160687907676 22.621057465874852
1120.8333333333333 25.56351953346928 22.621860697560493
1121.3333333333333 25.565446257156044 22.62266215748591
1121.8333333333333 25.56739138604042 22.623463412340236
1122.3333333333333 25.569297107929376 22.62426770217737
1122.8333333333333 25.571217568419215 22.62508070961441
1123.3333333333333 25.573157729038634 22.62589104587367
1123.8333333333333 25.575034662085436 22.626692791714277
1124.3333333333333 25.57699086394219 22.62749939228663
1124.8333333333333 25.57894746385204 22.628312026888334
1125.3333333333333 25.580852790019122 22.62913603544615
1125.8333333333333 25.58277261264284 22.62993578156081
1126.3333333333333 25.584742585501207 22.630753315997975
1126.8333333333333 25.586646287801496 22.631566975824637
1127.3333333333333 25.588594902546618 22.632379438379946
1127.8333333333333 25.590502014812216 22.633202941711804
1128.3333333333333 25.59245799398321 22.63401286539445
1128.8333333333333 25.594414815038142 22.634836621988978
1129.3333333333333 25.596303816552552 22.635666838415833
1129.8333333333333 25.598255547403603 22.636481336134437
1130.3333333333333 25.60019834413876 22.63730487496268
1130.8333333333333 25.602128911605753 22.63813178697749
1131.3333333333333 25.604076597621837 22.638955306145444
1131.8333333333333 25.60600562563257 22.63978748695555
1132.3333333333333 25.607906350153982 22.64061472955445
1132.8333333333333 25.609852309813878 22.641438754652647
1133.3333333333333 25.611830079527778 22.64227090614498
1133.8333333333333 25.613764914554483 22.643100808610885
1134.3333333333333 25.615697772252766 22.643927285042686
1134.8333333333333 25.61765017673059 22.644771578328164
1135.3333333333333 25.619597711607266 22.645595184720612
1135.8333333333333 25.621487661558916 22.646440524100655
1136.3333333333333 25.62344094416682 22.647273714274196
1136.8333333333333 25.625384127528967 22.648110168793853
1137.3333333333333 25.627347944247425 22.64894353757957
1137.8333333333333 25.6292798386432 22.64979430783579
1138.3333333333333 25.6312122517558 22.65061921985958
1138.8333333333333 25.633170072143976 22.651475644406958
1139.3333333333333 25.63510297598977 22.652309904002784
1139.8333333333333 25.637044685606494 22.653156997513104
1140.3333333333333 25.639010378259023 22.654002773581176
1140.8333333333333 25.640933669887964 22.654862898494684
1141.3333333333333 25.642890029462873 22.655693095845564
1141.8333333333333 25.644836622331333 22.6565509011602
1142.3333333333333 25.646790047620716 22.657400766441466
1142.8333333333333 25.64874771434001 22.658252847955364
1143.3333333333333 25.65071129615572 22.659103526823753
1143.8333333333333 25.65260861862185 22.659955333226435
1144.3333333333333 25.654597197127195 22.660812530228746
1144.8333333333333 25.656528954368092 22.66166804001478
1145.3333333333333 25.658474341803213 22.662533846631383
1145.8333333333333 25.660466980909824 22.66339385621994
1146.3333333333333 25.662386835634436 22.664251689016325
1146.8333333333333 25.664353421859314 22.665120005723868
1147.3333333333333 25.666312969300122 22.665991192647507
1147.8333333333333 25.66827782513341 22.666864350144344
1148.3333333333333 25.670236808559636 22.667722992349937
1148.8333333333333 25.672166055019318 22.668607707977586
1149.3333333333333 25.6741261991082 22.669480351040534
1149.8333333333333 25.67609591094092 22.67035666850567
1150.3333333333333 25.678066244572616 22.67123669399642
1150.8333333333333 25.680023440367883 22.672110377412377
1151.3333333333333 25.681985242895365 22.67299724467741
1151.8333333333333 25.68393339748249 22.673881678385793
1152.3333333333333 25.685882861222385 22.674763804397937
1152.8333333333333 25.687843137793493 22.675654317198273
1153.3333333333333 25.689821705738986 22.676536169822676
1153.8333333333333 25.69175664306367 22.67742275887191
1154.3333333333333 25.693733653049975 22.67832253721408
1154.8333333333333 25.695674232458675 22.679209090237155
1155.3333333333333 25.697654314181545 22.680100570071595
1155.8333333333333 25.6996107275153 22.68099976689813
1156.3333333333333 25.701581667245183 22.68188896549122
1156.8333333333333 25.7035501319223 22.682792133843677
1157.3333333333333 25.705499323928024 22.683686347320297
1157.8333333333333 25.70748551084602 22.68458516899768
1158.3333333333333 25.70946077128845 22.685486989157084
1158.8333333333333 25.711416078985994 22.686393155702937
1159.3333333333333 25.7133819630339 22.687295026351734
1159.8333333333333 25.71531880538871 22.68819433205262
1160.3333333333333 25.717332739117566 22.689102648331453
1160.8333333333333 25.719282546797796 22.69000872121555
1161.3333333333333 25.7212356594773 22.690915164831228
1161.8333333333333 25.72318931744931 22.691820566654123
1162.3333333333333 25.72516764102813 22.692734991984192
1162.8333333333333 25.727126005985706 22.693637864970885
1163.3333333333333 25.729093372322534 22.694550817921826
1163.8333333333333 25.731091520625892 22.695467017175304
1164.3333333333333 25.733036290195454 22.696373101186957
