FastTrWP/PhaseSpace/IAs/snIa_0.59_30.00_-1.16_-0.11.csv
# %ECSV 0.9
# ---
# datatype:
# - {name: time-rel, datatype: float64}
# - {name: g, datatype: float64}
# - {name: i, datatype: float64}
# schema: astropy-2.0
time-rel g i
179.39583333333334 26.983672940085448 25.08301672946253
179.89583333333331 26.96222335015888 25.075173619722165
180.39583333333334 26.941162728725647 25.06734686784691
180.89583333333334 26.92036752397768 25.059555512624264
181.39583333333331 26.899848119994022 25.05182590330079
181.89583333333334 26.879668866288064 25.044131046402896
182.39583333333334 26.859729695382768 25.036434445688105
182.89583333333331 26.84007691473827 25.028799555061703
183.39583333333334 26.82074560075815 25.02118302975375
183.89583333333334 26.8015863681484 25.013592963783683
184.39583333333331 26.782755312540324 25.006039922800596
184.89583333333334 26.764127967287486 24.998530217575798
185.39583333333334 26.745750919618132 24.991021624113976
185.89583333333331 26.72758138960665 24.98357002659826
186.39583333333334 26.709648368300364 24.97614686702103
186.89583333333334 26.691903116480265 24.968732683498366
187.39583333333331 26.674422235425336 24.961356221504207
187.89583333333334 26.657105698339162 24.95401712513869
188.39583333333334 26.640008517693165 24.946697480879156
188.89583333333331 26.623042170542732 24.939416611714627
189.39583333333334 26.606349897949375 24.932140863714935
189.89583333333334 26.58977244451203 24.924924269061506
190.39583333333331 26.573436285661227 24.91772517089228
190.89583333333334 26.557229612480956 24.910562816176864
191.39583333333334 26.541184815488176 24.903410707081257
191.89583333333331 26.525333975912808 24.89627315250629
192.39583333333334 26.509623278387867 24.889232208285872
192.89583333333334 26.494105072631594 24.882149151093845
193.39583333333331 26.47867525653574 24.875116369730527
193.89583333333334 26.463405286160953 24.868094080354474
194.39583333333334 26.44835472944632 24.861121182506075
194.89583333333331 26.43339018454224 24.854150290613255
195.39583333333334 26.41857319781299 24.847222101057106
195.89583333333334 26.403901316339 24.84032296239509
196.39583333333331 26.38933935003049 24.833444244054924
196.89583333333334 26.374909302962294 24.826588975389736
197.39583333333334 26.360647004046488 24.81977525629068
197.89583333333331 26.346463219325834 24.812952791076203
198.39583333333334 26.332434765085676 24.806210590933308
198.89583333333334 26.318478241323287 24.79943484067217
199.39583333333331 26.304707189531413 24.792715105037292
199.89583333333334 26.290997847921822 24.78599290338957
200.39583333333334 26.277380579700115 24.77931591261214
200.89583333333331 26.263914748028743 24.772652659505624
201.39583333333334 26.250605278654014 24.766029329681622
201.89583333333334 26.23728103939996 24.759406353511288
202.39583333333331 26.224177532683314 24.752816713878673
202.89583333333334 26.211156708075837 24.746275543748993
203.39583333333334 26.1982061717077 24.73972917182007
203.89583333333331 26.185458574708676 24.73320771986355
204.39583333333334 26.172815362922126 24.7267303954304
204.89583333333334 26.160223584588344 24.720282037158903
205.39583333333331 26.147776505376097 24.71385405894665
205.89583333333334 26.13543188436214 24.707431560303984
206.39583333333334 26.12315816114431 24.701058776646583
206.89583333333331 26.111002813363026 24.69467906937325
207.39583333333334 26.098978535460127 24.688339463294508
207.89583333333334 26.08696775069324 24.681998656226153
208.39583333333331 26.07514771572292 24.675696331383193
208.89583333333334 26.063341436305958 24.669420107321148
209.39583333333334 26.05167684527487 24.663156891175753
209.89583333333331 26.04003820195633 24.65690839743635
210.39583333333334 26.028547308698137 24.65070029105224
210.89583333333334 26.017084244559747 24.644522378498912
211.39583333333331 26.005730045857884 24.638317446341592
211.89583333333334 25.9944881008295 24.63216155272901
212.39583333333334 25.983260398566085 24.626059072870895
212.89583333333331 25.972133683693734 24.619930231280694
213.39583333333334 25.961049911632944 24.613836841159944
213.89583333333334 25.950127458759873 24.607763613916944
214.39583333333331 25.93915441354362 24.601698522896058
214.89583333333334 25.92835597824883 24.595659597967664
215.39583333333334 25.917570692455506 24.58964814870701
215.89583333333331 25.906899950047574 24.583623149552395
216.39583333333334 25.89624635701544 24.57766546464901
216.89583333333334 25.88565238373623 24.571686075732146
217.39583333333331 25.87515061100497 24.56574700733977
217.89583333333334 25.864705374684252 24.559808811736815
218.39583333333334 25.854319386603244 24.553903860526532
218.89583333333331 25.84397654887766 24.548016338532875
219.39583333333334 25.83369519497291 24.54214120999798
219.89583333333334 25.823523027581764 24.53627724785177
220.39583333333331 25.813349405393176 24.53044099902213
220.89583333333334 25.803239793523886 24.52462013799667
221.39583333333334 25.793176840650137 24.51878216960499
221.89583333333331 25.783200403682386 24.513009063512968
222.39583333333334 25.773279786149082 24.507229704573852
222.89583333333334 25.76339479795154 24.501465975462438
223.39583333333331 25.75351854395615 24.495719130289977
223.89583333333334 25.743740548846766 24.48999799900717
224.39583333333334 25.733995362879384 24.484277742926388
224.89583333333331 25.724310522603176 24.478583834031564
225.39583333333334 25.714640316382166 24.472894201914546
225.89583333333334 25.705055517096586 24.46722224877242
226.39583333333331 25.69548305474742 24.46156914180479
226.89583333333334 25.685958411589947 24.455925065963967
227.39583333333334 25.676509022198534 24.450299188586225
227.89583333333331 25.667107865725626 24.444697480492668
228.39583333333334 25.657709772379356 24.439113613714625
228.89583333333334 25.64834456704125 24.433512386621214
229.39583333333331 25.63901690606515 24.427949307127506
229.89583333333334 25.62975960071579 24.42238823118698
230.39583333333334 25.62056424278782 24.416843995094023
230.89583333333331 25.61137792901342 24.411330150220778
231.39583333333334 25.602199436254907 24.405821086717214
231.89583333333334 25.593082804281803 24.400308879734553
232.39583333333331 25.584034079175634 24.394815628127155
232.89583333333334 25.574978638216894 24.38936449620211
233.39583333333334 25.565995102123004 24.383886580450675
233.89583333333334 25.557036532485064 24.378439094919543
234.39583333333334 25.54809387126879 24.37300259209782
234.89583333333334 25.539216718845328 24.36758694740498
235.39583333333334 25.530311514095608 24.362180086663557
235.89583333333334 25.52151360412637 24.35677038646412
236.39583333333334 25.512727404064318 24.351369067307328
236.89583333333334 25.50395054144841 24.346003325110406
237.39583333333334 25.495225470372542 24.340637604791844
237.89583333333334 25.48648953149797 24.33531320596852
238.39583333333334 25.477853004893834 24.32995501656827
238.89583333333334 25.4691938064214 24.324623681963192
239.39583333333334 25.460563828048116 24.319313177223137
239.89583333333334 25.451979619631793 24.31400557653252
240.39583333333334 25.44346373464686 24.30871145556017
240.89583333333334 25.434916192260655 24.30344162482186
241.39583333333334 25.426446397673427 24.29816933839756
241.89583333333334 25.41799441377983 24.292932521420756
242.39583333333334 25.409589720700936 24.2876770015625
242.89583333333334 25.401243687011224 24.282460353978884
243.39583333333334 25.392899683030954 24.277254482252303
243.89583333333334 25.384565335417875 24.272057792134447
244.39583333333334 25.376315724617054 24.26686831383087
244.89583333333334 25.368055300991873 24.261690217318183
245.39583333333334 25.35984980228198 24.256528070709216
245.89583333333334 25.35170443439401 24.251384927117357
246.39583333333334 25.34355241513182 24.246240909836423
246.89583333333334 25.33544267808658 24.241109828434837
247.39583333333334 25.32736178467171 24.23600107225742
247.89583333333334 25.319290745547992 24.230906417524913
248.39583333333334 25.311309957727136 24.225811347152625
248.89583333333334 25.303344455523803 24.22073654951014
249.39583333333334 25.29534204086002 24.215686696577325
249.89583333333334 25.287437894984222 24.210632995414265
250.39583333333334 25.279547910603746 24.20558554534881
250.89583333333334 25.27166895706393 24.200564538922904
251.39583333333334 25.26383596818333 24.195543765583423
251.89583333333334 25.256047911603083 24.190550754746475
252.39583333333334 25.248257172026012 24.185547730771727
252.89583333333334 25.240529646058867 24.180573996513072
253.39583333333334 25.232813465765965 24.1755910245167
253.89583333333334 25.225108658634305 24.170638324483996
254.39583333333334 25.217457900925524 24.165705585278197
254.89583333333334 25.209837073422122 24.160747435454088
255.39583333333334 25.202244614105084 24.155827703307175
255.89583333333334 25.194622063998967 24.150896339464417
256.3958333333333 25.187108049303678 24.146008035339804
256.8958333333333 25.179560553145926 24.141119971436087
257.3958333333333 25.172080954859887 24.13623527980485
257.8958333333333 25.164647832324924 24.131382804188526
258.3958333333333 25.1571966836066 24.126508884210466
258.8958333333333 25.149778658416352 24.12165818680036
259.3958333333333 25.142389408322124 24.116819337490657
259.8958333333333 25.13504781945729 24.11198824823472
260.3958333333333 25.12771076266572 24.10715914719949
260.8958333333333 25.12038272558017 24.102353159851177
261.3958333333333 25.113104258160327 24.097576575157365
261.8958333333333 25.10582807974536 24.092781994713505
262.3958333333333 25.098622660735547 24.088016992795787
262.8958333333333 25.091416619038096 24.083231576205584
263.3958333333333 25.084214316906053 24.078474549413738
263.8958333333333 25.07707071313179 24.073724450394508
264.3958333333333 25.069926134191643 24.06899979532474
264.8958333333333 25.06281152981139 24.064276174841183
265.3958333333333 25.055729426528586 24.059540211856962
265.8958333333333 25.048676339687933 24.05485160011618
266.3958333333333 25.041623114019245 24.050159375949423
266.8958333333333 25.034619280512807 24.045472396661474
267.3958333333333 25.02764493697947 24.040792815765656
267.8958333333333 25.02066356376818 24.036106773507836
268.3958333333333 25.013721059161895 24.031476681680736
268.8958333333333 25.006785213115855 24.026809369539567
269.3958333333333 24.99989308109246 24.02217677787926
269.8958333333333 24.99303368780118 24.017547406856483
270.3958333333333 24.986167949517007 24.012924020733927
270.8958333333333 24.979330765110856 24.00830484371891
271.3958333333333 24.972516207576177 24.003705468472983
271.8958333333333 24.965747274557128 23.99911613770495
272.3958333333333 24.95897997903606 23.994544547851643
272.8958333333333 24.952238947066615 23.989963849304175
273.3958333333333 24.945514339853435 23.985402193275878
273.8958333333333 24.9388065313828 23.98084690954083
274.3958333333333 24.932117216877433 23.976293743309235
274.8958333333333 24.925461984181084 23.97175511618059
275.3958333333333 24.918825015751263 23.96722802333516
275.8958333333333 24.912206685031567 23.962699676265032
276.3958333333333 24.905631328237064 23.958182865734358
276.8958333333333 24.89904572116167 23.9536936192245
277.3958333333333 24.89249108809439 23.949203593135554
277.8958333333333 24.885971090068722 23.944726871490488
278.3958333333333 24.879445429790014 23.940245174371853
278.8958333333333 24.872959556857822 23.935768311643724
279.3958333333333 24.866502387733398 23.93131932093273
279.8958333333333 24.860037459341324 23.92687539828763
280.3958333333333 24.85361130977578 23.922431236797067
280.8958333333333 24.847223817936964 23.91800437408702
281.3958333333333 24.840820389300674 23.9135815986304
281.8958333333333 24.834449413093648 23.90917290325211
282.3958333333333 24.828093031926308 23.90478152691255
282.8958333333333 24.821787494718826 23.900392506674883
283.3958333333333 24.815461016072273 23.89601246025355
283.8958333333333 24.809160436190414 23.89162712497727
284.3958333333333 24.80291308447344 23.88726976767107
284.8958333333333 24.796663635819264 23.882921862649866
285.3958333333333 24.79041122669875 23.87857858443901
285.8958333333333 24.784196401101326 23.874228777713462
286.3958333333333 24.77800725845164 23.869905972830306
286.8958333333333 24.771853147940227 23.865581348202426
287.3958333333333 24.765686416305876 23.86127055381973
287.8958333333333 24.75953257437576 23.856961268409226
288.3958333333333 24.753416777797103 23.85267871032839
288.8958333333333 24.74730919139263 23.84838326924346
289.3958333333333 24.741214291047665 23.844112557505056
289.8958333333333 24.73516339275094 23.839835647796367
290.3958333333333 24.729092982946 23.835577531028388
290.8958333333333 24.72306737212568 23.831328435871868
291.3958333333333 24.717065961434823 23.827084555650025
291.8958333333333 24.71106037406615 23.822839004388783
292.3958333333333 24.70506867949438 23.818616025672572
292.8958333333333 24.69910695322171 23.814403116311674
293.3958333333333 24.693139115542504 23.8101764134636
293.8958333333333 24.6872168052958 23.805978545862505
294.3958333333333 24.68130350415504 23.801782827344418
294.8958333333333 24.6753868230742 23.79759297617092
295.3958333333333 24.669511767185842 23.7934012576893
295.8958333333333 24.663649543437558 23.78921251237514
296.3958333333333 24.65778556036495 23.785067664142915
296.8958333333333 24.65196108975842 23.780902929311797
297.3958333333333 24.646125735448127 23.77674649284117
297.8958333333333 24.64032194910702 23.772589463183756
298.3958333333333 24.63452465013156 23.768456230212486
298.8958333333333 24.62875887111862 23.76431355342956
299.3958333333333 24.622988536069816 23.760199875399756
299.8958333333333 24.6172434229059 23.756084259483213
300.3958333333333 24.611503004674017 23.75196514572364
300.8958333333333 24.60579652126132 23.747869845494307
301.3958333333333 24.60009131833051 23.743767033823488
301.8958333333333 24.594398820975428 23.739683569852406
302.3958333333333 24.5887365785198 23.735605500486688
302.8958333333333 24.58307463572819 23.731519351221742
303.3958333333333 24.577436833671097 23.72746219332655
303.8958333333333 24.571789421804763 23.723386238534943
304.3958333333333 24.566178725428742 23.719337774972505
304.8958333333333 24.56055809800104 23.71527951269475
305.3958333333333 24.55499938737963 23.711243129201776
305.8958333333333 24.54941795168669 23.707216901557825
306.3958333333333 24.543861435175085 23.70317194031829
306.8958333333333 24.53830169821462 23.69915374262353
307.3958333333333 24.532772852719322 23.69512957381119
307.8958333333333 24.527251527401695 23.691119993576322
308.3958333333333 24.521752187874245 23.68712487510695
308.8958333333333 24.516230047582276 23.683125361025343
309.3958333333333 24.510768080490195 23.679128281511794
309.8958333333333 24.50531048588756 23.675147248044457
310.3958333333333 24.499845031889038 23.671166737804086
310.8958333333333 24.494396721667854 23.667197515714072
311.3958333333333 24.488961726092526 23.66321372910534
311.8958333333333 24.483539538846482 23.659255823962496
312.3958333333333 24.478140167226528 23.65531612608519
312.8958333333333 24.47276021974103 23.651353316201927
313.3958333333333 24.467379469049316 23.647423656808844
313.8958333333333 24.461993173837943 23.64347384856808
314.3958333333333 24.456642609375727 23.63953845379313
314.8958333333333 24.451317389494434 23.635618106379198
315.3958333333333 24.4459641265069 23.6316944980857
315.8958333333333 24.440639813562342 23.62778024664191
316.3958333333333 24.435334021438546 23.623876642941394
316.8958333333333 24.430031556484764 23.619976913699507
317.3958333333333 24.424751376630965 23.61607619681105
317.8958333333333 24.41947243701015 23.612190088176984
318.3958333333333 24.41422802495346 23.608309898409736
318.8958333333333 24.408985171063357 23.604439932860494
319.3958333333333 24.403758054052776 23.600567080917298
319.8958333333333 24.39854423820934 23.596709230161615
320.3958333333333 24.39333081115357 23.592853039492923
320.8958333333333 24.388135821711934 23.589002954094468
321.3958333333333 24.38294518557205 23.585161937651243
321.8958333333333 24.37779637341414 23.581330241232173
