FastTrWP/PhaseSpace/IAs/snIa_0.37_30.00_-1.02_0.01.csv
# %ECSV 0.9
# ---
# datatype:
# - {name: time-rel, datatype: float64}
# - {name: g, datatype: float64}
# - {name: i, datatype: float64}
# schema: astropy-2.0
time-rel g i
[from data line 701]
-46.5 23.039002973878617 22.65443312809476
-46.0 23.038567558839343 22.65351392539236
-45.5 23.03812305288977 22.65259831275852
-45.0 23.037697172798737 22.651689313908577
-44.5 23.037276097864417 22.65077520653361
-44.0 23.036847234776804 22.64986881280709
-43.5 23.036445724400284 22.648968391542756
-43.0 23.036035723473923 22.648069280260987
-42.5 23.035629701501335 22.647169616164703
-42.0 23.035240940428 22.64626643051503
-41.5 23.03484300262411 22.645370748527217
-41.0 23.034453867763393 22.644488101946486
-40.5 23.034075536378854 22.64359400439797
-40.0 23.03370000148316 22.642712708581474
-39.5 23.03332975910349 22.641819479112648
-39.0 23.032949867883946 22.640941355777116
-38.5 23.03259393687349 22.640055570819065
-38.0 23.03222998334469 22.63917358757618
-37.5 23.031876465156284 22.638302915715688
-37.0 23.031536622897594 22.63742764334956
-36.5 23.031188540040585 22.636547118967524
-36.0 23.030838882109673 22.63567611931184
-35.5 23.0304972101966 22.63481068890471
-35.0 23.03016910351666 22.63393851050259
-34.5 23.029829283588402 22.633068008896817
-34.0 23.029509281355807 22.632208551675053
-33.5 23.0291914666776 22.63133659097101
-33.0 23.02886853841155 22.630472678100745
-32.5 23.028545760245457 22.629612863202865
-32.0 23.028235896532227 22.628745322306933
-31.5 23.027939669752758 22.627881710364303
-31.0 23.02762366436839 22.62702983347034
-30.5 23.027317537518506 22.62615599730269
-30.0 23.02701255240518 22.625296689673107
-29.5 23.026715139699405 22.624440733983803
-29.0 23.026428804913586 22.6235887401483
-28.5 23.026142621887793 22.622734281289716
-28.0 23.025864957593292 22.621875978878236
-27.5 23.02558211632767 22.621032964507613
-27.0 23.025311273689898 22.620182883637987
-26.5 23.02504643419023 22.61933974551865
-26.0 23.024774875205033 22.618488991041662
-25.5 23.024507124097376 22.617654835315978
-25.0 23.024258013843944 22.616813806388922
-24.5 23.024011804332932 22.615977200794845
-24.0 23.02376491579995 22.61513770110779
-23.5 23.023522524542518 22.614305826425806
-23.0 23.023292287910856 22.613471639343167
-22.5 23.02306308550493 22.612639644904526
-22.0 23.022837808847456 22.61181255630557
-21.5 23.02260888302332 22.61099332201392
-21.0 23.02239360138701 22.610166228564662
-20.5 23.022187787997616 22.609338966747377
-20.0 23.021970248477896 22.608528036384527
-19.5 23.021777230450343 22.607707982317407
-19.0 23.021574298958335 22.60690304001408
-18.5 23.02138302900691 22.606084484918767
-18.0 23.02118893884659 22.6052710247629
-17.5 23.021008865426612 22.604467145499388
-17.0 23.020829623154615 22.603654137139742
-16.5 23.02065806145506 22.60285890704698
-16.0 23.02049143235547 22.602048222967014
-15.5 23.02032439411104 22.601255404486125
-15.0 23.020164484009072 22.600461526948095
-14.5 23.02001027589403 22.599661044742923
-14.0 23.019864141823206 22.598867516734273
-13.5 23.019721104720144 22.59806886716939
-13.0 23.019579264332734 22.59729203804818
-12.5 23.01944946160048 22.59650063135846
-12.0 23.019315277930712 22.59571534921703
-11.5 23.019202341582947 22.594936611584814
-11.0 23.01907888077138 22.594148094714562
-10.5 23.018962199220766 22.59337680756426
-10.0 23.01885984276408 22.592601133471387
-9.5 23.0187523821509 22.591831391602135
-9.0 23.018652542056316 22.59105364243043
-8.5 23.01856397437068 22.590286757180294
-8.0 23.018475608240784 22.58952665943505
-7.5 23.018387966525047 22.58876008045082
-7.0 23.01831960940932 22.588000362701443
-6.5 23.018250388739446 22.5872362476575
-6.0 23.018185393343433 22.586481043907366
-5.5 23.018122774848386 22.585727662889845
-5.0 23.01806827722608 22.584974456950384
-4.5 23.018013305046626 22.584223946935257
-4.0 23.01797774119953 22.583476483142675
-3.5 23.017936378395397 22.58272306316146
-3.0 23.0179065649398 22.581992235889402
-2.5 23.01787894908818 22.581248273410335
-2.0 23.017857164057197 22.58051093572112
-1.5 23.017835203797766 22.579777754355153
-1.0 23.017824607852813 22.579042320382317
-0.5 23.017817682594117 22.57831278276337
0.0 23.017815073073326 22.57757613665138
0.5 23.017826063708394 22.576852679996332
1.0 23.017832948848095 22.576129214507464
1.5 23.017847340700786 22.575408325345464
2.0 23.017867840948515 22.574695080694948
2.5 23.017895856873704 22.57397481645352
3.0 23.01792654258744 22.57325948020107
3.5 23.017963449664876 22.572540078015383
4.0 23.018010546897607 22.57183693537909
4.5 23.01805912249459 22.571124179156946
5.0 23.01810609700642 22.57041871474795
5.5 23.018170154512795 22.569716177613095
6.0 23.018236115737434 22.569011779776893
6.5 23.018309263625216 22.568319006970793
7.0 23.018374776532056 22.567618089486228
7.5 23.018456504259106 22.566917622959195
8.0 23.018532978361357 22.566218948363353
8.5 23.018623324425175 22.56552757674791
9.0 23.018723371148294 22.564840349723404
9.5 23.018812988433027 22.564151377669077
10.0 23.018911625513724 22.56346556941284
10.5 23.01902851709491 22.56278455117058
11.0 23.01913673076001 22.562097980225385
11.5 23.01925737545353 22.561414593862782
12.0 23.01937495125051 22.560735171015533
12.5 23.019510205197697 22.5600629924836
13.0 23.019652531260366 22.55938504859656
13.5 23.019783132664614 22.558715503755717
14.0 23.019930688035764 22.558048793899992
14.5 23.020088086936926 22.55738092499591
15.0 23.02023736542813 22.556711823704436
15.5 23.02039794132137 22.556051356414702
16.0 23.0205654731281 22.55538518896166
16.5 23.020732376388985 22.554728124267527
17.0 23.020912819716113 22.554075511940724
17.5 23.021091900160847 22.55341593117509
18.0 23.021273557156935 22.552762402055926
18.5 23.021470828492046 22.552111430088058
19.0 23.021667973041197 22.551467299074975
19.5 23.021877247613492 22.550818318132887
20.0 23.022085326547447 22.550172012473745
20.5 23.022303238990375 22.549530451748502
21.0 23.02252109769567 22.548897411582615
21.5 23.022743283198324 22.548253941561043
22.0 23.022974910198805 22.547621329550005
22.5 23.023213137621823 22.546978179591974
23.0 23.023452774740303 22.54635680250641
23.5 23.023705346894673 22.545723447340045
24.0 23.02395611845491 22.5450989317466
24.5 23.024209104964907 22.54447462585853
25.0 23.02449241677597 22.54385152019647
25.5 23.02474485620168 22.543231452807095
26.0 23.02503350767325 22.542623186913687
26.5 23.02530149624287 22.54200239474217
27.0 23.025599129301582 22.541392150791694
27.5 23.025890603945584 22.540787078649203
28.0 23.02619253024019 22.540174511300002
28.5 23.026492659992513 22.53956668789765
29.0 23.02680456922113 22.538964200396606
29.5 23.027120881717046 22.538371402336885
30.0 23.02743992269589 22.53775820965742
30.5 23.027758383717313 22.537170477176915
31.0 23.028091095921756 22.536569564822994
31.5 23.02844172080491 22.535978664477426
32.0 23.028786249155008 22.535385857694227
32.5 23.02913406396021 22.53480050458862
33.0 23.029481074338328 22.534220205975394
33.5 23.029844010329754 22.53363670250447
34.0 23.030215602768358 22.5330532715057
34.5 23.03059509850661 22.532477553916515
35.0 23.0309706192267 22.531907881986257
35.5 23.031351580241093 22.53133373613876
36.0 23.031751210301707 22.53075812841647
36.5 23.032148348475744 22.53019401403463
37.0 23.032559519787025 22.52961858828316
37.5 23.032967598724635 22.52905004771328
38.0 23.03339215002375 22.528490393982374
38.5 23.033814035501 22.527920184120877
39.0 23.034254990672423 22.527358965706924
39.5 23.034697126790636 22.526799275816106
40.0 23.035160718431893 22.526240790436827
40.5 23.035610352641026 22.525683661362336
41.0 23.036071899839968 22.525122232871485
41.5 23.036548306588493 22.524565662840107
42.0 23.0370228348788 22.524018688201114
42.5 23.037495718707106 22.523453828212507
43.0 23.037996613347445 22.52290796763358
43.5 23.038497305796536 22.522354224768286
44.0 23.038999611146238 22.52180985363035
44.5 23.039511658618647 22.521263214031823
45.0 23.040023242433442 22.520720262158914
45.5 23.040548715872447 22.52018020998562
46.0 23.041076673733198 22.51964174873865
46.5 23.041613214495268 22.519104396408174
47.0 23.042149492730985 22.51856962934799
47.5 23.04270602625099 22.51803150814783
48.0 23.043255010575166 22.517501984275334
48.5 23.043813683426272 22.51697734618992
49.0 23.044370907250737 22.516444227154416
49.5 23.04494844925435 22.51592480459932
50.0 23.045512910356184 22.515401117072162
50.5 23.046092384437497 22.51488138980008
51.0 23.046677677023823 22.514362112030465
51.5 23.04727071254699 22.513852358200772
52.0 23.04786146517611 22.513342482473192
52.5 23.048457309864023 22.51283078309532
53.0 23.049070390396974 22.512323982425443
53.5 23.049678298476305 22.51182267211941
54.0 23.05028599001218 22.511322425601684
54.5 23.05091422041146 22.510824468744275
55.0 23.051529437506566 22.51032897531711
55.5 23.052156452661357 22.50983517127679
56.0 23.05280056007544 22.509345319495292
56.5 23.053441581816028 22.508859845094115
57.0 23.054079432139005 22.50837851674561
57.5 23.05472107304363 22.507898842475036
58.0 23.05536566202679 22.50742277831244
58.5 23.056034251851024 22.50695088543145
59.0 23.056674387035713 22.506482305372554
59.5 23.057345565455194 22.506013839174585
60.0 23.058009082403444 22.505549118313276
60.5 23.05867824946428 22.50508260886777
61.0 23.05934475276429 22.50462997869097
61.5 23.06002809267675 22.504178617598196
62.0 23.06070051946678 22.50373041610116
62.5 23.06138387105735 22.503286971313887
63.0 23.062076390665883 22.502838300460812
63.5 23.06276273877954 22.502396647425886
64.0 23.063466614949228 22.501971976597147
64.5 23.064142612498433 22.501535852655188
65.0 23.064845370244733 22.5011097978891
65.5 23.06555113810903 22.500690719230505
66.0 23.066255233137145 22.500270307444477
66.5 23.06696681965867 22.49984831427948
67.0 23.06767289860514 22.49943987520532
67.5 23.06838096108734 22.499030258385595
68.0 23.069096560886916 22.49862569225774
68.5 23.06981886005972 22.49823221346238
69.0 23.070531781070883 22.497833422761374
69.5 23.071258572305446 22.497439768595324
70.0 23.0719931469249 22.497046858583246
70.5 23.072736572900215 22.49666189354874
71.0 23.073477169667708 22.496276306400283
71.5 23.074218856977964 22.49589753763065
72.0 23.074971910293442 22.495510038190268
72.5 23.07573076965694 22.495139330317386
73.0 23.076499337439348 22.494760417663997
73.5 23.077275357476914 22.49438109225786
74.0 23.078039912170677 22.49401483283986
74.5 23.07882691411718 22.493649017458264
75.0 23.079602354411755 22.493285778294187
75.5 23.08039450050185 22.49292262232163
76.0 23.081190938829184 22.492559159702697
76.5 23.08199597016469 22.49220983012963
77.0 23.082798836786004 22.49184702290821
77.5 23.083611009474723 22.49150086028297
78.0 23.084425415676208 22.491155408105104
78.5 23.08524125887662 22.490810085281787
79.0 23.086076477149394 22.490469634907857
79.5 23.086900365894444 22.490133087998224
80.0 23.08773210953451 22.489792476486304
80.5 23.088567297632515 22.489461090106737
81.0 23.08941810330646 22.489131436517965
81.5 23.090250539746208 22.488800155352383
82.0 23.091108538378894 22.488480208098874
82.5 23.091965377350757 22.48815774150821
83.0 23.092818078569035 22.48785085839474
83.5 23.09368473998106 22.487528502283062
84.0 23.094555168516415 22.487225106181707
84.5 23.0954210759546 22.486915966551983
85.0 23.09629353837256 22.4866113810716
85.5 23.097174682787443 22.486303972697726
86.0 23.098055196619377 22.48601062652485
86.5 23.09894073058175 22.48571517745876
87.0 23.099835691614995 22.48542808983835
87.5 23.100726682972542 22.485136112653308
88.0 23.10161298335872 22.484854026488623
88.5 23.102512781389883 22.484580569222068
89.0 23.1034269557119 22.48430470450405
89.5 23.104325067070395 22.484026409505073
90.0 23.105238664911205 22.483758699546364
90.5 23.10614810792775 22.483492495156113
91.0 23.107064458286935 22.483228930745412
91.5 23.10797772399934 22.482969210822446
92.0 23.108896465029822 22.48271727873727
92.5 23.109819243716004 22.48246146659241
93.0 23.11074548138679 22.48221479932248
93.5 23.111680502236922 22.481973520667875
94.0 23.112609706802765 22.48173130934459
94.5 23.113545605914098 22.481490105968142
95.0 23.114473175168662 22.48125685726576
95.5 23.115417517469496 22.48103267670727
96.0 23.116350427022777 22.480814011588496
96.5 23.117297068764294 22.480589857950186
97.0 23.11824530897761 22.4803698539033
97.5 23.11918869459818 22.480162521152295
98.0 23.12014790520221 22.47995656746095
98.5 23.121087386529837 22.479746331979293
99.0 23.12204673216921 22.479547507352883
99.5 23.122997283699544 22.47935695050522
100.0 23.123959968658955 22.47916298182971
100.5 23.124914910551023 22.47897397766755
101.0 23.125871013075773 22.478783748301126
101.5 23.12683344995037 22.4786079847373
102.0 23.12779573560732 22.478432623722334
102.5 23.12877465098576 22.478263393659077
103.0 23.129732169577338 22.478095076779447
103.5 23.13071365028449 22.47792946808715
104.0 23.13169185397573 22.477764088606516
104.5 23.13266262859411 22.477611149686837
105.0 23.133653804484382 22.477463657299626
105.5 23.134642414471486 22.477310490179953
106.0 23.135629337088663 22.47716545117364
106.5 23.136618254422473 22.47701854545552
107.0 23.13761582275097 22.476879547743444
107.5 23.138626854069443 22.47674812840094
108.0 23.139625210518933 22.476613792618124
108.5 23.140635648518252 22.476482762775895
109.0 23.141645685931792 22.476364367313902
109.5 23.14266617072152 22.476240776601873
110.0 23.143684376460378 22.476121328644787
110.5 23.1447036377378 22.476010974956857
111.0 23.14573169577794 22.4758965225352
111.5 23.146757701233234 22.475793924335186
112.0 23.14778331593686 22.47569151318972
112.5 23.148826808821646 22.475590328286692
113.0 23.14986064876242 22.47550021165301
113.5 23.150902712186443 22.475408481713252
114.0 23.15194720029263 22.475325708986325
114.5 23.152998017852795 22.475232980147716
115.0 23.154043544107008 22.47515332104046
115.5 23.15510094808856 22.47507018254752
116.0 23.156157083226923 22.475003750249527
116.5 23.15721797991607 22.474928396475985
116.99999999999989 23.158279494246756 22.474860102425758
117.5 23.159349230059473 22.47480549431235
118.0 23.160414792065897 22.47473721172582
118.49999999999989 23.16149391749624 22.47468026622456
119.0 23.162576577935162 22.474621634359462
119.5 23.16364419389448 22.474569071384973
119.99999999999989 23.164736882878643 22.474529020765203
120.5 23.165816469534896 22.474481553798302
121.0 23.166908325814507 22.47444730031763
121.49999999999989 23.168011571955766 22.474401532540313
122.0 23.169101056768643 22.47436960441764
122.5 23.170198601026506 22.474342416825984
122.99999999999989 23.17130099085948 22.47432085617679
123.5 23.17240705793114 22.474301608628164
124.0 23.173521755207428 22.474272768242063
124.49999999999989 23.17462406636084 22.474256548246547
125.0 23.175744812196545 22.47424257910673
125.5 23.17686183588005 22.474232332016904
125.99999999999989 23.17798496093646 22.47423122892515
126.5 23.179113018080212 22.474222536498836
127.0 23.180247316585593 22.474221235323235
127.49999999999989 23.18137042022719 22.474224195620618
128.0 23.18250482189702 22.47423642653284
128.5 23.183637300092453 22.474244998001843
128.9999999999999 23.18477872849996 22.474258537118672
129.5 23.18592430190772 22.474279342976082
130.0 23.187065291454058 22.47429412518874
130.4999999999999 23.1882248030027 22.474315150820374
131.0 23.189372496632025 22.474345023511436
131.5 23.19052454463479 22.47437532880835
131.9999999999999 23.19169197612895 22.47440454380007
132.5 23.19285533144631 22.47443572637558
133.0 23.194018285516197 22.47447813538889
133.4999999999999 23.19518777009403 22.47452363387616
134.0 23.196359067714187 22.474566668910697
134.5 23.197531321229576 22.474616652236442
134.9999999999999 23.198698454535837 22.47467059091936
135.5 23.199882093862815 22.474731273102716
136.0 23.201079515892403 22.474788608982212
136.4999999999999 23.20227076016071 22.47484636091475
137.0 23.203459079895758 22.47491301866377
137.5 23.204654742778963 22.474983914689712
137.9999999999999 23.20583898699674 22.475056817779205
138.5 23.207065062336696 22.475136301865277
