FastTrWP/PhaseSpace/IAs/snIa_0.32_30.00_1.56_-0.01.csv
# %ECSV 0.9
# ---
# datatype:
# - {name: time-rel, datatype: float64}
# - {name: g, datatype: float64}
# - {name: i, datatype: float64}
# schema: astropy-2.0
time-rel g i
[from data line 1074]
85.0 22.761330055312484 22.545260551999284
85.5 22.761853775466324 22.54505435008108
86.0 22.762366936468872 22.54485475870116
86.5 22.762893574407478 22.54465573419653
87.0 22.76342778002575 22.5444668116649
87.5 22.763951572079026 22.544262816328327
88.0 22.764483206430835 22.54408001094694
88.5 22.765008084586814 22.543889024669035
89.0 22.76554091890059 22.54370700546535
89.5 22.766082909087466 22.543525212252465
90.0 22.76661780859792 22.543335388139848
90.5 22.767157100370028 22.543152625849828
91.0 22.76769110914037 22.542982073232757
91.5 22.768235993846687 22.54280442384878
92.0 22.76877923135245 22.542628526766272
92.5 22.76932145655994 22.542458190566045
93.0 22.7698693668853 22.542291674151645
93.5 22.7704178455957 22.54212655388196
94.0 22.770978121031966 22.541953613109833
94.5 22.77153390809813 22.541794205150296
95.0 22.77209597228149 22.541637434165054
95.5 22.77266295015211 22.54147399158025
96.0 22.773229338619526 22.541319511085018
96.5 22.773795382223273 22.541160800283258
97.0 22.774367937290954 22.54101309806018
97.5 22.77493855636375 22.54085957455429
98.0 22.77551766044485 22.540705124401057
98.5 22.77611401379735 22.540558263236186
99.0 22.776692881473473 22.540419344673268
99.5 22.777272141522023 22.5402817584486
100.0 22.77785363162351 22.540133144095705
100.5 22.778458509001993 22.539995072430653
101.0 22.77904945461739 22.539858616664965
101.5 22.779643599785643 22.53972737774812
102.0 22.780247681942463 22.539593875120687
102.5 22.780852574422056 22.539455212507743
103.0 22.781459910775762 22.539329580113936
103.5 22.78206855882066 22.53920670980452
104.0 22.78267219246137 22.539073149673822
104.5 22.783292794946824 22.538951376037915
105.0 22.783909830323772 22.538836134830884
105.5 22.784526497968823 22.538723039754366
106.0 22.785141359618912 22.538601695091973
106.5 22.78576542595825 22.538480817443048
107.0 22.78639062276018 22.538370853814733
107.5 22.787021746475148 22.53827095678642
108.0 22.787648265087736 22.538154100917765
108.5 22.788276396310433 22.538050006214853
109.0 22.78891620286526 22.537950272745505
109.5 22.789548604102734 22.53784883995769
110.0 22.790180076694114 22.537744813175614
110.5 22.790820475429598 22.537639759288123
111.0 22.791462050423412 22.53754485994227
111.5 22.792109408899947 22.537455333299782
112.0 22.792754527404227 22.537363428823216
112.5 22.793393128729562 22.537276632151865
113.0 22.794042260413256 22.53718439960632
113.5 22.794693336727285 22.537100242995596
114.0 22.79535126516867 22.537017355380648
114.5 22.796001188344714 22.53693002914609
115.0 22.79665559162275 22.536856656867013
115.5 22.797313947052047 22.536770359334056
116.0 22.797981730912294 22.53670200107006
116.5 22.79862831217598 22.53663018386395
117.0 22.799292461998732 22.536557078585567
117.5 22.79995158259698 22.536483792926873
118.0 22.800622138510196 22.536430591419858
118.5 22.801289923286447 22.536357730139073
119.0 22.80195604341628 22.53629188783446
119.5 22.80261698323038 22.536231551846825
120.0 22.803284595632782 22.53616840059605
120.5 22.8039646420076 22.53611113181044
121.0 22.80462630427708 22.536062935075478
121.5 22.805307428861976 22.536006771920274
122.0 22.80597161186988 22.535955085853733
122.5 22.806647204816137 22.535906734259186
123.0 22.80732121857882 22.535859125850557
123.5 22.807997651794327 22.535815257986833
124.0 22.808676430302178 22.535771333515658
124.5 22.80935322332226 22.535733066212025
125.0 22.810032298381415 22.535695558417423
125.5 22.810717972202962 22.535664059839043
126.0 22.81140270853045 22.535624082598936
126.5 22.81208862092257 22.535592537014253
127.0 22.81278720139688 22.53556281345396
127.5 22.813472897963372 22.53553853915648
128.0 22.814166589006515 22.535514992498257
128.5 22.814859624191875 22.535486131531567
129.0 22.815558062852368 22.53546956328166
129.5 22.816255111398192 22.535445406570062
130.0 22.816961185055312 22.535429138577797
130.5 22.817665093764813 22.53541472671671
131.0 22.818364966283937 22.535402724994906
131.5 22.819077402456386 22.53539574647158
132.0 22.81977894175707 22.535392119785257
132.5 22.820495148547785 22.53537660237305
133.0 22.821205428550915 22.53537288489186
133.5 22.821915925837292 22.535365228090342
134.0 22.822629393512027 22.535366929620665
134.5 22.823345459481015 22.535366557529212
135.0 22.82407045159029 22.53537512448101
135.5 22.82479041210052 22.535374080602722
136.0 22.825516698740675 22.53538882846167
136.5 22.826235941631733 22.535392352860274
137.0 22.826964086886488 22.53541218733286
137.5 22.827692707602765 22.53542189492495
138.0 22.828418895094384 22.535438169937553
138.5 22.82915204764048 22.5354556331606
139.0 22.82988460837528 22.535478256456013
139.5 22.830620316455168 22.535495220558435
140.0 22.83136041380484 22.535523994227766
140.4999999999999 22.832094728585393 22.535544203244967
141.0 22.832845789285862 22.53557513152662
141.5 22.833587820289367 22.53559943746865
141.9999999999999 22.8343222808998 22.535632994292072
142.5 22.8350772866348 22.53566924158838
143.0 22.835814657149122 22.53570353238052
143.4999999999999 22.83656132006954 22.53574232405579
144.0 22.837319868950633 22.53579024925076
144.5 22.838066845387004 22.535821485659937
144.9999999999999 22.838825878586505 22.5358709779239
145.5 22.839581477231093 22.535915364155542
146.0 22.840350568285736 22.535960565408423
146.4999999999999 22.841104855106774 22.536004042751205
147.0 22.841861792629206 22.536059043889892
147.5 22.84262379193049 22.536110541255567
147.9999999999999 22.843384813874486 22.536170297261116
148.5 22.8441579451456 22.536229089892913
149.0 22.844918728503938 22.536278824283276
149.4999999999999 22.8456892537109 22.53633791452105
150.0 22.846463307916352 22.53640651179306
150.5 22.84723329609077 22.536466060243924
150.9999999999999 22.848016003649022 22.53653458682861
151.5 22.84879170624587 22.536609226346908
152.0 22.84956639054386 22.53667334153011
152.4999999999999 22.850344829341118 22.536740710993573
153.0 22.851124714334237 22.536819811430256
153.5 22.851905820303745 22.536883630605942
153.9999999999999 22.852698702388423 22.536969566262634
154.5 22.85347687391672 22.537049208339766
155.0 22.85426433153324 22.537129814331966
155.4999999999999 22.8550580552104 22.537206594175245
156.0 22.855845847644183 22.537299406460075
156.5 22.85664647458999 22.537384208460626
156.9999999999999 22.857438672954803 22.537476568778402
157.5 22.858227539570116 22.5375661312863
158.0 22.859032845080453 22.537659700055073
158.4999999999999 22.859824220743086 22.53774843617778
159.0 22.860627556748998 22.537836857761718
159.5 22.86143372696162 22.53794997624212
159.9999999999999 22.862252054239995 22.538051628903357
160.5 22.86305674746955 22.538147782792436
161.0 22.863856600277476 22.538258317585175
161.4999999999999 22.864670854845315 22.53836725398292
162.0 22.865487042182643 22.538474532321974
162.5 22.866298792221183 22.538586437299685
162.9999999999999 22.867119763352175 22.538693434019553
163.5 22.867944251890528 22.538809226392665
164.0 22.86877430753112 22.53892772587023
164.4999999999999 22.869590327205618 22.53904717758528
165.0 22.870418761185544 22.539164310893533
165.5 22.871240987914923 22.539287710805983
165.9999999999999 22.87206648242244 22.539422355735187
166.5 22.872899134842907 22.539540037707905
167.0 22.87373770220718 22.539668099437982
167.4999999999999 22.8745811191829 22.539804517026344
168.0 22.87541199481591 22.539942937853404
168.5 22.876241768464276 22.5400671890401
168.9999999999999 22.877085486857407 22.54020710297707
169.5 22.8779275674234 22.540346137814776
170.0 22.878768695503652 22.540483560770106
170.4999999999999 22.879618229143777 22.540625120727654
171.0 22.880466460075727 22.540769195296804
171.5 22.88131702118809 22.540923809676205
171.9999999999999 22.88216694070578 22.541069087574144
172.5 22.883020760768723 22.54120903210803
173.0 22.883866450969283 22.541363033788183
173.4999999999999 22.88472877280904 22.541524978264786
174.0 22.88558561522008 22.541675384221378
174.5 22.88644726983998 22.54183407205389
174.9999999999999 22.887306191416755 22.541990617567897
175.5 22.88817355670738 22.542152301715976
176.0 22.889031185532247 22.542312048345998
176.4999999999999 22.88990363707182 22.542481603792037
177.0 22.890763746047554 22.542646554633713
177.5 22.891638997493324 22.54282186490402
177.9999999999999 22.89251339813775 22.542979589712495
178.5 22.893385602058224 22.54316057412816
179.0 22.89425565617512 22.543331813255453
179.4999999999999 22.895131299246813 22.543511932319376
180.0 22.89600484786996 22.543686963789483
180.5 22.89689573037102 22.54386208313937
180.9999999999999 22.89777116210434 22.544041285461788
181.5 22.89865436045674 22.544218805859785
182.0 22.899528266920356 22.54441234792102
182.4999999999999 22.9004207657364 22.544592433649303
183.0 22.901304932806042 22.544781642788898
183.5 22.902187002578525 22.544976809970912
183.9999999999999 22.903081304019643 22.545163557264267
184.5 22.90397128601828 22.545358512797762
185.0 22.904866552149365 22.54555303478593
185.4999999999999 22.90575704033501 22.545747366346784
186.0 22.906657509738846 22.545937788669793
186.5 22.907559690458893 22.54614700712085
186.9999999999999 22.908455465802064 22.546349370780305
187.5 22.90935986090699 22.546556176602877
188.0 22.910254618030642 22.54675204094985
188.4999999999999 22.91116116042015 22.546959900014727
189.0 22.91206166062014 22.547168346726416
189.5 22.9129730889017 22.547369395791932
189.9999999999999 22.913891703016873 22.547590306609226
190.5 22.914812309783954 22.547796815246937
191.0 22.915717451709845 22.54802152353621
191.4999999999999 22.916639542451243 22.548232636629088
192.0 22.917562480053647 22.548457780796976
192.5 22.91848165660032 22.548673773842467
192.9999999999999 22.91940682272554 22.54890034282347
193.5 22.92033803378409 22.549119998718034
194.0 22.921267110725662 22.54934114468505
194.4999999999999 22.92220701104585 22.549580138668766
195.0 22.92313764251494 22.54980022588494
195.5 22.92407332149434 22.550034303893888
195.9999999999999 22.9250208879977 22.550262187642936
196.5 22.92595363007298 22.55050345678344
197.0 22.92690313442759 22.550740808091334
197.4999999999999 22.927840599292416 22.550978383176684
198.0 22.92879071291057 22.55122159852606
198.5 22.929732610867205 22.551465171835684
198.9999999999999 22.930692379815156 22.55170349396805
199.5 22.931644874864908 22.55194767034403
200.0 22.932597020337496 22.5521946746098
200.4999999999999 22.933538542676295 22.552448330138844
201.0 22.934506756439774 22.55270372305855
201.5 22.93545606120245 22.55295918783859
201.9999999999999 22.936418329354716 22.553206205444695
202.5 22.93738760813891 22.553470507073634
203.0 22.938336375788605 22.553734004238333
203.4999999999999 22.93930844922816 22.55399763337322
204.0 22.940269938748564 22.55424692520834
204.5 22.941234362422016 22.55452143385366
204.9999999999999 22.94220454563646 22.55478854646203
205.5 22.943170952496615 22.555057561030193
206.0 22.944143882303095 22.555320008969908
206.4999999999999 22.945104735235418 22.55560461913394
207.0 22.9460766178591 22.55587352307068
207.5 22.947055816912606 22.55615355906769
207.9999999999999 22.948019948454935 22.55643030769135
208.5 22.948997864322294 22.556714822414715
209.0 22.94997167665496 22.55700014886728
209.4999999999999 22.950952292149836 22.557278962804755
210.0 22.951932642646234 22.55756739697205
210.5 22.952899545897807 22.557861687115512
210.9999999999999 22.953893112998593 22.558150497217582
211.5 22.9548659518506 22.558439235699712
212.0 22.955842992363507 22.558732067757916
212.4999999999999 22.956816974154837 22.559028193711157
213.0 22.95780175360669 22.55932270125617
213.5 22.958784081619758 22.55962544290989
213.9999999999999 22.959753870157495 22.55993134821678
214.5 22.960737436106605 22.560240723881286
215.0 22.96172830896001 22.560544775616933
215.4999999999999 22.96270253206255 22.56086115919265
216.0 22.963677093743897 22.561162296327485
216.5 22.964667520608387 22.561479566920543
216.9999999999999 22.965649279137818 22.56179751794432
217.5 22.966635204144353 22.562108158370116
218.0 22.967606717039438 22.56243297887243
218.4999999999999 22.9685927488923 22.562752672629486
219.0 22.969579443922143 22.56307288873679
219.5 22.970561682093226 22.563407821740817
219.9999999999999 22.971544422903975 22.563724888448103
220.5 22.97252516243033 22.56405818426895
221.0 22.973520346857242 22.56438542108882
221.4999999999999 22.974504645715818 22.564724008614306
222.0 22.975499082903927 22.565063636115216
222.5 22.976482935099064 22.56540146178134
222.9999999999999 22.97747634667993 22.565739955946835
223.5 22.978462613428935 22.566081901865324
224.0 22.979463137789185 22.566427077375874
224.4999999999999 22.98045937584262 22.566773819489146
225.0 22.98144830014589 22.567127471962767
225.5 22.982446833884694 22.567470967441714
225.9999999999999 22.98344484139598 22.567829229987638
226.5 22.984439961497294 22.56818065099989
227.0 22.98545107894174 22.56853913429255
227.4999999999999 22.98644415503513 22.568901805405122
228.0 22.987443603035036 22.56925964588183
228.5 22.98845149738552 22.569623056817782
228.9999999999999 22.98944559876145 22.569992203665564
229.5 22.990459768293697 22.570359617983378
230.0 22.99145849601882 22.570728974052955
230.4999999999999 22.99246662920405 22.571088216517218
231.0 22.99348097002102 22.57147695820775
231.5 22.994478826065283 22.571843366926867
231.9999999999999 22.995483424539394 22.57222541295627
232.5 22.996499615629173 22.57260393225885
233.0 22.99750018283894 22.57298439200229
233.4999999999999 22.998524518837364 22.57337259902927
234.0 22.999534171096588 22.57375328292307
234.5 23.000546594024108 22.574147809389796
234.9999999999999 23.00155685671926 22.57452344324561
235.5 23.002572143270754 22.574925010562726
236.0 23.003575908300835 22.57531717293847
236.4999999999999 23.004605780564074 22.57571840707168
237.0 23.00561988381095 22.576109451046634
237.5 23.006635549962816 22.57650645890122
237.9999999999999 23.00765374109438 22.576915958816578
238.5 23.008676455836586 22.577315236290275
239.0 23.009697137716056 22.577726561911042
239.4999999999999 23.010710052136588 22.578125714425163
240.0 23.011737345487614 22.578536430680494
240.5 23.012753411084272 22.57894619710987
240.9999999999999 23.013785376310597 22.579362873855903
241.5 23.014801622445127 22.579781256814748
242.0 23.015827641830224 22.580193771692294
242.4999999999999 23.016852324218135 22.580618513573615
243.0 23.017876274763893 22.581038649095525
243.5 23.018905191561387 22.581457496872524
243.9999999999999 23.01992842128771 22.58188849494023
244.5 23.020950692774797 22.58230907797518
245.0 23.021976568687542 22.582744323132108
245.4999999999999 23.023009203811526 22.58317221727925
246.0 23.024039401679488 22.58360668858726
246.5 23.025064217719134 22.584037090303223
246.9999999999999 23.026095480126752 22.584472048243125
247.5 23.02712551637978 22.584913043011753
248.0 23.02816322956251 22.585351976005853
248.4999999999999 23.029189157675773 22.585790267700187
249.0 23.03021891232602 22.586240231011185
249.5 23.031246748000097 22.586681973918644
249.9999999999999 23.032275866980136 22.58712814078254
250.5 23.03331834060653 22.587579419813405
251.0 23.03435952734422 22.58803232062588
251.4999999999999 23.035388482493072 22.588484803737792
252.0 23.036419279681247 22.588943801105973
252.5 23.03745591259284 22.589398407736937
252.9999999999999 23.038482191204018 22.58985390575448
253.5 23.039529358351636 22.590320441143522
254.0 23.040556248017182 22.59078943420861
254.4999999999999 23.041601109634918 22.591253383056973
255.0 23.042644881277564 22.591723209563646
255.5 23.04367706534144 22.592192783688606
255.9999999999999 23.044720278090963 22.592662991075116
256.5 23.04576077416194 22.59314225011481
257.0 23.046808810221396 22.59362134768876
257.4999999999999 23.047850228026256 22.59409191934214
258.0 23.048893475272507 22.594581457636913
258.5 23.049936431102257 22.595063788822905
