FastTrWP/PhaseSpace/IAs/snIa_0.55_30.00_2.69_0.02.csv
# %ECSV 0.9
# ---
# datatype:
# - {name: time-rel, datatype: float64}
# - {name: g, datatype: float64}
# - {name: i, datatype: float64}
# schema: astropy-2.0
time-rel g i
[from data line 2304]
1208.5833333333333 24.93538495655123 22.71499998313601
1209.0833333333333 24.936695498600898 22.715673972054603
1209.5833333333333 24.938016337701892 22.716339441873735
1210.0833333333333 24.939322041856336 22.71701161928025
1210.5833333333333 24.940654280321976 22.717685465584907
1211.0833333333333 24.94201415609527 22.71834985415234
1211.5833333333333 24.943345558437603 22.719019999950525
1212.0833333333333 24.94470584271013 22.719682018513897
1212.5833333333333 24.946062560435102 22.72035112046394
1213.0833333333333 24.94745278631088 22.72101657453639
1213.5833333333333 24.94883897931302 22.72168109529847
1214.0833333333333 24.9502281233405 22.722352510137426
1214.5833333333333 24.95160084754889 22.723011208341592
1215.0833333333333 24.953032758327648 22.72367320339038
1215.5833333333333 24.95445362834761 22.72433553737188
1216.0833333333333 24.9558745175508 22.724992741790402
1216.5833333333333 24.95731703574522 22.725644701985953
1217.0833333333333 24.958739955221173 22.72630236831771
1217.5833333333333 24.96020715024035 22.726970304359018
1218.0833333333333 24.96165651282913 22.72760597826619
1218.5833333333333 24.96313804204322 22.728270463531498
1219.0833333333333 24.9646099115547 22.72891530166499
1219.5833333333333 24.966094962936644 22.72957108270686
1220.0833333333333 24.967572153685605 22.730220161571552
1220.5833333333333 24.96908626955818 22.730868808567415
1221.0833333333333 24.97059229086495 22.731523601896466
1221.5833333333333 24.972096013327203 22.732179532653305
1222.0833333333333 24.973624420560313 22.73282656544903
1222.5833333333333 24.97515609042681 22.733467011464814
1223.0833333333333 24.976675411606358 22.734108846942057
1223.5833333333333 24.97822941804326 22.73476524559308
1224.0833333333333 24.979774781630105 22.735398216131742
1224.5833333333333 24.981328660499145 22.736051170624464
1225.0833333333333 24.982905587628927 22.73669840181388
1225.5833333333333 24.984457667278427 22.73733310931803
1226.0833333333333 24.986057484249272 22.737984952017342
1226.5833333333333 24.98763978385815 22.73862077385186
1227.0833333333333 24.989233258885662 22.739257629532904
1227.5833333333333 24.990832656907287 22.739897275735505
1228.0833333333333 24.99247074082175 22.740536724124535
1228.5833333333333 24.994078580925134 22.741179036436204
1229.0833333333333 24.995697938304563 22.74181721893735
1229.5833333333333 24.997329829761895 22.742447908638535
1230.0833333333333 24.99900579492084 22.743083225885357
1230.5833333333333 25.00064716061591 22.743716013499643
1231.0833333333333 25.002311412420653 22.74435293569034
1231.5833333333333 25.003998297126095 22.744982147804393
1232.0833333333333 25.005668792609228 22.74562041696694
1232.5833333333333 25.007365586878528 22.74624639005868
1233.0833333333333 25.00906736427417 22.746865706375736
1233.5833333333333 25.0107563504246 22.747502412510507
1234.0833333333333 25.012484521609277 22.74812475724398
1234.5833333333333 25.014225553641765 22.748758048526184
1235.0833333333333 25.015928923183107 22.74938525854976
1235.5833333333333 25.017653940667085 22.75000518627223
1236.0833333333333 25.01943600102176 22.75063890248212
1236.5833333333333 25.02119593842737 22.751261108311695
1237.0833333333333 25.0229800122153 22.75187897980477
1237.5833333333333 25.024765186944936 22.752503768140095
1238.0833333333333 25.026533330411425 22.753120205815165
1238.5833333333333 25.02833435789444 22.753741855392988
1239.0833333333333 25.030148378864673 22.754357255008777
1239.5833333333333 25.03195481635093 22.754973244562127
1240.0833333333333 25.0338044803502 22.755593453944694
1240.5833333333333 25.035622736652627 22.75620771141416
1241.0833333333333 25.037469959271874 22.756822871410524
1241.5833333333333 25.039297235108503 22.75743719316803
1242.0833333333333 25.041200778007614 22.758046540915675
1242.5833333333333 25.04307484795379 22.7586644319795
1243.0833333333333 25.044939708365156 22.759268417099086
1243.5833333333333 25.04684592641511 22.759887038611634
1244.0833333333333 25.04874801288347 22.760487035892755
1244.5833333333333 25.050683336873 22.76109551348192
1245.0833333333333 25.052594829944344 22.761702405599436
1245.5833333333333 25.054534361695396 22.762303469832407
1246.0833333333333 25.056488591245113 22.762909485895264
1246.5833333333333 25.058433927184524 22.763515715345953
1247.0833333333333 25.06040131579485 22.764110423174202
1247.5833333333333 25.06239176673221 22.76472605362185
1248.0833333333333 25.06437611510156 22.765308686654535
1248.5833333333333 25.066360003162586 22.765915403665904
1249.0833333333333 25.06836876130684 22.76651457790049
1249.5833333333333 25.070396423383265 22.767101008120754
1250.0833333333333 25.072433405036332 22.76770493042211
1250.5833333333333 25.074492066025687 22.768307270586018
1251.0833333333333 25.076542115180143 22.768895938632284
1251.5833333333333 25.07860239100694 22.769482165704133
1252.0833333333333 25.080680141944992 22.77007717320511
1252.5833333333333 25.082767041740812 22.770659559913437
1253.0833333333333 25.08485551166736 22.771253998667657
1253.5833333333333 25.086989474646664 22.771845257096736
1254.0833333333333 25.089114532727358 22.772430264550877
1254.5833333333333 25.091248423839268 22.77302022736177
1255.0833333333333 25.093380066295225 22.773597531833275
1255.5833333333333 25.09555867150784 22.774178744506834
1256.0833333333333 25.09772563087266 22.774762121480848
1256.5833333333333 25.099876785650366 22.7753447071853
1257.0833333333333 25.102075954571028 22.77592890323128
1257.5833333333333 25.104283714698603 22.77650958448231
1258.0833333333333 25.106521027797942 22.77707564728091
1258.5833333333333 25.1087147305295 22.77766006525889
1259.0833333333333 25.110969837556055 22.77823388740137
1259.5833333333333 25.11321393186907 22.77880454752404
1260.0833333333333 25.11546118430037 22.7793916793686
1260.5833333333333 25.117741323524786 22.77996144462935
1261.0833333333333 25.12002973819183 22.78053016417512
1261.5833333333333 25.122330326829964 22.781108753650862
1262.0833333333333 25.124633515613528 22.781673301501478
1262.5833333333333 25.126949477070024 22.782242238024605
1263.0833333333333 25.129292328718936 22.7828106605303
1263.5833333333333 25.131612165631477 22.783381325278583
1264.0833333333333 25.13398159313946 22.78394077371303
1264.5833333333333 25.13633241022703 22.784505297530192
1265.0833333333333 25.138721030014985 22.78507524774703
1265.5833333333333 25.141111100483272 22.785634785718617
1266.0833333333333 25.143527014901753 22.78619609907254
1266.5833333333333 25.145930541757355 22.786752122935432
1267.0833333333333 25.14834634719485 22.787322286033707
1267.5833333333333 25.150815141374675 22.78788124176438
1268.0833333333333 25.153279075836696 22.788427923724846
1268.5833333333333 25.155748944918738 22.78899168432392
1269.0833333333333 25.15821320685918 22.789538728084693
1269.5833333333333 25.16070355069758 22.790100260050256
1270.0833333333333 25.163251608761623 22.790655634865704
1270.5833333333333 25.165735902888457 22.79119995142002
1271.0833333333333 25.16828244427657 22.79175299097238
1271.5833333333333 25.170835077383153 22.792296974103383
1272.0833333333333 25.173399074475316 22.792848438817472
1272.5833333333333 25.175966607917736 22.793395077214637
1273.0833333333333 25.178540202678995 22.793946591669364
1273.5833333333333 25.18116754056463 22.79449690788621
1274.0833333333333 25.183807430074424 22.795027407827533
1274.5833333333333 25.18640599834245 22.795572283313593
1275.0833333333333 25.18906422294371 22.796114395009674
1275.5833333333333 25.191742950283338 22.796650126229995
1276.0833333333333 25.194395688195144 22.797194849854755
1276.5833333333333 25.197110580466013 22.7977282906537
1277.0833333333333 25.199802478518095 22.798256200941623
1277.5833333333333 25.202547754140188 22.79879884782504
1278.0833333333333 25.205275182972176 22.79933971497304
1278.5833333333333 25.20801774417595 22.79986069270314
1279.0833333333333 25.21078352699805 22.800396170854395
1279.5833333333333 25.213573751421833 22.80092586022868
1280.0833333333333 25.216353262742214 22.80145417894071
1280.5833333333333 25.219182285148612 22.801977734191627
1281.0833333333333 25.22200563616767 22.802510396301674
1281.5833333333333 25.2248420102201 22.803033396440306
1282.0833333333333 25.22771104391621 22.803554278294325
1282.5833333333333 25.23061868071494 22.804068761890743
1283.0833333333333 25.233497757081675 22.804595988144673
1283.5833333333333 25.23638744053376 22.805116834380623
1284.0833333333333 25.239334309970793 22.805631954545046
1284.5833333333333 25.24224726720317 22.80615493268497
1285.0833333333333 25.245231886325442 22.80666888974281
1285.5833333333333 25.2482000914077 22.807177846590236
1286.0833333333333 25.25118798844516 22.807691645425724
1286.5833333333333 25.254239823790883 22.808198959748935
1287.0833333333333 25.257232904852277 22.808711986121235
1287.5833333333333 25.260277745806707 22.809220582609253
1288.0833333333333 25.263350025707144 22.809732309230245
1288.5833333333333 25.266450570354536 22.81023510958343
1289.0833333333333 25.269555197828186 22.810738721150553
1289.5833333333333 25.272660177906353 22.811239276384345
1290.0833333333333 25.275796398463527 22.81174870378787
1290.5833333333333 25.27894590423065 22.812240142198284
1291.0833333333333 25.28212792310331 22.812744229909065
1291.5833333333333 25.285310427434187 22.813238762372812
1292.0833333333333 25.28853982396193 22.813727821406125
1292.5833333333333 25.29177262905243 22.814218974648327
1293.0833333333333 25.29505063472397 22.814709616044333
1293.5833333333333 25.298344191244023 22.815202113126976
1294.0833333333333 25.301702471695148 22.815678290497893
1294.5833333333333 25.305064984194672 22.81616057134661
1295.0833333333333 25.308471907988572 22.816639936607746
1295.5833333333333 25.311916598302574 22.817121304758388
1296.0833333333333 25.31533824963457 22.817592284691916
1296.5833333333333 25.318857576936338 22.818054141754274
1297.0833333333333 25.322362810703932 22.81852209252464
1297.5833333333333 25.32590907885968 22.81899152595838
1298.0833333333333 25.329486160082624 22.81945046892769
1298.5833333333333 25.33306721838602 22.81991021215341
1299.0833333333333 25.336737749340795 22.820363359081792
1299.5833333333333 25.340354257173342 22.82082134778783
1300.0833333333333 25.344068059797628 22.821282063789567
1300.5833333333333 25.347770876992715 22.82172757827349
1301.0833333333333 25.3515372028911 22.822176609811642
1301.5833333333333 25.355295275011457 22.822622559948464
1302.0833333333333 25.359098444626426 22.823073681038405
1302.5833333333333 25.36290327914038 22.82351190923181
1303.0833333333333 25.36674575690048 22.823959794108486
1303.5833333333333 25.370611029939575 22.82440275744717
1304.0833333333333 25.374511311025906 22.82483223934249
1304.5833333333333 25.378410734160507 22.82527110344938
1305.0833333333333 25.38237320193153 22.825710583848764
1305.5833333333333 25.386309554033172 22.82615089678878
1306.0833333333333 25.390301577238162 22.826578875318518
1306.5833333333333 25.39432270719914 22.827020177924425
1307.0833333333333 25.398358302571374 22.827440078686113
1307.5833333333333 25.402398387307837 22.827875894659506
1308.0833333333333 25.40648430582199 22.828302888534807
1308.5833333333333 25.410565968359123 22.828732410204818
1309.0833333333333 25.41467988111647 22.829156099901503
1309.5833333333333 25.418835439507358 22.829591287189167
1310.0833333333333 25.422968990413302 22.83000921951365
1310.5833333333333 25.427146561594736 22.83043733914655
1311.0833333333333 25.431328574743507 22.83087448949479
1311.5833333333333 25.43553706367792 22.831289523223745
1312.0833333333333 25.439783142784638 22.831723488192928
1312.5833333333333 25.444013249662767 22.832148022852717
1313.0833333333333 25.44826680423202 22.83256628062473
1313.5833333333333 25.452541992231602 22.833000191807244
1314.0833333333333 25.4568218055122 22.83342394990827
1314.5833333333333 25.46113579461325 22.833850184513107
1315.0833333333333 25.46543642264439 22.834266910623775
1315.5833333333333 25.469782182554155 22.834688933051652
1316.0833333333333 25.474119718932748 22.83512381723281
1316.5833333333333 25.478472721476916 22.835546921972778
1317.0833333333333 25.482841905323866 22.835976781761843
1317.5833333333333 25.487217982560473 22.83640701344089
1318.0833333333333 25.491628764683696 22.83683411683424
1318.5833333333333 25.49602662470289 22.83725641332055
1319.0833333333333 25.50042522585941 22.837697114671
1319.5833333333333 25.504857151811443 22.838126284099836
1320.0833333333333 25.50932159720977 22.838549860590753
1320.5833333333333 25.51371752901671 22.838980569908657
1321.0833333333333 25.518178265434752 22.839417465526274
1321.5833333333333 25.522593034623547 22.839854278355638
1322.0833333333333 25.527050824275854 22.840291850763364
1322.5833333333333 25.531522098090285 22.84073223275842
1323.0833333333333 25.53599765154192 22.841168617234366
1323.5833333333333 25.540459805655193 22.841611015002655
1324.0833333333333 25.544914393724074 22.84205526681193
1324.5833333333333 25.549378075106382 22.84249668187268
1325.0833333333333 25.55386891737655 22.842946961572483
1325.5833333333333 25.55835186328594 22.843395247736282
1326.0833333333333 25.56278493087253 22.843848415403038
1326.5833333333333 25.567299965470735 22.844290071395335
1327.0833333333333 25.571752909395464 22.844745281843597
1327.5833333333333 25.576199722630367 22.845206698880215
1328.0833333333333 25.580696984101955 22.845660129437082
1328.5833333333333 25.585141708648113 22.846117908699966
1329.0833333333333 25.589590875820576 22.84658340835182
1329.5833333333333 25.59405936119392 22.847041079876583
1330.0833333333333 25.598538119954803 22.847516658426223
1330.5833333333333 25.603056796058077 22.84797019011851
1331.0833333333333 25.607591785173597 22.84843944531953
1331.5833333333333 25.612145693141226 22.84890401720631
1332.0833333333333 25.616726485099477 22.849354182313533
1332.5833333333333 25.62134501391632 22.84982455311034
1333.0833333333333 25.625969494870468 22.850278243576764
1333.5833333333333 25.63059745803393 22.850733467914253
1334.0833333333333 25.635285576273446 22.851188782228476
1334.5833333333333 25.639953746784986 22.851655869311685
1335.0833333333333 25.644669995457853 22.85212110288883
1335.5833333333333 25.649444215515345 22.852576298569453
1336.0833333333333 25.654178767753663 22.85303072946529
1336.5833333333333 25.658971090902988 22.853493199389263
1337.0833333333333 25.66374114213774 22.853953792718936
1337.5833333333333 25.668553791719944 22.854412003575014
1338.0833333333333 25.673407037858272 22.854872838850333
1338.5833333333333 25.67825719490545 22.855326012925218
1339.0833333333333 25.68312063453927 22.855785170979594
1339.5833333333333 25.688027426282254 22.856242330454055
1340.0833333333333 25.692931790066318 22.85670958075253
1340.5833333333333 25.69784340586366 22.85717050581586
1341.0833333333333 25.70281310147745 22.85762792074337
1341.5833333333333 25.707740231641196 22.858090703626065
1342.0833333333333 25.712709079491756 22.858556017647768
1342.5833333333333 25.717699999447092 22.859010740929993
1343.0833333333333 25.722713773293894 22.859474321126765
1343.5833333333333 25.72773698407194 22.859938627751035
1344.0833333333333 25.73275940347161 22.860403804088673
1344.5833333333333 25.737805562953216 22.86087816809447
1345.0833333333333 25.742854605264966 22.86134459073152
1345.5833333333333 25.747895340716372 22.86180640070048
1346.0833333333333 25.75300344004762 22.862276654716585
1346.5833333333333 25.758080234971725 22.86274393631793
1347.0833333333333 25.763179776627908 22.863214822340908
1347.5833333333333 25.76830114467554 22.86369003821737
1348.0833333333333 25.77342974137306 22.864167625015057
1348.5833333333333 25.77852122096691 22.864635064476598
1349.0833333333333 25.783672902995782 22.86511550375193
1349.5833333333333 25.78883674345194 22.8655880629049
1350.0833333333333 25.79400132855124 22.86606745244984
