FastTrWP/PhaseSpace/IAs/snIa_0.39_30.00_0.24_0.07.csv
# %ECSV 0.9
# ---
# datatype:
# - {name: time-rel, datatype: float64}
# - {name: g, datatype: float64}
# - {name: i, datatype: float64}
# schema: astropy-2.0
time-rel g i
[from data line 1393]
881.25 23.58396940609166 22.43236567739396
881.7499999999999 23.585313217886178 22.43288263821213
882.25 23.586647337249794 22.433396015776424
882.75 23.58797650478081 22.433908102326377
883.2499999999999 23.58931801671877 22.434432769303207
883.75 23.590675249214033 22.434951513719128
884.25 23.59201637159115 22.43546759381884
884.7499999999999 23.593363785197987 22.435992451833336
885.25 23.594700631574522 22.436520301439952
885.75 23.59603494842699 22.437048406739436
886.2499999999999 23.597404845178094 22.437577615060174
886.75 23.59873287539311 22.43810565080207
887.25 23.60008797873597 22.438644230045313
887.7499999999999 23.601439195088496 22.439174409353484
888.25 23.60279245215238 22.43971701313576
888.75 23.604133059872048 22.440254631018792
889.2499999999999 23.60548482669244 22.440794512543473
889.75 23.60684642168964 22.44133756478247
890.25 23.608199700336648 22.44188179149825
890.7499999999999 23.609558128972793 22.44242999594912
891.25 23.61089946154284 22.44297763828135
891.75 23.612263624932144 22.44352935877233
892.2499999999999 23.61363884180229 22.44408103183421
892.75 23.614987909023277 22.4446236995287
893.25 23.61632998295076 22.4451851465335
893.7499999999999 23.61770595771898 22.44574439089099
894.25 23.619072014895583 22.44629401182975
894.75 23.62043777122714 22.446867735487572
895.2499999999999 23.62180176772712 22.447430516495732
895.75 23.6231672748937 22.447985537542806
896.25 23.624521422996242 22.448558849892017
896.7499999999999 23.6258934428789 22.44912779609794
897.25 23.627258229979837 22.449691553730627
897.75 23.628636836050152 22.45027893116913
898.2499999999999 23.630004227340965 22.450847383903522
898.75 23.63136695479318 22.45142570945289
899.25 23.632745759742086 22.452007588419086
899.7499999999999 23.63411241857712 22.452587165092122
900.25 23.635490752076368 22.45317288682983
900.75 23.636847026717295 22.45375681282756
901.2499999999999 23.638239768453065 22.45434807042244
901.75 23.63960635633071 22.454937284782638
902.25 23.640991146902365 22.45552792691202
902.7499999999999 23.642363746270497 22.456124135283954
903.25 23.643747198988706 22.45672016274924
903.75 23.645134001165037 22.457320201523014
904.2499999999999 23.646512342942 22.45792044510946
904.75 23.647887790588868 22.458520791976294
905.25 23.649261207307507 22.459121532556793
905.7499999999999 23.65064957955998 22.459733727083343
906.25 23.652041315251864 22.46033692279301
906.75 23.653418652427952 22.460953887503493
907.2499999999999 23.654816328625156 22.461562525568098
907.75 23.65619951071309 22.46217003332568
908.25 23.65758769189072 22.462793668277182
908.7499999999999 23.658985442464644 22.46340519457672
909.25 23.66035787076056 22.464030210435823
909.75 23.661770233166962 22.46465726700571
910.2499999999999 23.663151421347685 22.465275378744924
910.75 23.664551580403103 22.46590403909397
911.25 23.665945783165995 22.46652410802818
911.7499999999999 23.667330047167585 22.467161391807608
912.25 23.668738219587276 22.4677942408793
912.75 23.67014363770094 22.46842518498783
913.2499999999999 23.67153857888271 22.469067205288713
913.75 23.67292627210012 22.469707562003357
914.25 23.67433746356056 22.470341618819532
914.7499999999999 23.675735660640363 22.470995071284587
915.25 23.677137230599108 22.47163229551608
915.75 23.67854697676462 22.472278963032963
916.2499999999999 23.679952114654856 22.47292693407656
916.75 23.681364201058287 22.47357450999466
917.25 23.68277564404525 22.47422404145468
917.7499999999999 23.684174565975734 22.474882238240824
918.25 23.68559723877036 22.475543022080295
918.75 23.687006401788686 22.47619635919811
919.2499999999999 23.68842191540423 22.476856775959952
919.75 23.689834589780673 22.47752545071424
920.25 23.69125539504941 22.47818064114549
920.7499999999999 23.692669057389757 22.478849911674686
921.25 23.694094568222965 22.479515437008708
921.75 23.695504377923253 22.48018562139103
922.2499999999999 23.696921936967584 22.480858266902345
922.75 23.698351934272956 22.48152682781825
923.25 23.69976500649105 22.48220407352248
923.7499999999999 23.701199103852048 22.48288842101657
924.25 23.702633542510988 22.48356347444265
924.75 23.704044675835547 22.484248087911617
925.2499999999999 23.70548482336186 22.48492880484738
925.75 23.70691599062794 22.48561167965454
926.25 23.70835369369173 22.486296768935997
926.7499999999999 23.709788288281295 22.486989887377895
927.25 23.71121461122612 22.487675032407772
927.75 23.71265915383951 22.488363181905168
928.2499999999999 23.71408852408825 22.489068511759932
928.75 23.71552513194514 22.48977247406281
929.25 23.7169805792997 22.490475199653016
929.7499999999999 23.71842007903934 22.491181691900977
930.25 23.719868533846 22.491891213967126
930.75 23.721306111051334 22.49259906895325
931.2499999999999 23.72275428582276 22.493319336145582
931.75 23.724182137009493 22.494045745526115
932.25 23.7256380414096 22.494755302004954
932.7499999999999 23.727088657237537 22.49548219529785
933.25 23.728540347097024 22.496212352425367
933.75 23.72999274720678 22.49693535391642
934.2499999999999 23.7314580154516 22.497664398583595
934.75 23.732896941042547 22.498402757307172
935.25 23.734361158317693 22.49913861420499
935.7499999999999 23.73582389233196 22.499881693761772
936.25 23.73727526234414 22.500617279163716
936.75 23.738737999283988 22.501362195566696
937.2499999999999 23.74020608221307 22.50210342793311
937.75 23.741657614770272 22.50285509299312
938.25 23.74311951287374 22.503603198650758
938.7499999999999 23.744592946241852 22.50435993960219
939.25 23.746066755828643 22.50511291872037
939.75 23.74752052214515 22.505866699694174
940.2499999999999 23.749004368674548 22.50662789818425
940.75 23.750474483022586 22.507388380078325
941.25 23.751946995565124 22.508143826702813
941.7499999999999 23.753415677268002 22.508905370976784
942.25 23.754896883641848 22.509674265327373
942.75 23.756365037484343 22.510443255481963
943.2499999999999 23.75784354466856 22.511204041697496
943.75 23.759330341685082 22.51198765814843
944.25 23.76079551891332 22.51275831699287
944.7499999999999 23.762297336260147 22.513518275875747
945.25 23.763763596658794 22.514301378406554
945.75 23.765243569387966 22.515070715295483
946.2499999999999 23.76673778334726 22.515858417311676
946.75 23.768222942746533 22.51663124444002
947.25 23.76970407763267 22.51741526496934
947.7499999999999 23.771196293673245 22.518190063015822
948.25 23.772684355450053 22.51897242279609
948.75 23.77418221355851 22.519760965559882
949.2499999999999 23.775674803432665 22.520540876539727
949.75 23.777170802269247 22.521328825198466
950.25 23.77866032287947 22.522116221128762
950.7499999999999 23.7801361232992 22.522896850323804
951.25 23.781630327542747 22.523683317304393
951.75 23.783130040429988 22.524475145449333
952.2499999999999 23.784636272396547 22.525262213842186
952.75 23.78612370774125 22.526063093331302
953.25 23.787635392657567 22.526850547548243
953.7499999999999 23.789131181859503 22.52763913493581
954.25 23.79063189514334 22.52843240829762
954.75 23.79213902551075 22.52922538671514
955.2499999999999 23.793639610764956 22.530012563553775
955.75 23.795141317609602 22.530807589050536
956.25 23.796640328311668 22.531599762066016
956.7499999999999 23.798160253216423 22.53239623530913
957.25 23.799671281987493 22.53318521684306
957.75 23.801171664422345 22.533985642944636
958.2499999999999 23.802685688141644 22.534773294406655
958.75 23.804200287831158 22.535567397935317
959.25 23.805709988948074 22.536367690205033
959.7499999999999 23.807220729546913 22.537150739550768
960.25 23.808729703884822 22.537949721736613
960.75 23.810247225844435 22.538746316648744
961.2499999999999 23.81174993810837 22.53954118470675
961.75 23.81327485097772 22.54033966675871
962.25 23.814787277881088 22.541141711690567
962.7499999999999 23.816311997406356 22.541946370902274
963.25 23.817837074034077 22.542749833964546
963.75 23.819353617535242 22.543551228319156
964.2499999999999 23.820874070548324 22.54435925195926
964.75 23.82240667599207 22.545165937963112
965.25 23.823922286146704 22.54597506555996
965.7499999999999 23.825448921773248 22.546780554215324
966.25 23.82698198982171 22.547592806501513
966.75 23.82849765499097 22.54840942162958
967.2499999999999 23.830031073514427 22.549233559451245
967.75 23.83156338945271 22.550044914795905
968.25 23.83309895205268 22.55086720566938
968.7499999999999 23.834641599458127 22.551679764501543
969.25 23.836162273752052 22.552500620176012
969.75 23.837701368198047 22.553323839055693
970.2499999999999 23.839229960020404 22.554140404808116
970.75 23.840768813916956 22.554968982758915
971.25 23.842311226711686 22.555788647891454
971.7499999999999 23.84386624151508 22.556614492901087
972.25 23.84539802868282 22.557448503736957
972.75 23.846943082088956 22.55827434460582
973.2499999999999 23.848488792195703 22.55910111244382
973.75 23.85002385984422 22.559935196690617
974.25 23.851563027579864 22.56075899791221
974.7499999999999 23.85313076703514 22.561590151881834
975.25 23.854676099737638 22.562427965811416
975.75 23.856225841801553 22.563259165797017
976.2499999999999 23.857775190695335 22.56408977070324
976.75 23.85932232487339 22.56493489404407
977.25 23.86087298591802 22.56576419403002
977.7499999999999 23.86242451959443 22.56660357866489
978.25 23.863982905540034 22.5674386680492
978.75 23.865555934397978 22.568283185683725
979.2499999999999 23.867090813192867 22.569114173824275
979.75 23.868665381552145 22.5699499704929
980.25 23.870236213259545 22.57078443139607
980.7499999999999 23.871783215231286 22.571630150613956
981.25 23.873352965014547 22.57247461211616
981.75 23.874908485856384 22.573308483179208
982.2499999999999 23.876478696712347 22.574155933364636
982.75 23.878042808071548 22.57498801826161
983.25 23.879618949409426 22.57583573643725
983.7499999999999 23.881168082439203 22.576685301562
984.25 23.882750963331656 22.577518211383595
984.75 23.884316048915252 22.578367944089408
985.2499999999999 23.88588870069018 22.579206671725565
985.75 23.887470925590225 22.58005082841237
986.25 23.889042387898964 22.58089390940253
986.7499999999999 23.89060926516581 22.581736597425135
987.25 23.89218603592234 22.58258585090713
987.75 23.893763418489566 22.583431586904
988.2499999999999 23.895343423525897 22.584271628390997
988.75 23.896922698664408 22.585112606887
989.25 23.898505909300425 22.585965090694067
989.7499999999999 23.900096411924096 22.586812803812848
990.25 23.90167229409824 22.58765221475383
990.75 23.90326186001301 22.58849192942875
991.2499999999999 23.90482583541072 22.589343843394026
991.75 23.90642452966398 22.590187218604466
992.25 23.90800648810048 22.59102320689779
992.7499999999999 23.909615584171817 22.591866712144515
993.25 23.911193289637055 22.5927108164774
993.75 23.912784900246578 22.593552611933042
994.2499999999999 23.914381109277794 22.594391866311767
994.75 23.915977657383035 22.595239091319822
995.25 23.917562500506946 22.596082538629783
995.7499999999999 23.919168695691525 22.596926081010558
996.25 23.92074836970275 22.59776976954406
996.75 23.922358212231373 22.59861418357915
997.2499999999999 23.923952340931525 22.59946376878751
997.75 23.925560931851845 22.60030713237186
998.25 23.927155926670448 22.601152803241167
998.75 23.928747753780726 22.601997003458113
999.25 23.930357379736765 22.602836172830244
999.75 23.93195750601663 22.603696776456385
1000.25 23.933556675244326 22.604543726715566
1000.75 23.935164279210625 22.605391891635204
1001.25 23.93676957058809 22.606232201474445
1001.75 23.938393229392382 22.60708273403435
1002.25 23.940004289362 22.607934763489176
1002.75 23.941609601644913 22.608786381922627
1003.25 23.943221864677007 22.609632197290928
1003.75 23.944826032259275 22.610484348821966
1004.25 23.94643706684319 22.611326199949943
1004.75 23.948056136303762 22.612186080357933
1005.25 23.949669741836217 22.613037642821933
1005.75 23.95129555763805 22.6138857749336
1006.25 23.952911026738978 22.61473409344812
1006.75 23.954536627313473 22.615584886713545
1007.25 23.95617004503487 22.616439949516757
1007.75 23.95778037977134 22.617290291246604
1008.25 23.959386731756123 22.61814459362637
1008.75 23.96102904980797 22.618997645605376
1009.25 23.962645259200347 22.6198551016212
1009.75 23.964288211073992 22.620710507792083
1010.25 23.965907667185164 22.621563495098567
1010.75 23.96755337739399 22.622418970853595
1011.25 23.96916434744149 22.623276271220636
1011.75 23.970806260432855 22.62413443726324
1012.25 23.972444089800092 22.62498888500069
1012.75 23.974074330924342 22.625851223541055
1013.25 23.975717961210115 22.626708964160002
1013.75 23.97736388822102 22.62757275739371
1014.25 23.978999301503947 22.628431965190114
1014.75 23.980650193152645 22.629293585719466
1015.25 23.982280914097807 22.630162733357437
1015.75 23.98393614615763 22.6310079929643
1016.25 23.985568277245047 22.631872209747186
1016.75 23.98723632384112 22.632737876022514
1017.25 23.98888183175891 22.633596569195053
1017.75 23.990533930750054 22.634458692835153
1018.25 23.992186729047017 22.63532617782068
1018.75 23.993847720981904 22.636192891339732
1019.25 23.99549464869985 22.63705605170332
1019.75 23.9971593352657 22.637914875572434
1020.25 23.998806424297445 22.63878521303871
1020.75 24.000481933590013 22.639654708647896
1021.25 24.002128925487277 22.64052881726259
1021.75 24.003815345998017 22.641397436114175
1022.25 24.005467578615686 22.64226074890921
1022.75 24.007146165230946 22.643132038696514
1023.25 24.00880851030309 22.6440065632949
1023.75 24.010481579080757 22.64486348382262
1024.25 24.01214780765467 22.64573980156281
1024.75 24.013838049029452 22.6466078183125
1025.25 24.0155089292942 22.647481709218845
1025.75 24.01718513625554 22.648362964981168
1026.25 24.018863846529058 22.649226418751468
1026.75 24.020543183799003 22.65011318744763
1027.25 24.02223464614628 22.65098653814448
1027.75 24.023912908360145 22.651865545860407
1028.25 24.02560973023213 22.652736969638134
1028.75 24.02729848121124 22.65361356095925
1029.25 24.02898635924003 22.654490024357855
1029.75 24.030680964451978 22.655370987078363
1030.25 24.032360570710786 22.656244138436183
1030.75 24.03404513991255 22.65712841814945
1031.25 24.035770746558992 22.658002098518303
1031.75 24.037466101933965 22.65888636235656
1032.25 24.039151588716745 22.659757991915033
1032.75 24.040853348774434 22.660634318569084
1033.25 24.042555431696584 22.66152014098626
1033.75 24.04424706117773 22.66240477417444
1034.25 24.045959607127052 22.663290234340213
1034.75 24.047663194084272 22.664172609666842
1035.25 24.049385331089187 22.66505937939501
1035.75 24.05108716060777 22.665936829526643
1036.25 24.052793486193735 22.666826178452638
1036.75 24.054512165107997 22.667711235571474
1037.25 24.056234177418816 22.668587822825454
1037.75 24.05795714178071 22.66946593808441
1038.25 24.05967200827383 22.670358066194176
1038.75 24.061391007941424 22.671251983991784
1039.25 24.06309276587775 22.67214672420237
1039.75 24.064834458009198 22.67302859923722
1040.25 24.066557007717474 22.67392018570185
1040.75 24.068282522628152 22.674803533273238
1041.25 24.07001220697746 22.675699803640825
1041.75 24.071752365874342 22.676591747230496
1042.25 24.073462349260197 22.677483332404165
1042.75 24.075202990617576 22.678370533515082
1043.25 24.0769345979713 22.679261982677804
1043.75 24.078672629490327 22.680158685149987
1044.25 24.08040142137088 22.68105175686494
1044.75 24.082165608605127 22.68195271995139
1045.25 24.083899402170708 22.68285234270779
1045.75 24.085641474449353 22.683736973766102
1046.25 24.087384439357148 22.684636132817452
1046.75 24.089134782587138 22.685529013115875
1047.25 24.090893054691694 22.686433347534177
1047.75 24.09264363436705 22.687326195401894
1048.25 24.09438763370249 22.688232195278815
1048.75 24.096158016417874 22.689128567754313
1049.25 24.097914495593308 22.690029839560477
1049.75 24.099673199518836 22.690936765447148
1050.25 24.101426046102667 22.691839023467363
1050.75 24.1032000128849 22.69272668062142
