FastTrWP/PhaseSpace/IAs/snIa_0.45_30.00_0.92_-0.23.csv
# %ECSV 0.9
# ---
# datatype:
# - {name: time-rel, datatype: float64}
# - {name: g, datatype: float64}
# - {name: i, datatype: float64}
# schema: astropy-2.0
time-rel g i
[from data line 1076]
117.5 22.76025630106009 22.599898241371395
118.0 22.76128723412262 22.599727823567303
118.5 22.762313359823967 22.599556332801278
119.0 22.76334890828634 22.59939192678134
119.5 22.764372978648918 22.599228315100234
120.0 22.765408472537132 22.59906437969933
120.5 22.76643902964739 22.59890689551705
121.0 22.767474728721652 22.598756633541022
121.5 22.768507762082308 22.598596911382675
122.0 22.769537869161084 22.59844042782385
122.5 22.770571622342572 22.59828352998461
123.0 22.771616333224202 22.598138332770404
123.5 22.77265322038842 22.597992641127753
124.0 22.773709032547416 22.597847460449366
124.5 22.774753150096082 22.597709907166156
125.0 22.775816208989795 22.59755789862649
125.5 22.776874592662317 22.597417113465823
126.0 22.777942792213423 22.597289341604963
126.5 22.779009206911 22.597151853587775
127.0 22.780077504569146 22.597009347179142
127.5 22.781166520757754 22.596879882250064
128.0 22.782247534877968 22.596749027558193
128.5 22.783335991809874 22.596624821772863
129.0 22.78442597768439 22.596507979801803
129.5 22.785530133126727 22.596367428781406
130.0 22.786624525606058 22.59625011273885
130.5 22.787735666169326 22.59613009380931
131.0 22.788844544638298 22.596005470655665
131.5 22.789954511705297 22.595893787816422
132.0 22.791071878245596 22.595784737870098
132.5 22.79219386578271 22.595666744925957
133.0 22.79331236642349 22.59555941007513
133.5 22.79443370068426 22.595448262023957
134.0 22.79556660213896 22.595343285131634
134.5 22.7967047653232 22.595234056865912
135.0 22.79783107967868 22.595133456373787
135.5 22.798983840061105 22.595033826453697
136.0 22.800119466425283 22.594929967663578
136.5 22.80126022855587 22.594839096388945
137.0 22.80240993216477 22.59474336400413
137.5 22.80356292308666 22.59464671610994
138.0 22.80471094963209 22.594552897127578
138.5 22.805874020641234 22.594467749041588
139.0 22.80702881436754 22.594373956421997
139.5 22.808188283909697 22.594293236468438
140.0 22.809343655268552 22.594208615130647
140.5 22.810515214372348 22.594129409158104
141.0 22.81169056982741 22.59405627170304
141.5 22.812850939983377 22.593974361502557
142.0 22.814032063091037 22.59389788755458
142.5 22.815192667505038 22.593821851144863
143.0 22.8163692070613 22.593748891007333
143.5 22.817552182581032 22.593677235136976
144.0 22.818729023421014 22.59361578217062
144.5 22.819900838359864 22.593547137636698
145.0 22.821086146910222 22.59349071726732
145.5 22.822270116960375 22.59343210930109
146.0 22.82345431554228 22.59336730458977
146.5 22.824628512547818 22.593309532918532
147.0 22.82581681594763 22.59325386649108
147.5 22.827017248437315 22.593191452380864
148.0 22.82820414556456 22.593148343724838
148.5 22.829383443267428 22.593097030102886
149.0 22.83056655741932 22.593055975166823
149.5 22.831765276835384 22.593014968626115
150.0 22.832951720185214 22.592959978749736
150.5 22.834136690438726 22.5929249418663
151.0 22.835326580332243 22.59289068011174
151.5 22.836520180764822 22.59285219130506
152.0 22.837713637145608 22.592815808189854
152.5 22.838888866774404 22.592781264096903
153.0 22.84009516638943 22.592747280196672
153.5 22.84128183267731 22.59272205179931
154.0 22.842464780448314 22.592696369732664
154.5 22.843644093437927 22.59266922231641
155.0 22.844830888749158 22.592649742718393
155.5 22.84602932725202 22.592622844969227
156.0 22.847215612641385 22.59260948997244
156.5 22.848403360283914 22.592597408994394
157.0 22.84958545103982 22.59257427900203
157.5 22.850770727260144 22.592569877032087
158.0 22.85195196472246 22.592559557800172
158.5 22.85313478362225 22.5925417633783
159.0 22.85432907613523 22.59253827493087
159.5 22.855514936353416 22.592543467621912
160.0 22.856703568703736 22.59253795590382
160.5 22.857897917291194 22.592539808409477
161.0 22.859093425253107 22.592538026390677
161.5 22.860284732166992 22.59254230024193
162.0 22.861478940639227 22.59255029485281
162.5 22.862671919969454 22.592562528027102
163.0 22.863868079082014 22.592575231512058
163.5 22.865064781036757 22.592585193602464
164.0 22.866272273094843 22.592595232804488
164.5 22.867467076148912 22.592617634282778
165.0 22.868674668700063 22.592642107620364
165.5 22.869879384884367 22.592662459068144
166.0 22.87107849964109 22.592683196582144
166.5 22.872290620299758 22.59272168175049
167.0 22.873499988645563 22.59273194428351
167.5 22.874707412293237 22.59275945987058
168.0 22.875919543235685 22.59279904198982
168.5 22.8771258469381 22.59282483230713
169.0 22.878339597253934 22.59286856698303
169.5 22.879552066071113 22.592903572953556
170.0 22.880772582970096 22.592944788580112
170.5 22.88198295089197 22.59298737696877
170.9999999999999 22.88319989821717 22.593026695067188
171.5 22.8844148274128 22.593077736478474
172.0 22.885635743509244 22.593121164903863
172.4999999999999 22.886859561693228 22.593168896044737
173.0 22.888080538354572 22.593225651034608
173.5 22.88930761204584 22.593280355547208
173.9999999999999 22.890524200217612 22.593331735358436
174.5 22.891753114911438 22.59338294355831
175.0 22.892982133526267 22.593456409952857
175.4999999999999 22.894213376030535 22.593508819272405
176.0 22.895432789311492 22.59357508644179
176.5 22.896664094912154 22.59364126861861
176.9999999999999 22.897892402505768 22.59371184639667
177.5 22.899131106872694 22.593775942786802
178.0 22.90036564979068 22.59384767377782
178.4999999999999 22.90159034581011 22.593925174634993
179.0 22.90282343614683 22.593991204883757
179.5 22.904067075358302 22.594062522705592
179.9999999999999 22.90530809370235 22.594156774652046
180.5 22.906546330977736 22.594233016110564
181.0 22.907772611504274 22.594319024335633
181.4999999999999 22.90902019780625 22.59440374308893
182.0 22.910264062210352 22.594481810053853
182.5 22.9115088562366 22.59457816154063
182.9999999999999 22.91275330289318 22.594661552123494
183.5 22.91399884002294 22.594761292731253
184.0 22.915240217752956 22.59485701968603
184.4999999999999 22.91648373882621 22.594950579031696
185.0 22.917730755998683 22.59504236692227
185.5 22.918982437824237 22.595139959492535
185.9999999999999 22.920234299187484 22.595244127943943
186.5 22.921495170582237 22.595351099563135
187.0 22.922738798534446 22.595455151161495
187.4999999999999 22.9239887704624 22.595558234479626
188.0 22.925243545706657 22.595671421321537
188.5 22.926497195635918 22.595783695755372
188.9999999999999 22.92774914394752 22.59589366503579
189.5 22.92901014406471 22.59600441053244
190.0 22.930265461792224 22.59612142186402
190.4999999999999 22.93152651359192 22.596238999761503
191.0 22.93277691456709 22.596361217506384
191.5 22.934050402386635 22.596485524337556
191.9999999999999 22.93530527669386 22.596611342045954
192.5 22.936557063425738 22.596735285096855
193.0 22.93783455638881 22.596866838053792
193.4999999999999 22.939099793274536 22.596990288611444
194.0 22.94036529549733 22.597125492294246
194.5 22.94162943092786 22.5972587877806
194.9999999999999 22.942893135529975 22.59739488922234
195.5 22.944155551502725 22.597528640196526
196.0 22.945441865064282 22.597669989611838
196.4999999999999 22.94671163942627 22.59781620842704
197.0 22.947976118590745 22.59795803251418
197.5 22.949258165037204 22.598102982219874
197.9999999999999 22.950538535119506 22.598254127703896
198.5 22.951799972191775 22.59840716220687
199.0 22.95309084339786 22.59855624052417
199.4999999999999 22.9543591987113 22.59870975541711
200.0 22.95564627013221 22.598862936622286
200.5 22.956938279952944 22.599026012223796
200.9999999999999 22.958211656484984 22.59919074013392
201.5 22.959485420282743 22.599355172448064
202.0 22.960784569736113 22.59951738781764
202.4999999999999 22.96206976287376 22.599681363687765
203.0 22.96335602649176 22.59983976929798
203.5 22.964632977626138 22.600017087144458
203.9999999999999 22.96592459162813 22.60018546102978
204.5 22.96721621677242 22.600367105343583
205.0 22.968502733658823 22.60053834903851
205.4999999999999 22.969799768094553 22.600724916094762
206.0 22.97109620465224 22.60090390025789
206.5 22.972390538080557 22.601078191186666
206.9999999999999 22.973692697601425 22.601264018426793
207.5 22.97499086805747 22.60144308469593
208.0 22.976286755300453 22.601633299050544
208.4999999999999 22.977593049025007 22.601826097608896
209.0 22.978884820422856 22.602021229110477
209.5 22.9801856711639 22.602202063679204
209.9999999999999 22.981495435299443 22.602408702125246
210.5 22.982801932027876 22.60260625697494
211.0 22.984100595508288 22.602801764284116
211.4999999999999 22.985408941563175 22.60300093364501
212.0 22.986708415316922 22.603206177974485
212.5 22.98801710512045 22.603405432187017
212.9999999999999 22.989327886247185 22.60361240987053
213.5 22.990658888451016 22.603817132845307
214.0 22.991956435202216 22.60402604091746
214.4999999999999 22.99327496550843 22.60423906364877
215.0 22.9945777081411 22.604454571837618
215.5 22.99589489155342 22.60466797904678
215.9999999999999 22.997218467527773 22.60488504001012
216.5 22.998525828255474 22.605098608753504
217.0 22.99985030659535 22.60531795865221
217.4999999999999 23.00116584443287 22.605542547620058
218.0 23.002487182094896 22.605767675673874
218.5 23.003808188927998 22.605984195577147
218.9999999999999 23.005134132221684 22.606220451801
219.5 23.0064532096768 22.60644559366765
220.0 23.00777312371973 22.606681293052905
220.4999999999999 23.009104551111882 22.606903450275055
221.0 23.01043902267125 22.607140540343103
221.5 23.01175850617833 22.607377618284225
221.9999999999999 23.01307558629024 22.607614419517823
222.5 23.01441587044636 22.60784903117934
223.0 23.01574788462942 22.608085862072613
223.4999999999999 23.017067809062937 22.60833204266749
224.0 23.018400424044707 22.608570596873857
224.5 23.019737779801993 22.60881575283775
224.9999999999999 23.02107419062091 22.609061444044343
225.5 23.02240269039201 22.609311413526104
226.0 23.023742077388533 22.609563001263663
226.4999999999999 23.025079245242527 22.60981006203103
227.0 23.026414233761912 22.610061955859987
227.5 23.027747108246196 22.610313070907363
227.9999999999999 23.02909939630009 22.610568475296322
228.5 23.030439975639453 22.610830483659203
229.0 23.03177001306011 22.611093970744527
229.4999999999999 23.033122069341843 22.611362553697983
230.0 23.03446276016583 22.61162828590254
230.5 23.035810787093148 22.611890243545638
230.9999999999999 23.037161718791907 22.612159324756213
231.5 23.03850475627754 22.61243518996735
232.0 23.039856884229955 22.61270590418992
232.4999999999999 23.04120936082284 22.61298281313772
233.0 23.042561679247914 22.613264135758826
233.5 23.04391714529782 22.613542182819568
233.9999999999999 23.04527095591455 22.613820042384095
234.5 23.04662781206527 22.614111613076343
235.0 23.047991612559645 22.614407913317095
235.4999999999999 23.049349283440158 22.614681334105097
236.0 23.05071480689127 22.614986814184373
236.5 23.052060171282807 22.615272868523327
236.9999999999999 23.05343308478268 22.615563510887917
237.5 23.054791574714283 22.615871093824733
238.0 23.056149602719316 22.6161628848069
238.4999999999999 23.057515021614257 22.616463263063764
239.0 23.05889538362837 22.616766382244226
239.5 23.060257383977095 22.617064572473666
239.9999999999999 23.06162618306564 22.617377186123147
240.5 23.06298822834338 22.617681232239892
241.0 23.06436864215341 22.61799742654238
241.4999999999999 23.065740954958642 22.618306837194687
242.0 23.067113903645886 22.618620405550814
242.5 23.068484732566077 22.61893491643487
242.9999999999999 23.069859306673838 22.61924098748859
243.5 23.07123751522993 22.61956701566306
244.0 23.072613358361874 22.61988469242219
244.4999999999999 23.07399516330583 22.620202295553238
245.0 23.075377316759507 22.62052689364492
245.5 23.07675148496266 22.620849889732327
245.9999999999999 23.078137623198863 22.621179655301454
246.5 23.079520658077417 22.621503195077715
247.0 23.080900714984406 22.62182262057332
247.4999999999999 23.08228512614809 22.622156007549204
248.0 23.08366879911025 22.622487313012144
248.5 23.085059756147416 22.622815268829086
248.9999999999999 23.086434805294154 22.62315607155014
249.5 23.087832470070374 22.623487609980973
250.0 23.089224918727197 22.623822396087796
250.4999999999999 23.09061817460908 22.624156610544922
251.0 23.09200314595713 22.62449407912717
251.5 23.09339620510084 22.624834751606446
251.9999999999999 23.0947972290306 22.625177249440675
252.5 23.09618221119637 22.625513011017855
253.0 23.097571045047825 22.62586002913547
253.4999999999999 23.098970577022847 22.626200383657583
254.0 23.100368078903443 22.62654646003645
254.5 23.101772105373655 22.62689777339372
254.9999999999999 23.10316046614005 22.627244163877794
255.5 23.104559001611303 22.627584346356905
256.0 23.105958901871468 22.62793494601049
256.4999999999999 23.107360716258203 22.6282794686528
257.0 23.108762088909476 22.62863243447179
257.5 23.110166687891255 22.628983113787985
257.9999999999999 23.11156027229743 22.629337017750956
258.5 23.112959327252295 22.629682262761072
259.0 23.11437478401161 22.630045525244824
259.4999999999999 23.115768848206844 22.630395104896742
260.0 23.117173596538866 22.630752486713757
260.5 23.118582510236756 22.631107111265216
260.9999999999999 23.119986583828545 22.63146492633096
261.5 23.121397630700518 22.631820358834066
262.0 23.122798589243907 22.632172713094022
262.4999999999999 23.124210866242162 22.63253308001606
263.0 23.125614542982774 22.632891024014263
263.5 23.12702581725466 22.63325993448859
263.9999999999999 23.128439571143563 22.633626484010936
264.5 23.12984985430753 22.633990467053945
265.0 23.131262817422108 22.634357035179
265.4999999999999 23.132679584604023 22.634724882839397
266.0 23.13408553608161 22.635083347664434
266.5 23.13550644018499 22.635458364793664
266.9999999999999 23.13692007468214 22.63582880423688
267.5 23.138336600562614 22.63621172403514
268.0 23.139762692549404 22.63657940173935
268.4999999999999 23.1411771203627 22.636952715997314
269.0 23.142592823834693 22.6373289458207
269.5 23.14401419473557 22.637708158020434
269.9999999999999 23.145434539117893 22.638092966241295
270.5 23.146861495262534 22.638475059428384
271.0 23.148289745515985 22.638857039871173
271.4999999999999 23.149704339341742 22.639243860220688
272.0 23.151135235503766 22.639627637635623
272.5 23.152560880020054 22.6400154281253
272.9999999999999 23.15399154950908 22.640398973937714
273.5 23.155408123748202 22.64078859317692
274.0 23.156840117183954 22.641182972330036
274.4999999999999 23.158275021046578 22.641575108772262
275.0 23.159703702303453 22.64196342367641
275.5 23.161130080803524 22.642359270206597
275.9999999999999 23.162564508397043 22.64275463159873
276.5 23.164007775926116 22.643152563224838
277.0 23.16543653602048 22.643554324724523
277.4999999999999 23.166876023785875 22.643945516100384
278.0 23.16830827468516 22.644345619646234
278.5 23.169739461363832 22.644746542031168
278.9999999999999 23.171177916963586 22.645154330606818
279.5 23.172619301723895 22.645557545814725
280.0 23.174058031940092 22.645961691127127
280.4999999999999 23.17549834320357 22.64636928057499
281.0 23.17694687486682 22.646771747451453
281.5 23.17838450636272 22.64718021841621
281.9999999999999 23.179826857268292 22.647589382823288
282.5 23.181272215245755 22.647995804548074
283.0 23.182723767730376 22.64841216001857
283.4999999999999 23.184159488429383 22.648823250877918
284.0 23.185614577935176 22.649237764668865
284.5 23.18706674793615 22.649654104765126
284.9999999999999 23.188514208697917 22.650069054837253
285.5 23.189964791661257 22.65049102117324
286.0 23.191416284445182 22.65090309483913
286.4999999999999 23.19286378479161 22.651317082912676
287.0 23.194321006823962 22.651744366636667
287.5 23.195779220472016 22.652165343344357
287.9999999999999 23.197231695736278 22.65257798226814
288.5 23.1986784869061 22.6530110678074
289.0 23.200129579242628 22.653429398222713
289.4999999999999 23.201593786790188 22.653859656336834
290.0 23.203050638006914 22.6542776303101
290.5 23.204516220824317 22.654707124829653
