FastTrWP/PhaseSpace/IAs/snIa_0.41_30.00_0.92_0.24.csv
# %ECSV 0.9
# ---
# datatype:
# - {name: time-rel, datatype: float64}
# - {name: g, datatype: float64}
# - {name: i, datatype: float64}
# schema: astropy-2.0
time-rel g i
[from data line 1733]
1043.25 24.386796473981182 22.398004924356172
1043.75 24.388443562154556 22.39885007129083
1044.25 24.390060164350203 22.399699351714347
1044.75 24.39172557015613 22.400545042461
1045.25 24.393347262611105 22.401386497612883
1045.75 24.394995563302885 22.402240509314368
1046.25 24.396631097208207 22.40309018269848
1046.75 24.398295453971226 22.403947733835345
1047.25 24.399931215688525 22.404800567136625
1047.75 24.401560380245666 22.405648532017896
1048.25 24.403240335096573 22.406507448357207
1048.75 24.40488903106941 22.40736469935047
1049.25 24.406524622842916 22.408223189992313
1049.75 24.408161133774975 22.409083968230576
1050.25 24.409843089184843 22.409943828869633
1050.75 24.4114921217283 22.41081051554231
1051.25 24.41313082331725 22.41166814094093
1051.75 24.414797955897754 22.412536245162407
1052.25 24.41646550707223 22.413398447894043
1052.75 24.418099852438665 22.41426872176676
1053.25 24.419780843406905 22.415142472352862
1053.75 24.421439302108176 22.416010068962265
1054.25 24.423081962707514 22.41687662467922
1054.75 24.424754088060926 22.41775422899009
1055.25 24.426447222742667 22.418631705076216
1055.75 24.42810402609213 22.419508420596866
1056.25 24.42977616842525 22.42038373472933
1056.75 24.431427626642908 22.421264069504577
1057.25 24.433128495773012 22.422151115689246
1057.75 24.434791976136346 22.42302688136217
1058.25 24.436481040099714 22.423909492775657
1058.75 24.438148007216903 22.424794392861696
1059.25 24.439827780378728 22.425683053265523
1059.75 24.441522060096126 22.42657170056138
1060.25 24.443197263794083 22.427462896730674
1060.75 24.44489167962001 22.428353369957573
1061.25 24.446588600497154 22.429243381864552
1061.75 24.448277994155152 22.4301274989488
1062.25 24.44997256109945 22.43104093355147
1062.75 24.451660607374436 22.43192814417801
1063.25 24.45336035021109 22.432832668391
1063.75 24.45504956511037 22.433730507935515
1064.25 24.456741522901613 22.434637543869368
1064.75 24.45844771878147 22.435530373851677
1065.25 24.460126894794207 22.436437093681732
1065.75 24.46185382054093 22.437347123752854
1066.25 24.46356544447532 22.438257938617788
1066.75 24.465273573431766 22.439162805416398
1067.25 24.46697330194762 22.440074093161954
1067.75 24.468670615094133 22.440992945695992
1068.25 24.470387543846744 22.441911897903083
1068.75 24.472099907954032 22.44282037446961
1069.25 24.47383214504493 22.443738601640423
1069.75 24.475552217810446 22.44465942943089
1070.25 24.477251368178482 22.44557978885105
1070.75 24.478983211237278 22.44650305604836
1071.25 24.48071318215443 22.447430807432976
1071.75 24.482423665505763 22.448357075784273
1072.25 24.484148861638303 22.44928141173517
1072.75 24.48587833214663 22.450210187239552
1073.25 24.487600963062587 22.45114492465277
1073.75 24.489342060250607 22.452068135008272
1074.25 24.491079667209448 22.453010032226047
1074.75 24.492804452496312 22.45394277539628
1075.25 24.494552995077438 22.454886901661272
1075.75 24.496286613214572 22.455817772654175
1076.25 24.498001778414327 22.456762952763082
1076.75 24.49975801794264 22.457704846152488
1077.25 24.501513540828007 22.45864642974961
1077.75 24.50323826878103 22.4595825938803
1078.25 24.50499276812959 22.460538345572342
1078.75 24.50674776294177 22.46148781633172
1079.25 24.5084947753857 22.462438194724598
1079.75 24.510256671708042 22.46338795190475
1080.25 24.51200293905721 22.46434441396027
1080.75 24.513754972537246 22.465290921713734
1081.25 24.51552782200324 22.466250370149115
1081.75 24.517267580873792 22.467208779639336
1082.25 24.51903546060338 22.468164882650733
1082.75 24.520799673619376 22.469121204798913
1083.25 24.522557218905973 22.470095536194318
1083.75 24.524340028234214 22.471056688965984
1084.25 24.526089260278265 22.472018084329342
1084.75 24.52785557534608 22.4729865726666
1085.25 24.529625330997753 22.473955012483184
1085.75 24.531417194628553 22.474922428077853
1086.25 24.533157393980034 22.47589976224965
1086.75 24.534956645160214 22.47687487670767
1087.25 24.53672704707706 22.477847107648646
1087.75 24.538512681746756 22.47883105465553
1088.25 24.540302277087136 22.479801793566835
1088.75 24.54208409099904 22.48077092688955
1089.25 24.54387155086345 22.481758343702726
1089.75 24.545653560201636 22.482739929528645
1090.25 24.547422997382856 22.483725927138835
1090.75 24.549234035024796 22.484706806121345
1091.25 24.551030353997092 22.485695771855305
1091.75 24.552828014774928 22.486689496380578
1092.25 24.554621185277767 22.487678640762656
1092.75 24.55642162439061 22.488661561671023
1093.25 24.5582182347753 22.489655207831575
1093.75 24.560004789238356 22.490651696540574
1094.25 24.56182333253024 22.491643779961624
1094.75 24.563649571259486 22.492642398083255
1095.25 24.56545065219183 22.493644481062812
1095.75 24.56725698614371 22.49464201421415
1096.25 24.569066240718165 22.495644779162262
1096.75 24.57088468130484 22.496638762305597
1097.25 24.572706862006953 22.497645385075877
1097.75 24.574505990750453 22.49864796950963
1098.25 24.576336591888662 22.49965960131723
1098.75 24.5781764440962 22.50067372647983
1099.25 24.5799779981907 22.501680026847094
1099.75 24.5818069108106 22.502684900989074
1100.25 24.583660366152774 22.50370241447568
1100.75 24.585446304248073 22.50471167078129
1101.25 24.587287888337478 22.50573606383954
1101.75 24.58913262464996 22.506750604681972
1102.25 24.590972697576543 22.50777905645898
1102.75 24.592812458215278 22.508800351023464
1103.25 24.594660854118878 22.50982751251651
1103.75 24.596503496899498 22.510858249551298
1104.25 24.598352169948342 22.511901636423474
1104.75 24.600207393930184 22.51293478372151
1105.25 24.60207373527789 22.513986689643566
1105.75 24.60393186786297 22.515023879600456
1106.25 24.605768889904507 22.516071322445658
1106.75 24.607642466776 22.517122841923644
1107.25 24.609519998685066 22.51818212482923
1107.75 24.611390496239146 22.519238092016487
1108.25 24.61326139766915 22.52028660160988
1108.75 24.61513111717249 22.521352492479924
1109.25 24.617006979298974 22.52241292748502
1109.75 24.61889367951661 22.523478840556784
1110.25 24.620766235909066 22.524543662470172
1110.75 24.62264891972341 22.525614883215297
1111.25 24.624523943228688 22.526686336737388
1111.75 24.62642074624277 22.527755026279
1112.25 24.62833524897704 22.528822704487755
1112.75 24.63019475628442 22.529901583804325
1113.25 24.632098363572386 22.530973945221668
1113.75 24.633999349041105 22.532058817474674
1114.25 24.635888335486232 22.53313672604644
1114.75 24.637803863464576 22.534221019489856
1115.25 24.639701967774013 22.535297531277948
1115.75 24.641599091732573 22.53638369056205
1116.25 24.643516935489593 22.5374646800294
1116.75 24.645389971038107 22.53855309890383
1117.25 24.647317737238193 22.53964337731796
1117.75 24.64924353647209 22.540715031776045
1118.25 24.651139929559477 22.54181253754583
1118.75 24.653061769503594 22.542902181173016
1119.25 24.654958397773008 22.543988433639694
1119.75 24.656871175796766 22.545080381385333
1120.25 24.658786804431692 22.546170104429603
1120.75 24.660710077085078 22.547256391004954
1121.25 24.662641161245592 22.548338845961386
1121.75 24.664552281296068 22.54943549277123
1122.25 24.666483073776316 22.550527783114035
1122.75 24.66840151011761 22.551609139022574
1123.25 24.670326098439727 22.552702358834644
1123.75 24.67224348447477 22.553794174046985
1124.25 24.674164589091042 22.55488015289089
1124.75 24.676104303026023 22.555966981244016
1125.25 24.678026839307407 22.557055625371444
1125.75 24.679954006864072 22.558141254347216
1126.25 24.681891480447163 22.559224739831944
1126.75 24.683810392560808 22.560314709663544
1127.25 24.68574131564955 22.561394136220482
1127.75 24.68767598770333 22.562473342534624
1128.25 24.689605084461377 22.56355813917652
1128.75 24.69155583970725 22.564638756976674
1129.25 24.6934731707711 22.56571093513884
1129.75 24.695415561643124 22.566787564891296
1130.25 24.697318469192897 22.56786382322418
1130.75 24.699254307668326 22.568939301630706
1131.25 24.70120647321521 22.570014001765493
1131.75 24.703152505047797 22.57107971528891
1132.25 24.7050835237131 22.57215010481297
1132.75 24.70697876237674 22.573219710357936
1133.25 24.70892635746985 22.574279100689058
1133.75 24.710873835967217 22.575336908751737
1134.25 24.71278898604829 22.57639833286546
1134.75 24.7147308415935 22.577460103951857
1135.25 24.71664503554939 22.578509267991688
1135.75 24.718589292891746 22.579566613629275
1136.25 24.720537781030593 22.580628264175946
1136.75 24.72247117344316 22.58168420514493
1137.25 24.72441149892508 22.582733810787513
1137.75 24.726327388683952 22.583794617685133
1138.25 24.728285419951547 22.584851503004266
1138.75 24.730216115180077 22.58590756095094
1139.25 24.73216405207209 22.586965041038557
1139.75 24.734111925064294 22.588015005931155
1140.25 24.736047040243918 22.58906796784583
1140.75 24.738001479178834 22.590132556609287
1141.25 24.739918766947042 22.591184353795132
1141.75 24.741902042798042 22.592237359600176
1142.25 24.743824842095542 22.593293404130357
1142.75 24.74576786099601 22.59434897671078
1143.25 24.747719049439574 22.59540076483055
1143.75 24.749677997958752 22.596452896205257
1144.25 24.751622799145096 22.597506003705774
1144.75 24.753570369753245 22.598557770463984
1145.25 24.75553122900601 22.599619390566406
1145.75 24.757486815900517 22.600667478360407
1146.25 24.75942063672768 22.601721555508316
1146.75 24.761406574816995 22.602758953868694
1147.25 24.7633559713144 22.603810882993187
1147.75 24.765301529483146 22.60487048263716
1148.25 24.76726660260884 22.605921127820462
1148.75 24.769221226785135 22.606959574541353
1149.25 24.771203095901182 22.608013485306728
1149.75 24.773133450414903 22.60905638534806
1150.25 24.77509317975068 22.610104795670342
1150.75 24.777054929523317 22.611151064884673
1151.25 24.779017777354163 22.612197830048398
1151.75 24.780982417786287 22.613239612783495
1152.25 24.782963506989326 22.614286563390202
1152.75 24.784914646761756 22.615325387760517
1153.25 24.78687552946422 22.61637045887211
1153.75 24.78884642350331 22.61741090997141
1154.25 24.790806492796698 22.61844968468946
1154.75 24.792781563493357 22.619488966949575
1155.25 24.794762207129722 22.62051876605467
1155.75 24.79669953073723 22.621570394102854
1156.25 24.79868261919121 22.622602213591122
1156.75 24.800669172243232 22.623638484413174
1157.25 24.80265089173193 22.624677514084112
1157.75 24.804597339176784 22.62570394471897
1158.25 24.80657663782349 22.626744831822066
1158.75 24.808546423069224 22.627766936570342
1159.25 24.81049877817822 22.62880054463966
1159.75 24.8124830435208 22.62982520714392
1160.25 24.814454738230953 22.630857760297857
1160.75 24.816435411684377 22.631879340832377
1161.25 24.818398203749613 22.632909236493425
1161.75 24.82036195316391 22.633927975342523
1162.25 24.822346518543252 22.634962607285477
1162.75 24.824324389948003 22.635976874535277
1163.25 24.82629954601252 22.63699634160449
1163.75 24.82824542881324 22.63801900604048
1164.25 24.83022908420398 22.63903624547328
1164.75 24.83222759693397 22.640049535994947
1165.25 24.834191246348475 22.641063936486372
1165.75 24.83615441894434 22.642076893822317
1166.25 24.83812769622711 22.643093677651315
1166.75 24.840117582415854 22.644105421384207
1167.25 24.842074938953765 22.645109148297973
1167.75 24.844053824533976 22.646120282599284
1168.25 24.846041303943007 22.647126140867876
1168.75 24.847996003178675 22.64812594407861
1169.25 24.849981166820605 22.649137223935266
1169.75 24.851977882910955 22.65013058560342
1170.25 24.853923931238143 22.651139321692643
1170.75 24.85589289084142 22.652138935399062
1171.25 24.85789712879537 22.65313336506265
1171.75 24.85985129753236 22.65413450635332
1172.25 24.861829560866866 22.655131013888337
1172.75 24.8638073262049 22.65612076728616
1173.25 24.86577464172171 22.657118907322065
1173.75 24.867792308051154 22.658114356179368
1174.25 24.869745912080973 22.659111006066848
1174.75 24.871750702233232 22.660107255132303
1175.25 24.873728690784173 22.66108788797373
1175.75 24.875690266791732 22.66208457269018
1176.25 24.87768507389117 22.663074538971884
1176.75 24.8796579835387 22.664056915203993
1177.25 24.88164559036162 22.66504971595348
1177.75 24.883629520193452 22.666031849447602
1178.25 24.88562727433949 22.667011325620436
1178.75 24.887614135006636 22.667998776423293
1179.25 24.889567498191187 22.668976216087323
1179.75 24.89158169722097 22.669961764032344
1180.25 24.893548118926276 22.67092885983368
1180.75 24.895518933740014 22.67191349537237
1181.25 24.89750879699941 22.672897786030784
1181.75 24.89950307699075 22.67387017793912
1182.25 24.90146129688555 22.674836539510128
1182.75 24.903477776088067 22.67582082889822
1183.25 24.90545419794757 22.67678774776543
1183.75 24.90743757878088 22.677753925921063
1184.25 24.909414579969813 22.678726898557038
1184.75 24.911419787541295 22.679691525210572
1185.25 24.913390408250674 22.68066313457322
1185.75 24.915382390003572 22.681623361849464
1186.25 24.917365476475233 22.682592520603137
1186.75 24.919366452904676 22.683547429179825
1187.25 24.921345592048606 22.684505889285255
1187.75 24.923321501473147 22.685469440183226
1188.25 24.925286741170435 22.68642251047906
1188.75 24.927263067241668 22.687383527959042
1189.25 24.92928396760218 22.688336680668343
1189.75 24.931257891887654 22.689295587126107
1190.25 24.933261118737242 22.690249480577855
1190.75 24.935245765357223 22.69120095553921
1191.25 24.937201592009643 22.69214775767272
1191.75 24.939176947177522 22.693088432354518
1192.25 24.94119760497199 22.69404690042972
1192.75 24.9431745418767 22.694981941301897
1193.25 24.945139138399508 22.695928370893412
1193.75 24.947141255989518 22.696871629768086
1194.25 24.949150809554872 22.697813876080218
1194.75 24.95110178611177 22.698751875257564
1195.25 24.953101477046964 22.699685855090692
1195.75 24.955079164929906 22.70062519977771
1196.25 24.95704711431353 22.701558874959122
1196.75 24.959025172641137 22.702489185926417
1197.25 24.96103304361966 22.70342378577177
1197.75 24.96300531161578 22.704349206293493
1198.25 24.96498158552686 22.705281591702423
1198.75 24.966969250563054 22.70619915267083
1199.25 24.9689272540323 22.707124655900053
1199.75 24.970932539789917 22.708051416166196
1200.25 24.972926117430543 22.70896611397498
1200.75 24.974898621853463 22.70989505562134
1201.25 24.97685727914049 22.71080799632422
1201.75 24.97885396212756 22.711719374555873
1202.25 24.98080474303027 22.71264404687898
1202.75 24.982786824198868 22.713546127063378
1203.25 24.98477938817117 22.71445470356897
1203.75 24.986745416324133 22.71536634497657
1204.25 24.988747383680767 22.716276844182328
1204.75 24.990700313663062 22.71718914912846
1205.25 24.992667697063435 22.718094092823804
1205.75 24.9946363693875 22.71900075055898
1206.25 24.99661967680045 22.719901757883548
1206.75 24.998605722796725 22.720798295777193
1207.25 25.000567045216574 22.721701464533265
1207.75 25.002557095576968 22.722605584808733
1208.25 25.00454943143354 22.72349775106212
1208.75 25.006493529972545 22.72438747586645
1209.25 25.00847141710432 22.725289051325106
1209.75 25.010475762438617 22.726174872551933
1210.25 25.0124449455258 22.727065378829185
1210.75 25.01441028593093 22.727952992095325
1211.25 25.016381280330474 22.728848121801974
1211.75 25.018359351201486 22.729735597101772
1212.25 25.020337431850372 22.730607821073285
1212.75 25.02229819505908 22.7314986726036
1213.25 25.024271086427127 22.7323813032066
1213.75 25.026230615229146 22.733252574470008
1214.25 25.02822845724235 22.734137877984793
1214.75 25.030202877407145 22.735008571337968
1215.25 25.03213688328585 22.735879309260014
1215.75 25.034116269994648 22.736751809339275
1216.25 25.0360810484722 22.73762730254193
1216.75 25.038049983503466 22.738493128829404
1217.25 25.04000879496975 22.73935726229789
1217.75 25.042008503768226 22.740226339560756
1218.25 25.04394901725655 22.74109442462602
1218.75 25.045930865774018 22.741962283399996
