FastTrWP/PhaseSpace/IAs/snIa_0.63_30.00_0.22_-0.06.csv
# %ECSV 0.9
# ---
# datatype:
# - {name: time-rel, datatype: float64}
# - {name: g, datatype: float64}
# - {name: i, datatype: float64}
# schema: astropy-2.0
time-rel g i
[from data line 337]
265.4375 24.77584743443647 23.384838232816914
265.9375 24.771807582293555 23.381697429779166
266.4375 24.767749223046458 23.378557675106258
266.9375 24.763731810297912 23.37543653194237
267.4375 24.759697052139195 23.37232844687357
267.9375 24.755660414357102 23.36921313655736
268.4375 24.751665475190112 23.366115176417168
268.9375 24.747640685682917 23.363021199911863
269.4375 24.743661725391092 23.359923995013435
269.9375 24.73967029203038 23.356843406899802
270.4375 24.735685158091126 23.353774724517006
270.9375 24.7317020494749 23.35068918917248
271.4375 24.727727797908333 23.347643091168038
271.9375 24.723762609421517 23.34459266286646
272.4375 24.719820669896695 23.34154304448986
272.9375 24.7158703540235 23.338506014674955
273.4375 24.71193181609793 23.335464328751105
273.9375 24.70799940426781 23.332443265480837
274.4375 24.704069266557312 23.329428128814975
274.9375 24.70013314171751 23.326419227522635
275.4375 24.69624101603693 23.32340603098129
275.9375 24.69232656602928 23.320407654890545
276.4375 24.688437333950613 23.317423943626643
276.9375 24.68452882840126 23.314426273639892
277.4375 24.680639279680157 23.31144033693324
277.9375 24.676769828948974 23.308470806748605
278.4375 24.672898135619814 23.305501395019963
278.9375 24.66901877454162 23.302535747788646
279.4375 24.66516924203252 23.299588252341678
279.9375 24.66131211995274 23.296636324578515
280.4375 24.65745863712797 23.293695589457414
280.9375 24.65362596130856 23.29076634125225
281.4375 24.649797401392412 23.287822816411804
281.9375 24.64595848063677 23.28490446650204
282.4375 24.642111900880593 23.281983659463897
282.9375 24.63831335688262 23.2790636375162
283.4375 24.634505880277562 23.276161063299053
283.9375 24.630720114971112 23.273261451890377
284.4375 24.626891682434508 23.2703551918005
284.9375 24.62309349804012 23.267466683043573
285.4375 24.619323309513 23.264574774446718
285.9375 24.615550668220948 23.261702435172197
286.4375 24.611764155206473 23.25882936168959
286.9375 24.607992933975723 23.25595623287207
287.4375 24.604223691518555 23.253086938533
287.9375 24.60047933621758 23.25023237696413
288.4375 24.596730725167333 23.24737913284593
288.9375 24.59296544068684 23.244533342640892
289.4375 24.589260299996376 23.241691412064153
289.9375 24.585491456139877 23.23885601777478
290.4375 24.581757968498856 23.23601808988954
290.9375 24.578039214828383 23.233186420619845
291.4375 24.574337836082073 23.230370435738173
291.9375 24.57060642698128 23.22754576339065
292.4375 24.56688756904731 23.2247333165595
292.9375 24.56318576804786 23.22192777698227
293.4375 24.559518204344176 23.219134940131227
293.9375 24.5558194082956 23.21631703262467
294.4375 24.552120140252192 23.21353426230054
294.9375 24.548438790359892 23.210749975524088
295.4375 24.544761328003467 23.207958158833996
295.9375 24.541086962759916 23.205185259527248
296.4375 24.5374250472226 23.202412651261803
296.9375 24.5337742532838 23.19963894271371
297.4375 24.5301240237745 23.196869488834757
297.9375 24.526437387262867 23.194115436731582
298.4375 24.522803801987205 23.191351324550343
298.9375 24.519149656447045 23.188598512360556
299.4375 24.515516586040683 23.185856495066307
299.9375 24.51190296889553 23.183115242970874
300.4375 24.508262600385823 23.180363053866003
300.9375 24.504650946825212 23.177631424034082
301.4375 24.50104905687787 23.17490608251307
301.9375 24.497419233385713 23.17217369127276
302.4375 24.49381653814776 23.16945675134332
302.9375 24.49021238108219 23.16673661855091
303.4375 24.486608169105473 23.16401546457051
303.9375 24.483005282213924 23.16130748935814
304.4375 24.4794128522313 23.158601712271544
304.9375 24.475835937077555 23.155902065621454
305.4375 24.47223838237681 23.15319832609502
305.9375 24.46868075504389 23.150504760169518
306.4375 24.465124170720898 23.14781924459075
306.9375 24.461549260606436 23.145132553616044
307.4375 24.457974492372575 23.142458567517608
307.9375 24.45442032421985 23.1397793746897
308.4375 24.45087606236836 23.137101397785152
308.9375 24.447347452271995 23.134439373612672
309.4375 24.44378989003694 23.131783539614418
309.9375 24.44025332795406 23.129122995358756
310.4375 24.43671896831183 23.12647878644119
310.9375 24.433199949304708 23.123834213890902
311.4375 24.42968415158979 23.121189730386135
311.9375 24.42616495970536 23.118539870389306
312.4375 24.42266054328112 23.115904124053536
312.9375 24.419162685511626 23.113273545581265
313.4375 24.41566906888235 23.110655203006516
313.9375 24.412183659794504 23.10803480820578
314.4375 24.408674759773437 23.10541063130681
314.9375 24.405185971989283 23.102798211177003
315.4375 24.40172037929489 23.100191601949923
315.9375 24.398233393036165 23.097589668653864
316.4375 24.394773392270864 23.094991931700374
316.9375 24.39132121671758 23.09239653343375
317.4375 24.387861998065507 23.089805636907997
317.9375 24.384397720830396 23.08721709735828
318.4375 24.380956280337422 23.08463755924803
318.9375 24.377520199852654 23.082049553741317
319.4375 24.374070476364945 23.079473428612133
319.9375 24.370649057803902 23.076909509181576
320.4375 24.367210541798695 23.074338231733037
320.9375 24.3637875558561 23.071778112802257
321.4375 24.36038874275894 23.069216896161247
321.9375 24.356941354869548 23.066657613933312
322.4375 24.35353887638251 23.064095686450493
322.9375 24.350130020079458 23.061565308017972
323.4375 24.346732018879507 23.059016883312896
323.9375 24.343312186240414 23.056475338647328
324.4375 24.339927718132476 23.053947331736254
324.9375 24.336552794854597 23.051401338551155
325.4375 24.3331395976592 23.04886979405336
325.9375 24.32977320512318 23.046349261704382
326.4375 24.326403407746927 23.04382979901344
326.9375 24.32302957940829 23.04130660625259
327.4375 24.319662490811744 23.038795128069594
327.9375 24.316297778348535 23.036280647771953
328.4375 24.31295103587562 23.033775273880256
328.9375 24.309584957220423 23.031271325336753
329.4375 24.306237887823148 23.028772458047655
329.9375 24.302885360860593 23.026266890361633
330.4375 24.299560521512973 23.023780301242482
330.9375 24.296226484845164 23.02128091991527
331.4375 24.29287607171414 23.01880399274113
331.9375 24.289561802889004 23.016315044172973
332.4375 24.286228753436113 23.01383452209786
332.9375 24.282914157445582 23.011357555693827
333.4375 24.279606926638078 23.008885101345847
333.9375 24.2763003112905 23.006414706579537
334.4375 24.272971228660136 23.00394665464932
334.9375 24.26968060301851 23.001479768587924
335.4375 24.266371308208296 22.999022472794174
335.9375 24.263076265207097 22.99657449336339
336.4375 24.259790301314563 22.99411298172167
336.9375 24.256503775422598 22.99165964806152
337.4375 24.253213914700066 22.989212666365706
337.9375 24.24994386008738 22.986769206718478
338.4375 24.246658547210224 22.984321092351927
338.9375 24.243401850600847 22.981886568701487
339.4375 24.240153178488455 22.97945876330362
339.9375 24.23686458745136 22.97702322165895
340.4375 24.23359758671006 22.9745920137311
340.9375 24.230349116822637 22.972162354672907
341.4375 24.227094979315016 22.969742758438603
341.9375 24.223847550887918 22.967320982388358
342.4375 24.22059406629547 22.96490187320623
342.9375 24.217361836035064 22.962486820040514
343.4375 24.21413013712943 22.960074181229146
343.9375 24.210896399791547 22.957675385412625
344.4375 24.20767471754367 22.95526266645807
344.9375 24.20444452611768 22.952857365463494
345.4375 24.201208705685655 22.950459131530007
345.9375 24.197969837778118 22.948056625178506
346.4375 24.19473696278132 22.945645523948983
346.9375 24.191485698626845 22.943251034874855
347.4375 24.188241756980588 22.940837233568168
347.9375 24.184984016202637 22.938442174600343
348.4375 24.181723766427268 22.93603370442098
348.9375 24.178467920196876 22.933629576538106
349.4375 24.175213963378145 22.931225497478252
349.9375 24.171947034345433 22.928834871718557
350.4375 24.16867731620085 22.926435392867255
350.9375 24.165410269063603 22.9240302225166
351.4375 24.16214925256158 22.92162970485537
351.9375 24.158888369613134 22.91923675564606
352.4375 24.155626326592685 22.916840960652877
352.9375 24.152350861952087 22.914448460465362
353.4375 24.14908526802772 22.912056910776965
353.9375 24.145818711809408 22.909667451282093
354.4375 24.142569178351664 22.907282924054314
354.9375 24.139309957428075 22.90489724254464
355.4375 24.136036859874256 22.9025087686877
355.9375 24.13280384812841 22.90012558964034
356.4375 24.129556271698327 22.897753364250505
356.9375 24.126290169876874 22.895370860141217
357.4375 24.123053551876072 22.893003401096173
357.9375 24.119816586231188 22.890640101448643
358.4375 24.116577073323736 22.888272862282456
358.9375 24.113349998481315 22.885912614532295
359.4375 24.110122876638105 22.88354620179622
359.9375 24.106913509569218 22.881197939448413
360.4375 24.10369335114675 22.878837782242464
360.9375 24.1004780128096 22.876489529663893
361.43749999999994 24.09727987716556 22.874153508828154
361.9375 24.09408842794434 22.871809196486375
362.4375 24.0909100206231 22.869468624811763
362.93749999999994 24.087727910336064 22.867141080427697
363.4375 24.08457570570057 22.86481752387473
363.9375 24.08138822364983 22.862494045824214
364.43749999999994 24.078244023948365 22.860171034624294
364.9375 24.07509685010035 22.85785844951676
365.4375 24.07195898937217 22.855544180370835
365.93749999999994 24.06883752554731 22.853247329430125
366.4375 24.065724938995977 22.850947833115832
366.9375 24.06260895108879 22.84866354430452
367.43749999999994 24.059518348992682 22.84636517451036
367.9375 24.05643442364986 22.844075335242525
368.4375 24.053359634982286 22.841804454083174
368.93749999999994 24.050289750287355 22.8395307893244
369.4375 24.047232480510303 22.837263162936566
369.9375 24.044195597420888 22.83500891743001
370.43749999999994 24.041168596151536 22.832747772871397
370.9375 24.038139539777127 22.830502568925496
371.4375 24.03514478298427 22.828254654567665
371.93749999999994 24.03215724149605 22.82602261317701
372.4375 24.029167814691522 22.823789404031388
372.9375 24.026207967005398 22.82157208332389
373.43749999999994 24.0232378855734 22.81934612113382
373.9375 24.020307172508517 22.817135546658672
374.4375 24.01738976891505 22.814936610449415
374.93749999999994 24.01448346619391 22.8127348882771
375.4375 24.011580895886034 22.810549402604934
375.9375 24.00869142609219 22.808364783451122
376.43749999999994 24.005816941163047 22.80619618319427
376.9375 24.00297177824763 22.804019021825436
377.4375 24.000131304995975 22.801853434448066
377.93749999999994 23.997311653141097 22.799703671370857
378.4375 23.99449225756094 22.797554606670026
378.9375 23.99170865758975 22.795411246329774
379.43749999999994 23.988930111208653 22.793277229253338
379.9375 23.98616446048342 22.79115538321146
380.4375 23.983425708838713 22.789041125298848
380.93749999999994 23.980702566968223 22.78693671499433
381.4375 23.97797716157324 22.784831558260812
381.9375 23.975292299750528 22.78274361742099
382.43749999999994 23.97261855897095 22.780657903450347
382.9375 23.96995671469778 22.778576330001663
383.4375 23.967328862746 22.776517436106122
383.93749999999994 23.964685585696426 22.774448704159035
384.4375 23.962082987093474 22.772406056155813
384.9375 23.959467668571826 22.770346420505785
385.43749999999994 23.95686933133335 22.76829941720615
385.9375 23.954291396397608 22.76625691552035
386.4375 23.951693534671904 22.764216111594543
386.93749999999994 23.949108909275424 22.76218025936654
387.4375 23.94653698094664 22.76014993789616
387.9375 23.94394866470305 22.758123537880202
388.43749999999994 23.941393538194102 22.75609562065634
388.9375 23.938831712183056 22.75407142633524
389.4375 23.936281614845484 22.752061902187457
389.93749999999994 23.93375022370094 22.750048118955707
390.4375 23.93121105726603 22.748034665543283
390.9375 23.928684745255154 22.746033600084672
391.43749999999994 23.92616062416673 22.744033350897908
391.9375 23.92365337193763 22.7420401215401
392.4375 23.921134568245222 22.740045563929666
392.93749999999994 23.91864427851138 22.738061113702443
393.4375 23.916150937235564 22.736076463878817
393.9375 23.913681775654787 22.734105425564213
394.43749999999994 23.911203624733627 22.732133636272145
394.9375 23.90872968610651 22.730159107102708
395.4375 23.906280392354095 22.72819577514641
395.93749999999994 23.903832690834967 22.726234008528422
396.4375 23.901396226016566 22.724283520976027
396.9375 23.89896197229963 22.72232749640473
397.43749999999994 23.896540372359965 22.720391661605703
397.9375 23.89411588380716 22.718447323659802
398.4375 23.89170596738678 22.71651095991885
398.93749999999994 23.889325537593827 22.71457957021585
399.4375 23.88693610915038 22.7126626725191
399.9375 23.884557057912538 22.710739534796488
400.43749999999994 23.8821976969699 22.708815242863842
400.9375 23.879837847581182 22.70690910270547
401.4375 23.87748804210801 22.705004722750424
401.93749999999994 23.87514746699778 22.70310555294011
402.4375 23.872823446361117 22.7012091894936
402.9375 23.870515094421883 22.699322613676465
403.43749999999994 23.868212472705224 22.69743844584277
403.9375 23.86591590308595 22.69555696712995
404.4375 23.863616092805646 22.69368511993067
404.93749999999994 23.861338113505628 22.69181342752209
405.4375 23.85905740282209 22.68995050893478
405.9375 23.856822703177528 22.688096517885633
406.43749999999994 23.85457356575687 22.686238590352406
406.9375 23.8523379063571 22.684396651372385
407.4375 23.85012117810068 22.68255302445234
407.93749999999994 23.847897070395113 22.68071791378881
408.4375 23.845711647961167 22.678889989128564
408.9375 23.843493517961676 22.677060110458047
409.43749999999994 23.841339070988433 22.675248649937473
409.9375 23.839169214202457 22.673432466702476
410.4375 23.836993313454244 22.671628041657176
410.93749999999994 23.834858857270703 22.669833237391256
411.4375 23.832725070359842 22.66803324126693
411.9375 23.83061294696362 22.666249648060308
412.43749999999994 23.82849479390888 22.66446423324705
412.9375 23.826409784001534 22.662684890007952
413.4375 23.824317537902616 22.660911972805145
413.93749999999994 23.82225444561921 22.659158346132617
414.4375 23.82018627208707 22.657391387808772
414.9375 23.818131309598837 22.65563658024387
415.43749999999994 23.81610770642627 22.653896397361436
415.9375 23.81406838590751 22.65216038392909
416.4375 23.81205795298543 22.65042515246341
416.93749999999994 23.810072171916875 22.648694185825317
417.4375 23.808080465835992 22.646971821060408
417.9375 23.806091807322733 22.645255489414744
418.43749999999994 23.80414546183146 22.6435485308065
418.9375 23.802189583993297 22.641840959167865
419.4375 23.800258956123322 22.640145340631122
419.93749999999994 23.798326524586063 22.63845704959698
420.4375 23.79642503579695 22.636774329283394
420.9375 23.794533264254248 22.63509278576305
421.43749999999994 23.792643059029565 22.63342762533803
421.9375 23.79078798379274 22.631765964969258
422.4375 23.788916697385005 22.630103790846793
422.93749999999994 23.787095036738933 22.628456045291323
423.4375 23.785250150772164 22.626812018023145
423.9375 23.783427568678537 22.62516829633399
424.43749999999994 23.78160765889699 22.62354045679448
424.9375 23.77981101650058 22.621901739326272
425.4375 23.77800255150943 22.620277253157358
425.93749999999994 23.7762267523693 22.618655047341303
426.4375 23.77444365972103 22.61704820283863
426.9375 23.77268226049234 22.61543672156858
427.43749999999994 23.77093152262219 22.6138299410839
427.9375 23.769179475709436 22.61222707397629
428.4375 23.767438352162852 22.61063342907928
428.93749999999994 23.765709693537804 22.609037939405336
429.4375 23.763981602310746 22.60745508016423
429.9375 23.762263517101246 22.60587658039202
430.43749999999994 23.760567420865193 22.60429449707846
430.9375 23.758864352476028 22.602723774204186
431.4375 23.757187929434238 22.601157157563453
431.93749999999994 23.75551342373683 22.59959298538568
432.4375 23.753821358414243 22.59803591147697
