FastTrWP/PhaseSpace/IAs/snIa_0.58_30.00_-1.78_-0.06.csv
# %ECSV 0.9
# ---
# datatype:
# - {name: time-rel, datatype: float64}
# - {name: g, datatype: float64}
# - {name: i, datatype: float64}
# schema: astropy-2.0
time-rel g i
[from data line 1078]
228.4999999999999 24.007896875286644 22.3289296455396
229.0 24.010077734537326 22.329162062277224
229.5 24.01225508062557 22.329387875382967
229.9999999999999 24.01444546759575 22.329626873488188
230.5 24.01664065578085 22.329856684542747
231.0 24.018844978090257 22.330096531248984
231.4999999999999 24.021046435194986 22.33032839281975
232.0 24.023251252298657 22.330574921384954
232.5 24.02545634463836 22.330812976204374
232.9999999999999 24.027685140288725 22.33106058077112
233.5 24.029916502362262 22.33130730326706
234.0 24.03212661125536 22.331547318112438
234.4999999999999 24.034335916249194 22.331805043165787
235.0 24.03660178860935 22.332062040253767
235.5 24.038823400924514 22.332312924536403
235.9999999999999 24.041061067124136 22.33257041184733
236.5 24.043317060225803 22.332827989611076
237.0 24.045579453392246 22.3330861311322
237.4999999999999 24.047838417130333 22.33334915956314
238.0 24.050106233558797 22.33361740062481
238.5 24.05236295686408 22.33387344816996
238.9999999999999 24.05464601147608 22.334151418807913
239.5 24.05692659153622 22.334424552219797
240.0 24.059210850604174 22.33469953746949
240.4999999999999 24.061508287058786 22.33497280730274
241.0 24.06382684001652 22.33524296399012
241.5 24.066111314305125 22.335540216516897
241.9999999999999 24.068431499530128 22.335815117005033
242.5 24.070732823029815 22.336104137561684
243.0 24.073084563571854 22.336393674490616
243.4999999999999 24.07541043333763 22.33667534960938
244.0 24.07774041703369 22.33697666835537
244.5 24.080081907905516 22.3372584725999
244.9999999999999 24.082436763672494 22.337562557075405
245.5 24.08478149043542 22.337858922778686
246.0 24.087147634969032 22.33816742973675
246.4999999999999 24.089522594083192 22.33846615120712
247.0 24.091878333918398 22.338775251156715
247.5 24.094247243108626 22.339084037499152
247.9999999999999 24.096644612057077 22.339386806243382
248.5 24.09903146805117 22.33970614992392
249.0 24.101426745441042 22.340014295949974
249.4999999999999 24.10383782558823 22.340338589265095
250.0 24.106254136567237 22.34065742523335
250.5 24.10864108601601 22.340980524815215
250.9999999999999 24.111073458485343 22.341303588671263
251.5 24.11350688326696 22.341626977807863
252.0 24.115926741629412 22.341960556051976
252.4999999999999 24.118371050260397 22.342289737626075
253.0 24.120803999417856 22.342622554674275
253.5 24.123265702494766 22.34295183271961
253.9999999999999 24.125717545301324 22.343292383577204
254.5 24.12817680677997 22.343634629354383
255.0 24.130636904905437 22.34396331850524
255.4999999999999 24.13311864344132 22.344308781766415
256.0 24.135598204283767 22.344659196343784
256.5 24.138078008672732 22.345008658118264
256.9999999999999 24.140552087199552 22.34535739592053
257.5 24.143058962138074 22.345704351139165
258.0 24.145562358869945 22.346062454490948
258.4999999999999 24.14806788530538 22.34640980275998
259.0 24.150585377939255 22.346772590685703
259.5 24.15311567433507 22.347140415807836
259.9999999999999 24.155642329209712 22.34749838453252
260.5 24.158170810391603 22.347860095793468
261.0 24.16069684257188 22.34822154092937
261.4999999999999 24.163246965533514 22.348588770496278
262.0 24.1657823975845 22.34895766227448
262.5 24.168325804058902 22.34932530708695
262.9999999999999 24.170898179725317 22.349702057016472
263.5 24.173463226968384 22.350076070708017
264.0 24.176039065907197 22.350452132127657
264.4999999999999 24.178613088935496 22.350836491971528
265.0 24.181200965019865 22.35121527237588
265.5 24.183800414554767 22.351599317168983
265.9999999999999 24.186386677772273 22.351981550189805
266.5 24.188968844632974 22.352370330534356
267.0 24.191586082521752 22.35275732946715
267.4999999999999 24.194203352561633 22.35314673698111
268.0 24.19680598982579 22.353536552754356
268.5 24.199427112288674 22.353930894965124
268.9999999999999 24.202050363408716 22.354329776213966
269.5 24.20469793975702 22.354726438445102
270.0 24.207336076530815 22.355121715631135
270.4999999999999 24.209975693251838 22.355525879909443
271.0 24.21262979638533 22.355927920738093
271.5 24.215291447774568 22.356335353309845
271.9999999999999 24.217954890702803 22.356739754455344
272.5 24.22059952355486 22.357156782392966
273.0 24.223275126982465 22.35756210780049
273.4999999999999 24.225969942872556 22.35797300777632
274.0 24.228641663585222 22.358383391674387
274.5 24.231333435912717 22.358799018713103
274.9999999999999 24.23402392906551 22.3592147844691
275.5 24.236719412504044 22.359632970953484
276.0 24.239436190832897 22.36005977067842
276.4999999999999 24.242154914894193 22.36047048724879
277.0 24.24487597015918 22.360911974287333
277.5 24.247624135032897 22.361336933725838
277.9999999999999 24.250379136771425 22.36176856453305
278.5 24.253142389542074 22.36219686993357
279.0 24.255921848320632 22.362643572703274
279.4999999999999 24.258698217050387 22.363075237236547
280.0 24.26150852219235 22.363526710342356
280.5 24.264329233484464 22.363965699633592
280.9999999999999 24.267145463135094 22.364413505931733
281.5 24.2699854168529 22.364867011184366
282.0 24.27282242764313 22.36531899849599
282.4999999999999 24.27568624993926 22.36578058993733
283.0 24.27854681414137 22.366239751900338
283.5 24.281429578475944 22.36669566128316
283.9999999999999 24.28432071535571 22.367165599282515
284.5 24.287205729963418 22.367627730084987
285.0 24.290113932894187 22.368099288205393
285.4999999999999 24.293041510715234 22.368571759978217
286.0 24.295968585228195 22.369046080308745
286.5 24.298891879277548 22.369514834598224
286.9999999999999 24.301829002627912 22.369995620605465
287.5 24.30479867201626 22.370474619047556
288.0 24.30775277929614 22.370960953477415
288.4999999999999 24.31071390142244 22.371442692316702
289.0 24.31369251457264 22.371928991604623
289.5 24.31669048392863 22.37241645391301
289.9999999999999 24.31966237514363 22.37290572177613
290.5 24.322656745862833 22.373396394930005
291.0 24.32566068562044 22.37389012329605
291.4999999999999 24.3286644453943 22.37438685633699
292.0 24.331685984703817 22.37488641968541
292.5 24.33471004095095 22.37538131026826
292.9999999999999 24.337734061143856 22.375884969897612
293.5 24.340771441438758 22.3763866798965
294.0 24.343818122332728 22.376897604705345
294.4999999999999 24.346860177600988 22.37740449887525
295.0 24.34991409679445 22.377903454038886
295.5 24.352962475946107 22.37842006509066
295.9999999999999 24.35601954906395 22.3789278926683
296.5 24.35908731535894 22.379436756670373
297.0 24.362152722156907 22.37995114147062
297.4999999999999 24.365208687748773 22.380470840643248
298.0 24.368270782947704 22.38098173015989
298.5 24.371345740813855 22.381497535245096
298.9999999999999 24.37442341299858 22.38202130821236
299.5 24.377509548517814 22.38254036834669
300.0 24.380599098909286 22.383063001241453
300.4999999999999 24.38367292105788 22.383589209987818
301.0 24.386758003653483 22.384108756362053
301.5 24.389836062624937 22.384629046235368
301.9999999999999 24.392919505655488 22.385162090056987
302.5 24.39600782835365 22.385692007740946
303.0 24.39908710566226 22.386214108381665
303.4999999999999 24.402175203819667 22.386739271142268
304.0 24.405257802859794 22.387271003789838
304.5 24.408342184457787 22.387805486003845
304.9999999999999 24.411424469992866 22.388327896082423
305.5 24.41451544777219 22.38886960831133
306.0 24.41758196571172 22.389404941775833
306.4999999999999 24.420653467528762 22.38992530079981
307.0 24.423717990550095 22.390460701903802
307.5 24.42679684003387 22.391006750926397
307.9999999999999 24.429850418519464 22.391526354774598
308.5 24.432913577372453 22.392065640305383
309.0 24.43597365628294 22.392600615489393
309.4999999999999 24.439026102105007 22.393132282471363
310.0 24.44207737980571 22.393677937787796
310.5 24.445118888917957 22.394214196592177
310.9999999999999 24.44814853733201 22.394748731220634
311.5 24.45120415393275 22.395285917213762
312.0 24.454212846702845 22.395824323438077
312.4999999999999 24.457226807712047 22.3963584935497
313.0 24.460246663689205 22.39689918712326
313.5 24.463245458586236 22.397433521982528
313.9999999999999 24.466239068998338 22.39797103243773
314.5 24.46923079709775 22.39850935366176
315.0 24.47222312338669 22.39904903901718
315.4999999999999 24.47521475488932 22.39959323320481
316.0 24.47822944682621 22.400135430979603
316.5 24.4812105738578 22.400685387556397
316.9999999999999 24.48419169071785 22.401226707319474
317.5 24.48721679513688 22.401778940615085
318.0 24.49021280070575 22.402320831185463
318.4999999999999 24.493200850083472 22.402865372404015
319.0 24.496205249979248 22.403419297702406
319.5 24.499193864684834 22.40397096355501
319.9999999999999 24.502211672832416 22.40452203470816
320.5 24.505197598917853 22.405086414353566
321.0 24.508223502692932 22.40564100606903
321.4999999999999 24.51121738976841 22.406196276468474
322.0 24.51423718486437 22.406756301080538
322.5 24.517220968529813 22.407316670490054
322.9999999999999 24.520219212675517 22.40787446344445
323.5 24.523213805927323 22.40844096132401
324.0 24.526223527271803 22.40900395367261
324.4999999999999 24.529207651920206 22.40956216817122
325.0 24.532199655234482 22.410136195231818
325.5 24.535236667456672 22.410700123944622
325.9999999999999 24.53824022416725 22.411263121437695
326.5 24.541211205277477 22.41183350807895
327.0 24.544219749175955 22.4124021381318
327.4999999999999 24.547214545713306 22.4129789002858
328.0 24.550194303170933 22.41354066088902
328.5 24.55318700861401 22.41412265531435
328.9999999999999 24.55619530708728 22.414696815421795
329.5 24.559179563584888 22.41527661093228
330.0 24.562168317055225 22.41585154815738
330.4999999999999 24.565165094860735 22.416427714283774
331.0 24.568166971394803 22.417005240629134
331.5 24.571142333939626 22.417580780895
331.9999999999999 24.57410745045721 22.418170316667947
332.5 24.5770917551252 22.41874606489194
333.0 24.580067445166517 22.419324221716952
333.4999999999999 24.583043699926165 22.419919618410333
334.0 24.58602512212101 22.42049406814474
334.5 24.58900653396953 22.421080209860694
334.9999999999999 24.591951784699724 22.421666019583522
335.5 24.594921227949534 22.422257072890822
336.0 24.597912941218908 22.4228402093014
336.4999999999999 24.600860082397542 22.423436184212406
337.0 24.603813301528888 22.424020603213208
337.5 24.6067809172645 22.4246111681547
337.9999999999999 24.60974203486345 22.425206770154773
338.5 24.612686621316357 22.425798136052876
339.0 24.615619129557423 22.426389396578138
339.4999999999999 24.618573667067942 22.426985255922844
340.0 24.621505673119714 22.427578488739748
340.5 24.624446353356298 22.428181990104793
340.9999999999999 24.62737460360579 22.428770357360346
341.5 24.630321804197763 22.429367947617497
342.0 24.633234925835986 22.429967357301514
342.4999999999999 24.636171105033625 22.43056028290915
343.0 24.63907621548611 22.43115963484831
343.5 24.64198939544452 22.43176328967291
343.9999999999999 24.64489193157306 22.432359633449845
344.5 24.647794592162995 22.432965127172324
345.0 24.650702911012147 22.43356626073624
345.4999999999999 24.653590578363577 22.434172211608583
346.0 24.65648650680409 22.43476990646353
346.5 24.65936283222966 22.435382641046587
346.9999999999999 24.66224702731898 22.435976495643068
347.5 24.665109549065537 22.436587195687817
348.0 24.667994120329947 22.437192203277817
348.4999999999999 24.670855091727432 22.437792290525582
349.0 24.673708787423795 22.438401784814115
349.5 24.676559038374 22.43901231945766
349.9999999999999 24.679398524036728 22.439615878003885
350.5 24.682231295913727 22.440225372401823
351.0 24.685078823568922 22.44083348685681
351.4999999999999 24.68790817048394 22.44144371045634
352.0 24.69071659409394 22.442051618932062
352.5 24.693545715320106 22.442659824475847
352.9999999999999 24.696354864894467 22.443271181045702
353.5 24.699141357619503 22.44388303872133
354.0 24.70193046883823 22.44449663287629
354.4999999999999 24.704744729017712 22.445121065871735
355.0 24.707520759842122 22.44572589715797
355.5 24.71028916457733 22.44634705774309
355.9999999999999 24.713059074980904 22.446961845562633
356.5 24.715828136796706 22.447583054538466
357.0 24.71858924577976 22.448195489561655
357.4999999999999 24.721335369039718 22.448815588642518
358.0 24.724099180435473 22.449439011202838
358.5 24.726841563414176 22.450054897141364
358.9999999999999 24.729552972584486 22.45068230208478
359.5 24.732284177711435 22.4513001542051
360.0 24.73500514307323 22.451927602329942
360.4999999999999 24.737711028041236 22.45254611207767
361.0 24.74043999571216 22.453166803367868
361.5 24.743121013677253 22.453802230968666
361.9999999999999 24.74582967351705 22.454436785191263
362.5 24.74852525263037 22.45505673411335
363.0 24.75119009190841 22.455682261220872
363.4999999999999 24.753876455705925 22.456311695508113
364.0 24.75655540121643 22.456946786878568
364.5 24.75922878715046 22.457571479581375
364.9999999999999 24.761869682957503 22.458212251142427
365.5 24.764504532098755 22.458843184970632
366.0 24.7671584147973 22.45947268425362
366.4999999999999 24.769799385372266 22.460100031197005
367.0 24.77243806932166 22.460742246101006
367.5 24.77505544518688 22.461376233348194
367.9999999999999 24.777657973759343 22.462014828905144
368.5 24.78028709982371 22.46265308282193
369.0 24.782904730531268 22.463293866147126
369.4999999999999 24.7854932600886 22.463929683090186
370.0 24.788092567031708 22.46457173960678
370.5 24.790662139962976 22.46521245362649
370.9999999999999 24.793256797576788 22.46584946932473
371.5 24.79583025475585 22.466498203896954
372.0 24.79838928702452 22.4671419251688
372.4999999999999 24.800944779100824 22.46779175664868
373.0 24.803509087049825 22.468438643090348
373.5 24.80605555093593 22.469085132012747
373.9999999999999 24.808581211060833 22.469731699770858
374.5 24.811120751601244 22.470381928823663
375.0 24.813650757877802 22.471026229563037
375.4999999999999 24.816185915707706 22.471676361314934
376.0 24.818668461292383 22.472323026293385
376.5 24.821189132189026 22.472968347032594
376.9999999999999 24.823695518567614 22.473624238251958
377.5 24.826199287196587 22.47428299253449
378.0 24.82867047789536 22.474941588448
378.4999999999999 24.831132659943343 22.475595616872816
379.0 24.833610737919752 22.47624697582588
379.5 24.83608409264236 22.476903180489135
379.9999999999999 24.83853925067745 22.477561264367477
380.5 24.84100703601055 22.47822017985048
381.0 24.843457396234637 22.478874489897315
381.4999999999999 24.845902245199525 22.47954220618853
382.0 24.848325523649017 22.480192617436032
382.5 24.85074951389643 22.480857477515045
382.9999999999999 24.853175413404003 22.48152446640522
383.5 24.855587016850443 22.482185590601034
384.0 24.857988572808228 22.482849666426127
384.4999999999999 24.86039528535716 22.483513789117985
385.0 24.86278024113503 22.48417440230835
385.5 24.865193099488646 22.484842318779034
385.9999999999999 24.867561786049826 22.485517583197876
386.5 24.86994589840943 22.48618514930468
387.0 24.872296207489796 22.486850439923828
387.4999999999999 24.874668562014534 22.487516834906085
388.0 24.877020628299906 22.48819192239749
388.5 24.879376925271657 22.488862854784294
388.9999999999999 24.881705227609366 22.48953176955864
389.5 24.88404753230137 22.490208460728702
390.0 24.88634951114555 22.490881711182983
390.4999999999999 24.88867676566376 22.49155631749076
391.0 24.890990881713883 22.49223350503901
391.5 24.89329391220883 22.492910264456164
391.9999999999999 24.89557771814357 22.493584750905192
392.5 24.89789227228141 22.494263358790683
393.0 24.900163911526093 22.49494125759959
393.4999999999999 24.902395170037494 22.4956300305887
394.0 24.904668683155933 22.49630735616593
394.5 24.90690341585424 22.49698480836148
394.9999999999999 24.909126563391393 22.497671329216708
395.5 24.91135564504988 22.498355249314166
396.0 24.913559781864627 22.4990336526502
396.4999999999999 24.915764331035845 22.499716769121036
397.0 24.91797412870899 22.500413533373585
