FastTrWP/PhaseSpace/IAs/snIa_0.6_30_1_0.0.csv
# %ECSV 0.9
# ---
# datatype:
# - {name: time-rel, datatype: float64}
# - {name: g, datatype: float64}
# - {name: i, datatype: float64}
# schema: astropy-2.0
time-rel g i
[from data line 1948]
950.1458333333333 -25.35968613602668 -27.585637669311566
950.6458333333334 -25.357850762800744 -27.585106896885723
951.1458333333334 -25.355975207295714 -27.584577179185438
951.6458333333333 -25.354140319118915 -27.584036607376742
952.1458333333334 -25.35225711132588 -27.583502471575354
952.6458333333334 -25.350410008529867 -27.582974612728943
953.1458333333333 -25.348536750649274 -27.582433987386352
953.6458333333334 -25.346690548263517 -27.58190094693573
954.1458333333334 -25.344813641399465 -27.581362899351113
954.6458333333333 -25.34294330547508 -27.58082017105203
955.1458333333334 -25.34107927092473 -27.580278447743662
955.6458333333334 -25.33919450478413 -27.579741298330607
956.1458333333333 -25.337323100937784 -27.57920148577737
956.6458333333334 -25.335448973108274 -27.578663094397072
957.1458333333334 -25.33358675502234 -27.578112374961137
957.6458333333333 -25.331705525599904 -27.57757416528889
958.1458333333334 -25.329811639949348 -27.577035188554326
958.6458333333334 -25.327951880384667 -27.576486493398296
959.1458333333333 -25.326059854700116 -27.575942439022512
959.6458333333334 -25.32416324020195 -27.57539271543601
960.1458333333334 -25.322278346143023 -27.574840557837263
960.6458333333333 -25.32041135955557 -27.5742942311659
961.1458333333334 -25.31849406619365 -27.573740691810407
961.6458333333334 -25.316614117455877 -27.573197885150226
962.1458333333333 -25.314714778155203 -27.57264244103995
962.6458333333334 -25.31280762092695 -27.572090953064702
963.1458333333334 -25.310918234365776 -27.57154010042623
963.6458333333333 -25.309021612120958 -27.570975627672563
964.1458333333334 -25.30712318207094 -27.570429966984026
964.6458333333334 -25.30520847391812 -27.569873090724375
965.1458333333333 -25.303326682504213 -27.569318000525076
965.6458333333334 -25.30139631536871 -27.56875208385363
966.1458333333334 -25.2994842647691 -27.56819116482284
966.6458333333333 -25.297559463658594 -27.56763318820221
967.1458333333334 -25.295658016580497 -27.567071190845333
967.6458333333334 -25.29373943520881 -27.56650879299549
968.1458333333333 -25.291798331373144 -27.565944124158964
968.6458333333334 -25.289891204395968 -27.565377182734863
969.1458333333334 -25.287947383197352 -27.56481266641648
969.6458333333333 -25.28600387448714 -27.564247566398805
970.1458333333334 -25.284070150540877 -27.563680269782672
970.6458333333334 -25.28213656835606 -27.563110440611055
971.1458333333333 -25.28018847642645 -27.562539432463634
971.6458333333334 -25.27822612323625 -27.56196130267512
972.1458333333334 -25.27629281537768 -27.56138537078085
972.6458333333333 -25.274325392264778 -27.560811006748153
973.1458333333334 -25.272395684697138 -27.560244162639655
973.6458333333334 -25.270428510429923 -27.55966574111902
974.1458333333333 -25.26848206353588 -27.559088742056474
974.6458333333334 -25.266512221205094 -27.55851215891076
975.1458333333334 -25.264557260505633 -27.557937104311847
975.6458333333333 -25.262560003361546 -27.557350521756938
976.1458333333334 -25.2606076257146 -27.55676704474366
976.6458333333334 -25.25865891493599 -27.556191962160064
977.1458333333333 -25.256687676499432 -27.55561027789035
977.6458333333334 -25.254685577428635 -27.555026398408472
978.1458333333334 -25.252724447002848 -27.554439319898645
978.6458333333333 -25.250740886721324 -27.55384627201596
979.1458333333334 -25.248764825695996 -27.553261088117438
979.6458333333334 -25.246792713279696 -27.552673442859238
980.1458333333333 -25.244790460608726 -27.552085087283178
980.6458333333334 -25.242822790124016 -27.55149100412842
981.1458333333334 -25.240828085031804 -27.550903532374363
981.6458333333333 -25.238853099193115 -27.550311837211098
982.1458333333334 -25.236863126507885 -27.54972034313561
982.6458333333334 -25.234860887192294 -27.54912974815193
983.1458333333333 -25.232867427008973 -27.54852743119962
983.6458333333334 -25.230880292536085 -27.54793780643263
984.1458333333334 -25.228891132792125 -27.5473348329427
984.6458333333333 -25.226888134207734 -27.546743798196673
985.1458333333334 -25.224898288585425 -27.54614661704968
985.6458333333334 -25.222919176011352 -27.545544452902952
986.1458333333333 -25.220916877463292 -27.5449497744787
986.6458333333334 -25.218914707905654 -27.544342381772932
987.1458333333334 -25.216927521702598 -27.543741663444568
987.6458333333333 -25.214929789321904 -27.54313873955106
988.1458333333334 -25.21291873346594 -27.54253042181004
988.6458333333334 -25.21089186416765 -27.541934179147987
989.1458333333333 -25.20890406666822 -27.541331900021994
989.6458333333334 -25.20690597695886 -27.540724873525335
990.1458333333334 -25.20491478730921 -27.54011806647421
990.6458333333333 -25.202927019811177 -27.539511903065236
991.1458333333334 -25.20092662392536 -27.538910371822585
991.6458333333334 -25.198928484559488 -27.538296178406828
992.1458333333333 -25.19690662122763 -27.537685020720847
992.6458333333334 -25.194911158745494 -27.537077935835978
993.1458333333334 -25.1929448779601 -27.53646780888336
993.6458333333333 -25.190921001648242 -27.535862258513006
994.1458333333334 -25.188922062672432 -27.53524622573629
994.6458333333334 -25.18692150542836 -27.53463660941509
995.1458333333333 -25.184946681700893 -27.534023559119678
995.6458333333334 -25.182939242839424 -27.533404513996
996.1458333333334 -25.180946163940913 -27.53279427654875
996.6458333333333 -25.17895170993131 -27.53217531459065
997.1458333333334 -25.176971719098443 -27.53156400697405
997.6458333333334 -25.17495952417842 -27.530947425686527
998.1458333333333 -25.17297372248926 -27.530328694160882
998.6458333333334 -25.170987033059777 -27.52971177864492
999.1458333333334 -25.168987292957237 -27.529093616642292
999.6458333333333 -25.1670189052011 -27.52847499759345
1000.1458333333334 -25.165028954813813 -27.527855030844247
1000.6458333333334 -25.16306840307397 -27.527236068325674
1001.1458333333334 -25.161062252160438 -27.526619031742612
1001.6458333333334 -25.15907887480268 -27.5259948247931
1002.1458333333334 -25.157112585880327 -27.52537615217973
1002.6458333333334 -25.155136623162264 -27.5247531966837
1003.1458333333334 -25.153181465610253 -27.524140591050692
1003.6458333333334 -25.151207709244055 -27.523511116959018
1004.1458333333334 -25.149218901624906 -27.52288973104296
1004.6458333333334 -25.147263017469346 -27.52226688496556
1005.1458333333334 -25.145289344832072 -27.52163888504733
1005.6458333333334 -25.14331896723677 -27.52100794083782
1006.1458333333334 -25.141334100584565 -27.520383549617232
1006.6458333333334 -25.13936676793819 -27.5197641243064
1007.1458333333334 -25.137404841805647 -27.51913332137734
1007.6458333333334 -25.13543321622114 -27.518500052285365
1008.1458333333334 -25.13343267230226 -27.517871022106974
1008.6458333333334 -25.131477056041703 -27.51723931141125
1009.1458333333334 -25.129495394330238 -27.516607135313773
1009.6458333333334 -25.12751223638373 -27.515966437864225
1010.1458333333334 -25.125516196072173 -27.51533990209947
1010.6458333333334 -25.1235681028187 -27.51470332480323
1011.1458333333334 -25.121566439153234 -27.51407582880664
1011.6458333333334 -25.119602376849567 -27.513432780219983
1012.1458333333334 -25.11764319630505 -27.512792228588793
1012.6458333333334 -25.115663177888926 -27.51216058175734
1013.1458333333334 -25.113669583057717 -27.511513544951086
1013.6458333333334 -25.11168544402171 -27.51087913097257
1014.1458333333334 -25.10972688038973 -27.5102365396522
1014.6458333333334 -25.107751054939996 -27.509602600214773
1015.1458333333334 -25.105776475337116 -27.508953514550672
1015.6458333333334 -25.10380444642315 -27.508313552003628
1016.1458333333334 -25.10183093228388 -27.50766604440598
1016.6458333333334 -25.099842013404366 -27.507024470436043
1017.1458333333334 -25.097874311757472 -27.506386259174207
1017.6458333333334 -25.095910612979804 -27.505734276026512
1018.1458333333334 -25.0939542102701 -27.505089690954062
1018.6458333333334 -25.091968269055883 -27.50444609125025
1019.1458333333334 -25.090002175885417 -27.503789796525922
1019.6458333333334 -25.088027265761674 -27.503141437882416
1020.1458333333334 -25.086066574100148 -27.50249110597498
1020.6458333333334 -25.08408770897214 -27.501836439928184
1021.1458333333334 -25.082119237053654 -27.50119202020192
1021.6458333333334 -25.08015823369915 -27.500544545983878
1022.1458333333334 -25.07820604031233 -27.499888458054407
1022.6458333333334 -25.076205037926695 -27.499233539574966
1023.1458333333334 -25.074263668326175 -27.498581723133157
1023.6458333333334 -25.072293634833635 -27.497922429420253
1024.1458333333333 -25.070346797818793 -27.497269137913662
1024.6458333333333 -25.068377701094327 -27.496612928139808
1025.1458333333333 -25.06642383560438 -27.495955423864036
1025.6458333333333 -25.06446199007872 -27.495298710357496
1026.1458333333333 -25.062516298364695 -27.49463727696523
1026.6458333333333 -25.060564708182067 -27.493981674266227
1027.1458333333333 -25.05860828196653 -27.493314565935133
1027.6458333333333 -25.05668124170718 -27.492662346086036
1028.1458333333333 -25.054744775566128 -27.492003962180878
1028.6458333333333 -25.052781562784055 -27.491338770299308
1029.1458333333333 -25.050833506875566 -27.49067667690789
1029.6458333333333 -25.04890952415098 -27.490011689181596
1030.1458333333333 -25.046950775586346 -27.489342678545874
1030.6458333333333 -25.04503537530574 -27.488682122339597
1031.1458333333333 -25.04308227365427 -27.488017698034326
1031.6458333333333 -25.04115632174976 -27.48734848214619
1032.1458333333333 -25.03923489704951 -27.486686162943897
1032.6458333333333 -25.037306144512605 -27.486020405776046
1033.1458333333333 -25.035360147599217 -27.485348391082876
1033.6458333333333 -25.03344786712992 -27.484680078089212
1034.1458333333333 -25.031530795903304 -27.48401018026432
1034.6458333333333 -25.02963544869781 -27.483348520381593
1035.1458333333333 -25.02771707616659 -27.48267327012171
1035.6458333333333 -25.025794407055923 -27.482001072769563
1036.1458333333333 -25.023892785055484 -27.481329065267126
1036.6458333333333 -25.02199559270194 -27.48065843173961
1037.1458333333333 -25.020092025106674 -27.479988691656846
1037.6458333333333 -25.01818896671525 -27.479313811768407
1038.1458333333333 -25.016309972410347 -27.47863750928841
1038.6458333333333 -25.014414223883335 -27.47796594674091
1039.1458333333333 -25.012512640368904 -27.47729106095006
1039.6458333333333 -25.01064155422079 -27.476609025566965
1040.1458333333333 -25.008751519003777 -27.475931545076392
1040.6458333333333 -25.00686663458092 -27.475256874687595
1041.1458333333333 -25.005016341866746 -27.474582161327742
1041.6458333333333 -25.003150979414023 -27.47390349830837
1042.1458333333333 -25.001273112069583 -27.473230432733885
1042.6458333333333 -24.999385088953368 -27.472549778556
1043.1458333333333 -24.99756032873442 -27.471868905081614
1043.6458333333333 -24.995678592049853 -27.47118568660532
1044.1458333333333 -24.993852892984393 -27.470505774451908
1044.6458333333333 -24.99198100716974 -27.469827286988963
1045.1458333333333 -24.99015644693142 -27.469147491823076
1045.6458333333333 -24.988295854608428 -27.468458387612532
1046.1458333333333 -24.986433157526946 -27.467772529379566
1046.6458333333333 -24.984598790650413 -27.467087125192677
1047.1458333333333 -24.982764592515615 -27.466400560982848
1047.6458333333333 -24.980956939704996 -27.465720210575352
1048.1458333333333 -24.979113343615946 -27.46503627964615
1048.6458333333333 -24.977268476447975 -27.464339816392403
1049.1458333333333 -24.975451976752538 -27.463656539248127
1049.6458333333333 -24.97364234826364 -27.462969963134938
1050.1458333333333 -24.971842222950404 -27.4622786500055
1050.6458333333333 -24.96999620470286 -27.46158961717114
1051.1458333333333 -24.968180185409157 -27.460903316708084
1051.6458333333333 -24.966388981706977 -27.460211919627604
1052.1458333333333 -24.964570067946013 -27.459520547533934
1052.6458333333333 -24.96279332194781 -27.458824282813037
1053.1458333333333 -24.960994713979687 -27.458132228181377
1053.6458333333333 -24.959167907861904 -27.45744184023757
1054.1458333333333 -24.95736112404731 -27.456743273143488
1054.6458333333333 -24.95559623553241 -27.456052987199154
1055.1458333333333 -24.953817684940738 -27.4553473436016
1055.6458333333333 -24.952035010864382 -27.454657527305613
1056.1458333333333 -24.95026475258648 -27.453958939918188
1056.6458333333333 -24.948470471320462 -27.45326291508189
1057.1458333333333 -24.946686027106054 -27.452562089727124
1057.6458333333333 -24.944903158685033 -27.451860372379656
1058.1458333333333 -24.943158697437887 -27.451158315373995
1058.6458333333333 -24.941380108600285 -27.4504540473448
1059.1458333333333 -24.939612710246823 -27.449759651009384
1059.6458333333333 -24.937872593434143 -27.44905408209086
1060.1458333333333 -24.936089925116185 -27.44834978448062
1060.6458333333333 -24.934361024843852 -27.447639277862482
1061.1458333333333 -24.932598622478764 -27.44693705791686
1061.6458333333333 -24.930851118812036 -27.44624045317462
1062.1458333333333 -24.929125252552225 -27.445525961063197
1062.6458333333333 -24.92739522337088 -27.444816928997113
1063.1458333333333 -24.92562111915788 -27.444111297620267
1063.6458333333333 -24.923882925011988 -27.443408300961693
1064.1458333333333 -24.922172275566695 -27.442690188769397
1064.6458333333333 -24.92045211692808 -27.44197989308588
1065.1458333333333 -24.91869849375857 -27.441272016478887
1065.6458333333333 -24.916989388596736 -27.440563127800452
1066.1458333333333 -24.91527629339972 -27.439850417948577
1066.6458333333333 -24.91355656208257 -27.43913803185851
1067.1458333333333 -24.91185323564027 -27.43841988753143
1067.6458333333333 -24.91013924632722 -27.437702131270445
1068.1458333333333 -24.908448768433594 -27.436988120472343
1068.6458333333333 -24.906727959106338 -27.43627387438395
1069.1458333333333 -24.905026417278254 -27.435554612464337
1069.6458333333333 -24.90334837376045 -27.43482977878429
1070.1458333333333 -24.90165481290702 -27.434106229522296
1070.6458333333333 -24.89995841905727 -27.433389941091896
1071.1458333333333 -24.898263630056448 -27.43266654870522
1071.6458333333333 -24.89658629761152 -27.43194639927684
1072.1458333333333 -24.89490943644291 -27.43122422657374
1072.6458333333333 -24.893240130404998 -27.430499043727718
1073.1458333333333 -24.891583237387383 -27.429779475909676
1073.6458333333333 -24.889908077860724 -27.429047570005352
1074.1458333333333 -24.888222075917376 -27.42832504026484
1074.6458333333333 -24.886565100240354 -27.42759735574576
1075.1458333333333 -24.88489674785573 -27.426870781038005
1075.6458333333333 -24.883250891300648 -27.426135024539605
1076.1458333333333 -24.881590609752603 -27.42541001676908
1076.6458333333333 -24.879954109232344 -27.424678014943925
1077.1458333333333 -24.87830366899917 -27.423953265863265
1077.6458333333333 -24.8766674917497 -27.423215496281756
1078.1458333333333 -24.875026252746668 -27.422482026155343
1078.6458333333333 -24.873383219254755 -27.42174519399712
1079.1458333333333 -24.871740671124286 -27.42100938095261
1079.6458333333333 -24.87012847191995 -27.420274849830033
1080.1458333333333 -24.8684981286821 -27.419538891699624
1080.6458333333333 -24.866870709270668 -27.41879307520957
1081.1458333333333 -24.86527718611395 -27.418061893145538
1081.6458333333333 -24.86363600656436 -27.417318092274357
1082.1458333333333 -24.862019466759023 -27.416573147392004
1082.6458333333333 -24.860422507902985 -27.41583657238667
1083.1458333333333 -24.858829435783093 -27.415093084560137
1083.6458333333333 -24.85722786403432 -27.41435065206913
1084.1458333333333 -24.85562126586761 -27.41360351837781
1084.6458333333333 -24.854038992527943 -27.412858034543312
1085.1458333333333 -24.852454177111774 -27.412115112454615
1085.6458333333333 -24.850865424040993 -27.411365694744173
1086.1458333333333 -24.84928731768853 -27.410622554238074
1086.6458333333333 -24.847724102852233 -27.409870730128812
1087.1458333333333 -24.846145867490776 -27.409128239026668
1087.6458333333333 -24.844574609964987 -27.408380778733324
