FastTrWP/PhaseSpace/IAs/snIa_0.35_30.00_-1.37_0.03.csv
# %ECSV 0.9
# ---
# datatype:
# - {name: time-rel, datatype: float64}
# - {name: g, datatype: float64}
# - {name: i, datatype: float64}
# schema: astropy-2.0
time-rel g i
[from data line 1772]
506.0 24.65743015281815 23.05927190185205
506.5 24.660018322027035 23.059958121545357
507.0 24.662600137381308 23.06064136086649
507.5 24.665162291919273 23.06133188360826
508.0 24.66776350451994 23.062005105315706
508.5 24.670356146987782 23.06269831588786
509.0 24.672931611582754 23.06338013333839
509.5 24.675515614242606 23.064059188593397
510.0 24.678095614088633 23.064748590360132
510.5 24.68069524473387 23.06542978878893
511.0 24.683278248448552 23.0661176121152
511.5 24.685862073110698 23.066788887346867
512.0 24.68845543207881 23.06748341014915
512.5 24.691022585393725 23.068154836791265
513.0 24.69359964914849 23.068833275606725
513.5 24.696173663635893 23.069523117886238
514.0 24.698769196017842 23.070204032641733
514.5 24.70134727961625 23.07088308623261
515.0 24.70393501685312 23.071564033564087
515.5 24.706500547045028 23.07224876325092
516.0 24.70907874472762 23.07292028499015
516.5 24.711671192302695 23.0736189774505
517.0 24.714243070307926 23.074290601344288
517.5 24.716836981475005 23.074974240108155
518.0 24.719413819706798 23.07565162330599
518.5 24.721990253648364 23.076327647776324
519.0 24.724558667803173 23.077019037902925
519.5 24.727140952971617 23.07769903824013
520.0 24.729722579265424 23.078374761166266
520.5 24.73231838738156 23.079054524413337
521.0 24.734889715621765 23.079733492266943
521.5 24.737464014527546 23.080408925661974
522.0 24.7400751472454 23.081090489755326
522.5 24.742626562574475 23.081773176248813
523.0 24.74521685402065 23.08244110265342
523.5 24.74776995653012 23.083123085778027
524.0 24.750359464343905 23.0838073729005
524.5 24.752905737925744 23.08447720104799
525.0 24.75549769371806 23.085151168150887
525.5 24.758081074649358 23.085827966076454
526.0 24.760673150550613 23.086508145133998
526.5 24.763233715800812 23.087180194465358
527.0 24.76581785927198 23.087852822614074
527.5 24.768378842187015 23.088531140968126
528.0 24.77094789833821 23.089204133568096
528.5 24.773549940695204 23.089866269215005
529.0 24.776101354136838 23.09055318002863
529.5 24.778672273912118 23.091226548083426
530.0 24.781240240980186 23.091907630377086
530.5 24.783793459375836 23.092572998531075
531.0 24.786371055280778 23.093248615441226
531.5 24.788925706094464 23.093920478088705
532.0 24.791524170986996 23.094592478051943
532.5 24.794065455905212 23.095262851339662
533.0 24.79662498114901 23.095931887860605
533.5 24.79921798360522 23.096599433132173
534.0 24.801769234497723 23.09727545248495
534.5 24.804318092631075 23.097935008132925
535.0 24.806890004741575 23.098599240318613
535.5 24.809420345947643 23.099279755277333
536.0 24.812001674567377 23.099950222570698
536.5 24.81453302572113 23.100615953778973
537.0 24.817094166715773 23.10128837334541
537.5 24.819662975844103 23.101950078617456
538.0 24.82221073199772 23.10261823523726
538.5 24.824742445517337 23.103287096225028
539.0 24.827268683994888 23.103954730100224
539.5 24.829818034169055 23.104616039541828
540.0 24.832399993428016 23.105279091302418
540.5 24.834900181555874 23.105949329255555
541.0 24.837461665436024 23.106609182824144
541.5 24.839973455409048 23.10727245765179
542.0 24.84252740013808 23.10794518012196
542.5 24.84504181442215 23.108605696109457
543.0 24.84758111724554 23.1092611397662
543.5 24.85011070084817 23.109927812549202
544.0 24.852618841385183 23.110596857100646
544.5 24.85514770684039 23.11125182630819
545.0 24.857673846943488 23.111908751123032
545.5 24.8601983313819 23.112582380173574
546.0 24.862695917396568 23.11324572130144
546.5 24.865222742305306 23.113899792697016
547.0 24.867707839680563 23.114550227843566
547.5 24.870241308911343 23.11521474379164
548.0 24.872739375137662 23.11587701422198
548.5 24.87522774512192 23.116531199464532
549.0 24.877748258233968 23.117184695032513
549.5 24.880238287329263 23.11783266949356
550.0 24.882745337202003 23.118501080071773
550.5 24.885233081780967 23.119157213401785
551.0 24.88773765129624 23.11981650805977
551.5 24.890198695702562 23.120474502326296
552.0 24.892709542547685 23.12112528821068
552.5 24.89517706036019 23.12178109215445
553.0 24.897679072857084 23.1224372161112
553.5 24.900156801626228 23.12309161341481
554.0 24.902639766216094 23.123751557444216
554.5 24.905120391212947 23.124395577904448
555.0 24.907617180757878 23.125054634567654
555.5 24.910073298308074 23.125706687012983
556.0 24.912549730279913 23.12636730068578
556.5 24.915009605410376 23.127015551764067
557.0 24.917486850247567 23.127663928182628
557.5 24.919935388201274 23.12830951457489
558.0 24.922387581887836 23.128960797423854
558.5 24.924854498668413 23.12962902702764
559.0 24.9273141100478 23.130266348350542
559.5 24.929787497722252 23.13091568892919
560.0 24.932244622694995 23.131559592259883
560.5 24.93466205620765 23.132216577162623
561.0 24.937117831147994 23.132864428126403
561.5 24.939548135663955 23.133504950867405
562.0 24.941968440815995 23.13415495466614
562.5 24.9444369344126 23.13480686035866
563.0 24.946862430051723 23.13544638923517
563.5 24.94927184903201 23.13609345513417
564.0 24.951739513203528 23.136742717283294
564.5 24.95413591733402 23.137383764083737
565.0 24.956554213697174 23.138021000630452
565.5 24.95896086137481 23.138686527463868
566.0 24.961396118863888 23.139311837696983
566.5 24.96377440427945 23.139953719566357
567.0 24.966178952190464 23.140605769818478
567.5 24.96856747898061 23.14124962663579
568.0 24.97096097199657 23.14188392750855
568.5 24.97334337477851 23.1425277895619
569.0 24.975733351584335 23.143166288748706
569.5 24.978122070446624 23.143813306121164
570.0 24.980489763860465 23.144448397602527
570.5 24.982883149726195 23.14508655915921
571.0 24.985225825350778 23.145722787789747
571.5 24.987586773782063 23.14636884399199
572.0 24.989939724015017 23.14699296908571
572.5 24.992293483502902 23.147638262113052
573.0 24.994620214985375 23.14827186967118
573.5 24.996985556539563 23.148911838078394
574.0 24.99929560059957 23.14953495510073
574.5 25.00166748000545 23.15017114998984
575.0 25.00399369510932 23.150806823303963
575.5 25.006298229593902 23.151435334667376
576.0 25.008601063535405 23.152076739634566
576.5 25.01090617934404 23.152695075301185
577.0 25.0132214566581 23.153340802766774
577.5 25.015507254759562 23.153965314121315
578.0 25.01779696748096 23.154587025666757
578.5 25.020091651311734 23.155218518613164
579.0 25.022367526271392 23.155851453298006
579.5 25.024664821722137 23.156477962010275
580.0 25.026915439912415 23.15710373162748
580.5 25.02917981966073 23.157735206342597
581.0 25.031417360499738 23.158346809651633
581.5 25.033668416608705 23.158982719291018
582.0 25.03589765670785 23.159601084850788
582.5 25.038126561363253 23.160218652177463
583.0 25.040346314750952 23.160840461548954
583.5 25.042526418214845 23.16145843660593
584.0 25.044745527613017 23.162082030814773
584.5 25.046899811973027 23.162699075206664
585.0 25.049097635799477 23.16330415082654
585.5 25.051272714734402 23.163919732247102
586.0 25.053423021411156 23.164527478000274
586.5 25.05558191484584 23.16514372551588
587.0 25.057707836234822 23.165759856770805
587.5 25.05983955177225 23.166363483726645
588.0 25.061951455917608 23.1669672531091
588.5 25.064097965682727 23.167574758485266
589.0 25.066207021279382 23.168172179167605
589.5 25.06830233517406 23.168785053216034
590.0 25.07040378960331 23.169388639705595
590.5 25.072475339194487 23.169999816222667
591.0 25.074579354818738 23.170600331593526
591.5 25.076654839557154 23.171210065988056
592.0 25.078698389861465 23.17180825802657
592.5 25.080766115363325 23.17239997080415
593.0 25.082834642168915 23.173004749691945
593.5 25.084884342051733 23.173606563866905
594.0 25.086926839577686 23.17420883209472
594.5 25.0889561479725 23.174805612503853
595.0 25.091001674138802 23.17540542283197
595.5 25.093043328327944 23.17601230991248
596.0 25.095063636497102 23.176609814380843
596.5 25.097080177852295 23.177202012372046
597.0 25.099094780344853 23.177803149611943
597.5 25.10109237167594 23.17840891049045
598.0 25.103110678784653 23.179011374853307
598.5 25.10511565662368 23.17960813307895
599.0 25.107114996489823 23.180209619749874
599.5 25.109101678410465 23.180808615570857
600.0 25.111120091509886 23.18140083508259
600.5 25.113092776626836 23.181997314385235
601.0 25.115100737631227 23.18260029993383
601.5 25.117092547063873 23.18319492659253
602.0 25.119073564791545 23.18379835656796
602.5 25.12103887899922 23.184408441224164
603.0 25.12303350909113 23.18500592002472
603.5 25.12500235280639 23.185610190288667
604.0 25.126982690231863 23.18621373109945
604.5 25.128950544152566 23.186821179261948
605.0 25.130923334305322 23.18741636961205
605.5 25.132910633033077 23.18801920212691
606.0 25.134885455366877 23.188625355160212
606.5 25.136870541583548 23.189236853664674
607.0 25.13882695623481 23.18983780248262
607.5 25.140817085924496 23.190447675512317
608.0 25.142765819629837 23.191064113298548
608.5 25.144759600917062 23.19165952706053
609.0 25.146739496687537 23.192281247680896
609.5 25.148707231291635 23.192894301547927
610.0 25.15069051674366 23.193497390894102
610.5 25.152659220349605 23.194122568983595
611.0 25.154654583936953 23.194735932894762
611.5 25.15664278610688 23.195352260066752
612.0 25.158635432802598 23.19596397890214
612.5 25.160622966667354 23.196577404803776
613.0 25.162600238034084 23.197211806164383
613.5 25.16456147744636 23.197826288619005
614.0 25.166561919982232 23.198443273828694
614.5 25.168542756799077 23.19906634696826
615.0 25.170521770951733 23.199679781814403
615.5 25.172464295350615 23.200300960531347
616.0 25.17441961329746 23.200924967607584
616.5 25.176370703035364 23.201530574053987
617.0 25.17832509300295 23.202164531886645
617.5 25.180286304395352 23.20277976441124
618.0 25.182201983881626 23.203389407147608
618.5 25.184143369672782 23.20401435745913
619.0 25.186071613183355 23.204626220629816
619.5 25.187992710456648 23.20525474818652
620.0 25.189924510706497 23.20587752029397
620.5 25.191797313116552 23.20649732550864
621.0 25.193747788972367 23.20710466020663
621.5 25.195651671709104 23.207730937009817
622.0 25.19756436960253 23.20835343277528
622.5 25.1994532335777 23.208973532283995
623.0 25.201352698798974 23.209595762324714
623.5 25.20325755908413 23.210219668278583
624.0 25.205145608294103 23.210839489868324
624.5 25.20702458337292 23.211461038044018
625.0 25.20892235122922 23.21208811488193
625.5 25.21078577569928 23.212716057483192
626.0 25.212678122072212 23.21333005117978
626.5 25.214574466875366 23.213949800188153
627.0 25.21645035179872 23.214572200533944
627.5 25.218331221094665 23.215209499149935
628.0 25.22022001946546 23.21583327244595
628.5 25.222080974504422 23.216460400799825
629.0 25.223938928412025 23.217079615598486
629.5 25.22581042306408 23.21770683723003
630.0 25.227688201875814 23.21834029215411
630.5 25.22955211237216 23.218970639785198
631.0 25.231414939054837 23.21960020780091
631.5 25.233302457044896 23.22022633466723
632.0 25.235158646459954 23.220864822408366
632.5 25.23701463306631 23.221500074640527
633.0 25.23889784034116 23.222137639168537
633.5 25.240751314577693 23.222766741075077
634.0 25.242622757294903 23.223402093386
634.5 25.24450765521232 23.22403635919152
635.0 25.246371446729757 23.22467934886792
635.5 25.248256244255355 23.225325996499496
636.0 25.25011521447663 23.22597324866524
636.5 25.25198972049501 23.226611846947513
637.0 25.253856895873362 23.22725868230535
637.5 25.2557385677065 23.227895229518325
638.0 25.25762379845043 23.22854301546764
638.5 25.259494685748002 23.22919087214984
639.0 25.261370963613395 23.22984457614707
639.5 25.263270881387932 23.230483853334274
640.0 25.265159075223067 23.23114069863257
640.5 25.26704190342368 23.231786745993922
641.0 25.268922152868928 23.232438810758396
641.5 25.27082175165175 23.23310669425011
642.0 25.272727053354778 23.23376237563831
642.5 25.274631673737176 23.2344259577641
643.0 25.276550526216987 23.23507924566986
643.5 25.27845138693334 23.235739753939907
644.0 25.28039689245381 23.236404273963757
644.5 25.282300893504207 23.237075839540413
645.0 25.284208367165604 23.237745404217456
645.5 25.286142604761693 23.238415422945778
646.0 25.288073331411137 23.239087553772066
646.5 25.290007043383657 23.239749005636966
647.0 25.2919109165969 23.240429774828435
647.5 25.293834695669673 23.241097303723834
648.0 25.295765205623212 23.241779047017367
648.5 25.297699861305087 23.242448142945506
649.0 25.299660502390875 23.24312871443427
649.5 25.30159543357639 23.24381342161105
650.0 25.303520375785705 23.244488698100916
650.5 25.305462862423738 23.24517458672146
651.0 25.307401511399558 23.24586533618895
651.5 25.309320964522428 23.24654067110473
652.0 25.311268116102706 23.24721807699199
652.5 25.313193092198162 23.247913632124583
653.0 25.3151336524979 23.24859013312326
653.5 25.317082815638358 23.24929675270107
654.0 25.319023442980768 23.249977528422143
654.5 25.320957862436572 23.250674379247297
655.0 25.322920732032923 23.2513580976401
655.5 25.324861077601838 23.252055445144862
656.0 25.32680144440073 23.25276270890607
656.5 25.32872996713321 23.253449344262087
657.0 25.330684357486998 23.25414677114378
657.5 25.332654252056308 23.25483682205512
658.0 25.33456629202833 23.25554079891502
658.5 25.33652862664002 23.256240589324516
659.0 25.33847115735586 23.25695448046727
659.5 25.34041601452895 23.257652708238613
660.0 25.34238217716956 23.25835314465661
660.5 25.344305089846223 23.25905178164231
661.0 25.346279927791876 23.259762856647797
661.5 25.348227525906978 23.260471058412016
662.0 25.350153824280927 23.261177182053533
662.5 25.352124513024677 23.26188595327435
663.0 25.354060436760374 23.26261002145033
663.5 25.35601666614526 23.263317263465083
664.0 25.357965830261982 23.26402616080488
664.5 25.35994126347546 23.264739602099738
665.0 25.36187548678567 23.26545703868636
665.5 25.363831159458513 23.266169447754645
666.0 25.365757233132026 23.26689371467547
666.5 25.36772272414671 23.267605584558932
667.0 25.36968144089458 23.2683296500538
667.5 25.3716499977832 23.269056297663564
668.0 25.373595570041974 23.26976630577631
668.5 25.375535369540895 23.270500492266027
669.0 25.377479056824924 23.27121870887792
669.5 25.379444239257047 23.271937405690455
670.0 25.38141780256751 23.272667349309245
670.5 25.383341717608864 23.273395834405473
671.0 25.3853097764312 23.27411207681532
671.5 25.387242028461927 23.274855676345027
672.0 25.389215168927745 23.275579223172254
672.5 25.391175079630976 23.276320489980087
673.0 25.393114594541586 23.277053408008396
673.5 25.395048751017395 23.277790027012138
674.0 25.3970011298199 23.278517913733772
674.5 25.398952774901833 23.279253895899892
675.0 25.400915065102044 23.279985335791082
675.5 25.402869875546557 23.280726571758223
676.0 25.40479321650727 23.281455704981965
676.5 25.406763091627695 23.28220693081913
677.0 25.408675250676286 23.282949446160277
677.5 25.410636590231277 23.283696491764903
678.0 25.41259086438387 23.28444280771243
678.5 25.414529778394037 23.28518222753795
679.0 25.416485226713192 23.28593136337339
679.5 25.418428897928024 23.286671704552933
680.0 25.420390303193923 23.287427661338356
680.5 25.422323156063413 23.288170549313307
681.0 25.424285707619866 23.28891365784374
681.5 25.426242823300676 23.289673475180063
682.0 25.428162071983543 23.290432175004156
682.5 25.430128652136382 23.291188463355
683.0 25.43205902706925 23.291936165938157
683.5 25.434045745070687 23.292699955303917
684.0 25.43594190999461 23.29345434693789
684.5 25.437891833125505 23.294212872490704
685.0 25.439873303803758 23.294986166161173
685.5 25.44181205030886 23.29573549410105
686.0 25.443747017049994 23.296503059452952
686.5 25.44566897968082 23.29726912144156
687.0 25.4476650061832 23.29803553324867
687.5 25.449595687577645 23.298805729198456
688.0 25.451548230976506 23.29958130467199
688.5 25.453516345763767 23.300338427045844
689.0 25.455448270371114 23.301110272782694
689.5 25.457389912094747 23.30188652163489
