FastTrWP/PhaseSpace/IAs/snIa_0.66_30.00_-0.87_0.00.csv
# %ECSV 0.9
# ---
# datatype:
# - {name: time-rel, datatype: float64}
# - {name: g, datatype: float64}
# - {name: i, datatype: float64}
# schema: astropy-2.0
time-rel g i
[from data line 338]
299.3125 25.051937041295325 23.398964279635628
299.8125 25.047554777707347 23.39548329231971
300.3125 25.043203523269497 23.39202010661493
300.8125 25.03883091579626 23.388549360725293
301.3125 25.034480646212952 23.385094939238954
301.8125 25.03011780112856 23.38164909377968
302.3125 25.025795686291033 23.378201780269336
302.8125 25.02145574907707 23.374753803160047
303.3125 25.017148757159163 23.371317766494506
303.8125 25.012813888668415 23.367894693259252
304.3125 25.008490050476 23.364473314278538
304.8125 25.004209853926533 23.361041211688132
305.3125 24.999899110447036 23.357634201204846
305.8125 24.995622436380533 23.354233729792092
306.3125 24.9913151242465 23.350835485877084
306.8125 24.987045316558266 23.347445354480065
307.3125 24.982764004181387 23.34404574512622
307.8125 24.97851569684454 23.340655518216792
308.3125 24.97424665115097 23.337282911440074
308.8125 24.96998144420266 23.333898326963443
309.3125 24.965765294912682 23.330531451258416
309.8125 24.961488212495887 23.327161889371247
310.3125 24.95726852209712 23.323809408474677
310.8125 24.953039142588054 23.32045529964644
311.3125 24.948834580647716 23.31709987920393
311.8125 24.944597027354405 23.31375669887135
312.3125 24.94038516138955 23.310418936137225
312.8125 24.93619466101487 23.307098388706898
313.3125 24.93200751309063 23.303753812019682
313.8125 24.927796589327613 23.30044683541843
314.3125 24.923616302537226 23.297112392176903
314.8125 24.9194532747633 23.293799555013752
315.3125 24.915256354160764 23.29049803705407
315.8125 24.91110711488442 23.28718594247799
316.3125 24.90694106930878 23.283884593701035
316.8125 24.902777396446716 23.280598201933813
317.3125 24.89863929929755 23.27730527835961
317.8125 24.89450896410315 23.274010192427976
318.3125 24.89036681831941 23.27074182912433
318.8125 24.886239178476043 23.26745761731445
319.3125 24.88210852534087 23.264190188688726
319.8125 24.878001959075494 23.26092698239804
320.3125 24.873876218250484 23.25766062504413
320.8125 24.869796011550175 23.25439800626292
321.3125 24.865677157343672 23.25115081087383
321.8125 24.86157588984532 23.24789970478946
322.3125 24.85748579833674 23.24464926985652
322.8125 24.853407109168224 23.241412091871396
323.3125 24.849347527044642 23.23817524987444
323.8125 24.845246011373092 23.234951785291805
324.3125 24.841200419744048 23.23173003203465
324.8125 24.837136215651853 23.228497532963985
325.3125 24.833081100703247 23.225281707201354
325.8125 24.82901933941431 23.222062823850827
326.3125 24.82497552456174 23.218858695505446
326.8125 24.820945073007984 23.215655601370578
327.3125 24.81693779525844 23.2124433827789
327.8125 24.81290036775087 23.209264125895945
328.3125 24.808882208804807 23.20606313844697
328.8125 24.804865375948015 23.202881421498404
329.3125 24.800862473946953 23.199689068020255
329.8125 24.79684338131303 23.1965094155191
330.3125 24.792843114782027 23.193321732846414
330.8125 24.788860548915657 23.19015586875649
331.3125 24.784867947670254 23.18698477251872
331.8125 24.78088025589306 23.1838246597668
332.3125 24.77692051499854 23.180668449088206
332.8125 24.772949494929225 23.17751326516092
333.3125 24.768978057681274 23.174349375455954
333.8125 24.765007675859753 23.171204235649085
334.3125 24.76105857673619 23.1680607863904
334.8125 24.757103023522887 23.164923566125907
335.3125 24.75316502844313 23.161782151867545
335.8125 24.749230454245676 23.158649636304624
336.3125 24.745288852977406 23.155522905737037
336.8125 24.741353024339748 23.15238661397708
337.3125 24.73742667163103 23.149279908113265
337.8125 24.73353895636638 23.14615081350993
338.3125 24.729620294512593 23.14303548180526
338.8125 24.725706099175923 23.13992956027803
339.3125 24.721814245448613 23.1368195839315
339.8125 24.71790520753826 23.13370396760863
340.3125 24.71397760003425 23.130601931755006
340.8125 24.710048473251838 23.127484322921006
341.3125 24.706111587958375 23.124377496526712
341.8125 24.702172251248125 23.12126324713575
342.3125 24.69825372384325 23.118139672343176
342.8125 24.694301132677214 23.115024452556018
343.3125 24.690327726714138 23.111919102884613
343.8125 24.68636953807822 23.108802953544746
344.3125 24.682437029535475 23.105683449866774
344.8125 24.678477337013383 23.102576900940228
345.3125 24.67450860257263 23.0994632891054
345.8125 24.670552438614173 23.096345265443965
346.3125 24.66659666875397 23.093238131354013
346.8125 24.662628665346027 23.090133828415546
347.3125 24.65866145349574 23.087029579190983
347.8125 24.65471801629598 23.083925779071034
348.3125 24.650760986897957 23.080819911974167
348.8125 24.646792227726845 23.077713380348097
349.3125 24.64284541264794 23.07462246496886
349.8125 24.638889337252753 23.07153220104533
350.3125 24.634937117694314 23.068442753165787
350.8125 24.63102017291378 23.065356636083077
351.3125 24.627068068333333 23.062274012663195
351.8125 24.62314788115126 23.059193735076825
352.3125 24.619208998648872 23.0561095335645
352.8125 24.61528468494556 23.05303332186267
353.3125 24.611364229144918 23.049976919892448
353.8125 24.60746830522174 23.046911822951067
354.3125 24.603573239563694 23.043853987858
354.8125 24.599672079814678 23.04080577552346
355.3125 24.595798398741017 23.0377488550684
355.8125 24.591914154631795 23.03471067890535
356.3125 24.5880596305868 23.0316661698954
356.8125 24.58421257733081 23.028637246463546
357.3125 24.58036114903107 23.025613147173164
357.8125 24.57652475771723 23.022592273918676
358.3125 24.572699976870958 23.019569697781424
358.8125 24.568913002287402 23.016569934066304
359.3125 24.5651233884113 23.013574034272768
359.8125 24.561327285273997 23.010572235386185
360.3125 24.55755470790621 23.007591823046777
360.8125 24.55379407923035 23.004608375591427
361.3125 24.55003810128431 23.001630169897464
361.8125 24.54632119483762 22.998661979264593
362.31249999999994 24.542595331096514 22.99570711426798
362.8125 24.538902983265825 22.99275870732666
363.3125 24.535216289857313 22.989811294061695
363.81249999999994 24.531534528652994 22.98688134970339
364.3125 24.527857440580632 22.98395673460376
364.8125 24.524224896060144 22.98103865072765
365.31249999999994 24.520607638497136 22.978121370179203
365.8125 24.51699809858582 22.975232242534787
366.3125 24.51341973383455 22.972336407854822
366.81249999999994 24.50982647905116 22.969453921597605
367.3125 24.506286063856166 22.966576788450585
367.8125 24.50273587003474 22.96371811009026
368.31249999999994 24.499218281692695 22.96086025108533
368.8125 24.495715565749485 22.9580123477977
369.3125 24.492228897173828 22.95516579688101
369.81249999999994 24.4887694236959 22.952348029257784
370.3125 24.485310774984615 22.949528877625426
370.8125 24.481896065210478 22.94672434824164
371.31249999999994 24.478492653877804 22.94392126504941
371.8125 24.475100846553197 22.941143528358015
372.3125 24.47173941157351 22.93836049647063
372.81249999999994 24.468382389171847 22.9355982134631
373.3125 24.465069246332174 22.932835331489898
373.8125 24.46177011707573 22.93009617674201
374.31249999999994 24.458473731360893 22.927360818974215
374.8125 24.455227028028027 22.92463470692605
375.3125 24.4520047441124 22.921929309871715
375.81249999999994 24.448767876929004 22.919220495770233
376.3125 24.445596935505563 22.916544224000578
376.8125 24.442405550684775 22.913857595930736
377.31249999999994 24.439278147956927 22.91118928622091
377.8125 24.43614286750242 22.908540639188466
378.3125 24.43304686594553 22.905896474908467
378.81249999999994 24.429965955197876 22.90326653779749
379.3125 24.426912293370968 22.90064372228738
379.8125 24.42386315353494 22.898033675218127
380.31249999999994 24.42081406242481 22.89541957775223
380.8125 24.41778284938104 22.89281125508699
381.3125 24.414746154298044 22.890216060924192
381.81249999999994 24.41174673552691 22.88761330229848
382.3125 24.4087213743577 22.88501938823547
382.8125 24.405726373898734 22.88244449249902
383.31249999999994 24.40274320250375 22.879863792747358
383.8125 24.399763858414104 22.877280964986547
384.3125 24.396775778354126 22.87471933193411
384.81249999999994 24.393818737436792 22.872151277359887
385.3125 24.390863109501517 22.869591624224018
385.8125 24.387896920849027 22.86704408084352
386.31249999999994 24.384961488246304 22.86448578714703
386.8125 24.38203113260453 22.861951230011947
387.3125 24.379121236937983 22.859415104906407
387.81249999999994 24.37622700093356 22.856885116732958
388.3125 24.373324636292928 22.854365390280336
388.8125 24.370423915522732 22.851839280393996
389.31249999999994 24.367556559638185 22.849330091594346
389.8125 24.364688787086436 22.846829493260763
390.3125 24.36182940340473 22.844331662559526
390.81249999999994 24.358969199522452 22.841842248694192
391.3125 24.356136240899726 22.839355640398672
391.8125 24.353320359271997 22.836871916386663
392.31249999999994 24.350523750522065 22.834406707890466
392.8125 24.34771074239443 22.83192658447787
393.3125 24.3449133028411 22.829472460332326
393.81249999999994 24.342161606268682 22.82701697055066
394.3125 24.339357465192727 22.8245757714092
394.8125 24.336629899634605 22.82213154902413
395.31249999999994 24.33388498898323 22.81969817162174
395.8125 24.331161206501793 22.81726755782385
396.3125 24.328457237754442 22.814851054353493
396.81249999999994 24.325735920927457 22.812432321705213
397.3125 24.32305362222381 22.810037809734062
397.8125 24.320362685547007 22.80762398416141
398.31249999999994 24.317695170244946 22.805245269585832
398.8125 24.31505320714067 22.802858299238892
399.3125 24.312397810724637 22.80047461290764
399.81249999999994 24.309772070549048 22.798107986287587
400.3125 24.307164026196855 22.795748344860524
400.8125 24.304572140374958 22.793382687446318
401.31249999999994 24.30197973185117 22.791037400469047
401.8125 24.299405829605178 22.788703541476373
402.3125 24.2968490647516 22.786368866085162
402.81249999999994 24.294316714819317 22.784036017842986
403.3125 24.291786597613488 22.781714624345796
403.8125 24.289266388548796 22.779411740828444
404.31249999999994 24.286756681712035 22.777116558839356
404.8125 24.284272610830055 22.774800276279198
405.3125 24.281788915978673 22.77252170737867
405.81249999999994 24.27933752656555 22.770242095700777
406.3125 24.276893352052483 22.767969709544943
406.8125 24.27446755928582 22.76570320915357
407.31249999999994 24.272057780847458 22.763446354036923
407.8125 24.26964789648883 22.761199570365736
408.3125 24.26727444707494 22.75895960597468
408.81249999999994 24.264892859766974 22.75673098102093
409.3125 24.26255234341573 22.754500682204274
409.8125 24.260195657650065 22.752285691390583
410.31249999999994 24.25788414483206 22.750078645419258
410.8125 24.25557334522365 22.747880872911594
411.3125 24.25327538069705 22.745684576478375
411.81249999999994 24.251017894397428 22.743502254829018
412.3125 24.2487517330048 22.74133957802247
412.8125 24.246513914663694 22.73916057956795
413.31249999999994 24.244279188531852 22.73700946985332
413.8125 24.24207547224163 22.734855377727314
414.3125 24.23986914099747 22.73271278356958
414.81249999999994 24.237699340974533 22.730585238132768
415.3125 24.23553750591735 22.72846180764557
415.8125 24.233377948675695 22.726344405010806
416.31249999999994 24.231257557395168 22.724235440395915
416.8125 24.2291418736843 22.722140129559364
417.3125 24.22704520807875 22.720049271990156
417.81249999999994 24.22497188727771 22.717977362611602
418.3125 24.222916994001906 22.715903780814607
418.8125 24.220869330612352 22.713837802101345
419.31249999999994 24.218841653886866 22.711779272876072
419.8125 24.216819959768937 22.709732791128516
420.3125 24.21481012700592 22.707691404319345
420.81249999999994 24.212829204020498 22.705659856875457
421.3125 24.21083611777355 22.70362318945302
421.8125 24.208865135786684 22.701603286811796
422.31249999999994 24.206899750308743 22.69958650825049
422.8125 24.204966583444893 22.69758074685688
423.3125 24.203024799071127 22.695578199287837
423.81249999999994 24.20110004982057 22.693582846271802
424.3125 24.199163579361826 22.691587697713103
424.8125 24.19726301407467 22.689597018820315
425.31249999999994 24.19535876067162 22.68762750143305
425.8125 24.19348614875848 22.685645815653913
426.3125 24.191624968754123 22.683685545051446
426.81249999999994 24.18975124816128 22.681716197315417
427.3125 24.187898739656916 22.679773351274907
427.8125 24.186069639602863 22.67782880402614
428.31249999999994 24.18425111648782 22.675883305680372
428.8125 24.18242707463068 22.673942530864835
429.3125 24.18061880521313 22.67202112169096
429.81249999999994 24.178835031055005 22.670094166425883
430.3125 24.17705002422131 22.668178933535636
430.8125 24.175277528425756 22.66627166935397
431.31249999999994 24.17351167037129 22.664372022373378
431.8125 24.17176550397369 22.66246786720818
432.3125 24.170020827103187 22.660576392661387
432.81249999999994 24.168289574415862 22.658688426296617
433.3125 24.166572961377966 22.656814648224007
433.8125 24.164873538926095 22.654938220276996
434.31249999999994 24.163180903534254 22.65306247405342
434.8125 24.16149352542096 22.651203584832675
435.3125 24.159812585663694 22.649349751324888
435.81249999999994 24.15816594198928 22.64749985596684
436.3125 24.156496355046734 22.645654652209423
436.8125 24.154872525094625 22.64381307049527
437.31249999999994 24.153244810482274 22.64197267636657
437.8125 24.1516220733458 22.640150833162195
438.3125 24.14999064100227 22.63833246631235
438.81249999999994 24.148411147690222 22.636516972654395
439.3125 24.146831966761834 22.634705657303012
439.8125 24.14524860016605 22.63290844653488
440.31249999999994 24.143687012126584 22.631103202655957
440.8125 24.14212443797249 22.62931986160799
441.3125 24.140593448308877 22.627529458668928
441.81249999999994 24.139064885125965 22.625749517935823
442.3125 24.13752650180045 22.62397315200484
442.8125 24.136022130809636 22.62220262919309
443.31249999999994 24.134513060908805 22.62043970478487
443.8125 24.133038521222826 22.618678924212215
444.3125 24.131556918616504 22.616921351025493
444.81249999999994 24.130084677236677 22.615182738955276
445.3125 24.128624671138432 22.613440032875737
445.8125 24.12717811125201 22.6117139328027
446.31249999999994 24.125735094045435 22.609981066492807
446.8125 24.124326506681676 22.608253902097548
447.3125 24.122899637132523 22.606530574783648
447.81249999999994 24.121486287228485 22.60482393985334
448.3125 24.120092634192783 22.603112883722257
448.8125 24.11871078939825 22.60141398394572
449.31249999999994 24.117341868719855 22.59971518731011
449.8125 24.115979617112075 22.59802173799962
450.3125 24.114631096829342 22.596344074190235
450.81249999999994 24.113287606288303 22.594666156943035
451.3125 24.111955601569544 22.59298393391276
451.8125 24.11064689597362 22.591322057173073
452.31249999999994 24.10933241897308 22.58965555995004
452.8125 24.108040451758587 22.588000288276508
453.3125 24.106740984148942 22.586344896662027
453.81249999999994 24.105454642205363 22.584695417290845
454.3125 24.10420837881324 22.58305667674111
454.8125 24.102933407587074 22.58141920813721
455.31249999999994 24.10168484959092 22.57979116985129
455.8125 24.100451167556646 22.578169466818313
456.3125 24.099232573786754 22.57654185630988
456.81249999999994 24.098013745098545 22.574928034711622
457.3125 24.096806366004465 22.57331352223096
457.8125 24.09561593989666 22.571714496552012
458.31249999999994 24.094422045817016 22.570117766352187
458.8125 24.093253928698772 22.568524163214256
459.3125 24.09211348108733 22.566930494380625
459.81249999999994 24.090948846320323 22.565349241176467
460.3125 24.089785689209393 22.56376726876485
460.8125 24.08865369604529 22.56219815292511
461.31249999999994 24.08752516477296 22.56062823401836
461.8125 24.08639295901112 22.559061068687228
462.3125 24.08529133169049 22.557502901234376
462.81249999999994 24.084188048764613 22.555942427051818
463.3125 24.0830886015689 22.554393965576544
463.8125 24.08200897083392 22.552842809797404
464.31249999999994 24.08092190532735 22.55130025340594
