FastTrWP/PhaseSpace/IAs/snIa_0.45_30.00_0.05_0.09.csv
# %ECSV 0.9
# ---
# datatype:
# - {name: time-rel, datatype: float64}
# - {name: g, datatype: float64}
# - {name: i, datatype: float64}
# schema: astropy-2.0
time-rel g i
[from data line 1418]
293.0 24.027276945571053 22.39072685961293
293.5 24.02888794516173 22.391302031519768
293.9999999999999 24.03049774980783 22.391885023461032
294.5 24.03211434672134 22.392462202859292
295.0 24.03372963005878 22.39304647698738
295.4999999999999 24.03534917896582 22.393625558769145
296.0 24.036969066663932 22.39420830956042
296.5 24.038595273062025 22.394791351895293
296.9999999999999 24.040206558926627 22.395377856919808
297.5 24.041812927397807 22.395976997439075
298.0 24.0434508195384 22.396557122902564
298.4999999999999 24.045070940665838 22.397152427273845
299.0 24.046689716415422 22.397744898143795
299.5 24.048317418984865 22.39834076536997
299.9999999999999 24.049931562195667 22.398934382346084
300.5 24.051570682971395 22.399534083292828
301.0 24.053188099349235 22.40013246524281
301.4999999999999 24.054801965811844 22.40073155043566
302.0 24.05643597536827 22.40134063846673
302.5 24.058067147193427 22.401944059005512
302.9999999999999 24.05969276924836 22.402554313734356
303.5 24.061305877260935 22.403158690994477
304.0 24.062936310379786 22.403770928794305
304.4999999999999 24.064564475265993 22.404376138141792
305.0 24.066195715909 22.404993717915648
305.5 24.06780394853061 22.405612578153175
305.9999999999999 24.069459703463227 22.406235181481723
306.5 24.071073347970255 22.406848673673604
307.0 24.07269556084179 22.407469016276984
307.4999999999999 24.074322828374108 22.408092309947012
308.0 24.07597250917283 22.408718878278073
308.5 24.077588232933245 22.40934081408057
308.9999999999999 24.079208406874532 22.409970214554402
309.5 24.08085916167227 22.410602056956787
310.0 24.082488320074585 22.411227383208963
310.4999999999999 24.08410609100104 22.41186497892244
311.0 24.085739880753568 22.412493178446113
311.5 24.087373029369097 22.41313252330837
311.9999999999999 24.089009566799383 22.413763002295074
312.5 24.09062987651459 22.414405945140903
313.0 24.092279473106835 22.41504845841732
313.4999999999999 24.093897253911646 22.415695282051786
314.0 24.095538990624664 22.416337053985952
314.5 24.09716655240537 22.4169832169426
314.9999999999999 24.09882012929883 22.417624836162105
315.5 24.10045152111444 22.418279449379245
316.0 24.102067983024074 22.418936310369297
316.4999999999999 24.103721600500503 22.419581745870346
317.0 24.10536147882521 22.420233431605084
317.5 24.107014407708782 22.420892379093374
317.9999999999999 24.108632500950353 22.42154932922125
318.5 24.11028779592 22.422213323956367
319.0 24.11192269817802 22.422868180020803
319.4999999999999 24.113563132658868 22.423540537127266
320.0 24.11520487531504 22.424197223351747
320.5 24.116861568997763 22.42486998542898
320.9999999999999 24.118497236467963 22.425532961524603
321.5 24.120143555971257 22.426207276371724
322.0 24.12179134348851 22.426873301285667
322.4999999999999 24.123425901772954 22.42755238865204
323.0 24.125091833233917 22.428223231431197
323.5 24.12672057789554 22.428898726783565
323.9999999999999 24.128380317793944 22.42958187427524
324.5 24.13002518038985 22.430255923245145
325.0 24.131666274810755 22.430936260013112
325.4999999999999 24.133331865671774 22.4316179542714
326.0 24.134976591915567 22.432305373036378
326.5 24.136613355808546 22.432990837696288
326.9999999999999 24.13826625561992 22.43368227093919
327.5 24.139939401807776 22.43437257110397
328.0 24.14160238633246 22.435061916270694
328.4999999999999 24.143245915460895 22.435753626713428
329.0 24.1449100322891 22.436453596860275
329.5 24.146573459912904 22.437146162542703
329.9999999999999 24.14821638165463 22.43784305788299
330.5 24.14988108875598 22.438538493587004
331.0 24.15153706440322 22.43924653153034
331.4999999999999 24.153210073128 22.43994102183175
332.0 24.154854006828444 22.440647762235653
332.5 24.156519550218984 22.441356991898928
332.9999999999999 24.158188077337694 22.442060381100333
333.5 24.159855419036383 22.44277221690693
334.0 24.161512027603266 22.443484249312924
334.4999999999999 24.163191655289467 22.444200023398047
335.0 24.164849061382128 22.44491849023934
335.5 24.16653064673814 22.445631071088275
335.9999999999999 24.168189457746458 22.446356669361222
336.5 24.16987433131117 22.447080703742838
337.0 24.171539017883852 22.447813223161447
337.4999999999999 24.173208636245644 22.44854602240946
338.0 24.174863006331538 22.449277877058197
338.5 24.176545525978987 22.45001086675764
338.9999999999999 24.178216786061757 22.450751760429753
339.5 24.179883163946503 22.451488790482227
340.0 24.181558744073456 22.452232217699976
340.4999999999999 24.183228394844264 22.452966421154578
341.0 24.184910519504662 22.45371412387643
341.5 24.186593525368355 22.454466667685118
341.9999999999999 24.188269605553533 22.45521663659975
342.5 24.18993020694888 22.455970230064825
343.0 24.191620167662983 22.45672100613238
343.4999999999999 24.193300807286402 22.457479500546675
344.0 24.194969936126917 22.458239496273738
344.5 24.19665829314253 22.45900241871692
344.9999999999999 24.19832952454862 22.459758984045628
345.5 24.200019106669835 22.46051658030218
346.0 24.201695809098037 22.461289675789725
346.4999999999999 24.203375671919733 22.462057966702883
347.0 24.205075285332352 22.46282527866675
347.5 24.20675418469591 22.463590749162854
347.9999999999999 24.208430088304993 22.464365634995534
348.5 24.210121187659293 22.465136200221774
349.0 24.21180144504643 22.465914995106978
349.4999999999999 24.213480678904556 22.466687657045064
350.0 24.2151708568116 22.4674637524015
350.5 24.21686801246996 22.468244205107844
350.9999999999999 24.218549155140103 22.469026750135562
351.5 24.220224649306754 22.46981202319202
352.0 24.221948263480854 22.470594015646714
352.4999999999999 24.223649032098184 22.471380747495964
353.0 24.225326054182304 22.47216163130824
353.5 24.227009351024797 22.47294460785043
353.9999999999999 24.228715237201193 22.473732411341565
354.5 24.230396756965366 22.474521473184108
355.0 24.232097767811243 22.475309152894898
355.4999999999999 24.233791189622057 22.47610643027455
356.0 24.235509792281754 22.47689442011861
356.5 24.237175139364044 22.477689316681946
356.9999999999999 24.238884311113612 22.478483364818835
357.5 24.24056656356288 22.479272113096776
358.0 24.24228088196037 22.48007121052087
358.4999999999999 24.243988910827387 22.48086610290315
359.0 24.24567548970705 22.48166338052958
359.5 24.247391471399133 22.48245820569946
359.9999999999999 24.249078168815767 22.483258100898148
360.5 24.25078420390482 22.484050891211716
361.0 24.252501909557708 22.484858857468097
361.4999999999999 24.25421251610392 22.485655287682068
362.0 24.255919281166854 22.486454046398798
362.5 24.257622008555153 22.487256843113997
362.9999999999999 24.25933725734278 22.488059860835364
363.5 24.261050886499625 22.488849059450416
364.0 24.262737473960733 22.48965782579129
364.4999999999999 24.264440179701285 22.490457465733037
365.0 24.266141108199612 22.491264533691876
365.5 24.267859586991356 22.492057384444955
365.9999999999999 24.26956498902031 22.49286830512021
366.5 24.27127413687735 22.49366316258531
367.0 24.273012052252888 22.4944584096861
367.4999999999999 24.27471355869055 22.495263588453685
368.0 24.27642875824578 22.496066839684353
368.5 24.278136888599082 22.49687015085545
368.9999999999999 24.279856556299944 22.497672670990006
369.5 24.28158100012636 22.49848041610614
370.0 24.283303563640217 22.499290198290034
370.4999999999999 24.28501336412787 22.500100242240137
371.0 24.28673512131312 22.50090585870762
371.5 24.288451634117806 22.50172151846064
371.9999999999999 24.2901594220093 22.502532194425413
372.5 24.291878189863496 22.503337393079175
373.0 24.29359829931473 22.50416132267954
373.4999999999999 24.29534692608573 22.504976428753807
374.0 24.297056871630854 22.50579016866417
374.5 24.29878263952016 22.506609437295666
374.9999999999999 24.300495929002768 22.507427270202722
375.5 24.302235401238246 22.508245643881224
376.0 24.303963443362314 22.509077003127636
376.4999999999999 24.305686573870787 22.50989489182965
377.0 24.307408801218088 22.510726469547606
377.5 24.30913656241509 22.511544709520667
377.9999999999999 24.310865991506677 22.51236794562211
378.5 24.31260716629945 22.5131977846141
379.0 24.31430516794515 22.51402980192993
379.4999999999999 24.316046900305178 22.514860540781108
380.0 24.317776835084377 22.515692668585636
380.5 24.31952520692583 22.516523570490694
380.9999999999999 24.321257249025376 22.517354165842967
381.5 24.32298858509039 22.518187571967893
382.0 24.324716511588697 22.51901948622505
382.4999999999999 24.32644627319408 22.519854335621247
383.0 24.32817175792885 22.520685545257273
383.5 24.32992255203277 22.521530131695386
383.9999999999999 24.331649797000154 22.52236429656442
384.5 24.333387438519537 22.52319728859614
385.0 24.335127388164246 22.52403760151428
385.4999999999999 24.336872667673994 22.524875488412427
386.0 24.338607550114475 22.525718073491735
386.5 24.340348163276428 22.52655809634403
386.9999999999999 24.34208522687126 22.527395483862698
387.5 24.343850038014914 22.5282394527745
388.0 24.34557723430347 22.52908027863109
388.4999999999999 24.34731585800728 22.529929037101194
389.0 24.349046415849365 22.530767709808668
389.5 24.350795362367794 22.53161087248249
389.9999999999999 24.352550608871436 22.5324455237688
390.5 24.354306533152624 22.533302235021296
391.0 24.356038064267103 22.534147576546445
391.4999999999999 24.357784646707024 22.53498474031545
392.0 24.35954597524948 22.535831485397736
392.5 24.361290767117588 22.53668193783577
392.9999999999999 24.36304028041559 22.537529395030532
393.5 24.36480023153775 22.53837189421909
394.0 24.366543418775578 22.53922558153885
394.5 24.368313069192332 22.5400651771711
395.0 24.370058478837 22.540918443818395
395.5 24.37181344211875 22.541762059439794
396.0 24.373560739954115 22.542615512393276
396.5 24.37532192359937 22.543460460523924
397.0 24.377076662057682 22.54430696622713
397.5 24.378827434558712 22.545151033383743
398.0 24.380599027584505 22.54599888239694
398.5 24.382360818827475 22.546847321472022
399.0 24.384111097965345 22.547696138446923
399.5 24.38587796714073 22.54854952540893
400.0 24.387646268323806 22.54938881497712
400.5 24.38940224033106 22.550246558960755
401.0 24.391165439989628 22.55108738641979
401.5 24.39293265001284 22.551936972289482
402.0 24.394719303241942 22.552790388257197
402.5 24.396467053257954 22.55362654558982
403.0 24.398243427961454 22.554475781135864
403.5 24.40001192425393 22.55531649761295
404.0 24.401786479755657 22.556172939010672
404.5 24.403564921634327 22.557013626141735
405.0 24.405313582659815 22.557867878510063
405.5 24.407082127840415 22.558709261565788
406.0 24.408862447860436 22.559559837076563
406.5 24.4106333861339 22.560410973095877
407.0 24.41238861728641 22.5612639547359
407.5 24.414179317621453 22.56211660114849
408.0 24.415963254834455 22.562963872367924
408.5 24.417734596765463 22.563811456429093
409.0 24.419515031362113 22.564662121879696
409.5 24.421284847967918 22.565515013278596
410.0 24.423068393717188 22.566355923474305
410.5 24.424832990233845 22.567215144014334
411.0 24.42661616329948 22.568069193648718
411.5 24.42841402200809 22.56892109985433
412.0 24.430176766759857 22.569770039975868
412.5 24.431965289566683 22.57062306525286
413.0 24.43373578926687 22.57147441809396
413.5 24.435515844853136 22.57233166544578
414.0 24.437305820110677 22.57318620884298
414.5 24.43908482829462 22.574044353711805
415.0 24.440870720546503 22.574897928242137
415.5 24.44267565902692 22.57575224544428
416.0 24.444451642793794 22.576601413298576
416.5 24.44622424618776 22.577467767289153
417.0 24.448033603479082 22.578317482914578
417.5 24.449818827882645 22.57917374603656
418.0 24.45160499453983 22.580032166994283
418.5 24.453404716238868 22.580888842060777
419.0 24.4551965431554 22.58174682327421
419.5 24.45697167389529 22.582604348522402
420.0 24.45876460099619 22.583475492720275
420.5 24.46056215549856 22.58432231395855
421.0 24.462359700301036 22.585183894288456
421.5 24.46413489728893 22.586054740791845
422.0 24.465950330319778 22.58691089064449
422.5 24.467746652791828 22.587770910379238
423.0 24.46955906721328 22.588631888783418
423.5 24.4713491909879 22.58949460124959
424.0 24.473143479418404 22.590354674789943
424.5 24.474943963126282 22.591217991955585
425.0 24.476736088602532 22.592085651192374
425.5 24.478543753025054 22.592939310647232
426.0 24.48036587208831 22.593812080075057
426.5 24.482171748737006 22.59467548221786
427.0 24.483994590195653 22.595534766142723
427.5 24.4857892891541 22.596409763187864
428.0 24.487581807340337 22.59727814022574
428.5 24.489405635112394 22.598144451385565
429.0 24.49122369523044 22.599017371416284
429.5 24.493022801941258 22.599882686568762
430.0 24.494850185412172 22.600739361522137
430.5 24.49665337083524 22.601616649312955
431.0 24.498478448476067 22.60249229765799
431.5 24.50028403912804 22.60335695816414
432.0 24.502108399008314 22.604228351125812
432.5 24.503929775019465 22.605105093805015
433.0 24.5057419576389 22.60598165687646
433.5 24.507565667867198 22.60684107106629
434.0 24.50940470148328 22.607710669903568
434.5 24.511222902452392 22.608597562193445
435.0 24.513061886588346 22.60946876163404
435.5 24.51486658587415 22.61034458518933
436.0 24.516719758693863 22.611218211688854
436.5 24.518540459493728 22.612098866242853
437.0 24.520361005328294 22.612968351539884
437.5 24.522192047859495 22.613852043139694
438.0 24.524021899921333 22.614729247455976
438.5 24.525862970980526 22.615606404321827
439.0 24.527701025465372 22.616489001991667
439.5 24.52954713098958 22.617366854858886
440.0 24.53136637952483 22.618245999342026
440.5 24.53321527296483 22.619131166514983
441.0 24.535037710277003 22.62000845513791
441.5 24.536877563255853 22.620892386573352
442.0 24.538744086022234 22.62177331105407
442.5 24.540581480952845 22.622657395465264
443.0 24.542416726442625 22.62354192806738
443.5 24.544264364676366 22.62441656325484
444.0 24.546103271319982 22.62531599800362
444.5 24.547944746230314 22.626194925097224
445.0 24.54979973956348 22.627081904446587
445.5 24.551655595125123 22.62796429006788
446.0 24.55349298537032 22.62884518829173
446.5 24.55534674324159 22.629735127968907
447.0 24.557174978609154 22.630620503777568
447.5 24.559048399489182 22.631508918822444
448.0 24.56090647675331 22.632392656903342
448.5 24.562741021692958 22.633285407537542
449.0 24.564595090810126 22.63417250914958
449.5 24.566449583824152 22.63506933371621
450.0 24.568316913350433 22.63594707799086
450.5 24.57017996819719 22.63683915776689
451.0 24.57203602288013 22.637735872561255
451.5 24.57388732078567 22.638627564465263
452.0 24.575743825039794 22.63951149643967
452.5 24.57761458746237 22.640400017714764
453.0 24.579485997868144 22.641305160187958
453.5 24.581342927598094 22.642197624119934
454.0 24.583214493468507 22.643102109104913
454.5 24.585070531938584 22.64398960386923
455.0 24.586931390609603 22.64488392185919
455.5 24.588803571769656 22.64578071437974
456.0 24.59066451749625 22.646677855812033
456.5 24.592554378655194 22.647577936645188
457.0 24.59443231902217 22.648469971267144
457.5 24.596292085913454 22.649373613923252
458.0 24.598170267208967 22.650272533727353
458.5 24.600066737511682 22.651165077996946
459.0 24.60192179442281 22.65207451626654
459.5 24.60379749980354 22.652980940170924
460.0 24.60567779149077 22.65388031723638
460.5 24.607568016531577 22.6547802315594
461.0 24.609438924328654 22.655685572991363
461.5 24.611338848895358 22.65658751620482
462.0 24.613219629326867 22.657491130252602
462.5 24.615108210536263 22.658395705883116
463.0 24.616991024204722 22.659303802180272
463.5 24.61889118895116 22.660207435523336
464.0 24.620778110232038 22.6611173581904
464.5 24.622682985699388 22.662029680801336
465.0 24.62456482794022 22.662935373469523
465.5 24.6264505177578 22.66384739823639
466.0 24.628358482720007 22.664759410779137
466.5 24.63025541041761 22.665669929333575
467.0 24.632154527453277 22.66657934570393
467.5 24.634064394893812 22.667495874048562
