FastTrWP/PhaseSpace/IAs/snIa_0.70_30.00_0.88_-0.22.csv
# %ECSV 0.9
# ---
# datatype:
# - {name: time-rel, datatype: float64}
# - {name: g, datatype: float64}
# - {name: i, datatype: float64}
# schema: astropy-2.0
time-rel g i
[from data line 2743]
1348.125 24.5956757390245 23.19656582905234
1348.625 24.598490797191637 23.197588178562746
1349.125 24.60135079861711 23.19860654485527
1349.625 24.60420739274428 23.199606494392206
1350.125 24.607158923821046 23.20061624067387
1350.625 24.610136395425318 23.201628210528117
1351.125 24.613147823561462 23.20263844313905
1351.625 24.616248989719985 23.203634801100463
1352.125 24.619357378129415 23.20463536957504
1352.625 24.622509033529745 23.205643877161542
1353.125 24.625719465838685 23.206634371506492
1353.625 24.628980219881292 23.20763822480319
1354.125 24.632264963232814 23.208630629250916
1354.625 24.635608826488408 23.20963080006031
1355.125 24.63900541242822 23.210624492239216
1355.625 24.64242694713494 23.211624347568485
1356.125 24.645892969953096 23.21261367337685
1356.625 24.64939103075129 23.213603762146498
1357.125 24.65294636713212 23.21459025503323
1357.625 24.656529433382488 23.215587598528348
1358.125 24.660158204003917 23.216569698581722
1358.625 24.663818150126776 23.217561335881495
1359.125 24.667543089502402 23.218541309617944
1359.625 24.671301671671436 23.219531288077807
1360.125 24.67506869207981 23.22051106448027
1360.625 24.67888341073706 23.221493167238396
1361.125 24.682748376397146 23.222471810375446
1361.625 24.686663712908423 23.22346181353022
1362.125 24.690570899716164 23.22443370158736
1362.625 24.694551755595413 23.225417498929698
1363.125 24.69853011244602 23.226395257976584
1363.625 24.702580199586244 23.22737502483276
1364.125 24.706664252256985 23.228342295231307
1364.625 24.71074262944343 23.229337244179064
1365.125 24.71487621737225 23.23030687235194
1365.625 24.719042529875004 23.231281935710264
1366.125 24.723256134942044 23.232261848054915
1366.625 24.72747676318304 23.233235514942585
1367.125 24.731748678280397 23.23421012903153
1367.625 24.73602903310792 23.235188136765647
1368.125 24.7403515483025 23.23614726223594
1368.625 24.744699236194705 23.237123761994283
1369.125 24.749065934557954 23.238101779267872
1369.625 24.753459421256494 23.239077249437862
1370.125 24.75788597066789 23.240047765374978
1370.625 24.762363128739892 23.241018977519627
1371.125 24.766834284319707 23.241986998317703
1371.625 24.77132759952704 23.242962322918125
1372.125 24.77584491406381 23.24393758305236
1372.625 24.78038445308882 23.244894675041866
1373.125 24.784975480905317 23.24587987265371
1373.625 24.78956425662807 23.246840682534522
1374.125 24.79417642933557 23.247819636323307
1374.625 24.79880125148966 23.248791192073682
1375.125 24.803455950786674 23.249760957895262
1375.625 24.808128537965338 23.250738575029178
1376.125 24.812825406947248 23.251710433916056
1376.625 24.817507052356543 23.252677634546966
1377.125 24.82222195859782 23.253652966258297
1377.625 24.826956979906218 23.25462395397308
1378.125 24.83173199654655 23.255599367741368
1378.625 24.836477018074653 23.256567414539468
1379.125 24.84124193854534 23.257551503530117
1379.625 24.84603063147743 23.258528606964735
1380.125 24.850829817558235 23.259502463290538
1380.625 24.855616480020515 23.260482166430513
1381.125 24.86043541743648 23.261448661567144
1381.625 24.865251691419342 23.262424522440295
1382.125 24.87006279983707 23.263412242482087
1382.625 24.874903750353067 23.264390479841364
1383.125 24.879732917938927 23.265362860138584
1383.625 24.88456284244995 23.266349506861612
1384.125 24.889394091409752 23.267323141147887
1384.625 24.894246017190067 23.26830618938249
1385.125 24.899077093860754 23.26928825044849
1385.625 24.903882654380887 23.270271691958108
1386.125 24.908724654180105 23.271268072987294
1386.625 24.91354609564446 23.272244790695584
1387.125 24.91839048771693 23.2732190879496
1387.625 24.923191796944817 23.274223580786778
1388.125 24.92802081930604 23.27520453252606
1388.625 24.932814029005964 23.276199760966563
1389.125 24.937600720412803 23.27718406291245
1389.625 24.94236911306118 23.278177763761878
1390.125 24.947153262219103 23.279178774277348
1390.625 24.951967156550374 23.280175042055802
1391.125 24.956827708102946 23.281166254888475
1391.625 24.961703089319116 23.282144869434745
1392.125 24.966634209516755 23.28313865630863
1392.625 24.971595306332944 23.28414546132415
1393.125 24.976591647099063 23.285123661235293
1393.625 24.981606557534057 23.286130557537593
1394.125 24.986712148312606 23.2871155454284
1394.625 24.991815312140883 23.288091417359684
1395.125 24.99695419836973 23.28909624615035
1395.625 25.002121538837088 23.290087234531494
1396.125 25.007331876566425 23.29107754792099
1396.625 25.012542936327556 23.292051352991013
1397.125 25.017829060831072 23.293057730012077
1397.625 25.023124416532028 23.29404961253242
1398.125 25.02844597189529 23.29503696970353
1398.625 25.03381012933097 23.296022777634494
1399.125 25.039185250291162 23.297010882147987
1399.625 25.044604209101294 23.298002276718893
1400.125 25.05005692650112 23.299000628134912
1400.625 25.05551224523138 23.299982690464
1401.125 25.06103852343374 23.300981836788438
1401.625 25.06657313510616 23.30196616289493
1402.125 25.072123082901108 23.302947581588946
1402.625 25.07770629149901 23.303946745464046
1403.125 25.083309637606387 23.304933655800745
1403.625 25.088940444642304 23.305933221164633
1404.125 25.094608134286606 23.306926606667083
1404.625 25.100269477053892 23.307921553161805
1405.125 25.10598122038668 23.30890323941929
1405.625 25.111700317705093 23.309897736522153
1406.125 25.117448314066397 23.3108921716474
1406.625 25.123204500269516 23.31188020561761
1407.125 25.128980179702275 23.312871721420436
1407.625 25.13479748334332 23.313865324901197
1408.125 25.140580545934643 23.31486576058303
1408.625 25.146460346092177 23.315844666001126
1409.125 25.152297556635 23.316860380578703
1409.625 25.15817681620328 23.317856163672758
1410.125 25.164053436546094 23.31883724756228
1410.625 25.169942443948564 23.31985011878136
1411.125 25.17585397266727 23.320842284904828
1411.625 25.181799179499343 23.321834640393867
1412.125 25.187723576840373 23.322851750774774
1412.625 25.193632082892915 23.323837764774847
1413.125 25.19957970663677 23.32483878498973
1413.625 25.205545846693724 23.32584128748298
1414.125 25.211516430274603 23.326846857783146
1414.625 25.21750089353094 23.327844241461342
1415.125 25.223447770159588 23.328856079159447
1415.625 25.229450871865964 23.329860035194756
1416.125 25.23542497597497 23.330863271234396
