FastTrWP/PhaseSpace/IAs/snIa_0.61_30.00_-0.65_0.10.csv
# %ECSV 0.9
# ---
# datatype:
# - {name: time-rel, datatype: float64}
# - {name: g, datatype: float64}
# - {name: i, datatype: float64}
# schema: astropy-2.0
time-rel g i
-366.0 26.989849844657584 24.47574837922641
-365.5 26.97814180776707 24.469569967267457
-365.0 26.966496285484865 24.463396117569133
-364.5 26.954850717520806 24.457245991445472
-364.0 26.94336848989748 24.451133307218605
-363.5 26.931888796065518 24.445028412393114
-363.0 26.920485971476154 24.438963068233033
-362.5 26.909296634589516 24.432899079256273
-362.0 26.898065271449788 24.42685426914081
-361.5 26.88693965452726 24.42083923596195
-361.0 26.87585355619282 24.414855180334783
-360.5 26.864895303679198 24.4088772863255
-360.0 26.853905734187492 24.40292666717545
-359.5 26.843077033943832 24.397006462827193
-359.0 26.8323226672582 24.391097906332448
-358.5 26.821595129868065 24.385218199055405
-358.0 26.810941261469846 24.379346929051223
-357.5 26.80042987159215 24.373500635787025
-357.0 26.78987911453508 24.367664291682125
-356.5 26.779436261049913 24.361880881803852
-356.0 26.769020107112226 24.356084956416822
-355.5 26.758749404638245 24.35031967538544
-355.0 26.748460910126216 24.344596342870194
-354.5 26.738293262426556 24.338887264221935
-354.0 26.728118976563028 24.333185510672486
-353.5 26.71806280772593 24.327494332829925
-353.0 26.70805338206693 24.321834722842727
-352.5 26.698068216790674 24.31619072574336
-352.0 26.68815827423353 24.31058375171851
-351.5 26.678307342115954 24.304987152004966
-351.0 26.668514756087323 24.299397578616922
-350.5 26.6587550458417 24.29384225869626
-350.0 26.649037783177363 24.288310685465895
-349.5 26.639504182554376 24.282789492431284
-349.0 26.62997835634984 24.277263428463712
-348.5 26.620383610262778 24.271778934074288
-348.0 26.611020780207436 24.266319927343627
-347.5 26.60161367221925 24.26085388041457
-347.0 26.59230205488882 24.25541185017954
-346.5 26.58305474535068 24.249965031419677
-346.0 26.573812873792583 24.244576146846363
-345.5 26.56462033468717 24.239173721506894
-345.0 26.555499654850514 24.233793118878737
-344.5 26.546392230994933 24.228425724389766
-344.0 26.53741089828472 24.223087718272282
-343.5 26.528463531805983 24.217754626303453
-343.0 26.519561173986112 24.21244268281297
-342.5 26.510648380950734 24.207157807641813
-342.0 26.501817593397654 24.201854208549378
-341.5 26.49301144160838 24.196590790651843
-341.0 26.484261988125304 24.191336044627985
-340.5 26.47557942273256 24.186115096070978
-340.0 26.466984134479482 24.180889065454785
-339.5 26.45831455789956 24.17568057191557
-339.0 26.449767788192304 24.170490171218262
-338.5 26.441212141659676 24.165316064402962
-338.0 26.43274077853637 24.16016732670355
-337.5 26.424321214522553 24.155015651786567
-337.0 26.415875758342466 24.14987308950134
-336.5 26.407527947039753 24.14476941087681
-336.0 26.39916593387428 24.139663273946802
-335.5 26.390878676016378 24.13458773923004
-335.0 26.382655405853495 24.129507244022683
-334.5 26.37444952823154 24.124455651390953
-334.0 26.366232755775208 24.11941039879349
-333.5 26.358080363754134 24.1143920653704
-333.0 26.34996348062769 24.109362071981305
-332.5 26.341905661286983 24.104370924646766
-332.0 26.333854269575173 24.099381647859186
-331.5 26.32583193856229 24.09440447219022
-331.0 26.317876744516564 24.08946371971416
-330.5 26.30992874407268 24.084515938016278
-330.0 26.30197364371697 24.07958818913314
-329.5 26.29413880861889 24.074673761050217
-329.0 26.2862344252953 24.06975225233852
-328.5 26.278418659555854 24.064879871197494
-328.0 26.27064386199919 24.060000159630974
-327.5 26.262877099628987 24.055137170589624
-327.0 26.255162964739377 24.050286756900334
-326.5 26.24744755376732 24.04544907086678
-326.0 26.239761562007835 24.04063374619557
-325.5 26.232112479385915 24.03583476055447
-325.0 26.224492408600767 24.031035427934707
-324.5 26.216939557104787 24.026248921276654
-324.0 26.209343445297648 24.021498597236942
-323.5 26.201823082011447 24.016724546262136
-323.0 26.194303064035324 24.011973118344507
-322.5 26.186806425046765 24.007272991831485
-322.0 26.179368087210847 24.002538147867117
-321.5 26.17193688850213 23.997825290223183
-321.0 26.164515720136063 23.993148394520194
-320.5 26.157116640781446 23.988466961476853
-320.0 26.149786791228102 23.9837978582636
-319.5 26.142447493807946 23.97913341620923
-319.0 26.1351303961164 23.97450014011557
-318.5 26.127830130865483 23.96986805068343
-318.0 26.120578641467006 23.965260551987882
-317.5 26.11331819967381 23.960659031127104
-317.0 26.10611358102997 23.956059990450523
-316.5 26.098887444409343 23.951486104378805
-316.0 26.091719721919702 23.946906300911465
-315.5 26.08455496249345 23.942363961824512
-315.0 26.077442002343183 23.93780840785054
-314.5 26.070324121022143 23.933294309965568
-314.0 26.06326119333181 23.928769590552346
-313.5 26.056165804428723 23.924255453113265
-313.0 26.049115866720356 23.919763435030777
-312.5 26.04213055012032 23.91527858055195
-312.0 26.035104115122127 23.910823005881213
-311.5 26.028092249659913 23.90636113650485
-311.0 26.021145869505826 23.901895714809896
-310.5 26.01423143333346 23.897466918506115
-310.0 26.00733737285257 23.8930426700774
-309.5 26.000438199991386 23.888626265957484
-309.0 25.99354116996716 23.884212581348155
-308.5 25.986717189850136 23.879832565125728
-308.0 25.97989546540323 23.87544802428831
-307.5 25.97309429303227 23.87107775809661
-307.0 25.96631486096898 23.866732854868285
-306.5 25.9595743122931 23.862372937185356
-306.0 25.952864755488932 23.858048220463477
-305.5 25.94614152250246 23.85370592552239
-305.0 25.939431044478066 23.849388699429642
-304.5 25.932794468288314 23.845089321727787
-304.0 25.92614885156547 23.840802436386078
-303.5 25.919519212476885 23.83651708103274
-303.0 25.912907689615654 23.832247511944104
-302.5 25.90633253320164 23.82799179216817
-302.0 25.899770998866416 23.823726752290728
-301.5 25.89323439192861 23.819492204779394
-301.0 25.886711654333418 23.81525616709627
-300.5 25.880207584005746 23.811017857859174
-300.0 25.87371253776992 23.80682041952854
-299.5 25.867292751775707 23.80261366348638
-299.0 25.860822266383437 23.798411348610223
-298.5 25.854430671490864 23.79423641321242
-298.0 25.847990415110477 23.790055026283884
-297.5 25.841622611179858 23.785900511374333
-297.0 25.8352531693361 23.781738496781458
-296.5 25.828922809007842 23.777591408361406
-296.0 25.82260433221167 23.77345558332756
-295.5 25.816285917025784 23.769327654847242
-295.0 25.809978571237142 23.76520664010974
-294.5 25.80376392001294 23.761099036511016
-294.0 25.79750924671584 23.75702178407618
-293.5 25.791248063557063 23.752921079995446
-293.0 25.78505686176523 23.748827925513364
-292.5 25.778852792892234 23.744767405315592
-292.0 25.77268505422902 23.740701479994847
-291.5 25.766533377533364 23.736645267424656
-291.0 25.760345843201705 23.732605737210864
-290.5 25.754268198991177 23.728563422326737
-290.0 25.74817892966978 23.72453387236785
-289.5 25.74209151226181 23.72051212507585
-289.0 25.736024840084873 23.71650034945892
-288.5 25.72994961971598 23.71249660047695
-288.0 25.72395601578815 23.7084973806086
-287.5 25.717882160741198 23.704515168572957
-287.0 25.711887168285173 23.700533854519733
-286.5 25.70589893662585 23.696560020509096
-286.0 25.699949110887886 23.69259473127586
-285.5 25.693998518732034 23.688647077110115
-285.0 25.68809352713891 23.684704089960427
-284.5 25.68215289050019 23.680761270485135
-284.0 25.67622544572724 23.676818808816694
-283.5 25.670366537046686 23.672905172994806
-283.0 25.6644817466197 23.66898857167625
-282.5 25.65863993108827 23.6650777829743
-282.0 25.652817549089768 23.66117247899965
-281.5 25.646973265834752 23.65728298910481
-281.0 25.64115157496827 23.653384675859726
-280.5 25.63535851267058 23.649509206820166
-280.0 25.62959023215135 23.645654309519095
-279.5 25.62384448667708 23.641777725757905
-279.0 25.618083907574057 23.637934575479605
-278.5 25.612373920380254 23.634087853198
-278.0 25.60667249835772 23.630247771901445
-277.5 25.60097858773222 23.62641069603903
-277.0 25.595289518582316 23.62258569224032
-276.5 25.589604817566606 23.618757125058423
-276.0 25.583962629347635 23.614951710531038
-275.5 25.578331115812976 23.61114220361822
-275.0 25.57268959278519 23.607347229543095
-274.5 25.567079100584976 23.60354783211929
-274.0 25.56148790036247 23.599773826793914
-273.5 25.55591867805176 23.595992998664013
-273.0 25.550352418244575 23.592223932687165
-272.5 25.544802499627238 23.58847055811381
-272.0 25.539266163608634 23.5847076527155
-271.5 25.533743021440003 23.580954465727327
-271.0 25.528237819541122 23.577222127620516
-270.5 25.522770155509257 23.573501494195863
-270.0 25.517284027335716 23.569775559197048
-269.5 25.511827545671537 23.566054293605042
-269.0 25.506384918408123 23.562352764820513
-268.5 25.500953938826527 23.558651127704668
-268.0 25.49553947473679 23.554959524954043
-267.5 25.490153693683403 23.551273439413105
-267.0 25.484741465331886 23.547600312063604
-266.5 25.47937437434967 23.543923796825574
-266.0 25.473993198897173 23.540261411220683
-265.5 25.468662966449912 23.53661091679186
-265.0 25.46335505785165 23.532949929923085
-264.5 25.45801017814361 23.52931696770249
-264.0 25.452703166146343 23.52568109855038
-263.5 25.447425602042642 23.52205132480957
-263.0 25.44213615454016 23.51842117363116
-262.5 25.436882744019137 23.514814274914784
-262.0 25.43161586104904 23.511206083067265
-261.5 25.426371779756252 23.50760168445626
-261.0 25.4211507819416 23.50401270035448
-260.5 25.415946065453422 23.50042002671686
-260.0 25.410737222979094 23.496831204734328
-259.5 25.405551661917816 23.493257960194427
-259.0 25.400394579169404 23.489687650916025
-258.5 25.395202522482535 23.486114044604353
-258.0 25.39005310455906 23.4825628248786
-257.5 25.38492787641197 23.479025672573847
-257.0 25.379803876434867 23.475467432390452
-256.5 25.374660424662366 23.47193711766415
-256.0 25.369562300522155 23.468408196726713
-255.5 25.364476906312795 23.464879873224135
-255.0 25.35940445020846 23.46136199678552
-254.5 25.35430849095144 23.457841624724583
-254.0 25.349264443232087 23.454347702609798
-253.5 25.344227289803577 23.450835485576537
-253.0 25.339176926702642 23.447331671896237
-252.5 25.33415557201282 23.44384157167101
-252.0 25.329151891039547 23.44036023879939
-251.5 25.3241354241838 23.436880769355458
-251.0 25.319141608653695 23.433412294833367
-250.5 25.314144807123284 23.429938962476395
-250.0 25.30917839576638 23.42646525691117
-249.5 25.304259559271877 23.423005509919868
-249.0 25.29929362361377 23.419566214016374
-248.5 25.29436331512806 23.41612128239592
-248.0 25.289423342374334 23.412669922997573
-247.5 25.28453398137998 23.40923606308391
-247.0 25.279594715738803 23.405801047294503
-246.5 25.274704984807094 23.4023839655465
-246.0 25.269799736446323 23.39897102133922
-245.5 25.26496406991777 23.395552581491785
-245.0 25.26009129558925 23.392140395061688
-244.5 25.25522903243905 23.388730896691783
-244.0 25.250397672656973 23.385324371406444
-243.5 25.24554347975677 23.38193366213131
-243.0 25.240730523048256 23.378555729722233
-242.5 25.23591108901195 23.375167350169683
-242.0 25.231085026953334 23.3717759697649
-241.5 25.22630407376741 23.368401201039962
-241.0 25.22153166421457 23.36504121141921
-240.5 25.216740043344647 23.361666200860878
-240.0 25.211983185372993 23.358314310836427
-239.5 25.207254423527704 23.354964286581623
-239.0 25.202477047615265 23.351600917832624
-238.5 25.19772527883813 23.348258065738037
-238.0 25.19300671216839 23.344903165359355
-237.5 25.188295142109823 23.341576113063766
-237.0 25.183565008243608 23.338251344437488
-236.5 25.17886582483415 23.334908246273795
-236.0 25.174156475106013 23.33159213248459
-235.5 25.16946676643174 23.32826535510817
-235.0 25.16481505459488 23.324952699821026
-234.5 25.160143485670666 23.321642876742665
-234.0 25.15549721921618 23.318327503918542
-233.5 25.15085026890076 23.31503818384838
-233.0 25.14621124306263 23.31175398314098
-232.5 25.141581331696912 23.30845146502799
-232.0 25.13696926904985 23.305170278309713
-231.5 25.132365264471797 23.301898986210436
-231.0 25.127772912171306 23.29863067663462
-230.5 25.123187411515776 23.295353916868965
-230.0 25.118610945515655 23.292101423404475
-229.5 25.114019970856823 23.288845017823494
-229.0 25.109464097365816 23.285593556240734
-228.5 25.1049445585633 23.282340705979042
-228.0 25.10041214742718 23.279108116417806
-227.5 25.095864374969832 23.27585949375954
-227.0 25.09132819592617 23.272626507577666
-226.5 25.086812077654884 23.26939828685834
-226.0 25.082327138846313 23.26617933717546
-225.5 25.077804203434972 23.262963434553228
-225.0 25.07332653555786 23.259749991873534
-224.5 25.068861907752723 23.256545098659185
-224.0 25.064393085214512 23.25333599811254
-223.5 25.059928690566565 23.250132901122992
-223.0 25.055469483464073 23.2469475657296
-222.5 25.051043151472246 23.24376050022149
-222.0 25.046597855646255 23.24057101320947
-221.5 25.042170581808215 23.23739308443912
-221.0 25.037771577479017 23.234216539765402
-220.5 25.033361458596307 23.231039813380846
-220.0 25.028956297920672 23.227885353781236
-219.5 25.024549367675814 23.22471305090183
-219.0 25.02016847693095 23.22156233613637
-218.5 25.015805267313258 23.218404927252912
-218.0 25.01143968374802 23.215246874061943
-217.5 25.00707572990672 23.21211601234178
-217.0 25.002738184611808 23.20896861543014
-216.5 24.998386972958837 23.20583138109364
-216.0 24.994055503932042 23.202694740333556
-215.5 24.98975327362841 23.19956755127783
-215.0 24.985415469250533 23.196455455174064
-214.5 24.981117614638755 23.193334559039545
-214.0 24.97679978981713 23.19022101283158
-213.5 24.97251316501575 23.18711077115189
-213.0 24.968224368094504 23.18400739988478
-212.5 24.963952422221144 23.180899620974955
-212.0 24.959677742984837 23.17779624665053
-211.5 24.955420559661107 23.174705979018007
-211.0 24.95118677893491 23.171616129177032
-210.5 24.946908695877575 23.168530498126923
-210.0 24.942690594199316 23.16544491334202
-209.5 24.93846614046136 23.162363087095375
-209.0 24.934212662466035 23.159287326728972
-208.5 24.929993249138054 23.15621592925847
-208.0 24.925801863368527 23.15315322910921
-207.5 24.92158374508175 23.15009062052253
-207.0 24.91740400036337 23.147028825510084
-206.5 24.913206743565294 23.143969984243626
-206.0 24.909034786577287 23.14092048410115
-205.5 24.90485577950564 23.137866175685712
-205.0 24.900691094542537 23.134821407625886
-204.5 24.896537697232656 23.131783494597844
-204.0 24.892368640829446 23.128755357948954
-203.5 24.88822059458595 23.12570889486658
-203.0 24.884085569284675 23.12267858030307
-202.5 24.879966639668144 23.119664189918325
-202.0 24.87584451367921 23.11662655823692
-201.5 24.871713898434336 23.113608744882
-201.0 24.867617386557278 23.110594310873424
-200.5 24.863518233431506 23.10757980682531
-200.0 24.859405517060523 23.104574604866862
-199.5 24.855340828012203 23.101571879330546
-199.0 24.851248022372037 23.098566639242183
-198.5 24.847183189707582 23.095563767702565
-198.0 24.843100028904228 23.092570375344557
-197.5 24.839044363512674 23.089581945595906
-197.0 24.834964507993405 23.08658971351733
-196.5 24.830935677439577 23.083606009188117
-196.0 24.82687625145898 23.080632960179916
-195.5 24.822833738577884 23.07763037120661
-195.0 24.818734179514973 23.074636832120063
-194.5 24.81467470435296 23.071642927835704
-194.0 24.810594058653727 23.068650590253228
-193.5 24.806512403680653 23.065671116437635
-193.0 24.802423895769184 23.06266998029974
-192.5 24.7983472093337 23.05968190699502
-192.0 24.79428268943572 23.05669097167925
-191.5 24.790200915552276 23.05368789116067
-191.0 24.786112738080917 23.050699063242746
-190.5 24.78202753470018 23.04771324729301
-190.0 24.777926653834 23.044723336635858
-189.5 24.77384212350641 23.04173597593489
-189.0 24.76979863122464 23.038750373371677
-188.5 24.765699948056525 23.0357703950583
-188.0 24.761640709325007 23.032787931604858
-187.5 24.757552376518703 23.029810535767595
-187.0 24.7535008726812 23.026826160580555
-186.5 24.74943173996172 23.023856405118778
-186.0 24.745381300803047 23.020888081060235
-185.5 24.74134051764357 23.01791230887954
