FastTrWP/PhaseSpace/IAs/snIa_0.42_30.00_0.24_0.06.csv
# %ECSV 0.9
# ---
# datatype:
# - {name: time-rel, datatype: float64}
# - {name: g, datatype: float64}
# - {name: i, datatype: float64}
# schema: astropy-2.0
time-rel g i
[from data line 866]
614.6666666666666 23.247529236514662 22.36581888018567
615.1666666666666 23.24770792236179 22.36525458913118
615.6666666666666 23.247890183829366 22.364686939463567
616.1666666666666 23.248080060512702 22.364126692671324
616.6666666666666 23.248272245752652 22.36357437761194
617.1666666666666 23.248457841488907 22.363019768532073
617.6666666666666 23.248670140871667 22.36246610476222
618.1666666666666 23.24887352498537 22.361911875931774
618.6666666666666 23.24908876885197 22.3613735386606
619.1666666666666 23.249296181892998 22.36082977937919
619.6666666666666 23.2495203456832 22.360287027289093
620.1666666666666 23.249740540037273 22.35974658318273
620.6666666666666 23.249983529267034 22.35921699789269
621.1666666666666 23.250214279843078 22.358684042939593
621.6666666666666 23.25046345685349 22.358154296974625
622.1666666666666 23.250699066530633 22.357635695722568
622.6666666666666 23.250949321056336 22.357114844250926
623.1666666666666 23.251217077782993 22.35659707016772
623.6666666666666 23.251457363154053 22.356078995992064
624.1666666666666 23.251734080428967 22.35556849665779
624.6666666666666 23.25200542829392 22.355066711635565
625.1666666666666 23.25228226487178 22.35455896138707
625.6666666666666 23.252556645034772 22.354056146694315
626.1666666666666 23.252839876416562 22.353556163873158
626.6666666666666 23.253136710869995 22.353055029375348
627.1666666666666 23.2534297065748 22.352566233384724
627.6666666666666 23.253730492584594 22.352081015204817
628.1666666666666 23.254038090559952 22.351595923232047
628.6666666666666 23.25435307637433 22.351106250863708
629.1666666666666 23.25465118637053 22.350626617565222
629.6666666666666 23.254972443005208 22.350142841153424
630.1666666666666 23.25529571581274 22.349671827167448
630.6666666666666 23.25562205969712 22.34918635377162
631.1666666666666 23.255954446559976 22.34872813209456
631.6666666666666 23.25629471223937 22.348252361903054
632.1666666666666 23.25663524628621 22.347789096708915
632.6666666666666 23.256984498660586 22.347325637929025
633.1666666666666 23.25732893251629 22.346863799907112
633.6666666666666 23.257693332267312 22.346409536547046
634.1666666666666 23.258056359417427 22.345946317670883
634.6666666666666 23.258413123199876 22.345497488615635
635.1666666666666 23.25877774999496 22.345055716621467
635.6666666666666 23.259162102784003 22.344603398033964
636.1666666666666 23.259548003436485 22.344155768782684
636.6666666666666 23.259925065033542 22.343716097041792
637.1666666666666 23.26031241656596 22.34328313274441
637.6666666666666 23.260703221661725 22.342848104789876
638.1666666666666 23.261098248725624 22.34241660842358
638.6666666666666 23.261510012204695 22.34198260247954
639.1666666666666 23.26192480077664 22.341559233639195
639.6666666666666 23.262337555854685 22.341135074208683
640.1666666666666 23.262749293987447 22.340716001459334
640.6666666666666 23.263173163991226 22.340299853245465
641.1666666666666 23.263601255549688 22.33988545964998
641.6666666666666 23.2640367834858 22.339469402073835
642.1666666666666 23.264478752737922 22.339059814791128
642.6666666666666 23.264917052996516 22.338655710823055
643.1666666666666 23.265371806648716 22.33824496066096
643.6666666666666 23.265811886058163 22.337854535956186
644.1666666666666 23.266278615018514 22.337451309858515
644.6666666666666 23.266737021985403 22.337057097323168
645.1666666666666 23.267200710034096 22.3366613187649
645.6666666666666 23.26767752481118 22.336279723895917
646.1666666666666 23.268158143382788 22.335893464226896
646.6666666666666 23.268651612606806 22.335518034220144
647.1666666666666 23.269136551072567 22.335129921297412
647.6666666666666 23.269640075036673 22.334753468329932
648.1666666666666 23.270125302873645 22.33437894516929
648.6666666666666 23.270635589494105 22.334004970005083
649.1666666666666 23.271144183848563 22.33364175217399
649.6666666666666 23.271659014355155 22.33326961559809
650.1666666666666 23.272176054340456 22.332911551596336
650.6666666666666 23.272706962008705 22.33255471861089
651.1666666666666 23.273228046329177 22.332205143031942
651.6666666666666 23.273769311860523 22.331845007636545
652.1666666666666 23.274310615716058 22.331495690660184
652.6666666666666 23.274856187594306 22.331156465666027
653.1666666666666 23.275406746122144 22.330808897932172
653.6666666666666 23.27597420267893 22.330471996951204
654.1666666666666 23.276524268553974 22.330128773680165
654.6666666666666 23.277089437101974 22.329795213472288
655.1666666666666 23.277674488312613 22.329463292028887
655.6666666666666 23.278251077687493 22.32913434600413
656.1666666666666 23.27883411217013 22.328810663455883
656.6666666666666 23.27942730912692 22.32849291239791
657.1666666666666 23.280003035399083 22.328172788253035
657.6666666666666 23.280611905757432 22.327851535060418
658.1666666666666 23.281229918876 22.327540255589412
658.6666666666666 23.281826803599106 22.327232300192744
659.1666666666666 23.282457081915148 22.32692838462527
659.6666666666666 23.283073410270127 22.326627335049007
660.1666666666666 23.28369735093458 22.326321760282603
660.6666666666666 23.284337594021874 22.32602647537002
661.1666666666666 23.28498098756995 22.325733548945426
661.6666666666666 23.285630167921575 22.32544543827107
662.1666666666666 23.286294433722116 22.325159589695026
662.6666666666666 23.286950466489493 22.324878371130698
663.1666666666666 23.287634774706532 22.32460442007334
663.6666666666666 23.28831010368489 22.324322107444093
664.1666666666666 23.288989969254633 22.324046972354626
664.6666666666666 23.289688767241753 22.32378380367144
665.1666666666666 23.290392563172524 22.323515175249593
665.6666666666666 23.29110044828009 22.32325438088794
666.1666666666666 23.29181612412225 22.322994663965837
666.6666666666666 23.292540316989076 22.32273272811931
667.1666666666666 23.29327157290517 22.322482809556114
667.6666666666666 23.294008847979434 22.32223852744862
668.1666666666666 23.29475502995809 22.32198472738855
668.6666666666666 23.29549707321828 22.32174090627213
669.1666666666666 23.296247988718267 22.32150235942283
669.6666666666666 23.2970244419386 22.3212627320963
670.1666666666666 23.297786490342123 22.321035489323656
670.6666666666666 23.298545158785785 22.320797805087523
671.1666666666666 23.299326819911585 22.32057321166852
671.6666666666666 23.300115377980177 22.320342930560074
672.1666666666666 23.300920649799217 22.32012173790162
672.6666666666666 23.30170462337865 22.319901843896183
673.1666666666666 23.302506933867882 22.31968685933738
673.6666666666666 23.303312829659703 22.31946103898062
674.1666666666666 23.304124892573036 22.319255109809117
674.6666666666666 23.30493796799148 22.319049901357314
675.1666666666666 23.30576340584782 22.31884340487266
675.6666666666666 23.306594900082843 22.31863013283853
676.1666666666666 23.307428410542855 22.31843323839143
676.6666666666666 23.308256383689496 22.31823287350548
677.1666666666666 23.309109237437355 22.318046816121214
677.6666666666666 23.309949247863173 22.317850248181948
678.1666666666666 23.310789643116223 22.317660121324927
678.6666666666666 23.311642939702644 22.317466426262417
679.1666666666666 23.312502468464643 22.3172801757826
679.6666666666666 23.31335840567035 22.317101158789725
680.1666666666666 23.31422327651042 22.316915765564225
680.6666666666666 23.315100639850943 22.31674607815437
681.1666666666666 23.315969827357215 22.316566504733984
681.6666666666666 23.31685127802217 22.316390213415612
682.1666666666666 23.317721562703863 22.31621946867805
682.6666666666666 23.318610302957335 22.316052546957263
683.1666666666666 23.3195036437738 22.31588385982922
683.6666666666666 23.320382114690066 22.315717997595748
684.1666666666666 23.32127523481038 22.315564117528822
684.6666666666666 23.322170730403627 22.31539637141411
685.1666666666666 23.32307264005098 22.315239295424718
685.6666666666666 23.323972814079458 22.315081447745996
686.1666666666666 23.324867329338097 22.314930034973806
686.6666666666666 23.32577504368594 22.3147789764357
687.1666666666666 23.32669022959687 22.314630370375
687.6666666666666 23.327588907272514 22.314474007711592
688.1666666666666 23.328512540035085 22.314333975107672
688.6666666666666 23.329423935921408 22.314185039807608
689.1666666666666 23.330339252912236 22.3140460004714
689.6666666666666 23.33124973596227 22.313903371890824
690.1666666666666 23.33218787840476 22.313766710017184
690.6666666666666 23.333097625424536 22.313629672433798
691.1666666666666 23.334012060819774 22.313495213302406
691.6666666666666 23.33494198452015 22.31335974283841
692.1666666666666 23.335858505615036 22.313230205578044
692.6666666666666 23.33678848512961 22.3130978999193
693.1666666666666 23.337713912273344 22.312976183776097
693.6666666666666 23.3386487904595 22.312850854678704
694.1666666666666 23.33957910432495 22.312722519642175
694.6666666666666 23.340505694663793 22.31260383217053
695.1666666666666 23.341440901020412 22.31247971061162
695.6666666666666 23.342380576325695 22.312365468629753
696.1666666666666 23.343324864097053 22.312252224685977
696.6666666666666 23.344279551364167 22.312144030810668
697.1666666666666 23.34523805851127 22.31203373673379
697.6666666666666 23.34620590813445 22.311923928032165
698.1666666666666 23.347161198787283 22.311814804977605
698.6666666666666 23.34813342279248 22.311716428269865
699.1666666666666 23.349106441591488 22.31161635559808
699.6666666666666 23.35008774787989 22.31152310022631
700.1666666666666 23.351078179314527 22.311428577967888
700.6666666666666 23.35206156893282 22.311341288510658
701.1666666666666 23.353060582774646 22.311247061226997
701.6666666666666 23.354051601844873 22.31115967232126
702.1666666666666 23.355060844800313 22.311077748275356
702.6666666666666 23.356066125937474 22.310994697081398
703.1666666666666 23.35707825532314 22.310920989029768
703.6666666666666 23.35809974969662 22.310841927371904
704.1666666666666 23.359104667922082 22.310767597548026
704.6666666666666 23.360125655301296 22.310693726724406
705.1666666666666 23.361146025920224 22.31062561122755
705.6666666666666 23.362184364090716 22.310554304867004
706.1666666666666 23.363222162483574 22.310496308754026
706.6666666666666 23.3642569238914 22.310433507709973
707.1666666666666 23.365293283353637 22.31036737024205
707.6666666666666 23.366331448300013 22.310309678613883
708.1666666666666 23.36737476555291 22.310248174557433
708.6666666666666 23.368423019031713 22.310195054887142
709.1666666666666 23.36948572494672 22.3101455121451
709.6666666666666 23.370536443301837 22.310092744281608
710.1666666666666 23.371596247434 22.31004103828303
710.6666666666666 23.372657270883153 22.30999532889575
711.1666666666666 23.373711120042387 22.309952924691828
711.6666666666666 23.374786729014527 22.309912421818204
712.1666666666666 23.375848701178562 22.30987074541624
712.6666666666666 23.376922090186547 22.30983203424641
713.1666666666666 23.37799344727308 22.309794642517154
713.6666666666666 23.379061558058403 22.309756387612623
714.1666666666666 23.380151471792164 22.309719988427013
714.6666666666666 23.381220265493084 22.309693467837214
715.1666666666666 23.38230123084147 22.309659988679588
715.6666666666666 23.383392312978938 22.309629856866433
716.1666666666666 23.38447935252837 22.309606206516275
716.6666666666666 23.385563530936263 22.30958410384307
717.1666666666666 23.386649376503232 22.309560041380788
717.6666666666666 23.387737161039446 22.30953599446496
718.1666666666666 23.38883071030354 22.30952342114113
718.6666666666666 23.38992235938526 22.30949876221494
719.1666666666666 23.391011816888497 22.309486548974764
719.6666666666666 23.39210955259254 22.309471903087097
720.1666666666666 23.39320567307569 22.309464171596552
720.6666666666666 23.394295634487715 22.309436915908364
721.1666666666666 23.395398954572656 22.309433724616646
721.6666666666666 23.39649492486337 22.3094282745287
722.1666666666666 23.39759126848016 22.309417016404286
722.6666666666666 23.398694133290086 22.3094196614721
723.1666666666666 23.399788442388825 22.309413331531786
723.6666666666666 23.40090063744196 22.30940574579222
724.1666666666666 23.401985488883327 22.30940768403448
724.6666666666666 23.403098588098068 22.30940348751925
725.1666666666666 23.404188648628804 22.309407220819374
725.6666666666666 23.4052905075318 22.309412123277326
726.1666666666666 23.406400715565383 22.30941209122561
726.6666666666666 23.407484213659476 22.309415022233953
727.1666666666666 23.40858495190713 22.309427224514053
727.6666666666666 23.40969519816314 22.309427848481732
728.1666666666666 23.410781753855275 22.309438204231604
728.6666666666666 23.411883527567632 22.30945664634044
729.1666666666666 23.41298822323859 22.30946696495742
729.6666666666666 23.414085166596713 22.309479750880456
730.1666666666666 23.415196882247184 22.309485113793166
730.6666666666666 23.41630093273544 22.309508283466293
731.1666666666666 23.41740529052819 22.309525763727862
731.6666666666666 23.4185088046101 22.309552525493327
732.1666666666666 23.419622876758396 22.309569403812834
732.6666666666666 23.420738093206467 22.309594951677667
733.1666666666666 23.421849336993205 22.30962112902761
733.6666666666666 23.422962264387138 22.3096497641253
734.1666666666666 23.42407995883995 22.30968274765295
734.6666666666666 23.4252006032354 22.309707586316417
735.1666666666666 23.426327415028176 22.309734971746686
735.6666666666666 23.427440909534816 22.309778565278027
736.1666666666666 23.428568537609546 22.309813650765268
736.6666666666666 23.429695585616273 22.309851839765923
737.1666666666666 23.43081771523171 22.309895538679786
737.6666666666666 23.431944673971202 22.309935939084852
738.1666666666666 23.433077898348685 22.30998090872432
738.6666666666666 23.434211982296222 22.310022064095904
739.1666666666666 23.43534226647209 22.310071871724094
739.6666666666666 23.436484094846747 22.310117975865325
740.1666666666666 23.437611351803373 22.310173000491517
740.6666666666666 23.438750972345076 22.310218923870856
741.1666666666666 23.43989397151704 22.310274374723708
741.6666666666666 23.441043741142423 22.310326983003222
742.1666666666666 23.442185770049715 22.31039023532852
742.6666666666665 23.443326766511078 22.31044680281898
743.1666666666666 23.4444702365331 22.31050172979203
743.6666666666666 23.445621586799625 22.31056896714449
744.1666666666665 23.446773457319715 22.310627606761287
744.6666666666666 23.447930784238284 22.31069749771517
745.1666666666666 23.449067311480796 22.310758751793173
745.6666666666665 23.45022614545586 22.310832015154105
746.1666666666666 23.451383358747087 22.310904577824505
746.6666666666666 23.45254346909739 22.310973291737973
747.1666666666665 23.453705622756118 22.3110524836127
747.6666666666666 23.45486982945514 22.311118311341552
748.1666666666666 23.456029852831563 22.311200976014185
748.6666666666665 23.457189501879668 22.31127544685286
749.1666666666666 23.458359827374345 22.311361056157494
749.6666666666666 23.459524554734223 22.311434786479868
750.1666666666665 23.460699242608865 22.31152398277308
750.6666666666666 23.461870698419197 22.31160423736096
751.1666666666666 23.463033102726317 22.311695704856454
751.6666666666665 23.464209345370453 22.31178162025483
752.1666666666666 23.465395320020942 22.311872639757194
752.6666666666666 23.466555827166864 22.311959365141295
753.1666666666665 23.467745681321553 22.312054472869978
753.6666666666666 23.468924130463968 22.312147152018138
754.1666666666666 23.47009382201298 22.31224177863698
754.6666666666665 23.471273815072166 22.312337186550153
755.1666666666666 23.472466654243995 22.312437904687794
755.6666666666666 23.47364499497326 22.31253472920757
756.1666666666665 23.474837925203996 22.31264980216622
756.6666666666666 23.47602474316998 22.312753150765626
757.1666666666666 23.47721985158274 22.31285463210459
757.6666666666665 23.478398891233418 22.312958103529127
758.1666666666666 23.4795908770552 22.313065886115567
