FastTrWP/PhaseSpace/IAs/snIa_0.37_30.00_-1.02_0.01.csv
# %ECSV 0.9
# ---
# datatype:
# - {name: time-rel, datatype: float64}
# - {name: g, datatype: float64}
# - {name: i, datatype: float64}
# schema: astropy-2.0
time-rel g i
[from data line 1734]
1094.3541666666667 24.39487024034865 22.96334177948516
1094.8541666666667 24.397214074871908 22.964233156517132
1095.3541666666667 24.399573237268726 22.965106650717416
1095.8541666666667 24.40191465479223 22.965980543030437
1096.3541666666667 24.404271563957668 22.966863375883882
1096.8541666666667 24.406657755349713 22.967731861369543
1097.3541666666667 24.409025322286872 22.96861710475475
1097.8541666666667 24.411394541875836 22.969482122216323
1098.3541666666667 24.41376343959776 22.97036284096903
1098.8541666666667 24.416116356654992 22.97123188408781
1099.3541666666667 24.4185182447098 22.97210533181226
1099.8541666666667 24.420892068707644 22.972980049554202
1100.3541666666667 24.423276753217216 22.97385702527525
1100.8541666666667 24.42566938902185 22.974729609288982
1101.3541666666667 24.42805741446209 22.97559700072683
1101.8541666666667 24.430452227536115 22.97646303779129
1102.3541666666667 24.432840969709485 22.977340327333327
1102.8541666666667 24.43522324189615 22.97821218630022
1103.3541666666667 24.437607769186933 22.979085299362954
1103.8541666666667 24.440020725523148 22.97995073453483
1104.3541666666667 24.442419581749895 22.98081600729575
1104.8541666666667 24.4448235828946 22.981686081342666
1105.3541666666667 24.44721865957343 22.982556654341458
1105.8541666666667 24.449646960692505 22.983420467463187
1106.3541666666667 24.45205591623023 22.984286452857788
1106.8541666666667 24.45447197214644 22.985148184851056
1107.3541666666667 24.456880886006303 22.986018786984765
1107.8541666666667 24.459306964092107 22.986884082329496
1108.3541666666667 24.46171443268153 22.98775426230744
1108.8541666666667 24.46413478596382 22.988610399772824
1109.3541666666667 24.466546969111924 22.989477621227028
1109.8541666666667 24.46895320375109 22.990338084881053
1110.3541666666667 24.471387314006318 22.991195512981896
1110.8541666666667 24.47382141231955 22.992065766887023
1111.3541666666667 24.476224866703266 22.992924091275317
1111.8541666666667 24.478643354250114 22.99379707119094
1112.3541666666667 24.481072414489418 22.994658742015474
1112.8541666666667 24.483520074238246 22.99551204773823
1113.3541666666667 24.485942557335704 22.996371719195242
1113.8541666666667 24.488360277499762 22.997234559600642
1114.3541666666667 24.49079781726652 22.998092519406107
1114.8541666666667 24.493216169098627 22.99896078958141
1115.3541666666667 24.49564339668573 22.999815562780658
1115.8541666666667 24.498073530206327 23.000670591986744
1116.3541666666667 24.50049424391304 23.001530074450184
1116.8541666666667 24.502915231108084 23.002387301290085
1117.3541666666667 24.505367646909427 23.0032500451571
1117.8541666666667 24.507772280797674 23.004094686076648
1118.3541666666667 24.5102124640117 23.004960121539014
1118.8541666666667 24.512625964989418 23.005819396255628
1119.3541666666667 24.515060544368655 23.00667573234584
1119.8541666666667 24.517480920770858 23.00753397951702
1120.3541666666667 24.519912953298785 23.008392028753274
1120.8541666666667 24.522328534351324 23.00924796670475
1121.3541666666667 24.524759820051194 23.010097304615613
1121.8541666666667 24.527191577634383 23.01095974587454
1122.3541666666667 24.52960878293399 23.01181165463501
1122.8541666666667 24.53204241851791 23.01267072639461
1123.3541666666667 24.534481495342956 23.01352186452371
1123.8541666666667 24.53690608147926 23.01437156149531
1124.3541666666667 24.53932180447932 23.015229934171924
1124.8541666666667 24.54177462881988 23.01607950785367
1125.3541666666667 24.544220190390842 23.016937384967285
1125.8541666666667 24.546624926137124 23.017784773627376
1126.3541666666667 24.549060357039508 23.0186385621516
1126.8541666666667 24.551499241317266 23.019491003420036
1127.3541666666667 24.553944070830553 23.02033346359304
1127.8541666666667 24.55638031618044 23.021186449706242
1128.3541666666667 24.55882161892939 23.022042834557972
1128.8541666666667 24.561275578726708 23.02288848568925
1129.3541666666667 24.56370938266827 23.023733306543612
1129.8541666666667 24.566143037666762 23.02458540588701
1130.3541666666667 24.568583000988315 23.025438587852676
1130.8541666666667 24.57103861898188 23.02628275854743
1131.3541666666667 24.57349731205307 23.027113242249623
1131.8541666666667 24.575929372972183 23.0279702333263
1132.3541666666667 24.57838443625996 23.028814188601512
1132.8541666666667 24.580849812043436 23.02966025528152
1133.3541666666667 24.583283195478764 23.03051259830765
1133.8541666666667 24.5857315236703 23.03135843806283
1134.3541666666667 24.58817321120911 23.032194778104635
1134.8541666666667 24.590625343478404 23.033032587685117
1135.3541666666667 24.593074396532323 23.033879921341928
1135.8541666666667 24.595538398034318 23.03472109152612
1136.3541666666667 24.597987649033005 23.035560494158265
1136.8541666666667 24.60043876410271 23.03640835638737
1137.3541666666667 24.602895666032257 23.03724803538934
1137.8541666666667 24.605343924801947 23.03809316099698
1138.3541666666667 24.60779920634547 23.038933631275285
1138.8541666666667 24.610267132738095 23.039771872375137
1139.3541666666667 24.61271994672814 23.040607600435607
1139.8541666666667 24.61515993680047 23.04144544726448
1140.3541666666667 24.617621130528992 23.04228185195264
1140.8541666666667 24.620073887340098 23.043130285434334
1141.3541666666667 24.6225196025097 23.043955859853092
1141.8541666666667 24.624985350957992 23.04479588573571
1142.3541666666667 24.62745478593959 23.04563539102173
1142.8541666666667 24.62992695349154 23.04646378888011
1143.3541666666667 24.632363810375303 23.0473036486569
1143.8541666666667 24.63480959433078 23.048135138684774
1144.3541666666667 24.63729084840078 23.048966689046622
1144.8541666666667 24.63972858213336 23.049800417238746
1145.3541666666667 24.642178643261122 23.050633909205235
1145.8541666666667 24.644637425021585 23.051467756640225
1146.3541666666667 24.647104777543287 23.052309569768838
1146.8541666666667 24.649554288456514 23.05312559596505
1147.3541666666667 24.651996885836198 23.053968433680254
1147.8541666666667 24.65446567233675 23.054796611744422
1148.3541666666667 24.656915206139544 23.055630114304254
1148.8541666666667 24.65936098059099 23.056456834157586
1149.3541666666667 24.66180214368662 23.057284174565062
1149.8541666666667 24.66427375487349 23.058106252872953
1150.3541666666667 24.66672999208336 23.058945800172026
1150.8541666666667 24.669191610913337 23.0597666484206
1151.3541666666667 24.67163569196693 23.06060045944136
1151.8541666666667 24.674084918843416 23.061417346218533
1152.3541666666667 24.676535021551075 23.062244914681646
1152.8541666666667 24.678964512308678 23.063073527079045
1153.3541666666667 24.6814278841943 23.06390361405622
1153.8541666666667 24.683871834094692 23.06472029697854
1154.3541666666667 24.686310458174788 23.065549709785756
1154.8541666666667 24.688760794426045 23.066369512803064
1155.3541666666667 24.691199830200922 23.067200122689492
1155.8541666666667 24.69364975333587 23.068017521997675
1156.3541666666667 24.696103802794404 23.068834833582024
1156.8541666666667 24.69854570181118 23.069661526405746
1157.3541666666667 24.700996201125953 23.070482230561183
1157.8541666666667 24.70344711968529 23.071297644850162
1158.3541666666667 24.705866805102165 23.072122807080678
1158.8541666666667 24.708328556513703 23.072939732657836
1159.3541666666667 24.71077343921532 23.073762238870703
1159.8541666666667 24.713219729535993 23.07458084148497
1160.3541666666667 24.71567187618096 23.07539726693453
1160.8541666666667 24.718115724432174 23.0762189148686
1161.3541666666667 24.72055062087339 23.077031431806173
1161.8541666666667 24.72300383724068 23.07784763889996
1162.3541666666667 24.725446916800415 23.078663663000846
1162.8541666666667 24.727875020780562 23.079485655453496
1163.3541666666667 24.73033209257558 23.080295113491765
1163.8541666666667 24.732767137359296 23.081110292590814
1164.3541666666667 24.73521377347292 23.08192331078214
1164.8541666666667 24.737636206030018 23.082744043408777
1165.3541666666667 24.740086784406543 23.083550113724737
1165.8541666666667 24.74252928716371 23.084365331435528
1166.3541666666667 24.744965790187162 23.085173308193557
1166.8541666666667 24.747416763011053 23.08598713020004
1167.3541666666667 24.749842098892387 23.08679313555681
1167.8541666666667 24.752281688640455 23.087613567404635
1168.3541666666667 24.754704725734694 23.088411020028587
1168.8541666666667 24.75714915983303 23.089221306150833
1169.3541666666667 24.759582948484073 23.09003241583673
1169.8541666666667 24.76199655508004 23.090836760666882
1170.3541666666667 24.764445771597508 23.0916431066769
1170.8541666666667 24.766854522037995 23.09244119449113
1171.3541666666667 24.769308794906962 23.0932538901381
1171.8541666666667 24.771715446022313 23.09406038126454
1172.3541666666667 24.774144969602524 23.094859859012892
1172.8541666666667 24.776585704819105 23.09566364473142
1173.3541666666667 24.779013999097725 23.09647213299066
1173.8541666666667 24.78142469684385 23.09726860958426
1174.3541666666667 24.783829938625903 23.09807267871286
1174.8541666666667 24.7862600933298 23.098870979051988
1175.3541666666667 24.788687050025064 23.099677680830407
1175.8541666666667 24.791104785864768 23.100466422485347
1176.3541666666667 24.793506778399397 23.10127859688123
1176.8541666666667 24.795920668848428 23.102065332139844
1177.3541666666667 24.798339955735717 23.102870426183895
1177.8541666666667 24.800760959806478 23.103663266458646
1178.3541666666667 24.80316732192207 23.104466899520094
1178.8541666666667 24.80555763607739 23.105261788385704
1179.3541666666667 24.807980606660873 23.106059257216693
1179.8541666666667 24.810376693328045 23.10684706755463
1180.3541666666667 24.812790327970102 23.107638621894374
1180.8541666666667 24.815179285497667 23.108428500650003
1181.3541666666667 24.817567319772834 23.109222463443825
1181.8541666666667 24.819953758706056 23.110013966171707
1182.3541666666667 24.822356390316443 23.1108066437039
1182.8541666666667 24.824751234680114 23.111597821248072
1183.3541666666667 24.827138812572485 23.11238284556105
1183.8541666666667 24.829515107494355 23.113163921160826
1184.3541666666667 24.831899244372536 23.113957515511103
1184.8541666666667 24.83428768108447 23.11474185411974
1185.3541666666667 24.83665512740089 23.11552591771275
1185.8541666666667 24.839047030099586 23.11631827991375
1186.3541666666667 24.841413838650084 23.11709875642328
1186.8541666666667 24.843785458437644 23.117879061364157
1187.3541666666667 24.84614688739921 23.118664026492283
1187.8541666666667 24.8485332405494 23.119452243788587
1188.3541666666667 24.85089051652251 23.12023082447159
1188.8541666666667 24.85324889152517 23.12100816040099
1189.3541666666667 24.85561710765435 23.121788346867902
1189.8541666666667 24.857958032452817 23.122558790867338
1190.3541666666667 24.86034541553574 23.123348221138652
1190.8541666666667 24.862697434547304 23.124129280137456
1191.3541666666667 24.86504704171344 23.12488883966683
1191.8541666666667 24.867398545916195 23.125680554665863
1192.3541666666667 24.86975892557416 23.126450874153477
1192.8541666666667 24.872096065748288 23.12722256597667
1193.3541666666667 24.87443056880291 23.12799890674175
1193.8541666666667 24.876793301558294 23.128775920711433
1194.3541666666667 24.879126469848796 23.12954591398727
1194.8541666666667 24.881476665083753 23.13032264786102
1195.3541666666667 24.88378398776588 23.131090222509727
1195.8541666666667 24.88614293500509 23.131863353238302
1196.3541666666667 24.888490892796963 23.13263389190563
1196.8541666666667 24.890815582098192 23.133397428555725
1197.3541666666667 24.89313651023989 23.1341709070269
1197.8541666666667 24.895463272093828 23.13493725640508
1198.3541666666667 24.89779246756628 23.135703425770778
1198.8541666666667 24.900123167806075 23.136487635152445
1199.3541666666667 24.90242158777002 23.137231821231325
1199.8541666666667 24.904731003511973 23.137997612653823
1200.3541666666667 24.907061347246415 23.13876747049775
1200.8541666666667 24.90936233185805 23.13953466219433
1201.3541666666667 24.911674237998533 23.140291054937016
1201.8541666666667 24.913968395547062 23.14104499395507
1202.3541666666667 24.916271886408538 23.14181347905588
1202.8541666666667 24.918578539605967 23.14257282961894
1203.3541666666667 24.920848413846596 23.14333825563208
1203.8541666666667 24.923147176723624 23.14409992837711
1204.3541666666667 24.925427429660736 23.14485404180918
1204.8541666666667 24.92773103955215 23.14560350079036
1205.3541666666667 24.93001225472229 23.146363872323334
1205.8541666666667 24.932271751038883 23.147113168421075
1206.3541666666667 24.934557154170427 23.14786929103645
1206.8541666666667 24.936813893638814 23.148625086965655
1207.3541666666667 24.93906993631455 23.149384005183904
1207.8541666666667 24.941330361712414 23.150123486620487
1208.3541666666667 24.943603113178415 23.150871022909605
1208.8541666666667 24.94584598923645 23.151625783470706
1209.3541666666667 24.94809898219068 23.152366306897235
1209.8541666666667 24.95035990398613 23.1531187134974
1210.3541666666667 24.952581300859123 23.153863773414365
1210.8541666666667 24.954802683332105 23.154612153309127
1211.3541666666667 24.957052006387986 23.155354598347635
1211.8541666666667 24.95927248233112 23.156098873247277
1212.3541666666667 24.961498183515527 23.15684668981195
1212.8541666666667 24.96370187172488 23.157578025815788
1213.3541666666667 24.96592162101283 23.158319958176836
1213.8541666666667 24.968154810069322 23.159062523190332
1214.3541666666667 24.970352248690247 23.159795546849328
1214.8541666666667 24.97252208874953 23.160540184444095
1215.3541666666667 24.974725824485677 23.161272237729293
1215.8541666666667 24.97693499368252 23.162000094333393
1216.3541666666667 24.979113154840825 23.162743800172837
1216.8541666666667 24.981285772078664 23.16347441604741
1217.3541666666667 24.983461910756123 23.164205033589063
1217.8541666666667 24.985629969404147 23.16492869265355
1218.3541666666667 24.987781410812335 23.16567790194439
1218.8541666666667 24.98993481117141 23.166389313514394
1219.3541666666667 24.992110422413244 23.167115839337534
1219.8541666666667 24.994234575791122 23.167856513016083
1220.3541666666667 24.996368910860802 23.168575323919622
1220.8541666666667 24.998492538194192 23.169294940682587
1221.3541666666667 25.000635400401276 23.170009105302277
1221.8541666666667 25.002726695060495 23.17072684451638
1222.3541666666667 25.004844904436297 23.17144894128944
1222.8541666666667 25.006916317210035 23.17215896035148
1223.3541666666667 25.0090002199531 23.17287520195142
1223.8541666666667 25.0110862558683 23.173594218161924
1224.3541666666667 25.013171478327052 23.174307296240574
1224.8541666666667 25.015232792897688 23.175011383516694
1225.3541666666667 25.01727996670627 23.175720887117677
1225.8541666666667 25.019328448661405 23.17641434766687
1226.3541666666667 25.02135629409526 23.177130115555492
1226.8541666666667 25.023397215543635 23.177818560662935
1227.3541666666667 25.025408516053954 23.178532064274396
1227.8541666666667 25.027428743377698 23.179224824122517
1228.3541666666667 25.02944516438574 23.179928232404016
1228.8541666666667 25.03144083345647 23.18062395487751
1229.3541666666667 25.033417080374814 23.1813162615736
1229.8541666666667 25.035394477104717 23.1819998189984
1230.3541666666667 25.037395182978447 23.18270478403405
1230.8541666666667 25.039380037423218 23.18338424250145
1231.3541666666667 25.041327349064176 23.184084310405076
1231.8541666666667 25.04329748165788 23.18478491503584
1232.3541666666667 25.045260284397454 23.185462305425112
1232.8541666666667 25.04722885516443 23.186156278686493
1233.3541666666667 25.049148370098692 23.18683880916414
1233.8541666666667 25.05109532100785 23.187531384403016
1234.3541666666667 25.053038905651846 23.18821496992991
1234.8541666666667 25.054964941780668 23.188888746463352
1235.3541666666667 25.05690745553364 23.18957105034268
1235.8541666666667 25.058808249983578 23.19026057314208
