FastTrWP/PhaseSpace/IAs/snIa_0.58_30.00_0.56_0.04.csv
# %ECSV 0.9
# ---
# datatype:
# - {name: time-rel, datatype: float64}
# - {name: g, datatype: float64}
# - {name: i, datatype: float64}
# schema: astropy-2.0
time-rel g i
[from data line 670]
452.3125 23.83706957026913 22.543085423557127
452.81249999999994 23.835634795535093 22.541741098950805
453.3125 23.83422871744022 22.540403234552898
453.8125 23.832813201580873 22.539069183082724
454.31249999999994 23.831407553723956 22.537734200932068
454.8125 23.830018341234144 22.536407849826716
455.3125 23.828634411100538 22.535088605963992
455.81249999999994 23.827262744105802 22.533774250557542
456.3125 23.825890062793754 22.532459530548813
456.8125 23.82454698240563 22.531148799498688
457.31249999999994 23.823210604471953 22.5298468981116
457.8125 23.82186769130911 22.528546166130837
458.3125 23.820531944654014 22.52725171057258
458.81249999999994 23.81921856062744 22.525964749967034
459.3125 23.817906306997653 22.52467987175823
459.8125 23.81660320125473 22.52339669970453
460.31249999999994 23.81531748094643 22.522118812993924
460.8125 23.814030715977374 22.520849364602068
461.3125 23.81275520538585 22.519585581701193
461.81249999999994 23.811493168221048 22.518324973010102
462.3125 23.810244820249046 22.517060287035243
462.8125 23.808997884378343 22.51581184297256
463.31249999999994 23.807758932932153 22.514556650348304
463.8125 23.806519633456745 22.513313738763536
464.3125 23.80530134173196 22.512071435068908
464.81249999999994 23.804091959797894 22.510840340659758
465.3125 23.802904052280095 22.50961085048719
465.8125 23.801714863892883 22.508380937769857
466.31249999999994 23.800510852784864 22.507157721246216
466.8125 23.79935411156009 22.50593621134601
467.3125 23.798184482280526 22.504724494665886
467.81249999999994 23.79702669534715 22.503514405883376
468.3125 23.79587470368738 22.502309397261936
468.8125 23.794732564583843 22.501108961552067
469.31249999999994 23.79360171480226 22.49991459698954
469.8125 23.79248139046531 22.498718640226887
470.3125 23.79136036586347 22.497533749149653
470.81249999999994 23.790255509752413 22.496342392535574
471.3125 23.789137604465886 22.495164288902338
471.8125 23.788054396681165 22.493989123089104
472.31249999999994 23.78696866341668 22.49281786847793
472.8125 23.785883933851302 22.49164906944334
473.3125 23.78481314491127 22.490478669082496
473.81249999999994 23.783762100748547 22.489320075134067
474.3125 23.782694472432382 22.48816190780748
474.8125 23.781654963320207 22.487004888930322
475.31249999999994 23.780612021048626 22.4858547079295
475.8125 23.779567519479148 22.484706556291915
476.3125 23.778532330113404 22.48356715249702
476.81249999999994 23.77752216355779 22.482431178111412
477.3125 23.77652053231231 22.481294096996578
477.8125 23.775498789924157 22.480161278991876
478.31249999999994 23.774499092570007 22.479031519291105
478.8125 23.77351882898544 22.47791704981936
479.3125 23.77253394850503 22.4767937412675
479.81249999999994 23.77157039755401 22.47568072575018
480.3125 23.770601669650517 22.47456526613174
480.8125 23.769639248991478 22.47346089129693
481.31249999999994 23.768685414482217 22.472348299849443
481.8125 23.767741825197458 22.471251210782185
482.3125 23.766805417431943 22.470162943942693
482.81249999999994 23.765895326512407 22.46906918151918
483.3125 23.764956571079423 22.467979290337453
483.8125 23.76405772976968 22.466891435620767
484.31249999999994 23.763160886828864 22.465813580869607
484.8125 23.762273940629676 22.46473396953421
485.3125 23.76136740689735 22.46366261262194
485.81249999999994 23.760484245076427 22.462603181853403
486.3125 23.759602412477253 22.461533713839405
486.8125 23.75874186666293 22.460475276721187
487.31249999999994 23.757894439537225 22.459414672795333
487.8125 23.757045067116913 22.458359658556766
488.3125 23.75621155004882 22.457314244719345
488.8125 23.755372701618903 22.45626361589275
489.3125 23.754552115377386 22.455228060889105
489.8125 23.753727489934732 22.454191037111293
490.3125 23.7529244052948 22.45315741781949
490.8125 23.752121854615783 22.452132818245488
491.3125 23.75132991654015 22.451105950115565
491.8125 23.750556401317063 22.4500824365068
492.3125 23.74977096801597 22.449057099766495
492.8125 23.74899072240385 22.448052987871293
493.3125 23.748239239761823 22.44704581133316
493.8125 23.7474844012733 22.446041775468935
494.3125 23.746733031991234 22.445032510041678
494.8125 23.7459965552026 22.44403928725614
495.3125 23.74527413509272 22.44303953053307
495.8125 23.744561530051357 22.442061706954362
496.3125 23.743840321025242 22.441072382749088
496.8125 23.743142988539525 22.44009317736232
497.3125 23.742444313761283 22.43911655608943
497.8125 23.74176417576988 22.438143344873488
498.3125 23.741071979545755 22.437172204409084
498.8125 23.740408072105495 22.436214456476414
499.3125 23.739745841212134 22.43524150164047
499.8125 23.739088432551064 22.434286099110704
500.3125 23.738454088353205 22.433336914305407
500.8125 23.73782593010549 22.432387606082706
501.3125 23.737183839995225 22.431442260954597
501.8125 23.736563751807616 22.43050152515988
502.3125 23.735953873118106 22.429564869108297
502.8125 23.73535014609056 22.42863045632662
503.3125 23.734755833025464 22.427704373410606
503.8125 23.734165612907372 22.426776799410625
504.3125 23.733590629347137 22.425858076488833
504.8125 23.73302310463194 22.424944467919758
505.3125 23.73246216898979 22.42403179215986
505.8125 23.731902134295417 22.423123712329648
506.3125 23.73136697388334 22.4222174310609
506.8125 23.730825459460966 22.42131963281536
507.3125 23.730297933614306 22.420424860471662
507.8125 23.72977117205267 22.41952859977654
508.3125 23.729269947880702 22.418640966012674
508.8125 23.728781160938375 22.417755003859725
509.3125 23.728281044641164 22.416877103540696
509.8125 23.727820898269968 22.415999057931337
510.3125 23.727331402820774 22.415133828775993
510.8125 23.726872775659622 22.41426292054787
511.3125 23.72640548579943 22.413394261281752
511.8125 23.725965054186453 22.412535105032923
512.3125 23.72553389502295 22.41167425355826
512.8125 23.725099172144503 22.41082503487654
513.3125 23.724675225386548 22.409970567050447
513.8125 23.724250822081878 22.40913269955964
514.3125 23.723853481277047 22.40829000783865
514.8125 23.723451408020395 22.407443205811447
515.3125 23.72306253982487 22.406610232379222
515.8125 23.72267363153176 22.40577999080471
516.3125 23.722314068450476 22.404959184944815
516.8125 23.7219340553073 22.404131634826484
517.3125 23.721581746856625 22.40330982233719
517.8125 23.721233059531116 22.40248906029468
518.3125 23.72089434480067 22.401678245050917
518.8125 23.72054558739791 22.400873993799344
519.3125 23.720210410332065 22.400069298791223
519.8125 23.719906324434913 22.3992635266477
520.3125 23.719586193169903 22.398469990447953
520.8125 23.719273603627595 22.397670379275837
521.3125 23.718995908193634 22.396879177249907
521.8125 23.718692431813064 22.396094853287316
522.3125 23.71841212235429 22.395312706626363
522.8125 23.718148415488855 22.3945230523899
523.3125 23.717882954280363 22.393743516782667
523.8125 23.717612527259988 22.39296868423608
524.3125 23.717350677986616 22.39220088914639
524.8125 23.717109741093488 22.391436263862133
525.3125 23.71685917093176 22.390665790231942
525.8125 23.716631772299706 22.38991020679533
526.3125 23.71641047715118 22.389150730732656
526.8125 23.716176913230296 22.388394837417117
527.3125 23.715967421629422 22.38764593416432
527.8125 23.71575034125071 22.386897879572246
528.3125 23.715564135172023 22.3861561572582
528.8125 23.715369776528945 22.385414331894623
529.3125 23.71517994524837 22.38466832913765
529.8125 23.714993901407695 22.383943347012092
530.3125 23.71481775958927 22.38320221134834
530.8125 23.71466331030994 22.382481573364412
531.3125 23.71449263723776 22.381752325627478
531.8125 23.714339930739587 22.381032361111323
532.3125 23.714185982046203 22.38031638211362
532.8125 23.71404848155469 22.379602121209075
533.3125 23.713913797110546 22.3788849908795
533.8125 23.713791895148827 22.37817606307995
534.3125 23.713652565257984 22.377469817784505
534.8125 23.713538244026218 22.376762496849075
535.3125 23.713435598757652 22.376063812635362
535.8125 23.71333445854042 22.37536770052806
536.3125 23.713229732491552 22.37467466092632
536.8125 23.713132037656315 22.37397585375227
537.3125 23.71304890032915 22.373290148240766
537.8125 23.71296604694694 22.372603801287326
538.3125 23.7128865705597 22.37192430969255
538.8125 23.7128046488979 22.371237445819006
539.3125 23.712742423789788 22.370569289348552
539.8125 23.71267459906695 22.369893122083514
540.3125 23.712621207610837 22.3692231132189
540.8125 23.712571290553335 22.368554989703185
541.3125 23.71253061083766 22.367889317270304
541.8125 23.71247798610474 22.36722748190929
542.3125 23.712453659446897 22.366567945751456
542.8125 23.712429828339726 22.36591257265905
543.3125 23.712403698024396 22.365262474756634
543.8125 23.71239321376262 22.36461196835233
544.3125 23.71237362251923 22.363954628789614
544.8125 23.712350039770286 22.3633145431636
545.3125 23.71235840687212 22.362667883116973
545.8125 23.71237923488961 22.362035129928618
546.3125 23.712376852487367 22.3613942238863
546.8125 23.712416032051557 22.360769044318207
547.3125 23.712442445323745 22.36013969731851
547.8125 23.712500589546938 22.359517694978802
548.3125 23.712548463164815 22.35890103258397
548.8125 23.712608123391753 22.358278982635717
549.3125 23.712670975629795 22.357669698302182
549.8125 23.712740689253188 22.35705581278029
550.3125 23.712827470430703 22.35644637548603
550.8125 23.71291092608177 22.35584369610208
551.3125 23.71301922772566 22.355246272287026
551.8125 23.713124733783154 22.354654514842245
552.3125 23.713252292760558 22.354055904948776
552.8125 23.713357517210923 22.35346706962278
553.3125 23.713489264543107 22.352874272300006
553.8125 23.713628571680736 22.35229140016353
554.3125 23.713774626097262 22.351713827895047
554.8125 23.71392833067198 22.351133954963885
555.3125 23.714082477667887 22.350558156765963
555.8125 23.714255570944253 22.349987108201347
556.3125 23.714424780687835 22.34941759034713
556.8125 23.71459183139809 22.348854874976244
557.3125 23.714773733248165 22.348289124765564
557.8125 23.714978172347184 22.34773110444539
558.3125 23.71515609252392 22.347171051423903
558.8125 23.715363466646878 22.346621820173056
559.3125 23.715583316383825 22.34606840416454
559.8125 23.715783047410763 22.34551386473004
560.3125 23.716011117470938 22.344973326822974
560.8125 23.716234926904207 22.34442754476643
561.3125 23.716460278375546 22.343890081993678
561.8125 23.716698939410023 22.343349387890413
562.3125 23.716941773533403 22.342809794975796
562.8125 23.71719439732319 22.34228158359555
563.3125 23.717437229183922 22.341748781214253
563.8125 23.71769590356351 22.34122331809521
564.3125 23.717960400920447 22.340691221971998
564.8125 23.718226404629533 22.340166403595738
565.3125 23.71849377797542 22.339652094848645
565.8125 23.71874728089553 22.339134025136435
566.3125 23.719033029718663 22.338619383708828
566.8125 23.71932759354805 22.338102172358234
567.3125 23.71961551680751 22.33758616373134
567.8125 23.71989318478628 22.337075050053897
568.3125 23.720199206207404 22.336569841780975
568.8125 23.720484334583073 22.336067103398996
569.3125 23.720788768521622 22.33556041354714
569.8125 23.721095064733362 22.335058496139546
570.3125 23.7214048853822 22.334563178576747
570.8125 23.721729604406487 22.334063799714563
571.3125 23.722022612269576 22.333576175411007
571.8125 23.722343833800885 22.333082711111444
572.3125 23.72265507827207 22.33258521458637
572.8125 23.722984362825414 22.33209517705506
573.3125 23.723323467180105 22.331611861412398
573.8125 23.723634548943863 22.331121506399285
574.3125 23.72397171889499 22.330642945978628
574.8125 23.72430114315806 22.330160748441354
575.3125 23.724638528377273 22.329683198240286
575.8125 23.724975484367953 22.32920282712626
576.3125 23.725318242158924 22.32872168854581
576.8125 23.725651009724707 22.32825010007977
577.3125 23.725986299594428 22.32777464312428
577.8125 23.726336462026303 22.32730185820522
578.3125 23.726688492267836 22.326833136630224
578.8125 23.72703394225118 22.326362381083186
579.3125 23.727374724972712 22.325894514510235
579.8125 23.72772363898993 22.32543453951461
580.3125 23.728083058706627 22.324970164502854
580.8125 23.728425943319948 22.324503227155855
581.3125 23.728783180407508 22.32404823834553
581.8125 23.729145570853447 22.323583370225233
582.3125 23.729491534724477 22.323126460558214
582.8125 23.729858505069426 22.322667378046482
583.3125 23.730191034850204 22.32221858561017
583.8125 23.73055766837032 22.321761398041126
584.3125 23.73091520862404 22.321315508684542
584.8125 23.731294140262193 22.320860649446598
585.3125 23.73165843254697 22.320409613962244
585.8125 23.73203486147352 22.319962277923477
586.3125 23.732401300977408 22.31952075218485
586.8125 23.732791487995367 22.319073121668712
587.3125 23.733165118346648 22.31863712123417
587.8125 23.733542312134155 22.31819580253855
588.3125 23.733944778552573 22.317759643409218
588.8125 23.734325283836498 22.317324977076993
589.3125 23.734722926128413 22.316890636755566
589.8125 23.735119688955567 22.31645563111836
590.3125 23.735520567975158 22.31603217470253
590.8125 23.735932541442804 22.315601750042138
591.3125 23.736339049646837 22.315176820706725
591.8125 23.736746559034483 22.314754994047725
592.3125 23.737168424092378 22.314335611463342
592.8125 23.73756858247856 22.313915531448274
593.3125 23.73800832866163 22.313491333924116
593.8125 23.738435265698875 22.313075648587933
594.3125 23.738853682741006 22.312660945725305
594.8125 23.7392807992464 22.312248481820287
595.3125 23.73973979429669 22.31183898352818
595.8125 23.74015525113729 22.31142818188909
596.3125 23.74060565286846 22.311029560648556
596.8125 23.741054428757735 22.31062027689052
597.3125 23.741501508709536 22.310218174880827
597.8125 23.741944762293254 22.309811203404962
598.3125 23.742407400696386 22.309416204646226
598.8125 23.742858234157367 22.30902125109221
599.3125 23.743340970137723 22.30862501678157
599.8125 23.74380588425455 22.308236670686163
600.3125 23.744268196929077 22.307838415149636
600.8125 23.744748219812145 22.307450022102255
601.3125 23.745214842873672 22.30706230522944
601.8125 23.745694651165383 22.306678605415506
602.3125 23.746188674644824 22.30630089805316
602.8125 23.74667905954784 22.305923787001554
603.3125 23.747163952210876 22.305539734521314
603.8125 23.74767173003439 22.30516650750197
604.3125 23.748155554577053 22.304789513534963
604.8125 23.74865593344557 22.304413221629606
605.3125 23.74918489687152 22.304048509598367
605.8125 23.74968349186247 22.303680330257723
606.3125 23.75020604483787 22.303313621664472
606.8125 23.75072475920733 22.302944727619263
607.3125 23.75123627821603 22.30258113858377
607.8125 23.75176860686844 22.30222804673577
608.3125 23.752284003387896 22.301865822868194
608.8125 23.752835223327263 22.301513780928733
609.3125 23.753370801802383 22.301157168109743
609.8125 23.753895793311965 22.300804826709772
610.3125 23.754448642762153 22.300455905766544
610.8125 23.754988823322254 22.300109697440988
611.3125 23.755543763829152 22.299761987709307
611.8125 23.756105508118203 22.299423640694545
612.3125 23.75666179893942 22.29907969823097
612.8125 23.757217503412413 22.298739812091437
613.3125 23.757789226726118 22.29840333941536
613.8125 23.758368278801495 22.298071151112538
614.3125 23.758945980102908 22.297741863060505
614.8125 23.759517323490755 22.297401863460298
615.3125 23.760106888868975 22.29708177382827
615.8125 23.760696636277146 22.296760225921666
616.3125 23.761274905882143 22.296431941633955
616.8125 23.761875610128705 22.296109706956475
617.3125 23.762469966858987 22.29579098338961
617.8125 23.763076591066856 22.295473246221103
618.3125 23.763669718842877 22.295160712862288
618.8125 23.764293867173937 22.29484446261278
619.3125 23.764896510289223 22.294538976981784
619.8125 23.765526255689995 22.29422992588498
620.3125 23.766148567900697 22.29392700748576
620.8125 23.766765054764058 22.293621095180164
621.3125 23.76740277726317 22.293322897583387
