FastTrWP/PhaseSpace/IAs/snIa_0.37_30.00_-1.02_0.01.csv
# %ECSV 0.9
# ---
# datatype:
# - {name: time-rel, datatype: float64}
# - {name: g, datatype: float64}
# - {name: i, datatype: float64}
# schema: astropy-2.0
time-rel g i
[from data line 1412]
308.9999999999999 23.747019079865854 22.65751732695163
309.5 23.748793654061203 22.658459226862874
310.0 23.750595668552137 22.65940362242941
310.4999999999999 23.752377822786563 22.660353549637946
311.0 23.75417512001725 22.661302213627007
311.5 23.755961178251667 22.66224792836788
311.9999999999999 23.75773996994019 22.663205570213428
312.5 23.759537546517606 22.664156462691352
313.0 23.761333554482874 22.665110764620017
313.4999999999999 23.76312864130917 22.666072947230695
314.0 23.764918752024183 22.667036080874464
314.5 23.76671104917031 22.667996751814318
314.9999999999999 23.76849631429816 22.668969253135252
315.5 23.77031301240222 22.66993110025155
316.0 23.772102146758968 22.67090486761207
316.4999999999999 23.773905777193065 22.671868743523277
317.0 23.77570436937093 22.672842026700838
317.5 23.77751057459145 22.673810725629295
317.9999999999999 23.77931836869707 22.67478288535336
318.5 23.78111249250843 22.675762555267053
319.0 23.78291459688683 22.676735575706708
319.4999999999999 23.784724791113593 22.677717861071955
320.0 23.78654848979512 22.67870137926813
320.5 23.78834948867383 22.67967575733628
320.9999999999999 23.790140838637214 22.680659838496837
321.5 23.791967799106715 22.681636815599763
322.0 23.793782104133076 22.682617019891072
322.4999999999999 23.79560343190384 22.68360030521842
323.0 23.797416224944424 22.68458047296731
323.5 23.799230326874433 22.685561589827387
323.9999999999999 23.80105020863395 22.68654423223363
324.5 23.802875057723824 22.687525182038524
325.0 23.804685678384217 22.688509523092634
325.4999999999999 23.80651978516019 22.689499452548315
326.0 23.808341636812518 22.69047974541095
326.5 23.810158612962926 22.691457865094154
326.9999999999999 23.811987753942518 22.692446813047177
327.5 23.81380268911454 22.693429592154473
328.0 23.815628065188875 22.694402967001487
328.4999999999999 23.817463614663062 22.695390321389137
329.0 23.819291466436503 22.696371869111843
329.5 23.821138366765258 22.69735053108328
329.9999999999999 23.82294615719053 22.69833307739775
330.5 23.824799228139348 22.699305303794816
331.0 23.826627044684766 22.700282244236934
331.4999999999999 23.82846231145884 22.701258341619717
332.0 23.830292595106055 22.702232264510865
332.5 23.832136217908268 22.70321531393753
332.9999999999999 23.83397221358487 22.704187968627174
333.5 23.835806541038313 22.70516382695171
334.0 23.837657119435512 22.706151840152774
334.4999999999999 23.839498095654086 22.707136283464322
335.0 23.841341497062185 22.708117366205794
335.5 23.843178668068852 22.709098814117002
335.9999999999999 23.84502627238532 22.710087942817406
336.5 23.846874383513143 22.711072219354996
337.0 23.84871972448378 22.712065659518736
337.4999999999999 23.85056922507307 22.713051727750802
338.0 23.852412258589418 22.714043682876742
338.5 23.85427420595914 22.715040854782323
338.9999999999999 23.85612335536408 22.716024919023944
339.5 23.857968423773457 22.717018230854737
340.0 23.859833454184162 22.71802037861527
340.4999999999999 23.861681190070104 22.71901972507031
341.0 23.863540110050423 22.720012941423697
341.5 23.86540413037368 22.721010888522223
341.9999999999999 23.867260657117356 22.72201846808253
342.5 23.86911921626028 22.723026808877268
343.0 23.870979721548828 22.72401725497756
343.4999999999999 23.872843394657224 22.725022939661418
344.0 23.874701972525262 22.72602658356171
344.5 23.876566895208242 22.727026484292008
344.9999999999999 23.87844205633041 22.728040654540656
345.5 23.880303464580265 22.729038860563623
346.0 23.882185850583696 22.730048811390855
346.4999999999999 23.884055564488705 22.731048299386014
347.0 23.88590967193653 22.732060016505486
347.5 23.887784606891294 22.733058131315033
347.9999999999999 23.88967020273579 22.734062444966302
348.5 23.89155397124256 22.735076240326894
349.0 23.89340891678565 22.736083806010047
349.4999999999999 23.89528816767745 22.737083974620525
350.0 23.89716667464167 22.738100099963972
350.5 23.89905342679375 22.73909681641335
350.9999999999999 23.90092217739049 22.74010598926546
351.5 23.90281472667153 22.741117066287625
352.0 23.90469379318506 22.7421251791784
352.4999999999999 23.90657577249009 22.743133597916785
353.0 23.908471866136523 22.744133672576567
353.5 23.91036149531657 22.74513650596927
353.9999999999999 23.912247419690544 22.746149861639175
354.5 23.914134663422626 22.74715408411798
355.0 23.916027325505738 22.74815860926968
355.4999999999999 23.917925042150856 22.749160736374993
356.0 23.91981572611366 22.75016243832154
356.5 23.921708293495783 22.751169432104405
356.9999999999999 23.923610663557618 22.752175413552
357.5 23.92549631297849 22.7531755696613
358.0 23.927399717438654 22.75417049977375
358.4999999999999 23.92931299752118 22.755167655555205
359.0 23.931216283602886 22.756171731804372
359.5 23.93310666065908 22.757166461821726
359.9999999999999 23.935026259227566 22.758164384546987
360.5 23.936925110597546 22.7591609908141
361.0 23.938815391077355 22.760151701430033
361.4999999999999 23.940734524854363 22.761148008679804
362.0 23.942640308094077 22.762141547988
362.5 23.944539316810534 22.76312939539956
362.9999999999999 23.946472708900387 22.764117697391193
363.5 23.948381673285823 22.76510900824878
364.0 23.95028215017327 22.7660988870046
364.4999999999999 23.952205037499272 22.767080397640314
365.0 23.9541238100904 22.768062780572045
365.5 23.956042064247534 22.76904671153384
365.9999999999999 23.95796185644574 22.770025368924728
366.5 23.959877112003966 22.77101268086686
367.0 23.961798668882636 22.771991115229046
367.4999999999999 23.963722681234778 22.77296181920493
368.0 23.96564940644207 22.773946760061193
368.5 23.967565466967496 22.77492192845903
368.9999999999999 23.969502134640052 22.775900774120252
369.5 23.971414989780655 22.776872234877136
370.0 23.973371655961465 22.777854584667953
370.4999999999999 23.975292571321578 22.778830473402216
371.0 23.977225039223626 22.77980567125079
371.5 23.97914585166889 22.78077830217802
371.9999999999999 23.981079986599703 22.78175030181146
372.5 23.983010314380987 22.78273302046101
373.0 23.984954545881678 22.78370114979268
373.5 23.986875800622723 22.784672720950468
374.0 23.988820922389714 22.785644413377955
374.5 23.99075245224468 22.786613468473206
375.0 23.992705754232794 22.787584584425737
375.5 23.994630882008245 22.78854940038265
376.0 23.99660218749046 22.789519759754256
376.5 23.998523838019118 22.79049201598676
377.0 24.000473350044892 22.791461567927307
377.5 24.002418606803758 22.79243107853523
378.0 24.004373602618926 22.793394057344965
378.5 24.006308003650425 22.794360676011355
379.0 24.00825170135674 22.795326758802812
379.5 24.010216124774924 22.796293276990212
380.0 24.012155676974043 22.7972607923829
380.5 24.014120318824723 22.798224403669906
381.0 24.016057867534805 22.799190091581934
381.5 24.01803782243311 22.800146076923756
382.0 24.01999070037928 22.8011142250455
382.5 24.021933217864955 22.802080086734865
383.0 24.023907320144108 22.80304002359709
383.5 24.025893877333353 22.804006559560925
384.0 24.027841193835137 22.804958391555587
384.5 24.02981199809632 22.805922111498354
385.0 24.031769805593978 22.80688323522718
385.5 24.033749112288227 22.807837583176426
386.0 24.035727961891304 22.80879618815039
386.5 24.03769343681192 22.809758060741153
387.0 24.039686531182014 22.810714601062028
387.5 24.04164827206255 22.811674760420253
388.0 24.043624404538026 22.812639974470482
388.5 24.04559088905588 22.813592240837895
389.0 24.04758007881994 22.814541854314776
389.5 24.049558329525603 22.815503826171877
390.0 24.051551257072727 22.81645738531076
390.5 24.05353706066564 22.817411559009418
391.0 24.055525642116518 22.81836993355312
391.5 24.05751569561041 22.81931350581705
392.0 24.059486606764835 22.820274681764396
392.5 24.06149552688001 22.82122769044856
393.0 24.063490090681405 22.82218517182222
393.5 24.065480011412312 22.823136729304775
394.0 24.06748745515149 22.824090245579598
394.5 24.069493546803628 22.825045099465093
395.0 24.071472933828176 22.825994804245155
395.5 24.073494098000914 22.826948264524695
396.0 24.075503246019323 22.8278937909938
396.5 24.077502160347542 22.828850487236302
397.0 24.079529694451157 22.829807375553134
397.5 24.081520500051997 22.830744426290185
398.0 24.08354068019612 22.831698679430712
398.5 24.085552536497453 22.832652093031236
399.0 24.087570202449484 22.833606662275162
399.5 24.089594951917704 22.83455133741276
400.0 24.09161834393221 22.83549783609443
400.5 24.093630819712246 22.836440706047398
401.0 24.095656857869365 22.837390209652625
401.5 24.09767883615405 22.838342238600422
402.0 24.099718367059218 22.839288575216827
402.5 24.101738600415914 22.840225515373696
403.0 24.10377668308911 22.841169528628388
403.5 24.105804296995856 22.842118410337598
404.0 24.107827230148203 22.84306436683842
404.5 24.109879563389566 22.84399821744445
405.0 24.11189732113637 22.84494829761372
405.5 24.11394875243358 22.845887077294428
406.0 24.1159823987893 22.846825013816318
406.5 24.118026256504987 22.847763723447947
407.0 24.120060216105816 22.848700933650935
407.5 24.122125218946053 22.849644801501935
408.0 24.124161458441662 22.850587899358136
408.5 24.126209153756445 22.85151703816499
409.0 24.128242862324036 22.852463034823582
409.5 24.13030546643565 22.85340146138624
410.0 24.132356524895915 22.85433805457545
410.5 24.134410085121097 22.85526827908875
411.0 24.136478158273288 22.856205434612114
411.5 24.138533338474225 22.857143831400176
412.0 24.140579568740186 22.858078007770054
412.5 24.14263727115655 22.85901190511709
413.0 24.14471977941846 22.859944740023458
413.5 24.146780275110153 22.86087844604999
414.0 24.148831489348744 22.861809057375844
414.5 24.150918667549174 22.862743635691402
415.0 24.152995026708673 22.86367486932789
415.5 24.155067004596088 22.864600750375104
416.0 24.157141840614685 22.865533836639507
416.5 24.159213164436064 22.86646559894232
417.0 24.16128982874074 22.867400558981544
417.5 24.163377282932913 22.868329934168834
418.0 24.165455532104176 22.86925017170283
418.5 24.16753988894363 22.870183130380827
419.0 24.169645038597274 22.87111177505971
419.5 24.17171181831529 22.87203961899458
420.0 24.173805926601105 22.87295983145794
420.5 24.175901605889905 22.873895117139604
421.0 24.178000693076328 22.874816772628705
421.5 24.180108789114282 22.875749573960782
422.0 24.18219778780676 22.876673285292778
422.5 24.18430462656952 22.877594471907955
423.0 24.186423872525165 22.878522969678876
423.5 24.18852180429699 22.87944609689726
424.0 24.1906398190854 22.880368545176935
424.5 24.192730804105153 22.88129586851323
425.0 24.19484763437994 22.88221964357637
425.5 24.196983706102053 22.8831406248187
426.0 24.19907239852583 22.88406558164864
426.5 24.201206855703383 22.88498806121261
427.0 24.20332072570286 22.885906866159587
427.5 24.20546076019617 22.886824721949722
428.0 24.20759014737818 22.88774757595014
428.5 24.20971489222631 22.888670077981782
429.0 24.211841153281078 22.889589943663214
429.5 24.213970172685976 22.890506610750244
430.0 24.216124748931847 22.891430545780498
430.5 24.218258374894987 22.892347329869082
431.0 24.220394021340816 22.893265401461356
431.5 24.222541783029833 22.894186074721702
432.0 24.224694514839857 22.895099573102335
432.5 24.226846996084763 22.89601964258444
433.0 24.22900034171159 22.89692498581011
433.5 24.231157415059727 22.897848736071246
434.0 24.23330572100219 22.89875975712302
434.5 24.23546679222504 22.899679178671192
435.0 24.237632328349093 22.900590142385692
435.5 24.239776905574544 22.901494493413622
436.0 24.241941751465617 22.902419293430285
436.5 24.24412283209007 22.90332663578794
437.0 24.246289517962726 22.904250631878668
437.5 24.248459928543923 22.905159150703803
438.0 24.250629647830504 22.906063310572627
438.5 24.252808693584488 22.90698165938926
439.0 24.254978734560044 22.907886827324397
439.5 24.25717485284523 22.90878940468437
440.0 24.259348944434812 22.90970436161117
440.5 24.26154664907774 22.91061491306444
441.0 24.26371437267667 22.911515615681495
441.5 24.265912706732955 22.91243058139343
442.0 24.26810860221167 22.913342647421793
442.5 24.270308127284665 22.914241555541153
443.0 24.272511144273466 22.915150934365805
443.5 24.274711345265146 22.91604600440691
444.0 24.27688684041553 22.91695599535421
444.5 24.27909239699727 22.91785826282969
445.0 24.281313832033014 22.918758991866955
445.5 24.283526819455673 22.919663205277754
446.0 24.285722162844753 22.920571323579026
446.5 24.287946051897382 22.92147506288123
447.0 24.290161749664726 22.922382467565534
447.5 24.292373338023374 22.923275512214346
448.0 24.29459338307599 22.92417422108915
448.5 24.2968171511194 22.925082738610353
449.0 24.29904630350289 22.925966572944517
449.5 24.301288000797253 22.926872387833036
450.0 24.303507327159952 22.927775449743418
450.5 24.305747437025964 22.92867097513647
451.0 24.307973792674638 22.92956485582392
451.5 24.31021737991252 22.930467486317198
452.0 24.31244804036551 22.931367570886678
452.5 24.314711177287947 22.932257035163794
453.0 24.316947944717416 22.933153343922584
453.5 24.319188819374627 22.9340444206288
454.0 24.321449732099087 22.93494740387537
454.5 24.32369825939372 22.93584629090069
455.0 24.325952929096694 22.93673570188888
455.5 24.328208282000432 22.93762936205227
456.0 24.330453623469342 22.93852876784943
456.5 24.3327291610411 22.93941475061828
457.0 24.334988279489487 22.94030489627793
457.5 24.337258686498227 22.941197942025756
458.0 24.339523880555515 22.942096027817858
458.5 24.341799557933914 22.942977480740517
459.0 24.34407631166648 22.94387739570555
459.5 24.346356633686437 22.944761993602548
460.0 24.348633116733424 22.94565661089967
460.5 24.350916163443763 22.946538273025226
461.0 24.353202804333066 22.947432676978615
461.5 24.355499690493243 22.948317139335302
462.0 24.357779089470924 22.949205809805417
462.5 24.36007659391369 22.950099242623505
463.0 24.36238486763461 22.950990972826904
463.5 24.36467615984097 22.951866609429953
464.0 24.36696172654073 22.95275175751879
464.5 24.36926549776928 22.953646427605904
465.0 24.37159300718082 22.95452233881845
465.5 24.373883012515762 22.955413186275564
466.0 24.376212626576837 22.95629716091275
466.5 24.3785215304692 22.957188478686025
467.0 24.380866603754193 22.95806220123062
467.5 24.38317407387398 22.958952626413385
468.0 24.385522335357898 22.95983220585638
468.5 24.38785099337042 22.960707786116224
469.0 24.390179486640715 22.96159765900565
469.5 24.392533283442045 22.962475964230258
470.0 24.39486775613698 22.96335419165779
470.5 24.397214224984637 22.96422829670925
471.0 24.39959641283555 22.965101712816175
471.5 24.401927694091686 22.96598681765037
472.0 24.404296962237968 22.96686142399285
472.5 24.406633005152006 22.96773832708206
473.0 24.409025602026773 22.96861496230506
473.5 24.411386557756614 22.96947993660509
474.0 24.413765547415363 22.97036280342183
474.5 24.416151039903102 22.97123586339348
475.0 24.418524162979658 22.972111496296247
475.5 24.420891916481906 22.972980820558867
476.0 24.42327177404637 22.973853222885488
476.5 24.425657566642087 22.974727847518864
477.0 24.428049558098994 22.975595496253757
477.5 24.43044282617909 22.976465867458543
478.0 24.432837973629038 22.97733092761836
478.5 24.435229685568274 22.978210140048905
479.0 24.437620803283572 22.979080134976297
479.5 24.440026299758305 22.979950394162877
480.0 24.442427177945977 22.980815661657218
480.5 24.444832867029977 22.981687298727618
481.0 24.447225168029473 22.98255232293527
481.5 24.449654043199054 22.983418272528446
482.0 24.45206339347168 22.984285982166117
482.5 24.45445831513704 22.985152989683435
483.0 24.456885136214584 22.98602196207772
483.5 24.459301755361604 22.986888213753076
484.0 24.461707598814 22.987747849605867
484.5 24.46413163405209 22.9886077401447
485.0 24.46653984578218 22.98947126241265
485.5 24.468960693615305 22.990332711627588
486.0 24.47138049560706 22.99120541591187
486.5 24.473801046370617 22.992066298606918
487.0 24.476245085448824 22.992927166515823
