FastTrWP/PhaseSpace/IAs/snIa_0.30_30.00_-0.28_0.10.csv
# %ECSV 0.9
# ---
# datatype:
# - {name: time-rel, datatype: float64}
# - {name: g, datatype: float64}
# - {name: i, datatype: float64}
# schema: astropy-2.0
time-rel g i
[from data line 1075]
113.5 22.945980479979813 22.38947325872884
113.99999999999989 22.94689630948057 22.389571792382007
114.5 22.947802750089473 22.389685032896605
115.0 22.948728735731677 22.389797285639155
115.49999999999989 22.94965191753181 22.389907910550125
116.0 22.95057616696926 22.390023275916743
116.5 22.951500625176948 22.390146382812187
116.99999999999989 22.952444703723422 22.390264075963408
117.5 22.95337003691598 22.390393929392435
118.0 22.954311959786992 22.39051736859503
118.49999999999989 22.955250830593844 22.390648997856285
119.0 22.95619533947256 22.39078486481404
119.5 22.957152861352622 22.390924528836074
119.99999999999989 22.958099511683226 22.391060262776854
120.5 22.959055755929164 22.39120137384127
121.0 22.960016653396433 22.391345239538985
121.49999999999989 22.96097578077438 22.391490163542432
122.0 22.961950217001146 22.391646807362157
122.5 22.962913810672983 22.39179661722524
122.99999999999989 22.963890430504833 22.39194577444193
123.5 22.964859049356747 22.392108353766993
124.0 22.965848356594694 22.39226802792093
124.49999999999989 22.966820738013723 22.392427708558106
125.0 22.967807517448993 22.39259806774956
125.5 22.968804319803134 22.392769998737347
125.99999999999989 22.96979114544854 22.392939062665956
126.5 22.970785394181917 22.393112796832458
127.0 22.971781923125082 22.393292104643283
127.49999999999989 22.972782110482797 22.39347546055229
128.0 22.973786768433243 22.393652486324275
128.5 22.974793057856417 22.39383765722046
128.9999999999999 22.97580540594673 22.39402460798853
129.5 22.976816321928958 22.394217305535776
130.0 22.977832130702026 22.39441224913118
130.4999999999999 22.978859643552298 22.39460681240533
131.0 22.979877301504978 22.394807187450382
131.5 22.98090478236697 22.395009221147752
131.9999999999999 22.981935471232006 22.395208482695715
132.5 22.982955899097796 22.395418166098025
133.0 22.983998443193144 22.39562840096095
133.4999999999999 22.985032214734783 22.395836089733695
134.0 22.986071443892694 22.396044451462252
134.5 22.987123436343087 22.396262169453877
134.9999999999999 22.98816406282181 22.396483731448498
135.5 22.989205388461542 22.396700663558114
136.0 22.99026777742672 22.396926116522422
136.4999999999999 22.991320157544138 22.397147065512936
137.0 22.99237625913584 22.397384127971538
137.5 22.993440604516383 22.39761400786778
137.9999999999999 22.99449647018095 22.39784196946182
138.5 22.995561255830346 22.39808617236054
139.0 22.996631434340426 22.39832170169176
139.4999999999999 22.997713556912856 22.398555582065352
140.0 22.998777758508634 22.398815790009444
140.5 22.999864769601523 22.399054421638915
140.9999999999999 23.00093532878932 22.399301011248806
141.5 23.002022077696974 22.39955240277938
142.0 23.00311108088816 22.399808324129722
142.4999999999999 23.00419479321242 22.400067425153285
143.0 23.00529035181124 22.400321088115334
143.5 23.00637795885523 22.40057955615749
143.9999999999999 23.007475608674753 22.400847256571375
144.5 23.008579684461242 22.401109563186267
145.0 23.00967717641757 22.401377422019184
145.4999999999999 23.01077965112001 22.40164719334053
146.0 23.011894239513232 22.401925314938897
146.5 23.013005183189932 22.40220360638082
146.9999999999999 23.014123773584796 22.402478810982288
147.5 23.0152370243904 22.40275625121486
148.0 23.016362622334277 22.40303743420933
148.4999999999999 23.01749177279039 22.403317208760857
149.0 23.01862693198099 22.403605054830248
149.5 23.019758028545315 22.403900727497906
149.9999999999999 23.020909978679146 22.404184147490703
150.5 23.02205071420694 22.40448246307495
151.0 23.023203364363702 22.404783196340006
151.4999999999999 23.02435898394576 22.40507936300675
152.0 23.02550859760348 22.405379032532874
152.5 23.026684302887155 22.40568197327343
152.9999999999999 23.027842049135288 22.405991592133326
153.5 23.02900635578097 22.406295285488635
154.0 23.030174332810663 22.40660440518734
154.4999999999999 23.031354014606748 22.406916642102402
155.0 23.032543263916672 22.40723216311485
155.5 23.033727261917253 22.40755155695719
155.9999999999999 23.03490675294736 22.407865413822563
156.5 23.036099323641864 22.408191063630447
157.0 23.037290780016363 22.408519374647817
157.4999999999999 23.038485965869413 22.408852141913627
158.0 23.03968013694287 22.40918101259055
158.5 23.040890591664546 22.409519259248146
158.9999999999999 23.042084098913836 22.409852280054032
159.5 23.043296260286283 22.410192268068066
160.0 23.044510095897245 22.410535475080223
160.4999999999999 23.045732017618278 22.410878133629197
161.0 23.04693956294956 22.411228845704212
161.5 23.048165873758443 22.411572446420216
161.9999999999999 23.049374318972053 22.411931340114087
162.5 23.050602621373063 22.4122927901147
163.0 23.051824720409616 22.412649623861455
163.4999999999999 23.053064125386285 22.413010380381472
164.0 23.054284382220022 22.41337679338487
164.5 23.055522110477572 22.413743649052247
164.9999999999999 23.056763569205074 22.41411627796932
165.5 23.057992518832076 22.414491403308322
166.0 23.059231775488477 22.414872652962472
166.4999999999999 23.060480150947885 22.41525064792171
167.0 23.06171375926263 22.41563016471308
167.5 23.06295362949549 22.416014246508496
167.9999999999999 23.064208311845782 22.416407213233988
168.5 23.065457519750247 22.416802027245154
169.0 23.066710448182405 22.417192728567716
169.4999999999999 23.06796397764937 22.417592150280793
170.0 23.06920354787429 22.417995087187865
170.5 23.070455903410654 22.418401186946614
170.9999999999999 23.071722791894246 22.418807612097197
171.5 23.072969816261228 22.419217968794193
172.0 23.07422864776862 22.419638188389442
172.4999999999999 23.075482536592162 22.420056354623767
173.0 23.07674161808304 22.420475255872088
173.5 23.077992876027103 22.420901690148163
173.9999999999999 23.07925687863094 22.42133763606705
174.5 23.08052077952035 22.421759582121442
175.0 23.081787395681793 22.422198413877574
175.4999999999999 23.083044252454282 22.422637726205508
176.0 23.08431148283079 22.423080248048354
176.5 23.085570501078077 22.42353390247953
176.9999999999999 23.086839052152275 22.423984232306978
177.5 23.088104299398147 22.424429928087154
178.0 23.08936793199787 22.424885124365957
178.4999999999999 23.090636654907172 22.42534525005452
179.0 23.091913054162934 22.425809319080287
179.5 23.093187451251524 22.42628151062167
179.9999999999999 23.094455673363786 22.426744285222682
180.5 23.0957464697411 22.427216121004804
181.0 23.097020917674342 22.427692349186003
181.4999999999999 23.098306324900957 22.428174603671664
182.0 23.09959614594719 22.428654008185585
182.5 23.100878902906523 22.429140059032846
182.9999999999999 23.102173092507456 22.429631351707556
183.5 23.10346059476236 22.430120472287214
184.0 23.104759711098026 22.430616897345196
184.4999999999999 23.10604941337365 22.431114083337626
185.0 23.10734678055156 22.431616056209766
185.5 23.10865064490293 22.43211880347589
185.9999999999999 23.10996140944234 22.43262759555573
186.5 23.111260402792333 22.43314858580161
187.0 23.11256942172287 22.43365747995973
187.4999999999999 23.11387626346772 22.43418271295301
188.0 23.115189511574464 22.4346986060268
188.5 23.116499895233794 22.435224263972152
188.9999999999999 23.117814197725277 22.435753156875016
189.5 23.119130834983295 22.436286865748176
190.0 23.120441714888162 22.43681376577819
190.4999999999999 23.121768387468656 22.43735966750304
191.0 23.123089520432842 22.437897722091513
191.5 23.12441890388175 22.43843619808027
191.9999999999999 23.125743020616554 22.43898876046373
192.5 23.12707424437448 22.439541274921964
193.0 23.12839931936889 22.440089843394716
193.4999999999999 23.129741791065918 22.440650953269262
194.0 23.131067562288187 22.44121571085103
194.5 23.13240100717419 22.441775629580746
194.9999999999999 23.1337382556902 22.442336759398597
195.5 23.135071309308195 22.442915477991974
196.0 23.136419714023255 22.44348391309994
196.4999999999999 23.13776522266955 22.444063542212422
197.0 23.139106979938397 22.44463732129004
197.5 23.140445618867904 22.445225933227402
197.9999999999999 23.1417863646901 22.445808738529212
198.5 23.143150733395544 22.44640165256582
199.0 23.144498564261696 22.446988455306673
199.4999999999999 23.145848933490253 22.447578037644476
200.0 23.14719642121176 22.448187852905512
200.5 23.1485487426354 22.448780683953732
200.9999999999999 23.149920628362107 22.449386944468724
201.5 23.151279513710946 22.449996865738875
202.0 23.152630554126866 22.450607862522844
202.4999999999999 23.153992376161412 22.45122593988004
203.0 23.155362870832548 22.45183750269159
203.5 23.156718251774194 22.452456075579367
203.9999999999999 23.158089623903294 22.45308976336272
204.5 23.15944923704404 22.453707107569272
205.0 23.160811239837248 22.454345664444727
205.4999999999999 23.16218982694487 22.45496934013019
206.0 23.163547259984192 22.455613313420237
206.5 23.164929285002454 22.456253927652337
206.9999999999999 23.166295865216178 22.45689432329349
207.5 23.167674490913722 22.457535840290955
208.0 23.169040539534894 22.458187889298568
208.4999999999999 23.170418601316484 22.458846251096134
209.0 23.171799225299864 22.459503323483844
209.5 23.173184528616858 22.46015952990377
209.9999999999999 23.17456987533534 22.46082030596884
210.5 23.175949477929795 22.461488288370717
211.0 23.177328681157597 22.462158865240113
211.4999999999999 23.178715889232624 22.462833113211246
212.0 23.180115929039165 22.46351080206995
212.5 23.181499822299184 22.464181223731977
212.9999999999999 23.18288889585983 22.46486730987035
213.5 23.184292411831024 22.465560119805378
214.0 23.185691515499478 22.466250067557446
214.4999999999999 23.1870795312936 22.46694510515193
215.0 23.18847044218313 22.467641744052315
215.5 23.189874444825524 22.468343804202277
215.9999999999999 23.19127816011544 22.469043826258954
216.5 23.192678451803125 22.469762752488812
217.0 23.19409862331127 22.47047178135344
217.4999999999999 23.195493213189543 22.47118632692097
218.0 23.196917083236617 22.471906311884354
218.5 23.19832126776475 22.472629501612026
218.9999999999999 23.1997360997229 22.473352534480874
219.5 23.201139093347543 22.47408447860963
220.0 23.202566016775354 22.474820094517597
220.4999999999999 23.20398353891032 22.47555854472538
221.0 23.205395116145176 22.47629346073375
221.5 23.206830133556014 22.477036681092663
221.9999999999999 23.208243645156756 22.477783339780004
222.5 23.209680829381433 22.478532039533437
223.0 23.21110159161441 22.479283226235847
223.4999999999999 23.21253827924569 22.48004109409652
224.0 23.213965642142995 22.480804092971873
224.5 23.215403425321327 22.48156623350894
224.9999999999999 23.21683342875213 22.482332299711516
225.5 23.218278306008706 22.483096861676838
226.0 23.219707032597032 22.483875133427983
226.4999999999999 23.221150609718045 22.484649087058305
227.0 23.222582699571003 22.485434524611485
227.5 23.224033294908722 22.48621366804835
227.9999999999999 23.22547386370754 22.486998895873853
228.5 23.226925144495397 22.487784222196918
229.0 23.228381036164564 22.48858562727092
229.4999999999999 23.22982879945958 22.489383237947308
230.0 23.231292647119446 22.490179537775266
230.5 23.232727991362516 22.490983427351495
230.9999999999999 23.234188335270424 22.491783267710105
231.5 23.235657543239796 22.492592609585547
232.0 23.237120577059468 22.493405522833974
232.4999999999999 23.238585790038144 22.4942201483938
233.0 23.24004033948198 22.49504331792753
233.5 23.24151774019809 22.49587104163233
233.9999999999999 23.242978280786733 22.496688996406846
234.5 23.244453098900824 22.497518884521455
235.0 23.245926586848014 22.498348931105294
235.4999999999999 23.247407942204674 22.49917993999947
236.0 23.248878128149748 22.5000197187847
236.5 23.250363209447507 22.500856912884824
236.9999999999999 23.25183777603355 22.501711013475372
237.5 23.253318444795326 22.50254993059961
238.0 23.25480599844248 22.503404449825673
238.4999999999999 23.256299487433843 22.504256065929592
239.0 23.257784801385636 22.505117105151445
239.5 23.259259905024464 22.505978738264282
239.9999999999999 23.260769142423875 22.50683244988987
240.5 23.26226003234684 22.507703535975185
241.0 23.263755364343083 22.508569949260128
241.4999999999999 23.26525714430946 22.509452004236085
242.0 23.26676174683599 22.510325048392023
242.5 23.268263328142535 22.511207122340934
242.9999999999999 23.269768182566924 22.51209516772105
243.5 23.271268031933175 22.51298703210635
244.0 23.272789841036428 22.513875618486164
244.4999999999999 23.27429494203665 22.514766445025845
245.0 23.27580830775951 22.515667534537627
245.5 23.277311837879736 22.516574940867006
245.9999999999999 23.27883493891237 22.51747386239583
246.5 23.28034810868104 22.518390819846942
247.0 23.281879331947565 22.519307220246194
247.4999999999999 23.283396417343887 22.520217420102423
248.0 23.284926000582118 22.52115072625065
248.5 23.286451091796504 22.522071863594135
248.9999999999999 23.28798505470769 22.523002175065344
249.5 23.289505671048722 22.523936818231945
250.0 23.291044374884144 22.524870176940375
250.4999999999999 23.292579359121873 22.52580769360887
251.0 23.294128306452926 22.526748238401385
251.5 23.295650311388336 22.527696652742257
251.9999999999999 23.29720943696465 22.528647276316956
252.5 23.298746829569424 22.529594778521602
253.0 23.300291521816803 22.53055117667401
253.4999999999999 23.301849678448857 22.531517345804115
254.0 23.303381349931804 22.53247490087178
254.5 23.304954288271865 22.533449968460673
254.9999999999999 23.30650070116048 22.5344156574466
255.5 23.30805333878402 22.535395865835422
256.0 23.3096133430198 22.53636945978391
256.4999999999999 23.311180345778464 22.53735632625462
257.0 23.312751969477915 22.53833755765223
257.5 23.314312848195172 22.53933041512348
257.9999999999999 23.315875166172013 22.540318680460064
258.5 23.317445858145284 22.54131196473585
259.0 23.31902033329706 22.54231727348988
259.4999999999999 23.320596433955902 22.543318655011014
260.0 23.322174895920206 22.54432151581314
260.5 23.323756740797016 22.54533681177941
260.9999999999999 23.325337862030363 22.54634889981926
261.5 23.326918803961743 22.54737267408037
262.0 23.328514929454045 22.548390297172922
262.4999999999999 23.330101897752318 22.549416463644306
263.0 23.331711127511735 22.550437559061276
263.5 23.333287108436657 22.551471573798906
263.9999999999999 23.334891029833372 22.552499704295023
264.5 23.336480234125588 22.553547565895627
265.0 23.33808825119894 22.554578868228482
265.4999999999999 23.339695288403632 22.555628837890943
266.0 23.341298752103032 22.55668006125296
266.5 23.342895335695463 22.557735783536522
266.9999999999999 23.344518441757 22.558794466479014
267.5 23.346121348013696 22.55984615243669
268.0 23.347757430572212 22.56091759261945
268.4999999999999 23.349368358375287 22.561978509152226
269.0 23.35098687693517 22.563047315769094
269.5 23.352616648626867 22.564118207501373
269.9999999999999 23.35423686631344 22.565195742249497
270.5 23.35587485432741 22.566280050105295
271.0 23.357507145085805 22.567361706248978
271.4999999999999 23.35914572764258 22.568460707034696
272.0 23.36077535559207 22.569553071391397
272.5 23.36242647329993 22.570656446247234
272.9999999999999 23.36406294891505 22.571768532974907
273.5 23.365722167340365 22.572894752518597
274.0 23.367361521763485 22.574020536738693
274.4999999999999 23.369039366933638 22.57514843292199
275.0 23.370686373519284 22.576288791587146
275.5 23.372346270622813 22.577428370974033
275.9999999999999 23.374009743095783 22.57857261841834
276.5 23.37567502146822 22.579727243345545
277.0 23.377353610921343 22.580880808154753
277.4999999999999 23.379029903601037 22.582043911461135
278.0 23.3807007189684 22.58321394242706
278.5 23.382382539151237 22.584384931473146
278.9999999999999 23.384078022596203 22.585560429811178
279.5 23.385759409262768 22.586740725266125
280.0 23.387443442484983 22.58793499143576
280.4999999999999 23.38912534300341 22.589127661243484
281.0 23.390828948664925 22.590315953922694
281.5 23.392525848421105 22.59151541458497
