FastTrWP/PhaseSpace/IAs/snIa_0.35_30.00_1.07_0.16.csv
# %ECSV 0.9
# ---
# datatype:
# - {name: time-rel, datatype: float64}
# - {name: g, datatype: float64}
# - {name: i, datatype: float64}
# schema: astropy-2.0
time-rel g i
[from data line 1769]
457.0 23.89127782572948 22.6161093889976
457.5 23.89294671527842 22.616999662265748
458.0 23.894592689305604 22.617878097008838
458.5 23.896241167250704 22.618759745852536
459.0 23.897899148566573 22.619640007054183
459.5 23.899550777050877 22.62052709063621
460.0 23.90121454871224 22.621412921895313
460.5 23.90286585731916 22.62230081785907
461.0 23.904552827630404 22.623184434843996
461.5 23.90621600749984 22.624081734828625
462.0 23.907879695466995 22.624965452529754
462.5 23.90955156851434 22.6258583565241
463.0 23.911231644903673 22.626750155428027
463.5 23.91292344387727 22.627643759798147
464.0 23.914601904921106 22.628529273369267
464.5 23.91629468014965 22.62942233372908
465.0 23.917966328046106 22.63032206463864
465.5 23.91966658953617 22.63122363022074
466.0 23.921351807194284 22.63211684314472
466.5 23.92305794498325 22.63301595326893
467.0 23.92475676833123 22.63391208829909
467.5 23.926464424473195 22.63481136034068
468.0 23.928169733714235 22.635715684836732
468.5 23.929885872924434 22.636614851944863
469.0 23.93159156256214 22.63751355458377
469.5 23.93330841772221 22.638419341903035
470.0 23.935018016708376 22.639323739371
470.5 23.936756309414825 22.64023742628442
471.0 23.938478081518518 22.641144904174283
471.5 23.940197819067095 22.642045586176224
472.0 23.941941506456526 22.642959548595122
472.5 23.94367967937329 22.643861591628244
473.0 23.94540143163857 22.644781734124486
473.5 23.947131899080244 22.64569107681314
474.0 23.94887275917825 22.646602287783
474.5 23.95063048577461 22.647517161776868
475.0 23.952386330346922 22.648418701015945
475.5 23.954123116182167 22.649337086452345
476.0 23.955882598987085 22.65025591018616
476.5 23.957627320462795 22.651174598583705
477.0 23.95939768820994 22.652091255810998
477.5 23.961168248967315 22.6530151801548
478.0 23.962924971853056 22.653926030844424
478.5 23.96469588280027 22.654849856807083
479.0 23.966470214912764 22.655776599726952
479.5 23.968238822642704 22.65669153030775
480.0 23.970014143362693 22.65761133117468
480.5 23.971816544883925 22.658539104336622
481.0 23.97358550450136 22.659462869503724
481.5 23.975383304294358 22.66038711759044
482.0 23.977167768375487 22.661311007009218
482.5 23.97896209507565 22.662235455379633
483.0 23.980755590147297 22.663160628253234
483.5 23.98255849454721 22.664092148155216
484.0 23.984367995901025 22.66501502462814
484.5 23.986154244268473 22.665955608312224
485.0 23.987974918564788 22.666884206263944
485.5 23.989772151133053 22.667813969037404
486.0 23.991599869997984 22.668745729660703
486.5 23.993426756738327 22.66967255756216
487.0 23.99523111772534 22.670613251881786
487.5 23.99705437380962 22.671549474203353
488.0 23.99889407503145 22.672487420758678
488.5 24.000732991282195 22.673434579909824
489.0 24.002572098430633 22.67437162992668
489.5 24.004427319554253 22.675316794033378
490.0 24.006278466265837 22.676266584288875
490.5 24.00814793960949 22.677220233896506
491.0 24.010013964810163 22.678173592092477
491.5 24.011877841930627 22.6791242060904
492.0 24.013752553236678 22.68008151732671
492.5 24.015625094595094 22.681037265116174
493.0 24.017501387347167 22.681997818301845
493.5 24.019390697017204 22.682958037271174
494.0 24.021275918643347 22.683919498097538
494.5 24.02317512464137 22.684881548084146
495.0 24.02506810248439 22.685854769167683
495.5 24.026980684953028 22.686821389280723
496.0 24.028891144418797 22.687787554559478
496.5 24.03079915870679 22.688756675937704
497.0 24.03270094726922 22.689728500365362
497.5 24.034633368333985 22.69069782216421
498.0 24.03656482575794 22.69166831286253
498.5 24.03849659349296 22.69265072782858
499.0 24.040426002807994 22.693621245634446
499.5 24.04234941485107 22.694597943717497
500.0 24.04428946224707 22.695580582385176
500.5 24.046228091860144 22.696548590009456
501.0 24.048179017930448 22.697530896671676
501.5 24.050123001245765 22.698502676098048
502.0 24.052067864884805 22.699484703302403
502.5 24.054016964468907 22.700468558963507
503.0 24.055963731624853 22.701440132516808
503.5 24.057932391487054 22.702421347024607
504.0 24.059879222669387 22.703396726191336
504.5 24.061844396361593 22.70437408707583
505.0 24.06381334633718 22.705362533593668
505.5 24.065772858347053 22.706334268497987
506.0 24.06773078673876 22.707316079917128
506.5 24.069710746457453 22.708286233321772
507.0 24.07168208553729 22.709271520325128
507.5 24.07364645879385 22.710246384955568
508.0 24.075625798045557 22.711225789556057
508.5 24.077576893238803 22.71219969419675
509.0 24.079568487079168 22.713176295235712
509.5 24.081525414377577 22.71415078267053
510.0 24.083510227893218 22.71512047082132
510.5 24.085489430523545 22.716091983824292
511.0 24.087484192458895 22.717061432263836
511.5 24.08945285288953 22.718031512693347
512.0 24.091420456255875 22.718995254224772
512.5 24.093402921830567 22.719965805885284
513.0 24.095373745490342 22.720932714420915
513.5 24.097360280050438 22.72190067671911
514.0 24.099325247436756 22.722855525784304
514.5 24.101310141836084 22.723822433510893
515.0 24.103287199870724 22.724780289186853
515.5 24.10527475042312 22.725740520743255
516.0 24.1072329890426 22.726689576444514
516.5 24.109203510056854 22.72764124802697
517.0 24.111184168681376 22.728595081685413
517.5 24.11317188860521 22.72954281940634
518.0 24.115132662502404 22.730483249669064
518.5 24.117093224279547 22.731432230688174
519.0 24.11905704677813 22.732374831018657
519.5 24.12103029384891 22.733305607615797
520.0 24.122980224749476 22.734245646690788
520.5 24.124967203159443 22.735185422002143
521.0 24.12692769998372 22.736124426396493
521.5 24.128916625414973 22.737049398668727
522.0 24.130879010177907 22.73799865736867
522.5 24.132857771470295 22.7389298245413
523.0 24.13482447851252 22.739858197204303
523.5 24.136791323968403 22.74079510820218
524.0 24.138764731037554 22.741727916098814
524.5 24.140758017300023 22.7426540976173
525.0 24.142749045909596 22.743592176198316
525.5 24.144721175103854 22.74452456730161
526.0 24.146707146354988 22.74545852842209
526.5 24.148675138226857 22.746375747161807
527.0 24.15065524027668 22.747308740969345
527.5 24.152643652524304 22.748241942239797
528.0 24.154643455870918 22.74916425857544
528.5 24.156634042616098 22.75009082906489
529.0 24.15863319793848 22.751013835563462
529.5 24.160617563620917 22.75194273787259
530.0 24.162594811883444 22.752864183433307
530.5 24.164595063761134 22.75378809070514
531.0 24.166580323354392 22.754700877752466
531.5 24.16858461487687 22.75563343803757
532.0 24.17058155588321 22.756546781115222
532.5 24.17258230892054 22.75747281958349
533.0 24.174565964673054 22.758383664090633
533.5 24.176560670690613 22.75929368185217
534.0 24.178566410735343 22.760220511838337
534.5 24.180555818612852 22.761129872299534
535.0 24.18255916261758 22.762035475655985
535.5 24.184564972932478 22.762964608671012
536.0 24.186558685028857 22.763871704410384
536.5 24.188567774713754 22.76477317587942
537.0 24.190553887610385 22.765687505498
537.5 24.192549899793544 22.766591663735372
538.0 24.194570717181495 22.767490658260034
538.5 24.19658477388275 22.76839946804937
539.0 24.19856083364251 22.769297559850795
539.5 24.200572219736646 22.77020728675881
540.0 24.202592371066473 22.771111294885902
540.5 24.20457199281776 22.772007815132387
541.0 24.206597793240306 22.772899770313586
541.5 24.208605583837056 22.773801912143917
542.0 24.210584941105097 22.774696609700197
542.5 24.212606413709217 22.775584632980657
543.0 24.214615585645035 22.7764760489994
543.5 24.21662110014062 22.777370623605094
544.0 24.218616415656427 22.778255762822322
544.5 24.2206357327959 22.779146124646235
545.0 24.2226106856181 22.780030016701023
545.5 24.224631198388256 22.780908294265835
546.0 24.22663032206298 22.781794766857452
546.5 24.22863409893162 22.782671001038636
547.0 24.23064460214773 22.78355928309834
547.5 24.232639347681154 22.78442847984868
548.0 24.234652237735624 22.78529675870508
548.5 24.23664215311193 22.786174357448026
549.0 24.23864060883378 22.78704784213336
549.5 24.240643613171873 22.787917211712887
550.0 24.242644400180914 22.78878315738067
550.5 24.24464317924873 22.78965350912708
551.0 24.246635215479525 22.790513478507034
551.5 24.248642546061 22.791374689364602
552.0 24.25064372784788 22.79223396457664
552.5 24.252628764459295 22.79309780834021
553.0 24.25465143923597 22.793951140175587
553.5 24.25664064478841 22.794810043225617
554.0 24.258621521011033 22.795662132178368
554.5 24.260639685823104 22.796514086214927
555.0 24.262641408500144 22.797371566847726
555.5 24.264656061448896 22.798224517525302
556.0 24.26664409467643 22.799065724044084
556.5 24.268632239097805 22.79991171939509
557.0 24.27064547728387 22.80075838988133
557.5 24.27263645255383 22.80159900124263
558.0 24.274647335231144 22.802445710282836
558.5 24.276639556741678 22.803288342257872
559.0 24.27863980274786 22.804131504544024
559.5 24.28064540086963 22.804958417014202
560.0 24.282634532921854 22.8058012284199
560.5 24.28464853634062 22.80663200407576
561.0 24.28664243335944 22.807471962773313
561.5 24.28864679210639 22.808298545764252
562.0 24.290634390759266 22.80912924844632
562.5 24.292645048867215 22.80995817336382
563.0 24.29464300935846 22.810783272475078
563.5 24.29664638105505 22.811596939178663
564.0 24.29863807651174 22.81243184923848
564.5 24.300637445086302 22.81325435827496
565.0 24.30264648438569 22.814066144580796
565.5 24.304638105415115 22.814895562953218
566.0 24.30663980069681 22.81570720168963
566.5 24.30862129774605 22.816528093621788
567.0 24.310633303654797 22.817333483009776
567.5 24.312644689757885 22.818145977256595
568.0 24.31463408233843 22.818956734309793
568.5 24.316625032885 22.819767411320694
569.0 24.31861949208117 22.820568442956617
569.5 24.32061775099111 22.821373769086513
570.0 24.32261166886282 22.822177736395393
570.5 24.324603107792065 22.82297604847454
571.0 24.326610305136548 22.82377865838917
571.5 24.328604673406154 22.82456960909809
572.0 24.33058815645023 22.825373512219272
572.5 24.33259021059809 22.826165851959136
573.0 24.33458506939198 22.82695189282642
573.5 24.33658985204499 22.827742902156597
574.0 24.338558728827294 22.82852906525356
574.5 24.340558989893175 22.829321960798904
575.0 24.342543400837464 22.830101364440676
575.5 24.344526361205006 22.830882384709163
576.0 24.346522214264947 22.831668119901238
576.5 24.348500937945072 22.832436887400597
577.0 24.350497452369993 22.83321776153246
577.5 24.35247650536602 22.833984897185275
578.0 24.354477301051432 22.834753416047818
578.5 24.35644166361555 22.835530709568715
579.0 24.358435960596978 22.836308729708826
579.5 24.360417649478503 22.837057446920497
580.0 24.362404437905226 22.837828780988666
580.5 24.36438885473966 22.838582638953994
581.0 24.366351875790713 22.83934801183768
581.5 24.368332058923677 22.84010787477353
582.0 24.3703131871772 22.840861564743193
582.5 24.372300934157384 22.841617254471643
583.0 24.374279243674607 22.842367017536105
583.5 24.376259895714085 22.843112314448966
584.0 24.378229250744454 22.84386131271463
584.5 24.380214419378788 22.844597873116808
585.0 24.382189029811645 22.84534941095355
585.5 24.38415676490182 22.846090243732
586.0 24.386113243696187 22.84682982245398
586.5 24.388084190033616 22.84756726071521
587.0 24.390064405373803 22.84830142978031
587.5 24.392036165089436 22.84902555358606
588.0 24.393992739286 22.849769843631105
588.5 24.3959721423641 22.85050073187882
589.0 24.397923330631166 22.851222483055768
589.5 24.39989668181202 22.851947942275302
590.0 24.401855070891585 22.85267281917807
590.5 24.40384408560891 22.853389774515236
591.0 24.405803536062415 22.854111014589513
591.5 24.40777556793025 22.854835409483208
592.0 24.40971838290965 22.855553098819037
592.5 24.411689589340856 22.856264853278176
593.0 24.413636479634494 22.8569755961454
593.5 24.41561482178768 22.857685585715657
594.0 24.417577624265363 22.858396281902785
594.5 24.419522948793176 22.859095639420044
595.0 24.421499015432147 22.8598050082238
595.5 24.423422192964487 22.860513776417637
596.0 24.425382295569804 22.86120758993778
596.5 24.427350712344854 22.861902348618933
597.0 24.42929805465676 22.862596346168104
597.5 24.43127400098456 22.863286709451675
598.0 24.433198834264527 22.86397618524976
598.5 24.435143476587825 22.86466810324374
599.0 24.437111829358354 22.86535839520907
599.5 24.439042604766943 22.866041047028276
600.0 24.44099377257639 22.86672257367502
600.5 24.442930996692777 22.86740319652825
601.0 24.444873838613308 22.86808131683683
601.5 24.446821438556356 22.868766644471606
602.0 24.448775079700212 22.86943126512702
602.5 24.450699274238946 22.87009768532803
603.0 24.45263601071658 22.87077080712681
603.5 24.454567356220256 22.871430190638474
604.0 24.456497784634674 22.87209272192959
604.5 24.45842558424807 22.872759849595262
605.0 24.460352443288755 22.873419073690297
605.5 24.4622771703367 22.874073340401225
606.0 24.46422687905781 22.87472785214834
606.5 24.466134636783185 22.875378518806045
607.0 24.468060278857763 22.876029336061467
607.5 24.469990303487176 22.876676689210143
608.0 24.47188538025754 22.877324913300946
608.5 24.47381436519911 22.87796742620463
609.0 24.475734689059205 22.878597787208427
609.5 24.477642074937833 22.879238166814734
610.0 24.479544112805502 22.87986458802878
610.5 24.481461796253242 22.880497311943735
611.0 24.483355597445073 22.88113101241278
611.5 24.485255817381827 22.881754079360487
612.0 24.487147864247124 22.882383328455013
612.5 24.489065156755764 22.883000906352507
613.0 24.490948713729658 22.883628247172098
613.5 24.492856265870465 22.88424295700709
614.0 24.494745522337567 22.884851143366504
614.5 24.496638540960664 22.88546835733847
615.0 24.498504001704543 22.886066574901463
615.5 24.500410952923247 22.886670781722195
616.0 24.50228793987966 22.887276623650994
616.5 24.504182949583523 22.887869053503934
617.0 24.506036067847916 22.888468694495128
617.5 24.50792589848823 22.88906665954356
618.0 24.509781396418795 22.889655817921174
618.5 24.51162812030376 22.890240491917467
619.0 24.51349693323059 22.890816567475987
619.5 24.51534444809795 22.891393911374912
620.0 24.51718512454478 22.891971929469662
620.5 24.5190494847915 22.89254155180459
621.0 24.52088822520757 22.893098622655778
621.5 24.522731452428985 22.893662553142224
622.0 24.52455978180346 22.894216948194583
622.5 24.52638947576797 22.894773331442472
623.0 24.528218470231863 22.895321815860168
623.5 24.530047799301443 22.89587309336428
624.0 24.531864572279495 22.896418895749264
624.5 24.53366069050552 22.8969629913533
625.0 24.535478872211463 22.897496038048068
625.5 24.537300785210032 22.898028638812484
626.0 24.539098256729083 22.898562034050272
626.5 24.540909119639696 22.899099522614243
627.0 24.542729434469965 22.899617100338247
627.5 24.544500314931106 22.900143716574526
628.0 24.546307190829886 22.900667179995633
628.5 24.548094565640696 22.901182635651264
629.0 24.549903579409282 22.901702056093278
629.5 24.551683079492523 22.90222253991683
630.0 24.553471539782162 22.902720275946468
630.5 24.55524860765829 22.903238662519612
631.0 24.55702438329184 22.9037461134922
631.5 24.558803977448633 22.90425135303359
632.0 24.560581275533416 22.904746073508576
632.5 24.56235611877917 22.90525158572914
633.0 24.564150960577933 22.905750262411246
633.5 24.565913819741958 22.90625610356194
634.0 24.567678236643392 22.90674464456467
634.5 24.5694505173881 22.9072334219301
635.0 24.571211083376436 22.907722261495557
635.5 24.572993281214345 22.90821770937559
636.0 24.574751674216202 22.90870414493332
636.5 24.57652748104504 22.90919469563685
637.0 24.578273416130543 22.909686087488986
637.5 24.580049220887794 22.910162504620533
638.0 24.581800684787588 22.910652594783528
638.5 24.583543725475767 22.91112755843343
639.0 24.585316662972232 22.91160805810528
639.5 24.587086878464966 22.912090812601544
640.0 24.588839452102395 22.912574955580705
640.5 24.590609944820972 22.913052655157884
641.0 24.59235697917567 22.913533849444843
641.5 24.5941115439811 22.91401143114481
