FastTrWP/PhaseSpace/IAs/snIa_0.33_30.00_-0.99_0.01.csv
# %ECSV 0.9
# ---
# datatype:
# - {name: time-rel, datatype: float64}
# - {name: g, datatype: float64}
# - {name: i, datatype: float64}
# schema: astropy-2.0
time-rel g i
235.95833333333334 26.970833378460398 25.444610983963372
236.45833333333334 26.940940029616538 25.43346150316372
236.95833333333334 26.911685052796244 25.422413361041478
237.45833333333334 26.88304857512776 25.411416404595997
237.95833333333334 26.855035867080126 25.400503756561896
238.45833333333334 26.827569421449084 25.38961774194555
238.95833333333334 26.800698914624533 25.378856137972573
239.45833333333334 26.77428102623189 25.368135985744374
239.95833333333334 26.748481715243795 25.35749388835442
240.45833333333334 26.723109319709415 25.346943462987962
240.95833333333334 26.698139686022607 25.336422535111673
241.45833333333334 26.673636037255008 25.32598263818006
241.95833333333334 26.64965922425492 25.31563120601955
242.45833333333334 26.626020872705396 25.30532318700249
242.95833333333334 26.602766390927567 25.295059259527424
243.45833333333334 26.5800003975283 25.284885439222972
243.95833333333334 26.55756456672171 25.274808943212463
244.45833333333334 26.53553460300087 25.26475595861719
244.95833333333334 26.513815009671177 25.254759717268055
245.45833333333334 26.49245967140464 25.244862710198444
245.95833333333334 26.471476112927903 25.23502027722258
246.45833333333334 26.450735960493176 25.225215085972906
246.95833333333334 26.430387683372267 25.21550062535271
247.45833333333334 26.41025278469406 25.20582939009693
247.95833333333334 26.39039112965626 25.196165011068782
248.45833333333334 26.37084712626563 25.186580641018963
248.95833333333334 26.351514611298846 25.17704260083088
249.45833333333334 26.332491776702657 25.167539671427516
249.95833333333334 26.313674551020082 25.15809411537749
250.45833333333334 26.295043469445698 25.14867864301361
250.95833333333334 26.27665559045646 25.139310393292803
251.45833333333334 26.258527979799332 25.130011315709933
251.95833333333334 26.240552284775514 25.120740852234565
252.45833333333334 26.222853465799755 25.11148841133587
252.95833333333334 26.20534929391871 25.10231736764635
253.45833333333334 26.18801713417891 25.093182860147646
253.95833333333334 26.170886616041905 25.084075056122657
254.45833333333334 26.1539105764035 25.07502149802784
254.95833333333334 26.1371764527457 25.065989294289302
255.45833333333334 26.120615665606536 25.057038999356223
255.95833333333334 26.10423398756799 25.048112553380285
256.4583333333333 26.08797579661024 25.039246115767536
256.9583333333333 26.071912451790745 25.03040139831505
257.4583333333333 26.055993865329306 25.021574066153917
257.9583333333333 26.040286245827446 25.012835975408976
258.4583333333333 26.024700862674134 25.004121108748677
258.9583333333333 26.00924192672943 24.995444179217042
259.4583333333333 25.99401261320724 24.986818485085323
259.9583333333333 25.9788633829871 24.97823203039684
260.4583333333333 25.963858415602814 24.969648355287482
260.9583333333333 25.94896691738878 24.961166077153706
261.4583333333333 25.934285228104834 24.95267575422423
261.9583333333333 25.91971701629866 24.94424376107348
262.4583333333333 25.905269087251032 24.93588300130998
262.9583333333333 25.890922334186964 24.927494473964778
263.4583333333333 25.87672360578321 24.9191997511555
263.9583333333333 25.86265550612335 24.91090137075773
264.4583333333333 25.848688719172785 24.902706302709248
264.9583333333333 25.834850321016134 24.894466635866493
265.4583333333333 25.82116027557237 24.886322401972937
265.9583333333333 25.80755062470986 24.878173433442004
266.4583333333333 25.79402699671615 24.87012448260243
266.9583333333333 25.780674609259965 24.862088085397414
267.4583333333333 25.76742359956902 24.854058475235384
267.9583333333333 25.75418204119408 24.8460872923255
268.4583333333333 25.741142335965193 24.838173976975277
268.9583333333333 25.72817784219623 24.83027432128685
269.4583333333333 25.7153464544391 24.822402293830184
269.9583333333333 25.702568872348138 24.814593779334494
270.4583333333333 25.68991358312801 24.806793202422327
270.9583333333333 25.67731640392988 24.799053573535076
271.4583333333333 25.664856767585636 24.79134555099445
271.9583333333333 25.652451664900425 24.783662135060602
272.4583333333333 25.640165223305594 24.77601393862395
272.9583333333333 25.62794774344512 24.768422232564888
273.4583333333333 25.615814844582946 24.760851944718645
273.9583333333333 25.603791951891203 24.753279476998035
274.4583333333333 25.59184680163755 24.74579191664955
274.9583333333333 25.58000564849745 24.73831871239508
275.4583333333333 25.568180474927647 24.730874529402797
275.9583333333333 25.556508311923174 24.723498583510093
276.4583333333333 25.544872677216294 24.71611591401588
276.9583333333333 25.533339933661697 24.708778791829047
277.4583333333333 25.52183358361377 24.701480176923347
277.9583333333333 25.510462495907138 24.694222087274373
278.4583333333333 25.499121347616057 24.686991289410564
278.9583333333333 25.487913589419765 24.679765967253523
279.4583333333333 25.476726457196783 24.672605822720538
279.9583333333333 25.46567194769555 24.665464262977807
280.4583333333333 25.454658876208832 24.658346023844324
280.9583333333333 25.44371751211226 24.651260386995073
281.4583333333333 25.432835386008197 24.644198882048684
281.9583333333333 25.42206908455846 24.637169278172777
282.4583333333333 25.411362250934072 24.630165362643975
282.9583333333333 25.40072105241091 24.6231889678066
283.4583333333333 25.390143938629176 24.616235582189766
283.9583333333333 25.379641907264023 24.6093106980656
284.4583333333333 25.369183859901504 24.60241054182839
284.9583333333333 25.358816733468522 24.595543771933748
285.4583333333333 25.34846228622395 24.588718788074694
285.9583333333333 25.338209302683154 24.581878403878612
286.4583333333333 25.328048940477043 24.575079977254095
286.9583333333333 25.31792836054578 24.568312345674613
287.4583333333333 25.3078130376269 24.561581738685906
287.9583333333333 25.297803744404632 24.554869594703472
288.4583333333333 25.28783158645033 24.548165735426736
288.9583333333333 25.277945048742467 24.541512746650515
289.4583333333333 25.268087318040926 24.534860717344877
289.9583333333333 25.25828223630356 24.52824011028958
290.4583333333333 25.24855149216261 24.521669134773134
290.9583333333333 25.238888648300804 24.515089914529916
291.4583333333333 25.22924354470415 24.50854801345463
291.9583333333333 25.21964154664107 24.50201794520278
292.4583333333333 25.21009041559664 24.495522218294873
292.9583333333333 25.20060943996578 24.48905003928363
293.4583333333333 25.191160539233888 24.482610053461016
293.9583333333333 25.18176307068756 24.476187194965547
294.4583333333333 25.172402471038776 24.469777507573603
294.9583333333333 25.16309306251699 24.463392398545707
295.4583333333333 25.153849189969 24.457044928292937
295.9583333333333 25.14460257805769 24.450687734144473
296.4583333333333 25.135447260743543 24.444386944799078
296.9583333333333 25.126279305466625 24.438111393790855
297.4583333333333 25.11721644380348 24.431843864978724
297.9583333333333 25.10817549682809 24.425579336438375
298.4583333333333 25.09918131653995 24.419356690830543
298.9583333333333 25.09019204379777 24.413159947674874
299.4583333333333 25.08124790426728 24.40698198334296
299.9583333333333 25.07237281976559 24.400811135269883
300.4583333333333 25.0635270527235 24.394676694691
300.9583333333333 25.05471806897379 24.38855728124233
301.4583333333333 25.04594673279684 24.382458673217407
301.9583333333333 25.037204094478675 24.376386935364877
302.4583333333333 25.028500016242457 24.370338378026766
302.9583333333333 25.019831131118732 24.36429396724101
303.4583333333333 25.011198289310027 24.358278809850546
303.9583333333333 25.00259641930957 24.352289233704504
304.4583333333333 24.99403436511929 24.346298688648233
304.9583333333333 24.98550445675967 24.34035603317553
305.4583333333333 24.97700672574908 24.334430496661437
305.9583333333333 24.96852959089102 24.328505911710685
306.4583333333333 24.960107965503525 24.32261229104136
306.9583333333333 24.951691869828586 24.316733587159312
307.4583333333333 24.94334002589053 24.31089466884769
307.9583333333333 24.93501065417357 24.30505465647912
308.4583333333333 24.92668406972291 24.299229024835412
308.9583333333333 24.918410546066106 24.29343462255174
309.4583333333333 24.910150661528622 24.287652911457563
309.9583333333333 24.901947425882742 24.28187803818179
310.4583333333333 24.893744716464635 24.276128031431924
310.9583333333333 24.88560498602071 24.270425594893634
311.4583333333333 24.87745264524922 24.264716772072926
311.9583333333333 24.869371256555603 24.259035449827365
312.4583333333333 24.8612985599094 24.2533592440429
312.9583333333333 24.853263484061227 24.247719007724662
313.4583333333333 24.84529204582293 24.24208792118858
313.9583333333333 24.837309844763634 24.23647377450816
314.4583333333333 24.829376885836876 24.230869093319633
314.9583333333333 24.82147590220967 24.22529717768597
315.4583333333333 24.813615957509466 24.21973429495235
315.9583333333333 24.805744393259662 24.214194168179777
316.4583333333333 24.79794472323594 24.208670054728472
316.9583333333333 24.790178984394778 24.203156113625113
317.4583333333333 24.782416291977214 24.197678630026385
317.9583333333333 24.77468454442665 24.19219249549027
318.4583333333333 24.766998444241786 24.18673178000832
318.9583333333333 24.759333174993795 24.181298278832863
319.4583333333333 24.751695739631252 24.175875764530012
319.9583333333333 24.744090419630965 24.170445950406286
320.4583333333333 24.73651056108142 24.165059422543838
320.9583333333333 24.728959333880155 24.159686374500854
321.4583333333333 24.72141958416325 24.15432253853249
321.9583333333333 24.71393456700179 24.148972644723337
322.4583333333333 24.70645778073482 24.143637879862624
322.9583333333333 24.699016330896324 24.138329150295608
323.4583333333333 24.69159726519869 24.13301789339002
323.9583333333333 24.68420015943761 24.12772209431239
324.4583333333333 24.676829983657043 24.12246947346068
324.9583333333333 24.669502729377225 24.117208356440727
325.4583333333333 24.66219528924175 24.111957475132094
325.9583333333333 24.654891371943272 24.1067320761036
326.4583333333333 24.64763398005686 24.101529215253194
326.9583333333333 24.64040927455426 24.09632286188584
327.4583333333333 24.633207425750328 24.091134979234873
327.9583333333333 24.625997955714393 24.085954345763653
328.4583333333333 24.618823640859876 24.080809705806253
328.9583333333333 24.611679003568774 24.075678670640215
329.4583333333333 24.604601848241977 24.070530130572404
329.9583333333333 24.597501747377798 24.065405011449705
330.4583333333333 24.590429585979813 24.060311571190706
330.9583333333333 24.583380115402193 24.055218602949495
331.4583333333333 24.576359236943507 24.050149292221995
331.9583333333333 24.569367382076408 24.04509033992565
332.4583333333333 24.562366006011782 24.04003177852971
332.9583333333333 24.55545171370348 24.035005631507854
333.4583333333333 24.548516145312334 24.02996532723555
333.9583333333333 24.54160992733464 24.024956713783094
334.4583333333333 24.534705667293764 24.019970419019472
334.9583333333333 24.527849656022134 24.01498378687416
335.4583333333333 24.521035112203183 24.009988729078987
335.9583333333333 24.51420239838235 24.005040324652377
336.4583333333333 24.507402966443486 24.000081733706544
336.9583333333333 24.500643179160736 23.995145517109087
337.4583333333333 24.49389163476448 23.990219754992772
337.9583333333333 24.487148237403737 23.985295740770272
338.4583333333333 24.48044178910569 23.98039867581611
338.9583333333333 24.473752740498583 23.975512145159108
339.4583333333333 24.467091884143937 23.97062024880254
339.9583333333333 24.4604552359082 23.965757678184385
340.4583333333333 24.453827681763375 23.960896590713613
340.9583333333333 24.447215861819966 23.95606519239348
341.4583333333333 24.44064180329387 23.951226852652404
341.9583333333333 24.434055307988032 23.94640863358273
342.4583333333333 24.42752417037269 23.94158503724593
342.9583333333333 24.42099815805834 23.93679296832329
343.4583333333333 24.414481149681183 23.932007725453097
343.9583333333333 24.40802117891966 23.92722322118916
344.4583333333333 24.401549770090924 23.92247157156797
344.9583333333333 24.39512141567425 23.91771442588872
345.4583333333333 24.388688538422436 23.912982494180348
345.9583333333333 24.382292322184 23.908267491391758
346.4583333333333 24.375921445538165 23.90354471261186
346.9583333333333 24.369552409137984 23.898849523626154
347.4583333333333 24.36321551537253 23.89416823708831
347.9583333333333 24.356891672558483 23.88948012624295
348.4583333333333 24.350600814936307 23.884816088346263
348.9583333333333 24.344320868412428 23.88015542878179
349.4583333333333 24.338057046089638 23.875532118901077
349.9583333333333 24.331805171413947 23.870886940805427
350.4583333333333 24.325588771581938 23.86626779033453
350.9583333333333 24.319377843284183 23.86166225630499
351.4583333333333 24.313192769701715 23.857045444643013
351.9583333333333 24.30700538891111 23.852450704091176
352.4583333333333 24.300859177121765 23.84787033069766
352.9583333333333 24.294732284189724 23.843309334820514
353.4583333333333 24.288641448100798 23.83876658119174
353.9583333333333 24.282508348603955 23.834213513519636
354.4583333333333 24.276429698424515 23.82967201395276
354.9583333333333 24.270365802860717 23.825143097943773
355.4583333333333 24.26430682036733 23.820632079188076
355.9583333333333 24.25828969663167 23.816112632911484
356.4583333333333 24.252281043423945 23.811626289533493
356.9583333333333 24.246274373021656 23.807131856471088
357.45833333333326 24.240304209066984 23.802662342829674
357.9583333333333 24.234330711926315 23.798188794900952
358.4583333333333 24.22838696658261 23.793719181981356
358.95833333333326 24.222445467560192 23.789275323008766
359.4583333333333 24.216524622405167 23.784851331522994
359.9583333333333 24.210632235513046 23.780398768354072
360.45833333333326 24.204740571825006 23.775981217114865
360.9583333333333 24.19884116532107 23.77157404347061
361.4583333333333 24.193018820432613 23.767162822671306
361.95833333333326 24.187162276448156 23.762773185856663
362.4583333333333 24.18134763351219 23.758382562077685
362.9583333333333 24.175536175067975 23.75399720601678
363.45833333333326 24.169731173657865 23.74963915679972
363.9583333333333 24.163949874814694 23.74527485255078
364.4583333333333 24.15819135991143 23.74092140855561
364.95833333333326 24.15244261871581 23.736577351719454
365.4583333333333 24.146688303366957 23.732243850858616
365.9583333333333 24.140962898545666 23.727920103244188
366.45833333333326 24.135271702277052 23.723595996252254
366.9583333333333 24.129560245098418 23.719286791604198
367.4583333333333 24.123860066018878 23.71498420384801
367.95833333333326 24.11819469571509 23.71068145644038
368.4583333333333 24.112555478515297 23.706392426965742
368.9583333333333 24.106898629869665 23.702122375930692
369.45833333333326 24.101269946263333 23.69785430263986
369.9583333333333 24.095651979989672 23.693577081827726
370.4583333333333 24.090048578996797 23.689330116316242
370.95833333333326 24.084470966748007 23.685075946834505
371.4583333333333 24.078887228792198 23.680831217820163
371.9583333333333 24.07332388349914 23.676603716992805
372.45833333333326 24.067763340481658 23.6723622837029
372.9583333333333 24.06221578311683 23.668161782196073
373.4583333333333 24.056700615674313 23.66393806872848
373.95833333333326 24.051179345606624 23.659738508455742
374.4583333333333 24.045673019570053 23.65554764410433
374.9583333333333 24.040196217179144 23.651345253507188
375.45833333333326 24.03471225095492 23.647159557598254
375.9583333333333 24.029271894479315 23.64299862291308
376.4583333333333 24.02381644198798 23.63883248035475
376.95833333333326 24.018371429837217 23.6346906385994
377.4583333333333 24.012972066644743 23.630526778272866
377.9583333333333 24.00756720343327 23.62639467332517
378.45833333333326 24.002178154817297 23.622257580746343
378.9583333333333 23.9968031887883 23.61814083402088
379.4583333333333 23.991423737620043 23.614015825782356
