FastTrWP/PhaseSpace/IAs/snIa_0.51_30.00_0.24_-0.08.csv
# %ECSV 0.9
# ---
# datatype:
# - {name: time-rel, datatype: float64}
# - {name: g, datatype: float64}
# - {name: i, datatype: float64}
# schema: astropy-2.0
time-rel g i
[from data line 2349]
1321.6875 25.463737770551283 23.218359209802678
1322.1875 25.465228902000362 23.219103882340786
1322.6875 25.466719682209234 23.219836132171285
1323.1875 25.468205874398386 23.220571107938706
1323.6875 25.469676823150827 23.221305430775377
1324.1875 25.47116998574357 23.22202812379945
1324.6875 25.472625078930907 23.222765935748
1325.1875 25.474146476145307 23.223493376136467
1325.6875 25.475592981481924 23.224229734533793
1326.1875 25.477064419237173 23.224957558866343
1326.6875 25.478530242941872 23.22568970938008
1327.1875 25.48002117047198 23.226429107191528
1327.6875 25.481501430942835 23.227157126330148
1328.1875 25.482969664231653 23.22788695560966
1328.6875 25.484440329887164 23.228623368527277
1329.1875 25.48590079881526 23.229358016934405
1329.6875 25.487382436234448 23.23009049277598
1330.1875 25.488852263367203 23.230812433806772
1330.6875 25.490303260591464 23.231548671024548
1331.1875 25.491771117913014 23.232284844247264
1331.6875 25.4932491587917 23.23301514928484
1332.1875 25.49475013392435 23.233732577434978
1332.6875 25.496183304670772 23.234474891756953
1333.1875 25.497685989044495 23.23520828208441
1333.6875 25.49915668541292 23.23593901381428
1334.1875 25.50061545409903 23.23667138515726
1334.6875 25.5021053617841 23.237400736294816
1335.1875 25.50355762276199 23.238132985712234
1335.6875 25.50502754018311 23.23885904594237
1336.1875 25.50651696358181 23.239601970789522
1336.6875 25.507970263475116 23.240339131771517
1337.1875 25.509451251160034 23.241068947131296
1337.6875 25.5109468317194 23.241811839800654
1338.1875 25.512420373028355 23.24254834050987
1338.6875 25.513917721662022 23.243280615027572
1339.1875 25.51538433529737 23.24401297835704
1339.6875 25.5169005686548 23.24475124670012
1340.1875 25.518377021073043 23.24549809522002
1340.6875 25.519852984358934 23.246236094668916
1341.1875 25.52134910756785 23.24696686627643
1341.6875 25.522870592138883 23.24770709795331
1342.1875 25.52435859190404 23.248461857239867
1342.6875 25.525843518804233 23.249197804007483
1343.1875 25.527349627337724 23.24993617541128
1343.6875 25.528880202910965 23.250675389883373
1344.1875 25.530372352201095 23.25143044907366
1344.6875 25.531897693931427 23.252176176823586
1345.1875 25.53342187901916 23.25292637415918
1345.6875 25.53492523721409 23.25366114993658
1346.1875 25.536427833880857 23.25442314602125
1346.6875 25.537984918117512 23.255168677774897
1347.1875 25.539476170597254 23.25591894685129
1347.6875 25.541028467319954 23.25667324330405
1348.1875 25.542587772034366 23.25742221629595
1348.6875 25.54409440805361 23.258176180266695
1349.1875 25.54568758451773 23.258938086013757
1349.6875 25.547248676039324 23.259690436909377
1350.1875 25.54877480785724 23.260452320439438
1350.6875 25.55033150784592 23.261200382310854
1351.1875 25.55188384867032 23.261965326196744
1351.6875 25.55343667701727 23.262731762882986
1352.1875 25.554983765180616 23.26348879204754
1352.6875 25.556538398599606 23.26424329196118
1353.1875 25.558121291383443 23.265002027560765
1353.6875 25.559664240247812 23.26576271945662
1354.1875 25.561231001373585 23.266524600226504
1354.6875 25.562776313556466 23.267294849042656
1355.1875 25.564374781193663 23.268055180603227
1355.6875 25.56593734047492 23.268810302734025
1356.1875 25.567507938941276 23.26958541724038
1356.6875 25.569072171536746 23.270345193567398
1357.1875 25.570666757213296 23.271108329725326
1357.6875 25.57219612627213 23.271877321344444
1358.1875 25.573828705692723 23.272655419893006
1358.6875 25.575385649487906 23.273410615853916
1359.1875 25.57696315777662 23.274175316881262
1359.6875 25.57853497828119 23.274940492819223
1360.1875 25.580144973764924 23.275710440277656
1360.6875 25.581695387368327 23.27648046848299
1361.1875 25.58330500077222 23.277253976097477
1361.6875 25.584877342225546 23.27802175820091
1362.1875 25.586485569601468 23.278799154248727
1362.6875 25.58806547597195 23.27957038714763
1363.1875 25.589668254366636 23.280339680647273
1363.6875 25.5912714486791 23.281113130516125
1364.1875 25.59284785527291 23.281893154077906
1364.6875 25.594448836160083 23.282660111487022
1365.1875 25.59604516552648 23.283428647333537
1365.6875 25.597636686974504 23.28420792665488
1366.1875 25.59927721962226 23.28498047883126
1366.6875 25.60086960004705 23.285756702067317
1367.1875 25.60246867233792 23.28652681538085
1367.6875 25.6040791849599 23.287302491190335
1368.1875 25.60568228908972 23.288078526924977
1368.6875 25.60729238936115 23.28885834257703
1369.1875 25.60889058652686 23.289642315420856
1369.6875 25.610539780701238 23.290413634692236
1370.1875 25.612141222885004 23.291188090731726
1370.6875 25.61375155680167 23.29197909266324
1371.1875 25.61538491750791 23.292746584337593
1371.6875 25.616985476823476 23.29353394162478
1372.1875 25.61860177535392 23.29431812493548
1372.6875 25.620239901025723 23.295091679140004
1373.1875 25.621853226553924 23.295874577551277
1373.6875 25.62345151239579 23.296655277456072
1374.1875 25.62510209979676 23.297437930378205
1374.6875 25.62672037193432 23.298220839028577
1375.1875 25.628405156952887 23.299000680928444
1375.6875 25.629990751143986 23.299785497841086
1376.1875 25.631642955776428 23.300567569736103
1376.6875 25.633267762177 23.30134290538334
1377.1875 25.634916037338257 23.30213450450023
1377.6875 25.636517545382166 23.302922124257968
1378.1875 25.638168663307056 23.303705919180004
1378.6875 25.639801142160003 23.304498395482494
1379.1875 25.6414662592315 23.305263096036086
1379.6875 25.643064000059006 23.306059495933404
1380.1875 25.644716894062686 23.306843819689146
1380.6875 25.6463716484337 23.3076332754322
1381.1875 25.648025521168183 23.30840814162114
1381.6875 25.649668063323755 23.309202823332647
1382.1875 25.651310113626472 23.309989432777275
1382.6875 25.65293959982768 23.310774943020665
1383.1875 25.654600824344378 23.31156571725814
1383.6875 25.65622065455492 23.31236028760735
1384.1875 25.65792604622901 23.313147365345273
1384.6875 25.659545604886503 23.313939358537368
1385.1875 25.661214564416213 23.314721971245987
1385.6875 25.662855059135524 23.315492923269638
1386.1875 25.66451681668804 23.316298890694704
1386.6875 25.666184416140418 23.317093190777403
1387.1875 25.66783494389659 23.317879835394905
1387.6875 25.669530628822407 23.31867066177546
1388.1875 25.67115150924441 23.319461872001746
1388.6875 25.672840138258852 23.32025789359378
1389.1875 25.674462116410286 23.32104962862306
1389.6875 25.67618258924987 23.32184300929482
1390.1875 25.677833953050907 23.322637140977726
1390.6875 25.679515814515057 23.323424508371453
1391.1875 25.68118527960256 23.32422898341333
1391.6875 25.682828402539958 23.325027023321276
1392.1875 25.684529031491913 23.32581342041754
1392.6875 25.68621654342241 23.326614540244965
1393.1875 25.687875320984475 23.32741158985453
1393.6875 25.689560116997473 23.32821016916409
1394.1875 25.691248311836873 23.329009715063307
1394.6875 25.692911593058398 23.32980704144234
1395.1875 25.694619249906502 23.33059617740542
1395.6875 25.696315474697986 23.331410358904954
1396.1875 25.697996135052996 23.332209484359097
1396.6875 25.699690716712116 23.33301097167391
1397.1875 25.701393868517115 23.333808982045888
1397.6875 25.70307924704093 23.33460119822746
1398.1875 25.704774936146908 23.335413899909106
1398.6875 25.706460425146478 23.336209954203575
1399.1875 25.708155622810196 23.337014312206506
1399.6875 25.70987122107798 23.337823394736702
1400.1875 25.711563869855087 23.338628023538206
1400.6875 25.713277498849916 23.33942426959915
1401.1875 25.71496831213141 23.340218973068442
1401.6875 25.716672099139192 23.341027389245067
1402.1875 25.718381699344405 23.341836503752894
1402.6875 25.720084975701823 23.3426482272044
1403.1875 25.721812219420386 23.343442737529042
1403.6875 25.723521826803314 23.34425900771099
1404.1875 25.725247266126317 23.345062630830817
1404.6875 25.72694337386227 23.345855705113635
1405.1875 25.72866684395136 23.34667672415317
1405.6875 25.730396902895198 23.347479404903723
1406.1875 25.732100328486865 23.34829386022195
1406.6875 25.733815349731888 23.349087872904946
1407.1875 25.735549843153454 23.34989868734847
1407.6875 25.737237671381884 23.35070731055653
1408.1875 25.73897638604269 23.35151055075956
1408.6875 25.740710344353023 23.35230966882171
1409.1875 25.742414113200528 23.353130718828954
1409.6875 25.744165107099327 23.35394298498164
1410.1875 25.745881810707605 23.354757313729436
1410.6875 25.7476162973801 23.355566766147255
1411.1875 25.74933057927427 23.356373032507243
1411.6875 25.751070656847887 23.357175949900565
1412.1875 25.752831545749547 23.35798990904882
1412.6875 25.75453417286433 23.358807085527708
1413.1875 25.75628138130965 23.359625209340855
1413.6875 25.75801984168421 23.3604243989845
1414.1875 25.759733621057297 23.361243706532896
1414.6875 25.761503264306484 23.362052143879247
1415.1875 25.7632162336115 23.362854889105428
