FastTrWP/PhaseSpace/IAs/snIa_0.41_30.00_0.72_0.12.csv
# %ECSV 0.9
# ---
# datatype:
# - {name: time-rel, datatype: float64}
# - {name: g, datatype: float64}
# - {name: i, datatype: float64}
# schema: astropy-2.0
time-rel g i
-407.5 26.989749833951446 24.98347808050579
-407.0 26.966280747129147 24.974169179762484
-406.5 26.943041942167145 24.964912574584524
-406.0 26.92019428963232 24.955670319393185
-405.5 26.89767241855051 24.946490239049503
-405.0 26.87537056221657 24.937338935431388
-404.5 26.85342128528905 24.928228694865947
-404.0 26.831678233967043 24.919160879101263
-403.5 26.810288400497733 24.910157804480512
-403.0 26.78910048899706 24.90116384956663
-402.5 26.768224610620315 24.89221442275877
-402.0 26.747636149351727 24.88330487529833
-401.5 26.72727598622088 24.874441357896497
-401.0 26.707162989957833 24.865626258157615
-400.5 26.68728470866388 24.856848349111523
-400.0 26.667671295410443 24.84812524968032
-399.5 26.6482152148779 24.83942290047532
-399.0 26.62910430682632 24.83077108599022
-398.5 26.61012490701888 24.822161662822097
-398.0 26.591393949360473 24.813583019950542
-397.5 26.572853221137265 24.80508118759316
-397.0 26.55461013609298 24.79660281755796
-396.5 26.536513096670838 24.7881430998865
-396.0 26.518674994524382 24.779732779341558
-395.5 26.500912845711273 24.771372870337306
-395.0 26.483311248240717 24.763008398704503
-394.5 26.465863722653328 24.754707282990953
-394.0 26.448565726452248 24.746406973637683
-393.5 26.431356188134437 24.738127737056846
-393.0 26.414338218971164 24.729862900824344
-392.5 26.397408507358815 24.72163848828064
-392.0 26.38063707706997 24.7134380025325
-391.5 26.363952065710635 24.7052652860255
-391.0 26.347455290590474 24.697108881187006
-390.5 26.331110560364973 24.68899067201006
-390.0 26.314846171511775 24.680891995591736
-389.5 26.29874046503126 24.672814778613017
-389.0 26.28274981450914 24.664769833094603
-388.5 26.26685510532714 24.65674640865958
-388.0 26.25109592204379 24.648755237173493
-387.5 26.235509510602167 24.64077336819429
-387.0 26.219973613769927 24.632843678122057
-386.5 26.204583431293827 24.624930853084518
-386.0 26.1893270697448 24.61703870410643
-385.5 26.174230444969965 24.609175686482935
-385.0 26.159176110628675 24.60132752662552
-384.5 26.144299624155913 24.59356514343799
-384.0 26.129486838019552 24.585762509737368
-383.5 26.11482762966859 24.578017342937084
-383.0 26.100244947181885 24.570307752298092
-382.5 26.085792913905475 24.562616985263187
-382.0 26.071481456240832 24.554944699223146
-381.5 26.057250483487206 24.547313243576685
-381.0 26.043144242821825 24.539711932483375
-380.5 26.029179616528616 24.532134650643282
-380.0 26.01521600677096 24.52459316226667
-379.5 26.00145500277928 24.517058648902253
-379.0 25.987781601436208 24.509581856012986
-378.5 25.974152719851734 24.502117077658983
-378.0 25.960716726807057 24.494667486540504
-377.5 25.947308888544043 24.487264950781537
-377.0 25.93407859316575 24.479888164132916
-376.5 25.920927264846767 24.472536858019126
-376.0 25.907834212047188 24.465222405865333
-375.5 25.894856875409676 24.457927777944725
-375.0 25.881971412362766 24.450668076450324
-374.5 25.869193120592307 24.4434329784578
-374.0 25.856483051084016 24.436233152939714
-373.5 25.843944796632314 24.429069243421885
-373.0 25.83143735207546 24.42191469420695
-372.5 25.81906274118982 24.414782445280096
-372.0 25.80676507603791 24.407695030832745
-371.5 25.794504393655863 24.400638518304486
-371.0 25.78243451798476 24.39362528352178
-370.5 25.770386283493814 24.386602074933933
-370.0 25.758467409891615 24.37965292669615
-369.5 25.74657607001732 24.372700790560444
-369.0 25.734793678932405 24.365777351115607
-368.5 25.723141855305713 24.358889874608167
-368.0 25.71153312683982 24.352055574656376
-367.5 25.700053998305425 24.345188545220736
-367.0 25.688605150725003 24.33841218842549
-366.5 25.677272027256812 24.331629699712572
-366.0 25.666016500073823 24.32489035022016
-365.5 25.65484059670525 24.318182850596692
-365.0 25.64377460691901 24.311505139100753
-364.5 25.632722446598244 24.304830720727463
-364.0 25.621795899874513 24.29821127715687
-363.5 25.61094165944068 24.29160889355634
-363.0 25.600171727997825 24.28505305618655
-362.5 25.58946299966803 24.27849431004422
-362.0 25.578812306983817 24.271982926804952
-361.5 25.568240820991065 24.265462122896228
-361.0 25.557706309757442 24.25899884563473
-360.5 25.547211316755998 24.252531362620942
-360.0 25.536771455554973 24.246093383481803
-359.5 25.52637117403556 24.239643465496687
-359.0 25.516037183692497 24.23322415440849
-358.5 25.505725952108964 24.226842279239502
-358.0 25.49547728203889 24.22044258881554
-357.5 25.48528748057369 24.214085476019903
-357.0 25.47510556934569 24.207746794066452
-356.5 25.465030570008462 24.201407036011258
-356.0 25.454961058504683 24.195099466604017
-355.5 25.44497399518007 24.188814988745627
-355.0 25.43503248364159 24.182544138787513
-354.5 25.425111993331804 24.176297702533773
-354.0 25.415269369400136 24.170055107923293
-353.5 25.40543386687147 24.16384662699425
-353.0 25.395668200859006 24.157662615856516
-352.5 25.385974697519842 24.151471084880427
-352.0 25.37634304949675 24.145330879155523
-351.5 25.366756306662474 24.139186067928637
-351.0 25.357195272387397 24.133075544092936
-350.5 25.347684150380246 24.12697297032784
-350.0 25.338237810869792 24.120899363088185
-349.5 25.328873113404523 24.114855734503916
-349.0 25.31952241787913 24.108804722606397
-348.5 25.310218971776006 24.10281777530736
-348.0 25.30096415487932 24.09682622577477
-347.5 25.291783553315813 24.090856548796708
-347.0 25.282664780151926 24.084914974377174
-346.5 25.273573354252726 24.07897159812206
-346.0 25.26453296307887 24.07307377541043
-345.5 25.255547515340705 24.067179360894805
-345.0 25.246605722302707 24.06133511229994
-344.5 25.237726020127443 24.05550083467306
-344.0 25.22890496429715 24.049682455377997
-343.5 25.22011735760954 24.04388405225278
-343.0 25.211424012050067 24.038110613347364
-342.5 25.202743359411166 24.032357132599383
-342.0 25.19411121088062 24.026615088740392
-341.5 25.185536655677026 24.020916066580213
-341.0 25.177033432010155 24.01522140028245
-340.5 25.16853612213196 24.00956471635716
-340.0 25.160132459328487 24.003931226380818
-339.5 25.15173892134949 23.99830553178848
-339.0 25.143419189350272 23.992721058186504
-338.5 25.135171571221097 23.987140843981255
-338.0 25.12696065780304 23.98159395406806
-337.5 25.118777896589222 23.97606372906582
-337.0 25.11066023471323 23.970567360359723
-336.5 25.10260447266146 23.965080810569805
-336.0 25.094578822582108 23.95960639012213
-335.5 25.086592593256775 23.95417014045838
-335.0 25.078698511606177 23.948774363103375
-334.5 25.07081519780347 23.943366038760544
-334.0 25.063004270199794 23.93800498210647
-333.5 25.05523320820366 23.93266032623846
-333.0 25.047509563953763 23.92734444349838
-332.5 25.03982397700598 23.92203806933508
-332.0 25.032210466190516 23.916768034772637
-331.5 25.024621648039506 23.91151633574539
-331.0 25.017117392991995 23.906295272229706
-330.5 25.00964755327818 23.901080199026183
-330.0 25.002207584752863 23.895896817759088
-329.5 24.9948315673562 23.8907361574824
-329.0 24.98748506436246 23.885605626534133
-328.5 24.980215093877494 23.880478702333797
-328.0 24.972966485900592 23.87538854430039
-327.5 24.965751090558626 23.870314216698404
-327.0 24.958556026916096 23.865235349304147
-326.5 24.951365273926562 23.860185462875872
-326.0 24.94424741602691 23.85515387342632
-325.5 24.93713107456928 23.85013506418919
-325.0 24.93003400032245 23.84511474810669
-324.5 24.922997126365587 23.84011535779056
-324.0 24.9159681399668 23.835143903388314
-323.5 24.908980249607936 23.830176864525416
-323.0 24.902010477506686 23.82522154504924
-322.5 24.89505602888174 23.820272398896165
-322.0 24.888147526122502 23.815358908552785
-321.5 24.88129457463685 23.810456338767153
-321.0 24.87441810275278 23.805553471499927
-320.5 24.86760985568352 23.800679905870993
-320.0 24.86079574184121 23.795823850162833
-319.5 24.854061582443965 23.79098094164646
-319.0 24.847307897885166 23.786140606438334
-318.5 24.840602597037993 23.781326232401284
-318.0 24.83392910462483 23.77651216776329
-317.5 24.827270313517005 23.771734019666862
-317.0 24.82066534706414 23.766969975339297
-316.5 24.81408800968744 23.76221490012692
-316.0 24.807533857604568 23.757460808470658
-315.5 24.801006588459288 23.752747760969125
-315.0 24.794533825026278 23.74803435905647
-314.5 24.78807512809891 23.743351483880296
-314.0 24.781623829132727 23.738674345371184
-313.5 24.775218977356005 23.734019746846403
-313.0 24.76884913431656 23.72936891056717
-312.5 24.762519429319134 23.72473496933981
-312.0 24.75619918403566 23.720128462286226
-311.5 24.749913622907286 23.715534629904976
-311.0 24.743662378323116 23.710955525485602
-310.5 24.737447480560377 23.706390185050047
-310.0 24.73125517244451 23.70184860738783
-309.5 24.72508867847241 23.697316751613936
-309.0 24.71897010332542 23.692806148857763
-308.5 24.71285592100257 23.68831090640825
-308.0 24.70680127948755 23.68382452014164
-307.5 24.70077325109109 23.6793644355227
-307.0 24.694765600320913 23.674916671708406
-306.5 24.688791752860915 23.670492679090138
-306.0 24.682831654223843 23.666074128047615
-305.5 24.676933705409514 23.66166064624444
-305.0 24.671058314910464 23.657295928350194
-304.5 24.665190665230732 23.652928362493057
-304.0 24.659395972426633 23.648581376029554
-303.5 24.65359960735547 23.64425688472827
-303.0 24.647828945347598 23.639935083031457
-302.5 24.642108298797126 23.63564217041948
-302.0 24.63640459307068 23.631365057985615
-301.5 24.630747399079382 23.627100817301606
-301.0 24.62511145734578 23.622855908889093
-300.5 24.619504276888932 23.618627736318057
-300.0 24.613925577364554 23.614406666019537
-299.5 24.608384703340533 23.61021750164832
-299.0 24.60287684068097 23.60604055708011
-298.5 24.597388699162114 23.601879407755288
-298.0 24.59194257405911 23.59773985641199
-297.5 24.5865267142578 23.593618182979913
-297.0 24.58113452238303 23.589506476904848
-296.5 24.575759157542407 23.58541361563143
-296.0 24.570449204696537 23.581341336804556
-295.5 24.56515520272335 23.577282614344902
-295.0 24.559883598265223 23.573233014570736
-294.5 24.554641971036165 23.569205164621145
-294.0 24.549417832162007 23.565207526041824
-293.5 24.544235801281253 23.561202325489845
-293.0 24.53908293115951 23.557226356652667
-292.5 24.533949883864743 23.553258163960614
-292.0 24.528835063964493 23.5493221876879
-291.5 24.523741455834205 23.54537742637479
-291.0 24.51865958206279 23.541466866363443
-290.5 24.51363186594804 23.53754307499266
-290.0 24.50862557981982 23.53364747511374
-289.5 24.50362565838942 23.52976308072796
-289.0 24.49863919670435 23.525897817636793
-288.5 24.493682442200182 23.522054093137463
-288.0 24.48875810317071 23.51820811352635
-287.5 24.48384283563137 23.514385706095737
-287.0 24.478947244523994 23.51055035504754
-286.5 24.4740962499204 23.506751901445433
-286.0 24.469237900462243 23.50295767405327
-285.5 24.46441024735116 23.499187045197733
-285.0 24.459626645260006 23.495419698632183
-284.5 24.454833010053335 23.491668094080588
-284.0 24.45006842003767 23.48792802853299
-283.5 24.445312381498823 23.4842043085909
-283.0 24.440590139343712 23.48046828110977
-282.5 24.435871321926076 23.476767562683033
-282.0 24.431188558440333 23.473072475142523
-281.5 24.42652240501229 23.469393264033567
-281.0 24.42187101879614 23.465714340360616
-280.5 24.41723666932492 23.462050114283816
-280.0 24.412616739537917 23.45841178091698
-279.5 24.40803206839165 23.454770125435434
-279.0 24.40345683606337 23.451135139648972
-278.5 24.39889276714482 23.44751892474479
-278.0 24.39434057491505 23.44391106239054
-277.5 24.389827382880974 23.440328761192628
-277.0 24.38531815264912 23.436740168034703
-276.5 24.38081596484812 23.4331499164486
-276.0 24.376333229493895 23.429585884134454
-275.5 24.371890781367842 23.42602879269405
-275.0 24.36744115126467 23.422490167010274
-274.5 24.363027106460997 23.418956862382565
-274.0 24.35859619338425 23.415432409823126
-273.5 24.35422328575455 23.41191263263941
-273.0 24.349817201008342 23.408408064121783
-272.5 24.34547167003846 23.404913059979485
-272.0 24.341111309027852 23.401431392263955
-271.5 24.336767442342694 23.397948328974728
-271.0 24.332459909679116 23.39448883390623
-270.5 24.328172294109322 23.391024177852756
-270.0 24.323877766717104 23.387582690307692
-269.5 24.319592766734303 23.384128509850726
-269.0 24.315347709477265 23.38070636305831
-268.5 24.31109079596354 23.37727423225566
-268.0 24.306869020614577 23.373861776373268
-267.5 24.302660146706593 23.370461754004367
-267.0 24.298441989042825 23.367056237742666
-266.5 24.29424430215159 23.36367380566948
-266.0 24.290081034157467 23.360297310618865
-265.5 24.28592178550458 23.356920521603595
-265.0 24.281759762774513 23.353556909927295
-264.5 24.277619544388166 23.35019688817646
-264.0 24.27350624989838 23.346844978547022
-263.5 24.269393763336744 23.34351861493691
-263.0 24.265296427417056 23.34019517412848
-262.5 24.261199263456092 23.336868734249265
-262.0 24.257134460188 23.33354024382457
-261.5 24.253060808160292 23.330244362795728
-261.0 24.249013452741952 23.326943860578663
-260.5 24.244978744162125 23.323637926683123
-260.0 24.24096258048545 23.32036902112213
-259.5 24.236941564960667 23.317074808622074
-259.0 24.23294262588707 23.31381028088645
-258.5 24.228962666186355 23.310559611170728
-258.0 24.22499680072751 23.307308479512887
-257.5 24.221049833621304 23.30406701678676
-257.0 24.21709572073958 23.300840002163703
-256.5 24.21317600793138 23.29761875211385
-256.0 24.2092468527592 23.294401867959735
-255.5 24.205342538647166 23.29119284265961
-255.0 24.201458962472824 23.288000401011722
-254.5 24.197568933802618 23.284802194424152
-254.0 24.193710786370474 23.281620755772234
-253.5 24.18985803601445 23.278450499802474
-253.0 24.18601275811448 23.27528968932959
-252.5 24.182180715880094 23.272131953389504
-252.0 24.17835451848996 23.268977891469547
-251.5 24.174564090325003 23.26583843454854
-251.0 24.170753259621193 23.262697633030808
-250.5 24.16698100824891 23.259582402495987
-250.0 24.163204792213758 23.256453654408602
-249.5 24.15943163939958 23.25334521407754
-249.0 24.155682721781858 23.25023233865018
-248.5 24.151937977962454 23.247139313693634
-248.0 24.148216162675624 23.24404792742975
-247.5 24.14449830459744 23.24096136486925
-247.0 24.140786167600634 23.237876678233103
-246.5 24.137084161185545 23.234818314071664
-246.0 24.133408617834753 23.231752718516407
-245.5 24.12973661306811 23.228694236954176
-245.0 24.126074835542383 23.225645398675596
-244.5 24.122405615371186 23.222598809880797
-244.0 24.118773471430572 23.21956596315853
-243.5 24.115137691851096 23.216539395450766
-243.0 24.111500977102104 23.21352456655585
-242.5 24.10789337124033 23.210503617502813
-242.0 24.10428080904513 23.2074898617251
-241.5 24.100694064747632 23.204493318978706
-241.0 24.097097547288154 23.201490544515305
-240.5 24.093527545504493 23.19851203136691
-240.0 24.089954301169044 23.195519610403306
-239.5 24.086397108403908 23.192531204641647
-239.0 24.082849574005365 23.189570262786994
-238.5 24.079313278991364 23.186601632711437
-238.0 24.07578002432352 23.18364348981229
-237.5 24.072246993973216 23.180692427934503
-237.0 24.068747514625958 23.17773104271251
-236.5 24.06523181173754 23.17479475462502
-236.0 24.06173698126251 23.171851070816352
-235.5 24.058255979812397 23.168927755348896
-235.0 24.05477378994656 23.16599427194975
-234.5 24.05130281269729 23.16307840835072
-234.0 24.047837494815425 23.160154159765835
-233.5 24.044376428199413 23.157252347548255
-233.0 24.04092078074955 23.154349791957998
-232.5 24.037475587858076 23.1514455746872
-232.0 24.034049814078408 23.148565633905093
-231.5 24.030635642323904 23.14566413365702
-231.0 24.02723378874996 23.1427803207064
-230.5 24.02382149225124 23.139912550151532
-230.0 24.020426532701855 23.13702439214902
-229.5 24.01701274806904 23.134154682471365
-229.0 24.01363276320432 23.13130344341308
-228.5 24.010253600007765 23.128442867231573
-228.0 24.00688831575414 23.125588597403247
-227.5 24.0035244198156 23.122743146005238
-227.0 24.000175057638245 23.119900042980447
