FastTrWP/PhaseSpace/IAs/snIa_0.50_30.00_-2.54_0.01.csv
# %ECSV 0.9
# ---
# datatype:
# - {name: time-rel, datatype: float64}
# - {name: g, datatype: float64}
# - {name: i, datatype: float64}
# schema: astropy-2.0
time-rel g i
[from data line 1029]
835.625 24.13437671755599 22.441361488344704
836.125 24.137052541773567 22.44180171105183
836.6249999999999 24.13971452486639 22.442238823534353
837.125 24.142362983824558 22.442683569687265
837.625 24.145031025510075 22.443134604649483
838.1249999999999 24.147663915404898 22.443575018416908
838.625 24.150322913926047 22.44402749780306
839.125 24.152982661054736 22.44448943067144
839.6249999999999 24.155666241966234 22.444938402379226
840.125 24.15833245049133 22.44539966561028
840.625 24.160990665996444 22.445866247145418
841.1249999999999 24.16367917366925 22.446320725209223
841.625 24.16634630048989 22.446782023118608
842.125 24.169030357428937 22.447250380299497
842.6249999999999 24.17170844310172 22.447718827359992
843.125 24.174391858253813 22.448199743630312
843.625 24.177075288260514 22.44866790628512
844.1249999999999 24.179766178725806 22.449145715614232
844.625 24.18245966286164 22.449626965925468
845.125 24.185174783456205 22.450112990745104
845.6249999999999 24.187855073868203 22.45059613939864
846.125 24.19054676139777 22.451089489293445
846.625 24.193252187474364 22.451574490737734
847.1249999999999 24.19595642934672 22.452067418680812
847.625 24.198662947452114 22.452563637043063
848.125 24.201380072074656 22.4530607757783
848.6249999999999 24.204096123912326 22.453566434360365
849.125 24.206804531974417 22.454057440333383
849.625 24.2095215640326 22.454560992137562
850.1249999999999 24.2122464116466 22.455072443799654
850.625 24.214964457142806 22.45557968375167
851.125 24.21769257652233 22.456088902848194
851.6249999999999 24.22041573685941 22.456608618974112
852.125 24.22313943124481 22.45711899140893
852.625 24.225873337748325 22.457634527866645
853.1249999999999 24.228601959694114 22.458158109479353
853.625 24.231323945518916 22.45868067014517
854.125 24.23406909324214 22.459205038262017
854.6249999999999 24.236809471409508 22.45973539228215
855.125 24.239559068945447 22.460268165349415
855.625 24.242277862459858 22.46079431998315
856.1249999999999 24.245023780235844 22.461338584946606
856.625 24.247773576514614 22.461868045518184
857.125 24.250526871089228 22.462410965754245
857.6249999999999 24.253264567846415 22.462957376709483
858.125 24.25602039290141 22.46349865536039
858.625 24.25876856076649 22.464043970822026
859.1249999999999 24.261514739241356 22.464598127836886
859.625 24.26427188489852 22.465147507640665
860.125 24.2670094411775 22.465698969832175
860.6249999999999 24.26978581766836 22.46625360946642
861.125 24.27253497204493 22.466817310022357
861.625 24.275287831467892 22.467374674359505
862.1249999999999 24.27805395697351 22.46794370302026
862.625 24.280819732995184 22.46849827472532
863.125 24.283576684015106 22.469074850104494
863.6249999999999 24.286342922304847 22.469640802917116
864.125 24.289107074056346 22.470216045983655
864.625 24.291859628406396 22.470789455631717
865.1249999999999 24.294636058531168 22.47136926757019
865.625 24.29737753021975 22.47194642896907
866.125 24.300162029166113 22.47253072267723
866.6249999999999 24.30292369824157 22.473119444614728
867.125 24.3056891557669 22.47370331932484
867.625 24.308444217257264 22.474294615141947
868.1249999999999 24.311235535532386 22.47487826554725
868.625 24.31399047188463 22.475473751800095
869.125 24.316764922678416 22.47607520812886
869.6249999999999 24.31953607273701 22.476660443771927
870.125 24.322303682220973 22.477271595003923
870.625 24.325079369726996 22.47787960499032
871.1249999999999 24.327841630409704 22.478480430648634
871.625 24.330616474591388 22.479086514732224
872.125 24.333375796439533 22.479693274054302
872.6249999999999 24.336141392326923 22.480310165834826
873.125 24.33889846506964 22.480922840830303
873.625 24.34169758093335 22.481536238861214
874.1249999999999 24.344454501587343 22.482156405657378
874.625 24.347213642401204 22.482781560907416
875.125 24.35000583309742 22.483401029771244
875.6249999999999 24.352753317420852 22.484032460264313
876.125 24.355507306134495 22.48466786002315
876.625 24.358298400919487 22.4852965800028
877.1249999999999 24.361070071863523 22.485933362896947
877.625 24.36383537189152 22.48656852754533
878.125 24.366610162657743 22.487206591274308
878.6249999999999 24.369367628984847 22.48784884746886
879.125 24.37214637306292 22.488495728845844
879.625 24.374917209844043 22.48914268456248
880.1249999999999 24.37768187893003 22.489793633632246
880.625 24.38045029903581 22.490450199618564
881.125 24.383230774117095 22.49110104828123
881.6249999999999 24.386001451920908 22.491764332342477
882.125 24.3887736953388 22.49242301213668
882.625 24.39154101695359 22.493085177443817
883.1249999999999 24.394309042581355 22.493745898997588
883.625 24.3970930168908 22.494420979129014
884.125 24.399864553868778 22.495097310531307
884.6249999999999 24.402634848337406 22.49576995398776
885.125 24.4054144109476 22.496443337047122
885.625 24.40818169703578 22.49711674461135
886.1249999999999 24.41097827359013 22.49780928558902
886.625 24.41374596622112 22.4984915158908
887.125 24.416519151279047 22.499171752236293
887.6249999999999 24.419279768605037 22.49986412575454
888.125 24.422084988912264 22.50055001954911
888.625 24.42484337153629 22.501245325352002
889.1249999999999 24.427621713730364 22.501948554296295
889.625 24.430404684853983 22.502640958654013
890.125 24.433184521852958 22.503348691987462
890.6249999999999 24.435954267891628 22.504044973436848
891.125 24.438758671171765 22.504755911355332
891.625 24.441530231227176 22.505458473902863
892.1249999999999 24.44429188248444 22.50617629647187
892.625 24.44708440647684 22.5068897566102
893.125 24.449862120939457 22.507607185487824
893.6249999999999 24.452655190973083 22.508322085547398
894.125 24.455444353521266 22.50904916693729
894.625 24.45820975327568 22.509771092395326
895.1249999999999 24.461001250312524 22.510490674770637
895.625 24.463797027912996 22.511223638028092
896.125 24.46657537619686 22.511955722111754
896.6249999999999 24.46935532575668 22.512689827636464
897.125 24.47215395145053 22.51343047494343
897.625 24.474934123813572 22.514165128345137
898.1249999999999 24.477722108238893 22.514906013686677
898.625 24.480538967045042 22.515643674816914
899.125 24.48330135129291 22.516388715624952
899.6249999999999 24.486094512469315 22.51714147888525
900.125 24.488905424894924 22.517897061924998
900.625 24.491681802817368 22.518648580597088
901.1249999999999 24.494477827954576 22.519396619196904
901.625 24.497270759054608 22.520156469607883
902.125 24.5000807011043 22.520918720266884
902.6249999999999 24.50286511643304 22.521684370552897
903.125 24.505651527415324 22.52243933703085
903.625 24.50844813896365 22.523215605851924
904.1249999999999 24.51126417016458 22.52398703755302
904.625 24.514080531844794 22.524759565670895
905.125 24.516871224113643 22.52553485967992
905.6249999999999 24.519672783631066 22.526299676207824
906.125 24.52247697699648 22.527087404629068
906.625 24.525284066317724 22.52786957425068
907.1249999999999 24.52809122845885 22.52864952856417
907.625 24.530886017689188 22.52943918153472
908.125 24.533686374240908 22.53023176414832
908.6249999999999 24.53650738807834 22.531017759023207
909.125 24.53932469929412 22.531814309173175
909.625 24.54212891114389 22.532603735455044
910.1249999999999 24.544956024334 22.533406291619645
910.625 24.54777680789033 22.534209861121877
911.125 24.550583331151902 22.535013867765347
911.6249999999999 24.553408644024053 22.535821419966055
912.125 24.556204134000552 22.53662223960265
912.625 24.55903801881512 22.537436658211192
913.1249999999999 24.561833395788636 22.538249025521516
913.625 24.56465447606074 22.539068321103404
914.125 24.567475846998192 22.539892435981066
914.6249999999999 24.570296613374268 22.540710703550026
915.125 24.57308964678375 22.541542426023284
915.625 24.57590046821444 22.54236657434756
916.1249999999999 24.578715785332935 22.54319657896572
916.625 24.581534275258875 22.544032054780562
917.125 24.584338625591563 22.544869768409107
917.6249999999999 24.5871393383933 22.545699669553958
918.125 24.58996547463686 22.546542245361856
918.625 24.59278031069193 22.54738817778093
919.1249999999999 24.595585917788895 22.548238452126363
919.625 24.59840477733716 22.54909409460994
920.125 24.60121114678385 22.549939245129433
920.6249999999999 24.604030493546535 22.550796826369993
921.125 24.606833183668705 22.551651640899905
921.625 24.60964269701236 22.552517462966406
922.1249999999999 24.61247090914249 22.553376011702166
922.625 24.61526250971807 22.554242626785488
923.125 24.61810372776325 22.555107366105368
923.6249999999999 24.620924087223667 22.555975263233332
924.125 24.623704111486106 22.55685915002641
924.625 24.626523980657215 22.557725302038204
925.1249999999999 24.62932451520156 22.55861513157152
925.625 24.63215374315027 22.559486445447853
926.125 24.634962975956896 22.560378649439325
926.6249999999999 24.63777720162771 22.561258713701182
927.125 24.64058974210019 22.56215099628925
927.625 24.643395125450414 22.56304637152756
928.1249999999999 24.646228042365944 22.563934974974742
928.625 24.649038374832806 22.564838519137677
929.125 24.651842027110376 22.565734570076465
929.6249999999999 24.654649286598264 22.56663891108889
930.125 24.65747541385065 22.567544716214286
930.625 24.66029127036828 22.568447787791502
931.1249999999999 24.663108828154602 22.569364103975317
931.625 24.66592585048335 22.570277958325452
932.125 24.66873533155819 22.571188646615244
932.6249999999999 24.671558661847264 22.572112009347414
933.125 24.674373880831972 22.573028493825586
933.625 24.677207549471703 22.57395297755885
934.1249999999999 24.680026345911404 22.574882434906694
934.625 24.682857195083145 22.575818964731877
935.125 24.685667886836203 22.576744671039766
935.6249999999999 24.68848966227278 22.577676005875333
936.125 24.69129202336334 22.578624354742317
936.625 24.69410950805178 22.5795620329081
937.1249999999999 24.696938357624454 22.580503485665595
937.625 24.699744582276878 22.58145351210869
938.125 24.702572733715385 22.582402575985533
938.6249999999999 24.705407851891113 22.583344270627418
939.125 24.708238880713758 22.584299865903155
939.625 24.71107140196841 22.5852544181086
940.1249999999999 24.713906993188015 22.586216556253405
940.625 24.71671536503331 22.587177381852158
941.125 24.719553754311935 22.588145569838467
941.6249999999999 24.72237430685571 22.589115296331542
942.125 24.725203371030137 22.59007868280002
942.625 24.728036905132157 22.591051989533426
943.1249999999999 24.730865973834355 22.592024260674698
943.625 24.73368379785029 22.593005684830754
944.125 24.736522751741855 22.593981038171233
944.6249999999999 24.73934430663967 22.59496303328012
945.125 24.74219872642451 22.59594999129107
945.625 24.745029036534024 22.596934494371798
946.1249999999999 24.747856517432936 22.597934441366853
946.625 24.75070819824679 22.59892344124452
947.125 24.753533116673193 22.599925870599364
947.6249999999999 24.756364952238744 22.600938204947433
948.125 24.75920974631459 22.601946635797482
948.625 24.762035531131907 22.602962203759525
949.1249999999999 24.764852445977738 22.603984635048224
949.625 24.76766193490807 22.605008432269273
950.125 24.77052831237262 22.606040042222343
950.6249999999999 24.773338487888253 22.60707021340091
951.125 24.776153673355637 22.608107531975833
951.625 24.77896781466978 22.60914300010715
952.1249999999999 24.781783196962408 22.610196137949302
952.625 24.784598588251505 22.611241908005056
953.125 24.78743005818486 22.61229542155695
953.6249999999999 24.790237931709214 22.613356198281643
954.125 24.793053935533194 22.61441257974665
954.625 24.795895341073354 22.61547740495636
955.1249999999999 24.798685764858767 22.616549012301157
955.625 24.80148828877288 22.61762104774344
956.125 24.804329317574645 22.61869626311869
956.6249999999999 24.807118704111126 22.619773095145554
957.125 24.809948956105607 22.620864452772697
957.625 24.812752580408663 22.6219478764428
958.1249999999999 24.815564894551873 22.623030204890853
958.625 24.81837082845147 22.62412878077361
959.125 24.821189594858136 22.62521361868029
959.6249999999999 24.823999655688738 22.626309536840623
960.125 24.826785718231676 22.627415823869082
960.625 24.829577122367823 22.628516694044638
961.1249999999999 24.832402190807645 22.629620551661706
961.625 24.835229315706098 22.630727416465657
962.125 24.838042296538347 22.631839085778928
962.6249999999999 24.84082736080428 22.632947916959427
963.125 24.84365931182156 22.63406694521741
963.625 24.846444319199602 22.635176981156118
964.1249999999999 24.849272425069927 22.636301665288645
964.625 24.852090096231056 22.63742304108835
965.125 24.85488673919436 22.638537731108727
965.6249999999999 24.857693393767374 22.63966665765091
966.125 24.860499821142508 22.640786814652873
966.625 24.863323749239893 22.64191185347088
967.1249999999999 24.8661269953719 22.643047993102403
967.625 24.868964281841308 22.644175168965162
968.125 24.871739467370283 22.645307102124953
968.6249999999999 24.87456305147548 22.64643828563952
969.125 24.87740024692627 22.647568702214905
969.625 24.88020437237017 22.648703950342114
970.1249999999999 24.883030410279442 22.649841991364337
970.625 24.885840558079725 22.650983049766484
971.125 24.88866602811948 22.652112121027063
971.6249999999999 24.891480760780944 22.653250389542706
972.125 24.894295393571454 22.654392350468306
972.625 24.89713005702138 22.655533016723723
973.1249999999999 24.899950123215024 22.656662700866256
973.625 24.902780333549586 22.65780253444109
974.125 24.905608272146456 22.658942047417558
974.6249999999999 24.90844727926423 22.660078924150223
975.125 24.911275555042266 22.661213181801685
975.625 24.91411217562044 22.662355632942397
976.1249999999999 24.91692936267341 22.66348905062347
976.625 24.91977675325377 22.664629592269264
977.125 24.922638873432884 22.665762284991064
977.6249999999999 24.925462860017756 22.666909558097956
978.125 24.928333877079048 22.66804023723475
978.625 24.9311629485003 22.669171263281047
979.1249999999999 24.93401278653738 22.67030637489516
979.625 24.93687997454817 22.671442732787987
980.125 24.939726702953298 22.67257220208441
980.6249999999999 24.94257119635615 22.673698520056536
981.125 24.945429716259255 22.674824841797733
981.625 24.9482881536729 22.675958129853136
982.1249999999999 24.951173727084928 22.677093207218046
982.625 24.954041607836924 22.67821373852311
983.125 24.956904553926176 22.679356709245187
983.6249999999999 24.95977838132458 22.68048041195456
984.125 24.962634084166147 22.681617992270198
984.625 24.965501908356337 22.682752466576893
985.1249999999999 24.96835612244514 22.68388591688562
985.625 24.97125315552847 22.68503006995418
986.125 24.974129524175375 22.686175080929033
986.6249999999999 24.97694962210469 22.68731265275556
987.125 24.979832848650844 22.688456855591774
987.625 24.982676635211153 22.689610420722538
988.1249999999999 24.985529924638072 22.690764868910737
988.625 24.988427185176782 22.69190812113296
989.125 24.99127962476156 22.69306263324423
989.6249999999999 24.994155027192463 22.69420910053872
990.125 24.997022933620855 22.69537067455026
990.625 24.999877787107195 22.696535067177656
991.1249999999999 25.002748111600617 22.69768417590733
991.625 25.00560284609204 22.69884691276502
992.125 25.00845744118521 22.699998703965726
992.6249999999999 25.011334062267807 22.70116683313887
993.125 25.01422604807967 22.702324615542025
993.625 25.017066641525144 22.70348987136266
994.1249999999999 25.01994568678239 22.704651798988014
994.625 25.0227993921852 22.70581691121576
995.125 25.025667577949097 22.706987944915063
995.6249999999999 25.028529389048902 22.708143808028808
996.125 25.031420255990618 22.709310141149324
996.625 25.034284434825768 22.710484656307884
997.1249999999999 25.03716376438559 22.711655857620823
997.625 25.040037816756467 22.712818018813778
998.125 25.042897828560108 22.713986932247927
998.625 25.045784746568064 22.71516673886872
999.125 25.04864988119303 22.716334213914852
999.625 25.051529735510492 22.717502559255426
