FastTrWP/PhaseSpace/IAs/snIa_0.56_30.00_-1.12_-0.12.csv
# %ECSV 0.9
# ---
# datatype:
# - {name: time-rel, datatype: float64}
# - {name: g, datatype: float64}
# - {name: i, datatype: float64}
# schema: astropy-2.0
time-rel g i
[from data line 706]
6.5 23.164308456528286 22.602307059995354
7.0 23.164406169916553 22.601178682758597
7.5 23.16452832795679 22.600037814481865
8.0 23.164634850864996 22.59891574746454
8.5 23.164752846040983 22.597791160660165
9.0 23.164890994099075 22.596679682198438
9.5 23.165018001296357 22.595566808368012
10.0 23.16515220354521 22.594457935649434
10.5 23.16530187174543 22.593351764695996
11.0 23.16544349276368 22.592250841830584
11.5 23.165615244137513 22.591155811222595
12.0 23.165794810634132 22.590062545096576
12.5 23.16597985399553 22.58898071725151
13.0 23.16618306373933 22.58788917936863
13.5 23.16639463319899 22.58680839585828
14.0 23.166631834849976 22.585731196981218
14.5 23.166866653311793 22.58465367848749
15.0 23.167111371282832 22.583591546925312
15.5 23.16738353034282 22.582525075292978
16.0 23.1676594866153 22.58146514658726
16.5 23.167956041855344 22.58040532164694
17.0 23.16825802281414 22.5793532228672
17.5 23.168559382059083 22.578292507849334
18.0 23.16887843174883 22.577250617647383
18.5 23.169216127095424 22.57621251527592
19.0 23.169564459450157 22.5751747227244
19.5 23.16991769783113 22.574132776317995
20.0 23.170271179759855 22.573103389611408
20.5 23.170662481034412 22.57207334305074
21.0 23.17104601764603 22.571049334455914
21.5 23.171432513533397 22.570028825087682
22.0 23.171823359423964 22.56901162378247
22.5 23.172247571039 22.56800593575798
23.0 23.17266906659262 22.566997723158376
23.5 23.173098883377932 22.565989251555926
24.0 23.173532251215327 22.564989104606706
24.5 23.173984348825158 22.563987444667738
25.0 23.174438780039036 22.562991196967182
25.5 23.174899470712667 22.562008047855254
26.0 23.17536874641176 22.561022149985387
26.5 23.175848309983795 22.560041368043304
27.0 23.176334695508544 22.559057294649403
27.5 23.17682176291423 22.55808375135738
28.0 23.17731412445807 22.557110947674282
28.5 23.177826717367896 22.556143265814686
29.0 23.178332780849054 22.55517354614412
29.5 23.178846043751683 22.554225017555368
30.0 23.179374620039574 22.553267538949516
30.5 23.179900056468796 22.552304499941407
31.0 23.180435525359798 22.551361807998376
31.5 23.18097515607519 22.55041559462647
32.0 23.181514924857808 22.54947352836242
32.5 23.182058933138762 22.548531258290513
33.0 23.182616565798742 22.54760166385306
33.5 23.18317306722856 22.546671261400853
34.0 23.183744571311603 22.54574043080364
34.5 23.184302672826686 22.544816867237735
35.0 23.184866285533033 22.543898646572217
35.5 23.185439944886728 22.54298301042703
36.0 23.186017809486785 22.5420662496742
36.5 23.186601152348565 22.5411605129771
37.0 23.18717952038991 22.540256963146494
37.5 23.18776195724768 22.539354437725855
38.0 23.188342528079215 22.538459287989152
38.5 23.188935148691534 22.537560313728555
39.0 23.189528179212463 22.536671114124232
39.5 23.190128554254144 22.535788720722234
40.0 23.190704653780404 22.53490504743311
40.5 23.191305648221615 22.534019314452177
41.0 23.191898097674514 22.533142988431266
41.5 23.19249382204366 22.532273764937862
42.0 23.19309931503961 22.531397472452262
42.5 23.193691247289742 22.530544154842044
43.0 23.194283646591572 22.52967671607044
43.5 23.194876962000805 22.528825243319087
44.0 23.195472354283012 22.52796034350839
44.5 23.196075887481292 22.527118943558175
45.0 23.196660521967477 22.52627085066389
45.5 23.197267240387518 22.525424561666263
46.0 23.197844721540115 22.524580846788496
46.5 23.19843367895615 22.523749771224285
47.0 23.199025806735435 22.5229189344064
47.5 23.199613934106075 22.52209234870952
48.0 23.200195289241854 22.521263933815558
48.5 23.200777052802387 22.520442419786715
49.0 23.201358312882483 22.519621185680037
49.5 23.201938249921078 22.518810865128383
50.0 23.202536958255507 22.517999555935685
50.5 23.20312949301265 22.517188013827653
51.0 23.20371913187126 22.51637650154676
51.5 23.20431193432261 22.515575564188694
52.0 23.20491684819983 22.51477632207745
52.5 23.205517558992504 22.513982943313344
53.0 23.20613095505941 22.513190576254658
53.5 23.206737526571363 22.512405575463404
54.0 23.207357326992486 22.511610624015447
54.5 23.20796162491382 22.510832605898294
55.0 23.208590808264518 22.51004734655123
55.5 23.209208291503653 22.50927611191573
56.0 23.20984130037592 22.50850048676227
56.5 23.210460928885244 22.507732283345852
57.0 23.211098978007946 22.506958957081636
57.5 23.211723912564498 22.506196471568263
58.0 23.21236636466278 22.505436223732445
58.5 23.213011927287155 22.50467554225082
59.0 23.213659093165965 22.50391691660305
59.5 23.214295742024373 22.503172980867614
60.0 23.214948441442935 22.50242474562851
60.5 23.215603655996343 22.501679042414544
61.0 23.216262238952233 22.50093650562657
61.5 23.21691296721001 22.500195226107166
62.0 23.217586158325012 22.499466074942287
62.5 23.21824206262378 22.498734252708587
63.0 23.21891848464174 22.49800208063872
63.5 23.219579758649775 22.497277865243547
64.0 23.220270155426093 22.496553819683776
64.5 23.220935022628954 22.49583545173365
65.0 23.221631269263302 22.495122840243596
65.5 23.22231577261206 22.494416515103417
66.0 23.222991607121592 22.493704355664853
66.5 23.223688623694187 22.493001022050816
67.0 23.224386156719156 22.492296001503487
67.5 23.22507810919639 22.49160469939866
68.0 23.22578867707015 22.490907739561795
68.5 23.226482116050214 22.49021243191987
69.0 23.227205501329404 22.48952557966919
69.5 23.22791251658608 22.488847482702713
70.0 23.228628961310932 22.4881593243908
70.5 23.229338174463464 22.48748445882578
71.0 23.230063269756343 22.48681116537052
71.5 23.230796928643134 22.48614150306844
72.0 23.231515869717228 22.485470136887553
72.5 23.232248849210272 22.484811548852637
73.0 23.232979867321948 22.48414615927368
73.5 23.233732244579034 22.483493732330153
74.0 23.234465468059383 22.482845618621916
74.5 23.235202557485536 22.4821895179614
75.0 23.235954364668224 22.48155380191303
75.5 23.236704246678123 22.480897397889407
76.0 23.237468470610494 22.480262550266666
76.5 23.238216554857104 22.479628318021582
77.0 23.23897585593215 22.478996535877513
77.5 23.239742752487746 22.478372991762107
78.0 23.240508773864434 22.477744611598716
78.5 23.24129144762219 22.477123322907218
79.0 23.24206102911421 22.476503585864677
79.5 23.242841075849906 22.475892559742668
80.0 23.243625347442585 22.475281325275382
80.5 23.244414775421806 22.47467010461143
81.0 23.245197741574977 22.474076117974576
81.5 23.246001711164567 22.473474363338095
82.0 23.246790023922088 22.47287640796474
82.5 23.247591534956932 22.472288913878224
83.0 23.248393881443707 22.471701106289697
83.5 23.24919930706336 22.471113224967716
84.0 23.250015295028422 22.47052956675427
84.5 23.250829495625652 22.469956648800252
85.0 23.25165623681744 22.469385599603854
85.5 23.25246131412513 22.468812737882185
86.0 23.253301382965063 22.468248988985046
86.5 23.254131675833563 22.467685143400406
87.0 23.254947616639395 22.46712102877232
87.5 23.25579662009838 22.466571984483387
88.0 23.256645501536582 22.466007543982947
88.5 23.25747676157823 22.465459417420526
89.0 23.2583276215045 22.464915430225474
89.5 23.259172543089754 22.46437168948774
90.0 23.260029840824185 22.46383426029174
90.5 23.260889329187787 22.463292081309
91.0 23.26174510683703 22.462757614791418
91.5 23.262618176862105 22.462222128539974
92.0 23.263472062403615 22.46168930429509
92.5 23.264352380406628 22.461171142545883
93.0 23.265236691455748 22.460647846211465
93.5 23.266103739128884 22.46012507823017
94.0 23.266997525484463 22.459612867672384
94.5 23.267881654636327 22.459099073540784
95.0 23.26877275003087 22.45858769028274
95.5 23.269669119017387 22.458087660944564
96.0 23.270571880842574 22.457581801435403
96.5 23.271461958409425 22.457077393944193
97.0 23.272380286378965 22.456589068101742
97.5 23.273283349621245 22.456095949795976
98.0 23.274192542314246 22.45560762592103
98.5 23.275113370056893 22.455115410314814
99.0 23.27603055811555 22.45463107516941
99.5 23.276951027460303 22.454153697963903
100.0 23.277888378028248 22.453677555468975
100.5 23.27881934415624 22.45319781336346
101.0 23.279746982116954 22.452725942098052
101.5 23.28068824685949 22.452264412259492
102.0 23.281634368941265 22.451800644398375
102.5 23.2825725901961 22.45133920509716
103.0 23.28353372221372 22.45088291555522
103.5 23.28449106237612 22.450427825986022
104.0 23.28544821047089 22.44997440523598
104.5 23.286414617038943 22.449528981213774
105.0 23.287376160725902 22.449085233940252
105.5 23.288341881166758 22.448643917035255
106.0 23.289322870168483 22.448210149681707
106.5 23.290297566533265 22.447776476603973
107.0 23.291288437891232 22.447341401511434
107.5 23.29226325907935 22.44691834806322
108.0 23.293250944910973 22.446489522042228
108.5 23.294255557343856 22.44606841195906
109.0 23.29524611062753 22.4456596180922
109.5 23.29625531384562 22.445239175781147
110.0 23.297259998499513 22.44483468226816
110.5 23.298265496815173 22.444417743016913
111.0 23.299272710513996 22.444022976601428
111.5 23.300291110610903 22.44361248736853
112.0 23.30131463884733 22.443224070754347
112.5 23.302344853103566 22.44282887247821
113.0 23.303368079190314 22.4424419936065
113.5 23.304411426368784 22.44204944675473
114.0 23.30543736206001 22.441673547658183
114.5 23.30649651059886 22.44129478153252
115.0 23.307539658873573 22.440916747710542
115.5 23.308585875137886 22.440545875930606
116.0 23.30963951022937 22.440174657115968
116.5 23.31070017752749 22.439810752599342
117.0 23.311767052645603 22.4394428125083
117.5 23.31282338032613 22.439085458057704
118.0 23.31390697338845 22.43873562701439
118.5 23.31496769181583 22.438371924671642
119.0 23.31605937418575 22.438027087455552
119.5 23.31713789943942 22.43768458081378
120.0 23.31822057907535 22.43734466501154
120.5 23.319316284498427 22.43701262898991
121.0 23.32040651062437 22.436676466248127
121.5 23.321519338430488 22.436339976801683
122.0 23.32263063417754 22.43601722850311
122.5 23.323738539266884 22.43569299845076
123.0 23.324847998787476 22.435376761651202
123.5 23.325962344119 22.43505702098603
124.0 23.327085480757447 22.434746304729977
124.5 23.32822218269348 22.434440913412352
125.0 23.329344878905115 22.434133894007196
125.5 23.330486805802167 22.433834338668696
126.0 23.331644777635148 22.433539342275065
126.5 23.332783120337872 22.43324355616132
127.0 23.333950845746347 22.432949459710475
127.5 23.335102775026392 22.432672482811146
128.0 23.336273832689383 22.432391091090757
128.5 23.337451243261857 22.43211013716465
129.0 23.338623497072387 22.43183243093561
129.5 23.33980549703323 22.431566862961347
130.0 23.34099190902773 22.431298708896264
130.5 23.342186249255587 22.43103411205352
131.0 23.343390638311167 22.430770696020662
131.5 23.344588278127546 22.430511095371287
132.0 23.345794074685298 22.430263528975427
132.5 23.347021485969233 22.430014921952743
133.0 23.348225689827032 22.429776593020403
133.5 23.349468713037208 22.429525641187873
134.0 23.35069120784248 22.429283516193625
134.5 23.351928775090972 22.42905233954945
135.0 23.35316474202362 22.428823205703754
135.5 23.354398472806437 22.428588082593404
136.0 23.355647220498735 22.428358781368335
136.5 23.356902935250993 22.428143895060696
137.0 23.35815901160756 22.427926730684522
137.5 23.359410837935105 22.427710217951162
138.0 23.360675444144302 22.427487463895396
138.5 23.361954042469634 22.42728176982691
139.0 23.363238253826026 22.42707420451035
139.5 23.3645063801899 22.426870684485074
140.0 23.365793859174726 22.426669115703714
140.5 23.367082178660816 22.426477125476026
141.0 23.36836236727723 22.42627895780542
141.5 23.369673299829486 22.426083436271142
142.0 23.370968886451738 22.42589894839179
142.5 23.372264807122136 22.425704496891086
143.0 23.37358383686214 22.425527827762988
143.5 23.374904972945956 22.425342608192935
144.0 23.37619997005838 22.425169059509727
144.5 23.377528701044167 22.42499553276367
145.0 23.378846842979772 22.424823799573357
145.5 23.380173841069723 22.42465027538109
146.0 23.381505522053423 22.4244818231288
146.5 23.382838390215017 22.424330176367427
147.0 23.38418075340231 22.424160170124757
147.5 23.385527425583007 22.424000362589737
148.0 23.386877762344078 22.423847631120857
148.5 23.388223562304123 22.423696085920817
149.0 23.389574209181273 22.423541322816952
149.5 23.390926492662523 22.42339166824162
150.0 23.392293812416277 22.423249780944484
150.5 23.393646473716466 22.423110268855226
151.0 23.39501100272806 22.422966230208417
151.5 23.39639426995379 22.422824539538194
152.0 23.397760472520858 22.422691348539594
152.5 23.399131348250588 22.422562373483768
153.0 23.400511270515413 22.422432571124116
153.5 23.40189545718113 22.422299836370275
154.0 23.40328080366733 22.422173037659956
154.5 23.404673879824553 22.4220443156455
155.0 23.406058667402725 22.421921235590464
155.5 23.407453338855486 22.421804868667916
156.0 23.408850392884013 22.421682453678265
156.5 23.410246077260553 22.421566432305564
157.0 23.411641110908686 22.421454217282026
157.5 23.413062078832287 22.421343307108504
158.0 23.414453020936392 22.421235154567334
158.5 23.415860482904325 22.421128261028986
159.0 23.4172740990077 22.421021935689538
159.5 23.418696384337075 22.420920755728723
160.0 23.420109146418774 22.42081566739855
160.5 23.42152708751957 22.42071579325124
161.0 23.422956887816945 22.4206166040265
161.5 23.424376687277125 22.420529070661996
162.0 23.425808421231878 22.420436319138304
162.5 23.427243332564206 22.42035150553741
163.0 23.42868633510287 22.420260851085345
163.5 23.43013780127608 22.42018234412745
164.0 23.43158421198696 22.420104548950466
164.5 23.43304079351857 22.420027157690896
165.0 23.434502583142674 22.41996025549188
165.5 23.43596707099077 22.41988305066027
166.0 23.43744377523985 22.41981205797567
166.5 23.43890919807528 22.41975722940536
167.0 23.44039252894309 22.4196908816238
167.5 23.441877953597952 22.41963842226944
168.0 23.443365083275282 22.419578346446038
168.5 23.44485672981619 22.419531254882838
169.0 23.446354620759998 22.419478108491305
169.5 23.447863849832572 22.419425338636113
170.0 23.449359507075187 22.419384314289765
170.5 23.450880929480995 22.41934206443503
171.0 23.452389796601242 22.41930156809493
171.5 23.453916375746218 22.41926883226192
172.0 23.455433091081805 22.41923649772882
172.5 23.45696318196846 22.41920458157207
173.0 23.45849814100296 22.41916939371653
173.5 23.460026867249447 22.419145899083368
174.0 23.461565588901074 22.419114586595942
174.5 23.463107036270223 22.41910032283391
175.0 23.4646550662737 22.419081555853904
175.5 23.466212345640123 22.41905882879418
176.0 23.467761938711508 22.41905195046853
176.5 23.469325197010782 22.419036868119132
177.0 23.47089404764852 22.41902888133616
177.5 23.472464110337917 22.419021206549253
178.0 23.47402298511826 22.419014286117175
178.5 23.47560463442491 22.419019196499235
179.0 23.47718613759579 22.419018755089425
179.5 23.478763155667565 22.41902047335695
180.0 23.48035686894601 22.419021108095105
180.5 23.481952108160886 22.419032220925597
181.0 23.48353529562298 22.41903571147717
181.5 23.48512824720926 22.419044751354846
182.0 23.486732878329786 22.419064612430283
182.5 23.488343440446027 22.41907592071218
183.0 23.489934462399606 22.419096607039215
183.5 23.49156466675737 22.4191187270439
184.0 23.493161829325576 22.41913435217676
184.5 23.49478294904969 22.419157244827048
185.0 23.49640180554358 22.419185334870534
185.5 23.498026442507793 22.419213850229177
186.0 23.49964912621327 22.419246463315297
186.5 23.50128321435765 22.41927480824655
187.0 23.50289971099754 22.419306335956822
187.5 23.50454867897199 22.419337957572477
188.0 23.506183484787208 22.419376851275494
188.5 23.507830720848748 22.419416154884875
189.0 23.509477766923617 22.419461073624056
189.5 23.511126544712127 22.41950620712323
190.0 23.512766971322904 22.419552264932626
190.5 23.514430187872733 22.419602957587482
191.0 23.516076138792034 22.419649265263708
191.5 23.517730954988853 22.419699622612832
192.0 23.51939646210794 22.41975048876261
192.5 23.521076143743677 22.419803429330052
