FastTrWP/PhaseSpace/IAs/snIa_0.43_30.00_0.45_0.08.csv
# %ECSV 0.9
# ---
# datatype:
# - {name: time-rel, datatype: float64}
# - {name: g, datatype: float64}
# - {name: i, datatype: float64}
# schema: astropy-2.0
time-rel g i
[from data line 340]
347.8125 24.144012215841947 23.2057270453299
348.3125 24.140337584042 23.20277690898409
348.8125 24.13668449071498 23.1998542890298
349.3125 24.13303065903337 23.196929641022294
349.8125 24.129373967874837 23.194001212764586
350.3125 24.125752078321373 23.191078950378248
350.8125 24.122111594782222 23.18816129251658
351.3125 24.118495088170242 23.185253020144685
351.8125 24.11489761781837 23.182355365897944
352.3125 24.111283982067423 23.17944572904256
352.8125 24.107683046482027 23.176551088684036
353.3125 24.104096487863437 23.173664813562247
353.8125 24.100515983044005 23.17078112042461
354.3125 24.09695153897463 23.167904190088407
354.8125 24.09338100450206 23.16503416941559
355.3125 24.089813335474165 23.16217571006719
355.8125 24.08627268852703 23.159309536353902
356.3125 24.08273609578655 23.15645960097841
356.8125 24.07920204907079 23.153607154410597
357.3125 24.075700196466215 23.15075515367095
357.8125 24.07215925008092 23.147920680378707
358.3125 24.068659232130596 23.145075630694905
358.8125 24.06516890174999 23.142248080027763
359.31249999999994 24.061666805857996 23.139425826405073
359.8125 24.058172521921595 23.13660344164425
360.3125 24.054709975192097 23.13379272580061
360.81249999999994 24.05122509912621 23.13098105481124
361.3125 24.047754881264943 23.128181248170662
361.8125 24.044312009865703 23.125372719237763
362.31249999999994 24.04086575458745 23.122576082628704
362.8125 24.03742367935049 23.119777041292497
363.3125 24.03399512754152 23.116999518506244
363.81249999999994 24.030564952461674 23.114219392005925
364.3125 24.02714852895587 23.111443826221638
364.8125 24.023728062766423 23.10867173521963
365.31249999999994 24.020327559358684 23.105900075803312
365.8125 24.0169213203219 23.10313519073901
366.3125 24.01351956440648 23.100377185381802
366.81249999999994 24.010148114115225 23.09762696331358
367.3125 24.00677427805537 23.094875056390897
367.8125 24.00340197198836 23.092124940301623
368.31249999999994 24.00001889001505 23.089383536766466
368.8125 23.99667235363878 23.086652355346615
369.3125 23.993309093790913 23.083917367342657
369.81249999999994 23.989980213466715 23.081191855807702
370.3125 23.98662485401386 23.07846699167138
370.8125 23.9832941771514 23.07574342248687
371.31249999999994 23.979963046676794 23.073026378964645
371.8125 23.976652272251314 23.070317272447596
372.3125 23.973326033635715 23.067610002624896
372.81249999999994 23.970025504063678 23.064902648070014
373.3125 23.966724499265602 23.06220440139482
373.8125 23.96343578089736 23.059513735447858
374.31249999999994 23.960142439284446 23.056820949647307
374.8125 23.95685409268721 23.05412622628939
375.3125 23.953568294313055 23.051443663454748
375.81249999999994 23.950308657705442 23.04876716757707
376.3125 23.947024933252223 23.046086465055584
376.8125 23.94378071786704 23.043424415867673
377.31249999999994 23.940532436007146 23.040748060603832
377.8125 23.937272447333797 23.03808902805492
378.3125 23.93403311404009 23.035428877530556
378.81249999999994 23.9307956387388 23.032761688023594
379.3125 23.927558782254952 23.03012599251023
379.8125 23.92434446736251 23.027473278399405
380.31249999999994 23.92112613748905 23.024811710075852
380.8125 23.917893026158072 23.02217047436237
381.3125 23.914690067881406 23.019530038317363
381.81249999999994 23.911485580190618 23.016910919708685
382.3125 23.908295378658124 23.014265216711305
382.8125 23.90511347957981 23.011643516109338
383.31249999999994 23.901902179821775 23.0090137319694
383.8125 23.89871206046234 23.00639359443272
384.3125 23.895557580965516 23.003787656702617
384.81249999999994 23.892382673567848 23.001157763600744
385.3125 23.889222294430688 22.99855698341264
385.8125 23.886049997891313 22.99593985605284
386.31249999999994 23.882881775232377 22.993326445506106
386.8125 23.879710314835883 22.990714189013776
387.3125 23.87654566831971 22.988111331999264
387.81249999999994 23.873380129711652 22.985490955482053
388.3125 23.870192154869095 22.98287434825155
388.8125 23.867029266157953 22.980267910071078
389.31249999999994 23.86385583127119 22.97766360704973
389.8125 23.860665844663444 22.97505588922091
390.3125 23.857519461621116 22.972455801118834
390.81249999999994 23.854334447990652 22.96984470913396
391.3125 23.851179045466097 22.96723476590888
391.8125 23.847995609677145 22.96464260038226
392.31249999999994 23.844851844679937 22.962037938969996
392.8125 23.841686744907303 22.959433199423515
393.3125 23.838534484635524 22.956839429278798
393.81249999999994 23.835372223594284 22.95424929910427
394.3125 23.83220530689071 22.951653102930074
394.8125 23.829082981453706 22.94906608135161
395.31249999999994 23.825925096406976 22.946486364010532
395.8125 23.8227924917649 22.94389926155544
396.3125 23.819672269610273 22.94131882789934
396.81249999999994 23.816525137672315 22.93874454136575
397.3125 23.813408599278848 22.936176881854745
397.8125 23.81029474445533 22.933607260997285
398.31249999999994 23.807193439417595 22.931046397089638
398.8125 23.804083554142753 22.928482243545556
399.3125 23.800992600993553 22.925918698407397
399.81249999999994 23.797908481962384 22.923377483231246
400.3125 23.79481511456715 22.92083469414522
400.8125 23.79173958659483 22.918294101173853
401.31249999999994 23.78868154408268 22.915747865654986
401.8125 23.785620030228714 22.913223701672486
402.3125 23.782572846059836 22.91069831622889
402.81249999999994 23.77954389734225 22.908179162543746
403.3125 23.776509135523934 22.905663632608736
403.8125 23.7734842184621 22.903148775341833
404.31249999999994 23.77046951325613 22.90066371845388
404.8125 23.767464820950067 22.898157397633987
405.3125 23.764480254684916 22.89567315868213
405.81249999999994 23.761496139899748 22.893191845267452
406.3125 23.75852807030852 22.89071435098485
406.8125 23.755570907696647 22.88824561821801
407.31249999999994 23.752630002664496 22.8857760360177
407.8125 23.749687419341736 22.883314327670902
408.3125 23.746765228579353 22.880857874132282
408.81249999999994 23.743844963627442 22.878430139957647
409.3125 23.740929785615105 22.875991492165774
409.8125 23.738052607855884 22.873555629910687
410.31249999999994 23.735171525329136 22.87114122094915
410.8125 23.73230941520401 22.86872412170546
411.3125 23.72945775500949 22.866328354396646
411.81249999999994 23.726633870924793 22.863926144476157
412.3125 23.72380904575479 22.861541095164178
412.8125 23.720985031505077 22.859160375032545
413.31249999999994 23.718199840650218 22.856798549889376
413.8125 23.715410741360028 22.854424805577903
414.3125 23.71263802970478 22.852071838023438
414.81249999999994 23.70989399692775 22.849729593522746
415.3125 23.707150548336404 22.847389675670804
415.8125 23.704428323788164 22.845056594962987
416.31249999999994 23.70172551768768 22.84274500080654
416.8125 23.699023577825184 22.840434457336514
417.3125 23.696340176532317 22.838132632622514
417.81249999999994 23.69368684289176 22.835845571177096
418.3125 23.69103288979248 22.833561566497526
418.8125 23.688411088199487 22.83129150645977
419.31249999999994 23.68580133638542 22.82902558024363
419.8125 23.683205248031985 22.826774733737956
420.3125 23.680612414500818 22.82453425495592
420.81249999999994 23.678026203336646 22.822284532936962
421.3125 23.675445615584 22.820051311872234
421.8125 23.672884908766836 22.81781112944502
422.31249999999994 23.670312830145587 22.815584828022395
422.8125 23.66775357338213 22.813356931830874
423.3125 23.66522765749581 22.81113488711184
423.81249999999994 23.66266660625427 22.808916035932533
424.3125 23.660141961275833 22.806707629537776
424.8125 23.65761097152163 22.804507604622092
425.31249999999994 23.65508973953084 22.80231142153867
425.8125 23.65257071601736 22.800112572893035
426.3125 23.65006391599518 22.79791700274742
426.81249999999994 23.647563986314644 22.795740467254486
427.3125 23.645077047427 22.793556019623452
427.8125 23.64259762083339 22.7913785364435
428.31249999999994 23.64013650027686 22.78921236425626
428.8125 23.637684452257663 22.78704457600607
429.3125 23.63521054362622 22.78488744307577
429.81249999999994 23.632764407962192 22.782733825414677
430.3125 23.63032415878621 22.780591685981012
430.8125 23.62789280524117 22.778444474626376
431.31249999999994 23.625468773963938 22.776313827522003
431.8125 23.623062396806603 22.77418273558609
432.3125 23.620658117054923 22.77205257930037
432.81249999999994 23.618266842697352 22.769933521760652
433.3125 23.615890445944856 22.767827930499674
433.8125 23.613506198703746 22.7657105139666
434.31249999999994 23.6111411242686 22.76361110372256
434.8125 23.60878796787905 22.761515913255863
435.3125 23.606428875430385 22.75941653736674
435.81249999999994 23.604107380264644 22.757343293545823
436.3125 23.601788207266413 22.755274395549314
436.8125 23.599448769757604 22.753196927392857
437.31249999999994 23.5971494639946 22.751143094525492
437.8125 23.594859004983064 22.74907842536866
438.3125 23.592572647050446 22.747023349369357
438.81249999999994 23.590291530932195 22.744985151766524
439.3125 23.58803520640372 22.742952933961792
439.8125 23.5857782829854 22.740912879475708
440.31249999999994 23.583522552522854 22.738888145111908
440.8125 23.58129482998198 22.736868737408273
441.3125 23.579077672635947 22.73485201678238
441.81249999999994 23.57686820437474 22.732850741159037
442.3125 23.57465712540148 22.730852394090128
442.8125 23.572468474618894 22.72886210443867
443.31249999999994 23.5702903853811 22.726876263541314
443.8125 23.56812856550555 22.724904171293844
444.3125 23.56596249700413 22.722940339631855
444.81249999999994 23.5638254800526 22.720973215767586
445.3125 23.561696096712392 22.719016325948907
445.8125 23.559566397739445 22.717060772470013
446.31249999999994 23.557458270986128 22.715124724284628
446.8125 23.5553542739109 22.71318130984842
447.3125 23.55327648056013 22.711264392516505
447.81249999999994 23.55120007507882 22.709346884009598
448.3125 23.549134602594748 22.707437704258076
448.8125 23.54708995043948 22.705523190545108
449.31249999999994 23.54505996120016 22.703636585641757
449.8125 23.543019370117175 22.70173811152678
450.3125 23.541012571969283 22.699859306049916
450.81249999999994 23.53902130422488 22.69798577254726
451.3125 23.537006222982157 22.6961147244748
451.8125 23.535047164188114 22.694253454527974
452.31249999999994 23.533075191680886 22.692413613187675
452.8125 23.531123846300247 22.690567992344384
453.3125 23.52918839256273 22.688731649453597
453.81249999999994 23.527255181185765 22.686902336864755
454.3125 23.525350766581262 22.685088983455202
454.8125 23.52344598712731 22.68326950143841
455.31249999999994 23.52155225825761 22.681455424803797
455.8125 23.519658943640604 22.679660701760124
456.3125 23.517782937672177 22.67786326027522
456.81249999999994 23.51591675638808 22.676061115707423
457.3125 23.514054898730436 22.674281176761284
457.8125 23.512203672713483 22.672499620773472
458.31249999999994 23.51036561485804 22.670730848175175
458.8125 23.508536443585342 22.668966109217212
459.3125 23.50670563437468 22.667197606686273
459.81249999999994 23.50489715188839 22.66544785218093
460.3125 23.503101660316386 22.66369975706263
460.8125 23.50129674420867 22.661954127595322
461.31249999999994 23.499506271912864 22.660215027979195
461.8125 23.497725103431616 22.658485281269314
462.3125 23.49595522106384 22.656749974532957
462.81249999999994 23.494201638951754 22.655026317506497
463.3125 23.492452120797495 22.653321691168138
463.8125 23.490697564068938 22.65160620495557
464.31249999999994 23.488956293358385 22.64990105863641
464.8125 23.487234311931772 22.648200006817408
465.3125 23.485527308169473 22.64650881316602
465.81249999999994 23.4838202123623 22.644820894816174
466.3125 23.482125024929594 22.643136421864764
466.8125 23.48042468812812 22.641469650154903
467.31249999999994 23.478748797748263 22.639784046413407
467.8125 23.477070359615663 22.638133161196574
468.3125 23.475413917263413 22.636465828828456
468.81249999999994 23.4737640080981 22.634820432975886
469.3125 23.47210860433239 22.633170497324784
469.8125 23.470469775754164 22.631528428843364
470.31249999999994 23.46884275088467 22.62988482407377
470.8125 23.46722589363707 22.628260631148343
471.3125 23.465616441118563 22.626636952284528
471.81249999999994 23.46400694386321 22.625011574107404
472.3125 23.462416602626565 22.62339175700196
472.8125 23.460844629984635 22.6217881876528
473.31249999999994 23.459259458564897 22.62018124233105
473.8125 23.45769045842227 22.61858101749897
474.3125 23.456123964767094 22.616989003698983
474.81249999999994 23.454589192976908 22.615402642550944
475.3125 23.453045410498635 22.61382295614996
475.8125 23.451497109113397 22.612249448542446
476.31249999999994 23.449976128245954 22.610675114749007
476.8125 23.44846612205723 22.609104849476314
477.3125 23.44695909397076 22.607548900088194
477.81249999999994 23.44545913901289 22.605995132389275
478.3125 23.44397824373424 22.604441109246864
478.8125 23.442488445778583 22.602897284153237
479.31249999999994 23.441016528196098 22.601361477801575
479.8125 23.439561235248448 22.59982959745016
480.3125 23.438099023330594 22.598303278375237
480.81249999999994 23.436658207550916 22.596771468749065
481.3125 23.435204957786546 22.59525893494279
481.8125 23.433791012962875 22.5937471817794
482.31249999999994 23.43236144062441 22.592244230255428
482.8125 23.430952087823393 22.590738823668957
483.3125 23.429548229080922 22.589238974843603
483.81249999999994 23.428155213375774 22.58774640443201
484.3125 23.42677202454286 22.586269758504223
484.8125 23.425395881645372 22.584788335442934
485.31249999999994 23.424019486479896 22.583309705486062
485.8125 23.422658433001565 22.581839567166714
486.3125 23.421308029903894 22.580374520403723
486.8125 23.41996431914593 22.578916369437568
487.3125 23.41862524128347 22.57746436395891
487.8125 23.417311656379137 22.57602073385279
488.3125 23.415981249508583 22.57457064177746
488.8125 23.414680507207414 22.573133558969417
489.3125 23.413361636990825 22.57170347108812
489.8125 23.412075482084823 22.570270236961676
490.3125 23.41077988622651 22.568854003456174
490.8125 23.40950975468835 22.567432906022816
491.3125 23.408222188627047 22.56601072700064
491.8125 23.406956972363066 22.564603249400662
492.3125 23.40570364334218 22.56318803334562
492.8125 23.404451134168312 22.561795736896105
493.3125 23.40320962498791 22.56038754776447
493.8125 23.401972399944633 22.55900429763546
494.3125 23.400734666419186 22.557616367619787
494.8125 23.3995128241459 22.556237972753213
495.3125 23.398284475570392 22.554859867281245
495.8125 23.397088300465505 22.55348121508389
496.3125 23.395887116120004 22.552115333052733
496.8125 23.39468697011176 22.550744223799857
497.3125 23.39349531055616 22.54939018148483
497.8125 23.39232855837631 22.54803887755187
498.3125 23.39113068360353 22.54668294035216
498.8125 23.38998288498795 22.545335345535236
499.3125 23.38881809403558 22.543992720551817
499.8125 23.387676770971723 22.542660789041324
500.3125 23.386522020175246 22.54132978666572
500.8125 23.385393783037504 22.539999127274942
501.3125 23.38427010696869 22.538674467909132
501.8125 23.383144173472434 22.53736334731316
502.3125 23.382034770268998 22.536044801075107
502.8125 23.380927797052262 22.53473470915686
503.3125 23.379831118383233 22.533426970835315
503.8125 23.37874193879167 22.53212691458466
504.3125 23.377654335936548 22.530829735556264
504.8125 23.3765693585616 22.529542533303584
505.3125 23.37550890596453 22.528264309444697
505.8125 23.3744363854843 22.526980439886188
506.3125 23.373398576203655 22.5257064623551
506.8125 23.372350957226367 22.52443063226893
507.3125 23.371302007038594 22.523164787374373
507.8125 23.37027364844337 22.52190315892689
508.3125 23.369254953010742 22.520646006275257
508.8125 23.368242455095345 22.519395610021267
509.3125 23.367235424090303 22.51814356267238
509.8125 23.366234435604568 22.51690041822295
510.3125 23.365233859708482 22.51566055024238
510.8125 23.36425579965857 22.514423117111825
