FastTrWP/PhaseSpace/IAs/snIa_0.41_30.00_0.92_0.24.csv
# %ECSV 0.9
# ---
# datatype:
# - {name: time-rel, datatype: float64}
# - {name: g, datatype: float64}
# - {name: i, datatype: float64}
# schema: astropy-2.0
time-rel g i
[from data line 702]
-53.0 23.459437279891326 22.295469049052045
-52.5 23.458810463178878 22.294401455425966
-52.0 23.458201353264762 22.293339296680283
-51.5 23.457598351062497 22.2922877279183
-51.0 23.457007987802317 22.29123103351394
-50.5 23.456417730017773 22.290193274516685
-50.0 23.45583136903953 22.289147707429514
-49.5 23.455256751555797 22.288112573562685
-49.0 23.454685138076925 22.28707409425097
-48.5 23.454120568481102 22.286039532364033
-48.0 23.45356755777223 22.285017916030718
-47.5 23.453018362972955 22.28399556797556
-47.0 23.452470707732896 22.28297558351298
-46.5 23.451935474348737 22.28196120487711
-46.0 23.451411998195795 22.280945995325865
-45.5 23.45089055550556 22.27993970788267
-45.0 23.45038290682528 22.278937114310207
-44.5 23.449874782874968 22.27794208474464
-44.0 23.449371526242132 22.27694765893684
-43.5 23.44887533227519 22.275951108946753
-43.0 23.448388402322426 22.274961560411732
-42.5 23.44790589362846 22.273984264739603
-42.0 23.447429768442216 22.273000424368227
-41.5 23.44697220598257 22.27201912066091
-41.0 23.446504167307918 22.2710503620058
-40.5 23.44605778207882 22.270083563401563
-40.0 23.445593888468924 22.269112869505218
-39.5 23.445155056333242 22.268150507142977
-39.0 23.444720291514493 22.26719797999413
-38.5 23.444282410929592 22.266245440204703
-38.0 23.443868099558163 22.265294988959564
-37.5 23.44344284885686 22.264345220593043
-37.0 23.44304110509629 22.263402800536525
-36.5 23.442635501121902 22.262465046669583
-36.0 23.44222804988782 22.261530667077732
-35.5 23.441846298392903 22.26059833255419
-35.0 23.441438405365467 22.259676045913967
-34.5 23.44106016977982 22.258744757015396
-34.0 23.44069965632329 22.25782772369461
-33.5 23.44032762682032 22.256912020004798
-33.0 23.439960367902216 22.255994182163548
-32.5 23.439587374229212 22.255090358773913
-32.0 23.43923367456819 22.25418429940082
-31.5 23.438890036268603 22.253283630755817
-31.0 23.438552639453732 22.252387404472714
-30.5 23.438216446519135 22.25148645376236
-30.0 23.43788022059003 22.250592242418644
-29.5 23.43755399168872 22.24971024155375
-29.0 23.43724165480337 22.24882301374209
-28.5 23.436926717534305 22.247944814896915
-28.0 23.436612476495227 22.24707146659322
-27.5 23.43630606059957 22.246191510540445
-27.0 23.436012275696054 22.24532335366108
-26.5 23.435714394083348 22.244460795797455
-26.0 23.43541697893717 22.243604129308444
-25.5 23.43514073857729 22.242743284695155
-25.0 23.43486115064781 22.241884808888386
-24.5 23.43458483429831 22.241031784008115
-24.0 23.434324109523892 22.24018309949624
-23.5 23.434065062548818 22.23933885197273
-23.0 23.433797497609792 22.23849139066237
-22.5 23.433540363243036 22.23766095224217
-22.0 23.433297122288362 22.236826608729423
-21.5 23.43305333959334 22.235992176849656
-21.0 23.432816013648136 22.235163769627057
-20.5 23.43258412618718 22.23433769475353
-20.0 23.43235391875129 22.233523059800664
-19.5 23.432139257008963 22.23270501369704
-19.0 23.43192988880293 22.231886760672293
-18.5 23.431728440273897 22.23108327242037
-18.0 23.43154069683142 22.230277001913578
-17.5 23.431351054874675 22.229470280830196
-17.0 23.431170013699088 22.22867595687636
-16.5 23.43099204884767 22.22788348830869
-16.0 23.43081797007985 22.227087555338212
-15.5 23.430658021794244 22.22630757938238
-15.0 23.430515027468083 22.225517874732592
-14.5 23.430355372927394 22.224739449514097
-14.0 23.43022731808182 22.223960722597123
-13.5 23.430077547393026 22.223188371088014
-13.0 23.429956577190577 22.222416458720005
-12.5 23.42983576170846 22.221647285940136
-12.0 23.42971875118669 22.220889171223885
-11.5 23.42960390841899 22.220128507392396
-11.0 23.429500017811936 22.219371204476474
-10.5 23.429398352995527 22.218622714431024
-10.0 23.4292942129279 22.21787548741752
-9.5 23.429216858784958 22.21712320034808
-9.0 23.429130354264633 22.216376872131697
-8.5 23.429052641111014 22.215646364676207
-8.0 23.42897883480248 22.214903568848104
-7.5 23.42891313287641 22.214166055841375
-7.0 23.428857720257582 22.213440677589652
-6.5 23.428799515634246 22.21271478112637
-6.0 23.428740924251294 22.211985127400823
-5.5 23.428703096762394 22.21126943504972
-5.0 23.42864278681601 22.210551913739657
-4.5 23.42860173136573 22.20983973053893
-4.0 23.428565407293043 22.209124648274205
-3.5 23.42854666448543 22.20841601885168
-3.0 23.428518588419543 22.2077125670029
-2.5 23.428505110879566 22.207009499393244
-2.0 23.428474878546016 22.206315825973498
-1.5 23.428463155171784 22.205614895790404
-1.0 23.428454995671654 22.204920181896735
-0.5 23.428445194291363 22.204230163970195
0.0 23.428438385002302 22.20354812943045
0.5 23.42844605058506 22.202860469656432
1.0 23.42845288717319 22.202176480215936
1.5 23.428466455684603 22.2014918921589
2.0 23.428469149768105 22.200821454540048
2.5 23.42849909041369 22.200149335560212
3.0 23.428512434115984 22.199484317837456
3.5 23.42852137418938 22.19880920327062
4.0 23.428561045450742 22.198147977580604
4.5 23.428577468052335 22.19748153875289
5.0 23.42860807851376 22.196826211180873
5.5 23.42863644817854 22.196174667702287
6.0 23.42867687869871 22.19551930734734
6.5 23.428722536017254 22.19486519937522
7.0 23.428764324732768 22.19421610682142
7.5 23.428805467892538 22.193567010746463
8.0 23.428847051778735 22.192924991487274
8.5 23.428894411356374 22.19228386614752
9.0 23.428940097352072 22.191645301505687
9.5 23.428997881142205 22.191009158743746
10.0 23.429051212063804 22.19037317624658
10.5 23.429107477999615 22.189746395224144
11.0 23.42916091527844 22.189124993798725
11.5 23.42921501917735 22.188493912510946
12.0 23.42928831411751 22.187874079162846
12.5 23.429345362990723 22.187246359497305
13.0 23.429405060532357 22.18662935808146
13.5 23.429474628092954 22.186020225557677
14.0 23.429538248506887 22.185407616011844
14.5 23.42962590198196 22.18479832839936
15.0 23.429700371906378 22.18418638899927
15.5 23.42978055539319 22.183579632836626
16.0 23.429859458383536 22.18298127715084
16.5 23.429951490098585 22.18237932967868
17.0 23.430041796235713 22.181780891025085
17.5 23.430123696734697 22.181185528757155
18.0 23.43021258357611 22.180586938995912
18.5 23.430328204625713 22.1799982595974
19.0 23.430422980015088 22.179410772446417
19.5 23.43053780922145 22.178825262604036
20.0 23.43064775987219 22.178240213998617
20.5 23.430745604399362 22.17766493814087
21.0 23.4308739608582 22.177085474981283
21.5 23.430991286667172 22.17651412341647
22.0 23.431110446403956 22.175937050970465
22.5 23.431250528860556 22.175365482858368
23.0 23.431369436787357 22.174801795804804
23.5 23.43150649890393 22.17423628626602
24.0 23.43163475301686 22.173672840802233
24.5 23.43178764410456 22.173116267881664
25.0 23.431931943134316 22.172561182337954
25.5 23.432076331568446 22.172005304070655
26.0 23.432224051284628 22.17145087590197
26.5 23.432372154074343 22.170905757775735
27.0 23.432523404223225 22.170357509246195
27.5 23.432689248892686 22.169815059053462
28.0 23.43286124801463 22.169276988076124
28.5 23.43302194694878 22.168741610920648
29.0 23.433198975753037 22.1682050210081
29.5 23.433382622202103 22.167673295771976
30.0 23.43355363268826 22.167145270343347
30.5 23.433735642697453 22.16661709620333
31.0 23.433924869335282 22.166093154569456
31.5 23.434101448603883 22.1655720064798
32.0 23.434309785921066 22.16505067605872
32.5 23.434498937835283 22.16453856719088
33.0 23.434703044483378 22.16402095436269
33.5 23.434914116605043 22.163511260544695
34.0 23.43511801933374 22.16301109311184
34.5 23.435327845663586 22.162506942180258
35.0 23.43554322367101 22.162004140868802
35.5 23.43577085586802 22.1615084053128
36.0 23.43599543356289 22.161017603427315
36.5 23.436208063404912 22.160524640984924
37.0 23.436444745062456 22.160029029950966
37.5 23.436681418028613 22.159539379472392
38.0 23.436922984767023 22.159064064847847
38.5 23.437152560315432 22.15857991483321
39.0 23.43740236754091 22.158101149379895
39.5 23.43764461065167 22.157628140433374
40.0 23.437910498873933 22.15715980111262
40.5 23.438167309442875 22.156684744068063
41.0 23.43843842027694 22.156224229790414
41.5 23.4386974114183 22.155763066044827
42.0 23.438963464024418 22.15529468756495
42.5 23.439244035108718 22.154841208633897
43.0 23.439519273551536 22.154389199537
43.5 23.4397980965001 22.15393382807659
44.0 23.440084546017317 22.153488721910403
44.5 23.440373963438983 22.153042458228356
45.0 23.440671291923145 22.152601046166502
45.5 23.440959437968726 22.152164978475106
46.0 23.441271892319616 22.151720507972122
46.5 23.441568872719035 22.151291367377816
47.0 23.44187587193459 22.15086711614626
47.5 23.442194512311186 22.15043507542496
48.0 23.44250451215867 22.15001645347173
48.5 23.442826757414593 22.149591138353905
49.0 23.443146056376865 22.14916827341909
49.5 23.44348143595591 22.14875142891397
50.0 23.44380311194827 22.148341418787908
50.5 23.44414877045416 22.147924479949825
51.0 23.44447719846483 22.147515863123807
51.5 23.44481845834689 22.147107466995486
52.0 23.445168608776026 22.146707878627694
52.5 23.445522036033132 22.146304084562928
53.0 23.445879021803698 22.14590827581228
53.5 23.446236681515373 22.145519434060382
54.0 23.446598386931925 22.145117354840362
54.5 23.446963486966496 22.144730373147894
55.0 23.447325117240144 22.144340565047166
55.5 23.447704469498355 22.143949254195512
56.0 23.44807904639265 22.143574690287483
56.5 23.44845693984272 22.14319432430821
57.0 23.448850853432187 22.142817188016174
57.5 23.449232863989362 22.14243818646186
58.0 23.449615867043086 22.142062102566868
58.5 23.450025062798993 22.14169854831079
59.0 23.45042566747081 22.141334850573415
59.5 23.450826206186406 22.14097116660076
60.0 23.451229990588814 22.1406072435409
60.5 23.45163550912851 22.140256234763243
61.0 23.452066089550627 22.13989975866514
61.5 23.452477143648736 22.139547346621768
62.0 23.452901822750547 22.13919733188082
62.5 23.45333963420633 22.13884543262401
63.0 23.453765884355082 22.138507406056597
63.5 23.454200267574528 22.13816073284946
64.0 23.454646573477163 22.13782721286689
64.5 23.455080576938588 22.137491102824995
65.0 23.45553327546024 22.137155801326216
65.5 23.45598459635427 22.13682441251921
66.0 23.456440043827477 22.13650179511308
66.5 23.456893253850954 22.136176502749024
67.0 23.45737590315004 22.135853484566987
67.5 23.457835549175012 22.135540505723913
68.0 23.4583038080535 22.1352233832925
68.5 23.45878535478046 22.13490815565151
69.0 23.459254027469207 22.13459892896761
69.5 23.459752022373262 22.134290571079237
70.0 23.46024113824972 22.133989697169966
70.5 23.46071712166072 22.133684169376696
71.0 23.461221507252922 22.133385068652128
71.5 23.46172970578047 22.133089207784696
72.0 23.46222627139226 22.132802659181255
72.5 23.46274474938159 22.132508794040962
73.0 23.463247425362425 22.132222665808534
73.5 23.463771245444423 22.131937424442036
74.0 23.464302077106957 22.131659657036963
74.5 23.464818617650472 22.131376218212505
75.0 23.465347971435328 22.131104549504286
75.5 23.465887731930586 22.130832209638555
76.0 23.466427900502552 22.130562847998995
76.5 23.46696580813792 22.13029600028883
77.0 23.467514394876503 22.130037443593483
77.5 23.468076210406753 22.129776307680643
78.0 23.468628215127872 22.129517940306414
78.5 23.4691976209799 22.129260265529254
79.0 23.46975268546601 22.129011678675123
79.5 23.47032954483572 22.128765182812465
80.0 23.470889494390114 22.12852152158678
80.5 23.4714748579028 22.128279640393416
81.0 23.472062388799415 22.128045881866235
81.5 23.472648640727343 22.127806156378732
82.0 23.47324926965846 22.127578215506283
82.5 23.473853038961803 22.127348438179645
83.0 23.474467050167476 22.127123479264124
83.5 23.475074502880837 22.126899858235817
84.0 23.475701870566713 22.12668547211465
84.5 23.476323262361667 22.12647068939662
85.0 23.476951959871094 22.126265058965746
85.5 23.477595782161394 22.126057616229655
86.0 23.478241050687405 22.125854243982896
86.5 23.478890034266588 22.125651519091086
87.0 23.47954059110927 22.12545175315328
87.5 23.480207291103767 22.125261677500525
88.0 23.480870577600786 22.12507138534301
88.5 23.481545189405093 22.124886448220188
89.0 23.48220601380989 22.1246995623145
89.5 23.482886744584533 22.124519622675408
90.0 23.483579325641188 22.124336512530075
90.5 23.484269871301265 22.12415665964506
91.0 23.484956854196213 22.123981532637416
91.5 23.48565461275175 22.12381498196322
92.0 23.486364483753235 22.12364603275197
92.5 23.487070051647173 22.12348271219669
93.0 23.48777829446158 22.123319438296853
93.5 23.488498419588005 22.123158115468126
94.0 23.489224480978788 22.122999315384302
94.5 23.489949519993587 22.12284865897984
95.0 23.490669873428544 22.12269586287729
95.5 23.491395937641762 22.122548809467514
96.0 23.492138839329094 22.122397126930288
96.5 23.492876612075392 22.122259665734827
97.0 23.493614561497147 22.122111903871968
97.5 23.49436218557527 22.121974768179875
98.0 23.495116651451575 22.12183756791791
98.5 23.495859888458487 22.121700308480108
99.0 23.49662715632505 22.121571647754514
99.5 23.497379420864753 22.121442676399553
100.0 23.498141317279995 22.12130839111595
100.5 23.49891118656697 22.121185392092066
101.0 23.49968005562509 22.121065701504516
101.5 23.500451632248158 22.120941694071448
102.0 23.50122768260178 22.12082302113315
102.5 23.50200656002459 22.12069829066695
103.0 23.502773464567824 22.120580475483642
103.5 23.503555457456788 22.12046961043134
104.0 23.50433314632184 22.120357659452754
104.5 23.50513050355921 22.120247122686187
105.0 23.50591946252223 22.12013748638309
105.5 23.50669849295402 22.120029229515964
106.0 23.507494823259073 22.119929886001984
106.5 23.508294624732663 22.119826290645893
107.0 23.509091459119745 22.119721488396408
107.5 23.509887616742585 22.119624889689945
108.0 23.510683909946174 22.119525363330705
108.5 23.51148081374759 22.119433367735013
109.0 23.512299549108718 22.119332254270088
109.5 23.513075671031647 22.11924006332746
110.0 23.513891319692167 22.119145751539318
110.5 23.514707299734198 22.11906022666004
111.0 23.515506838239737 22.11896884961903
111.5 23.51632314888423 22.118881291296326
112.0 23.5171115395306 22.118792055090978
112.5 23.517938382231243 22.118712802312576
113.0 23.518744809029425 22.118624200833985
113.5 23.519546085783 22.118544176177416
114.0 23.520348009015024 22.11845834346662
114.5 23.521173960807552 22.118383830053236
115.0 23.521982057623095 22.118305085695376
115.5 23.522809342322894 22.11822764823664
116.0 23.523647769813675 22.11815535451359
116.5 23.52446859686716 22.118087228184372
117.0 23.525303731085998 22.11801923591118
117.5 23.526139884360376 22.117950226472924
118.0 23.526986245684725 22.11789199683146
118.5 23.52781770776177 22.117830716233307
119.0 23.52866792024563 22.117772585200516
119.5 23.52952291551484 22.11771887603197
120.0 23.530373362830233 22.11767015195438
120.5 23.53123467046144 22.117617060590234
121.0 23.532094373282497 22.117571549447497
121.5 23.532957550404333 22.11752312230378
122.0 23.533832546389327 22.11747730418783
122.5 23.53469656648877 22.117431953123123
123.0 23.535572097794994 22.117396169067455
123.5 23.53645583071906 22.117353439229138
124.0 23.537337593377778 22.117321182794463
124.5 23.538225210720007 22.11728835678736
125.0 23.539102198263492 22.117257346169673
125.5 23.53999381414248 22.117226068006715
126.0 23.54089173125879 22.1171929100458
126.5 23.54178440348577 22.117172509968917
127.0 23.542682226819988 22.1171416422925
127.5 23.543578643838536 22.117123169036923
128.0 23.544484761303465 22.117098118560243
128.5 23.545380770368688 22.11708583489726
129.0 23.546292224407313 22.117068707405103
129.5 23.547200079765744 22.117053837509935
130.0 23.548102969134316 22.117041952996317
130.5 23.549022950407963 22.11702807497545
131.0 23.549936331264316 22.11701385991653
131.5 23.550853475059107 22.117006928807733
132.0 23.551772665943822 22.116997669824933
132.5 23.552697938907073 22.116996990533334
133.0 23.55361633097605 22.116984601822217
133.5 23.554539783638685 22.116987215825628
134.0 23.555460974397228 22.116984581098187
