FastTrWP/PhaseSpace/IAs/snIa_0.58_30.00_0.73_0.11.csv
# %ECSV 0.9
# ---
# datatype:
# - {name: time-rel, datatype: float64}
# - {name: g, datatype: float64}
# - {name: i, datatype: float64}
# schema: astropy-2.0
time-rel g i
[from data line 704]
-76.5 24.018060415170396 22.44182396726252
-76.00000000000006 24.016955417016813 22.440691799157957
-75.5 24.015868157812683 22.439566293979887
-75.0 24.014798227725706 22.438432813555554
-74.50000000000006 24.0137175338055 22.437315399627934
-74.0 24.01265902231849 22.436198039434807
-73.5 24.01159438511645 22.435085013247974
-73.00000000000006 24.010557098130473 22.433969459084008
-72.5 24.009515190321764 22.43286407733735
-72.0 24.00848010821585 22.431757404692352
-71.50000000000006 24.007436938213615 22.430664862594433
-71.0 24.006421258849308 22.429563000788338
-70.5 24.00539608254273 22.42847166115372
-70.00000000000006 24.004397405586737 22.42737972000071
-69.5 24.003410997176154 22.426306411100477
-69.0 24.002417793164888 22.425213868622077
-68.50000000000006 24.001440717957244 22.42414799244586
-68.0 24.000434522944445 22.423073295799053
-67.5 23.999477992287723 22.421994293881582
-67.00000000000006 23.99849824872853 22.420931284309948
-66.5 23.997563927014536 22.41986921315256
-66.0 23.996590819074232 22.418815016790106
-65.50000000000006 23.995660590621007 22.417768004589796
-65.0 23.994727684413597 22.416709457630702
-64.5 23.993798188786798 22.415666413706717
-64.00000000000006 23.99287874198892 22.41461835321506
-63.5 23.991960050961865 22.413581775014354
-63.0 23.991055777272713 22.412550993414214
-62.50000000000006 23.99017647316657 22.411508767601802
-62.0 23.98927444146194 22.41048376888414
-61.5 23.988393159307954 22.409468885251886
-61.00000000000006 23.987520987649123 22.408445204350045
-60.5 23.98665164510443 22.407429351693885
-60.0 23.98578876313966 22.406422731722124
-59.50000000000006 23.984933797131582 22.405409429402916
-59.0 23.98410323835019 22.404408061331633
-58.5 23.983257159079386 22.4034067938325
-58.00000000000006 23.982420987613718 22.40240205292634
-57.5 23.98160442164496 22.40141493989277
-57.0 23.980769661683148 22.400423756826342
-56.5 23.979987006379638 22.39944337708209
-56.0 23.979185315501855 22.398463328746633
-55.5 23.978388007286412 22.397479500264424
-55.0 23.977600201972432 22.39651054703488
-54.5 23.976827160255176 22.395542217267447
-54.0 23.976068588008314 22.394574040083313
-53.5 23.975303288110904 22.393614005524277
-53.0 23.974556733459224 22.392650361140817
-52.5 23.973797116731063 22.391702251329345
-52.0 23.973066035360233 22.39075178511381
-51.5 23.97233334683749 22.38980803095246
-51.0 23.971611079749877 22.38886204154113
-50.5 23.97090566231182 22.387925856191643
-50.0 23.97020257641855 22.386991199783264
-49.5 23.969502855926642 22.38606752829692
-49.0 23.96880701100703 22.385136052540517
-48.5 23.96812955859022 22.384214702591862
-48.0 23.967451100524165 22.38330078540138
-47.5 23.966776368548818 22.38238430681568
-47.0 23.9661178901652 22.381473674040222
-46.5 23.96546477036243 22.380569480129516
-46.0 23.964818048184675 22.37966672345418
-45.5 23.964182957525786 22.378765166665715
-45.0 23.963565459991315 22.377871987769797
-44.5 23.962938885631733 22.376989122525064
-44.0 23.96232869059853 22.376092525306596
-43.5 23.961730285386167 22.375213856516005
-43.0 23.96113692077591 22.374337896173046
-42.5 23.96055922150833 22.373464960412054
-42.0 23.95997239863047 22.372595238002813
-41.5 23.959404151085366 22.371723429446938
-41.0 23.958844226247706 22.370859748826316
-40.5 23.958285131895288 22.37000564582088
-40.0 23.957738040997864 22.36914962815517
-39.5 23.95720720640638 22.36830285121558
-39.0 23.956676439447826 22.367456037540393
-38.5 23.956154532389107 22.366616928242458
-38.0 23.955640009330352 22.365775123363672
-37.5 23.95512970622152 22.364936331529528
-37.0 23.95464679291344 22.36411033024792
-36.5 23.95415688530575 22.36328693012372
-36.0 23.953670134543653 22.362467012928334
-35.5 23.95320906445455 22.361646190859084
-35.0 23.952729563171175 22.360829913134225
-34.5 23.952296787202904 22.360014696562875
-34.0 23.951853423727126 22.359210357637597
-33.5 23.951422427415917 22.358411451495122
-33.0 23.950977571103238 22.357614551529693
-32.5 23.950548496310397 22.35681949692644
-32.0 23.950152083934178 22.356028987504683
-31.5 23.949738533797436 22.355234989626588
-31.0 23.9493433426178 22.354457435991165
-30.5 23.948949412898056 22.35367415320493
-30.0 23.948574103317164 22.352896575542044
-29.5 23.948188581934584 22.352121292363076
-29.0 23.947836368744962 22.351346303934726
-28.5 23.947466910574974 22.35058355073011
-28.0 23.947117459391748 22.34981648729926
-27.5 23.946756647640015 22.34906614004679
-27.0 23.946418085865503 22.348305943590645
-26.5 23.946090624208317 22.347563514707716
-26.0 23.945768858676534 22.346816669311163
-25.5 23.945451022967582 22.346066192523487
-25.0 23.94515422432896 22.345323429289316
-24.5 23.944835621780776 22.344589729913086
-24.0 23.944543687937937 22.34385219841171
-23.5 23.944260834036196 22.343124928508047
-23.0 23.943975821873984 22.34239077073702
-22.5 23.943691212995066 22.34167296359848
-22.0 23.943420768324263 22.340946380252234
-21.5 23.94316841644931 22.34023264618805
-21.0 23.942921108904336 22.33952219373713
-20.5 23.942660607218063 22.338806144216598
-20.0 23.942427394531546 22.338102578675038
-19.5 23.942184494696996 22.337398236702008
-19.0 23.941959433145833 22.336697232597377
-18.5 23.94174370666188 22.336001196430555
-18.0 23.941523042088217 22.335307475267822
-17.5 23.94131232119281 22.334612635502697
-17.0 23.941117748085396 22.333921321920826
-16.5 23.940913606733485 22.333237005060674
-16.0 23.940731811509185 22.33255291344548
-15.5 23.94054093801308 22.331867957228653
-15.0 23.940369922085857 22.3311969743537
-14.5 23.940196771277463 22.330530068843743
-14.0 23.940023782089256 22.329854849112955
-13.5 23.939867809199242 22.329191145287478
-13.0 23.93971902127118 22.328529710622107
-12.5 23.939552872279144 22.327863386971423
-12.0 23.9394282513997 22.327209459890675
-11.5 23.93928760641559 22.326553226603465
-11.0 23.93915959635191 22.32590562430758
-10.5 23.93903392587388 22.32525049168394
-10.0 23.938902882553972 22.324605253227546
-9.5 23.938803544052995 22.323964470260623
-9.0 23.938701684012326 22.323320399697913
-8.5 23.93858950609292 22.322686180371186
-8.0 23.938496306457232 22.322055015266926
-7.5 23.938397385561426 22.32141869601277
-7.0 23.938318687390744 22.320796506409756
-6.5 23.938243747908995 22.320168382540494
-6.0 23.93816957608064 22.319544902387708
-5.5 23.938088310059893 22.31892858028713
-5.0 23.938020181626037 22.318309103981115
-4.5 23.937977283740576 22.31769393015369
-4.0 23.93791015359668 22.31708207418923
-3.5 23.93787429506713 22.316470916273655
-3.0 23.937820980659765 22.315861540217774
-2.5 23.937774554194924 22.315261489737416
-2.0 23.937747179876318 22.314657473398846
-1.5 23.93770982354093 22.31406357960424
-1.0 23.93769835101091 22.313467029566283
-0.5 23.93765868018848 22.312872451950845
0.0 23.93765649534961 22.31228480475602
0.5 23.937670454698367 22.311695839478464
1.0 23.937676818742787 22.31112011054404
1.5 23.93768324343448 22.31053625540597
2.0 23.937705858624312 22.30996174131496
2.5 23.937757628926466 22.309392047438692
3.0 23.937788155468496 22.308825625607763
3.5 23.937837619360664 22.30826023873629
4.0 23.937893718820348 22.307702625480164
4.5 23.93795302315607 22.307145580750024
5.0 23.93801937232244 22.30658910925095
5.5 23.938108880042353 22.30603953275514
6.0 23.9381818885275 22.305494853109575
6.5 23.938285835430158 22.304946411630816
7.0 23.938382628420364 22.304409172004075
7.5 23.938490463012418 22.303870679157065
8.0 23.938611869979184 22.30333658388639
8.5 23.938727013964062 22.302796072712525
9.0 23.93885589913409 22.30228259283376
9.5 23.938998163428625 22.301750385465144
10.0 23.939132847312784 22.301226789700955
10.5 23.93927364279884 22.300704227989176
11.0 23.93942552399054 22.300190666584534
11.5 23.939602628639292 22.299676292149677
12.0 23.939751057915405 22.29916246713062
12.5 23.9399089290563 22.298657253086095
13.0 23.940114731328098 22.298157517391083
13.5 23.940297032765017 22.297653172681674
14.0 23.940479442733977 22.297146879927286
14.5 23.940658183100393 22.2966503906097
15.0 23.940865395541078 22.29615438537794
15.5 23.941077534244034 22.29566399664833
16.0 23.941270574532297 22.295171928927505
16.5 23.941487803439827 22.294690532905292
17.0 23.941709473311946 22.29419748439993
17.5 23.941922882448637 22.293716696689874
18.0 23.942161630502014 22.29324322422316
18.5 23.94239766875174 22.2927609618054
19.0 23.942635551214696 22.29228530358711
19.5 23.942872266500128 22.291815354042033
20.0 23.943115521591913 22.291338877699154
20.5 23.9433760264073 22.290863794353683
21.0 23.9436220601212 22.290411216847332
21.5 23.943883431626638 22.289941325814716
22.0 23.944143539020608 22.289478046682127
22.5 23.944415847531587 22.289016752016643
23.0 23.944683918693507 22.288550735280865
23.5 23.944961913994565 22.288105636723266
24.0 23.945239977397875 22.287646686227838
24.5 23.945485564098558 22.28718574213663
25.0 23.945791291956734 22.286738570326094
25.5 23.94607290503452 22.286289146059296
26.0 23.946354304704972 22.285849123355316
26.5 23.946662743576702 22.285399315752137
27.0 23.946955909452722 22.284952272915184
27.5 23.947242996189765 22.28451413935838
28.0 23.947540766093347 22.284069740953957
28.5 23.94785167474449 22.28363243455074
29.0 23.948153811018095 22.283193063775233
29.5 23.948458870753825 22.282755203251998
30.0 23.94877101604108 22.282329977100552
30.5 23.94907686789051 22.281894468474444
31.0 23.949390682931757 22.281459252748903
31.5 23.949703190547766 22.281028793968254
32.0 23.95000428071761 22.2806015523
32.5 23.950318098968324 22.280174067130382
33.0 23.95065383997479 22.27974919410674
33.5 23.95098088087897 22.27932174570164
34.0 23.951294196410732 22.278896095460276
34.5 23.95160891267757 22.27847397299657
35.0 23.951938416679116 22.27805512533632
35.5 23.952254274949475 22.277632924587323
36.0 23.952572802713338 22.27721618416912
36.5 23.952909855325615 22.27679742827621
37.0 23.95322172693401 22.276374194757405
37.5 23.953552587148664 22.275961827877563
38.0 23.95389274551683 22.27554999419691
38.5 23.95421848137763 22.275135293035625
39.0 23.954560550070173 22.27472786792502
39.5 23.954911155660792 22.274313722522376
40.0 23.955236908527393 22.27390736758235
40.5 23.955582601304446 22.27350082849567
41.0 23.955933754857845 22.27309590857371
41.5 23.956289566626886 22.272690356742842
42.0 23.956631626215454 22.27229542880442
42.5 23.956999287373016 22.27189748007049
43.0 23.95736845800127 22.271497352111368
43.5 23.957729185662316 22.271096133860475
44.0 23.958079175147052 22.27070959568944
44.5 23.958470492340375 22.270316587964967
45.0 23.958831239918155 22.26992707207648
45.5 23.95921052366353 22.26953646562125
46.0 23.959609883725488 22.269148506293806
46.5 23.959974896927218 22.268764144891215
47.0 23.96036883134591 22.26837191279965
47.5 23.9607663618385 22.2679987617237
48.0 23.961146235969338 22.267616246587693
48.5 23.961567961480988 22.267245160039458
49.0 23.961951442651394 22.266860876250743
49.5 23.96237128972262 22.266489481594093
50.0 23.96277200030901 22.26611257007812
50.5 23.963181921318153 22.265742785238317
51.0 23.963595065188045 22.265380315693726
51.5 23.964001771677275 22.26500520011056
52.0 23.964443942783326 22.264637885644266
52.5 23.964849844842384 22.264273801262192
53.0 23.96529609654694 22.263917827854623
53.5 23.965723059534252 22.263558618871496
54.0 23.966141375346215 22.263196333860947
54.5 23.96658220869419 22.262838171322798
55.0 23.96702051153899 22.262475304099336
55.5 23.967464819659455 22.262129914573272
56.0 23.96792016865255 22.26177537425951
56.5 23.96836653471214 22.261429327239533
57.0 23.968828169842837 22.26108120547513
57.5 23.96928552978643 22.260738711441732
58.0 23.969754940188317 22.260390466560697
58.5 23.970213960890216 22.26004973492726
59.0 23.97069289239905 22.25970284210382
59.5 23.971159426106027 22.25937299146186
60.0 23.971633008756072 22.25903385434269
60.5 23.972108603597164 22.258697142923772
61.0 23.972593907414044 22.258367522540095
61.5 23.97308487395901 22.258033362498473
62.0 23.973576441252874 22.257710942651872
62.5 23.974062243754762 22.257384302080013
63.0 23.97456207970363 22.257055785586548
63.5 23.975067941985458 22.256736368384495
64.0 23.9755811286534 22.25641067792948
64.5 23.976070666221638 22.256098027172957
65.0 23.976603249811564 22.255775832505446
65.5 23.97710998756825 22.25546067414951
66.0 23.97764162889488 22.25514741705466
66.5 23.97816302544507 22.254842475793378
67.0 23.978682709976784 22.254532010290756
67.5 23.979210695573443 22.25421571797296
68.0 23.97975328140777 22.2539164653342
68.5 23.980303421645207 22.25361181387184
69.0 23.980838491797186 22.25331482233653
69.5 23.98138654270566 22.253012046366592
70.0 23.98193103755745 22.252715229805872
70.5 23.982496864810546 22.252419206712737
71.0 23.983036688209786 22.25212836780999
71.5 23.983615430893394 22.25182979446942
72.0 23.98419062306764 22.251547500483078
72.5 23.984737827359034 22.251256924552013
73.0 23.98531274013497 22.25096940278863
73.5 23.98589599849355 22.250688438438722
74.0 23.98648567047708 22.250408087414616
74.5 23.98706676539581 22.25013227101767
75.0 23.98765503811906 22.24985235534114
75.5 23.988250465588045 22.24957901918146
76.0 23.988839905267255 22.24930369941068
76.5 23.98944421486672 22.249037214397656
77.0 23.99004456766567 22.24875759008291
77.5 23.990647083670297 22.248496358526168
78.0 23.991278832098587 22.248226282215885
78.5 23.991880841035893 22.2479626419019
79.0 23.99249645074486 22.2477045757357
79.5 23.993127844337593 22.24744142412941
80.0 23.99375880964364 22.247182673388288
80.5 23.99437110177832 22.246928883550726
81.0 23.995024965703152 22.246665368491687
81.5 23.995644404772246 22.246419677966287
82.0 23.996292646996487 22.246162263110186
82.5 23.996949264018323 22.24590889639313
83.0 23.99759004221684 22.245664135534838
83.5 23.99824526089805 22.245419318160668
84.0 23.9989147956576 22.24517505482811
84.5 23.999567659323745 22.244935072598206
85.0 24.000226946944146 22.24468834214101
85.5 24.000909541994456 22.244451217212852
86.0 24.001580172207596 22.24421648734909
86.5 24.002257620682816 22.243980219360246
87.0 24.002937087236344 22.24374113665318
87.5 24.003622049758548 22.243510295368857
88.0 24.004296942534097 22.24327834982673
88.5 24.004989705452743 22.243050768861675
89.0 24.005689253036735 22.242826720292406
89.5 24.006399047802056 22.242596691004316
90.0 24.007099722600515 22.242384065949622
90.5 24.0078080450013 22.242155503164163
91.0 24.008513140373196 22.241934520923138
91.5 24.009244012572545 22.241718781456274
92.0 24.00995376710935 22.241505184892034
92.5 24.010684160987367 22.241291058745276
93.0 24.011413766052435 22.24108055810245
93.5 24.01214933632316 22.24087398968255
94.0 24.01287810286451 22.24066668598966
94.5 24.013629726296152 22.240455134741765
95.0 24.014369567161822 22.24025507516298
95.5 24.015120746444893 22.240051207490875
96.0 24.015854244979558 22.239850993218635
96.5 24.016605948249875 22.23964954242025
97.0 24.017392363340917 22.239453383404065
97.5 24.018151171260417 22.239263329179686
98.0 24.01892231074864 22.239070999574974
98.5 24.019687115984464 22.238884611739735
99.0 24.020469948874933 22.238692336818655
99.5 24.021255571809064 22.238508840405164
100.0 24.02204122377722 22.23831869172423
100.5 24.022827308447884 22.238141192290676
101.0 24.023625085544968 22.237960606803
101.5 24.024441891952236 22.237783478515393
102.0 24.025226847585124 22.23760523840987
102.5 24.026047885646395 22.23743150600084
103.0 24.026843861896722 22.237262113719353
103.5 24.027661486130437 22.23708320102048
104.0 24.028483851818155 22.236912228811093
104.5 24.029317465488308 22.23674977005002
105.0 24.030122802832796 22.236590730976147
105.5 24.03096687693326 22.23642935518943
106.0 24.031823158124595 22.23626463472813
106.5 24.032646542655197 22.23610622392593
107.0 24.033491408740176 22.23595140396168
107.5 24.034345632947804 22.23579572621994
108.0 24.035201479557045 22.235643504473927
