FastTrWP/PhaseSpace/IAs/snIa_0.50_30.00_2.61_0.14.csv
# %ECSV 0.9
# ---
# datatype:
# - {name: time-rel, datatype: float64}
# - {name: g, datatype: float64}
# - {name: i, datatype: float64}
# schema: astropy-2.0
time-rel g i
[from data line 1733]
983.5208333333333 24.2028002159608 22.411194111122434
984.0208333333334 24.20423701781505 22.411661081756463
984.5208333333334 24.20566970622477 22.412121308986993
985.0208333333333 24.207092990898744 22.412590908331865
985.5208333333334 24.20854619320427 22.413060205564367
986.0208333333334 24.209956254009867 22.41352655329913
986.5208333333333 24.211405814881502 22.413990462512853
987.0208333333334 24.212847250846814 22.414456024285457
987.5208333333334 24.21428252332393 22.41493233773013
988.0208333333333 24.215725208971403 22.415402968859105
988.5208333333334 24.217158869152584 22.415869408571837
989.0208333333334 24.218592930771624 22.416343099137464
989.5208333333333 24.220044127575335 22.416819349493686
990.0208333333334 24.22148109167297 22.41729611116028
990.5208333333334 24.222950208430216 22.417766092049924
991.0208333333333 24.22438048809679 22.418246954193283
991.5208333333334 24.22583128311895 22.418720323801406
992.0208333333334 24.227292781689552 22.419195482979323
992.5208333333333 24.228732730310874 22.419674695010023
993.0208333333334 24.230187884270876 22.4201592844398
993.5208333333334 24.231636383642567 22.420644747058308
994.0208333333333 24.23309956953935 22.42112239432241
994.5208333333334 24.2345488490732 22.421603741534817
995.0208333333334 24.23600604299662 22.422092603195225
995.5208333333333 24.23746861927386 22.42257786541039
996.0208333333334 24.23894129762307 22.423058214357194
996.5208333333334 24.240405931652944 22.42354456405243
997.0208333333333 24.241860244740884 22.424030481436226
997.5208333333334 24.24333036497366 22.424528866525687
998.0208333333334 24.244779204449237 22.425011993270783
998.5208333333333 24.2462552750211 22.42550275615326
999.0208333333334 24.247725384080503 22.426000119841163
999.5208333333334 24.249190012360305 22.426497157379114
1000.0208333333333 24.250676600228957 22.426989070073283
1000.5208333333334 24.252149206389284 22.42748836749893
1001.0208333333334 24.253606684711386 22.42797994065735
1001.5208333333334 24.255087567877744 22.428482346605655
1002.0208333333334 24.25656957607996 22.428981218342813
1002.5208333333334 24.2580548747536 22.429484652658978
1003.0208333333334 24.259514328806308 22.42998711347871
1003.5208333333334 24.261004564065484 22.430484246150137
1004.0208333333334 24.262482191444107 22.43099231706359
1004.5208333333334 24.26395410150044 22.43150690418321
1005.0208333333334 24.265461408566257 22.4320024730747
1005.5208333333334 24.266928453812582 22.432518063670877
1006.0208333333334 24.268407317987382 22.433026997266175
1006.5208333333334 24.269900521376897 22.43354100409333
1007.0208333333334 24.27138661624077 22.434051791544597
1007.5208333333334 24.272866138669514 22.434565592065148
1008.0208333333334 24.27437187307872 22.435078051622845
1008.5208333333334 24.275861658135515 22.435600978098094
1009.0208333333334 24.277350124568766 22.43611076033372
1009.5208333333334 24.27884329586862 22.436629223399024
1010.0208333333334 24.280333477227288 22.43715859950598
1010.5208333333334 24.281842134719582 22.43767091139166
1011.0208333333334 24.28332779669633 22.43820352438548
1011.5208333333334 24.284820001544546 22.438721157232987
1012.0208333333334 24.286325365249617 22.439255292627745
1012.5208333333334 24.287820710861183 22.43977543129774
1013.0208333333334 24.289310703462558 22.44030774133786
1013.5208333333334 24.290805845820252 22.440841178499376
1014.0208333333334 24.292333201579872 22.44138210916226
1014.5208333333334 24.293814809913783 22.4419125717873
1015.0208333333334 24.295328687102938 22.442440863330614
1015.5208333333334 24.296831996955174 22.442981213206387
1016.0208333333334 24.298335272002497 22.443525440599956
1016.5208333333334 24.299839754376006 22.4440661837294
1017.0208333333334 24.30134485396021 22.444604439538267
1017.5208333333334 24.302868876310733 22.44515317929133
1018.0208333333334 24.30437395107247 22.44569717225998
1018.5208333333334 24.30588313859485 22.446245678002917
1019.0208333333334 24.30740261314087 22.44679409304851
1019.5208333333334 24.30891978486855 22.447343704058863
1020.0208333333334 24.31044221330501 22.4478922154784
1020.5208333333334 24.31194611409711 22.448457389642513
1021.0208333333334 24.31345534440362 22.44900927062291
1021.5208333333334 24.3149798870086 22.449565018166048
1022.0208333333334 24.31650908279355 22.45013195481731
1022.5208333333334 24.318016358359138 22.450687963332562
1023.0208333333334 24.31952186924549 22.451250948624022
1023.5208333333334 24.32106174453837 22.45181589523062
1024.0208333333333 24.32256552350374 22.45237909030017
1024.5208333333333 24.324100032063406 22.452946842936605
1025.0208333333333 24.325626513851834 22.45351033324051
1025.5208333333333 24.327153478383213 22.454082021825084
1026.0208333333333 24.32867012460914 22.454649298866933
1026.5208333333333 24.33020063387552 22.455227921305205
1027.0208333333333 24.33172599202569 22.455795527871025
1027.5208333333333 24.333252368723596 22.456372579158206
1028.0208333333333 24.334783396131577 22.456946808064945
1028.5208333333333 24.336317209623495 22.457524931455875
1029.0208333333333 24.337851236217446 22.458104766809953
1029.5208333333333 24.3393846524903 22.458689365540096
1030.0208333333333 24.34091577567713 22.4592673944359
1030.5208333333333 24.34244370286944 22.4598486672936
1031.0208333333333 24.343996840758578 22.460434806080226
1031.5208333333333 24.34552671635874 22.461025650880522
1032.0208333333333 24.34705284692868 22.46161392255739
1032.5208333333333 24.348597226716755 22.462198519285433
1033.0208333333333 24.350144565280367 22.462788997225864
1033.5208333333333 24.351701096885634 22.4633855188679
1034.0208333333333 24.353223574361976 22.46397838576046
1034.5208333333333 24.35477674428831 22.464580829485087
1035.0208333333333 24.356327642062663 22.465175266088814
1035.5208333333333 24.35786444100696 22.465779061916482
1036.0208333333333 24.359411405002128 22.466375507076492
1036.5208333333333 24.360966457673456 22.46697446667854
1037.0208333333333 24.36251733481187 22.46758396552133
1037.5208333333333 24.364068153539268 22.46817573051493
1038.0208333333333 24.365616553134437 22.46878572732435
1038.5208333333333 24.36718364346301 22.46939343826249
1039.0208333333333 24.368726142869622 22.47001846824292
1039.5208333333333 24.370297914661773 22.470617493416366
1040.0208333333333 24.371856098451126 22.471232099539463
1040.5208333333333 24.373407506559452 22.47184601020936
1041.0208333333333 24.374969449019524 22.47246053198459
1041.5208333333333 24.376545014739 22.47307905368656
1042.0208333333333 24.378103787108394 22.473701595138653
1042.5208333333333 24.37967045754631 22.474325150800194
1043.0208333333333 24.381231003142148 22.474945308287953
1043.5208333333333 24.38279864870113 22.47556953858212
1044.0208333333333 24.384371077679504 22.476186719330823
1044.5208333333333 24.385946570194466 22.476821711130334
1045.0208333333333 24.387510687535237 22.477453432701545
1045.5208333333333 24.389077659655758 22.478075345039862
1046.0208333333333 24.390661086964947 22.47871713159178
1046.5208333333333 24.392223918449588 22.479343428690125
1047.0208333333333 24.393824974061168 22.479984034441657
1047.5208333333333 24.395409543657717 22.480620595328112
1048.0208333333333 24.396978169440718 22.481258509102517
1048.5208333333333 24.398568575028477 22.48190161070113
1049.0208333333333 24.400166082866214 22.482538145011574
1049.5208333333333 24.40173827105854 22.4831846907974
1050.0208333333333 24.403327193296718 22.48383072981468
1050.5208333333333 24.404920580242944 22.484472014710168
1051.0208333333333 24.40650495646185 22.48512648542214
1051.5208333333333 24.408093137455232 22.4857710304793
1052.0208333333333 24.40968480194361 22.486426799034398
1052.5208333333333 24.411294737756034 22.487078837109877
1053.0208333333333 24.41287742626993 22.487733253163963
1053.5208333333333 24.41450173318305 22.488389158935234
1054.0208333333333 24.41607058554886 22.489049148371617
1054.5208333333333 24.41767092895725 22.489708452326582
1055.0208333333333 24.41929077045686 22.49036842939866
1055.5208333333333 24.42088189202305 22.491039579254398
1056.0208333333333 24.422494181233038 22.491704746216833
1056.5208333333333 24.424109000268036 22.49237027153388
1057.0208333333333 24.42573202904052 22.4930331827572
1057.5208333333333 24.427352196839195 22.493714851809095
1058.0208333333333 24.428939711701247 22.49438171794241
1058.5208333333333 24.4305560170207 22.49505320831684
1059.0208333333333 24.432188147054674 22.4957354235155
1059.5208333333333 24.43377523531852 22.496403980603873
1060.0208333333333 24.435423461065064 22.497089907614324
1060.5208333333333 24.437038657246624 22.49776208967265
1061.0208333333333 24.43866559209916 22.49844902823086
1061.5208333333333 24.44027901167409 22.499121521517633
1062.0208333333333 24.441901335682612 22.499809410876228
1062.5208333333333 24.443528900696194 22.500500601762127
1063.0208333333333 24.445148742370478 22.50118353280599
1063.5208333333333 24.44677655240634 22.501873219067853
1064.0208333333333 24.448420432787493 22.50257203565399
1064.5208333333333 24.45004494142716 22.50326731534971
1065.0208333333333 24.451691637623682 22.503962196649084
1065.5208333333333 24.453324811857723 22.504653408556944
1066.0208333333333 24.454951523912353 22.50535547645404
1066.5208333333333 24.456601488752835 22.506050545150824
1067.0208333333333 24.45823074912426 22.506755696580218
1067.5208333333333 24.45988594297473 22.507459947995674
1068.0208333333333 24.46151250355308 22.508156823959716
1068.5208333333333 24.463156472011672 22.508866427361962
1069.0208333333333 24.46480419538812 22.5095823931483
1069.5208333333333 24.466458593734636 22.51028710584127
1070.0208333333333 24.468100538886446 22.510997876764442
1070.5208333333333 24.469760582208767 22.51171299810793
1071.0208333333333 24.471400793630302 22.51243116438352
1071.5208333333333 24.47305012678151 22.513144641718984
1072.0208333333333 24.474718479656154 22.51386190545677
1072.5208333333333 24.476373747839787 22.514589162636316
1073.0208333333333 24.478034872345063 22.51531471604735
1073.5208333333333 24.479707717072667 22.51603410216367
1074.0208333333333 24.481360418704668 22.51676278581618
1074.5208333333333 24.483002794060322 22.517487662524232
1075.0208333333333 24.48467720810801 22.518224873819968
1075.5208333333333 24.48635846413699 22.51895225417654
1076.0208333333333 24.488024236030846 22.519681232235076
1076.5208333333333 24.4896880920412 22.52042499055529
1077.0208333333333 24.491353525875432 22.52115618526862
1077.5208333333333 24.49304730241661 22.52189805442141
1078.0208333333333 24.494702789795504 22.522642136371694
1078.5208333333333 24.4964032187518 22.523377716774206
1079.0208333333333 24.498068153626775 22.524133310400416
1079.5208333333333 24.499753743659916 22.524871740561228
1080.0208333333333 24.50143309091827 22.52562680142774
1080.5208333333333 24.503142344827204 22.526372157618958
1081.0208333333333 24.504817528561794 22.527123575707893
1081.5208333333333 24.50649227651465 22.527882606049854
1082.0208333333333 24.508186425656106 22.528642031320643
1082.5208333333333 24.509881188396466 22.529398380289777
1083.0208333333333 24.511586410306077 22.530162870340043
1083.5208333333333 24.51327666741812 22.530916607541386
1084.0208333333333 24.514973918860456 22.53168684948756
1084.5208333333333 24.516678483719527 22.53245489529633
1085.0208333333333 24.51838671420575 22.533217216800008
1085.5208333333333 24.520082215474 22.533990519406895
1086.0208333333333 24.521806366381842 22.5347549282716
1086.5208333333333 24.523502952428807 22.535536567154498
1087.0208333333333 24.525226009887618 22.53631161459889
1087.5208333333333 24.526939987464843 22.537091251832628
1088.0208333333333 24.528656408027608 22.537865905801752
1088.5208333333333 24.530373692866988 22.538650860614347
1089.0208333333333 24.532093798789262 22.5394381413436
1089.5208333333333 24.533810927636218 22.540223564461034
1090.0208333333333 24.535541098657497 22.541010086275264
1090.5208333333333 24.53725139027806 22.541807079013857
1091.0208333333333 24.538983422249068 22.542597407383273
1091.5208333333333 24.540743184371763 22.543388507898364
1092.0208333333333 24.54243571925788 22.544189261565837
1092.5208333333333 24.54418713332816 22.544982590980467
1093.0208333333333 24.545936458470226 22.545784150578626
1093.5208333333333 24.547657623081236 22.546583547942134
1094.0208333333333 24.549407709197272 22.54739456555528
1094.5208333333333 24.551139747998178 22.54820565838511
1095.0208333333333 24.552894454207316 22.549012100677807
1095.5208333333333 24.554656109544805 22.549822855707788
1096.0208333333333 24.55638146413648 22.55063782059439
1096.5208333333333 24.558144169602745 22.55145943745091
1097.0208333333333 24.559919747285676 22.552275910037455
1097.5208333333333 24.56165431107076 22.553096551605062
1098.0208333333333 24.56343475868952 22.553914825695863
1098.5208333333333 24.565179205721872 22.554738631218918
1099.0208333333333 24.566940070823847 22.555573482499256
1099.5208333333333 24.568694854086353 22.55640442416333
1100.0208333333333 24.57046408719977 22.55723172242819
1100.5208333333333 24.572239618613224 22.558066392417455
1101.0208333333333 24.574008161092106 22.558908447998597
1101.5208333333333 24.575791951669434 22.559743959979556
1102.0208333333333 24.5775718891609 22.56058606043244
1102.5208333333333 24.579341291984708 22.561427695668893
1103.0208333333333 24.5811177170252 22.562273975667985
1103.5208333333333 24.58291870924228 22.563121092694793
1104.0208333333333 24.58468258370839 22.5639680013113
1104.5208333333333 24.586484971472146 22.564823297313726
1105.0208333333333 24.588262480144863 22.565670588400295
1105.5208333333333 24.590055987653933 22.566529905550464
1106.0208333333333 24.591843611649086 22.56738814521259
1106.5208333333333 24.59364262945272 22.568248968490977
1107.0208333333333 24.59545346500484 22.569110402529887
1107.5208333333333 24.597244338405176 22.569961662184785
1108.0208333333333 24.59903629568531 22.570832632470754
1108.5208333333333 24.60085489513507 22.57170819972376
1109.0208333333333 24.602653916506398 22.57257998251303
1109.5208333333333 24.60445107739522 22.573446047913258
1110.0208333333333 24.606272364184022 22.57432555390595
1110.5208333333333 24.608077103779955 22.57520078584465
1111.0208333333333 24.609901345725582 22.576076411030208
1111.5208333333333 24.61173195298351 22.576958718407138
1112.0208333333333 24.613536833365526 22.577837221544435
1112.5208333333333 24.61535551418614 22.578720471300144
1113.0208333333333 24.617182563252655 22.579602298863474
1113.5208333333333 24.619004767694676 22.58050374069157
1114.0208333333333 24.620815821914714 22.58139376245632
1114.5208333333333 24.62266559208245 22.582283680914955
1115.0208333333333 24.624496794753735 22.583177450665744
1115.5208333333333 24.626333256315775 22.58406935864439
1116.0208333333333 24.628180891279232 22.58497429504931
1116.5208333333333 24.62999844225702 22.58587250980487
1117.0208333333333 24.631842103056684 22.586770483791376
1117.5208333333333 24.633702952186486 22.587674540007527
1118.0208333333333 24.6355324335397 22.5885841477259
1118.5208333333333 24.637392282917236 22.589484895607516
1119.0208333333333 24.639242091515175 22.59040056077238
1119.5208333333333 24.64112935318822 22.591307532071248
1120.0208333333333 24.6429504620763 22.592227913234066
1120.5208333333333 24.644808692057325 22.5931410861077
1121.0208333333333 24.646662409849117 22.59405427825158
1121.5208333333333 24.648528630299552 22.594966304656182
1122.0208333333333 24.650363307106574 22.595897443925324
1122.5208333333333 24.652262836213843 22.59682462945204
1123.0208333333333 24.654114760631852 22.59774718716303
1123.5208333333333 24.655998959526748 22.598668923984363
1124.0208333333333 24.657863474885918 22.59960293348715
1124.5208333333333 24.65974772192411 22.600530775441587
1125.0208333333333 24.6616280539287 22.601466711028614
1125.5208333333333 24.66351406143318 22.602397210639182
