FastTrWP/PhaseSpace/IAs/snIa_0.55_30.00_2.69_0.02.csv
# %ECSV 0.9
# ---
# datatype:
# - {name: time-rel, datatype: float64}
# - {name: g, datatype: float64}
# - {name: i, datatype: float64}
# schema: astropy-2.0
time-rel g i
56.583333333333336 26.99639079202441 25.640308891386834
57.083333333333336 26.985396625442377 25.629376653875234
57.583333333333336 26.974486357643737 25.618491645398834
58.083333333333336 26.963567142784356 25.607660270199183
58.583333333333336 26.95263960687718 25.596848931325127
59.083333333333336 26.94174518906071 25.586054834751927
59.583333333333336 26.93091143301324 25.57532508141663
60.083333333333336 26.920116306541484 25.5646134165793
60.583333333333336 26.9092793988087 25.553903586177015
61.083333333333336 26.898514389122102 25.543215092005212
61.583333333333336 26.88776293842103 25.53258971418611
62.083333333333336 26.87704040332266 25.52199793251941
62.583333333333336 26.866254168226867 25.511377520298243
63.083333333333336 26.855548272526185 25.50082349914904
63.583333333333336 26.84494426401084 25.490326961826014
64.08333333333334 26.834418467212817 25.479885232638622
64.58333333333334 26.823915249749998 25.469523957433708
65.08333333333334 26.813533491131953 25.459217437493663
65.58333333333334 26.803151002039304 25.449021842591684
66.08333333333334 26.792931771525318 25.438890586109252
66.58333333333334 26.782754829929267 25.428796480553267
67.08333333333334 26.772657656775486 25.41878099653346
67.58333333333334 26.762590239282872 25.408807296142136
68.08333333333334 26.752651786498944 25.398910577793394
68.58333333333334 26.74266669462835 25.389040234734928
69.08333333333334 26.732787329181726 25.379259497523627
69.58333333333334 26.72293966493793 25.369535466516567
70.08333333333334 26.71318104644913 25.359834432051855
70.58333333333334 26.703494390027874 25.3502039748181
71.08333333333334 26.693753154714628 25.34057323363944
71.58333333333334 26.68410222216498 25.330996782941174
72.08333333333334 26.674590740243083 25.321505223089872
72.58333333333334 26.66496042867744 25.31201991118685
73.08333333333331 26.655455246262115 25.302591504499965
73.58333333333334 26.645981783434607 25.293185910466608
74.08333333333334 26.636538197997453 25.283867792321697
74.58333333333331 26.627124792389374 25.274475871552138
75.08333333333334 26.61776501093587 25.265166225357877
75.58333333333334 26.608387633303163 25.255935637283798
76.08333333333331 26.59907605118339 25.246669955714015
76.58333333333334 26.58982075506733 25.23746959338217
77.08333333333334 26.580504938744415 25.228309791192682
77.58333333333331 26.571277896574898 25.219121125323095
78.08333333333334 26.562031079867417 25.20999525119474
78.58333333333334 26.552812189948142 25.200864413672402
79.08333333333331 26.543657146741406 25.191778044430926
79.58333333333334 26.534510253745157 25.18273426909566
80.08333333333334 26.52534870309021 25.173681490584222
80.58333333333331 26.516202865405507 25.16465132426317
81.08333333333334 26.507087279929827 25.15562245242801
81.58333333333334 26.498029582789254 25.14664787022756
82.08333333333331 26.488886764699036 25.13768738007648
82.58333333333334 26.479871867343473 25.128689409650754
83.08333333333334 26.47073499972003 25.119741120420045
83.58333333333331 26.461693674289396 25.110817509149687
84.08333333333334 26.45265058085578 25.101884568122497
84.58333333333334 26.44361902725615 25.092985162962684
85.08333333333331 26.43452943958687 25.084070096562
85.58333333333334 26.425543825530234 25.075191322404713
86.08333333333334 26.416510938068434 25.066301519395896
86.58333333333331 26.407486726025496 25.057437562634412
87.08333333333334 26.398431335729203 25.048576724484516
87.58333333333334 26.38944962874934 25.039724567131884
88.08333333333331 26.38044932692702 25.03087827586065
88.58333333333334 26.371423045871197 25.02201828470436
89.08333333333334 26.362420506653272 25.013164029698988
89.58333333333331 26.35340925414727 25.004323729032308
90.08333333333334 26.34440101729533 24.99550945793166
90.58333333333334 26.33540514320942 24.98669009189873
91.08333333333331 26.326372038743987 24.97785861753785
91.58333333333334 26.317341948813485 24.969044290075697
92.08333333333334 26.308342351752955 24.960230173837722
92.58333333333331 26.2992839750964 24.951416857228
93.08333333333334 26.29027702974115 24.94260813928594
93.58333333333334 26.28125767156523 24.933793863401505
94.08333333333331 26.272213568455413 24.924954908069807
94.58333333333334 26.263198688563318 24.916177948492827
95.08333333333334 26.254125639584075 24.90734069059567
95.58333333333331 26.245132423301698 24.89852429932555
96.08333333333334 26.23603799736432 24.889730837162368
96.58333333333334 26.226973492711817 24.880925471753578
97.08333333333331 26.217955923605878 24.87210358159939
97.58333333333334 26.208871289415384 24.863286505952647
98.08333333333334 26.199755616630785 24.854463248589003
98.58333333333331 26.190712904187606 24.84564211728229
99.08333333333334 26.181616500043777 24.83681358145832
99.58333333333334 26.172517245417886 24.82799879900384
100.08333333333331 26.163403205371722 24.8191722608513
100.58333333333334 26.154296353390194 24.810326885078663
101.08333333333334 26.14514715608653 24.8014999871932
101.58333333333331 26.136072568501667 24.79267901637484
102.08333333333334 26.126959197125373 24.783884475108003
102.58333333333334 26.117861073047337 24.775070477177195
103.08333333333331 26.10876403036471 24.766285395326555
103.58333333333334 26.099675141808554 24.757484837129383
104.08333333333334 26.09063491461798 24.748703193544763
104.58333333333334 26.081545499817835 24.739942341850817
105.08333333333334 26.072501949392198 24.731179108921438
105.58333333333334 26.063473697801513 24.722444684641122
106.08333333333334 26.05444525408862 24.713724133579476
106.58333333333334 26.04540789199409 24.705010578897134
107.08333333333334 26.03641676161148 24.6963144602299
107.58333333333334 26.027443341940383 24.687633247447764
108.08333333333334 26.01846391771959 24.678954182738913
108.58333333333334 26.009513651294416 24.67029953169986
109.08333333333334 26.000557103884923 24.66168765421059
109.58333333333334 25.99167642583026 24.65307667537017
110.08333333333334 25.982773863159142 24.64447086278728
110.58333333333334 25.973890147999178 24.63588882547552
111.08333333333334 25.96503848477594 24.627335302755643
111.58333333333334 25.956227735219322 24.618791165805526
112.08333333333334 25.947393250538056 24.61028868804516
112.58333333333334 25.938600364143134 24.601797247630223
113.08333333333334 25.929829076147918 24.593316202979423
113.58333333333334 25.921111927177904 24.584878067651506
114.08333333333334 25.912387750276267 24.57646014250002
114.58333333333334 25.90368933412691 24.568060816773965
115.08333333333334 25.89499411391184 24.559679910978286
115.58333333333334 25.886352678928723 24.55132230124617
116.08333333333334 25.877721548587726 24.54299493039749
116.58333333333334 25.86910631403598 24.534673087090354
117.08333333333334 25.86053625725619 24.526416140504217
117.58333333333334 25.851995383070406 24.51814918706495
118.08333333333334 25.843459766039928 24.509915352793907
118.58333333333334 25.834997056558365 24.501710259724653
119.08333333333334 25.82652199637922 24.493541896241965
119.58333333333334 25.818055276549895 24.485376117730652
120.08333333333334 25.809670669192442 24.4772635199611
120.58333333333334 25.80126359777926 24.469166550488943
121.08333333333334 25.792949245672045 24.461081245447428
121.58333333333334 25.784625049050906 24.453059826863868
122.08333333333334 25.77628838316553 24.445055239008422
122.58333333333334 25.768058533878037 24.437078958711815
123.08333333333334 25.759802725945995 24.429100947015897
123.58333333333334 25.75157914964619 24.421168294264458
124.08333333333334 25.74341594686643 24.413274916635963
124.58333333333334 25.735286938620824 24.405393467018776
125.08333333333334 25.727155542107276 24.39755643672896
125.58333333333334 25.719086788843878 24.38974541911502
126.08333333333334 25.71099880841784 24.38195052143491
126.58333333333334 25.70300827463663 24.37422066572068
127.08333333333334 25.69497223204933 24.366502403150054
127.58333333333334 25.687031644830768 24.35878157255379
128.08333333333334 25.679095670697226 24.35112393293965
128.58333333333334 25.671216771838235 24.34348332596653
129.08333333333334 25.663324541153564 24.335893755738486
129.58333333333334 25.655493655258077 24.328302057068964
130.08333333333334 25.647686297901622 24.32076467012059
130.58333333333334 25.639928734870065 24.313244632701437
131.08333333333334 25.632179190523985 24.30576770733314
131.58333333333334 25.624455486335567 24.29829918632523
132.08333333333334 25.616796740766254 24.290887858682765
132.58333333333334 25.609136596712645 24.283489998310543
133.08333333333334 25.60149759324114 24.276115313877074
133.58333333333334 25.59394486092962 24.268794423146268
134.08333333333334 25.586417718735255 24.261506285008707
134.58333333333334 25.578879770706443 24.254241603348994
135.08333333333334 25.57139590300703 24.246979159955224
135.58333333333334 25.563961507728976 24.239785542005823
136.08333333333334 25.55653352130076 24.232595060604677
136.58333333333334 25.54913558218488 24.225452926143337
137.08333333333334 25.54180509924404 24.218328065901638
137.58333333333334 25.534491104982383 24.211256326570197
138.08333333333334 25.527162382496343 24.20420285429506
138.58333333333334 25.519901881802397 24.197143389732723
139.08333333333334 25.512653379157634 24.190137435847404
139.58333333333334 25.505412719426943 24.18311091926105
140.08333333333334 25.498158564563923 24.17612531535036
140.58333333333334 25.49094696186843 24.16914058987302
141.08333333333334 25.483789853890503 24.162193179190176
141.58333333333334 25.476620414303824 24.155265640976104
142.08333333333334 25.46947252316654 24.148349372390328
142.58333333333334 25.46235670821977 24.14145117345022
143.08333333333334 25.455244357010333 24.134572958523197
143.58333333333334 25.448152932338395 24.127713896259984
144.08333333333334 25.441080312352305 24.120878479705276
144.58333333333334 25.43403851615227 24.11405698851587
145.08333333333334 25.427041967270277 24.107247598581193
145.58333333333334 25.420023134407657 24.100475908407958
146.08333333333334 25.413050654708343 24.093712017750942
146.58333333333334 25.406053734265903 24.0869728326717
147.08333333333334 25.399113809728018 24.08025026385444
147.58333333333334 25.39223096970245 24.073536553836274
148.08333333333334 25.38530554079697 24.066850922537625
148.58333333333334 25.37840350691399 24.060190373616415
149.08333333333334 25.371565750217528 24.053553089425886
149.58333333333334 25.364705387494723 24.046939974431105
150.08333333333334 25.3579068029903 24.040324899797376
150.58333333333334 25.35111164399366 24.033759091973096
151.08333333333334 25.34430232836882 24.027190946564225
151.58333333333334 25.337567497573236 24.020653859987455
152.08333333333334 25.33084770109617 24.014134439156205
152.58333333333334 25.324138099195444 24.00763428906098
153.08333333333334 25.317451329837635 24.001155957419865
153.58333333333334 25.310795003093677 23.99469824682669
154.08333333333334 25.30415765248154 23.98827008996023
154.58333333333334 25.297517817034386 23.981849220923564
155.08333333333334 25.290935418694993 23.975454674528184
155.58333333333334 25.2843335808683 23.969086592711818
156.08333333333334 25.277803481288572 23.962734059018203
156.58333333333334 25.271259856118014 23.956396498092026
157.08333333333334 25.264749764960726 23.950088907735644
157.58333333333334 25.258247588851614 23.94378975132536
158.08333333333334 25.251784988711805 23.937542347208186
158.58333333333334 25.24536818726446 23.931277699754027
159.08333333333334 25.238943537213487 23.925054752769345
159.58333333333334 25.232517562749564 23.91884683188531
160.08333333333334 25.226145873070912 23.912659685089103
160.58333333333334 25.21981380434585 23.90650002004073
161.08333333333334 25.213473743184483 23.90035844505547
161.58333333333334 25.207157142502616 23.89425041359801
162.08333333333334 25.200883336896954 23.88814477433584
162.58333333333334 25.19459771580182 23.882063500446424
163.08333333333334 25.188363409983552 23.876015847681664
163.58333333333334 25.182127049102828 23.86997687168821
164.08333333333334 25.17594881591069 23.863957436611503
164.58333333333334 25.1697696672541 23.857974652045016
165.08333333333334 25.16361745754111 23.852004692906785
165.58333333333334 25.157476209585155 23.846051717444592
166.08333333333334 25.151378310999775 23.84011500443839
166.58333333333334 25.145269323824255 23.834201028562173
167.08333333333334 25.13920883510491 23.82832067208557
167.58333333333334 25.13317550074469 23.822451922806785
168.08333333333334 25.12714190605253 23.81660564851623
168.58333333333331 25.12115541534037 23.810784671759055
169.08333333333334 25.11518886916758 23.80498490821526
169.58333333333334 25.10922681104831 23.799207127146733
170.08333333333331 25.103306636315175 23.79345411947542
170.58333333333334 25.097376172996558 23.787703655212905
171.08333333333334 25.09149190540529 23.781984190807005
171.58333333333331 25.08563965740887 23.776289087910392
172.08333333333334 25.079784390787168 23.770606592089663
172.58333333333334 25.0739714383557 23.764958641098023
173.08333333333331 25.068159777007956 23.759335777453707
173.58333333333334 25.06237871858708 23.753718182380993
174.08333333333334 25.056637255246173 23.74811293574407
174.58333333333331 25.05090992337356 23.742542642946102
175.08333333333334 25.045193348328276 23.736983926034366
175.58333333333334 25.03950266418693 23.73145125346919
176.08333333333331 25.03380805961519 23.725925489821755
176.58333333333334 25.02812162372902 23.720382552875904
177.08333333333334 25.022449467708796 23.714861469888383
177.58333333333331 25.016781530351942 23.70935146875823
178.08333333333334 25.01114773206025 23.7038554084246
178.58333333333334 25.005520692945296 23.698361110884765
179.08333333333331 24.999902836690314 23.692892154759484
179.58333333333334 24.994295618469174 23.68742151024943
180.08333333333334 24.988692096830437 23.68194995683809
180.58333333333331 24.983115347302494 23.67650767932064
181.08333333333334 24.977546168680842 23.671082167019012
181.58333333333334 24.971996903216716 23.66564749146164
182.08333333333331 24.96644744062854 23.660239720656342
182.58333333333334 24.960941111533007 23.654837494030083
183.08333333333334 24.955410246681936 23.64945875637179
183.58333333333331 24.949925509866087 23.644088136675077
184.08333333333334 24.944451591286537 23.638715851423257
184.58333333333334 24.938977139215876 23.633379120703133
185.08333333333331 24.93352140192629 23.62803878395635
185.58333333333334 24.928076342350735 23.62274073537077
186.08333333333334 24.9226751927571 23.61742767403286
186.58333333333331 24.917267376015843 23.61215809303077
187.08333333333334 24.911869749560758 23.606876413009665
187.58333333333334 24.906515920768776 23.60162531240208
188.08333333333331 24.901139132004722 23.596365387797217
188.58333333333334 24.895782601505477 23.59114257924326
189.08333333333334 24.89045143218723 23.585943554165894
189.58333333333331 24.885127056519842 23.58074646317344
190.08333333333334 24.87984295115424 23.57556703684888
190.58333333333334 24.874595512423742 23.570420264073817
191.08333333333331 24.869334524401413 23.56528022878628
191.58333333333334 24.864088885793745 23.56015197658589
192.08333333333334 24.85885071982089 23.555047101478085
192.58333333333331 24.853654163222394 23.54995784606644
193.08333333333334 24.8484719964857 23.544893775197323
193.58333333333334 24.843286806377257 23.539838324627542
194.08333333333331 24.838141001040498 23.53481436939067
194.58333333333334 24.83300361428745 23.529789690753958
195.08333333333334 24.82790707049316 23.524797854937102
195.58333333333331 24.822784462446773 23.519821433598757
196.08333333333334 24.817723265023872 23.51485776830847
196.58333333333334 24.81263226228804 23.509913402518553
197.08333333333331 24.807592571349964 23.505009865440535
197.58333333333334 24.8025895035543 23.500106334645064
198.08333333333334 24.797596462622444 23.49522512141227
198.58333333333331 24.79259745507765 23.490363963586944
