FastTrWP/PhaseSpace/IAs/snIa_0.64_30.00_-0.19_0.25.csv
# %ECSV 0.9
# ---
# datatype:
# - {name: time-rel, datatype: float64}
# - {name: g, datatype: float64}
# - {name: i, datatype: float64}
# schema: astropy-2.0
time-rel g i
[from data line 1078]
175.0 25.063343886040066 22.13548606426783
175.5 25.06487531468506 22.13566081757166
176.0 25.06644567934365 22.13583430416994
176.5 25.068017718783658 22.13601000235506
177.0 25.069602468535127 22.136190601156997
177.5 25.07116362067475 22.136356497113304
178.0 25.07273864510063 22.136545697374963
178.5 25.07429301246986 22.136725410367394
179.0 25.07585686730576 22.136910663526255
179.5 25.077407310622 22.137090063400645
180.0 25.078979675949007 22.137272301346876
180.5 25.080559121339263 22.137464351080958
181.0 25.08215356953707 22.137652324438847
181.5 25.083684341371573 22.137837867676215
182.0 25.08527319960197 22.1380321636363
182.5 25.08684142711352 22.138220097420866
183.0 25.088411770205305 22.138410458705412
183.5 25.089992382581123 22.13860864339116
184.0 25.091543212641653 22.138808900685323
184.5 25.093143470030416 22.13899863547765
185.0 25.094687277110307 22.13919826335672
185.5 25.096277929207957 22.1393906750465
186.0 25.09783066777876 22.13959602988778
186.5 25.09940085063792 22.139796797412824
187.0 25.100977553747036 22.139996193306892
187.5 25.102549353367472 22.140202655720795
188.0 25.10409496918159 22.140405407649514
188.5 25.105705621446717 22.14060250739465
189.0 25.107259068535637 22.140818087091425
189.5 25.10881930899343 22.141025851761693
190.0 25.110410249638445 22.14123834588824
190.5 25.111968314662732 22.14145027224113
191.0 25.11355619926661 22.141664061652705
191.5 25.11517781991012 22.141877483067965
192.0 25.11672409038049 22.142098910335704
192.5 25.118318616651486 22.142318079337507
193.0 25.119904731915387 22.14253715374754
193.5 25.12151672804084 22.14275576230639
194.0 25.123093737971566 22.142982295066297
194.5 25.12466460219816 22.14320927900968
195.0 25.126285817699614 22.143435990959865
195.5 25.12785713121716 22.143666823475336
195.9999999999999 25.129481559207775 22.143895523142646
196.5 25.131078532694545 22.144130257091994
197.0 25.132681121107453 22.14436478948147
197.4999999999999 25.134262145603614 22.14459900730676
198.0 25.135899082566986 22.144840544602687
198.5 25.137482077678204 22.145078927249774
198.9999999999999 25.139105709873007 22.145316722255842
199.5 25.14070946853822 22.145559483105977
200.0 25.142334648750534 22.145805458346164
200.4999999999999 25.143938124416728 22.146049487876706
201.0 25.145583807211853 22.146292367684755
201.5 25.147187768200627 22.146543960694302
201.9999999999999 25.14878918059584 22.146796974765376
202.5 25.150437204604955 22.14704459052924
203.0 25.152052780256287 22.147305127755242
203.4999999999999 25.153685442648495 22.147558445229507
204.0 25.155289090168758 22.147808577227572
204.5 25.156922774517334 22.148078326104987
204.9999999999999 25.158554070827122 22.148327911794965
205.5 25.16017937987303 22.14859043669182
206.0 25.1618417453863 22.14884850246099
206.4999999999999 25.163478334099906 22.149114338449944
207.0 25.16509438590162 22.149379624966468
207.5 25.16673111157391 22.14965100103424
207.9999999999999 25.168375781644023 22.14992363999791
208.5 25.17003254263009 22.1501911783905
209.0 25.17166748904353 22.150459369917392
209.4999999999999 25.173326412848755 22.150731116788375
210.0 25.174981257819088 22.1510090440502
210.5 25.17661160195674 22.151285555190768
210.9999999999999 25.178272830344923 22.15156561996913
211.5 25.17994733322205 22.15184773660081
212.0 25.1815694076987 22.152130657291174
212.4999999999999 25.183247063617856 22.152411109334512
213.0 25.184892619479044 22.152690538569374
213.5 25.186559176902 22.152979485567606
213.9999999999999 25.18820142962997 22.15326599302245
214.5 25.189904872289695 22.153554016197067
215.0 25.191534325495397 22.15384447365868
215.4999999999999 25.19321203208439 22.154135506806007
216.0 25.194885816817987 22.154432834737005
216.5 25.196555460841076 22.15472322066271
216.9999999999999 25.198226185738353 22.155022943677626
217.5 25.199918024180583 22.155318365201644
218.0 25.201566641061298 22.155615253476522
218.4999999999999 25.203252901121736 22.155916965879555
219.0 25.20494196092141 22.15622067248183
219.5 25.20659801378324 22.156522829926985
219.9999999999999 25.208307893372467 22.156827834455243
220.5 25.209975857320103 22.157134771729062
221.0 25.211677030197762 22.157441932898916
221.4999999999999 25.213351658260322 22.1577490199098
222.0 25.215042571945197 22.158067163665585
222.5 25.216724980405782 22.15837977278213
222.9999999999999 25.218424916642693 22.158688335447945
223.5 25.22010566238042 22.159002759298726
224.0 25.22181896985459 22.159323729600025
224.4999999999999 25.223525478587206 22.1596334940542
225.0 25.22518939960008 22.159958627401636
225.5 25.226898095078155 22.160279386057653
225.9999999999999 25.228590636342197 22.160597100508102
226.5 25.23031485729073 22.16092441487449
227.0 25.23200606235904 22.161248028932246
227.4999999999999 25.233706963809965 22.1615764949834
228.0 25.23545122128516 22.161904132740293
228.5 25.237123901897718 22.162235306887293
228.9999999999999 25.23886428935961 22.162567562716788
229.5 25.24057363036615 22.162899075841377
230.0 25.242289689955918 22.163235152869078
230.4999999999999 25.243979593500168 22.163581655100458
231.0 25.24569897298008 22.163912322160346
231.5 25.24746106605067 22.16425754990528
231.9999999999999 25.249152556153547 22.16459539816801
232.5 25.250889933990706 22.164941768693325
233.0 25.252628788122703 22.165285039278395
233.4999999999999 25.254352911521206 22.165631626571944
234.0 25.256068428124514 22.16598418633861
234.5 25.257810127338544 22.166327221900058
234.9999999999999 25.259554590170687 22.16668400552242
235.5 25.261310138355046 22.167036920906025
236.0 25.263012158365413 22.16739807686392
236.4999999999999 25.26477503010074 22.16774753045445
237.0 25.266529975383875 22.168104795105993
237.5 25.268264641442425 22.16847182567769
237.9999999999999 25.270017238269666 22.168830528588256
238.5 25.27174841893595 22.169195087600563
239.0 25.273532446597695 22.16955625156188
239.4999999999999 25.275256275428582 22.169925717427873
240.0 25.27701172045664 22.17029547665888
240.5 25.278783452477455 22.170659162341902
240.9999999999999 25.280539423358185 22.171025281152822
241.5 25.28231391573911 22.17140256276032
242.0 25.284075038514764 22.17178263062463
242.4999999999999 25.285833621321036 22.17215624340019
243.0 25.287608844049124 22.172535059590054
243.5 25.289362992354118 22.172909259469794
243.9999999999999 25.291158170669476 22.173291458154655
244.5 25.292922223674395 22.173674636795575
245.0 25.29466594763808 22.174059220898386
245.4999999999999 25.29646447039412 22.174447501761687
246.0 25.298261317536955 22.174831552636164
246.5 25.300029716063634 22.17521731641827
246.9999999999999 25.301795615171155 22.175606876715772
247.5 25.303577052029674 22.176000828586307
248.0 25.305357772637507 22.176394083250557
248.4999999999999 25.30717502756536 22.17678445293537
249.0 25.30894804510522 22.177180989739686
249.5 25.310738520140706 22.177578437551624
249.9999999999999 25.312550526340406 22.177979728146195
250.5 25.314329604160378 22.178374664783963
251.0 25.316123835967474 22.178773811336733
251.4999999999999 25.31792582981382 22.17917672704128
252.0 25.31972029701543 22.179581951874752
252.5 25.32153672025391 22.179990217988973
252.9999999999999 25.323349121057653 22.1803911514943
253.5 25.325138059584496 22.180799632574008
254.0 25.32696814963828 22.181212859741034
254.4999999999999 25.32876196736627 22.181625440027773
255.0 25.330554880464582 22.182039858181124
255.5 25.332362432515833 22.1824545207041
255.9999999999999 25.334182605461024 22.182869479122473
256.5 25.336004532065324 22.183286236599848
257.0 25.33782703812198 22.18370529178664
257.4999999999999 25.339661746487185 22.184123023979566
258.0 25.341473471690982 22.184546569452387
258.5 25.34328573858504 22.18496721126147
258.9999999999999 25.345114535628532 22.185389778222802
259.5 25.346913485193447 22.18581369163607
260.0 25.348769629812963 22.18623500880255
260.4999999999999 25.35060163677104 22.186669547036978
261.0 25.3524213752723 22.187096032078436
261.5 25.354257422654626 22.18753338381754
261.9999999999999 25.356062729730333 22.18795649654687
262.5 25.357931595078927 22.188394371639568
263.0 25.35976015643703 22.188828880203182
263.4999999999999 25.361621696127305 22.189258060382095
264.0 25.36346392094664 22.189697211472197
264.5 25.36526573182792 22.19013851540602
264.9999999999999 25.367118625276454 22.190577546163293
265.5 25.36896793098918 22.1910188397662
266.0 25.370835280721792 22.19146018549378
266.4999999999999 25.372661200460055 22.191899356623654
267.0 25.37453886237893 22.192345247087893
267.5 25.376374108049244 22.192795803603182
267.9999999999999 25.37824664480883 22.19324494240274
268.5 25.380114488823896 22.193704234497087
269.0 25.3819529558329 22.194153873047554
269.4999999999999 25.38383508075887 22.194610023667863
270.0 25.385693542269454 22.19506366989858
270.5 25.387571120742084 22.19552523380639
270.9999999999999 25.389439752416358 22.19598002510693
271.5 25.39134198508971 22.19644155685838
272.0 25.393204769561617 22.196911484912714
272.4999999999999 25.39510828356211 22.197382505343096
273.0 25.396990364953727 22.197844219707164
273.5 25.398895161817784 22.198315579182605
273.9999999999999 25.400795829442302 22.198784852069473
274.5 25.402682052991228 22.199257533092688
275.0 25.404578649664625 22.19973170661244
275.4999999999999 25.406490154647045 22.2002105345334
276.0 25.408384958271114 22.20068409622227
276.5 25.410281897907897 22.2011637590678
276.9999999999999 25.412216709718063 22.20163957141732
277.5 25.414100355146893 22.202124811352206
278.0 25.41602852642739 22.202611854500102
278.4999999999999 25.417928332542825 22.203093410775168
279.0 25.419863218950965 22.2035805771825
279.5 25.421763182078863 22.20406515406683
279.9999999999999 25.423696028435515 22.20456198068652
280.5 25.425577260343392 22.20505261578429
281.0 25.427548198980155 22.20554338442687
281.4999999999999 25.429457196847313 22.206043692066277
282.0 25.43139008321438 22.206533762053873
282.5 25.433309160948273 22.207035182488795
282.9999999999999 25.43524271551548 22.207529516525003
283.5 25.43720795067719 22.208037155739827
284.0 25.43913503396491 22.20853250914338
284.4999999999999 25.441050173698056 22.20903280663279
285.0 25.442986991587865 22.20953791456281
285.5 25.44495693927251 22.21003919936477
285.9999999999999 25.44688488498796 22.210548330945517
286.5 25.448812995497207 22.211059989858455
287.0 25.450746146929113 22.211574747411504
287.4999999999999 25.45272254231243 22.212074155911097
288.0 25.454657857614713 22.21259503916982
288.5 25.45658461510522 22.213098130616196
288.9999999999999 25.45854120631024 22.213621344386475
289.5 25.460495329133245 22.214131293067428
290.0 25.46242517672846 22.21464724212541
290.4999999999999 25.46439655951783 22.215173449206812
291.0 25.466355151168678 22.215685733009025
291.5 25.468277799949917 22.21621051848293
291.9999999999999 25.470230873457606 22.21672817988931
292.5 25.4721842528207 22.21725092200279
293.0 25.47416052146712 22.217778712513304
293.4999999999999 25.476088323953686 22.21830142708889
294.0 25.478030068987497 22.218826859090505
294.5 25.48001624596239 22.2193440639809
294.9999999999999 25.48197298984725 22.219878440158112
295.5 25.48392358085828 22.220410711927165
296.0 25.48588051213521 22.220936529019177
296.4999999999999 25.487818046886098 22.22146430476506
297.0 25.489780263650136 22.22200150331018
297.5 25.491728463632825 22.222530681889747
297.9999999999999 25.49369113795101 22.223059157733612
298.5 25.495633189039633 22.223592825806648
299.0 25.49759841299515 22.224132785493786
299.4999999999999 25.49954654824722 22.224672225857773
300.0 25.50152058555962 22.22520538125785
300.5 25.503459660159244 22.225743702517878
300.9999999999999 25.50539020333897 22.226280677030257
301.5 25.50732089324452 22.226825282713484
302.0 25.509287622900153 22.227360309640297
302.4999999999999 25.511248047385585 22.227896226641157
303.0 25.51319616802123 22.22844034203449
303.5 25.51512986271949 22.22898161860998
303.9999999999999 25.517088226241434 22.229525049115733
304.5 25.51903161608172 22.23006484705245
305.0 25.52096350385137 22.230603989440702
305.4999999999999 25.522933244579 22.231150748240424
306.0 25.524863373926834 22.23170368543014
306.5 25.526790261346 22.232249627078716
306.9999999999999 25.52874962998456 22.23279983148183
307.5 25.5307254612189 22.233349820951066
308.0 25.53261398357614 22.233904461783126
308.4999999999999 25.534585464779823 22.234449669557286
309.0 25.536535681826713 22.235002903049796
309.5 25.538452076281708 22.235557475923212
309.9999999999999 25.540406349118932 22.236120367354694
310.5 25.542383128211696 22.236675372447102
311.0 25.54432795205009 22.237234468736613
311.4999999999999 25.54624940973227 22.23779338888006
312.0 25.548228108247876 22.23835233693775
312.5 25.550181639946793 22.23891654509682
312.9999999999999 25.55208329507149 22.239482057823263
313.5 25.554073109447625 22.240042647379244
314.0 25.55602249497976 22.240609800286826
314.4999999999999 25.55792383567804 22.241180043231502
315.0 25.559910789909498 22.241747062159156
315.5 25.561873428720766 22.242320647410303
315.9999999999999 25.563783089390938 22.242889102321367
316.5 25.565766528714256 22.243459547025175
317.0 25.567720409196575 22.244034873706635
317.4999999999999 25.569666671717446 22.244610263524077
318.0 25.57162814719708 22.245180751371407
318.5 25.573573104209558 22.245762884078747
318.9999999999999 25.575538024305114 22.24634102957356
319.5 25.577477411789346 22.246918202496488
320.0 25.579397037737138 22.247505959747727
320.4999999999999 25.58135987978352 22.24807724207354
321.0 25.58336178167467 22.248659020939154
321.5 25.58528237948543 22.24924652992183
321.9999999999999 25.587247313431334 22.249832908956254
322.5 25.58919978866498 22.250414442857192
323.0 25.591142641002204 22.25100593516171
323.4999999999999 25.593092019636472 22.251599687263514
324.0 25.595039899063337 22.252188790768162
324.5 25.597005797467432 22.252775471909686
324.9999999999999 25.598946900626935 22.25336704092598
325.5 25.600919148825575 22.253962184658214
326.0 25.60286796359851 22.254549716540094
326.4999999999999 25.60483348191012 22.255151358012903
327.0 25.606754014125105 22.255747793275916
327.5 25.60870294477177 22.256342447003608
327.9999999999999 25.610682857895107 22.256940164273256
328.5 25.61261506186661 22.257539239389956
329.0 25.6145853798326 22.2581437538803
329.4999999999999 25.61656167273241 22.258744446567977
330.0 25.61851930346634 22.25934311044854
330.5 25.62046082160444 22.259947462107746
330.9999999999999 25.622371269530145 22.26055287173773
331.5 25.6243701333643 22.26115025762521
332.0 25.62630750076242 22.26176230602266
332.4999999999999 25.628284472252414 22.262368825359722
333.0 25.63019408992379 22.262982329974342
333.5 25.632161042235406 22.263588569534267
333.9999999999999 25.634111458335568 22.2641959959006
334.5 25.6360815537502 22.264812003979557
335.0 25.63804783700001 22.26542353241935
335.4999999999999 25.63996969945393 22.266035246290347
336.0 25.64195027065418 22.266647491978794
336.5 25.643907466514015 22.267269332307592
336.9999999999999 25.645848749465557 22.267885132225963
337.5 25.64777419527674 22.268501949176812
338.0 25.6497238893826 22.26911726705868
338.4999999999999 25.651684085578836 22.26973982152998
339.0 25.65366331830318 22.270359897741944
339.5 25.655575620968115 22.270977661831463
339.9999999999999 25.657550277424864 22.271593858140655
340.5 25.659471194306654 22.27222617539821
341.0 25.66142884016611 22.272847181400095
341.4999999999999 25.663373548064694 22.273470112706622
342.0 25.665312281831312 22.27409230235427
342.5 25.66724987911624 22.274715331932406
342.9999999999999 25.669224218471925 22.275344875519263
343.5 25.67116055549052 22.275972480087084
344.0 25.673116907734187 22.276603986873987
344.4999999999999 25.675064386925634 22.27723502789711
345.0 25.676996100248125 22.277864427674594
345.5 25.67892797213309 22.278493482960208
