FastTrWP/PhaseSpace/IAs/snIa_0.67_30.00_0.46_0.11.csv
# %ECSV 0.9
# ---
# datatype:
# - {name: time-rel, datatype: float64}
# - {name: g, datatype: float64}
# - {name: i, datatype: float64}
# schema: astropy-2.0
time-rel g i
[from data line 575]
413.79166666666663 24.6066227961077 22.53224260652663
414.2916666666667 24.604906553216253 22.530735262455934
414.7916666666667 24.603190919043595 22.529230248679433
415.29166666666663 24.601521176627426 22.52773258278416
415.7916666666667 24.599822555182218 22.526234923900876
416.2916666666667 24.59814172290855 22.524749836737918
416.79166666666663 24.596476383036254 22.523268428206894
417.2916666666667 24.594797905915414 22.521781659881466
417.7916666666667 24.593145537399366 22.520312621714375
418.29166666666663 24.59150674558569 22.518839202653528
418.7916666666667 24.5898781942056 22.51737370572306
419.2916666666667 24.588251203944814 22.515914022342265
419.79166666666663 24.586611355234496 22.514449502984522
420.2916666666667 24.58499888691435 22.512999177333914
420.7916666666667 24.583381820420417 22.51154970311212
421.29166666666663 24.581788362681934 22.51010599689078
421.7916666666667 24.58019189576952 22.50866510050036
422.2916666666667 24.578609416128607 22.50722675259476
422.79166666666663 24.577031292335448 22.505792901751185
423.2916666666667 24.5754574575226 22.504379153911394
423.7916666666667 24.573894374176767 22.50294703032893
424.29166666666663 24.572336728982663 22.501529386480016
424.7916666666667 24.570786005461443 22.500119034601617
425.2916666666667 24.56923588391645 22.498708166985708
425.79166666666663 24.567726209923908 22.49730231648925
426.2916666666667 24.56619748507556 22.495907447670767
426.7916666666667 24.564680748880562 22.494503867103795
427.29166666666663 24.56316133390224 22.493116957988576
427.7916666666667 24.56165788855752 22.491730068732142
428.2916666666667 24.56015627419401 22.490350431167148
428.79166666666663 24.558652796566317 22.488971142439034
429.2916666666667 24.557183758698354 22.48759934155072
429.7916666666667 24.555711234757926 22.486234782485738
430.29166666666663 24.55424443900298 22.484867150960053
430.7916666666667 24.55278214786722 22.483503569347118
431.2916666666667 24.551346318983775 22.4821476779126
431.79166666666663 24.549889806432382 22.480802155882166
432.2916666666667 24.548444956681152 22.479450714900103
432.7916666666667 24.547034362038787 22.478107023485414
433.29166666666663 24.54559381098676 22.476764889689726
433.7916666666667 24.544193954173437 22.47543419251099
434.2916666666667 24.542789211064296 22.474100672153
434.79166666666663 24.541377176007227 22.47277904957103
435.2916666666667 24.540002361472556 22.47145535818421
435.7916666666667 24.53862190246312 22.470140804762284
436.29166666666663 24.537228413499918 22.468831305614284
436.7916666666667 24.535876944488315 22.46751966951731
437.2916666666667 24.53450718192996 22.466212049268254
437.79166666666663 24.533145806280512 22.464917062333353
438.2916666666667 24.531797180135854 22.463609776725434
438.7916666666667 24.530453271657922 22.462327200665516
439.29166666666663 24.5291241371434 22.461045308149604
439.7916666666667 24.527795235688664 22.45976068470917
440.2916666666667 24.526485663975116 22.45848471521874
440.79166666666663 24.525184799832886 22.457208225408852
441.2916666666667 24.523847669697364 22.455937759099474
441.7916666666667 24.522554037620793 22.45467426945213
442.29166666666663 24.521263541969745 22.453408654725525
442.7916666666667 24.51999198211178 22.45215427212967
443.2916666666667 24.51871479592558 22.450905095302577
443.79166666666663 24.517460680967815 22.44965830314729
444.2916666666667 24.51619304662023 22.448406376424202
444.7916666666667 24.514947795498735 22.44717446745075
445.29166666666663 24.51368796342351 22.445934334316924
445.7916666666667 24.51244391944598 22.444707694457637
446.2916666666667 24.511215342026254 22.44347282650128
446.79166666666663 24.510007729048272 22.44225305335981
447.2916666666667 24.508800536020047 22.44103026807351
447.7916666666667 24.50757248265129 22.439817762469477
448.29166666666663 24.50637671043543 22.438601482139408
448.7916666666667 24.50518513902167 22.43740716344829
449.2916666666667 24.503986315066477 22.436198983366072
449.79166666666663 24.502798182929823 22.43500208063
450.2916666666667 24.50164265275214 22.43381157804231
450.7916666666667 24.500464990516264 22.432616774742172
451.29166666666663 24.499328839313343 22.431431793993433
451.7916666666667 24.49816390140359 22.43024542189835
452.2916666666667 24.49703003950964 22.429074301770505
452.79166666666663 24.495888298082974 22.42790302449354
453.2916666666667 24.494745896724382 22.426733970334112
453.7916666666667 24.49364292894309 22.425573487163884
454.29166666666663 24.49253465667811 22.424412652928524
454.7916666666667 24.491420893704937 22.423260286937317
455.2916666666667 24.49032350548617 22.422113744736674
455.79166666666663 24.48921468586925 22.420960338528747
456.2916666666667 24.488132460752773 22.419815438388056
456.7916666666667 24.487065259779772 22.41867047804886
457.29166666666663 24.485970830897514 22.41754087958324
457.7916666666667 24.48491141862395 22.4164040853766
458.2916666666667 24.48385577177104 22.415279100399633
458.79166666666663 24.48279860474376 22.4141471820666
459.2916666666667 24.48175453770087 22.41302024001253
459.7916666666667 24.48068474206906 22.411902650445974
460.29166666666663 24.479643185942663 22.41079268419311
460.7916666666667 24.478623922853803 22.40968641301508
461.2916666666667 24.47758095271583 22.408570376796195
461.79166666666663 24.476562023097287 22.407462997172374
462.2916666666667 24.475563135623247 22.406364370070207
462.7916666666667 24.47455411135511 22.405277732564414
463.29166666666663 24.47354310664911 22.404175159970183
463.7916666666667 24.472537650604966 22.403084457135357
464.2916666666667 24.471563584999632 22.4019962812649
464.79166666666663 24.47057832863603 22.40091757565743
465.2916666666667 24.46959868212401 22.399835507112968
465.7916666666667 24.46862960898144 22.398763395138765
466.29166666666663 24.467661309711556 22.397688808114125
466.7916666666667 24.466708702346274 22.39661991325192
467.2916666666667 24.465772057178278 22.39555346458924
467.79166666666663 24.46479816151561 22.394493384283976
468.2916666666667 24.463858426325555 22.393439313994328
468.7916666666667 24.46293457093835 22.39239041636965
469.29166666666663 24.4619946846778 22.391334139273354
469.7916666666667 24.461085000083624 22.39029016298293
470.2916666666667 24.460175388910038 22.38924370673216
470.79166666666663 24.459263666918716 22.388207437087093
471.2916666666667 24.458352890158324 22.387169556536627
471.7916666666667 24.45746233797334 22.386140839513523
472.29166666666663 24.4565672003246 22.385110832447506
472.7916666666667 24.455693238369626 22.384084129190185
473.2916666666667 24.454797210485708 22.383066546792207
473.79166666666663 24.45394529532189 22.382052561897815
474.2916666666667 24.453084298201272 22.381035354289725
474.7916666666667 24.452209907521084 22.38002376444909
475.29166666666663 24.45137468833645 22.37902319503711
475.7916666666667 24.450530557094012 22.378017430674003
476.2916666666667 24.449668061774275 22.377024278534318
476.79166666666663 24.44885969909404 22.376032491173593
477.2916666666667 24.448015578714838 22.375041882368
477.7916666666667 24.447225280098287 22.37404886255355
478.29166666666663 24.446408496137973 22.373071545062643
478.7916666666667 24.445588777213985 22.372084268844283
479.2916666666667 24.44480464553902 22.37110752313912
479.79166666666663 24.443991295585306 22.370137814786073
480.2916666666667 24.443204203619718 22.369175514890884
480.7916666666667 24.442441257542654 22.36820718198642
481.29166666666663 24.44165364820407 22.367244994117566
481.7916666666667 24.44088618432343 22.366287492259254
482.2916666666667 24.44013190950505 22.365333363641724
482.79166666666663 24.439384581655837 22.364382705458073
483.2916666666667 24.438635420546724 22.363439940606465
483.7916666666667 24.43790494746004 22.362501214541112
484.29166666666663 24.43716057765938 22.361551295579435
484.7916666666667 24.436432089213657 22.36062036051394
485.2916666666667 24.43569654726989 22.359701405070208
485.79166666666663 24.43499634270924 22.35876484783132
486.2916666666667 24.434283793399096 22.357839768329683
486.7916666666667 24.433597619511502 22.356920403219725
487.29166666666663 24.432884578135816 22.35600384448341
487.7916666666667 24.432204829499877 22.355098623060144
488.2916666666667 24.43152033692121 22.354189424827986
488.7916666666667 24.430840288242802 22.353283825459165
489.2916666666667 24.430184352080065 22.352374420540254
489.7916666666667 24.429533843109073 22.35148550706592
490.2916666666667 24.42887021015172 22.35059324886526
490.7916666666667 24.428231115486966 22.349699987837013
491.2916666666667 24.427595205436834 22.348813156832485
491.7916666666667 24.426942235163924 22.347931777833836
492.2916666666667 24.426321367122735 22.347055137029052
492.7916666666667 24.425697770963986 22.346182499720285
493.2916666666667 24.425083516248087 22.345306073980314
493.7916666666667 24.424488094822973 22.34445010091115
494.2916666666667 24.4238757370035 22.343575741920894
494.7916666666667 24.423289615758186 22.342723100711495
495.2916666666667 24.42271264192698 22.34186826757825
495.7916666666667 24.42212372363521 22.341019564693223
496.2916666666667 24.421567753211953 22.34017355903208
496.7916666666667 24.420995246399503 22.339331708370317
497.2916666666667 24.420445905503403 22.33848470729955
497.7916666666667 24.419903526860157 22.337655788111576
498.2916666666667 24.41934996009818 22.336816284320943
498.7916666666667 24.418805387492448 22.33598884734817
499.2916666666667 24.418274785206535 22.335166220056305
499.7916666666667 24.417757147723663 22.33434014888809
500.2916666666667 24.41722894366066 22.33352538682926
500.7916666666667 24.416735950784393 22.332703970113737
501.2916666666667 24.416205084888198 22.331892911324168
501.7916666666667 24.415721537515807 22.331084155323406
502.2916666666667 24.415229565252098 22.330283726507364
502.7916666666667 24.41475064445621 22.329486886609086
503.2916666666667 24.414263067207656 22.328691083047207
503.7916666666667 24.413784632613975 22.327901133434473
504.2916666666667 24.413324050710145 22.327106653819307
504.7916666666667 24.41286784212826 22.326318095168727
505.2916666666667 24.412403225985013 22.325536169142616
505.7916666666667 24.411952498947215 22.324756816473133
506.2916666666667 24.411518629843346 22.32398012873793
506.7916666666667 24.411079857608335 22.323213262685044
507.2916666666667 24.41065899240844 22.322437960329253
507.7916666666667 24.410232488262377 22.32167701616089
508.2916666666667 24.40980984234344 22.32090727398478
508.7916666666667 24.409382982096375 22.320148588772785
509.2916666666667 24.408974119961805 22.31939670058061
509.7916666666667 24.408590339448075 22.318645232124027
510.2916666666667 24.408192938325737 22.317890329840107
510.7916666666667 24.4077993688156 22.31714644043345
511.2916666666667 24.407431083628456 22.316399479302824
511.7916666666667 24.407062267989517 22.315660168533178
512.2916666666666 24.4066599658509 22.31492615298071
512.7916666666666 24.406318657200607 22.314199251412354
513.2916666666666 24.4059542853419 22.3134637469631
513.7916666666666 24.40559558371813 22.31273512091147
514.2916666666666 24.405236480376406 22.312015109006055
514.7916666666666 24.40490781658223 22.311291220743907
515.2916666666666 24.40457910998948 22.310578512901582
515.7916666666666 24.404238798303766 22.309860782293967
516.2916666666666 24.40391696186461 22.309154996033776
516.7916666666666 24.403599569529874 22.3084446654077
517.2916666666666 24.40330182125921 22.307736631280793
517.7916666666666 24.402985902412073 22.307033914666754
518.2916666666666 24.40268253053828 22.306329754829516
518.7916666666666 24.402374186368743 22.305634845805336
519.2916666666666 24.402094068016748 22.304942607787442
519.7916666666666 24.401818426391664 22.304260843705425
520.2916666666666 24.401548060427587 22.303571930284626
520.7916666666666 24.401247389639856 22.302887935373196
521.2916666666666 24.400977175823506 22.30220939976639
521.7916666666666 24.400717121260346 22.301535273623045
522.2916666666666 24.400472407603363 22.300853727341178
522.7916666666666 24.40021498893212 22.30018231182052
523.2916666666666 24.399949543300366 22.299513390079746
523.7916666666666 24.399726079715897 22.298845790640932
524.2916666666666 24.39948779238303 22.298184251825866
524.7916666666666 24.399259877849325 22.29752638160911
525.2916666666666 24.399041992922314 22.296866537917275
525.7916666666666 24.398824511914995 22.296213574095624
526.2916666666666 24.398595287121676 22.29556895244778
526.7916666666666 24.398391729025533 22.29491403269155
527.2916666666666 24.39817085989163 22.294265471951505
527.7916666666666 24.397986164252107 22.293620699699837
528.2916666666666 24.397783171871357 22.292981919711945
528.7916666666666 24.39758134110166 22.292344571952114
529.2916666666666 24.397401792539753 22.291715714634712
529.7916666666666 24.397228962498332 22.291075436444828
530.2916666666666 24.397056571895245 22.290449359527564
530.7916666666666 24.39688531992772 22.289822922754873
531.2916666666666 24.39672444128626 22.289196817701313
531.7916666666666 24.39656047506546 22.28857901856244
532.2916666666666 24.396411071200074 22.287953514767676
532.7916666666666 24.39626257147788 22.287341111749043
533.2916666666666 24.396123997101444 22.286732506524164
533.7916666666666 24.395961835777186 22.286113655183684
534.2916666666666 24.39583791916547 22.285510318300965
534.7916666666666 24.395707428127405 22.28490216805662
535.2916666666666 24.395599705594023 22.284303631270014
535.7916666666666 24.39546977408608 22.28370076881767
536.2916666666666 24.395350789702967 22.28310993089387
536.7916666666666 24.395241316510344 22.28251560376747
537.2916666666666 24.39515531611344 22.281925316594663
537.7916666666666 24.395050328792355 22.281339506286635
538.2916666666666 24.39495863620123 22.280755834444612
538.7916666666666 24.39487605663025 22.280178091281613
539.2916666666666 24.39480523068234 22.279604726387312
539.7916666666666 24.394738208753104 22.279029312990993
540.2916666666666 24.394673754877886 22.278456127438055
540.7916666666666 24.394620777108553 22.277890940309778
541.2916666666666 24.39457405466655 22.27732423967876
541.7916666666666 24.394521712972196 22.276765357234055
542.2916666666666 24.394506117802834 22.276208972665724
542.7916666666666 24.394467157665524 22.27566188129755
543.2916666666666 24.394448476021005 22.275107155266962
543.7916666666666 24.39443498447677 22.274556083810385
544.2916666666666 24.3944131730534 22.274009915115236
544.7916666666666 24.394402839859417 22.273471182848937
545.2916666666666 24.394401762934592 22.272933344197924
545.7916666666666 24.394405324259985 22.27239785976183
546.2916666666666 24.394420264188884 22.27186380870929
546.7916666666666 24.394422356240216 22.27133220705605
547.2916666666666 24.394456459164267 22.27080738072701
547.7916666666666 24.394477439818463 22.27028001733933
548.2916666666666 24.394513945497 22.269752541725833
548.7916666666666 24.39456010877921 22.269241874856306
549.2916666666666 24.39460385149878 22.26872307072793
549.7916666666666 24.394636810396605 22.268207130363756
550.2916666666666 24.39468849957621 22.26769390726046
550.7916666666666 24.39475804857998 22.267185579038753
551.2916666666666 24.394812097691407 22.266681326414222
551.7916666666666 24.394891875903927 22.26618299947377
552.2916666666666 24.39495870051389 22.26567891445665
552.7916666666666 24.395046281951362 22.2651770530269
553.2916666666666 24.395123106866556 22.26468268926084
553.7916666666666 24.39520653589025 22.264188358412067
554.2916666666666 24.39530805869499 22.263692924606516
554.7916666666666 24.395398140365824 22.26321110846505
555.2916666666666 24.39548923249877 22.262724365209053
555.7916666666666 24.395609762496058 22.262240100626606
556.2916666666666 24.3957181239262 22.26175877545296
556.7916666666666 24.39583886734452 22.261277909345267
557.2916666666666 24.39595688558167 22.260800888729126
