FastTrWP/PhaseSpace/IAs/snIa_0.66_30.00_1.05_0.02.csv
# %ECSV 0.9
# ---
# datatype:
# - {name: time-rel, datatype: float64}
# - {name: g, datatype: float64}
# - {name: i, datatype: float64}
# schema: astropy-2.0
time-rel g i
[from data line 1772]
427.4999999999999 24.997503456233815 22.47600968600288
428.0 24.99965144185483 22.47674142571325
428.5 25.00174923568794 22.477477606812553
428.9999999999999 25.003895302138304 22.478216583339726
429.5 25.006039852340113 22.478945470166288
430.0 25.008174033142367 22.479678316418177
430.4999999999999 25.0103401950595 22.48042139448797
431.0 25.01248746263851 22.481175653541676
431.5 25.014660140166214 22.48190357117574
431.9999999999999 25.016832017860335 22.482647310328453
432.5 25.019016510567727 22.483379234686453
433.0 25.021183281899056 22.48412768595056
433.4999999999999 25.02338562810418 22.484874609155376
434.0 25.025555487006642 22.48561415963892
434.5 25.027761425063414 22.48636812984056
434.9999999999999 25.029957717185066 22.487109264771906
435.5 25.03217254542524 22.487864090369794
436.0 25.03438264946588 22.488604823802522
436.4999999999999 25.03661386713119 22.48935608336048
437.0 25.038824495742183 22.49010686604624
437.5 25.04104420109918 22.490858708193223
437.9999999999999 25.043286471245633 22.491612214012598
438.5 25.04550890623471 22.49236150226163
439.0 25.04775432110714 22.4931165771683
439.4999999999999 25.05000884799934 22.4938648725816
440.0 25.052225344305906 22.494628511861393
440.5 25.054476604138166 22.495379427076525
440.9999999999999 25.056729819581708 22.49613623060327
441.5 25.058979889109033 22.496893968062043
442.0 25.06123867275674 22.4976481042548
442.4999999999999 25.06348226513302 22.49840854755022
443.0 25.06574263624035 22.499172639382866
443.5 25.06800991298033 22.499933182844668
443.9999999999999 25.07026774695778 22.50069067779258
444.5 25.07257221353885 22.501457840673517
445.0 25.074825821193123 22.502218630030004
445.5 25.077083130175506 22.502982758949482
446.0 25.079340105099476 22.5037526228123
446.5 25.081623824274416 22.504510041987352
447.0 25.083880788137677 22.505279247801777
447.5 25.086141700275057 22.50604730390171
448.0 25.08840330014621 22.50681644737222
448.5 25.090707822281292 22.507579992338304
449.0 25.09296367274564 22.508345837496467
449.5 25.095255461041752 22.50911487141454
450.0 25.097520199868338 22.509881276591706
450.5 25.099800890770858 22.510649482180142
451.0 25.10205290764885 22.511421456177835
451.5 25.104320376074988 22.512187666660108
452.0 25.106627422919704 22.512962392935137
452.5 25.108851700980857 22.51373707348083
453.0 25.111146205496517 22.514505030132987
453.5 25.113411905749924 22.515278493669996
454.0 25.1156786377102 22.51605861072377
454.5 25.117914978866693 22.516822068285872
455.0 25.120194336993073 22.51760220587288
455.5 25.122426012947436 22.518375064327003
456.0 25.12469581503761 22.519151415098992
456.5 25.126946451725935 22.519922769725905
457.0 25.129189359656184 22.520690009363626
457.5 25.131430352408653 22.52147693609818
458.0 25.133671916362378 22.522254891379234
458.5 25.13592345116226 22.523030134221923
459.0 25.138143416818323 22.523808363453686
459.5 25.140384335671463 22.524584941517123
460.0 25.142618366433425 22.525360398615298
460.5 25.144841944876507 22.52613554738067
461.0 25.147070165501887 22.526924470592775
461.5 25.149317003897064 22.527697891473384
462.0 25.151534365500435 22.528477000825006
462.5 25.153828713880067 22.52926600916527
463.0 25.156052906997907 22.530045585921204
463.5 25.158310475130424 22.53083490926564
464.0 25.160560177729863 22.53161928457743
464.5 25.162832073134286 22.532411152265826
465.0 25.165089487978452 22.533185410101698
465.5 25.16737089721618 22.533981198393196
466.0 25.169603124840837 22.53476319784415
466.5 25.171898535640594 22.535561696988502
467.0 25.174147947527963 22.536346511329718
467.5 25.176424846959655 22.537131381731754
468.0 25.17868585601409 22.53792408527335
468.5 25.18097074392248 22.53871724488758
469.0 25.183248426533716 22.53950725068302
469.5 25.185529931571573 22.540305143466654
470.0 25.187804213594525 22.541097498820978
470.5 25.190083584069853 22.54189280598226
471.0 25.192371682216308 22.542683570286435
471.5 25.19463084832921 22.54348390207815
472.0 25.19692111043757 22.54427830176659
472.5 25.199240173092882 22.54507618108978
473.0 25.201502453641854 22.545878393245754
473.5 25.20380152723362 22.546675202329503
474.0 25.206081930046803 22.547474895609003
474.5 25.208394688473316 22.548273704264826
475.0 25.210649866977604 22.54907861629718
475.5 25.21293503341631 22.549883552783385
476.0 25.215234933359252 22.550676485045486
476.5 25.217515834953396 22.55148252552196
477.0 25.219801586135798 22.55228536325159
477.5 25.222069652366535 22.553091218606724
478.0 25.224366654368072 22.553897930223204
478.5 25.226660848734216 22.554701375086843
479.0 25.22893939637502 22.55551025529822
479.5 25.231230662310956 22.55631521927424
480.0 25.23348802999361 22.557119163920003
480.5 25.235791145242153 22.557935609260113
481.0 25.238055210853602 22.55874389093359
481.5 25.24036964996657 22.559552322695918
482.0 25.242617363868135 22.560366064143317
482.5 25.244896534851307 22.561175091964646
483.0 25.24717441839629 22.561983250427776
483.5 25.249429470973908 22.562800129593615
484.0 25.25172323898929 22.56360933564452
484.5 25.25396247661083 22.56442792973941
485.0 25.25625657839783 22.565239390545734
485.5 25.258501339836226 22.566054952297236
486.0 25.26075080540968 22.566865269753738
486.5 25.26299563407526 22.567679410571742
487.0 25.265268897797462 22.56849339266594
487.5 25.267492922703006 22.56931596734173
488.0 25.26972780592077 22.570128025101333
488.5 25.271978076534715 22.570945789654772
489.0 25.274213002314983 22.57176681456686
489.5 25.276459953115147 22.572586417673524
490.0 25.278695758720314 22.57340647341514
490.5 25.280907592465695 22.574215548516516
491.0 25.2831136990106 22.57504779052222
491.5 25.285348039643015 22.57586422078532
492.0 25.287539191354497 22.57668775645193
492.5 25.28973992959947 22.57751237681596
493.0 25.291969510388896 22.578332252055908
493.5 25.294152828822753 22.579159495443875
494.0 25.29635516281685 22.579982855741996
494.5 25.298527173668795 22.580801014084628
495.0 25.300705187313262 22.581622933025724
495.5 25.30286580103107 22.582450043805654
496.0 25.30501820945567 22.583275829279835
496.5 25.30717598404906 22.584097159059837
497.0 25.309354684477174 22.584926912882413
497.5 25.311478782087036 22.58575283462877
498.0 25.313621528481672 22.586577857664672
498.5 25.31575569853374 22.587407819092586
499.0 25.317901966399468 22.588236391380086
499.5 25.320009158050265 22.589065749786673
500.0 25.322135182443372 22.58989059629689
500.5 25.324229373237564 22.590716134847824
501.0 25.326323404506795 22.59154535046705
501.5 25.32840972177731 22.592383202555368
502.0 25.330521685062223 22.593211403529807
502.5 25.332618732767166 22.5940397029758
503.0 25.334689541272336 22.59487785167742
503.5 25.3367665064695 22.595703562618567
504.0 25.338866438544613 22.596533691047483
504.5 25.340899120129173 22.59737297017196
505.0 25.34298425277425 22.59820297748316
505.5 25.345045498162705 22.599047617371046
506.0 25.347139663716888 22.599867624037884
506.5 25.349165431158355 22.600706321170897
507.0 25.35121088089875 22.601544097349304
507.5 25.353248230235714 22.602381587485027
508.0 25.355301394203877 22.603213282012334
508.5 25.35734816093829 22.604058715857875
509.0 25.359388068374415 22.604892229452815
509.5 25.361410288722407 22.605738430340864
510.0 25.363407985141432 22.60657688636245
510.5 25.365428271564152 22.607411496645256
511.0 25.36741387580272 22.608252997727625
511.5 25.369465079851143 22.609097023521546
512.0 25.371457110068913 22.609942381330793
512.5 25.3734425294914 22.61077885859428
513.0 25.375427819718336 22.611617970541378
513.5 25.377405816142048 22.612459975696527
514.0 25.37937590727324 22.613305557521585
514.5 25.381366021033074 22.61415494661332
515.0 25.383365651972504 22.61500212407679
515.5 25.385309504273685 22.61584524989167
516.0 25.38728357677983 22.616692999547183
516.5 25.389210639854007 22.617539231908033
517.0 25.391169562957373 22.618391566545803
517.5 25.393132049005807 22.619232070595498
518.0 25.3950742718907 22.620085467763715
518.5 25.397011061072835 22.620931928443675
519.0 25.39893552737894 22.62178994140202
519.5 25.400856784908136 22.622634844927493
520.0 25.40279431404545 22.623484141511714
520.5 25.40468465747791 22.624339095974605
521.0 25.40661049308017 22.62519590241176
521.5 25.40850707542779 22.626048539748442
522.0 25.410415087771064 22.626902465256116
522.5 25.412325422004002 22.6277606439039
523.0 25.414176154802824 22.62861441110474
523.5 25.41605128353135 22.629469614615427
524.0 25.417940987682208 22.630320285411948
524.5 25.419848604277288 22.631182566811155
525.0 25.42172180346382 22.63203446299144
525.5 25.423570394100572 22.6329048040966
526.0 25.425421374336207 22.633758685073918
526.5 25.427312654000843 22.63462465120947
527.0 25.429161345379892 22.63548437218556
527.5 25.430942732654344 22.636351711281513
528.0 25.432817144792143 22.637213130096292
528.5 25.43463845805468 22.638075653435237
529.0 25.43647070138998 22.638940870603527
529.5 25.43831164131028 22.63980882333106
530.0 25.440109892453656 22.640669469539176
530.5 25.441912012098086 22.641540646429895
531.0 25.4437130004546 22.642407324621352
531.5 25.445516806446335 22.643274757761155
532.0 25.44729874673147 22.644142698661707
532.5 25.449081056127675 22.645014687793086
533.0 25.45087506442235 22.64587969564046
533.5 25.452636349555938 22.646757924114176
534.0 25.454406958621618 22.647630805924138
534.5 25.456199129616014 22.648499881520387
535.0 25.4579327352262 22.649374594858354
535.5 25.459690381070267 22.650252596621204
536.0 25.461427545303643 22.65112398672447
536.5 25.46317247340101 22.65200783386275
537.0 25.46491383660012 22.6528797572034
537.5 25.46666346053074 22.653762012757575
538.0 25.468384564900752 22.654629340584563
538.5 25.47010827306401 22.655523947161136
539.0 25.471836119865742 22.65639691934168
539.5 25.473551449461308 22.657273279800663
540.0 25.475221484416828 22.65815561051387
540.5 25.476907240276606 22.659036971105127
541.0 25.478601898634988 22.659928477006304
541.5 25.480306466963576 22.660817039176315
542.0 25.481955190692336 22.66169387682302
542.5 25.483628030858387 22.66258208672861
543.0 25.485306203218386 22.663471289441418
543.5 25.486952443635047 22.664352401839757
544.0 25.4886258801464 22.665239471781394
544.5 25.49024372254776 22.666131215318227
545.0 25.49188501829294 22.66701640850023
545.5 25.493526352279233 22.667902202220574
546.0 25.49514464775525 22.66879472800829
546.5 25.49672425173111 22.669687031821766
547.0 25.498365614202974 22.67057766627799
547.5 25.499961260021916 22.671466956153456
548.0 25.50156121942547 22.672358950549807
548.5 25.503146116021014 22.67326245752669
549.0 25.50471010106949 22.67415316179978
549.5 25.506306268964003 22.675045800957932
550.0 25.507887860288726 22.675944608037632
550.5 25.50943889141213 22.676839053313344
551.0 25.51098561301896 22.677747957629112
551.5 25.512544594878975 22.67863934609344
552.0 25.51408177683551 22.67954155565517
552.5 25.515592082941872 22.680434015856243
553.0 25.517150858322708 22.681338655529615
553.5 25.51863205213147 22.68224167884826
554.0 25.52017901700864 22.683142607397553
554.5 25.521675496617306 22.684051328432012
555.0 25.523178411115545 22.68495399180304
555.5 25.524683962318868 22.685853690833486
556.0 25.52613194773107 22.686767238862426
556.5 25.527633118135288 22.687675704370236
557.0 25.52910150161669 22.688578517012882
557.5 25.530569741500557 22.689484546770984
558.0 25.532009995490288 22.69039108153493
558.5 25.533459682534282 22.691301572024067
559.0 25.534887012425433 22.692215679689557
559.5 25.536304558110924 22.693131180196584
560.0 25.537745822337534 22.694041840950536
560.5 25.53916123096995 22.694953825505486
561.0 25.540589072143625 22.695869197822965
561.5 25.5419780021129 22.696778965777984
562.0 25.543330329267025 22.69769691276196
562.5 25.54476423101486 22.698615892845503
563.0 25.546134630592938 22.699530624333214
563.5 25.547494213517403 22.700449769155636
564.0 25.548868795477688 22.701374348700085
564.5 25.550231615322524 22.70229165185252
565.0 25.55155047440477 22.70321071822002
565.5 25.552928243982976 22.704143771463716
566.0 25.554240240447818 22.70505917694399
566.5 25.555597675217232 22.70598132808069
567.0 25.556854828956496 22.706911306047633
567.5 25.558185419434754 22.70784570390125
568.0 25.55949349678095 22.708768281208798
568.5 25.560756224505155 22.709694364248133
569.0 25.562068579577595 22.710627706933046
569.5 25.5633393753021 22.711554381020864
570.0 25.564604936928802 22.71248556228079
570.5 25.565872690075658 22.713413442193367
571.0 25.567150594287735 22.714351795097393
571.5 25.568375669308274 22.71528465568409
572.0 25.569599941429765 22.716219704528207
572.5 25.570843902486416 22.717150795104462
573.0 25.57206764791022 22.71808562125723
573.5 25.573268063420855 22.719032184624282
574.0 25.57448418922078 22.719965892149556
574.5 25.57567306888206 22.720918098909063
575.0 25.576864646880907 22.72184400891733
575.5 25.578042253510702 22.722791974212253
576.0 25.57925473233461 22.723732413006985
576.5 25.58037883294508 22.72467821696893
577.0 25.581536307011326 22.72562774003093
577.5 25.58268078286798 22.72657478185751
578.0 25.583793395442 22.727523279143934
578.5 25.58495996369367 22.72846761958529
579.0 25.58604632928724 22.729416865336844
579.5 25.58718942034352 22.730368275438874
580.0 25.588296508834894 22.731323028195828
580.5 25.589386606873564 22.73226971217212
581.0 25.59045953709124 22.73322430320052
581.5 25.59152897151457 22.734175839813588
582.0 25.592605292918435 22.735134448747523
582.5 25.593639706246538 22.736091472626157
583.0 25.594690054635333 22.73705703673953
583.5 25.595707173188092 22.738012060937738
584.0 25.596747918945894 22.738968826726328
584.5 25.5977534921727 22.739931133795178
585.0 25.598752959932533 22.740889400656677
585.5 25.599745655603364 22.741855725907886
586.0 25.60074569687646 22.74282189443752
586.5 25.60169999303266 22.743786613493985
587.0 25.602691050047326 22.744760663115358
587.5 25.603642411618985 22.745719647792548
588.0 25.60456753603306 22.746690165133966
588.5 25.60553021878455 22.74765019831076
589.0 25.60643030780666 22.748626333142788
589.5 25.607332095280437 22.749603735455075
590.0 25.608249420919975 22.750573374421297
590.5 25.609141788131144 22.751544460346263
591.0 25.610027078633397 22.752515402485848
591.5 25.610896096463595 22.753501971947397
592.0 25.611781469561443 22.754471892382078
592.5 25.6126464447292 22.755447440264206
593.0 25.613467637924963 22.756429276385933
593.5 25.614322652979173 22.757405953782104
594.0 25.615169763749286 22.758388777799645
594.5 25.6159872620061 22.759374996060046
595.0 25.61681909795996 22.760349853292748
595.5 25.61762180369191 22.76133471802971
596.0 25.618385554685638 22.762325115876504
596.5 25.619188473567107 22.763306001373248
597.0 25.620000088375654 22.764291065262494
597.5 25.620745554008423 22.765285114758473
598.0 25.6214928343887 22.766268076058314
598.5 25.622256376053944 22.76725908924657
599.0 25.623008307396308 22.768246452022638
599.5 25.62372816863599 22.76924189635281
600.0 25.62447152570083 22.770242585280943
600.5 25.625176198506352 22.77122651331525
601.0 25.625893686971914 22.772227390715926
601.5 25.6265612707948 22.773215418069338
602.0 25.62728620452115 22.774222287337558
602.5 25.627953993286926 22.775209814622485
603.0 25.628629400148114 22.776221216788073
603.5 25.629298880111712 22.777216229048825
604.0 25.629971995214923 22.77822347963059
604.5 25.630587274149974 22.77921604604792
605.0 25.631252219835407 22.780232911910808
605.5 25.631864870136496 22.781228106258503
606.0 25.632521187681874 22.782232086878697
606.5 25.63310710126732 22.783242910495503
607.0 25.633716102737427 22.78425142108101
607.5 25.634365929892443 22.785256478791812
608.0 25.63495156380632 22.78626499660671
608.5 25.635516194142724 22.78727306610836
609.0 25.636103222333876 22.78829053635169
609.5 25.63668763902285 22.789297587223377
