FastTrWP/PhaseSpace/IAs/snIa_0.64_30.00_-0.79_0.19.csv
# %ECSV 0.9
# ---
# datatype:
# - {name: time-rel, datatype: float64}
# - {name: g, datatype: float64}
# - {name: i, datatype: float64}
# schema: astropy-2.0
time-rel g i
[from data line 1446]
925.2916666666666 25.71128701514504 22.35306838609715
925.7916666666666 25.71336755722889 22.35381250894752
926.2916666666665 25.71542331373482 22.354547855301945
926.7916666666666 25.717476882573713 22.35528422985422
927.2916666666666 25.719523611130093 22.356027135724396
927.7916666666665 25.721573485580652 22.356771062757268
928.2916666666666 25.72362716028852 22.357507065100233
928.7916666666666 25.725713886391013 22.358255506941337
929.2916666666665 25.727768570742438 22.35899758054396
929.7916666666666 25.729779991029265 22.359741485338553
930.2916666666666 25.73180829893147 22.36049758115131
930.7916666666665 25.733861986324513 22.36124593248327
931.2916666666666 25.73591374902343 22.361996404181
931.7916666666666 25.73797617349467 22.362745668686784
932.2916666666665 25.740001091844917 22.36349899486964
932.7916666666666 25.74202824870307 22.36425138710743
933.2916666666666 25.744089006356422 22.365008857089286
933.7916666666665 25.746080884150988 22.365765214196752
934.2916666666666 25.748087509401657 22.366519704299353
934.7916666666666 25.75012455024201 22.3672838762478
935.2916666666665 25.752142003041826 22.368039315308692
935.7916666666666 25.75418798201718 22.3688099812085
936.2916666666666 25.756160174549308 22.36956722103895
936.7916666666665 25.75820083642306 22.370327412118268
937.2916666666666 25.760197876058836 22.371105695486584
937.7916666666666 25.76217996886506 22.371869475199155
938.2916666666665 25.764163469825682 22.372630771606033
938.7916666666666 25.766152710068372 22.37340674441
939.2916666666666 25.768141992904884 22.37417469848493
939.7916666666665 25.770120511581432 22.3749541668275
940.2916666666666 25.772118061858404 22.37572587432257
940.7916666666666 25.774079147814994 22.376493386899284
941.2916666666665 25.776072145650517 22.377278633504098
941.7916666666666 25.778044634869374 22.3780624574011
942.2916666666666 25.78001058945449 22.378842094040206
942.7916666666665 25.78195652943232 22.379617382624918
943.2916666666666 25.783941104091994 22.380407917905067
943.7916666666666 25.785867867181405 22.381184110020406
944.2916666666665 25.7878185333933 22.38197551375181
944.7916666666666 25.78976437505119 22.382754866340996
945.2916666666666 25.791711549110502 22.383553639048387
945.7916666666665 25.793654978745643 22.384341988835878
946.2916666666666 25.79558582480089 22.385130023458835
946.7916666666666 25.797539818138198 22.38591702309824
947.2916666666665 25.79945028335338 22.38670899237733
947.7916666666666 25.801372972199413 22.38750873550767
948.2916666666666 25.803287269276815 22.388303856618883
948.7916666666665 25.805224572545846 22.389104256678543
949.2916666666666 25.807136855368324 22.38990946711505
949.7916666666666 25.80904388816501 22.390701488682126
950.2916666666665 25.81095242202977 22.39150623906682
950.7916666666666 25.812839584458153 22.39230832228437
951.2916666666666 25.81478266906483 22.393111263005125
951.7916666666665 25.81663257464987 22.393927188986964
952.2916666666666 25.818556394470804 22.394732178382863
952.7916666666666 25.820440615369172 22.39553796524431
953.2916666666665 25.82231331234196 22.39634773560962
953.7916666666666 25.824211418451114 22.397159273470404
954.2916666666666 25.82611404104911 22.397974697274915
954.7916666666665 25.82793882484019 22.398796317868612
955.2916666666666 25.829837265913795 22.39960477953452
955.7916666666666 25.831709662181353 22.40042073352025
956.2916666666665 25.83354331015176 22.401235922114992
956.7916666666666 25.83542828750471 22.40206326394912
957.2916666666666 25.837276779642472 22.402878509099754
957.7916666666665 25.839130715663746 22.403711309381677
958.2916666666666 25.841005401050687 22.404523245832504
958.7916666666666 25.84285519633223 22.40535762380848
959.2916666666665 25.84469847159966 22.406185272829717
959.7916666666666 25.846561712734445 22.4070047596695
960.2916666666666 25.848401913497433 22.40783790449605
960.7916666666665 25.850221318771457 22.40867498345695
961.2916666666666 25.852039907743418 22.409500220519906
961.7916666666666 25.85384115302713 22.410339353443725
962.2916666666665 25.855692395255506 22.411180457026568
962.7916666666666 25.85753972013791 22.412015943691692
963.2916666666666 25.859356602752868 22.412848609067915
963.7916666666665 25.86115827311124 22.413686710698606
964.2916666666666 25.862960915400528 22.41453469229495
964.7916666666666 25.864771654134415 22.41537921078966
965.2916666666665 25.86659084197688 22.416219565700736
965.7916666666666 25.86833972599315 22.417066735006014
966.2916666666666 25.870138667091638 22.417920804087643
966.7916666666665 25.871974502824877 22.418756013167748
967.2916666666666 25.873740564108832 22.41961380420814
967.7916666666666 25.875570068244794 22.420458541606738
968.2916666666665 25.877349322659168 22.421321994069046
968.7916666666666 25.87908840011766 22.422164972581676
969.2916666666666 25.880888085137595 22.42302604427848
969.7916666666665 25.88266358155198 22.423878131332184
970.2916666666666 25.884433911498075 22.424742426246908
970.7916666666666 25.88623785201499 22.425596002572554
971.2916666666665 25.887973898463947 22.426459540701636
971.7916666666666 25.8897487678864 22.427326205730434
972.2916666666666 25.89146367616985 22.42819104387729
972.7916666666665 25.89323097745789 22.42905434261981
973.2916666666666 25.894981418311907 22.429928620366574
973.7916666666666 25.896713298885103 22.430796477737452
974.2916666666665 25.89840596540784 22.4316718262439
974.7916666666666 25.900125921266273 22.43254633469631
975.2916666666666 25.90187915309922 22.433422668677512
975.7916666666665 25.903530455630786 22.434307891722916
976.2916666666666 25.90519588079106 22.435187143743242
976.7916666666666 25.906891219991827 22.436072130328316
977.2916666666665 25.908568541918395 22.436958820910252
977.7916666666666 25.910245853324763 22.437840327074806
978.2916666666666 25.91190282833629 22.43874150276045
978.7916666666665 25.91357355739251 22.439622829711105
979.2916666666666 25.915205897933994 22.44051887433352
979.7916666666666 25.91688775697044 22.441414901912033
980.2916666666665 25.91849512718877 22.442306656482845
980.7916666666666 25.92012437885536 22.443209581958886
981.2916666666666 25.921752596166414 22.44410853576163
981.7916666666665 25.9233802504609 22.445007205453926
982.2916666666666 25.924979315837383 22.44591618252573
982.7916666666666 25.92656468462779 22.446820901895084
983.2916666666665 25.928200066625994 22.447722224014846
983.7916666666666 25.929808133492422 22.448636863845017
984.2916666666666 25.931395087788516 22.449545098906142
984.7916666666665 25.933001731857956 22.45046116289238
985.2916666666666 25.93456237241856 22.451374412952205
985.7916666666666 25.936130434413386 22.452285942789196
986.2916666666665 25.93770385728138 22.453204874395524
986.7916666666666 25.939270951789606 22.454117623345514
987.2916666666666 25.940844234976726 22.455042245627865
987.7916666666665 25.94241366010477 22.455962814409865
988.2916666666666 25.943970499414824 22.456884289869112
988.7916666666666 25.94548947588264 22.457804649097643
989.2916666666665 25.94700086970365 22.45873960203014
989.7916666666666 25.948613377144795 22.459660878145556
990.2916666666666 25.950121916444658 22.4605928765898
990.7916666666665 25.951666960065882 22.461517319237526
991.2916666666666 25.953198087769366 22.462450581828293
991.7916666666666 25.954750409803992 22.463383337194966
992.2916666666665 25.956267944952593 22.464315028070885
992.7916666666666 25.957815067240308 22.46524375134786
993.2916666666666 25.959336566645153 22.466180515498408
993.7916666666665 25.96089871241709 22.467118105408037
994.2916666666666 25.96235804670618 22.468054730631867
994.7916666666666 25.96392760723218 22.468994655298392
995.2916666666665 25.965411890318933 22.46993551212271
995.7916666666666 25.96693429503176 22.470874612852736
996.2916666666666 25.96842311003219 22.471815255946144
996.7916666666665 25.969981394804535 22.472753926736484
997.2916666666666 25.971501942011173 22.473690538072802
997.7916666666666 25.97301474075619 22.47464837005687
998.2916666666665 25.97453553299075 22.47559207623543
998.7916666666666 25.976054439937222 22.47653649695249
999.2916666666666 25.97753070115152 22.47748792059535
999.7916666666665 25.979066440995947 22.47843122205344
1000.2916666666666 25.98055856302643 22.479370999490946
1000.7916666666666 25.98205714463147 22.48032266288621
1001.2916666666666 25.983591728362434 22.48127730201454
1001.7916666666666 25.985113479258217 22.48222697833194
1002.2916666666666 25.986640234205773 22.48317799646044
1002.7916666666666 25.988159625496007 22.48413509660733
1003.2916666666666 25.98965614150988 22.485080785914782
1003.7916666666666 25.99118618615715 22.486039623355264
1004.2916666666666 25.992702253484996 22.486990907461557
1004.7916666666666 25.994239359535904 22.48794486872978
1005.2916666666666 25.995751599015 22.488896388720754
1005.7916666666666 25.997289668901384 22.4898501605475
1006.2916666666666 25.998819599096446 22.490799433297084
1006.7916666666666 26.00037942334401 22.491769111779696
1007.2916666666666 26.001912159812647 22.49272416970678
1007.7916666666666 26.003441109984205 22.493673921502065
1008.2916666666666 26.004988927370878 22.494625049052154
1008.7916666666666 26.00652202257104 22.495595679750345
1009.2916666666666 26.008075820546367 22.49654362385115
1009.7916666666666 26.009598946678135 22.497506868588157
1010.2916666666666 26.01118278660655 22.49846105480443
1010.7916666666666 26.012705763334367 22.499417805591623
1011.2916666666666 26.014325389486082 22.500373816196255
1011.7916666666666 26.015888949676025 22.50134237751745
1012.2916666666666 26.017413088017207 22.502301318017967
1012.7916666666666 26.018946607796494 22.503261943177257
1013.2916666666666 26.02053292733008 22.504220623243526
1013.7916666666666 26.02207454188828 22.5051971219985
1014.2916666666666 26.023627936891806 22.506152811445162
1014.7916666666666 26.025131575917875 22.507127074687606
1015.2916666666666 26.026673379168777 22.508090555520717
1015.7916666666666 26.02823314021592 22.509059557000853
1016.2916666666666 26.029749561530906 22.510030505578598
1016.7916666666666 26.031283960600415 22.51099992833497
1017.2916666666666 26.032808236012713 22.511974564301962
1017.7916666666666 26.034342900967083 22.51294952964608
1018.2916666666666 26.03584727856549 22.51392185513778
1018.7916666666666 26.03736716535179 22.5149033629354
1019.2916666666666 26.03889497067634 22.515873461001288
1019.7916666666666 26.04039260140711 22.51686595121236
1020.2916666666666 26.041907910150105 22.517837611929693
1020.7916666666666 26.043436356848765 22.5188187975479
1021.2916666666666 26.0449472976969 22.519801047148796
1021.7916666666666 26.046479086795 22.520785990457497
1022.2916666666666 26.04799465808391 22.521771610200908
1022.7916666666666 26.049480893853246 22.522753433203754
1023.2916666666666 26.051029191354743 22.523743594529368
1023.7916666666666 26.052466766923033 22.524730449403904
1024.2916666666667 26.05399675016311 22.525721373051773
1024.7916666666667 26.05552650056339 22.526703027999208
1025.2916666666667 26.0570373346671 22.527690750819943
1025.7916666666667 26.05852378654602 22.528688561696143
1026.2916666666667 26.059977502344488 22.529675538059312
1026.7916666666667 26.061539769564433 22.530674543636714
1027.2916666666667 26.063051195060233 22.53166177267431
1027.7916666666667 26.06451746224893 22.532655414218098
1028.2916666666667 26.066018161315647 22.533656675734733
1028.7916666666667 26.06754358838025 22.534646033834377
1029.2916666666667 26.069052770481402 22.53564352450894
1029.7916666666667 26.070525192267695 22.536647082268388
1030.2916666666667 26.07204631636142 22.5376437838143
1030.7916666666667 26.07353605321012 22.538643513652072
1031.2916666666667 26.075073792381843 22.539641717978785
1031.7916666666667 26.076564951096415 22.540646700746354
1032.2916666666667 26.07806213811251 22.541649620940348
1032.7916666666667 26.079604130215372 22.542646544440707
1033.2916666666667 26.081108003387573 22.543649497052108
1033.7916666666667 26.08262081792776 22.54465485266216
1034.2916666666667 26.084142870210112 22.545652455027767
1034.7916666666667 26.08566075963691 22.546660278103452
1035.2916666666667 26.087168142007798 22.547664826374557
1035.7916666666667 26.088713275447816 22.548671704775103
1036.2916666666667 26.090203234675453 22.5496771934518
1036.7916666666667 26.091768631673148 22.550689347628087
1037.2916666666667 26.09329740499831 22.551698413052918
1037.7916666666667 26.09482745133529 22.552700670341196
1038.2916666666667 26.096319655695545 22.55370982625059
1038.7916666666667 26.097837068500045 22.55471379105982
1039.2916666666667 26.099433242924768 22.55573230179785
1039.7916666666667 26.100984962243633 22.55674118395573
1040.2916666666667 26.102486983226385 22.55775350682047
1040.7916666666667 26.104027020370207 22.558757625084574
1041.2916666666667 26.105615433473737 22.559771192704893
1041.7916666666667 26.107128063550636 22.560787602024174
1042.2916666666667 26.108712416647066 22.561798630342423
1042.7916666666667 26.110273542157245 22.562804811126348
1043.2916666666667 26.111852502462906 22.5638215701036
1043.7916666666667 26.113435758882545 22.5648383893129
1044.2916666666667 26.114987869574367 22.56585575787337
1044.7916666666667 26.11656895968569 22.56686212394939
1045.2916666666667 26.11814102445567 22.56787171907511
1045.7916666666667 26.119767314234753 22.5688902444045
1046.2916666666667 26.121357756408123 22.56990401867047
1046.7916666666667 26.122945573426634 22.570922041304094
1047.2916666666667 26.12456220799873 22.571942760193867
1047.7916666666667 26.126115648471846 22.572953243981537
1048.2916666666667 26.127807720427917 22.57395805506647
1048.7916666666667 26.129396905026674 22.574988200503622
1049.2916666666667 26.131029629751264 22.576001237078664
1049.7916666666667 26.132672802500345 22.57701465792674
1050.2916666666667 26.134296374128752 22.578029570899417
1050.7916666666667 26.13590419447523 22.579043582770694
1051.2916666666667 26.137542433338638 22.58006159842864
1051.7916666666667 26.13923381591196 22.581088132001383
1052.2916666666667 26.140883259658096 22.582099623135583
1052.7916666666667 26.14256319987614 22.58311403682836
1053.2916666666667 26.144195802658025 22.584134274381103
1053.7916666666667 26.14585455354441 22.585153590298248
1054.2916666666667 26.147514739358048 22.58617532217682
1054.7916666666667 26.149186596497962 22.587191414511516
1055.2916666666667 26.150889692546954 22.588214017063606
1055.7916666666667 26.152493968110072 22.589232872115605
1056.2916666666667 26.15420766935165 22.5902603211996
1056.7916666666667 26.155884123726008 22.591280148342513
1057.2916666666667 26.157530292914508 22.5923033656594
1057.7916666666667 26.159221778433043 22.59332807990807
1058.2916666666667 26.160922214685627 22.59434693291405
1058.7916666666667 26.16262660711162 22.595372805770808
1059.2916666666667 26.16428416875593 22.596397140531323
1059.7916666666667 26.165979959087394 22.597422734791458
1060.2916666666667 26.167690564821275 22.598438988100284
1060.7916666666667 26.169365327015385 22.599471300283405
1061.2916666666667 26.171067503580062 22.600501136231607
1061.7916666666667 26.17277096740051 22.60152635118406
1062.2916666666667 26.174503736506864 22.602558060581764
1062.7916666666667 26.17622066527924 22.603584521790147
1063.2916666666667 26.177921268672332 22.604611555923697
1063.7916666666667 26.179639306585123 22.60563938299533
1064.2916666666667 26.18135308821889 22.606671769393408
1064.7916666666667 26.18309877510944 22.607703151173556
1065.2916666666667 26.18481119287004 22.60872844630512
1065.7916666666667 26.186582567164223 22.609767615611652
1066.2916666666667 26.188261564229546 22.610800330146482
1066.7916666666667 26.190007891317677 22.611829586848057
1067.2916666666667 26.191744239736266 22.612864761187026
1067.7916666666667 26.19349671182633 22.61390319751458
1068.2916666666667 26.19528378962829 22.61493304497548
