FastTrWP/PhaseSpace/IAs/snIa_0.39_30.00_-0.76_-0.15.csv
# %ECSV 0.9
# ---
# datatype:
# - {name: time-rel, datatype: float64}
# - {name: g, datatype: float64}
# - {name: i, datatype: float64}
# schema: astropy-2.0
time-rel g i
[from data line 701]
-52.5 22.85423074273655 22.802633697897665
-52.0 22.853645876999206 22.801509383689726
-51.5 22.853065580785092 22.800386134122324
-51.0 22.852486615266415 22.799272713497135
-50.5 22.851920143076832 22.798166373440175
-50.0 22.85136280200912 22.79705723670324
-49.5 22.850824235561728 22.795957835215187
-49.0 22.85028080937845 22.794866335976543
-48.5 22.849754835286774 22.79376805140722
-48.0 22.84923586165742 22.79268369838375
-47.5 22.848729997411116 22.791604803389227
-47.0 22.84821860850596 22.79052646246796
-46.5 22.84773419765848 22.789463795943202
-46.0 22.84724738393092 22.788400391740822
-45.5 22.846773408734297 22.78733765208446
-45.0 22.84630310128962 22.78627149611917
-44.5 22.845845176701012 22.785230542881227
-44.0 22.845399248863394 22.784167742830554
-43.5 22.844956495517117 22.783128792483023
-43.0 22.844522876734096 22.782092590680996
-42.5 22.844093786360897 22.781049749086613
-42.0 22.843680883428952 22.780024087917226
-41.5 22.843271117858865 22.778991875320187
-41.0 22.842865293204593 22.77797563234288
-40.5 22.84246539939406 22.7769524314016
-40.0 22.842081196463425 22.775947838960604
-39.5 22.841706282976688 22.774925333377883
-39.0 22.841329706232475 22.77392219658895
-38.5 22.84097180792472 22.772922784223788
-38.0 22.84060111402409 22.77191574976137
-37.5 22.840251061709512 22.770921243428006
-37.0 22.839899383807225 22.76993748525175
-36.5 22.83956178607849 22.768949701383654
-36.0 22.83922829535506 22.767967088632016
-35.5 22.838905177435983 22.76698885506142
-35.0 22.838579810598333 22.76601539301077
-34.5 22.838263181823745 22.76503673705681
-34.0 22.837956491928747 22.764063768037982
-33.5 22.837651817392267 22.763102258100286
-33.0 22.8373624101527 22.762147214603967
-32.5 22.837065688115956 22.76118671243217
-32.0 22.836785874090623 22.760229615419053
-31.5 22.83650316630301 22.759278782782395
-31.0 22.836227263054365 22.758331410513218
-30.5 22.83595970572227 22.75738521889981
-30.0 22.83570164564281 22.756444205608382
-29.5 22.835427534675645 22.755512957178535
-29.0 22.835187662516844 22.754571989364358
-28.5 22.83493080633174 22.753641951735595
-28.0 22.83469095217534 22.752710931252075
-27.5 22.834451475493324 22.75178470113255
-27.0 22.834214442724402 22.75087192988616
-26.5 22.833984953646222 22.749945365653772
-26.0 22.83377118213911 22.749029240073867
-25.5 22.83353879447705 22.748119255961726
-25.0 22.83331315439743 22.74721139510114
-24.5 22.833104083681576 22.746302426433115
-24.0 22.832895877586445 22.74539106118526
-23.5 22.832694572838605 22.74449584673566
-23.0 22.83249829024949 22.743597137960847
-22.5 22.83229260199452 22.74270235253962
-22.0 22.832093218016624 22.741802285284876
-21.5 22.8319095533225 22.74091404576759
-21.0 22.831723258391293 22.740024882297547
-20.5 22.831535244016493 22.739136355552283
-20.0 22.831355804718456 22.738253862868664
-19.5 22.83117019305621 22.73737740160992
-19.0 22.831000470770807 22.736497462085854
-18.5 22.830826290353365 22.73561985580764
-18.0 22.830661615402708 22.73475121362184
-17.5 22.830499432709075 22.73387714705047
-17.0 22.83032919403079 22.733009120708413
-16.5 22.830177592479263 22.732142087261536
-16.0 22.830028798709698 22.731279073230386
-15.5 22.829881353924666 22.730420858618366
-15.0 22.82973822062081 22.72955905179459
-14.5 22.82959627779482 22.728710478721247
-14.0 22.829472130756734 22.72785708264167
-13.5 22.829333677070824 22.727001682021154
-13.0 22.829205862939894 22.72615921046573
-12.5 22.829086437012943 22.725318970207535
-12.0 22.82898161235014 22.724474664928387
-11.5 22.82886017373724 22.723643967938738
-11.0 22.828759961755473 22.722798497477065
-10.5 22.828657971642507 22.72196837270538
-10.0 22.828562777494188 22.72113951518559
-9.5 22.82846540351667 22.72031447016992
-9.0 22.8283845819692 22.719492219390716
-8.5 22.82829569562025 22.718676813240137
-8.0 22.82821750831278 22.717850056133145
-7.5 22.82814621562212 22.71704234098749
-7.0 22.828082252070345 22.716227570619893
-6.5 22.82802547103651 22.715417622489372
-6.0 22.82796166309716 22.714613277121707
-5.5 22.827913099411713 22.713804168265828
-5.0 22.82786519402883 22.71301365005943
-4.5 22.8278217248617 22.7122192274921
-4.0 22.827785266184645 22.71141336757364
-3.5 22.827749384807177 22.710632476850712
-3.0 22.827711739633642 22.70983919382283
-2.5 22.82770117824893 22.70905506350369
-2.0 22.82766011205521 22.708265303087245
-1.5 22.827660266602695 22.707490661155745
-1.0 22.827652417236187 22.706715367791052
-0.5 22.827653964190873 22.70593918239605
0.0 22.8276504735812 22.70517067507106
0.5 22.827665216871992 22.704398900954086
1.0 22.82766920432572 22.7036395545325
1.5 22.827688997235946 22.702879337985216
2.0 22.827716924934847 22.702119212265064
2.5 22.82773612507176 22.701358593266047
3.0 22.827770931438224 22.700614452037517
3.5 22.82780536567092 22.69986525869878
4.0 22.827857058489048 22.699113823313542
4.5 22.82790145472649 22.69837543619442
5.0 22.827958486420833 22.697637316144785
5.5 22.828021747527302 22.696897476755243
6.0 22.828087605802793 22.69616665462282
6.5 22.828145854958926 22.695433180720972
7.0 22.828230574583813 22.69471007228885
7.5 22.828306991044798 22.693981860299147
8.0 22.82839581182959 22.69326257674455
8.5 22.82848218773176 22.692539856324345
9.0 22.828582291893362 22.69182540196568
9.5 22.828687893489832 22.69111594184909
10.0 22.828794302712513 22.690412579382038
10.5 22.82891325247212 22.689704618044424
11.0 22.829022117831165 22.68900558977181
11.5 22.829149553979494 22.688303364269792
12.0 22.829286364043387 22.68760610085172
12.5 22.829417116642038 22.68692121461237
13.0 22.8295647932962 22.686222834716148
13.5 22.829706573311764 22.68553506253229
14.0 22.829859976328724 22.684861102751928
14.5 22.83001695077909 22.684173801355584
15.0 22.830181074630854 22.683500483361794
15.5 22.830354824027594 22.68283231909441
16.0 22.830526691593455 22.682160823243184
16.5 22.8307136252409 22.681498225926042
17.0 22.830886187485405 22.68083105942063
17.5 22.831084769546482 22.68016253461687
18.0 22.831274495072055 22.679508203760193
18.5 22.83147738417362 22.678858561936345
19.0 22.831677234910387 22.678191344344697
19.5 22.831892664748242 22.67754708669336
20.0 22.83210489278774 22.67690136433329
20.5 22.832330782092278 22.676258678897003
21.0 22.832555484212165 22.675614580211267
21.5 22.83279750545871 22.67496754530757
22.0 22.833025031011683 22.674331910765922
22.5 22.833265497456367 22.673706713646954
23.0 22.83351371346402 22.673065700724514
23.5 22.833770615203793 22.672443991601128
24.0 22.83402774971588 22.67181706350406
24.5 22.834290463412636 22.67119566172806
25.0 22.834554457134125 22.670578983291648
25.5 22.834832658483187 22.669955089145336
26.0 22.835110660180504 22.669342318601366
26.5 22.83539708042195 22.668732812431095
27.0 22.83568422187715 22.668122356693562
27.5 22.835986726139225 22.66751359447433
28.0 22.836283465580234 22.666917810601777
28.5 22.83658788886939 22.66631127550378
29.0 22.836893876596285 22.665718321617724
29.5 22.83721690103323 22.66512528064615
30.0 22.83754412011477 22.664531352847042
30.5 22.83786575236094 22.663946747327316
31.0 22.838204024178008 22.663358324791737
31.5 22.838541159072886 22.66277738401165
32.0 22.83888226971306 22.662200632223055
32.5 22.839231838959563 22.66162463628994
33.0 22.839596398298955 22.661041259113258
33.5 22.8399578000155 22.66048211093921
34.0 22.840322755318073 22.6599180098426
34.5 22.840691239227993 22.6593492080815
35.0 22.841077445434337 22.65878356444146
35.5 22.84145442805016 22.658225506647945
36.0 22.841839049992934 22.657672677935118
36.5 22.842238109073236 22.657117364720257
37.0 22.842648654479135 22.656565089811362
37.5 22.843052430147836 22.65602398381577
38.0 22.84346543947347 22.655478857629944
38.5 22.843877849988225 22.65493778234452
39.0 22.844309241070032 22.654402555482406
39.5 22.84473488851901 22.65386709390702
40.0 22.845174423815084 22.653338343007565
40.5 22.84561462278048 22.65280483966679
41.0 22.8460649409721 22.65227981077261
41.5 22.84651677733564 22.651757113690756
42.0 22.846976431752818 22.651246222381367
42.5 22.847443192697753 22.650723377017712
43.0 22.847909179931314 22.650212705224103
43.5 22.848389978987456 22.649706091268683
44.0 22.848871184257167 22.649196310352227
44.5 22.849366753037835 22.648696938798967
45.0 22.84986133732751 22.64819098810552
45.5 22.850358505606863 22.647700033749615
46.0 22.8508670893355 22.64720446273469
46.5 22.851383888556462 22.646718699977363
47.0 22.85189724910911 22.646227848956446
47.5 22.852414188450723 22.64573897258647
48.0 22.852959348612703 22.64525609007382
48.5 22.853498655585767 22.64478056984111
49.0 22.854036232481594 22.644307220340337
49.5 22.854582747302523 22.64383535944669
50.0 22.85515309795814 22.643360816345748
50.5 22.855716246693206 22.64290368506589
51.0 22.856295171206177 22.6424345266475
51.5 22.85687663574158 22.641975618009855
52.0 22.85747696091615 22.64151200194954
52.5 22.858078460663283 22.641059465852074
53.0 22.858681579512975 22.64060966837594
53.5 22.859292762673288 22.640159444955138
54.0 22.85991609591738 22.63970849206312
54.5 22.860553264884068 22.63926447319797
55.0 22.861191981161003 22.638823538042217
55.5 22.86184401480238 22.63838656942462
56.0 22.862484173345734 22.637956309090924
56.5 22.863147664709484 22.637522788657556
57.0 22.863810527366798 22.637088571134964
57.5 22.86448448010953 22.636664849526387
58.0 22.865167786033535 22.636239884836918
58.5 22.865846462509936 22.635817706026767
59.0 22.866544527798922 22.635397823444418
59.5 22.86723391455865 22.63497745307434
60.0 22.86794149055264 22.634574127256396
60.5 22.86865400950702 22.634168690415173
61.0 22.869373571004363 22.633762691817758
61.5 22.870092475870543 22.633356198528727
62.0 22.870825367757703 22.632947953046575
62.5 22.87155485552162 22.632553179053737
63.0 22.87230172349446 22.632159208950018
63.5 22.873045876887804 22.63176294608584
64.0 22.873798771977313 22.63138379428691
64.5 22.87455879520431 22.630987684269684
65.0 22.875309643108878 22.63060799267153
65.5 22.8760831720176 22.63022820136068
66.0 22.876848057239375 22.629852674335886
66.5 22.877630630210767 22.62947580558783
67.0 22.87840537564072 22.629104299888148
67.5 22.879195207238403 22.628736116128337
68.0 22.879984403968972 22.628369753276374
68.5 22.880779141712594 22.628000941178755
69.0 22.88158293359791 22.62764289772699
69.5 22.882383738058877 22.627287111512633
70.0 22.883195269887043 22.626928176655685
70.5 22.884000779589712 22.6265770503204
71.0 22.88481867133704 22.626228274903397
71.5 22.885636709751275 22.62588530196849
72.0 22.88646105567787 22.62554388962637
72.5 22.887288719452478 22.625203093125265
73.0 22.888115546168212 22.624858066689978
73.5 22.888954864431025 22.624524177990317
74.0 22.88978798218551 22.62419692841599
74.5 22.890625900488374 22.62386574856582
75.0 22.891473456011227 22.62354199498639
75.5 22.8923127640553 22.6232171043374
76.0 22.893175743496123 22.622897204966748
76.5 22.89402050777735 22.622586024782603
77.0 22.89487709629157 22.622265851136667
77.5 22.895733261100162 22.621963672624727
78.0 22.89659714069089 22.621652667990254
78.5 22.89745599257408 22.621350334096185
79.0 22.898321990096715 22.621048424296003
79.5 22.899191313057813 22.620743939948056
80.0 22.900055774614113 22.62044859579275
80.5 22.900925051326382 22.620152561199628
81.0 22.901793951618625 22.61986776958754
81.5 22.90266671745985 22.619572589368264
82.0 22.903537732252808 22.619291544603684
82.5 22.90441920621474 22.619004310308615
83.0 22.905299905771244 22.618732895102553
83.5 22.906198851579287 22.618453068333988
84.0 22.907084292113964 22.618182598337263
84.5 22.907997243861224 22.617921027016003
85.0 22.908901818366317 22.617643493494434
85.5 22.909800958889768 22.61738433981311
86.0 22.91073067111842 22.617129282855274
86.5 22.911657052904957 22.616862785282365
87.0 22.91258773161728 22.616605774474078
87.5 22.91351714413775 22.616351923551598
88.0 22.9144525478649 22.61610772091978
88.5 22.91540535070546 22.615858818928483
89.0 22.916355686337404 22.615612327448332
89.5 22.917299596681808 22.615371525914746
90.0 22.918264341360643 22.61512817666236
90.5 22.919230224657447 22.61489263347916
91.0 22.920201221412242 22.614661068218147
91.5 22.921174198999847 22.614435644255586
92.0 22.922148325691737 22.61421154409235
92.5 22.923131676684555 22.61397581191823
93.0 22.924120319978186 22.613756388585976
93.5 22.925111635866497 22.61353999443663
94.0 22.926115086443755 22.613324195148277
94.5 22.927107493696948 22.613109586308454
95.0 22.928118538975262 22.612900456007687
95.5 22.929123697644055 22.612693942665576
96.0 22.930135622367665 22.61248999986548
96.5 22.93115160744588 22.612286547092936
97.0 22.93216515066611 22.612083251355465
97.5 22.933193914613035 22.611893486502805
98.0 22.934219144639346 22.611700696982457
98.5 22.935244363087207 22.611513271881726
99.0 22.936275064715854 22.61132305954923
99.5 22.93730679454864 22.61113157201585
100.0 22.938354567264298 22.610945786645114
100.5 22.939398163022897 22.61076888222663
101.0 22.940441768991285 22.61058694230197
101.5 22.941489961754506 22.610419949890186
102.0 22.942542413482872 22.61025182188686
102.5 22.943603404980315 22.61007913069197
103.0 22.944645810718114 22.6099127838123
103.5 22.945714571236095 22.609749192534924
104.0 22.9467686553434 22.60958930070888
104.5 22.947838533460335 22.609434263150412
105.0 22.948898302670866 22.60927553914224
105.5 22.949966893515846 22.609125905988577
106.0 22.95104557541149 22.60897403977273
106.5 22.952123723689137 22.60882778864438
107.0 22.953186993837605 22.608685736280844
107.5 22.954273164539707 22.608544265868275
108.0 22.95534071960226 22.60840333817984
108.5 22.956422132224073 22.608274999620207
109.0 22.957515508691884 22.60813565208298
109.5 22.958592610338204 22.60800585313598
110.0 22.9596781248649 22.607871180317826
110.5 22.960761890324388 22.607754210619817
111.0 22.96185718406237 22.607628138992375
111.5 22.96294374919779 22.607513906697072
112.0 22.964030619963562 22.60739228586994
112.5 22.965117832575338 22.607281452850696
113.0 22.966209303305792 22.607170225434313
113.5 22.96730734329479 22.607063023731058
114.0 22.968400276439034 22.606952844014575
114.5 22.96948852099861 22.60685228864315
115.0 22.970574665244257 22.60674926483494
115.5 22.971676001825543 22.606659239630154
116.0 22.9727758109569 22.606559247847212
116.5 22.973872915653107 22.606465307349573
117.0 22.974972148913494 22.606381680588118
117.5 22.976075909142146 22.606290903290986
118.0 22.9771802209863 22.6062037557228
118.5 22.978297817716552 22.606128871926746
119.0 22.97940524959699 22.606050615221783
119.5 22.980521788205486 22.605973553056522
120.0 22.981637539649732 22.605900578961332
120.5 22.982759746940843 22.60583288344323
121.0 22.98387794408152 22.60576485584209
121.5 22.98500978974241 22.60570070923775
122.0 22.986134861631868 22.605642151359465
122.5 22.98726808848336 22.605578670792998
123.0 22.988397560594326 22.605525490897065
123.5 22.989537944171303 22.60547406398392
124.0 22.99068056910306 22.605429120207315
124.5 22.99181442051605 22.60537231211025
125.0 22.992966263800735 22.605333827204976
125.5 22.99411251696499 22.605288756445276
126.0 22.99526415494317 22.605249571594086
126.5 22.99642309058463 22.605215159017185
127.0 22.997566005397786 22.60518370742402
127.5 22.99872676691045 22.605150033156704
128.0 22.999891086903745 22.605122743631775
128.5 23.001044282115892 22.605093494359476
129.0 23.002213667148798 22.605076478282232
129.5 23.0033878528627 22.605052504651532
130.0 23.004555017947716 22.60503730041554
130.4999999999999 23.005725000429486 22.605032736265194
131.0 23.00690563957382 22.605006163530955
131.5 23.008083041869245 22.60500810480604
131.9999999999999 23.009259889752638 22.604996914924055
132.5 23.01044338766522 22.604989520055405
133.0 23.011623398807593 22.604986944474675
133.4999999999999 23.0128196097051 22.604992546436012
134.0 23.014010097418634 22.604995107688058
