FastTrWP/PhaseSpace/IAs/snIa_0.4_20_0.0_0.1.csv
# %ECSV 0.9
# ---
# datatype:
# - {name: time-rel, datatype: float64}
# - {name: g, datatype: float64}
# - {name: i, datatype: float64}
# schema: astropy-2.0
time-rel g i
[from data line 1951]
959.2291666666665 -25.14112501731528 -27.082980578482182
959.7291666666666 -25.138956471202306 -27.082086014710598
960.2291666666666 -25.136827601170893 -27.081181794068808
960.7291666666665 -25.13467335325021 -27.080286648028526
961.2291666666666 -25.13254153018872 -27.079367516137687
961.7291666666666 -25.13040221459648 -27.078476479934697
962.2291666666665 -25.128291124846044 -27.077581330907194
962.7291666666666 -25.126137171270567 -27.076693113384998
963.2291666666666 -25.123987034957146 -27.075791877838515
963.7291666666665 -25.12184074958266 -27.074897178467058
964.2291666666666 -25.11972338069095 -27.07400901034199
964.7291666666666 -25.117583240586782 -27.073127242890966
965.2291666666665 -25.115464135170576 -27.072225424878376
965.7291666666666 -25.113324239451806 -27.071348611558594
966.2291666666666 -25.11117992978614 -27.07046291101253
966.7291666666665 -25.109059109585246 -27.069573327231396
967.2291666666666 -25.10691246914703 -27.06869361941587
967.7291666666666 -25.104812781404068 -27.06782008591948
968.2291666666665 -25.102692155055507 -27.066937183507314
968.7291666666666 -25.10056610160053 -27.06606132632162
969.2291666666666 -25.09843671492476 -27.065182451761565
969.7291666666665 -25.096306432889723 -27.064302705129087
970.2291666666666 -25.094171466427202 -27.063436419884024
970.7291666666666 -25.09207500466552 -27.062551663952966
971.2291666666665 -25.089934239754168 -27.061691425484593
971.7291666666666 -25.087816560788742 -27.060821758159136
972.2291666666666 -25.085658375585176 -27.059949926701755
972.7291666666665 -25.083555008582685 -27.059078706983996
973.2291666666666 -25.08143366270493 -27.0582197923465
973.7291666666666 -25.07931669167734 -27.05735295366114
974.2291666666665 -25.07719920399499 -27.056487381077172
974.7291666666666 -25.075085481933627 -27.055623446687353
975.2291666666666 -25.072956276004707 -27.054765939553576
975.7291666666665 -25.070844757938392 -27.05390453312051
976.2291666666666 -25.06871622027124 -27.053047939014903
976.7291666666666 -25.066627952418305 -27.052189912987032
977.2291666666665 -25.064484257937814 -27.051335065361624
977.7291666666666 -25.062385035120208 -27.050479847875714
978.2291666666666 -25.060266796745218 -27.049635695718965
978.7291666666665 -25.058158523866165 -27.048775460803366
979.2291666666666 -25.05603820438634 -27.04793317539702
979.7291666666666 -25.05393838990665 -27.047079039934893
980.2291666666665 -25.051824579857964 -27.046231338527235
980.7291666666666 -25.049713966761562 -27.045390375911804
981.2291666666666 -25.047597599761325 -27.044542149576557
981.7291666666665 -25.045513625687473 -27.043704307549476
982.2291666666666 -25.043409965103656 -27.04286651300879
982.7291666666666 -25.041306596160236 -27.042026637147657
983.2291666666665 -25.039213813798924 -27.0411923111771
983.7291666666666 -25.037093257252728 -27.040358564322023
984.2291666666666 -25.03499635815107 -27.03951961751467
984.7291666666665 -25.032885322593877 -27.038695154091425
985.2291666666666 -25.030839678515562 -27.037860805538557
985.7291666666666 -25.02873602975598 -27.037032262225907
986.2291666666665 -25.026624602245946 -27.036198235269808
986.7291666666666 -25.024558669820497 -27.035374808761482
987.2291666666666 -25.022468459275892 -27.034554239077075
987.7291666666665 -25.020391008475965 -27.03374111933595
988.2291666666666 -25.01830497335583 -27.03291123582906
988.7291666666666 -25.01621530270148 -27.032097797820445
989.2291666666665 -25.014129998982703 -27.03128150719045
989.7291666666666 -25.012056740362738 -27.030462721662083
990.2291666666666 -25.00998147526594 -27.029653450869937
990.7291666666665 -25.007880225408027 -27.028839038516725
991.2291666666666 -25.005835896107044 -27.028026839494224
991.7291666666666 -25.003763185705765 -27.027220552288313
992.2291666666665 -25.001703259705415 -27.026426211977142
992.7291666666666 -24.999646576513996 -27.025614082054744
993.2291666666666 -24.99756913070904 -27.024818617045327
993.7291666666665 -24.995501296179373 -27.024010040926623
994.2291666666666 -24.99345440290766 -27.023212721674405
994.7291666666666 -24.991400793464948 -27.022412829390618
995.2291666666665 -24.989342322987028 -27.021620845937882
995.7291666666666 -24.987308522613738 -27.020825330361312
996.2291666666666 -24.985219782656486 -27.020035120983078
996.7291666666665 -24.983199566292807 -27.019248105433668
997.2291666666666 -24.981185681351118 -27.018462128555857
997.7291666666666 -24.97911882021546 -27.017676017658715
998.2291666666665 -24.97708045046972 -27.01688925965575
998.7291666666666 -24.975043596320784 -27.0161109083174
999.2291666666666 -24.97300858214908 -27.015335534458377
999.7291666666665 -24.970999172829664 -27.014556740675893
1000.2291666666666 -24.96895932627484 -27.013779352184972
1000.7291666666666 -24.9669412343486 -27.013011705851852
1001.2291666666665 -24.9649169319836 -27.012242050509485
1001.7291666666666 -24.962894460767373 -27.011466604665543
1002.2291666666666 -24.96088890580962 -27.010714928031227
1002.7291666666665 -24.95886858520467 -27.009950688650903
1003.2291666666666 -24.956865465491923 -27.0091835102064
1003.7291666666666 -24.954882422370925 -27.00843163697314
1004.2291666666665 -24.952895324966335 -27.0076818370504
1004.7291666666666 -24.95091194826845 -27.006929190518207
1005.2291666666666 -24.948918752937107 -27.006182751212563
1005.7291666666665 -24.946937197389182 -27.005438329634647
1006.2291666666666 -24.944958475652356 -27.00470670853708
1006.7291666666666 -24.942989428016027 -27.003966688907788
1007.2291666666665 -24.94105054155532 -27.003233496871744
1007.7291666666666 -24.939088940406382 -27.002497916902634
1008.2291666666666 -24.93710216285921 -27.00176866990784
1008.7291666666666 -24.935165420249014 -27.00104214848718
1009.2291666666666 -24.933197447605536 -27.000317737781323
1009.7291666666666 -24.931260156104294 -26.999593175356665
1010.2291666666666 -24.929322623517926 -26.99887023569208
1010.7291666666666 -24.927367584306978 -26.99816238919361
1011.2291666666666 -24.925433356368213 -26.99744304602776
1011.7291666666666 -24.92351216920662 -26.996720411008663
1012.2291666666666 -24.9215740067855 -26.996015865685695
1012.7291666666666 -24.91964822610878 -26.99530762703809
1013.2291666666666 -24.917711707719917 -26.994598600514152
1013.7291666666666 -24.915825049533172 -26.993903103052244
1014.2291666666666 -24.913899805044984 -26.993195815294424
1014.7291666666666 -24.91196549380842 -26.992486207849808
1015.2291666666666 -24.910068579809884 -26.991791595745283
1015.7291666666666 -24.908148157197854 -26.99108914917977
1016.2291666666666 -24.906254642813096 -26.99039397023077
1016.7291666666666 -24.904331928159877 -26.98970205122292
1017.2291666666666 -24.902449437884577 -26.98901253610757
1017.7291666666666 -24.900544204807737 -26.988316149341838
1018.2291666666666 -24.898640567019335 -26.9876231017693
1018.7291666666666 -24.89675085852052 -26.986930180516545
1019.2291666666666 -24.894852277101933 -26.98624444351036
1019.7291666666666 -24.892960431134874 -26.985563962514675
1020.2291666666666 -24.89107093379684 -26.984876482461225
1020.7291666666666 -24.889201192876193 -26.984191579499523
1021.2291666666666 -24.88730786528219 -26.98351086431554
1021.7291666666666 -24.88540018743204 -26.982827720371333
1022.2291666666666 -24.883528897571093 -26.982144390023986
1022.7291666666666 -24.881648190308585 -26.98147021857404
1023.2291666666666 -24.87975237047047 -26.980778207976716
1023.7291666666666 -24.877881310160824 -26.9800969628341
1024.2291666666667 -24.87599898912004 -26.979432648632688
1024.7291666666667 -24.87412645028298 -26.978738308095597
1025.2291666666667 -24.872218602907953 -26.978071572670707
1025.7291666666667 -24.870346266221897 -26.97739278198498
1026.2291666666667 -24.868472999569914 -26.976714243863768
1026.7291666666667 -24.866591557625974 -26.976035596128924
1027.2291666666667 -24.86473436526896 -26.975361807400482
1027.7291666666667 -24.862844845136088 -26.974690545626977
1028.2291666666667 -24.860962137633162 -26.97401062062226
1028.7291666666667 -24.85908158239175 -26.973331145726
1029.2291666666667 -24.8571982205314 -26.972660476269326
1029.7291666666667 -24.85534130282086 -26.971980937392935
1030.2291666666667 -24.85343271025499 -26.971304752778384
1030.7291666666667 -24.85155509870763 -26.970629530816392
1031.2291666666667 -24.84968281806241 -26.969953049461854
1031.7291666666667 -24.847804399200704 -26.96928049489466
1032.2291666666667 -24.845922572691794 -26.96859974011954
1032.7291666666667 -24.84400541560835 -26.967921584234688
1033.2291666666667 -24.842131742149242 -26.967244720321695
1033.7291666666667 -24.840239985472863 -26.966573028289513
1034.2291666666667 -24.838350930216833 -26.965891709022415
1034.7291666666667 -24.836454302866343 -26.965211988577312
1035.2291666666667 -24.834559116065922 -26.964527955289274
1035.7291666666667 -24.832663654300653 -26.963845886089036
1036.2291666666667 -24.830788778051534 -26.963175059039365
1036.7291666666667 -24.828885891025973 -26.96249175632753
1037.2291666666667 -24.82701833713099 -26.96182284442083
1037.7291666666667 -24.825118240775105 -26.96115076324832
1038.2291666666667 -24.823239379943654 -26.960468783717584
1038.7291666666667 -24.821367476707938 -26.959804062135653
1039.2291666666667 -24.819465040210538 -26.95914350482273
1039.7291666666667 -24.81760133457768 -26.958469522970084
1040.2291666666667 -24.815740586729955 -26.957798575766184
1040.7291666666667 -24.813862754929502 -26.95714365497861
1041.2291666666667 -24.812013185828484 -26.956468888263664
1041.7291666666667 -24.810147810625914 -26.955810469086913
1042.2291666666667 -24.80826482347776 -26.955146631306782
1042.7291666666667 -24.806444517042905 -26.95447877379479
1043.2291666666667 -24.804562223321888 -26.953832928076245
1043.7291666666667 -24.802700584415945 -26.95316873508927
1044.2291666666667 -24.800854993673944 -26.952504245139316
1044.7291666666667 -24.798967890132285 -26.951856355363933
1045.2291666666667 -24.797156191371744 -26.951203293332362
1045.7291666666667 -24.79526116130377 -26.950540555908567
1046.2291666666667 -24.793441293275293 -26.949894834429283
1046.7291666666667 -24.791576391442533 -26.9492348326968
1047.2291666666667 -24.78973452740516 -26.948578681260564
1047.7291666666667 -24.787857831329934 -26.947927635936814
1048.2291666666667 -24.786025779255194 -26.947269106603176
1048.7291666666667 -24.784189939285174 -26.946623641478055
1049.2291666666667 -24.78234659382207 -26.945973134703507
1049.7291666666667 -24.780476595772704 -26.945321275742828
1050.2291666666667 -24.77865045583235 -26.94467473467871
1050.7291666666667 -24.776816682127887 -26.944023828961047
1051.2291666666667 -24.774948784424467 -26.943363790378072
1051.7291666666667 -24.77313127811317 -26.942720706080422
1052.2291666666667 -24.77128538565722 -26.942071289748135
1052.7291666666667 -24.769431226548075 -26.941426570318285
1053.2291666666667 -24.76758816901402 -26.94077361264717
1053.7291666666667 -24.765784384439485 -26.940128071293792
1054.2291666666667 -24.763922766950998 -26.939471902749233
1054.7291666666667 -24.7620666252244 -26.938837616817604
1055.2291666666667 -24.760230726833182 -26.938177955931273
1055.7291666666667 -24.758401612438576 -26.937524251296423
1056.2291666666667 -24.756531744539014 -26.936878370340672
1056.7291666666667 -24.754677833633277 -26.93623350196305
1057.2291666666667 -24.75284698797533 -26.935580763404374
1057.7291666666667 -24.75099048418256 -26.93492514576061
1058.2291666666667 -24.74917940375319 -26.934280280464115
1058.7291666666667 -24.747327141016537 -26.93362723227958
1059.2291666666667 -24.74545791461626 -26.932987724069704
1059.7291666666667 -24.743600178682517 -26.93232736042933
1060.2291666666667 -24.74179111690718 -26.93167097873682
1060.7291666666667 -24.73995294369727 -26.931023207295304
1061.2291666666667 -24.738077895004636 -26.93036970247196
1061.7291666666667 -24.736255915107996 -26.929718548825043
1062.2291666666667 -24.73435683120819 -26.9290611821313
1062.7291666666667 -24.73251678697399 -26.928405764826955
1063.2291666666667 -24.730645013573955 -26.92775853079262
1063.7291666666667 -24.728821560080135 -26.92709826378949
1064.2291666666667 -24.726959463421586 -26.926439719269112
1064.7291666666667 -24.72507942858682 -26.925787185253206
1065.2291666666667 -24.723206869185642 -26.92511733030826
1065.7291666666667 -24.72135403025799 -26.92446218211814
1066.2291666666667 -24.719479157752517 -26.923805305345002
1066.7291666666667 -24.71759758031679 -26.923146323116267
1067.2291666666667 -24.71574024670482 -26.922478862818537
1067.7291666666667 -24.71385185811474 -26.921811023087898
1068.2291666666667 -24.71196986566892 -26.921148427248987
1068.7291666666667 -24.71008943870029 -26.920478808443256
1069.2291666666667 -24.708237342166093 -26.919817450346546
1069.7291666666667 -24.706342977638514 -26.919140251974177
1070.2291666666667 -24.704479030642446 -26.91848083487666
1070.7291666666667 -24.70257968067257 -26.91781633067544
1071.2291666666667 -24.700726439770264 -26.917144526026572
1071.7291666666667 -24.69879792086661 -26.91647510379792
1072.2291666666667 -24.696930099867664 -26.91579214222014
1072.7291666666667 -24.695032185355828 -26.915138918934346
1073.2291666666667 -24.693135943450123 -26.91446300573282
1073.7291666666667 -24.691274924573104 -26.91379820076981
1074.2291666666667 -24.68939380333394 -26.913117245058476
1074.7291666666667 -24.68746290471545 -26.912444832705383
1075.2291666666667 -24.685563178097645 -26.91178499250188
1075.7291666666667 -24.683673820854914 -26.91111103377952
1076.2291666666667 -24.681785377993837 -26.910437460796032
1076.7291666666667 -24.679889119366557 -26.909766878343486
1077.2291666666667 -24.677974711023577 -26.909079160569632
1077.7291666666667 -24.676092569329903 -26.90841949601321
1078.2291666666667 -24.674199796431232 -26.907739909662173
1078.7291666666667 -24.672323640417776 -26.90707214509168
1079.2291666666667 -24.67042542167745 -26.90639336044589
1079.7291666666667 -24.668509037945178 -26.90571661942275
1080.2291666666667 -24.66661969640942 -26.90503857574953
1080.7291666666667 -24.664736891300727 -26.904371371323585
1081.2291666666667 -24.66281402711737 -26.903693550693845
1081.7291666666667 -24.66093034368366 -26.90301759670988
1082.2291666666667 -24.658996007031874 -26.902338793818835
1082.7291666666667 -24.6571117681324 -26.901669669537856
1083.2291666666667 -24.655188978295463 -26.900981919733503
1083.7291666666667 -24.653313776998537 -26.900309936086664
1084.2291666666667 -24.65141333983776 -26.899631423255578
1084.7291666666667 -24.64953517709241 -26.898958952497395
1085.2291666666667 -24.647607485332 -26.898276862908116
1085.7291666666667 -24.645694626279088 -26.897600160435253
1086.2291666666667 -24.643785292514192 -26.896917706865132
1086.7291666666667 -24.641896698235026 -26.89624610454014
1087.2291666666667 -24.63996897326495 -26.895568350715934
1087.7291666666667 -24.638062153194284 -26.894880625627565
1088.2291666666667 -24.636169858235615 -26.894210622129503
1088.7291666666667 -24.63425157730889 -26.893531048617216
1089.2291666666667 -24.632366530282205 -26.892850443798828
1089.7291666666667 -24.630457168540076 -26.892171923827348
1090.2291666666667 -24.62857118515041 -26.8914893288949
1090.7291666666667 -24.626633387418913 -26.8908131927993
1091.2291666666667 -24.624743396375454 -26.890142391235237
1091.7291666666667 -24.62281715196635 -26.88944734978328
1092.2291666666667 -24.620922636876166 -26.88877290081254
1092.7291666666667 -24.619027208195334 -26.888089767064635
1093.2291666666667 -24.61712781348508 -26.88741508834549
1093.7291666666667 -24.615226324478176 -26.886732995608895
1094.2291666666667 -24.613333879673327 -26.8860491654548
1094.7291666666667 -24.611388802531287 -26.885365786501506
1095.2291666666667 -24.609506058890727 -26.884688851083347
1095.7291666666667 -24.607608679396943 -26.88400241514694
1096.2291666666667 -24.605660508517314 -26.88333065094115
