FastTrWP/PhaseSpace/IAs/snIa_0.39_30.00_-0.76_-0.15.csv
# %ECSV 0.9
# ---
# datatype:
# - {name: time-rel, datatype: float64}
# - {name: g, datatype: float64}
# - {name: i, datatype: float64}
# schema: astropy-2.0
time-rel g i
208.41666666666666 26.98573147680559 25.56959143904954
208.91666666666666 26.959954299745725 25.559657010106314
209.41666666666663 26.93457667558278 25.54971708214309
209.91666666666666 26.909700489412355 25.53988012333152
210.41666666666666 26.88520363403618 25.53005227313092
210.91666666666663 26.86109651995892 25.52030614098285
211.41666666666666 26.837374132246627 25.510583745773765
211.91666666666666 26.81402476037637 25.5009040999115
212.41666666666663 26.791040579806022 25.491312540589472
212.91666666666666 26.768413415814866 25.481757100969148
213.41666666666666 26.74613465059607 25.472242073338123
213.91666666666663 26.724261713077794 25.462776263708765
214.41666666666666 26.70260653821344 25.453360358229503
214.91666666666666 26.681304328738428 25.443995602064618
215.41666666666663 26.660340319509274 25.43467623059864
215.91666666666666 26.639679816569387 25.425390485323792
216.41666666666666 26.619283043189903 25.41618947960986
216.91666666666663 26.599143786905522 25.40702455981064
217.41666666666666 26.5793039632176 25.397914482623705
217.91666666666666 26.55973178037417 25.38881479610902
218.41666666666663 26.540434422543363 25.37976848924953
218.91666666666666 26.52137728307477 25.370777310265986
219.41666666666666 26.502549609792318 25.3618490898199
219.91666666666663 26.484025541137946 25.352950060602883
220.41666666666666 26.46570110650503 25.344130847140136
220.91666666666666 26.447605447520527 25.33532422236523
221.41666666666663 26.42979015273867 25.326606890874256
221.91666666666666 26.412140882360482 25.31791472750089
222.41666666666666 26.394700403089708 25.309262186442297
222.91666666666663 26.377508485553236 25.30064824455371
223.41666666666666 26.360451914264612 25.292073541012826
223.91666666666666 26.343723863947027 25.28354344161098
224.41666666666663 26.327158558491774 25.275115366241838
224.91666666666666 26.310706697089103 25.266678755107673
225.41666666666666 26.294506500127994 25.258294149850716
225.91666666666663 26.278484461117838 25.249978221257912
226.41666666666666 26.26265929519151 25.24167939856927
226.91666666666666 26.24699359195568 25.233429526189
227.41666666666663 26.23149153672161 25.225217956920915
227.91666666666666 26.21614269097275 25.217017619799364
228.41666666666666 26.200968744279166 25.20890600763419
228.91666666666663 26.185967474105002 25.200753808271394
229.41666666666666 26.171098914827994 25.19270233937988
229.91666666666666 26.15640474680975 25.184648719113135
230.41666666666666 26.14181459927078 25.176622476353675
230.91666666666666 26.12735511097241 25.168635923691298
231.41666666666666 26.113057616107437 25.160698567554096
231.91666666666666 26.09886983340771 25.152764899643742
232.41666666666666 26.084871411721778 25.144897266541527
232.91666666666666 26.07093531186555 25.137026992095027
233.41666666666666 26.057117480833917 25.12917852290467
233.91666666666666 26.043509755938512 25.121418145311022
234.41666666666666 26.029915326210265 25.11364009894656
234.91666666666666 26.01645518021415 25.105907230701845
235.41666666666666 26.003138242932163 25.098233086316664
235.91666666666666 25.98994994638204 25.09055057964678
236.41666666666666 25.976810490799554 25.082918287140213
236.91666666666666 25.963833329932392 25.07531478909756
237.41666666666666 25.95091210493498 25.06773480152888
237.91666666666666 25.938080106910615 25.06020689755792
238.41666666666666 25.925384525415023 25.052688579329264
238.91666666666666 25.912757038885303 25.0451969082202
239.41666666666666 25.900234132510093 25.03773880678604
239.91666666666666 25.88783482790283 25.03031079048415
240.41666666666666 25.875459502727594 25.022913911487677
240.91666666666666 25.86320861271803 25.01553139667136
241.41666666666666 25.851046343217426 25.008213971597687
241.91666666666666 25.838964952688386 25.000902474525862
242.41666666666666 25.826983179521626 24.993611066502087
242.91666666666666 25.81508005221994 24.986364204837873
243.41666666666666 25.803189109130127 24.97916352498155
243.91666666666666 25.79143712611051 24.97195421771282
244.41666666666666 25.779736612918175 24.964792343323033
244.91666666666666 25.76810261904335 24.957654867307394
245.41666666666666 25.756570389901576 24.950568166467125
245.91666666666666 25.74512059966596 24.943468904594063
246.41666666666666 25.733727292303964 24.93642702723962
246.91666666666666 25.722339894206463 24.92938827173227
247.41666666666666 25.71107396998679 24.922390773596234
247.91666666666666 25.699897497823482 24.91543139603646
248.41666666666666 25.688765143298955 24.90848809115064
248.91666666666666 25.67769137810064 24.901580130776658
249.41666666666666 25.66668752528543 24.89470923171796
249.91666666666666 25.655723702730604 24.887825957062738
250.41666666666666 25.64482153213404 24.881006839609476
250.91666666666666 25.634014759673693 24.874196236616907
251.41666666666666 25.62326206543034 24.867407433379448
251.91666666666666 25.612480990029862 24.86064600518435
252.41666666666666 25.601875447380348 24.853943543070688
252.91666666666666 25.591263345257275 24.847223028863603
253.41666666666666 25.58069718545848 24.84055469907858
253.91666666666666 25.570200362786952 24.8339023348063
254.41666666666666 25.559759865827925 24.827281840856465
254.91666666666666 25.549371019665518 24.820697775689652
255.41666666666666 25.539021967780556 24.814115206569216
255.91666666666666 25.528724426738563 24.80757623502678
256.4166666666667 25.518499103363695 24.80103087260617
256.9166666666667 25.508269663836543 24.794545822610033
257.4166666666667 25.498125736108026 24.7880782473029
257.9166666666667 25.488046912964712 24.781637296678092
258.4166666666667 25.4779699666196 24.775213578546904
258.9166666666667 25.46794721605391 24.768829359423727
259.4166666666667 25.457992458861327 24.76245201427534
259.9166666666667 25.448094618526017 24.756101472560644
260.4166666666667 25.43823708910445 24.749776724583363
260.9166666666667 25.428401256919315 24.743476742659855
261.4166666666667 25.418683282841776 24.737185377223216
261.9166666666667 25.408990676306217 24.73091435172677
262.4166666666667 25.399373108146584 24.724685758679882
262.9166666666667 25.389821951097655 24.71848271623997
263.4166666666667 25.380289609665283 24.71227702477613
263.9166666666667 25.370845636282155 24.706107860643467
264.4166666666667 25.361432362088916 24.699931668084737
264.9166666666667 25.352072391602466 24.6938124426212
265.4166666666667 25.342790303065886 24.687710264704595
265.9166666666667 25.333540757862423 24.68161819597219
266.4166666666667 25.32431434837143 24.67556126740995
266.9166666666667 25.315171676880098 24.66949575142189
267.4166666666667 25.306084440572608 24.663481011288603
267.9166666666667 25.296985286686535 24.657460703484535
268.4166666666667 25.287924504361033 24.65146877268474
268.9166666666667 25.278951182988585 24.64551459972334
269.4166666666667 25.270034306002366 24.639549285714356
269.9166666666667 25.26110258800735 24.63362390152346
270.4166666666667 25.252247711910954 24.6276969382984
270.9166666666667 25.243411860069 24.62182035577098
271.4166666666667 25.23466519521807 24.615951407003557
271.9166666666667 25.225872564131407 24.610098551034547
272.4166666666667 25.217194861087854 24.604249541322744
272.9166666666667 25.208506735386635 24.59842416137
273.4166666666667 25.19985596540255 24.592637937734537
273.9166666666667 25.191258218690574 24.58685469007092
274.4166666666667 25.182677530435935 24.581083982852114
274.9166666666667 25.174155416700454 24.57534498837921
275.4166666666667 25.16562723589672 24.569622150510114
275.9166666666667 25.15715902323643 24.5639180415685
276.4166666666667 25.1487031842234 24.55823123793585
276.9166666666667 25.140280033929642 24.552537637089987
277.4166666666667 25.131881362047892 24.54688526549519
277.9166666666667 25.123533763867396 24.541255161240834
278.4166666666667 25.115195970909006 24.535621036712925
278.9166666666667 25.106914710978167 24.53000593996056
279.4166666666667 25.09860111880357 24.524412441411172
279.9166666666667 25.090356104707418 24.518860305462
280.4166666666667 25.08212348650433 24.513287305527527
280.9166666666667 25.07392533037658 24.507756639981523
281.4166666666667 25.065744912461252 24.50221310958412
281.9166666666667 25.05759145272862 24.496718077979395
282.4166666666667 25.04946929679172 24.49123019833525
282.9166666666667 25.041339870462096 24.485741087877393
283.4166666666667 25.033268946190073 24.480274407588688
283.9166666666667 25.025222444318636 24.474833641945942
284.4166666666667 25.01717276481665 24.46942097904109
284.9166666666667 25.00915400749893 24.46400379823968
285.4166666666667 25.001131982805727 24.45861444424341
285.9166666666667 24.993204824641655 24.453229748000965
286.4166666666667 24.98519986623924 24.447843048955377
286.9166666666667 24.977256199509913 24.442505336674245
287.4166666666667 24.96933370018969 24.437170082336664
287.9166666666667 24.961432971790178 24.431837950870875
288.4166666666667 24.953559007325946 24.426532319953665
288.9166666666667 24.94570245427615 24.421240509233154
289.4166666666667 24.93784670483759 24.415955234192776
289.9166666666667 24.930013068241408 24.410696267980803
290.4166666666667 24.92219166296032 24.405445397763017
290.9166666666667 24.914396623392513 24.400225979733058
291.4166666666667 24.906619287136913 24.39497993919778
291.9166666666667 24.89884100070755 24.389776577811087
292.4166666666667 24.891113104432712 24.38458490066345
292.9166666666667 24.88336074079445 24.379417748887743
293.4166666666667 24.87564530503515 24.374245298046127
293.9166666666667 24.867960865171487 24.3690884101176
294.4166666666667 24.860281914756154 24.363959931614495
294.9166666666667 24.852627817720197 24.358828129811766
295.4166666666667 24.84499068845238 24.353739083881287
295.9166666666667 24.837403317174143 24.34864450249302
296.4166666666667 24.82982250128059 24.34356519152617
296.9166666666667 24.82226014137335 24.338491745158063
297.4166666666667 24.81470949347612 24.333445321755068
297.9166666666667 24.807207379453384 24.328396648426466
298.4166666666667 24.799710156879552 24.323371734095215
298.9166666666667 24.792245546602594 24.318382262700588
299.4166666666667 24.784797268600293 24.313388531634313
299.9166666666667 24.777389905592692 24.308409441660967
300.4166666666667 24.769969815792322 24.303440818611453
300.9166666666667 24.762574440586782 24.29848121096798
301.4166666666667 24.755235763869162 24.293533103364588
301.9166666666667 24.74788391377205 24.288600806958907
302.4166666666667 24.740559494686728 24.283692633902483
302.9166666666667 24.73327278559445 24.278773984346543
303.4166666666667 24.72597257694843 24.27388545365796
303.9166666666667 24.718714946316133 24.26901333724217
304.4166666666667 24.711482722520426 24.264134618481133
304.9166666666667 24.70428661607339 24.25927626938579
305.4166666666667 24.69707229756365 24.25442899768995
305.9166666666667 24.689925341320226 24.249602927738838
306.4166666666667 24.68275315664772 24.24479380593164
306.9166666666667 24.675621883656085 24.23998955652868
307.4166666666667 24.66851699381911 24.235169216693393
307.9166666666667 24.661419783711317 24.230392187819373
308.4166666666667 24.654359810841328 24.225629498000497
308.9166666666667 24.64728515400973 24.220872039583284
309.4166666666667 24.640278224587004 24.216124046926573
309.9166666666667 24.63324873189018 24.211374323472267
310.4166666666667 24.62626496827966 24.206656272354095
310.9166666666667 24.61928187101746 24.201957865299292
311.4166666666667 24.612330722697678 24.197224955884057
311.9166666666667 24.605392816238826 24.19252598656196
312.4166666666667 24.598462209072647 24.18784593662891
312.9166666666667 24.591588428267602 24.18317522020886
313.4166666666667 24.584709215631413 24.178520574044068
313.9166666666667 24.57785535165421 24.173862347196398
314.4166666666667 24.57101369797431 24.169218272143105
314.9166666666667 24.56419384938977 24.164583657893893
315.4166666666667 24.55738925159014 24.159971156309883
315.9166666666667 24.55061498397329 24.15535837879891
316.4166666666667 24.5438307365592 24.15075942589658
316.9166666666667 24.5371061764282 24.14616126660509
317.4166666666667 24.530362410689982 24.141594253390615
317.9166666666667 24.5236617328554 24.13702040674408
318.4166666666667 24.51695837366674 24.132458946168093
318.9166666666667 24.510304788496917 24.12791957058736
319.4166666666667 24.503637337928463 24.1233799849123
319.9166666666667 24.497014359215157 24.118853682713294
320.4166666666667 24.49038942765137 24.114326780607506
320.9166666666667 24.483784472454218 24.109820678774447
321.4166666666667 24.477209726819524 24.105315830478933
321.9166666666667 24.47062628591977 24.10083562359937
322.4166666666667 24.46409252024918 24.096335578521288
322.9166666666667 24.457573242649527 24.09185470777817
323.4166666666667 24.451039964128483 24.08741644779426
323.9166666666667 24.44453274341424 24.082948940629358
324.4166666666667 24.438054883166366 24.07852525068284
324.9166666666667 24.431599758025946 24.074070890145173
325.4166666666667 24.425173902755645 24.069638559377857
325.9166666666667 24.418740318607483 24.065229399687524
326.4166666666667 24.412329411606216 24.06082124136332
326.9166666666667 24.40592296499936 24.056402807057985
327.4166666666667 24.39954215574209 24.05203647173937
327.9166666666667 24.393190970789274 24.047654851247305
328.4166666666667 24.38685109066109 24.043275165654507
328.9166666666667 24.380548981832824 24.038916373996994
329.4166666666667 24.37423100096991 24.034581671582927
329.9166666666667 24.367947115875804 24.030223755714097
330.4166666666667 24.361678880014836 24.025900745726958
330.9166666666667 24.355419515892727 24.02157693488686
331.4166666666667 24.349179469613734 24.017289453335046
331.9166666666667 24.342966849734378 24.012980650525346
332.4166666666667 24.336768508881043 24.008687555286773
332.9166666666667 24.33058256112862 24.004398135496476
333.4166666666667 24.3244139869338 24.000131804485857
333.9166666666667 24.31824804542615 23.995863704585787
334.4166666666667 24.312113265452847 23.991604356410928
334.9166666666667 24.305981416771026 23.987371611996302
335.4166666666667 24.299884884953258 23.983134550425117
335.9166666666667 24.293806000610424 23.978890579923778
336.4166666666667 24.287732421985755 23.974680421106157
336.9166666666667 24.28166872522997 23.97047448913922
337.4166666666667 24.275618558777914 23.966266625892267
337.9166666666667 24.26959405246261 23.96206213693182
338.4166666666667 24.263578747932748 23.957873819578055
338.9166666666667 24.25758761294543 23.953714373789936
339.4166666666667 24.25159515612838 23.94953683017766
339.9166666666667 24.245620144394703 23.94538270548236
340.4166666666667 24.239678689184615 23.941218077177968
340.9166666666667 24.233726300175626 23.9370746285767
341.4166666666667 24.22781189069193 23.93293883969257
341.9166666666667 24.221892246189416 23.928825805180203
342.4166666666667 24.21599687402406 23.92469045433242
342.9166666666667 24.210127761004074 23.920582321218617
343.4166666666667 24.20425053880004 23.916478655440883
343.9166666666667 24.19840675448498 23.912375401993135
344.4166666666667 24.192548855645803 23.908289263530477
344.9166666666667 24.18671597865184 23.90422174698533
345.4166666666667 24.18091498740339 23.90012543010469
345.9166666666667 24.175107910876523 23.896079969031376
346.4166666666667 24.169316123499563 23.892017807405903
346.9166666666667 24.163546320327313 23.887955543390788
347.4166666666667 24.15778507486174 23.8838965577622
347.9166666666667 24.15204452838608 23.879872402598487
348.4166666666667 24.146302735825206 23.875827969099355
348.9166666666667 24.140583216913917 23.871806069373754
349.4166666666667 24.13487062812279 23.86778804431402
349.9166666666667 24.129184992347334 23.86379237239709
350.4166666666667 24.123481729451115 23.859767935449568
350.9166666666667 24.117831159839078 23.855781898998707
351.4166666666667 24.112162920258164 23.851784882701303
351.9166666666667 24.10650963536252 23.847801735558996
