FastTrWP/PhaseSpace/IAs/snIa_0.6_25_0.0_0.0.csv
# %ECSV 0.9
# ---
# datatype:
# - {name: time-rel, datatype: float64}
# - {name: g, datatype: float64}
# - {name: i, datatype: float64}
# schema: astropy-2.0
time-rel g i
[from data line 651]
306.8125 -26.072987505403226 -27.31546490955462
307.3125 -26.075111417390197 -27.317284184176366
307.8125 -26.07720870513195 -27.319107669481348
308.3125 -26.07928816092992 -27.32092742529767
308.8125 -26.08136894648114 -27.322730407212354
309.3125 -26.083418804831307 -27.324541521610982
309.8125 -26.085479480381313 -27.326329402872823
310.3125 -26.087490093879673 -27.328122452148573
310.8125 -26.08952360014209 -27.329898262673172
311.3125 -26.091512748730604 -27.331674471957296
311.8125 -26.093502380262148 -27.333434348208367
312.3125 -26.09548864577492 -27.33520529480019
312.8125 -26.097434797565278 -27.336952818389694
313.3125 -26.099376509994872 -27.338699026864383
313.8125 -26.10131413009888 -27.340439884714648
314.3125 -26.103236441378122 -27.342175985206133
314.8125 -26.10516358989216 -27.343916306459768
315.3125 -26.107056531239415 -27.345631599307787
315.8125 -26.108959826330466 -27.347351100011718
316.3125 -26.110840988959346 -27.349059313356857
316.8125 -26.11272175753598 -27.35077285687971
317.3125 -26.11458209571451 -27.352481954594857
317.8125 -26.11644568629319 -27.35417457676382
318.3125 -26.118285431394742 -27.355872185921378
318.8125 -26.12012748105262 -27.357560949299497
319.3125 -26.1219469958333 -27.359245595873425
319.8125 -26.123773428425608 -27.360917881376107
320.3125 -26.125564982115304 -27.3625943533898
320.8125 -26.127372690430192 -27.36426237203227
321.3125 -26.129163154049635 -27.36592457230694
321.8125 -26.13093403939682 -27.367581329028727
322.3125 -26.13270897962119 -27.369226561736806
322.8125 -26.134456887823163 -27.37086913801854
323.3125 -26.13620329915775 -27.37252252119658
323.8125 -26.13793823682066 -27.374152668221946
324.3125 -26.139675470470515 -27.375787857740036
324.8125 -26.141388617133238 -27.377414274289748
325.3125 -26.14308782822857 -27.379042563020192
325.8125 -26.144790909328094 -27.380653686767392
326.3125 -26.146487525458415 -27.382258736872163
326.8125 -26.148156333607293 -27.3838663459461
327.3125 -26.149826788365502 -27.385457900143138
327.8125 -26.15148957308464 -27.387057091683438
328.3125 -26.15313425534464 -27.38864832917715
328.8125 -26.1547771972616 -27.390240969067754
329.3125 -26.156415078565722 -27.391821388090083
329.8125 -26.15803446331381 -27.3933962001851
330.3125 -26.159638149902563 -27.39496275018876
330.8125 -26.16124205610912 -27.396526122052403
331.3125 -26.162849872263156 -27.39808867248192
331.8125 -26.164417847501827 -27.39964152211847
332.3125 -26.165985993240657 -27.40118824489686
332.8125 -26.16755087382915 -27.40273797050069
333.3125 -26.169103568954178 -27.404278360587288
333.8125 -26.170647912069235 -27.405812061949955
334.3125 -26.172190789301165 -27.40734157758848
334.8125 -26.173704272750182 -27.408868020005954
335.3125 -26.175227445709606 -27.41039022360713
335.8125 -26.176722268324262 -27.411906295782742
336.3125 -26.17823159093706 -27.413415236712662
336.8125 -26.179717086102052 -27.41491633888479
337.3125 -26.18118731878772 -27.416419226772817
337.8125 -26.182651401674683 -27.417922250028518
338.3125 -26.184107146028058 -27.419406529164007
338.8125 -26.185558457488163 -27.42089655810572
339.3125 -26.18700299613397 -27.422372777458172
339.8125 -26.188434136156097 -27.423845164360777
340.3125 -26.189844937832333 -27.42532225612933
340.8125 -26.1912655907055 -27.42679379588572
341.3125 -26.192664178040417 -27.428245436425488
341.8125 -26.194045085517846 -27.42970473316255
342.3125 -26.195445436167656 -27.43115593545062
342.8125 -26.19680107782017 -27.43260812647516
343.3125 -26.198181339369565 -27.434045309626867
343.8125 -26.19952615767192 -27.435486723313755
344.3125 -26.200867184862542 -27.43692099155219
344.8125 -26.202197368195943 -27.438346133186716
345.3125 -26.203523135560303 -27.43977423556967
345.8125 -26.204844908773953 -27.441187155351837
346.3125 -26.206155845912807 -27.442597163886052
346.8125 -26.207449703750395 -27.4440073544009
347.3125 -26.20874620978657 -27.445410837846037
347.8125 -26.210021707184715 -27.446813839804562
348.3125 -26.211298235779964 -27.448216191635066
348.8125 -26.212540949427748 -27.44960214790572
349.3125 -26.213788827511397 -27.450977251612546
349.8125 -26.21503295066434 -27.452367873722096
350.3125 -26.216269859483496 -27.453735213777243
350.8125 -26.217497496324647 -27.455104240312885
351.3125 -26.218700187380325 -27.456477066136344
351.8125 -26.219907343252803 -27.45783857623282
352.3125 -26.2211073336095 -27.459198430115357
352.8125 -26.222306568601464 -27.460545000546293
353.3125 -26.223498035174334 -27.46190225318475
353.8125 -26.224664982642324 -27.463243860451133
354.3125 -26.22582494764503 -27.4645881201776
354.8125 -26.226978434467192 -27.465926589444006
355.3125 -26.228137343001077 -27.46725775936987
355.8125 -26.229283975624366 -27.46858195781271
356.3125 -26.230418751163775 -27.469917283287778
356.8125 -26.231555101107528 -27.47123493784931
357.3125 -26.232670695278042 -27.472552951319
357.8125 -26.23377511618831 -27.473857768181624
358.3125 -26.234878546902408 -27.47517453323689
358.8125 -26.23597556696568 -27.476474086340225
359.3125 -26.23707591059557 -27.477779000661652
359.8125 -26.23814361576384 -27.479070232110594
360.3125 -26.23922739375534 -27.480368165221563
360.8125 -26.240276026267885 -27.481654163511678
361.3125 -26.241340196394013 -27.482932110369156
361.8125 -26.24237899998789 -27.484216960041415
362.3125 -26.243426631889793 -27.485486931578457
362.8125 -26.24446867489587 -27.486763477356302
363.3125 -26.24547979979954 -27.48803639899682
363.8125 -26.24650163896454 -27.489301206363045
364.3125 -26.24750883760743 -27.490558571135246
364.8125 -26.24851515065062 -27.491807216718588
365.3125 -26.249503406063827 -27.493064137866682
365.8125 -26.25050159846293 -27.49430619976819
366.31249999999994 -26.251457017437822 -27.495552947649713
366.8125 -26.25242535722346 -27.496798742421348
367.3125 -26.25338973261283 -27.498026360058603
367.81249999999994 -26.25434241966883 -27.499253965178205
368.3125 -26.25528002739692 -27.500478534131037
368.8125 -26.25621788612531 -27.501706025992625
369.31249999999994 -26.257155154372892 -27.502917794878698
369.8125 -26.258074017759633 -27.504138408807457
370.3125 -26.258973031291802 -27.505349029120566
370.81249999999994 -26.259881285713274 -27.506552706072025
371.3125 -26.26077060708429 -27.50774519858099
371.8125 -26.26164257775157 -27.50894680855614
372.31249999999994 -26.262541416784927 -27.51014065965476
372.8125 -26.263401573883375 -27.511330798952102
373.3125 -26.264265975412094 -27.5125111683664
373.81249999999994 -26.26512405118021 -27.51369707715858
374.3125 -26.265946966133654 -27.514869905299623
374.8125 -26.26678707402124 -27.5160421109346
375.31249999999994 -26.2676210374267 -27.517212516416247
375.8125 -26.26844663576876 -27.518374036868465
376.3125 -26.269243007599428 -27.519540434055507
376.81249999999994 -26.270065193464085 -27.520693717932943
377.3125 -26.270847034303706 -27.52184079481134
377.8125 -26.27162609856166 -27.522996337114435
378.31249999999994 -26.272411590671858 -27.52413116596521
378.8125 -26.27318217143862 -27.52526887855419
379.3125 -26.273944918167107 -27.526403103356255
379.81249999999994 -26.27469117884505 -27.527533222888174
380.3125 -26.275428233715804 -27.52865841515021
380.8125 -26.27616635240813 -27.529783615241733
381.31249999999994 -26.27689456806334 -27.53090229736094
381.8125 -26.27760612621379 -27.532020344870904
382.3125 -26.278311380573406 -27.533125089575435
382.81249999999994 -26.279011460745558 -27.53423240961016
383.3125 -26.279710958990773 -27.535331262580502
383.8125 -26.28039867110291 -27.53642790917443
384.31249999999994 -26.281060365814817 -27.5375229017336
384.8125 -26.281718245087042 -27.538617669703672
385.3125 -26.282385685767583 -27.539697313817012
385.81249999999994 -26.28303746317507 -27.540783911542817
386.3125 -26.283670134441817 -27.541855251450684
386.8125 -26.28430786463522 -27.542923133130532
387.31249999999994 -26.28491168622064 -27.543989308667594
387.8125 -26.285534689248276 -27.54505487683595
388.3125 -26.28613160103543 -27.546117386538217
388.81249999999994 -26.286728869592096 -27.547165526211508
389.3125 -26.28730949800126 -27.54822366265499
389.8125 -26.287884156016815 -27.549272592855658
390.31249999999994 -26.288465293863435 -27.550315436849075
390.8125 -26.289020334169308 -27.55135418714618
391.3125 -26.289566613521526 -27.552385997051232
391.81249999999994 -26.29010830782027 -27.553418538043672
392.3125 -26.290631389805505 -27.55444027859877
392.8125 -26.29117107336761 -27.555469126505333
393.31249999999994 -26.291674348083014 -27.556487492144473
393.8125 -26.292185134925656 -27.55750370538054
394.3125 -26.292688258712346 -27.558518967436193
394.81249999999994 -26.293158192481094 -27.55952473518638
395.3125 -26.293637481581214 -27.560532846586003
395.8125 -26.294114356751884 -27.561530820178376
396.31249999999994 -26.294574494029433 -27.56252655967948
396.8125 -26.29502475173508 -27.563526334987948
397.3125 -26.295473930338318 -27.56451535234945
397.81249999999994 -26.295902316037555 -27.565505332997624
398.3125 -26.296340122346635 -27.56647608107571
398.8125 -26.296759680432892 -27.567463765364376
399.31249999999994 -26.29717017155505 -27.568433068001077
399.8125 -26.29758711896484 -27.569410742481722
400.3125 -26.29797306666707 -27.57037315128029
400.81249999999994 -26.298359734780654 -27.571339128225993
401.3125 -26.298748753178415 -27.57230029559573
401.8125 -26.299116284010356 -27.573256685871826
402.31249999999994 -26.299477006346947 -27.57420964649828
402.8125 -26.299848236156855 -27.575159686801364
403.3125 -26.30020580645266 -27.576105603510598
403.81249999999994 -26.300524895101578 -27.577049952845382
404.3125 -26.30085952106581 -27.577988084033066
404.8125 -26.30119685790526 -27.57892359764957
405.31249999999994 -26.301505491554718 -27.579855552978145
405.8125 -26.3018153705516 -27.580780799789228
406.3125 -26.30212739189976 -27.5817028292291
406.81249999999994 -26.3024224398212 -27.58263168052514
407.3125 -26.302716737392302 -27.583545995167974
407.8125 -26.303000007761575 -27.584462749952824
408.31249999999994 -26.303278146871435 -27.58536877776802
408.8125 -26.30354097637514 -27.58627262322645
409.3125 -26.303805335957577 -27.587171831135873
409.81249999999994 -26.304069049903376 -27.588076760815046
410.3125 -26.3043101741445 -27.58896966928168
410.8125 -26.304550977435976 -27.589862535918908
411.31249999999994 -26.304778703884896 -27.590757159474116
411.8125 -26.305014512815536 -27.591643371674547
412.3125 -26.30523784922406 -27.592522974475557
412.81249999999994 -26.30543164047848 -27.59340453567853
413.3125 -26.305649710262564 -27.59427732345521
413.8125 -26.305848948157212 -27.595147396960286
414.31249999999994 -26.30604951539881 -27.59602187111069
414.8125 -26.30623641306334 -27.596886206578844
415.3125 -26.306417620056003 -27.597748947609702
415.81249999999994 -26.306576511718735 -27.598607021980147
416.3125 -26.30675218171112 -27.599461639768393
416.8125 -26.306912158708307 -27.600317470578823
417.31249999999994 -26.307068104855276 -27.60116393162219
417.8125 -26.307223049737992 -27.602005540179352
418.3125 -26.307367903301913 -27.60285072251216
418.81249999999994 -26.307499795965924 -27.60369145844335
419.3125 -26.307632437632744 -27.60453152314421
419.8125 -26.307746030788447 -27.605350036598217
420.31249999999994 -26.307878081170422 -27.606189826967984
420.8125 -26.30798478936823 -27.607007471388634
421.3125 -26.308089863283442 -27.60783278693577
421.81249999999994 -26.308201772322818 -27.608653956538298
422.3125 -26.30829140511587 -27.609473792801786
422.8125 -26.308380503018974 -27.610291484136937
423.31249999999994 -26.308467706342505 -27.611098108173007
423.8125 -26.308545819038486 -27.61189666641966
424.3125 -26.308620411159445 -27.612702874921293
424.81249999999994 -26.308686113309424 -27.613499688338536
425.3125 -26.308741635476117 -27.614301210634977
425.8125 -26.308802706823545 -27.615095409984683
426.31249999999994 -26.308857468611148 -27.615883383419533
426.8125 -26.30889472601506 -27.616674181319304
427.3125 -26.308922785445176 -27.617456120591992
427.81249999999994 -26.308962769286918 -27.618239876538723
428.3125 -26.30899766688345 -27.619011671498587
428.8125 -26.30901359812377 -27.619787395965787
429.31249999999994 -26.309018153913904 -27.62056076603981
429.8125 -26.30902447416309 -27.621321756981942
430.3125 -26.309015545748743 -27.622081045209775
430.81249999999994 -26.308994316246277 -27.622845621753783
431.3125 -26.308971495704945 -27.623603569027246
431.8125 -26.30893884610665 -27.624361134694304
432.31249999999994 -26.30888233448376 -27.625101863387446
432.8125 -26.308835147081496 -27.62585732648567
433.3125 -26.308777629166332 -27.626594253064845
433.81249999999994 -26.30871609770317 -27.62733468119036
434.3125 -26.308621017876185 -27.628076964485523
434.8125 -26.308538254365974 -27.628803667032088
435.31249999999994 -26.30844784699081 -27.62953675920582
435.8125 -26.308362948131318 -27.63027004885619
436.3125 -26.30823815477291 -27.63098859177787
436.81249999999994 -26.30813147209735 -27.63170707353677
437.3125 -26.308009606505184 -27.63243427091384
437.8125 -26.30789097422801 -27.63314354580665
438.31249999999994 -26.307742631820126 -27.633850713315503
438.8125 -26.307608957756305 -27.634555817844042
439.3125 -26.30746471137767 -27.63525993493206
439.81249999999994 -26.307308286147588 -27.635962211824378
440.3125 -26.307144081742344 -27.636659527015723
440.8125 -26.306974196928895 -27.637357894385847
441.31249999999994 -26.30679168870714 -27.63805128383578
441.8125 -26.306618006075105 -27.638737027439213
442.3125 -26.30642963364458 -27.639426473930016
442.81249999999994 -26.306236094963175 -27.64010814144134
443.3125 -26.306027862429048 -27.64079343186403
443.8125 -26.305835568087712 -27.64147108527519
444.31249999999994 -26.305623611296948 -27.642137539031534
444.8125 -26.305394484406477 -27.6428166722755
445.3125 -26.305176456027542 -27.643485194276153
445.81249999999994 -26.304953614427 -27.64415519652065
446.3125 -26.304725532025994 -27.644818337428045
446.8125 -26.304473205824962 -27.645475917623376
447.31249999999994 -26.304240809315438 -27.646131214739157
447.8125 -26.30398793999936 -27.64678776325723
448.3125 -26.303736609595887 -27.647435342709194
448.81249999999994 -26.303479595882497 -27.648084233418583
449.3125 -26.30321591315194 -27.648736756295726
449.8125 -26.302948801000404 -27.64938060713089
450.31249999999994 -26.30268140621982 -27.65001452899467
450.8125 -26.30239247884253 -27.650655324543116
451.3125 -26.30211982556663 -27.651293754483444
451.81249999999994 -26.301827327640286 -27.651933192995358
452.3125 -26.30153523306698 -27.652555998621025
452.8125 -26.301253273333867 -27.653186156414996
453.31249999999994 -26.300961274284596 -27.65381359499793
453.8125 -26.300668269863174 -27.654438939515376
454.3125 -26.300364399894647 -27.65505910815111
454.81249999999994 -26.300048064971048 -27.65567306194132
455.3125 -26.29974811650461 -27.65629200899806
455.8125 -26.29943228813446 -27.65690598793629
456.31249999999994 -26.29912965531554 -27.65750989458823
456.8125 -26.298800961373967 -27.658124997754502
457.3125 -26.298487813455075 -27.65872401872471
457.81249999999994 -26.2981688675265 -27.65933309426495
458.3125 -26.29783541510418 -27.6599274984374
458.8125 -26.297498768562825 -27.660526229357526
459.31249999999994 -26.297174222174114 -27.661117423314625
459.8125 -26.296842913525108 -27.66171907158453
460.3125 -26.29651033828501 -27.662310694264356
460.81249999999994 -26.296174760817724 -27.662905301402603
461.3125 -26.29583538575854 -27.663485555701627
461.8125 -26.2954935875654 -27.664077182675655
462.31249999999994 -26.295155174158715 -27.664657991748086
462.8125 -26.294801305594095 -27.66523210727741
463.3125 -26.294462176731233 -27.665813032484515
463.81249999999994 -26.294103000080142 -27.666387567525824
464.3125 -26.293764141874078 -27.666964860641663
464.8125 -26.29341724421582 -27.667535617782242
