FastTrWP/PhaseSpace/IAs/snIa_0.45_30.00_0.83_-0.09.csv
# %ECSV 0.9
# ---
# datatype:
# - {name: time-rel, datatype: float64}
# - {name: g, datatype: float64}
# - {name: i, datatype: float64}
# schema: astropy-2.0
time-rel g i
[from data line 576]
447.8958333333333 23.1828343717074 22.835319866960543
448.39583333333326 23.180988002069107 22.83361511862715
448.8958333333333 23.179157722584918 22.83191985177169
449.3958333333333 23.177325692631992 22.830238236986553
449.89583333333326 23.175511355993418 22.82855701344228
450.3958333333333 23.17370769627132 22.826896242775234
450.8958333333333 23.17191946878642 22.82522966669535
451.39583333333326 23.17013637078698 22.823570323790285
451.8958333333333 23.16837922483961 22.821919166871993
452.3958333333333 23.16661403960414 22.820266921100615
452.89583333333326 23.164859898298484 22.818632223290074
453.3958333333333 23.163131325182775 22.8169991207182
453.8958333333333 23.16139102714621 22.815366921185326
454.39583333333326 23.159670325690158 22.8137459172199
454.8958333333333 23.15795475397669 22.812131716238596
455.3958333333333 23.156240685451532 22.810514794401623
455.89583333333326 23.15454859269955 22.80891201198131
456.3958333333333 23.152856052689298 22.80731322273384
456.8958333333333 23.151177735848535 22.80571878216447
457.39583333333326 23.14948703843024 22.80412033904584
457.8958333333333 23.147832447331872 22.802534102048945
458.3958333333333 23.146169366494274 22.80095240622876
458.89583333333326 23.14452175881987 22.79938513764396
459.3958333333333 23.142887477465216 22.797807635772152
459.8958333333333 23.14124694808914 22.796242623268824
460.39583333333326 23.139623472572058 22.79468569362639
460.8958333333333 23.138012784560367 22.793118134596064
461.3958333333333 23.13640281919203 22.79158046394698
461.89583333333326 23.13480244866456 22.790046920062252
462.3958333333333 23.133211487865633 22.788498054912193
462.8958333333333 23.131629297744812 22.78696682939615
463.39583333333326 23.130047828005008 22.785440619605545
463.8958333333333 23.128483542277884 22.783914670266114
464.3958333333333 23.12693048104434 22.782400433206536
464.89583333333326 23.125376603003055 22.780881504628766
465.3958333333333 23.12383878020004 22.7793806300552
465.8958333333333 23.122295774330297 22.777882609999317
466.39583333333326 23.12078045208599 22.776373287787912
466.8958333333333 23.119262579841244 22.77488608437765
467.3958333333333 23.117749749627148 22.77339522065866
467.89583333333326 23.11625603106403 22.7719265073652
468.3958333333333 23.114756650384276 22.770449367872917
468.8958333333333 23.113267344471538 22.768978261454812
469.39583333333326 23.111789258909834 22.767508909323876
469.8958333333333 23.110321228805066 22.7660435340904
470.3958333333333 23.108868839181902 22.764591921925078
470.89583333333326 23.10740564163919 22.763134394522947
471.3958333333333 23.105970432702513 22.761690873324905
471.8958333333333 23.104530355373015 22.760242165582035
472.39583333333326 23.103109557619874 22.75881624000292
472.8958333333333 23.10169211145519 22.75737898782994
473.3958333333333 23.100274854508918 22.755950199778972
473.89583333333326 23.098864984725786 22.754546273305728
474.3958333333333 23.097479851884195 22.75312546678617
474.8958333333333 23.096092812809967 22.751713540345058
475.39583333333326 23.094712892514544 22.750308171245585
475.8958333333333 23.093341990492235 22.74890681092055
476.3958333333333 23.091972294754875 22.747519613409636
476.89583333333326 23.090625512848217 22.746120457452918
477.3958333333333 23.089265795112066 22.74474110499724
477.8958333333333 23.087931168476764 22.743356321332232
478.39583333333326 23.08661176292412 22.741979562553965
478.8958333333333 23.085284265254614 22.740613102670892
479.3958333333333 23.083971264789163 22.73925369658496
479.89583333333326 23.08267344795969 22.737890633352542
480.3958333333333 23.08137820584102 22.736531608374612
480.8958333333333 23.080077793885756 22.73518498723696
481.39583333333326 23.078799719579454 22.733842525102396
481.8958333333333 23.07752966203434 22.732497763416074
482.3958333333333 23.07625701870427 22.73116150526555
482.89583333333326 23.07500280836566 22.729833957839837
483.3958333333333 23.073765524520923 22.72850942156516
483.8958333333333 23.072504854170695 22.727183684775852
484.39583333333326 23.071278811596724 22.725882323221057
484.8958333333333 23.07006075393081 22.724563728881005
485.3958333333333 23.068837207714207 22.723262459303292
485.89583333333326 23.067629029328597 22.72196754771828
486.3958333333333 23.066439617699626 22.72066446056694
486.8958333333333 23.065233018452183 22.71937488035587
487.3958333333333 23.06405057133859 22.71808759080401
487.8958333333333 23.062874431049746 22.716809303953163
488.3958333333333 23.06169889814441 22.715528638656334
488.8958333333333 23.060532206372496 22.714260561524135
489.3958333333333 23.05937629306413 22.712990693643732
489.8958333333333 23.058219214702362 22.711722259829376
490.3958333333333 23.057081858095035 22.71047233364976
490.8958333333333 23.055935052223404 22.70920777183212
491.3958333333333 23.054800838928358 22.707958861523593
491.8958333333333 23.053684557070472 22.706711966277183
492.3958333333333 23.05256623134799 22.705467629074548
492.8958333333333 23.051456825455023 22.704233054766746
493.3958333333333 23.050345397588647 22.7029987944189
493.8958333333333 23.049253689713936 22.701765434046806
494.3958333333333 23.04815983566252 22.700541012029383
494.8958333333333 23.04708088549463 22.699323911926342
495.3958333333333 23.04600472139861 22.69811139795663
495.8958333333333 23.04493357569406 22.69689603713596
496.3958333333333 23.043871235024397 22.69568409758206
496.8958333333333 23.042816994365953 22.69447176355037
497.3958333333333 23.04176672088042 22.693279847629025
497.8958333333333 23.040720461454228 22.692089719623215
498.3958333333333 23.03969247592379 22.69089655098671
498.8958333333333 23.038665839647464 22.68970359719781
499.3958333333333 23.037641808013323 22.688524249237712
499.8958333333333 23.03662436541825 22.68734752618772
500.3958333333333 23.035619907141488 22.686166616352182
500.8958333333333 23.034626132604977 22.68499711800949
501.3958333333333 23.033635824584508 22.683837315087032
501.8958333333333 23.032647936741625 22.68267769955048
502.3958333333333 23.031668782673687 22.681525480183083
502.8958333333333 23.030705331703626 22.68037724798063
503.3958333333333 23.029742134900665 22.679224168850656
503.8958333333333 23.02877434621611 22.67808188091618
504.3958333333333 23.027839823687124 22.676946893395634
504.8958333333333 23.02689173142705 22.67581132742649
505.3958333333333 23.025954188394135 22.674687842546266
505.8958333333333 23.02501873693525 22.673560895148235
506.3958333333333 23.02410551173839 22.67244168462905
506.8958333333333 23.02319869315278 22.671320901155102
507.3958333333333 23.02228940006107 22.670213993411128
507.8958333333333 23.021390072704435 22.669103334800376
508.3958333333333 23.02049851367945 22.668006506851242
508.8958333333333 23.01961192255498 22.6669012037351
509.3958333333333 23.01873962739557 22.665808330840743
509.8958333333333 23.01787220019284 22.66471914340343
510.3958333333333 23.01701068979726 22.66363865151574
510.8958333333333 23.01616094498662 22.66256396412288
511.3958333333333 23.01530786449048 22.661484888306383
511.8958333333333 23.014472090096145 22.660414081066854
512.3958333333334 23.013637360341946 22.65933764394118
512.8958333333334 23.01281747520301 22.65828501646057
513.3958333333334 23.011996313567472 22.657223591067655
513.8958333333334 23.01118921143068 22.656167289751984
514.3958333333334 23.010383910652298 22.65512487558528
514.8958333333334 23.009590442257924 22.654078033349784
515.3958333333334 23.008809489309808 22.653039772171553
515.8958333333334 23.008027972465122 22.652005177632546
516.3958333333334 23.007259224245967 22.650970035175696
516.8958333333334 23.006494739962452 22.649952579009618
517.3958333333334 23.005732808967032 22.64891945103562
517.8958333333334 23.004987170346666 22.647914082232393
518.3958333333334 23.00425014909615 22.646895734026153
518.8958333333334 23.003508042882267 22.645891593103826
519.3958333333334 23.002787133188974 22.644890676836678
519.8958333333334 23.002069095639882 22.643883392886828
520.3958333333334 23.00136765383161 22.642887864760958
520.8958333333334 23.000651367584545 22.641899060344667
521.3958333333334 22.99996008637589 22.640916096772557
521.8958333333334 22.999278511090665 22.6399316876048
522.3958333333334 22.99859904080843 22.63896317886923
522.8958333333334 22.99792067952663 22.637992370430883
523.3958333333334 22.997250176126116 22.637027619042986
523.8958333333334 22.996605423642904 22.636062994508453
524.3958333333334 22.995948424413612 22.63510410947245
524.8958333333334 22.995308416961073 22.634154001390392
525.3958333333334 22.9946789944805 22.63320701594023
525.8958333333334 22.99404480386196 22.632253661261984
526.3958333333334 22.993423937949 22.631317818185813
526.8958333333334 22.992819316711497 22.630384156688898
527.3958333333334 22.992208653090024 22.629443590382063
527.8958333333334 22.99161820679359 22.62852389502219
528.3958333333334 22.99101996944951 22.62759963066562
528.8958333333334 22.990440920008098 22.62667776692592
529.3958333333334 22.989851334325312 22.625764866801266
529.8958333333334 22.98928938546391 22.624855725389143
530.3958333333334 22.98871753197306 22.62394341995784
530.8958333333334 22.98816580700322 22.62304699318137
531.3958333333334 22.987617774531664 22.62215138518072
531.8958333333334 22.987075390566154 22.621251300074704
532.3958333333334 22.986543055227784 22.62036178701635
532.8958333333334 22.986011506708408 22.619481574594413
533.3958333333334 22.985489481543716 22.61859673157438
533.8958333333334 22.984968894701602 22.617714813503078
534.3958333333334 22.984468842150232 22.61684614536326
534.8958333333334 22.983965567251424 22.615974101985003
535.3958333333334 22.98346508280916 22.615110256622323
535.8958333333334 22.98297517668854 22.614247920832664
536.3958333333334 22.98249817931861 22.613383884206687
536.8958333333334 22.982014391314955 22.61253215547576
537.3958333333334 22.981556501714845 22.611677120011034
537.8958333333334 22.981091200549606 22.61082937271803
538.3958333333334 22.980629365736736 22.609987046167518
538.8958333333334 22.98017399047808 22.609149528943252
539.3958333333334 22.979732387029024 22.60831403132211
539.8958333333334 22.979294403690194 22.607476999702932
540.3958333333334 22.97886676130546 22.60664523595372
540.8958333333334 22.978444479606797 22.605825857805925
541.3958333333334 22.9780153959047 22.605001587517112
541.8958333333334 22.977603794927166 22.604180320461126
542.3958333333334 22.977207098300948 22.603358220391673
542.8958333333334 22.976806424168338 22.602551466548917
543.3958333333334 22.976406674841854 22.60174205729968
543.8958333333334 22.976018438220795 22.60093381750931
544.3958333333334 22.975630731588538 22.600139674515972
544.8958333333334 22.975259389729985 22.599334571511967
545.3958333333334 22.974891585299947 22.598547374494263
545.8958333333334 22.974519225605956 22.597752698762985
546.3958333333334 22.97415475528391 22.596970106932677
546.8958333333334 22.97380490073081 22.596171436103006
547.3958333333334 22.9734680633895 22.595396740636495
547.8958333333334 22.973121304840536 22.594610761175282
548.3958333333334 22.972784674063426 22.59384124636505
548.8958333333334 22.972445527849636 22.593068485257778
549.3958333333334 22.972125294897282 22.592299683872525
549.8958333333334 22.971803180723917 22.591537378509948
550.3958333333334 22.971491774572822 22.59076595646664
550.8958333333334 22.971185249929597 22.59001046174417
551.3958333333334 22.970872872051267 22.58925561025832
551.8958333333334 22.97057167720821 22.588498675379384
552.3958333333334 22.970292041680725 22.587744593619504
552.8958333333334 22.970002038038132 22.587001776471354
553.3958333333334 22.969728617265808 22.586251798137553
553.8958333333334 22.969450473029667 22.585517728433754
554.3958333333334 22.96917115510684 22.584776378415974
554.8958333333334 22.968909702230746 22.584036889695316
555.3958333333334 22.968648601524855 22.583309561212953
555.8958333333334 22.96838862479373 22.582582461092095
556.3958333333334 22.968141266461227 22.581854451453353
556.8958333333334 22.967900172774787 22.58112375218449
557.3958333333334 22.9676765879433 22.580403509356604
557.8958333333334 22.96744539110093 22.57969430556017
558.3958333333334 22.967231670439617 22.578987231671313
558.8958333333334 22.96701304205662 22.578271806242846
559.3958333333334 22.96681784484941 22.5775703310908
559.8958333333334 22.966610359028458 22.57686565204034
560.3958333333334 22.96642407279017 22.576177943807338
560.8958333333334 22.966244352859405 22.575485760310507
561.3958333333334 22.966062150728646 22.5747913252717
561.8958333333334 22.965890373233346 22.574113383010395
562.3958333333334 22.96573479435218 22.573434233808022
562.8958333333334 22.965572704596845 22.57275706492929
563.3958333333334 22.9654244472152 22.57208960808071
563.8958333333334 22.965286113299726 22.571413114401032
564.3958333333334 22.965143437629134 22.57074990937168
564.8958333333334 22.965013418316428 22.570086016566158
565.3958333333334 22.964881185754567 22.569434653111227
565.8958333333334 22.964762254114834 22.568771535595303
566.3958333333334 22.964655494260164 22.56811598104031
566.8958333333334 22.964545454588592 22.56746626209678
567.3958333333334 22.96443979092701 22.566822983366436
567.8958333333334 22.964342019841716 22.566182323243492
568.3958333333334 22.9642575809726 22.565541156339446
568.8958333333334 22.96417596813992 22.564908712134518
569.3958333333334 22.964096599936866 22.56427551443661
569.8958333333334 22.964023406822754 22.56364061514794
570.3958333333334 22.963959596316663 22.56301369030371
570.8958333333334 22.963891191141048 22.562387016526163
571.3958333333334 22.963834655549977 22.56176917147949
571.8958333333334 22.96378471127037 22.561141454125643
572.3958333333334 22.963736383218126 22.560522662789154
572.8958333333334 22.963689781580495 22.559906779796883
573.3958333333334 22.96365454198972 22.55930189835944
573.8958333333334 22.963621551507636 22.558684025485334
574.3958333333334 22.9635951915067 22.558076863923947
574.8958333333334 22.9635729348511 22.557474582833223
575.3958333333334 22.96355493553376 22.556877193392854
575.8958333333334 22.96354068403909 22.5562661891632
576.3958333333334 22.963528966142405 22.55566947787688
576.8958333333334 22.96352996772005 22.555074894163635
577.3958333333334 22.963527686006696 22.55448270429017
577.8958333333334 22.96353287310549 22.553890640497777
578.3958333333334 22.963537737907128 22.553302167410255
578.8958333333334 22.963553780317586 22.552715789850467
579.3958333333334 22.963564404886732 22.5521247417391
579.8958333333334 22.96358792979078 22.551541104859922
580.3958333333334 22.963605128228583 22.550957203076276
580.8958333333334 22.96363355429019 22.550377088115603
581.3958333333334 22.96367030292391 22.54979859522713
581.8958333333334 22.963693375392484 22.54922059860148
582.3958333333334 22.96374013913139 22.548645267305446
582.8958333333334 22.96377710964524 22.548073152509737
583.3958333333334 22.963824167112286 22.54749863384236
583.8958333333334 22.963866224289905 22.546929117002428
584.3958333333334 22.963924372577573 22.546356290393206
584.8958333333334 22.963981180611647 22.545797698459534
585.3958333333334 22.96403132387294 22.545227747884805
585.8958333333334 22.964095634589835 22.54466507687761
586.3958333333334 22.96415964597447 22.544098528310442
586.8958333333334 22.96421981279795 22.543530232965566
587.3958333333334 22.96428821928936 22.542974375320508
587.8958333333334 22.964356545966975 22.542415154827196
588.3958333333334 22.96442731523976 22.541858845633513
588.8958333333334 22.964507009923075 22.54129984690956
589.3958333333334 22.96458299315281 22.540739850541268
589.8958333333334 22.96465882279369 22.54018510492201
590.3958333333334 22.964745995189396 22.539630211834552
590.8958333333334 22.964833008026222 22.53907946059391
591.3958333333334 22.96492442509047 22.53852229542039
