FastTrWP/PhaseSpace/IAs/snIa_0.62_30.00_-0.98_-0.14.csv
# %ECSV 0.9
# ---
# datatype:
# - {name: time-rel, datatype: float64}
# - {name: g, datatype: float64}
# - {name: i, datatype: float64}
# schema: astropy-2.0
time-rel g i
[from data line 1772]
509.0 24.884067548552697 22.66713296730192
509.5 24.884194452910382 22.66811409640138
510.0 24.88432651085919 22.669099838391617
510.5 24.884474962367378 22.67009011824845
511.0 24.884610692777464 22.67107036765416
511.5 24.884766715036278 22.672057558235622
512.0 24.884951073888637 22.673041069984432
512.5 24.885099315101478 22.674035862939668
513.0 24.885275521910856 22.67501447579228
513.5 24.885460513179098 22.676008783307
514.0 24.88565713947597 22.67699429894074
514.5 24.885877127552956 22.677987136909913
515.0 24.88607154926266 22.678976292982394
515.5 24.886286814824246 22.679967908203416
516.0 24.88653183992035 22.680955399134177
516.5 24.886767886870828 22.68195493581837
517.0 24.887017016067063 22.68294954260892
517.5 24.887287598137288 22.683937788218493
518.0 24.887562212466193 22.684936506512344
518.5 24.887840646854254 22.685928089955816
519.0 24.888138582010143 22.686922793977075
519.5 24.888452619787984 22.68791480246438
520.0 24.888781327650833 22.688911471385737
520.5 24.88911727655055 22.689906574867827
521.0 24.889473828351246 22.690906965426052
521.5 24.88983981385186 22.691893311341218
522.0 24.89022726902213 22.692899290054577
522.5 24.890616408136875 22.693893290108598
523.0 24.891041711354696 22.69489699433322
523.5 24.891470676400118 22.695894776681847
524.0 24.89190488567255 22.696894038474944
524.5 24.892387020469528 22.697885315017913
525.0 24.892863391862562 22.698904901924976
525.5 24.893360884380407 22.69988972071934
526.0 24.893886114136635 22.70089120991393
526.5 24.894432667646104 22.701893007774757
527.0 24.894987799823177 22.702894777912785
527.5 24.895568873222572 22.703896086701917
528.0 24.89617240640571 22.70489639884365
528.5 24.89679482468948 22.70590022822162
529.0 24.89742067740227 22.706894122135548
529.5 24.89809116788202 22.707898443256205
530.0 24.89875860279204 22.708906605841875
530.5 24.89941241966113 22.709902311325205
531.0 24.900118755455093 22.710908195037305
531.5 24.900830964091103 22.711911874938806
532.0 24.901531099096154 22.712918661176055
532.5 24.902263348249868 22.71392007418784
533.0 24.90298515986882 22.71492124939408
533.5 24.90373332662294 22.71593560905516
534.0 24.904488366791043 22.716937916761818
534.5 24.905244846773464 22.717947369568854
535.0 24.906008218180702 22.718947397018653
535.5 24.90679549350898 22.719965164717152
536.0 24.907595429766438 22.720970942484936
536.5 24.908396314539786 22.721978070107195
537.0 24.90925777109007 22.722984718211162
537.5 24.910084205374314 22.723997173474444
538.0 24.910908974859822 22.725008425006834
538.5 24.91177250133186 22.726021627363657
539.0 24.912623144367572 22.72703635284589
539.5 24.91351780750143 22.728044170801006
540.0 24.91440460473258 22.729059753360072
540.5 24.915322684586847 22.730064629609338
541.0 24.916198793546123 22.731081145237248
541.5 24.917145432243576 22.7321011724418
542.0 24.91806852470068 22.733104165402104
542.5 24.919016225807475 22.73412630746398
543.0 24.919999355037085 22.73514612247354
543.5 24.920942175125347 22.736163358545888
544.0 24.921906112026445 22.737179841727855
544.5 24.92294194627624 22.738194413719548
545.0 24.923912936142543 22.73921471344416
545.5 24.92494179491 22.740235660172736
546.0 24.925956823692523 22.741253118670247
546.5 24.926979006966672 22.74227631534949
547.0 24.9280655567328 22.743300924370565
547.5 24.929088208927045 22.744322851694342
548.0 24.930186200324556 22.745345626515892
548.5 24.931280041747456 22.746359306668246
549.0 24.93234626239093 22.747397070901705
549.5 24.93347361753876 22.748416116778532
550.0 24.934584249886598 22.749443779205492
550.5 24.935714135221424 22.750463462593697
551.0 24.93689989495938 22.75150010425567
551.5 24.93802977237653 22.752527288154887
552.0 24.939200298318372 22.753552584605245
552.5 24.940376860517596 22.754580665099404
553.0 24.941567399868312 22.755610036724285
553.5 24.942762895742632 22.756647271739098
554.0 24.943968695465443 22.75767294817435
554.5 24.945210071367832 22.758704054260278
555.0 24.94644252660351 22.759740915845384
555.5 24.947680282112756 22.76076882687059
556.0 24.948954773038988 22.761808639602407
556.5 24.950224306633785 22.76284029614565
557.0 24.95152654309161 22.76387827832953
557.5 24.95281238278466 22.764916427969823
558.0 24.954149832593888 22.76595108829147
558.5 24.95544688308058 22.766984004733132
559.0 24.956813218862433 22.768028535103223
559.5 24.958133989507477 22.76907158250641
560.0 24.95951517198131 22.770106102624005
560.5 24.96089150772949 22.771155799933446
561.0 24.962260750154307 22.7721925660282
561.5 24.963664958272687 22.773239634258506
562.0 24.96509118222896 22.774279098464675
562.5 24.966494334172694 22.775321892835322
563.0 24.967963787424132 22.776380430259813
563.5 24.96937621138642 22.777414250712802
564.0 24.970862103566027 22.778462502473168
564.5 24.972334581283114 22.779523933334225
565.0 24.973826035444407 22.780573669416476
565.5 24.97530244656761 22.781609038315853
566.0 24.976844184150288 22.782664421288107
566.5 24.978342167415725 22.783721786037198
567.0 24.979878533230433 22.784771610177014
567.5 24.981446601401522 22.785821835565248
568.0 24.983023404631027 22.786876698410833
568.5 24.98457651744459 22.787936573708286
569.0 24.98618764352654 22.788989290780634
569.5 24.987807074728533 22.790042082958003
570.0 24.989393590155338 22.791099457677724
570.5 24.991057403089307 22.792160426851936
571.0 24.99271163456296 22.793214003087083
571.5 24.994337842469605 22.794283257603173
572.0 24.99602856533498 22.795334985242448
572.5 24.997706465050335 22.796401742476704
573.0 24.99942655151701 22.797460169712895
573.5 25.001138866258515 22.79852472477771
574.0 25.00286070718014 22.79958791695726
574.5 25.004585308526657 22.800645962398228
575.0 25.006348791799724 22.801714080826606
575.5 25.008139131792984 22.802782700220074
576.0 25.009906721910106 22.803842011393915
576.5 25.011735418859097 22.804911030093272
577.0 25.013514724614005 22.80597797972942
577.5 25.015342352480943 22.80705006380827
578.0 25.017186221283293 22.808118991912977
578.5 25.019055028340333 22.809189777801087
579.0 25.020926609799965 22.810260755975765
579.5 25.022799594496146 22.811330307657308
580.0 25.024685888337302 22.812403117098974
580.5 25.026631225760188 22.81347321961752
581.0 25.02852685089971 22.814553456850327
581.5 25.03048429926174 22.81562185203148
582.0 25.032443448649587 22.81670486829388
582.5 25.034447074200877 22.817780539836075
583.0 25.036432865110406 22.818854070062955
583.5 25.03844370267954 22.81993023381151
584.0 25.0404651530811 22.82100814921066
584.5 25.042487155522718 22.822089184523776
585.0 25.04452899976051 22.82317235719229
585.5 25.04660708234331 22.824257107797038
586.0 25.04870595354192 22.825338659698268
586.5 25.050803513819524 22.826419841825334
587.0 25.052920275133882 22.827501052857755
587.5 25.05503318289202 22.828587809129818
588.0 25.05717916907048 22.829673320115052
588.5 25.059349690700387 22.830763545995527
589.0 25.0615337525155 22.831850873052968
589.5 25.063717747965804 22.832946403105183
590.0 25.065941978516353 22.8340260291243
590.5 25.068165538840464 22.835128623986137
591.0 25.070406912923346 22.83621639761071
591.5 25.072677502212215 22.83731002654148
592.0 25.074967710287936 22.83839854797464
592.5 25.077272187525345 22.839499891212117
593.0 25.07958454621953 22.840592401234026
593.5 25.08190441126565 22.84167470488109
594.0 25.084236471046587 22.84278445094352
594.5 25.086612960272845 22.84388899562684
595.0 25.089017343660046 22.844977789023186
595.5 25.09141512364573 22.846081862704857
596.0 25.093830325497724 22.847183171608158
596.5 25.09627423214798 22.848284451757152
597.0 25.098733136473665 22.849388154369862
597.5 25.101191812492146 22.850487960205985
598.0 25.10368111583582 22.851598854991995
598.5 25.106242320385086 22.852707815147568
599.0 25.108743701775516 22.853807595482856
599.5 25.111280060517526 22.854932950081125
600.0 25.11385039861515 22.85603637617411
600.5 25.11643476623597 22.85714561790046
601.0 25.119048182869403 22.858247080168802
601.5 25.12166148728874 22.859375359316438
602.0 25.124319901195644 22.86047771786273
602.5 25.12696134731701 22.8615986510489
603.0 25.129665711487483 22.862720378322543
603.5 25.132349013634464 22.863832439869718
604.0 25.1350904802377 22.864948955357207
604.5 25.13782999806596 22.866071637555375
605.0 25.14059404441925 22.867189254630592
605.5 25.14338682944007 22.868314535599886
606.0 25.146166407688103 22.869435246281164
606.5 25.149009231371004 22.870568760340785
607.0 25.151856710110437 22.87168608300192
607.5 25.154719322008017 22.872808969606822
608.0 25.15760128780705 22.87394106778892
608.5 25.160539248228638 22.875071460168495
609.0 25.163471199915172 22.87619586463599
609.5 25.16645103836032 22.87732499646093
610.0 25.16944125125095 22.87846170043639
610.5 25.17246816550072 22.879589516015933
611.0 25.175506820413823 22.880733111557717
611.5 25.17854560921608 22.881861206185693
612.0 25.18164917573236 22.882999595806503
612.5 25.18476629631701 22.88413839843919
613.0 25.18791070534086 22.885274126486546
613.5 25.191055664264766 22.886409970879562
614.0 25.19424398844498 22.887552348343046
614.5 25.19747347889956 22.888700796898092
615.0 25.20071248601002 22.889839340487686
615.5 25.203942720017057 22.89098307570832
616.0 25.207252996158907 22.89212784446313
616.5 25.21060042446967 22.89327405588972
617.0 25.213906448619284 22.894414940386916
617.5 25.21729466418701 22.89557019012816
618.0 25.220647207491563 22.896712723884992
618.5 25.224070436940206 22.897866899701636
619.0 25.22752963419347 22.89900942628682
619.5 25.23097297433146 22.90016876197508
620.0 25.234475797073273 22.90132105686396
620.5 25.237977599272746 22.902472629418074
621.0 25.241524437389913 22.903630138936023
621.5 25.245088625503435 22.90478693700404
622.0 25.248689852146097 22.90593605679583
622.5 25.252332927620493 22.90710256983249
623.0 25.25595100988953 22.90825943335639
623.5 25.25960993483872 22.909417629823277
624.0 25.263310579207605 22.910590878755816
624.5 25.267039930369265 22.91174952777289
625.0 25.270782180634058 22.912912488466016
625.5 25.27453183259633 22.914071552531684
626.0 25.27835961034882 22.91523828214303
626.5 25.2821874593452 22.916411028870588
627.0 25.28604341575365 22.9175834649228
627.5 25.28991111001193 22.91874907894106
628.0 25.293831406232282 22.919921780175216
628.5 25.297743808647727 22.92109598192925
629.0 25.30172585734786 22.922269231656266
629.5 25.30571231941128 22.923443060517194
630.0 25.309723902420703 22.924624922151935
630.5 25.31377446466475 22.925785464454723
631.0 25.317836872309037 22.92697285228514
631.5 25.321909622517378 22.928145867208308
632.0 25.326056529908247 22.929326685137134
632.5 25.33019492453225 22.930511796780266
633.0 25.334350153032513 22.931692121990327
633.5 25.338543580525346 22.93287681289208
634.0 25.342778069216013 22.934055880045282
634.5 25.34703274256284 22.935245580015025
635.0 25.351327553347765 22.936435724496633
635.5 25.3556323749672 22.93761965049354
636.0 25.359948163167715 22.93881589590281
636.5 25.364350890282207 22.9400060150262
637.0 25.368713629734966 22.941204183714806
637.5 25.373167911009553 22.942394043555364
638.0 25.377606738405465 22.943585466914627
638.5 25.38207848038265 22.944784508184497
639.0 25.386599409278947 22.945986084772507
639.5 25.391128210518016 22.94717879359888
640.0 25.39571341150364 22.94838219484403
640.5 25.40028984482927 22.94957989029055
641.0 25.40494258423342 22.950785698244065
641.5 25.409548752695837 22.95199292691033
642.0 25.414250605384968 22.95318553715207
642.5 25.418951473819117 22.95439413045592
643.0 25.423682692080597 22.95560348851041
643.5 25.42845493197561 22.95681415050778
644.0 25.43325161947779 22.958020463472547
644.5 25.438059309734268 22.95924167874937
645.0 25.442921920213717 22.96044676114216
645.5 25.447817846359584 22.961654581962772
646.0 25.45273299787581 22.96286846431538
646.5 25.45769931360937 22.964093542307765
647.0 25.462767780331752 22.965314409070782
647.5 25.46789031216534 22.966531151899247
648.0 25.473099951719853 22.967757800071197
648.5 25.478341345076323 22.968977685774327
649.0 25.483698276653442 22.97019525131951
649.5 25.489107822281497 22.971426611041007
650.0 25.494582862436978 22.972655376309767
650.5 25.500139904861925 22.97388939757035
651.0 25.505717538481974 22.975125403234856
651.5 25.511419445936042 22.976355970644118
652.0 25.517141438621383 22.977599561549255
652.5 25.5229737549659 22.978828117677487
653.0 25.52883790039693 22.98007088094274
653.5 25.534768020620056 22.981311454125233
654.0 25.54078821916045 22.98254295569134
654.5 25.546838629764494 22.983798483153123
655.0 25.552992486783268 22.985024479627945
655.5 25.559161471264616 22.98628941864944
656.0 25.56540552377841 22.98752853942183
656.5 25.57174012528776 22.98877795900777
657.0 25.578105879563132 22.990033641820588
657.5 25.584552708309374 22.99128216178476
658.0 25.591024903373743 22.99252847287882
658.5 25.597536149689176 22.993791493858588
659.0 25.60414441945052 22.995058843998628
659.5 25.610752181391298 22.996309260208918
660.0 25.617478779717914 22.997567315698753
660.5 25.624249158970894 22.99882182498921
661.0 25.631033040831795 23.000079907935547
661.5 25.637935198244243 23.001351212705842
662.0 25.64481803404924 23.002612752102237
662.5 25.65173174144718 23.00387548280671
663.0 25.658743039031997 23.005150261759173
663.5 25.66579654525998 23.006415264086083
664.0 25.67285223221143 23.007688897336077
664.5 25.6799840319141 23.008948001912017
665.0 25.68715935091914 23.010224729649458
665.5 25.694399739327757 23.011498635502157
666.0 25.701616926086615 23.01277573585041
666.5 25.708924722525637 23.01404471146926
667.0 25.71622343282085 23.015318052644105
667.5 25.723587819484386 23.01660242761568
668.0 25.73099596469148 23.01788019542119
668.5 25.738414238641425 23.019156876662656
669.0 25.74584417098456 23.020425621923536
669.5 25.753312648838627 23.021718557665704
670.0 25.760829650780806 23.022991675542595
670.5 25.76837152560632 23.024272227265573
671.0 25.77590943156529 23.02555972719208
671.5 25.783506332224633 23.02684779932914
672.0 25.791079581248365 23.028118835931785
672.5 25.79869450698172 23.029411684240124
673.0 25.8062990932314 23.030699785299454
673.5 25.813955511166448 23.03198595970312
674.0 25.82160233927523 23.033272376791935
674.5 25.82925217833583 23.03456335623267
675.0 25.83692252001118 23.035851232950478
675.5 25.84460063514623 23.037141084692024
676.0 25.85223918777198 23.038420071839703
676.5 25.859900685622677 23.039718177933302
677.0 25.867554958610867 23.04101649361747
677.5 25.87519776347856 23.04230309484076
678.0 25.88284966804363 23.043585642975614
678.5 25.890464677268806 23.04489161962981
679.0 25.898057921531663 23.046186911029857
679.5 25.90567768963467 23.047480341179067
680.0 25.913246550580414 23.04877638381619
680.5 25.9207503644216 23.05006524479197
681.0 25.92830554144191 23.051360464859734
681.5 25.935763127051285 23.052658174818525
682.0 25.94322848384639 23.053961838329926
682.5 25.950639445883827 23.055249126752308
683.0 25.958020983309034 23.056550234441314
683.5 25.965341191510596 23.05785110873377
684.0 25.972603714684332 23.059149469260845
684.5 25.979834902735885 23.060445028175153
685.0 25.987011407157688 23.06173999022523
685.5 25.994224672405043 23.063043981945903
686.0 26.001410733701718 23.064334938678922
686.5 26.00861250060707 23.065646394854618
687.0 26.01588458706341 23.066944537832068
687.5 26.023151772032264 23.068245941750625
688.0 26.030400398248837 23.06955100859039
688.5 26.03764411306093 23.07085262046978
689.0 26.044947442501662 23.0721542355845
689.5 26.052290440493678 23.073465605587625
690.0 26.059648480636213 23.074760040508018
690.5 26.066977734144082 23.076084215684936
691.0 26.07432444978255 23.07738795938914
691.5 26.081699556377313 23.07869445500266
692.0 26.089082025544 23.080005681191373
692.5 26.096451192002274 23.081320842174588
693.0 26.103826086815502 23.082633440604212
