FastTrWP/PhaseSpace/IAs/snIa_0.49_30.00_0.54_-0.04.csv
# %ECSV 0.9
# ---
# datatype:
# - {name: time-rel, datatype: float64}
# - {name: g, datatype: float64}
# - {name: i, datatype: float64}
# schema: astropy-2.0
time-rel g i
[from data line 1424]
287.5 23.686927104158432 22.493395928487892
288.0 23.688500513265943 22.493829805124378
288.4999999999999 23.69006405996533 22.494270272070654
289.0 23.69163666189964 22.494705028936174
289.5 23.693201724069194 22.49513769928027
289.9999999999999 23.694760201072384 22.495584898480907
290.5 23.696344644227484 22.496024740155804
291.0 23.697908851034107 22.49646880832217
291.4999999999999 23.69949233490582 22.49690259090773
292.0 23.70104543995908 22.497348940323583
292.5 23.70261702070845 22.497795969855957
292.9999999999999 23.70420388856758 22.49824554552264
293.5 23.705774746806863 22.49868344656649
294.0 23.70735927935204 22.499130861208275
294.4999999999999 23.708925998314683 22.49959038960942
295.0 23.710499082124066 22.500036678298617
295.5 23.71208153802368 22.500492052362517
295.9999999999999 23.713648237850453 22.500943451954424
296.5 23.715241146499473 22.501397338894648
297.0 23.7168150479665 22.501855214241306
297.4999999999999 23.718395669601225 22.5023121721814
298.0 23.719972947549948 22.502769730397677
298.5 23.72153899422631 22.503232552501053
298.9999999999999 23.72312894747104 22.503693304017208
299.5 23.72470555660822 22.504157638357107
300.0 23.72629460068387 22.504618478740824
300.4999999999999 23.727878439063034 22.505086759150053
301.0 23.72946808140575 22.505553580415896
301.5 23.73104014960155 22.506030585472683
301.9999999999999 23.732636354383093 22.506496625704187
302.5 23.734211612294843 22.50697011613729
303.0 23.735807073430877 22.50744029584435
303.4999999999999 23.737396266250045 22.507918945339558
304.0 23.7389845058453 22.508393505116846
304.5 23.740583681755826 22.5088699320178
304.9999999999999 23.742155037961638 22.5093415634431
305.5 23.74375749944011 22.50983276036993
306.0 23.74534721246377 22.510309296122323
306.4999999999999 23.74693800340426 22.51079876598562
307.0 23.748535506633882 22.51127903914222
307.5 23.750115747073295 22.511761388329305
307.9999999999999 23.75171500131991 22.512247512687917
308.5 23.753298824083938 22.5127377620078
309.0 23.754908185035678 22.513225906307287
309.4999999999999 23.756509106170995 22.513727796086922
310.0 23.758097862878888 22.514206180599924
310.5 23.75970440169295 22.514706961855797
310.9999999999999 23.761301023164677 22.515202922748617
311.5 23.76289819444394 22.515698645977263
312.0 23.76450364694279 22.516190771130184
312.4999999999999 23.76609716789913 22.51669669404699
313.0 23.767699737105975 22.517195286565407
313.5 23.769308018745214 22.51769885635668
313.9999999999999 23.770915421936184 22.51820148169902
314.5 23.772519157727487 22.518701235163817
315.0 23.77412860638829 22.519213436875734
315.4999999999999 23.775727342843375 22.519717404389027
316.0 23.77733833930636 22.52022690809506
316.5 23.7789309580804 22.52073272807877
316.9999999999999 23.780564024493923 22.52124111122464
317.5 23.782174120547104 22.521762087123935
318.0 23.783781463711406 22.522276523173403
318.4999999999999 23.78539653710635 22.52279014724302
319.0 23.787010828087517 22.523299130071514
319.5 23.78861665992108 22.52382142548941
319.9999999999999 23.79023207144651 22.52434368923289
320.5 23.791867475257803 22.52486669148064
321.0 23.7934697526399 22.525378758859613
321.4999999999999 23.795097873914585 22.525904949852777
322.0 23.796711964014733 22.52642335591505
322.5 23.798319174347604 22.526955791423134
322.9999999999999 23.79995076450546 22.52748019833973
323.5 23.801574101130363 22.528012472944262
324.0 23.80321284719484 22.528538975310603
324.4999999999999 23.80481907818407 22.529066790153944
325.0 23.806456015879412 22.52960378870171
325.5 23.80806470024147 22.530139345100118
325.9999999999999 23.809692147565954 22.530672251731726
326.5 23.811311113428346 22.531201560221167
327.0 23.812952400760317 22.531735423599336
327.4999999999999 23.814594994300865 22.532284764431033
328.0 23.816225980249225 22.532828807693548
328.5 23.817862271065373 22.53335691940489
328.9999999999999 23.819484830453938 22.5338979465527
329.5 23.821118453940947 22.534445788092864
330.0 23.822755647005298 22.53498937263998
330.4999999999999 23.824389394308795 22.53554047331198
331.0 23.826041105054117 22.536079269549617
331.5 23.827691513233628 22.536629022748016
331.9999999999999 23.829322851271915 22.537182468354718
332.5 23.830964728446993 22.537725026961354
333.0 23.83259808695793 22.53827647307972
333.4999999999999 23.834250713766266 22.538835085098544
334.0 23.83590024765615 22.53938973558849
334.5 23.837540822473045 22.539943522353376
334.9999999999999 23.83917010959614 22.540509945757165
335.5 23.840828713747353 22.54106123677946
336.0 23.84246403490856 22.541617489335625
336.4999999999999 23.84412323965604 22.542182439340213
337.0 23.84577489171153 22.542744251749134
337.5 23.84741860578807 22.54331394965459
337.9999999999999 23.84907713813451 22.543876054748626
338.5 23.85072005604403 22.54444318956633
339.0 23.852383257246753 22.545017721066657
339.4999999999999 23.854025472492275 22.545584078543158
340.0 23.85568982173043 22.546157621398677
340.5 23.85734377887989 22.546730904198693
340.9999999999999 23.85900028481339 22.547311455937805
341.5 23.860662130820728 22.547880739975554
342.0 23.862311458904916 22.548450464272662
342.4999999999999 23.86397959106329 22.549037347656164
343.0 23.86564097797928 22.549612152605146
343.5 23.86729350813141 22.550201489205016
343.9999999999999 23.868955312009437 22.550783701700215
344.5 23.870622620857475 22.551363177217013
345.0 23.872278037728044 22.551947708591413
345.4999999999999 23.87395310660276 22.552528165540444
346.0 23.875604146148426 22.553124363211694
346.5 23.87728809914278 22.553711242126738
346.9999999999999 23.878962790997413 22.554310087323415
347.5 23.880628506357823 22.55489480766903
348.0 23.8822943584844 22.555487530557187
348.4999999999999 23.88395093747763 22.55608504848901
349.0 23.88564506689166 22.556681543214726
349.5 23.88730851902799 22.55727369156332
349.9999999999999 23.888982252581506 22.557873003770347
350.5 23.89066326015389 22.558477114172085
351.0 23.892332797697456 22.55908046188923
351.4999999999999 23.894022797782167 22.559689227083997
352.0 23.895697759597418 22.560289118142016
352.5 23.897376782127825 22.56089319191225
352.9999999999999 23.899055394523824 22.561507809606294
353.5 23.90075090521036 22.56210947010979
354.0 23.90241749422021 22.56271907529138
354.4999999999999 23.9041082776637 22.56333421214121
355.0 23.905790376345657 22.56394270275077
355.5 23.90748071191062 22.56456782891612
355.9999999999999 23.9091879269419 22.565181144392724
356.5 23.910875379933803 22.56579213724534
357.0 23.91255389208427 22.566409200278585
357.4999999999999 23.914253697948254 22.567027623800215
358.0 23.91594565982022 22.567647312798584
358.5 23.917641834059378 22.568274232012765
358.9999999999999 23.919342170077908 22.568897841629727
359.5 23.92104659714617 22.569525407697366
360.0 23.922742960621065 22.57014843178963
360.4999999999999 23.9244371763166 22.57078319198966
361.0 23.92613704846205 22.571406844205512
361.5 23.92784112007675 22.572036669390446
361.9999999999999 23.92954458783834 22.572662000810464
362.5 23.9312602470288 22.57329505471699
363.0 23.932962927496803 22.573935709664212
363.4999999999999 23.934680234837316 22.574568748748906
364.0 23.936383047693713 22.57520808009797
364.5 23.938091748627084 22.57584049886587
364.9999999999999 23.939807522257244 22.57649081269255
365.5 23.941521907098632 22.577133350701853
366.0 23.94324813442776 22.57777133661518
366.4999999999999 23.94496986118462 22.578414426392264
367.0 23.946691689193777 22.579050471623088
367.5 23.948392484682152 22.57969744533472
367.9999999999999 23.950125917481948 22.580354335720862
368.5 23.95185617557219 22.581002643678932
369.0 23.953578350655373 22.58166018014199
369.4999999999999 23.955302167010597 22.582314946089884
370.0 23.95704113512466 22.58296916050176
370.5 23.958764864498786 22.58362215617653
370.9999999999999 23.96049626705838 22.584293241284858
371.5 23.96223230922709 22.58495402845403
372.0 23.96397286312275 22.58561567581112
372.4999999999999 23.965708083853823 22.586278554469782
373.0 23.967426649796067 22.586946415119794
373.5 23.969182035481648 22.58761849324432
373.9999999999999 23.97092864614799 22.58828728212054
374.5 23.972676634452537 22.58895700640136
375.0 23.974422866657186 22.589629913321517
375.4999999999999 23.976164134365128 22.590306878105523
376.0 23.9779192557606 22.590988691932985
376.5 23.979668586903955 22.59166774553661
376.9999999999999 23.981414391655242 22.59234722641328
377.5 23.983163903495427 22.59303329908013
378.0 23.9849173275458 22.59372298413911
378.4999999999999 23.98669223967982 22.594399401335696
379.0 23.988437054745646 22.59508723613854
379.5 23.990193028881556 22.595774200031236
379.9999999999999 23.991947740216627 22.596471813822188
380.5 23.99371209769086 22.597164627465585
381.0 23.99547825861405 22.59785074839836
381.4999999999999 23.997244790108887 22.598547679618544
382.0 23.999008824515652 22.599238528012183
382.5 24.00078603146448 22.599938224224893
382.9999999999999 24.00254066890941 22.600636020510297
383.5 24.004317706810625 22.60133818363272
384.0 24.00607723225271 22.602043154134126
384.4999999999999 24.00785486280657 22.60274537005257
385.0 24.009628937567733 22.60343758346664
385.5 24.011395627442678 22.60414983084886
385.9999999999999 24.013175758509576 22.604857753058315
386.5 24.01494880308842 22.605569631839572
387.0 24.01670943112791 22.60626794048619
387.4999999999999 24.018494992018216 22.60698365845878
388.0 24.020273612600608 22.60769856390376
388.5 24.022049410993084 22.608402742750933
388.9999999999999 24.02383056150108 22.609110522829642
389.5 24.02561422772672 22.60983110428758
390.0 24.02740605460044 22.610539097116376
390.4999999999999 24.02919753262306 22.611253595194082
391.0 24.03097897415488 22.611970830211007
391.5 24.03275232238263 22.61268895111005
391.9999999999999 24.03453843501872 22.613406912289562
392.5 24.036329907846955 22.614126852594943
393.0 24.03812611062491 22.614839035639026
393.4999999999999 24.039899070036782 22.61555963951551
394.0 24.041696219115284 22.61628256760725
394.5 24.04347200324573 22.617006800899855
394.9999999999999 24.045269113203624 22.617734396712788
395.5 24.04705775155734 22.618446421017463
396.0 24.0488540132191 22.619175444204352
396.4999999999999 24.05065279898451 22.61988762692824
397.0 24.052437215810734 22.62062106039871
397.5 24.0542361750447 22.621342143784897
397.9999999999999 24.056033664359063 22.622069236309418
398.5 24.057833253079195 22.622792457616967
399.0 24.059602196471527 22.623518610683803
399.4999999999999 24.061419294191282 22.624250570183627
400.0 24.06319986753004 22.62498056751269
400.5 24.065012169328778 22.62569713303671
400.9999999999999 24.066819344359715 22.62643130543635
401.5 24.06860933478997 22.627160234163913
402.0 24.070397767250455 22.627885915441613
402.4999999999999 24.072202628177806 22.62861448675437
403.0 24.073992345979928 22.629344490163966
403.5 24.07580595711781 22.630068274065174
403.9999999999999 24.077606086276027 22.630805126724066
404.5 24.079399588209004 22.63153821729722
405.0 24.081206375272846 22.632272848347355
405.4999999999999 24.083022700391794 22.633006128113525
406.0 24.084807798015028 22.633732484111917
406.5 24.086616988481037 22.634476310625736
406.9999999999999 24.088430051161545 22.63521219951311
407.5 24.090236362665067 22.63595213666594
408.0 24.092047819848943 22.63669862730231
408.4999999999999 24.093859225574846 22.637439633665526
409.0 24.095671422917093 22.638169984617473
409.5 24.097480175270498 22.63892032420423
409.9999999999999 24.099287530469596 22.639661413644422
410.5 24.101101931997704 22.640406788824095
411.0 24.102922173512844 22.641149401197072
411.4999999999999 24.10474018967928 22.641900512572267
412.0 24.106539133355174 22.642656031200076
412.5 24.10837079841499 22.643404747821492
412.9999999999999 24.11019078988374 22.644154446548363
413.5 24.112011218917342 22.64490036664327
414.0 24.113819525749843 22.645660048182123
414.4999999999999 24.115644053428802 22.646414013090368
415.0 24.117465703230792 22.64715968921207
415.5 24.119295718061142 22.647921144213377
415.9999999999999 24.121110760633698 22.648673303457993
416.5 24.12292354042728 22.64943169982957
417.0 24.124755957779584 22.650190897038375
417.4999999999999 24.126581819414774 22.65095153732512
418.0 24.128412615490035 22.6517120691941
418.5 24.130238625027275 22.652466463127723
418.9999999999999 24.13206794144287 22.653234024171386
419.5 24.133897256035652 22.653987005410734
420.0 24.135731188716658 22.654757837876748
420.4999999999999 24.137560906513755 22.65551953002271
421.0 24.139387705939818 22.656289956839526
421.5 24.141224959008607 22.65704400199184
422.0 24.14305819858719 22.657817439723686
422.5 24.144885465779584 22.658584577118866
423.0 24.14671153294746 22.659346269271857
423.5 24.1485583809024 22.660111951779133
424.0 24.150385043838583 22.660885500896427
424.5 24.152222013155527 22.661658427023713
425.0 24.154060381136873 22.66242676987015
425.5 24.15589115839338 22.663195988240897
426.0 24.15773625957389 22.663964790482684
426.5 24.159564757198066 22.664740413545502
427.0 24.161411313814533 22.665519214647972
427.5 24.16323368333653 22.666285502433464
428.0 24.16509021085902 22.667058115340563
428.5 24.166926767894154 22.66782994003205
429.0 24.168766261270285 22.66860856269974
429.5 24.170602799231432 22.669378627124747
430.0 24.172446577758635 22.67015994953495
430.5 24.17429156534606 22.67093183233685
431.0 24.176125332180405 22.67171517939915
431.5 24.177967067912654 22.672485967258385
432.0 24.17982141256281 22.673259124287625
432.5 24.181673947926736 22.674037137289567
433.0 24.183506595435453 22.6748127733168
433.5 24.185355038510696 22.675599284308934
434.0 24.18719408514996 22.676381144759375
434.5 24.189036777553575 22.677155077045835
435.0 24.190899823759903 22.67793179683695
435.5 24.192724316136818 22.678712751521356
436.0 24.194579160357456 22.67949726036647
436.5 24.196426847816078 22.68027136523898
437.0 24.198268673861794 22.68105835876545
437.5 24.200128583253818 22.681833118118266
438.0 24.201959491729916 22.6826105627146
438.5 24.203820069130998 22.683394831448215
439.0 24.205660031615217 22.68417014908551
439.5 24.207506372711865 22.684949628623016
440.0 24.20935593643619 22.685745901643777
440.5 24.211208434610946 22.686525108581556
441.0 24.213050073030207 22.687302205307525
441.5 24.21489479185086 22.68809189404797
442.0 24.216751968037684 22.68887590242166
442.5 24.21860380540839 22.68965739007878
443.0 24.220445025886818 22.6904443955597
443.5 24.22229170995449 22.691231217625752
444.0 24.22416044092072 22.69201509764511
444.5 24.225982920360618 22.692801264808686
445.0 24.227861882254228 22.693587260662298
445.5 24.229695370999472 22.69438103658485
446.0 24.23154920513865 22.695173707953337
446.5 24.233395314107643 22.695953228231485
447.0 24.235257940593154 22.696741796461968
447.5 24.237126939680223 22.697532767194062
448.0 24.238956609291947 22.69832105533764
448.5 24.240810771670436 22.699121675608396
449.0 24.242655049574736 22.69991165266456
449.5 24.244523327565265 22.70069745097578
450.0 24.246369912235743 22.701500258957445
450.5 24.248212600603274 22.70229589691413
451.0 24.250070598697775 22.70309040471385
451.5 24.25193460784477 22.703882090634757
452.0 24.253798552826446 22.70467078459804
452.5 24.255666341184426 22.70546667549613
453.0 24.257514661484652 22.706268046441046
453.5 24.259364204727003 22.707067991041786
454.0 24.26121179953309 22.707858463507577
454.5 24.263073833734143 22.708665914680925
455.0 24.26493838535443 22.709464223865332
455.5 24.26679283125743 22.710251551918827
456.0 24.268646955035354 22.711055736936846
456.5 24.270501470557583 22.711863535460548
457.0 24.272379071671757 22.712659865468904
457.5 24.274234099681898 22.713473584054608
458.0 24.276087901924917 22.7142744961329
458.5 24.27795185363606 22.715070753668467
459.0 24.27981828552987 22.71587547191065
