FastTrWP/PhaseSpace/IAs/snIa_0.59_30.00_-0.48_-0.07.csv
# %ECSV 0.9
# ---
# datatype:
# - {name: time-rel, datatype: float64}
# - {name: g, datatype: float64}
# - {name: i, datatype: float64}
# schema: astropy-2.0
time-rel g i
[from data line 864]
581.0833333333334 23.453728540382983 22.39351547174268
581.5833333333334 23.454173469711147 22.392830705928823
582.0833333333334 23.454621687433313 22.392150575076556
582.5833333333334 23.455084575087525 22.391476341879862
583.0833333333334 23.455530642344794 22.390794570604573
583.5833333333334 23.45600177467228 22.39011690345435
584.0833333333334 23.456457875401103 22.38945493040324
584.5833333333334 23.45692011173259 22.388794269255634
585.0833333333334 23.45739250463535 22.388124969033743
585.5833333333334 23.457864245168075 22.387462557883595
586.0833333333334 23.458337964388747 22.386807480214934
586.5833333333334 23.458823227947608 22.386141399787334
587.0833333333334 23.459308977799495 22.385490449586495
587.5833333333334 23.45979003371767 22.38484348216322
588.0833333333334 23.46028339243348 22.384190613521046
588.5833333333334 23.46077345837141 22.38354725218105
589.0833333333334 23.461270343214636 22.38289955113309
589.5833333333334 23.46177261193184 22.38226679534844
590.0833333333334 23.462271375577025 22.381627245370822
590.5833333333334 23.46278535707841 22.38099005327198
591.0833333333334 23.46328913405494 22.380357889377557
591.5833333333334 23.463814240501677 22.379734370075496
592.0833333333334 23.464318290652784 22.37910397836727
592.5833333333334 23.464841962548107 22.378482420981527
593.0833333333334 23.465376354627878 22.37785858489667
593.5833333333334 23.465895702588444 22.377247934187192
594.0833333333334 23.466428962205065 22.376625082157567
594.5833333333334 23.466955206413203 22.37601550086898
595.0833333333334 23.46749318522333 22.375403477005193
595.5833333333334 23.46804088922366 22.374804841578783
596.0833333333334 23.468579670676114 22.374194000522984
596.5833333333334 23.469131192757477 22.373596916823924
597.0833333333334 23.469681608545677 22.3729983942097
597.5833333333334 23.470234490381078 22.372410065254087
598.0833333333334 23.470798217741052 22.371812758264895
598.5833333333334 23.47135046750003 22.37121867501653
599.0833333333334 23.47191236200362 22.37063529803232
599.5833333333334 23.4724880719213 22.37005568328759
600.0833333333334 23.473066907118366 22.369471968907146
600.5833333333334 23.473637975827366 22.368896585027926
601.0833333333334 23.474215999882272 22.368321231718742
601.5833333333334 23.474802606351695 22.367754060661284
602.0833333333334 23.47538420599783 22.367182909101228
602.5833333333334 23.475975382027038 22.36661780728419
603.0833333333334 23.476580823299358 22.366054845676977
603.5833333333334 23.47717818788313 22.36549302220765
604.0833333333334 23.47777002924007 22.36493780317393
604.5833333333334 23.478372759261276 22.36438494927123
605.0833333333334 23.47898681512307 22.36383550312279
605.5833333333334 23.4796020156061 22.363285216542753
606.0833333333334 23.480217476571855 22.36274897085453
606.5833333333334 23.480844311667454 22.362198778737408
607.0833333333334 23.481455827054177 22.361666717232186
607.5833333333334 23.482084400311678 22.361127463566525
608.0833333333334 23.482726214964543 22.360593068589353
608.5833333333334 23.4833493252343 22.360066820664827
609.0833333333334 23.4839899586976 22.359544523620663
609.5833333333334 23.48464150970154 22.35901925600667
610.0833333333334 23.48528435476655 22.35849311072859
610.5833333333334 23.485935769945414 22.357978021217857
611.0833333333334 23.486588415802863 22.357466431464722
611.5833333333334 23.48724650893081 22.356954510070274
612.0833333333334 23.487912915781028 22.35644716253983
612.5833333333334 23.48857183743405 22.355942151830384
613.0833333333334 23.48924876959043 22.35543853295905
613.5833333333334 23.489914246905034 22.354940376207274
614.0833333333334 23.490599791084854 22.354443459459677
614.5833333333334 23.49128657519275 22.353954754992746
615.0833333333334 23.491969971701035 22.353467816309056
615.5833333333334 23.492648521963083 22.35298163079108
616.0833333333334 23.493355753826815 22.352505628206547
616.5833333333334 23.494045978084458 22.352019897673145
617.0833333333334 23.494749187523386 22.351543423181056
617.5833333333334 23.49545131919504 22.351069860198372
618.0833333333334 23.496161205493426 22.350593444815395
618.5833333333334 23.496876455108946 22.350138835800433
619.0833333333334 23.497592400857297 22.349675910040627
619.5833333333334 23.498316380521235 22.34921687729684
620.0833333333334 23.49903626248786 22.34876127543704
620.5833333333334 23.49977760230159 22.348306113431025
621.0833333333334 23.500507041832243 22.347850785725146
621.5833333333334 23.501243062100983 22.347405488841233
622.0833333333334 23.50199580502172 22.346958176274082
622.5833333333334 23.502733549117774 22.34651621655472
623.0833333333334 23.503473132393392 22.34607699368079
623.5833333333334 23.504231366513956 22.345636126387515
624.0833333333334 23.504991510797986 22.345206677551293
624.5833333333334 23.505751651608602 22.34477909706885
625.0833333333334 23.506527265062594 22.344347117438875
625.5833333333334 23.507292348962046 22.343919321007924
626.0833333333334 23.508066230544742 22.34349320139
626.5833333333334 23.508846187320195 22.343076452273763
627.0833333333334 23.509622857322768 22.342658529230512
627.5833333333334 23.51040532996565 22.34224466386471
628.0833333333334 23.511199134598165 22.341835442297263
628.5833333333334 23.511986134045518 22.34142641799079
629.0833333333334 23.512787190821612 22.341016650239872
629.5833333333334 23.513597631501764 22.34061386118746
630.0833333333334 23.514391121811723 22.340212420538936
630.5833333333334 23.515210011741043 22.339814134812826
631.0833333333334 23.516025749956825 22.339416076551043
631.5833333333334 23.516844067879443 22.33902744352322
632.0833333333334 23.517668111944225 22.338630167767892
632.5833333333334 23.518493237429688 22.33824903380727
633.0833333333334 23.519326326991553 22.337869571637068
633.5833333333334 23.52015516307823 22.337490284576766
634.0833333333334 23.5209904261619 22.33710501282658
634.5833333333334 23.521836650998353 22.33673741795591
635.0833333333334 23.52269667967112 22.336366725565085
635.5833333333334 23.523544943552878 22.335985191135144
636.0833333333334 23.52438772833463 22.33562541413289
636.5833333333334 23.525252118244925 22.33526152568965
637.0833333333334 23.526122380430312 22.33490291866577
637.5833333333334 23.526986286901273 22.33454190387729
638.0833333333334 23.52786300914259 22.334188552459228
638.5833333333334 23.528735051839057 22.333834072236872
639.0833333333334 23.52962287471659 22.33349559641121
639.5833333333334 23.53051061486326 22.333145153086733
640.0833333333334 23.531400118125866 22.332800373929974
640.5833333333334 23.53229064479715 22.33245828963234
641.0833333333334 23.53319081984957 22.332125627863203
641.5833333333334 23.534092295477347 22.331785013163632
642.0833333333334 23.535004368246895 22.331459159989684
642.5833333333334 23.535916016502057 22.331135400920136
643.0833333333334 23.536840310225614 22.330811448850667
643.5833333333334 23.537753452672952 22.330477792415415
644.0833333333334 23.53866751884056 22.330159185541877
644.5833333333334 23.539611454674745 22.329852427534227
645.0833333333334 23.540550111289257 22.329533420253036
645.5833333333334 23.54147148529392 22.329219598561608
646.0833333333334 23.542432604944654 22.32891655287926
646.5833333333334 23.54337675766546 22.32861362854395
647.0833333333334 23.54432251012617 22.32830396706159
647.5833333333334 23.54527844205725 22.32801339017575
648.0833333333334 23.54623915634734 22.327721798425898
648.5833333333334 23.54720517157629 22.327431370034606
649.0833333333334 23.548179083117123 22.327138667444668
649.5833333333334 23.5491612744844 22.32685835966073
650.0833333333334 23.550138310735175 22.326572183598135
650.5833333333334 23.55112514381917 22.326286945117616
651.0833333333334 23.5521078786979 22.32601040306305
651.5833333333334 23.553096810655866 22.325743110714285
652.0833333333334 23.55410326321661 22.325468452148893
652.5833333333334 23.555098097906445 22.325195565200403
653.0833333333334 23.556115255754317 22.324930691937542
653.5833333333334 23.557106493239864 22.324677407797907
654.0833333333334 23.558134881027573 22.32441866571094
654.5833333333334 23.55914326911446 22.32416137621032
655.0833333333334 23.56018393100292 22.32390865542438
655.5833333333334 23.561211868459353 22.323660059370898
656.0833333333334 23.562246149214 22.323421448917486
656.5833333333334 23.563292910588295 22.32317227928554
657.0833333333334 23.564339995297267 22.32293411660092
657.5833333333334 23.565381656436557 22.322695719068616
658.0833333333334 23.566439987568252 22.322470023880975
658.5833333333334 23.5674950950979 22.32223469723437
659.0833333333334 23.56856318807258 22.322009904195262
659.5833333333334 23.56964116415762 22.3217886498769
660.0833333333334 23.570711678731826 22.321574583541643
660.5833333333334 23.571813330969228 22.32135172434113
661.0833333333334 23.572901362441037 22.32113799561364
661.5833333333334 23.573995588623127 22.320935911559605
662.0833333333334 23.57509610047222 22.32073079864159
662.5833333333334 23.576213563641318 22.32053414910638
663.0833333333334 23.577325939001067 22.320331878136358
663.5833333333334 23.57845216887992 22.320134775734893
664.0833333333334 23.5795816567795 22.31994079237323
664.5833333333334 23.580722672861793 22.319757576601667
665.0833333333334 23.581858353788547 22.31957275369972
665.5833333333334 23.58300871191701 22.31938965474749
666.0833333333334 23.584166590523274 22.319213257050823
666.5833333333334 23.585326980876488 22.31904052029971
667.0833333333334 23.586491051381635 22.318864132851562
667.5833333333334 23.587663936676172 22.318698073465484
668.0833333333334 23.588842603381863 22.318533604275984
668.5833333333334 23.590018014292454 22.318366807299356
669.0833333333334 23.59120307709164 22.31820865244607
669.5833333333334 23.592399401991106 22.31805129599087
670.0833333333334 23.5935945723501 22.317898380863667
670.5833333333334 23.594815612585446 22.317753012792572
671.0833333333334 23.596011326242955 22.317598517791627
671.5833333333334 23.597224989414343 22.31746072267635
672.0833333333334 23.59844685006744 22.3173105164668
672.5833333333334 23.599671390828213 22.317181656465948
673.0833333333334 23.6008998041734 22.31704805623226
673.5833333333334 23.602140903446593 22.31690767218832
674.0833333333334 23.603371886256674 22.31677681609789
674.5833333333334 23.604622372114367 22.316652374386475
675.0833333333334 23.60587364154903 22.31652675786283
675.5833333333334 23.607114351571706 22.316404122349365
676.0833333333334 23.608393665363984 22.316288375491222
676.5833333333334 23.60965979024161 22.316168735735012
677.0833333333334 23.61091618332918 22.31605756619409
677.5833333333334 23.612193092956733 22.315949256399087
678.0833333333334 23.613469716995002 22.31583066675981
678.5833333333334 23.614740312863972 22.31573186385016
679.0833333333334 23.616037936941566 22.315631010976634
679.5833333333334 23.617311349434416 22.315524706540263
680.0833333333334 23.618611995309333 22.3154223800799
680.5833333333334 23.61990970740471 22.315328581350133
681.0833333333334 23.621217294022728 22.315232599585105
681.5833333333334 23.622515432257664 22.31514508953641
682.0833333333334 23.62382406044301 22.315053131526355
682.5833333333334 23.62516690917171 22.31496328169722
683.0833333333334 23.626456763588294 22.314880702751395
683.5833333333334 23.627785593831202 22.31479642518838
684.0833333333334 23.62909976727623 22.31471983875001
684.5833333333334 23.630430843084245 22.314641838340833
685.0833333333334 23.63176295473103 22.314562357893088
685.5833333333334 23.63309971409374 22.314486807633887
686.0833333333334 23.634437779392016 22.314418579662565
686.5833333333334 23.635763543548983 22.314345325639554
687.0833333333334 23.637116835578993 22.314279600937596
687.5833333333334 23.638460736920045 22.31421578626903
688.0833333333334 23.6398144683979 22.314150222407374
688.5833333333334 23.641164146688777 22.314089204767598
689.0833333333334 23.642527528349646 22.314027936212565
689.5833333333334 23.643874829825545 22.313969489374355
690.0833333333334 23.64523819436288 22.313904987907144
690.5833333333334 23.646606297849253 22.313860408341665
691.0833333333334 23.647967548907598 22.31381195353121
691.5833333333334 23.64933574889193 22.313751766440383
692.0833333333334 23.650709531837634 22.31369730924272
692.5833333333334 23.652081936115664 22.31365520653892
693.0833333333334 23.653452448008444 22.31361118941198
693.5833333333334 23.654836717305642 22.313566625572463
694.0833333333334 23.656217150039524 22.313527308830178
694.5833333333334 23.65759423900854 22.3134854190737
695.0833333333334 23.6589771379631 22.313443464603107
695.5833333333334 23.66036827569651 22.31341582500077
696.0833333333334 23.66175958135262 22.3133753380121
