FastTrWP/PhaseSpace/IAs/snIa_0.66_30.00_0.46_0.04.csv
# %ECSV 0.9
# ---
# datatype:
# - {name: time-rel, datatype: float64}
# - {name: g, datatype: float64}
# - {name: i, datatype: float64}
# schema: astropy-2.0
time-rel g i
[from data line 1733]
974.2916666666665 25.153291163544562 22.479426652464426
974.7916666666666 25.15514409570145 22.480194796403694
975.2916666666666 25.157011164724693 22.48097029094272
975.7916666666665 25.15888991197923 22.48174785186126
976.2916666666666 25.160751528895155 22.482524361047634
976.7916666666666 25.162618968412925 22.483307411752115
977.2916666666665 25.16452947484527 22.484082927628805
977.7916666666666 25.16640381712474 22.484859605258457
978.2916666666666 25.168267763371826 22.485658010421155
978.7916666666665 25.170172648824707 22.486437398274592
979.2916666666666 25.172037773839214 22.487214811577747
979.7916666666666 25.17394943783609 22.488005888530516
980.2916666666665 25.17585203608078 22.488808262315544
980.7916666666666 25.17774516346066 22.489587213757225
981.2916666666666 25.17963343280286 22.490375907415597
981.7916666666665 25.181528291375276 22.49116843259255
982.2916666666666 25.18343084918068 22.49196639859087
982.7916666666666 25.185339875975924 22.492750657486077
983.2916666666665 25.18723423123405 22.493558607391982
983.7916666666666 25.189137356673857 22.494358120931658
984.2916666666666 25.19103777561763 22.495151236667287
984.7916666666665 25.192968468442793 22.495953698478843
985.2916666666666 25.194894360377678 22.49675558002817
985.7916666666666 25.19681567520105 22.497553186521884
986.2916666666665 25.198701315238864 22.498363309647353
986.7916666666666 25.20063126424581 22.499166210307813
987.2916666666666 25.202551404121174 22.499972235931285
987.7916666666665 25.204448845941606 22.500787568022513
988.2916666666666 25.20638404664703 22.50158923451902
988.7916666666666 25.20829920033929 22.502396154774154
989.2916666666665 25.210229314659834 22.503209228449563
989.7916666666666 25.212165370958996 22.504020675534974
990.2916666666666 25.214086030238114 22.504831401258784
990.7916666666665 25.21600500686236 22.50565016792459
991.2916666666666 25.217938750949823 22.506462769690977
991.7916666666666 25.219897677740406 22.50727909540823
992.2916666666665 25.221825032152296 22.508094372430794
992.7916666666666 25.223766288497835 22.508912976907013
993.2916666666666 25.225680062780217 22.50972884121805
993.7916666666665 25.22762436765937 22.510557318289834
994.2916666666666 25.229554610866014 22.511375099210753
994.7916666666666 25.231472589420317 22.512191197010157
995.2916666666665 25.23344028349773 22.513015419188825
995.7916666666666 25.23536576069358 22.51384175247674
996.2916666666666 25.23730614775886 22.514665633719744
996.7916666666665 25.23921790873034 22.515486424186317
997.2916666666666 25.241194195068747 22.516315862733705
997.7916666666666 25.24313526219364 22.51714629171664
998.2916666666665 25.245055319531232 22.51797311756424
998.7916666666666 25.247018057890624 22.5188029856845
999.2916666666666 25.248965881142396 22.519633269487535
999.7916666666665 25.250881974551 22.520462472096767
1000.2916666666666 25.25283469168484 22.521292545419843
1000.7916666666666 25.25477536577272 22.52212261545539
1001.2916666666666 25.256708845607836 22.522959730625605
1001.7916666666666 25.258665370902172 22.52378945114833
1002.2916666666666 25.26063142492689 22.5246202445704
1002.7916666666666 25.262541526737273 22.52545323518863
1003.2916666666666 25.26448890967154 22.526289526674365
1003.7916666666666 25.266452558166197 22.527127385566278
1004.2916666666666 25.26837882047444 22.527963730074223
1004.7916666666666 25.270329955679706 22.528800580551184
1005.2916666666666 25.27224316470138 22.529637921579845
1005.7916666666666 25.274198779873455 22.530475682287374
1006.2916666666666 25.276166491260792 22.53131125199753
1006.7916666666666 25.278113487042376 22.532146373524427
1007.2916666666666 25.280058758574803 22.532990073236373
1007.7916666666666 25.281977839858712 22.533829094159636
1008.2916666666666 25.283922208929383 22.53467467683575
1008.7916666666666 25.285863679900732 22.5355175555839
1009.2916666666666 25.287796474642022 22.536359844386745
1009.7916666666666 25.28973978084209 22.537202013459616
1010.2916666666666 25.29169402461558 22.538047727837068
1010.7916666666666 25.293586414411205 22.53888354497243
1011.2916666666666 25.295546454464557 22.539737049164135
1011.7916666666666 25.297465109763976 22.540573439452167
1012.2916666666666 25.29941802157576 22.54141841182274
1012.7916666666666 25.301342717322264 22.542265646335437
1013.2916666666666 25.3032532096437 22.543114625629993
1013.7916666666666 25.3051833474792 22.543955318916474
1014.2916666666666 25.307115206484067 22.544802076248864
1014.7916666666666 25.309036910954525 22.545647595680375
1015.2916666666666 25.310962320226903 22.54649373937631
1015.7916666666666 25.312877438773537 22.547339188677352
1016.2916666666666 25.314823114271398 22.54819417930595
1016.7916666666666 25.316726014747857 22.549035067675938
1017.2916666666666 25.31867360596753 22.549889041407933
1017.7916666666666 25.32059023642295 22.55074251252725
1018.2916666666666 25.322511334819406 22.551591180782946
1018.7916666666666 25.324468945445638 22.552450083942794
1019.2916666666666 25.326382786567322 22.553298043336085
1019.7916666666666 25.328305562839112 22.554150816378037
1020.2916666666666 25.33025302907172 22.555004421849013
1020.7916666666666 25.33215556984258 22.55586386558328
1021.2916666666666 25.33410481974668 22.556721096501654
1021.7916666666666 25.336032273012265 22.55757946002547
1022.2916666666666 25.33794065723026 22.558445641646927
1022.7916666666666 25.339879617475844 22.559295066597272
1023.2916666666666 25.34182302487676 22.56016601210507
1023.7916666666666 25.3437625857188 22.5610223721969
1024.2916666666667 25.345650853465536 22.561890559974444
1024.7916666666667 25.347594084814634 22.562747828823095
1025.2916666666667 25.34953306403427 22.563616042246935
1025.7916666666667 25.351446574910184 22.564484105499805
1026.2916666666667 25.353397164134094 22.56534141475659
1026.7916666666667 25.355284235921225 22.566216175789812
1027.2916666666667 25.357259552221368 22.567081815123714
1027.7916666666667 25.35916435030614 22.567952258889722
1028.2916666666667 25.361076386771305 22.56881832322875
1028.7916666666667 25.363047681924424 22.569688606562966
1029.2916666666667 25.364953190937122 22.570559142531774
1029.7916666666667 25.366876167697185 22.571426382587966
1030.2916666666667 25.368826866982104 22.572305203723783
1030.7916666666667 25.370729193435576 22.573176306101402
1031.2916666666667 25.37265242890384 22.574047752359707
1031.7916666666667 25.374562863707016 22.5749222111715
1032.2916666666667 25.376488465032168 22.575798195090844
1032.7916666666667 25.378439440787336 22.57666876714307
1033.2916666666667 25.380360822549616 22.577553150578154
1033.7916666666667 25.382275601306677 22.57842864678998
1034.2916666666667 25.384196871926704 22.57930773107487
1034.7916666666667 25.38610381270367 22.580180398658428
1035.2916666666667 25.388018791375885 22.58106388701249
1035.7916666666667 25.389939419210638 22.58193578120376
1036.2916666666667 25.39187006851744 22.58282275627762
1036.7916666666667 25.39380837549377 22.583694559047437
1037.2916666666667 25.39570671476735 22.584584035415602
1037.7916666666667 25.397610877186732 22.58546708475215
1038.2916666666667 25.39953039014653 22.586344040136407
1038.7916666666667 25.40143651181252 22.58722846655287
1039.2916666666667 25.40333923896576 22.588113487337917
1039.7916666666667 25.405261114835426 22.58899650717387
1040.2916666666667 25.407174494183483 22.589885587907652
1040.7916666666667 25.40907462066793 22.590763428154702
1041.2916666666667 25.41099871017743 22.59165331682016
1041.7916666666667 25.4129039514247 22.592541981098982
1042.2916666666667 25.4148096530381 22.593435575601625
1042.7916666666667 25.416675283204675 22.59431898096357
1043.2916666666667 25.418589506609468 22.595201660827566
1043.7916666666667 25.420479401650162 22.59609218909793
1044.2916666666667 25.422385637653562 22.596982141763444
1044.7916666666667 25.424279219475963 22.5978698805989
1045.2916666666667 25.426165066288483 22.598759295526932
1045.7916666666667 25.42805866322312 22.599646578450674
1046.2916666666667 25.429914786225307 22.600540809221158
1046.7916666666667 25.431858270211677 22.60143984694656
1047.2916666666667 25.433713166057032 22.6023278078808
1047.7916666666667 25.435594667342087 22.603220942918583
1048.2916666666667 25.437474285234202 22.604117654571642
1048.7916666666667 25.43937477076168 22.60500681426751
1049.2916666666667 25.44124697827172 22.605906848188223
1049.7916666666667 25.44310966905933 22.606794555194956
1050.2916666666667 25.444990201752557 22.607691718951216
1050.7916666666667 25.44686414697502 22.60858826622444
1051.2916666666667 25.448712807287457 22.609475152674566
1051.7916666666667 25.45058808210646 22.61037585925587
1052.2916666666667 25.452459932473047 22.61127123516188
1052.7916666666667 25.454339602999486 22.612164553952283
1053.2916666666667 25.456169471157768 22.613062548409907
1053.7916666666667 25.45802206629674 22.613959857967725
1054.2916666666667 25.45988289720627 22.614859759306714
1054.7916666666667 25.46174378174269 22.615760676166374
1055.2916666666667 25.46352461156976 22.616659755175288
1055.7916666666667 25.465433484250617 22.617559347909392
1056.2916666666667 25.46726610315675 22.618453879238395
1056.7916666666667 25.469121986621623 22.619355578231147
1057.2916666666667 25.47096580485156 22.620257547996765
1057.7916666666667 25.47278870485709 22.62114989477886
1058.2916666666667 25.474624418002875 22.62205831285727
1058.7916666666667 25.476431531158504 22.62296482288223
1059.2916666666667 25.47827372041692 22.623857464413124
1059.7916666666667 25.48012696995404 22.62476207563668
1060.2916666666667 25.481943636020056 22.625665104929652
1060.7916666666667 25.483765186798443 22.62657395239296
1061.2916666666667 25.48555029446465 22.62747307770271
1061.7916666666667 25.4874000701064 22.628380353912014
1062.2916666666667 25.48919370311478 22.629280703437153
1062.7916666666667 25.491033783003843 22.63019254376443
1063.2916666666667 25.492824739031885 22.631098414828198
1063.7916666666667 25.49461820786955 22.63200309038233
1064.2916666666667 25.496440679689144 22.632903511937727
1064.7916666666667 25.498238048180006 22.633814541347924
1065.2916666666667 25.500031163508442 22.634725424348602
1065.7916666666667 25.50185939419127 22.635632314033728
1066.2916666666667 25.503644957404575 22.63653464707322
1066.7916666666667 25.505454620002862 22.637455365235915
1067.2916666666667 25.507227860684072 22.638364406590078
1067.7916666666667 25.50902646869073 22.639270968201668
1068.2916666666667 25.51079449953007 22.640185507669116
1068.7916666666667 25.512602861313667 22.641095119384417
1069.2916666666667 25.51439598407562 22.64201092547036
1069.7916666666667 25.516168588716283 22.642918275288647
1070.2916666666667 25.517941900585065 22.643844296630515
1070.7916666666667 25.519734850989014 22.644750835217067
1071.2916666666667 25.521510228511808 22.64567367584252
1071.7916666666667 25.523245846524368 22.646583909793698
1072.2916666666667 25.52503452179412 22.647500747966383
1072.7916666666667 25.526810212257107 22.648418768051457
1073.2916666666667 25.528575344580766 22.6493384066141
1073.7916666666667 25.530356850597418 22.65025355867778
1074.2916666666667 25.532101957063823 22.651176310151286
1074.7916666666667 25.533869732465433 22.65208852060322
1075.2916666666667 25.53561652314293 22.65300856502813
1075.7916666666667 25.537377246193675 22.65392631138125
1076.2916666666667 25.539116032127392 22.6548555338138
1076.7916666666667 25.540871542924975 22.655778156793147
1077.2916666666667 25.5426467172216 22.656702492884357
1077.7916666666667 25.544344365997425 22.657623881264914
1078.2916666666667 25.546117249988033 22.65854874135133
1078.7916666666667 25.547837804607813 22.659476732030758
1079.2916666666667 25.549559931743467 22.660397667672704
1079.7916666666667 25.551311688334227 22.6613284889816
1080.2916666666667 25.553038492549433 22.66225122039474
1080.7916666666667 25.55478389530915 22.663179588462732
1081.2916666666667 25.556510540694724 22.66410837369321
1081.7916666666667 25.55822916222244 22.665035801589077
1082.2916666666667 25.559940512448467 22.665960774450333
1082.7916666666667 25.56168478663716 22.6668941384876
1083.2916666666667 25.56338480438884 22.66782582158179
1083.7916666666667 25.56509801920925 22.66875720159772
1084.2916666666667 25.566825849663772 22.669691856595303
1084.7916666666667 25.568550871475534 22.670629105271615
1085.2916666666667 25.57025819274375 22.671557409312875
1085.7916666666667 25.571924683424875 22.672493886783933
1086.2916666666667 25.57363302910943 22.673431377811276
1086.7916666666667 25.575336823004356 22.674369276410037
1087.2916666666667 25.577048529618345 22.675299627738244
1087.7916666666667 25.57873131457532 22.676239052239456
1088.2916666666667 25.58041747624999 22.677175239723407
1088.7916666666667 25.58211520254514 22.678121700834957
1089.2916666666667 25.58381711622461 22.679052677192225
1089.7916666666667 25.585465385633505 22.680001531510776
1090.2916666666667 25.58717789163408 22.68094625930103
1090.7916666666667 25.588853530231308 22.681879935553788
1091.2916666666667 25.590533877294558 22.682826800490886
1091.7916666666667 25.592227766041013 22.683769771957675
1092.2916666666667 25.59390010820134 22.68471415220855
1092.7916666666667 25.59555753651887 22.68566051938599
1093.2916666666667 25.597240802577343 22.686606993555202
1093.7916666666667 25.59890056271343 22.687562915997134
1094.2916666666667 25.600584702958233 22.688506391564978
1094.7916666666667 25.60221636303393 22.689459732555246
1095.2916666666667 25.603903114835717 22.690404820214795
1095.7916666666667 25.605533475891274 22.691354269576816
1096.2916666666667 25.6071800073603 22.692307372725345
1096.7916666666667 25.608831375345456 22.69325353248735
1097.2916666666667 25.610478027016732 22.694212207244714
1097.7916666666667 25.612133799781525 22.695161095529876
1098.2916666666667 25.613755666778143 22.696119647207485
1098.7916666666667 25.615443877950423 22.697066550789373
1099.2916666666667 25.617015667520555 22.698031474691064
1099.7916666666667 25.618634168998 22.69898862417061
1100.2916666666667 25.62029757992464 22.69993807409794
1100.7916666666667 25.62191016728906 22.700894293694937
1101.2916666666667 25.62355205130849 22.70185989944033
1101.7916666666667 25.62514813978617 22.702807879656326
1102.2916666666667 25.62680843871849 22.703765101986093
1102.7916666666667 25.62838302819921 22.70473779336836
1103.2916666666667 25.630005400653957 22.705693759508367
1103.7916666666667 25.631610227565524 22.706658292572005
1104.2916666666667 25.633213416604008 22.70761266176839
1104.7916666666667 25.634807477381962 22.708577778787557
1105.2916666666667 25.636391077131883 22.709534606156044
1105.7916666666667 25.637983392725822 22.710511487272086
1106.2916666666667 25.63960614615341 22.711470240369025
1106.7916666666667 25.641152253154562 22.712438847296376
1107.2916666666667 25.642762461604743 22.71340136050795
1107.7916666666667 25.644355542986382 22.71437183571361
1108.2916666666667 25.645901874285535 22.7153430960068
1108.7916666666667 25.64750209586078 22.716303587567566
1109.2916666666667 25.649061286142366 22.717276059180016
1109.7916666666667 25.650633048250548 22.718253032417344
1110.2916666666667 25.65217003354367 22.719220202757437
1110.7916666666667 25.653758865244217 22.720192568039973
1111.2916666666667 25.655340470618025 22.721171861245008
1111.7916666666667 25.65688574230053 22.72214187258363
1112.2916666666667 25.658408625957065 22.723116861179584
1112.7916666666667 25.659984506124815 22.724092623843248
1113.2916666666667 25.661532174778646 22.725065907490304
1113.7916666666667 25.66305148791979 22.726040165802083
1114.2916666666667 25.664558070297666 22.727023672366183
1114.7916666666667 25.66609992717573 22.728007988206656
1115.2916666666667 25.66765438145691 22.7289810226763
1115.7916666666667 25.66918091908905 22.72995701087178
1116.2916666666667 25.67069346078405 22.73093458285961
