FastTrWP/PhaseSpace/IAs/snIa_0.36_30.00_0.57_0.12.csv
# %ECSV 0.9
# ---
# datatype:
# - {name: time-rel, datatype: float64}
# - {name: g, datatype: float64}
# - {name: i, datatype: float64}
# schema: astropy-2.0
time-rel g i
[from data line 2139]
643.0 24.71413133292539 23.000712915403916
643.5 24.715933176154508 23.001224855736687
644.0 24.717722523532956 23.00174304867463
644.5 24.719491418143438 23.00224811133055
645.0 24.721291894209894 23.002751253124117
645.5 24.72306647276179 23.003255733160806
646.0 24.724845597114413 23.003762976116093
646.5 24.726628138932497 23.00427541864638
647.0 24.728390020173663 23.00475742273846
647.5 24.730182667808833 23.005270303323893
648.0 24.7319286801056 23.005772077403886
648.5 24.7337188871606 23.00627054331388
649.0 24.735478960310175 23.006772529446742
649.5 24.737247051169785 23.00726607199373
650.0 24.739022788251688 23.007760094933346
650.5 24.740786689500688 23.008249445049387
651.0 24.742550262346207 23.008745670899057
651.5 24.744302499872415 23.009242502311388
652.0 24.74606188081642 23.009731335639856
652.5 24.74781591896274 23.010218035647206
653.0 24.749588341055862 23.01071380030889
653.5 24.751361668509194 23.01120954755961
654.0 24.753101827953397 23.01169645690458
654.5 24.75484345302096 23.012184773140135
655.0 24.7566077919369 23.01267054761412
655.5 24.758350231274907 23.01316113688064
656.0 24.76010709603043 23.013643374869176
656.5 24.761885090031758 23.014135260966068
657.0 24.763640720978763 23.014625919300478
657.5 24.76540392618517 23.0151107354086
658.0 24.767164396030662 23.015600963270803
658.5 24.76889745824689 23.01608140514589
659.0 24.770666914541486 23.01657127761699
659.5 24.772402090560867 23.017055790032458
660.0 24.774159674981 23.017546839837713
660.5 24.77591686973268 23.018031687304177
661.0 24.77766879750994 23.018516879313893
661.5 24.77943123526169 23.019011651485876
662.0 24.781177613741356 23.019500273536945
662.5 24.782946242644307 23.019982567651507
663.0 24.784672785323107 23.020479558978494
663.5 24.786443557041736 23.020962870163967
664.0 24.788222213035304 23.021453742097894
664.5 24.789973640479115 23.021930868839494
665.0 24.791732684772796 23.022424738342092
665.5 24.79347572730655 23.02291585994324
666.0 24.79523827912692 23.023405195033206
666.5 24.797006069063343 23.02389065258278
667.0 24.79877238364477 23.024394989538315
667.5 24.80055291150805 23.024888620789632
668.0 24.802338068784447 23.02537646772898
668.5 24.80410386869751 23.025873771324203
669.0 24.805871703168428 23.026366041639434
669.5 24.80762637302994 23.02686669385431
670.0 24.809406128032784 23.027349559614713
670.5 24.811209859572777 23.027860842113114
671.0 24.812963123065206 23.028360044958
671.5 24.81476356385153 23.028871586548945
672.0 24.816538165951943 23.02936309102851
672.5 24.818320559360465 23.02985419639687
673.0 24.820125569169974 23.030380197845307
673.5 24.821900677446678 23.030882953346243
674.0 24.823701900576292 23.031380623584873
674.5 24.825497269905142 23.031889050934517
675.0 24.82727915807391 23.032402748690934
675.5 24.82907959345141 23.032900838335916
676.0 24.830887082753975 23.033408075103715
676.5 24.832677114727915 23.033914425928074
677.0 24.834479111426603 23.034418888722968
677.5 24.8362508601246 23.03493134019831
678.0 24.83805907945247 23.03543197728162
678.5 24.83988265270499 23.03593949716628
679.0 24.841676216138143 23.03645515949256
679.5 24.843486293205963 23.036960687354554
680.0 24.8452781574504 23.037478844713284
680.5 24.847079428135366 23.037974250944913
681.0 24.848878036215307 23.038488988242257
681.5 24.850691164641162 23.038992667315913
682.0 24.85251862294578 23.039506204857787
682.5 24.854305048738393 23.040027568681612
683.0 24.85608635778338 23.040531476104
683.5 24.857916337284326 23.041048524234057
684.0 24.85972438062458 23.041561152495564
684.5 24.861529807922253 23.04206830393159
685.0 24.863326235279043 23.042577029749896
685.5 24.865163969291444 23.043087992146308
686.0 24.866965470565475 23.043606945735892
686.5 24.868755117315693 23.044117974863244
687.0 24.870580714031654 23.044635773008633
687.5 24.872411944356287 23.045143816158106
688.0 24.874216144584093 23.045655770246015
688.5 24.876017302127345 23.046172189393396
689.0 24.8778227346237 23.046684165303848
689.5 24.879631686502194 23.047204638459906
690.0 24.88145550449293 23.047719625107923
690.5 24.883273034489793 23.048225748678092
691.0 24.885066848108607 23.04874763546952
691.5 24.88689699700366 23.049263122920543
692.0 24.888725206166107 23.049776439777045
692.5 24.89053460431961 23.05030029708652
693.0 24.89235475380598 23.050801598244007
693.5 24.894167358911048 23.051327778906984
694.0 24.89596747576182 23.051842694046055
694.5 24.897788677722097 23.05235475461222
695.0 24.899604071044013 23.052877649127858
695.5 24.901422888442006 23.053380558482452
696.0 24.90325536546456 23.053907374284556
696.5 24.9050570821218 23.054427346987254
697.0 24.90687826917157 23.054937950095614
697.5 24.90868904327353 23.055464162357424
698.0 24.910516842595854 23.055976739265652
698.5 24.912321470251165 23.056492280172115
699.0 24.9141456573974 23.05701602985234
699.5 24.915954894421457 23.057538592546024
700.0 24.917775796570687 23.058043428796022
700.5 24.919581935472547 23.058567050727824
701.0 24.92139744017933 23.05908682100486
701.5 24.92320128920744 23.059603767271142
702.0 24.925030549890195 23.060125756861098
702.5 24.926848158986164 23.060639615376857
703.0 24.928639236109646 23.061163141893605
703.5 24.93045664678233 23.06166921772487
704.0 24.93227360142044 23.062200011127068
704.5 24.93408796398406 23.06272121377162
705.0 24.93590173577367 23.06323111032625
705.5 24.937709573976612 23.063754199366635
706.0 24.939521688364184 23.064279246669457
706.5 24.941331176046567 23.064792619794186
707.0 24.943160588693047 23.065315649596002
707.5 24.944947795374123 23.06584358530474
708.0 24.946768902306246 23.066352050515448
708.5 24.94857474130285 23.06687896758019
709.0 24.95039924752282 23.067396292011196
709.5 24.95222198342859 23.067919436355844
710.0 24.954012529164793 23.068447922237496
710.5 24.95585619635837 23.068961079462365
711.0 24.957666508715 23.069488078936345
711.5 24.95946284159343 23.070001202938123
712.0 24.961290274411404 23.07052677186736
712.5 24.963095302161783 23.071058298689163
713.0 24.964911242100563 23.071579174568853
713.5 24.966714300569176 23.07210857722356
714.0 24.968517370314384 23.072617090511947
714.5 24.970346341730597 23.073156073263345
715.0 24.97216643746382 23.07367084246605
715.5 24.973960509210457 23.074195921434274
716.0 24.97580468777107 23.07472541030804
716.5 24.977599735059528 23.07524362171577
717.0 24.97940330921777 23.07577182174316
717.5 24.981227510812243 23.076295951679494
718.0 24.983040631364993 23.07681753703808
718.5 24.98485995190622 23.077344698384415
719.0 24.986656619714505 23.077874454789182
719.5 24.988474127230667 23.07839885549994
720.0 24.9902885538355 23.07892287248653
720.5 24.99208638761807 23.079453538943376
721.0 24.99390294184076 23.079982901548316
721.5 24.99573168018187 23.080501608307145
722.0 24.99751182893533 23.08102715658533
722.5 24.999339999276593 23.081552224173766
723.0 25.001142146598777 23.08208437691637
723.5 25.00294427561499 23.082605992667638
724.0 25.004768068044307 23.08313268984008
724.5 25.0065698737817 23.08366368982522
725.0 25.00837952037451 23.0841865120672
725.5 25.010193037712718 23.084711851986977
726.0 25.01200817530951 23.085245667035686
726.5 25.013808319468325 23.085776300864854
727.0 25.015600488158718 23.08629677868585
727.5 25.01741281885932 23.08682473730422
728.0 25.01923038724354 23.08735488965133
728.5 25.021027860144226 23.08788692242451
729.0 25.022824572285998 23.08840626694098
729.5 25.024607556617305 23.088934585511403
730.0 25.02644009265461 23.089460743000263
730.5 25.028212681037374 23.089990445309017
731.0 25.03001317471838 23.090523088096866
731.5 25.03181592572572 23.09105139146788
732.0 25.033620533282782 23.091577268659712
732.5 25.035417481446917 23.09210555328571
733.0 25.03719972769308 23.092624869155696
733.5 25.039004717957557 23.093156326411048
734.0 25.040790743511145 23.093688797763846
734.5 25.042568328884073 23.094213329353906
735.0 25.044380902114455 23.09474852640586
735.5 25.046185187788872 23.095268012873085
736.0 25.047952394468386 23.09580515994678
736.5 25.049753729920567 23.096325061235852
737.0 25.05153600598851 23.096851077368413
737.5 25.053323563194645 23.0973881300674
738.0 25.05511042367371 23.09791294753847
738.5 25.05686919212559 23.098442318746997
739.0 25.0586773251705 23.09896805258193
739.5 25.0604547182532 23.09949296259755
740.0 25.062215715084854 23.10001481431246
740.5 25.064020756699698 23.10054632859984
741.0 25.065784251648623 23.10108161640461
741.5 25.067540528523026 23.101605275289412
742.0 25.069312100107194 23.102133863472545
742.5 25.0710954370369 23.102660233470527
743.0 25.072865100884535 23.103185591976327
743.5 25.07464706570574 23.103718465775806
744.0 25.07639407631837 23.104241006192858
744.5 25.078168451535618 23.104764604508702
745.0 25.079917171338014 23.105295502110586
745.5 25.08170209882501 23.105832514536107
746.0 25.08345305056936 23.106357346834745
746.5 25.085210814626766 23.106882258518823
747.0 25.086972931103265 23.107408906263018
747.5 25.08873225207266 23.107944814243567
748.0 25.09046581253017 23.108466361238534
748.5 25.092229126427927 23.109003019000305
749.0 25.09398726494095 23.10952097930844
749.5 25.095758868157777 23.110055051854328
750.0 25.097503579738518 23.110582430579747
750.5 25.09922958553556 23.111115244205003
751.0 25.10098648721334 23.111635221915968
751.5 25.10274486486211 23.11217467405954
752.0 25.104467523302954 23.1127022667026
752.5 25.10622549204455 23.113216268106292
753.0 25.108008271144975 23.113762050024874
753.5 25.109732274113007 23.114281211219613
754.0 25.111460376366608 23.114811238925398
754.5 25.11321214171543 23.115336966104692
755.0 25.114940827491658 23.11587363299477
755.5 25.116712102595983 23.116399542642565
756.0 25.11844667895819 23.116931588165155
756.5 25.120206061894844 23.117460704634137
757.0 25.1219268118366 23.117985242306872
757.5 25.12366165900573 23.118523268500372
758.0 25.12541277256481 23.119056139612223
758.5 25.127124511719536 23.11957525680587
759.0 25.128882886129574 23.12011722648169
759.5 25.130604118541648 23.120644183646355
760.0 25.13234893593932 23.12117391563609
760.5 25.134079330530703 23.12171023613611
761.0 25.135819775908573 23.122234337830292
761.5 25.137566018183474 23.122767255204582
762.0 25.13932732935941 23.123300323621947
762.5 25.14103496476476 23.12382745024128
763.0 25.142768289981063 23.1243715846021
763.5 25.14449587538429 23.124903088641652
764.0 25.146258068716246 23.12543008537519
764.5 25.147995356179102 23.12595827312391
765.0 25.149731738700403 23.1265033195837
765.5 25.151430127428544 23.12703348849972
766.0 25.15317412015589 23.12756070679274
766.5 25.154909783913006 23.128100815491624
767.0 25.156647441011405 23.128632501280812
767.5 25.158391651807612 23.12917130908547
768.0 25.160117001068244 23.129703586120375
768.5 25.161857659114713 23.130243294924423
769.0 25.16360549412754 23.130780641929686
769.5 25.165337421881677 23.13130392293386
770.0 25.16706243593227 23.131855590642502
770.5 25.168810884554233 23.132380696179794
771.0 25.170539030236245 23.13292021450627
771.5 25.172274904464306 23.13345628917089
772.0 25.173996530197837 23.133992467047364
772.5 25.175751578716397 23.13453178987281
773.0 25.177498736033833 23.13507072870257
773.5 25.17922690135538 23.135607464520206
774.0 25.180952381713546 23.13614869666051
774.5 25.182673025769855 23.136681390712013
775.0 25.184396538647626 23.13721661302145
775.5 25.186102420148178 23.137754798802877
776.0 25.187818870211274 23.138301346494373
776.5 25.189572112575995 23.138825392189982
777.0 25.19128806567145 23.139373985182313
777.5 25.19303002931298 23.13991401929038
778.0 25.194758068258636 23.14045208077943
778.5 25.196461941647392 23.14099517574939
779.0 25.1981878764919 23.14153202070348
779.5 25.199900692125475 23.142069101565156
780.0 25.201643337009557 23.142608836031556
780.5 25.203329329269653 23.143145930409506
781.0 25.205075104210298 23.14368937508656
781.5 25.20674663459733 23.144230219824443
782.0 25.208493483615108 23.14476985650088
782.5 25.21022261203415 23.1453123704964
783.0 25.21193773959631 23.145854323111195
783.5 25.213661283573305 23.14639792223285
784.0 25.21538088314071 23.14693394422737
784.5 25.21707607051364 23.147479075179906
785.0 25.2187800778627 23.14801949217297
785.5 25.220505468053574 23.148556702523425
786.0 25.222228109264513 23.149091627056663
786.5 25.223916475800113 23.1496424716362
787.0 25.22562438454751 23.150185287159125
787.5 25.227375675672267 23.15072932198364
788.0 25.229052351561556 23.15127355034965
788.5 25.23077294831896 23.151813539369265
789.0 25.232475768411362 23.152367129450923
789.5 25.23416157170078 23.152898866947954
790.0 25.235902358698105 23.153443860126522
790.5 25.23759593104506 23.153987998395383
791.0 25.239313959317357 23.154536657444773
791.5 25.241008532817567 23.15507788797909
792.0 25.24271490168934 23.155630182840333
792.5 25.24441616356326 23.15617184048697
793.0 25.246136682234905 23.156717776048012
793.5 25.247834563965938 23.157263332371713
794.0 25.249555047345268 23.157811739071636
794.5 25.251254294772853 23.158351976924465
795.0 25.25296803189912 23.15889854553596
795.5 25.254659932935258 23.159443099779246
796.0 25.256381658273234 23.159997385399205
796.5 25.25807462757556 23.1605380982484
797.0 25.259790453583012 23.161083050311042
797.5 25.261489468904447 23.1616369355506
798.0 25.26321091044573 23.16217827106985
798.5 25.264890906628672 23.162725634184895
799.0 25.266586275229926 23.163270566286876
799.5 25.268311790099695 23.16382632969507
800.0 25.270005496477555 23.164375416914908
800.5 25.27170828110366 23.164911059510004
801.0 25.273396556037305 23.1654714300751
801.5 25.275142264175866 23.166017276451218
802.0 25.276851766991186 23.166570647792028
802.5 25.27855487663458 23.167119692773976
803.0 25.28023376476768 23.167658041125847
803.5 25.28195494318867 23.16821768704676
804.0 25.283652987852317 23.16876278147838
804.5 25.28534745457746 23.169307213952656
805.0 25.287066434462506 23.169866941872318
805.5 25.288773359923873 23.1704156536537
806.0 25.29050377599095 23.170972609443584
806.5 25.292182759390577 23.17151695622497
