FastTrWP/PhaseSpace/IAs/snIa_0.4_25_1_0.0.csv
# %ECSV 0.9
# ---
# datatype:
# - {name: time-rel, datatype: float64}
# - {name: g, datatype: float64}
# - {name: i, datatype: float64}
# schema: astropy-2.0
time-rel g i
[from data line 1947]
953.3958333333334 -25.93566728960813 -27.28160443571529
953.8958333333333 -25.9339427876237 -27.280690047637318
954.3958333333334 -25.932225087743713 -27.279759021923073
954.8958333333334 -25.930495791563782 -27.278836940472356
955.3958333333333 -25.92875954787148 -27.277906257450365
955.8958333333334 -25.927025777300443 -27.276978895504197
956.3958333333334 -25.92529893846393 -27.276048260999744
956.8958333333333 -25.92356323435189 -27.275110989371445
957.3958333333334 -25.92182627152623 -27.274181456802125
957.8958333333334 -25.920078828587837 -27.273244629542035
958.3958333333333 -25.91836342010953 -27.272305708256507
958.8958333333334 -25.916610361663004 -27.271368023800218
959.3958333333334 -25.91486854741445 -27.270429283162372
959.8958333333333 -25.913108915782868 -27.26947973446922
960.3958333333334 -25.911379784612123 -27.26853674102823
960.8958333333334 -25.90963911882858 -27.267589464162157
961.3958333333333 -25.907885274066487 -27.26664665135736
961.8958333333334 -25.90612625676991 -27.265696154583964
962.3958333333334 -25.904372533718487 -27.264745765863925
962.8958333333333 -25.902623525538896 -27.263792528100865
963.3958333333334 -25.900861275775576 -27.26283636518295
963.8958333333334 -25.8990909400362 -27.261886418671757
964.3958333333333 -25.89735458223991 -27.26092158731419
964.8958333333334 -25.895580227193346 -27.2599674786438
965.3958333333334 -25.893813481324777 -27.25900459721082
965.8958333333333 -25.89205499844283 -27.258042054423672
966.3958333333334 -25.89029188317875 -27.257080264178413
966.8958333333334 -25.8885110002334 -27.2561162475119
967.3958333333333 -25.886754801477455 -27.25515168182769
967.8958333333334 -25.884974409008766 -27.254186958169694
968.3958333333334 -25.883204353498034 -27.253218831699275
968.8958333333333 -25.88141993697858 -27.252241739732824
969.3958333333334 -25.879642570786267 -27.251265654383076
969.8958333333334 -25.877866165258993 -27.25029709944877
970.3958333333333 -25.876075330482387 -27.249321546240694
970.8958333333334 -25.874274725201168 -27.24833999112676
971.3958333333334 -25.87250787543598 -27.24736173807091
971.8958333333333 -25.870718291448874 -27.24638312620009
972.3958333333334 -25.868940182365705 -27.245402865191245
972.8958333333334 -25.867128386990682 -27.244424696869288
973.3958333333333 -25.865348543784098 -27.243433489013892
973.8958333333334 -25.863534917764586 -27.2424462235608
974.3958333333334 -25.86175806606667 -27.24146928956184
974.8958333333333 -25.85995064720636 -27.24047551070109
975.3958333333334 -25.858139985211125 -27.239486016302177
975.8958333333334 -25.856344834512733 -27.238489000463627
976.3958333333333 -25.854551813618762 -27.237500156663774
976.8958333333334 -25.852744864502554 -27.23650454013835
977.3958333333334 -25.8509379447154 -27.23550685108821
977.8958333333333 -25.84910639734534 -27.234514416798497
978.3958333333334 -25.847303437443575 -27.233502415060133
978.8958333333334 -25.845487269193498 -27.232504766561675
979.3958333333333 -25.843673701992014 -27.231502765365725
979.8958333333334 -25.841839406166272 -27.230505588442206
980.3958333333334 -25.840043031672497 -27.229496504821714
980.8958333333333 -25.838207008865858 -27.22849169600654
981.3958333333334 -25.83637436764382 -27.227483699447884
981.8958333333334 -25.834553414526987 -27.22646675401364
982.3958333333333 -25.83272351785653 -27.225472619767505
982.8958333333334 -25.830898740190502 -27.224452950471495
983.3958333333334 -25.829061744644292 -27.223438548078533
983.8958333333333 -25.82724097658825 -27.222422713307356
984.3958333333334 -25.825394448974773 -27.22139327687116
984.8958333333334 -25.823540080649366 -27.22037959872837
985.3958333333333 -25.821696517333194 -27.219345997085487
985.8958333333334 -25.819843277920896 -27.21832216688091
986.3958333333334 -25.818008242238633 -27.217290053045353
986.8958333333333 -25.816153740266845 -27.216242318399342
987.3958333333334 -25.814291737766514 -27.215209498216794
987.8958333333334 -25.812431645304116 -27.214164463471576
988.3958333333333 -25.810574345128497 -27.21311729190346
988.8958333333334 -25.8086923977531 -27.212074515424455
989.3958333333334 -25.806842504360688 -27.211016407914073
989.8958333333333 -25.80498090963313 -27.20996134463534
990.3958333333334 -25.803105379477525 -27.208910030476282
990.8958333333334 -25.801198043077378 -27.207853508020044
991.3958333333333 -25.79934253814354 -27.206783642169196
991.8958333333334 -25.797472182592077 -27.20572215823602
992.3958333333334 -25.79558428208007 -27.20465620128349
992.8958333333333 -25.793698580791396 -27.203590759695253
993.3958333333334 -25.791817964400316 -27.20253205616296
993.8958333333334 -25.78991922821373 -27.201452645111836
994.3958333333333 -25.78802691418489 -27.20038257572437
994.8958333333334 -25.78613699768656 -27.199299658864984
995.3958333333334 -25.78422710158366 -27.1982335244634
995.8958333333333 -25.782336176748366 -27.19715176787963
996.3958333333334 -25.78044451587321 -27.196080197925703
996.8958333333334 -25.778540587036865 -27.194997064687424
997.3958333333333 -25.77664096576292 -27.19390640924125
997.8958333333334 -25.77473776362439 -27.192827077697785
998.3958333333334 -25.772820557299845 -27.19174886053419
998.8958333333333 -25.770905937929566 -27.1906564149743
999.3958333333334 -25.769003816507976 -27.18957177518234
999.8958333333334 -25.767090262671314 -27.188485125973557
1000.3958333333333 -25.765183255331088 -27.187400806661117
1000.8958333333334 -25.763264776918145 -27.186304627610983
1001.3958333333334 -25.761352560817738 -27.185225640752346
1001.8958333333333 -25.7594271750634 -27.18413447630773
1002.3958333333334 -25.757511325323136 -27.18304622435354
1002.8958333333334 -25.755597070299924 -27.181945995453503
1003.3958333333333 -25.75366512342368 -27.180872003956786
1003.8958333333334 -25.75172283697877 -27.17978156354514
1004.3958333333334 -25.749829691291293 -27.17868286671812
1004.8958333333334 -25.747901083429618 -27.177599937561475
1005.3958333333334 -25.74596123357071 -27.176510439532173
1005.8958333333334 -25.744038813749587 -27.175428536254657
1006.3958333333334 -25.742115014737056 -27.174333414389093
1006.8958333333334 -25.74016429887856 -27.173246331208055
1007.3958333333334 -25.738254071318956 -27.1721658720894
1007.8958333333334 -25.736314290886646 -27.171077341322754
1008.3958333333334 -25.734391369909137 -27.169990787220403
1008.8958333333334 -25.732445739104342 -27.168910522406186
1009.3958333333334 -25.730514651764 -27.167825073849553
1009.8958333333334 -25.728577275234493 -27.166744108259856
1010.3958333333334 -25.726650208062026 -27.165662024292182
1010.8958333333334 -25.724710318221643 -27.164589685454995
1011.3958333333334 -25.722794374924128 -27.163507278627158
1011.8958333333334 -25.720852531881853 -27.16242864353719
1012.3958333333334 -25.718912059236185 -27.161358682585387
1012.8958333333334 -25.716978428538887 -27.160286534031446
1013.3958333333334 -25.715045068741734 -27.15921051735036
1013.8958333333334 -25.713108996662235 -27.1581439724854
1014.3958333333334 -25.711157527900042 -27.157078670470796
1014.8958333333334 -25.7092491562509 -27.156009085943275
1015.3958333333334 -25.70729382825045 -27.154956176690682
1015.8958333333334 -25.70537369801954 -27.15389599771926
1016.3958333333334 -25.703436013536308 -27.1528370387985
1016.8958333333334 -25.701480812865558 -27.151787785750944
1017.3958333333334 -25.699560076278 -27.150728647277038
1017.8958333333334 -25.69761793244909 -27.149669165323647
1018.3958333333334 -25.695672421709173 -27.148622575696926
1018.8958333333334 -25.693721886515565 -27.14756010719951
1019.3958333333334 -25.691796287807016 -27.146503390050857
1019.8958333333334 -25.68985140439611 -27.145454670811425
1020.3958333333334 -25.687921646141113 -27.144401901822945
1020.8958333333334 -25.685963880017788 -27.14335401778324
1021.3958333333334 -25.684028508554228 -27.14230763347807
1021.8958333333334 -25.682073937647523 -27.141248035041173
1022.3958333333334 -25.680118920726077 -27.140190782355937
1022.8958333333334 -25.678171726675544 -27.13913655346189
1023.3958333333334 -25.676228830399634 -27.13808970834437
1023.8958333333334 -25.674281323154084 -27.137041316778006
1024.3958333333333 -25.6723203177772 -27.13598296892844
1024.8958333333333 -25.670361412662754 -27.134939725934913
1025.3958333333333 -25.668417308889794 -27.133889471961872
1025.8958333333333 -25.666465330219776 -27.132830022560025
1026.3958333333333 -25.664524708094515 -27.131787036905823
1026.8958333333333 -25.66255917678667 -27.130734064661027
1027.3958333333333 -25.66060502054843 -27.129688617305785
1027.8958333333333 -25.658632637859945 -27.128637933615053
1028.3958333333333 -25.656690070237907 -27.127597418397297
1028.8958333333333 -25.654731289813995 -27.12654653403685
1029.3958333333333 -25.652755556270222 -27.125495445196446
1029.8958333333333 -25.650785545816504 -27.124444769214403
1030.3958333333333 -25.648825941793557 -27.12341497950092
1030.8958333333333 -25.646869456470725 -27.12236025537022
1031.3958333333333 -25.644907414879356 -27.121320410114667
1031.8958333333333 -25.64294985392058 -27.120287066042636
1032.3958333333333 -25.640961286021287 -27.119232025091534
1032.8958333333333 -25.639000181015486 -27.11819557221078
1033.3958333333333 -25.637033261269 -27.117147399737377
1033.8958333333333 -25.63508812345425 -27.1161207282059
1034.3958333333333 -25.63309873812468 -27.11508016787722
1034.8958333333333 -25.63113345742067 -27.114032080430857
1035.3958333333333 -25.629174397429388 -27.11300001378831
1035.8958333333333 -25.627213283559286 -27.111968801429814
1036.3958333333333 -25.625223425069667 -27.11092813936491
1036.8958333333333 -25.62327283796448 -27.10989951095658
1037.3958333333333 -25.621290616817237 -27.108864523921582
1037.8958333333333 -25.619315214837734 -27.107832463633834
1038.3958333333333 -25.617336027459285 -27.106790368598222
1038.8958333333333 -25.615366804462433 -27.105765167838204
1039.3958333333333 -25.61338323750505 -27.10473689138015
1039.8958333333333 -25.611407631647914 -27.103697857148926
1040.3958333333333 -25.609431028506776 -27.10268996757627
1040.8958333333333 -25.6074732810485 -27.101653680950683
1041.3958333333333 -25.605491993599934 -27.10062985015902
1041.8958333333333 -25.60350876334583 -27.09961361328254
1042.3958333333333 -25.601532104705413 -27.09858948550363
1042.8958333333333 -25.599551467783076 -27.097565937982132
1043.3958333333333 -25.597563288941462 -27.096548260349454
1043.8958333333333 -25.595595254774484 -27.09553157700565
1044.3958333333333 -25.593618643856416 -27.09452340210129
1044.8958333333333 -25.59163730533085 -27.09349625155408
1045.3958333333333 -25.58965757232332 -27.09248542227304
1045.8958333333333 -25.587674516404814 -27.091474830748226
1046.3958333333333 -25.58569209013738 -27.090459262937124
1046.8958333333333 -25.583721110447915 -27.089444899812296
1047.3958333333333 -25.581730493767726 -27.088443125279007
1047.8958333333333 -25.57976771061593 -27.08744198073782
1048.3958333333333 -25.577784942260728 -27.086430712445146
1048.8958333333333 -25.575817945685955 -27.085437120628576
1049.3958333333333 -25.57381270584869 -27.084434632820695
1049.8958333333333 -25.571826372725535 -27.083438392988274
1050.3958333333333 -25.569860359328406 -27.082436376796867
1050.8958333333333 -25.567895708893143 -27.0814328140349
1051.3958333333333 -25.56589488809263 -27.080442835713686
1051.8958333333333 -25.56390788408457 -27.079451591343876
1052.3958333333333 -25.561930225677795 -27.078459670750927
1052.8958333333333 -25.559952948939756 -27.07746455536753
1053.3958333333333 -25.557961671551755 -27.076467853766854
1053.8958333333333 -25.555980120107744 -27.07548433436434
1054.3958333333333 -25.553992591636266 -27.07449604834703
1054.8958333333333 -25.551989390652494 -27.073504811907824
1055.3958333333333 -25.550010693903587 -27.0725238866273
1055.8958333333333 -25.548031737089442 -27.0715404255245
1056.3958333333333 -25.54605221383504 -27.07054522131957
1056.8958333333333 -25.54406804930904 -27.069574408167494
1057.3958333333333 -25.542069126800172 -27.068588044202414
1057.8958333333333 -25.540070676497617 -27.067609017203537
1058.3958333333333 -25.53809349078093 -27.066629054649354
1058.8958333333333 -25.536105123295997 -27.065647673600445
1059.3958333333333 -25.534096245760594 -27.064673442567
1059.8958333333333 -25.53212634281039 -27.06369972826153
1060.3958333333333 -25.530144980627256 -27.062712966015038
1060.8958333333333 -25.52814386300708 -27.06175435200923
1061.3958333333333 -25.526154662379923 -27.060776747863503
1061.8958333333333 -25.524175479499295 -27.05979951703131
1062.3958333333333 -25.522178317860835 -27.058832391555818
1062.8958333333333 -25.520169477948013 -27.057870341654958
1063.3958333333333 -25.518195089164735 -27.05690409331622
1063.8958333333333 -25.516190250961543 -27.05593663486589
1064.3958333333333 -25.51419549339633 -27.054973422994387
1064.8958333333333 -25.512187048468483 -27.054014679699335
1065.3958333333333 -25.510192631958077 -27.053054386808558
1065.8958333333333 -25.50821744849362 -27.05209876223674
1066.3958333333333 -25.506241117291108 -27.05114103245666
1066.8958333333333 -25.504258242284948 -27.050184863272868
1067.3958333333333 -25.50224573624014 -27.049230516373726
1067.8958333333333 -25.500246100244546 -27.048269961869597
1068.3958333333333 -25.49826149719007 -27.047313994584812
1068.8958333333333 -25.49627277388826 -27.046373514408
1069.3958333333333 -25.49425758849757 -27.04541813341951
1069.8958333333333 -25.49226642535455 -27.044476411806468
1070.3958333333333 -25.490310325718575 -27.043522588984633
1070.8958333333333 -25.48829911429657 -27.042582540741314
1071.3958333333333 -25.486291251091018 -27.041634729032012
1071.8958333333333 -25.48429713617411 -27.040702580175694
1072.3958333333333 -25.4823097356584 -27.03976660970152
1072.8958333333333 -25.48029714351783 -27.03882769783555
1073.3958333333333 -25.478324747289932 -27.03788815414734
1073.8958333333333 -25.47631507048695 -27.03695516782059
1074.3958333333333 -25.47433797992538 -27.03601944259144
1074.8958333333333 -25.472339476914048 -27.035085289114356
1075.3958333333333 -25.47033836661416 -27.034152057316703
1075.8958333333333 -25.468345746015917 -27.03322776339754
1076.3958333333333 -25.466366982287887 -27.032302374995236
1076.8958333333333 -25.464363404797115 -27.031376815784206
1077.3958333333333 -25.46237123098161 -27.030450466346593
1077.8958333333333 -25.46036907290961 -27.029527190640824
1078.3958333333333 -25.458393804425263 -27.02860615459693
1078.8958333333333 -25.456408635756897 -27.02768891343778
1079.3958333333333 -25.45441273549163 -27.026775699650702
1079.8958333333333 -25.452413031927478 -27.025853788447264
1080.3958333333333 -25.450425779716376 -27.02495296144513
1080.8958333333333 -25.448438932188502 -27.024031247205542
1081.3958333333333 -25.44644768914459 -27.023132195317782
1081.8958333333333 -25.444453405009885 -27.022215799411512
1082.3958333333333 -25.44247635729198 -27.021312511984416
1082.8958333333333 -25.44048928629735 -27.020409192142978
1083.3958333333333 -25.43849727531566 -27.019501726474786
1083.8958333333333 -25.436504828673137 -27.01860334952199
1084.3958333333333 -25.4345323174168 -27.017701547646446
1084.8958333333333 -25.432523655869712 -27.016807142426188
1085.3958333333333 -25.43052810643758 -27.01591339507199
1085.8958333333333 -25.428555182931643 -27.015016964451807
1086.3958333333333 -25.42658064896202 -27.014128307133483
1086.8958333333333 -25.424594385275178 -27.01323238327354
1087.3958333333333 -25.42259246796617 -27.012350183032186
1087.8958333333333 -25.4206085933916 -27.01145245389204
1088.3958333333333 -25.418621847465616 -27.010564981638375
1088.8958333333333 -25.416639480635812 -27.0096860046497
1089.3958333333333 -25.414638244850302 -27.008799018054393
1089.8958333333333 -25.412661907141757 -27.00792224514924
1090.3958333333333 -25.410684978347227 -27.007039136154695
1090.8958333333333 -25.408695202553044 -27.006168742279147
