FastTrWP/PhaseSpace/IAs/snIa_0.51_30.00_-1.68_0.05.csv
# %ECSV 0.9
# ---
# datatype:
# - {name: time-rel, datatype: float64}
# - {name: g, datatype: float64}
# - {name: i, datatype: float64}
# schema: astropy-2.0
time-rel g i
271.7083333333333 26.984447829970396 24.398659168669266
272.2083333333333 26.959651923826407 24.39243858395052
272.7083333333333 26.935214242095373 24.3862063225913
273.2083333333333 26.911291580921777 24.379982857204
273.7083333333333 26.887564220367256 24.373798124373984
274.2083333333333 26.86423453110053 24.367628805400567
274.7083333333333 26.841293845416775 24.36147243784136
275.2083333333333 26.818585932601525 24.35532792394509
275.7083333333333 26.79623909603628 24.34919599368721
276.2083333333333 26.774173178954314 24.343106182309903
276.7083333333333 26.75241370372131 24.337015681316885
277.2083333333333 26.730933775499686 24.330969716816035
277.7083333333333 26.709729196766684 24.32491024267842
278.2083333333333 26.68881180744468 24.318879683297567
278.7083333333333 26.66818848103036 24.312851950710062
279.2083333333333 26.647791833411503 24.306874620271405
279.7083333333333 26.62758509128867 24.300883189994195
280.2083333333333 26.607765332575987 24.294901580040175
280.7083333333333 26.58802030398828 24.28897090838625
281.2083333333333 26.568581672462344 24.283026271041678
281.7083333333333 26.549368505259356 24.2771127648415
282.2083333333333 26.530334107986945 24.271218970745323
282.7083333333333 26.51156090473446 24.265339208658357
283.2083333333333 26.4929517722476 24.25945549722416
283.7083333333333 26.47461837276978 24.25360505983879
284.2083333333333 26.456423289109612 24.24775637128784
284.7083333333333 26.438430057339076 24.24195871839686
285.2083333333333 26.420669620594115 24.23615435814476
285.7083333333333 26.40304387413891 24.23035892226582
286.2083333333333 26.38561976941888 24.224569656995293
286.7083333333333 26.368319232169675 24.21881567925447
287.2083333333333 26.351256158982935 24.213071565358334
287.7083333333333 26.334332747507126 24.20733871561278
288.2083333333333 26.317606834953843 24.201632725648743
288.7083333333333 26.30102047784025 24.195926269738347
289.2083333333333 26.284613010668263 24.190243917223107
289.7083333333333 26.268316244601834 24.18455908656474
290.2083333333333 26.25218279634477 24.178919765258314
290.7083333333333 26.236211456999527 24.17326581893303
291.2083333333333 26.22038682221754 24.1676321179596
291.7083333333333 26.204746011886904 24.16203541960044
292.2083333333333 26.189204445474257 24.156437375174526
292.7083333333333 26.173807982776044 24.15083640350001
293.2083333333333 26.15850961381615 24.145289226667646
293.7083333333333 26.14337737710911 24.139709901073886
294.2083333333333 26.128388193855603 24.134188676610925
294.7083333333333 26.11351431554032 24.128653151086187
295.2083333333333 26.098785832471727 24.12312947018682
295.7083333333333 26.084177766979604 24.117623258994367
296.2083333333333 26.06965775441054 24.112139115182668
296.7083333333333 26.055274080418677 24.10667496596239
297.2083333333333 26.04102213617925 24.101203165009387
297.7083333333333 26.026872762995943 24.095751439136727
298.2083333333333 26.012848290419143 24.09033560244295
298.7083333333333 25.998901292426048 24.084924838540882
299.2083333333333 25.98510520981174 24.079508562180546
299.7083333333333 25.971351595990786 24.074125349483122
300.2083333333333 25.957745339944708 24.068757442842003
300.7083333333333 25.944268750719488 24.063406167672344
301.2083333333333 25.93088514306922 24.0580496964605
301.7083333333333 25.917554589460607 24.05272154539968
302.2083333333333 25.90438202373951 24.047418608728293
302.7083333333333 25.891241999999615 24.04210316184152
303.2083333333333 25.878220374469766 24.03681819807042
303.7083333333333 25.865304040696987 24.03151721840218
304.2083333333333 25.852500436394944 24.026264412028127
304.7083333333333 25.839757021423843 24.020999769624986
305.2083333333333 25.827082048918566 24.015776633009956
305.7083333333333 25.81455738736502 24.01053531415826
306.2083333333333 25.802080707027105 24.00533296204175
306.7083333333333 25.789654580967778 24.000129740575062
307.2083333333333 25.777352982531898 23.994929430297756
307.7083333333333 25.765137386767055 23.989745115180902
308.2083333333333 25.752950480149828 23.984608137628882
308.7083333333333 25.74089388457579 23.9794490791005
309.2083333333333 25.728930558407498 23.974311887513103
309.7083333333333 25.717025735214968 23.969187050491495
310.2083333333333 25.70514130689148 23.96407968615805
310.7083333333333 25.69336634906498 23.958966549950723
311.2083333333333 25.68169844240002 23.95387125977659
311.7083333333333 25.670039131268037 23.948799829247974
312.2083333333333 25.658514388951687 23.943732677045805
312.7083333333333 25.64703048449205 23.938668077262545
313.2083333333333 25.635620554536835 23.933622874120125
313.7083333333333 25.62424591383198 23.928583706276036
314.2083333333333 25.613006669486413 23.923577362945228
314.7083333333333 25.6017946709899 23.918553588008734
315.2083333333333 25.590646814880593 23.91355005817164
315.7083333333333 25.57955433316439 23.90855994177938
316.2083333333333 25.568571333814777 23.90358679982821
316.7083333333333 25.557591762943662 23.89861416770828
317.2083333333333 25.54671655977041 23.89366454812055
317.7083333333333 25.535876077641984 23.88871062923127
318.2083333333333 25.52512860043955 23.883779629326042
318.7083333333333 25.514403031341853 23.878840306605355
319.2083333333333 25.503765101751338 23.87393611770447
319.7083333333333 25.493151678691603 23.869036428950427
320.2083333333333 25.48263456665328 23.864132221456188
320.7083333333333 25.472135471741034 23.85925086712657
321.2083333333333 25.46169319794821 23.854385144494245
321.7083333333333 25.451327151847 23.84949921032046
322.2083333333333 25.441007306943867 23.844657318698292
322.7083333333333 25.430775326367336 23.83980632537395
323.2083333333333 25.420545041340212 23.83497202326444
323.7083333333333 25.41040482170733 23.83014075223945
324.2083333333333 25.400308008768945 23.825352323287483
324.7083333333333 25.390259554903558 23.82052992618732
325.2083333333333 25.38023235615565 23.81573563437688
325.7083333333333 25.370291872969336 23.81094531602492
326.2083333333333 25.360389685700518 23.806159739437728
326.7083333333333 25.350540101344833 23.801404667943565
327.2083333333333 25.340723238088838 23.79663346957046
327.7083333333333 25.330992368794952 23.791884949233125
328.2083333333333 25.321288623951602 23.78715741795888
328.7083333333333 25.31162208700092 23.782423881976964
329.2083333333333 25.30197781593365 23.77768782878529
329.7083333333333 25.292400901246637 23.77298706343773
330.2083333333333 25.28289875090751 23.768278598921448
330.7083333333333 25.27343013108185 23.763584332131376
331.2083333333333 25.263996756722186 23.75889066473032
331.7083333333333 25.25459800814376 23.754207773999187
332.2083333333333 25.245231065762084 23.749547205122564
332.7083333333333 25.23592281499174 23.744875302834334
333.2083333333333 25.226669594677283 23.740226118303262
333.7083333333333 25.217426145638736 23.735575065964944
334.2083333333333 25.20823798748245 23.7309523674802
334.7083333333333 25.19912793275363 23.72632866993643
335.2083333333333 25.190029721304356 23.72170938458872
335.7083333333333 25.180979784037206 23.717106380795776
336.2083333333333 25.171977287835375 23.712514926441663
336.7083333333333 25.163014882328696 23.707931842105758
337.2083333333333 25.15409923259659 23.70336317968748
337.7083333333333 25.145216443988513 23.698791254898754
338.2083333333333 25.136371714436677 23.694241606786935
338.7083333333333 25.127547549620633 23.689687815974054
339.2083333333333 25.11876911075669 23.68514960794236
339.7083333333333 25.110065025729135 23.680614775580878
340.2083333333333 25.101359523665785 23.676093738150147
340.7083333333333 25.09270699704915 23.671584313870888
341.2083333333333 25.08410227271024 23.667104686294852
341.7083333333333 25.075539475061376 23.66261133607715
342.2083333333333 25.066988006065035 23.658114693960073
342.7083333333333 25.058473590697723 23.6536497567784
343.2083333333333 25.05002683212289 23.64918775936394
343.7083333333333 25.0415772008489 23.644706866658773
344.2083333333333 25.03317259400871 23.640274363448093
344.7083333333333 25.024794334254658 23.63583488917834
345.2083333333333 25.016510986385168 23.63140006774616
345.7083333333333 25.008185979507864 23.626985632344997
346.2083333333333 24.999938945749403 23.62256564521935
346.7083333333333 24.991724817285586 23.618162033775604
347.2083333333333 24.983525376289496 23.613758311337016
347.7083333333333 24.975352984302358 23.60936869082256
348.2083333333333 24.967227625622485 23.604989764256167
348.7083333333333 24.95914063296216 23.600613432645623
349.2083333333333 24.951066271833973 23.596247550283863
349.7083333333333 24.94301270679113 23.59188537628406
350.2083333333333 24.935035369582724 23.587547100075483
350.7083333333333 24.927072892438645 23.583193796542922
351.2083333333333 24.91912148878148 23.5788651653159
351.7083333333333 24.911208880598824 23.574553035793592
352.2083333333333 24.90333549749814 23.570217411424576
352.7083333333333 24.89547961726445 23.565909685510547
353.2083333333333 24.88768730253959 23.56159398064055
353.7083333333333 24.879873114032492 23.557310193147124
354.2083333333333 24.872111580619265 23.553028607720705
354.7083333333333 24.864372430700282 23.548737708623978
355.2083333333333 24.85667326532213 23.54446453644315
355.7083333333333 24.849021156223834 23.540192752061735
356.2083333333333 24.84136796496021 23.53595434797978
356.7083333333333 24.83374847818238 23.531676750560532
357.2083333333333 24.826135666139663 23.52744374105628
357.7083333333333 24.818591147529233 23.52321073649599
358.2083333333333 24.81103815562485 23.51898366300606
358.7083333333333 24.803552840379517 23.51474844268905
359.20833333333326 24.796063322252845 23.510538492696217
359.7083333333333 24.788576434802746 23.506328010255764
360.2083333333333 24.781164530511152 23.50213313006567
360.70833333333326 24.773751836663322 23.497938322913644
361.2083333333333 24.7663835615929 23.49374739495733
361.7083333333333 24.75901626580649 23.489567415882483
362.20833333333326 24.75169576601054 23.485395761522312
362.7083333333333 24.744400170971737 23.481219567710664
363.2083333333333 24.73713074948717 23.4770675294057
363.70833333333326 24.729864641558528 23.472897881120996
364.2083333333333 24.722626869903472 23.46876445236234
364.7083333333333 24.715424014091347 23.464623469747806
365.20833333333326 24.7082537309794 23.46049834743642
365.7083333333333 24.7010885028373 23.456360829453743
366.2083333333333 24.69396126722731 23.45224382761633
366.70833333333326 24.686846281879614 23.44812657308924
367.2083333333333 24.679766190840038 23.444018935919363
367.7083333333333 24.672696571366465 23.439912955522292
368.20833333333326 24.665655543716888 23.435814644692833
368.7083333333333 24.65863215964513 23.431724974691427
369.2083333333333 24.651630311881956 23.427637791805694
369.70833333333326 24.644640043330476 23.4235622856017
370.2083333333333 24.637633490659702 23.41946286504144
370.7083333333333 24.630631025195587 23.41538645559579
371.20833333333326 24.623631339434876 23.41129900842766
371.7083333333333 24.616641022811972 23.40720422560848
372.2083333333333 24.609647051370164 23.40311228422309
372.70833333333326 24.6026303689624 23.399021148409574
373.2083333333333 24.59566849026217 23.394929629791534
373.7083333333333 24.58867421715897 23.390839326111728
374.20833333333326 24.581722381682816 23.386764037764628
374.7083333333333 24.574750370451564 23.382674457133877
375.2083333333333 24.567803647232118 23.37858614893389
375.70833333333326 24.560869008600722 23.374511945477117
376.2083333333333 24.553922820743107 23.37043261587267
376.7083333333333 24.547020371668108 23.36635657360345
377.20833333333326 24.540135476329997 23.362296866504128
377.7083333333333 24.533282034881726 23.358227574049856
378.2083333333333 24.526411680587646 23.35417178071967
378.70833333333326 24.519584885972748 23.350122624741957
379.2083333333333 24.51274052468239 23.346068764256213
379.7083333333333 24.505930914338872 23.342023659832964
380.20833333333326 24.49914407781725 23.337987467856024
380.7083333333333 24.49238509462799 23.333961474301134
381.2083333333333 24.485652338952534 23.32993531888448
381.70833333333326 24.478930076317454 23.325918798211003
382.2083333333333 24.472267823686607 23.321912402801598
382.7083333333333 24.465585574978114 23.31791572556934
383.20833333333326 24.458950418529174 23.313915621705526
383.7083333333333 24.452345522992974 23.30993833470215
384.2083333333333 24.445757418477193 23.305963906633025
384.70833333333326 24.43921653200398 23.302008633740705
385.2083333333333 24.43267117443027 23.29804325967238
385.7083333333333 24.426171338243343 23.294089380928675
386.20833333333326 24.419696377994807 23.29015948988821
386.7083333333333 24.413258473136924 23.28623822477301
387.2083333333333 24.406865341781288 23.282312539911292
387.70833333333326 24.400490082088005 23.278411750681926
388.2083333333333 24.394135752336883 23.274522271323082
388.7083333333333 24.387812552920458 23.27063437565114
389.20833333333326 24.3815394031007 23.266776167584254
389.7083333333333 24.375308752421088 23.262920887879357
390.2083333333333 24.369082072494365 23.259073352402943
390.70833333333326 24.362911256191502 23.255229708215005
391.2083333333333 24.356769593927147 23.251408440052174
391.7083333333333 24.350666359344313 23.247601500214504
392.20833333333326 24.34460218998722 23.24381287782296
392.7083333333333 24.33857313946309 23.24003242666208
393.2083333333333 24.33257029805063 23.236264315042806
393.70833333333326 24.326610649601655 23.232506695518673
394.2083333333333 24.32068239072867 23.22877222747751
394.7083333333333 24.314825722552854 23.225039420463048
395.20833333333326 24.308989770089347 23.221339704094277
395.7083333333333 24.303166600569188 23.217639735949945
396.2083333333333 24.29741449921297 23.213958464150064
396.70833333333326 24.291683396637417 23.210289792512143
397.2083333333333 24.28601121466246 23.206646561088704
397.7083333333333 24.280356741504146 23.20301595817021
398.20833333333326 24.274743594846193 23.199384709285784
398.7083333333333 24.269185051518676 23.19579639071236
399.2083333333333 24.263679300631445 23.192203671264803
399.70833333333326 24.258189375625353 23.188637337645737
400.2083333333333 24.252757752532823 23.185077537637927
400.7083333333333 24.247357284399445 23.18153894384963
401.20833333333326 24.242011549548252 23.178028690914
401.7083333333333 24.236704099101985 23.17451990767477
402.2083333333333 24.231441742290116 23.171035834569484
402.70833333333326 24.22622728180187 23.167575297947828
403.2083333333333 24.221043168396736 23.164121438541997
403.7083333333333 24.215907208793404 23.16069223431878
404.20833333333326 24.21081397708336 23.1572735130232
404.7083333333333 24.205760050817318 23.153877946583016
405.2083333333333 24.20077765453293 23.15049730860042
405.70833333333326 24.19579052220712 23.147131558917103
406.2083333333333 24.190827245270683 23.14377432848503
406.7083333333333 24.185889855441136 23.140420624732755
407.20833333333326 24.180958364790644 23.137073813433616
407.7083333333333 24.176068690079315 23.13374767486399
408.2083333333333 24.1711796983476 23.13041791066238
408.70833333333326 24.166294601408303 23.127094278903897
409.2083333333333 24.16146839787293 23.12378479075074
409.7083333333333 24.156627058034065 23.12049491224436
410.20833333333326 24.15181636643669 23.11718183058611
410.7083333333333 24.147032903320355 23.11389961762226
411.2083333333333 24.14226419817887 23.110628428600748
411.70833333333326 24.13749989656842 23.107360419985817
412.2083333333333 24.132772611356536 23.104095577194393
412.7083333333333 24.12806070059419 23.100848640113064
413.20833333333326 24.12337368993139 23.097600634030524
413.7083333333333 24.11870119630035 23.094369201116752
414.2083333333333 24.11405785123629 23.09114011838045
414.70833333333326 24.109423923007583 23.08793129105489
415.2083333333333 24.10484455430008 23.084723959306274
415.7083333333333 24.10024655604742 23.081535622799294
