FastTrWP/PhaseSpace/IAs/snIa_0.58_30.00_0.56_0.04.csv
# %ECSV 0.9
# ---
# datatype:
# - {name: time-rel, datatype: float64}
# - {name: g, datatype: float64}
# - {name: i, datatype: float64}
# schema: astropy-2.0
time-rel g i
[from data line 2139]
642.0 25.561563024745556 22.756584143494475
642.5 25.56303384772435 22.757528415591786
643.0 25.564536690652737 22.758474158261027
643.5 25.566006365033424 22.759415196846938
644.0 25.56749317059588 22.76036318224461
644.5 25.568964548975913 22.761301068533225
645.0 25.570468737971197 22.76224268926548
645.5 25.571963915025776 22.76319437014282
646.0 25.573466985948308 22.764137371204193
646.5 25.574907631679658 22.765080674006835
647.0 25.576439789366034 22.766038133491328
647.5 25.577918796605488 22.766970762072418
648.0 25.579438554669128 22.767918421709638
648.5 25.58090561364302 22.768870677425678
649.0 25.58243965208186 22.769821644095035
649.5 25.583915400666942 22.77077155224608
650.0 25.58539932268981 22.77171527732608
650.5 25.58690213222148 22.772663678731533
651.0 25.588386993768406 22.77361675608286
651.5 25.589890687554785 22.77456363488163
652.0 25.591398856949255 22.77551128639746
652.5 25.59290536323878 22.776463737308895
653.0 25.594426481466623 22.77741331456341
653.5 25.595878024289505 22.77836348708997
654.0 25.597432218803277 22.779325556779227
654.5 25.598907473188085 22.780272334114393
655.0 25.600409350888413 22.78122891657777
655.5 25.60194948522867 22.782189719644812
656.0 25.60345143859877 22.78313214702679
656.5 25.6049469965669 22.784086303804617
657.0 25.6064463252575 22.7850454459595
657.5 25.607960752470692 22.786001745963947
658.0 25.609505069598274 22.786957813518306
658.5 25.611004168654446 22.787910755591444
659.0 25.612544534721145 22.788865277338747
659.5 25.614024402983887 22.78982498555532
660.0 25.6155770934922 22.790775495468836
660.5 25.617072541364053 22.791739116829568
661.0 25.618597412704478 22.792696904596443
661.5 25.620107626385987 22.793652572452228
662.0 25.62168291684991 22.794615274614635
662.5 25.623179917622817 22.795572659863552
663.0 25.624705156287607 22.796526021192754
663.5 25.626238969907096 22.79748723279393
664.0 25.6277670195659 22.798446823368295
664.5 25.629285477904848 22.799402663045218
665.0 25.63086362551011 22.80036147853567
665.5 25.63238445351026 22.80132946704462
666.0 25.633907208313808 22.802284743833397
666.5 25.635469919314012 22.803253740017524
667.0 25.637005420317717 22.804202658048084
667.5 25.638518414145246 22.805162332627923
668.0 25.64006959015068 22.80612731341752
668.5 25.641611570766983 22.807084462921555
669.0 25.64317563122956 22.808051064241663
669.5 25.6447321336204 22.809011901983517
670.0 25.6462884121986 22.80996540986387
670.5 25.647844869844988 22.810936115231772
671.0 25.649401715695813 22.811893150464652
671.5 25.650949544642103 22.812865480827462
672.0 25.65249929245652 22.813820220972318
672.5 25.65402916064955 22.814785481869038
673.0 25.655632053632193 22.81575191585269
673.5 25.657172654133113 22.81670841456149
674.0 25.658775084801235 22.817674779141576
674.5 25.66032327201123 22.818627443587364
675.0 25.66192695089874 22.81959506474729
675.5 25.663478243519048 22.820563232952708
676.0 25.665073714320172 22.821528129700223
676.5 25.66664726651616 22.822491949457905
677.0 25.6682291538821 22.82345071266096
677.5 25.669818558397992 22.824410858172612
678.0 25.67142485468057 22.825372528005946
678.5 25.67302896740909 22.826341373101826
679.0 25.67460945083657 22.827308562985017
679.5 25.676206993229 22.828266376025898
680.0 25.677799483415736 22.829227658609543
680.5 25.679395668967146 22.830191374153927
681.0 25.680994903984946 22.83115877720292
681.5 25.682610752395163 22.83212536516361
682.0 25.684200925153302 22.83308946669922
682.5 25.68581487068822 22.834058296576103
683.0 25.687450395598532 22.835019572037236
683.5 25.689052706768166 22.835975791368924
684.0 25.690686532043102 22.83694274602423
684.5 25.692305092017413 22.837903237766778
685.0 25.693924342059336 22.838866616857448
685.5 25.695592162657086 22.839828473138788
686.0 25.697206133985922 22.840800213567697
686.5 25.69880279745894 22.84176447111703
687.0 25.70045971346186 22.84272556862642
687.5 25.702081723266687 22.843691616447785
688.0 25.703736314382514 22.84465960547749
688.5 25.70536334924796 22.845635157675098
689.0 25.707024966439455 22.846595269204947
689.5 25.708663686016248 22.847555109653346
690.0 25.710312620971646 22.84851983558141
690.5 25.71196543825771 22.849495005314186
691.0 25.713607438902336 22.85045840468016
691.5 25.715252715483214 22.8514156808798
692.0 25.71687914920153 22.852387691730623
692.5 25.718572280489653 22.853360734619542
693.0 25.720230970870027 22.85432243306827
693.5 25.72187289142907 22.855289978058558
694.0 25.72356467680228 22.85625221967159
694.5 25.72524880044401 22.85722811721473
695.0 25.726896445241078 22.858196956425772
695.5 25.728543367777647 22.85915960323477
696.0 25.73024144702805 22.860135639966348
696.5 25.731890825359844 22.861099970841927
697.0 25.73356844784946 22.862064128069413
697.5 25.73524915783469 22.863047126343897
698.0 25.736959220867593 22.864005421520552
698.5 25.738644615844986 22.864971913232175
699.0 25.74031494649489 22.86593668476007
699.5 25.74200152866698 22.86691480630028
700.0 25.74368590022194 22.867879526590798
700.5 25.745407571102717 22.868850333404126
701.0 25.74709466330966 22.869820243710674
701.5 25.748793902800177 22.870787497364358
702.0 25.750513735817083 22.871755115163346
702.5 25.75220420862913 22.87272422739512
703.0 25.75389742595007 22.873690379189405
703.5 25.755620784047135 22.87467090469889
704.0 25.757351620825617 22.875637678789897
704.5 25.75903797254389 22.876610381744644
705.0 25.760792509460213 22.877575484814543
705.5 25.76246512806935 22.878551555843135
706.0 25.764211946518177 22.87952521244104
706.5 25.76592753806881 22.88048912439772
707.0 25.767660839368634 22.881457117615223
707.5 25.769370402232006 22.88242917138108
708.0 25.771103278779364 22.88339955696955
708.5 25.77286331585237 22.88438066838653
709.0 25.774582507655488 22.885344007180628
709.5 25.776357184437476 22.886320498449905
710.0 25.778057407236837 22.887287413116564
710.5 25.779809876060284 22.88826304614158
711.0 25.78156208968249 22.88923387539047
711.5 25.78333459294899 22.89019534641055
712.0 25.785079382274255 22.8911799892203
712.5 25.786827843679223 22.892146799898725
713.0 25.788580652191353 22.893123166701063
713.5 25.79032911029966 22.89409049667249
714.0 25.79213142362708 22.895071204048488
714.5 25.79389429541575 22.896040063815466
715.0 25.795650142138488 22.897006468213547
715.5 25.79743925911902 22.89797899561496
716.0 25.799191457001 22.89895337548065
716.5 25.80095847139832 22.899932191470075
717.0 25.802741778024362 22.90089548184934
717.5 25.80453046014921 22.90187054660454
718.0 25.806311223313337 22.902841393034503
718.5 25.808093581775108 22.903832496195324
719.0 25.809914758518637 22.904791592829014
719.5 25.811655032532315 22.905762380429042
720.0 25.81347949570674 22.906739130104803
720.5 25.815272794304747 22.907710156986035
721.0 25.81704925552124 22.908677988201532
721.5 25.818877244655035 22.909662589556127
722.0 25.820691107012557 22.91063185105543
722.5 25.822512898917807 22.911602377342298
723.0 25.82432212288851 22.912582864076214
723.5 25.826130046613205 22.913560250739046
724.0 25.82793855860863 22.91452039329843
724.5 25.829765082175026 22.915510859649793
725.0 25.831562867382885 22.916475121312224
725.5 25.833433321319678 22.917449254638818
726.0 25.83523866193061 22.9184219278823
726.5 25.83707265705877 22.919398537589736
727.0 25.838925671115803 22.920378996846278
727.5 25.840792334761638 22.92134555958363
728.0 25.842624915541155 22.92232471411679
728.5 25.84441073750485 22.923305757008613
729.0 25.84628576461885 22.92427815284772
729.5 25.848149014891057 22.925247021729703
730.0 25.849991982902672 22.926230879735098
730.5 25.851842205928612 22.927201834328137
731.0 25.853701518136283 22.928185317006825
731.5 25.855570661308498 22.9291557123198
732.0 25.85742973886697 22.930133225162347
732.5 25.859281670746604 22.931110875845985
733.0 25.861162220454304 22.93208714711721
733.5 25.86301989729666 22.93306602967855
734.0 25.86488376036693 22.934040023052304
734.5 25.86681211702728 22.93500817412074
735.0 25.86868850302716 22.93598758233456
735.5 25.870564024127823 22.936965322559843
736.0 25.872439907945846 22.937941019961954
736.5 25.874335524916425 22.93891407689172
737.0 25.876232129861624 22.939901791276505
737.5 25.87813786730129 22.94087162088108
738.0 25.880039265981875 22.941849513761902
738.5 25.881921635914445 22.942823299936265
739.0 25.88383576053102 22.943804563041915
739.5 25.88577806421133 22.944783130156452
740.0 25.887707492812066 22.9457524906246
740.5 25.88958302315693 22.946737321470998
741.0 25.891501673572076 22.947706866189517
741.5 25.89341916539126 22.948686720915266
742.0 25.895359921150536 22.949665875956796
742.5 25.897285233978778 22.950642118633766
743.0 25.89923275342136 22.951613380417513
743.5 25.901155876889746 22.952594068733795
744.0 25.903112754624395 22.953578261162257
744.5 25.905032979457193 22.954557137554417
745.0 25.90697927289359 22.95552627246241
745.5 25.90891733264021 22.9565023431525
746.0 25.910884854968018 22.957498784629003
746.5 25.912843052603858 22.958465932017994
747.0 25.91477996423262 22.95944309236365
747.5 25.91672936231862 22.960409822231007
748.0 25.91868717591386 22.96139093750447
748.5 25.92069621919179 22.962362534689667
749.0 25.922668734029536 22.963342768984806
749.5 25.92461435170722 22.964317571139414
750.0 25.926557524157996 22.965295607873202
750.5 25.92858179790522 22.966267410224646
751.0 25.930542268290196 22.96725132539334
751.5 25.932544241394496 22.9682239581806
752.0 25.934527978780324 22.969200889106357
752.5 25.936511717983493 22.970174607634952
753.0 25.93851383299832 22.97115570164268
753.5 25.940542047714516 22.972127588775436
754.0 25.94248397145108 22.973103985776735
754.5 25.94450189872072 22.97408552682679
755.0 25.946501490176264 22.975056367138357
755.5 25.948561431968848 22.976026302290574
756.0 25.95053925098621 22.977004588415255
756.5 25.952545157606203 22.977983177244596
757.0 25.954577156454427 22.97895388684215
757.5 25.95659196292032 22.979923570137217
758.0 25.95862658100038 22.980906986394622
758.5 25.960665727260547 22.981883512971763
759.0 25.9627115792459 22.982848380965294
759.5 25.964756688931768 22.983830934929976
760.0 25.96678727831179 22.98479883721668
760.5 25.96884294189799 22.985772887980872
761.0 25.97094989994989 22.986741447784993
761.5 25.972978626136157 22.9877119860005
762.0 25.975025171366354 22.988688377438148
762.5 25.97708840242353 22.989657062003914
763.0 25.979183647755395 22.990630049265164
763.5 25.981275788709716 22.991592773869858
764.0 25.983360080812908 22.992561860444024
764.5 25.985439608430934 22.993536522735994
765.0 25.987517589841342 22.994501342400177
765.5 25.989663895018452 22.995470155645062
766.0 25.99175863104304 22.99644070586309
766.5 25.99384753692132 22.997402084297978
767.0 25.995981174773984 22.998368298293666
767.5 25.998111219237483 22.999335473280723
768.0 26.000208651268117 23.000307848715714
768.5 26.002327966711686 23.001271193022106
769.0 26.00451728047112 23.00223553437323
769.5 26.006612018833778 23.003203303540275
770.0 26.008757595307117 23.00416972601542
770.5 26.010903023579324 23.00514104956088
771.0 26.01302824119014 23.006099472962358
771.5 26.015185197046762 23.00707561861063
772.0 26.01733382837976 23.00803360871757
772.5 26.019548607743353 23.00900048663739
773.0 26.021689747352475 23.00996738341871
773.5 26.02386202912033 23.010929492910908
774.0 26.026031460140615 23.01189667631437
774.5 26.028178986563056 23.01286531422796
775.0 26.030343834394365 23.01382473063175
775.5 26.032555434199192 23.01479358937786
776.0 26.03472368038758 23.015763779474
776.5 26.036880303594835 23.016721000296837
777.0 26.03911775613295 23.01769215514402
777.5 26.041283323044535 23.01865326005208
778.0 26.043515110182824 23.01962065318227
778.5 26.045681739133375 23.020587590887803
779.0 26.04788785787525 23.02155730582239
779.5 26.050063631648573 23.022525450393736
780.0 26.052255711166417 23.02348662516563
780.5 26.05447619266331 23.024461756645202
781.0 26.056760355006546 23.025432689221947
781.5 26.058894277286253 23.026401985537515
782.0 26.061150100364806 23.02736725561764
782.5 26.063328947739496 23.028343113154385
783.0 26.065605592307502 23.02930012834161
783.5 26.06781845868617 23.030275411305308
784.0 26.070032654621592 23.03124291060491
784.5 26.072261461865747 23.032216428561924
785.0 26.074470585906564 23.033190658806234
785.5 26.07668620296751 23.034161722608847
786.0 26.07891309723055 23.035135007164314
786.5 26.081153162165567 23.03610356469578
787.0 26.083426398223107 23.03707675599518
787.5 26.085605340725493 23.038054149979352
788.0 26.087827714486455 23.039025709667314
788.5 26.090105839918518 23.04001211862205
789.0 26.09235513311029 23.040975808118795
789.5 26.09457950397955 23.041956525481602
790.0 26.096813055601412 23.04292883908056
790.5 26.09908570463327 23.043914630076753
791.0 26.10130375614834 23.044890424112133
791.5 26.10353601161984 23.045877622578708
792.0 26.105766306349125 23.04684970493407
792.5 26.10805513773348 23.047834367475165
793.0 26.11028384292574 23.048815881582392
793.5 26.11255247421124 23.0497960955557
794.0 26.114775431733396 23.050784135903957
794.5 26.117030205128398 23.051765256175848
795.0 26.11926485846682 23.052764526578578
795.5 26.12155135385214 23.053733464205358
796.0 26.12375903501624 23.054726707512465
796.5 26.12598535171483 23.05571921004511
797.0 26.12827356073958 23.05669904726618
797.5 26.13050109083483 23.057691271233473
798.0 26.13280142237199 23.05867933989593
798.5 26.135047523043824 23.05966972371182
799.0 26.137352377511498 23.06065594701369
799.5 26.13958086025047 23.061654239519825
800.0 26.141843159663992 23.06264794707389
800.5 26.144122916931018 23.063637643548077
801.0 26.14639639442831 23.064614244676925
801.5 26.148712288599775 23.065608142018917
802.0 26.150939471177765 23.066600398253737
802.5 26.153288281397884 23.06758948333251
803.0 26.15555236863761 23.068584950991667
803.5 26.157796365589306 23.06957581335231
804.0 26.160146590179252 23.07056693775123
804.5 26.162405271628423 23.07155594369082
805.0 26.164730108873346 23.072554884951902
805.5 26.167048934068333 23.07355082376587
806.0 26.169316154884392 23.074537335186044
806.5 26.171630133787435 23.07553319345688
807.0 26.17393818601899 23.076534733731876
807.5 26.176282362382764 23.077516059442942
808.0 26.17859862632261 23.078516641282604
808.5 26.180901280415213 23.079516295139186
809.0 26.183268339258092 23.080507197646604
809.5 26.185577929256894 23.08150545030196
810.0 26.187867528867734 23.082509477036282
810.5 26.19018411583504 23.083503815664553
811.0 26.192552231303395 23.084507194804438
811.5 26.194871942828705 23.085500847269294
812.0 26.19720088484169 23.086501966851316
812.5 26.19951203720108 23.087495704140906
813.0 26.201858007650497 23.088497087037084
813.5 26.204217824457935 23.089502340677637
814.0 26.20654983202758 23.09049312566982
814.5 26.208908944157976 23.09150507323509
815.0 26.211198165951814 23.092511070507964
815.5 26.213530027814752 23.093512445269436
816.0 26.215878234123355 23.094507919554907
816.5 26.218224030133857 23.09550884620906
817.0 26.220588599020918 23.09652210938989
817.5 26.222943683313034 23.097525600677482
818.0 26.2252502989798 23.09853548440956
818.5 26.22760164592785 23.09953802550499
819.0 26.229946276783906 23.100545884470378
819.5 26.232345242721266 23.101555190859614
820.0 26.234684750853575 23.102571189282784
820.5 26.23702669316391 23.103574034708704
821.0 26.23937647085267 23.10458294554926
821.5 26.24168560418797 23.105591218716302
822.0 26.244099512858405 23.106609538359763
822.5 26.246427537706204 23.10762172169568
823.0 26.248742234785993 23.1086406697058
823.5 26.251145681279475 23.10966013646505
824.0 26.25348351831732 23.110682085317503
824.5 26.255846463651515 23.11169313416109
825.0 26.258200738248426 23.112693236101684
825.5 26.260529311246344 23.1137284735985
826.0 26.262879149575763 23.114740365851645
826.5 26.265201223361355 23.115762073843854
