FastTrWP/PhaseSpace/IAs/snIa_0.57_30.00_-0.01_-0.03.csv
# %ECSV 0.9
# ---
# datatype:
# - {name: time-rel, datatype: float64}
# - {name: g, datatype: float64}
# - {name: i, datatype: float64}
# schema: astropy-2.0
time-rel g i
[from data line 1078]
133.0 23.611586197301765 22.333812635497257
133.5 23.612828619478098 22.333701493547192
134.0 23.6140653678401 22.333591516095584
134.5 23.61530230096427 22.33349153046053
135.0 23.616556653776883 22.33338612082514
135.5 23.617800935070804 22.333283334173334
136.0 23.619056966958723 22.333195174051845
136.5 23.62032434059695 22.333097165057616
137.0 23.621578510646643 22.333006950720026
137.5 23.62284942708382 22.332915741665374
138.0 23.624114187349793 22.33282651597358
138.5 23.625398058188566 22.332737914473313
139.0 23.62665597447026 22.332654987469148
139.5 23.62796366758608 22.332570023629433
140.0 23.62923796787635 22.332491927864382
140.5 23.630523687673815 22.332411089687753
141.0 23.631812427874554 22.33233232990829
141.5 23.633112714405236 22.33226446600575
142.0 23.6344157109937 22.332185740678238
142.5 23.635714776031346 22.332115521590218
143.0 23.63703135398905 22.332047382983898
143.5 23.638316814500335 22.33198098197091
144.0 23.63964217413276 22.33191304717417
144.5 23.64095029481286 22.331850466399274
145.0 23.642276808743684 22.331784252159338
145.5 23.643586254936857 22.33172885862841
146.0 23.644898019207655 22.33167113295959
146.5 23.64623245784717 22.33161317185464
147.0 23.647564856270904 22.33155637501637
147.5 23.648876820191095 22.331504581691348
148.0 23.650212992798252 22.33145086211983
148.5 23.65156201608925 22.331403587250435
149.0 23.65288072687801 22.331351523228115
149.5 23.654222837611396 22.331303161171355
150.0 23.65554753468802 22.331260806103295
150.5 23.656890378965812 22.331214837784493
151.0 23.658243663549847 22.331175538516916
151.5 23.659577325547634 22.331129369327783
152.0 23.66091561654324 22.331093844430107
152.5 23.662277861121655 22.33105607249877
153.0 23.663613794455202 22.331010271489774
153.5 23.664960952843487 22.330976790926865
154.0 23.666308049161028 22.33094992260112
154.5 23.667659675367652 22.330917895876556
155.0 23.669014293754408 22.330884357732067
155.5 23.670371980488273 22.33085026109947
156.0 23.671751319570056 22.33083753272883
156.5 23.67311766975318 22.33080608683116
157.0 23.67449240957843 22.330788330630405
157.5 23.675878932138477 22.33077130428956
158.0 23.677262734468986 22.330756683405227
158.5 23.678664310271813 22.33073689999346
159.0 23.680057868140562 22.33073084824862
159.5 23.681451506736366 22.33071972645344
160.0 23.68285320822241 22.330711024268183
160.5 23.684273006238072 22.330705745382197
161.0 23.685682247861987 22.33070679204355
161.5 23.68710780713972 22.330701017911366
162.0 23.68852411132941 22.330702709405603
162.5 23.6899507085613 22.330707624974444
163.0 23.69138199837709 22.330707958166876
163.5 23.69282288335608 22.330719715803873
164.0 23.69425387403982 22.330740493472156
164.5 23.695705477769774 22.330743674002033
165.0 23.69715544434885 22.3307489143021
165.5 23.698617505192743 22.330772530721976
166.0 23.700055693526288 22.33079505774239
166.5 23.701523956543575 22.330807134984084
167.0 23.702986065581626 22.330825301815512
167.5 23.70445303055569 22.330848534263616
168.0 23.705931699433837 22.330878382154232
168.5 23.70740147354377 22.3309047444741
169.0 23.708875671290855 22.33093833187734
169.5 23.710357747769226 22.330957713461697
170.0 23.711845336826315 22.330991242654274
170.5 23.713329669286715 22.33102514895721
171.0 23.714824625966642 22.33106083563142
171.5 23.71631126471543 22.331103010713118
172.0 23.71782492862334 22.331137916196
172.5 23.719315755354664 22.33118181022911
173.0 23.72081403780517 22.331225114390065
173.5 23.72232137767576 22.33127246084008
174.0 23.72382706717267 22.331310597664363
174.5 23.725343248281536 22.331362107629204
175.0 23.72686191119768 22.331412367133193
175.5 23.72836650679026 22.331465647375495
176.0 23.72989622221178 22.331516454337326
176.5 23.7314121787335 22.331563505565512
177.0 23.732938755540893 22.331622764140114
177.5 23.734466371381046 22.331679896411973
178.0 23.735997865872058 22.33174340018573
178.5 23.737529101358938 22.331796597859054
179.0 23.739062687281756 22.33186022405564
179.5 23.740604223133687 22.33191781091807
180.0 23.74213799730242 22.331989371363438
180.5 23.743667871560326 22.332049315813993
181.0 23.74521935108666 22.332122170941325
181.5 23.746745310048475 22.332188746394422
182.0 23.748294048430253 22.33225861056022
182.5 23.74984407695413 22.33232953385513
183.0 23.75139136390984 22.332399562661955
183.5 23.752944387078493 22.33246566863459
184.0 23.75449274825683 22.332546433669194
184.5 23.756032278042355 22.332615665145177
185.0 23.75759372707344 22.332696682733616
185.5 23.759130059663242 22.332772676835745
186.0 23.760691854540916 22.33285063915875
186.5 23.76225125308057 22.3329362809428
187.0 23.763801564927714 22.33301426776122
187.5 23.765370238954876 22.33309848502011
188.0 23.766906303169215 22.333185941875566
188.5 23.768486604800767 22.333267185963564
189.0 23.770035963027997 22.333357726005325
189.5 23.771576653152387 22.333437524057963
190.0 23.7731495108855 22.33352893658077
190.5 23.77471046952585 22.333611427448833
191.0 23.776265346294117 22.333702518256892
191.5 23.777814908475804 22.333793874772866
192.0 23.779377640555182 22.333884157115328
192.5 23.780942705838463 22.33397665002237
193.0 23.78251869726254 22.334078405487574
193.5 23.784083581502365 22.334163679457962
194.0 23.785648745582968 22.33426756882166
194.5 23.787215928173616 22.33436961101958
195.0 23.7887970400211 22.334465064605684
195.5 23.790363374024043 22.33456942983791
196.0 23.791934162510575 22.334671239345578
196.5 23.793518166119682 22.33477757612635
197.0 23.795106796305955 22.33488481912781
197.5 23.796683706001197 22.33499163217636
198.0 23.798274321198456 22.335097166275204
198.5 23.799852147313985 22.33521265345349
199.0 23.80144819091065 22.33532853999122
199.5 23.803044943746517 22.3354374103627
200.0 23.80463091713146 22.33555737710811
200.5 23.806236149690875 22.335673218288967
201.0 23.807825171286684 22.33578449015593
201.5 23.809426297024178 22.33590541968672
202.0 23.81104828961323 22.33602664142891
202.4999999999999 23.81264223366599 22.336147594913363
203.0 23.81426262070452 22.33627514199748
203.5 23.815867905159944 22.3363962444721
203.9999999999999 23.817481457499845 22.33652195217248
204.5 23.819101746818127 22.336649401698637
205.0 23.8207145449203 22.33678102882264
205.4999999999999 23.822319931851673 22.33691088790821
206.0 23.823948662617788 22.3370456918235
206.5 23.825584935406745 22.337183221382052
206.9999999999999 23.82720135570191 22.3373149634715
207.5 23.828817248241975 22.337452229225523
208.0 23.830460247241252 22.337592285203662
208.4999999999999 23.832083032480014 22.337730256431236
209.0 23.833719047037963 22.33786394262038
209.5 23.835367981236356 22.33801836326176
209.9999999999999 23.8369955492271 22.338154046251255
210.5 23.838640634108643 22.33829781107605
211.0 23.840286285053587 22.338448005297447
211.4999999999999 23.84193594040841 22.338597562384965
212.0 23.843579967716416 22.33874773088203
212.5 23.84523138108786 22.338895209437062
212.9999999999999 23.84686931940358 22.33904954438572
213.5 23.84853262037511 22.339202952053
214.0 23.85018752037778 22.339356382310406
214.4999999999999 23.851844612011885 22.339507254280072
215.0 23.853509849539765 22.339666512141125
215.5 23.855159559655572 22.33982778539639
215.9999999999999 23.856832097438748 22.33999612775605
216.5 23.858495761249547 22.34015057414282
217.0 23.860161049542977 22.340313764241863
217.4999999999999 23.861827394230048 22.340476268964515
218.0 23.86351313499467 22.34063696984205
218.5 23.865169553237497 22.340811642656035
218.9999999999999 23.866861711032303 22.3409790832344
219.5 23.868539267553885 22.341146442881165
220.0 23.87021739236518 22.341313607094996
220.4999999999999 23.871902015192067 22.341484213413146
221.0 23.87358350634475 22.34165807101121
221.5 23.87526983159773 22.341838136323922
221.9999999999999 23.8769665809361 22.342017409835563
222.5 23.878658162105356 22.34219269971924
223.0 23.88035579304333 22.34237049580819
223.4999999999999 23.882043364208574 22.342551418688164
224.0 23.883744686042174 22.342730377076986
224.5 23.885444028346363 22.34291186429885
224.9999999999999 23.887157471983503 22.343097651499395
225.5 23.888842765613948 22.343278896111332
226.0 23.890549993384987 22.34347034188427
226.4999999999999 23.89225495167439 22.343659893281238
227.0 23.89396825698993 22.34384351003484
227.5 23.895679176232903 22.344031436008972
227.9999999999999 23.89739011141449 22.34422689215699
228.5 23.899100697123508 22.34441888115692
229.0 23.900828607166666 22.34461288335782
229.4999999999999 23.902539540185334 22.344807441580063
230.0 23.904273069114268 22.34500601097453
230.5 23.906007342195362 22.345200963633552
230.9999999999999 23.907721247918865 22.345401361869392
231.5 23.909438649024427 22.34560240097086
232.0 23.911171120877874 22.345805772584285
232.4999999999999 23.91291058738973 22.346004068514013
233.0 23.9146545046246 22.34621606719758
233.5 23.916391159722473 22.34642228150389
233.9999999999999 23.91812382081833 22.34662473337556
234.5 23.919882035320544 22.34683988523734
235.0 23.921631256838076 22.3470557403143
235.4999999999999 23.923365943726154 22.347257736535155
236.0 23.92512700003622 22.347475272359464
236.5 23.926878671807007 22.34769637776892
236.9999999999999 23.92863569980001 22.34791324902951
237.5 23.930386990234695 22.34813285123103
238.0 23.93216354032477 22.348352997716916
238.4999999999999 23.93392244031223 22.34857343596527
239.0 23.935687450924036 22.348797009024256
239.5 23.93747152249945 22.34902330727384
239.9999999999999 23.93922938127377 22.349245880304828
240.5 23.941008991996892 22.349470670470435
241.0 23.942779444880916 22.349703147241765
241.4999999999999 23.944564869741498 22.349932234964598
242.0 23.946339289417388 22.350158235564233
242.5 23.94812675376654 22.350398650845037
242.9999999999999 23.949913864935645 22.350629497349882
243.5 23.951701703339072 22.350859964633138
244.0 23.953486179823823 22.351093575298915
244.4999999999999 23.955286078691852 22.351337414646903
245.0 23.957080696926827 22.351579418054925
245.5 23.958879909720213 22.351815470890433
245.9999999999999 23.960681423501306 22.352061037775318
246.5 23.962476051213294 22.352306494113247
247.0 23.96429852649916 22.352549757493406
247.4999999999999 23.966092298428983 22.35279376290533
248.0 23.96789907517084 22.353041245939647
248.5 23.96972271894726 22.353288215356617
248.9999999999999 23.97153531883736 22.353540207059343
249.5 23.973334219593948 22.353796775295493
250.0 23.9751792218997 22.3540470197755
250.4999999999999 23.976989182530954 22.354296819177087
251.0 23.978810056693796 22.354552301349486
251.5 23.98063392233479 22.354808138731656
251.9999999999999 23.98247074706714 22.35506505591314
252.5 23.984303218807995 22.355328225993112
253.0 23.98611782983074 22.355585942663218
253.4999999999999 23.98797934910902 22.355852143844736
254.0 23.989801440640708 22.356110811481855
254.5 23.991636728007673 22.356377131673106
254.9999999999999 23.993503018277437 22.35664125964351
255.5 23.99533200898917 22.356910945459667
256.0 23.99716379042978 22.35717432061641
256.4999999999999 23.99902752225958 22.357445199181672
257.0 24.000864774133657 22.357715447352824
257.5 24.002743560415702 22.357976953826572
257.9999999999999 24.004579922133523 22.358261152207938
258.5 24.006446576539634 22.358533016970647
259.0 24.00830260739827 22.358813764804893
259.4999999999999 24.010153183330495 22.35908902226199
260.0 24.0120142178692 22.35936563405154
260.5 24.01388810494595 22.35964252828994
260.9999999999999 24.015762561055208 22.359920312214292
261.5 24.017633209725616 22.360200186623793
262.0 24.019494411305864 22.36047987373862
262.4999999999999 24.02137108515159 22.360766329463743
263.0 24.023249346157666 22.361053320838856
263.5 24.02514866297536 22.36132886850969
263.9999999999999 24.02700637977333 22.361624883258813
264.5 24.02889217187535 22.361909845259675
265.0 24.030771539849113 22.3622048305252
265.4999999999999 24.03266111828776 22.362490078489813
266.0 24.03455075662725 22.362780613540814
266.5 24.036451820690324 22.363072046529776
266.9999999999999 24.03834441710519 22.363364313311177
267.5 24.040228560365353 22.3636635218204
268.0 24.042123429880657 22.363955145436467
268.4999999999999 24.044024499685186 22.364247128452913
269.0 24.045933509776326 22.364551576112657
269.5 24.04786312628124 22.364853760958667
269.9999999999999 24.04977077866289 22.36515758323729
270.5 24.051698115533327 22.365459137404
271.0 24.053613721731573 22.365764259871042
271.4999999999999 24.05554455361941 22.366074313908175
272.0 24.057494269711377 22.36638731916893
272.5 24.05941285793592 22.36669927303226
272.9999999999999 24.06136299165786 22.36700492142151
273.5 24.063307214577762 22.367322568097347
274.0 24.065236195750614 22.36763589698896
274.4999999999999 24.067198861485224 22.367951993354282
275.0 24.069128685640333 22.368269714990486
275.5 24.071115773250323 22.368592630687093
275.9999999999999 24.073071436943458 22.368913099041574
276.5 24.075030470829226 22.369230596085607
277.0 24.077004419676257 22.369553527156626
277.4999999999999 24.078970109629587 22.36987436339058
278.0 24.0809295445941 22.370201764422163
278.5 24.082922309404083 22.370537262911512
278.9999999999999 24.084890244618062 22.37086510472
279.5 24.086878523451677 22.371189127320804
280.0 24.088858489965517 22.371525870686707
280.4999999999999 24.090857102590327 22.37185553335432
281.0 24.09284260767306 22.37219264100682
281.5 24.094824550788807 22.37252368374705
281.9999999999999 24.096827600613537 22.372861793785894
282.5 24.09882570771925 22.373198540334705
283.0 24.100830519424697 22.37353841310086
283.4999999999999 24.102810199201365 22.373876113103247
284.0 24.104813707894962 22.374222182447213
284.5 24.10681433483633 22.374558156199313
284.9999999999999 24.10884466894313 22.374902743655035
285.5 24.11084193357386 22.375252985213304
286.0 24.112865506998183 22.37559573815954
286.4999999999999 24.11485873377073 22.3759439001527
287.0 24.11686689176375 22.37629373079048
287.5 24.118883470945374 22.376637609267163
287.9999999999999 24.120912597516263 22.37699223326373
288.5 24.122929730989174 22.377343107776724
289.0 24.124933580424614 22.377696600353737
289.4999999999999 24.126967072113818 22.378038507888075
290.0 24.128981287581183 22.378399165572645
290.5 24.13100396434812 22.378751660726866
290.9999999999999 24.133014447009913 22.379107862117984
291.5 24.135052406156646 22.379466560309282
292.0 24.13706900272725 22.379825658997873
292.4999999999999 24.139101896260918 22.38019036817809
293.0 24.141110757856005 22.380547562910394
293.5 24.143154610732648 22.380901091711326
293.9999999999999 24.145176617192973 22.381270411624765
294.5 24.147200725695015 22.381630513133196
295.0 24.14922066255881 22.381996988597322
295.4999999999999 24.151239703121547 22.382354316152842
296.0 24.153262434557664 22.382719729064085
296.5 24.155301756533184 22.38308574306352
296.9999999999999 24.157313944024466 22.383451712262126
297.5 24.159338109903715 22.38381603755593
298.0 24.161356480794133 22.384185961044295
298.4999999999999 24.16338274695854 22.38455365084438
299.0 24.165403629708745 22.384920112573287
299.5 24.167438418172473 22.385290377062354
299.9999999999999 24.1694595206126 22.385666823061385
300.5 24.1714588785034 22.386043678231644
301.0 24.173508233168533 22.386408055138297
301.4999999999999 24.175506604578644 22.38678029163918
302.0 24.17752174483624 22.387159116179834
302.5 24.179549623199044 22.387530870375937
302.9999999999999 24.181543994073472 22.387899369081822
303.5 24.183549490509158 22.388279471917393
304.0 24.185564900643037 22.388651897203342
304.4999999999999 24.18755794528636 22.389023249609355
305.0 24.189582000201174 22.38940204732241
305.5 24.1915949196598 22.389775184601763
305.9999999999999 24.193585958723553 22.390159864592395
306.5 24.19560210674673 22.39054235964965
307.0 24.197591488281734 22.390917233783874
307.4999999999999 24.199611247794426 22.391298293132564
