FastTrWP/PhaseSpace/IAs/snIa_0.33_30.00_-0.99_0.01.csv
# %ECSV 0.9
# ---
# datatype:
# - {name: time-rel, datatype: float64}
# - {name: g, datatype: float64}
# - {name: i, datatype: float64}
# schema: astropy-2.0
time-rel g i
[from data line 352]
-221.5 23.665850098592422 23.36063879470446
-221.0 23.661061856038735 23.35686860352276
-220.50000000000006 23.656274510508464 23.353098602776285
-220.0 23.651475454343405 23.349338980836283
-219.5 23.64670027595558 23.345586718354404
-219.00000000000006 23.64192963734621 23.34182490274572
-218.5 23.637162713666005 23.338082895666638
-218.0 23.632399312620855 23.334333053437945
-217.50000000000006 23.62765425270661 23.330600793309138
-217.0 23.622920587792905 23.326864534577215
-216.5 23.61818611631676 23.323129977521702
-216.00000000000006 23.613474720331958 23.319416272633013
-215.5 23.608761686254923 23.31570988963922
-215.0 23.604069583828 23.31199272534498
-214.50000000000006 23.599380431527102 23.308290361894347
-214.0 23.594723178661514 23.304612224464535
-213.5 23.59006318362338 23.300919205200614
-213.00000000000006 23.585421043969884 23.297248285258437
-212.5 23.580806923253302 23.293590775440126
-212.0 23.576194256167096 23.289935629066395
-211.50000000000006 23.57159655974162 23.286295669637774
-211.0 23.56702477757443 23.282663265443833
-210.5 23.56246894311613 23.279035664310225
-210.00000000000006 23.557918204708113 23.275425110553133
-209.5 23.553393922251118 23.271802230138793
-209.0 23.54889565769494 23.268223816665653
-208.50000000000006 23.544406609896633 23.26464049249857
-208.0 23.539938853468406 23.261070624056536
-207.5 23.53550390987346 23.25751830083819
-207.00000000000006 23.53107303926137 23.253969401880596
-206.5 23.52666029945997 23.250452088110084
-206.0 23.522280316531635 23.24693048432986
-205.50000000000006 23.517914949376394 23.243433732679968
-205.0 23.51357704549317 23.239941158255103
-204.5 23.509259452609527 23.236459579785965
-204.00000000000006 23.504969165015677 23.233004441087974
-203.5 23.5006935377548 23.229553758061023
-203.0 23.496455389496393 23.226111582083114
-202.50000000000006 23.492236328277887 23.222703610418453
-202.0 23.48802346346838 23.219302369101868
-201.5 23.483851234653752 23.215913805734928
-201.00000000000006 23.479703401143794 23.212544330622666
-200.5 23.47558262524261 23.209193444694748
-200.0 23.47149308054492 23.20584922355029
-199.50000000000006 23.467413287892974 23.202524080396554
-199.0 23.463366699383652 23.19922592218308
-198.5 23.45936102840984 23.195934638216798
-198.00000000000006 23.455365594424897 23.192653718528273
-197.5 23.451399628183474 23.189406518291023
-197.0 23.447471765014086 23.186180467345068
-196.50000000000006 23.443559142367203 23.182956098022487
-196.0 23.439685740366084 23.179753474320535
-195.5 23.435839085078666 23.176570872611286
-195.00000000000006 23.43199381896997 23.17339667923667
-194.5 23.428165515327947 23.170224633223935
-194.0 23.424346479283393 23.167061819879933
-193.50000000000006 23.420553710092644 23.163913010037533
-193.0 23.41675465857222 23.160759935969082
-192.5 23.412967489465895 23.157621557508072
-192.00000000000006 23.40919719513987 23.15449073271303
-191.5 23.40544524164137 23.151373757322304
-191.0 23.40170199082646 23.148256774581558
-190.50000000000006 23.397965498642 23.145154095204926
-190.0 23.394244251126114 23.142049660669887
-189.5 23.390537050987298 23.138962308997723
-189.00000000000006 23.386846984512353 23.135896454464376
-188.5 23.383158462452617 23.13281714388721
-188.0 23.37948647505689 23.129751048052803
-187.50000000000006 23.37584888094574 23.12669789981314
-187.0 23.372210448651426 23.123659147920325
-186.5 23.368579134922975 23.120624837256194
-186.00000000000006 23.36496836988653 23.117610933880357
-185.5 23.361382628704593 23.114586974941993
-185.0 23.357786919765363 23.111578648704945
-184.50000000000006 23.354230532766323 23.10859178763262
-184.0 23.350685925118967 23.105599877119833
-183.5 23.34714845705865 23.102639517716526
-183.00000000000006 23.343626861750405 23.099659189570335
-182.5 23.340128714216263 23.096702038998565
-182.0 23.33663310613446 23.093764896001986
-181.50000000000006 23.33315887837335 23.090828736346065
-181.0 23.329710431715192 23.087909277192843
-180.5 23.326273239146275 23.085001407550205
-180.00000000000006 23.322829643500164 23.08210112399607
-179.5 23.31943862377574 23.07920899512256
-179.0 23.316045401189065 23.076327592443263
-178.50000000000006 23.312674578249492 23.07346876244796
-178.0 23.309319492736158 23.070606643399003
-177.5 23.30597541143218 23.067761546058144
-177.00000000000006 23.302656474401395 23.06491474593792
-176.5 23.299346644025995 23.062099757377666
-176.0 23.29606402217494 23.059292037385216
-175.50000000000006 23.292797505217592 23.05648807601989
-175.0 23.289533179921488 23.053705153488778
-174.5 23.286308593852354 23.05093812097178
-174.00000000000006 23.283086577061518 23.048160979420782
-173.5 23.27990043414399 23.045419483782837
-173.0 23.27671511085803 23.042675085882767
-172.50000000000006 23.27355853429765 23.03994601006803
-172.0 23.27040889422689 23.037229695493842
-171.5 23.267288367824264 23.034533659926577
-171.00000000000006 23.264181600634352 23.03184388839466
-170.5 23.261101703730233 23.029159800719995
-170.0 23.258037682985236 23.026502523336955
-169.50000000000006 23.254986857021883 23.02385175825688
-169.0 23.251959742638274 23.021208740991263
-168.5 23.24895387419872 23.01858099140717
-168.00000000000006 23.24596843561271 23.015967586938466
-167.5 23.2429944425002 23.013365153524695
-167.0 23.2400590248885 23.01077803955977
-166.50000000000006 23.237107977005785 23.008203695527744
-166.0 23.234199225386018 23.005648694036136
-165.5 23.23131072647758 23.003098194359936
-165.00000000000006 23.2284461455045 23.000575615554077
-164.5 23.225592436961296 22.99804620055879
-164.0 23.222769994508816 22.99554344091026
-163.50000000000006 23.219957223851214 22.993048598340884
-163.0 23.217160512554567 22.990554695217256
-162.5 23.214372435007856 22.988085064680188
-162.00000000000006 23.21160563805906 22.98562244821559
-161.5 23.208859676415013 22.983171163945894
-161.0 23.206116620535134 22.980712569122783
-160.50000000000006 23.20338515433225 22.978282633996585
-160.0 23.200675729665736 22.97586300103534
-159.5 23.19798247367793 22.97343809766072
-159.00000000000006 23.195302061015543 22.971032707309092
-158.5 23.192630549851625 22.968634200735394
-158.0 23.189969566880112 22.96624395870993
-157.50000000000006 23.18733318326406 22.96387306004222
-157.0 23.184706995860594 22.961499304605653
-156.5 23.18209089344011 22.95914014818003
-156.00000000000006 23.1794891672226 22.956797308711486
-155.5 23.176896390261547 22.954459508873324
-155.0 23.17432404586098 22.95212108703074
-154.50000000000006 23.171768831176184 22.94980725870866
-154.0 23.16924030911823 22.947487566801076
-153.5 23.166695029717353 22.94518750570372
-153.00000000000006 23.164178898488302 22.94289366429979
-152.5 23.161672190167764 22.94061498058239
-152.0 23.159172923673133 22.93833508992946
-151.50000000000006 23.15669641051474 22.936071027426507
-151.0 23.154226946251267 22.93381454459647
-150.5 23.151781203737656 22.931565429940065
-150.00000000000006 23.14934640808864 22.929325739530707
-149.5 23.146910396587277 22.92709934697789
-149.0 23.144502482538563 22.924872862660695
-148.5 23.1421032008393 22.922664136806333
-148.0 23.13971068308449 22.92046666358168
-147.5 23.137344036888443 22.918273990343103
-147.0 23.134974342765126 22.916088606503923
-146.5 23.132631628136807 22.91391410547039
-146.0 23.13028781208052 22.911739933426098
-145.5 23.12797712844634 22.909583051945162
-145.0 23.125659462061034 22.907438569282824
-144.5 23.123371255975236 22.905296427304847
-144.0 23.121081395201347 22.903166591290983
-143.5 23.11880829478369 22.901055073742892
-143.0 23.116552098931834 22.898924582915264
-142.5 23.114301390295445 22.896830359825277
-142.0 23.112067393365106 22.894727871607298
-141.5 23.109853155787114 22.892639095735507
-141.0 23.10764013905295 22.89057110229164
-140.5 23.105433546800228 22.888495613713275
-140.0 23.103267567291333 22.88643202050242
-139.5 23.1010878782075 22.884376231624458
-139.0 23.098933361349324 22.88233268632903
-138.5 23.096787915235456 22.88029241689385
-138.0 23.094647154555588 22.878271249686758
-137.5 23.092525387665628 22.876254784710007
-137.0 23.09040975137031 22.874247676320408
-136.5 23.08831712822782 22.872235742225193
-136.0 23.08622315830286 22.870243616105036
-135.5 23.084159331567953 22.86825985967079
-135.0 23.082091477463308 22.86628539427907
-134.5 23.08004697903652 22.86430855127142
-134.0 23.078005851578194 22.862350764777567
-133.5 23.07598038136495 22.860398526026927
-133.0 23.073967470411276 22.85845317760916
-132.5 23.07197197514178 22.856517825140223
-132.0 23.06998209044592 22.854593385861108
-131.5 23.06799898251832 22.852672328288833
-131.0 23.066032937634887 22.850757384462984
-130.5 23.06407518269417 22.848858994733796
-130.0 23.06212418496397 22.84695356585383
-129.5 23.060185364343546 22.845061203092282
-129.0 23.0582585495754 22.843178048367587
-128.5 23.056340144854033 22.841307229718964
-128.0 23.054428049498764 22.839432096557747
-127.5 23.05254482970782 22.83757244880669
-127.0 23.050649878582767 22.835713837635158
-126.5 23.04877897042079 22.833874592664586
-126.0 23.046904749198262 22.83202815166012
-125.5 23.04506280359235 22.830198050187658
-125.0 23.043202263973626 22.828369775810607
-124.5 23.041377617971612 22.82655449925086
-124.0 23.039537355738556 22.824740274425537
-123.5 23.03773134880961 22.82294238116456
-123.0 23.035930539784673 22.821143198636364
-122.5 23.034124503635233 22.81934690937787
-122.0 23.0323474141801 22.8175664751339
-121.5 23.030568716137587 22.815788078386454
-121.0 23.028805068282455 22.814027493513287
-120.5 23.027053512525107 22.812264750685884
-120.0 23.02531442023762 22.81050702064409
-119.5 23.02358014313938 22.80876323461929
-119.0 23.02185612815814 22.807014728473874
-118.5 23.020137800745054 22.80528635300029
-118.0 23.018439497051354 22.803564987443657
-117.5 23.016744733905476 22.801843048688696
-117.0 23.01506093785847 22.80013708890092
-116.5 23.013392704122396 22.798427407686663
-116.0 23.011725132758514 22.796727873916183
-115.5 23.01008120210675 22.7950449861692
-115.0 23.00843680762025 22.793359717536926
-114.5 23.006813355953973 22.79168307747171
-114.0 23.005182591497206 22.7900072752794
-113.5 23.003572174923896 22.788354518363473
-113.0 23.00197673055103 22.78669702209894
-112.5 23.000386829682782 22.785052185101236
-112.0 22.998792743813627 22.783416335147045
-111.5 22.997233372579107 22.781776953033134
-111.0 22.99567661377096 22.780141291250423
-110.5 22.9941314815717 22.778530154680894
-110.0 22.99257898497531 22.77691367385315
-109.5 22.991058628775804 22.775317964186733
-109.0 22.989531526489895 22.773712795022305
-108.5 22.988024032945404 22.772128546222948
-108.0 22.986519760785068 22.77054783365918
-107.5 22.985039966812284 22.768968436450194
-107.0 22.983560645346543 22.76739826301554
-106.5 22.982087454179062 22.765827371292037
-106.0 22.980638314878146 22.764283528560725
-105.5 22.979198630460573 22.762733192857148
-105.0 22.97774959376294 22.76118299639906
-104.5 22.97631956033328 22.75964571667298
-104.0 22.974905374340324 22.758138389671508
-103.5 22.973507824014735 22.756612479417896
-103.0 22.97210910464611 22.755102416876476
-102.5 22.97071548091339 22.75359531714884
-102.0 22.969341365898387 22.75209272548424
-101.5 22.967979976214117 22.750607648544708
-101.0 22.966619943956665 22.74911513020326
-100.5 22.965279914512294 22.747640399481806
-100.0 22.963944447546282 22.746172479150253
-99.5 22.962620366136683 22.744708155306903
-99.0 22.96131045415168 22.743244963977354
-98.5 22.960008310933095 22.741805024005753
-98.0 22.958711177768073 22.740362561081607
-97.5 22.95742925948283 22.738925366768182
-97.0 22.956141738399335 22.737488910692377
-96.5 22.954879242130815 22.736072427820012
-96.0 22.953620975435307 22.734650971901175
-95.5 22.952376843322803 22.73324378229956
-95.0 22.95114801153144 22.731841697352422
-94.5 22.9499137313775 22.73043713556543
-94.0 22.94870173991244 22.729057260985662
-93.5 22.947482481536568 22.727672639436207
-93.0 22.946274876885326 22.726293217747976
-92.5 22.945088820138686 22.72491481486293
-92.0 22.94390145922401 22.723553758998083
-91.5 22.942733279442457 22.722189321909262
-91.0 22.941564380378203 22.720841972541223
-90.5 22.940406468809748 22.71950437458294
-90.0 22.939267600644992 22.71815498982235
-89.5 22.938122675532302 22.716819518099225
-89.0 22.93699442031582 22.715500659833783
-88.5 22.93587597856943 22.714170976567697
-88.0 22.934770466179568 22.712859528099347
-87.5 22.933659349608714 22.711543607965723
-87.0 22.932566175805352 22.710231547054743
-86.5 22.93147459581977 22.70894113952037
-86.0 22.930397281688123 22.707648182594518
-85.5 22.92933038800421 22.70635864343754
-85.0 22.928267187573898 22.70507553480676
-84.5 22.92721108237493 22.70380219421204
-84.0 22.926162544813312 22.702537564999684
-83.5 22.925130202675632 22.701271713003486
-83.0 22.92410460528801 22.700015945245244
-82.5 22.923087878992106 22.698760065349653
-82.0 22.922072104623027 22.69750718192992
-81.5 22.92107012762921 22.696271720063347
-81.0 22.920074568658894 22.695038233503233
-80.5 22.91908802973992 22.693807351236547
-80.0 22.918110294576827 22.692578982815206
-79.5 22.917139384137265 22.691355246078476
-79.0 22.91617256265456 22.690138423612098
-78.5 22.91521920611666 22.688934094821278
-78.0 22.914268771078046 22.68772508781776
-77.5 22.913323874091024 22.68652115587652
-77.0 22.91239698571482 22.68532890309706
-76.5 22.911478802116886 22.684142993458277
-76.0 22.91055867959563 22.68296039128501
-75.5 22.909647646922867 22.68178527722588
-75.0 22.90874722441007 22.680606935456858
-74.5 22.907855330153232 22.67943565743275
-74.0 22.906966247869057 22.678277688179
-73.5 22.906088652302806 22.67711695045653
-73.0 22.90521653700186 22.675965983182152
-72.5 22.904348020226983 22.674811470957984
-72.0 22.903486999252078 22.67367752218369
-71.5 22.902641067273567 22.672528934834546
-71.0 22.9018074416092 22.671397164488702
-70.5 22.900972335072947 22.670267586636786
-70.0 22.90014284762879 22.669143609822655
-69.5 22.899317851646124 22.668023735490888
-69.0 22.898499437230427 22.666913760916522
-68.5 22.897698876199783 22.665789209329184
-68.0 22.896900022466845 22.664691494523424
-67.5 22.89611108604399 22.663592074345644
-67.0 22.895327257845672 22.66249879951008
-66.5 22.894557613791008 22.66140569730935
-66.0 22.893789514480968 22.660328492047284
-65.5 22.89302841452285 22.659261110416736
-65.0 22.892291272679746 22.658182129924967
-64.5 22.891551779210957 22.657111771959173
-64.0 22.890819947428565 22.65606499526943
-63.5 22.89009748642807 22.655001369367373
-63.0 22.889385571277245 22.653955496100963
-62.5 22.8886859905522 22.652914312879485
-62.0 22.887981255861277 22.651880867452604
-61.5 22.88729714535247 22.650843905528696
-61.0 22.88660990794471 22.649812885003122
-60.5 22.885944724412383 22.648796153363215
-60.0 22.88527233524605 22.647770324018236
-59.5 22.884619464947328 22.64676538802169
-59.0 22.88396746439711 22.645768842780164
-58.5 22.883321640605757 22.64475093877021
-58.0 22.882678750727333 22.64375747535928
-57.5 22.882061073024307 22.642767852645523
-57.0 22.881431874314465 22.641782801275223
-56.5 22.88081826119631 22.640788358021105
-56.0 22.88021307012656 22.639810356405548
-55.5 22.87959913214106 22.63883515471449
-55.0 22.879005735338765 22.637864100470715
-54.5 22.878424114022238 22.636899888087125
-54.0 22.877841758407314 22.635938719173936
-53.5 22.87726926642179 22.63498010727854
-53.0 22.876703636485935 22.634027634764905
-52.5 22.876147382548847 22.63307840719777
-52.0 22.875587868471293 22.63212632851189
-51.5 22.875040892751898 22.631192598982175
-51.0 22.874488253452874 22.630253618729775
-50.5 22.873958707799915 22.62932278704524
-50.0 22.87342221126862 22.628389050729236
-49.5 22.872897608368664 22.6274679052117
-49.0 22.872377886564497 22.62654544948701
-48.5 22.871863865651886 22.62562468162146
-48.0 22.871352839469008 22.624706540608123
-47.5 22.870861007847658 22.623791743795593
