FastTrWP/PhaseSpace/IAs/snIa_0.63_30.00_1.59_0.01.csv
# %ECSV 0.9
# ---
# datatype:
# - {name: time-rel, datatype: float64}
# - {name: g, datatype: float64}
# - {name: i, datatype: float64}
# schema: astropy-2.0
time-rel g i
[from data line 1407]
757.7499999999999 24.12939556010324 22.231425789018594
758.25 24.13078538875996 22.231618313521906
758.75 24.132154463235125 22.231815736489693
759.2499999999999 24.133538500785416 22.232005349623808
759.75 24.13491453914023 22.23220427959662
760.25 24.13628456457073 22.232399217001092
760.7499999999999 24.137661681167586 22.23259533372653
761.25 24.139039453957267 22.23279496157342
761.75 24.140413328873628 22.2329992072064
762.2499999999999 24.14179653108345 22.233200505115576
762.75 24.14316087355001 22.23339844579627
763.25 24.144535471176276 22.233609505277986
763.7499999999999 24.145891443744564 22.23381034899066
764.25 24.147269298179133 22.23402477467125
764.75 24.148640875540593 22.234235289064944
765.2499999999999 24.149988616787958 22.234450374748604
765.75 24.151351865983735 22.234659832618956
766.25 24.15272333371183 22.234872712101232
766.7499999999999 24.154088697801686 22.23508024494056
767.25 24.155424195580796 22.235299699588083
767.75 24.156797064841847 22.235519375066648
768.2499999999999 24.158168738362107 22.235741729918075
768.75 24.159516443587417 22.235963880882522
769.25 24.16087194113767 22.236185410556686
769.7499999999999 24.16219647413196 22.236413489872074
770.25 24.16357385046529 22.23663008172272
770.75 24.164923728445086 22.236860433263615
771.2499999999999 24.166256154217262 22.23708783359448
771.75 24.167617581058366 22.23731727055702
772.25 24.168963781556855 22.237551593662566
772.7499999999999 24.170323852273015 22.237783291801545
773.25 24.171674055914796 22.238013563851055
773.75 24.17300008717444 22.23824864694153
774.2499999999999 24.174352735430077 22.238481026683342
774.75 24.17566938237011 22.238721237338503
775.25 24.177020547089242 22.238956209419264
775.7499999999999 24.178366069751497 22.239197952152526
776.25 24.179699692013298 22.239442364510573
776.75 24.181038959181407 22.239684501413972
777.2499999999999 24.182362180184942 22.239929378848814
777.75 24.183699849833992 22.240179614264953
778.25 24.185028219257813 22.2404342807021
778.7499999999999 24.18635803495764 22.24067357450714
779.25 24.187676007098233 22.240926472623855
779.75 24.189001875617357 22.24117871037345
780.2499999999999 24.190327734601638 22.241441086934035
780.75 24.191654001181515 22.241689908834484
781.25 24.192959446179056 22.24195058523496
781.7499999999999 24.194286854420056 22.24221572027513
782.25 24.195596064233236 22.24246855050265
782.75 24.196913144734907 22.242740655778732
783.2499999999999 24.198231080084366 22.242995549669146
783.75 24.199541955246776 22.243263765356236
784.25 24.200860175429856 22.24353103876672
784.7499999999999 24.202154681381124 22.24380082792047
785.25 24.203454269826963 22.244067759005105
785.75 24.20477889114315 22.244340041036587
786.2499999999999 24.206074491179166 22.24461471298849
786.75 24.207370616801917 22.244886948806318
787.25 24.208680614642265 22.245168103726975
787.7499999999999 24.209978977587685 22.245443234471033
788.25 24.211271189170304 22.24572262659506
788.75 24.212588123802952 22.246002914803373
789.2499999999999 24.21385935674646 22.246283017101206
789.75 24.21515485213766 22.246573808219164
790.25 24.216435266616685 22.246851748544092
790.7499999999999 24.217759498669324 22.247139072513033
791.25 24.219047342969382 22.24742362893004
791.75 24.220321338330116 22.247717753101277
792.2499999999999 24.22160787676239 22.248010258477496
792.75 24.222890667461833 22.248301263199384
793.25 24.224161895065343 22.24859634595401
793.7499999999999 24.225474324350746 22.248888903672146
794.25 24.226725756116913 22.249184300307263
794.75 24.228013720689432 22.249477616636835
795.2499999999999 24.229299132134813 22.24977976791962
795.75 24.2305695622687 22.250080766848637
796.25 24.23184520123766 22.250381989461093
796.7499999999999 24.23310894022526 22.25068130194059
797.25 24.234384914420403 22.250988309955552
797.75 24.235653238463204 22.25129055252047
798.2499999999999 24.23693469632948 22.251603167791053
798.75 24.238199142153718 22.251911487675294
799.25 24.23947852087141 22.252219246646643
799.7499999999999 24.240720249903063 22.252533616271343
800.25 24.24198713003201 22.25285071431051
800.75 24.243248564060153 22.253150538530445
801.2499999999999 24.244521808746704 22.25347899249618
801.75 24.245796897288095 22.253782730991375
802.25 24.247032269720755 22.25410212283249
802.7499999999999 24.2482993698161 22.25442379034417
803.25 24.249546309372775 22.254745317249277
803.75 24.250818593389575 22.255068335753183
804.2499999999999 24.252050817026685 22.255385066445484
804.75 24.253328168928668 22.255711316089712
805.25 24.25456644539465 22.256038081455173
805.7499999999999 24.25584159841504 22.256367443304114
806.25 24.25706920806123 22.256696215220686
806.75 24.25830442383276 22.257019417155362
807.2499999999999 24.259544805605202 22.257353592398875
807.75 24.260820770351152 22.257680778682847
808.25 24.26204625810942 22.258012929122582
808.7499999999999 24.263300091372887 22.258354041854396
809.25 24.264529556301135 22.258684929849096
809.75 24.265785436010567 22.259020128165105
810.2499999999999 24.26702593566628 22.25936194511506
810.75 24.268253366965006 22.259699069728867
811.25 24.26949380807676 22.26003717480543
811.7499999999999 24.270731558621243 22.260376053225585
812.25 24.271968567062775 22.26071322237981
812.75 24.273195146297404 22.261062588490176
813.2499999999999 24.274436177576526 22.261411331375392
813.75 24.27566515073874 22.261758269911105
814.25 24.276889033883506 22.262107373819774
814.7499999999999 24.278099497837438 22.26245584762753
815.25 24.279309329626795 22.26280725903191
815.75 24.28053045163738 22.263163927396512
816.2499999999999 24.281738762544272 22.263516967236384
816.75 24.282950573549975 22.26387452991705
817.25 24.28415171341711 22.264229062962922
817.7499999999999 24.28534111455687 22.264592603487504
818.25 24.286534556017244 22.264957407755123
818.75 24.287707270527612 22.2653249790755
819.2499999999999 24.28888950100735 22.26568819273412
819.75 24.290076160927075 22.26604929506938
820.25 24.291257209730297 22.266422844383108
820.7499999999999 24.2924359193715 22.2667958343401
821.25 24.29359309400697 22.26716357172301
821.75 24.294778865874736 22.26754163264924
822.2499999999999 24.295954474623347 22.267918775320304
822.75 24.29710764913522 22.268292347877782
823.25 24.298256531980606 22.268665262490607
823.7499999999999 24.29942564650554 22.26904832331632
824.25 24.30057854781093 22.269429530398316
824.75 24.301731815082128 22.26981194146922
825.2499999999999 24.302879799453226 22.27020388663648
825.75 24.30403882230539 22.27058121765813
826.25 24.30519850571338 22.270974710431428
826.7499999999999 24.306354939295595 22.27136304543852
827.25 24.307478176508724 22.27175840607017
827.75 24.308606988990114 22.272149337914072
828.2499999999999 24.309764913340782 22.27253781232266
828.75 24.310919551924997 22.272925665511636
829.25 24.31203488961055 22.273323969776968
829.7499999999999 24.31318083660986 22.27372216068758
830.25 24.31430452390746 22.274123401821143
830.75 24.315462164812413 22.274521192415616
831.2499999999999 24.316587812826697 22.27491344418045
831.75 24.31773159711295 22.275324579034063
832.25 24.318866493743396 22.27572454129654
832.7499999999999 24.319996422078546 22.276129791926497
833.25 24.32112952435528 22.276530280258026
833.75 24.322244921005336 22.27694093698012
834.2499999999999 24.323388635814936 22.277342122085265
834.75 24.324547431607577 22.27775033719081
835.25 24.325675923228566 22.278159848601724
835.7499999999999 24.326798366250287 22.278570869985217
836.25 24.327945849240603 22.278982393066077
836.75 24.329077947484407 22.279403712474743
837.2499999999999 24.33023069941646 22.27980554642
837.75 24.331360352438253 22.280225147883602
838.25 24.33250949265551 22.28063984199831
838.7499999999999 24.33362950682509 22.281055479395565
839.25 24.334802950758146 22.281467283788658
839.75 24.33593096824272 22.281898448046782
840.2499999999999 24.33707739704891 22.282306338905805
840.75 24.338232844513037 22.28272436812029
841.25 24.339385433021242 22.2831442191239
841.7499999999999 24.340533263680673 22.283568775691784
842.25 24.34170450090101 22.283985499214833
842.75 24.34285868632123 22.28441537018485
843.2499999999999 24.344014296182507 22.284831867827922
843.75 24.34516627070284 22.285256628072162
844.25 24.346341831549097 22.285680198064345
844.7499999999999 24.347527021195134 22.28610976478455
845.25 24.348672955232264 22.28652769667962
845.75 24.349863201450177 22.286960827557788
846.2499999999999 24.3510481792067 22.287378713566497
846.75 24.35223234628504 22.28781123531324
847.25 24.35341365451184 22.28823255144324
847.7499999999999 24.354597612487474 22.288660242974206
848.25 24.355786425747816 22.28909458437217
848.75 24.356983121846895 22.289519880441937
849.2499999999999 24.358189193299957 22.28995922715758
849.75 24.359410685532914 22.29038070120804
850.25 24.360622454335058 22.29081378364856
850.7499999999999 24.361822831155333 22.291245949003283
851.25 24.36304497199613 22.29167074725822
851.75 24.364291104818278 22.292104836445613
852.2499999999999 24.365504527693936 22.29254273081359
852.75 24.366742964579743 22.29296567466867
853.25 24.3679775617585 22.29340632532093
853.7499999999999 24.369220708571998 22.293837596641318
854.25 24.370448219404842 22.294275145815966
854.75 24.37168420787724 22.294711235400744
855.2499999999999 24.372932685217492 22.295148044865773
855.75 24.374176106391417 22.295587377845628
856.25 24.375421624294358 22.29601946447467
856.7499999999999 24.376669838327494 22.29646260309859
857.25 24.37790221847198 22.296912583257196
857.75 24.379152550830618 22.297344664032508
858.2499999999999 24.380394311471385 22.297794653814872
858.75 24.381652811773165 22.298234223499037
859.25 24.382889281143207 22.29867610184297
859.7499999999999 24.384143702521804 22.299125171159172
860.25 24.385405844699722 22.299575648198477
860.75 24.38667443707446 22.300025521361345
861.2499999999999 24.387926091153037 22.300474972214307
861.75 24.389174970404618 22.30093053111126
862.25 24.390442976952986 22.30137381847979
862.7499999999999 24.391683684827147 22.301825385782962
863.25 24.392962944070554 22.30228731690884
863.75 24.394219047732022 22.302736813903095
864.2499999999999 24.39548974741859 22.303193962214976
864.75 24.396757709165687 22.303644281634014
865.25 24.398032942965713 22.30410243473346
865.7499999999999 24.399297579343045 22.30455753581952
866.25 24.400582143752022 22.305018967570064
866.75 24.401845971048687 22.305478975816342
867.2499999999999 24.403143408293122 22.3059364358917
867.75 24.404409388372517 22.306395792965642
868.25 24.405699309408895 22.30686533391328
868.7499999999999 24.406978552677142 22.30732319219731
869.25 24.408257270636643 22.307789871143477
869.75 24.40957386998481 22.30825971812039
870.2499999999999 24.410836441364143 22.30871397849109
870.75 24.41214137151721 22.309187160715076
871.25 24.41345838715312 22.30965544541386
871.7499999999999 24.414730130894185 22.310119307318594
872.25 24.416038194705926 22.310589729275243
872.75 24.417341833666967 22.31105688398523
873.2499999999999 24.418647594813237 22.311526330438216
873.75 24.41995680672516 22.311994363169923
874.25 24.421268054180256 22.31247006818464
874.7499999999999 24.42259499900794 22.31294874287963
875.25 24.42388597618575 22.313417053159913
875.75 24.425193817776893 22.31389034434158
876.2499999999999 24.426517142268057 22.314361675867733
876.75 24.427862272213655 22.31484313286721
877.25 24.429171357976195 22.315315275812534
877.7499999999999 24.430512590796294 22.31579811726168
878.25 24.43184094435416 22.316274672567587
878.75 24.433185703376648 22.3167503221366
879.2499999999999 24.434522101883115 22.317237131846074
879.75 24.435868843227546 22.317707674797276
880.25 24.437205396608267 22.31818914334974
880.7499999999999 24.438541839578395 22.31868062701199
881.25 24.439906949293146 22.319148885972933
881.75 24.441241216731633 22.319639409335732
882.2499999999999 24.44261616744761 22.320121616483085
882.75 24.443969642668236 22.32060497703244
883.25 24.445340541441624 22.321088037230695
883.7499999999999 24.446705817764606 22.32157068654631
884.25 24.448083142529025 22.322062226007514
884.75 24.449440322076903 22.322546298270428
885.2499999999999 24.450843636717327 22.323033892792136
885.75 24.45220424203373 22.323519012690628
886.25 24.45359719401737 22.324002185818745
886.7499999999999 24.45498270331685 22.32449415647519
887.25 24.45637521716821 22.324985851014823
887.75 24.457765489687183 22.32547895710361
888.2499999999999 24.45917367078077 22.325964258298715
888.75 24.460577292761037 22.326456484219797
889.25 24.46198840543279 22.32695161027186
889.7499999999999 24.46339645042282 22.3274391599332
890.25 24.464799834015523 22.32793279803664
890.75 24.466234493998705 22.32842179852716
891.2499999999999 24.4676622386913 22.328922187069004
891.75 24.46908735508387 22.32941683283758
892.25 24.470505801324155 22.329912547285964
892.7499999999999 24.471937667544946 22.330409394682363
893.25 24.473372700250206 22.330903523404032
893.75 24.474818419655442 22.331395206233967
894.2499999999999 24.47625881564154 22.331899099206396
894.75 24.477690201089352 22.332396563540012
895.25 24.479165815758392 22.33289569525094
895.7499999999999 24.480618839208642 22.333393113632827
896.25 24.48206805547171 22.33389945108653
896.75 24.483529239372423 22.33439969552043
897.2499999999999 24.48499961375552 22.334901961709434
897.75 24.486472094968143 22.33540787411011
898.25 24.48794038438479 22.33591360483181
898.7499999999999 24.489412614638187 22.33641324875901
899.25 24.490887160554 22.33691860324167
899.75 24.492376507265725 22.337423656335588
900.2499999999999 24.493857975281614 22.33793356458665
900.75 24.49533042795618 22.338448015014983
901.25 24.496847398269775 22.3389491685192
901.7499999999999 24.498326667547925 22.33946281068057
902.25 24.499836778241978 22.339973136205234
902.75 24.501333642421752 22.340484046667953
903.2499999999999 24.502838376389498 22.340994353239584
903.75 24.50435129930974 22.341511343278558
904.25 24.505884965014502 22.342028929758214
904.7499999999999 24.50737786973034 22.342536947103792
905.25 24.50888494079496 22.343050327616204
905.75 24.510436292657126 22.343567626590644
906.2499999999999 24.511940382260796 22.34408076645114
906.75 24.51347448142341 22.344602629180685
907.25 24.515014261664604 22.34511627815767
907.7499999999999 24.516555513159673 22.345636094253038
908.25 24.518093379887098 22.346155018232935
908.75 24.519644209520152 22.346676463694916
909.2499999999999 24.52119083624655 22.34719515095986
909.75 24.52273106769448 22.34771013013583
910.25 24.524302546965412 22.348239302312077
910.7499999999999 24.52585314980091 22.34876803608168
911.25 24.527400699416727 22.349285683244304
911.75 24.528976020829326 22.349817531566654
912.2499999999999 24.53054551332173 22.350336835422162
912.75 24.532114661614074 22.350861675666046
913.25 24.533697009101406 22.351387492578297
913.7499999999999 24.535288969946244 22.351912292583012
914.25 24.536871530685403 22.35244483275906
914.75 24.538466644654825 22.352973909743827
915.2499999999999 24.54005098868263 22.353502745736424
915.75 24.541643607233 22.354039685830934
916.25 24.543238833123535 22.35456526862006
916.7499999999999 24.54485627067795 22.355095164102174
917.25 24.54644526475221 22.35563036858997
917.75 24.54805966865228 22.356155478496905
918.2499999999999 24.549666331381772 22.356699858384353
918.75 24.55128881653085 22.357234547844126
919.25 24.552910714455678 22.35776752916668
919.7499999999999 24.55453935952513 22.358304466775813
920.25 24.556150115922073 22.358848391767676
920.75 24.55781289873411 22.359374701337693
921.2499999999999 24.559416827784403 22.35991854365379
921.75 24.561086665595017 22.3604573472796
922.25 24.562711209091496 22.360993344698763
922.7499999999999 24.564369617442694 22.361534425742278
923.25 24.566027614306755 22.362073448406132
923.75 24.567675898896873 22.362622492052807
