FastTrWP/PhaseSpace/IAs/snIa_0.51_30.00_-1.68_0.05.csv
# %ECSV 0.9
# ---
# datatype:
# - {name: time-rel, datatype: float64}
# - {name: g, datatype: float64}
# - {name: i, datatype: float64}
# schema: astropy-2.0
time-rel g i
[from data line 1159]
851.2083333333334 24.199544785501416 22.412314407463594
851.7083333333334 24.201792385172553 22.412780975794732
852.2083333333333 24.204047771430464 22.413265376443174
852.7083333333334 24.206328868287365 22.413746095252908
853.2083333333334 24.20857777999291 22.41422289060262
853.7083333333333 24.21083237594262 22.414705189346357
854.2083333333334 24.213099984826002 22.415189493277477
854.7083333333334 24.2153480805753 22.415677125635547
855.2083333333333 24.217609594963093 22.416158696384898
855.7083333333334 24.219875941462355 22.41665394708352
856.2083333333334 24.22215113178469 22.417142823446166
856.7083333333333 24.22441221882845 22.417638525704476
857.2083333333334 24.22670225405712 22.418137542475893
857.7083333333334 24.228952948023252 22.418627207098325
858.2083333333333 24.231216417880347 22.419132201872642
858.7083333333334 24.23348548971528 22.419637064590155
859.2083333333334 24.235763227402014 22.42014180732061
859.7083333333333 24.23803324724776 22.420643579693156
860.2083333333334 24.240311937337353 22.42114932322473
860.7083333333334 24.242586302585295 22.421662023270336
861.2083333333333 24.244873509559135 22.42217398663813
861.7083333333334 24.24714247289665 22.422679303599594
862.2083333333334 24.24943267947528 22.423198115620217
862.7083333333333 24.251706442781447 22.423712472049
863.2083333333334 24.25399135497081 22.42423560000293
863.7083333333334 24.256266768358223 22.424752958355057
864.2083333333333 24.25855011604785 22.42528652469727
864.7083333333334 24.260828607840814 22.425807826723023
865.2083333333334 24.263117438391035 22.426329894350992
865.7083333333333 24.26540981995382 22.42686086178348
866.2083333333334 24.26768601990108 22.427401076791167
866.7083333333334 24.269981302914005 22.42792508179695
867.2083333333333 24.272276406855685 22.428471623387875
867.7083333333334 24.27454449831903 22.428995752761367
868.2083333333334 24.276839896411136 22.429533417848965
868.7083333333333 24.279118182048926 22.43007135272392
869.2083333333334 24.2814208436261 22.430621003551284
869.7083333333334 24.283701948353734 22.431163101068098
870.2083333333333 24.28599889056006 22.431712598189645
870.7083333333334 24.288292224289346 22.432261449186285
871.2083333333334 24.290582728085717 22.4328056053595
871.7083333333333 24.29287257792955 22.433357236371492
872.2083333333334 24.29516101475597 22.43391396800269
872.7083333333334 24.297454979761532 22.434468663009465
873.2083333333333 24.2997547860114 22.435021870520696
873.7083333333334 24.30204010814328 22.43559067720752
874.2083333333334 24.30432667296686 22.436151233206658
874.7083333333333 24.306623366198636 22.4367044691469
875.2083333333334 24.30892339585789 22.437270929106678
875.7083333333334 24.311223052613123 22.437836207316863
876.2083333333333 24.313509890815787 22.438404255511244
876.7083333333334 24.31577869594562 22.438986521291987
877.2083333333334 24.31808913764791 22.439558491504602
877.7083333333333 24.32038923690858 22.44013487919666
878.2083333333334 24.32268017847663 22.440702122802186
878.7083333333334 24.32498786423654 22.441287317820958
879.2083333333333 24.327270809156044 22.44186975159419
879.7083333333334 24.329582042398194 22.44245550317446
880.2083333333334 24.33187603693582 22.443043007580666
880.7083333333333 24.334164903725917 22.443623801409917
881.2083333333334 24.336470241390412 22.44421917702568
881.7083333333334 24.33876785758184 22.444810413637597
882.2083333333333 24.34107047550432 22.445408848855088
882.7083333333334 24.343364654162652 22.446002877626533
883.2083333333334 24.345655283679534 22.44660528245847
883.7083333333333 24.34796344029393 22.447207070438616
884.2083333333334 24.350266836111487 22.447807912017264
884.7083333333334 24.352574896782798 22.448410097646914
885.2083333333333 24.35487058853277 22.449023302488726
885.7083333333334 24.357172860810266 22.449632363299635
886.2083333333334 24.35947782402212 22.450244873236155
886.7083333333333 24.36176523963487 22.45086075206882
887.2083333333334 24.36406824878578 22.451468483257003
887.7083333333334 24.366378813792515 22.45209613914195
888.2083333333333 24.36868695313042 22.45271292555352
888.7083333333334 24.37098296172453 22.45333703546415
889.2083333333334 24.373286567715326 22.453959407275335
889.7083333333333 24.37560163076659 22.454583459159124
890.2083333333334 24.37791087601748 22.455217192388595
890.7083333333334 24.380206028992646 22.455845692541136
891.2083333333333 24.382524237155877 22.45647819144849
891.7083333333334 24.384832012379928 22.45711191774785
892.2083333333334 24.387139349845505 22.4577472178282
892.7083333333333 24.38944828324444 22.458385352814084
893.2083333333334 24.39176684981231 22.459027109218844
893.7083333333334 24.394076171851058 22.459676740469913
894.2083333333333 24.396374998086152 22.460312551289974
894.7083333333334 24.398706426646296 22.46096764163076
895.2083333333334 24.401028108143038 22.46161221877218
895.7083333333333 24.40331367236238 22.462256317806464
896.2083333333334 24.405648433181053 22.462906330252398
896.7083333333334 24.407985164069 22.463566964634126
897.2083333333333 24.410274573732362 22.46422599690293
897.7083333333334 24.4125998329147 22.46489261882934
898.2083333333334 24.414913863793405 22.46554552278079
898.7083333333333 24.417240377695094 22.46620968307928
899.2083333333334 24.41956275602688 22.466882778870495
899.7083333333334 24.421878081477576 22.46754769718773
900.2083333333333 24.42420518189732 22.468216075013526
900.7083333333334 24.426536742383075 22.46888023921545
901.2083333333334 24.428845833960903 22.46955273094175
901.7083333333333 24.43118079537603 22.470227523792975
902.2083333333334 24.433487842780313 22.47089868554296
902.7083333333334 24.435810755125075 22.471593858506118
903.2083333333333 24.4381577107221 22.47226183176034
903.7083333333334 24.440493928492522 22.472951090822132
904.2083333333334 24.44281581150342 22.473628380752572
904.7083333333333 24.445145535967367 22.474319779592264
905.2083333333334 24.44747986128659 22.475010872822864
905.7083333333334 24.449807162044177 22.47569419692431
906.2083333333333 24.452126308073098 22.476385690417988
906.7083333333334 24.4544820976523 22.477086466492086
907.2083333333334 24.456825421982693 22.477784297961723
907.7083333333333 24.459157815232512 22.478480785940494
908.2083333333334 24.461511375299963 22.479182254163405
908.7083333333334 24.463829472123663 22.479879996681646
909.2083333333333 24.466171031234154 22.480592863578348
909.7083333333334 24.468516013831266 22.48128742576581
910.2083333333334 24.47086033667144 22.481997872282136
910.7083333333333 24.473197463540167 22.482711824101024
911.2083333333334 24.475559580876286 22.4834257577581
911.7083333333334 24.477913701116847 22.48413492198862
912.2083333333333 24.480246311340117 22.484850006819666
912.7083333333334 24.482586416176915 22.48557130642745
913.2083333333334 24.484942220109502 22.4862865073163
913.7083333333333 24.487269397105624 22.487011256590357
914.2083333333334 24.489645430618104 22.487735144881004
914.7083333333334 24.491991444895014 22.488462562420622
915.2083333333333 24.494349756011434 22.4891910826764
915.7083333333334 24.496679616010187 22.489921530548834
916.2083333333334 24.499033644963028 22.49065053822988
916.7083333333333 24.501386022962976 22.491391867540212
917.2083333333334 24.503741671182134 22.4921333438461
917.7083333333334 24.50607084522078 22.492874319578284
918.2083333333333 24.508423811677083 22.49361178245288
918.7083333333334 24.51077763894929 22.494356890884745
919.2083333333334 24.5131411524547 22.49510883194251
919.7083333333333 24.515481022494818 22.49584660145489
920.2083333333334 24.517827366480827 22.49660750600825
920.7083333333334 24.52020102143036 22.497361007028918
921.2083333333333 24.522555001257036 22.49811401501575
921.7083333333334 24.524907954437417 22.49886707346507
922.2083333333334 24.52725687200474 22.499635032989577
922.7083333333333 24.52961673642887 22.500383482388866
923.2083333333334 24.53197890953777 22.501150559778598
923.7083333333334 24.534339265994248 22.50191475212789
924.2083333333333 24.53668760527972 22.50268836878071
924.7083333333334 24.539043469433047 22.503458872559555
925.2083333333334 24.541413636309997 22.504225663679286
925.7083333333333 24.5437651793784 22.505002170516676
926.2083333333334 24.546117486179003 22.505788174433903
926.7083333333334 24.548475703734567 22.506564298618137
927.2083333333333 24.550837033420436 22.50734574615433
927.7083333333334 24.55321030493792 22.508126982397656
928.2083333333334 24.555560207364447 22.50891627064773
928.7083333333333 24.557948178846907 22.509701638023266
929.2083333333334 24.560332812545425 22.51049551081467
929.7083333333334 24.562663861662912 22.511277987910667
930.2083333333333 24.565011373226106 22.512078160267677
930.7083333333334 24.56737807719055 22.512884000184208
931.2083333333334 24.569746366421565 22.513674268605513
931.7083333333333 24.572128677747802 22.514471994663555
932.2083333333334 24.57450903638167 22.51527862298941
932.7083333333334 24.57688043916059 22.516079602212113
933.2083333333333 24.57925362321977 22.51689960171866
933.7083333333334 24.581621840949857 22.517697822743173
934.2083333333334 24.58398871759631 22.518513299233575
934.7083333333333 24.58637507235047 22.5193229370546
935.2083333333334 24.58874702803538 22.52013822027913
935.7083333333334 24.59112535397884 22.520954146354928
936.2083333333333 24.59349999381848 22.52177685362281
936.7083333333334 24.5958704758183 22.522598635241025
937.2083333333334 24.598247380429846 22.523419991086172
937.7083333333333 24.600630719875088 22.52425414333159
938.2083333333334 24.603012566706436 22.52508742492548
938.7083333333334 24.605406117978315 22.525913645448988
939.2083333333333 24.60777512665694 22.52674539608178
939.7083333333334 24.610145786141096 22.527583302484473
940.2083333333334 24.612533543774667 22.528417600253192
940.7083333333333 24.614932531760335 22.529258845738816
941.2083333333334 24.617308608527104 22.530098478284124
941.7083333333334 24.61970701997164 22.530943931545693
942.2083333333333 24.622091106808938 22.531785351202252
942.7083333333334 24.62451009294718 22.532641266145824
943.2083333333334 24.626873711298295 22.533482898859745
943.7083333333333 24.629258937811315 22.534333812235325
944.2083333333334 24.63166965199911 22.535193534977193
944.7083333333334 24.634071346402507 22.536049465187187
945.2083333333333 24.63646136404504 22.53690845622495
945.7083333333334 24.638860394746548 22.53776670861007
946.2083333333334 24.64124700749911 22.538629990843457
946.7083333333333 24.643658239932083 22.53949225914247
947.2083333333334 24.646056037056653 22.540366027579537
947.7083333333334 24.648433445414728 22.54122633148051
948.2083333333333 24.65088527704441 22.542106034742353
948.7083333333334 24.653281348103967 22.542979482494513
949.2083333333334 24.65567899605803 22.54386744865328
949.7083333333333 24.658089608821072 22.54475100787189
950.2083333333334 24.66049272573302 22.54564108556512
950.7083333333334 24.6629044907711 22.546532626774017
951.2083333333333 24.66530311736486 22.547424717580718
951.7083333333334 24.667705418775373 22.548324905663712
952.2083333333334 24.670128794768704 22.549224372284804
952.7083333333333 24.672535892199846 22.550134254919733
953.2083333333334 24.6749665181656 22.55104906288425
953.7083333333334 24.67736057372499 22.551960654845473
954.2083333333333 24.67975582460024 22.55286559079226
954.7083333333334 24.68218809314235 22.55378613370911
955.2083333333334 24.684582558436485 22.554709574623146
955.7083333333333 24.686991983715533 22.555633187549358
956.2083333333334 24.689407846574497 22.556569346144766
956.7083333333334 24.69182765717932 22.557489038826933
957.2083333333333 24.69421322244599 22.55842137789301
957.7083333333334 24.696639529669135 22.559358084554077
958.2083333333334 24.69905124145644 22.560293970930477
958.7083333333333 24.70146593847767 22.56123970561017
959.2083333333334 24.703890903846755 22.56218279794936
959.7083333333334 24.70632307349685 22.56312881150533
960.2083333333333 24.7087264569131 22.56407222512494
960.7083333333334 24.71113745756529 22.565032106350902
961.2083333333334 24.71355459308957 22.565971063948478
961.7083333333333 24.715971050755485 22.566928574040208
962.2083333333334 24.718413616032183 22.56788797578571
962.7083333333334 24.720812294765256 22.568841149401013
963.2083333333333 24.72322400792669 22.56980448483545
963.7083333333334 24.725674814130297 22.57076670411482
964.2083333333334 24.728093809721777 22.571725425571557
964.7083333333333 24.73051688315206 22.572705391796344
965.2083333333334 24.73293303731368 22.573666353556323
965.7083333333334 24.735375646424536 22.57463785892825
966.2083333333333 24.737788826802944 22.575609716171844
966.7083333333334 24.740210618832236 22.576578202197975
967.2083333333334 24.74264131173893 22.577554489025555
967.7083333333333 24.745085262129997 22.578522268928456
968.2083333333334 24.7475333327492 22.57950540274324
968.7083333333334 24.749957201968176 22.580486496928664
969.2083333333333 24.75236602581238 22.581466352453837
969.7083333333334 24.75482702349975 22.58244172809436
970.2083333333334 24.757241686217895 22.583420241264488
970.7083333333333 24.759674869977964 22.584397306377948
971.2083333333334 24.762099195559077 22.58539021978331
971.7083333333334 24.764540747730827 22.586365578879942
972.2083333333333 24.766976041841595 22.5873532620156
972.7083333333334 24.769434659438623 22.588337840140138
973.2083333333334 24.77186956609005 22.589328630854574
973.7083333333333 24.774301449581415 22.590311759913998
974.2083333333334 24.776764850219266 22.59130091034178
974.7083333333334 24.77919177701247 22.592290211416586
975.2083333333333 24.781622878996185 22.593275941527256
975.7083333333334 24.78408009383456 22.594259983728495
976.2083333333334 24.786527533193855 22.595243039878174
976.7083333333333 24.7889543745713 22.596236660890362
977.2083333333334 24.791434682132657 22.597220607260233
977.7083333333334 24.79387801266993 22.598207841196675
978.2083333333333 24.796331091387135 22.59920268045924
978.7083333333334 24.798780122643137 22.600188805337844
979.2083333333334 24.801247455641487 22.601168029661398
979.7083333333333 24.803699108453827 22.602164467403682
980.2083333333334 24.806154147227623 22.603152994272154
980.7083333333334 24.808618679340416 22.60413908551696
981.2083333333333 24.81107838622873 22.605117803194304
981.7083333333334 24.813542941162584 22.606107892662784
982.2083333333334 24.815977648867605 22.607092487033945
982.7083333333333 24.818478380791372 22.60807233307727
983.2083333333334 24.82095192050817 22.60905723052442
983.7083333333334 24.823411845444802 22.610042543303543
984.2083333333333 24.82586609155341 22.61102456223243
984.7083333333334 24.828325360143204 22.61200469577547
985.2083333333334 24.830813736859657 22.612994768010996
985.7083333333333 24.833268354584206 22.613985549201082
986.2083333333334 24.835747347353138 22.614973906538246
986.7083333333334 24.838205951633974 22.615970327889517
987.2083333333333 24.84069818340632 22.616965337130523
987.7083333333334 24.843140132041697 22.617951475827134
988.2083333333334 24.84562541292261 22.61895316218165
988.7083333333333 24.848132578310533 22.619954732183647
989.2083333333334 24.850568706079727 22.620955711241592
989.7083333333334 24.853072333250662 22.621952813434497
990.2083333333333 24.85552363938744 22.62295135770494
990.7083333333334 24.857988168185486 22.623963407114907
991.2083333333334 24.8604708638959 22.62496617958579
991.7083333333333 24.862955706339616 22.625977282467442
992.2083333333334 24.86543925826156 22.62698187530735
992.7083333333334 24.867908754514474 22.62798677173249
993.2083333333333 24.870381529996198 22.628993545325613
993.7083333333334 24.87286930339101 22.630009452925812
994.2083333333334 24.87534922666969 22.631018769974776
994.7083333333333 24.877845484961494 22.63202848228299
995.2083333333334 24.880303228706545 22.633037040637475
