FastTrWP/PhaseSpace/IAs/snIa_0.68_30.00_0.26_0.02.csv
# %ECSV 0.9
# ---
# datatype:
# - {name: time-rel, datatype: float64}
# - {name: g, datatype: float64}
# - {name: i, datatype: float64}
# schema: astropy-2.0
time-rel g i
104.14583333333334 26.993702127843466 24.80648120862242
104.64583333333334 26.983600292010653 24.798512224603158
105.14583333333334 26.97349914516782 24.790566483970263
105.64583333333334 26.963479587869376 24.78266812851189
106.14583333333334 26.95356729918249 24.774786382184377
106.64583333333334 26.943630835637652 24.76693357047717
107.14583333333334 26.933796390061463 24.75910376460807
107.64583333333334 26.923966811346247 24.751318307651395
108.14583333333334 26.91422013546298 24.743545184319164
108.64583333333334 26.904474245530384 24.73581547332012
109.14583333333334 26.894803145883387 24.728105025823055
109.64583333333334 26.88519978417348 24.720418251783833
110.14583333333334 26.875595000519667 24.7127528980989
110.64583333333334 26.866098645095033 24.70513628996312
111.14583333333334 26.856591321984837 24.697537193158926
111.64583333333334 26.847156960597616 24.689977294317824
112.14583333333334 26.837805413986864 24.682425655404906
112.64583333333334 26.82846857856825 24.6749033553677
113.14583333333334 26.81913600590541 24.667405380976774
113.64583333333334 26.809875132868154 24.65996756420779
114.14583333333334 26.80070903665652 24.652540737755963
114.64583333333334 26.791549445770386 24.645137771150406
115.14583333333334 26.782386471937244 24.637785056657407
115.64583333333334 26.77332835946502 24.630422367929448
116.14583333333334 26.764293342533627 24.623116637163193
116.64583333333334 26.755341513890023 24.615836942064494
117.14583333333334 26.74641026847671 24.60858396873395
117.64583333333334 26.73752722781678 24.60136832629102
118.14583333333334 26.728653884920966 24.594144688051163
118.64583333333334 26.719877745516605 24.586981401944406
119.14583333333334 26.711102390414286 24.579842293107205
119.64583333333334 26.702350407732244 24.572733865263686
120.14583333333334 26.69374866610201 24.565634542134
120.64583333333334 26.68510191998895 24.558569658912898
121.14583333333334 26.67651352892836 24.551565027810064
121.64583333333334 26.66798124739847 24.544542076698896
122.14583333333334 26.65947647872123 24.53758297698566
122.64583333333334 26.650986839304483 24.530651275294886
123.14583333333334 26.642597243559287 24.523720097811285
123.64583333333334 26.634241827261413 24.51682767749784
124.14583333333334 26.6258812918 24.50996162074673
124.64583333333334 26.61762899192327 24.503118935511978
125.14583333333334 26.609332114959308 24.496344954866473
125.64583333333334 26.601188967252178 24.489565133490615
126.14583333333334 26.592992537862187 24.482810508972513
126.64583333333334 26.584863795366296 24.476091002963987
127.14583333333334 26.57680774954762 24.469403245688714
127.64583333333334 26.56874628125213 24.462730677837357
128.14583333333334 26.560778686519196 24.456076388416307
128.64583333333334 26.552747565332876 24.449474880968932
129.14583333333334 26.544886662932953 24.4428984293641
129.64583333333334 26.53701335802969 24.436332210490864
130.14583333333334 26.529171984529178 24.429807161852604
130.64583333333334 26.521361350485364 24.423321736190182
131.14583333333334 26.513610537877675 24.416838414977594
131.64583333333334 26.505883325807673 24.410371965927695
132.14583333333334 26.49823252105589 24.403969737136574
132.64583333333334 26.490561094308816 24.397575214533557
133.14583333333334 26.482983809423768 24.39118663576377
133.64583333333334 26.47534193847937 24.384844099723995
134.14583333333334 26.467862476814233 24.378484147322176
134.64583333333334 26.460299747465214 24.372160942468998
135.14583333333334 26.452797311179562 24.36581817948737
135.64583333333334 26.44532442768766 24.359522058969176
136.14583333333334 26.43790141414327 24.353242813500987
136.64583333333334 26.430475000613846 24.346969802053163
137.14583333333334 26.42308392794717 24.340717878668027
137.64583333333334 26.415706335683133 24.33449940406244
138.14583333333334 26.40843810875669 24.32827649880171
138.64583333333334 26.40110767713444 24.32208417245038
139.14583333333334 26.393837345148988 24.315893913064684
139.64583333333334 26.386597004436073 24.30973017120923
140.14583333333334 26.379403559810832 24.303577193464765
140.64583333333334 26.372185528670276 24.2974583736839
141.14583333333334 26.36508344364087 24.291342210807517
141.64583333333334 26.35788982598724 24.285259749539236
142.14583333333334 26.35079712008015 24.279159039572562
142.64583333333334 26.343720668445112 24.27311767042273
143.14583333333334 26.336659660866545 24.267079940425266
143.64583333333334 26.329661213552484 24.261060072303987
144.14583333333334 26.322658596839815 24.255050447707802
144.64583333333334 26.315700629893787 24.249074136567938
145.14583333333334 26.30870519609217 24.243098749763725
145.64583333333334 26.301791561620107 24.237159741580413
146.14583333333334 26.294883151436757 24.231220106995742
146.64583333333334 26.287990332593502 24.22534596685274
147.14583333333334 26.281176476686092 24.219435510858375
147.64583333333334 26.27435116128581 24.21358164856853
148.14583333333334 26.2675120253695 24.207714644022005
148.64583333333334 26.260809793063594 24.201896771738735
149.14583333333334 26.254055854341374 24.196084941539844
149.64583333333334 26.247330400412245 24.190280794035132
150.14583333333334 26.240616788809636 24.184513734129766
150.64583333333334 26.233913912418938 24.178767230055932
151.14583333333334 26.22728031648181 24.17302757194176
151.64583333333334 26.220662113450494 24.167307740009527
152.14583333333334 26.214058323249958 24.161599887317205
152.64583333333334 26.20746134854514 24.155933281252135
153.14583333333334 26.20091553611705 24.150278262136148
153.64583333333334 26.19443107285828 24.14463477870848
154.14583333333334 26.187898217750952 24.139027219742992
154.64583333333334 26.18140632253501 24.133430272426885
155.14583333333334 26.17494667752954 24.127851931615865
155.64583333333334 26.168483921024126 24.12229910916606
156.14583333333334 26.162113515491974 24.116769619562916
156.64583333333334 26.1557363086515 24.1112457441142
157.14583333333334 26.14938040406407 24.10575713009862
157.64583333333334 26.143028897243184 24.100275779755375
158.14583333333334 26.136685100554434 24.094824016117474
158.64583333333334 26.13037162179037 24.089394643800375
159.14583333333334 26.124099364635764 24.083965703682676
159.64583333333334 26.11786416457413 24.07858014422495
160.14583333333334 26.11166567696181 24.07320245998598
160.64583333333334 26.105410220462456 24.06784603802222
161.14583333333334 26.099214578788292 24.062505570029053
161.64583333333334 26.093088238576037 24.05721074577585
162.14583333333334 26.086928417680927 24.051893516049464
162.64583333333334 26.08080086957483 24.04662752058147
163.14583333333334 26.074724245178615 24.041374703835757
163.64583333333334 26.068629271442884 24.036152593362008
164.14583333333334 26.06258059454028 24.030933502301547
164.64583333333334 26.05649791227789 24.02573030518279
165.14583333333334 26.050557618254963 24.020569103417376
165.64583333333334 26.044537551465222 24.01541797236924
166.14583333333334 26.03854438750432 24.01028175869364
166.64583333333334 26.03260975161635 24.005152226657863
167.14583333333334 26.0266456694638 24.00009524330482
167.64583333333334 26.020784550191006 23.995005024549393
168.14583333333334 26.01489472302184 23.989947988144067
168.64583333333334 26.008999798206172 23.98493122682732
169.14583333333331 26.0031408403596 23.979919744093074
169.64583333333334 25.99729324040609 23.97493028128431
170.14583333333334 25.99150220597074 23.969970778135327
170.64583333333331 25.98569974947338 23.965003525536005
171.14583333333334 25.97996532911724 23.960076650693637
171.64583333333334 25.974211444559426 23.955170231587168
172.14583333333331 25.968477437597972 23.950289447958994
172.64583333333334 25.9627484622886 23.945419846911516
173.14583333333334 25.95703942683995 23.94056421287422
173.64583333333331 25.95142725285861 23.93572497438602
174.14583333333334 25.945712964892557 23.930912318511144
174.64583333333334 25.940075905827324 23.926084609954724
175.14583333333331 25.934470347355095 23.92127557966039
175.64583333333334 25.92886105667833 23.91649832882939
176.14583333333334 25.923283878104748 23.911724760052543
176.64583333333331 25.91770852468771 23.906933617648537
177.14583333333334 25.912159880638935 23.90220570172323
177.64583333333334 25.906669040940194 23.89745183677249
178.14583333333331 25.901106716709577 23.892721238212104
178.64583333333334 25.895608220944553 23.88801618241633
179.14583333333334 25.89011940514997 23.883304200832836
179.64583333333331 25.884680243787464 23.878631953087144
180.14583333333334 25.879237518229054 23.873956781402743
180.64583333333334 25.87378274811135 23.86928106027017
181.14583333333331 25.868368294048953 23.86463520893912
181.64583333333334 25.86297235968611 23.86001320273202
182.14583333333334 25.85756529707542 23.855378008750577
182.64583333333331 25.85223549598046 23.85077955778367
183.14583333333334 25.846859882422372 23.84615483870423
183.64583333333334 25.841555964009054 23.84158344943469
184.14583333333331 25.836190697905415 23.83702319077031
184.64583333333334 25.83088659627212 23.832461696585586
185.14583333333334 25.82559709204203 23.827926715924704
185.64583333333331 25.820347348198954 23.82339183994194
186.14583333333334 25.81506783005004 23.81887412883094
186.64583333333334 25.809811045082412 23.814362885744384
187.14583333333331 25.8045793972217 23.80987035988052
187.64583333333334 25.79938702471475 23.805404549391834
188.14583333333334 25.79419135788161 23.800940890339707
188.64583333333331 25.788997026420134 23.79648674479084
189.14583333333334 25.783819717137654 23.792061175483752
189.64583333333334 25.778688518975173 23.78764702527445
190.14583333333331 25.77350357118725 23.783222675146185
190.64583333333334 25.768384476575452 23.778822677215064
191.14583333333334 25.76329124060488 23.774457012293123
191.64583333333331 25.758181608726435 23.770082606205285
192.14583333333334 25.753101232124106 23.765746588929723
192.64583333333334 25.74802591655535 23.76140038116212
193.14583333333331 25.74296164877697 23.757071476535224
193.64583333333334 25.737923764494532 23.752762139426963
194.14583333333334 25.732849826662804 23.74845869404306
194.64583333333331 25.727847752605918 23.744174819569665
195.14583333333334 25.722849946058094 23.73991402153443
195.64583333333334 25.717862600029207 23.73565037226414
196.14583333333331 25.712849516830754 23.731409793265005
196.64583333333334 25.707933127757126 23.727196696986738
197.14583333333334 25.70295613388133 23.722969666125813
197.64583333333331 25.698019724303016 23.718776077527096
198.14583333333334 25.693105606354337 23.714592554330117
198.64583333333334 25.688186035533157 23.710424772285595
199.14583333333331 25.683289926268323 23.70626125771654
199.64583333333334 25.678384741170127 23.702127133853736
200.14583333333334 25.673512301136256 23.69799098724805
200.64583333333331 25.668641699843803 23.69387091289884
201.14583333333334 25.663786924869683 23.689759320777547
201.64583333333334 25.658969145925326 23.685685245328617
202.14583333333331 25.65414813760496 23.68160337312816
202.64583333333334 25.649305826293556 23.67755002114884
203.14583333333334 25.64452394598764 23.673519167064647
203.64583333333331 25.63971330965657 23.669481238354205
204.14583333333334 25.63494224011034 23.66545842253293
204.64583333333334 25.63019460333511 23.661445914236335
205.14583333333331 25.625416746032133 23.657491506150137
205.64583333333334 25.620677863530616 23.65350177922203
206.14583333333334 25.615950422945026 23.649525617440787
206.64583333333331 25.6112197149222 23.645594074770003
207.14583333333334 25.606519351038344 23.64165690717492
207.64583333333334 25.601807106860477 23.637740889471356
208.14583333333331 25.59713264119351 23.63383488587364
208.64583333333334 25.59245337077824 23.629943077424585
209.14583333333334 25.58778544103221 23.62607893097394
209.64583333333331 25.58315565009086 23.622219072101554
210.14583333333334 25.578488877396293 23.618362540336307
210.64583333333334 25.573851041499438 23.614528826945694
211.14583333333331 25.569207393950066 23.610719627227933
211.64583333333334 25.564643514744354 23.606911347354167
212.14583333333334 25.560044622142478 23.603129410164733
212.64583333333331 25.55545779542653 23.599345825331163
213.14583333333334 25.550871839851066 23.59558086454161
213.64583333333334 25.54629855446748 23.591837994813766
214.14583333333331 25.541714160085295 23.588096833142167
214.64583333333334 25.537206615677327 23.584368579695738
215.14583333333334 25.532675731587222 23.580656115842928
215.64583333333331 25.528153144520548 23.576962879506237
216.14583333333334 25.523638109357904 23.573272882368272
216.64583333333334 25.51915778487961 23.569597168599117
217.14583333333331 25.514650230179083 23.56592625497855
217.64583333333334 25.510167800792413 23.562271661921343
218.14583333333334 25.505687163875326 23.55861581616205
218.64583333333331 25.50125819291781 23.55498250260128
219.14583333333334 25.49680105631777 23.551370296956186
219.64583333333334 25.49238412177846 23.54775041862245
220.14583333333331 25.487948077435988 23.544155891118955
220.64583333333334 25.483521675611563 23.540575436823854
221.14583333333334 25.479132290263536 23.53698025293255
221.64583333333331 25.47471949249268 23.533421075026382
222.14583333333334 25.470359142221838 23.529868311013043
222.64583333333334 25.465959008359643 23.52630514092478
223.14583333333331 25.461636638054735 23.522772483174048
223.64583333333334 25.457258467222378 23.519245385316164
224.14583333333334 25.452922216696535 23.515725625506803
224.64583333333331 25.448575232198642 23.512226163553777
225.14583333333334 25.444234976141786 23.50872066785535
225.64583333333334 25.439919115266363 23.50524304899738
226.14583333333331 25.435618598387926 23.501756491516964
226.64583333333334 25.431336964681943 23.498298568441353
227.14583333333334 25.427056960462547 23.4948348600499
227.64583333333331 25.42276965033774 23.491393010849727
228.14583333333334 25.418494855135854 23.48795605499828
228.64583333333334 25.414249010507287 23.484526692357747
229.14583333333331 25.40999606618866 23.481094524890306
229.64583333333334 25.405763037732164 23.477687481165567
230.14583333333334 25.401502185552715 23.47427857228213
230.64583333333331 25.397291323748526 23.470890923419635
231.14583333333334 25.393095525477094 23.467516566007998
231.64583333333334 25.388862231671038 23.464133939257362
232.14583333333331 25.384689018803066 23.460759465668687
232.64583333333334 25.380473860570444 23.457408056166493
233.14583333333334 25.376328356389006 23.454053074972197
233.64583333333334 25.37216114037983 23.450722149833233
234.14583333333334 25.367974643019213 23.44738249289309
234.64583333333334 25.36383377054949 23.44407268289733
235.14583333333334 25.35968271200804 23.440756751318656
235.64583333333334 25.355563182893142 23.437441345740435
236.14583333333334 25.351453811170753 23.434139725327388
236.64583333333334 25.347293495747625 23.430850902049954
237.14583333333334 25.343174502547296 23.427566629275276
237.64583333333334 25.33910737277903 23.424293576962878
238.14583333333334 25.335002343951682 23.42103884732304
238.64583333333334 25.33092657912313 23.417766573545315
239.14583333333334 25.3268385008796 23.41450474308157
239.64583333333334 25.322764462328543 23.411277696197455
240.14583333333334 25.318733129497932 23.40804275563793
240.64583333333334 25.314629492652266 23.404819990380705
241.14583333333334 25.3106117194164 23.401594928214394
241.64583333333334 25.306576313052616 23.39837720952058
242.14583333333334 25.30254473220279 23.39517146066175
242.64583333333334 25.29848428591301 23.391982484859682
243.14583333333334 25.29451640019449 23.388793103661342
243.64583333333334 25.290495400532187 23.385616949689787
244.14583333333334 25.28650921657441 23.382424887301227
244.64583333333334 25.282495279947938 23.379263972038864
245.14583333333334 25.278519626914758 23.376098880609458
245.64583333333334 25.274528380559698 23.37294093839716
