FastTrWP/PhaseSpace/IAs/snIa_0.66_30.00_-0.87_0.00.csv
# %ECSV 0.9
# ---
# datatype:
# - {name: time-rel, datatype: float64}
# - {name: g, datatype: float64}
# - {name: i, datatype: float64}
# schema: astropy-2.0
time-rel g i
[from data line 1012]
636.3125 24.13483935030342 22.253957043259533
636.8125 24.135611237652487 22.253668466969053
637.3125 24.13638195864548 22.253386339991632
637.8125 24.13715361850082 22.253107637191416
638.3125 24.137934186771105 22.252824072838454
638.8125 24.13871588872235 22.25255320983136
639.3125 24.13949237583993 22.252278431670774
639.8125 24.140280894318717 22.252014544197113
640.3125 24.1410664645892 22.251747062601886
640.8125 24.141856903140265 22.2514872464826
641.3125 24.142655204300407 22.251225409032784
641.8125 24.143428587104392 22.250973290104945
642.3125 24.14423576475314 22.250720537340133
642.8125 24.145039855825367 22.250471846562036
643.3125 24.14583691615459 22.250230363389832
643.8125 24.14662842559941 22.249984095755412
644.3125 24.147443864264062 22.249747433909807
644.8125 24.148247950057655 22.24950935551345
645.3125 24.149064001084156 22.24928190014993
645.8125 24.149870414215453 22.24904976736605
646.3125 24.150687023473324 22.248816922426332
646.8125 24.15148670443342 22.248594681246153
647.3125 24.152322752447827 22.248372322819986
647.8125 24.15313752210221 22.248156935245827
648.3125 24.15396502648381 22.24794483823534
648.8125 24.154799580832215 22.247732589896124
649.3125 24.15561445032349 22.247524673226135
649.8125 24.156458128295526 22.247327486127183
650.3125 24.157285781031188 22.24711929917182
650.8125 24.158120880986438 22.246927979135553
651.3125 24.15895573290751 22.24672951444512
651.8125 24.159796485918356 22.24654128992858
652.3125 24.16065427868659 22.246355712529212
652.8125 24.161485878174336 22.24617262881624
653.3125 24.162332540663645 22.245990204591436
653.8125 24.163190717148012 22.24581314150701
654.3125 24.164048080404022 22.245643828546335
654.8125 24.164885174197224 22.245470410704673
655.3125 24.165741462656847 22.24530422880761
655.8125 24.166597535159294 22.245136537547054
656.3125 24.167461011223587 22.24498059950193
656.8125 24.16833156330206 22.244823526408535
657.3125 24.169204368337923 22.244673863904303
657.8125 24.170065349757394 22.244520130763856
658.3125 24.17093095284011 22.244371308157135
658.8125 24.171818333418923 22.244239846494764
659.3125 24.172687460869998 22.24409355453078
659.8125 24.173549876016963 22.243962079108943
660.3125 24.17444741109545 22.24383208151917
660.8125 24.175323638073753 22.243708347643746
661.3125 24.176208496282968 22.243584594593408
661.8125 24.177094000884548 22.243463915801396
662.3125 24.1779832794243 22.243350199811537
662.8125 24.17886904348782 22.243236977157377
663.3125 24.179758309404825 22.243133615139886
663.8125 24.180650678101443 22.24302557217577
664.3125 24.181539276567822 22.242931609751125
664.8125 24.18245351816934 22.242833134834328
665.3125 24.18334360911024 22.24273981708153
665.8125 24.18423610321872 22.242649601944755
666.3125 24.185149198642073 22.242563499731563
666.8125 24.186058833473048 22.242473645449095
667.3125 24.18695164673728 22.242399393886334
667.8125 24.187864916419123 22.242318291868415
668.3125 24.188785719961796 22.242246690102352
668.8125 24.189695605079997 22.242177742019006
669.3125 24.19062141922356 22.242122154332506
669.8125 24.191539574636227 22.24205161870184
670.3125 24.19244541320555 22.241991983163324
670.8125 24.193374897861936 22.24193567902617
671.3125 24.19432414114197 22.24188889882543
671.8125 24.195258747352458 22.241837813427114
672.3125 24.19618827391208 22.241789173027485
672.8125 24.197108043737067 22.24174652177151
673.3125 24.198058121646216 22.2416951589975
673.8125 24.199000068005546 22.241658050397255
674.3125 24.199936262023357 22.241631012113523
674.8125 24.200883687412205 22.241598017018124
675.3125 24.201846806031497 22.24157199711518
675.8125 24.2027849203035 22.24153781197154
676.3125 24.20374227900105 22.241519973203697
676.8125 24.204713146729105 22.24149485980522
677.3125 24.205665282834833 22.24148805305012
677.8125 24.20663411169658 22.24146973396588
678.3125 24.207591643865634 22.241456492846147
678.8125 24.208577560816984 22.24144241504132
679.3125 24.2095422725337 22.241442140963315
679.8125 24.210515920629476 22.241434778468303
680.3125 24.211500113840955 22.241434158430224
680.8125 24.212480260640696 22.241436355817612
681.3125 24.213478619452115 22.24143664528128
681.8125 24.21445990177307 22.241436428219913
682.3125 24.21544739323838 22.24145235235917
682.8125 24.216464519237995 22.241463471686217
683.3125 24.217460087643154 22.241480631621194
683.8125 24.218463137159503 22.241494342830947
684.3125 24.21946864511005 22.241502146536245
684.8125 24.220478672973947 22.241533702482453
685.3125 24.221495298622937 22.241553707976514
685.8125 24.22252054859538 22.24158178158573
686.3125 24.223541798225074 22.24160396541732
686.8125 24.22456158588031 22.241634622162245
687.3125 24.22559819750174 22.24166734507623
687.8125 24.22661697356803 22.241699153492426
688.3125 24.227651684335136 22.24173468310823
688.8125 24.228716302682813 22.24176785923877
689.3125 24.229737695108483 22.241807449210288
689.8125 24.230788022938874 22.241853980444777
690.3125 24.23183385407259 22.24190066806696
690.8125 24.232888534976887 22.241946249972543
691.3125 24.233963729436777 22.241987143328323
691.8125 24.235025954126513 22.242044527751435
692.3125 24.236094333429982 22.242097050533562
692.8125 24.237162365504183 22.24214678258185
693.3125 24.238235984295528 22.24220360438496
693.8125 24.23931805085548 22.242263553583218
694.3125 24.240395065605544 22.242316849290617
694.8125 24.241510074055874 22.242376857024478
695.3125 24.242582993668723 22.24244314676072
695.8125 24.243686734992835 22.24250226568159
696.3125 24.244790353748083 22.242573319656813
696.8125 24.245894496399192 22.24263573450555
