FastTrWP/PhaseSpace/IAs/snIa_0.45_30.00_0.83_-0.09.csv
# %ECSV 0.9
# ---
# datatype:
# - {name: time-rel, datatype: float64}
# - {name: g, datatype: float64}
# - {name: i, datatype: float64}
# schema: astropy-2.0
time-rel g i
-417.0 26.99356523222772 25.106133293576892
-416.5 26.965682781775683 25.097434111471753
-416.0 26.938313075520792 25.088750829623873
-415.5 26.911328660209463 25.080072166567724
-415.0 26.884799944766627 25.071463569405825
-414.5 26.858690091103426 25.062880681623948
-414.0 26.833018850383212 25.05432309842179
-413.5 26.807730318786408 25.04580490238604
-413.0 26.782759341632705 25.03732831577647
-412.5 26.75819899539155 25.02889496804538
-412.0 26.73402271524673 25.020473850919455
-411.5 26.71022926433862 25.01209125125706
-411.0 26.686699844744318 25.003736924241053
-410.5 26.663584441704486 24.99543786759585
-410.0 26.640771745528813 24.9871731995502
-409.5 26.618273979209274 24.97892790719648
-409.0 26.596050461705087 24.97075032530838
-408.5 26.574160348900445 24.962568495572416
-408.0 26.552502853446907 24.954437443446693
-407.5 26.5312658883421 24.94636763855344
-407.0 26.510250185019014 24.93831137766321
-406.5 26.489535156577745 24.930275235615976
-406.0 26.469024353005377 24.92230319385021
-405.5 26.44880969450375 24.914351610296592
-405.0 26.428889668833484 24.906428060735564
-404.5 26.409120227604085 24.898555617447652
-404.0 26.389720927509657 24.890730776273177
-403.5 26.370484093530777 24.88294744769034
-403.0 26.351497503223857 24.875185973035187
-402.5 26.332702319770384 24.867440289487067
-402.0 26.31411056309546 24.859722414103956
-401.5 26.295694198586492 24.852052698482808
-401.0 26.277391766412546 24.844384137293204
-400.5 26.259250121428067 24.83673901241214
-400.0 26.241310134886287 24.829116649221103
-399.5 26.223510321553995 24.821504799844753
-399.0 26.205809592019662 24.81392412245406
-398.5 26.18833454524719 24.80638730294691
-398.0 26.170954330104692 24.798832705909774
-397.5 26.153760606781514 24.791309612373805
-397.0 26.136659881518213 24.78382778635722
-396.5 26.11975774880394 24.776363221157442
-396.0 26.102991512612924 24.768920807087774
-395.5 26.086378339158443 24.761499876609278
-395.0 26.069839555432722 24.7541109285399
-394.5 26.05349078657656 24.746728906351972
-394.0 26.03728439821002 24.739389748464752
-393.5 26.02123210043153 24.732041907799296
-393.0 26.005269543490854 24.724727843454673
-392.5 25.989443959345163 24.717461168548866
-392.0 25.973793396965007 24.710206930398797
-391.5 25.958230516537533 24.702954589025726
-391.0 25.942811871675637 24.695760742522765
-390.5 25.92751555402982 24.68859376810901
-390.0 25.912321927891075 24.681419002865642
-389.5 25.897310057487427 24.674266443678505
-389.0 25.88238922208037 24.667174418107265
-388.5 25.86755486699209 24.660074234241915
-388.0 25.852921737308463 24.65302140087583
-387.5 25.838347939274243 24.645977919792053
-387.0 25.823887085205143 24.63898568023579
-386.5 25.80956030893464 24.63197697016138
-386.0 25.79535652703853 24.6250286634315
-385.5 25.781251788872737 24.61807087586855
-385.0 25.767288406638095 24.611159926419734
-384.5 25.753374094712104 24.604268959280024
-384.0 25.73965292414456 24.597421806742325
-383.5 25.72600627927555 24.590575424617967
-383.0 25.712458382585986 24.583756580909597
-382.5 25.69905301328336 24.576962789752518
-382.0 25.685687700292064 24.57021541383233
-381.5 25.672458913438515 24.563462789967836
-381.0 25.659301719530603 24.55674396890651
-380.5 25.64631832168717 24.550065337291173
-380.0 25.63336472278506 24.54339582715646
-379.5 25.62054452871071 24.536773492831763
-379.0 25.60786804083754 24.53014705544584
-378.5 25.5952297471984 24.523556590835717
-378.0 25.58271459737309 24.516980106731303
-377.5 25.570264959697976 24.510457359056392
-377.0 25.557951824824627 24.503955333725177
-376.5 25.545701027167652 24.497456937559825
-376.0 25.53355519815498 24.490992583926527
-375.5 25.52152317156279 24.484573019724955
-375.0 25.50954234059978 24.4781558837715
-374.5 25.497671116698694 24.4717466319559
-374.0 25.485888369583485 24.465394139533345
-373.5 25.47420411056852 24.45906284440354
-373.0 25.462581019422416 24.452747129387493
-372.5 25.45105813657514 24.446458327031827
-372.0 25.4396600069202 24.440214555119063
-371.5 25.428275394082064 24.433977626081642
-371.0 25.41703591761862 24.427753419066207
-370.5 25.405840843890545 24.4215653804646
-370.0 25.394738045475016 24.41541725890437
-369.5 25.38375682339831 24.409276320770648
-369.0 25.372797719590782 24.403145852476584
-368.5 25.361900974355187 24.397067412803164
-368.0 25.35117302736877 24.391005388442846
-367.5 25.340438965047966 24.384961020551717
-367.0 25.32976788613995 24.378932173583582
-366.5 25.319148924358345 24.37291067626354
-366.0 25.308583184257177 24.36689984198981
-365.5 25.29807332306048 24.360916621504657
-365.0 25.28757367454658 24.354932862836513
-364.5 25.27717103624967 24.348982920352064
-364.0 25.266779935236304 24.343040527964483
-363.5 25.25648483524112 24.33708844930335
-363.0 25.24619520433383 24.331188306667816
-362.5 25.235979466152717 24.325289933946323
-362.0 25.225820604434908 24.319413381599997
-361.5 25.215693166577573 24.313553433253674
-361.0 25.205614603529177 24.307697079511957
-360.5 25.195615738775583 24.30187363409411
-360.0 25.18564782042013 24.29605744819455
-359.5 25.17573394511601 24.290251543588095
-359.0 25.165888650767915 24.28446397333768
-358.5 25.156077117441292 24.278702798606965
-358.0 25.14632790078572 24.27297296663825
-357.5 25.136610505659224 24.267232833021847
-357.0 25.126987980804756 24.261525852644343
-356.5 25.117362575879703 24.25584115134898
-356.0 25.107815571720913 24.250151897295172
-355.5 25.098341403992144 24.24448641533392
-355.0 25.08889127115328 24.23886481955479
-354.5 25.07952227771126 24.233246330547473
-354.0 25.070186756473774 24.2276399430456
-353.5 25.060890294464393 24.22205233340329
-353.0 25.051655618099144 24.216466913378976
-352.5 25.042472792344483 24.21092421764555
-352.0 25.03334827343425 24.205411723586824
-351.5 25.0242740115117 24.199892267840024
-351.0 25.015262068637437 24.194417754363954
-350.5 25.00626778914882 24.188954097927184
-350.0 24.997355599453698 24.183491490589653
-349.5 24.98846856637579 24.17805798154573
-349.0 24.97966294102408 24.172633838588236
-348.5 24.970906693831253 24.167247802395778
-348.0 24.962176065383275 24.16187954807938
-347.5 24.95350550341344 24.156517256294464
-347.0 24.94490452203893 24.151192039266007
-346.5 24.93635046495562 24.145866946003952
-346.0 24.927820094205163 24.140581340071034
-345.5 24.919363603205824 24.13530425834384
-345.0 24.91095717205567 24.13005526971564
-344.5 24.902587022216295 24.124804440581755
-344.0 24.894274739504297 24.119582360238397
-343.5 24.886013137020953 24.114387770991073
-343.0 24.877804722541036 24.109226973779197
-342.5 24.86963248230666 24.104066439178826
-342.0 24.861519281719445 24.09892982155602
-341.5 24.85345861391906 24.093828313069253
-341.0 24.84546148663839 24.088737495925173
-340.5 24.83750899880439 24.083652928768057
-340.0 24.829590126556962 24.078599169668877
-339.5 24.82170210864606 24.073576182821586
-339.0 24.813892107183978 24.068568865077182
-338.5 24.80611717886888 24.063564133133248
-338.0 24.798401002593277 24.05860371520017
-337.5 24.79073244973805 24.053647583683112
-337.0 24.78311137802185 24.048711020125573
-336.5 24.775544573994623 24.043802528043585
-336.0 24.768001546258937 24.038912300651965
-335.5 24.760522540095323 24.03406236079511
-335.0 24.75307637825139 24.02920058383039
-334.5 24.745723130422807 24.024374767375257
-334.0 24.7383453993776 24.01957737588446
-333.5 24.73103471232328 24.014798040132224
-333.0 24.723793554238434 24.010023931271817
-332.5 24.716578188133873 24.00527507936853
-332.0 24.70939156303677 24.000524344242507
-331.5 24.70221345897416 23.995803573256765
-331.0 24.695063142697098 23.991071694319167
-330.5 24.687959219802167 23.986387490649882
-330.0 24.680874472433892 23.981683436947748
-329.5 24.673818762946272 23.976998666706784
-329.0 24.666767707447903 23.972353655980957
-328.5 24.65978700250439 23.967683098794296
-328.0 24.65280896388766 23.963051820089586
-327.5 24.645865222805952 23.958437905472785
-327.0 24.638954410410193 23.95380295484371
-326.5 24.632079315548722 23.949212624319802
-326.0 24.62519560063914 23.944630097707712
-325.5 24.618386626238895 23.940051030357104
-325.0 24.61158764512916 23.935483368048573
-324.5 24.604806170211916 23.930939839196917
-324.0 24.59807344096767 23.926412506635163
-323.5 24.591360036452098 23.921880999771254
-323.0 24.584684950965254 23.917383121020887
-322.5 24.578016209699083 23.912879775665175
-322.0 24.57140396616737 23.90841161096867
-321.5 24.56480492982469 23.903943970485436
-321.0 24.558240601663783 23.899493280563803
-320.5 24.55172455766249 23.89505546388105
-320.0 24.545220260956683 23.890634778664833
-319.5 24.538739187832533 23.886224463390782
-319.0 24.532283448602435 23.881843861252644
-318.5 24.525873503905963 23.877466150772836
-318.0 24.519474553489978 23.87310052265789
-317.5 24.513124082989833 23.8687677918378
-317.0 24.506807897197106 23.864417795051985
-316.5 24.50052685112024 23.86010108786584
-316.0 24.494258441015702 23.855782053636748
-315.5 24.488002088682094 23.851503170050453
-315.0 24.481799415156296 23.84721829827977
-314.5 24.47560925724566 23.842954240252045
-314.0 24.4694633757887 23.838718401262902
-313.5 24.463374094379628 23.83449457948644
-313.0 24.457265063770866 23.830283092129466
-312.5 24.45122265345601 23.826068122978555
-312.0 24.445179668273287 23.82189261698756
-311.5 24.439186538824128 23.817716707320052
-311.0 24.4332107055163 23.81356730836667
-310.5 24.427300491868657 23.8093993650629
-310.0 24.421362802980244 23.80527963114902
-309.5 24.41550311201913 23.80117375430498
-309.0 24.409649353411563 23.797071561379525
-308.5 24.403807518696894 23.79299003777581
-308.0 24.398025520157095 23.788925945439715
-307.5 24.392273496385975 23.784884175610358
-307.0 24.386541249856613 23.78083995430741
-306.5 24.380833606772974 23.776823943352447
-306.0 24.37516732026042 23.77282793928954
-305.5 24.36953608589682 23.768825337128426
-305.0 24.36391075115577 23.764859635454524
-304.5 24.3583392108666 23.760906377192757
-304.0 24.352791489357593 23.756959750044373
-303.5 24.347264097753722 23.753034369538412
-303.0 24.34177690747311 23.749122415574956
-302.5 24.33631448181735 23.74521626559506
-302.0 24.330862667023325 23.74133762146822
-301.5 24.325461291022947 23.737475488397518
-301.0 24.32008041745005 23.73363776163864
-300.5 24.314740877241285 23.729799077941884
-300.0 24.309427494514082 23.725990261961755
-299.5 24.304126220766136 23.722173120707307
-299.0 24.29887963530259 23.718413757593176
-298.5 24.293623107576416 23.714623038416196
-298.0 24.288427185881005 23.71086886501521
-297.5 24.283261144306714 23.70713069283731
-297.0 24.27809331344107 23.703388545564255
-296.5 24.27296831366531 23.699689339147124
-296.0 24.267841203579486 23.695977706142408
-295.5 24.262769092813905 23.692284369943273
-295.0 24.25770091362445 23.688603945917144
-294.5 24.25265060889923 23.684948774855414
-294.0 24.24761442748677 23.681287812796544
-293.5 24.2426271797827 23.677646158922066
-293.0 24.23765220062849 23.67402367821992
-292.5 24.232683774185226 23.670394802192245
-292.0 24.227767639741707 23.6668029415624
-291.5 24.222839287131443 23.663215403569463
-291.0 24.217953172050024 23.65962330469527
-290.5 24.21307185703226 23.656064109194258
-290.0 24.208212924559845 23.652504249126135
-289.5 24.203382490369926 23.648950446485873
-289.0 24.198569750760214 23.645418273145403
-288.5 24.193780114143287 23.64190610563357
-288.0 24.189001784491392 23.638384979682687
-287.5 24.18425373824661 23.634889103393476
-287.0 24.179507831209612 23.631390526457103
-286.5 24.17478105038206 23.627915735255733
-286.0 24.170095889964717 23.624440838999703
-285.5 24.1653933093907 23.62097639374366
-285.0 24.160754245812804 23.617547417966897
-284.5 24.156099066339788 23.614107369983092
-284.0 24.151452515840912 23.61067371790558
-283.5 24.14685691364518 23.607269337725555
-283.0 24.142263545926337 23.603839409383056
-282.5 24.13768095633374 23.600456336871034
-282.0 24.133110316239097 23.597058110882827
-281.5 24.128580063900742 23.59368081257589
-281.0 24.12406528529743 23.590320683486254
-280.5 24.119551465296798 23.586961998978758
-280.0 24.115053358466895 23.58361078190912
-279.5 24.110575062760308 23.580273388302366
-279.0 24.10611178816941 23.576939496119437
-278.5 24.101679944491494 23.57361577812382
-278.0 24.097240525349257 23.57030064671386
-277.5 24.09282195096164 23.567000182079553
-277.0 24.08842568309585 23.563710191516694
-276.5 24.084035280199373 23.560425039560403
-276.0 24.079673398630636 23.55713919053278
-275.5 24.075323191474073 23.55387500075938
-275.0 24.070979644504963 23.5506131420832
-274.5 24.06664769618482 23.547369245732376
-274.0 24.06234065065948 23.54411788352269
-273.5 24.058051904352126 23.54089263896139
-273.0 24.053758349288486 23.537660315203397
-272.5 24.049489503032866 23.5344414099583
-272.0 24.045243213162163 23.531237936381775
-271.5 24.040998444884178 23.52803132112986
-271.0 24.036773592997545 23.52483592310999
-270.5 24.032536496705887 23.521645605045514
-270.0 24.02834991414121 23.518470187011992
-269.5 24.024171543539943 23.515292851948907
-269.0 24.01999593439558 23.512144695990536
-268.5 24.015828596680162 23.508976345969277
-268.0 24.011675820410932 23.50583426290653
-267.5 24.007532360870982 23.502687970152433
-267.0 24.0034199347695 23.499560842835145
-266.5 23.999312119173993 23.4964273641808
-266.0 23.99520713374276 23.49330735134967
-265.5 23.99112225874623 23.49020375783699
-265.0 23.98704391385106 23.487105009537117
-264.5 23.982972482129487 23.48399766453412
-264.0 23.978923571421348 23.480895016337445
-263.5 23.97488557179997 23.47781882163961
-263.0 23.970861216203375 23.474746010221295
-262.5 23.966838992771642 23.471675740525907
-262.0 23.962847228787805 23.468610060185778
-261.5 23.95885860141761 23.46557506614385
-261.0 23.954876873765798 23.462527682738205
-260.5 23.950921515726506 23.459484870830817
-260.0 23.946978546900578 23.45645784731221
-259.5 23.943038860356385 23.453434390978675
-259.0 23.93909827013644 23.450418227961155
-258.5 23.935196994101624 23.447426408511095
-258.0 23.93128711941873 23.44442420069143
-257.5 23.92740761116723 23.441443828921198
-257.0 23.923537167278933 23.43845010164712
-256.5 23.919655093102342 23.435490672015277
-256.0 23.91581471385292 23.43251202324992
-255.5 23.911967367165886 23.42954075518195
-255.0 23.90814266745709 23.42660058419362
-254.5 23.90431829787432 23.423660153174026
-254.0 23.900508508938152 23.420717122089645
-253.5 23.896708017958584 23.41778142449115
-253.0 23.89292736671117 23.41484811094347
-252.5 23.889174217447106 23.411934609197864
-252.0 23.885398188846047 23.409017052813592
-251.5 23.88164921966604 23.406114869953708
-251.0 23.877898657912347 23.403216884916162
-250.5 23.874166120339485 23.400334586679257
-250.0 23.870450944337655 23.397439046174952
-249.5 23.866731834539152 23.394558237563015
-249.0 23.86302816935431 23.391695264190883
-248.5 23.859338563632548 23.38882816794117
-248.0 23.85566899602579 23.385956501433313
-247.5 23.851985599768007 23.38311122310617
-247.0 23.848335919483844 23.38026193624274
-246.5 23.844686161396638 23.377412713345358
-246.0 23.84103337788105 23.37458444767671
-245.5 23.83740585964445 23.37174710033419
-245.0 23.833773822523575 23.368922458214673
-244.5 23.830170138190468 23.36610830346764
-244.0 23.82656387497044 23.363300346621607
-243.5 23.82297656275081 23.36049490584022
-243.0 23.819394219104847 23.35768994293433
-242.5 23.81581053850994 23.354897544812005
-242.0 23.81223916732306 23.352108424776432
-241.5 23.808681667337652 23.349322504530964
-241.0 23.805127802481177 23.34653913270447
-240.5 23.801586641570232 23.343761037843546
-240.0 23.798059064618865 23.341001510358858
-239.5 23.79452103789439 23.338250511190154
-239.0 23.791013866311236 23.335479512027177
-238.5 23.787510426440036 23.33273318011876
-238.0 23.783998951406772 23.329982180785883
-237.5 23.78050048519436 23.32723650763995
-237.0 23.777026732359253 23.324494663110595
