FastTrWP/PhaseSpace/IAs/snIa_0.59_30.00_-0.48_-0.07.csv
# %ECSV 0.9
# ---
# datatype:
# - {name: time-rel, datatype: float64}
# - {name: g, datatype: float64}
# - {name: i, datatype: float64}
# schema: astropy-2.0
time-rel g i
[from data line 1444]
871.0833333333333 24.346260054203334 22.403669984219153
871.5833333333334 24.348570466094237 22.404151159253928
872.0833333333334 24.350849383629924 22.40465132276563
872.5833333333333 24.35315186159754 22.4051325193947
873.0833333333334 24.35542322147747 22.40562457983213
873.5833333333334 24.357719212112933 22.40611751988501
874.0833333333333 24.36001338421033 22.406614757189473
874.5833333333334 24.362300066908457 22.407108009666842
875.0833333333334 24.36457732187347 22.40760351039052
875.5833333333333 24.366860242005895 22.408096948287557
876.0833333333334 24.36913737895128 22.408592923875453
876.5833333333334 24.37142099674689 22.409096556648045
877.0833333333333 24.373690407738135 22.409589460223454
877.5833333333334 24.375956210320297 22.410085157402765
878.0833333333334 24.378233623400046 22.410593511448802
878.5833333333333 24.380498341491283 22.411091252818586
879.0833333333334 24.38278343779193 22.411599047203424
879.5833333333334 24.3850344750898 22.412097107914697
880.0833333333333 24.387306521491908 22.412598482806946
880.5833333333334 24.38957851907451 22.413100341904787
881.0833333333334 24.391830488101604 22.413614206637455
881.5833333333333 24.394079961893766 22.41411462966408
882.0833333333334 24.39634613745813 22.41462371640068
882.5833333333334 24.398585918737563 22.415132635068822
883.0833333333333 24.40083565134785 22.415634606423808
883.5833333333334 24.403101867536762 22.416145867179097
884.0833333333334 24.405341521866234 22.41665649193811
884.5833333333333 24.407579453491408 22.417160413394882
885.0833333333334 24.409831087829943 22.417676550252036
885.5833333333334 24.412036090520644 22.418186431391305
886.0833333333333 24.414273638173935 22.418704097154922
886.5833333333334 24.416511181785992 22.419215635263818
887.0833333333334 24.418741225046148 22.419730009654266
887.5833333333333 24.420959459284724 22.420243810986182
888.0833333333334 24.42319282103722 22.420757897251992
888.5833333333334 24.425424530800726 22.42127534039974
889.0833333333333 24.42763378874271 22.421794049716528
889.5833333333334 24.42982144207725 22.422308502703537
890.0833333333334 24.432034505852926 22.42283512356005
890.5833333333333 24.434253093246603 22.42335467733831
891.0833333333334 24.43644290129845 22.423873310440076
891.5833333333334 24.438656874850505 22.424396831877043
892.0833333333333 24.440842336579863 22.424927401728922
892.5833333333334 24.44306594498864 22.425443566819094
893.0833333333334 24.44523663859343 22.425974881129342
893.5833333333333 24.447415018775196 22.426498451352362
894.0833333333334 24.449609966491405 22.427023439443797
894.5833333333334 24.451780295369602 22.427550104955827
895.0833333333333 24.453981638463297 22.428079887659127
895.5833333333334 24.45613745879215 22.428607295028403
896.0833333333334 24.458324366042387 22.429145076056592
896.5833333333333 24.460495703948084 22.42968118044127
897.0833333333334 24.462646917924356 22.4302044781794
897.5833333333334 24.464815665063014 22.43074484756271
898.0833333333333 24.46697744181305 22.431276823963785
898.5833333333334 24.46913097267013 22.431811179332772
899.0833333333334 24.47129515689829 22.432347906707513
899.5833333333333 24.473457563771007 22.43288810468261
900.0833333333334 24.475609130478443 22.433424334240186
900.5833333333334 24.477744981700745 22.43396138327644
901.0833333333333 24.47990809674865 22.43450721878283
901.5833333333334 24.482048449454254 22.43504379374582
902.0833333333334 24.4841928265991 22.435589067523605
902.5833333333333 24.486319804048794 22.436129647562662
903.0833333333334 24.488438493121073 22.436670234641078
903.5833333333334 24.49057325420602 22.4372120389644
904.0833333333333 24.49271569217757 22.43776972733385
904.5833333333334 24.49482849725033 22.438318906336182
905.0833333333334 24.496949319759672 22.43885486204991
905.5833333333333 24.499053180672373 22.439411145407085
906.0833333333334 24.501181916679478 22.439960997551598
906.5833333333334 24.503305758564533 22.440508827418846
907.0833333333333 24.5053945190358 22.441061169861424
907.5833333333334 24.507491115749417 22.441612800851395
908.0833333333334 24.509604335283935 22.44216454464187
908.5833333333333 24.511702842827926 22.4427251140106
909.0833333333334 24.513814934340935 22.443280775958204
909.5833333333334 24.515912452488724 22.443836558006627
910.0833333333333 24.518004799901885 22.444391772702822
910.5833333333334 24.520111926972522 22.444948578454106
911.0833333333334 24.52217472533007 22.44550991426224
911.5833333333333 24.524268577666284 22.446071308806097
912.0833333333334 24.526338780027864 22.446630627492198
912.5833333333334 24.52842427827469 22.447183726771684
913.0833333333333 24.53048603456265 22.447759688130535
913.5833333333334 24.5325691836368 22.448313374144952
914.0833333333334 24.534638351650635 22.448883499008797
914.5833333333333 24.536690368070822 22.44944800041459
915.0833333333334 24.53876744510879 22.450003990558344
915.5833333333334 24.54085484161675 22.45057524212388
916.0833333333333 24.542899170903585 22.451148444243092
916.5833333333334 24.544956050379987 22.451716215932088
917.0833333333334 24.546985537041518 22.45228484537085
917.5833333333333 24.54905602400778 22.452855569738944
918.0833333333334 24.551119418510122 22.45342139940452
918.5833333333334 24.553136409813877 22.454005926543992
919.0833333333333 24.55516411313358 22.454575133111383
919.5833333333334 24.557223140725792 22.45514807419863
920.0833333333334 24.559259832737588 22.455722038634956
920.5833333333333 24.56127060232193 22.456302740412177
921.0833333333334 24.56333247578847 22.456880935069194
921.5833333333334 24.565375284545162 22.457453658966067
922.0833333333333 24.567379202169857 22.458024977857626
922.5833333333334 24.569409230097676 22.458606938778107
923.0833333333334 24.571428190944967 22.459189161452223
923.5833333333333 24.57346172449828 22.45977345352189
924.0833333333334 24.575488203252377 22.46035450104816
924.5833333333334 24.57747146726376 22.460937940279038
925.0833333333333 24.579482392365723 22.461523513337667
925.5833333333334 24.581503048981 22.462103040386797
926.0833333333334 24.583498565526018 22.462689471261577
926.5833333333333 24.58551017091249 22.46326811429922
927.0833333333334 24.587498062310466 22.463862792553087
927.5833333333334 24.58949709718802 22.46445329055325
928.0833333333333 24.591476559506873 22.46504683588531
928.5833333333334 24.593444410812 22.465632944374153
929.0833333333334 24.59545411859622 22.466228249384386
929.5833333333333 24.597428035161002 22.466817722067116
930.0833333333334 24.59939644188684 22.46740897854535
930.5833333333334 24.601392144036325 22.46800054173605
931.0833333333333 24.60331449218036 22.468601706834143
931.5833333333334 24.605290401518147 22.469199081828354
932.0833333333334 24.607231095847393 22.469795648188864
932.5833333333333 24.60919383557991 22.47038884118909
933.0833333333334 24.611153473110253 22.470988330134972
933.5833333333334 24.61308171071674 22.471589310877484
934.0833333333333 24.615020876911302 22.472195030352697
934.5833333333334 24.61696176740897 22.472791559912725
935.0833333333334 24.618892246876083 22.47339796164846
935.5833333333333 24.620819459490765 22.474004912188864
936.0833333333334 24.622726116815997 22.474604649247567
936.5833333333334 24.624654296910933 22.47521289324343
937.0833333333333 24.62658110610822 22.47581700546284
937.5833333333334 24.628480223567117 22.47642589637521
938.0833333333334 24.630389740368233 22.477039358152236
938.5833333333333 24.632306540503496 22.47764782740432
939.0833333333334 24.63419521384045 22.478255816668415
939.5833333333334 24.636091174357308 22.478869492348824
940.0833333333333 24.637974616131245 22.479478733305825
940.5833333333334 24.639849022754778 22.480091348343052
941.0833333333334 24.641736701582964 22.480710715228007
941.5833333333333 24.643627034887288 22.481331325615926
942.0833333333334 24.645497922810982 22.481942323640453
942.5833333333334 24.64736399875868 22.48255776076991
943.0833333333333 24.649233368696013 22.483181488676948
943.5833333333334 24.65108584347795 22.48379341204536
944.0833333333334 24.65295064229567 22.4844147395258
944.5833333333333 24.654785677882458 22.48504621644468
945.0833333333334 24.656648117543867 22.48566257343984
945.5833333333334 24.65850073732088 22.486276368494416
946.0833333333333 24.6603250906143 22.486908886534984
946.5833333333334 24.662166924976244 22.487537638695827
947.0833333333334 24.664005875192387 22.488162316168413
947.5833333333333 24.665845626964938 22.48878798044368
948.0833333333334 24.667646811882467 22.489420162480208
948.5833333333334 24.669485158552902 22.490049160814
949.0833333333333 24.6712906753216 22.49068035412328
949.5833333333334 24.673114026465946 22.49131306079829
950.0833333333334 24.674920030526177 22.491944749776167
950.5833333333333 24.6767292667079 22.492572778436113
951.0833333333334 24.67852779977332 22.493205699432664
951.5833333333334 24.680337241720828 22.493846008164596
952.0833333333333 24.68211019933915 22.494478916748896
952.5833333333334 24.683903036647248 22.495114155414747
953.0833333333334 24.68570763745965 22.49575133180766
953.5833333333333 24.687485144730992 22.496395723278972
954.0833333333334 24.68926159447737 22.497034043029526
954.5833333333334 24.691022771800792 22.497675692286357
955.0833333333333 24.692815699614577 22.498316519337536
955.5833333333334 24.69456774706756 22.498955385226786
956.0833333333334 24.69632070935159 22.499598795429318
956.5833333333333 24.69807380560603 22.500245968660778
957.0833333333334 24.699859109601164 22.50089996335792
957.5833333333334 24.701613091176387 22.50153414336635
958.0833333333333 24.703342685249797 22.502190762826842
958.5833333333334 24.705073670191744 22.502841212652868
959.0833333333334 24.706811286602132 22.503487927890518
959.5833333333333 24.708555383248946 22.50413567562144
960.0833333333334 24.710290151806795 22.504790324176437
960.5833333333334 24.712005702192826 22.505439093813102
961.0833333333333 24.713742565178684 22.506100005172662
961.5833333333334 24.715474024629458 22.50675328464368
962.0833333333334 24.717192437500316 22.507408725090666
962.5833333333333 24.718882367535567 22.5080623952761
963.0833333333334 24.720598031179378 22.508719619241493
963.5833333333334 24.72231476249306 22.50937699808883
964.0833333333333 24.72401453196042 22.510037946170634
964.5833333333334 24.725711857844498 22.510701913285168
965.0833333333334 24.72739189936947 22.51136250056922
965.5833333333333 24.729055360855003 22.512025060966792
966.0833333333334 24.73074308738781 22.512694183166786
966.5833333333334 24.7323709303694 22.51336124139199
967.0833333333333 24.73400515409784 22.514023463771885
967.5833333333334 24.735656464596218 22.514688322349077
968.0833333333334 24.737284321377327 22.51535613717268
968.5833333333333 24.738911326382397 22.516031719949467
969.0833333333334 24.740533461974664 22.51670303484768
969.5833333333334 24.742150589897985 22.517376362097007
970.0833333333333 24.74375053851638 22.518055414008305
970.5833333333334 24.74533771378505 22.518731178798568
971.0833333333334 24.746924934351433 22.519406976955125
971.5833333333333 24.74850599279018 22.52008086030115
972.0833333333334 24.75007683619787 22.520759559048116
972.5833333333334 24.751625467734307 22.521444057544052
973.0833333333333 24.753199376679586 22.522127125270963
973.5833333333334 24.754733204159077 22.522804314581087
974.0833333333334 24.756285626905612 22.52349973936079
974.5833333333333 24.757824674509298 22.524176018683345
975.0833333333334 24.759364076889515 22.524862263277225
975.5833333333334 24.760904831479383 22.525550227440885
976.0833333333333 24.76241806040491 22.526246137119756
976.5833333333334 24.76392560921679 22.5269346068838
977.0833333333334 24.765446344450083 22.52762659646421
977.5833333333333 24.766948684925847 22.528313152581845
978.0833333333334 24.76846093613352 22.529007109452188
978.5833333333334 24.769935067159594 22.529694784730715
979.0833333333333 24.771424115600674 22.5303915541891
979.5833333333334 24.77292207437117 22.531086502493416
980.0833333333334 24.774403809986786 22.531783660285043
980.5833333333333 24.77587763642543 22.532486026177317
981.0833333333334 24.777353059723627 22.533180426158243
981.5833333333334 24.778803413017272 22.533883360060656
982.0833333333333 24.780300204716205 22.53458396024554
982.5833333333334 24.781760471965065 22.53528384367359
983.0833333333334 24.783231030250864 22.53599068617789
983.5833333333333 24.78467450764088 22.536685921870735
984.0833333333334 24.786123587447577 22.53739087526739
984.5833333333334 24.787581116502693 22.538097380569326
985.0833333333333 24.78903273046474 22.538801418834133
985.5833333333334 24.79046660129174 22.539502632189734
986.0833333333334 24.791919559666642 22.540226355933694
986.5833333333333 24.793362058563652 22.540932327432035
987.0833333333334 24.7948097468459 22.54163194646463
987.5833333333334 24.796235066387315 22.542342810075397
988.0833333333333 24.797693359080036 22.543054664956138
988.5833333333334 24.799122380227242 22.54377153247419
989.0833333333334 24.800526207885696 22.544481208396846
989.5833333333333 24.80197492414064 22.545200131888766
990.0833333333334 24.80340999753786 22.545905579608302
990.5833333333334 24.804855108693506 22.54662938470045
991.0833333333333 24.806272266624234 22.54733348839587
991.5833333333334 24.80771161624203 22.548058263756726
992.0833333333334 24.809155569305865 22.54877260238118
992.5833333333333 24.810588686491727 22.5494903779773
993.0833333333334 24.812027418168118 22.550207966990587
993.5833333333334 24.813461042830866 22.55093589783824
994.0833333333333 24.81489685621064 22.551647866488686
994.5833333333334 24.816325917632376 22.55236700834057
995.0833333333334 24.817773318719922 22.55309270620301
995.5833333333333 24.81921943660891 22.55381291344468
996.0833333333334 24.820683606571883 22.554540481616407
996.5833333333334 24.822100898170234 22.55526392569506
997.0833333333333 24.82353641271552 22.55598189111827
997.5833333333334 24.82500229128357 22.55670610406572
998.0833333333334 24.82644294207453 22.55743025474155
998.5833333333333 24.827902176122624 22.558162571349317
999.0833333333334 24.82934920976256 22.558891155460845
999.5833333333334 24.830807456023155 22.559614122150293
1000.0833333333333 24.832261143382564 22.56034286083677
1000.5833333333334 24.83374607794811 22.561066761542833
1001.0833333333334 24.83521404207256 22.561805346233097
1001.5833333333334 24.836719487274763 22.5625294413178
1002.0833333333334 24.83818555222299 22.563261555075925
1002.5833333333334 24.839660404637726 22.56398661245433
1003.0833333333334 24.841123311450964 22.56472123789688
1003.5833333333334 24.842597456137238 22.56545167073603
1004.0833333333334 24.84410168725692 22.566188807610956
1004.5833333333334 24.8455239614442 22.566922677508025
1005.0833333333334 24.846997834365485 22.567655772606912
1005.5833333333334 24.8484524525566 22.568400205740524
1006.0833333333334 24.849909506604256 22.569126550782627
1006.5833333333334 24.851363645337376 22.56987107056436
1007.0833333333334 24.852809830311916 22.570599082289817
1007.5833333333334 24.854230730304675 22.571352339455025
1008.0833333333334 24.85568072099449 22.572086880675645
1008.5833333333334 24.85713089550813 22.5728344813989
1009.0833333333334 24.858575558892202 22.573567879922166
1009.5833333333334 24.860005869644265 22.574313566417374
1010.0833333333334 24.861430181272404 22.57506097663518
1010.5833333333334 24.862857984913784 22.575804691730394
1011.0833333333334 24.864289558940065 22.576557194815457
1011.5833333333334 24.865732335837162 22.57730188613077
1012.0833333333334 24.8671331868271 22.578041795939786
1012.5833333333334 24.86856830812779 22.578803440248624
1013.0833333333334 24.869991336607914 22.579549640874895
1013.5833333333334 24.871415619051817 22.58029479500256
1014.0833333333334 24.872818124756403 22.581051791988823
1014.5833333333334 24.87426273308192 22.58180503541988
