FastTrWP/PhaseSpace/IAs/snIa_0.38_30.00_1.59_-0.15.csv
# %ECSV 0.9
# ---
# datatype:
# - {name: time-rel, datatype: float64}
# - {name: g, datatype: float64}
# - {name: i, datatype: float64}
# schema: astropy-2.0
time-rel g i
[from data line 1424]
296.5 23.124954700674376 22.646861224538284
297.0 23.126089881608614 22.647149494349108
297.4999999999999 23.12721719116586 22.647429413236765
298.0 23.12834240297863 22.647725885718813
298.5 23.12947204886509 22.648007737227076
298.9999999999999 23.130594320000192 22.648303029245035
299.5 23.131727471715244 22.648597041826704
300.0 23.132869544030925 22.64889724742182
300.4999999999999 23.133995003148677 22.64919322942734
301.0 23.13512478693406 22.649492227490228
301.5 23.13626515696795 22.64979422848635
301.9999999999999 23.137396760535083 22.650100818516986
302.5 23.138518786612007 22.65040700650311
303.0 23.139671075343507 22.650709278545648
303.4999999999999 23.140807072003895 22.651033373368175
304.0 23.141946045312245 22.651335578502444
304.5 23.143087059959445 22.651649472043125
304.9999999999999 23.144230302362516 22.651959491058452
305.5 23.14536111879668 22.652278322759365
306.0 23.146512311493545 22.652600596179102
306.4999999999999 23.147653723113628 22.65291970306347
307.0 23.148799074267163 22.653251381738585
307.5 23.14995027408188 22.653568455322105
307.9999999999999 23.151090224787858 22.653898825346026
308.5 23.1522367058662 22.654218238204447
309.0 23.153380549440485 22.654549794267478
309.4999999999999 23.15452765110252 22.654878071239924
310.0 23.155685561846212 22.65521246469096
310.5 23.156835973174722 22.655539207381796
310.9999999999999 23.15799243277631 22.655888111920817
311.5 23.159148740961033 22.65622717357325
312.0 23.1603007820883 22.656564578230658
312.4999999999999 23.16144958235009 22.65690492562154
313.0 23.162615681132426 22.657251621352827
313.5 23.163774172910145 22.657599547842977
313.9999999999999 23.164931361870135 22.657948162188983
314.5 23.166077740834435 22.658290571183294
315.0 23.167245753115786 22.658642052465186
315.4999999999999 23.168407825112318 22.658996320380027
316.0 23.169571746439104 22.65935150564826
316.5 23.170740812710203 22.659711095642095
316.9999999999999 23.17189653063369 22.660064871366245
317.5 23.17306151836931 22.660422494195448
318.0 23.174223813599355 22.660786931295434
318.4999999999999 23.175402577248967 22.66113855507009
319.0 23.176560944444333 22.66150966023706
319.5 23.177737027144936 22.661872111058766
319.9999999999999 23.178904898298768 22.662249492859274
320.5 23.180090178478196 22.66260969334221
321.0 23.18125333082689 22.66298483555778
321.4999999999999 23.1824228776481 22.663362569487248
322.0 23.183598291117896 22.663733302927234
322.5 23.18477510911617 22.66411669313107
322.9999999999999 23.18595425154903 22.664481250805384
323.5 23.187140753702067 22.664868520443676
324.0 23.188319433793705 22.6652484293348
324.4999999999999 23.189496278205162 22.665631247802462
325.0 23.190679627203956 22.666015662818065
325.5 23.191867665520082 22.666397667961
325.9999999999999 23.193032776466225 22.66678039205965
326.5 23.194226363187592 22.667188530138837
327.0 23.195413057514944 22.667576399985172
327.4999999999999 23.19660443240236 22.667963649660962
328.0 23.197779399860885 22.668362748957446
328.5 23.198975510108703 22.668764731030212
328.9999999999999 23.200175847016897 22.66916366472898
329.5 23.201357792361392 22.669561386273912
330.0 23.202543471932525 22.669961754787003
330.4999999999999 23.203745722212084 22.67037494049593
331.0 23.204937584009016 22.67077866886119
331.5 23.206135102153823 22.67119076003918
331.9999999999999 23.207328033732523 22.671599813563716
332.5 23.208525314304758 22.672010577398098
333.0 23.209723481069812 22.672426897733466
333.4999999999999 23.21091850776062 22.672843837944598
334.0 23.21211521028831 22.673254912553567
334.5 23.213320641762166 22.67368223021659
334.9999999999999 23.214521882271374 22.674098656641483
335.5 23.215721525800113 22.6745327825046
336.0 23.216923876992382 22.67494947255561
336.4999999999999 23.218135406006176 22.67538217635733
337.0 23.21935277388668 22.67581908953071
337.5 23.220549251047252 22.676240559749978
337.9999999999999 23.22176424412586 22.67667225412285
338.5 23.22298128288885 22.677102826089758
339.0 23.224186985820374 22.677543938847613
339.4999999999999 23.225401165786476 22.677986642068984
340.0 23.226599351170695 22.67841496655581
340.5 23.22783208329192 22.67885609650032
340.9999999999999 23.229040816377516 22.679306383785693
341.5 23.23025417822173 22.67975788644538
342.0 23.231481589782543 22.680205034847837
342.4999999999999 23.23269970821255 22.680649652299067
343.0 23.233917574911164 22.681099840949965
343.5 23.235140719510724 22.681555659669513
343.9999999999999 23.23636332178285 22.68200584623485
344.5 23.23759649015287 22.682468511100147
345.0 23.238821298606297 22.682914058973132
345.4999999999999 23.2400477987135 22.683384190519984
346.0 23.24127362646379 22.6838421588258
346.5 23.24250215260711 22.68430884113931
346.9999999999999 23.243729189204615 22.68476963156358
347.5 23.244966314717846 22.685235670650442
348.0 23.24619181439295 22.68570653189897
348.4999999999999 23.24742804373247 22.686171528310794
349.0 23.248663682125276 22.686650256330992
349.5 23.249903843945383 22.6871237866149
349.9999999999999 23.25114195432843 22.687596921115976
350.5 23.252373786472717 22.688070415867028
351.0 23.25361313906228 22.688545267245857
351.4999999999999 23.254861039311272 22.689032097382935
352.0 23.256101275703514 22.689513282772268
352.5 23.25734379769711 22.690001424995355
352.9999999999999 23.25859520971846 22.69048594427101
353.5 23.25984512485123 22.690970824643948
354.0 23.26109584155645 22.691456764548057
354.4999999999999 23.26234251556911 22.691943502685543
355.0 23.263595197609284 22.69244268604462
355.5 23.264840647238163 22.692933751113827
355.9999999999999 23.266100148584933 22.693426370412123
356.5 23.26735382721938 22.6939306626584
357.0 23.26860850543906 22.69443483982544
357.4999999999999 23.269872358865644 22.694926689949526
358.0 23.271127216491703 22.6954297986084
358.5 23.272389095306533 22.695935571104584
358.9999999999999 23.273655597925817 22.696442802934946
359.5 23.274915233812358 22.696947751432255
360.0 23.27617794633396 22.697466597037238
360.4999999999999 23.27745029035597 22.69797457333386
361.0 23.278725709439602 22.698494449021883
361.5 23.279984272341455 22.699012778511893
361.9999999999999 23.28125325948486 22.699535087913503
362.5 23.282538155521067 22.700052678853705
363.0 23.283817621415626 22.700573571173315
363.4999999999999 23.285086733083098 22.701106379012245
364.0 23.286361933997433 22.70164291082857
364.5 23.287644476832646 22.70217733827341
364.9999999999999 23.288922219109676 22.702706854258384
365.5 23.29020684015646 22.70323841397144
366.0 23.291486773591675 22.7037765665038
366.4999999999999 23.29276799581446 22.70431479649197
367.0 23.294057299279288 22.704852008885346
367.5 23.295340890124862 22.705405924340898
367.9999999999999 23.296641328290622 22.705944896468875
368.5 23.29793477271179 22.706493656066115
369.0 23.299218796155973 22.707039595383073
369.4999999999999 23.300514384589867 22.707590190691825
370.0 23.301804238438642 22.70814536958591
370.5 23.30310287168767 22.708703660107513
370.9999999999999 23.30440688495049 22.70924996447484
371.5 23.305701777006718 22.709815433111178
372.0 23.30700068973501 22.710373052072747
372.4999999999999 23.30829838135586 22.71092974640598
373.0 23.309600532170876 22.711494978672526
373.5 23.310903954574687 22.712064713284917
373.9999999999999 23.312219980396222 22.712629616231624
374.5 23.313513036209844 22.713191791895007
375.0 23.31482176447343 22.713761146311697
375.4999999999999 23.316127807133164 22.714331512209817
376.0 23.317444772281938 22.71490112102267
376.5 23.318752415882233 22.715476490184376
376.9999999999999 23.32006093715676 22.716050541187638
377.5 23.321375107973342 22.716630069981232
378.0 23.32269017775056 22.71720404405346
378.4999999999999 23.3240106090544 22.717791787153057
379.0 23.325331883557578 22.71836604683051
379.5 23.326638778172036 22.718948452244916
379.9999999999999 23.327959594009734 22.71953557285244
380.5 23.329283462338584 22.720117397590908
381.0 23.330598743883925 22.72070253752556
381.4999999999999 23.331935657405044 22.72128764926085
382.0 23.33325691330952 22.72187975196807
382.5 23.334571597507626 22.722463221927335
382.9999999999999 23.33589817967664 22.723055551390363
383.5 23.33722108938256 22.72364732169571
384.0 23.33855761264904 22.72424195580923
384.4999999999999 23.33987519696055 22.724831797955044
385.0 23.341218313679573 22.725427810474383
385.5 23.342546789826013 22.726029086583083
385.9999999999999 23.343876287829946 22.72662670449806
386.5 23.34521008634195 22.727224410219762
387.0 23.346529919473436 22.727823531034524
387.4999999999999 23.34788503432142 22.72841750644543
388.0 23.34921052226422 22.72901327697155
388.5 23.35054846467144 22.72962366555934
388.9999999999999 23.351883434841284 22.730227185440164
389.5 23.35321871891445 22.73082687449268
390.0 23.354554802739074 22.73142746115745
390.4999999999999 23.355896524292113 22.732040171994043
391.0 23.357240406388847 22.73264477295306
391.5 23.358594098874377 22.7332490791167
391.9999999999999 23.359926388936614 22.733861800413756
392.5 23.361276492747976 22.73447264644192
393.0 23.36261946619264 22.735080798497336
393.4999999999999 23.363967441009702 22.735701580063402
394.0 23.365320286438834 22.73630972929578
394.5 23.366672420034902 22.73693295039955
394.9999999999999 23.368008707489953 22.737555254699828
395.5 23.36936283915869 22.73816485311677
396.0 23.370714915299242 22.738794475130952
396.4999999999999 23.372080459726483 22.73941511931269
397.0 23.373430733214754 22.740032478859092
397.5 23.374786821006342 22.740666323828034
397.9999999999999 23.37615292950719 22.741294172181917
398.5 23.377513134798118 22.741926713715483
399.0 23.37887094685008 22.742559810493148
399.4999999999999 23.380224725386746 22.743193441923417
400.0 23.38158572794515 22.74382521133854
400.5 23.38295785691763 22.744459910618975
400.9999999999999 23.384329043567593 22.745097497324423
401.5 23.385698260568173 22.745734780559253
402.0 23.38705976701615 22.746379300403937
402.4999999999999 23.388427189713617 22.747011621779997
403.0 23.389798812960674 22.74765170828494
403.5 23.3911708107655 22.74829706038841
403.9999999999999 23.392551060169463 22.748948390645587
404.5 23.393918497814255 22.74959544736744
405.0 23.395293138148862 22.750245672102018
405.4999999999999 23.396678990910438 22.75090288005945
406.0 23.398056367988257 22.751545209625966
406.5 23.39943491590994 22.752200591520705
406.9999999999999 23.400814016591916 22.75284912748282
407.5 23.402194369127358 22.7535049267841
408.0 23.403571603058417 22.75416344838969
408.4999999999999 23.404962777507382 22.75481975056179
409.0 23.40634353779285 22.75547184566333
409.5 23.40772352594699 22.756137921495988
409.9999999999999 23.409104646551636 22.7567939064846
410.5 23.41050469358685 22.75745124572104
411.0 23.411897650107605 22.758119396512345
411.4999999999999 23.41327975847053 22.75878619174756
412.0 23.414671341124382 22.7594559556453
412.5 23.416074039057214 22.760109476615607
412.9999999999999 23.417469028949753 22.760785984150086
413.5 23.41886791790095 22.761449468619425
414.0 23.420257969441543 22.762119539832813
414.4999999999999 23.42164808734414 22.762786931545293
415.0 23.423064580366514 22.763469083829722
415.5 23.424456371424398 22.764138104591417
415.9999999999999 23.42585450618232 22.76480977088651
416.5 23.427265330592874 22.76548627299302
417.0 23.428659138256954 22.766161473802992
417.4999999999999 23.430062916000544 22.766835349818212
418.0 23.431474665777476 22.767513825109802
418.5 23.432887657385557 22.768195275176154
418.9999999999999 23.43430013527542 22.768879669388756
419.5 23.435693832521373 22.76955688169602
420.0 23.437108670388245 22.770240064720703
420.4999999999999 23.438517585841332 22.770918438426484
421.0 23.439933960392114 22.771604869287593
421.5 23.441345892965938 22.772289130149947
421.9999999999999 23.44276075597407 22.77297572078882
422.5 23.444177384896 22.77366221318082
423.0 23.44560444251343 22.7743508931514
423.4999999999999 23.447006525276322 22.775032804243367
424.0 23.448428778719595 22.7757241487266
424.5 23.449855411823894 22.776415441294663
424.9999999999999 23.451274201679205 22.7771082485507
425.5 23.45268379913394 22.777795249718142
426.0 23.454107373171503 22.778487561514858
426.4999999999999 23.455536523597488 22.77918739617894
427.0 23.456961853175052 22.779875914288862
427.5 23.45838607091133 22.78057808520459
427.9999999999999 23.459822394401975 22.78126970316916
428.5 23.46124637563797 22.78197252808393
429.0 23.462680151948646 22.782672615060612
429.5 23.464093970027623 22.78337337707203
430.0 23.46554143528352 22.78407132357159
430.5 23.46697437434715 22.784777374853693
431.0 23.4684062877352 22.78548771072107
431.5 23.46984643173089 22.786187567107085
432.0 23.471268948530536 22.78689438813288
432.5 23.472709607228495 22.78760127057771
433.0 23.474158495977765 22.788313534198483
433.5 23.475589979021517 22.789019705036964
434.0 23.477036943313898 22.789735333354106
434.5 23.478468397708944 22.790453831444427
435.0 23.479914083112398 22.79116333733315
435.5 23.48135984773058 22.791881074119516
436.0 23.482805061540915 22.79259188327474
436.5 23.484247549202728 22.793309261065673
437.0 23.485707374258755 22.794028123796387
437.5 23.48716195730875 22.794751733244777
438.0 23.48860695804558 22.795474549914093
438.5 23.490055138737105 22.79618921941328
439.0 23.49152784866598 22.796912100302222
439.5 23.492975900479465 22.797644146582698
440.0 23.494420061140517 22.798370538882512
440.5 23.495877908545758 22.799103723981673
441.0 23.49734059204434 22.79982732489522
441.5 23.498800691876355 22.800546270732838
442.0 23.50026399051137 22.80128811105193
442.5 23.5017251701119 22.802018255267285
443.0 23.503188853296333 22.80274970815899
443.5 23.504657932042747 22.803481498811017
444.0 23.50613193129831 22.80421649391934
444.5 23.50759669197204 22.804956251233236
445.0 23.509068451090375 22.805699821743755
445.5 23.510531729688424 22.806441522784198
446.0 23.512012068852187 22.807178895316078
446.5 23.513475136544116 22.807922963853954
447.0 23.514968883102718 22.80866396584426
447.5 23.51643478630468 22.80941499799826
448.0 23.517922538067246 22.81015896674106
448.5 23.51940588388989 22.810903839059744
449.0 23.52089385092473 22.811657564727756
449.5 23.522360974774045 22.8124030080914
450.0 23.52386021474256 22.813162939843078
450.5 23.52534364168274 22.81391608213887
451.0 23.52683446071022 22.81467177332754
451.5 23.528321576249567 22.815419907113682
452.0 23.529820525359572 22.816186228956727
452.5 23.53130305477088 22.81694628641302
453.0 23.532808368923543 22.81770039519291
453.5 23.53430646119112 22.81847165155299
454.0 23.535796898512142 22.819226618421965
454.5 23.537310888978325 22.819993847481218
455.0 23.538811254747067 22.820754301408993
455.5 23.54031679533636 22.82152910577825
456.0 23.54182431496955 22.822293540233574
456.5 23.543323095617588 22.82306447646018
457.0 23.544844679014197 22.82383768168637
457.5 23.546357984946056 22.824613844854824
458.0 23.54786680927115 22.8253893909353
458.5 23.549383192818784 22.826160966973454
459.0 23.55089763952425 22.826937724362605
459.5 23.55240341120037 22.827725243451486
460.0 23.5539376764693 22.828492866910413
460.5 23.555447941498223 22.829269745039245
461.0 23.556983183986787 22.830057644757208
461.5 23.558507167896757 22.830845206373237
462.0 23.56001749010869 22.831629060438402
462.5 23.561547652144267 22.832415388791432
463.0 23.563085193197896 22.833197689759896
463.5 23.564604783001094 22.833991151016697
464.0 23.56613226743463 22.834782817359436
464.5 23.56765900479448 22.835572727935542
465.0 23.569201596784882 22.836370909278187
465.5 23.570735371212493 22.837161020261057
466.0 23.572269492174467 22.837967478426368
466.5 23.573813309070974 22.838748132434006
467.0 23.57535050843009 22.839563221218565
467.5 23.57689858828153 22.840352358174624
468.0 23.578441847318086 22.84116071027986
468.5 23.579994255036063 22.841965043762936
