FastTrWP/PhaseSpace/IAs/snIa_0.33_30.00_-0.22_-0.03.csv
# %ECSV 0.9
# ---
# datatype:
# - {name: time-rel, datatype: float64}
# - {name: g, datatype: float64}
# - {name: i, datatype: float64}
# schema: astropy-2.0
time-rel g i
[from data line 347]
377.875 23.73031997468233 23.519755029138064
378.375 23.726088153355633 23.516268396267836
378.87499999999994 23.721864253510606 23.512775441266772
379.375 23.717631387950796 23.509311905648588
379.875 23.713406122368244 23.505834189114285
380.37499999999994 23.709210593362997 23.502363837902166
380.875 23.705023751269056 23.498901200274727
381.375 23.700828513662167 23.495458484883113
381.87499999999994 23.69665882806523 23.49200776936808
382.375 23.692479001811403 23.488573787618947
382.875 23.688330888585792 23.485130186451116
383.37499999999994 23.68416529164467 23.48170456116032
383.875 23.68002389971693 23.478285284861858
384.375 23.675880116676925 23.474860507747284
384.87499999999994 23.671756651342474 23.471447540195737
385.375 23.66764183833898 23.468046921741262
385.875 23.663526679740137 23.46464877523641
386.37499999999994 23.659419420108414 23.461244988116086
386.875 23.655338933842902 23.457870278047412
387.375 23.651241111161493 23.45448955821862
387.87499999999994 23.64716460195039 23.451107986724512
388.375 23.643090550720828 23.44773202143741
388.875 23.639023284247422 23.44437256729278
389.37499999999994 23.63496936898486 23.441014638765157
389.875 23.630926802072693 23.437667190522884
390.375 23.626893096537334 23.434311589384006
390.87499999999994 23.62285209685773 23.430961522648577
391.375 23.61883027943026 23.427626604448154
391.875 23.6148044693996 23.424297124431934
392.37499999999994 23.610792706496714 23.42096856071866
392.875 23.606780536920247 23.417653328238494
393.375 23.60278565076559 23.41433928074435
393.87499999999994 23.598802534741857 23.411020414272265
394.375 23.59482700350782 23.40771840764569
394.875 23.590847594317317 23.404408289209698
395.37499999999994 23.586868042601303 23.4011208780228
395.875 23.58291842428452 23.39782053834691
396.375 23.578968857407823 23.394539713514746
396.87499999999994 23.57501598143849 23.391259109075392
397.375 23.57107628362958 23.387970268441162
397.875 23.567133046227255 23.384702501713996
398.37499999999994 23.563218225660712 23.38144311498465
398.875 23.559295486080725 23.378182841759084
399.375 23.55538227599274 23.37491577842354
399.87499999999994 23.55147437043323 23.371650997904357
400.375 23.547566927452973 23.36841549746378
400.875 23.543682852723222 23.365169005284372
401.37499999999994 23.539801427553996 23.36192913859844
401.875 23.53590462509624 23.358699950320375
402.375 23.53203806490854 23.35546496316054
402.87499999999994 23.528174252167084 23.352235776512146
403.375 23.524312300600208 23.34900817757959
403.875 23.520449387813628 23.34579360648373
404.37499999999994 23.51661288201473 23.34259552601907
404.875 23.512756534491004 23.339368812529806
405.375 23.508922942499844 23.336168549671832
405.87499999999994 23.505076274437048 23.332972460107364
406.375 23.501237707781062 23.329763326132973
406.875 23.497395278930163 23.326549777860528
407.37499999999994 23.49353210688409 23.323340816523654
407.875 23.489681412902815 23.320129357514404
408.375 23.485829510526145 23.31692079840849
408.87499999999994 23.481975597173598 23.313716458229198
409.375 23.478120814334304 23.31049563656095
409.875 23.474260847173017 23.30729081632731
410.37499999999994 23.470406848912425 23.30407978467807
410.875 23.4665490840368 23.300876000631376
411.375 23.462702791418096 23.29766318365629
411.87499999999994 23.458857458921276 23.294474046230413
412.375 23.455000595501577 23.29126427015517
412.875 23.45116319844482 23.288064869458477
413.37499999999994 23.44733867115592 23.284877558450127
413.875 23.443497007225353 23.281672454500185
414.375 23.439679146872283 23.27849170688853
414.87499999999994 23.435844375535794 23.275318909747394
415.375 23.432031063404967 23.272134056024477
415.875 23.428222025808054 23.26895768854871
416.37499999999994 23.424414504354054 23.265791620184203
416.875 23.420622561391568 23.262631018177377
417.375 23.41683890124952 23.25946859371715
417.87499999999994 23.413064183401616 23.25631598939928
418.375 23.409280457608563 23.25316435788865
418.875 23.405533587874444 23.250028148772103
419.37499999999994 23.401779256507172 23.246893232905048
419.875 23.398042629148765 23.243754568353197
420.375 23.394322304129528 23.24065415592021
420.87499999999994 23.39058685289743 23.23754031272211
421.375 23.3868835895318 23.234436342387976
421.875 23.38318539752208 23.231338554865918
422.37499999999994 23.379492039662484 23.22825954787841
422.875 23.37583057245864 23.225172450060864
423.375 23.372176873511755 23.22209601972161
423.87499999999994 23.368522294754747 23.219035978577374
424.375 23.364899097559455 23.21598522891407
424.875 23.361288751493035 23.212933006827207
425.37499999999994 23.35766836440424 23.20990596382407
425.875 23.354096559897307 23.206876891697522
426.375 23.350526651974715 23.203862850097202
426.87499999999994 23.34696338434268 23.2008562315049
427.375 23.34343194124982 23.19786994915615
427.875 23.339897223635234 23.194884733687463
428.37499999999994 23.336393833832688 23.191910894609574
428.875 23.33291111527177 23.188954883007202
429.375 23.329427842904945 23.185998919708148
429.87499999999994 23.32596364335963 23.183061789207034
430.375 23.32253898133665 23.180134629667435
430.875 23.319121140080462 23.177220677352807
431.37499999999994 23.31572365841776 23.17431750292982
431.875 23.312335875701812 23.171445180864474
432.375 23.308981018074306 23.16855544265041
432.87499999999994 23.305623964101994 23.165685034564785
433.375 23.302299046244777 23.162844173921407
433.875 23.299005390165043 23.16000353956872
434.37499999999994 23.29570866490267 23.1571766750766
434.875 23.292458289655045 23.154375820395096
435.375 23.28921503521655 23.151574105659492
435.87499999999994 23.285994838577135 23.148784511212103
436.375 23.282793892634274 23.146019648289258
436.875 23.279623140717526 23.143263494372412
437.37499999999994 23.276463274087437 23.140529447701308
437.875 23.273311643799637 23.13779221502199
438.375 23.270169893601043 23.13506764308145
438.87499999999994 23.26703642516705 23.132339819132373
439.375 23.263910747146337 23.129616287492944
439.875 23.260806871217955 23.1269032024887
440.37499999999994 23.257705562494387 23.12420996834245
440.875 23.25459164877499 23.121509527377807
441.375 23.251506138147118 23.11882095358498
441.87499999999994 23.248421133391616 23.11613753256448
442.375 23.245364058065427 23.113455300919867
442.875 23.242305784686206 23.110775307715073
443.37499999999994 23.239255152020686 23.10811760676765
443.875 23.23621426087975 23.105460911864686
444.375 23.233187557013686 23.10281034983868
444.87499999999994 23.230163042648524 23.10016616411323
445.375 23.2271597615541 23.09753121852316
445.875 23.22416346051972 23.094905423295163
446.37499999999994 23.22117280757706 23.09228472859102
446.875 23.218205386495146 23.089676169372574
447.375 23.215243408590126 23.08707329738995
447.87499999999994 23.212296372660273 23.084475199171983
448.375 23.20934571201193 23.08187621807207
448.875 23.206424960483616 23.079310525279553
449.37499999999994 23.20349736446643 23.076738277315116
449.875 23.20059609006741 23.074167859801786
450.375 23.197708800002896 23.07162760182667
450.87499999999994 23.194818726874363 23.06907465791437
451.375 23.191956411463487 23.066525855275234
451.875 23.189101316027493 23.064008869373342
452.37499999999994 23.18624857862837 23.061471028744954
452.875 23.183424067917677 23.058965399419552
453.375 23.18060608720513 23.056472123552357
453.87499999999994 23.17779358415621 23.05396260051964
454.375 23.17500658709143 23.051488287464885
454.875 23.17222759676706 23.049011118006174
455.37499999999994 23.16947044623148 23.046529801136696
455.875 23.166710917603645 23.0440884101009
456.375 23.16398259665104 23.041632471694015
456.87499999999994 23.16126162395033 23.03919564939148
457.375 23.15853280527909 23.03676654210672
457.875 23.155851477120034 23.034353510207715
458.37499999999994 23.153157581873206 23.031938462688288
458.875 23.150491419707556 23.02953927318879
459.375 23.147841677631767 23.02714846239336
459.87499999999994 23.145201765776502 23.024758135342438
460.375 23.142583032351638 23.022402444886275
460.875 23.13997587415837 23.020032563254937
461.37499999999994 23.137381089982554 23.017684542233997
461.875 23.134795215768364 23.015343248407746
462.375 23.132224810889618 23.01301179167168
462.87499999999994 23.129676220726537 23.010694037050328
463.375 23.127148924639723 23.008388777456602
463.875 23.1246238015205 23.006083623699674
464.37499999999994 23.12212503054145 23.003789793917214
464.875 23.119638971844466 23.00152109563331
465.375 23.117162677436895 22.999262792587345
465.87499999999994 23.114708172082242 22.997004070784755
466.375 23.112266260004176 22.99475927226792
466.875 23.10984268468962 22.992530686646738
467.37499999999994 23.10743019995718 22.990299984844693
467.875 23.105043961311416 22.9880847848247
468.375 23.102670521456858 22.985888705836008
468.87499999999994 23.100312965402132 22.983691940377348
469.375 23.097965425061517 22.981514913963675
469.875 23.095628808664202 22.97935033904981
470.37499999999994 23.09331860063898 22.977185654458673
470.875 23.09099712545098 22.97503827428919
471.375 23.08870257212234 22.972880690800736
471.87499999999994 23.086417534679583 22.970747989040717
472.375 23.084147872558237 22.968613622856093
472.875 23.08187898859665 22.966489451303733
473.37499999999994 23.079636936779544 22.964379639890268
473.875 23.077391409183697 22.962280871272853
474.375 23.075170465288373 22.960185918458457
474.87499999999994 23.07294387485815 22.958082395796296
475.375 23.07075266999421 22.956009846438043
475.875 23.068551547698405 22.953932208000204
476.37499999999994 23.0663645890402 22.9518664047255
476.875 23.064196469736014 22.949819119282097
477.375 23.062029420324613 22.94776074699323
477.87499999999994 23.059888784029667 22.94571802521856
478.375 23.05773986130101 22.943677674246548
478.875 23.055607669092804 22.94165542766185
479.37499999999994 23.05350214409572 22.9396323476456
479.875 23.051397160994235 22.937623354437143
480.375 23.049294021021957 22.935620714093243
480.87499999999994 23.04722401451848 22.933627294774148
481.375 23.045142877228514 22.931644502413242
481.875 23.04308212119988 22.929660593865954
482.37499999999994 23.04103929620641 22.927692097406744
482.875 23.038987434689595 22.925723007527058
483.375 23.036974960748324 22.923761288694312
483.87499999999994 23.034951456634275 22.921814173841803
484.375 23.032952525138665 22.919874257828575
484.875 23.030954141199956 22.917943992455236
485.375 23.028962328407342 22.916020579917117
485.875 23.026999209656537 22.914097097150247
486.375 23.025034856763394 22.912183289569303
486.875 23.023081596396437 22.910279027293186
487.375 23.021130115206642 22.908388313396237
487.875 23.01920441477951 22.906500296898678
488.375 23.017288191413723 22.904623619434755
488.875 23.015373763621874 22.9027477567305
489.375 23.013480469364467 22.9008761763993
489.875 23.0115869732374 22.899020715625596
490.375 23.009709529183226 22.897169669490154
490.875 23.007846623597892 22.89533255725435
491.375 23.005997460279364 22.89348747305644
491.875 23.00414092191243 22.891662203029508
492.375 23.002301669453292 22.88983995599452
492.875 23.00048334063525 22.88802648835655
493.375 22.998662386999772 22.886221555193593
493.875 22.996858228655313 22.88440965190057
494.375 22.995078003975323 22.882635747908427
494.875 22.993293089590935 22.88084050698686
495.375 22.991517180751174 22.879069384228426
495.875 22.989755486865924 22.877294140790273
496.375 22.9880098509065 22.875529644535998
496.875 22.986266525220547 22.87377667836256
497.375 22.984532806744635 22.872031522219306
497.875 22.98281909274007 22.870284206823527
498.375 22.981102013099903 22.868550188051717
498.875 22.979405796958563 22.866827040529046
499.375 22.977721691050036 22.865106877882084
499.875 22.976039793159288 22.863390940103343
500.375 22.97436394046343 22.861691301322757
500.875 22.972714245193636 22.85998846266
501.375 22.971072920168176 22.858301067117033
501.875 22.9694304968414 22.85661546097146
502.375 22.96779858995901 22.854940005493045
502.875 22.96617262609111 22.853267150568676
503.375 22.96456239860087 22.85159453127488
503.875 22.962957574393425 22.849937549688338
504.375 22.961364330700576 22.848292133841053
504.875 22.959779176010887 22.846635340251545
505.375 22.958201057602597 22.84499358403633
505.875 22.9566283667874 22.843362591026946
506.375 22.955072497826784 22.841730563371037
506.875 22.953518137530548 22.84010596997366
507.375 22.95197413496504 22.838491809226152
507.875 22.950451473244144 22.836885939133072
508.375 22.94892166694982 22.835277456644178
508.875 22.947403754458232 22.83368274321635
509.375 22.945895989292264 22.832089178112597
509.875 22.944398658584703 22.830501600438936
510.375 22.942904021796743 22.828925539997073
510.875 22.94142821953194 22.827359942901655
511.375 22.939961902632934 22.82578775897228
511.875 22.938492625495673 22.82422050305005
512.375 22.93703732936389 22.82267179983773
512.875 22.935602640202085 22.821116171629146
513.375 22.934163255978458 22.81957653618354
513.875 22.93273781829801 22.818051297133156
514.375 22.931314708218544 22.816515736648128
514.875 22.929903079490465 22.814997239474614
515.375 22.928504379695806 22.813483784443708
515.875 22.927113418260625 22.811963983319785
516.375 22.925737071155602 22.810457338638418
516.875 22.924353196525313 22.80897261426862
517.375 22.923002975374096 22.807475045143534
517.875 22.921636897436812 22.805990364246675
518.375 22.92029668952853 22.804518554262284
518.875 22.91895397351434 22.803044496363405
519.375 22.917626950706094 22.801571961381093
519.875 22.916309795056836 22.800118929783984
520.375 22.91500151051575 22.798659852143107
520.875 22.91369634145773 22.797211262969675
521.375 22.91240619518271 22.795775050250505
521.875 22.91112591303101 22.794333162383843
522.375 22.909853566059354 22.79290197238646
522.875 22.908581281362935 22.791484112487442
523.375 22.90732980891979 22.790064239409645
523.875 22.906089139839487 22.788657981256343
524.375 22.904852093191334 22.78724625793697
524.875 22.903621341348025 22.785857183041742
525.375 22.902406652670425 22.784468470273378
525.875 22.901198652637316 22.78307409304345
526.375 22.899993239325227 22.7817011510665
526.875 22.898799617935296 22.780328361675668
527.375 22.897617794306147 22.778966322050355
527.875 22.896446334683176 22.77760074879097
528.375 22.895279910314564 22.776252731077857
528.875 22.894122218043922 22.774901498613765
529.375 22.89298218508714 22.773558834436862
529.875 22.89183587246249 22.772227674722913
530.375 22.890714680697194 22.770897103549647
530.875 22.8895996217554 22.769575288228857
531.375 22.88848647315135 22.768261130925872
531.875 22.88739899384823 22.76695129126206
532.375 22.886304464616426 22.76564786260311
532.875 22.885223813527226 22.764347455840483
533.375 22.88416103419824 22.763064550560873
533.875 22.883097034178093 22.76177404808252
534.375 22.882044607067378 22.760498961688306
534.875 22.880999291205644 22.75922999466433
535.375 22.87995910408005 22.757958936394832
535.875 22.878932769099883 22.756689853141605
536.375 22.87791519163806 22.755447003668692
536.875 22.87691261986806 22.75420268971824
537.375 22.875910093796566 22.752963471040175
537.875 22.874916617191307 22.751727688057194
538.375 22.8739315242699 22.750486975098593
538.875 22.872968828075958 22.749270732309427
539.375 22.871996495587588 22.748042817410813
539.875 22.871041518460697 22.74683927017859
540.375 22.87009692785422 22.74563685300653
540.875 22.869150877363758 22.744433385930577
541.375 22.868225373629237 22.74324187501387
541.875 22.86730227001574 22.742046202152466
542.375 22.866380303983895 22.740869191808663
542.875 22.865479838342573 22.739683893627863
543.375 22.864586988014555 22.738521602600592
543.875 22.863688108307766 22.737339741908453
544.375 22.862814380008686 22.736187250975398
544.875 22.86193307948736 22.735025904083113
