FastTrWP/PhaseSpace/IAs/snIa_0.35_30.00_1.07_0.16.csv
# %ECSV 0.9
# ---
# datatype:
# - {name: time-rel, datatype: float64}
# - {name: g, datatype: float64}
# - {name: i, datatype: float64}
# schema: astropy-2.0
time-rel g i
[from data line 865]
602.0416666666666 23.03324255626893 22.36024418738449
602.5416666666666 23.03326780635797 22.3597314591838
603.0416666666666 23.033293416556116 22.359222474728433
603.5416666666666 23.03332218052438 22.35871419174121
604.0416666666666 23.03336750981309 22.358211693234967
604.5416666666666 23.033394170619523 22.357704597767842
605.0416666666666 23.033440402708088 22.357199553703495
605.5416666666666 23.033474591500106 22.356698735103517
606.0416666666666 23.03351993660675 22.356200938946785
606.5416666666666 23.033563434335814 22.35571312151755
607.0416666666666 23.033622098796037 22.355212186007783
607.5416666666666 23.033677217110878 22.354716293222797
608.0416666666666 23.03373380697764 22.354225172131112
608.5416666666666 23.033784893881624 22.35373747159999
609.0416666666666 23.033856106570703 22.353249321623426
609.5416666666666 23.03392731516855 22.352761267656295
610.0416666666666 23.033978744578576 22.35228656447743
610.5416666666666 23.034059137609727 22.351799533449636
611.0416666666666 23.03413146422649 22.351317142298036
611.5416666666666 23.03420943445079 22.35083778029292
612.0416666666666 23.034291151440133 22.350359449684653
612.5416666666666 23.034373798201088 22.34988672645146
613.0416666666666 23.034453948580214 22.349419606159625
613.5416666666666 23.03455093749202 22.348947572334517
614.0416666666666 23.0346388677235 22.348484804174802
614.5416666666666 23.03473377328869 22.348011942696605
615.0416666666666 23.034834538849967 22.347547206348445
615.5416666666666 23.03493566511515 22.34708661449305
616.0416666666666 23.03503188812265 22.34662992076879
616.5416666666666 23.035145526764182 22.346172312049568
617.0416666666666 23.035247365114706 22.345713728543316
617.5416666666666 23.035359515949736 22.34525661015729
618.0416666666666 23.03548933821888 22.344809052760873
618.5416666666666 23.035593156580635 22.34435631266478
619.0416666666666 23.03571758822639 22.343906364873195
619.5416666666666 23.035850654215952 22.343461500115154
620.0416666666666 23.0359722420445 22.343022357043782
620.5416666666666 23.036106877474477 22.342572431508255
621.0416666666666 23.036235944614543 22.342133320568827
621.5416666666666 23.036372077905362 22.341691864914566
622.0416666666666 23.036518715194887 22.341262944238114
622.5416666666666 23.036660555115667 22.34082613959393
623.0416666666666 23.036814668320677 22.340391746915678
623.5416666666666 23.03696021413138 22.339964323858172
624.0416666666666 23.037112831079064 22.3395308446893
624.5416666666666 23.037269411730726 22.33911048245817
625.0416666666666 23.03742950885889 22.3386894576009
625.5416666666666 23.037588535828203 22.338265041353928
626.0416666666666 23.037757900496622 22.337845516626768
626.5416666666666 23.03792093234103 22.337430236818467
627.0416666666666 23.038098261700227 22.33701595574269
627.5416666666666 23.038273325956066 22.336599074763825
628.0416666666666 23.038456902311392 22.336185916319987
628.5416666666666 23.03864679377299 22.33578295224309
629.0416666666666 23.03882101289584 22.335376594168714
629.5416666666666 23.039015121391827 22.33496956808743
630.0416666666666 23.039202980969996 22.33456884112201
630.5416666666666 23.039396021758293 22.33416958465787
631.0416666666666 23.0395897460728 22.33376393669678
631.5416666666666 23.039800520218826 22.333374877354228
632.0416666666666 23.04000995180525 22.33298053383721
632.5416666666666 23.04020477918356 22.332582063348237
633.0416666666666 23.040414222176075 22.33219348499535
633.5416666666666 23.040638835786243 22.331803573231074
634.0416666666666 23.040849935626625 22.331412825254795
634.5416666666666 23.04106952030104 22.33102465197295
635.0416666666666 23.041295713831346 22.33063671585058
635.5416666666666 23.04151811606019 22.330262483597394
636.0416666666666 23.041747080454094 22.329879752434532
636.5416666666666 23.041971534663 22.329496042613822
637.0416666666666 23.042206947681834 22.329123256871352
637.5416666666666 23.04244725202395 22.32874115473433
638.0416666666666 23.0426904892129 22.328376951748705
638.5416666666666 23.04293016455443 22.32800442448207
639.0416666666666 23.04318517176889 22.327639073545697
639.5416666666666 23.04343040199971 22.327266890278146
640.0416666666666 23.043684422321643 22.326908146347535
640.5416666666666 23.043935883916554 22.326530885094634
641.0416666666666 23.044196736992074 22.326180255396217
641.5416666666666 23.044463424715786 22.325816169322433
642.0416666666666 23.044737656240354 22.325465207694712
642.5416666666666 23.044997210150626 22.325104278626963
643.0416666666666 23.045268126394838 22.32475086141582
643.5416666666666 23.045543812348306 22.324391145871672
644.0416666666666 23.04582725596237 22.32404615412827
644.5416666666666 23.04611201805423 22.323698118461458
645.0416666666666 23.046394101857544 22.323353463307463
645.5416666666666 23.04667515781778 22.323015830745362
646.0416666666666 23.046974772272847 22.32266598608443
646.5416666666666 23.047267052251247 22.3223315176994
647.0416666666666 23.047566822314156 22.32199014099251
647.5416666666666 23.047866483500805 22.321660253482946
648.0416666666666 23.048169644066327 22.321328551648435
648.5416666666666 23.048482051010666 22.320997048117384
649.0416666666666 23.04878181119814 22.320659241305144
649.5416666666666 23.049100333622295 22.320327001821504
650.0416666666666 23.04942441726224 22.320008182929246
650.5416666666666 23.049739037550285 22.31967984308717
651.0416666666666 23.050064827210484 22.319362089004457
651.5416666666666 23.05039977670645 22.319038536897654
652.0416666666666 23.050726847680473 22.318723519144207
652.5416666666666 23.051056552242386 22.318405862068865
653.0416666666666 23.051393136052496 22.318097003522148
653.5416666666666 23.051739605122062 22.317782409779262
654.0416666666666 23.05208288780296 22.317474793569275
654.5416666666666 23.052435177088412 22.31717265464157
655.0416666666666 23.05278723606923 22.316862807429317
655.5416666666666 23.053135823229635 22.316564731474866
656.0416666666666 23.05349041494342 22.316257197230378
656.5416666666666 23.053852453827943 22.315960779227588
657.0416666666666 23.0542227136834 22.315662392478053
657.5416666666666 23.054590825603213 22.315371135809485
658.0416666666666 23.054964123719973 22.315075962657072
658.5416666666666 23.05534392283763 22.31478943937994
659.0416666666666 23.055710240650555 22.314505446698043
659.5416666666666 23.056095238247728 22.31422031825435
660.0416666666666 23.05649674281854 22.313930299884216
660.5416666666666 23.056875459247625 22.313660520935052
661.0416666666666 23.057268168416552 22.313373155273403
661.5416666666666 23.057656393643768 22.31309210121382
662.0416666666666 23.05806012113652 22.31282471023679
662.5416666666666 23.05846996189416 22.312546174948498
663.0416666666666 23.058871233481028 22.312279224101413
663.5416666666666 23.059295126123487 22.312007630652634
664.0416666666666 23.05970938129718 22.311744855282512
664.5416666666666 23.060139566710937 22.311479174477515
665.0416666666666 23.060555845753807 22.31121832406309
665.5416666666666 23.06099480171301 22.310959584653904
666.0416666666666 23.061420852537523 22.310700251938904
666.5416666666666 23.06186405974139 22.310446638410614
667.0416666666666 23.062305464719334 22.310188945671484
667.5416666666666 23.062751072030814 22.30993327944826
668.0416666666666 23.06321048530899 22.309685970656066
668.5416666666666 23.063659996276108 22.309436040697257
669.0416666666666 23.064115909266135 22.309198619756053
669.5416666666666 23.06458784032632 22.308950266991403
670.0416666666666 23.065049543644612 22.308714717852926
670.5416666666666 23.06552863165002 22.30846034922525
671.0416666666666 23.06599728946798 22.308235554733763
671.5416666666666 23.066469972939565 22.307996038379024
672.0416666666666 23.0669631130686 22.307762382854165
672.5416666666666 23.06743733882577 22.307525131303933
673.0416666666666 23.067931237938936 22.307299748125814
673.5416666666666 23.068424426144027 22.30707438544194
674.0416666666666 23.068918020430896 22.306844411917595
674.5416666666666 23.069413827600123 22.306617879951126
675.0416666666666 23.069914904524143 22.30639458998202
675.5416666666666 23.070421096870216 22.306177770829862
676.0416666666666 23.070924125218106 22.305965497904914
676.5416666666666 23.07143838981256 22.30574720949214
677.0416666666666 23.071957906799845 22.305530236576242
677.5416666666666 23.072473445728757 22.305322362295183
678.0416666666666 23.072993010798672 22.30511040155335
678.5416666666666 23.073518516995325 22.304903023474907
679.0416666666666 23.074053739445755 22.304696401590988
679.5416666666666 23.07457077802468 22.304494843115382
680.0416666666666 23.075112711267096 22.304288442625055
680.5416666666666 23.07563701725681 22.30408945348971
681.0416666666666 23.076182355149495 22.30389143577476
681.5416666666666 23.076715085444448 22.303692948385727
682.0416666666666 23.07725645306942 22.303496647520447
682.5416666666666 23.077801917066164 22.303309103119553
683.0416666666666 23.078354639286882 22.303122337962655
683.5416666666666 23.0788993192815 22.302931817059026
684.0416666666666 23.079457388021297 22.302739567414413
684.5416666666666 23.08000910595976 22.302555039454717
685.0416666666666 23.080567331346813 22.30237543610784
685.5416666666666 23.081131296283786 22.302193680803022
686.0416666666666 23.081681553513427 22.302012425455572
686.5416666666666 23.082248664322815 22.301839739338483
687.0416666666666 23.082817157404527 22.30166006935329
687.5416666666666 23.083380243081997 22.301485395655263
688.0416666666666 23.083948483876622 22.30131073705341
688.5416666666666 23.084519976450366 22.301146648212583
689.0416666666666 23.085094450446775 22.300976863118187
689.5416666666666 23.085669856630062 22.30081429863077
690.0416666666666 23.08624698028812 22.300645753710995
690.5416666666666 23.0868236695445 22.300486629750843
691.0416666666666 23.087405571833138 22.300314813048065
691.5416666666666 23.087983711110496 22.300167595386682
692.0416666666666 23.088566143929032 22.30000512223524
692.5416666666666 23.089157840226537 22.29985999166828
693.0416666666666 23.08973559844167 22.299701810292426
693.5416666666666 23.090333816122218 22.299548758162764
