FastTrWP/PhaseSpace/IAs/snIa_0.69_30.00_-1.13_0.02.csv
# %ECSV 0.9
# ---
# datatype:
# - {name: time-rel, datatype: float64}
# - {name: g, datatype: float64}
# - {name: i, datatype: float64}
# schema: astropy-2.0
time-rel g i
[from data line 707]
-46.00000000000006 24.29040934266442 22.557443580897512
-45.5 24.289447780458016 22.555881934796655
-45.0 24.28851932861429 22.55431001413074
-44.50000000000006 24.28757899320997 22.552758682563805
-44.0 24.28664766823715 22.55119490946907
-43.5 24.285756437217785 22.54964478674586
-43.00000000000006 24.284845652899403 22.54809893919754
-42.5 24.28393790878689 22.546564979988485
-42.0 24.283060626686236 22.545030068983316
-41.50000000000006 24.282194896744357 22.543500673361695
-41.0 24.28131991816035 22.541972283307338
-40.5 24.280472971374497 22.54045219117025
-40.00000000000006 24.279635269627565 22.53892998205505
-39.5 24.27879280590205 22.537417601638463
-39.0 24.277985587097195 22.535909202454462
-38.50000000000006 24.27715405901108 22.534412705943506
-38.0 24.276352060815594 22.5329062303677
-37.5 24.275565618437213 22.5314167453773
-37.00000000000006 24.274775144342932 22.52992714241769
-36.5 24.273993002354306 22.528444691353798
-36.0 24.273218911764246 22.526972904571654
-35.50000000000006 24.272475052243916 22.52549521828245
-35.0 24.271724154273926 22.524026302833995
-34.5 24.270976483037373 22.522565036631875
-34.00000000000006 24.270243760810967 22.52110622149887
-33.5 24.26954451599481 22.51964950535799
-33.0 24.26880531616195 22.518202787291944
-32.50000000000006 24.26811940118285 22.516747630130105
-32.0 24.267429790872317 22.51531364223828
-31.5 24.266753123292073 22.513877698865976
-31.000000000000057 24.26609833640512 22.51244418498255
-30.5 24.265423139758564 22.511022425610623
-30.0 24.26478460705812 22.509596009085683
-29.500000000000057 24.264140313041732 22.50818047889716
-29.0 24.263526899193828 22.506769209829432
-28.5 24.26288475839778 22.50536596312505
-28.000000000000057 24.26227709078332 22.50395672342314
-27.5 24.261688747214706 22.50256133586561
-27.0 24.261091560912504 22.501168520710348
-26.500000000000057 24.260527283644304 22.499776561691714
-26.0 24.259958037871744 22.49839945258893
-25.5 24.25940381031507 22.497008815851594
-25.000000000000057 24.258845898059302 22.49564081044992
-24.5 24.25831989572456 22.494272232168633
-24.0 24.257786389060847 22.492907753538248
-23.500000000000057 24.25727040242308 22.4915445082293
-23.0 24.25675639838609 22.490188619367263
-22.5 24.25625951548255 22.488840614790536
-22.000000000000057 24.255781312174236 22.487488513438766
-21.5 24.25532539042813 22.486147042599868
-21.0 24.254838533851647 22.484812369064414
-20.500000000000057 24.254405300061315 22.483480727868827
-20.0 24.253958564956196 22.482144118158093
-19.5 24.2535346499381 22.480821659171117
-19.0 24.253081495426578 22.479514342625624
-18.5 24.252678796066405 22.4781994033432
-18.0 24.252307245233094 22.476888595252575
-17.5 24.251895068037186 22.47557901229851
-17.0 24.251518957674772 22.474277928306403
-16.5 24.25115016543552 22.47298914240541
-16.0 24.25079381135989 22.471697322388863
-15.5 24.250452444205067 22.470401953962806
-15.0 24.250118627628527 22.469123913077734
-14.5 24.24978070142076 22.46784790053942
-14.0 24.24947157229304 22.466579935166532
-13.5 24.24916582211882 22.465310027920747
-13.0 24.248860848782225 22.464053828584618
-12.5 24.24861349086178 22.46278750273353
-12.0 24.248328870736238 22.461537334408938
-11.5 24.24807798407017 22.460279344090953
-11.0 24.247854896325137 22.459029786110296
-10.5 24.247614373977385 22.45778845837212
-10.0 24.247396926853412 22.456554939055913
-9.5 24.247173090034558 22.455313999468302
-9.0 24.247002845307865 22.45408325323337
-8.5 24.246832251840047 22.45286201900774
-8.0 24.246643842607337 22.45163641035188
-7.5 24.24649732114365 22.450417347829696
-7.0 24.246348921133972 22.44920328690306
-6.5 24.246214738242365 22.447987898511805
-6.0 24.246080099639315 22.4467842300555
-5.5 24.24596319850407 22.4455808897657
-5.0 24.245866445722463 22.444379543447397
-4.5 24.245793032566635 22.4431825275894
-4.0 24.245696297544562 22.441993880534405
-3.5 24.245623788764522 22.44080903780236
-3.0 24.245560699328482 22.43963123872598
-2.5 24.24551113539384 22.438443653984862
-2.0 24.245474730112853 22.43727345321631
-1.5 24.24544537801929 22.43610193381404
-1.0 24.245415904521987 22.434934817296238
-0.5 24.245427625471045 22.433772591153698
0.0 24.245413670352008 22.43261487968305
0.5 24.24542976673363 22.431453917615386
1.0 24.245437802121174 22.430312724871506
1.5 24.245478891571327 22.429163283968776
2.0 24.245518432081226 22.428025910714663
2.5 24.24556250512133 22.42688261727662
3.0 24.24561905557599 22.425746256344002
3.5 24.245663727721208 22.424611354108418
4.0 24.245741814384473 22.42348577869791
4.5 24.245835693143626 22.422360480555316
5.0 24.245939586996652 22.42124524323376
5.5 24.246028619169184 22.42012885113406
6.0 24.246148877612153 22.41901698040465
6.5 24.24624593984508 22.417909726733466
7.0 24.24638624770701 22.416806418183505
7.5 24.246515198851522 22.415706549042156
8.0 24.24664122266739 22.414606371193507
8.5 24.24679031579994 22.413510640440585
9.0 24.246952900399453 22.41242900909928
9.5 24.247137509331942 22.411345247153793
10.0 24.247296998032827 22.410262229840086
10.5 24.247465200311844 22.409192654164286
11.0 24.247664798927552 22.408116569568254
11.5 24.2478575973265 22.407040871591196
12.0 24.24803600394908 22.40598402380342
12.5 24.248275021147613 22.404914193179923
13.0 24.24849312136778 22.403860124311077
13.5 24.24869683367062 22.402816236356543
14.0 24.248930233451876 22.40176176593645
14.5 24.249155830769887 22.400717580345635
15.0 24.249417076271016 22.399674189824953
15.5 24.24965237863367 22.39863642503685
16.0 24.249903867980073 22.397602107653984
16.5 24.25017024259074 22.39656404067063
17.0 24.250429376275665 22.3955455331239
17.5 24.25069790186186 22.394524883039995
18.0 24.250978576479902 22.393498953727487
18.5 24.25127593861657 22.39248824307395
19.0 24.25154334044454 22.391474751945708
19.5 24.25184908439484 22.39046405758886
20.0 24.252150479101914 22.389468132538298
20.5 24.252447858245205 22.38846250047257
21.0 24.252759662542815 22.38746931210661
21.5 24.25308962809077 22.386476460013213
22.0 24.253400035418807 22.38548799491948
22.5 24.253701925054653 22.38450559191663
23.0 24.25405645652144 22.383524522143826
23.5 24.25439538560648 22.382543085680773
24.0 24.254731865219682 22.381575106574246
24.5 24.255073915334794 22.38060584784747
25.0 24.255436684566526 22.379639395056525
25.5 24.25579014727598 22.378677675112876
26.0 24.25614298659309 22.377723635279303
26.5 24.256492664957747 22.37677050762612
27.0 24.256863917487056 22.375814675373963
27.5 24.257249410911847 22.37487144110299
28.0 24.25764991255477 22.37392722102458
28.5 24.2580499331236 22.37298351017221
29.0 24.258479804920952 22.372048728437377
29.5 24.25890574283406 22.371117807403934
30.0 24.259346957218334 22.37018799860749
30.5 24.259802937687983 22.36925905683377
31.0 24.26025577707646 22.36833632114923
31.5 24.260743958065905 22.367422162169536
32.0 24.261239226326108 22.36650804462801
32.5 24.261728495261245 22.36558984417183
33.0 24.262243363416612 22.364680511800895
33.5 24.262780494164264 22.363778229426984
34.0 24.26329599125975 22.362882185355332
34.5 24.263843589599393 22.36198463990633
35.0 24.26439536573225 22.36108868917141
35.5 24.26496842484744 22.360189570145153
36.0 24.265532643539494 22.359304144842124
36.5 24.26611806631169 22.35841951935424
37.0 24.26671318692459 22.357541058012078
37.5 24.267302709603268 22.356664596550864
38.0 24.267907162747065 22.355787749123163
38.5 24.268524770558514 22.35492092494908
39.0 24.269149507320495 22.354064442885473
39.5 24.269777331442913 22.353189172915474
40.0 24.270417610914834 22.352332501934363
40.5 24.271056333684133 22.351474486313624
41.0 24.271719806196522 22.35061948075655
41.5 24.27237767278312 22.349768658645765
42.0 24.27302842195016 22.348919679396126
42.5 24.27369787267141 22.348077393920693
43.0 24.2743963165975 22.347231831046596
43.5 24.275059105596853 22.346401196225063
44.0 24.27576873519216 22.34556889401911
44.5 24.276444891441564 22.344735237360002
45.0 24.27715789844411 22.34391426401979
45.5 24.277855419263425 22.34308431920571
46.0 24.27857681671702 22.342264096471553
46.5 24.279302338745836 22.341450449154255
47.0 24.280031192368043 22.340636377928607
47.5 24.28074511489555 22.339824488456422
48.0 24.28147950925255 22.339016817160346
48.5 24.28218338982715 22.338220182755535
49.0 24.282917597048602 22.337413412937433
49.5 24.283670849583135 22.33661926007434
50.0 24.28440844462242 22.335824951290704
50.5 24.285138499766227 22.33503155515209
51.0 24.285887675349848 22.33424537806446
51.5 24.286638304511406 22.333460257294707
52.0 24.287377301761875 22.332686352914713
52.5 24.28813432944387 22.331896780841745
53.0 24.288884493478307 22.331127263019148
53.5 24.289645706209054 22.330356585700283
54.0 24.29037991131647 22.32959319205168
54.5 24.291138165196216 22.328828710815927
55.0 24.291905946028326 22.328066424782932
55.5 24.292645965265987 22.327306335609705
56.0 24.29340610984889 22.326552691343956
56.5 24.294147939826978 22.325803175876406
57.0 24.29490619895852 22.325045701573558
57.5 24.295665307441215 22.32430151178859
58.0 24.296392077759627 22.323561446204316
58.5 24.297160118305555 22.322820163865963
59.0 24.297919095085113 22.322087064256962
59.5 24.298657865517544 22.32134820875547
60.0 24.299387627432832 22.32062365700272
60.5 24.300135054113746 22.319901420929998
61.0 24.30086930935341 22.319176666992742
61.5 24.301616758163078 22.318454593360684
62.0 24.30234148952818 22.317740130064294
62.5 24.303078219999108 22.317025025461994
63.0 24.303805506335245 22.316315641491357
63.5 24.304537046504066 22.31560612590041
64.0 24.305247598215264 22.314905055743285
64.5 24.305952789435764 22.314211831759437
65.0 24.306669586933616 22.31350914759254
65.5 24.307344389497423 22.31280591601925
66.0 24.308066251803847 22.312119149567028
66.5 24.308745538229253 22.311427709100997
67.0 24.309436011349433 22.31074429416131
67.5 24.31012278794267 22.310051459165226
68.0 24.31078756611784 22.309380750023923
68.5 24.311478143336625 22.308706408319253
69.0 24.312182607395563 22.308032552864454
69.5 24.31285120108949 22.307355228128255
70.0 24.31352642069893 22.306694012226423
70.5 24.3142259491214 22.30602606475835
71.0 24.31492908355489 22.305362143101117
71.5 24.315591946309098 22.30469553990648
72.0 24.31627637432109 22.30404745191315
72.5 24.316979218519567 22.303388561899048
73.0 24.317678606099786 22.302735900948374
73.5 24.31836832197982 22.302089467744448
74.0 24.319043843750023 22.301434657044886
74.5 24.319758669722532 22.30080140037383
75.0 24.32042292508119 22.300150777327637
75.5 24.3211413119413 22.29951469877569
76.0 24.32183251317749 22.298881265492515
76.5 24.32251801846304 22.298248283470862
77.0 24.323233656433523 22.29762353900703
77.5 24.32391941818365 22.296990769816386
78.0 24.324615674360043 22.29637422935006
78.5 24.325330881625078 22.295756372357314
79.0 24.326026074786352 22.29513971817643
79.5 24.326723827023386 22.294524531631417
80.0 24.327428083158033 22.293908732460363
80.5 24.328131633939492 22.293296684450766
81.0 24.328830273318186 22.292687223793173
81.5 24.329523015067515 22.292091313049283
82.0 24.330255049175914 22.291489158722836
82.5 24.330953732035713 22.29089447487752
83.0 24.331663684490326 22.29029464448997
83.5 24.33237289668668 22.2897145561114
84.0 24.333072305300227 22.289120371137713
84.5 24.33377280454517 22.288544001189045
85.0 24.334482572000056 22.287954487375554
85.5 24.335191086949564 22.28737774043939
86.0 24.33590044148862 22.28680132679537
86.5 24.336612708985093 22.28622704724038
87.0 24.33732669870306 22.285654466396984
87.5 24.338057634827823 22.285090748023055
88.0 24.338757366368103 22.284524465262493
88.5 24.339474053187846 22.283962896036794
89.0 24.3401830454245 22.283400898100943
89.5 24.34090677659802 22.28285831984668
90.0 24.341609991181056 22.2822971844465
90.5 24.342330860148394 22.281747443270707
91.0 24.343042730893522 22.281202200780537
91.5 24.34375086843996 22.280662022394054
92.0 24.34448449807278 22.280121500217895
92.5 24.345212770221757 22.279587228685482
93.0 24.345918095344654 22.279056597803258
93.5 24.34664504195487 22.278520828715152
94.0 24.3473645079918 22.27799929401901
94.5 24.348062188801322 22.277469176278476
95.0 24.348796061780714 22.276946842235702
95.5 24.349515017182817 22.276427185009823
96.0 24.350239478915626 22.275917714806134
96.5 24.350957026278273 22.275406062642816
97.0 24.351699826123312 22.274903638182742
97.5 24.352424986116294 22.27439468447813
98.0 24.353140725778214 22.27389352101268
98.5 24.35387195688498 22.2733910629481
99.0 24.354594829843457 22.27289321688104
99.5 24.355331679768433 22.272408199937857
100.0 24.35603745385647 22.271917648047463
100.5 24.35677456200587 22.27143243285626
101.0 24.357497575723738 22.27094546099028
101.5 24.358222023699344 22.27046789389185
102.0 24.358957613739168 22.269990281906807
102.5 24.35968169796984 22.26952544917756
103.0 24.3604216199102 22.269050499509664
103.5 24.361128084986177 22.268578771155568
104.0 24.36187340324075 22.268119956634557
104.5 24.362599380749728 22.267666914960028
105.0 24.363336354624813 22.267203233850474
105.5 24.364063635224987 22.266747091841935
106.0 24.364809821282346 22.26630008278979
106.5 24.36552757656029 22.265851421645667
107.0 24.366271639130048 22.265412230060974
107.5 24.367007149248032 22.26497571128142
108.0 24.367733298081767 22.264538544154387
108.5 24.36846099658571 22.26409734359011
109.0 24.369206707076078 22.263664084085395
109.5 24.369948889274827 22.263237257117694
110.0 24.370681138173854 22.262807821529307
110.5 24.37140564320749 22.262388644407174
111.0 24.372149806839708 22.261970981762914
111.5 24.372893424892503 22.261549888399372
112.0 24.373624757773054 22.26114052727943
112.5 24.374370981442386 22.260724545373755
113.0 24.375113346108385 22.26032530621843
113.5 24.375845926066763 22.259915344441545
114.0 24.376587155678834 22.25950892773882
114.5 24.37735351868949 22.259111266192882
115.0 24.3780778071523 22.258713811498232
115.5 24.378825872686075 22.25831575214091
116.0 24.379563199319456 22.257928291339685
116.5 24.38028913262088 22.257537875301043
117.0 24.381060339290094 22.257156460681877
117.5 24.381793111576346 22.25676598612459
118.0 24.382537287307674 22.2563896643608
118.5 24.38331121893887 22.25601158056147
119.0 24.384035910830715 22.255639195956995
119.5 24.384780896086863 22.255266649758518
120.0 24.385530635416764 22.25489452384142
120.5 24.386286281855604 22.254527218168285
121.0 24.387046832160493 22.25417194637899
121.5 24.38778339334997 22.253814952528202
122.0 24.38853998650685 22.253455007179646
122.5 24.38929719860894 22.253103924998257
123.0 24.390058609439492 22.252751373644944
123.5 24.390797617574528 22.252405325642076
124.0 24.391557297799146 22.2520547995431
124.5 24.39231160887509 22.251716304241647
125.0 24.39306971263923 22.25138144236889
125.5 24.393811444501342 22.251042421577797
126.0 24.394568055545577 22.25070897636111
126.5 24.395326677774378 22.25037410806968
127.0 24.396100618197597 22.250048463927317
127.5 24.396852271206207 22.249728019415564
128.0 24.39761015358352 22.249404259616558
128.5 24.398374047642328 22.24908686476752
129.0 24.39912645708239 22.248770238549383
129.5 24.399887400685543 22.248463875916826
130.0 24.40065416971494 22.248152144378842
130.5 24.401403375294194 22.247850330102068
131.0 24.402175443850474 22.247544283381636
131.5 24.40293519302869 22.247241058332456
132.0 24.403706013493252 22.246948764071877
132.5 24.404472126307184 22.24665625051014
133.0 24.40523456216162 22.24636148003128
133.5 24.405995158842124 22.2460754499616
134.0 24.406770899935562 22.24579502717436
134.5 24.407532491702693 22.24550834485589
135.0 24.40829804429785 22.245227292713203
135.5 24.409052090063092 22.244962596123933
136.0 24.40983144814915 22.244686780069816
136.5 24.410596191788244 22.244416763378258
137.0 24.41137847872648 22.24414890656518
137.5 24.4121509139512 22.243881035848464
138.0 24.412908377978848 22.243618775552847
