FastTrWP/PhaseSpace/IAs/snIa_0.6_20_1_0.0.csv
# %ECSV 0.9
# ---
# datatype:
# - {name: time-rel, datatype: float64}
# - {name: g, datatype: float64}
# - {name: i, datatype: float64}
# schema: astropy-2.0
time-rel g i
[from data line 335]
153.625 -25.969966457583883 -27.308534267604152
154.125 -25.972462875040048 -27.310349450147626
154.625 -25.974940542967538 -27.31214552068774
155.125 -25.977414084007897 -27.31393645967102
155.625 -25.979859283952102 -27.315718196899304
156.125 -25.982294936050423 -27.317506407442906
156.625 -25.984732824753962 -27.31926905379675
157.125 -25.987126929753977 -27.321034390179136
157.625 -25.98951251597517 -27.32279959190381
158.125 -25.991902207876127 -27.32454850603434
158.625 -25.994265934745346 -27.326289980083892
159.125 -25.996625585496204 -27.328029104688902
159.625 -25.998966346521986 -27.329765665731614
160.125 -26.001294808212435 -27.331493467782696
160.625 -26.003627728784977 -27.333224370135927
161.125 -26.005960870473302 -27.334949831838486
161.625 -26.008276813022384 -27.336664146297323
162.125 -26.010608134691587 -27.33838216052511
162.625 -26.012897440447823 -27.34009467394722
163.125 -26.01521343295869 -27.341809485265497
163.625 -26.017530528303688 -27.34351445043188
164.125 -26.01981740990516 -27.345216491110524
164.625 -26.02210113990891 -27.3469056210946
165.125 -26.024395102229427 -27.348604431399345
165.625 -26.026661838695343 -27.350300077771532
166.125 -26.02892528551125 -27.351989675745756
166.625 -26.031199928932452 -27.353667225665646
167.125 -26.033446700834947 -27.355343749858797
167.625 -26.035704176492867 -27.35702503657876
168.125 -26.037948918232154 -27.35869680452081
168.625 -26.040183914491926 -27.36036325453805
169.125 -26.04242468741535 -27.36202444381428
169.625 -26.044650672388407 -27.36368449869905
170.125 -26.046855247959417 -27.365341780399703
170.625 -26.049078735749806 -27.366994191352706
171.125 -26.05127550979466 -27.36863886185823
171.625 -26.053472856252966 -27.370273759794088
172.125 -26.055655119142177 -27.371922096391124
172.625 -26.057833495942226 -27.37354905676311
173.125 -26.05999242978653 -27.375183988979508
173.625 -26.062168766074674 -27.376808580174085
174.125 -26.064324748219022 -27.378427225569773
174.625 -26.066464802397178 -27.38003876075981
175.125 -26.068614605992884 -27.381657300893195
175.625 -26.070743252604395 -27.38326605656559
176.125 -26.0728687865074 -27.38487225394319
176.625 -26.07498051516913 -27.38645748486421
177.125 -26.077096800129166 -27.38805410087457
177.625 -26.07918612848676 -27.389645321501664
178.125 -26.08127996310472 -27.391237541149284
178.62499999999997 -26.08335186401979 -27.39281535530538
179.125 -26.08542815655419 -27.394390764182802
179.625 -26.087491020847892 -27.395952024530025
180.12499999999997 -26.089535173340145 -27.397522300601437
180.625 -26.091584473125494 -27.3990786125957
181.125 -26.093634409445308 -27.40064213198178
181.62499999999997 -26.09566329563132 -27.402187087141513
182.125 -26.097672147444943 -27.403731567932056
182.625 -26.099680717817556 -27.405278602150666
183.12499999999997 -26.10166414308069 -27.40680782104759
183.625 -26.103666710260384 -27.408348652281596
184.125 -26.10564462502261 -27.40987348768109
184.62499999999997 -26.107603248783526 -27.411384778583553
185.125 -26.109566300259395 -27.412905436281655
185.625 -26.11151829468321 -27.414414311152594
186.12499999999997 -26.11344695634181 -27.41591435880702
186.625 -26.115389259702205 -27.417422185888555
187.125 -26.11732174832291 -27.418915881205628
187.62499999999997 -26.119207233500642 -27.4204028300325
188.125 -26.121109352004417 -27.42188220063764
188.625 -26.122984227715396 -27.42336647297784
189.12499999999997 -26.12488018594143 -27.424843484142492
189.625 -26.126729985990707 -27.42630782998289
190.125 -26.128593735195626 -27.42777191293967
190.62499999999997 -26.130433111860867 -27.42922650708732
191.125 -26.13226700519037 -27.430681204595466
191.625 -26.134084524966337 -27.432123144956876
192.12499999999997 -26.13589963861651 -27.433565696343937
192.625 -26.137700270013884 -27.435000161310864
193.125 -26.139499042466593 -27.436428914481837
193.62499999999997 -26.141265663022235 -27.437857515252347
194.125 -26.14303549459013 -27.43926995261246
194.625 -26.144791491056864 -27.4406842006143
195.12499999999997 -26.146554609953583 -27.442091667717577
195.625 -26.148266167977347 -27.443492474558674
196.125 -26.150004497762076 -27.44488706065084
196.62499999999997 -26.151712157645015 -27.44628255291967
197.125 -26.153401653721552 -27.44766048150077
197.625 -26.15508543958002 -27.449040339506382
198.12499999999997 -26.15676511554261 -27.45041811393181
198.625 -26.158438841932817 -27.45178742583453
199.125 -26.16010324952779 -27.453152515346506
199.62499999999997 -26.161753174958626 -27.45450717529566
200.125 -26.163406388216913 -27.455872858833303
200.625 -26.165037253748086 -27.457222833604504
201.12499999999997 -26.16667367670015 -27.45856479938322
201.625 -26.168270930316883 -27.459907892028884
202.125 -26.169907091428275 -27.46124906311957
202.62499999999997 -26.171502061510378 -27.46258056319403
203.125 -26.173093316061404 -27.463919469197833
203.625 -26.174696025534402 -27.465242550254494
204.12499999999997 -26.176276850967177 -27.466569391646875
204.625 -26.17785897297236 -27.467883398379787
205.125 -26.179414783565285 -27.4691908545196
205.62499999999997 -26.180977087414227 -27.470494405103683
206.125 -26.182527771565564 -27.47180633168069
206.625 -26.184067685334522 -27.473099166472423
207.12499999999997 -26.185606093378027 -27.47440934047956
207.625 -26.187147985130387 -27.475702116397894
208.125 -26.188661578997436 -27.47697914031373
208.62499999999997 -26.19016688438743 -27.478273100292036
209.125 -26.191677162605487 -27.479544768353243
209.625 -26.193174760346693 -27.48082016660313
210.12499999999997 -26.194650310824507 -27.482088087451423
210.625 -26.196125546757266 -27.483351629606645
211.125 -26.197599874205025 -27.48461819780926
211.62499999999997 -26.199072940246502 -27.485878164620154
212.125 -26.200526904215977 -27.487121059262655
212.625 -26.201953824926857 -27.48837526481489
213.12499999999997 -26.203423044709858 -27.489614402975366
213.625 -26.204839889051158 -27.49085549211692
214.125 -26.20627226067394 -27.492091745842533
214.62499999999997 -26.207688222940497 -27.49332876913757
215.125 -26.209101563845003 -27.494556810815205
215.625 -26.21050520613764 -27.495780371344146
216.12499999999997 -26.21189378872886 -27.49699865308941
216.625 -26.213278843100806 -27.49821563337662
217.125 -26.214650021856563 -27.49942453892683
217.62499999999997 -26.21602928046668 -27.50063242918008
218.125 -26.217396121971547 -27.501833985820877
218.625 -26.218742818062477 -27.50303161737403
219.12499999999997 -26.220093604532053 -27.504222482499397
219.625 -26.221431830579238 -27.505405928809225
220.125 -26.222771244101914 -27.506587350975863
220.62499999999997 -26.224095317114493 -27.507774148335592
221.125 -26.22540933501434 -27.508949901215246
221.625 -26.226721936770385 -27.51012543304636
222.12499999999997 -26.22802192702004 -27.511293700302197
222.625 -26.22930365289069 -27.512453836842703
223.125 -26.230600673857932 -27.513620494427315
223.62499999999997 -26.231881434410308 -27.51477034271697
224.125 -26.233141024526624 -27.515918833515578
224.625 -26.234398975388046 -27.517067951435592
225.12499999999997 -26.23565312425987 -27.51821532909196
225.625 -26.236901907486775 -27.519351794277433
226.125 -26.2381432218867 -27.520487471278393
226.62499999999997 -26.239374725992022 -27.521614086599577
227.125 -26.240598272050736 -27.522739421396803
227.625 -26.241822082075647 -27.523864207389394
228.12499999999997 -26.24301637725327 -27.52498526538107
228.625 -26.24422044968306 -27.526102387848347
229.125 -26.24541960227523 -27.52720238644779
229.62499999999997 -26.246598996289524 -27.52830557083736
230.125 -26.24777255632906 -27.52940999161852
230.625 -26.248953895420716 -27.530502401684576
231.12499999999997 -26.250109084438886 -27.5315951212133
231.625 -26.251261511604675 -27.532684666107553
232.125 -26.252406909951485 -27.533770765416886
232.62499999999997 -26.253541707352646 -27.534851705269972
233.125 -26.254674427281874 -27.53593187730499
233.625 -26.25580184135371 -27.536998525816323
234.12499999999997 -26.256918344874354 -27.538061836855675
234.625 -26.258022555011536 -27.539123952426053
235.125 -26.259122690786704 -27.540184077229956
235.62499999999997 -26.260228991878552 -27.541241373605025
236.125 -26.261296562019716 -27.542287275965368
236.625 -26.26238151564884 -27.543342037561867
237.12499999999997 -26.263446780103887 -27.544381835950446
237.625 -26.264511430888646 -27.54542635868001
238.125 -26.26557187226741 -27.546457864114778
238.62499999999997 -26.266624495013872 -27.5474829572289
239.125 -26.267669536423455 -27.548523840271507
239.625 -26.268707374514175 -27.549545663930562
240.12499999999997 -26.269752552905068 -27.550570264404183
240.625 -26.270767321921404 -27.551583690138678
241.125 -26.271790275569103 -27.552604806246627
241.62499999999997 -26.27282082977787 -27.55361018668537
242.125 -26.273827257275425 -27.554618752653248
242.625 -26.274829489527182 -27.555626559960448
243.125 -26.275828041900503 -27.556621136629712
243.625 -26.276811628499015 -27.557621400504836
244.125 -26.27778988926174 -27.558610597845693
244.625 -26.27877431799388 -27.559607259017433
245.125 -26.279739519615216 -27.560598419229567
245.625 -26.280692455728115 -27.56157627555842
246.125 -26.28163976356496 -27.56255126768275
246.625 -26.282595115669416 -27.563518690899087
247.125 -26.283533376789986 -27.56449838411924
247.625 -26.284471958278633 -27.565459669673594
248.125 -26.285389379364496 -27.566427891297806
248.625 -26.286317799736917 -27.56739261271359
249.125 -26.28724204196303 -27.56834626325947
249.625 -26.288137898473487 -27.56930271755079
250.125 -26.289037249067277 -27.57024943915658
250.625 -26.28993537563948 -27.571193553442882
251.125 -26.29083344261367 -27.5721394622284
251.625 -26.291707677074257 -27.573076114785305
252.125 -26.292585096896186 -27.574001482891592
252.625 -26.293455452715854 -27.57494024650336
253.125 -26.29430673106981 -27.57586541648177
253.625 -26.295173116877038 -27.576778782112488
254.125 -26.296020136838084 -27.577697849088594
254.625 -26.296852978624187 -27.57862132475415
255.125 -26.297694032580395 -27.579541016475435
255.625 -26.298512480639047 -27.580440440011976
256.125 -26.299340598853362 -27.58134865424538
256.625 -26.300151453149724 -27.58224718298989
257.125 -26.300951257705243 -27.583150785723394
257.625 -26.301758873807493 -27.584036301360122
258.125 -26.302558665291404 -27.58492750228068
258.625 -26.303339762796018 -27.585817254264153
259.125 -26.30411678357721 -27.586692524204576
259.625 -26.30490175061222 -27.587573556512766
260.125 -26.305648899511745 -27.588445519834593
260.625 -26.306404589894257 -27.58931391297814
261.125 -26.30714756043572 -27.590185035404843
261.625 -26.307900267725476 -27.591049718432508
262.125 -26.308634092827766 -27.591902128752515
262.625 -26.309376159339163 -27.592758551735418
263.125 -26.310096360409396 -27.593612260310906
263.625 -26.310806296863227 -27.594460391571616
264.125 -26.311517760827556 -27.595302317571782
264.625 -26.31221744855481 -27.596143349867695
265.125 -26.31291920238173 -27.596977000534263
265.625 -26.313590227956748 -27.5978084902486
266.125 -26.31428133570396 -27.59863737459931
266.625 -26.314948287008598 -27.59945654616594
267.125 -26.31562141379705 -27.60027618387424
267.625 -26.316269574196394 -27.601094487819346
268.125 -26.316919709708472 -27.601909257135834
268.625 -26.317564954490663 -27.602722185012418
269.125 -26.318195063391762 -27.60352175593155
269.625 -26.318830090205235 -27.604333541792055
270.125 -26.31945722734389 -27.60512020571866
270.625 -26.320067806056397 -27.60591935921599
271.125 -26.32067349880943 -27.606700032529353
271.625 -26.3212729658361 -27.607488196120773
272.125 -26.321870436056834 -27.608271745271203
272.625 -26.32245620104163 -27.60904624939007
273.125 -26.323021758598316 -27.6098169706219
273.625 -26.323606322434614 -27.61059505382484
274.125 -26.324159633900386 -27.61135928244847
274.625 -26.324724035118624 -27.612115756221925
275.125 -26.325267732458286 -27.612878506943552
275.625 -26.325808565553142 -27.613629495793447
276.125 -26.32634568866887 -27.61437563685663
276.625 -26.32685237369183 -27.615119024244017
277.125 -26.327385516496392 -27.615863844938126
277.625 -26.327896016418645 -27.616599615945894
278.125 -26.32838772960373 -27.617335921046102
278.625 -26.328895022926776 -27.61806282009131
279.125 -26.32937285721386 -27.618796865119577
279.625 -26.329869996310528 -27.619516354695357
280.125 -26.330340556533237 -27.620231684656908
280.625 -26.330811989951197 -27.62094329021762
281.125 -26.331275589581015 -27.621651558395044
281.625 -26.331717592181057 -27.62236418921205
282.125 -26.332172839627926 -27.623067171631142
282.625 -26.3326200075023 -27.623769306725162
283.125 -26.333063695156852 -27.624463605957665
283.625 -26.333492576023154 -27.62515505825487
284.125 -26.333903222407613 -27.625844263891377
284.625 -26.33430580548228 -27.6265319045906
285.125 -26.334732253829976 -27.6272125779763
285.625 -26.3351273616584 -27.62789311077784
286.125 -26.335519099361516 -27.628570408045604
286.625 -26.33591861172199 -27.629235603662025
287.125 -26.336293466908906 -27.629909087220135
287.625 -26.336657065768115 -27.630571706647984
288.125 -26.337028824084932 -27.631229950298007
288.625 -26.337393377333285 -27.631886985885533
289.125 -26.337754070492196 -27.632545636268354
289.625 -26.338094417423527 -27.633194622870043
290.125 -26.33844814102202 -27.633843583016695
290.625 -26.338773311533036 -27.63448927780681
291.125 -26.33911623806887 -27.63513009365378
291.625 -26.339433120632748 -27.635768507500586
292.125 -26.339745053159255 -27.63639852841651
292.625 -26.34006346214012 -27.637033439832837
293.125 -26.34036904475888 -27.63765807141771
293.625 -26.34067652244495 -27.63828969581651
294.125 -26.34096437525625 -27.638913476491403
294.625 -26.34124803503619 -27.63952802607224
295.125 -26.341537643298622 -27.640142186034694
295.625 -26.34181838773436 -27.640758585085887
296.125 -26.342077832990856 -27.64136652306373
296.625 -26.34234644263449 -27.641972830413494
297.125 -26.342596225149197 -27.642583428212525
297.625 -26.342854488483212 -27.64316907958149
298.125 -26.343103469875594 -27.64377784915189
298.625 -26.34335189406977 -27.644366323645613
299.125 -26.343579846419935 -27.644961370109414
299.625 -26.34380511449085 -27.645549564414633
300.125 -26.344038283431516 -27.646140529706816
300.625 -26.34425846624592 -27.646719607895292
301.125 -26.34447171851388 -27.64729979824461
301.625 -26.34468015796619 -27.647875524798028
302.125 -26.344867610654312 -27.648449057794338
302.625 -26.345066586865418 -27.64902722052286
303.125 -26.3452641494111 -27.64959441329228
303.625 -26.345455640020703 -27.65015797490756
304.125 -26.3456189570392 -27.650720490138333
304.625 -26.34580912056457 -27.651287573420618
305.125 -26.34596962790521 -27.651842578485116
305.625 -26.346132345600623 -27.652402489939405
306.125 -26.34628859849233 -27.652950783434544
306.625 -26.346448550329814 -27.653497508894848
307.125 -26.346589154383857 -27.654058128837843
307.625 -26.34672649022974 -27.654599097952442
308.125 -26.34686956686619 -27.655140948563872
308.625 -26.347005189154565 -27.65568239679261
309.125 -26.347139620732275 -27.65622754221933
309.625 -26.34724167234082 -27.65675591047763
310.125 -26.34736674631504 -27.657280715333393
310.625 -26.3474814306492 -27.657814791702325
311.125 -26.34758940596999 -27.658347468881583
311.625 -26.347691991123718 -27.658872067504397
312.125 -26.34780428644992 -27.65939414829277
312.625 -26.34788578296146 -27.659912847807465
313.125 -26.347962100863086 -27.660436822649245
313.625 -26.348044718635748 -27.660942743916443
314.125 -26.348123089470565 -27.661456560574518
314.625 -26.348184691246228 -27.66195927963424
315.125 -26.348247005887035 -27.662467295814434
315.625 -26.34828636860068 -27.662959398529612
316.125 -26.34833253670078 -27.66345744969655
316.625 -26.348371348499754 -27.66395212470407
