FastTrWP/PhaseSpace/IAs/snIa_0.50_30.00_2.61_0.14.csv
# %ECSV 0.9
# ---
# datatype:
# - {name: time-rel, datatype: float64}
# - {name: g, datatype: float64}
# - {name: i, datatype: float64}
# schema: astropy-2.0
time-rel g i
[from data line 1430]
291.9999999999999 23.824661970684133 22.300705786448823
292.5 23.82575291397558 22.300990302402607
293.0 23.826844765968794 22.30126342553438
293.4999999999999 23.827934654085237 22.30155250595874
294.0 23.82905076094062 22.301838556494346
294.5 23.830143879228633 22.30211715310591
294.9999999999999 23.831240544428486 22.302398366107173
295.5 23.832333407038288 22.3026791973211
296.0 23.833441135517624 22.302966794999413
296.4999999999999 23.83454854363366 22.303250469694262
297.0 23.8356652889425 22.30353120499878
297.5 23.836750456258287 22.30382119129353
297.9999999999999 23.837844479340404 22.304107051454395
298.5 23.838956523325333 22.30439055200552
299.0 23.840057347349646 22.304678774331844
299.4999999999999 23.841162111324433 22.30496270141942
300.0 23.842261031718756 22.30524679135799
300.5 23.843369606646455 22.305540435304827
300.9999999999999 23.844483773452758 22.30581843195069
301.5 23.84560778363617 22.306115763198967
302.0 23.846704133958436 22.30639726998614
302.4999999999999 23.847810894224914 22.30668307684948
303.0 23.84892656807718 22.30697464496473
303.5 23.850042283297995 22.307260875491345
303.9999999999999 23.85115495009803 22.307559183521324
304.5 23.8522712340294 22.307855135698258
305.0 23.853384761031645 22.30814250683132
305.4999999999999 23.854498268651486 22.30844113243478
306.0 23.855618777731053 22.308737806750315
306.5 23.856733161217196 22.309028244800658
306.9999999999999 23.857843477299184 22.309325839268546
307.5 23.858979291609835 22.3096241731575
308.0 23.86009825274671 22.30992142935427
308.4999999999999 23.86121762153168 22.310213165321194
309.0 23.86234452450507 22.31052494586633
309.5 23.86345928050199 22.31081854588947
309.9999999999999 23.864589706452 22.31112510134388
310.5 23.865708030446925 22.31142328441649
311.0 23.86685690189836 22.31172372031642
311.4999999999999 23.86797557903323 22.31203425540461
312.0 23.869100508124383 22.312334822271286
312.5 23.87023792438385 22.312639381866
312.9999999999999 23.871344947285962 22.312950543951263
313.5 23.872493437338377 22.31325697536089
314.0 23.87363044241003 22.3135570756247
314.4999999999999 23.874757201115585 22.31387288039585
315.0 23.87589843692262 22.3141768954578
315.5 23.877033721383608 22.314479950939745
315.9999999999999 23.878179290496597 22.314791445971686
316.5 23.879302877182113 22.31510589408128
317.0 23.880442037997256 22.31541868427147
317.4999999999999 23.881596799227935 22.31572148659971
318.0 23.88271635144779 22.316038789162675
318.5 23.88385642393378 22.31634544328636
318.9999999999999 23.884994463978146 22.31666471088534
319.5 23.886142437680718 22.316989262610303
320.0 23.887290671600994 22.31729300582217
320.4999999999999 23.888444127234614 22.31761016075964
321.0 23.889589097111884 22.317929820186283
321.5 23.890733279903426 22.31824487606278
321.9999999999999 23.891880558169717 22.318563567993323
322.5 23.8930363139805 22.31888372959596
323.0 23.89418138239552 22.319196615405836
323.4999999999999 23.895333624730114 22.31951557311175
324.0 23.896475963947886 22.319836621672017
324.5 23.897636671272203 22.32015293686866
324.9999999999999 23.898790824925477 22.320469801784807
325.5 23.899951007765623 22.320795617996797
326.0 23.901100356369206 22.321116562188003
326.4999999999999 23.90226177319922 22.321437105683877
327.0 23.90340639480245 22.321760897751496
327.5 23.904576183465046 22.322087156990833
327.9999999999999 23.905728678190698 22.3224057495751
328.5 23.906889609377533 22.322730724060836
329.0 23.90803980013351 22.323054229431293
329.4999999999999 23.909213796520625 22.323382214702598
330.0 23.91036652299555 22.323702972579728
330.5 23.9115414493418 22.324034735985915
330.9999999999999 23.912694607547383 22.32435420456138
331.5 23.913863141593694 22.32468610407368
332.0 23.91502182684002 22.325014303263476
332.4999999999999 23.916186436680587 22.32533722761756
333.0 23.917360118375925 22.325665774868853
333.5 23.918530458239875 22.32599466606032
333.9999999999999 23.919702153818108 22.326332205954934
334.5 23.920873973655713 22.326646570878452
335.0 23.922032988277007 22.326982079417764
335.4999999999999 23.923213855449617 22.327312298952954
336.0 23.92438346181541 22.32763707081282
336.5 23.925553370961428 22.32796953360073
336.9999999999999 23.92674886088043 22.32830266504422
337.5 23.92790831319257 22.3286389107545
338.0 23.9290860934682 22.3289689221347
338.4999999999999 23.930257064377912 22.32930383483124
339.0 23.931441569511183 22.329631274439542
339.5 23.932618138907088 22.32996911538479
339.9999999999999 23.933806606314572 22.330304055348357
340.5 23.93498017967802 22.33063973051547
341.0 23.93616889850794 22.330979032480407
341.4999999999999 23.937352117403258 22.3313078874888
342.0 23.93852618489938 22.331646993991015
342.5 23.93970938815059 22.331980967518984
342.9999999999999 23.940902993123693 22.332325350931008
343.5 23.942087426871367 22.33266346527259
344.0 23.943265270269606 22.332997592291207
344.4999999999999 23.94446018140915 22.33334097397895
345.0 23.945654119547978 22.333679032862136
345.5 23.946830466537023 22.33402297587432
345.9999999999999 23.94802119190039 22.334359495185755
346.5 23.949225648779063 22.334700881347214
347.0 23.950418601526454 22.33504332556498
347.4999999999999 23.951605443794225 22.3353910619387
348.0 23.95281974982322 22.335733415793815
348.5 23.953995858911444 22.33607747888438
348.9999999999999 23.955190400559793 22.336416468778566
349.5 23.956403451540666 22.336762288120838
350.0 23.957591918245388 22.337110987854555
350.4999999999999 23.95878400714773 22.337454544571138
351.0 23.959986484357792 22.337812551406138
351.5 23.961197050342665 22.33814514280555
351.9999999999999 23.962399926011035 22.338504203466762
352.5 23.963613147253724 22.33884631047004
353.0 23.964808953762883 22.339195522998065
353.4999999999999 23.96601722584441 22.339548550119623
354.0 23.967223390605913 22.33990042016309
354.5 23.968442512748535 22.34024898399837
354.9999999999999 23.969640167531374 22.340600896619776
355.5 23.970852822997195 22.34095382011356
356.0 23.972047151613882 22.34130799946663
356.4999999999999 23.973278587741174 22.341658021425225
357.0 23.97448820534705 22.342008917448858
357.5 23.975704406743084 22.342366010337578
357.9999999999999 23.976902951597758 22.342721514608748
358.5 23.978125010491983 22.343069046698922
359.0 23.979347190347653 22.343427839405088
359.4999999999999 23.980569089804238 22.34378318662141
360.0 23.98177036265308 22.34414062564077
360.5 23.983012795377014 22.344501211860948
360.9999999999999 23.98422923395151 22.3448544135259
361.5 23.985445787018325 22.34521365660653
362.0 23.98667032532913 22.345572983964118
362.4999999999999 23.98788726867302 22.34593131389889
363.0 23.989116298110833 22.346289127270364
363.5 23.990359327554536 22.346648422231333
363.9999999999999 23.991572711230855 22.347012038824317
364.5 23.99281159512091 22.347377741798766
365.0 23.994052154440688 22.347737816092494
365.4999999999999 23.995263381460916 22.348095751921587
366.0 23.99650892299393 22.34846089261859
366.5 23.997734634736116 22.34882241930652
366.9999999999999 23.998957350807736 22.349185309388663
367.5 24.000207504927936 22.34954954659659
368.0 24.001441152119142 22.349915241244474
368.4999999999999 24.00267887865055 22.350279819791567
369.0 24.00391732275274 22.35064318859819
369.5 24.005161558483632 22.351010806445863
369.9999999999999 24.00639610670112 22.35138072080547
370.5 24.00764008225965 22.351751073894146
371.0 24.008889507915367 22.35211816646423
371.4999999999999 24.01013353988535 22.352480228001678
372.0 24.01138686998 22.352847865672707
372.5 24.01263004052765 22.353217600198185
372.9999999999999 24.013882722994918 22.353590989598146
373.5 24.015114289178765 22.35395969045996
374.0 24.01636686957511 22.354331363790685
374.4999999999999 24.017621366815867 22.354701219657382
375.0 24.018867970385692 22.35507699031168
375.5 24.02014293452782 22.3554481686952
375.9999999999999 24.02138497877269 22.35581832793389
376.5 24.022637711767644 22.356194561781276
377.0 24.023889669233228 22.356568026142508
377.4999999999999 24.025165760060986 22.356942495529037
378.0 24.026423978806868 22.35731215572686
378.5 24.027680122180016 22.357691311435623
378.9999999999999 24.028936675289398 22.358060636483902
379.5 24.03020371292304 22.358449337113804
380.0 24.031455033679308 22.358828135994727
380.4999999999999 24.03272327900377 22.359201644732654
381.0 24.034006027212026 22.359580928024286
381.5 24.035262587118822 22.35995607533846
381.9999999999999 24.036528040250666 22.360340297091685
382.5 24.037782131152284 22.360718939031102
383.0 24.039074670656365 22.3610985834851
383.4999999999999 24.040348277553893 22.36148419327863
384.0 24.041612265995177 22.361860340779693
384.5 24.042887508126213 22.362243422564106
384.9999999999999 24.044156854777917 22.362622477646358
385.5 24.04544531698302 22.36301007223464
386.0 24.046718787717786 22.363394273003436
386.4999999999999 24.047993010311522 22.363774493725145
387.0 24.04927252247621 22.364164850360083
387.5 24.05055278355821 22.364553455255958
387.9999999999999 24.05184338843059 22.36493904436768
388.5 24.053105718302955 22.365322532124235
389.0 24.05440092239803 22.36571192795416
389.4999999999999 24.055691264825633 22.366091558042257
390.0 24.056980287343354 22.366489972980986
390.5 24.05826748156198 22.366873972736713
390.9999999999999 24.059557430905237 22.36725492069331
391.5 24.060840036526592 22.36764952494123
392.0 24.06213127377916 22.368047897182564
392.4999999999999 24.06342598331849 22.368431939306195
393.0 24.064729216799318 22.368826999579227
393.5 24.066021399469385 22.369214719779137
393.9999999999999 24.067321262397382 22.369610950657368
394.5 24.068616775200738 22.370004266254927
395.0 24.06992331534831 22.37039461776867
395.4999999999999 24.07121345278739 22.37078610324716
396.0 24.072503929420854 22.37118288168
396.5 24.073812389883805 22.371583632403794
396.9999999999999 24.075124709986838 22.371981101689297
397.5 24.076440507626057 22.372370194338917
398.0 24.07773149181938 22.372771017926976
398.4999999999999 24.079045239559544 22.3731659550478
399.0 24.08035089109199 22.373565244910537
399.5 24.081670597105294 22.373963903872024
399.9999999999999 24.082981829317323 22.374360291879356
400.5 24.084282598334063 22.37476342522537
401.0 24.085613785160355 22.375164680237805
401.4999999999999 24.086930274513264 22.375566381119988
402.0 24.08825602127779 22.375964333128927
402.5 24.089560852250393 22.376368545648507
402.9999999999999 24.090889554548603 22.37677152423416
403.5 24.09221530091441 22.377179080435088
404.0 24.093544389972 22.37757449760626
404.4999999999999 24.09485781306994 22.3779809072968
405.0 24.096195266327598 22.37838171163791
405.5 24.09751541620127 22.37879192544391
405.9999999999999 24.09883322333758 22.379190423283152
406.5 24.100181241299193 22.379603067328276
407.0 24.101518040524592 22.38000475523583
407.4999999999999 24.102836220367085 22.3804182580432
408.0 24.104186910456665 22.38082090348838
408.5 24.105520761664444 22.3812312816343
408.9999999999999 24.106852799612266 22.381639097305836
409.5 24.108198266118798 22.382045038891107
410.0 24.1095382298351 22.38245852054792
410.4999999999999 24.110878033236432 22.382863213919087
411.0 24.112215431663458 22.383274122194493
411.5 24.113561093587204 22.38368471699328
411.9999999999999 24.11492704434645 22.384098277949587
412.5 24.116281028054214 22.384501615324606
413.0 24.11762264638449 22.38491551845627
413.4999999999999 24.11898009361647 22.385319761051193
414.0 24.12034190416861 22.38573028177057
414.5 24.12170015109693 22.38614403761482
414.9999999999999 24.123049232474653 22.38655851683887
415.5 24.12442836419965 22.386967226009915
416.0 24.12577550240947 22.387374550287596
416.4999999999999 24.127142753447295 22.387796845278004
417.0 24.12851092634186 22.388209307318164
417.5 24.129867883141284 22.388623643381447
417.9999999999999 24.131241324849473 22.389039622644958
418.5 24.13261174085934 22.38944931137221
419.0 24.133979874828775 22.38986067643031
419.4999999999999 24.13535814321626 22.390280343662102
420.0 24.13674299004212 22.390704309906372
420.5 24.13809386629559 22.391113350890343
420.9999999999999 24.139495688143434 22.391533407225523
421.5 24.14086506079302 22.391950732367828
422.0 24.142242184515034 22.392366916967408
422.4999999999999 24.143639213012786 22.392782722718607
423.0 24.14502584798583 22.393198030431346
423.5 24.146392698631743 22.393627754319564
423.9999999999999 24.147803575748572 22.394047461585345
424.5 24.14916742775356 22.394477219803598
425.0 24.150574259674023 22.394894281030023
425.4999999999999 24.151943971888596 22.39531421856144
426.0 24.15333170382182 22.395736487493664
426.5 24.154745125662387 22.39616347091046
426.9999999999999 24.156117683945354 22.39658530183286
427.5 24.157526874635007 22.397017300894024
428.0 24.158920851763895 22.39744005634155
428.4999999999999 24.160317728688767 22.397864916004714
429.0 24.1617264549026 22.398303513610955
429.5 24.163122357553746 22.398726033063177
429.9999999999999 24.164518897170055 22.39916045118072
430.5 24.16592324329454 22.39959479850488
431.0 24.167334428205454 22.40002261992924
431.4999999999999 24.168741504160984 22.400455480015275
432.0 24.170148995385425 22.400893331868083
432.5 24.171571683617955 22.401328633357075
432.9999999999999 24.17295826618348 22.40176234537406
433.5 24.17437564530821 22.40220110371887
434.0 24.175788956971132 22.402640847179164
434.4999999999999 24.17719631868843 22.40307642416019
435.0 24.1786146434086 22.40352483515652
435.5 24.180029239897447 22.403949743279995
435.9999999999999 24.181442420616687 22.40440299537145
436.5 24.18287322369084 22.40483994362662
437.0 24.18427898700856 22.405293120845506
437.4999999999999 24.185703990819917 22.405738375616725
438.0 24.187125327487973 22.40618519262981
438.5 24.188543446425466 22.40663659309395
438.9999999999999 24.189964607997553 22.407087809005745
439.5 24.191377183675126 22.40753588572916
440.0 24.192816594828244 22.40798621280821
440.4999999999999 24.194219700534116 22.408439414066525
441.0 24.195652398702173 22.408899282078607
441.5 24.19708176941885 22.409350961090723
441.9999999999999 24.198505183459076 22.409810676304748
442.5 24.199940787015727 22.410273048816407
443.0 24.201372728671448 22.410730686850684
443.4999999999999 24.202797577326145 22.41119430133629
444.0 24.20422674693915 22.411653441821954
444.5 24.20565746479918 22.412119515127593
444.9999999999999 24.207104326577095 22.41259210351531
445.5 24.20852751479903 22.413059684392223
446.0 24.209966286669523 22.413524703035414
446.4999999999999 24.211399882982427 22.413988052309627
447.0 24.21282378985036 22.41446152477897
447.5 24.21427878644002 22.414929072337948
447.9999999999999 24.215723300227587 22.4153986577401
448.5 24.21715617176953 22.41586863048994
449.0 24.21859574142647 22.416340750919215
449.4999999999999 24.22004698428921 22.41681487489151
450.0 24.221493263980708 22.417294165135843
450.5 24.22291941156667 22.417773995633095
450.9999999999999 24.224372287559056 22.418242558185327
451.5 24.22583437358338 22.41872273482815
452.0 24.227291858007654 22.41920043650554
452.4999999999999 24.22873316232095 22.419682010503553
453.0 24.230189612651742 22.420155089281927
453.5 24.231648962007224 22.420640488817853
453.9999999999999 24.233090857244584 22.421116418637595
454.5 24.234552623220097 22.421608009996593
455.0 24.236007600283443 22.422092592543613
455.4999999999999 24.237494982867712 22.422581946686492
456.0 24.238936225095777 22.423057605848697
456.5 24.24039767575689 22.423547671917774
456.9999999999999 24.24187221669922 22.424031861877204
457.5 24.243316563443503 22.42452954242172
458.0 24.24479681005024 22.425023418105056
458.4999999999999 24.24627068855724 22.425505081462823
459.0 24.247734416022396 22.42600199965557
459.5 24.24920732417426 22.426494278776342
459.9999999999999 24.250667223903637 22.426994842051666
460.5 24.25213756962053 22.42748621538413
