FastTrWP/PhaseSpace/IAs/snIa_0.36_30.00_1.62_0.04.csv
# %ECSV 0.9
# ---
# datatype:
# - {name: time-rel, datatype: float64}
# - {name: g, datatype: float64}
# - {name: i, datatype: float64}
# schema: astropy-2.0
time-rel g i
[from data line 700]
-75.0 22.94341638263746 22.641954512701382
-74.5 22.942485536410228 22.640793956034123
-74.0 22.941546555959953 22.639638403274883
-73.5 22.940603920324012 22.6384911309492
-73.0 22.939683269440817 22.63734863032412
-72.5 22.93876513305905 22.636213883165873
-72.0 22.93784144585935 22.63507755691245
-71.5 22.936938954418963 22.633944728761893
-71.0 22.936042129812847 22.632819723791442
-70.5 22.935142816353085 22.631691281344946
-70.0 22.93426228728141 22.630574834381374
-69.5 22.933367451605818 22.629468333282475
-69.0 22.932494423059865 22.628357600191364
-68.5 22.931631340420793 22.627258120243205
-68.0 22.930759565593526 22.62615690052575
-67.5 22.929905534893777 22.625062728024567
-67.0 22.92905030686851 22.623977246132256
-66.5 22.928216142720586 22.622888156666793
-66.0 22.927376523910368 22.621800225067723
-65.5 22.92654366422553 22.62072781785364
-65.0 22.92571803076291 22.6196600486916
-64.5 22.924901898283537 22.61859378619807
-64.0 22.92409045983007 22.617533984766972
-63.5 22.92328896698542 22.616464265997735
-63.0 22.92248556172829 22.61541632915545
-62.5 22.921694091671103 22.61437414607171
-62.0 22.920913764466867 22.613319569745727
-61.5 22.920135989709426 22.612282587271157
-61.0 22.91935365480997 22.61125317152976
-60.5 22.918587558573567 22.61022124121617
-60.0 22.917837080790775 22.609194863238265
-59.5 22.917085782937846 22.608173166753605
-59.0 22.916350798990685 22.607162292820195
-58.5 22.91561392816021 22.60614625359053
-58.0 22.914873201618917 22.60513681566309
-57.5 22.914152034389915 22.604143404454035
-57.0 22.913443492177873 22.603141665525662
-56.5 22.912725495073158 22.602144150397486
-56.0 22.912028397820254 22.601157851513666
-55.5 22.911324056120407 22.600171519007198
-55.0 22.910633523332496 22.599201247997506
-54.5 22.909954054067438 22.598222945838454
-54.0 22.90928925701046 22.597256866358258
-53.5 22.908609816863475 22.59629288701696
-53.0 22.90795664445753 22.595330022303074
-52.5 22.90729520491071 22.5943767146309
-52.0 22.90664140506566 22.593425345906933
-51.5 22.906015405363327 22.592478507282028
-51.0 22.905374252603 22.591543280140776
-50.5 22.90475116489061 22.590603984138834
-50.0 22.904131114780316 22.58967346199873
-49.5 22.903517902924854 22.58874855770742
-49.0 22.902915718275686 22.58782813397093
-48.5 22.90232314620608 22.58691143651797
-48.0 22.901733697130716 22.58599466509778
-47.5 22.901148189665935 22.585089291867234
-47.0 22.900574133733336 22.584185852796654
-46.5 22.900010842461285 22.5832925477187
-46.0 22.899448853268687 22.582403584202837
-45.5 22.898894092920997 22.58151709466709
-45.0 22.898347514434946 22.580638586475565
-44.5 22.897802766039664 22.57975399157141
-44.0 22.8972748360629 22.578881481157485
-43.5 22.89675460620025 22.57801130743855
-43.0 22.896238494113913 22.577151054461403
-42.5 22.895730218464728 22.576296000299536
-42.0 22.895233375126267 22.575443629040464
-41.5 22.8947432632284 22.574595951853773
-41.0 22.894258311742487 22.573754228535165
-40.5 22.89377380983469 22.572918227957338
-40.0 22.893298711520345 22.572079430739915
-39.5 22.89283712325033 22.571247420123296
-39.0 22.89237275983094 22.570428271956025
-38.5 22.89193275267398 22.569611126847203
-38.0 22.89149145646617 22.568790337749718
-37.5 22.891056537246367 22.567979471156793
-37.0 22.8906234557683 22.567172389380215
-36.5 22.89021126178219 22.566375953904362
-36.0 22.88978771422228 22.56558322479586
-35.5 22.889380150827037 22.564783845271567
-35.0 22.888975898227876 22.564001113716646
-34.5 22.888589249950897 22.56321014864911
-34.0 22.888194958401233 22.562429116028984
-33.5 22.88781879085791 22.561660309572208
-33.0 22.887444629169558 22.56088643617948
-32.5 22.887076697761056 22.56012397751134
-32.0 22.886711055293453 22.55935849373049
-31.5 22.886354834460047 22.55860183507597
-31.0 22.886003907778502 22.557847652650157
-30.5 22.88566299219031 22.557095013197745
-30.0 22.885325727506547 22.55635278747329
-29.5 22.884993981275315 22.555607235627555
-29.0 22.88466508962374 22.554864507420792
-28.5 22.88434852614069 22.554134032496766
-28.0 22.884031993737388 22.553402660746187
-27.5 22.883716622388604 22.552674168497333
-27.0 22.883423033062993 22.551955051420514
-26.5 22.883127041152434 22.551232547260398
-26.0 22.882836709878212 22.550524226530577
-25.5 22.88255072766827 22.549809820325745
-25.0 22.88226496926274 22.54909671595683
-24.5 22.881994284369384 22.54839803642906
-24.0 22.8817330572757 22.54769541290574
-23.5 22.881466950151662 22.5470029403669
-23.0 22.8812014222273 22.546306491116287
-22.5 22.88095730784565 22.545615420632533
-22.0 22.88070135742346 22.544928175242287
-21.5 22.88046255190427 22.54425006810008
-21.0 22.880233142505347 22.543573566422012
-20.5 22.879994677561655 22.5428995900479
-20.0 22.879768729007917 22.542222764836172
-19.5 22.87954000855853 22.54155544583879
-19.0 22.879318749503412 22.54088444236912
-18.5 22.8791126389336 22.54022998267766
-18.0 22.878898895494864 22.539568285266206
-17.5 22.87870340032861 22.538907926038362
-17.0 22.878497092251166 22.538252509427387
-16.5 22.878306531795054 22.53761435531249
-16.0 22.878119259914588 22.53696550854768
-15.5 22.877936137029046 22.536316236584575
-15.0 22.877747186528904 22.53567809152241
-14.5 22.877579234441143 22.535049017674233
-14.0 22.877401396472635 22.534405682264467
-13.5 22.87723119104458 22.533782013448118
-13.0 22.877076236942134 22.5331496880875
-12.5 22.87691153234475 22.532524897592673
-12.0 22.87676138726969 22.53190169956991
-11.5 22.876616133822488 22.531288040578602
-11.0 22.876464699101717 22.53067321102886
-10.5 22.87633230803879 22.53006838691411
-10.0 22.876219924903328 22.52946062025807
-9.5 22.87609709601433 22.528859509022784
-9.0 22.875985106215417 22.52826944781162
-8.5 22.875884071069706 22.527681370952678
-8.0 22.875780330154385 22.527094670890083
-7.5 22.87570053804677 22.526515631248742
-7.0 22.87561323056024 22.52593900159126
-6.5 22.875531915531404 22.52536068333141
-6.0 22.875472691881022 22.52479216735508
-5.5 22.875417854044816 22.52422437833009
-5.0 22.875358887017164 22.523668411410185
-4.5 22.875299621189114 22.523109095281804
-4.0 22.87525469681947 22.522553431815005
-3.5 22.875212183388783 22.522001701677098
-3.0 22.875178694266445 22.521452684613045
-2.5 22.87515590243919 22.520923059921294
-2.0 22.875139922748936 22.520372420122257
-1.5 22.87511385069216 22.519835988434124
-1.0 22.875105163724548 22.5193032841432
-0.5 22.87509051621436 22.518770030421457
0.0 22.875087930005105 22.518247938499883
0.5 22.875100988590738 22.517726645200685
1.0 22.87510363490795 22.51719047750196
1.5 22.87512501565111 22.5166814769092
2.0 22.87513591661838 22.516161717459852
2.5 22.875167027915836 22.51565961455708
3.0 22.875186516993587 22.515145557981604
3.5 22.875204926144722 22.5146431163597
4.0 22.875250158094822 22.51413689399837
4.5 22.87528574911545 22.51363593070558
5.0 22.87531519162148 22.513143345918426
5.5 22.8753683865567 22.51264815209243
6.0 22.875419209920345 22.51214731855571
6.5 22.875465675354384 22.511660114709695
7.0 22.875516330680306 22.511177371490962
7.5 22.875578848258105 22.51068382632973
8.0 22.875633688413085 22.510205392766252
8.5 22.87570596858796 22.50971641417086
9.0 22.87577996720362 22.509236887832536
9.5 22.87583273686902 22.50876554451317
10.0 22.875917180161608 22.508281283946747
10.5 22.875983014453638 22.507806320296343
11.0 22.876062572230012 22.5073362111935
11.5 22.87614372687817 22.506865053341482
12.0 22.876219647121793 22.50639364344281
12.5 22.876304290823548 22.505926530769926
13.0 22.876386163635377 22.5054502165958
13.5 22.876474311245435 22.504996154434345
14.0 22.87656551305171 22.50452825359108
14.5 22.87665666472497 22.504062469955905
15.0 22.876742241868296 22.503606079734947
15.5 22.876839003458894 22.503148693059106
16.0 22.876927816833504 22.50269096158011
16.5 22.87701839261677 22.502233077742254
17.0 22.877110840963702 22.501778474523114
17.5 22.877206192713793 22.50132626422007
18.0 22.877298660644144 22.500859682417552
18.5 22.877397738553135 22.50041100646104
19.0 22.877493026123098 22.499959849024126
19.5 22.877587270686455 22.49950621261369
20.0 22.87768288011627 22.4990607236117
20.5 22.877777877594532 22.49860991849377
21.0 22.87787214952557 22.498153910168163
21.5 22.877978414687732 22.497702343466006
22.0 22.87808092260967 22.497261965049145
22.5 22.878192130816544 22.496815750842046
23.0 22.87829433054356 22.49638017216462
23.5 22.878393697434475 22.495942531908497
24.0 22.87851507550835 22.495496746224063
24.5 22.87862884562534 22.49506025332198
25.0 22.87874445208442 22.494625156295513
25.5 22.878868726507907 22.494191658773808
26.0 22.878984344429973 22.493763700998795
26.5 22.8791149122314 22.493329738068766
27.0 22.879239281905626 22.49290409563902
27.5 22.879373191461937 22.4924832056671
28.0 22.879503990958398 22.49205231911578
28.5 22.879637729742015 22.491622186359592
29.0 22.8797677836687 22.491212379461597
29.5 22.879906589107264 22.490789009353378
30.0 22.880051427017662 22.49037206392479
30.5 22.88019938997335 22.489958511775594
31.0 22.880343562275804 22.489546997178188
31.5 22.880493675873588 22.489126301036197
32.0 22.880654307103736 22.48871525971207
32.5 22.880805296426452 22.48831189610241
33.0 22.880952371756443 22.48789913653949
33.5 22.881124188437397 22.487497536100392
34.0 22.881280525701534 22.487098710250606
34.5 22.881443551634888 22.486689295417097
35.0 22.881613557998524 22.486293672838954
35.5 22.881780733937376 22.485902035560855
36.0 22.88195456321196 22.48549529351819
36.5 22.882127846268254 22.48512046993345
37.0 22.882306994091202 22.484713626965224
37.5 22.88248630858185 22.484323809022403
38.0 22.88266961082488 22.483934189732828
38.5 22.882863825522936 22.48355084276867
39.0 22.883052321053363 22.483167340631823
39.5 22.883231582690335 22.482786621438
40.0 22.883428941104256 22.48240786647453
40.5 22.883630939735504 22.482025898652658
41.0 22.883830192331725 22.481652461426236
41.5 22.88402612210527 22.481279332032187
42.0 22.884237340190282 22.480904905074105
42.5 22.884444707952362 22.480536047193315
43.0 22.88464362841382 22.480164090551995
43.5 22.88486863265307 22.479801107603148
44.0 22.885078290202237 22.4794411845501
44.5 22.885289723538005 22.479073058566797
45.0 22.885516435752574 22.478715398970273
45.5 22.885743551909513 22.47835553195368
46.0 22.88596767209771 22.478002515212058
46.5 22.886194844011936 22.477645158327363
47.0 22.886436660447657 22.477291412787554
47.5 22.886662876658015 22.47694022494407
48.0 22.88690196444794 22.47660047214289
48.5 22.88714813274693 22.476249978767644
49.0 22.88738502154272 22.475901380074145
49.5 22.88763581418788 22.4755680562993
50.0 22.8878882940106 22.475223125811677
50.5 22.88813141786829 22.47488539725422
51.0 22.888388557651595 22.474556731280316
51.5 22.888647649804994 22.474216483342172
52.0 22.888906593244883 22.473886639234646
52.5 22.889171152829235 22.473556643225056
53.0 22.88944615755669 22.47322781407756
53.5 22.88971167521853 22.472907068246535
54.0 22.889982978976494 22.47258447635558
54.5 22.890253168958843 22.47226114621
55.0 22.890524978189333 22.471942650019958
55.5 22.89081086262985 22.471620886507814
56.0 22.891091639171172 22.471308279060377
56.5 22.891384860316673 22.470992465961785
57.0 22.891667503262696 22.470680723281756
57.5 22.89196051779595 22.4703726485102
58.0 22.89225441486892 22.470066865132384
58.5 22.892546923279674 22.469761846911354
59.0 22.892850156234612 22.4694483825508
59.5 22.893148961154267 22.469153159043564
60.0 22.89345663938539 22.468852000687285
60.5 22.893772481240244 22.46854536969493
61.0 22.89408001418944 22.468250642682456
61.5 22.89438091069048 22.467957269640046
62.0 22.894699259957726 22.46765959290194
62.5 22.895026935807493 22.467367052371237
63.0 22.895343440924492 22.46708851302713
63.5 22.895671503603864 22.466788212908643
64.0 22.895987490072038 22.466506673900106
64.5 22.896325919609623 22.466229307971535
65.0 22.896660700340483 22.465940477028497
65.5 22.896996405979202 22.46566306617787
66.0 22.897341927672908 22.465382121100173
66.5 22.89767373711824 22.465102023649926
67.0 22.89801893812781 22.464831025229714
67.5 22.89836227550707 22.464561154272037
68.0 22.898706638440064 22.464287888631187
68.5 22.899067927838587 22.464023144932746
69.0 22.899420750741367 22.4637476853497
69.5 22.899779489340904 22.46348467639092
70.0 22.900131923776485 22.463218919798198
70.5 22.90051085258691 22.462965475255032
71.0 22.900872653670206 22.462708910465317
71.5 22.901244789744215 22.462446758116783
72.0 22.901612415138068 22.462197411487747
72.5 22.9019902020477 22.461936233650164
73.0 22.902379918622525 22.46168584227481
73.5 22.902751130346473 22.46144208559324
74.0 22.903132108830242 22.461194215113345
74.5 22.90352774547656 22.46094987350319
75.0 22.90391828139515 22.460703334677454
75.5 22.904317172368167 22.46046987725248
76.0 22.904711377176415 22.46023207125779
76.5 22.905113087110358 22.4599881936007
77.0 22.90550845611847 22.459753367276704
77.5 22.905918982005087 22.459521232700524
78.0 22.90633010694243 22.459295086966172
78.5 22.906731041904784 22.45906800500892
79.0 22.907156384935515 22.45884075235367
79.5 22.90757138780378 22.45861195344482
80.0 22.90799202700848 22.458395842337602
80.5 22.908419217107436 22.458178771397534
81.0 22.908834538255057 22.457956464260427
81.5 22.90927166032376 22.45774574085022
82.0 22.909705490369618 22.457529505483272
82.5 22.910142390884573 22.45731303852346
83.0 22.910573857521825 22.457105028641354
83.5 22.911015312441325 22.45690016761653
84.0 22.911465682560575 22.456699448516115
84.5 22.911916027723265 22.45649368603481
85.0 22.912368649096955 22.45629426424796
85.5 22.912820792059666 22.456098242947256
86.0 22.91328065255089 22.45589703474467
86.5 22.913746981761047 22.455704022483474
87.0 22.91420841539283 22.45551293411185
87.5 22.914682103172794 22.45533144793194
88.0 22.915153404136518 22.455141486253947
88.5 22.915636103855917 22.454955127513557
89.0 22.916118383574066 22.454773186847248
89.5 22.916611461968817 22.45459641123645
90.0 22.91709382533313 22.454419014773123
90.5 22.917582649395882 22.45424291567985
91.0 22.918086565879072 22.454066394124194
91.5 22.91858033524756 22.453900621412014
92.0 22.919100221923735 22.453738252727614
92.5 22.919598383237254 22.453565969590006
93.0 22.920122011840448 22.45340022372284
93.5 22.920633149922022 22.45324148179286
94.0 22.92115513525161 22.453080949247873
94.5 22.921669628471587 22.452920507917376
95.0 22.92218979731024 22.452761561577823
95.5 22.922727532457014 22.45261081202351
96.0 22.923256023695416 22.452467313779422
96.5 22.923787710232332 22.45231853815268
97.0 22.924329197541297 22.452170901177084
97.5 22.924871557033608 22.452025472127197
98.0 22.925421483619086 22.451869778946612
98.5 22.925969110918633 22.451730721196714
99.0 22.92652148081666 22.451598248870273
99.5 22.927075311751484 22.45145651307416
100.0 22.927628589588643 22.45132541947942
100.5 22.92818932968192 22.451178411484413
101.0 22.928749553228954 22.45105359787886
101.5 22.929310729323916 22.45092632399066
102.0 22.92988489268116 22.45079132156549
102.5 22.93045361642848 22.450666870258335
103.0 22.931028698564614 22.45054432716094
103.5 22.93160372336281 22.45041968305442
104.0 22.932181843838908 22.450291575743133
104.5 22.932763568093776 22.450178302370297
105.0 22.933334664507115 22.450056836572365
105.5 22.933922359021576 22.4499427966122
106.0 22.934507780179608 22.449828022117305
106.5 22.93509559329454 22.449713715805473
107.0 22.935687577888682 22.44959931578351
107.5 22.93627891051154 22.449491351431355
108.0 22.93687727911867 22.44938619191211
108.5 22.937463573171982 22.449272307574205
109.0 22.93806192363509 22.44917356853286
109.5 22.938666862733026 22.449065842984744
110.0 22.93927439562029 22.448956260480113
110.5 22.93987208189117 22.448856705245547
111.0 22.94047292228162 22.448759758753457
111.5 22.941093802273546 22.44866806388802
112.0 22.941692429218165 22.448559527482818
