FastTrWP/PhaseSpace/IAs/snIa_0.66_30.00_1.05_0.02.csv
# %ECSV 0.9
# ---
# datatype:
# - {name: time-rel, datatype: float64}
# - {name: g, datatype: float64}
# - {name: i, datatype: float64}
# schema: astropy-2.0
time-rel g i
[from data line 2019]
1106.3333333333333 25.51096368027554 22.677745147719513
1106.8333333333333 25.512545639498207 22.67864323256174
1107.3333333333333 25.514075651248454 22.67953866196599
1107.8333333333333 25.515619431693256 22.680444851123195
1108.3333333333333 25.51713296356977 22.681335209353346
1108.8333333333333 25.518657154300584 22.682242037734763
1109.3333333333333 25.52018023742674 22.68315153639295
1109.8333333333333 25.521678653469728 22.68405913606749
1110.3333333333333 25.523167777531018 22.684951771885082
1110.8333333333333 25.52467869816799 22.68585991413206
1111.3333333333333 25.526172988723115 22.68676307590801
1111.8333333333333 25.527628820494492 22.687671387906548
1112.3333333333333 25.529089278303793 22.688580733998815
1112.8333333333333 25.530530798866714 22.689484157638212
1113.3333333333333 25.532001140852138 22.690392146487746
1113.8333333333333 25.533440897236265 22.691306310896575
1114.3333333333333 25.534885959616858 22.69221733395403
1114.8333333333333 25.536324768165287 22.693133507266218
1115.3333333333333 25.537750922562374 22.69404676454144
1115.8333333333333 25.53918671017008 22.69495584809471
1116.3333333333333 25.54058348086224 22.695869791723084
1116.8333333333333 25.54196319076169 22.69678065313029
1117.3333333333333 25.543331370649035 22.697701838937185
1117.8333333333333 25.544731876722505 22.698620211347233
1118.3333333333333 25.5461511067039 22.69954063657766
1118.8333333333333 25.547484810364956 22.70045444344117
1119.3333333333333 25.548866572112434 22.701380530371274
1119.8333333333333 25.550247555580107 22.70229479428902
1120.3333333333333 25.551556270383273 22.703211942675633
1120.8333333333333 25.552892345796607 22.704135681115865
1121.3333333333333 25.554260117338302 22.70506349997142
1121.8333333333333 25.555543933843072 22.70598500845736
1122.3333333333333 25.55690259480936 22.706910565309396
1122.8333333333333 25.558184041633897 22.707836389602413
1123.3333333333333 25.559479767610785 22.708769014343964
1123.8333333333333 25.560808325911268 22.709699128066735
1124.3333333333333 25.562068349246193 22.710617822886036
1124.8333333333333 25.56334276725127 22.711552064073842
1125.3333333333333 25.56462712566567 22.712480756107535
1125.8333333333333 25.565892495048672 22.713416064151293
1126.3333333333333 25.567118857768616 22.71434278364961
1126.8333333333333 25.56836944589652 22.715284686208186
1127.3333333333333 25.569618119686957 22.71621811514018
1127.8333333333333 25.57085383104774 22.717158124823854
1128.3333333333333 25.57208096955529 22.718092178699752
1128.8333333333333 25.573261910811787 22.719029263661405
1129.3333333333333 25.574496539162915 22.71997246031375
1129.8333333333333 25.57566889569606 22.720907099031336
1130.3333333333333 25.576859720857893 22.721852298284162
1130.8333333333333 25.578039385306127 22.72279074055417
1131.3333333333333 25.579225552888726 22.72373781080789
1131.8333333333333 25.580367158595113 22.724681079154298
1132.3333333333333 25.581532674870783 22.72562643055977
1132.8333333333333 25.58270514267373 22.726573705256655
1133.3333333333333 25.583815451903497 22.727518222250353
1133.8333333333333 25.584941776737033 22.728474390944506
1134.3333333333333 25.58605294164287 22.729412957435944
1134.8333333333333 25.58718378971753 22.730366250746755
1135.3333333333333 25.588296851678002 22.731317328644355
1135.8333333333333 25.58938153366735 22.73227201994071
1136.3333333333333 25.59044439225518 22.733228669572462
1136.8333333333333 25.59153580524424 22.734192857187182
1137.3333333333333 25.59260611598655 22.735139082055618
1137.8333333333333 25.59365596920864 22.736086730599357
1138.3333333333333 25.594716034612453 22.737057623390374
1138.8333333333333 25.59573851049638 22.73801783438347
1139.3333333333333 25.596767235438577 22.738969220122442
1139.8333333333333 25.59774857251497 22.739935036968152
1140.3333333333333 25.59877883509914 22.740887632311242
1140.8333333333333 25.59975127585777 22.74186032926076
1141.3333333333333 25.60074003087362 22.74282036093031
1141.8333333333333 25.601691094298438 22.74378015098568
1142.3333333333333 25.602680169556066 22.744758942622237
1142.8333333333333 25.60363372988542 22.7457173588011
1143.3333333333333 25.604587761995944 22.74669033073242
1143.8333333333333 25.60551934078343 22.747660057884485
1144.3333333333333 25.60644878058042 22.748625049622618
1144.8333333333333 25.607328476355203 22.749593864867677
1145.3333333333333 25.608250930142553 22.750568280808917
1145.8333333333333 25.60916752507464 22.751543787079452
1146.3333333333333 25.610037493428976 22.752517449729112
1146.8333333333333 25.61092052799179 22.753501727629594
1147.3333333333333 25.61177620851673 22.754467890958136
1147.8333333333333 25.61264618918591 22.755448601502096
1148.3333333333333 25.613488325209033 22.756425093970197
1148.8333333333333 25.61433907270225 22.757402544509556
1149.3333333333333 25.61517527562319 22.758390936566848
1149.8333333333333 25.616001349105538 22.759367089025268
1150.3333333333333 25.616806803102836 22.760356784283175
1150.8333333333333 25.617588873095478 22.761334108371912
1151.3333333333333 25.618403832547454 22.762324133352113
1151.8333333333333 25.619177135779367 22.763308693956326
1152.3333333333333 25.619958915634278 22.764296545821963
1152.8333333333333 25.62076349140025 22.765280955234562
1153.3333333333333 25.621500627931574 22.766271070230914
1153.8333333333333 25.622252559654612 22.767257442911678
1154.3333333333333 25.623013071517068 22.768255762847662
1154.8333333333333 25.623724552371332 22.769247058436306
1155.3333333333333 25.62448425025456 22.770237069383427
1155.8333333333333 25.62518651913298 22.771236359983828
1156.3333333333333 25.625880476343124 22.772228148534136
1156.8333333333333 25.626593531593066 22.773224871239066
1157.3333333333333 25.627280980331214 22.774215736124617
1157.8333333333333 25.62795848218593 22.775219678678262
1158.3333333333333 25.628631060739107 22.776221815436067
1158.8333333333333 25.629341795254298 22.777222864333634
1159.3333333333333 25.62996971824188 22.77821884186471
1159.8333333333333 25.6305976211993 22.77922188954705
1160.3333333333333 25.631276280970066 22.78022856369903
1160.8333333333333 25.631879999686365 22.781223825179246
1161.3333333333333 25.63251439023896 22.782237767524425
1161.8333333333333 25.633102743807964 22.783233241794363
1162.3333333333333 25.633749609963882 22.784246654369053
1162.8333333333333 25.63436098758885 22.785262915556274
1163.3333333333333 25.634952682717493 22.786264917187125
1163.8333333333333 25.635539389566304 22.787279432129846
1164.3333333333333 25.63608439599151 22.788289307350027
1164.8333333333333 25.636690310105354 22.789305873234575
1165.3333333333333 25.637235715801726 22.79031367892712
1165.8333333333333 25.637753704355518 22.791326757113325
1166.3333333333333 25.63837280988129 22.792344909359144
1166.8333333333333 25.638904478735412 22.79336629662027
1167.3333333333333 25.639439976256835 22.79438675777591
1167.8333333333333 25.63994319687489 22.79539940120642
1168.3333333333333 25.640474401620494 22.796426396426163
1168.8333333333333 25.64097753138672 22.797440036705574
1169.3333333333333 25.641479393839447 22.798473077860027
1169.8333333333333 25.641984187878045 22.79948789778929
1170.3333333333333 25.64248546799365 22.800517781018456
1170.8333333333333 25.642947827739526 22.801539202189392
1171.3333333333333 25.643416431619556 22.80256326777846
1171.8333333333333 25.643889689821485 22.803584310733513
1172.3333333333333 25.64437533220602 22.8046204823786
1172.8333333333333 25.644816169450163 22.805647964862054
1173.3333333333333 25.645275487977926 22.806670069999466
1173.8333333333333 25.645720690993095 22.80770747856355
1174.3333333333333 25.646132778074996 22.80874078325909
1174.8333333333333 25.646542246505856 22.809775012336722
1175.3333333333333 25.646915901214413 22.810811056324546
1175.8333333333333 25.64731345399142 22.81185497613151
1176.3333333333333 25.647697255517855 22.812894080694015
1176.8333333333333 25.64800267280441 22.81393556860353
1177.3333333333333 25.64830446418017 22.814974845617293
1177.8333333333333 25.64861195827707 22.81602733157999
1178.3333333333333 25.64892661619078 22.81707243684661
1178.8333333333333 25.649172477158253 22.818122439416435
1179.3333333333333 25.64944639106246 22.819180090847237
1179.8333333333333 25.64967899927105 22.820240299851676
1180.3333333333333 25.649863994253252 22.821287474093634
1180.8333333333333 25.65005757145913 22.822347845161744
1181.3333333333333 25.650252423102962 22.823408191081832
1181.8333333333333 25.650430330571325 22.824469430610467
1182.3333333333333 25.65059094177075 22.825527059702164
1182.8333333333333 25.6507317285838 22.826587563871804
1183.3333333333333 25.65084694678856 22.8276569550081
1183.8333333333333 25.650970029347732 22.82872025446643
1184.3333333333333 25.651063852751527 22.8297911046089
1184.8333333333333 25.651183577849878 22.830861066684236
1185.3333333333333 25.65128942034399 22.831927350174134
1185.8333333333333 25.651344753878792 22.83300196071754
1186.3333333333333 25.651416572014632 22.834078847469264
1186.8333333333333 25.651477067616362 22.83515454495833
1187.3333333333333 25.651517187888054 22.83622614851053
1187.8333333333333 25.651532491786178 22.83729855820421
1188.3333333333333 25.65158411343544 22.83837784344867
1188.8333333333333 25.65163286117176 22.839463119966368
1189.3333333333333 25.651593247943616 22.84054434036779
1189.8333333333333 25.651628412858184 22.841626824278052
1190.3333333333333 25.65164139271214 22.84270805681006
1190.8333333333333 25.65163964160453 22.84379093375108
1191.3333333333333 25.651614983288336 22.844874602813604
1191.8333333333333 25.65159690137641 22.845964868787302
1192.3333333333333 25.651625289819503 22.84704799356146
1192.8333333333333 25.651562456373505 22.848132621192164
1193.3333333333333 25.65156621386253 22.84921986303006
1193.8333333333333 25.651498531500376 22.85030585918326
1194.3333333333333 25.651479086305038 22.85140411391136
1194.8333333333333 25.651454666995924 22.85249223473579
1195.3333333333333 25.651426611407835 22.853576621968706
1195.8333333333333 25.651390814004856 22.8546710502463
1196.3333333333333 25.651356879434314 22.855752722437686
1196.8333333333333 25.65130700675949 22.856855704442278
1197.3333333333333 25.651279787038245 22.85794810693577
1197.8333333333333 25.65124746367189 22.859038863915195
1198.3333333333333 25.651196775410746 22.860129301803607
1198.8333333333333 25.65117901026431 22.86122368356839
1199.3333333333333 25.65116894083453 22.862315585330485
1199.8333333333333 25.651130306728255 22.863405441314576
1200.3333333333333 25.65110509736734 22.864505066035438
1200.8333333333333 25.651113394209727 22.865594252736162
1201.3333333333333 25.65107815874759 22.866696885492402
1201.8333333333333 25.651063431316416 22.867787783306277
1202.3333333333333 25.651085097191423 22.868876423865
1202.8333333333333 25.651092031707158 22.869965963834176
1203.3333333333333 25.651094415429412 22.87107099979313
1203.8333333333333 25.651102481822427 22.872162894098818
1204.3333333333333 25.651145145865513 22.873251445312917
1204.8333333333333 25.651141765634485 22.874342307419504
1205.3333333333333 25.65118232236422 22.87544446570896
1205.8333333333333 25.65124622001679 22.876533369754455
1206.3333333333333 25.651299990134714 22.877625027020375
1206.8333333333333 25.651326290638448 22.87871482663286
1207.3333333333333 25.65141923678842 22.87980409648984
1207.8333333333333 25.651515877993628 22.880895283912324
1208.3333333333333 25.651604480336665 22.881989256853167
1208.8333333333333 25.65170437793443 22.883081663338114
1209.3333333333333 25.651841972142083 22.88416921664343
1209.8333333333333 25.65198226023853 22.88525454880384
1210.3333333333333 25.652122293661627 22.886345349672197
1210.8333333333333 25.6522828199355 22.88743509338447
1211.3333333333333 25.652414578145212 22.888512884323447
1211.8333333333333 25.652631200912786 22.889607222266548
1212.3333333333333 25.652798957126755 22.890688335621444
1212.8333333333333 25.65304771368227 22.891777576421358
1213.3333333333333 25.653258821594903 22.892855651973868
1213.8333333333333 25.653496523926705 22.893934926646644
1214.3333333333333 25.653788600740675 22.8950294209478
1214.8333333333333 25.654024939999438 22.896095544738454
1215.3333333333333 25.65430717499407 22.897182867691196
1215.8333333333333 25.654544953006276 22.89827403467397
1216.3333333333333 25.654813578626083 22.899343633669837
1216.8333333333333 25.655065279654675 22.900422254095766
1217.3333333333333 25.65535551491108 22.90150622272752
1217.8333333333333 25.655621871331718 22.902596722164148
1218.3333333333333 25.655883037777482 22.903675434769518
1218.8333333333333 25.656188611516647 22.90475700001991
1219.3333333333333 25.656434303294912 22.905838306037616
1219.8333333333333 25.656723933424885 22.906927007849355
1220.3333333333333 25.656982156642112 22.90800518403957
1220.8333333333333 25.65727773777104 22.909094176931767
1221.3333333333333 25.657586167892855 22.910183193524215
1221.8333333333333 25.657852070746713 22.911254419321743
1222.3333333333333 25.65815971258997 22.91234465382118
1222.8333333333333 25.65846565780213 22.91343378840488
1223.3333333333333 25.65877106275906 22.914519548628807
1223.8333333333333 25.659073606904435 22.915602595690427
1224.3333333333333 25.6593752122196 22.91667569626124
1224.8333333333333 25.659672878051953 22.91777461453576
1225.3333333333333 25.659996782415973 22.918854030294938
1225.8333333333333 25.660291052126848 22.91994827450601
1226.3333333333333 25.660634818156986 22.92101564057278
1226.8333333333333 25.660960411311876 22.92210223825494
1227.3333333333333 25.66129100720302 22.92319685004137
1227.8333333333333 25.66160145846967 22.924281967405324
1228.3333333333333 25.661954070691642 22.92536582158816
1228.8333333333333 25.66229527523198 22.926455797294025
1229.3333333333333 25.662651805644884 22.92754071850975
1229.8333333333333 25.662967431978227 22.928629404093126
1230.3333333333333 25.663343848755833 22.929719783472706
1230.8333333333333 25.663714296187045 22.930783725225112
1231.3333333333333 25.664055628043258 22.931885925871537
1231.8333333333333 25.664407819204513 22.932957496219682
1232.3333333333333 25.664798641815455 22.93404816734794
1232.8333333333333 25.665183028513702 22.935131418419097
1233.3333333333333 25.665558618669323 22.936217691399044
1233.8333333333333 25.665963304886695 22.93730246456316
1234.3333333333333 25.666343034514597 22.938388082290363
1234.8333333333333 25.666778755288316 22.9394736608424
1235.3333333333333 25.667170631259584 22.940554940350715
1235.8333333333333 25.66760958822457 22.941649788271747
1236.3333333333333 25.668014484001965 22.942721499502973
1236.8333333333333 25.668451908953692 22.94381621247438
1237.3333333333333 25.668882316837973 22.944896105951372
1237.8333333333333 25.669318722809948 22.945974309032806
1238.3333333333333 25.669746363348 22.94706761600899
1238.8333333333333 25.67021819943402 22.948136713954344
1239.3333333333333 25.67066606688401 22.949230350860464
1239.8333333333333 25.671131600974842 22.95031011172606
1240.3333333333333 25.671621236553545 22.951385171724944
1240.8333333333333 25.672120661197205 22.952464764648617
1241.3333333333333 25.67262803484843 22.953549062045553
1241.8333333333333 25.673060362314942 22.954631750168495
1242.3333333333333 25.673582471974218 22.955724881809253
1242.8333333333333 25.674106180940704 22.95680272725319
1243.3333333333333 25.674611556825532 22.957883398980634
1243.8333333333333 25.675121882902246 22.958966578246617
1244.3333333333333 25.67566415390465 22.960032054832517
1244.8333333333333 25.676225193419725 22.96111676226542
1245.3333333333333 25.676780138065904 22.962193559375713
1245.8333333333333 25.67735233146678 22.963267531300552
1246.3333333333333 25.677883516481327 22.964352420717397
1246.8333333333333 25.67847339707184 22.96542635851797
1247.3333333333333 25.679038684419893 22.966506652103025
1247.8333333333333 25.679641968005875 22.967582607841518
