FastTrWP/PhaseSpace/IAs/snIa_0.58_30.00_0.56_0.04.csv
# %ECSV 0.9
# ---
# datatype:
# - {name: time-rel, datatype: float64}
# - {name: g, datatype: float64}
# - {name: i, datatype: float64}
# schema: astropy-2.0
time-rel g i
[from data line 705]
-75.0 23.792471488576126 22.498713366509584
-74.5 23.791357989920463 22.497533674467892
-74.00000000000006 23.790249049828628 22.496345451391733
-73.5 23.789139902367825 22.495165194908402
-73.0 23.78806084595009 22.493983495947415
-72.50000000000006 23.786970638279307 22.492813157182617
-72.0 23.785886935199656 22.49165409995269
-71.5 23.784815797291316 22.49048516056051
-71.00000000000006 23.783755152474345 22.489321326853403
-70.5 23.782693067078636 22.488155286171864
-70.0 23.781634916783165 22.487006604724197
-69.50000000000006 23.780604127199044 22.48585195580243
-69.0 23.77957242812409 22.484709252978142
-68.5 23.77854302973403 22.483568758579096
-68.00000000000006 23.777526787968995 22.482428498816066
-67.5 23.776507095963062 22.481296067081857
-67.0 23.775507064935418 22.480168678397664
-66.50000000000006 23.774505606432275 22.479037636815278
-66.0 23.77352049425889 22.477911947888476
-65.5 23.77254084148261 22.476791374696347
-65.00000000000006 23.771560547042814 22.47566732050528
-64.5 23.770601475749906 22.474561886463746
-64.0 23.769645470366775 22.473459683411654
-63.50000000000006 23.768681949465996 22.472360677874796
-63.0 23.767743364209686 22.471258357169
-62.5 23.76681047199137 22.47015844007926
-62.00000000000006 23.76587832478457 22.469064970195618
-61.5 23.764967592689832 22.467979268184337
-61.0 23.764065336436197 22.466891376504638
-60.50000000000006 23.76314768156119 22.465814617714855
-60.0 23.76225806013722 22.464741674506868
-59.5 23.761376420613672 22.46366224555979
-59.00000000000006 23.760486809849812 22.46259574984971
-58.5 23.75960392089157 22.461536724973165
-58.0 23.758760436622424 22.460470469700734
-57.50000000000006 23.757888405584172 22.459416366597434
-57.0 23.75704085456505 22.458364684234002
-56.5 23.756205183850547 22.45730770428295
-56.0 23.75537498652118 22.456258789705522
-55.5 23.75455801650332 22.45523254214719
-55.0 23.753734109657838 22.454188547993294
-54.5 23.752929782031632 22.453162688843978
-54.0 23.752123045679213 22.452132157446666
-53.5 23.75132171751464 22.45110402748567
-53.0 23.750542285470623 22.45008176515924
-52.5 23.749763086322652 22.449061781916694
-52.0 23.74898664319624 22.4480460598295
-51.5 23.748236514640496 22.447039904109406
-51.0 23.74747891149547 22.446031546962434
-50.5 23.746734300939337 22.445035026919626
-50.0 23.746005520943122 22.444036870608166
-49.5 23.745273176439333 22.443047763315228
-49.0 23.74455287638282 22.44205416136421
-48.5 23.743840263883808 22.44106861136544
-48.0 23.743139573060844 22.440088238699232
-47.5 23.742442787868043 22.43911358651549
-47.0 23.741769029703562 22.438145073050855
-46.5 23.741078772319316 22.437176691309947
-46.0 23.740407076467243 22.436207589106086
-45.5 23.73974516149929 22.43524529495868
-45.0 23.73909677815563 22.43428710585743
-44.5 23.738454511512646 22.43333317674051
-44.0 23.737816984311554 22.432390768671468
-43.5 23.737184851895808 22.431444795545087
-43.0 23.73656471417818 22.43050203676137
-42.5 23.735958145873177 22.429560020932318
-42.0 23.73534128554024 22.428636001300998
-41.5 23.734756432174148 22.42770253734337
-41.0 23.734162986319664 22.42678101851283
-40.5 23.733597142824824 22.425859227279087
-40.0 23.73302007077151 22.424938677478245
-39.5 23.73245588062243 22.424028235289427
-39.0 23.731908505872145 22.423121903729072
-38.5 23.731366042578234 22.42222243316123
-38.0 23.730821535205 22.4213157255135
-37.5 23.730308870304967 22.420420197699645
-37.0 23.729784393780996 22.419532583094636
-36.5 23.729281984092175 22.418647107022327
-36.0 23.72877070922897 22.417757437094906
-35.5 23.728279940591797 22.416874759746076
-35.0 23.727802237695236 22.416001790018477
-34.5 23.72732849126492 22.415130666055894
-34.0 23.72686816025795 22.414263107558657
-33.5 23.726407510252116 22.413396616279368
-33.0 23.725961274057003 22.412533941597253
-32.5 23.7255310803421 22.411677429922463
-32.0 23.725089948554952 22.41082469869864
-31.5 23.72467799090888 22.40997135697362
-31.0 23.72424919541086 22.409127576919804
-30.5 23.72384920540441 22.40828622958022
-30.0 23.7234594777776 22.407451249059548
-29.5 23.72306013506524 22.406610925273938
-29.0 23.722683810798078 22.405776291909962
-28.5 23.722306548878812 22.404956229997133
-28.0 23.721943582594793 22.404133220740054
-27.5 23.721570406740074 22.403313644906188
-27.0 23.721238594820903 22.40249115432936
-26.5 23.72089859577809 22.40168177943751
-26.0 23.72054876337917 22.40087704202988
-25.5 23.720226459429487 22.400069089422278
-25.0 23.7199153230156 22.39926694339388
-24.5 23.71960061981678 22.39846834283653
-24.0 23.71928098709553 22.397674638343553
-23.5 23.718985822834636 22.396874898776346
-23.0 23.718703784062775 22.396095157332386
-22.5 23.718418628470577 22.395300750826838
-22.0 23.71813454755848 22.394529454222074
-21.5 23.717868595804518 22.393749455433802
-21.0 23.71760048107401 22.392972907722104
-20.5 23.717350353256244 22.39220157946809
-20.0 23.71710149273088 22.39143434723699
-19.5 23.716862665771934 22.39066453155829
-19.0 23.7166378162698 22.389908674884413
-18.5 23.716400902028106 22.38914507986589
-18.0 23.716193745464267 22.38839760064815
-17.5 23.71596944609457 22.387638683434087
-17.0 23.71576733401881 22.386896777671872
-16.5 23.715560675214927 22.38615072073358
-16.0 23.715370173375902 22.385412037603864
-15.5 23.715181559048233 22.3846737442903
-15.0 23.714994853269662 22.383941033015702
-14.5 23.71482218930442 22.38320569644165
-14.0 23.714656293798182 22.382479212407226
-13.5 23.71450992877663 22.381757489359547
-13.0 23.7143503220847 22.381029314228563
-12.5 23.7141952009681 22.380307053855326
-12.0 23.714054599931327 22.379596317704152
-11.5 23.713921782048352 22.378879184777524
-11.0 23.71378133782189 22.37817622719751
-10.5 23.713663792580224 22.377463878376776
-10.0 23.71354408378826 22.376763876090642
-9.5 23.71342822533937 22.376063141477808
-9.0 23.71333056341621 22.37536018179613
-8.5 23.713225962034198 22.37466943895726
-8.0 23.71313266166636 22.373985488323708
-7.5 23.713040025835944 22.373287703387604
-7.0 23.712957362298695 22.372602837569254
-6.5 23.71288285822753 22.371923567892335
-6.0 23.71280875239192 22.371246683807435
-5.5 23.71274634344427 22.37056726135725
-5.0 23.71267741620503 22.369897698439413
-4.5 23.712614727388747 22.36922389227423
-4.0 23.71257830582536 22.36855069343287
-3.5 23.712530086300795 22.367891326804127
-3.0 23.712493825992063 22.36722356263348
-2.5 23.7124455785456 22.366566369871336
-2.0 23.712428698057735 22.36591108819935
-1.5 23.712399868405978 22.365261110827298
-1.0 23.712375077188614 22.364606847201923
-0.5 23.71237403386865 22.36395842201913
0.0 23.712357797800333 22.363307228350507
0.5 23.712357823455825 22.362668677433764
1.0 23.712367778485778 22.362034699938576
1.5 23.712385999596627 22.3614041006994
2.0 23.712411751668792 22.360768265808346
2.5 23.71244864311953 22.36014189289573
3.0 23.712488404721515 22.35951590052653
3.5 23.712540630843485 22.358900454830255
4.0 23.712603317927087 22.358282870240124
4.5 23.712665059541077 22.357661874964784
5.0 23.712736106537275 22.357055816567772
5.5 23.712836207252597 22.35644686366414
6.0 23.712932841664124 22.355846656062063
6.5 23.713019939391017 22.355243487595736
7.0 23.713126243195934 22.35464608298596
7.5 23.71324065964761 22.354059413399227
8.0 23.713360298405753 22.35346331252805
8.5 23.71349342711906 22.352882155723933
9.0 23.713642787015473 22.352290074679196
9.5 23.71378115131349 22.35171357389797
10.0 23.71393343063003 22.35113414838418
10.5 23.714086013646927 22.350562563514305
11.0 23.71424603631325 22.34998702874599
11.5 23.714416850196276 22.349419200101558
12.0 23.714605056786052 22.348857524352074
12.5 23.714778128242205 22.348291924977485
13.0 23.714972766957775 22.34772793843503
13.5 23.71516050049712 22.347174696089947
14.0 23.715366020181236 22.346622418988474
14.5 23.715582305835596 22.346065271759446
15.0 23.715795240253517 22.345512786237865
15.5 23.716007765306536 22.34496901654722
16.0 23.716242567127953 22.344427285321274
16.5 23.71646434551913 22.343887908940296
17.0 23.71670261301306 22.34334759203335
17.5 23.716944497757023 22.342816261016463
18.0 23.717184337289755 22.34227702347889
18.5 23.71744145646288 22.341757772862174
19.0 23.717698714012666 22.341221641577075
19.5 23.71795607867113 22.34069744044819
20.0 23.718222942748017 22.34016731383607
20.5 23.718491166265338 22.339648874249598
21.0 23.71876094072338 22.339128574734232
21.5 23.719035742660388 22.338606865530405
22.0 23.719324674627767 22.33810402982501
22.5 23.719608154562245 22.33759176477627
23.0 23.719902183761484 22.337079953105757
23.5 23.720201259239275 22.336571597078372
24.0 23.720488287593465 22.33607156270694
24.5 23.720793943176275 22.335563411955807
25.0 23.721106580271258 22.335063605456753
25.5 23.721399392824946 22.334562231184435
26.0 23.721704250400283 22.33407190792121
26.5 23.72203300796574 22.333567297019478
27.0 23.72235366897362 22.333074159390563
27.5 23.72266382333774 22.332587755665685
28.0 23.722992351247377 22.332097968796376
28.5 23.72330956329709 22.33161543918012
29.0 23.723645519635102 22.33112386732158
29.5 23.723975256863948 22.330644501672733
30.0 23.724308155825184 22.33015604192628
30.5 23.724648887254787 22.329681698262466
31.0 23.724968969929886 22.329200046118007
31.5 23.725325459660354 22.32872065453919
32.0 23.725661096720778 22.328252594546655
32.5 23.72598900285096 22.327780306945897
33.0 23.726339980844145 22.3273056542695
33.5 23.72669604476018 22.326841853195138
34.0 23.727044250337798 22.32636609429758
34.5 23.72737699496525 22.325896817305683
35.0 23.72772456204725 22.325431614306098
35.5 23.72808041864662 22.32497125625641
36.0 23.728426667914633 22.324500476277436
36.5 23.728778257063613 22.324046612801087
37.0 23.729141214260654 22.323583708286318
37.5 23.729498620322985 22.323127263748283
38.0 23.729832574961844 22.32267185748288
38.5 23.730195666809493 22.3222153995375
39.0 23.730557507779157 22.321764092511206
39.5 23.73092137377457 22.321308348777013
40.0 23.731292133547353 22.320861867814127
40.5 23.731643397938843 22.320410567357584
41.0 23.73203774355308 22.319966150965183
41.5 23.732397498321156 22.319525024587318
42.0 23.73278473162342 22.319079018720384
42.5 23.733162724123655 22.318637956500147
43.0 23.73354701057457 22.318204196731056
43.5 23.733934456183604 22.317757641705235
44.0 23.73432715869139 22.31731830374024
44.5 23.734725711633217 22.31689146088692
45.0 23.73512011892119 22.316461042437027
45.5 23.735524435409403 22.316028737432664
46.0 23.735928775078506 22.31560567677566
46.5 23.736330411877272 22.31518393346295
47.0 23.736747357065862 22.314752896473586
47.5 23.7371583218728 22.31433157010794
48.0 23.737586757451872 22.313907622587642
48.5 23.73801552350151 22.313493940538528
49.0 23.73842737592276 22.31307765520135
49.5 23.738849329371895 22.31266406756808
50.0 23.73928050114813 22.312247275369707
50.5 23.73972348699356 22.31183952455372
51.0 23.74014801600194 22.311426212033176
51.5 23.74060453554047 22.311021494232243
52.0 23.741054880585416 22.31062319016868
52.5 23.741510081835585 22.310212626389575
53.0 23.74195480825748 22.309814426457983
53.5 23.742417599250018 22.3094087867753
54.0 23.742876633406624 22.309023892521385
54.5 23.7433281769556 22.308628845035603
55.0 23.743809389222402 22.308230692010188
55.5 23.744267969382125 22.307846209994665
56.0 23.744731697053933 22.307454705522275
56.5 23.74523541694576 22.307062846099072
57.0 23.74571182149762 22.30668263550079
57.5 23.746185935043318 22.306299872134858
58.0 23.746678147775242 22.30591819364195
58.5 23.74716203266306 22.305542155737292
59.0 23.747666593570237 22.305154376585744
59.5 23.748166518777087 22.304785669217235
60.0 23.748660744117743 22.304418875850235
60.5 23.74917115682549 22.3040474169959
61.0 23.749671659017856 22.30367458797515
61.5 23.75019533015804 22.30331204234355
62.0 23.75070651085238 22.302942719540116
62.5 23.75123627032758 22.302586215758616
63.0 23.75176829868341 22.302222445617943
63.5 23.752300092669316 22.301865507148072
64.0 23.75282703863109 22.301508062668717
64.5 23.753340686108075 22.301154282066847
65.0 23.75390562543764 22.30080858061185
65.5 23.754450963172008 22.300463694388853
66.0 23.754999171309798 22.30010754284995
66.5 23.75554314349919 22.29976225165183
67.0 23.756087337428703 22.299421259542967
67.5 23.75665941122555 22.299080311400218
68.0 23.757223260520725 22.298746462357975
68.5 23.75777367808532 22.29840665137462
69.0 23.75836000206871 22.29807475772017
69.5 23.75893243917381 22.29774196979313
70.0 23.759517163470328 22.297410217418268
70.5 23.760096123713424 22.297085285592235
71.0 23.760677261415033 22.29675888231509
71.5 23.761279546471986 22.296432074291232
72.0 23.7618733817447 22.29610844408329
72.5 23.762468564235235 22.29579193681704
73.0 23.763072109849457 22.29547458439239
73.5 23.763689695832163 22.29516385564278
74.0 23.764293660792998 22.294850010488126
74.5 23.76491315999655 22.29453972285279
75.0 23.76551894611598 22.29423243634094
75.5 23.766151774136112 22.293929282802047
76.0 23.766774611329517 22.293625836975963
76.5 23.76740823831609 22.293320121824173
77.0 23.768041326257464 22.293016816028278
77.5 23.76868268291521 22.292723118994545
78.0 23.769322005254956 22.292428099852927
78.5 23.76997006480472 22.292131228161203
79.0 23.770612744828085 22.291846830588096
79.5 23.771270995927296 22.29155730092372
80.0 23.771928074313713 22.29127033090018
80.5 23.772594847605262 22.29097551297381
81.0 23.773258549330933 22.290697611242113
81.5 23.773936326579246 22.290407051199296
82.0 23.774604242626978 22.29013732908042
82.5 23.775272501708606 22.289850531772633
83.0 23.77595756806791 22.28957417745809
83.5 23.776654788632644 22.28930826133196
84.0 23.77734166441142 22.289025933071244
84.5 23.778038915626453 22.288764418480632
85.0 23.77872828837514 22.288494412042155
85.5 23.7794341374428 22.288227503102437
86.0 23.780148477337573 22.28796168970518
86.5 23.78084709468222 22.2876950964897
87.0 23.781570855234605 22.28743825251933
87.5 23.78228303541873 22.287185872745084
88.0 23.78300478633885 22.2869232065746
88.5 23.783720573897828 22.28666927354268
89.0 23.78445727338677 22.28641849596802
89.5 23.785191500463718 22.28616672090101
90.0 23.785921977805625 22.285919600796518
90.5 23.786667491426886 22.285668626208395
91.0 23.787423821856535 22.28542832195492
91.5 23.788167471554512 22.285190252854058
92.0 23.78892222235395 22.284946568191216
92.5 23.78968785039611 22.28470524428061
93.0 23.79044505736115 22.284470807111752
93.5 23.791211443506114 22.28424002762256
94.0 23.791979364678042 22.284011788953748
94.5 23.792765138700513 22.283771945542284
95.0 23.793540388743878 22.283550521845086
95.5 23.794331665927878 22.28331944325689
96.0 23.795106681221228 22.28310015055387
96.5 23.79591096118336 22.282879716806818
97.0 23.796702095774446 22.28266115431197
97.5 23.7975031738046 22.282439743253807
98.0 23.798297961483467 22.282222828370948
98.5 23.799118370553014 22.282013369018458
99.0 23.799936483048118 22.281801034256425
99.5 23.800749677542083 22.28159535797125
100.0 23.801572878571097 22.28139246257723
100.5 23.802399012117025 22.281175846873467
101.0 23.80322632590625 22.28097823915467
101.5 23.80406711110233 22.280777822384493
102.0 23.804916076278786 22.280579825870554
102.5 23.80575304009795 22.28037912871021
103.0 23.806610931012866 22.280190480892923
103.5 23.807460520399214 22.279997579354287
104.0 23.80832164679216 22.279808920438352
104.5 23.809171859926685 22.279626153237615
105.0 23.810036068289268 22.279437188659024
105.5 23.810909842091785 22.279257909798844
106.0 23.811792030226208 22.27907258032728
106.5 23.812685051505063 22.278891591233073
107.0 23.81356795822198 22.27871762494226
107.5 23.81444777387181 22.2785475953809
108.0 23.815337006503935 22.278376323553978
108.5 23.816242275316277 22.278202885291073
109.0 23.817148595834297 22.278038424057875
109.5 23.818051925198738 22.277865771218984
110.0 23.818965558170518 22.27770818570141
