FastTrWP/PhaseSpace/IAs/snIa_0.35_30.00_1.07_0.16.csv
# %ECSV 0.9
# ---
# datatype:
# - {name: time-rel, datatype: float64}
# - {name: g, datatype: float64}
# - {name: i, datatype: float64}
# schema: astropy-2.0
time-rel g i
169.54166666666663 26.98897957735085 25.395966217258326
170.04166666666666 26.971657269461282 25.38559660555361
170.54166666666666 26.954067048480454 25.375172715781062
171.04166666666663 26.936435659993087 25.364778645331224
171.54166666666666 26.918652200289994 25.354356409358985
172.04166666666666 26.900759158440696 25.343982070844557
172.54166666666663 26.882699376293374 25.333536952519434
173.04166666666666 26.864545333393025 25.323101544182176
173.54166666666666 26.846284685905818 25.312647791882206
174.04166666666663 26.827937645245452 25.302192967702794
174.54166666666666 26.809447255938167 25.291718448983627
175.04166666666666 26.79099669525623 25.281233078155708
175.54166666666663 26.772475798441096 25.270788987805105
176.04166666666666 26.754022160392736 25.260325294747595
176.54166666666666 26.735550485854883 25.24987649542348
177.04166666666663 26.717140269080083 25.23943299919688
177.54166666666666 26.69878215328948 25.22905054077862
178.04166666666666 26.680441706918124 25.218593046197796
178.54166666666663 26.662224359297237 25.208223516271346
179.04166666666666 26.643919425650285 25.197846677454976
179.54166666666666 26.62581757031028 25.18749983084615
180.04166666666663 26.60764964033617 25.17713278104473
180.54166666666666 26.589623341242646 25.166816098072964
181.04166666666666 26.57162863029388 25.15648958030166
181.54166666666663 26.553731709853835 25.146202439709924
182.04166666666666 26.53585754373131 25.135965441540627
182.54166666666666 26.51812965856081 25.125732098232962
183.04166666666663 26.500464957562375 25.115513659685163
183.54166666666666 26.482883001883465 25.105324750465098
184.04166666666666 26.465402497559648 25.095172906088084
184.54166666666663 26.447986337621842 25.085031462277236
185.04166666666666 26.430629781679635 25.074955189515666
185.54166666666666 26.41343729802645 25.06488329726123
186.04166666666663 26.396260520591067 25.0548416473287
186.54166666666666 26.379236336208926 25.04483349609819
187.04166666666666 26.362297181510602 25.034846711325827
187.54166666666663 26.34547030639249 25.024899112898456
188.04166666666666 26.328729034119107 25.01499426397917
188.54166666666666 26.31207731090028 25.00512529675082
189.04166666666663 26.295569888739795 24.995274936810045
189.54166666666666 26.279091618784 24.98545296909302
190.04166666666666 26.26275177001937 24.975701126242885
190.54166666666663 26.246563333723948 24.965961260979114
191.04166666666666 26.23044212539201 24.956254160230408
191.54166666666666 26.214452124226895 24.946598086015612
192.04166666666663 26.19849738103945 24.936957522558668
192.54166666666666 26.18272078119409 24.927374175692847
193.04166666666666 26.16697824428307 24.917822388257353
193.54166666666663 26.151423205101636 24.90832216346905
194.04166666666666 26.135946164777295 24.898836994121577
194.54166666666666 26.120584493802973 24.889399571644695
195.04166666666663 26.105266522029254 24.87998266253955
195.54166666666666 26.090099101340808 24.870629818541367
196.04166666666666 26.07504944339533 24.861338178489248
196.54166666666663 26.060093964581952 24.852063954603953
197.04166666666666 26.04520248240548 24.84282161604359
197.54166666666666 26.030483470055003 24.833618813077962
198.04166666666663 26.015835478909786 24.824479255839798
198.54166666666666 26.001327344763045 24.81534392316754
199.04166666666666 25.986879684367075 24.806273530057652
199.54166666666663 25.972574271939493 24.797262330734753
200.04166666666666 25.95834980065799 24.788279467013613
200.54166666666666 25.944248574510947 24.779334938379
201.04166666666663 25.93021107050218 24.770436545490853
201.54166666666666 25.916320326981825 24.761566299399533
202.04166666666666 25.902512115979412 24.75276519199476
202.54166666666663 25.888758190111147 24.74398363396116
203.04166666666666 25.87517704920256 24.735244573309643
203.54166666666666 25.86168460444432 24.726548128078782
204.04166666666663 25.848285972600422 24.71788839678778
204.54166666666666 25.83496454002132 24.709294246954933
205.04166666666666 25.821775172790748 24.700724271892454
205.54166666666663 25.808660931645356 24.69221270132806
206.04166666666666 25.795672035390123 24.683740545302236
206.54166666666666 25.782742612483744 24.675281720453913
207.04166666666663 25.7698862941399 24.666909861284893
207.54166666666666 25.757137349884225 24.65854803935016
208.04166666666666 25.74446968493211 24.650203091174923
208.54166666666663 25.731822318821816 24.641888881527766
209.04166666666666 25.719216545498647 24.6335821128852
209.54166666666666 25.706656239871762 24.625309027351836
210.04166666666663 25.694202754514635 24.617073431072644
210.54166666666666 25.681801401785542 24.608840931404107
211.04166666666666 25.669434329790946 24.60064765362906
211.54166666666663 25.657172264643787 24.592503374409958
212.04166666666666 25.64490539009707 24.584341090027717
212.54166666666666 25.632756278076695 24.576230993559317
213.04166666666663 25.62064049996422 24.568146418091658
213.54166666666666 25.608576560044455 24.560086185842522
214.04166666666666 25.59658929544851 24.552047688942913
214.54166666666663 25.58463425606829 24.544040779404952
215.04166666666666 25.57275911173239 24.536063042654593
215.54166666666666 25.56094140553263 24.528102690236686
216.04166666666663 25.549211788570712 24.52019695920142
216.54166666666666 25.53753329723229 24.512281307947823
217.04166666666666 25.52593231723636 24.504427706159696
217.54166666666663 25.514343139650805 24.496580600559312
218.04166666666666 25.502837129388265 24.488768662725697
218.54166666666666 25.49141196428036 24.480988845150577
219.04166666666663 25.480041683224943 24.473231072493384
219.54166666666666 25.46871869375127 24.46550235042901
220.04166666666666 25.457455459188157 24.457800184323155
220.54166666666663 25.446262809245525 24.45014990232331
221.04166666666666 25.435150781866447 24.442507877348252
221.54166666666666 25.4241065393717 24.434876509073547
222.04166666666663 25.413074570382093 24.427300398962704
222.54166666666666 25.40211629225937 24.419752730246458
223.04166666666666 25.391260011436557 24.41221062322812
223.54166666666663 25.380417038357272 24.404738541925312
224.04166666666666 25.369647716503472 24.397269184575453
224.54166666666666 25.358932797480502 24.3898263136385
225.04166666666663 25.34830826281705 24.38240146187022
225.54166666666666 25.337720208466912 24.375036943639646
226.04166666666666 25.327225902777762 24.367689672108092
226.54166666666663 25.316753385270605 24.36038383675318
227.04166666666666 25.306345480919003 24.353087588893075
227.54166666666666 25.296001602778887 24.345812983169203
228.04166666666663 25.28570687961489 24.338579896320404
228.54166666666666 25.275481965717283 24.331382387805455
229.04166666666666 25.265319236714753 24.324209054601113
229.54166666666663 25.255218148301537 24.31707375453375
230.04166666666666 25.245164801323085 24.309952956834643
230.54166666666666 25.23517399214438 24.30286154726456
231.04166666666666 25.225247347632592 24.295813805181407
231.54166666666666 25.215386228491035 24.288796030780404
232.04166666666666 25.20556505846251 24.281804633466923
232.54166666666666 25.195805130460474 24.274831414641284
233.04166666666666 25.186117729137266 24.267898423243853
233.54166666666666 25.176462978861004 24.260982690930028
234.04166666666666 25.166881106983915 24.25411588362998
234.54166666666666 25.157323486517903 24.24725555667375
235.04166666666666 25.147841107290724 24.240423696823843
235.54166666666666 25.138445187221862 24.233637860794207
236.04166666666666 25.12907111638555 24.226888843317745
236.54166666666666 25.11975061772578 24.22013412872691
237.04166666666666 25.11049774266953 24.213445200650803
237.54166666666666 25.101265789276745 24.20675674286
238.04166666666666 25.092137977439304 24.20011547321707
238.54166666666666 25.083061535586197 24.19349911204831
239.04166666666666 25.074004884505513 24.186918654640763
239.54166666666666 25.06501168920522 24.180368734976977
240.04166666666666 25.05605202784825 24.17381441903256
240.54166666666666 25.047120936366408 24.167284739050217
241.04166666666666 25.03822016997907 24.160778227927754
241.54166666666666 25.029355338623024 24.1542751521548
242.04166666666666 25.020493638284528 24.14779866364199
242.54166666666666 25.011676975365017 24.141331169012986
243.04166666666666 25.00290388946818 24.134888702842492
243.54166666666666 24.994144603333595 24.128470300157304
244.04166666666666 24.985439239055275 24.12206025521705
244.54166666666666 24.976758770154884 24.115663956672783
245.04166666666666 24.96809746388721 24.109285207119093
245.54166666666666 24.959469562165644 24.10294215588506
246.04166666666666 24.950873948879515 24.09659303515118
246.54166666666666 24.942330966295103 24.090286614564363
247.04166666666666 24.933817262431063 24.083978286669833
247.54166666666666 24.925350531257955 24.07770652043295
248.04166666666666 24.91690717663868 24.071446329470977
248.54166666666666 24.90847584945055 24.065216502127804
249.04166666666666 24.90011757951528 24.0589931126058
249.54166666666666 24.891792372924723 24.05279307381447
250.04166666666666 24.883482334913634 24.046611564532164
250.54166666666666 24.875218772175273 24.04045744355512
251.04166666666666 24.86700652572305 24.034325974460117
251.54166666666666 24.858852023734702 24.02821106690105
252.04166666666666 24.85067471960558 24.02211679250309
252.54166666666666 24.84255754637312 24.016059735196492
253.04166666666666 24.834482085693004 24.010004724139364
253.54166666666666 24.826461530151303 24.00399564282823
254.04166666666666 24.81847421931164 23.99797729464867
254.54166666666666 24.810505925794672 23.99199349730621
255.04166666666666 24.802588798190794 23.98603304847493
255.54166666666666 24.794700266791935 23.98010187444037
256.0416666666667 24.78689291597725 23.97419585321102
256.5416666666667 24.779085484571883 23.968292542226784
257.0416666666667 24.77132398342986 23.962433464455096
257.5416666666667 24.76361233917604 23.956591547768173
258.0416666666667 24.755947965276874 23.950764500252024
258.5416666666667 24.748302424049236 23.944983375870017
259.0416666666667 24.74070412945671 23.939208012586434
259.5416666666667 24.733144096534375 23.933443422456925
260.0416666666667 24.72565119289601 23.927716926267564
260.5416666666667 24.718179979656277 23.922018027098048
261.0416666666667 24.71073840256079 23.916333117664994
261.5416666666667 24.703351268339855 23.910694944377813
262.0416666666667 24.696022749464326 23.90504983952633
262.5416666666667 24.68870313991834 23.8994502976577
263.0416666666667 24.681399836987183 23.89387802026065
263.5416666666667 24.67420021987158 23.888317963649044
264.0416666666667 24.66700781643244 23.88276589649875
264.5416666666667 24.659851823032824 23.877275142155895
265.0416666666667 24.65275974865029 23.87178878430737
265.5416666666667 24.64570942627427 23.86633100912232
266.0416666666667 24.638696477835225 23.860878312454577
266.5416666666667 24.63169408199657 23.855478940234974
267.0416666666667 24.624775885117334 23.850096364989838
267.5416666666667 24.617865190112237 23.84473509754288
268.0416666666667 24.61099677664778 23.83939831454118
268.5416666666667 24.60418993264465 23.83409157211872
269.0416666666667 24.597423526320238 23.82880540127307
269.5416666666667 24.590680912637957 23.823543724244875
270.0416666666667 24.58399073279526 23.818307588246597
270.5416666666667 24.57733675375545 23.81309576974919
271.0416666666667 24.5707476454508 23.807912257909617
271.5416666666667 24.564162676236844 23.80276155599269
272.0416666666667 24.557648132825296 23.79762632986822
272.5416666666667 24.551130978076905 23.79249551975323
273.0416666666667 24.544648037966304 23.7873963634106
273.5416666666667 24.53819229176352 23.782313270240024
274.0416666666667 24.5317475422271 23.77722542107567
274.5416666666667 24.52530877375585 23.772160078492742
275.0416666666667 24.51892129923198 23.767113182205737
275.5416666666667 24.51255124745584 23.762083715533922
276.0416666666667 24.506202306027326 23.757059448303828
276.5416666666667 24.499870808240356 23.752044420936755
277.0416666666667 24.493550298967776 23.747062368911593
277.5416666666667 24.487271560827445 23.74209267021235
278.0416666666667 24.48102303333802 23.737138536576783
278.5416666666667 24.474790065921916 23.732195422696915
279.0416666666667 24.46858535027065 23.727260383447945
279.5416666666667 24.462393638564354 23.722342672861604
280.0416666666667 24.456241301103457 23.717454113832797
280.5416666666667 24.450096623039215 23.71256728913227
281.0416666666667 24.4439876467753 23.70771796431255
281.5416666666667 24.437898316708985 23.702867147348236
282.0416666666667 24.431837226403644 23.698037374780224
282.5416666666667 24.425830941800093 23.69322099754227
283.0416666666667 24.419805230332944 23.688416402749205
283.5416666666667 24.41380903612521 23.68363275864038
284.0416666666667 24.40786411248982 23.678862733415453
284.5416666666667 24.401946801392235 23.67414054110519
285.0416666666667 24.39603322688088 23.669397972322294
285.5416666666667 24.390152168563098 23.664701382915133
286.0416666666667 24.38431807547541 23.65999152497936
286.5416666666667 24.378477092375714 23.655313345852555
287.0416666666667 24.372681816541906 23.650655529227514
287.5416666666667 24.366906515989058 23.646009601902747
288.0416666666667 24.36118105358503 23.641385756704956
288.5416666666667 24.355456190718094 23.636778134778954
289.0416666666667 24.34977079125644 23.63219177741117
289.5416666666667 24.3441013396691 23.627612421572564
290.0416666666667 24.338482690741976 23.623062295707918
290.5416666666667 24.332883273029346 23.618532491706603
291.0416666666667 24.32728407815374 23.614002984324095
291.5416666666667 24.32173873191463 23.60950508977549
292.0416666666667 24.316228083978928 23.605025593535803
292.5416666666667 24.310724643634238 23.600567771461677
293.0416666666667 24.30527245560753 23.596116900807345
293.5416666666667 24.29981639318736 23.591697917742287
294.0416666666667 24.294398509398 23.587282816446667
294.5416666666667 24.289021801373618 23.58289809718506
295.0416666666667 24.28368752486056 23.57852044569478
295.5416666666667 24.278342374100035 23.57416836293359
296.0416666666667 24.27304714956673 23.569845421810825
296.5416666666667 24.26778903543412 23.5655316622887
297.0416666666667 24.26255266448789 23.561224192304838
297.5416666666667 24.25733218750041 23.556949701194046
298.0416666666667 24.252150827061648 23.55269098213077
298.5416666666667 24.24699132937144 23.548444342776417
299.0416666666667 24.241885456396133 23.544232933765112
299.5416666666667 24.236774468251152 23.540031688406316
300.0416666666667 24.23171994045342 23.535855968340766
300.5416666666667 24.226656682442073 23.53168911589875
301.0416666666667 24.221671823650397 23.527544787493344
301.5416666666667 24.21669632582084 23.523413049365054
302.0416666666667 24.21173155355455 23.519310394900028
302.5416666666667 24.206796765129607 23.51522410469442
303.0416666666667 24.201909052280683 23.51116324571704
303.5416666666667 24.197034100779685 23.5070994322108
304.0416666666667 24.192215365158756 23.503079058719507
304.5416666666667 24.187393933294427 23.499079513616238
305.0416666666667 24.1826193886153 23.495081404899324
305.5416666666667 24.177858831793753 23.491098657080723
306.0416666666667 24.173113825891065 23.487149599255538
306.5416666666667 24.16839372523512 23.483202320597286
307.0416666666667 24.163711880614894 23.479261133654102
307.5416666666667 24.159054756125585 23.47535853753934
308.0416666666667 24.154390528974638 23.471458836871374
308.5416666666667 24.149761442899607 23.4675802810275
309.0416666666667 24.14514623996634 23.46370826548973
309.5416666666667 24.140574559489693 23.459863445754618
310.0416666666667 24.136008685767845 23.456015775851885
310.5416666666667 24.13147223956617 23.45218933880327
311.0416666666667 24.126941257871866 23.448382799129487
311.5416666666667 24.122444152642068 23.44457978448378
312.0416666666667 24.117950794004237 23.440803652692736
