FastTrWP/PhaseSpace/IAs/snIa_0.32_30.00_-0.80_0.09.csv
# %ECSV 0.9
# ---
# datatype:
# - {name: time-rel, datatype: float64}
# - {name: g, datatype: float64}
# - {name: i, datatype: float64}
# schema: astropy-2.0
time-rel g i
[from data line 1156]
806.3541666666666 23.173848584629916 22.405472618388128
806.8541666666665 23.17523619526005 22.405823883480018
807.3541666666666 23.17662386181687 22.406183920332467
807.8541666666666 23.178017568880236 22.4065292472348
808.3541666666665 23.179411521072232 22.406893322052493
808.8541666666666 23.18080442553495 22.40725319875065
809.3541666666666 23.18219337891792 22.40761697899579
809.8541666666665 23.183607928703566 22.407983376045202
810.3541666666666 23.184994244940924 22.408350359613898
810.8541666666666 23.18640785075983 22.408725250372875
811.3541666666665 23.187814387280735 22.409101572782472
811.8541666666666 23.18921656781352 22.409475781130514
812.3541666666666 23.190619364273864 22.409871671887952
812.8541666666665 23.192031852690434 22.4102522478464
813.3541666666666 23.19344955075777 22.410640524613715
813.8541666666666 23.194850184928786 22.411033036083225
814.3541666666665 23.19626488901481 22.41142656615923
814.8541666666666 23.197678044602373 22.411827378119533
815.3541666666666 23.19908671137199 22.412238773264246
815.8541666666665 23.2005026354065 22.412641770436377
816.3541666666666 23.20192420472648 22.413045511116433
816.8541666666666 23.203342388281275 22.41345475370261
817.3541666666665 23.204765098078326 22.413880649505234
817.8541666666666 23.20617529720286 22.414294709624567
818.3541666666666 23.207585205558495 22.414721391511492
818.8541666666665 23.209005868355522 22.415148375553706
819.3541666666666 23.210416616955996 22.415581245645516
819.8541666666666 23.211838618548626 22.41601505694728
820.3541666666665 23.213260289536535 22.416454237008104
820.8541666666666 23.214690666936807 22.416894616979626
821.3541666666666 23.216086817635265 22.41734247344933
821.8541666666665 23.217537191835127 22.417784994840545
822.3541666666666 23.218971154141997 22.418231926808694
822.8541666666666 23.22039969974488 22.418696792098718
823.3541666666665 23.221840062743123 22.419139940612514
823.8541666666666 23.223272670162146 22.419603236468607
824.3541666666666 23.224709610895786 22.420066036684453
824.8541666666665 23.226138206165214 22.42053759597621
825.3541666666666 23.227597188913457 22.421012628804885
825.8541666666666 23.229028720014465 22.421476824141635
826.3541666666665 23.230495974104315 22.4219516813595
826.8541666666666 23.23194262991487 22.422438925261332
827.3541666666666 23.23338694751081 22.42291512165275
827.8541666666665 23.23485190220108 22.42339834220006
828.3541666666666 23.236292869060307 22.423895826208344
828.8541666666666 23.23777208285982 22.4243830931897
829.3541666666665 23.23922600189778 22.42487710831356
829.8541666666666 23.24069082084582 22.425381399212625
830.3541666666666 23.242152821284947 22.42587816221091
830.8541666666665 23.243625423774574 22.42638441101193
831.3541666666666 23.245091525035264 22.426892456711624
831.8541666666666 23.246565163999286 22.427400226832944
832.3541666666665 23.2480436207113 22.427923062141502
832.8541666666666 23.249503790444507 22.428438412296856
833.3541666666666 23.25098920313176 22.428965672653888
833.8541666666665 23.252467803571225 22.429487012695247
834.3541666666666 23.253952539542823 22.430013965749772
834.8541666666666 23.25544156816285 22.430533059192676
835.3541666666665 23.256916892102506 22.431076471973004
835.8541666666666 23.258402164453965 22.431608327293482
836.3541666666666 23.25990245093795 22.43215057040688
836.8541666666665 23.26139504538733 22.43269851579928
837.3541666666666 23.262883797520413 22.43323527843508
837.8541666666666 23.26437832269854 22.43379042908125
838.3541666666665 23.265870166114453 22.434349140464704
838.8541666666666 23.267374445171324 22.434906376889035
839.3541666666666 23.268865383168688 22.435457274605778
839.8541666666665 23.270371965596773 22.436023192566097
840.3541666666666 23.271867622180288 22.436584134865463
840.8541666666666 23.273372452198227 22.437154309883113
841.3541666666665 23.274884318681405 22.437733358954787
841.8541666666666 23.27638618669058 22.43830055489797
842.3541666666666 23.2778996710126 22.438885793881763
842.8541666666665 23.27941814894016 22.439461775507155
843.3541666666666 23.28092401946602 22.440051338191566
843.8541666666666 23.282441959606338 22.440636377163464
844.3541666666665 23.283950483164247 22.44122504321782
844.8541666666666 23.28547616603573 22.4418184396256
845.3541666666666 23.286981169587907 22.442421671908946
845.8541666666665 23.288513753720697 22.443026109902778
846.3541666666666 23.290032665476005 22.443624046341707
846.8541666666666 23.29155575693157 22.44423213792858
847.3541666666665 23.293081631665764 22.44484709204821
847.8541666666666 23.294603673370663 22.445460352609025
848.3541666666666 23.296124009317865 22.446068095159823
848.8541666666665 23.297651190457223 22.44668660356668
849.3541666666666 23.29919566084747 22.447314526787608
849.8541666666666 23.30071085132129 22.447939004607417
850.3541666666665 23.3022486216816 22.448573435846942
850.8541666666666 23.3037804298953 22.44920416807517
851.3541666666666 23.305319829376764 22.449845038659873
851.8541666666665 23.306844791996923 22.45048314778507
852.3541666666666 23.308383547657343 22.451118236339774
852.8541666666666 23.309930631246004 22.45177155441376
853.3541666666665 23.311483075422622 22.452416927545883
853.8541666666666 23.313010799517603 22.45307140868139
854.3541666666666 23.314551137612796 22.453725458670434
854.8541666666665 23.316097168875757 22.454394254455213
855.3541666666666 23.317645735320625 22.45505274824169
855.8541666666666 23.319192180814557 22.455716680842098
856.3541666666665 23.320747983913108 22.45639505631212
856.8541666666666 23.322306548754813 22.45707189291813
857.3541666666666 23.323850576033788 22.457754274362873
857.8541666666665 23.32541456426923 22.458427940121144
858.3541666666666 23.326978594797126 22.459112860590295
858.8541666666666 23.328527921230894 22.459804676489128
859.3541666666665 23.33007334002158 22.46049388767243
859.8541666666666 23.331656019625918 22.461188748787357
860.3541666666666 23.333210400478002 22.461894083673187
860.8541666666665 23.334772128163408 22.462596083132055
861.3541666666666 23.33634799832525 22.463303209408952
861.8541666666666 23.337926703230373 22.46400945969811
862.3541666666665 23.339477976834534 22.464726931302074
862.8541666666666 23.341062476724762 22.465434412913524
863.3541666666666 23.342640619524676 22.466165728641762
863.8541666666665 23.344213281402432 22.466879189923144
864.3541666666666 23.345788369315944 22.46761623308891
864.8541666666666 23.347374269477434 22.46833450719437
865.3541666666665 23.348962968601477 22.469072756197246
865.8541666666666 23.350535219238445 22.46980332536518
866.3541666666666 23.352133476364752 22.470547860472017
866.8541666666665 23.35371311147767 22.47128815287042
867.3541666666666 23.355303052366615 22.472031325852576
867.8541666666666 23.35689607931309 22.47278691186644
868.3541666666665 23.358504490450265 22.473543426581223
868.8541666666666 23.360097590428342 22.474291104426037
869.3541666666666 23.361682087857112 22.475054961341584
869.8541666666665 23.363282560644528 22.47581810618351
870.3541666666666 23.364891052584326 22.476596804202075
870.8541666666666 23.36648713047001 22.477356649639184
871.3541666666665 23.368084663473926 22.4781347883626
871.8541666666666 23.369706388420532 22.478907954376197
872.3541666666666 23.371311369271872 22.47968330672591
872.8541666666665 23.3729190558077 22.480470112362315
873.3541666666666 23.37453344643901 22.48125824515546
873.8541666666666 23.37614964120651 22.482048856387298
874.3541666666665 23.37776475868583 22.48283869626062
874.8541666666666 23.379386788870406 22.483630414470007
875.3541666666666 23.38101376440752 22.484434438286254
875.8541666666665 23.382635155756 22.48523226464837
876.3541666666666 23.3842517605447 22.48604012750953
876.8541666666666 23.38588058652342 22.486850734689785
877.3541666666665 23.387515857640892 22.487660939564577
877.8541666666666 23.389145612575053 22.48847695165545
878.3541666666666 23.390784008426643 22.489290791205633
878.8541666666665 23.39240968836006 22.490117890152185
879.3541666666666 23.39405749260493 22.490941576561813
879.8541666666666 23.395683943552733 22.49177778763416
880.3541666666665 23.39733025012461 22.492607304133927
880.8541666666666 23.398976946054127 22.493432612884785
881.3541666666666 23.40060340882236 22.494272633066622
881.8541666666665 23.402269243107487 22.495113470333983
882.3541666666666 23.403913605804625 22.495953834760265
882.8541666666666 23.40556621302216 22.49680083327879
883.3541666666665 23.407229006156637 22.497655014618573
883.8541666666666 23.40887396418462 22.498506346733237
884.3541666666666 23.410519803278223 22.499365582325122
884.8541666666665 23.41220047525684 22.500232685946497
885.3541666666666 23.413853240140675 22.50108793525108
885.8541666666666 23.415517497295347 22.501956120157097
886.3541666666665 23.41718391080922 22.502833338601448
886.8541666666666 23.41885318430176 22.503700155508277
887.3541666666666 23.420525256736184 22.504578801987627
887.8541666666665 23.4221977039185 22.505462837833402
888.3541666666666 23.42387175783812 22.506346645809234
888.8541666666666 23.425548093210114 22.50724806278996
889.3541666666665 23.427220669331984 22.508132055667403
889.8541666666666 23.42889821750432 22.509030594652547
890.3541666666666 23.430578357699194 22.50993525807526
890.8541666666665 23.432274602558188 22.51083686037235
891.3541666666666 23.433961802858555 22.51174811728611
891.8541666666666 23.435643659012815 22.512656430879762
892.3541666666665 23.437340362550785 22.51357471719226
892.8541666666666 23.439029529230694 22.51449049524264
893.3541666666666 23.44071350913733 22.515414505992098
893.8541666666665 23.442431873278984 22.516342972769863
894.3541666666666 23.444126759536864 22.51727159221353
894.8541666666666 23.445828562134047 22.518204152635434
895.3541666666665 23.447528408679624 22.519141172262273
895.8541666666666 23.44922961962572 22.5200799136409
896.3541666666666 23.450944753054202 22.52101841300928
896.8541666666665 23.45265091509073 22.521973684909558
897.3541666666666 23.454368999408743 22.522915293817377
897.8541666666666 23.45608254415964 22.52387092193733
898.3541666666665 23.457796789879247 22.524835274933057
898.8541666666666 23.45952406807394 22.525790933661874
899.3541666666666 23.461241105184083 22.526756964849607
899.8541666666665 23.462968905932783 22.527729478653534
900.3541666666666 23.46469710633055 22.528695381639263
900.8541666666666 23.466428034128505 22.52967429388456
901.3541666666665 23.468157860317362 22.530649533606084
901.8541666666666 23.469887383110994 22.53163814927065
902.3541666666666 23.47163173067742 22.532625922280264
902.8541666666665 23.473370159744285 22.533616889372176
903.3541666666666 23.475105430185152 22.534603101976995
903.8541666666666 23.476844021902387 22.535608271764357
904.3541666666665 23.478603379002276 22.536605463786223
904.8541666666666 23.480348928853523 22.53760770429281
905.3541666666666 23.48208767302453 22.538616659351042
905.8541666666665 23.483849918731188 22.53962789223501
906.3541666666666 23.48561232888676 22.54063780112968
906.8541666666666 23.487359576036248 22.541661614132206
907.3541666666665 23.48911903181593 22.542679380401953
907.8541666666666 23.4908824497926 22.543703477603852
908.3541666666666 23.492656333909757 22.544730840046576
908.8541666666665 23.49442673549852 22.54576285051719
909.3541666666666 23.49619501553353 22.546806880524016
909.8541666666666 23.49795840283406 22.5478422764545
910.3541666666665 23.49975037540056 22.548881699913238
910.8541666666666 23.501525419111893 22.549928973946983
911.3541666666666 23.503301209959915 22.55098108422695
911.8541666666665 23.50508068714943 22.552032073679072
912.3541666666666 23.506875388635887 22.553094229146417
912.8541666666666 23.508662957460995 22.55415317661811
913.3541666666665 23.51046547937419 22.55521747750965
913.8541666666666 23.512260318411062 22.556279648568086
914.3541666666666 23.5140470243314 22.55735044195086
914.8541666666665 23.515841484898246 22.55842923261436
915.3541666666666 23.517662044572422 22.559505920395743
915.8541666666666 23.51946566387976 22.560590191182293
916.3541666666665 23.521279875061065 22.56168124137003
916.8541666666666 23.523083932182466 22.562779908709658
917.3541666666666 23.52490942045913 22.56389016430606
917.8541666666665 23.526731306334405 22.565001914952862
918.3541666666666 23.52855267989004 22.566116232502434
918.8541666666666 23.53037743576099 22.56724620058497
919.3541666666665 23.53221584935364 22.56837558955311
919.8541666666666 23.534052997508383 22.569515692751715
920.3541666666666 23.535895396024863 22.570662913688757
920.8541666666665 23.537740699555293 22.571809691308534
921.3541666666666 23.539583708062356 22.572961834464174
921.8541666666666 23.54143748442322 22.574119822613316
922.3541666666665 23.5432817881442 22.575278617251435
922.8541666666666 23.545147158516304 22.576450914855123
923.3541666666666 23.546997998775538 22.577623222511857
923.8541666666665 23.548868320060965 22.578807392601725
924.3541666666666 23.550711961870363 22.579985045609995
924.8541666666666 23.552596265523977 22.58117056977167
925.3541666666665 23.5544556696765 22.58235876553694
925.8541666666666 23.55633422117647 22.58355887591465
926.3541666666666 23.558217947273036 22.584747133618347
926.8541666666665 23.560094084010288 22.58595513251608
927.3541666666666 23.561979024209343 22.58716055224724
927.8541666666666 23.563854303860943 22.588372089162718
928.3541666666665 23.56574657366387 22.589580676761226
928.8541666666666 23.567633014725917 22.59079730258798
929.3541666666666 23.569539241958015 22.59201852673212
929.8541666666665 23.57142456929715 22.593246691542987
930.3541666666666 23.573318896310518 22.59446101950545
930.8541666666666 23.575219899091696 22.595688914892346
931.3541666666665 23.57712301702246 22.59692107473832
931.8541666666666 23.579028161086185 22.598145967810392
932.3541666666666 23.580926377227147 22.599393113201064
932.8541666666665 23.5828396766096 22.60062166697161
933.3541666666666 23.584745548200814 22.601855005055228
933.8541666666666 23.586663746194304 22.603096932174257
934.3541666666665 23.588574118820816 22.604332273908916
934.8541666666666 23.590489261548786 22.60557691721154
935.3541666666666 23.59241142076694 22.60681954421216
935.8541666666665 23.594324902346834 22.608062113145003
936.3541666666666 23.596251157818973 22.60930959033674
936.8541666666666 23.598171419817533 22.61055378814635
937.3541666666665 23.600093507643997 22.61179658270686
937.8541666666666 23.60202103901099 22.613041546857367
938.3541666666666 23.603943974172257 22.61428429469467
938.8541666666665 23.60587587936238 22.615539042136806
939.3541666666666 23.607815177644458 22.616785148680478
939.8541666666666 23.609742540937976 22.618028462950875
940.3541666666665 23.611677188535026 22.619276326954694
940.8541666666666 23.613600661712688 22.62051604720061
941.3541666666666 23.615536119163806 22.621757151457473
941.8541666666665 23.61747695336738 22.623000297163685
942.3541666666666 23.6194194660293 22.624237687296326
942.8541666666666 23.621358860026334 22.625475765518924
943.3541666666665 23.623288259012195 22.626722114819422
943.8541666666666 23.625228121708936 22.62796521897744
944.3541666666666 23.627173385207612 22.629186758342396
944.8541666666665 23.629110058033422 22.63042595244164
945.3541666666666 23.63105835449565 22.631650134738464
945.8541666666666 23.633005055062334 22.63287817298476
946.3541666666665 23.634948704879154 22.634101374837915
946.8541666666666 23.636881368470846 22.635327302420855
947.3541666666666 23.638837077911454 22.636540316992534
947.8541666666665 23.64078512102804 22.63777437459155
948.3541666666666 23.642740799309077 22.63900116816615
948.8541666666666 23.644687476141144 22.640236619453617
949.3541666666665 23.646629741937435 22.64147773550218
949.8541666666666 23.64859581154677 22.642707965348492
950.3541666666666 23.65055778355268 22.643942124302924
