FastTrWP/PhaseSpace/IAs/snIa_0.46_30.00_-1.32_0.02.csv
# %ECSV 0.9
# ---
# datatype:
# - {name: time-rel, datatype: float64}
# - {name: g, datatype: float64}
# - {name: i, datatype: float64}
# schema: astropy-2.0
time-rel g i
[from data line 1407]
346.4999999999999 24.4766349675485 22.604233051942057
347.0 24.478737857956855 22.605249694175736
347.5 24.480824981543247 22.606258732119212
347.9999999999999 24.482904718823406 22.607276566160873
348.5 24.485018073637672 22.608292943484646
349.0 24.4870794378938 22.609303916109113
349.4999999999999 24.489186440290936 22.610319080572914
350.0 24.49125168294254 22.611332097320673
350.5 24.49335108482697 22.612343507191497
350.9999999999999 24.495445608604047 22.613350116400216
351.5 24.497545779044437 22.61436311519099
352.0 24.499649334408176 22.615370244399024
352.4999999999999 24.501744302622267 22.616381744233966
353.0 24.50384303459804 22.617385791768186
353.5 24.50592399768626 22.618392027014885
353.9999999999999 24.50803255158093 22.61940517122116
354.5 24.51012852467421 22.620416814506523
355.0 24.51223533025788 22.62143079797882
355.4999999999999 24.514320965398397 22.622449872018908
356.0 24.51640437848509 22.62347036101747
356.5 24.518506614430233 22.62448968643836
356.9999999999999 24.52059494448088 22.625519345523657
357.5 24.522703196264295 22.62653585430034
358.0 24.52480488735004 22.62756212649519
358.4999999999999 24.52688118545971 22.628586364609205
359.0 24.528961819992467 22.629617337467693
359.5 24.5310639559978 22.630638614768586
359.9999999999999 24.533140774720117 22.631667886490785
360.5 24.53522766403157 22.632704569389613
361.0 24.537321243014198 22.633738230719324
361.4999999999999 24.53940325554186 22.634770196497747
362.0 24.54149490710567 22.63581008952074
362.5 24.54358556865766 22.63684734081352
362.9999999999999 24.54565344542354 22.637889107611855
363.5 24.547745003263636 22.63892459427548
364.0 24.549839551956136 22.639963860548733
364.4999999999999 24.551904933190936 22.641004651162746
365.0 24.553993756834767 22.642039885371066
365.5 24.556070441446153 22.64309023963655
365.9999999999999 24.55816374626753 22.644128698803424
366.5 24.560271699476726 22.645176369090755
367.0 24.562346303919327 22.64622017531451
367.4999999999999 24.564415165268137 22.647261675129048
368.0 24.566502918284282 22.648309576255755
368.5 24.568579587297855 22.64935463764415
368.9999999999999 24.570679811105336 22.650393475540838
369.5 24.572759541793513 22.651448990712115
370.0 24.57485257412966 22.652491463920775
370.4999999999999 24.576939684875775 22.653536189409277
371.0 24.57901790923544 22.65458912398688
371.5 24.581098514510053 22.655629903819996
371.9999999999999 24.583186344941655 22.656680378442374
372.5 24.585262559444793 22.657727620517246
373.0 24.587355798682587 22.658785087936295
373.4999999999999 24.589448173829865 22.659824077343043
374.0 24.59153207739886 22.660876757423516
374.5 24.593595471754504 22.661922006406016
374.9999999999999 24.595708833801563 22.6629723801039
375.5 24.597781974241443 22.66400921849193
376.0 24.599867141267723 22.665059639951295
376.5 24.60197202166052 22.666108686490638
377.0 24.604059457836396 22.66715246004386
377.5 24.606164795463332 22.66819785964553
378.0 24.608238761717484 22.66924621422382
378.5 24.610347381502894 22.670286942314473
379.0 24.612439287276455 22.671336880884667
379.5 24.614524486317947 22.67236492391909
380.0 24.616635721250834 22.67341663296587
380.5 24.61873130218541 22.67446354999258
381.0 24.620823788589487 22.675493138597844
381.5 24.622922806851385 22.67653411088701
382.0 24.624997179396093 22.67757600218175
382.5 24.627130531143884 22.678618205794475
383.0 24.62923120588008 22.679658216984528
383.5 24.631336385933995 22.6806838405893
384.0 24.633438070343274 22.68172156775318
384.5 24.635558855921932 22.68275309536879
385.0 24.637629554154763 22.683789266397536
385.5 24.639772843080358 22.68481282377012
386.0 24.641883581512616 22.685850971343324
386.5 24.643991049993033 22.686881337417823
387.0 24.646080967227213 22.687900228174197
387.5 24.648187536400933 22.68892728350085
388.0 24.650328337910103 22.689949983444325
388.5 24.652449533010284 22.690968968981924
389.0 24.65457846819581 22.691992760511436
389.5 24.656695472927723 22.693017412403726
390.0 24.658796275614407 22.69403740862451
390.5 24.660928737164856 22.695051105760026
391.0 24.66304035595947 22.696073669018254
391.5 24.665161198556365 22.697091892493955
392.0 24.66727231969831 22.698111190788804
392.5 24.669406373443167 22.69912822706869
393.0 24.67152025610809 22.70014592171167
393.5 24.67361864625336 22.701157051463106
394.0 24.675747288789527 22.702169863878655
394.5 24.677875266482236 22.703192913940228
395.0 24.679996150623072 22.70421001637947
395.5 24.682144308179723 22.70522527758419
396.0 24.684254403257174 22.706236725370065
396.5 24.686377568409497 22.707251583554008
397.0 24.688501641324684 22.70826337434963
397.5 24.690621299726672 22.709277315981666
398.0 24.692747596832977 22.710286711527516
398.5 24.694868508087822 22.71130162734453
399.0 24.69698528062259 22.712306885903928
399.5 24.69912159532738 22.713324114295755
400.0 24.70123242652695 22.714332032434726
400.5 24.703363489104234 22.715338900384747
401.0 24.705500816876857 22.716351575352178
401.5 24.70764107780692 22.717352118280424
402.0 24.70975921605791 22.718370185388697
402.5 24.71189633487091 22.71937406800939
403.0 24.71402348951819 22.720375089850478
403.5 24.71614351773453 22.721382742285478
404.0 24.718274081991506 22.722394857651558
404.5 24.720412518608427 22.723398569935647
405.0 24.722550005624786 22.72440805116654
405.5 24.724666577043926 22.725412885856677
406.0 24.726806547051986 22.72641743131812
406.5 24.72892381071681 22.727417845943386
407.0 24.731067902030517 22.72842644045216
407.5 24.7332152739512 22.729425500401952
408.0 24.73534790805799 22.73043173419396
408.5 24.73746229439112 22.73143893449926
409.0 24.739613169371268 22.732429849803207
409.5 24.74174396642325 22.733435522085554
410.0 24.743876041335227 22.73444446283655
410.5 24.74604690616026 22.735429830065854
411.0 24.748162358189113 22.7364434032513
411.5 24.750312065983678 22.737434056340334
412.0 24.75246775385203 22.738436016240872
412.5 24.75458618106831 22.73943397080837
413.0 24.756721114220102 22.740439799659903
413.5 24.7588863666698 22.741443076926995
414.0 24.761035605533973 22.742439050264245
414.5 24.763163400142854 22.743434320035398
415.0 24.76530804308019 22.744437536068403
415.5 24.767459265993285 22.745432941724207
416.0 24.769613364744963 22.746428869922674
416.5 24.771762594389614 22.747423917474315
417.0 24.773913248749658 22.748427371341307
417.5 24.776056133307716 22.749410069461327
418.0 24.778189401322344 22.75041224708382
418.5 24.780347195951578 22.75140846037167
419.0 24.782494215603247 22.752409100165497
419.5 24.784675862703036 22.75339715630985
420.0 24.7868196263978 22.754393651269616
420.5 24.78899445170777 22.755388417089762
421.0 24.791128193793387 22.756381732274317
421.5 24.793287749752572 22.75736635028157
422.0 24.795443886815104 22.75837065807233
422.5 24.797616182179457 22.75936072642515
423.0 24.799770328856212 22.76036041095088
423.5 24.801922929984237 22.761354334989015
424.0 24.80409061702371 22.762338180559713
424.5 24.806248406328617 22.763330749395692
425.0 24.808418434572033 22.764324039577648
425.5 24.81056729005651 22.765316980491924
426.0 24.812746417975852 22.7663045411908
426.5 24.81490467079119 22.767290068002822
427.0 24.817063691178213 22.768280328014214
427.5 24.819217203891473 22.76927153834034
428.0 24.821388023969494 22.770256110938945
428.5 24.823538902723875 22.77124240597515
429.0 24.825734523171292 22.77223998673408
429.5 24.82788519669418 22.77322581705856
430.0 24.830068573883807 22.774214988828795
430.5 24.832233656517907 22.77519346110193
431.0 24.834381724707065 22.776174453703156
431.5 24.836566984315446 22.777164103047085
432.0 24.838711210490697 22.778146713155092
432.5 24.840908585378973 22.779138169186545
433.0 24.84307873947477 22.78010709861207
433.5 24.845235142467228 22.78109640976302
434.0 24.847415676655416 22.782085195983083
434.5 24.84956927665438 22.783059692585155
435.0 24.851744014204353 22.784045830352284
435.5 24.853934422231806 22.78502405871127
436.0 24.85608057763214 22.786002761845797
436.5 24.85826487342844 22.786983178370967
437.0 24.860429061351542 22.787952791851865
437.5 24.862623260896587 22.788941345314385
438.0 24.86480258091423 22.78991876585991
438.5 24.866960184850875 22.790895425853165
439.0 24.86914288928331 22.791879312555974
439.5 24.871322316099423 22.79285158607935
440.0 24.87350206147701 22.793829311943217
440.5 24.875665049257254 22.79480298078477
441.0 24.877858758085818 22.795782662283234
441.5 24.88002585187823 22.796763531084167
442.0 24.882202535265257 22.797721600926227
442.5 24.88437804640008 22.798707491258593
443.0 24.886575737424796 22.799682928247176
443.5 24.88873477738862 22.800657686724023
444.0 24.890929939278873 22.801629744636962
444.5 24.893126562246557 22.802596126944955
445.0 24.895310123781957 22.803581198988944
445.5 24.89746889009706 22.804554964803877
446.0 24.899656098858674 22.805521779289126
446.5 24.901875452367452 22.806485190379142
447.0 24.904038478511055 22.80746105820253
447.5 24.906221697732004 22.80842783504813
448.0 24.90839591388896 22.809396649329617
448.5 24.910576007734964 22.810376271006017
449.0 24.912780542045795 22.81134669512135
449.5 24.914965346314688 22.81231915363341
450.0 24.917160756618348 22.8132782030854
450.5 24.919351246302238 22.81424961979466
451.0 24.921530423039933 22.815218719827453
451.5 24.92373089117614 22.816180911645723
452.0 24.92593168786836 22.817154850017385
452.5 24.928120390700848 22.818118162609288
453.0 24.930308826654056 22.819083840735615
453.5 24.932511818689 22.820050989402375
454.0 24.93469959834622 22.82101758840831
454.5 24.936898494879564 22.82197927739734
455.0 24.939084225091143 22.822955418482916
455.5 24.941288311745332 22.823915809667046
456.0 24.943514066068214 22.824883858613042
456.5 24.945682027797886 22.825843426393284
457.0 24.9478907208292 22.82680755614006
457.5 24.95008756772792 22.82777636204255
458.0 24.952312272416187 22.828742033064135
458.5 24.95451482328138 22.829703583342024
459.0 24.956710958130117 22.83067145417864
459.5 24.958898783497187 22.83162217302263
460.0 24.961112900444007 22.83258746742188
460.5 24.96332095943574 22.83355501600649
461.0 24.965548135381837 22.834512351148547
461.5 24.967726919051827 22.83546829922228
462.0 24.969929175103857 22.83643639375127
462.5 24.972145931464915 22.837384468722743
463.0 24.974363766690843 22.83835039461993
463.5 24.976553554270765 22.839307570289606
464.0 24.978781793093596 22.840268543575768
464.5 24.98096428766843 22.84122805603666
465.0 24.98319618699473 22.842173025690933
465.5 24.985405319335626 22.843136949072207
466.0 24.987595377813744 22.844084577544933
466.5 24.9898053721314 22.845041593807395
467.0 24.992007323795534 22.84599945129463
467.5 24.99423272267453 22.846955499265064
468.0 24.996446197040612 22.847910836884516
468.5 24.998659611673453 22.84886148205402
469.0 25.000878964878055 22.849812666861556
469.5 25.00308281164631 22.850766738143065
470.0 25.005287333566596 22.851714242529717
470.5 25.007508388542334 22.852667915848286
471.0 25.009694991919012 22.853619825398937
471.5 25.011936070519894 22.854578746445895
472.0 25.01415573035335 22.85552133281472
472.5 25.016357865518465 22.856473416321712
473.0 25.018563122584187 22.857419223852943
473.5 25.020777746017295 22.85836209810839
474.0 25.022984744293957 22.859312156939218
474.5 25.0252267095577 22.860259048784513
475.0 25.027441880742572 22.861211785112566
475.5 25.02965141325211 22.862149281596306
476.0 25.03187665570108 22.863097500631714
476.5 25.034082807062692 22.86405143044889
477.0 25.03629798321687 22.865004216321015
477.5 25.038529341811376 22.865945240606894
478.0 25.040740766562138 22.86687822004935
478.5 25.04293471085863 22.867833834211112
479.0 25.045187131469735 22.86877443552598
479.5 25.047407322724844 22.869712104585446
480.0 25.04962650861023 22.870659704468448
480.5 25.051849744926578 22.87160434383587
481.0 25.054058182360862 22.8725498680352
481.5 25.05627899309673 22.873488060996735
482.0 25.058514541258695 22.874422010594586
482.5 25.060739541252417 22.87536034104702
483.0 25.062948064900116 22.876315366883926
483.5 25.06517508258337 22.87724924863366
484.0 25.06739950184814 22.87819063796057
484.5 25.069619639498775 22.87912750113219
485.0 25.071849850556628 22.880065928499103
485.5 25.07407527456538 22.881008148545053
486.0 25.076308898547595 22.881947265601998
486.5 25.0785422000665 22.882876013113407
487.0 25.08075755431637 22.883819155374834
487.5 25.0829880196491 22.88476024687604
488.0 25.08522400887309 22.885694607117948
488.5 25.087456571868522 22.886631471978557
489.0 25.089658012844673 22.887569634162954
489.5 25.091897882608556 22.88851185479164
490.0 25.094148185569146 22.889436388514525
490.5 25.09634694782025 22.890381193725943
491.0 25.098609367941812 22.89130717966175
491.5 25.100824946198177 22.892250203120376
492.0 25.10304385804426 22.893175897340598
492.5 25.1052885895991 22.894115075624384
493.0 25.10751447831755 22.895048697433992
493.5 25.109759956091075 22.895981414429208
494.0 25.1119843597299 22.896923693367327
494.5 25.114206358987957 22.897842194093748
495.0 25.11644784446966 22.898771043785025
495.5 25.11869896657736 22.899711155145223
496.0 25.120931129175787 22.90064307874381
496.5 25.123133019079894 22.90157295795877
497.0 25.125376665218496 22.902494946779704
497.5 25.127609511574253 22.903421483971805
498.0 25.12985036824743 22.90434805817587
498.5 25.13211344461439 22.905274853399664
499.0 25.134317781741085 22.906201977564326
499.5 25.1365525220023 22.907127757100486
500.0 25.138789753357663 22.908044172165386
500.5 25.141021403403123 22.90898182396731
501.0 25.14327284522867 22.909905421683096
501.5 25.145492377795154 22.91081545411375
502.0 25.14773833383295 22.911746381445177
502.5 25.149967056792942 22.912670435365598
503.0 25.1521836827377 22.91358957304586
503.5 25.154431816527577 22.91450796883481
504.0 25.15666879652208 22.91542207262228
504.5 25.158922151081256 22.916349941804693
505.0 25.16113434683532 22.9172677010845
505.5 25.163367150078855 22.918186357369827
506.0 25.16558962292273 22.919099258506325
506.5 25.16785830913531 22.920026529744316
507.0 25.170077865803215 22.920943316481154
507.5 25.17231798471304 22.921861210305504
508.0 25.174544238564934 22.922780968208706
508.5 25.176778257414632 22.92368677863351
509.0 25.17904969059942 22.92461175944918
509.5 25.181255809781323 22.925522933968562
510.0 25.183507412935512 22.92643520397756
510.5 25.185721671614083 22.92734736412791
511.0 25.18796436721844 22.92826524139312
511.5 25.19020202441733 22.9291764611119
512.0 25.192439469491564 22.930095771529842
512.5 25.19468248749769 22.931004861373026
513.0 25.19689267968808 22.93192455373651
513.5 25.19914509016207 22.932833104458012
514.0 25.20136112518948 22.93375545415215
514.5 25.203638758814563 22.93465862231084
515.0 25.205871398422275 22.9355739826449
515.5 25.208074964458973 22.936486042757544
516.0 25.21033313019075 22.937388677964417
516.5 25.2125522845029 22.938303155721478
517.0 25.214798016052143 22.939217079375393
517.5 25.217012505323794 22.940132305721832
518.0 25.219280379670835 22.94103358377525
518.5 25.221508456709067 22.941946118792092
519.0 25.223753495481912 22.942858727708412
519.5 25.22599000568629 22.943768636812937
520.0 25.228202998884555 22.94468556386091
520.5 25.230459241244333 22.945586018088967
521.0 25.23269099717934 22.946503212493727
521.5 25.23491300270649 22.947420766121624
522.0 25.23713757343145 22.948324377203832
522.5 25.239370926509046 22.949231321001633
523.0 25.241630120542432 22.95014889902594
523.5 25.243845372561225 22.9510574669883
524.0 25.246078295137593 22.951962929165695
524.5 25.248335351594204 22.952878168355255
525.0 25.25053724190468 22.95378420285976
525.5 25.252815236682476 22.954691649859477
526.0 25.25501969031652 22.95559556465736
526.5 25.257238481166524 22.95651286153335
527.0 25.259474694212187 22.95743146191239
527.5 25.26172493450566 22.95834231060602
528.0 25.263948882604584 22.959257440590896
