FastTrWP/PhaseSpace/IAs/snIa_0.69_30.00_-0.15_0.05.csv
# %ECSV 0.9
# ---
# datatype:
# - {name: time-rel, datatype: float64}
# - {name: g, datatype: float64}
# - {name: i, datatype: float64}
# schema: astropy-2.0
time-rel g i
[from data line 1771]
468.5 25.566034705549047 22.522999354054996
469.0 25.567507534459292 22.52386837565122
469.4999999999999 25.56900808610555 22.524735245783067
470.0 25.57052233537735 22.525614603591432
470.5 25.5719939692958 22.52648912221748
470.9999999999999 25.573494385503555 22.52735761974222
471.5 25.57498040659116 22.52823989502426
472.0 25.57647067972225 22.529110614289284
472.4999999999999 25.577978868838155 22.529986656460906
473.0 25.5794368065534 22.530865799059768
473.5 25.58094888856631 22.53174412240152
474.0 25.5824205463033 22.532632067143915
474.5 25.583898923549597 22.53350401876389
475.0 25.58537523329281 22.53438449427644
475.5 25.58682519835866 22.5352749921861
476.0 25.588300990292367 22.536159368599044
476.5 25.58973679511352 22.537037059784566
477.0 25.591208891019946 22.537927261421533
477.5 25.592710462323357 22.5388154768789
478.0 25.594149538280217 22.539703556057546
478.5 25.59558169884034 22.540587015628066
479.0 25.59706930286947 22.541480011569437
479.5 25.598530149365956 22.542368789651764
480.0 25.600003309096305 22.543260176084473
480.5 25.601438399616 22.54415094121084
481.0 25.6028888799817 22.545039442815323
481.5 25.60434215219386 22.545938929976437
482.0 25.60582530995607 22.546829210701418
482.5 25.607244845211493 22.547717525176346
483.0 25.608713723614063 22.548613457246944
483.5 25.610143860020873 22.549516032174544
484.0 25.611606476597835 22.5504048409719
484.5 25.613048727141226 22.551302507817784
485.0 25.614504979218754 22.552201013951937
485.5 25.61595671577883 22.553095544182803
486.0 25.617414956457726 22.553994549893662
486.5 25.61888153704437 22.55489919869731
487.0 25.62031534592414 22.55579383142027
487.5 25.621779700985332 22.556689493664113
488.0 25.62324436383517 22.557586669489517
488.5 25.624698946328294 22.558494093369056
489.0 25.626159166475738 22.55939112268184
489.5 25.627590603836992 22.560290577956074
490.0 25.629093036126378 22.561192361197563
490.5 25.630542823532597 22.562094887431428
491.0 25.632014248768172 22.56299690784487
491.5 25.633460718697805 22.56389924726593
492.0 25.634959279938542 22.56479700480346
492.5 25.63640250730606 22.565695261368
493.0 25.637884524196103 22.56660715782353
493.5 25.639343089165987 22.567506591252233
494.0 25.640855267117008 22.568413747939
494.5 25.642313971936417 22.569309361126614
495.0 25.643772631343616 22.57021984582923
495.5 25.64523811250033 22.57112247022284
496.0 25.64670855514022 22.572027393465138
496.5 25.6481820696235 22.572947744261104
497.0 25.649625233751113 22.573854235271007
497.5 25.65109390600343 22.574760405485314
498.0 25.65249635607046 22.575668410247722
498.5 25.65399542902967 22.57658645787274
499.0 25.65540949035853 22.577495840037393
499.5 25.656866561378568 22.578413849193662
500.0 25.658305348300843 22.579325124305445
500.5 25.659765584554446 22.58024132048156
501.0 25.661201852187734 22.581159019247817
501.5 25.66262757571808 22.582074315134925
502.0 25.66404806609001 22.58299773287279
502.5 25.665486902787002 22.583916850885146
503.0 25.66690442597272 22.584840030691232
503.5 25.668308741892 22.585765787272727
504.0 25.66976604121621 22.58667944079849
504.5 25.671192523514392 22.587605326757945
505.0 25.672629703018053 22.588527661977725
505.5 25.674023141277406 22.58945349756406
506.0 25.67544081182231 22.590377885934604
506.5 25.676885395451038 22.591302667168204
507.0 25.678255938434237 22.59223680143335
507.5 25.679669686644 22.593160795333414
508.0 25.681109597143443 22.594083796758177
508.5 25.682514562087185 22.59502319660446
509.0 25.683933551877086 22.59594723007659
509.5 25.685337960924315 22.596876836451067
510.0 25.68672883572338 22.597812357521036
510.5 25.688133493291645 22.598746176975876
511.0 25.689541939168087 22.59967524787763
511.5 25.690959044263856 22.600612956768593
512.0 25.692333429721053 22.601546239902973
512.5 25.693791554570673 22.602478131214717
513.0 25.695167358435942 22.60341798047633
513.5 25.6965781485846 22.60435389721191
514.0 25.69796622013941 22.605281369912724
514.5 25.69936242720486 22.606227854350696
515.0 25.70078402761334 22.60716668752291
515.5 25.70222749649907 22.608108243943583
516.0 25.703610416564977 22.60904533998199
516.5 25.704987170974405 22.60998580548573
517.0 25.706402964194247 22.610930673274193
517.5 25.70782254366894 22.6118673208316
518.0 25.709230769995017 22.612806771413805
518.5 25.710608372010316 22.613755270568056
519.0 25.712033446505224 22.61468879393826
519.5 25.713443143285563 22.61564096210806
520.0 25.714846650519853 22.616583031032537
520.5 25.716260228817582 22.617527121355007
521.0 25.717640028576287 22.618464095766768
521.5 25.71909073962356 22.619413357879964
522.0 25.72049615630164 22.620360125054226
522.5 25.72190863598263 22.621305561588095
523.0 25.72332400159846 22.622249150580235
523.5 25.724737752584673 22.623198842710647
524.0 25.726169482884792 22.624150735957596
524.5 25.727582964874188 22.625096579984813
525.0 25.729006138517335 22.6260480826185
525.5 25.73042622464344 22.626993222132377
526.0 25.73185988002864 22.627940350753214
526.5 25.733276173617746 22.62889172294455
527.0 25.73473373025042 22.629847107203474
527.5 25.736142234424154 22.63079314785275
528.0 25.737557297982253 22.631744266449957
528.5 25.739020011326797 22.63269464123203
529.0 25.740441672716024 22.63364747638297
529.5 25.741884701264443 22.63460059894083
530.0 25.743334483236552 22.635549864914584
530.5 25.74479350164481 22.636501350259483
531.0 25.746226050193375 22.63745497400261
531.5 25.747693629391613 22.63841003646712
532.0 25.749141388638044 22.639352764808635
532.5 25.750598929101216 22.64031173635352
533.0 25.75209512521247 22.641264756918833
533.5 25.75351240916449 22.642216651055197
534.0 25.754991878800322 22.643172096018098
534.5 25.75649254613841 22.644130136930535
535.0 25.757990224717688 22.64508258595036
535.5 25.75942765383218 22.646033095812896
536.0 25.76093567938504 22.646993201686435
536.5 25.76238406438072 22.647945034310442
537.0 25.76385797641897 22.648898928388512
537.5 25.7653416759206 22.64985691328541
538.0 25.766822629929926 22.650802284757773
538.5 25.768281462364207 22.651776600798605
539.0 25.769789384238937 22.65272935755608
539.5 25.771244839423172 22.653688064931956
540.0 25.772730408760044 22.65464065168291
540.5 25.77422308003556 22.65559944160063
541.0 25.775730346595445 22.65656173935526
541.5 25.77723542116727 22.657528977435803
542.0 25.778682659174077 22.658474874086465
542.5 25.780201196107182 22.659445180010582
543.0 25.781678916454418 22.660404445504728
543.5 25.783169035130257 22.66136461326152
544.0 25.784653244281643 22.662329032428783
544.5 25.786167736654985 22.663287573443345
545.0 25.787655747759707 22.66425783961211
545.5 25.78914013412042 22.665217809390242
546.0 25.79065997563317 22.666185710973576
546.5 25.79215526956748 22.667142759448595
547.0 25.79361501897126 22.66810780253081
547.5 25.795170168093545 22.669077271970515
548.0 25.796682134933157 22.670037071319538
548.5 25.798152242612513 22.671002050651676
549.0 25.799629775537667 22.67197373669404
549.5 25.80116604248373 22.67294089737907
550.0 25.802686862905112 22.67390925947879
550.5 25.80420112445847 22.674875127486345
551.0 25.805704110197375 22.675840516180884
551.5 25.807225687642365 22.676812770652617
552.0 25.808728703547654 22.677785983580595
552.5 25.81020811804157 22.67875157957782
553.0 25.811746117956226 22.67972767248745
553.5 25.81330418848931 22.6806921042281
554.0 25.814776600113714 22.68167843857009
554.5 25.81630744479313 22.682644120346044
555.0 25.817824113511417 22.68362079021677
555.5 25.819354554271836 22.684593319314313
556.0 25.820858636065402 22.68556916789017
556.5 25.822408561497596 22.68654828507174
557.0 25.823899935425807 22.687523218358482
557.5 25.825451800723513 22.68848994151732
558.0 25.82698614551957 22.689469006307124
558.5 25.82848416498767 22.69044966159356
559.0 25.830031815695527 22.691431469470405
559.5 25.831538890697555 22.692406174767875
560.0 25.83311014195713 22.693390537113117
560.5 25.834624267463187 22.694369794394177
561.0 25.836191974218373 22.695340010727936
561.5 25.837718510466765 22.696329222740044
562.0 25.839247509149548 22.697308307374456
562.5 25.840785793411932 22.69829587954149
563.0 25.842305245952197 22.699274905891087
563.5 25.843889724569987 22.700258448216935
564.0 25.845425684048273 22.701240606579777
564.5 25.846971800975176 22.702228542972065
565.0 25.848523166237804 22.70321952940362
565.5 25.850071139114476 22.704205272794354
566.0 25.851600271480795 22.705187115098738
566.5 25.853175511084014 22.70618071710054
567.0 25.85473898739503 22.707170832970192
567.5 25.85629401864642 22.708152749690402
568.0 25.857862608613274 22.709147380422756
568.5 25.859386319775375 22.710135644472697
569.0 25.860977148218765 22.71113362743474
569.5 25.86255550552955 22.712121377809325
570.0 25.86412280890346 22.71311398001116
570.5 25.86565532906389 22.71410904694899
571.0 25.867250102567144 22.715102893692563
571.5 25.868845650712416 22.716100186730156
572.0 25.870384611437494 22.71709252668535
572.5 25.871939598058567 22.718091016994673
573.0 25.873511279320805 22.719093881990172
573.5 25.87513513935399 22.720095595280668
574.0 25.876686589297186 22.721085447868923
574.5 25.87828270449666 22.72208808506165
575.0 25.879817384312894 22.723085958119373
575.5 25.881427375126236 22.72408484345344
576.0 25.883025759779855 22.72508872520135
576.5 25.884606862052543 22.72609160264656
577.0 25.88620957382897 22.72709153209191
577.5 25.88773576739124 22.728104966422006
578.0 25.889370772240166 22.729100287208233
578.5 25.890959862765065 22.73011026990936
579.0 25.892578966247402 22.731118333934262
579.5 25.894159784608853 22.732121638783397
580.0 25.895719203994187 22.733118479800023
580.5 25.8973250574283 22.734139113055008
581.0 25.89897139702383 22.735145309819238
581.5 25.900567716978372 22.736148418396507
582.0 25.90218081143128 22.73716119572665
582.5 25.90376320659604 22.738160179546885
583.0 25.905359163818797 22.739176660518112
583.5 25.906970049927974 22.7401925825871
584.0 25.90856453635473 22.741199492229455
584.5 25.910209643128653 22.742211602987293
585.0 25.911818662324308 22.743222990342634
585.5 25.91340928579518 22.744238910060464
586.0 25.915026232604063 22.74524980319655
586.5 25.916645804974806 22.7462675621393
587.0 25.91826449366308 22.747286939231756
587.5 25.91989304557194 22.7482990764492
588.0 25.92149596859528 22.74931438803003
588.5 25.92311679808937 22.7503343933667
589.0 25.92476644717987 22.751353868962667
589.5 25.926388109021524 22.752366639847104
590.0 25.92799436589884 22.753389191508703
590.5 25.929623305908358 22.754406713032687
591.0 25.9312445125175 22.755424342168972
591.5 25.932886421945966 22.756454982981996
592.0 25.93454585525209 22.757467490362465
592.5 25.936171689794087 22.75849829194901
593.0 25.937816680107257 22.759523022732303
593.5 25.9394312222304 22.760553642908103
594.0 25.941091695325827 22.761578125476746
594.5 25.94271861006351 22.762594425434443
595.0 25.94439258574054 22.76362966683646
595.5 25.9460103030551 22.76465274053429
596.0 25.947655187451787 22.765685692252102
596.5 25.949317229965118 22.766710413284596
597.0 25.950949123222905 22.76774076036938
597.5 25.952644155583112 22.768772518367722
598.0 25.954292136066496 22.76980610904973
598.5 25.955951752338976 22.770834730181182
599.0 25.957609761187896 22.771869941237306
599.5 25.959250545282476 22.77289837212619
600.0 25.960937999695446 22.77394217422643
600.5 25.962609430332595 22.774975409409855
601.0 25.964255696400556 22.776013920888296
601.5 25.965920100675753 22.777054651050523
602.0 25.96762205526444 22.77808649100736
602.5 25.969294117882367 22.779132666698125
603.0 25.970926953136086 22.780170787866346
603.5 25.972626609605033 22.781205903340545
604.0 25.974334121608113 22.782249153081565
604.5 25.975980615092404 22.7832917310773
605.0 25.977697699724807 22.784335198399674
605.5 25.97939929642042 22.78537721613192
606.0 25.981048155231015 22.786418516865112
606.5 25.982718084083363 22.78747430325978
607.0 25.984442747447073 22.788513504979164
607.5 25.986110216638934 22.78956271451261
608.0 25.987795396116255 22.790613528609974
608.5 25.98948181232201 22.791667272791308
609.0 25.991207789469648 22.792712200008786
609.5 25.992935913847116 22.793766735515682
610.0 25.994622152439103 22.794819131883173
610.5 25.996324775034427 22.795878300558456
611.0 25.9980408197049 22.796927052458358
611.5 25.999743435492913 22.79798482745237
612.0 26.00148605645719 22.799045538809626
612.5 26.003185848765227 22.80009573972051
613.0 26.004892576755843 22.801158972795314
613.5 26.006584973645275 22.80220726110133
614.0 26.008343944644515 22.80328331398197
614.5 26.010089119702222 22.80433834600648
615.0 26.011779816291916 22.8053992526832
615.5 26.013489685077296 22.806467038995677
616.0 26.015224829352302 22.80751883950936
616.5 26.01699744548221 22.808590007807904
617.0 26.018720484226616 22.809651478205705
617.5 26.020484104524616 22.810722482507423
618.0 26.022207226426758 22.81178967476341
618.5 26.023929286546533 22.812858936130134
619.0 26.025683184419464 22.81393366407975
619.5 26.02742074287596 22.81500356276507
620.0 26.029159639777745 22.81607861442044
620.5 26.030933512169703 22.817149102271674
621.0 26.032706026403275 22.818223267240644
621.5 26.034434164771195 22.819283523842945
622.0 26.036199654862024 22.820361703982236
622.5 26.037961619844083 22.821439809420767
623.0 26.039733983586537 22.82252102558664
623.5 26.041507990298214 22.82359726699105
624.0 26.043288516478032 22.824676884015144
624.5 26.04506266248284 22.825755568548757
625.0 26.046797844653256 22.826825116046855
625.5 26.048617975482937 22.827915009548395
626.0 26.05039754728232 22.828999354749303
626.5 26.0521903880861 22.830076414938535
627.0 26.053959199797614 22.831163182855047
627.5 26.055756393219784 22.83224682121862
628.0 26.057562497649222 22.833331172843117
628.5 26.059330185994995 22.834429835844148
629.0 26.06112008160144 22.83551020382797
629.5 26.062947417422503 22.836606501305475
630.0 26.06469796322092 22.83767795956085
630.5 26.06652917377079 22.838779724996925
631.0 26.06835126767386 22.83986826850406
631.5 26.07013367215839 22.840959095172195
632.0 26.071956734452154 22.842056682345458
632.5 26.07372718019832 22.843151004724692
633.0 26.075560439703093 22.844245352565366
633.5 26.07738737444901 22.845342413471904
634.0 26.079194102368085 22.84644875064661
634.5 26.080996780698985 22.847537989916006
635.0 26.082853139654244 22.848637297930445
635.5 26.084658194967915 22.84973536895638
636.0 26.086477972628984 22.850834202278012
636.5 26.088277869485125 22.85193661998449
637.0 26.09012664608022 22.853042360793097
637.5 26.09195745874232 22.854149429225814
638.0 26.09377487854344 22.85525490906831
638.5 26.095649806236004 22.856358654132123
639.0 26.097517271002598 22.857464123051564
639.5 26.099323203155826 22.858572264306915
640.0 26.101186550344945 22.859675477521876
640.5 26.103010802275705 22.86079012905411
641.0 26.10485248291882 22.86189985042075
641.5 26.10672578995045 22.863017584499147
642.0 26.108515154840024 22.864127643181533
642.5 26.110343301749907 22.865236076709937
643.0 26.11226355826139 22.86635410635203
643.5 26.1141211876734 22.867467668498016
644.0 26.115990959874843 22.868583853520317
644.5 26.11785125883212 22.869699008909855
645.0 26.1196573564229 22.870815116369698
645.5 26.121533396154284 22.871934575033798
646.0 26.12339743672316 22.8730583043339
646.5 26.1252791415924 22.874179644682805
647.0 26.127127777856217 22.875304353450325
647.5 26.128994627397454 22.876426947095275
648.0 26.13083951987015 22.87755943908831
648.5 26.13272990220461 22.87867246840628
649.0 26.134629623291232 22.879798606294134
649.5 26.136517612650778 22.880929299204293
650.0 26.138399309571867 22.88205876741764
650.5 26.14025067722841 22.883185016482898
651.0 26.14214293339369 22.884318412408554
651.5 26.144027405650586 22.8854504145108
652.0 26.14592966938303 22.88658368448905
