FastTrWP/PhaseSpace/IAs/snIa_0.49_30.00_-1.01_0.08.csv
# %ECSV 0.9
# ---
# datatype:
# - {name: time-rel, datatype: float64}
# - {name: g, datatype: float64}
# - {name: i, datatype: float64}
# schema: astropy-2.0
time-rel g i
[from data line 1448]
956.6041666666665 24.559236456300706 22.521920180312875
957.1041666666666 24.561368281797602 22.522815805692037
957.6041666666666 24.56350177362031 22.523721375706685
958.1041666666665 24.565633649881278 22.524625835712108
958.6041666666666 24.56778527815214 22.525532493619295
959.1041666666666 24.569936662617696 22.526439551782502
959.6041666666665 24.57205969249726 22.527351259716312
960.1041666666666 24.57420661858467 22.52826325394796
960.6041666666666 24.576361476345806 22.529182379036087
961.1041666666665 24.57848935558562 22.530101570568245
961.6041666666666 24.580636452723827 22.53101276681203
962.1041666666666 24.582776281605202 22.53192860078956
962.6041666666665 24.584917325357395 22.53286230391805
963.1041666666666 24.587077751818114 22.533779770724923
963.6041666666666 24.58921361810814 22.53470515512287
964.1041666666665 24.591389764756396 22.53562188587715
964.6041666666666 24.593507170323257 22.536556481791052
965.1041666666666 24.595650280765593 22.537485512608242
965.6041666666665 24.5978035975971 22.53841529285137
966.1041666666666 24.59997464836406 22.539346009196453
966.6041666666666 24.602091055828726 22.54028233912189
967.1041666666665 24.604248391822093 22.541212020878824
967.6041666666666 24.60639684046174 22.542145106468272
968.1041666666666 24.608556701708423 22.543076439230965
968.6041666666665 24.61071417847751 22.544015917778708
969.1041666666666 24.612870107656576 22.544946784108774
969.6041666666666 24.61500835482513 22.545888749836767
970.1041666666665 24.617162069874343 22.546823743035375
970.6041666666666 24.619326455239126 22.54776572921103
971.1041666666666 24.621469337609874 22.548710328561363
971.6041666666665 24.623637783260758 22.54963787759463
972.1041666666666 24.625792766801005 22.550578910530355
972.6041666666666 24.62795190861675 22.551523551609414
973.1041666666665 24.630114775735215 22.552462690532685
973.6041666666666 24.632269507900617 22.55340298239387
974.1041666666666 24.634407791621676 22.55434890530352
974.6041666666665 24.636580683000954 22.555286455593148
975.1041666666666 24.638746250900276 22.55622335215655
975.6041666666666 24.640908023092646 22.55716423413022
976.1041666666665 24.643070400783905 22.55810683119785
976.6041666666666 24.645227152538965 22.559045895938837
977.1041666666666 24.647395277350498 22.559985748440468
977.6041666666665 24.64955286099846 22.560924596164273
978.1041666666666 24.651722622853512 22.561861368720155
978.6041666666666 24.653876960390313 22.562797101117773
979.1041666666665 24.656055180660957 22.563741408066015
979.6041666666666 24.65822199063425 22.564673614910156
980.1041666666666 24.660388621827384 22.565609893301833
980.6041666666665 24.662556663087326 22.56654837105087
981.1041666666666 24.6647246098089 22.567483071839987
981.6041666666666 24.66691720689644 22.568425255875812
982.1041666666665 24.66907605436067 22.569370601221127
982.6041666666666 24.671239911933554 22.570299356459426
983.1041666666666 24.67341541390564 22.57125015207279
983.6041666666665 24.675605491668883 22.57220285361552
984.1041666666666 24.677758785193905 22.573147418387038
984.6041666666666 24.679910991264084 22.57409372937062
985.1041666666665 24.682098035954677 22.57504107917796
985.6041666666666 24.684280630644615 22.575992137300496
986.1041666666666 24.686449980438194 22.57694700622931
986.6041666666665 24.688634671542715 22.577904145485725
987.1041666666666 24.690804414284283 22.578853334043284
987.6041666666666 24.692979563003043 22.579811577573622
988.1041666666665 24.695132252782624 22.5807676458965
988.6041666666666 24.697320384575047 22.581728442603715
989.1041666666666 24.699487172017545 22.582682351016487
989.6041666666665 24.70168426120945 22.58365023449157
990.1041666666666 24.703843847554534 22.584609184548945
990.6041666666666 24.70603372194949 22.585568713113137
991.1041666666665 24.708199714540946 22.586531184802684
991.6041666666666 24.710369364906427 22.587503642276367
992.1041666666666 24.712546345439478 22.58846604296922
992.6041666666665 24.714717247777116 22.589432100031996
993.1041666666666 24.71688920766759 22.590404991865157
993.6041666666666 24.719074669252272 22.591368782249546
994.1041666666665 24.721257927617938 22.592336228033506
994.6041666666666 24.72342350468066 22.593307017893473
995.1041666666666 24.72561458919314 22.59427868493457
995.6041666666665 24.727774391644765 22.59525192331411
996.1041666666666 24.729984551795397 22.596223121394505
996.6041666666666 24.732152985640354 22.597190679633332
997.1041666666665 24.734329522930363 22.59816370200314
997.6041666666666 24.73651941171216 22.599134889472094
998.1041666666666 24.738697637193848 22.600118879022794
998.6041666666666 24.740863725617267 22.601090072054948
999.1041666666666 24.74309648751288 22.602056711955015
999.6041666666666 24.74523557640726 22.603034079314874
1000.1041666666666 24.747414932725718 22.604010698867203
1000.6041666666666 24.749616553215713 22.60498271829793
1001.1041666666666 24.751785548816706 22.60596608799151
1001.6041666666666 24.753976110199414 22.60693571633654
1002.1041666666666 24.75619084795924 22.607913597021273
1002.6041666666666 24.758340789572344 22.608888371340043
1003.1041666666666 24.76053684297601 22.609868785216428
1003.6041666666666 24.76272543486331 22.61083871815853
1004.1041666666666 24.764901606173577 22.611812571462963
1004.6041666666666 24.767098447347426 22.612790972047023
1005.1041666666666 24.769295145068533 22.613768383192465
1005.6041666666666 24.771487588190396 22.614741511463016
1006.1041666666666 24.77366260928244 22.615709990975077
1006.6041666666666 24.77585752528121 22.616688370198396
1007.1041666666666 24.7780543179513 22.61766536811526
1007.6041666666666 24.780236253949145 22.618637751555003
1008.1041666666666 24.782446843662974 22.61961568937418
1008.6041666666666 24.78463062082479 22.6205910735495
1009.1041666666666 24.786823450837375 22.621566835609034
1009.6041666666666 24.789023123628652 22.622533128286065
1010.1041666666666 24.79120106048392 22.623501376524064
1010.6041666666666 24.793414237883255 22.624474188095615
1011.1041666666666 24.795605501365785 22.625446146854983
1011.6041666666666 24.797814356300663 22.62641166041685
1012.1041666666666 24.80001273007686 22.627385736888982
1012.6041666666666 24.80220153243765 22.62835421326688
1013.1041666666666 24.804406083971287 22.629318815497015
1013.6041666666666 24.806603151195358 22.630290663396572
1014.1041666666666 24.808823563164072 22.631248804129957
1014.6041666666666 24.811015006476694 22.63220931506232
1015.1041666666666 24.813209445409797 22.63318428389768
1015.6041666666666 24.81540129801408 22.634145975117125
1016.1041666666666 24.817626829469322 22.63510851358326
1016.6041666666666 24.819822923084004 22.636064124467588
1017.1041666666666 24.8220357038724 22.63702764670137
1017.6041666666666 24.82423979967685 22.637983899100963
1018.1041666666666 24.826443901782934 22.638947397301273
1018.6041666666666 24.82865670009623 22.639900682205287
1019.1041666666666 24.83086563848085 22.640859153803184
1019.6041666666666 24.83306969428031 22.641822766287646
1020.1041666666666 24.83527435609455 22.64277643329605
1020.6041666666666 24.83748364887067 22.64373931366737
1021.1041666666666 24.839693432297384 22.64469078518054
1021.6041666666666 24.841882479714066 22.64564654021541
1022.1041666666666 24.84409783106905 22.646611636836816
1022.6041666666666 24.846311985024712 22.647563866006877
1023.1041666666666 24.84851032643682 22.648517730278943
1023.6041666666666 24.85073206761408 22.649474379757763
1024.1041666666667 24.852922414296525 22.6504333764345
1024.6041666666667 24.855157473718794 22.65139653056842
1025.1041666666667 24.857332839345997 22.652352466425107
1025.6041666666667 24.859568722936825 22.65330623415336
1026.1041666666667 24.86176448197297 22.654260769594636
1026.6041666666667 24.86397555918741 22.65521599571017
1027.1041666666667 24.866189221589252 22.656173294876567
1027.6041666666667 24.868379463406374 22.65712080656439
1028.1041666666667 24.87062202141533 22.658083031518608
1028.6041666666667 24.8728050287199 22.65903582158049
1029.1041666666667 24.875040484034972 22.65999097142941
1029.6041666666667 24.87724957889278 22.660946603669082
1030.1041666666667 24.879446830571595 22.66189856001443
1030.6041666666667 24.88166781135362 22.662853621648726
1031.1041666666667 24.88389275065057 22.663810290653682
1031.6041666666667 24.886083380551977 22.66475561907189
1032.1041666666667 24.888312090764764 22.665710760915466
1032.6041666666667 24.890535804443957 22.66666479887823
1033.1041666666667 24.8927513814498 22.667616868573116
1033.6041666666667 24.894948956612172 22.668572317942505
1034.1041666666667 24.897179030285486 22.66953059648739
1034.6041666666667 24.89937686093722 22.670477076125263
1035.1041666666667 24.90159790510161 22.671429044968132
1035.6041666666667 24.903803196105233 22.67238330678678
1036.1041666666667 24.906024316223476 22.673339779103998
1036.6041666666667 24.908239831185433 22.674290725371034
1037.1041666666667 24.910468126787745 22.675236190793733
1037.6041666666667 24.91268672537514 22.676195656017146
1038.1041666666667 24.914916616324344 22.677140230459187
1038.6041666666667 24.917119196426395 22.67809286091068
1039.1041666666667 24.919357060746748 22.679053786033712
1039.6041666666667 24.92155745656817 22.67999834794283
1040.1041666666667 24.92377692242142 22.68094932681429
1040.6041666666667 24.926006634069218 22.681898090447028
1041.1041666666667 24.928214637973408 22.682849651458152
1041.6041666666667 24.930434720301164 22.68379492251085
1042.1041666666667 24.932674902460516 22.684755873749168
1042.6041666666667 24.934894703514715 22.685702886471315
1043.1041666666667 24.937097338031204 22.686653827170705
1043.6041666666667 24.939348086393565 22.68760507128432
1044.1041666666667 24.941584571170083 22.68855739163168
1044.6041666666667 24.94378696013171 22.68950292737349
1045.1041666666667 24.94602613871087 22.69046399592416
1045.6041666666667 24.948236290101068 22.691406629078198
1046.1041666666667 24.950484123572316 22.692360729071517
1046.6041666666667 24.952698739561548 22.693316411966855
1047.1041666666667 24.95493752671534 22.69426587672834
1047.6041666666667 24.957165760618363 22.695218783131395
1048.1041666666667 24.95941086729514 22.69615861248309
1048.6041666666667 24.961628251943 22.6971116412903
1049.1041666666667 24.963880300738662 22.69807013552668
1049.6041666666667 24.96606743076533 22.699012882717557
1050.1041666666667 24.968322494042265 22.699966484782138
1050.6041666666667 24.970578937753896 22.700913990678696
1051.1041666666667 24.972793155481728 22.70187196999865
1051.6041666666667 24.975018293382547 22.70282302906898
1052.1041666666667 24.97728171195324 22.703771023510466
1052.6041666666667 24.979504250684812 22.704724768482833
1053.1041666666667 24.981737875312817 22.705674973943765
1053.6041666666667 24.983974220913527 22.706623753349433
1054.1041666666667 24.98622153955134 22.707579229129287
1054.6041666666667 24.988438583209454 22.708528257917635
1055.1041666666667 24.990680023877573 22.7094736246924
1055.6041666666667 24.99292095246604 22.710418437777335
1056.1041666666667 24.99516082863628 22.71137265336465
1056.6041666666667 24.99736880647431 22.712319232886045
1057.1041666666667 24.99963126391708 22.71327393172768
1057.6041666666667 25.0018785959804 22.714226743875958
1058.1041666666667 25.004118479498704 22.715168428057805
1058.6041666666667 25.00634475620478 22.716119371653107
1059.1041666666667 25.008573415776475 22.717069570756546
1059.6041666666667 25.010835897303277 22.718007953191538
1060.1041666666667 25.013070595142842 22.71895796450154
1060.6041666666667 25.015306392163374 22.719905097063066
1061.1041666666667 25.01755222429089 22.720854983712098
1061.6041666666667 25.01976478478531 22.721795408667997
1062.1041666666667 25.022008600416278 22.72274896115165
1062.6041666666667 25.024270579481023 22.72370030663298
1063.1041666666667 25.026510520356947 22.724647592078867
1063.6041666666667 25.028745704435064 22.725591415418656
1064.1041666666667 25.03098779719451 22.72653384650681
1064.6041666666667 25.03321661014396 22.72748653906755
1065.1041666666667 25.0354781631346 22.728432705902115
1065.6041666666667 25.037702008755083 22.729372295577367
1066.1041666666667 25.039935347076966 22.730331498291978
1066.6041666666667 25.042197551589993 22.73127019569369
1067.1041666666667 25.044442808985018 22.73221282806015
1067.6041666666667 25.04665078103826 22.73316473398319
1068.1041666666667 25.048914065963718 22.734098699786315
1068.6041666666667 25.051160630442087 22.7350547822264
1069.1041666666667 25.05338736433609 22.73600705843032
1069.6041666666667 25.05563301715423 22.736946705753528
1070.1041666666667 25.05788971554828 22.737892497290282
1070.6041666666667 25.060136496068566 22.738840769253166
1071.1041666666667 25.062378898328475 22.739795454923613
1071.6041666666667 25.064624397102904 22.74073087610374
1072.1041666666667 25.06684382825619 22.741671456600496
1072.6041666666667 25.069093991799477 22.742616972532907
1073.1041666666667 25.071351013465943 22.743560248620042
1073.6041666666667 25.073587941188347 22.744512785582973
1074.1041666666667 25.07582773561889 22.74546048531303
1074.6041666666667 25.07807962504994 22.746400148203406
1075.1041666666667 25.080335905935062 22.74735188852428
1075.6041666666667 25.08256607755105 22.748292280771572
1076.1041666666667 25.08479865530934 22.749235941984786
1076.6041666666667 25.08708015900737 22.750182861301973
1077.1041666666667 25.089296248418517 22.75112998415311
1077.6041666666667 25.09154859368686 22.752074226856834
1078.1041666666667 25.09378569448391 22.75301442041163
1078.6041666666667 25.096048934690614 22.753959145451187
1079.1041666666667 25.09829982478295 22.754898512290215
1079.6041666666667 25.10055637453827 22.755845409353803
1080.1041666666667 25.102790784181735 22.75679763990783
1080.6041666666667 25.105045557079684 22.757741260381717
1081.1041666666667 25.107284946100883 22.75868448821192
1081.6041666666667 25.109519403078558 22.759623770871556
1082.1041666666667 25.111778802381508 22.760578324846588
1082.6041666666667 25.114030054411955 22.761521105020574
1083.1041666666667 25.116303721757692 22.762466967493175
1083.6041666666667 25.118525913159154 22.763412677823133
1084.1041666666667 25.120790392143494 22.76435696968297
1084.6041666666667 25.123035237775934 22.765300028863603
1085.1041666666667 25.125297219114337 22.76624597250066
1085.6041666666667 25.127536616215185 22.76719106277102
1086.1041666666667 25.1297842820555 22.76813536024468
1086.6041666666667 25.132069583816342 22.769075078504248
1087.1041666666667 25.13432491963133 22.770023576340105
1087.6041666666667 25.13655115763532 22.77096984465771
1088.1041666666667 25.138838312493515 22.77191483651145
1088.6041666666667 25.141085829242137 22.77286378015784
1089.1041666666667 25.143312718241248 22.773810832655204
1089.6041666666667 25.145564858086335 22.77475220795796
1090.1041666666667 25.147832156871925 22.77570196123222
1090.6041666666667 25.150081006633215 22.77664800752578
1091.1041666666667 25.15231775610403 22.777591579822676
1091.6041666666667 25.154571313627663 22.77853670301926
1092.1041666666667 25.15682238701163 22.77947701150933
1092.6041666666667 25.159095660248717 22.7804256963916
1093.1041666666667 25.16136257546656 22.78136561517471
1093.6041666666667 25.16358530066167 22.782311639860644
1094.1041666666667 25.16587177413684 22.783242642110864
1094.6041666666667 25.168089411811497 22.78419978862692
1095.1041666666667 25.170350712294997 22.785148933069323
1095.6041666666667 25.172622069128273 22.78607884406133
1096.1041666666667 25.17487246816834 22.787031873892598
1096.6041666666667 25.177119019747995 22.787977854674715
1097.1041666666667 25.179349687438837 22.78891529202437
1097.6041666666667 25.181610770795274 22.789863335522163
1098.1041666666667 25.18386816313683 22.790807597546777
1098.6041666666667 25.18612711199306 22.791745447431264
1099.1041666666667 25.188384057716124 22.792688454129603
