FastTrWP/PhaseSpace/IAs/snIa_0.41_30.00_0.72_0.12.csv
# %ECSV 0.9
# ---
# datatype:
# - {name: time-rel, datatype: float64}
# - {name: g, datatype: float64}
# - {name: i, datatype: float64}
# schema: astropy-2.0
time-rel g i
[from data line 2303]
1327.1041666666667 25.343370091208293 23.041456319878236
1327.6041666666667 25.345240833468175 23.042111182442547
1328.1041666666667 25.34713337966747 23.042759004128474
1328.6041666666667 25.349010710056827 23.043414970985662
1329.1041666666667 25.350899949027262 23.04406579000951
1329.6041666666667 25.3528176533281 23.044711040185568
1330.1041666666667 25.354673471835486 23.045373417036963
1330.6041666666667 25.35657790878021 23.046033913732433
1331.1041666666667 25.3584595103472 23.046681296356795
1331.6041666666667 25.360336157701102 23.0473162873562
1332.1041666666667 25.362215107147964 23.047972392892888
1332.6041666666667 25.364132276894576 23.04861870256007
1333.1041666666667 25.36598932048382 23.049270474899018
1333.6041666666667 25.36789483890032 23.04991120910598
1334.1041666666667 25.369781602730306 23.050572585471414
1334.6041666666667 25.371638742171974 23.051222421556496
1335.1041666666667 25.373527833075826 23.051868067772077
1335.6041666666667 25.375418280018565 23.052508214271246
1336.1041666666667 25.377333072275484 23.053163746099983
1336.6041666666667 25.379174739190745 23.053810630768044
1337.1041666666667 25.381051480133245 23.05445409310532
1337.6041666666667 25.382916628687873 23.05510061596335
1338.1041666666667 25.38484371477353 23.055743980510673
1338.6041666666667 25.386724604013153 23.056389314279265
1339.1041666666667 25.38859159337065 23.05703326746991
1339.6041666666667 25.390443318767453 23.05767860586006
1340.1041666666667 25.392355852884005 23.058325633125204
1340.6041666666667 25.394255788890348 23.05897374759134
1341.1041666666667 25.39613058392494 23.059614399779274
1341.6041666666667 25.39801733016322 23.060261688540077
1342.1041666666667 25.399885401317476 23.060911614800972
1342.6041666666667 25.401798973637256 23.061546172459124
1343.1041666666667 25.40365906606381 23.06217513025517
1343.6041666666667 25.405579259953672 23.06282375583285
1344.1041666666667 25.407443115208185 23.06347062527468
1344.6041666666667 25.409346475820985 23.064116907102697
1345.1041666666667 25.411218792690356 23.064765609321057
1345.6041666666667 25.413086160023877 23.06541250232794
1346.1041666666667 25.41499009421929 23.06604517188974
1346.6041666666667 25.41688169084598 23.06668466060984
1347.1041666666667 25.41877676194877 23.067338523002906
1347.6041666666667 25.42064715846232 23.067970177341394
1348.1041666666667 25.42252238831731 23.06862136057699
1348.6041666666667 25.424432849754616 23.06925708318235
1349.1041666666667 25.426290836244704 23.069899029638258
1349.6041666666667 25.428172979799125 23.070542841778057
1350.1041666666667 25.430071417569877 23.071177985103958
1350.6041666666667 25.43195812734814 23.071812944190032
1351.1041666666667 25.433847181667453 23.07245628704178
1351.6041666666667 25.435756891156487 23.073101532732952
1352.1041666666667 25.437638690636536 23.073737733508008
1352.6041666666667 25.439501432909204 23.074378187991588
1353.1041666666667 25.44141076115163 23.075011616982287
1353.6041666666667 25.443290664509497 23.075652387371754
1354.1041666666667 25.445190235989323 23.076289654043705
1354.6041666666667 25.447043844604323 23.076923533194602
1355.1041666666667 25.448916663547546 23.077573080499597
1355.6041666666667 25.450861280836193 23.078202540020204
1356.1041666666667 25.452703219045965 23.078839753171685
1356.6041666666667 25.454593927367593 23.079471329999496
1357.1041666666667 25.456483546223673 23.080098610647646
1357.6041666666667 25.45834804840886 23.080746301206048
1358.1041666666667 25.46021335195192 23.081382068086377
1358.6041666666667 25.462123879304546 23.08201106768837
1359.1041666666667 25.464013766628586 23.082651593201753
1359.6041666666667 25.46589155216198 23.083279172698102
1360.1041666666667 25.467759809793193 23.083915830294252
1360.6041666666667 25.469644090151377 23.084550305965664
1361.1041666666667 25.471511852241555 23.08518239239784
1361.6041666666667 25.473365712688228 23.085812766303675
1362.1041666666667 25.475278953483528 23.08643594874868
1362.6041666666667 25.47716886617482 23.08708462397323
1363.1041666666667 25.479017481218765 23.0877015085365
1363.6041666666667 25.48090647528847 23.08834217793794
1364.1041666666667 25.482789507783608 23.08897021415008
1364.6041666666667 25.48464775645585 23.08959748661171
1365.1041666666667 25.486536143211268 23.09021768604388
1365.6041666666667 25.48841877632292 23.090847324589667
1366.1041666666667 25.490266657844792 23.091469838864317
1366.6041666666667 25.492154759346874 23.092109599947847
1367.1041666666667 25.494006130648597 23.092725379325913
1367.6041666666667 25.495886828339735 23.09335917752255
1368.1041666666667 25.497759162561433 23.09397668648957
1368.6041666666667 25.499628203460155 23.094603484111115
1369.1041666666667 25.50146505274828 23.095227165517528
1369.6041666666667 25.50334663405238 23.0958636934354
1370.1041666666667 25.505220576811762 23.096486610598927
1370.6041666666667 25.507061333630418 23.097106783587137
1371.1041666666667 25.508927254173948 23.09772320097722
1371.6041666666667 25.510813425220398 23.098339616434874
1372.1041666666667 25.512648345319082 23.098967199856915
1372.6041666666667 25.51448080001034 23.09958470272262
1373.1041666666667 25.516359538503416 23.100207911158066
1373.6041666666667 25.518223007434212 23.10083100693193
1374.1041666666667 25.520073479495608 23.101445068382183
1374.6041666666667 25.521917465014287 23.10206353591443
1375.1041666666667 25.523794232135675 23.102684134166566
1375.6041666666667 25.525636309527336 23.103297508653682
1376.1041666666667 25.52749220661596 23.103914172072525
1376.6041666666667 25.529346246098598 23.104519987476223
1377.1041666666667 25.531178597952703 23.105139757962082
1377.6041666666667 25.533025909740424 23.105758421656034
1378.1041666666667 25.53487402226967 23.106364339735265
1378.6041666666667 25.536733198407745 23.10698263354365
1379.1041666666667 25.538545951315438 23.107591031577343
1379.6041666666667 25.540410516901723 23.108201419463622
1380.1041666666667 25.54224856320536 23.108808526216084
1380.6041666666667 25.544065541083484 23.10942604769081
1381.1041666666667 25.545919957506605 23.110026954974373
1381.6041666666667 25.547774871143673 23.11063661689852
1382.1041666666667 25.549626142636615 23.111245809192024
1382.6041666666667 25.551453784097088 23.11186058945294
1383.1041666666667 25.553268667850453 23.112465586661436
1383.6041666666667 25.55507281312824 23.11307132438479
1384.1041666666667 25.55692110739985 23.11368207689028
1384.6041666666667 25.55877604546763 23.114282665053825
1385.1041666666667 25.560582459725765 23.11488953642764
1385.6041666666667 25.562422710500666 23.115495531026596
1386.1041666666667 25.56423687883153 23.116109025069655
1386.6041666666667 25.566092916259628 23.116699686118245
1387.1041666666667 25.567928085317956 23.117306050257188
1387.6041666666667 25.569731816175096 23.117906603740938
1388.1041666666667 25.571566494931545 23.118510443393568
1388.6041666666667 25.57336100634844 23.11912103574609
1389.1041666666667 25.575191227886414 23.119723854871776
1389.6041666666667 25.57699960886875 23.12032542671997
1390.1041666666667 25.578835361263835 23.120932941646174
1390.6041666666667 25.58065747259016 23.121523254340936
1391.1041666666667 25.582485184973187 23.122130099265537
1391.6041666666667 25.584307870899387 23.122727125130535
1392.1041666666667 25.586111684254902 23.12333442094141
1392.6041666666667 25.587921093852767 23.12393308657903
1393.1041666666667 25.589754284616546 23.124531276467792
1393.6041666666667 25.59155811554884 23.12513353005385
1394.1041666666667 25.593359533241134 23.125735897445665
1394.6041666666667 25.59516920868496 23.12633322205606
1395.1041666666667 25.597005551163182 23.12693479682689
1395.6041666666667 25.59880952680323 23.12753685322184
1396.1041666666667 25.60059015568171 23.128134515008327
1396.6041666666667 25.60242687867018 23.128733438799078
1397.1041666666667 25.604230844475143 23.129333757735786
1397.6041666666667 25.606041985843934 23.1299356318307
1398.1041666666667 25.607840074553767 23.130533378218665
1398.6041666666667 25.60965726813118 23.1311292089898
1399.1041666666667 25.611455387107206 23.13173368693104
1399.6041666666667 25.613247446151114 23.132327816646388
1400.1041666666667 25.615080235899576 23.13292970723696
1400.6041666666667 25.61687413278846 23.133532902621404
1401.1041666666667 25.618649622001577 23.134132940804477
1401.6041666666667 25.620482598264473 23.134728323341506
1402.1041666666667 25.622284947774556 23.135327934357797
1402.6041666666667 25.624065968267526 23.13592571080912
1403.1041666666667 25.625856807244247 23.13653065451598
1403.6041666666667 25.627635390661577 23.13713123715827
1404.1041666666667 25.629455821839194 23.137724398948002
1404.6041666666667 25.63126677868342 23.13832128891951
1405.1041666666667 25.633064075119197 23.138928452627532
1405.6041666666667 25.634868637299817 23.13952953275384
1406.1041666666667 25.63665852528616 23.140133851755273
1406.6041666666667 25.638460615395623 23.14071764938332
1407.1041666666667 25.640252823210112 23.141325329407103
1407.6041666666667 25.642042055866476 23.14191839530514
1408.1041666666667 25.643829925819077 23.142515591963857
1408.6041666666667 25.64559154326661 23.143116012129358
1409.1041666666667 25.647428682244314 23.143715974130835
1409.6041666666667 25.6491864527624 23.14431724955162
1410.1041666666667 25.65099238053133 23.144900218504596
1410.6041666666667 25.652768096871313 23.145499786036083
1411.1041666666667 25.654536742666348 23.146103993462205
1411.6041666666667 25.656312622435692 23.14670144762578
1412.1041666666667 25.65810345248436 23.147291873068482
1412.6041666666667 25.65986315535546 23.147896893531126
1413.1041666666667 25.661657049454895 23.148487197472058
1413.6041666666667 25.663420416941193 23.14908733446371
1414.1041666666667 25.665197355119215 23.14968108923835
