FastTrWP/PhaseSpace/IAs/snIa_0.52_30.00_1.00_0.01.csv
# %ECSV 0.9
# ---
# datatype:
# - {name: time-rel, datatype: float64}
# - {name: g, datatype: float64}
# - {name: i, datatype: float64}
# schema: astropy-2.0
time-rel g i
[from data line 2140]
646.5 25.07468756054032 22.89276529090081
647.0 25.076585651564223 22.893660022547515
647.5 25.078493203918356 22.894558035063028
648.0 25.080398790889014 22.89546269874672
648.5 25.082277329692143 22.896347613591868
649.0 25.084152189869503 22.89724383161716
649.5 25.08606509788551 22.89812947626251
650.0 25.087945357001317 22.89902328632028
650.5 25.08985052138646 22.899909272942477
651.0 25.09173878829626 22.900801147246877
651.5 25.093640131834004 22.901697967164477
652.0 25.09554956302273 22.902581974510205
652.5 25.097448792525128 22.903479709627046
653.0 25.09933444528873 22.904352141463526
653.5 25.10122647632491 22.905237600308226
654.0 25.103135199135984 22.906120127559472
654.5 25.105029659240397 22.907001138595046
655.0 25.106951035017172 22.907887226864283
655.5 25.10886960245817 22.908770434489085
656.0 25.110749103820375 22.909662803649752
656.5 25.11267131487439 22.910540752405893
657.0 25.11456207905308 22.911413686772107
657.5 25.11649461011675 22.91229353402306
658.0 25.118396323774043 22.913175789685205
658.5 25.120295559885744 22.914049432640276
659.0 25.122215906664657 22.91492567088931
659.5 25.12411595257708 22.915804686665034
660.0 25.126026161972735 22.916679901116666
660.5 25.12795852876595 22.91755354898801
661.0 25.12987684912767 22.918429787325532
661.5 25.13179303409917 22.919296566700247
662.0 25.1337062991566 22.920176455449965
662.5 25.1356298157304 22.921032594046483
663.0 25.137546514779036 22.92191789325718
663.5 25.13944807877278 22.92277955843993
664.0 25.141368839512317 22.923652353989272
664.5 25.143302934685835 22.92451631973151
665.0 25.145214973120638 22.92539037779616
665.5 25.14715455447062 22.926244394495477
666.0 25.149062748595444 22.927115148101628
666.5 25.150997445298525 22.92797488482412
667.0 25.152914097585352 22.928838369021452
667.5 25.154833360680335 22.929714091408087
668.0 25.15678923226149 22.930575720158043
668.5 25.158711100797397 22.93142020344134
669.0 25.16063886994683 22.93229452728404
669.5 25.1625680401264 22.933151251664526
670.0 25.164504797137617 22.93399746237766
670.5 25.16643319708143 22.93486502960598
671.0 25.168355191591907 22.93571803325267
671.5 25.170269947240143 22.936573228131117
672.0 25.172206846980714 22.937428871899638
672.5 25.17415633797924 22.938286473942217
673.0 25.176076899669575 22.939130748191907
673.5 25.178021726200104 22.939991163187926
674.0 25.17995264509318 22.940827312262012
674.5 25.181909900653437 22.941687715170367
675.0 25.18383969010907 22.94253652850182
675.5 25.18576351255481 22.943389647212552
676.0 25.187701633220637 22.94423083151491
676.5 25.189653644206906 22.94507759276896
677.0 25.191557319598815 22.945915701637787
677.5 25.19353450571267 22.946763533981134
678.0 25.19546153666343 22.947605545047693
678.5 25.19739274044692 22.948444740815255
679.0 25.199329171113835 22.94928574141878
679.5 25.201262876614173 22.95011845039699
680.0 25.203234568937994 22.950971438223434
680.5 25.205177703776847 22.95179984961696
681.0 25.20711618164603 22.95263362565421
681.5 25.209044503710846 22.95347884812109
682.0 25.211001056637336 22.95430550098629
682.5 25.21295371651986 22.95513754894039
683.0 25.214880524807683 22.955965801156605
683.5 25.216834102460165 22.956803013852337
684.0 25.218805242545052 22.957629906011967
684.5 25.220747477154838 22.958450086615496
685.0 25.222679244630193 22.959284041379703
685.5 25.224636231984853 22.960107614059083
686.0 25.226573006173446 22.96093396642288
686.5 25.22852746809779 22.961752756680333
687.0 25.230464180734927 22.962577665144316
687.5 25.2324249187749 22.963402407723986
688.0 25.234368147593557 22.96421737269837
688.5 25.23632444333025 22.965037714563824
689.0 25.23826628986523 22.96586062311901
689.5 25.240202321121053 22.966667888679282
690.0 25.24215965412541 22.967494089215542
690.5 25.24412860324039 22.968298860057118
691.0 25.246074878189738 22.969107862709226
691.5 25.248042859184675 22.969919942531213
692.0 25.24998981167713 22.970741645330733
692.5 25.25194208702535 22.971552300519527
693.0 25.253900354570685 22.97236161470023
693.5 25.25585975847624 22.97315820920148
694.0 25.257810233924218 22.9739700358829
694.5 25.2597488354878 22.97477771645356
695.0 25.261727392579886 22.97558243797497
695.5 25.263672202327754 22.976392310924645
696.0 25.26567292100981 22.977200296249936
696.5 25.267604396687062 22.977996698806393
697.0 25.269576929359317 22.978800134098698
697.5 25.271535264298613 22.9796001482646
698.0 25.273485228118453 22.98040072503877
698.5 25.27544711396505 22.98119810036294
699.0 25.277394183825358 22.98200108404455
699.5 25.27939220863377 22.98278579840789
700.0 25.281334207228685 22.983577569169263
700.5 25.28331629607836 22.984365877915664
701.0 25.285273392627335 22.985160190133584
701.5 25.28722705817115 22.985959677699242
702.0 25.289215314587324 22.98674298454835
702.5 25.291168731781525 22.987527054286442
703.0 25.29313008513945 22.988327881177092
703.5 25.295119754422583 22.989106151877472
704.0 25.297061216790027 22.989892843187747
704.5 25.29903692219299 22.990677849754007
705.0 25.301008979968106 22.991457740934127
705.5 25.302965470885578 22.992233172752925
706.0 25.304957152531593 22.99302170831334
706.5 25.30690385126546 22.99380327504032
707.0 25.308864376184943 22.99456980374898
707.5 25.3108308888428 22.995347332782483
708.0 25.312820294054845 22.99613316314039
708.5 25.31478180370393 22.9969056002155
709.0 25.316757551194847 22.99767505026953
709.5 25.318729421774325 22.99843863919813
710.0 25.320677163345046 22.999215301824716
710.5 25.32264156434969 22.999988279657106
711.0 25.324619282607262 23.000742907710368
711.5 25.326618660414507 23.001512667540787
712.0 25.328586581677914 23.002276102029214
712.5 25.33054998072597 23.00303215730169
713.0 25.332513689451844 23.00379038109392
713.5 25.334482751893958 23.0045610032281
714.0 25.336446123263762 23.005312057257143
714.5 25.33841498764721 23.00607305077643
715.0 25.340395049552594 23.006834932662834
715.5 25.34234750622314 23.00758005404775
716.0 25.34429718031291 23.00833194683268
716.5 25.34630176807475 23.00908488734646
717.0 25.348269753671726 23.009846695168868
717.5 25.350234375082835 23.01057975726473
718.0 25.352190442747393 23.011335156872292
718.5 25.354141260808866 23.012074299278154
719.0 25.35612582277089 23.01282317739194
719.5 25.35811237766947 23.01356341519905
720.0 25.360067142024505 23.0142955852605
720.5 25.362040519184433 23.015033277426546
721.0 25.36400944443045 23.01577923319584
721.5 25.365986781072497 23.016513339969485
722.0 25.367916551306706 23.0172429372644
722.5 25.369899709079693 23.017979186461808
723.0 25.371875909893138 23.01870917731502
723.5 25.373805090959152 23.019438204591196
724.0 25.3757901589712 23.020161991568038
724.5 25.377744703665364 23.020894548823993
725.0 25.379703765301002 23.021614385864602
725.5 25.381658999200297 23.022339822681978
726.0 25.383628084682982 23.02305614002288
726.5 25.385601381448332 23.02377597992207
727.0 25.387548255096164 23.02448451721314
727.5 25.38950861972588 23.02520907630145
728.0 25.39146829553808 23.025915702307266
728.5 25.393444202353148 23.026612997188316
729.0 25.395404448352487 23.027316369826618
729.5 25.397372550538115 23.028020430117312
730.0 25.399301193645716 23.028719631393027
730.5 25.401247802693312 23.029419501691066
731.0 25.40319802802177 23.03012198708445
731.5 25.40517782680194 23.030797687083286
732.0 25.407109133215947 23.03148622583434
732.5 25.40906528020146 23.032180278280624
733.0 25.411037720195942 23.03287112894813
733.5 25.41299227107908 23.03354831105927
734.0 25.414903960796114 23.03422875311839
734.5 25.416861939987456 23.034902216297656
735.0 25.41884284529843 23.035582926745235
735.5 25.420747420201593 23.036255401254863
736.0 25.422718024769907 23.036933129755287
736.5 25.42465159398943 23.03760579446735
737.0 25.426584348283576 23.038271722873993
737.5 25.428545925765814 23.038938961564845
738.0 25.430507864291737 23.039604459962163
738.5 25.43243939569983 23.040278569407068
739.0 25.43437974935841 23.040941513799773
739.5 25.43632006794534 23.041599473038467
740.0 25.438273820602873 23.04225699422283
740.5 25.440203823434064 23.042919688003934
741.0 25.44215810100659 23.04358372061578
741.5 25.44411495975779 23.04424008493729
742.0 25.446054587511668 23.04489190326401
742.5 25.447985713777058 23.045545260301235
743.0 25.449944657141085 23.04619879977817
743.5 25.451855622395133 23.04684872692595
744.0 25.45382390460434 23.047508070299646
744.5 25.455753053203637 23.048151233690866
745.0 25.457680508458807 23.048808507962125
745.5 25.45960931431933 23.049456014684438
746.0 25.461595551377293 23.050097222732017
746.5 25.4635069484699 23.05075635998337
747.0 25.46544821731903 23.051392542843004
747.5 25.467390995873703 23.052037803781438
748.0 25.469321044258812 23.052693037472597
748.5 25.4712607060455 23.05333605813132
749.0 25.473206144123747 23.053985761414253
749.5 25.47515039454183 23.05462369879413
750.0 25.477080503895845 23.05527155275955
750.5 25.479014507505386 23.05592161439778
751.0 25.480964971787014 23.056559821017398
751.5 25.482921912360524 23.057204244164534
752.0 25.48483483127017 23.057851615767838
752.5 25.486764366715903 23.058484142370418
753.0 25.488703708103028 23.059132278635953
753.5 25.49066875240453 23.059780890280578
754.0 25.492592479491165 23.060423597875452
754.5 25.49453769244808 23.061075195574944
755.0 25.49646595707333 23.061712372171343
755.5 25.4983868849575 23.062355475642768
756.0 25.500365555025475 23.06301145425769
756.5 25.50229643677749 23.063658153266402
757.0 25.50423703796286 23.064303546705126
757.5 25.506164700388222 23.064950542442038
758.0 25.508124430320184 23.065595878653276
758.5 25.510026995376066 23.066248743732896
759.0 25.511970532719552 23.066893944575597
759.5 25.513924625749578 23.067547031482107
760.0 25.515854004616756 23.068195082486547
760.5 25.517787998569315 23.068846884485144
761.0 25.51976955788861 23.069499653563867
761.5 25.521701780651995 23.070159373029075
762.0 25.523620237773773 23.070816087012318
762.5 25.52556164727413 23.071468240116772
763.0 25.527516728706104 23.072125760538245
763.5 25.52944377135158 23.07278032426265
764.0 25.531407250907947 23.073427743305558
764.5 25.533340101003382 23.074079909427113
765.0 25.535255640160614 23.07472951722413
765.5 25.537199018074553 23.07537574152566
766.0 25.53915118813986 23.076022123010343
766.5 25.541070931331756 23.07667560662599
767.0 25.543011503533446 23.077316161727662
767.5 25.54494624795288 23.077963067085566
768.0 25.54688193137645 23.07861315739477
768.5 25.54883959606013 23.07924750480594
769.0 25.550760503789526 23.079894138505644
769.5 25.55268909782363 23.08053488063957
770.0 25.55461844189771 23.081187884039338
770.5 25.556556725073097 23.081824275437736
771.0 25.55848836456967 23.082470336405443
771.5 25.560411104669157 23.08310688851315
772.0 25.562348554378534 23.08374075591086
772.5 25.564267625081275 23.08438284935948
773.0 25.56621518480074 23.08503168980334
773.5 25.568154437243745 23.085658080496625
774.0 25.570104877181095 23.086295183048104
774.5 25.572011104975708 23.086938639397193
775.0 25.57391975724496 23.08758168463853
775.5 25.575851592103717 23.088214421026713
776.0 25.577765140908216 23.08886039304255
776.5 25.579723159473406 23.089489670536118
777.0 25.581635142371304 23.090129230699446
777.5 25.583577257895598 23.090773854823503
778.0 25.585485417194846 23.091404632409347
778.5 25.587405838984694 23.092043100274303
779.0 25.58932451808093 23.092671281492887
779.5 25.591248674273743 23.093314334218583
780.0 25.59319483724447 23.093964719664566
780.5 25.595097701315225 23.094585875880366
781.0 25.597017159203634 23.09523053516373
781.5 25.598927855320884 23.095856283701135
782.0 25.60087108049814 23.096504770496633
782.5 25.602796441273213 23.09714357266934
783.0 25.604717586002828 23.097780542505536
783.5 25.606627719363757 23.098426609782106
784.0 25.608543795998543 23.099067793996753
784.5 25.61045598352688 23.099714320806385
785.0 25.61237887045376 23.100348465425668
785.5 25.614320498920996 23.100992333387673
786.0 25.616236893880313 23.1016403745534
786.5 25.61817534818273 23.10229070978827
787.0 25.62006949350056 23.102921260914606
787.5 25.621989081812355 23.103572610372648
788.0 25.62391226899637 23.104224659323318
788.5 25.62577873472663 23.104862668426325
789.0 25.627738927160184 23.105507103262156
789.5 25.629662290305323 23.106144099807103
790.0 25.63157424893497 23.106804802019244
790.5 25.63349003483536 23.10746530187283
791.0 25.63540790281683 23.10811163526243
791.5 25.63732883514826 23.108773869677634
792.0 25.6392430514654 23.109411560167892
792.5 25.64113732524774 23.11006924712515
793.0 25.643046132933584 23.11073713051218
793.5 25.64497579689494 23.11138619770064
794.0 25.64687111600677 23.11204827847344
794.5 25.648791405251053 23.11270442574724
795.0 25.65070636529044 23.113372331273293
795.5 25.652603565917936 23.11403004639764
796.0 25.654524665112362 23.114705153808494
796.5 25.65643662157933 23.11535706937605
797.0 25.658360167935665 23.116026101858314
797.5 25.660238641372626 23.116695724198408
798.0 25.6621710332233 23.117370295297714
798.5 25.664079157733994 23.118044245747754
799.0 25.665994154843826 23.118718367253294
799.5 25.66787364326458 23.119396220139592
800.0 25.66978177190007 23.120078815043378
800.5 25.671725021690026 23.120747947113244
801.0 25.67361648195319 23.121425477521843
801.5 25.675524346711647 23.122105457327127
802.0 25.677441110466592 23.1227894514138
802.5 25.679360009895554 23.123453817022618
803.0 25.68124273671732 23.124140809624976
803.5 25.68317238349236 23.124821920462573
804.0 25.685031085263063 23.12549810378656
804.5 25.68696629841492 23.126177394822843
805.0 25.68887806983909 23.126868130658718
805.5 25.690791187847463 23.12755330297715
806.0 25.692671752676667 23.128239996105826
806.5 25.69461997401165 23.12892856979711
807.0 25.696486642573184 23.129615959178942
807.5 25.69837471592202 23.13030249846332
808.0 25.70027057755974 23.13099679363885
808.5 25.702210633838085 23.131684124785142
809.0 25.704077993629603 23.132373542047556
809.5 25.705999113784614 23.133067303016873
810.0 25.70788793535511 23.13375016699795
810.5 25.709790101572597 23.134450356734035
811.0 25.711702739274894 23.135143646107352
811.5 25.713564293484616 23.135824697011785
812.0 25.71545021293407 23.136532007578335
812.5 25.71736748341944 23.137223130438983
813.0 25.719257741601748 23.137924758287156
813.5 25.72113139950242 23.13862423118328
814.0 25.723044143802976 23.13930670215898
814.5 25.724915296440848 23.140012575707445
815.0 25.726834019166155 23.14072172706721
815.5 25.728696296812025 23.141411973558444
816.0 25.730597948623295 23.142114858367936
816.5 25.732475472810975 23.142817215368282
817.0 25.73438022948851 23.143512546932122
817.5 25.736238717854704 23.14421808519288
818.0 25.73810926983631 23.144920089244046
818.5 25.739973344795928 23.145637477989514
819.0 25.74188786791001 23.14633591905546
819.5 25.743756977402295 23.147035253955366
820.0 25.745613233427807 23.14774583628992
820.5 25.74751748990736 23.148453898247674
821.0 25.749347339985174 23.149160981143112
821.5 25.75126176686406 23.149870572838246
822.0 25.753121717639456 23.150576818002016
822.5 25.754983141897668 23.151298492174888
823.0 25.756848589645884 23.15200117091955
823.5 25.75873827630115 23.152711329993704
824.0 25.760603440636466 23.1534321720804
824.5 25.762446959451065 23.154138667065844
825.0 25.76431699636721 23.15485685035715
825.5 25.766175458753096 23.155569937725517
826.0 25.76803344944553 23.156279418597702
826.5 25.769890918877095 23.157000091510632
827.0 25.77176809954811 23.157723017851506
827.5 25.773610667036067 23.158433360492605
828.0 25.77545117975767 23.159150884421944
828.5 25.777285375588527 23.159872093941637
829.0 25.779111639626997 23.16059070185834
829.5 25.78095518956148 23.161314129319432
830.0 25.78280028688415 23.16203576266571
830.5 25.784648432211764 23.162750077627933
