FastTrWP/PhaseSpace/IAs/snIa_0.60_30.00_0.15_0.05.csv
# %ECSV 0.9
# ---
# datatype:
# - {name: time-rel, datatype: float64}
# - {name: g, datatype: float64}
# - {name: i, datatype: float64}
# schema: astropy-2.0
time-rel g i
[from data line 1051]
657.25 23.953629414800183 22.250177117462204
657.75 23.954622533417794 22.249998795731194
658.25 23.95558881734303 22.249827697764296
658.75 23.95660710807336 22.249652545882697
659.25 23.9576171774154 22.2494849344549
659.75 23.958649314035636 22.24931224649827
660.25 23.959668501250796 22.24915518692213
660.75 23.960691763333088 22.248993477924117
661.25 23.961734100258884 22.248832530894408
661.75 23.96279728791949 22.248678446212303
662.25 23.963848955031033 22.248531855172082
662.75 23.964895151252712 22.248379212043204
663.25 23.965969083256454 22.248232685958016
663.75 23.967040561842133 22.248089211118284
664.25 23.96812044095976 22.247947440690993
664.75 23.9691997125316 22.24780484015776
665.25 23.9703054509718 22.247672566804294
665.75 23.971407602810288 22.247537972923816
666.25 23.972516609780385 22.247407314099217
666.75 23.973628417508095 22.24727752669809
667.25 23.974752454934997 22.247150066604533
667.75 23.975882652946613 22.247027892943546
668.25 23.977012871668283 22.24690874480804
668.75 23.978150219521098 22.246788050783863
669.25 23.9792985457025 22.246671396079126
669.75 23.980444893322904 22.246558350133885
670.25 23.98160778470205 22.246449438339816
670.75 23.982769804574605 22.24633139529569
671.25 23.983931133466218 22.24623357133553
671.75 23.985116322450423 22.246128875102205
672.25 23.98629803010946 22.246024688282464
672.75 23.987467023610122 22.245926752851112
673.25 23.988667032770735 22.245827768773427
673.75 23.989847763739512 22.24573056309477
674.25 23.991052195154353 22.245639399760222
674.75 23.99226326349944 22.245544945862328
675.25 23.993468204768345 22.245453147338527
675.75 23.994693218838087 22.24536566087563
676.25 23.995904619110963 22.245285863159726
676.75 23.997125330561644 22.245203619423787
677.25 23.998377121805056 22.24511964024229
677.75 23.999599832689647 22.245045620131492
678.25 24.000838707349878 22.24497061149778
678.75 24.002074357344824 22.244894064086644
679.25 24.003327306354617 22.244823298749594
679.75 24.00456449540006 22.244747429401095
680.25 24.00582058190123 22.244680994643772
680.75 24.007081823828408 22.244618532717084
681.25 24.008347169386738 22.24456001842714
681.75 24.009613726637244 22.244487443378826
682.25 24.010871499777068 22.244429490941215
682.75 24.0121421479571 22.244374240660065
683.25 24.01342219247953 22.24431551101683
683.75 24.014709033540452 22.24426424013234
684.25 24.016007047736704 22.244208367613325
684.75 24.017262817029142 22.244158379501666
685.25 24.018563733532467 22.244104415214974
685.75 24.019848911694567 22.24406119220173
686.25 24.021147650453628 22.244010405256667
686.75 24.022443592763846 22.243975958169727
687.25 24.023748242517403 22.24393153107334
687.75 24.02504579838224 22.243886061665236
688.25 24.026343717809098 22.24384948806968
688.75 24.02764597153192 22.243811028901227
689.25 24.0289604279144 22.243776117953644
689.75 24.03027776521053 22.24374146428596
690.25 24.031599564666678 22.243707186350488
690.75 24.032906520924794 22.24367903293276
691.25 24.034209059626477 22.243642917525218
691.75 24.035536773779114 22.243619903311576
692.25 24.03684947913007 22.243588279000974
692.75 24.038178721726183 22.243573229761417
693.25 24.039496997820304 22.243545412389455
693.75 24.040822015298797 22.243521826533012
694.25 24.04214034185376 22.243504139820093
694.75 24.043475581553253 22.243479243788222
695.25 24.04479826685032 22.24346989792368
695.75 24.04612554254221 22.243452336795016
