FastTrWP/PhaseSpace/IAs/snIa_0.45_30.00_0.92_-0.23.csv
# %ECSV 0.9
# ---
# datatype:
# - {name: time-rel, datatype: float64}
# - {name: g, datatype: float64}
# - {name: i, datatype: float64}
# schema: astropy-2.0
time-rel g i
[from data line 701]
-70.0 22.70386527855794 22.806193972165833
-69.5 22.70295490243434 22.8050857095879
-69.0 22.702044341373234 22.803978427797965
-68.5 22.701138593318223 22.802879647841184
-68.0 22.700244236255497 22.801768951177863
-67.5 22.699361669616973 22.800681939346866
-67.0 22.69847173671865 22.799591315814563
-66.5 22.69760421710057 22.798509155958723
-66.0 22.69673061422628 22.797423775415453
-65.5 22.695871369464506 22.79635328292754
-65.0 22.69502160469925 22.795289105599593
-64.5 22.694171654986356 22.794212444715676
-64.0 22.69333190767715 22.793144084004556
-63.5 22.692502129593024 22.792086989256607
-63.0 22.691682760329577 22.79103630496534
-62.5 22.69086936045214 22.78998756606957
-62.0 22.690057027619215 22.78893816604849
-61.5 22.689257619726988 22.787904576228364
-61.0 22.688456468921608 22.786869471546574
-60.5 22.68767943329327 22.78583767530619
-60.0 22.686893371292307 22.78480794561208
-59.5 22.686129426159873 22.78378192072207
-59.0 22.685361323062374 22.782768429236352
-58.5 22.684605813138752 22.781753571560163
-58.0 22.68385603258735 22.780742144474733
-57.5 22.68311413139743 22.779734137370788
-57.0 22.68238427729251 22.778739922098016
-56.5 22.681658229625153 22.77774416552765
-56.0 22.680939790893554 22.7767557758235
-55.5 22.680230422395642 22.775759908425496
-55.0 22.679520082433633 22.774774087010293
-54.5 22.678825762664935 22.773801635685036
-54.0 22.67813617381266 22.77283102231859
-53.5 22.677458075870497 22.771863470093837
-53.0 22.676779093027356 22.77089007894256
-52.5 22.676115804966837 22.769932653821282
-52.0 22.675462996021707 22.768983759537008
-51.5 22.674805582350043 22.76803169951249
-51.0 22.674169042020075 22.767083530903527
-50.5 22.673535136730877 22.766141856875063
-50.0 22.672913505361795 22.76520723257257
-49.5 22.67229596587338 22.764273325367572
-49.0 22.671675745784032 22.763341706845228
-48.5 22.67107231287875 22.762415322280404
-48.0 22.670479067655958 22.761499897896496
-47.5 22.6698851068061 22.76059354433075
-47.0 22.669307046178332 22.759676149609277
-46.5 22.668729465138856 22.75876874862869
-46.0 22.66816235948816 22.757859983754454
-45.5 22.667596937611023 22.756978984723546
-45.0 22.66705460426141 22.756071184317634
-44.5 22.66650378183649 22.755191143032665
-44.0 22.66595829571645 22.754306774009816
-43.5 22.66543000404654 22.753426138757362
-43.0 22.664907000671548 22.752545156910266
-42.5 22.664388998293173 22.751678158962854
-42.0 22.663886770298426 22.75081868406465
-41.5 22.663378774596644 22.7499441176452
-41.0 22.6628805056969 22.749091690311104
-40.5 22.662386504445035 22.748231233189014
-40.0 22.661905876389092 22.747375095367456
-39.5 22.661426264484966 22.746518383412887
-39.0 22.66095885407159 22.745683790595443
-38.5 22.660495070324664 22.744842672328485
-38.0 22.66004634171309 22.7440106246658
-37.5 22.65958682391423 22.743173363489735
-37.0 22.659145317138254 22.74234281976981
-36.5 22.658714718876492 22.74152136433493
-36.0 22.658280285146706 22.740699296374302
-35.5 22.657851538615382 22.73988059939522
-35.0 22.657434756611504 22.739072716206334
-34.5 22.657028955447778 22.738256993066877
-34.0 22.656620190296955 22.73745296775925
-33.5 22.656229568806086 22.736647529761708
-33.0 22.655827756566307 22.735845537256324
-32.5 22.65544845135875 22.735057815663602
-32.0 22.655070217736878 22.734256825388037
-31.5 22.654696137406802 22.733466462071554
-31.0 22.654327929571263 22.732682699355333
-30.5 22.65396370032758 22.731904272495953
-30.0 22.653604028749633 22.731124486637178
-29.5 22.653259190763816 22.73034807708184
-29.0 22.652915822380333 22.72957393989071
-28.5 22.652584349520247 22.728807638051805
-28.0 22.652247388844742 22.728042868909416
-27.5 22.651920986654574 22.727273743467542
-27.0 22.651606827212532 22.72651993109308
-26.5 22.651294636019244 22.725770882976384
-26.0 22.65098351838528 22.725013556060844
-25.5 22.650682160105067 22.724265188985573
-25.0 22.650385394923568 22.72351763868734
-24.5 22.650103003569182 22.722770543090608
-24.0 22.649809630812825 22.722031824910598
-23.5 22.64953063691316 22.721294583078336
-23.0 22.64925759301191 22.720563052608554
-22.5 22.648996744023986 22.719833606603604
-22.0 22.648724715310877 22.719099831938063
-21.5 22.648468330465978 22.718378499402824
-21.0 22.648219671660428 22.71766053783218
-20.5 22.6479739933705 22.716941044326017
-20.0 22.647726643014998 22.71621851149238
-19.5 22.64749126119751 22.71551682483632
-19.0 22.647267097976744 22.714786918067304
-18.5 22.64703642813965 22.714089117715428
-18.0 22.646824686938825 22.7133851362108
-17.5 22.64660970630677 22.7126816879926
-17.0 22.646394604445472 22.711981349576753
-16.5 22.646194504491284 22.711279939937295
-16.0 22.645991499042687 22.710594892090597
-15.5 22.645812044047638 22.70990382023818
-15.0 22.64563027089349 22.709209539940392
-14.5 22.645455801955542 22.708545190761484
-14.0 22.645295382035382 22.707864416646903
-13.5 22.645123580809315 22.70719539011
-13.0 22.644971690595543 22.706527798731535
-12.5 22.64483316333893 22.705862397215952
-12.0 22.64469668773966 22.70520353781613
-11.5 22.64456035249559 22.704548069248624
-11.0 22.644437303667363 22.70388962176156
-10.5 22.64431959603045 22.70324967572136
-10.0 22.64421848601771 22.702603670689673
-9.5 22.644112762363598 22.701957413052412
-9.0 22.644003822616664 22.701319715163002
-8.5 22.64392195724078 22.700679278495688
-8.0 22.64383700052205 22.700052971756072
-7.5 22.643764487724653 22.699426672418888
-7.0 22.643683023098546 22.698793996026396
-6.5 22.643624799186853 22.69817681641058
-6.0 22.643550744705358 22.697558500863057
-5.5 22.643504405604276 22.696943896075993
-5.0 22.643454927063914 22.696326886286737
-4.5 22.64341619419733 22.69572181084973
-4.0 22.643372748846087 22.69510797185096
-3.5 22.643339523609164 22.6945083223356
-3.0 22.643311053461595 22.69390295181873
-2.5 22.64329761725937 22.69330563834487
-2.0 22.64327629809804 22.69271371156368
-1.5 22.643273946087234 22.69212812959518
-1.0 22.643265830495906 22.69153118796894
-0.5 22.643265315120193 22.690948361180318
0.0 22.643265099946937 22.690356993677018
0.5 22.643280497501742 22.689780801110935
1.0 22.643299252429774 22.689194387051263
1.5 22.643315978069406 22.688614809131515
2.0 22.643350148257056 22.688042981762273
2.5 22.643368025773363 22.68746332640774
3.0 22.64340670553134 22.686892633750606
3.5 22.643438298157918 22.686329241459376
4.0 22.643478224483108 22.685755433699235
4.5 22.643528573066057 22.685190158725078
5.0 22.643581817471713 22.684639499259585
5.5 22.643630436830318 22.684075634839513
6.0 22.643691052348686 22.683517202231876
6.5 22.643761589398256 22.682958282756566
7.0 22.643828995779685 22.682401529516362
7.5 22.643892808347232 22.68184895687508
8.0 22.64397462843725 22.681289076461603
8.5 22.644050533619122 22.680744306138752
9.0 22.644128825365975 22.680202273804987
9.5 22.644220500916767 22.67965504852409
10.0 22.64430113411516 22.67909589809249
10.5 22.644389487287164 22.678563615141968
11.0 22.644489560525738 22.678016978979496
11.5 22.644584049297052 22.677474974526568
12.0 22.64468524289573 22.676934777457312
12.5 22.644793017820085 22.67639784115811
13.0 22.644904406038876 22.675857725452275
13.5 22.645009700605524 22.675312405417323
14.0 22.64512651471373 22.6747854148155
14.5 22.645235080670716 22.67424726804618
15.0 22.645358568346133 22.673707009634132
15.5 22.645473238469926 22.673173043639025
16.0 22.645592696036758 22.67264783542608
16.5 22.64572453383762 22.672111359164653
17.0 22.64584975699703 22.671583127007704
17.5 22.645984492377007 22.671058358526302
18.0 22.646115367044843 22.670527804041882
18.5 22.64624613093824 22.669988224619118
19.0 22.646387991350785 22.66946821754553
19.5 22.646531429872194 22.668947582544096
20.0 22.64666947933568 22.668414589539655
20.5 22.646823853387026 22.667895527501646
21.0 22.646973471812963 22.66737498204303
21.5 22.647134071936172 22.666861373381213
22.0 22.647292465221764 22.66633685305772
22.5 22.647460993990425 22.665825797398647
23.0 22.647617662290248 22.665316035253266
23.5 22.647791305975016 22.664792750012598
24.0 22.64796533230772 22.664277704897337
24.5 22.648152080145376 22.663776943635085
25.0 22.648328808165804 22.663269329583127
25.5 22.648513014837373 22.662767126645697
26.0 22.648709505086796 22.6622556104001
26.5 22.64890387120843 22.661757224942765
27.0 22.649096419705256 22.661254078901315
27.5 22.649299668284627 22.66075931540474
28.0 22.649503524518995 22.660252571740113
28.5 22.649710826701387 22.659761652609557
29.0 22.649923929499348 22.65926197349311
29.5 22.650145246996864 22.658767199399396
30.0 22.650362494318713 22.65827673833808
30.5 22.650593859915865 22.65778869908109
31.0 22.65082372317357 22.657298814035848
31.5 22.651056116417333 22.656821294992575
32.0 22.651292053434542 22.65633468165802
32.5 22.651542464805473 22.655844435012774
33.0 22.651781130718767 22.655368505163842
33.5 22.65203162448963 22.654892089945683
34.0 22.652290964010735 22.654406719401003
34.5 22.652534914370513 22.65393220121065
35.0 22.65280123362802 22.653466124325185
35.5 22.653074161126547 22.65297913668608
36.0 22.653338033592295 22.652522666031416
36.5 22.653614444962628 22.652054365807363
37.0 22.653893122880117 22.651586074978415
37.5 22.654179767745145 22.65111246390907
38.0 22.65445769954578 22.65065352964575
38.5 22.654754116657656 22.65019403922116
39.0 22.65504577493867 22.649729655958524
39.5 22.65533684264668 22.649273389911944
40.0 22.655652307559425 22.648817207656357
40.5 22.65595877624987 22.648367198756105
41.0 22.65627146311119 22.647916322409674
41.5 22.65658786873129 22.647457499177214
42.0 22.656907297752802 22.6470142275383
42.5 22.657241780240327 22.646570434677102
43.0 22.65756264453973 22.646117261290787
43.5 22.657899525549922 22.645680332389784
44.0 22.658227128551207 22.645236065516716
44.5 22.658573192015865 22.64479401288432
45.0 22.658928497163746 22.64435613483819
45.5 22.659276268656722 22.6439211220848
46.0 22.65962755961123 22.643483482135448
46.5 22.659995224662634 22.64304704372489
47.0 22.66035914353447 22.642621824001438
47.5 22.660727595506156 22.642196649932906
48.0 22.661103886424428 22.641768110769465
48.5 22.661478923548366 22.64134865439077
49.0 22.661862322304714 22.64091882687098
49.5 22.66225458559068 22.640501154247143
50.0 22.662641905171128 22.640078586300483
50.5 22.663039118535803 22.639660281225993
51.0 22.663442981139216 22.639246728779018
51.5 22.663846025596616 22.638829178119607
52.0 22.664254097564953 22.63841755809059
52.5 22.6646749140402 22.638016133327486
53.0 22.665091306510348 22.637607749059633
53.5 22.665514576708144 22.63719703080818
54.0 22.6659452978272 22.636796386171515
54.5 22.66638341828047 22.63639406735557
55.0 22.66681154019569 22.6359927483672
55.5 22.667263607071636 22.635586839773076
56.0 22.66770425131687 22.63519993297244
56.5 22.66815909187251 22.63479750201942
57.0 22.66860767651703 22.634404551748716
57.5 22.669070449779976 22.634013289578473
58.0 22.669531580848947 22.63362640666412
58.5 22.67000317759684 22.63323084965744
59.0 22.670475906852907 22.632845910903036
59.5 22.67095072721453 22.63245790964847
60.0 22.671428527927358 22.632066747878405
60.5 22.67192431321749 22.631685781969804
61.0 22.672404563906365 22.631305672827743
61.5 22.672903407101575 22.63092490822297
62.0 22.673402809570025 22.630550319493274
62.5 22.673911256703594 22.630178685807895
63.0 22.67442084351678 22.6298067231424
63.5 22.67492791429283 22.629432382504486
64.0 22.675443362774065 22.629055955882844
64.5 22.67596221396929 22.62869011521516
65.0 22.6764920707831 22.628319380120857
65.5 22.6770190077649 22.627957696654097
66.0 22.67755769849034 22.627593747767136
66.5 22.67809889778544 22.627229602124462
67.0 22.678639698857328 22.62686821843962
67.5 22.679192075510475 22.626517524266102
68.0 22.6797466418552 22.626157084623944
68.5 22.680301502594293 22.625804276378435
69.0 22.680870710831144 22.62544445937936
69.5 22.681438156893204 22.62509488549551
70.0 22.682008911642196 22.624744943955008
70.5 22.6825832253935 22.624398088387036
71.0 22.68316572971952 22.624056497502487
71.5 22.683750690763993 22.623708059560506
72.0 22.684346230935603 22.62336284547473
72.5 22.68494362391602 22.623023035462687
73.0 22.685538092097104 22.62268628007011
73.5 22.686146166097643 22.622345355278757
74.0 22.68676208649264 22.622019051217404
74.5 22.687378191392146 22.621685862813404
75.0 22.6879917556132 22.621345188418246
75.5 22.68862050963689 22.6210215742554
76.0 22.68924715910041 22.62069702510692
76.5 22.68988637814788 22.62036597997473
77.0 22.6905181583097 22.620044497025713
77.5 22.691168993483064 22.61972084692401
78.0 22.69180943820117 22.619404653268553
78.5 22.69246658376048 22.619082952988478
79.0 22.693129225008256 22.6187641521388
79.5 22.693790016823367 22.618456073919994
80.0 22.69446154764752 22.61813384111399
80.5 22.695131344069537 22.617825807360585
81.0 22.695816178501573 22.61752166838582
81.5 22.69649929240036 22.61721183695238
82.0 22.69719004075875 22.616903166069633
82.5 22.697882577599273 22.616599236437015
83.0 22.6985815580516 22.616303605399636
83.5 22.6992898127897 22.615999341306008
84.0 22.699995087351752 22.615702621772087
84.5 22.700711985869066 22.61540746847202
85.0 22.701428536594086 22.615115793794512
85.5 22.70215221062633 22.61482236863044
86.0 22.702887002642704 22.614530278404608
86.5 22.703619956461228 22.614245844505362
87.0 22.70435727871576 22.613962458912912
87.5 22.705101699918476 22.613677139852868
88.0 22.705854852615033 22.61339592070144
88.5 22.70661516639443 22.613123106211397
89.0 22.707383560002697 22.612833387133776
89.5 22.708151673762437 22.612556933013614
90.0 22.708935599571053 22.612287942301727
90.5 22.70973176808505 22.612007459057164
91.0 22.710522681645706 22.611745610091752
91.5 22.71132194648313 22.611472665366694
92.0 22.712128861083496 22.611198656608707
92.5 22.712949486492796 22.610932020113495
93.0 22.713772918613504 22.61066398331145
93.5 22.71460386614581 22.610400420622703
94.0 22.71543456556767 22.61014536682751
94.5 22.7162870663969 22.60987782173457
95.0 22.71713052211297 22.60962317766324
95.5 22.717986606493668 22.609366838493838
96.0 22.718844848433367 22.609112071994435
96.5 22.719719617813574 22.60885986428901
97.0 22.720590667686178 22.608608419767286
97.5 22.721464389788434 22.608358266632102
98.0 22.72234288710373 22.608109630695388
98.5 22.72324511060213 22.60786052558778
99.0 22.724143506355393 22.60761907732607
99.5 22.725044151834624 22.607378682610054
100.0 22.725959908766757 22.607134070993617
100.5 22.726873371879897 22.60689833118996
101.0 22.72778536622119 22.60666428202481
101.5 22.728711132346962 22.606421815340966
102.0 22.729632987954126 22.60618549056116
102.5 22.730568863976952 22.6059529255961
103.0 22.7315056584971 22.605729380384094
103.5 22.732449595216405 22.605500158823087
104.0 22.733399217095478 22.60526888832983
104.5 22.734351088768754 22.605042087745247
105.0 22.735294625833102 22.60482689184656
105.5 22.73626906563859 22.604601633098078
106.0 22.737232908620566 22.6043837033328
106.5 22.73819150014136 22.604172163549162
107.0 22.73916418068027 22.603952709889647
107.5 22.740137314558062 22.60374141966601
108.0 22.74112035169786 22.603531699130382
108.5 22.742101477454227 22.603323492401106
109.0 22.743082340594842 22.603117588357826
109.5 22.744068473673412 22.60290583216552
110.0 22.745077573237417 22.602702457897482
110.5 22.74606414625915 22.602501031720767
111.0 22.747061454355414 22.60230739294628
111.5 22.748071274783833 22.602110966827176
112.0 22.749066677577858 22.60191522413626
112.5 22.750070729800186 22.601724384133163
113.0 22.75108645853139 22.601524151683577
113.5 22.752095112153214 22.60134367730792
114.0 22.753108140252507 22.601148811789574
114.5 22.754116797589738 22.600966820805507
115.0 22.7551502455771 22.600779493041593
115.5 22.756155223418055 22.600608329077808
116.0 22.75718681155723 22.600420425761655
116.5 22.758208043619636 22.600242595389854
