FastTrWP/PhaseSpace/IAs/snIa_0.63_30.00_0.22_-0.06.csv
# %ECSV 0.9
# ---
# datatype:
# - {name: time-rel, datatype: float64}
# - {name: g, datatype: float64}
# - {name: i, datatype: float64}
# schema: astropy-2.0
time-rel g i
[from data line 1012]
602.9375 23.6182925603738 22.288899505184983
603.4375 23.61882545374955 22.288490759342324
603.9375 23.619331990333045 22.288100858659043
604.4375 23.619866288360836 22.28768895734026
604.9375 23.620398633390344 22.287294726329222
605.4375 23.620926420424855 22.286892074083408
605.9375 23.621465996851335 22.286496922850358
606.4375 23.622009788911754 22.286108213964255
606.9375 23.622551942539918 22.285725769645882
607.4375 23.623105366570837 22.28533190158476
607.9375 23.623656036040405 22.284953566744328
608.4375 23.624215801421848 22.28456908841805
608.9375 23.62477840876513 22.28418955773749
609.4375 23.625346871360154 22.283815680886555
609.9375 23.625918919643887 22.283435271069834
610.4375 23.62648711756407 22.28306941311103
610.9375 23.627068768058017 22.282695226904057
611.4375 23.627657018571956 22.282325511266066
611.9375 23.628243905849885 22.281975767278247
612.4375 23.628839598869416 22.281604407992187
612.9375 23.629435197904797 22.281247655567505
613.4375 23.630028485178514 22.280894123642838
613.9375 23.63063153727075 22.280538047865008
614.4375 23.631241365690016 22.280187850336883
614.9375 23.63186472977484 22.279838515781776
615.4375 23.632481150971252 22.27949423195946
615.9375 23.633112269728098 22.27915250554394
616.4375 23.633726757358765 22.278808742030506
616.9375 23.63435364606591 22.278469276387245
617.4375 23.63500577768971 22.278135876380812
617.9375 23.63562861126045 22.277806158168175
618.4375 23.6362877578113 22.277472448366268
618.9375 23.636940832600576 22.277145175932176
619.4375 23.637581560147794 22.276821674823935
619.9375 23.638247654478626 22.276493639680748
620.4375 23.638903406701665 22.27617594593188
620.9375 23.63957852318128 22.27586343107592
621.4375 23.640233824153643 22.275541724678884
621.9375 23.640917196604722 22.2752307197581
622.4375 23.641588799911595 22.274917859639892
622.9375 23.64228546490628 22.274607238272097
623.4375 23.642960998051947 22.27430332756059
623.9375 23.643651970335977 22.273996463428038
624.4375 23.644353335554968 22.27368904519627
624.9375 23.645047999089357 22.27339512413384
625.4375 23.6457427083159 22.273096500811604
625.9375 23.646459074083836 22.272801058521857
626.4375 23.647179883111566 22.27250901515205
626.9375 23.647889248886965 22.27221259297786
627.4375 23.64860723699735 22.271931149823306
627.9375 23.649334094219366 22.271643986902724
628.4375 23.65006452907149 22.2713593829064
628.9375 23.650803122315793 22.271079842490536
629.4375 23.651535813250423 22.270798896862402
629.9375 23.652291561803498 22.27051774401453
630.4375 23.65302945131152 22.27024231805011
630.9375 23.65378561862398 22.269974056362003
631.4375 23.65454168497282 22.269704088536486
631.9375 23.655299807592453 22.269436415754424
632.4375 23.65607739306451 22.26917013835777
632.9375 23.656838946821445 22.268913209446332
633.4375 23.65762080035786 22.268648133963236
633.9375 23.658385304712763 22.268390509666762
634.4375 23.659179013091432 22.268139898641913
634.9375 23.659967168203497 22.26789186493464
635.4375 23.660768152047634 22.267635787975856
635.9375 23.66156003722333 22.267381144998367
636.4375 23.66236489776884 22.267141480937795
636.9375 23.663177488208447 22.26689697681794
637.4375 23.66397736643979 22.26665377624064
637.9375 23.66479633143474 22.26641437647922
638.4375 23.665618265908424 22.26617585824474
638.9375 23.666449459365275 22.265944052065493
639.4375 23.667273579597243 22.265714511608593
639.9375 23.668108219791833 22.265484095414998
640.4375 23.66894278891525 22.265259389252524
640.9375 23.669791012302355 22.265036975582237
641.4375 23.670639602939122 22.264817733803007
641.9375 23.671502843546207 22.264600353710286
642.4375 23.67235231102326 22.26437683828808
642.9375 23.67322008726646 22.264164342277603
643.4375 23.67408708675288 22.263955985541063
643.9375 23.674961191587084 22.263749885418243
644.4375 23.67582885507932 22.263536044682283
644.9375 23.676716712730993 22.263331317698302
645.4375 23.677611972007565 22.263137348119546
645.9375 23.678500833623644 22.262933740845963
646.4375 23.67939302503777 22.26273884359182
646.9375 23.680300082561907 22.26254483819251
647.4375 23.681195332518023 22.262352130825988
647.9375 23.682104629051047 22.26216214038412
648.4375 23.68302909470328 22.261977576504922
648.9375 23.683950828320025 22.26179138626359
649.4375 23.684872172807548 22.261607616812512
649.9375 23.685806741535874 22.261434156881478
650.4375 23.686741997575677 22.26125867895311
650.9375 23.687672985763406 22.261087348325294
651.4375 23.688633047825082 22.260916791894658
651.9375 23.689571822611196 22.26074810953469
652.4375 23.690538097229997 22.260577075540784
652.9375 23.6914973152226 22.260414151650938
653.4375 23.692462700750887 22.26025468162475
653.9375 23.693447200742824 22.260098462112886
654.4375 23.694408153906068 22.259941294546657
654.9375 23.695392858616295 22.25978774957828
655.4375 23.696386297332097 22.25964339392152
655.9375 23.697378815626497 22.25949740601405
656.4375 23.698378942541623 22.25934735596819
656.9375 23.69936860659238 22.259205469480236
657.4375 23.70037867483855 22.25906197820646
657.9375 23.70139126723914 22.258924891986535
658.4375 23.70242793049425 22.258798005216455
658.9375 23.70345802823096 22.258668203551984
659.4375 23.704495060392127 22.25854244592096
659.9375 23.70553115982771 22.25841361267671
660.4375 23.70658460978845 22.258291932249588
660.9375 23.707643034540673 22.258174678278216
661.4375 23.70870975270615 22.25805819436198
661.9375 23.70978502822336 22.25794598198144
662.4375 23.710863122601946 22.257827264976115
662.9375 23.711955387598827 22.257729620944264
663.4375 23.713057228290246 22.257619421323973
663.9375 23.714163371640687 22.257520916548366
664.4375 23.71526611082091 22.257415832411862
664.9375 23.716380676836604 22.257320294543415
665.4375 23.717510791239942 22.25722503717392
665.9375 23.718633102776607 22.257134830143798
666.4375 23.719766378571695 22.25704617520001
666.9375 23.720905624945722 22.256963405056144
667.4375 23.722048429291082 22.256876592409107
667.9375 23.723222548860832 22.256798200938867
668.4375 23.724371126222046 22.256715251016644
668.9375 23.725531455724173 22.25664258168966
669.4375 23.726707052453673 22.256567275192708
669.9375 23.727870475619852 22.25649048637694
670.4375 23.72906230849086 22.25642969301763
670.9375 23.73024692549432 22.256361552819854
671.4375 23.731459460344965 22.256300283711234
671.9375 23.732646944140686 22.256239054600186
672.4375 23.733834809400463 22.256186322206265
672.9375 23.735059728880515 22.25612525907897
673.4375 23.73628121410185 22.2560734786141
673.9375 23.737487864510722 22.256023880391393
674.4375 23.738721257767637 22.255964582270554
674.9375 23.739944160588497 22.255930501398716
675.4375 23.74117702212793 22.25587473194175
675.9375 23.742429175441128 22.255836484003307
676.4375 23.743670314195818 22.255793739143176
676.9375 23.744932901495307 22.25575883797361
677.4375 23.746174013423143 22.255719824715744
677.9375 23.74743102493118 22.255689720848352
678.4375 23.748694282235814 22.255646890938394
678.9375 23.74995232614622 22.255627207254186
679.4375 23.751231437082264 22.255589622940747
679.9375 23.75250081324559 22.25557519808184
680.4375 23.753773942311923 22.25555045426447
680.9375 23.755056449028913 22.255531943599593
681.4375 23.756344066660525 22.255513731036373
681.9375 23.757642205627143 22.255491210412227
682.4375 23.758923403084328 22.255480402556685
682.9375 23.760215565721126 22.255461965699375
683.4375 23.761518926441553 22.25545693962312
683.9375 23.762820970260826 22.255442697945536
684.4375 23.7641263041266 22.255438456046104
684.9375 23.76543114116928 22.25543133812293
685.4375 23.766755307986536 22.255427197550564
685.9375 23.76806286145463 22.255422014086665
686.4375 23.76938165474719 22.25541985124046
686.9375 23.77068286097696 22.255426194918478
687.4375 23.77199947971274 22.255433368370458
687.9375 23.773336382840284 22.255431193284775
688.4375 23.774663272300888 22.255448273149916
688.9375 23.775987008071844 22.25544615417948
689.4375 23.777332950158726 22.255465946400545
689.9375 23.77866804653697 22.25547223241371
690.4375 23.779988739621785 22.25548456161258
690.9375 23.78132734622597 22.255496946232043
691.4375 23.782666936281412 22.25551435300149
691.9375 23.783988473182312 22.25553834585158
692.4375 23.785333539926114 22.25555884414552
692.9375 23.786687646111687 22.255577245742973
693.4375 23.788027213517715 22.255599932017542
693.9375 23.789362028927492 22.255627497842625
694.4375 23.79072510597769 22.255652297374926
694.9375 23.792057825902514 22.255682028802056
695.4375 23.793411059052815 22.255709566518046
695.9375 23.794759561889656 22.255741661422398
