FastTrWP/PhaseSpace/IAs/snIa_0.53_30.00_-3.27_-0.09.csv
# %ECSV 0.9
# ---
# datatype:
# - {name: time-rel, datatype: float64}
# - {name: g, datatype: float64}
# - {name: i, datatype: float64}
# schema: astropy-2.0
time-rel g i
[from data line 329]
487.06249999999994 23.366117914308006 22.99365570640818
487.5625 23.36424855311172 22.991030418529057
488.0625 23.36239163278469 22.988417782845218
488.5625 23.3605571218269 22.985803928239417
489.0625 23.35874172288716 22.98320618293349
489.5625 23.356925886824516 22.980611651389907
490.0625 23.355125685849213 22.978032600961487
490.5625 23.353367301157878 22.975457214068797
491.0625 23.351607701083527 22.97290709662848
491.5625 23.349871427870145 22.97035571472657
492.0625 23.34814755019332 22.9678013929896
492.5625 23.34644555473577 22.965266889910104
493.0625 23.344777800790123 22.96274319628869
493.5625 23.343084561848364 22.960232751597218
494.0625 23.341446296185158 22.957722947698752
494.5625 23.33981167347438 22.955216424450505
495.0625 23.33819101208421 22.95273205054499
495.5625 23.336591536763137 22.950252158676008
496.0625 23.33500199875175 22.947782826067943
496.5625 23.333434911311105 22.945315600118388
497.0625 23.33189450400789 22.942867910795997
497.5625 23.33035381598925 22.940424595768683
498.0625 23.328840226874238 22.937978787216892
498.5625 23.327344181682573 22.93554704373833
499.0625 23.32585739877174 22.933142563052016
499.5625 23.32439850434989 22.930726424439367
500.0625 23.322946401424204 22.928323865514685
500.5625 23.321516938576593 22.925932163394933
501.0625 23.320105506655402 22.923548081988283
501.5625 23.318702765271592 22.92116716985156
502.0625 23.317326754545967 22.91879418794474
502.5625 23.315966610034287 22.916443768232227
503.0625 23.314616365495212 22.914080302311515
503.5625 23.313298044373045 22.911746796962152
504.0625 23.311983256286183 22.90940951392686
504.5625 23.31069130677774 22.907082351763123
505.0625 23.30942052349001 22.90477317620667
505.5625 23.308145753663737 22.902458850148694
506.0625 23.3069139522097 22.90016650771372
506.5625 23.30568342256047 22.897869011437496
507.0625 23.30448178843133 22.895585180520857
507.5625 23.30328634007696 22.893307774415415
508.0625 23.302112726962257 22.891043073279764
508.5625 23.30094820788215 22.888784911443363
509.0625 23.299814755123272 22.886527836533404
509.5625 23.29869313729041 22.884280650628686
510.0625 23.29758849037671 22.88204800189473
510.5625 23.2965020649836 22.8798168804356
511.0625 23.295428779270683 22.877598720086137
511.5625 23.29437736505408 22.875389254533715
512.0625 23.293351661419198 22.87318235925469
512.5625 23.292331764809717 22.870987790654226
513.0625 23.291321814314756 22.868797936925493
513.5625 23.2903499375452 22.866611820951455
514.0625 23.28937996649838 22.864444946667515
514.5625 23.288438733608082 22.86227704006062
515.0625 23.287514970538524 22.860101583912193
515.5625 23.286606409246453 22.857961786648406
516.0625 23.28572114422391 22.855806919378686
516.5625 23.284855715844948 22.85366377401747
517.0625 23.283996322230514 22.8515300105548
517.5625 23.28316539091046 22.849401707351337
518.0625 23.282334025776446 22.847277117478274
518.5625 23.281542194476337 22.845165848386255
519.0625 23.28074448031067 22.84305888464577
519.5625 23.279977702650136 22.840954393763457
520.0625 23.279229083073204 22.83886717517333
520.5625 23.27849429372613 22.836774353325207
521.0625 23.277766757868037 22.834694435371024
521.5625 23.27706702734855 22.832626202240366
522.0625 23.276383016677713 22.830550520228805
522.5625 23.27570292296641 22.828489749600237
523.0625 23.275050518341914 22.82643099897627
523.5625 23.274411207298044 22.824383765009564
524.0625 23.273787368903346 22.822340800477328
524.5625 23.273167842429867 22.82030679893966
525.0625 23.272575149462654 22.818282598181156
525.5625 23.271996534843815 22.816258884541053
526.0625 23.27142638204855 22.814253229720013
526.5625 23.270875553175063 22.812245125484367
527.0625 23.270337654914 22.81024536680254
527.5625 23.26981442685924 22.808250704095396
528.0625 23.269295924045124 22.806269286883722
528.5625 23.268799570206788 22.804287733109085
529.0625 23.26832861673242 22.802305279462622
529.5625 23.26786036830901 22.8003481267401
530.0625 23.26739293759822 22.79838723505183
530.5625 23.266962382833803 22.796431065898837
531.0625 23.266522555513227 22.794494422435882
531.5625 23.26610979729248 22.792552715635747
532.0625 23.26570800465212 22.790620896388155
532.5625 23.265310618234885 22.788691785886304
533.0625 23.264933140004057 22.786771654445197
533.5625 23.26456533471148 22.784863430894372
534.0625 23.26421489976537 22.782958212629453
534.5625 23.263870671373965 22.781065978973384
535.0625 23.263538297652776 22.77916570327487
535.5625 23.263210034229232 22.77728610456018
536.0625 23.26290238784388 22.775414523467372
536.5625 23.26261411091386 22.773543231596527
537.0625 23.262321563698166 22.77166976906102
537.5625 23.2620604840978 22.76981413627037
538.0625 23.26179150347408 22.76796486182772
538.5625 23.261534941068298 22.766124147570657
539.0625 23.261300054675363 22.764290779924647
539.5625 23.261064473862717 22.76246139297852
540.0625 23.260847553627755 22.760629429815133
540.5625 23.26065057819946 22.758819871752735
541.0625 23.260439521938892 22.757012749556715
541.5625 23.260244299955104 22.755213684996335
542.0625 23.26007909219506 22.753411905274564
542.5625 23.259896096131705 22.751636694217744
543.0625 23.259738358736936 22.749847341138757
543.5625 23.259583025561202 22.748068876031112
544.0625 23.2594448860551 22.74630384152953
544.5625 23.25931568876704 22.744551660734246
545.0625 23.25918856498302 22.742796238214762
545.5625 23.25907221290055 22.741046035089745
546.0625 23.25896693116283 22.7393058402949
546.5625 23.25886999061113 22.737573295454048
547.0625 23.258790980099615 22.73585183159605
547.5625 23.258710364304356 22.734128935697694
548.0625 23.25863601608303 22.73241065726801
548.5625 23.25856361022477 22.730706775516513
549.0625 23.25851302698794 22.729015908528687
549.5625 23.258464600126434 22.727313770123644
550.0625 23.25842943569225 22.725636714006235
550.5625 23.258422347304535 22.723955970852245
551.0625 23.258441314788033 22.72227821962707
551.5625 23.2584656257116 22.720605109351524
552.0625 23.258502819195968 22.718944407890795
552.5625 23.25856383226953 22.71728047581293
553.0625 23.258646396068173 22.715629445633656
553.5625 23.25873530746255 22.71397034051915
554.0625 23.258841891317434 22.712325009456997
554.5625 23.258962836316385 22.710689893188082
555.0625 23.25911588203875 22.709058281406108
555.5625 23.259255651149367 22.707422809251433
556.0625 23.259422650370702 22.705806345492565
556.5625 23.259611033701045 22.704187858426778
557.0625 23.259799819862682 22.702566568415637
557.5625 23.260006101476055 22.700964056169212
558.0625 23.260232198663452 22.699362976698417
558.5625 23.26047805707627 22.697759431938632
559.0625 23.26072047025566 22.69616426971973
559.5625 23.26098026459121 22.694580846998782
560.0625 23.261263980925868 22.693010128007586
560.5625 23.261540060288862 22.691436474050235
561.0625 23.261841780678726 22.68986517177213
561.5625 23.262156857175587 22.688301682759857
562.0625 23.262473914035255 22.686748197339885
562.5625 23.262811603996 22.68518862991465
563.0625 23.263153263775706 22.683643952848755
563.5625 23.263500623721193 22.682099941018908
564.0625 23.26387679419846 22.680568294315755
564.5625 23.26423718238246 22.679036560989296
565.0625 23.264617068725855 22.67751511083928
565.5625 23.26500897083424 22.676000890497626
566.0625 23.26540166757966 22.674487677661762
566.5625 23.265818795131246 22.672980036241892
567.0625 23.26624035005116 22.67148423773991
567.5625 23.266655957584085 22.66998888967418
568.0625 23.26709653034774 22.668504208365118
568.5625 23.267530719715715 22.667019462561417
569.0625 23.267975718029756 22.66554433279699
569.5625 23.268420648924504 22.664078395121837
570.0625 23.268889969587647 22.66260505146331
570.5625 23.269340792282527 22.661143078285235
571.0625 23.26981354482109 22.659694782387394
571.5625 23.27029658730913 22.65825565227692
572.0625 23.27077902375201 22.656814291445535
572.5625 23.27126252203584 22.65537557231999
573.0625 23.271759864245784 22.65395253818758
573.5625 23.27225114136926 22.652529182742963
574.0625 23.272748082887425 22.65111534314977
574.5625 23.273244149236774 22.649702621235008
575.0625 23.27375881038819 22.648296594638335
575.5625 23.274256315702587 22.64690243432982
576.0625 23.2747756359433 22.64551136723645
576.5625 23.275286711373838 22.64412757134457
577.0625 23.27579993475382 22.642757240428715
577.5625 23.276324481319865 22.641376404496004
578.0625 23.27683949591915 22.640014587131677
578.5625 23.277356442392612 22.638656046426355
579.0625 23.27788824239446 22.63730539038333
579.5625 23.27840264481719 22.635951113462376
580.0625 23.278931962303965 22.63461908523731
580.5625 23.27945400424521 22.63328829675102
581.0625 23.279989666505628 22.631958953128724
581.5625 23.280495822821305 22.63063627804051
582.0625 23.281014393795605 22.629333792765138
582.5625 23.281542170188096 22.628016573638014
583.0625 23.28205673326452 22.62671420791555
583.5625 23.28257464492056 22.625420153811074
584.0625 23.283087964374204 22.624137309429347
584.5625 23.28360230112358 22.6228579487817
585.0625 23.284101410371896 22.621585252879907
585.5625 23.284609482117382 22.62031299485759
586.0625 23.28510713479229 22.619054523412707
586.5625 23.285616882796354 22.61779476735795
587.0625 23.286120461002163 22.61654228760539
587.5625 23.286632207327088 22.615298331710182
588.0625 23.287160726844508 22.614059989710277
588.5625 23.28767480108986 22.612825550047333
589.0625 23.28819481133522 22.61159962470332
589.5625 23.288725615848193 22.610368141259215
590.0625 23.28925322881268 22.60915076230428
590.5625 23.289786042357107 22.6079350306849
591.0625 23.290330929642483 22.606731318388672
591.5625 23.290864540271777 22.6055197688598
592.0625 23.291416010343614 22.60432339191624
592.5625 23.291977021971285 22.60313780041594
593.0625 23.29252039773952 22.60194597193665
593.5625 23.293088358423944 22.60076659019761
594.0625 23.293643835241067 22.59958429513002
594.5625 23.294218947578855 22.598413335069804
595.0625 23.294782544034476 22.597243644501184
595.5625 23.29535633296365 22.596073942829022
596.0625 23.29594589144834 22.59492426598169
596.5625 23.296523679916803 22.593771599983793
597.0625 23.29711219966709 22.592623649898567
597.5625 23.297696771906764 22.59148107266855
598.0625 23.29830066402659 22.590349513770054
598.5625 23.298895591619072 22.589212689846736
599.0625 23.29949879652867 22.58809036120967
599.5625 23.300105949535208 22.586966805887215
600.0625 23.300713814477696 22.5858576369031
600.5625 23.3013274992741 22.584744684310113
601.0625 23.30194538140278 22.58364332189386
601.5625 23.302573211521125 22.582535047569703
602.0625 23.30320564409074 22.58145049934044
602.5625 23.30383561257068 22.58036399660049
603.0625 23.304474084906456 22.57927536689023
603.5625 23.30511131671631 22.578202949627595
604.0625 23.305760768318358 22.577128696192702
604.5625 23.306410062833194 22.576060870208337
605.0625 23.30705526648468 22.574996463456863
605.5625 23.30771625089538 22.57394284762189
606.0625 23.30837712932246 22.572889117015084
606.5625 23.309043947678095 22.57184415635223
607.0625 23.309716763049387 22.570809660833845
607.5625 23.310394887767792 22.569769582729364
608.0625 23.311065139219803 22.568737681496756
608.5625 23.311753878155713 22.567714878621207
609.0625 23.312446953247804 22.566694772463613
609.5625 23.313130005100188 22.565685928377146
610.0625 23.31383456224119 22.564675923144062
610.5625 23.314527528997395 22.563677682977357
611.0625 23.315235928612985 22.562680419453404
611.5625 23.315944615049908 22.56168996579181
612.0625 23.316657686289425 22.560703564764065
612.5625 23.317387017939126 22.559720717767465
613.0625 23.318099016617442 22.558750904336197
613.5625 23.318827415988817 22.557775720741205
614.0625 23.319564939344204 22.556812650298717
614.5625 23.320290465969492 22.555855145932107
615.0625 23.321038828218526 22.55490057435776
615.5625 23.321780220004943 22.55395823229724
616.0625 23.322531780117515 22.553016973435092
616.5625 23.32328826539648 22.552074396893808
617.0625 23.324047259920107 22.551149048265955
617.5625 23.32481416940317 22.550224151332742
618.0625 23.325579255413956 22.549311096467694
618.5625 23.326346682329856 22.54839230508637
619.0625 23.327129081621298 22.547483003216456
619.5625 23.327904470279442 22.54657699425885
620.0625 23.328704043335296 22.54568749073423
620.5625 23.329494229013047 22.54479754947733
621.0625 23.330288838121767 22.543904246432362
621.5625 23.331082860238254 22.543035316588703
622.0625 23.33189854941754 22.542153156833283
622.5625 23.33270064311446 22.541287170064926
623.0625 23.3335180423185 22.54042566007729
623.5625 23.334343658166926 22.539568022026923
624.0625 23.33516021136807 22.538712363374476
624.5625 23.335991959108526 22.53786635009994
625.0625 23.33682397194989 22.537018213727727
625.5625 23.337663276536794 22.53617738604392
626.0625 23.338493999394103 22.535348017135096
626.5625 23.33935011369656 22.53451035537892
627.0625 23.34019588665932 22.53368658872133
627.5625 23.34106249869056 22.532867207223436
628.0625 23.34191949989162 22.532051741836483
628.5625 23.34279411995238 22.531239187998064
629.0625 23.343662087658153 22.53043622055122
629.5625 23.34453149464323 22.52963516832861
630.0625 23.34542075742398 22.528835260473908
630.5625 23.346285334735985 22.528045393685524
631.0625 23.347196413700434 22.52726598579764
631.5625 23.348087262284093 22.52648023768429
632.0625 23.348983360389795 22.525703921012045
632.5625 23.349882040278036 22.52492917860673
633.0625 23.350793385875733 22.52416677640138
633.5625 23.35170773377698 22.523402182777993
634.0625 23.35262699402091 22.52264111242292
634.5625 23.353551864994667 22.52189331366223
635.0625 23.35447528675239 22.521140079181055
635.5625 23.355416887417178 22.520396791546176
636.0625 23.35635547524198 22.519663543214175
636.5625 23.35729494766291 22.518933469400434
637.0625 23.358242531848717 22.518198607439285
637.5625 23.359192524024323 22.51748179875866
638.0625 23.36015069447282 22.516762153986406
638.5625 23.361111593579388 22.516051850573916
639.0625 23.362083789783632 22.515336045760932
639.5625 23.363057516810883 22.514640108385127
640.0625 23.364041614006137 22.5139382476927
640.5625 23.36502111974639 22.513243188139977
641.0625 23.365999076730667 22.512552473611052
641.5625 23.366997921683446 22.511870043255186
642.0625 23.367995710959875 22.511191094274853
642.5625 23.368993617620802 22.510519179133208
643.0625 23.37000307018348 22.509844416969326
643.5625 23.371017754656886 22.50918039855971
644.0625 23.372026553845142 22.50852916276279
644.5625 23.373063895995422 22.507872126743358
645.0625 23.37409035626129 22.507223693122857
645.5625 23.375124682633345 22.506576608548098
646.0625 23.376161164960088 22.505934268484534
646.5625 23.377210750498204 22.505307829567695
647.0625 23.378260319544477 22.504678950774327
647.5625 23.379316370812862 22.504050981885563
648.0625 23.380368200120607 22.50343330795298
648.5625 23.381433185024694 22.502825415840675
649.0625 23.382503222256318 22.502207731258434
649.5625 23.383589491801526 22.501615196098786
650.0625 23.384661723992586 22.501013636351153
650.5625 23.385758516805602 22.50042541787785
651.0625 23.386850563655244 22.499833042593252
651.5625 23.387951689944025 22.499249433794752
652.0625 23.389058697466915 22.49866803700741
652.5625 23.390146948922 22.498094298140682
653.0625 23.391269688677 22.4975275856392
653.5625 23.39239542124411 22.49696873305762
654.0625 23.393519672211003 22.496405860136363
654.5625 23.394652208287326 22.49585771502007
655.0625 23.395782728124995 22.49530840165535
655.5625 23.396924373633805 22.494765797521417
656.0625 23.39807568801724 22.49422669397927
656.5625 23.399224500799633 22.49369902953013
657.0625 23.40038667134622 22.493172346221964
657.5625 23.401559216826545 22.49264929826669
658.0625 23.402714690169198 22.492129931644392
658.5625 23.403888766469272 22.49162811904999
659.0625 23.40507946315238 22.49111558689252
