FastTrWP/PhaseSpace/IAs/snIa_0.63_30.00_0.22_-0.06.csv
# %ECSV 0.9
# ---
# datatype:
# - {name: time-rel, datatype: float64}
# - {name: g, datatype: float64}
# - {name: i, datatype: float64}
# schema: astropy-2.0
time-rel g i
[from data line 1433]
271.0 24.175415702956364 22.307989494000605
271.4999999999999 24.177234919822972 22.30837258557219
272.0 24.179080489907694 22.308768774299843
272.5 24.180888747149144 22.30915816979214
272.9999999999999 24.182715953659585 22.309559128978837
273.5 24.184545452123224 22.309952272166356
274.0 24.186395142912055 22.310353333827678
274.4999999999999 24.188234927797396 22.310751610557787
275.0 24.19007377583584 22.31115929040842
275.5 24.19191067268752 22.311565296255388
275.9999999999999 24.193777858909378 22.311965843185536
276.5 24.195622832678907 22.312371470909675
277.0 24.19748202610119 22.312784290253745
277.4999999999999 24.19933345594169 22.31318837878579
278.0 24.201198260319188 22.313602725604905
278.5 24.203039835092262 22.314015552495302
278.9999999999999 24.204913806005845 22.31443857076744
279.5 24.206786437886684 22.314848495053837
280.0 24.20865958445638 22.31526696339127
280.4999999999999 24.210541154632736 22.315687720555143
281.0 24.212386983828488 22.316114759697776
281.5 24.214281259094065 22.316536295779027
281.9999999999999 24.216139973329945 22.31695726952616
282.5 24.2180371789677 22.317381467661484
283.0 24.219903554300643 22.317811772097865
283.4999999999999 24.22180521576495 22.31824300264408
284.0 24.22369631200202 22.318662587613304
284.5 24.2255690714471 22.319102599091863
284.9999999999999 24.227481560372993 22.319539537877205
285.5 24.229380346053514 22.31997011825106
286.0 24.23126512268587 22.32040727475869
286.4999999999999 24.233168180996124 22.320845540892257
287.0 24.23506382242591 22.321278936273142
287.5 24.236952013130434 22.32172323494671
287.9999999999999 24.238862434975175 22.322156331126987
288.5 24.24076866143061 22.32260381422477
289.0 24.242652251194805 22.323048025507696
289.4999999999999 24.24456597235651 22.323489498501146
290.0 24.246462906646098 22.32394827193653
290.5 24.248387377224397 22.3243885405647
290.9999999999999 24.250299145427903 22.324841894978817
291.5 24.252212939285126 22.325288918335644
292.0 24.254121132204872 22.325746476686646
292.4999999999999 24.256040958591125 22.32619340385063
293.0 24.257951265059724 22.326643578956535
293.5 24.25986974002862 22.32710686533227
293.9999999999999 24.261797398020075 22.327562277954
294.5 24.26369961137047 22.32801469629556
295.0 24.265622733938002 22.328473551941386
295.4999999999999 24.26753926405295 22.32893635712218
296.0 24.269460333468512 22.329396396408107
296.5 24.271382551339478 22.329857792934842
296.9999999999999 24.27329004785989 22.330321759684143
297.5 24.275220688722836 22.330783320902462
298.0 24.277146719668174 22.33124468918917
298.4999999999999 24.279068981528095 22.33171928347754
299.0 24.280996330867506 22.33218244822892
299.5 24.282925465957646 22.332649838800403
299.9999999999999 24.284842095746324 22.333124356791156
300.5 24.286763407667213 22.333587464324612
301.0 24.28868123016411 22.334064677806154
301.4999999999999 24.290609417045033 22.33453365867032
302.0 24.292537447244094 22.335007128929426
302.5 24.2944503801914 22.33547724844857
302.9999999999999 24.296377170008142 22.33595938202262
303.5 24.2983097372368 22.336427189127356
304.0 24.300224041399726 22.336909804283387
304.4999999999999 24.302147850990345 22.33737954840782
305.0 24.304064314832804 22.337861675212878
305.5 24.305979017885342 22.338345503483474
305.9999999999999 24.30792327765539 22.338818994440473
306.5 24.309845608439275 22.33930246368039
307.0 24.31175380284289 22.339786287371144
307.4999999999999 24.313676464027164 22.340266869257892
308.0 24.31559930271709 22.34074773089005
308.5 24.31751335883883 22.34123662018069
308.9999999999999 24.31943249454897 22.341718836368653
309.5 24.32133880054408 22.34220324495313
310.0 24.323240223071227 22.34268940231821
310.4999999999999 24.325169218726824 22.343177292560696
311.0 24.32707440986602 22.343658619604735
311.5 24.328986997569686 22.34415058685152
311.9999999999999 24.33089194687575 22.34464422735973
312.5 24.332803964782578 22.345129933783188
313.0 24.334721467111255 22.345623507718862
313.4999999999999 24.33664797521473 22.34611613501944
314.0 24.338562080153405 22.346617048992602
314.5 24.34046784730488 22.347115089011567
314.9999999999999 24.342390774642688 22.347615804659075
315.5 24.344311324170675 22.348112798217386
316.0 24.346223566417073 22.348609247205985
316.4999999999999 24.348141901362055 22.34911019769569
317.0 24.350056632613754 22.34960987168439
317.5 24.351977219007303 22.35011960601608
317.9999999999999 24.3538922430794 22.35061638508554
318.5 24.355799801308223 22.35112534102321
319.0 24.357734130352313 22.351638769599617
319.4999999999999 24.359645236500114 22.352139512257033
320.0 24.361570907559962 22.3526551051375
320.5 24.363481726768903 22.3531677194482
320.9999999999999 24.365401728982917 22.353678441234727
321.5 24.367336954859923 22.354185836417393
322.0 24.3692470944953 22.354704259178245
322.4999999999999 24.371183274353704 22.355223169484198
323.0 24.373083652879277 22.35573506777486
323.5 24.375013649940076 22.356254457233405
323.9999999999999 24.376934095655027 22.356769733393214
324.5 24.378841136160133 22.35729422205293
325.0 24.3807656594852 22.35781857795404
325.4999999999999 24.38269771807779 22.35833840118952
326.0 24.384635177207116 22.358861694298163
326.5 24.386531543976847 22.35938118423912
326.9999999999999 24.38846181220086 22.35990482927841
327.5 24.390369185682765 22.36043965540548
328.0 24.392317345472975 22.360961669995284
328.4999999999999 24.394214293116754 22.361494272449512
329.0 24.396138540715494 22.36202491936254
329.5 24.398074593486104 22.362554945654942
329.9999999999999 24.400008395563255 22.363087575636506
330.5 24.40192534995952 22.363619026482752
331.0 24.403842245559634 22.364153764963284
331.4999999999999 24.405769630136575 22.36468773854533
332.0 24.407695696548018 22.365219106620557
332.5 24.409607251288854 22.365761913693202
332.9999999999999 24.411544335454227 22.36629928619785
333.5 24.413448384601896 22.366833986891564
334.0 24.41537948258287 22.3673804928301
334.4999999999999 24.417307751420868 22.367920136986385
335.0 24.419213251278634 22.368456496264507
335.5 24.421147850074302 22.368995708627754
335.9999999999999 24.42306831427154 22.36954972378532
336.5 24.424990507290858 22.37009494174929
337.0 24.426907086964146 22.370641275843035
337.4999999999999 24.428825049104415 22.371185944350188
338.0 24.430760300721126 22.371734007038377
338.5 24.43267766271463 22.37228757421976
338.9999999999999 24.434588818982363 22.372832193777995
339.5 24.43651293901686 22.373378811234033
340.0 24.43844202852425 22.373942408929356
340.4999999999999 24.440356508659164 22.37448162935167
341.0 24.4422866553304 22.375043035437834
341.5 24.444209541748773 22.37559719896346
341.9999999999999 24.44611150401014 22.3761566268138
342.5 24.448040877333383 22.376709307436485
343.0 24.449962335694426 22.37726730765374
343.4999999999999 24.451873831050598 22.377827428615195
344.0 24.453806189952513 22.37837621178236
344.5 24.455699561856306 22.37893821973949
344.9999999999999 24.45761743838333 22.379504681647088
345.5 24.459540194589255 22.380066444887316
346.0 24.461447576488236 22.380632409637418
346.4999999999999 24.463369277769207 22.381188602972713
347.0 24.465305896647557 22.381759706737903
347.5 24.467204529586542 22.382322088018398
347.9999999999999 24.469124660137403 22.382889302782583
348.5 24.471037165303407 22.383459601531026
349.0 24.47294559000929 22.38402720965024
349.4999999999999 24.474855843660805 22.384590445333853
350.0 24.476786981405713 22.38516186567456
350.5 24.478666059746033 22.385738957407728
350.9999999999999 24.48057652656313 22.38630371120941
351.5 24.482501685173524 22.38687914637852
352.0 24.484413521401002 22.387451769163363
352.4999999999999 24.486330670241138 22.388032800004382
353.0 24.488229711383166 22.388604918665436
353.5 24.49012177101032 22.389187081740026
353.9999999999999 24.492028381360527 22.3897646707978
354.5 24.493960398043747 22.390340431095805
355.0 24.495855887620763 22.39091621906152
355.4999999999999 24.497752353321435 22.391503583128838
356.0 24.49967610378085 22.392085616751515
356.5 24.501571557470143 22.392670223821085
356.9999999999999 24.50346981734984 22.393252117232304
357.5 24.505366870905586 22.39383698347232
358.0 24.507277096645247 22.394424554438835
358.4999999999999 24.509161559673387 22.39501825670157
359.0 24.511073711638254 22.39560806993672
359.5 24.512965807042036 22.39619843728211
359.9999999999999 24.514877552905002 22.396785228292938
360.5 24.516761357838995 22.397374799760293
361.0 24.518658560582537 22.397965753811082
361.4999999999999 24.52055661618578 22.39856484288778
362.0 24.522458279844784 22.399163588556895
362.5 24.524344210630264 22.399757516671045
362.9999999999999 24.52623618753915 22.400359673662713
363.5 24.52812859969217 22.400958142039077
364.0 24.530044228907517 22.40155092379625
364.4999999999999 24.531941183718384 22.40215650688434
365.0 24.5338165852464 22.402754613880383
365.5 24.5357042027655 22.403359815226462
365.9999999999999 24.537609324830516 22.403961613378193
366.5 24.53949773123928 22.404566225592383
367.0 24.541385797548312 22.405171065494752
367.4999999999999 24.54326546806339 22.405779340696984
368.0 24.545168518449877 22.406386918924987
368.5 24.547065858662847 22.407000012449107
368.9999999999999 24.54893814251944 22.40761041409033
369.5 24.550824891400886 22.408220483437876
370.0 24.55271521275023 22.408828781943022
370.4999999999999 24.55459425875418 22.40944911056809
371.0 24.55650129815553 22.410054558262644
371.5 24.558379249602645 22.41068296004846
371.9999999999999 24.56027722520759 22.411290723505346
372.5 24.562145969138868 22.411908934188208
373.0 24.56404179835537 22.412533247323665
373.4999999999999 24.565912910713553 22.41314930082314
374.0 24.567810354561196 22.413777141158235
374.5 24.5696757218059 22.414388117580963
374.9999999999999 24.571560241152568 22.41501234686649
375.5 24.57345505976924 22.41563735379035
376.0 24.57532329163504 22.41625566203386
376.4999999999999 24.577227320037792 22.416885397966333
377.0 24.579101504022542 22.417511183687857
377.5 24.58097874519399 22.4181342375017
377.9999999999999 24.58286925668179 22.41877244747553
378.5 24.584730456824765 22.41940194400465
379.0 24.586626732356404 22.42003146952201
379.4999999999999 24.588492742434525 22.420665467949696
380.0 24.590376106641997 22.42129498130639
380.5 24.592265052596648 22.42192834316104
380.9999999999999 24.594134995040537 22.42256240700676
381.5 24.596005190583675 22.423197844344287
382.0 24.59788727466 22.42383671595303
382.4999999999999 24.599783274229665 22.424469709483496
383.0 24.601634543680177 22.42511180429223
383.5 24.60353627874355 22.425750008069905
383.9999999999999 24.605411267189865 22.42639060084594
384.5 24.6072968603223 22.427030358899778
385.0 24.609168242647463 22.42767559207033
385.4999999999999 24.611060950991273 22.428322551831933
386.0 24.612934837175864 22.428973889557675
386.5 24.6147757274753 22.429613241846038
386.9999999999999 24.616671655822195 22.430272116393382
387.5 24.618533863458506 22.430907335015853
388.0 24.62043124257765 22.431562958931348
388.4999999999999 24.622294676616008 22.432208562295134
389.0 24.62417055661121 22.432857006381468
389.5 24.626057120794833 22.43351299692334
389.9999999999999 24.627914014688265 22.434163636405323
390.5 24.6297853277174 22.434817249069955
391.0 24.63166294907456 22.43547573314482
391.4999999999999 24.63353590674434 22.43612704948768
392.0 24.63539384454334 22.436792969751703
392.5 24.63726272850697 22.43744808875394
392.9999999999999 24.63915296932293 22.43810712982907
393.5 24.64100912388556 22.43876775118444
394.0 24.64285210407784 22.439426516877845
394.4999999999999 24.644734312858873 22.440092203458292
395.0 24.646610303789064 22.44075906633645
395.5 24.648459895483548 22.441422892574394
395.9999999999999 24.650323984565464 22.442086804991774
396.5 24.65218116902205 22.442752608781582
397.0 24.65404327015277 22.443420128424325
397.4999999999999 24.655911936709703 22.444094782435556
398.0 24.65775943813908 22.444763522617627
398.5 24.659602120309742 22.445430877102986
398.9999999999999 24.661481974201553 22.4461054345563
399.5 24.663345384127354 22.446781047378266
400.0 24.665187793532265 22.44745329832698
400.4999999999999 24.667040634062246 22.4481349483911
401.0 24.668882927871188 22.44881401244379
401.5 24.670722637738656 22.44948469909294
401.9999999999999 24.672593240070803 22.450169557021255
402.5 24.674436433867474 22.45085566997612
403.0 24.67629558434867 22.451536800958323
403.4999999999999 24.678142632569386 22.452218833857863
404.0 24.67999050432249 22.452897657077017
404.5 24.681840157328267 22.45358580425398
404.9999999999999 24.683693743949302 22.45427741118835
405.5 24.68552881668426 22.45496093696942
406.0 24.687379093856897 22.45564759755361
406.4999999999999 24.689230934706462 22.456337973682498
407.0 24.69104920256396 22.457028687768265
407.5 24.692904554492998 22.457714956289966
407.9999999999999 24.694735615988378 22.45841231916884
408.5 24.696586221127234 22.459109707150986
409.0 24.69841794676949 22.459800402425664
409.4999999999999 24.70027236166281 22.460499479480394
410.0 24.702106128047042 22.461200137064875
410.5 24.703945826476797 22.461892878549186
410.9999999999999 24.70576213378542 22.462593324809443
411.5 24.707613453272927 22.463294999337805
412.0 24.70945745272413 22.463996051677555
412.4999999999999 24.711289484358453 22.46469966447772
413.0 24.713128091844084 22.465404501205807
413.5 24.71496339769577 22.466106261899338
413.9999999999999 24.716797422853855 22.466815477696564
414.5 24.718618196212553 22.467524715065665
415.0 24.7204605492529 22.46823339890227
415.4999999999999 24.72229039402169 22.468944939247084
416.0 24.72413337656464 22.46965776982988
416.5 24.72593467136135 22.470364991938098
416.9999999999999 24.72778407057949 22.471078342852223
417.5 24.72961433663678 22.471789933143597
418.0 24.73142590501295 22.472498929093888
418.4999999999999 24.733266422825622 22.473223645847224
419.0 24.73508475231076 22.47394423640229
419.5 24.736910127576333 22.474659198048993
419.9999999999999 24.738747481608677 22.47537944196386
420.5 24.74056966918861 22.476096004192463
421.0 24.742397494514282 22.476821170599024
421.4999999999999 24.744216900312914 22.477549819312227
422.0 24.746036488540266 22.478273305054696
422.5 24.74786802136996 22.479002690553763
422.9999999999999 24.749716067360342 22.479727353014116
423.5 24.751522442299976 22.480451452697867
424.0 24.75335017020145 22.48117966725416
424.4999999999999 24.755165032336087 22.481909118479987
425.0 24.756977456055957 22.482637918375012
425.5 24.75880125884171 22.48337168634304
425.9999999999999 24.760646165140088 22.484108144001375
426.5 24.76245180212591 22.484837960687898
427.0 24.764270649455874 22.485579999827557
427.4999999999999 24.76610049789381 22.486317588175744
428.0 24.767910830528734 22.48705494399791
428.5 24.769734613083052 22.487792464261553
428.9999999999999 24.77154419032017 22.488538009895606
429.5 24.77335635790313 22.4892803683605
430.0 24.775180606623934 22.49002607397309
430.4999999999999 24.776989528467826 22.49076926544262
431.0 24.778790985707722 22.4915183863692
431.5 24.78058566857088 22.492265341434564
431.9999999999999 24.78240857672363 22.493024566255762
432.5 24.784211894507493 22.493771920558927
433.0 24.786008714070853 22.49452042454958
433.4999999999999 24.787837332171115 22.495272367648347
434.0 24.789633798222596 22.496034224650487
434.5 24.791428736179427 22.4967970003746
434.9999999999999 24.793224525846927 22.49755790983654
435.5 24.79501749171314 22.498321058674144
436.0 24.796813170524633 22.499082018844923
436.4999999999999 24.79860178551343 22.49983870698516
437.0 24.800404962239444 22.5006043955829
437.5 24.80220348346114 22.501371038463667
437.9999999999999 24.803981385453394 22.50214628909527
438.5 24.805789723235513 22.502911293054307
439.0 24.807574277588277 22.50367686480959
439.4999999999999 24.809364088080624 22.504457737352634
