FastTrWP/PhaseSpace/IAs/snIa_0.66_30.00_0.46_0.04.csv
# %ECSV 0.9
# ---
# datatype:
# - {name: time-rel, datatype: float64}
# - {name: g, datatype: float64}
# - {name: i, datatype: float64}
# schema: astropy-2.0
time-rel g i
[from data line 285]
250.29166666666666 25.22802258832965 23.309258202124475
250.79166666666666 25.22413751096971 23.3062170784776
251.29166666666666 25.220211045769258 23.303148945430618
251.79166666666666 25.21633359666425 23.3001190560735
252.29166666666666 25.21243209698758 23.297086753690458
252.79166666666666 25.20856799143293 23.294058057622763
253.29166666666666 25.204681521836243 23.291037516504677
253.79166666666666 25.200803417224115 23.28802996467698
254.29166666666666 25.19695155450471 23.285015780155124
254.79166666666666 25.193101756461814 23.28201118490537
255.29166666666666 25.18925141442729 23.279011781801756
255.79166666666666 25.185409948411987 23.276035529697758
256.2916666666667 25.18160840257749 23.273057323867505
256.7916666666667 25.177774611172122 23.27006676656766
257.2916666666667 25.173945310762416 23.26710300372006
257.7916666666667 25.17013256819716 23.264134282952593
258.2916666666667 25.166330015398984 23.26118143121819
258.7916666666667 25.162532314189097 23.25822563715304
259.2916666666667 25.15875845797293 23.255287895631668
259.7916666666667 25.154973305222054 23.252360538473887
260.2916666666667 25.151212866132653 23.249417877501347
260.7916666666667 25.147449339299733 23.246497583624972
261.2916666666667 25.14367471714231 23.24358276691365
261.7916666666667 25.139940222421217 23.24067432105747
262.2916666666667 25.136189258353816 23.23777818357039
262.7916666666667 25.13245312147809 23.234871647882926
263.2916666666667 25.12874113948898 23.231989724500597
263.7916666666667 25.125022973308326 23.229112094744544
264.2916666666667 25.121319549174732 23.22623432526647
264.7916666666667 25.117608690030725 23.223376846360367
265.2916666666667 25.113936011126196 23.22051812077003
265.7916666666667 25.110247010132927 23.217664063350743
266.2916666666667 25.106562810297053 23.214816402371262
266.7916666666667 25.10289462022705 23.21197073109364
267.2916666666667 25.099224211143223 23.209146652455917
267.7916666666667 25.095559693299002 23.206309730740063
268.2916666666667 25.09189746311307 23.203488888040983
268.7916666666667 25.088275254229657 23.20066967809719
269.2916666666667 25.0846382877109 23.197859145731407
269.7916666666667 25.081012435488702 23.19505200444095
270.2916666666667 25.077370396695752 23.192267699168223
270.7916666666667 25.07375397031806 23.18946394680395
271.2916666666667 25.070155985353765 23.18667593958173
271.7916666666667 25.066539815302995 23.18390001714659
272.2916666666667 25.06295209709826 23.18113122306173
272.7916666666667 25.059367476161206 23.178359657831948
273.2916666666667 25.055779540588972 23.175589224103387
273.7916666666667 25.052221621609874 23.17284171806255
274.2916666666667 25.04863533193156 23.170092854909385
274.7916666666667 25.045071554146713 23.167348494473604
275.2916666666667 25.04151403517203 23.164611447400087
275.7916666666667 25.03794532041087 23.161869756820263
276.2916666666667 25.034409336432372 23.159144865635586
276.7916666666667 25.030873903853617 23.156418809647995
277.2916666666667 25.027341741340617 23.15370520246452
277.7916666666667 25.023799479140646 23.150992757334944
278.2916666666667 25.02029962414833 23.148284307964452
278.7916666666667 25.01677107314419 23.145584615398263
279.2916666666667 25.01325379868428 23.14289113473915
279.7916666666667 25.009755579519677 23.140197374358888
280.2916666666667 25.00625763876499 23.13751099057731
280.7916666666667 25.002762122075815 23.134820425520914
281.2916666666667 24.99926950279476 23.13215058380959
281.7916666666667 24.9957906444245 23.129482755817353
282.2916666666667 24.99231905928638 23.126822023793657
282.7916666666667 24.988881113784544 23.124161063533762
283.2916666666667 24.985406211777196 23.121493816524
283.7916666666667 24.981938374460555 23.11884840647906
284.2916666666667 24.978477003020323 23.116192531928455
284.7916666666667 24.975026746561056 23.113552583525248
285.2916666666667 24.97160969846064 23.110920923233994
285.7916666666667 24.96818262928093 23.10828378964643
286.2916666666667 24.9647142131452 23.105659434837218
286.7916666666667 24.961298884966787 23.10303329183714
287.2916666666667 24.957882122146742 23.1004244887569
287.7916666666667 24.9544630932831 23.097808904591695
288.2916666666667 24.951060620710223 23.09519268693461
288.7916666666667 24.947637710643367 23.09258692231986
289.2916666666667 24.944253563159688 23.089994241237154
289.7916666666667 24.940843517723756 23.087388809054772
290.2916666666667 24.937468633808297 23.08480388762479
290.7916666666667 24.93408972030693 23.082216969211405
291.2916666666667 24.93068484692955 23.079627095463767
291.7916666666667 24.927324290205426 23.077054050066312
292.2916666666667 24.923952434959723 23.074492287717824
292.7916666666667 24.92058219670369 23.071909326470035
293.2916666666667 24.917245691177506 23.069336287512968
293.7916666666667 24.913867078360514 23.066788750474373
294.2916666666667 24.910508626396908 23.064220324486286
294.7916666666667 24.90717183100174 23.061663962190035
295.2916666666667 24.903818687371068 23.059119994658882
295.7916666666667 24.90050579580314 23.056572097377522
296.2916666666667 24.89715062886484 23.05402624014375
296.7916666666667 24.893817407840984 23.051498805205952
297.2916666666667 24.89051566694558 23.048964197339366
297.7916666666667 24.887203304552706 23.046433100300288
298.2916666666667 24.883887798011383 23.04390362749876
298.7916666666667 24.88055811512468 23.041377727287045
299.2916666666667 24.877273368195393 23.038857449521252
299.7916666666667 24.87396157412846 23.03634961713968
300.2916666666667 24.870664627350642 23.033841249928887
300.7916666666667 24.867385554859176 23.031338197708322
301.2916666666667 24.864097612825596 23.02884370658433
301.7916666666667 24.86081863136406 23.026334617028628
302.2916666666667 24.85755454107752 23.02384998114882
302.7916666666667 24.854286854153365 23.02136930630573
303.2916666666667 24.85102495631304 23.018882779729072
303.7916666666667 24.84777064727723 23.01640624642846
304.2916666666667 24.844505371206136 23.013935164680422
304.7916666666667 24.841253476670687 23.0114683932922
305.2916666666667 24.8380334429323 23.009005674725348
305.7916666666667 24.834794044958052 23.00654424158221
306.2916666666667 24.831548565231248 23.004080800421505
306.7916666666667 24.828352539254176 23.00162784680414
307.2916666666667 24.82511543919934 22.999188840804724
307.7916666666667 24.821882834524594 22.99674149652114
308.2916666666667 24.818680150527182 22.994304822369646
308.7916666666667 24.815458057578304 22.99186578219874
309.2916666666667 24.812266249587193 22.989438431900105
309.7916666666667 24.809069735079174 22.987004726556965
310.2916666666667 24.805867037710726 22.984581822632425
310.7916666666667 24.80269499697127 22.982168494281364
311.2916666666667 24.799512006379704 22.979748179947336
311.7916666666667 24.796319888727428 22.977328560966445
312.2916666666667 24.793160888328728 22.974931935338503
312.7916666666667 24.78998418321772 22.972523479172157
313.2916666666667 24.786818431242608 22.970123107517452
313.7916666666667 24.783624630541997 22.967718986080673
314.2916666666667 24.78048701652929 22.96533672244644
314.7916666666667 24.777324702250432 22.96294115948545
315.2916666666667 24.774200684604217 22.96055401766372
315.7916666666667 24.771057855491414 22.95817523193003
316.2916666666667 24.76792984566452 22.955792481450953
316.7916666666667 24.764779759919456 22.953416395656987
317.2916666666667 24.761646805194154 22.951045074620872
317.7916666666667 24.758530885133393 22.94868273780578
318.2916666666667 24.755398565631282 22.94631904488493
318.7916666666667 24.75227185731459 22.94395024066098
319.2916666666667 24.749175361982342 22.94160034938433
319.7916666666667 24.74605100607223 22.939265288463044
320.2916666666667 24.742966076990346 22.936899430487273
320.7916666666667 24.739866047953942 22.9345475969533
321.2916666666667 24.736751270195324 22.932210617686817
321.7916666666667 24.733657621104093 22.929879951712277
322.2916666666667 24.730576865483528 22.92753873806558
322.7916666666667 24.72749321804638 22.925196902997644
323.2916666666667 24.724421500771086 22.922877797746303
323.7916666666667 24.721349712773858 22.920553488780307
324.2916666666667 24.718283591456927 22.918223658738327
324.7916666666667 24.715199382805263 22.915904267020395
325.2916666666667 24.71212379815271 22.91358984203317
325.7916666666667 24.709088547279592 22.911269641498997
326.2916666666667 24.706019255212162 22.90896788991995
326.7916666666667 24.70297199492251 22.90665736075589
327.2916666666667 24.69993853214174 22.90435606117545
327.7916666666667 24.69688671345358 22.90205531462158
328.2916666666667 24.69384036095883 22.89975872360786
328.7916666666667 24.690807812982175 22.89746824815851
329.2916666666667 24.68779387198561 22.895172076602567
329.7916666666667 24.684763656981307 22.892886417277406
330.2916666666667 24.68173510308659 22.890606064026876
330.7916666666667 24.67868651030047 22.888314807226607
331.2916666666667 24.675682262500573 22.886035362951635
331.7916666666667 24.67265710376374 22.883746538065253
332.2916666666667 24.669664690875845 22.88149397104162
332.7916666666667 24.66665672963192 22.87922021909371
333.2916666666667 24.66364267608752 22.876952669688976
333.7916666666667 24.660648982511077 22.87468956235714
334.2916666666667 24.657643767164448 22.872432288736285
334.7916666666667 24.65466826742439 22.870169271012276
335.2916666666667 24.651679208901022 22.8679139466156
335.7916666666667 24.64869251550217 22.86566325437965
336.2916666666667 24.645714344201387 22.86340910563017
336.7916666666667 24.642742773462366 22.86116215879163
337.2916666666667 24.639764180053692 22.858915318001955
337.7916666666667 24.636792338892697 22.856677831161466
338.2916666666667 24.633827376912457 22.854434289764434
338.7916666666667 24.630837181747275 22.852198508504014
339.2916666666667 24.62787488852627 22.849955297731313
339.7916666666667 24.624908288434902 22.84771612494587
340.2916666666667 24.62191529623137 22.84547892420191
340.7916666666667 24.618932200700844 22.84323326637459
341.2916666666667 24.6159378677724 22.84099741616115
341.7916666666667 24.612944663220468 22.838752423916677
342.2916666666667 24.609963726021405 22.83652143219061
342.7916666666667 24.606951848808272 22.834286818863177
343.2916666666667 24.603962899859212 22.832048756313213
343.7916666666667 24.600960028676543 22.82981330718254
344.2916666666667 24.59797748163554 22.827575189994445
344.7916666666667 24.59498909894041 22.825345215891595
345.2916666666667 24.591989738854597 22.823118206730065
345.7916666666667 24.588989563110424 22.820882184959327
346.2916666666667 24.586008760969538 22.818656587386656
346.7916666666667 24.583000649922386 22.816424525417656
347.2916666666667 24.58001296327 22.814197475456908
347.7916666666667 24.577012563064535 22.811981704135288
348.2916666666667 24.574029686230755 22.80975639028838
348.7916666666667 24.571041166149854 22.80753916369391
349.2916666666667 24.56806504656758 22.8053282152579
349.7916666666667 24.565086693256223 22.80311882630761
350.2916666666667 24.562115793022457 22.800901802763377
350.7916666666667 24.559132222283196 22.798693624265805
351.2916666666667 24.55619045629168 22.79649541696635
351.7916666666667 24.553201232863987 22.794289138477787
352.2916666666667 24.55025124579979 22.79208289061296
352.7916666666667 24.547304355448425 22.789890474716525
353.2916666666667 24.544342102657147 22.787695936131943
353.7916666666667 24.541407068167118 22.7855136006917
354.2916666666667 24.538455827505278 22.78332092105508
354.7916666666667 24.535510321455565 22.781146920686787
355.2916666666667 24.53257954311702 22.778963120434717
355.7916666666667 24.52967923520216 22.776791286687164
356.2916666666667 24.526750135503885 22.77462862952365
356.7916666666667 24.523855981921677 22.772458166429246
357.2916666666667 24.520955331508496 22.77029811773499
357.7916666666667 24.518071554676087 22.76813839977523
358.2916666666667 24.515180886035264 22.765987588178547
358.7916666666667 24.51228488802908 22.763829629437772
359.2916666666667 24.509414752655807 22.761692650315943
359.7916666666667 24.506545417842243 22.759548598771854
360.2916666666667 24.503700019109086 22.757415077836363
360.7916666666667 24.500854568205938 22.7552815965706
361.29166666666663 24.498012663250464 22.75315662476929
361.7916666666667 24.495206093455415 22.751041536158745
362.2916666666667 24.492375662381612 22.748928332790562
362.79166666666663 24.489575877719258 22.74681681968248
363.2916666666667 24.48676477414423 22.74471136754299
363.7916666666667 24.483987577691245 22.74261182420853
364.29166666666663 24.4811960949643 22.74052411758207
364.7916666666667 24.478440719526656 22.738437455002135
365.2916666666667 24.475699467838222 22.73635349198692
365.79166666666663 24.47293701947339 22.734280710464
366.2916666666667 24.47020621920034 22.732201547691012
366.7916666666667 24.467465112620907 22.7301403090817
367.29166666666663 24.464746049150893 22.728082133959585
367.7916666666667 24.462066701574553 22.72602795005231
368.2916666666667 24.45937360794219 22.723990320256625
368.79166666666663 24.456699562169412 22.721950026809985
369.2916666666667 24.45404827632907 22.71991563180712
369.7916666666667 24.451383020105972 22.717892483573046
370.29166666666663 24.44873758394754 22.71586882724991
370.7916666666667 24.446112448667368 22.713855641747625
371.2916666666667 24.44350647556728 22.711855548931517
371.79166666666663 24.440908840124493 22.709853480263508
372.2916666666667 24.438301242368293 22.707859906761612
372.7916666666667 24.43574716162368 22.70587593019701
373.29166666666663 24.43317913242332 22.70389762470044
373.7916666666667 24.430632209440123 22.701930013556478
374.2916666666667 24.428103755180494 22.699967009162787
374.79166666666663 24.425586785913556 22.698002991729357
375.2916666666667 24.42308249677261 22.69605531461916
375.7916666666667 24.420582671831635 22.69410902113762
376.29166666666663 24.41810629281578 22.69217869395039
376.7916666666667 24.41566232777385 22.69025985949377
377.2916666666667 24.41322528972141 22.68833831958574
377.79166666666663 24.410793670901377 22.686420065907228
378.2916666666667 24.408358825573945 22.68452328716693
378.7916666666667 24.405948464755856 22.682615445652917
379.29166666666663 24.40354833287682 22.68071879585073
379.7916666666667 24.401148050388947 22.67882955304358
380.2916666666667 24.39874787616318 22.67692740442542
380.79166666666663 24.396352612651818 22.675046136330987
381.2916666666667 24.3939682167455 22.673162666575884
381.7916666666667 24.391589772222066 22.67127703115698
382.29166666666663 24.389217915098172 22.669401042225807
382.7916666666667 24.386836529378947 22.667526979428963
383.2916666666667 24.384481055944583 22.665661469259483
383.79166666666663 24.38211572893608 22.66379572576289
384.2916666666667 24.37976268450911 22.66194241638729
384.7916666666667 24.377407699453244 22.660078664626106
385.29166666666663 24.375081891131046 22.658216466493556
385.7916666666667 24.37276026142211 22.656371988567578
386.2916666666667 24.370436905548477 22.65452470957847
386.79166666666663 24.368114628121628 22.652687035653003
387.2916666666667 24.365789484978947 22.650847697786354
387.7916666666667 24.36349302131418 22.649011424425392
388.29166666666663 24.361196265351968 22.647179524075018
388.7916666666667 24.35890953465004 22.64535958327055
389.2916666666667 24.356622335395365 22.643535420180477
389.79166666666663 24.354359228643258 22.641721350937743
390.2916666666667 24.35208837878015 22.63990860145746
390.7916666666667 24.34984282672385 22.638103551958572
391.29166666666663 24.347577865281202 22.636286805790643
391.7916666666667 24.345346762606855 22.634493615973525
392.2916666666667 24.343104650384888 22.632706834293156
392.79166666666663 24.340863439190006 22.630910890093304
393.2916666666667 24.33864501595195 22.629135133135748
393.7916666666667 24.336438975123947 22.627346903415983
394.29166666666663 24.3342213275172 22.625572795436398
