FastTrWP/PhaseSpace/IAs/snIa_0.4_25_1_0.0.csv
# %ECSV 0.9
# ---
# datatype:
# - {name: time-rel, datatype: float64}
# - {name: g, datatype: float64}
# - {name: i, datatype: float64}
# schema: astropy-2.0
time-rel g i
[from data line 1388]
673.8958333333334 -26.713150220429426 -27.585869819037732
674.3958333333334 -26.71205306939676 -27.58571490857708
674.8958333333334 -26.710957828932393 -27.585575134724696
675.3958333333334 -26.709856268053876 -27.585426944099662
675.8958333333334 -26.7087652585564 -27.585279116429998
676.3958333333334 -26.707661783536075 -27.58512359638548
676.8958333333334 -26.706552710020087 -27.584976635743793
677.3958333333334 -26.705448979873502 -27.584820447184782
677.8958333333334 -26.704344114215623 -27.58467364450691
678.3958333333334 -26.703243779239678 -27.584520031236842
678.8958333333334 -26.70214340877734 -27.584368029144308
679.3958333333334 -26.701032162868216 -27.584211396806975
679.8958333333334 -26.699921202496082 -27.584053089855832
680.3958333333334 -26.698821791591246 -27.583894748512453
680.8958333333334 -26.697710671087684 -27.583733860988183
681.3958333333334 -26.69660776098498 -27.583583968728803
681.8958333333334 -26.695481961927797 -27.583424322489055
682.3958333333334 -26.6943717915579 -27.583259832777806
682.8958333333334 -26.693254119003946 -27.583105719489552
683.3958333333334 -26.69213377815602 -27.5829401764951
683.8958333333334 -26.691025107414017 -27.58278139822672
684.3958333333334 -26.68988546467353 -27.582620876811564
684.8958333333334 -26.68878128495333 -27.582454575784766
685.3958333333334 -26.687654259405708 -27.582288387587468
685.8958333333334 -26.686521813392325 -27.582125295398775
686.3958333333334 -26.685402065775566 -27.581963124232928
686.8958333333334 -26.68427214082115 -27.58179991125299
687.3958333333334 -26.683144867498058 -27.58163087055024
687.8958333333334 -26.68202175823378 -27.58146629248746
688.3958333333334 -26.680885373082862 -27.581294675040585
688.8958333333334 -26.679755715811545 -27.58112660930427
689.3958333333334 -26.6786146777611 -27.580957661111924
689.8958333333334 -26.67748316183029 -27.580789295845115
690.3958333333334 -26.676339791952035 -27.580615530119992
690.8958333333334 -26.675212530724757 -27.58044183399023
691.3958333333334 -26.674071651321192 -27.580274258190414
691.8958333333334 -26.67293104059125 -27.580100513480193
692.3958333333334 -26.67179333502904 -27.579920471342273
692.8958333333334 -26.670642033768438 -27.579752961007205
693.3958333333334 -26.66949741977627 -27.579571490822236
693.8958333333334 -26.668356769459525 -27.579390343000526
694.3958333333334 -26.667204028306397 -27.579212096020743
694.8958333333334 -26.666052791600706 -27.579032604324
695.3958333333334 -26.664913984026466 -27.578848985908706
695.8958333333334 -26.6637630450979 -27.578669462096986
696.3958333333334 -26.66261170546315 -27.57848531619885
696.8958333333334 -26.66146493839605 -27.578297366604254
697.3958333333334 -26.660299630015846 -27.578107124266257
697.8958333333334 -26.659150146909013 -27.57792213033188
698.3958333333334 -26.65800191983852 -27.577739136945794
698.8958333333334 -26.656839579342577 -27.577542263323025
699.3958333333334 -26.655684419306095 -27.57735445662657
699.8958333333334 -26.654526072630617 -27.577160999372975
700.3958333333334 -26.65336668607582 -27.576966305036066
700.8958333333334 -26.652204452692125 -27.576771539082465
701.3958333333334 -26.65104135398442 -27.576575750742116
701.8958333333334 -26.64989237542189 -27.576378391654764
702.3958333333334 -26.64871432368384 -27.576180294493426
702.8958333333334 -26.64755567455405 -27.575978977608887
703.3958333333334 -26.646390202922596 -27.575770723643597
703.8958333333334 -26.6452212607306 -27.575566798426895
704.3958333333334 -26.644066674853374 -27.575364557219434
704.8958333333334 -26.642891147862183 -27.57514978075752
705.3958333333334 -26.64172404716676 -27.574940800700173
705.8958333333334 -26.640560670091872 -27.574738241802862
706.3958333333334 -26.639392555195442 -27.574519291137314
706.8958333333334 -26.638217862864977 -27.57430346113418
707.3958333333334 -26.63704511920322 -27.57408883315342
707.8958333333334 -26.635871712566495 -27.573875125617818
708.3958333333334 -26.634699083949762 -27.573657842237584
708.8958333333334 -26.63352464997525 -27.57343225221033
709.3958333333334 -26.632361455728404 -27.57321030793607
709.8958333333334 -26.63117785570295 -27.572987702594535
710.3958333333334 -26.630016641010027 -27.572757763567537
710.8958333333334 -26.628827431163458 -27.57252613397118
711.3958333333334 -26.627653535855792 -27.57230425735136
711.8958333333334 -26.626480207595886 -27.57206557037889
712.3958333333334 -26.625296037620046 -27.571833052087293
712.8958333333334 -26.62411356255329 -27.57159701342614
713.3958333333334 -26.62294053176265 -27.5713582178434
713.8958333333334 -26.621765320319998 -27.57111328134345
714.3958333333334 -26.620590985318543 -27.57087031221563
714.8958333333334 -26.619405891116696 -27.570632824636114
715.3958333333334 -26.61822795790263 -27.570381069777227
715.8958333333334 -26.617032401730803 -27.570131552518788
716.3958333333334 -26.615848055931835 -27.569883234542157
716.8958333333334 -26.614666021870747 -27.569633252009517
717.3958333333334 -26.613483390095002 -27.569376110501427
717.8958333333334 -26.61229558327491 -27.569129297350106
718.3958333333334 -26.611105662321783 -27.56886547439496
718.8958333333334 -26.60992248768975 -27.56861486897918
719.3958333333334 -26.608726595848555 -27.56835618182595
719.8958333333334 -26.607536311610662 -27.56809456695484
720.3958333333334 -26.606350469294114 -27.567828893957515
720.8958333333334 -26.605163034057906 -27.56756932375488
721.3958333333334 -26.603966384804533 -27.567299732624
721.8958333333334 -26.602768937483535 -27.567038621194044
722.3958333333334 -26.601573891558736 -27.56676469711078
722.8958333333334 -26.600383200731063 -27.566503957233127
723.3958333333334 -26.59918521586777 -27.566233208345324
723.8958333333334 -26.597984463192965 -27.565959318909524
724.3958333333334 -26.596796811052627 -27.565681077616986
724.8958333333334 -26.59559464244813 -27.565402933039245
725.3958333333334 -26.594388694386485 -27.565124245388773
725.8958333333334 -26.59319545094379 -27.564846857300687
726.3958333333334 -26.591977834321867 -27.564570981173866
726.8958333333334 -26.590781888905802 -27.5642889440763
727.3958333333334 -26.589574315442075 -27.564001944569092
727.8958333333334 -26.588358894443438 -27.56372295281703
728.3958333333334 -26.587155626145726 -27.563426462497436
728.8958333333334 -26.585959075556698 -27.563148958691205
729.3958333333334 -26.584745518538433 -27.562849926131044
729.8958333333334 -26.583539851440094 -27.562561852044773
730.3958333333334 -26.582329921374246 -27.562262841507227
730.8958333333334 -26.58112514188517 -27.56196906015411
731.3958333333334 -26.57990572187149 -27.561671970067362
731.8958333333334 -26.57869659501464 -27.561374816185808
732.3958333333334 -26.577476325556766 -27.56107412329233
732.8958333333334 -26.57625745560063 -27.560776404085026
733.3958333333334 -26.575055510522883 -27.560473371677606
733.8958333333334 -26.57383425884548 -27.560168124272444
734.3958333333334 -26.572617882912006 -27.559869209110094
734.8958333333334 -26.57140427975876 -27.559552156295652
735.3958333333334 -26.570177732233194 -27.559241149762453
735.8958333333334 -26.568962114620305 -27.5589259653492
736.3958333333334 -26.567737138323523 -27.558617302863865
736.8958333333334 -26.566514358967368 -27.558306746553654
737.3958333333334 -26.56529318833517 -27.55798682055314
737.8958333333334 -26.564064635797 -27.55767811574249
738.3958333333334 -26.562851151336083 -27.557350705433464
738.8958333333334 -26.56162497240246 -27.557033283401765
739.3958333333334 -26.560388472760664 -27.556713173236936
739.8958333333334 -26.559168177706983 -27.556386756064953
740.3958333333334 -26.557940030320466 -27.55605202556776
740.8958333333334 -26.55670503870345 -27.555733061899204
741.3958333333334 -26.55548588552632 -27.55540038078532
741.8958333333334 -26.554248953376813 -27.555069476812626
742.3958333333334 -26.55302423409279 -27.554735813286108
742.8958333333334 -26.551783012881337 -27.554400938385307
743.3958333333334 -26.550541676883018 -27.554072129969995
743.8958333333334 -26.54932774726237 -27.55373112279294
744.3958333333334 -26.548090095756947 -27.55339210584897
744.8958333333334 -26.54685330678467 -27.553055046906557
745.3958333333334 -26.54561650912634 -27.552709027240788
745.8958333333334 -26.54437912018921 -27.552371089841806
746.3958333333334 -26.54314397523649 -27.552012453104332
746.8958333333334 -26.541900121585698 -27.551678918653604
747.3958333333334 -26.54066748521494 -27.55133115232246
747.8958333333334 -26.539423921758765 -27.550978802047222
748.3958333333333 -26.538180730487476 -27.550618755451023
748.8958333333334 -26.536939732207856 -27.550268072229173
749.3958333333334 -26.535709236828488 -27.549910305279553
749.8958333333333 -26.53445580317161 -27.549554412993416
750.3958333333334 -26.533215575013017 -27.549190782151637
750.8958333333334 -26.53196931483788 -27.548835164076472
751.3958333333333 -26.530734861924653 -27.548479050121028
751.8958333333334 -26.529458959476816 -27.54811116983206
752.3958333333334 -26.52822207695192 -27.547741607842035
752.8958333333333 -26.52697231616502 -27.547374616583625
753.3958333333334 -26.525735168764108 -27.547000845121392
753.8958333333334 -26.52448574508188 -27.54662840193901
754.3958333333333 -26.523233002622494 -27.546259943524
754.8958333333334 -26.52197199827033 -27.54588131976426
755.3958333333334 -26.520727360580008 -27.545501159312696
755.8958333333333 -26.51946758204005 -27.545123519606356
756.3958333333334 -26.518215580695248 -27.54474600595662
756.8958333333334 -26.516953254934855 -27.544361970670288
757.3958333333333 -26.515703745490807 -27.54397406213726
757.8958333333334 -26.514440319658807 -27.54359147616764
758.3958333333334 -26.513182563930858 -27.543203338039476
758.8958333333333 -26.511924497519917 -27.54281466290226
759.3958333333334 -26.510649247853692 -27.54242933727122
759.8958333333334 -26.50939652883357 -27.542039745662375
760.3958333333333 -26.508140863188196 -27.541639292951132
760.8958333333334 -26.506871610352167 -27.54124382632442
761.3958333333334 -26.505613276446077 -27.540849170651676
761.8958333333333 -26.50433801484221 -27.540450023019044
762.3958333333334 -26.50308438264262 -27.540050612889072
762.8958333333334 -26.50181202303463 -27.53964472789979
763.3958333333333 -26.500535192289046 -27.539236910095454
763.8958333333334 -26.49926706944727 -27.53883787465158
764.3958333333334 -26.4980119802578 -27.538425135545346
764.8958333333333 -26.496732095077846 -27.538018966706318
765.3958333333334 -26.495458669984234 -27.537610329681566
765.8958333333334 -26.49419799898507 -27.537190113470302
766.3958333333333 -26.492913798911605 -27.536782972990757
766.8958333333334 -26.491638718675716 -27.53636300230998
767.3958333333334 -26.490371923287203 -27.535945800008047
767.8958333333333 -26.489085272987182 -27.53552996126659
768.3958333333334 -26.487808847507928 -27.535114964967285
768.8958333333334 -26.4865311243964 -27.534687333140422
769.3958333333333 -26.485257418812488 -27.53426918374331
769.8958333333334 -26.483962602474612 -27.533841740773767
770.3958333333334 -26.48269165445743 -27.533419042352854
770.8958333333333 -26.481404109153832 -27.532984181260897
771.3958333333334 -26.48011749606796 -27.532556219808416
771.8958333333334 -26.47883619537858 -27.532125312249352
772.3958333333333 -26.47754233929929 -27.531687573044405
772.8958333333334 -26.476255023130555 -27.53124996516768
773.3958333333334 -26.474969264221983 -27.530824471139525
773.8958333333333 -26.473696296961336 -27.530383732197336
774.3958333333334 -26.472395382605164 -27.529941619577535
774.8958333333334 -26.47108400874933 -27.529498961729253
775.3958333333333 -26.46981298345932 -27.529061983961004
775.8958333333334 -26.46851815702753 -27.52862181225116
776.3958333333334 -26.467221383995007 -27.52817357589281
776.8958333333333 -26.46592168202948 -27.52773130164288
777.3958333333334 -26.46463126401496 -27.527275945952393
777.8958333333334 -26.463324234609992 -27.526828615287265
778.3958333333333 -26.46203659869668 -27.52637849016032
778.8958333333334 -26.460725339526068 -27.525923749617096
779.3958333333334 -26.45942707254147 -27.52547372333168
779.8958333333333 -26.45812566406612 -27.52500856993062
780.3958333333334 -26.456817551591246 -27.524559590530533
780.8958333333334 -26.45550091763564 -27.524093525369878
781.3958333333333 -26.45420507667829 -27.52363743414207
781.8958333333334 -26.45290472332416 -27.523180765894395
782.3958333333334 -26.45159726313395 -27.522715993742246
782.8958333333333 -26.45028798750527 -27.522249861687254
783.3958333333334 -26.448974014354132 -27.521784055780888
783.8958333333334 -26.447660426461024 -27.521320321026607
784.3958333333333 -26.44635325106508 -27.520844837459613
784.8958333333334 -26.445047725503382 -27.520369803819598
785.3958333333334 -26.44371479489343 -27.519897804835015
785.8958333333333 -26.442406608130323 -27.51942478207921
786.3958333333334 -26.44110023300218 -27.518950388683628
786.8958333333334 -26.439777317353474 -27.51846491620674
787.3958333333333 -26.438453528117428 -27.517988369897907
787.8958333333334 -26.437140101775842 -27.517503506732574
788.3958333333334 -26.435822488968334 -27.51701906295012
788.8958333333333 -26.4344948568694 -27.516534075812054
789.3958333333334 -26.43318246813459 -27.51604452413182
789.8958333333334 -26.431850437733715 -27.515561327882317
790.3958333333333 -26.430523548150386 -27.515069306407405
790.8958333333334 -26.42921207050467 -27.514569853061452
791.3958333333334 -26.427862985529256 -27.514082867191565
791.8958333333333 -26.42654289367089 -27.51359117710208
792.3958333333334 -26.425217046911285 -27.51308713492579
792.8958333333334 -26.423897547428968 -27.512590243154072
793.3958333333333 -26.422553140631777 -27.51208961925297
793.8958333333334 -26.42122997890365 -27.511592995044126
794.3958333333334 -26.419885574731573 -27.51108703091532
794.8958333333333 -26.418565140969406 -27.510581343201302
795.3958333333334 -26.417209391566008 -27.510078555282256
795.8958333333334 -26.415887081411675 -27.50956298528901
796.3958333333333 -26.414546146367883 -27.509048358817573
796.8958333333334 -26.41321241802548 -27.508546809210035
797.3958333333334 -26.41186237336028 -27.508026867470726
797.8958333333333 -26.41052742384888 -27.50750531439998
798.3958333333334 -26.409180314134616 -27.50699860230531
798.8958333333334 -26.407836361374912 -27.506478836631846
799.3958333333333 -26.40647787079886 -27.505952698161384
799.8958333333334 -26.40513577876341 -27.505436011945562
800.3958333333334 -26.40380203295619 -27.504908711261088
800.8958333333333 -26.402448336582104 -27.50438545406176
801.3958333333334 -26.401100655810946 -27.503864060494017
801.8958333333334 -26.39974703806005 -27.503330664539767
802.3958333333333 -26.398404972075426 -27.502796508847716
802.8958333333334 -26.397032608360274 -27.502267233451313
803.3958333333334 -26.3956796556863 -27.501730523818036
803.8958333333333 -26.394323857600895 -27.501196225394064
804.3958333333334 -26.392964943562557 -27.500667671368134
804.8958333333334 -26.391606438478586 -27.500128680879957
805.3958333333333 -26.390249319998823 -27.499587692322596
805.8958333333334 -26.388890819735437 -27.49904488189528
806.3958333333334 -26.38753159822732 -27.49850098231901
806.8958333333333 -26.38616112703572 -27.497962199439424
807.3958333333334 -26.38479903271238 -27.497409912321743
807.8958333333334 -26.383432259553942 -27.49686177483178
808.3958333333333 -26.38205121474858 -27.496314773486034
808.8958333333334 -26.380679254675094 -27.49576292986328
809.3958333333334 -26.379312046977258 -27.49520866707173
809.8958333333333 -26.377943701607258 -27.494657326749547
810.3958333333334 -26.376568340902793 -27.494101242690423
810.8958333333334 -26.375195181971982 -27.49354665853327
811.3958333333333 -26.373822957115745 -27.492984606115513
811.8958333333334 -26.372440312972365 -27.49242723534155
812.3958333333334 -26.37105420143906 -27.49186798337391
812.8958333333333 -26.36967666735749 -27.49129838265113
