FastTrWP/PhaseSpace/IAs/snIa_0.52_30.00_1.00_0.01.csv
# %ECSV 0.9
# ---
# datatype:
# - {name: time-rel, datatype: float64}
# - {name: g, datatype: float64}
# - {name: i, datatype: float64}
# schema: astropy-2.0
time-rel g i
129.91666666666666 26.992296543199004 25.045070464827877
130.41666666666666 26.974378508648567 25.036056446022712
130.91666666666666 26.956651002148003 25.027118035327135
131.41666666666666 26.939017144512036 25.018165241446987
131.91666666666666 26.92149285357532 25.009277404482965
132.41666666666666 26.904166302785065 25.00039603523203
132.91666666666666 26.88691750964025 24.9915544616647
133.41666666666666 26.869827880129606 24.982747964439305
133.91666666666666 26.852908676765015 24.973969100753433
134.41666666666666 26.83611860478154 24.965239245540083
134.91666666666666 26.819443821471495 24.956515481164942
135.41666666666666 26.80295922150613 24.947830306197865
135.91666666666666 26.78656073134463 24.93916606474711
136.41666666666666 26.770226586006608 24.930572847507722
136.91666666666666 26.754093608983737 24.921972238128202
137.41666666666666 26.73810055693574 24.91341417259838
137.91666666666666 26.72224838005677 24.904907366170917
138.41666666666666 26.706490650880976 24.89640381950521
138.91666666666666 26.690857363708986 24.887964834014895
139.41666666666666 26.67538017897911 24.879540957168725
139.91666666666666 26.660012812234605 24.871168159356742
140.41666666666666 26.64477412837959 24.862812701852192
140.91666666666666 26.62962087366793 24.85452163442472
141.41666666666666 26.614597822377885 24.846217556906602
141.91666666666666 26.59977409349317 24.837993129345627
142.41666666666666 26.584976476262455 24.8297752005788
142.91666666666666 26.570308422814136 24.821613677990012
143.41666666666666 26.555750064728123 24.813482647934993
143.91666666666666 26.541378529470876 24.805377697147556
144.41666666666666 26.52707089360639 24.79731855261265
144.91666666666666 26.512896336182358 24.78928340003388
145.41666666666666 26.498803864355885 24.7812687817339
145.91666666666666 26.484875287611086 24.773302752650576
146.41666666666666 26.471009531699764 24.76538385624933
146.91666666666666 26.457278577465754 24.757493816345814
147.41666666666666 26.443630977318353 24.74962042740848
147.91666666666666 26.430123747705228 24.741782982414126
148.41666666666666 26.416709644794622 24.734043918818443
148.91666666666666 26.403380604254224 24.726272811183215
149.41666666666666 26.390167024941633 24.71855736277035
149.91666666666666 26.37707320018123 24.71086774721952
150.41666666666666 26.364016790192757 24.703213573758248
150.91666666666666 26.3510388162914 24.695567869262206
151.41666666666666 26.338092141614098 24.687938624210325
151.91666666666666 26.325250096752598 24.680340280608306
152.41666666666666 26.312474697088767 24.672748064777274
152.91666666666666 26.29975445586032 24.66518174018737
153.41666666666666 26.287077429924675 24.65762116090483
153.91666666666666 26.27448571230017 24.65011284425541
154.41666666666666 26.261938329882394 24.642625376137552
154.91666666666666 26.249518710883844 24.63514469409811
155.41666666666666 26.237088389147726 24.627689019430893
155.91666666666666 26.224767254653475 24.620261749752366
156.41666666666666 26.21249690523872 24.6128282232044
156.91666666666666 26.20029031267531 24.605433941711702
157.41666666666666 26.1881696629562 24.598069869614143
157.91666666666666 26.17605882059696 24.59073389443352
158.41666666666666 26.164095055950686 24.58340605877869
158.91666666666666 26.152185737376357 24.576092204622686
159.41666666666666 26.140300739392906 24.568838501146576
159.91666666666666 26.128488166395343 24.561571021197995
160.41666666666666 26.116718903052796 24.554340800884077
160.91666666666666 26.105058661139907 24.54714808032955
161.41666666666666 26.093492569371364 24.53994760592262
161.91666666666666 26.08192919269619 24.532794077038282
162.41666666666666 26.07046108488715 24.525655064389156
162.91666666666666 26.0590268269956 24.51853955223789
163.41666666666666 26.047682435024928 24.511451353793223
163.91666666666666 26.036409598712304 24.504383080136975
164.41666666666666 26.025185600300247 24.49735463299683
164.91666666666666 26.0140315546303 24.49031884420384
165.41666666666666 26.002881265847464 24.483327312071395
165.91666666666666 25.99187267633181 24.47636393800247
166.41666666666666 25.980925913356295 24.469428554912934
166.91666666666666 25.970007129394816 24.462490112490297
167.41666666666666 25.959168934066284 24.45558625162651
167.91666666666666 25.948401390934926 24.448706358937446
168.41666666666663 25.93767173358767 24.44186508681128
168.91666666666666 25.92699542786685 24.435035290816298
169.41666666666666 25.91645199827882 24.428235650302813
169.91666666666663 25.90586205769421 24.421459843792093
170.41666666666666 25.895417959239282 24.41471571644756
170.91666666666666 25.885010395632353 24.40798518105993
171.41666666666663 25.874628020343565 24.401277994711407
171.91666666666666 25.86431600669352 24.394609056277933
172.41666666666666 25.85408871667546 24.387949194413366
172.91666666666663 25.84393074245952 24.38132773211183
173.41666666666666 25.83380906103658 24.37468373766602
173.91666666666666 25.823729649690886 24.368105144153432
174.41666666666663 25.813736973901612 24.361565297597338
174.91666666666666 25.803786367946643 24.35504445347458
175.41666666666666 25.793925672008207 24.34853357453459
175.91666666666663 25.78409029746986 24.34204939538702
176.41666666666666 25.774297924568415 24.335575197238338
176.91666666666666 25.764596090673606 24.329152398871216
177.41666666666663 25.754931320385882 24.322731425895157
177.91666666666666 25.745337104353055 24.31634596389431
178.41666666666666 25.73579271745677 24.30997817255126
178.91666666666663 25.726299875011264 24.303631631322872
179.41666666666666 25.716875564535503 24.29731940906267
179.91666666666666 25.70748520642684 24.29105346816406
180.41666666666663 25.698176517750003 24.284787432707127
180.91666666666666 25.68887485481543 24.278539570114802
181.41666666666666 25.6796589504564 24.272318693713682
181.91666666666663 25.67049223732497 24.266144679367393
182.41666666666666 25.661379695657963 24.259957428605027
182.91666666666666 25.652336111766864 24.25380786695511
183.41666666666663 25.6433156647528 24.247694225513694
183.91666666666666 25.63435931352096 24.24160288747931
184.41666666666666 25.625447685520545 24.23554213874441
184.91666666666663 25.616609111343646 24.229487151922797
185.41666666666666 25.607811305646763 24.22345835890524
185.91666666666666 25.599048587437274 24.2174744332912
186.41666666666663 25.59032923409859 24.21148486342654
186.91666666666666 25.581662505118558 24.20552302546615
187.41666666666666 25.57304973872524 24.199556973128082
187.91666666666663 25.564396732007918 24.193606117866253
188.41666666666666 25.555828792611525 24.18767276892693
188.91666666666666 25.547301361232172 24.181747067759623
189.41666666666663 25.538761449538242 24.175850603775153
189.91666666666666 25.530315116702567 24.169969424762062
190.41666666666666 25.521870735197293 24.164083253582387
190.91666666666663 25.513466834900584 24.158215568828453
191.41666666666666 25.50508757231667 24.152365693396554
191.91666666666666 25.496750058501668 24.14654200607185
192.41666666666663 25.488451880131763 24.140730871126713
192.91666666666666 25.48018844115755 24.134914902928678
193.41666666666666 25.47193493322908 24.129140031118737
193.91666666666663 25.46374781555485 24.12334717771737
194.41666666666666 25.455578990017326 24.117589346352595
194.91666666666666 25.447445621252207 24.111863554199743
195.41666666666663 25.439340145227195 24.106124219444652
195.91666666666666 25.43126909207381 24.100421013880652
196.41666666666666 25.4232393977196 24.094724927910377
196.91666666666663 25.41522296450374 24.089070600150166
197.41666666666666 25.407281815685007 24.08341562708507
197.91666666666666 25.399359387415366 24.077763943882427
198.41666666666663 25.391455845457394 24.07214160687795
198.91666666666666 25.38358979580647 24.066542569610046
199.41666666666666 25.375772780916172 24.06093770207184
199.91666666666663 25.367991835164915 24.055377639841637
200.41666666666666 25.36022735234257 24.049828072887443
200.91666666666666 25.35248604414757 24.04428682246312
201.41666666666663 25.34479138458568 24.038792545688462
201.91666666666666 25.337176333711202 24.033278222759705
202.41666666666666 25.32951999508373 24.027809773380525
202.91666666666663 25.32193212483194 24.022347951380397
203.41666666666666 25.314405677596596 24.016905224462718
203.91666666666666 25.306867304784646 24.0114762889247
204.41666666666663 25.299359912835424 24.006073155392997
204.91666666666666 25.291929632203022 24.000700424424856
205.41666666666666 25.284515320995027 23.995340665077084
205.91666666666663 25.277122572526064 23.989990435035967
206.41666666666666 25.269778498212073 23.984659394910885
206.91666666666666 25.262428984378865 23.979357421016076
207.41666666666663 25.25515234392916 23.97407919400127
207.91666666666666 25.247901168381198 23.968819005178243
208.41666666666666 25.240689871500486 23.963565674331704
208.91666666666663 25.233511332139713 23.95834033897988
209.41666666666666 25.226329600383078 23.95312455972732
209.91666666666666 25.219237108280716 23.94794980977249
210.41666666666663 25.212126311137087 23.942768548875225
210.91666666666666 25.205083715287643 23.9376415862434
211.41666666666666 25.198062600040867 23.93250180388737
211.91666666666663 25.19106905248777 23.927412546448434
212.41666666666666 25.184114456530917 23.92232663325896
212.91666666666666 25.177162481539938 23.917261958558804
213.41666666666663 25.170275942462816 23.912228117117238
213.91666666666666 25.163423144154162 23.90717758831055
214.41666666666666 25.156598260301287 23.90218612776748
214.91666666666663 25.14979864630672 23.897211305225316
215.41666666666666 25.143032470168553 23.892251593402534
215.91666666666666 25.136284057023648 23.8873103449792
216.41666666666663 25.129595689765072 23.88240957559599
216.91666666666666 25.122932355394788 23.877512854967637
217.41666666666666 25.116287421920894 23.872634228679388
217.91666666666663 25.109689697252676 23.8677825162007
218.41666666666666 25.103104309900623 23.862934976305937
218.91666666666666 25.096557046318217 23.858130430511792
219.41666666666663 25.090065886405313 23.853345203249674
219.91666666666666 25.083561142726953 23.84857502940285
220.41666666666666 25.077109431169706 23.843830635513545
220.91666666666663 25.070723405614107 23.839094411483245
221.41666666666666 25.06429260961262 23.834396885499526
221.91666666666666 25.057955812190073 23.829714703810026
222.41666666666663 25.051619464608113 23.825042225015483
222.91666666666666 25.045345285809564 23.82039974353813
223.41666666666666 25.039043280228526 23.8157701049581
223.91666666666663 25.032781793505062 23.811151496765074
224.41666666666666 25.026535297012515 23.806519430803277
224.91666666666666 25.020303499507044 23.801931417002955
225.41666666666663 25.014111917400193 23.79732086190609
225.91666666666666 25.007951201617935 23.792752528489988
226.41666666666666 25.001795140170028 23.788187075996326
226.91666666666663 24.995663034271875 23.783642951095846
227.41666666666666 24.989533846326403 23.779086816118724
227.91666666666666 24.98344214466368 23.774560188081466
228.41666666666663 24.97738356469138 23.77004684930203
228.91666666666666 24.97131214509497 23.765548217908773
229.41666666666666 24.965311586291786 23.76105543689484
229.91666666666663 24.959298219837827 23.756578389788594
230.41666666666666 24.953312510402363 23.752103714514806
230.91666666666666 24.947327660837782 23.747672214708974
231.41666666666663 24.941398021205092 23.74321431931594
231.91666666666666 24.93547685987751 23.738788919678214
232.41666666666666 24.929578980542857 23.734383019418
232.91666666666666 24.923699459381258 23.729989092811337
233.41666666666666 24.917835757027255 23.72560648109106
233.91666666666666 24.912002504807308 23.721222808804225
234.41666666666666 24.906184779167404 23.716861389635454
234.91666666666666 24.900392728679627 23.71252045981876
235.41666666666666 24.89460858501539 23.708198781971692
235.91666666666666 24.888845012608325 23.703887402550833
236.41666666666666 24.883114357701814 23.699580415870408
236.91666666666666 24.877419930478617 23.695290873139868
237.41666666666666 24.871715312368174 23.691023334003447
237.91666666666666 24.86603632438547 23.686768032963155
238.41666666666666 24.860396748411123 23.682515156667975
238.91666666666666 24.854745879454633 23.678294557447785
239.41666666666666 24.849135523759607 23.674084344910987
239.91666666666666 24.84355576309587 23.669878717074155
240.41666666666666 24.837990560294458 23.665698863395505
240.91666666666666 24.832431090865498 23.66153044444641
241.41666666666666 24.826935091729112 23.65736820761304
241.91666666666666 24.821411819543453 23.653222370474474
242.41666666666666 24.815932363077433 23.649109587864025
242.91666666666666 24.810447280345116 23.645005593693327
243.41666666666666 24.805001312468008 23.640897142327763
243.91666666666666 24.79957433316811 23.636826628504064
244.41666666666666 24.79416176310146 23.632760526349106
244.91666666666666 24.78878878396852 23.628710595347904
245.41666666666666 24.78342678581686 23.62467842207435
245.91666666666666 24.778061945522655 23.6206663281935
246.41666666666666 24.772755361335804 23.61666410541479
246.91666666666666 24.76742374029039 23.612678226626365
247.41666666666666 24.762141537395156 23.60870054500029
247.91666666666666 24.756904226224922 23.60476468569449
248.41666666666666 24.751649870556154 23.600824447781797
248.91666666666666 24.74640669193304 23.596896751270528
249.41666666666666 24.741190307637417 23.592993120541507
249.91666666666666 24.736035460044327 23.589104402163855
250.41666666666666 24.73083879033119 23.585220364618014
250.91666666666666 24.72569952256344 23.581374494717938
251.41666666666666 24.72056602253829 23.577514474422244
251.91666666666666 24.715461273673313 23.573712830864075
252.41666666666666 24.710360848811263 23.569898164332244
252.91666666666666 24.705306605598484 23.566100998716347
253.41666666666666 24.700244199107072 23.562320524270433
253.91666666666666 24.695219641611796 23.558565180498363
254.41666666666666 24.690228318614018 23.55481309338132
254.91666666666666 24.68522735352847 23.55109165420359
255.41666666666666 24.68025599324657 23.547377429505275
255.91666666666666 24.675300911313236 23.54368425041731
256.4166666666667 24.67035695249784 23.53999765908268
256.9166666666667 24.665441757926942 23.536341101017072
257.4166666666667 24.660555671733793 23.53269960923729
257.9166666666667 24.655676206040695 23.529069302735955
258.4166666666667 24.650830025108768 23.52545495907465
258.9166666666667 24.645979345617377 23.52186005765438
259.4166666666667 24.641156982409235 23.51828246070991
259.9166666666667 24.636348586621892 23.51471168584926
260.4166666666667 24.63156185047125 23.511164789361167
260.9166666666667 24.62681013381403 23.50761820088481
261.4166666666667 24.622056945756032 23.504091947642287
261.9166666666667 24.617313592136135 23.500575327362657
262.4166666666667 24.612587865182107 23.497082989393757
262.9166666666667 24.60788704792691 23.493586161905405
263.4166666666667 24.603180847730734 23.490120235576942
263.9166666666667 24.59850983109909 23.48665693005715
264.4166666666667 24.593847356303307 23.48320288851333
264.9166666666667 24.58921142948413 23.47976523818017
265.4166666666667 24.584570505530714 23.47633444794972
265.9166666666667 24.579947818599457 23.472932996118317
266.4166666666667 24.575370210357455 23.469533494404363
266.9166666666667 24.57078185967809 23.466133702688374
267.4166666666667 24.56619283392733 23.46275971566778
267.9166666666667 24.561669488042494 23.459388895210466
268.4166666666667 24.557100293443966 23.456039029306307
268.9166666666667 24.552588615518186 23.452695370357397
269.4166666666667 24.548087284611295 23.44936102335427
269.9166666666667 24.543556572775685 23.446041187007474
270.4166666666667 24.539082120392987 23.442734809975665
270.9166666666667 24.534608996602508 23.439438426616896
271.4166666666667 24.530151404623417 23.43614864176965
