FastTrWP/PhaseSpace/IAs/snIa_0.32_30.00_0.73_-0.02.csv
# %ECSV 0.9
# ---
# datatype:
# - {name: time-rel, datatype: float64}
# - {name: g, datatype: float64}
# - {name: i, datatype: float64}
# schema: astropy-2.0
time-rel g i
[from data line 701]
-89.0 22.822136272481988 22.746089314538075
-88.5 22.821182938970217 22.744894335325505
-88.0 22.82023513203585 22.743694815562282
-87.5 22.81929077661502 22.74251544224235
-87.0 22.818361584969928 22.741338939777766
-86.5 22.817437033393347 22.74016665190533
-86.0 22.816515981417247 22.738999028085907
-85.5 22.81560829076493 22.73783649548035
-85.0 22.814713983799614 22.73668244617359
-84.5 22.813808868294817 22.735520666375656
-84.0 22.81292584581901 22.734382673619614
-83.5 22.812057122529023 22.733245657864106
-83.0 22.811183442477294 22.732101262009778
-82.5 22.810325167221002 22.730971944424336
-82.0 22.809470637695725 22.729855434320882
-81.5 22.808628362708625 22.728734807975847
-81.0 22.807797589083755 22.727622667005253
-80.5 22.806961942159173 22.726519371784683
-80.0 22.806145324327005 22.72541139811388
-79.5 22.805335396254115 22.724318729276174
-79.0 22.80452452503999 22.723230665140534
-78.5 22.803733702424402 22.722146949383234
-78.0 22.802944688464677 22.721067255077728
-77.5 22.80216269764579 22.719991403760886
-77.0 22.801390495682362 22.718923166553505
-76.5 22.80062415116944 22.717852086556828
-76.0 22.799869986320974 22.71679605059663
-75.5 22.799126690405473 22.715743393073478
-75.0 22.79837964589519 22.714692303226236
-74.5 22.797650461418066 22.713655937378743
-74.0 22.796921082643937 22.712613161870784
-73.5 22.796199253662827 22.711582945582233
-73.0 22.795505349985696 22.710554935069553
-72.5 22.794787548616164 22.709526980651415
-72.0 22.79410053252196 22.70851108670398
-71.5 22.793404508640833 22.707495051842287
-71.0 22.792729797158522 22.70649189532314
-70.5 22.7920426936506 22.70548724535668
-70.0 22.791389546924236 22.704493265447052
-69.5 22.790727278359526 22.70349042897541
-69.0 22.790074631080554 22.70251144606084
-68.5 22.78942232562774 22.70152271884497
-68.0 22.788785746590868 22.700536032262633
-67.5 22.788157517671568 22.699562906816077
-67.0 22.78752232858679 22.69859117466208
-66.5 22.78691015799387 22.697627916348985
-66.0 22.78629513703722 22.69666315731554
-65.5 22.785697046301422 22.695710841465253
-65.0 22.785084182354545 22.694760533097707
-64.5 22.784492808443375 22.693805086191855
-64.0 22.783913886069836 22.69285531787443
-63.5 22.78333161614465 22.69192867154745
-63.0 22.782757107950808 22.690984970887808
-62.5 22.78219838614232 22.690053174754738
-62.0 22.781628505598594 22.68913771575611
-61.5 22.781078312600886 22.688212058777214
-61.0 22.780535574410745 22.687297384996864
-60.5 22.779983502278856 22.68638049973768
-60.0 22.779444224421326 22.6854690001785
-59.5 22.778919057353292 22.684553876302857
-59.0 22.778398720160787 22.683653328307905
-58.5 22.777879856151387 22.6827613996439
-58.0 22.777363084241742 22.681863628453634
-57.5 22.776853837854585 22.68097631381452
-57.0 22.7763550913713 22.680087466951967
-56.5 22.775857204260564 22.679212340593466
-56.0 22.775370876107846 22.6783257513074
-55.5 22.774889067351086 22.67744878222681
-55.0 22.774408114527212 22.676579644621924
-54.5 22.773940744094784 22.675720273003765
-54.0 22.7734781699675 22.67484281017184
-53.5 22.773010501523867 22.673996160408695
-53.0 22.77255859336938 22.673130966544388
-52.5 22.772102048638963 22.67227974508217
-52.0 22.77166966296322 22.671431833680558
-51.5 22.771220169707625 22.67058282636039
-51.0 22.770787025947904 22.669746098274466
-50.5 22.770360289018654 22.66890759241353
-50.0 22.769936511513276 22.668073584831046
-49.5 22.769515704556426 22.667229909411134
-49.0 22.769096940700013 22.6664060152695
-48.5 22.768692461861452 22.665592668606894
-48.0 22.768299771997338 22.664770649727757
-47.5 22.76790286722216 22.66396775884598
-47.0 22.767518409778926 22.663146710541877
-46.5 22.7671493434217 22.66234935555925
-46.0 22.76678041701224 22.66154293587375
-45.5 22.766418915910485 22.66074880660359
-45.0 22.766062273378324 22.65996201897183
-44.5 22.765721468843793 22.659173741626795
-44.0 22.765379093924135 22.658392554287907
-43.5 22.765049383760285 22.657616369295567
-43.0 22.764724782784562 22.656847858623593
-42.5 22.764397350328704 22.6560798129295
-42.0 22.76409317478347 22.655323682785205
-41.5 22.76378242138104 22.65456087879745
-41.0 22.76348048943727 22.653804649054393
-40.5 22.76318961905975 22.653057071796376
-40.0 22.762899036572804 22.65230521392064
-39.5 22.76262051173605 22.65156878416283
-39.0 22.762343191687894 22.650822460783893
-38.5 22.76207331980682 22.65009159987404
-38.0 22.761813765380772 22.64935513245976
-37.5 22.76155508794193 22.648630739279973
-37.0 22.761299284288125 22.647904735320683
-36.5 22.761053471687987 22.647183513275987
-36.0 22.760817080008447 22.64646771523061
-35.5 22.76058190373892 22.645743855676265
-35.0 22.76034462827169 22.645034994937802
-34.5 22.760120066265085 22.644331159609955
-34.0 22.75990514072534 22.643629352178316
-33.5 22.759677220183285 22.642925298174443
-33.0 22.75947203915831 22.64222635748792
-32.5 22.759262498755092 22.641529361099295
-32.0 22.759058291582342 22.64084197659715
-31.5 22.758857256509412 22.64015217513496
-31.0 22.758670533574126 22.639460224063498
-30.5 22.758467927337215 22.63877772117468
-30.0 22.75829279515491 22.638096588935852
-29.5 22.75809905928236 22.637416780569303
-29.0 22.75792450969538 22.636740686211194
-28.5 22.757751950340644 22.636063922133562
-28.0 22.75757493341103 22.63539008480112
-27.5 22.757407658850486 22.634722218148315
-27.0 22.75724374328117 22.634059886981955
-26.5 22.757087993193423 22.63339404303561
-26.0 22.756935006710613 22.63273572989149
-25.5 22.756778780883447 22.63206696561631
-25.0 22.75661601855868 22.631418829643557
-24.5 22.75647348609063 22.630754793344302
-24.0 22.756327967584888 22.630102227745642
-23.5 22.756177201235126 22.62944487442317
-23.0 22.75603358249986 22.628794379423795
-22.5 22.75590069880659 22.628145985821572
-22.0 22.75576374973884 22.627503937919954
-21.5 22.755626925921753 22.62685869627916
-21.0 22.7554994601803 22.626208315585544
-20.5 22.75536035880281 22.625573608089255
-20.0 22.755247121496627 22.624926913253486
-19.5 22.755117717762054 22.624292641601794
-19.0 22.754993069280967 22.62364520434644
-18.5 22.7548701988523 22.623010044969
-18.0 22.754746412881065 22.622383187338762
-17.5 22.75462463331486 22.621742312961445
-17.0 22.754503698763497 22.621103322182783
-16.5 22.754394741408248 22.620468420823073
-16.0 22.754277416876143 22.61984309262248
-15.5 22.75417632589474 22.619216379999727
-15.0 22.7540829773683 22.618590421670994
-14.5 22.753966219494885 22.6179658962215
-14.0 22.753863217784144 22.617344847360023
-13.5 22.753774241506445 22.616725358636018
-13.0 22.753683766268423 22.616109613372018
-12.5 22.75359190691228 22.615490769868178
-12.0 22.75350973929307 22.61488385393127
-11.5 22.75341887553843 22.61427131205626
-11.0 22.753342867348117 22.61366225310402
-10.5 22.753269206117448 22.61305536834998
-10.0 22.75319327629675 22.612446283109016
-9.5 22.75312323167098 22.611854271878777
-9.0 22.75305960055406 22.61124603047304
-8.5 22.75299519130245 22.61064474111764
-8.0 22.752933258478407 22.61005883801173
-7.5 22.752886040409336 22.60945900911992
-7.0 22.752828325550524 22.608863021693054
-6.5 22.75278656380634 22.60828202733685
-6.0 22.752731269032136 22.607687984490553
-5.5 22.752696698594853 22.607103521417542
-5.0 22.752657707266998 22.606514763207002
-4.5 22.752622852223436 22.60593408613844
-4.0 22.752581678288234 22.605356270223066
-3.5 22.752567552947873 22.60478286146265
-3.0 22.75253475602046 22.60420583592183
-2.5 22.752521367925844 22.60364004619237
-2.0 22.752495642248075 22.60306960718582
-1.5 22.752489169632607 22.602502003830935
-1.0 22.752475615026533 22.601938820134762
-0.5 22.752470481300612 22.601376228842728
0.0 22.75246474429572 22.600823736425106
0.5 22.75246841136029 22.60025444194058
1.0 22.752475191304875 22.599699169362083
1.5 22.752482618712357 22.59914676547116
2.0 22.752500633384255 22.598593904795365
2.5 22.752510240774523 22.59805268225163
3.0 22.752525570462634 22.597502360385402
3.5 22.752552949767008 22.59696227780493
4.0 22.752572935980375 22.59641972807298
4.5 22.752610701839178 22.595878976497485
5.0 22.752640242439305 22.595340421962774
5.5 22.752682602434863 22.594807636509753
6.0 22.752719622479155 22.5942778406228
6.5 22.752764265090143 22.593744678502198
7.0 22.752808894906707 22.59322055857316
7.5 22.75287030509063 22.592696518639475
8.0 22.752922538171063 22.59217366724583
8.5 22.752982463083814 22.591649110935016
9.0 22.753054544824565 22.59113888650286
9.5 22.753119794413408 22.5906135467331
10.0 22.753188591562427 22.590108839870307
10.5 22.75326173472439 22.58960180813693
11.0 22.753350504083105 22.589082557166233
11.5 22.75342991349566 22.588585155580514
12.0 22.753510101484224 22.58807739206179
12.5 22.75361083929679 22.58758139385072
13.0 22.753701320274452 22.58708746191146
13.5 22.753804339569676 22.586597025808715
14.0 22.753915900866446 22.58610145128999
14.5 22.75401876347726 22.585609712669864
15.0 22.754127501411702 22.585124308840903
15.5 22.75424118483982 22.58464016901899
16.0 22.754359700373115 22.58415380071198
16.5 22.754492274463818 22.583678770078002
17.0 22.754615538871292 22.583193485896565
17.5 22.754739154467423 22.582720159624728
18.0 22.754870761909988 22.58223756374712
18.5 22.75501285472439 22.58176999591235
19.0 22.755153204195672 22.581304320922285
19.5 22.755292904177526 22.580833011337788
20.0 22.75544077923407 22.580359656895574
20.5 22.755596200683676 22.579898228411196
21.0 22.7557599255459 22.57944287127089
21.5 22.75591953743603 22.578979475631865
22.0 22.756074851668792 22.578521180648625
22.5 22.756243839050462 22.578067923922177
23.0 22.756410908926593 22.577612699876116
23.5 22.75658169610926 22.57716104428694
24.0 22.756761722513197 22.57671756362464
24.5 22.75694455229425 22.576270071143703
25.0 22.75711948755434 22.575830003678416
25.5 22.75732209578925 22.57538836733124
26.0 22.757514969943195 22.574951167462103
26.5 22.7577115565418 22.574512370868845
27.0 22.75790489786498 22.574076819361395
27.5 22.75811450280893 22.573639813712695
28.0 22.758320168868543 22.573210501914097
28.5 22.75853578864236 22.572778268167994
29.0 22.758745530737244 22.57235252639232
29.5 22.758970558713607 22.57193269696311
30.0 22.759194140536366 22.57151189606647
30.5 22.75941861629697 22.571093628599392
31.0 22.75965392215931 22.57067440370033
31.5 22.759877141988788 22.570262555497933
32.0 22.760123891891745 22.569847204739844
32.5 22.76036077518974 22.56944505783856
33.0 22.76061541015141 22.569034977299026
33.5 22.76086459415652 22.568622160768985
34.0 22.761117517376846 22.568238658045196
34.5 22.761375391050688 22.567829829071
35.0 22.76163960318364 22.567432386429303
35.5 22.761908337289157 22.567035665654217
36.0 22.762179889168713 22.566639278623786
36.5 22.762448667690954 22.566241167502454
37.0 22.762725635901873 22.565865510288386
37.5 22.76301082112697 22.565473890691507
38.0 22.763307879268503 22.565088195461502
38.5 22.763590349189723 22.56471715252699
39.0 22.7638832827212 22.564342192490567
39.5 22.76418685087862 22.563956778471447
40.0 22.76449033116977 22.563582048399628
40.5 22.764799903512078 22.56321735352413
41.0 22.765111518517067 22.56284632879991
41.5 22.765423008830187 22.56247690907783
42.0 22.765748332291885 22.56211739310261
42.5 22.766064181469584 22.561762859547898
43.0 22.766393418544382 22.56140470654344
43.5 22.766723143374897 22.56104706210785
44.0 22.76706077080739 22.560692399626486
44.5 22.767398535946427 22.560338524016824
45.0 22.767751833606205 22.5599911249506
45.5 22.76809359302782 22.559645653215536
46.0 22.768443852086286 22.559299436337366
46.5 22.76881408731587 22.55895888762556
47.0 22.76917929788619 22.55862476672599
47.5 22.769539774402595 22.558288382202633
48.0 22.76991146253538 22.557953424795457
48.5 22.770293823063867 22.55762257780272
49.0 22.770677201222615 22.557291041731673
49.5 22.771069795322912 22.556970275853537
50.0 22.771462723662793 22.55664476584063
50.5 22.771853705338764 22.556321844619042
51.0 22.772261253203276 22.55599989508753
51.5 22.772676154754876 22.555687256634435
52.0 22.773085848282356 22.555367967033177
52.5 22.77350274079206 22.555051441562494
53.0 22.77392848254838 22.554744678550204
53.5 22.774356269015264 22.55443666081295
54.0 22.774784548430006 22.554134949888464
54.5 22.77522583418888 22.553825230813693
55.0 22.775664855863656 22.553524551072357
55.5 22.7761083482744 22.553219709401677
56.0 22.776561784177005 22.55292552065788
56.5 22.77701607617282 22.552630910034534
57.0 22.777471055189366 22.55233805697459
57.5 22.77793388061241 22.55205326502054
58.0 22.778402078809332 22.551766946953073
58.5 22.77886678149308 22.551473246841688
59.0 22.779345543338067 22.5511887299988
59.5 22.779828337185847 22.55091837430004
60.0 22.780313167423834 22.550630833955324
60.5 22.78078961332122 22.550356972934196
61.0 22.781284938278105 22.550087015728817
61.5 22.781776644569014 22.54982152004786
62.0 22.782280783309616 22.549551545789363
62.5 22.782775280322603 22.549280918541214
63.0 22.783287939161383 22.54901383207786
63.5 22.783794106250653 22.548753264101975
64.0 22.78430893417433 22.548498295381343
64.5 22.784818124656244 22.548233996309772
65.0 22.785329844798653 22.547982862054504
65.5 22.78585905027798 22.547730394729758
66.0 22.786383337194604 22.547483820526878
66.5 22.786900695023956 22.547231230457953
67.0 22.787434197765215 22.546983923526447
67.5 22.787961787317418 22.54673830853394
68.0 22.788508548643943 22.546506051722503
68.5 22.78904767554514 22.546263720837562
69.0 22.789596496021808 22.546022353552885
69.5 22.790139351849025 22.54579309923644
70.0 22.790686050708054 22.545560817911397
70.5 22.79124050240934 22.545325886426618
71.0 22.79178913913691 22.545095366883913
71.5 22.792338890493614 22.54488450583526
72.0 22.792901561189524 22.544655562529577
72.5 22.79345935185348 22.54444028191292
73.0 22.794019907592904 22.544216906170924
73.5 22.79459045573761 22.54400517935514
74.0 22.795160915286075 22.543787989903883
74.5 22.795730574677705 22.543582770882175
75.0 22.79629779650262 22.543375350694184
75.5 22.796874452424003 22.543165742619337
76.0 22.797441619872632 22.542961025898933
76.5 22.798016939961773 22.542759611096894
77.0 22.798605139642852 22.54256855396852
77.5 22.79918446651785 22.542368901155502
78.0 22.799766924846292 22.54217710697715
78.5 22.800351226502322 22.54198752156356
79.0 22.800946556441012 22.541797767542068
79.5 22.8015340058216 22.541611201846745
80.0 22.802135133855845 22.541427925707893
80.5 22.802736911481453 22.54124047598819
81.0 22.80334292938832 22.541061985211456
81.5 22.803950790078904 22.540894646547564
82.0 22.80456274468343 22.540709813530064
82.5 22.80518253956923 22.54054260994621
83.0 22.80580867730967 22.540368699049992
83.5 22.806434572414812 22.54020610004862
84.0 22.807052396037516 22.540035724477185
84.5 22.807681232858286 22.539872624739374
85.0 22.808322384211944 22.53971413090825
85.5 22.808960764071784 22.539552999335577
86.0 22.80960132194143 22.539397816057466
86.5 22.810243574225048 22.5392421399078
87.0 22.810895189108567 22.53909117697927
87.5 22.811549457645476 22.538945885700613
88.0 22.812197907286873 22.53879105145819
88.5 22.812863638377006 22.538649777967805
89.0 22.813524013715604 22.538506391807374
89.5 22.814198601706764 22.53837199385466
90.0 22.814852346426214 22.538227990323403
90.5 22.81552503152881 22.538093493172553
91.0 22.816197552295687 22.537962866927195
91.5 22.816876333653223 22.537834813063625
92.0 22.817549013631847 22.53769685082706
92.5 22.81823951086804 22.537579159098946
93.0 22.81893584776207 22.537450081491976
93.5 22.819613878074833 22.537319478861907
94.0 22.820305373861117 22.537209200874543
94.5 22.820993716552728 22.537088786847082
95.0 22.821690609246428 22.53698182727614
95.5 22.822397207973708 22.536866178377707
96.0 22.823094547121375 22.53675120642784
96.5 22.823792443110218 22.536648274741083
97.0 22.8245018725924 22.53653898859705
97.5 22.825210226781092 22.536429830343252
