FastTrWP/PhaseSpace/IAs/snIa_0.41_30.00_0.92_0.24.csv
# %ECSV 0.9
# ---
# datatype:
# - {name: time-rel, datatype: float64}
# - {name: g, datatype: float64}
# - {name: i, datatype: float64}
# schema: astropy-2.0
time-rel g i
[from data line 691]
522.25 23.466755399594923 22.307433248591984
522.75 23.46604896235991 22.306327007410715
523.25 23.465349197449726 22.30522325698688
523.75 23.464668446090812 22.30411514974928
524.25 23.46399480206784 22.303027784392597
524.75 23.463313619785936 22.301924735560217
525.25 23.462650688227342 22.30084088568189
525.75 23.461997269433738 22.29975398707144
526.25 23.461342150570115 22.29867886396996
526.75 23.46070440408445 22.297607541617683
527.25 23.460062851761485 22.296527280900577
527.75 23.459444740780604 22.29546645925588
528.25 23.45881412826791 22.294399554750566
528.75 23.45819432661392 22.293342314974232
529.25 23.45761131151679 22.29228997644774
529.75 23.457000454999502 22.29124072693081
530.25 23.456416198849517 22.290188863136922
530.75 23.455828926850035 22.289156591197457
531.25 23.455253707844527 22.288108850710067
531.75 23.45468283505328 22.287072091207104
532.25 23.45413379453474 22.286039337843935
532.75 23.45356408042622 22.28501372487729
533.25 23.453020406202356 22.2839912924935
533.75 23.45247802836644 22.282978545818366
534.25 23.45194218479182 22.281968887315582
534.75 23.451408062027927 22.280950745687882
535.25 23.450902042099333 22.2799364697239
535.75 23.450379992373076 22.278937340684017
536.25 23.44987004694698 22.27794124029854
536.75 23.44936847468958 22.276943394063025
537.25 23.448879234889755 22.275950684941918
537.75 23.448386138480565 22.274963435208548
538.25 23.447911245878984 22.27397958173347
538.75 23.44742985157597 22.273001814152522
539.25 23.44695938901301 22.272018637451833
539.75 23.446510688469267 22.271048877506033
540.25 23.446042552015594 22.270080603938087
540.75 23.445595645021097 22.26911486148653
541.25 23.445156198032215 22.268158469999896
541.75 23.44472601586969 22.267195747050398
542.25 23.444287739057682 22.266246972326428
542.75 23.443861616348194 22.2652955701693
543.25 23.443448988588106 22.2643473420373
543.75 23.443038521313216 22.263404890138908
544.25 23.442632714516897 22.26246382730929
544.75 23.442240632207124 22.261532626958747
545.25 23.44183254393875 22.26060017064654
545.75 23.44145643093973 22.25967197597498
546.25 23.44106287865058 22.258740488776773
546.75 23.44068859188162 22.25783210212419
547.25 23.440311360191913 22.25691436630396
547.75 23.43996123614515 22.256001058066197
548.25 23.43959491308906 22.255085920970895
548.75 23.43924095105074 22.254184496713915
549.25 23.438898753611937 22.253278000925036
549.75 23.438553353765002 22.252382607137942
550.25 23.438221138870404 22.251491761689152
550.75 23.4378814848571 22.250596120887035
551.25 23.437548449503915 22.249711373884217
551.75 23.43723197289368 22.248824082835412
552.25 23.43692133136509 22.24794405713868
552.75 23.43661459435646 22.247068404398025
553.25 23.436305470015313 22.24619771950411
553.75 23.436018608305282 22.245322060244458
554.25 23.435719249267773 22.24445613002835
554.75 23.435418285388717 22.2436020364049
555.25 23.435141968239712 22.242742571059164
555.75 23.434861127947485 22.24187973051322
556.25 23.434593062974557 22.241031049007525
556.75 23.434324367019293 22.240180674113702
557.25 23.43405167000446 22.23933465475572
557.75 23.433800882177593 22.238491843401107
558.25 23.43354531353728 22.237656257568833
558.75 23.43329386271066 22.23682277682265
559.25 23.433048579085437 22.235998096885105
559.75 23.43281697128905 22.23516186938582
560.25 23.432581979161377 22.234340758520048
560.75 23.432361339719144 22.23351804303592
561.25 23.43214391690671 22.232702105637006
561.75 23.431940509352557 22.231893049952177
562.25 23.431737464220433 22.231082377783267
562.75 23.431536514302337 22.230273361581155
563.25 23.431343821686887 22.229475095496536
563.75 23.431175559050654 22.228674033861843
564.25 23.430995392150024 22.227881898186403
564.75 23.430827574577005 22.227092102154614
565.25 23.43066848506018 22.226301595435118
565.75 23.430511599049915 22.225519119302987
566.25 23.430354289526207 22.224741469609654
566.75 23.43021029374661 22.223959701333822
567.25 23.430084375928768 22.223186673701555
567.75 23.42995132373797 22.222414479406417
568.25 23.42983366891471 22.221653040986666
568.75 23.4297168042771 22.220891849510927
569.25 23.42960667241033 22.220131879519226
569.75 23.429497605467947 22.219371249784587
570.25 23.42939141487573 22.21861906117049
570.75 23.429300625171447 22.217869452154957
571.25 23.429218306676006 22.21712718610668
571.75 23.42910811861416 22.216381126469944
572.25 23.429050554303025 22.21564238734658
572.75 23.428981768507143 22.214903463723893
573.25 23.42890717345839 22.21416979783079
573.75 23.428854103992947 22.213439960885015
574.25 23.42879971113945 22.21271347154705
574.75 23.42873564533935 22.211993111026004
575.25 23.42869256090021 22.211264694671886
575.75 23.42864631140594 22.21055393669404
576.25 23.428616388250568 22.20983405957407
576.75 23.428571415239922 22.209131000761964
577.25 23.42854857266651 22.208413440865936
577.75 23.42851062345195 22.20771036646652
578.25 23.428490878514282 22.207013719356286
578.75 23.428475982537066 22.20630679161049
579.25 23.428467156920092 22.205613423101013
579.75 23.428452369106864 22.204920263569583
580.25 23.42845454664699 22.204231636274365
580.75 23.428443536948166 22.203538987056763
581.25 23.428449405289243 22.202860589562068
581.75 23.42845431233698 22.202179523536213
582.25 23.428473726237353 22.20150034821179
582.75 23.428471706125205 22.20082507796772
583.25 23.42848817197787 22.200151256587205
583.75 23.42851449043045 22.199475823174364
584.25 23.428524290181283 22.198811523088665
584.75 23.428558641693535 22.198145160884216
585.25 23.428573594701064 22.197482212038842
585.75 23.428609660084163 22.196826037000577
586.25 23.42864851467386 22.1961766918933
586.75 23.42867345922898 22.195518257161567
587.25 23.42870618634254 22.19486098717595
587.75 23.428762077768223 22.194213673658677
588.25 23.42880037453606 22.193572445818624
588.75 23.428851947173257 22.19292133701365
589.25 23.42888237924725 22.192286820660485
589.75 23.428944823106853 22.191644013464213
590.25 23.428991575098507 22.19101185068127
590.75 23.429045087394584 22.190383349570343
591.25 23.429111193705182 22.18974977545517
591.75 23.42916607859211 22.189125173666092
592.25 23.429220399765377 22.18849141149289
592.75 23.42928572788913 22.18787381267701
593.25 23.429351224483174 22.187251081092466
593.75 23.42940379066929 22.186634064513097
594.25 23.42947221598578 22.18601714371101
594.75 23.429530108474033 22.185403802376136
595.25 23.429615085490404 22.184791248262755
595.75 23.429697972473416 22.18418491757309
596.25 23.429776742728365 22.183577112293193
596.75 23.429849231265738 22.182975277728275
597.25 23.429937931416834 22.1823738209533
597.75 23.43004438359976 22.181779845891633
598.25 23.430131335057574 22.181187192136452
598.75 23.430220327832888 22.180592044346646
599.25 23.430315709842834 22.179996489511087
599.75 23.43041983141926 22.179407836026076
600.25 23.43053674220144 22.178830289426898
600.75 23.430637730600615 22.178243306763793
601.25 23.4307514831115 22.177662131255808
601.75 23.430869139653417 22.177087121509615
602.25 23.430989760438123 22.17650810678197
602.75 23.43112000017055 22.175937581509245
603.25 23.43124238040439 22.17537029832458
603.75 23.431369839975723 22.174804586866475
604.25 23.431514317594385 22.17423866956657
604.75 23.431632933601236 22.173674032208112
605.25 23.431785268460747 22.17310707506553
605.75 23.431920141111252 22.172555079391834
606.25 23.43206933090495 22.172008732439355
606.75 23.43221954918365 22.17145169481157
607.25 23.432382725924356 22.170905380713624
607.75 23.432536260178217 22.17035823894307
608.25 23.43269439603492 22.1698159916717
608.75 23.432864563734007 22.16927625868058
609.25 23.43301723042366 22.168742370293035
609.75 23.433208159598962 22.168203350888124
610.25 23.43337832492128 22.16767830723734
610.75 23.43355474543553 22.167142662354724
611.25 23.43375169435394 22.166622966293318
611.75 23.433922737556813 22.166098246747595
612.25 23.43411746374454 22.165575641605336
612.75 23.434300022744342 22.1650522538313
613.25 23.434498412017838 22.164541319802158
613.75 23.434712155800682 22.16403156624182
614.25 23.434918080857933 22.163510504172706
614.75 23.43512018587787 22.163013214770594
615.25 23.435324504914206 22.16250582824742
615.75 23.435550422245225 22.162005904366218
616.25 23.43576965085378 22.161506915838757
616.75 23.435982746725976 22.161009500788186
617.25 23.436217030407107 22.160516138954208
617.75 23.436450656049995 22.160032315499045
618.25 23.436689859479607 22.15954550009373
618.75 23.43691726788892 22.159063421235988
619.25 23.437167804295132 22.15858351543433
619.75 23.437402730772327 22.15809985652055
620.25 23.437656423471417 22.157625715847654
620.75 23.43791397960885 22.157155437740442
621.25 23.438164458659084 22.15668567280064
621.75 23.438424216438122 22.156224095818402
622.25 23.438702584133154 22.155765293905798
622.75 23.43896393415929 22.155296141255466
623.25 23.43923924005182 22.15484532072013
623.75 23.439510805864266 22.15438723349309
624.25 23.439787091928963 22.153935756781355
624.75 23.440078512989082 22.153487122744
625.25 23.440381016323343 22.153045015486967
625.75 23.44066634866215 22.152602942785474
626.25 23.44096268572622 22.152162864139214
626.75 23.441264733761354 22.15172683335119
627.25 23.44156278491656 22.15129628233011
627.75 23.441879890330174 22.150868528794657
628.25 23.442193080306595 22.150429790827424
628.75 23.442513288894162 22.150013654778846
629.25 23.442828582161685 22.149591582905405
629.75 23.443159373065857 22.1491718161923
630.25 23.44348626222422 22.148751765568978
630.75 23.44380613969003 22.148338408075663
631.25 23.444140380537956 22.14792901227539
631.75 23.4444911036635 22.14751722752787
632.25 23.444822307958745 22.147112880909052
632.75 23.445170409796695 22.14670658904837
633.25 23.445525587703912 22.146308828807584
633.75 23.445883466183375 22.14591149524432
634.25 23.44623110956079 22.14551242985258
634.75 23.446599844599767 22.145120904258967
635.25 23.446962952173184 22.14472694095113
635.75 23.44732699663354 22.144339860304
636.25 23.447714839095973 22.14395296511705
636.75 23.448083794618597 22.1435716933674
637.25 23.448462815556624 22.143196841645207
637.75 23.44883359081644 22.142817616427696
638.25 23.449232356210285 22.14244423871641
638.75 23.449628819720452 22.142070298565756
639.25 23.450020838345758 22.14169682398964
639.75 23.450421321406807 22.14133600376412
640.25 23.450830524491856 22.14097199620568
640.75 23.451229930594163 22.140611833714804
641.25 23.45164365483764 22.140255267573533
641.75 23.452061916904196 22.139901351698693
642.25 23.452475725850963 22.139544516162047
642.75 23.452905040189922 22.1391962958134
643.25 23.45333120536855 22.138845971083157
643.75 23.453763092008046 22.138506107022472
644.25 23.45420735585526 22.1381643680002
644.75 23.45463999547064 22.137825321777758
645.25 23.455085640771273 22.137488966213365
645.75 23.45553513314497 22.1371595309652
646.25 23.45598231024308 22.136830276919355
646.75 23.456431578697693 22.136502368025546
647.25 23.45690590418371 22.136176716923845
647.75 23.457364502897047 22.13585755173162
648.25 23.45783119664821 22.13553672176782
648.75 23.45830305305739 22.135220126402313
649.25 23.458780079135487 22.13490868593837
649.75 23.459258589887185 22.134602648255687
650.25 23.45974202151978 22.134293840282133
650.75 23.460226793002672 22.133981085947262
651.25 23.460723002834833 22.13368574363669
651.75 23.461220604389943 22.133388780219704
652.25 23.461727710296977 22.13309091976303
652.75 23.462226804245656 22.13279838705094
653.25 23.4627427310763 22.132507651714274
653.75 23.463262387536815 22.132223152298643
654.25 23.463776124108414 22.13193714730447
654.75 23.464284537872594 22.13165704807023
655.25 23.46482340722376 22.131382883729763
655.75 23.465342310034277 22.131106380200766
656.25 23.465884118435287 22.13083143283104
656.75 23.466437558621642 22.13056480388498
657.25 23.466970855288114 22.130298276624426
657.75 23.467522082820636 22.130037233798152
658.25 23.46807542623707 22.129778179708705
658.75 23.468627529803115 22.1295202435506
659.25 23.469184883318444 22.129265530596033
659.75 23.469759086058378 22.12901827767514
660.25 23.470326001888296 22.128772525111145
660.75 23.470908982692738 22.128518817183167
661.25 23.47147521564459 22.128286243965846
661.75 23.4720586346112 22.12804324490007
662.25 23.472646049573186 22.127811863231585
662.75 23.473240925965428 22.127576445522514
663.25 23.47385494037376 22.127348997431536
663.75 23.474468860569168 22.127127167180664
664.25 23.47508427182927 22.126902807901637
664.75 23.47570167748929 22.12668734209066
665.25 23.476328347480298 22.126478184121723
665.75 23.476963021999346 22.126263055254096
666.25 23.477607668124605 22.126056522186026
666.75 23.478246060987544 22.125856122997355
667.25 23.478884053604197 22.125647484503645
667.75 23.479543529542877 22.125458750709107
668.25 23.48019959005111 22.125255694658893
668.75 23.480867631789728 22.125068237114544
669.25 23.481536474431262 22.124886814646448
669.75 23.482217920297224 22.12469549344887
670.25 23.482901166921863 22.124513047848197
670.75 23.483581814939658 22.124328689447044
671.25 23.484272355888585 22.12415443050226
671.75 23.48496239383493 22.123983468881747
672.25 23.48566383732528 22.12381500042874
672.75 23.486367078784095 22.12364514907182
673.25 23.48707115008454 22.123481542635005
673.75 23.487784232801417 22.123314339401396
674.25 23.488499500545753 22.1231665976917
674.75 23.489213251887872 22.12299907619016
675.25 23.489942919776343 22.12284650853512
675.75 23.49066947857413 22.12269964419841
676.25 23.49138876425232 22.122550138322275
676.75 23.492148469984784 22.122402909480506
677.25 23.492873294602493 22.122255391723847
677.75 23.49362621553147 22.122116911950755
678.25 23.494361970952635 22.121972679079644
678.75 23.495115270088966 22.121838638241712
679.25 23.495861209655786 22.121701291114306
679.75 23.4966239562463 22.121572600515613
680.25 23.49738229563338 22.121437580697368
680.75 23.498144179380326 22.12131007725912
681.25 23.498915022865468 22.121179582971394
681.75 23.49968474640711 22.12105788777491
682.25 23.500455979456824 22.120935580785556
682.75 23.501229122086933 22.12081319920341
683.25 23.50200331450427 22.12070005877656
683.75 23.50278037508702 22.12058481252447
684.25 23.503554819923913 22.120470430602385
684.75 23.504333583154967 22.120360626995392
685.25 23.505128069955337 22.1202497735459
685.75 23.50591316524308 22.120140832580567
686.25 23.506704462910374 22.120035047478858
686.75 23.507494315668126 22.119924838670467
687.25 23.508281735525994 22.11982832528904
687.75 23.50908980092616 22.119725532520484
688.25 23.509886998430222 22.119625296234183
688.75 23.510678411804204 22.11952417859385
689.25 23.51147739334223 22.119427841653668
689.75 23.512293926477433 22.119329814826344
690.25 23.513095657331963 22.119244307882667
690.75 23.513888457376066 22.119146226828782
691.25 23.51469223339948 22.119057473042837
691.75 23.515502291739207 22.118968599046084
692.25 23.516299626000922 22.118881239953122
692.75 23.517119692535093 22.118796825820013
693.25 23.517922458264316 22.118702637566507
693.75 23.518738549322855 22.118623027122595
694.25 23.519545640338325 22.118540739118977
