FastTrWP/PhaseSpace/IAs/snIa_0.63_30.00_1.59_0.01.csv
# %ECSV 0.9
# ---
# datatype:
# - {name: time-rel, datatype: float64}
# - {name: g, datatype: float64}
# - {name: i, datatype: float64}
# schema: astropy-2.0
time-rel g i
[from data line 2086]
1097.25 25.278828251208534 22.596577407529782
1097.75 25.280203431337366 22.597381935824288
1098.25 25.281583875087787 22.59818180370434
1098.75 25.282946835990863 22.59898814820349
1099.25 25.28431043885462 22.599802584637896
1099.75 25.28564911597252 22.600615303345492
1100.25 25.287011575572727 22.60142369045289
1100.75 25.28831551929786 22.602239497637914
1101.25 25.289637775368483 22.60305115414365
1101.75 25.29095263400929 22.603867739627397
1102.25 25.29223687768605 22.604679424873638
1102.75 25.293517172850443 22.605499134636553
1103.25 25.29480241828804 22.60631816150333
1103.75 25.296072298570913 22.607134941144523
1104.25 25.29735860836325 22.607942947574177
1104.75 25.298581090805374 22.608767466929123
1105.25 25.299810356690887 22.609583166443326
1105.75 25.301063442529497 22.610411761595728
1106.25 25.302239020265255 22.611233784157555
1106.75 25.303474682005902 22.612048026534946
1107.25 25.3046891359311 22.612884096533037
1107.75 25.30585004631931 22.61369998698848
1108.25 25.30702304626969 22.614539725000743
1108.75 25.308203601392748 22.615365752434595
1109.25 25.309371461989357 22.61618477171303
1109.75 25.31049490438981 22.617021111040295
1110.25 25.31163674241467 22.617846067655734
1110.75 25.312756113387863 22.618686249481907
1111.25 25.313892477467927 22.619518896792314
1111.75 25.314993874883104 22.620350738883648
1112.25 25.316082537577383 22.621181562066027
1112.75 25.317180331929684 22.622017001985206
1113.25 25.31825468903023 22.622861116515523
1113.75 25.319316870737136 22.623697711754044
1114.25 25.32035582872286 22.624539329335835
1114.75 25.321390138700274 22.625365197209902
1115.25 25.32243107257991 22.62621477814561
1115.75 25.323443751744644 22.627057302877326
1116.25 25.324480703834737 22.627897619325424
1116.75 25.32546236163714 22.628748302520258
1117.25 25.326448044587544 22.629599286600516
1117.75 25.327421127622646 22.630434048269123
1118.25 25.328381240280248 22.631289202601366
1118.75 25.329360793118045 22.63213505162449
1119.25 25.33029762555486 22.63298143391268
1119.75 25.331214052814396 22.633832048668054
1120.25 25.3321787460272 22.634686779355555
1120.75 25.333057974361765 22.63554177418286
1121.25 25.333956215906355 22.63639644837671
1121.75 25.334848783484325 22.637251988682266
1122.25 25.33573494155783 22.638111038841707
1122.75 25.336588888936078 22.63896379510743
1123.25 25.337472579233122 22.63982319520286
1123.75 25.338324230641604 22.640685054504996
1124.25 25.33914807944461 22.64154533795431
1124.75 25.339958492797994 22.642407093799072
1125.25 25.340784520998582 22.64327163865115
1125.75 25.341618729560217 22.644134267918016
1126.25 25.342386949957355 22.645000575098308
1126.75 25.343161080205068 22.645866179915487
1127.25 25.3439399224445 22.646739123271193
1127.75 25.34469052929682 22.64760980633738
1128.25 25.34543031309986 22.648477630928433
1128.75 25.34616179895558 22.649350351511405
1129.25 25.346878154018455 22.65022957156645
1129.75 25.347584412215486 22.65109469822828
1130.25 25.348234458307154 22.651974841530453
1130.75 25.34891570115594 22.65284960813616
1131.25 25.34959275651001 22.653733009009382
1131.75 25.350227226131572 22.654602406687022
1132.25 25.35084738625809 22.655493415556105
1132.75 25.35148608017545 22.656373015463494
1133.25 25.352084178229582 22.657252090562928
1133.75 25.352693763451427 22.658138947371263
1134.25 25.353266388473866 22.65902093591093
1134.75 25.353831508714112 22.659904166623967
1135.25 25.35439310472193 22.660802779944646
1135.75 25.354958087260876 22.66167705100804
1136.25 25.355476082715967 22.66257256859096
1136.75 25.356006787765494 22.663464408150126
1137.25 25.3565105245966 22.664353321693632
1137.75 25.357005257677322 22.665252935554218
1138.25 25.357485376253074 22.666151084750346
1138.75 25.357937794804137 22.667033032597548
1139.25 25.358413539454666 22.667933534772835
1139.75 25.358862157388266 22.668839298428516
1140.25 25.359302416790193 22.669739614636597
1140.75 25.359766970483868 22.670637147761788
1141.25 25.36013279220688 22.671538364526363
1141.75 25.36054956203501 22.67243944582292
1142.25 25.360959834016164 22.67333822594114
1142.75 25.36131500080822 22.67425089237394
1143.25 25.361667853911722 22.675154406346564
1143.75 25.362036746226583 22.676058303869624
1144.25 25.36237966243426 22.676976497969324
1144.75 25.36270308897498 22.67788056074869
1145.25 25.363050233346417 22.678791299683336
1145.75 25.36336827021209 22.679698000051335
1146.25 25.36362777003493 22.680610381318246
1146.75 25.36395768678226 22.681526983125025
1147.25 25.36423176038442 22.682441879928273
1147.75 25.364518493358798 22.683363318114008
1148.25 25.36476545009596 22.68427607294416
1148.75 25.365001874930904 22.685193226377258
1149.25 25.36524250776583 22.686115680686708
1149.75 25.365481385972323 22.687031457888107
1150.25 25.365690324176864 22.6879585529019
1150.75 25.365923617895344 22.688880017201008
1151.25 25.366114762794293 22.689803438674986
1151.75 25.366298079381696 22.690726257717575
1152.25 25.36649779757048 22.691655550314202
1152.75 25.366663236843067 22.692591909850442
1153.25 25.366803909674562 22.693515854459573
1153.75 25.366960487895646 22.694450844946314
1154.25 25.36709965567364 22.695383618252404
1154.75 25.367226603477736 22.696309698531948
1155.25 25.367379413820288 22.697243315263208
1155.75 25.36748566101362 22.698180936077886
1156.25 25.367581980354608 22.699113829324897
1156.75 25.36768205376606 22.700060772108912
1157.25 25.367767346349947 22.700984848388003
1157.75 25.36783458214859 22.701929771294076
1158.25 25.36792916584841 22.70286829455353
1158.75 25.3679840904093 22.703814848429893
1159.25 25.36804325187247 22.70475072889928
1159.75 25.36812226197236 22.705702204926858
1160.25 25.368124528035636 22.706641458377206
1160.75 25.368155320527034 22.70759499493323
1161.25 25.368172915168216 22.7085333178451
1161.75 25.36820938780665 22.709495491622764
1162.25 25.368188293928444 22.710435474755823
1162.75 25.36820069070819 22.711391519828304
1163.25 25.368200181463653 22.71233654089385
1163.75 25.368163317984692 22.713287902637536
1164.25 25.368181838350917 22.7142493657363
1164.75 25.368105001710983 22.715209494392244
1165.25 25.368067229357756 22.716154210750005
1165.75 25.368016712394645 22.717120601387755
1166.25 25.36795137145174 22.71808547009725
1166.75 25.36782068003005 22.71904434795092
1167.25 25.36768064812258 22.720003773420203
1167.75 25.36754192556019 22.720967620465057
1168.25 25.367350721191993 22.721949006460683
1168.75 25.367139288203923 22.722927596835287
1169.25 25.36691750560392 22.72390035158012
1169.75 25.366673368088705 22.724868463532154
1170.25 25.36640243691188 22.725843894689838
1170.75 25.366082400015447 22.726834380773028
1171.25 25.36578374276395 22.72781080101741
1171.75 25.365427005278928 22.728790564344614
1172.25 25.3650878009796 22.729774299123147
1172.75 25.364699857652127 22.730772662757897
1173.25 25.36432478824379 22.73174744131175
1173.75 25.363905836444374 22.732747367313966
1174.25 25.36349840872971 22.73373921305086
1174.75 25.36305652010372 22.73473960523896
1175.25 25.362625288723258 22.73572841337507
1175.75 25.36215160809078 22.736722226431226
1176.25 25.361687867267474 22.737732030556984
1176.75 25.361184269778427 22.738724895700628
1177.25 25.360671444445302 22.739734529066116
1177.75 25.360164829258018 22.740740564482916
1178.25 25.359652227402133 22.741740665985787
1178.75 25.35911694625318 22.742747088381158
1179.25 25.358571709930388 22.743758228154817
1179.75 25.358043161659552 22.74476793571264
1180.25 25.357467738731213 22.745775458509343
1180.75 25.35690392719181 22.746779695311826
1181.25 25.356351379500623 22.747793932945303
1181.75 25.355760231017527 22.748812128809348
1182.25 25.355192219916827 22.749821479771004
1182.75 25.354629719706008 22.75084198967502
1183.25 25.35402606810054 22.751862179312987
1183.75 25.35344100461518 22.752874931637695
1184.25 25.35283746330636 22.75389195616924
1184.75 25.352242906742795 22.75491427481317
1185.25 25.351679684209373 22.75593545080052
1185.75 25.351104053508653 22.756956907391682
1186.25 25.350510093871698 22.757976710367927
1186.75 25.349901604473196 22.758992657729777
1187.25 25.34932940835326 22.760009564213384
1187.75 25.348746180150904 22.761034541456443
1188.25 25.348172574216377 22.762057518138015
1188.75 25.347605655146616 22.763082763353996
1189.25 25.347031559805437 22.76410323746376
1189.75 25.3464813427936 22.765124767241467
1190.25 25.34589777494763 22.766148716273023
1190.75 25.3453607706197 22.767177506141
1191.25 25.344826128464305 22.768207912413718
1191.75 25.34429365238826 22.76922829553923
1192.25 25.34377951895728 22.77025379462559
1192.75 25.34328815218671 22.77127688216913
1193.25 25.34277912523946 22.772296527550964
1193.75 25.342293432980497 22.773322334154813
1194.25 25.341810593362723 22.77435072447489
1194.75 25.34133714186799 22.775376299962304
1195.25 25.34090861597481 22.776402070069302
1195.75 25.34045698847283 22.777423223660076
1196.25 25.340020882164346 22.778445607240823
1196.75 25.33962577957344 22.779477035844778
1197.25 25.339221702607063 22.780495502818127
1197.75 25.338846661135214 22.78151671419396
1198.25 25.33848642381316 22.78253430352511
1198.75 25.338144728887997 22.783555988745874
1199.25 25.337833069625116 22.7845852280079
1199.75 25.33754611754478 22.78559923597983
1200.25 25.3372147714918 22.78661841818229
1200.75 25.337004445404162 22.787633977394716
1201.25 25.33676065286737 22.78865322296419
1201.75 25.336537988617213 22.789672045884227
1202.25 25.33631110127289 22.790687312417898
1202.75 25.336155208058315 22.79169818417976
1203.25 25.336011942592048 22.79271395534924
1203.75 25.335893192268436 22.7937297111379
1204.25 25.335797466904005 22.79474147449428
1204.75 25.335704987154607 22.79575491045459
1205.25 25.33562795853541 22.79675211315114
1205.75 25.33556733446856 22.7977714467886
1206.25 25.33549893022087 22.798780463826635
1206.75 25.335458133215262 22.79978231118468
1207.25 25.335401436603803 22.800799867754797
1207.75 25.335352412061948 22.801819762757567
1208.25 25.33532241424323 22.802821020126768
1208.75 25.335289979257915 22.803840768714814
1209.25 25.335264708696222 22.804854898743024
1209.75 25.335221898869463 22.805863737463103
1210.25 25.335177897828277 22.806879780757903
1210.75 25.335182423930984 22.807894834139177
1211.25 25.3352108013202 22.80890320939236
1211.75 25.335174260812433 22.809914759533477
1212.25 25.335186008604996 22.81093351137962
1212.75 25.335184282776872 22.811948760250523
1213.25 25.335213983668893 22.81296467508508
1213.75 25.335234922285018 22.813972605090687
1214.25 25.335271007935564 22.81499260650228
1214.75 25.335291046671777 22.816012781163323
1215.25 25.335353956817443 22.81702757108206
1215.75 25.33541998736958 22.818036734640398
1216.25 25.335482008438994 22.819055721322638
1216.75 25.335565459772795 22.820067343051917
1217.25 25.335624823572594 22.82107983406485
1217.75 25.33573906498198 22.822098914469834
1218.25 25.335815231690844 22.82311656790938
1218.75 25.335930296119397 22.82411757817579
1219.25 25.33605887393824 22.82514409737193
1219.75 25.336170790807238 22.826152822465204
1220.25 25.336289596938677 22.827168328404802
1220.75 25.336437579469703 22.828191089964317
1221.25 25.336611712683098 22.829207893862534
1221.75 25.336733369990554 22.830215544963362
1222.25 25.33691048281224 22.831233488262413
1222.75 25.33710573446479 22.83225147557666
1223.25 25.337285756485958 22.83326729207412
1223.75 25.337495369698892 22.834287608354288
1224.25 25.337722341095684 22.83529782962617
1224.75 25.337921718398036 22.836306408505962
1225.25 25.338156816213445 22.83732188611692
1225.75 25.33840270561999 22.838337161501347
1226.25 25.33866818986613 22.839352948011424
1226.75 25.33890948104849 22.84036100787358
1227.25 25.339189051570415 22.841378550759476
1227.75 25.33950263378201 22.84239900077342
1228.25 25.33981722476366 22.843401329707724
1228.75 25.34011706338002 22.844416469948115
1229.25 25.340423978942734 22.84543675732776
1229.75 25.340767020536337 22.84644105294728
1230.25 25.34113609758699 22.847457560352513
1230.75 25.34146234355116 22.848469977653558
1231.25 25.341840049098515 22.849482327272867
1231.75 25.342242808102455 22.850491329477926
1232.25 25.342664599543674 22.85150207734518
1232.75 25.34308568053968 22.85251499396187
1233.25 25.34347769933115 22.853522249703904
1233.75 25.34394203197483 22.854533311314515
1234.25 25.344364801858493 22.855552602729432
1234.75 25.34483906358266 22.856554187866536
1235.25 25.345332797769522 22.85756101003624
1235.75 25.345839304936103 22.858580746140078
1236.25 25.346351288949343 22.859588147518668
1236.75 25.34690983528669 22.860597261068143
1237.25 25.347417372588176 22.861596954929215
1237.75 25.34799444793867 22.862609426948488
1238.25 25.348573260242652 22.863607422795894
1238.75 25.349149141821012 22.864625298876735
1239.25 25.349743398157614 22.86562481778356
1239.75 25.35037156882675 22.866640710711895
1240.25 25.350989545603646 22.86763606283032
1240.75 25.35163529643124 22.868644810277004
1241.25 25.352309942654237 22.869649079118442
1241.75 25.35302480938362 22.870650569847733
1242.25 25.353700564228745 22.871655284625938
1242.75 25.354448028475304 22.872654761803048
1243.25 25.355174619474692 22.873655081553007
1243.75 25.355932349637108 22.874651973168106
1244.25 25.356694116632 22.87566057787209
1244.75 25.357474583932593 22.876658733432453
1245.25 25.358254834927642 22.87766694190877
1245.75 25.359062397779333 22.87866319133697
1246.25 25.359861490917762 22.8796657484834
1246.75 25.36071101031446 22.88066317271531
1247.25 25.36156066786173 22.881661705545206
1247.75 25.362419844008322 22.88266101632736
1248.25 25.36326349626867 22.883653706109122
1248.75 25.364136577209155 22.884661185165584
1249.25 25.365033405884333 22.885657646406116
1249.75 25.365933841548017 22.886659991629436
1250.25 25.366861452007356 22.887654778552733
1250.75 25.367768485581678 22.888655018400108
1251.25 25.368702925035365 22.889646292523587
1251.75 25.369679213879447 22.89064111207752
1252.25 25.370666611038764 22.891646083993304
1252.75 25.371642262725906 22.892633118051258
1253.25 25.37262630975636 22.89363045537737
1253.75 25.373633059079474 22.894624831550956
1254.25 25.374660557225024 22.89561552335856
1254.75 25.375693749403602 22.89661616429901
1255.25 25.376759690607322 22.89760439997975
1255.75 25.377820612808076 22.89860754796273
1256.25 25.378904550126098 22.899606304221617
1256.75 25.380002668113264 22.900595173218335
1257.25 25.381094023543397 22.90158521813392
1257.75 25.382221195177085 22.90257737096116
1258.25 25.383369479191845 22.90357520451029
1258.75 25.384531316318792 22.904561276030403
1259.25 25.38566970008172 22.905554987078514
1259.75 25.386840040663856 22.906545822277494
1260.25 25.388037506224475 22.90754362282971
1260.75 25.38923508408892 22.908531252482437
1261.25 25.390469055481812 22.90951869243309
1261.75 25.391697569012265 22.910514306705224
1262.25 25.392979362371143 22.911503413988434
1262.75 25.394237012612066 22.912487204806858
1263.25 25.395509266854738 22.913472806821016
1263.75 25.39682890380118 22.914461652955296
1264.25 25.398139078238433 22.915446555532824
1264.75 25.39945498162274 22.916441735932537
1265.25 25.40081067554049 22.917418671477954
1265.75 25.402184118233432 22.91840730258844
1266.25 25.403568742245554 22.919396892863524
1266.75 25.404936645261266 22.920383330423505
1267.25 25.406366442897344 22.921361390911073
1267.75 25.407792753579393 22.92234200438031
1268.25 25.409220966198713 22.92333440955741
1268.75 25.41067944488116 22.92431689961333
1269.25 25.41215799145597 22.925301194230457
1269.75 25.413671978421565 22.92628519587967
1270.25 25.415181924925996 22.927269319832696
1270.75 25.416695509316423 22.928244868281638
1271.25 25.418262313683933 22.929226890359317
1271.75 25.419792887284842 22.930211750031514
1272.25 25.421346919689878 22.931189586463372
1272.75 25.422983646744413 22.93215865994137
1273.25 25.42457693856058 22.933142677686284
