FastTrWP/PhaseSpace/IAs/snIa_0.57_30.00_-0.01_-0.03.csv
# %ECSV 0.9
# ---
# datatype:
# - {name: time-rel, datatype: float64}
# - {name: g, datatype: float64}
# - {name: i, datatype: float64}
# schema: astropy-2.0
time-rel g i
[from data line 286]
279.3958333333333 24.755489351795458 23.526119120622944
279.8958333333333 24.750687801798648 23.522710963422394
280.3958333333333 24.745901860904777 23.519335086553767
280.8958333333333 24.741122329902655 23.515973161305915
281.3958333333333 24.736371466192402 23.512600099193826
281.8958333333333 24.731592622041845 23.50924106729261
282.3958333333333 24.726833635629827 23.505890787304207
282.8958333333333 24.722112416191404 23.502547122134956
283.3958333333333 24.71736222716671 23.49921699649217
283.8958333333333 24.712671015251395 23.49588810653521
284.3958333333333 24.70795603190289 23.492574882116507
284.8958333333333 24.703243006744614 23.489265261796056
285.3958333333333 24.698563700637948 23.48595882946637
285.8958333333333 24.69389611158857 23.48266333750672
286.3958333333333 24.689222074618215 23.479374624958716
286.8958333333333 24.684557739009023 23.476091065004066
287.3958333333333 24.67990343779196 23.472819248644583
287.8958333333333 24.67529700478867 23.469553936301516
288.3958333333333 24.67063993041669 23.466302471927634
288.8958333333333 24.666026068370176 23.463056481200034
289.3958333333333 24.66141913930725 23.45980915999155
289.8958333333333 24.656806207850973 23.45657235449764
290.3958333333333 24.65222045055799 23.453352701583647
290.8958333333333 24.647636608337457 23.450127176069117
291.3958333333333 24.64305584537335 23.446910674666807
291.8958333333333 24.638497304502263 23.443694645808364
292.3958333333333 24.633936227758383 23.440504929642696
292.8958333333333 24.62939512917991 23.437305390870534
293.3958333333333 24.624864763806258 23.434121695026416
293.8958333333333 24.62032709615063 23.430944674078194
294.3958333333333 24.615812990303848 23.427758998879774
294.8958333333333 24.611297606739605 23.42459581463266
295.3958333333333 24.60681728952151 23.42143952377729
295.8958333333333 24.6023128105552 23.418287615099793
296.3958333333333 24.597820839236554 23.415142712510075
296.8958333333333 24.59334058616383 23.411991008622188
297.3958333333333 24.588893698041456 23.40885531885109
297.8958333333333 24.584437153448985 23.405737496603585
298.3958333333333 24.57995534709753 23.402607939192265
298.8958333333333 24.575517097086003 23.399500549144317
299.3958333333333 24.57108504786074 23.39637575905403
299.8958333333333 24.566664758231184 23.393283658294024
300.3958333333333 24.562257318547648 23.39018375868223
300.8958333333333 24.55785557161645 23.387086691099995
301.3958333333333 24.553411092065083 23.38400658842233
301.8958333333333 24.54902087609801 23.38092038276038
302.3958333333333 24.544643449192844 23.377849698678016
302.8958333333333 24.540271599493483 23.374773113680032
303.3958333333333 24.535885016301737 23.371714971456825
303.8958333333333 24.531531308228658 23.36865549914905
304.3958333333333 24.527179585058573 23.36560680046621
304.8958333333333 24.522813040438237 23.362555625946598
305.3958333333333 24.51848037475316 23.359517176652243
305.8958333333333 24.514145410648467 23.356478894758133
306.3958333333333 24.509812935950023 23.353447328061204
306.8958333333333 24.505492712647722 23.350432209186053
307.3958333333333 24.501198363989232 23.347398702792223
307.8958333333333 24.496893674180427 23.344395452292677
308.3958333333333 24.49259207657515 23.341396711603416
308.8958333333333 24.488284505535127 23.3383882895906
309.3958333333333 24.48400800256519 23.33537592651581
309.8958333333333 24.47973570707208 23.33238866009653
310.3958333333333 24.475458477149566 23.32939600667965
310.8958333333333 24.471198563020366 23.32641127041487
311.3958333333333 24.466966831462035 23.32343065546675
311.8958333333333 24.46269342181892 23.32045859567081
312.3958333333333 24.458456605489907 23.31749769239766
312.8958333333333 24.45421515380504 23.314536906985417
313.3958333333333 24.449999232855504 23.311581502241733
313.8958333333333 24.445769600109983 23.30861486798642
314.3958333333333 24.441569992796218 23.30567614718928
314.8958333333333 24.43736037213689 23.302728032984483
315.3958333333333 24.43315790638659 23.299793718006402
315.8958333333333 24.42895565328639 23.296851026043832
316.3958333333333 24.42479214563849 23.293911015599384
316.8958333333333 24.420595505060096 23.29098601421841
317.3958333333333 24.416417572479002 23.288071013415195
317.8958333333333 24.41224684633982 23.2851482239668
318.3958333333333 24.408073645286574 23.282240477649765
318.8958333333333 24.403924537790825 23.27933577245326
319.3958333333333 24.399784343171717 23.276421103271257
319.8958333333333 24.39561850407702 23.273521374469446
320.3958333333333 24.391505967199947 23.27063732688311
320.8958333333333 24.38737275684321 23.267747167485204
321.3958333333333 24.38325655732526 23.264846227261565
321.8958333333333 24.379134863279816 23.261978659365553
322.3958333333333 24.37503815634863 23.259104290879765
322.8958333333333 24.3709169151353 23.256237425259776
323.3958333333333 24.36683028304617 23.25336967765914
323.8958333333333 24.36274398600022 23.250516748552602
324.3958333333333 24.358665882507132 23.247659273546887
324.8958333333333 24.354614335603895 23.244813289846146
325.3958333333333 24.3505295387694 23.24197121881399
325.8958333333333 24.346463926561754 23.239130146768503
326.3958333333333 24.3424148760618 23.23629175006536
326.8958333333333 24.338400250432294 23.233462793109226
327.3958333333333 24.334348305159086 23.230648947611
327.8958333333333 24.33032200922017 23.227825458586135
328.3958333333333 24.32629062742281 23.22500467474373
328.8958333333333 24.322267873510995 23.22218931482601
329.3958333333333 24.31826284843663 23.219392999754227
329.8958333333333 24.3142697072889 23.21658933747052
330.3958333333333 24.310267877651967 23.21378795851725
330.8958333333333 24.30626198470904 23.210993237582052
331.3958333333333 24.302288645982845 23.208202366588473
331.8958333333333 24.29831663293197 23.205420582484187
332.3958333333333 24.29431760352642 23.2026453792926
332.8958333333333 24.290362267008632 23.199865969404915
333.3958333333333 24.286419655968494 23.197107395129922
333.8958333333333 24.28244272928972 23.19433964073788
334.3958333333333 24.27851861961072 23.191583151608274
334.8958333333333 24.27456584034433 23.188815670724495
335.3958333333333 24.270631182405396 23.186063675988983
335.8958333333333 24.266713797926407 23.183314927831535
336.3958333333333 24.262790338496927 23.18056932979291
336.8958333333333 24.258883498747977 23.17782239397456
337.3958333333333 24.25495628323479 23.17509083703102
337.8958333333333 24.251063091173716 23.17235862067018
338.3958333333333 24.247155755746455 23.169625676555526
338.8958333333333 24.24327333094833 23.1668989673554
339.3958333333333 24.239390496644173 23.164183151395083
339.8958333333333 24.235500664535866 23.1614688660119
340.3958333333333 24.23163785478614 23.15874787098864
340.8958333333333 24.227758862059336 23.156040487495062
341.3958333333333 24.223903665754243 23.153342487573177
341.8958333333333 24.220060607407948 23.150637614244904
342.3958333333333 24.21620200195351 23.14795028497923
342.8958333333333 24.21236035809737 23.145239341934506
343.3958333333333 24.208527474535337 23.14256198891307
343.8958333333333 24.2046734812305 23.13987295011556
344.3958333333333 24.20085976544614 23.13718855214774
344.8958333333333 24.197026071897845 23.134523849137874
345.3958333333333 24.193214133508913 23.131836820783395
345.8958333333333 24.189397915818553 23.129165784570578
346.3958333333333 24.185619719047473 23.12650266093517
346.8958333333333 24.181806957560376 23.123838963175096
347.3958333333333 24.178031963322574 23.12118463866314
347.8958333333333 24.17423459329743 23.11851757919638
348.3958333333333 24.170442719788742 23.115873323879896
348.8958333333333 24.1666753874578 23.113223416918554
349.3958333333333 24.162904954867763 23.110579925947576
349.8958333333333 24.159138226049933 23.107929367117276
350.3958333333333 24.155383182938177 23.105292832090182
350.8958333333333 24.151624881647326 23.102660537195334
351.3958333333333 24.147884625587555 23.100028570506417
351.8958333333333 24.144124931490044 23.097404767099846
352.3958333333333 24.140384224993827 23.094771102915526
352.8958333333333 24.136646370136027 23.09214627586579
353.3958333333333 24.13291924788746 23.089537314817754
353.8958333333333 24.129206472368363 23.086922922432063
354.3958333333333 24.125475476335403 23.08429972356775
354.8958333333333 24.121766995817183 23.08168844559014
355.3958333333333 24.118055468961913 23.079088419513507
355.8958333333333 24.114346276115803 23.076496123746196
356.3958333333333 24.110651915144388 23.073881041145338
356.8958333333333 24.106979455001284 23.07128179959074
357.3958333333333 24.103272317219634 23.068701460939405
357.8958333333333 24.099568905675213 23.06609744483722
358.3958333333333 24.095875890326912 23.063508094457056
358.8958333333333 24.092157036089073 23.06091291464192
359.3958333333333 24.088436051814064 23.058309736937428
359.8958333333333 24.084728153548927 23.05571375251204
360.3958333333333 24.08101870195939 23.053124946782034
360.8958333333333 24.07727806003988 23.050518013166318
361.39583333333326 24.073552435854744 23.047922228879028
361.8958333333333 24.06982144560505 23.045331912716783
362.3958333333333 24.066085970590745 23.042735331094097
362.89583333333326 24.062351317581655 23.040148547017793
363.3958333333333 24.058646041082007 23.037561141088766
363.8958333333333 24.05488540910283 23.034967710116867
364.39583333333326 24.051159921116096 23.032383560991946
364.8958333333333 24.04743490758326 23.02979990212069
365.3958333333333 24.043699089627406 23.027215301832168
365.89583333333326 24.039958066298176 23.02462440433768
366.3958333333333 24.036245742100203 23.022048132774255
366.8958333333333 24.032517175211193 23.019475339685542
367.39583333333326 24.028792471754514 23.016892766665453
367.8958333333333 24.025079931420894 23.014329674299255
368.3958333333333 24.0213767484701 23.011754106901225
368.89583333333326 24.01766395584697 23.00918474375667
369.3958333333333 24.01396400138568 23.00662564818936
369.8958333333333 24.01026644298016 23.004069369524913
370.39583333333326 24.006586571882647 23.001511559640846
370.8958333333333 24.002890441319874 22.998976434314514
371.3958333333333 23.99922666521007 22.996417553079983
371.89583333333326 23.99555433626443 22.99387155972748
372.3958333333333 23.991885873687725 22.991324226290665
372.8958333333333 23.98824718487816 22.98879435950117
373.39583333333326 23.98460457842186 22.98625918050312
373.8958333333333 23.980975299292574 22.983731928607636
374.3958333333333 23.977356200433352 22.981212824127514
374.89583333333326 23.97374510796158 22.978700457152982
375.3958333333333 23.97012033384431 22.97617847721325
375.8958333333333 23.96653342562432 22.97368181289313
376.39583333333326 23.96296335603783 22.971176861943327
376.8958333333333 23.959384313579093 22.968678878094437
377.3958333333333 23.955819278724135 22.96619070952117
377.89583333333326 23.95227249789282 22.96370405285065
378.3958333333333 23.948748867773052 22.96121711402314
378.8958333333333 23.94521783403445 22.95874798687459
379.39583333333326 23.941738515984273 22.956290894526532
379.8958333333333 23.938227896273215 22.95383007473965
380.3958333333333 23.93476018319621 22.951372825795524
380.89583333333326 23.931286280512648 22.948921456464305
381.3958333333333 23.92783981716567 22.946472249844383
381.8958333333333 23.924402282288113 22.944045834482015
382.39583333333326 23.920987064461418 22.941612036252646
382.8958333333333 23.917567863593558 22.939200980801246
383.3958333333333 23.91420061204699 22.936781119182406
383.89583333333326 23.91081971927948 22.93437703168937
384.3958333333333 23.90747184769076 22.931980723060033
384.8958333333333 23.904127726386875 22.929579199970362
385.39583333333326 23.900806937916677 22.927191272492426
385.8958333333333 23.897508796339082 22.924818854867684
386.3958333333333 23.89421498669187 22.92244370775726
386.89583333333326 23.89093902172806 22.920085167701725
387.3958333333333 23.887692623339845 22.91773038057846
387.8958333333333 23.88445303637345 22.915380077356907
388.39583333333326 23.88125274633324 22.913046811375864
388.8958333333333 23.87806213490944 22.91072090871765
389.3958333333333 23.874884125300216 22.9083841374949
389.89583333333326 23.87173213803985 22.906083501372542
390.3958333333333 23.868609708193468 22.90377819601297
390.8958333333333 23.865469787228943 22.90149097457001
391.39583333333326 23.86238288943449 22.899197915772426
391.8958333333333 23.859308598737428 22.89691368931529
392.3958333333333 23.856254327662842 22.894654454342525
392.89583333333326 23.853229018093725 22.892388290123435
393.3958333333333 23.850207857483273 22.890140317112383
393.8958333333333 23.847212136070475 22.887901957475357
394.39583333333326 23.84425112564677 22.885668479325663
394.8958333333333 23.84130408079387 22.883448098000088
395.3958333333333 23.838380377737792 22.881230882302606
395.89583333333326 23.835455262533397 22.87901825450688
396.3958333333333 23.832526633780766 22.876808743174184
396.8958333333333 23.829592660691908 22.87460442715537
397.39583333333326 23.826697223301196 22.872404219851674
397.8958333333333 23.823801784585648 22.87021148236093
398.3958333333333 23.82091898189389 22.86801548129711
398.89583333333326 23.818035675969334 22.865831539483285
399.3958333333333 23.81516627040927 22.863640077693894
399.8958333333333 23.81229036608303 22.86146090006511
400.39583333333326 23.809438745698785 22.859296291089134
400.8958333333333 23.80658977759209 22.857123244341523
401.3958333333333 23.80375200904137 22.854958991359876
401.89583333333326 23.800923326365215 22.852806712210928
402.3958333333333 23.798105132241233 22.850636180842407
402.8958333333333 23.795304180423035 22.848494889005227
403.39583333333326 23.79249143648126 22.846350730053672
403.8958333333333 23.7897025923048 22.844198561302278
404.3958333333333 23.786918447335545 22.84207996166871
404.89583333333326 23.78415193163257 22.839938028414434
405.3958333333333 23.781400057667845 22.837815305481506
405.8958333333333 23.77865429254717 22.83569859093687
406.39583333333326 23.77590077910403 22.833578347051304
406.8958333333333 23.773168615592954 22.83147252286295
407.3958333333333 23.77045253394375 22.829367565131623
407.89583333333326 23.767742196721038 22.827268083785018
408.3958333333333 23.765054202212564 22.82517633781763
408.8958333333333 23.76236886057916 22.82308408677139
409.39583333333326 23.75968841773815 22.821001211918826
409.8958333333333 23.757035176750453 22.818929778426092
410.3958333333333 23.754382697938578 22.816861182296538
410.89583333333326 23.751739856518622 22.81478972947831
411.3958333333333 23.749101639771887 22.81273208454126
411.8958333333333 23.746488645632976 22.8106764592212
412.39583333333326 23.743892733300743 22.808630569643874
412.8958333333333 23.741289133132817 22.806585298666306
413.3958333333333 23.73871481202832 22.804548931626172
413.89583333333326 23.73614845031689 22.802522916545243
414.3958333333333 23.73359984795515 22.80049231012175
414.8958333333333 23.731052069049532 22.798476652514346
415.39583333333326 23.728530775768736 22.796463278395642
415.8958333333333 23.726014298250966 22.794456645710753
416.3958333333333 23.723484732885037 22.792453003768212
416.89583333333326 23.721009630917713 22.79046364048928
417.3958333333333 23.71853359648511 22.78847643608578
417.8958333333333 23.71605994263789 22.786500703399547
418.39583333333326 23.71362287306376 22.78451494865154
418.8958333333333 23.711183546145786 22.782557746656916
419.3958333333333 23.708760762857793 22.780591633256066
419.89583333333326 23.706342858831416 22.778627425774125
420.3958333333333 23.70395899091185 22.776679422796544
420.8958333333333 23.7015773017291 22.774738550685456
421.39583333333326 23.69920332352293 22.772809649353903
421.8958333333333 23.69685797750657 22.770875429391833
422.3958333333333 23.694518813827578 22.76895674191666
422.89583333333326 23.692193455996357 22.767031231386934
