FastTrWP/PhaseSpace/IAs/snIa_0.55_30.00_-0.21_0.10.csv
# %ECSV 0.9
# ---
# datatype:
# - {name: time-rel, datatype: float64}
# - {name: g, datatype: float64}
# - {name: i, datatype: float64}
# schema: astropy-2.0
time-rel g i
[from data line 1079]
161.5 23.97713355092582 22.288900621644075
162.0 23.978546356913377 22.288877349543064
162.5 23.979967341630292 22.288861811313797
163.0 23.981386955917245 22.288845892031897
163.5 23.982826699110614 22.288834679027683
164.0 23.984262524361384 22.2888226127916
164.5 23.98569678829217 22.288804001720028
165.0 23.987140427460808 22.28880387625416
165.5 23.9885758628561 22.288796144296864
166.0 23.990028054664823 22.288791375045157
166.5 23.99146438527343 22.28879390909157
167.0 23.992911360389904 22.28879496534677
167.5 23.994372506848332 22.288794299495585
168.0 23.99582349854308 22.288797073757294
168.5 23.99730292726953 22.28879714324648
169.0 23.99876023125698 22.288815147964378
169.5 24.000223461558313 22.288820665834457
170.0 24.001695808750938 22.288835308134352
170.5 24.003171249324403 22.288843601578225
171.0 24.004640906488564 22.288859518749177
171.5 24.006115717013053 22.2888782475883
172.0 24.007617075064758 22.288895418753974
172.5 24.009086854919946 22.28891488275871
173.0 24.010545109604216 22.28893773156952
173.5 24.0120489887572 22.288958726993112
174.0 24.01354087524187 22.28898510352338
174.5 24.01502785289783 22.289015383135606
175.0 24.016522980693757 22.289043501242887
175.5 24.018023261892473 22.28907367611501
176.0 24.019530750815974 22.28910265066579
176.5 24.0210281223753 22.28914151874808
177.0 24.02251913254718 22.28916863338856
177.5 24.02402838856487 22.289207806437574
178.0 24.02553754251674 22.28924613318073
178.5 24.02700982714933 22.289282829384767
179.0 24.028543929378422 22.289325944462426
179.5 24.03003356851898 22.2893711673655
180.0 24.03155646033738 22.289419142970658
180.5 24.033051487826945 22.28946317012184
181.0 24.034565812244836 22.289497961268335
181.5 24.036096007116583 22.289555047328395
182.0 24.03760431968587 22.289603245634492
182.5 24.039116174809493 22.289653626867437
183.0 24.040623137226085 22.289707654281777
183.5 24.042136973445665 22.289761874069
184.0 24.043665270537417 22.289817299150016
184.5 24.04518407749377 22.28987530098031
185.0 24.04668746109253 22.289941890036804
185.5 24.048201837119457 22.289988353918314
186.0 24.049731577020555 22.290054990454937
186.5 24.051243002813113 22.290110202173132
187.0 24.052746491902845 22.290180439992767
187.5 24.054258509000004 22.290247000679386
188.0 24.055804931512668 22.290313686683053
188.5 24.05730641446622 22.290375324972818
189.0 24.058829655933806 22.290451174536493
189.5 24.06035355968081 22.2905172038122
190.0 24.06186700605769 22.29059135512092
190.5 24.063384043386268 22.290668462616612
191.0 24.06493097845722 22.290736327360356
191.5 24.06646273154321 22.29081455435123
192.0 24.06798768743494 22.290890161040377
192.5 24.069514436987486 22.290978656573056
193.0 24.07105677142358 22.29106251666937
193.5 24.072607634871513 22.29113966384968
194.0 24.074131600061598 22.291232979155872
194.5 24.075674723010877 22.29131648136258
195.0 24.07721757562172 22.291404950644026
195.5 24.07876002433893 22.291495602851136
196.0 24.080314309650465 22.291589773021446
196.5 24.08185619683263 22.29168289394357
197.0 24.08342597591018 22.29177866555913
197.5 24.084964571771742 22.291882007311777
198.0 24.08652127812301 22.29198126132953
198.5 24.088077013371986 22.292077649725137
199.0 24.089641694936045 22.292184684714353
199.4999999999999 24.09119298788681 22.292286603399628
200.0 24.092758134682278 22.292393813525653
200.5 24.09433246755302 22.292498445659554
200.9999999999999 24.095891688125718 22.292603510182893
201.5 24.097464753864916 22.292723694946556
202.0 24.099041687824094 22.29283162397801
202.4999999999999 24.100613024459715 22.292941266207087
203.0 24.102192858077647 22.293061889144184
203.5 24.10375794446888 22.293174648630796
203.9999999999999 24.105349428463562 22.29329646779489
204.5 24.106923999518855 22.293418633869912
205.0 24.10849620492233 22.293537252943956
205.4999999999999 24.110082595176493 22.29366581346121
206.0 24.111683085674372 22.29378894550755
206.5 24.11326050102022 22.293920480817686
206.9999999999999 24.114859421980377 22.294047206419595
207.5 24.116443352230554 22.294168686448334
208.0 24.11803880733008 22.29430573496124
208.4999999999999 24.119640960450116 22.294443560114296
209.0 24.12124741908212 22.294575251634644
209.5 24.122843069575744 22.29471155967523
209.9999999999999 24.124442590366996 22.294841823499464
210.5 24.126039154361685 22.294986891094876
211.0 24.127653280329344 22.29513176856147
211.4999999999999 24.129256962725407 22.295270281992025
212.0 24.130872502854448 22.295417018220473
212.5 24.132481076275457 22.295559613636048
212.9999999999999 24.134091473195905 22.295711459914376
213.5 24.13571690947998 22.295854641456827
214.0 24.137333367294808 22.29601063631857
214.4999999999999 24.138950159577984 22.296162971902728
215.0 24.140589665536154 22.29631506853036
215.5 24.142185381223694 22.29646886871603
215.9999999999999 24.143826390198395 22.29662425487334
216.5 24.14545359071569 22.29678389820179
217.0 24.147068207016424 22.29694390875189
217.4999999999999 24.148699343651465 22.297095357773294
218.0 24.150336079957103 22.29726189626655
218.5 24.151973792368764 22.297425137947787
218.9999999999999 24.15359745364936 22.29758767501274
219.5 24.15524698589078 22.297761685479674
220.0 24.156892096766626 22.29792666944978
220.4999999999999 24.15851374338129 22.298103115753158
221.0 24.160182626530368 22.298267857795683
221.5 24.16181347017263 22.298443387653645
221.9999999999999 24.16345449322575 22.298609655245304
222.5 24.16511144687442 22.29879096824774
223.0 24.166756231591464 22.29896411110734
223.4999999999999 24.168400887267648 22.29914824666681
224.0 24.170047452951003 22.29932332706547
224.5 24.171725687836812 22.29950669188178
224.9999999999999 24.17337400798619 22.29969341713883
225.5 24.175048267668142 22.299876623111636
226.0 24.176706510012245 22.30007160559923
226.4999999999999 24.17834730285747 22.30025187781752
227.0 24.180020784370775 22.300436169832842
227.5 24.181693255146367 22.30063391114703
227.9999999999999 24.18336042217602 22.300821955572943
228.5 24.1850332344807 22.301014682169544
229.0 24.186690541698617 22.301211501941694
229.4999999999999 24.188384664421147 22.301410388152693
230.0 24.190062697904594 22.30160785938812
230.5 24.19173439632393 22.301811868013758
230.9999999999999 24.19340509418796 22.302017473566032
231.5 24.195099180675143 22.3022222046357
232.0 24.196803346178495 22.3024233581484
232.4999999999999 24.19848575228698 22.302629697350884
233.0 24.200176052290217 22.302833712001373
233.5 24.201878610511546 22.303056053636816
233.9999999999999 24.203570383460363 22.303267214538124
234.5 24.205262872730238 22.303480140848496
235.0 24.20697194280692 22.30370049443124
235.4999999999999 24.20866977941553 22.303915213313232
236.0 24.21037025580626 22.304138119325565
236.5 24.212085462937573 22.30436040598065
236.9999999999999 24.213796062118682 22.304575783938255
237.5 24.215501046422936 22.3048077970644
238.0 24.217220486865678 22.305030620988635
238.4999999999999 24.218941923141884 22.3052555934731
239.0 24.220644259216115 22.30548704868212
239.5 24.222370446196756 22.305716558198064
239.9999999999999 24.224084594590295 22.305947570894496
240.5 24.225822774545207 22.30618177642959
241.0 24.227542305734936 22.30641672106068
241.4999999999999 24.229267511617373 22.306653976988315
242.0 24.231012872471943 22.306889587050918
242.5 24.232735371862773 22.30713402578906
242.9999999999999 24.234471659373106 22.30736963968626
243.5 24.23619753475304 22.307615182517054
244.0 24.237943535467153 22.30785464027249
244.4999999999999 24.23969036839132 22.308110067045792
245.0 24.241422328569723 22.308350867046883
245.5 24.243161040447493 22.308600045316908
245.9999999999999 24.244912113886205 22.3088497898857
246.5 24.246647592945468 22.309096138914214
247.0 24.248416211968085 22.309355083076213
247.4999999999999 24.250162185090698 22.309611808971333
248.0 24.251911711113397 22.309867718338914
248.5 24.25368282912807 22.310126866266287
248.9999999999999 24.255440851478994 22.31037666087135
249.5 24.2571872197496 22.310639018290658
250.0 24.258963289701036 22.31090052540307
250.4999999999999 24.260727761758606 22.311169934254966
251.0 24.262473578819147 22.31143159428301
251.5 24.2642695859914 22.31170428377073
251.9999999999999 24.266034024997936 22.311967041097276
252.5 24.26779894838461 22.31223711648914
253.0 24.26958897799215 22.312501655344562
253.4999999999999 24.271341375992122 22.312771945011427
254.0 24.27312440159684 22.31305096455308
254.5 24.27491314908567 22.31331955446908
254.9999999999999 24.276699725194018 22.3135918484591
255.5 24.278482353734454 22.313871644462235
256.0 24.280259429531192 22.314147957435296
256.4999999999999 24.28204698801524 22.314430245104727
257.0 24.283835578087132 22.31470406197061
257.5 24.285629347460016 22.31499314120789
257.9999999999999 24.287421529869793 22.31527556582805
258.5 24.289216163571776 22.31555841671377
259.0 24.291028305202712 22.315844686728624
259.4999999999999 24.292820693866947 22.316133359365764
260.0 24.294626097060434 22.316423939679876
260.5 24.296407924927284 22.316707475479785
260.9999999999999 24.298215974044112 22.317002955224616
261.5 24.30002707303734 22.317292828434358
262.0 24.301825754357004 22.317591477218176
262.4999999999999 24.30364284178046 22.31788338409131
263.0 24.305450542035803 22.318174297813865
263.5 24.307266259731293 22.31847843848339
263.9999999999999 24.309082617182924 22.318774970436426
264.5 24.31090968938987 22.319079792798174
265.0 24.312726761236334 22.31937964905616
265.4999999999999 24.314553642624112 22.319691094775354
266.0 24.31639805774083 22.319997486170333
266.5 24.318221490573354 22.320303799318957
266.9999999999999 24.32007782016475 22.320619681672124
267.5 24.321917484239933 22.320929096107093
268.0 24.323754317667827 22.3212415292568
268.4999999999999 24.325591730736843 22.321560029897718
269.0 24.327457405760065 22.321881407389796
269.5 24.329305411987786 22.322204598644323
269.9999999999999 24.331160959587304 22.322523929553434
270.5 24.333024388943436 22.322849244453387
271.0 24.33489796184808 22.323171474309817
271.4999999999999 24.33676312313989 22.323501977513796
272.0 24.33861470246882 22.32382632164971
272.5 24.340491013259463 22.32415654267586
272.9999999999999 24.342372227762617 22.32448989017196
273.5 24.344239272285144 22.32482562707611
274.0 24.346116835224358 22.3251629277908
274.4999999999999 24.347999300123462 22.325499371329038
275.0 24.349884024020096 22.32583680095482
275.5 24.351782709480183 22.326178159167046
275.9999999999999 24.353657010888895 22.326516947381737
276.5 24.355563827383225 22.32685571361703
277.0 24.35744719672786 22.327207635377487
277.4999999999999 24.35932455230531 22.327548927523203
278.0 24.361229261611584 22.3278985071192
278.5 24.363129409790027 22.328245990353533
278.9999999999999 24.365041910307234 22.328587631435397
279.5 24.36692516189835 22.328943327208783
280.0 24.368828713852494 22.32929187396592
280.4999999999999 24.370751522502747 22.329646712008326
281.0 24.372652076282083 22.330000178479995
281.5 24.3745553045999 22.330359944654926
281.9999999999999 24.376465995562246 22.33071148987401
282.5 24.37837756522443 22.331063417937358
283.0 24.380286663930512 22.33143143050573
283.4999999999999 24.382197258449963 22.331787798048268
284.0 24.38411480564462 22.33214908619267
284.5 24.386043064788502 22.332511814357705
284.9999999999999 24.387946529440107 22.332870343898538
285.5 24.389869244239787 22.333241706099002
286.0 24.39179126469401 22.333605218578796
286.4999999999999 24.393697818796483 22.33396689742825
287.0 24.395630462841606 22.334336728719066
287.5 24.397550452798843 22.33470315333601
287.9999999999999 24.399477750846405 22.335075670432598
288.5 24.40138344336264 22.335441154191457
289.0 24.40332154937657 22.335810112275386
289.4999999999999 24.40524178791884 22.336188917051125
290.0 24.40715515784467 22.336560391703056
290.5 24.409093332830636 22.336936908771005
290.9999999999999 24.411024372438522 22.337307986611
291.5 24.412953612281317 22.337680678571484
292.0 24.414848748374915 22.338055276517817
292.4999999999999 24.41679110289947 22.338432691636925
293.0 24.41870935044195 22.338807823941526
293.5 24.42064080102071 22.339184454550406
293.9999999999999 24.422567308640627 22.339560254578732
294.5 24.424498663455047 22.33993735170811
295.0 24.42641357375873 22.340318549857244
295.4999999999999 24.428343487055702 22.340703624135134
296.0 24.43024892367044 22.341077636023783
296.5 24.43217547715111 22.341457103835374
296.9999999999999 24.434088240517298 22.341835807792037
297.5 24.43602093992133 22.34222103254419
298.0 24.43794555040716 22.34260311940256
298.4999999999999 24.43985677538692 22.342985327335526
299.0 24.441773393660586 22.343363648846648
299.5 24.44369608271883 22.3437537757529
299.9999999999999 24.445615647885525 22.34413200990843
300.5 24.447527326985828 22.34451734205446
301.0 24.449439560138444 22.34489957625781
301.4999999999999 24.4513574384254 22.345289110169254
302.0 24.45326846981338 22.345674631267023
302.5 24.455185239571954 22.34606515565483
302.9999999999999 24.457117308475894 22.346450552771913
303.5 24.45901657978809 22.346845360061515
304.0 24.46095369127164 22.347234218072025
304.4999999999999 24.462862106987583 22.347625373738733
305.0 24.464771914262936 22.3480145739277
305.5 24.466712939224987 22.34841478073235
305.9999999999999 24.468640235161317 22.348812013276618
306.5 24.470554202225458 22.34920404897178
307.0 24.472487627628574 22.34960825709465
307.4999999999999 24.474389621482292 22.350002458756848
308.0 24.47632135466913 22.350409304738108
308.5 24.478245180835174 22.350811598194138
308.9999999999999 24.48018405738639 22.351204393583206
309.5 24.482107374363192 22.351607428579335
310.0 24.484026925332536 22.352016228027747
310.4999999999999 24.485961907811983 22.35242205956328
311.0 24.48790198589083 22.35282359928386
311.5 24.48982203650502 22.353234648211288
311.9999999999999 24.491736966547307 22.353641042922714
312.5 24.4936689972485 22.354048059453703
313.0 24.495618882329936 22.35446127763562
313.4999999999999 24.49753412550806 22.354869829430868
314.0 24.49947186597203 22.35528027308684
314.5 24.501378693376573 22.35569370366344
314.9999999999999 24.503337111444953 22.356110163627218
315.5 24.505259674647426 22.35651794939033
316.0 24.507182357343883 22.35693647114608
316.4999999999999 24.509109409133345 22.357349107863417
317.0 24.511042074481036 22.357764677419386
317.5 24.513004720985414 22.358189345077708
317.9999999999999 24.51489433518178 22.35860050731916
318.5 24.516839265288116 22.359019964180575
319.0 24.51878870735944 22.35943705760914
319.4999999999999 24.520714518916712 22.35985813790706
320.0 24.5226516070445 22.36028698477054
320.5 24.524579999708457 22.360704631009632
320.9999999999999 24.52652582965461 22.36113286161656
321.5 24.52846186693408 22.36155554666343
322.0 24.530389361104472 22.361978025513118
322.4999999999999 24.53231558143134 22.362401684152573
323.0 24.53426022898402 22.36283301906849
323.5 24.536196836366535 22.36325754867393
323.9999999999999 24.538114916967185 22.36368507926569
324.5 24.540049569076775 22.364117400495523
325.0 24.542001563866553 22.364541252796997
325.4999999999999 24.54394579736599 22.364972765287593
326.0 24.54587083022179 22.365410699808663
326.5 24.54779864445717 22.365845551754433
326.9999999999999 24.549730916529448 22.36626914826669
327.5 24.551669981333724 22.366704544411924
328.0 24.553608568815392 22.367132569392542
328.4999999999999 24.555531204664668 22.36756907963416
329.0 24.557481510466438 22.368005236198833
329.5 24.55942511501147 22.368443469152734
329.9999999999999 24.561327906150765 22.36888231857334
330.5 24.56327942621366 22.369316419952902
331.0 24.56521135483928 22.36975256418819
331.4999999999999 24.56714544794481 22.370187974461434
332.0 24.569074517817175 22.370628577206105
332.5 24.57100789844045 22.371071272718414
332.9999999999999 24.572938678991797 22.371508373869396
333.5 24.574894078203734 22.371953028287596
