FastTrWP/PhaseSpace/IAs/snIa_0.51_30.00_0.24_-0.08.csv
# %ECSV 0.9
# ---
# datatype:
# - {name: time-rel, datatype: float64}
# - {name: g, datatype: float64}
# - {name: i, datatype: float64}
# schema: astropy-2.0
time-rel g i
[from data line 2010]
1152.1875 24.84267787097989 22.924186286189048
1152.6875 24.844646131629496 22.92516159378458
1153.1875 24.84663592390989 22.926135729683992
1153.6875 24.8486070875764 22.927112593208932
1154.1875 24.850604040932886 22.92809035804868
1154.6875 24.852607594490745 22.92906878547525
1155.1875 24.85459280086982 22.930046149601118
1155.6875 24.856568935472453 22.93102073213708
1156.1875 24.8585658481504 22.931988366050078
1156.6875 24.860560480365507 22.93296854360674
1157.1875 24.862539696572988 22.93394850364002
1157.6875 24.864553124116142 22.934925451192512
1158.1875 24.86652267615737 22.93590111788239
1158.6875 24.868521305314925 22.93686976143138
1159.1875 24.870526805094165 22.93784523972267
1159.6875 24.872504663744103 22.93882780005307
1160.1875 24.87450061722479 22.939796536991615
1160.6875 24.876498911142203 22.94076748537291
1161.1875 24.878465806014184 22.94174166365155
1161.6875 24.880458442533367 22.942711871524274
1162.1875 24.882463249598665 22.943683503400415
1162.6875 24.88445141153626 22.94465069028942
1163.1875 24.886447694678964 22.945620186007698
1163.6875 24.888465713542487 22.946586357391745
1164.1875 24.89044760772981 22.947551027176477
1164.6875 24.892423361354968 22.94851839077934
1165.1875 24.89442798436523 22.949480460849152
1165.6875 24.896423457639592 22.950452285833165
1166.1875 24.89843635431431 22.951410925586046
1166.6875 24.90040469190276 22.95237380563207
1167.1875 24.90242828130004 22.953329128634486
1167.6875 24.90441629664587 22.95429126614158
1168.1875 24.906412326577154 22.955247727290654
1168.6875 24.908407055800616 22.956205848475673
1169.1875 24.91042020354872 22.95715520348597
1169.6875 24.91241328214239 22.95812129060801
1170.1875 24.914430192611153 22.95907814751262
1170.6875 24.916411281723526 22.96003816323056
1171.1875 24.918413780957685 22.96099726803167
1171.6875 24.920409715734493 22.961954474417947
1172.1875 24.92240384827856 22.962916107843917
1172.6875 24.92440681915616 22.963876305738747
1173.1875 24.92638658915906 22.964837178659018
1173.6875 24.928405586067946 22.965788449881405
1174.1875 24.930387605642043 22.96673379550601
1174.6875 24.93240538956873 22.967704528049477
1175.1875 24.934409218653055 22.968665234326448
1175.6875 24.936388283053276 22.96962398796808
1176.1875 24.938396840390908 22.970572080573618
1176.6875 24.940392873001098 22.971539990273016
1177.1875 24.94239495122502 22.97248399168552
1177.6875 24.944386938472356 22.973452704229274
1178.1875 24.94639514885533 22.974409779112868
1178.6875 24.948389167982366 22.97537417991147
1179.1875 24.950409458504875 22.976322367199273
1179.6875 24.952400299316075 22.977278057657486
1180.1875 24.95439604864415 22.978235214475337
1180.6875 24.956394961170187 22.97918161268059
1181.1875 24.958370615104876 22.980146008061734
1181.6875 24.960383983188898 22.981095957649266
1182.1875 24.96238507909771 22.98206259527273
1182.6875 24.964387673456567 22.983014010994502
1183.1875 24.96638021967677 22.98396361443149
1183.6875 24.968370976414395 22.984920233387026
1184.1875 24.970367114091296 22.98587443678942
1184.6875 24.97236827111208 22.986818926950026
1185.1875 24.97437006461929 22.987783017764695
1185.6875 24.97637225751356 22.98873927217365
1186.1875 24.97834632800339 22.98969165162188
1186.6875 24.98037804225 22.990638391056912
1187.1875 24.98233548342352 22.99159927210846
1187.6875 24.984342595532855 22.99253662113842
1188.1875 24.98636962925581 22.9934943711501
1188.6875 24.988343085853494 22.99444829640649
1189.1875 24.990349388921462 22.995395726790598
1189.6875 24.992311910877824 22.996347036679836
1190.1875 24.994328500339257 22.99729539570858
1190.6875 24.996362477158513 22.998244417850493
1191.1875 24.99832370067891 22.999188874018458
1191.6875 25.000322123371667 23.00014129692959
1192.1875 25.002307055972324 23.001084128573712
1192.6875 25.00428967400328 23.00203728748422
1193.1875 25.006303635075454 23.002982434406555
1193.6875 25.008291760498466 23.00391921405477
1194.1875 25.01030355533878 23.004866816994415
1194.6875 25.012273198708158 23.005817614039877
1195.1875 25.014272819975062 23.006762544674338
1195.6875 25.01626678227946 23.0076966484284
1196.1875 25.018271447385633 23.008649417695295
1196.6875 25.020227428932962 23.00959327818147
1197.1875 25.02221843264531 23.01053544668268
1197.6875 25.024204073241684 23.011473321661637
1198.1875 25.02619971779236 23.012409251029794
1198.6875 25.02818859841559 23.013342336368044
1199.1875 25.030200240546353 23.014290242984185
1199.6875 25.032155060481173 23.0152277299152
1200.1875 25.034157143267276 23.01615471147725
1200.6875 25.03616233651823 23.017093536334094
1201.1875 25.03816057392467 23.018025225632584
1201.6875 25.040128139344407 23.01896599988291
1202.1875 25.042104292136884 23.0199021417805
1202.6875 25.044087235218306 23.020839580334794
1203.1875 25.046071344899254 23.02176863496989
1203.6875 25.04807234769059 23.022694888753055
1204.1875 25.050062922509756 23.02363440799519
1204.6875 25.052019617873956 23.024565839831897
1205.1875 25.054001868596178 23.025486333316188
1205.6875 25.05599333142119 23.026417213194186
1206.1875 25.05796971831488 23.0273445741372
1206.6875 25.0599345694647 23.028277311471534
1207.1875 25.0619463892668 23.029199521316524
1207.6875 25.063922359826513 23.030131528175556
1208.1875 25.065893754533136 23.03105288301198
1208.6875 25.067873755040104 23.031982137143782
1209.1875 25.06988746464183 23.032908448509897
1209.6875 25.07184958215939 23.03383147364283
1210.1875 25.073829540748143 23.034749837557197
1210.6875 25.075811908611207 23.035684632855045
1211.1875 25.077777464882615 23.036605104831644
1211.6875 25.079745238020518 23.037526851636553
1212.1875 25.081754810492956 23.038450277910947
1212.6875 25.083712616301707 23.03937447574809
1213.1875 25.085701641857302 23.040290016793207
1213.6875 25.087657354773228 23.041207904987683
1214.1875 25.089627644225544 23.042137261733437
1214.6875 25.091626679674064 23.0430410299866
1215.1875 25.09358136538315 23.04396363234288
1215.6875 25.095569232879832 23.044892765787786
1216.1875 25.097534164397523 23.045796633900064
1216.6875 25.09951275142974 23.046726714745866
1217.1875 25.101457273286726 23.047624064637994
1217.6875 25.103440973721508 23.04854556629487
1218.1875 25.105407810798287 23.049470455928386
1218.6875 25.107397609932832 23.050382915637645
1219.1875 25.109338522542615 23.051293747823788
1219.6875 25.111320918129977 23.05221642954468
1220.1875 25.113266577909354 23.053112533928307
1220.6875 25.11525085333366 23.054030739538064
1221.1875 25.117199652410676 23.054934084378512
1221.6875 25.11916281344666 23.055848469604268
1222.1875 25.121114460391887 23.056764185548456
1222.6875 25.123074461660618 23.05766139579064
1223.1875 25.125033443747284 23.058570602027114
1223.6875 25.127006132170035 23.059480532089292
1224.1875 25.128969683677123 23.060381725463976
1224.6875 25.13093961190904 23.061292583011102
1225.1875 25.132861946707425 23.062196007034373
1225.6875 25.134831591731558 23.06310845500652
1226.1875 25.13676839830445 23.064016884586387
1226.6875 25.13871464400789 23.06490767790221
1227.1875 25.140660247238536 23.06580391564738
1227.6875 25.14263157763082 23.066709366146753
1228.1875 25.1445901022506 23.067605960802936
1228.6875 25.146507093489355 23.06850922307781
1229.1875 25.148457811485745 23.06940605309219
1229.6875 25.15040380742016 23.070312693144576
1230.1875 25.15233234496048 23.071196966874723
1230.6875 25.154289288318527 23.0720947541497
1231.1875 25.15621232111247 23.072996746933363
1231.6875 25.158138673246878 23.073894765368262
1232.1875 25.160072298044373 23.074790480269705
1232.6875 25.16199737156835 23.075675784772713
1233.1875 25.163949419868374 23.07656550490417
1233.6875 25.165882884311138 23.07746288468618
1234.1875 25.167802070053828 23.078350574382412
1234.6875 25.16973679925166 23.07923352497625
1235.1875 25.171638016386545 23.080129309264464
1235.6875 25.173561485241002 23.081011590931094
1236.1875 25.175499275813962 23.081899221356046
1236.6875 25.17741170725863 23.082785009336998
1237.1875 25.17932509395586 23.083666327733315
1237.6875 25.1812324350392 23.08455028102966
1238.1875 25.18317009747449 23.08542885501239
1238.6875 25.18506843518521 23.086309551460303
1239.1875 25.18696734970826 23.087196280020738
1239.6875 25.188871760572024 23.088088721054095
1240.1875 25.190782771125313 23.088958299409942
1240.6875 25.192678008677852 23.08983752513801
1241.1875 25.194589892077527 23.090714193283684
1241.6875 25.19648701532443 23.091595189864
1242.1875 25.19839051991571 23.09246657424079
1242.6875 25.200294844669546 23.093347471675134
1243.1875 25.202204916924124 23.094218362176843
1243.6875 25.204072987729717 23.095079347105518
1244.1875 25.205984294568115 23.0959655408863
1244.6875 25.20786961923553 23.09684643129552
1245.1875 25.20975355983626 23.09772007705665
1245.6875 25.21165278673287 23.09858413827778
1246.1875 25.213522491444937 23.099449602250193
1246.6875 25.21541436737945 23.100320818987544
1247.1875 25.217300986373623 23.10118432443092
1247.6875 25.21920684977855 23.102043426438314
1248.1875 25.221064804969096 23.10292643343427
1248.6875 25.222921132244174 23.103791020599076
1249.1875 25.224808586468562 23.10465778216898
1249.6875 25.226707081967152 23.105510939880194
1250.1875 25.228567230970288 23.106374500716655
1250.6875 25.230421101406137 23.10724069555841
1251.1875 25.232322465661106 23.10810697196831
1251.6875 25.234192543330394 23.108958706567662
1252.1875 25.23603273604927 23.10982192659417
1252.6875 25.237910144526936 23.110678046297334
1253.1875 25.239752771420214 23.11153262151642
1253.6875 25.24160129998056 23.112398957055326
1254.1875 25.24346895158522 23.113254790087588
1254.6875 25.245320526485067 23.114114372702694
1255.1875 25.247168731882944 23.114970639324042
1255.6875 25.24902430057347 23.1158193696805
1256.1875 25.25087089733801 23.116672100834705
1256.6875 25.252729223957914 23.117515303163273
1257.1875 25.254562292268744 23.118375892777742
1257.6875 25.256406386937094 23.119214667266142
1258.1875 25.258221415178433 23.120062613675426
1258.6875 25.2600856140581 23.120907985136743
1259.1875 25.26189517975031 23.1217530975697
1259.6875 25.263712781765967 23.122600014924096
1260.1875 25.265542201023795 23.123440528925347
1260.6875 25.267371100935556 23.124292573687985
1261.1875 25.269171798712783 23.12512575547754
1261.6875 25.271009298585344 23.12596625584319
1262.1875 25.272826951655652 23.12680813218978
1262.6875 25.27464007764987 23.127650580013896
1263.1875 25.276434515778064 23.128479904120773
1263.6875 25.27824535955881 23.12932134711098
1264.1875 25.28003464289506 23.130159599254757
1264.6875 25.281850967693845 23.130983547944194
1265.1875 25.283653797332914 23.13182080910633
1265.6875 25.285441641122333 23.132647375052958
1266.1875 25.28724470054783 23.13348841421589
1266.6875 25.28902871051877 23.13431923719748
1267.1875 25.290816401070675 23.135144729268504
1267.6875 25.29259254871816 23.135963757553334
1268.1875 25.294361705615017 23.13679718758973
1268.6875 25.296127731587607 23.13761715087487
1269.1875 25.297887207373904 23.13844259677886
1269.6875 25.299666978312576 23.1392609910025
1270.1875 25.301444331896693 23.140079032848412
1270.6875 25.30319128468609 23.140906037803223
1271.1875 25.304943439507525 23.141709240473883
1271.6875 25.306698912749106 23.14252849354409
1272.1875 25.30846229169888 23.1433512570238
1272.6875 25.310188558098282 23.144171396580766
1273.1875 25.311945951510666 23.1449811970811
1273.6875 25.313679719594184 23.14579839386458
1274.1875 25.315405976526066 23.146598117693216
1274.6875 25.317124286773073 23.147414928587843
1275.1875 25.31885823716042 23.148222836102647
1275.6875 25.320575276762437 23.149010496386467
1276.1875 25.322297894216334 23.149827963091653
1276.6875 25.324015457424835 23.15063751648149
1277.1875 25.325727023616892 23.151427900395145
1277.6875 25.32740972834459 23.15223244763688
1278.1875 25.329120924006943 23.15303036097708
1278.6875 25.33079479836116 23.153814734749055
1279.1875 25.332499997765442 23.154608361926368
1279.6875 25.33414450631114 23.155404267630768
1280.1875 25.335829949237194 23.156184989063963
1280.6875 25.33747862096094 23.156968218703604
1281.1875 25.339150225364406 23.15777037881512
1281.6875 25.34077685248863 23.15853605952393
1282.1875 25.342410292340823 23.15932102584219
1282.6875 25.34403316548779 23.16009135112273
1283.1875 25.345675647432163 23.1608720329953
1283.6875 25.347323352195595 23.161645262748408
1284.1875 25.3489336565911 23.16241728336328
1284.6875 25.350550983007402 23.163190788061357
1285.1875 25.352155033103255 23.163955899199642
1285.6875 25.353747590724023 23.16472092166684
1286.1875 25.355349622725623 23.165487414908664
1286.6875 25.356947006264082 23.166264741677548
1287.1875 25.35856917184944 23.167023110274698
1287.6875 25.360116188820324 23.167784945926805
1288.1875 25.3617165634672 23.168549257873245
1288.6875 25.36329760532361 23.1693046136342
1289.1875 25.364842102686072 23.170074821757645
1289.6875 25.366410413846914 23.170814839752047
1290.1875 25.367989511486208 23.17157638834423
1290.6875 25.36952733083709 23.17232376106665
1291.1875 25.37111356844993 23.17307319724057
1291.6875 25.372679862532983 23.173831045714746
1292.1875 25.374218993044234 23.174577761394527
1292.6875 25.375773342293513 23.175335680931756
1293.1875 25.37730454689537 23.17608308688868
1293.6875 25.37886394245021 23.176830842664103
1294.1875 25.38038407387232 23.177578180040157
1294.6875 25.381928385621112 23.17832033745311
1295.1875 25.383431477301887 23.17906141823789
1295.6875 25.385002364188033 23.179813096822887
1296.1875 25.386500939088776 23.180558753983796
1296.6875 25.388046671940884 23.181302306733468
1297.1875 25.389554438205618 23.182048733822636
1297.6875 25.3910797677702 23.182782727198624
1298.1875 25.39258520732251 23.183531639639234
1298.6875 25.394127150025017 23.184271767500277
1299.1875 25.395650868359112 23.18501959038004
1299.6875 25.397165712502417 23.18575396425461
1300.1875 25.39868751658409 23.186501981569453
1300.6875 25.40019253976606 23.187223773387558
1301.1875 25.401701895612952 23.18797992264059
1301.6875 25.403210919066215 23.188717296306457
1302.1875 25.404720062120806 23.189451604713348
1302.6875 25.406239105753713 23.190201788452768
1303.1875 25.407747292653838 23.190927829671615
1303.6875 25.409260020495076 23.19166991014022
1304.1875 25.410765936382877 23.192408599696726
1304.6875 25.41229632757027 23.19315696879088
1305.1875 25.413766219900495 23.193895924044334
1305.6875 25.41530681346441 23.194633663564108
1306.1875 25.416791233140366 23.195367754280426
1306.6875 25.41831602688945 23.196111651700697
1307.1875 25.419819704906 23.19684503178596
1307.6875 25.421362030066838 23.197596086952913
1308.1875 25.422853792426405 23.198339242810377
1308.6875 25.424387813564067 23.19908007021056
1309.1875 25.425901795035234 23.199821117090494
1309.6875 25.42741175749281 23.200557811602714
1310.1875 25.428940358495595 23.20130248438982
1310.6875 25.43047609953033 23.20205622314367
1311.1875 25.431996153927866 23.202799971304792
1311.6875 25.433533896657107 23.203544862366332
1312.1875 25.43506417429743 23.20428887131426
1312.6875 25.436597996064524 23.20503223303058
1313.1875 25.438094755747475 23.20578418904482
1313.6875 25.43967010773217 23.206536194450344
1314.1875 25.441185424293362 23.207278481564778
1314.6875 25.442719074446064 23.20801997727922
1315.1875 25.444221477711825 23.20875888025001
1315.6875 25.445721689681747 23.209512591787256
1316.1875 25.447272973742695 23.210255994144553
1316.6875 25.44879201324771 23.210994876915407
1317.1875 25.45027662875322 23.211734548201505
1317.6875 25.45178290197113 23.21247387437726
1318.1875 25.45328669947652 23.21320403863745
1318.6875 25.454789161059246 23.21394683138394
1319.1875 25.456285843866073 23.21468643737457
1319.6875 25.457795743758883 23.215428860631402
1320.1875 25.45930890788819 23.216157060392565
1320.6875 25.46079250724869 23.21689644905708
