FastTrWP/PhaseSpace/IAs/snIa_0.57_30.00_0.12_-0.05.csv
# %ECSV 0.9
# ---
# datatype:
# - {name: time-rel, datatype: float64}
# - {name: g, datatype: float64}
# - {name: i, datatype: float64}
# schema: astropy-2.0
time-rel g i
[from data line 1076]
124.0 23.50854896207243 22.35446611125717
124.5 23.50965732060006 22.354320315905728
125.0 23.51078859669707 22.354180366615783
125.5 23.511918956718105 22.354043847577877
126.0 23.51304960931026 22.353910293940974
126.5 23.514186252299787 22.353773946347538
127.0 23.51533770951277 22.353638716373116
127.5 23.516501052523296 22.35350510689781
128.0 23.51765496722015 22.353383306176656
128.5 23.518816902630885 22.35325114884858
129.0 23.519979997274753 22.353135217878677
129.5 23.521162714847847 22.353016781151883
130.0 23.522342189745146 22.352896796825856
130.5 23.5235189360304 22.352788337180904
131.0 23.524711824917553 22.352669999682014
131.5 23.525889512165982 22.352562382053836
132.0 23.52710390258715 22.352455837970354
132.5 23.52828857624369 22.35235572730586
133.0 23.529506878714304 22.352249333593363
133.5 23.530728280755046 22.352144382108207
134.0 23.53194000929839 22.35204898202772
134.5 23.53316846953064 22.351948001087564
135.0 23.53437495588033 22.351857995723343
135.5 23.535606317136192 22.35176376377939
136.0 23.53685286398934 22.35167058011698
136.5 23.538076325685036 22.351582901664273
137.0 23.53932206288285 22.35149956077009
137.5 23.540563585136447 22.351411966362026
138.0 23.54181257224084 22.351334848707523
138.5 23.543061460885546 22.351250371617507
139.0 23.544328236173136 22.35117902933244
139.5 23.545590991432878 22.35109764430428
140.0 23.546844933679253 22.35102173074214
140.5 23.548116349226976 22.350951656634322
141.0 23.549382691344896 22.350884826400762
141.5 23.550659683821443 22.35080616619175
142.0 23.55193362769297 22.350748869307054
142.5 23.55322253135714 22.35068434146383
143.0 23.554494396003314 22.3506142123734
143.5 23.555778984199417 22.350551758819105
144.0 23.557063738180517 22.350492463099133
144.5 23.558360470660293 22.350440348970068
145.0 23.55964991148179 22.350379290748577
145.5 23.560956867500458 22.35032588635111
146.0 23.562243296852845 22.35026845541986
146.5 23.5635504950058 22.35022206401334
147.0 23.564856642554744 22.350173954574085
147.5 23.566154904354338 22.350122110407533
148.0 23.567458306146097 22.35007396572697
148.5 23.568764522114904 22.350032467808806
149.0 23.57009611151467 22.349983493948514
149.5 23.57140700628897 22.349950230478868
150.0 23.572712328551575 22.349907874450242
150.5 23.574029073209168 22.34986413750977
151.0 23.575343892056612 22.349821192575984
151.5 23.576660971035185 22.34978876841908
152.0 23.577980380011443 22.34975515398681
152.5 23.579301874231582 22.349719871381524
153.0 23.58063475391052 22.349692400658352
153.5 23.581947365097943 22.349661574077174
154.0 23.58328593523475 22.34962712124448
154.5 23.584605982653173 22.34960391086167
155.0 23.585943818577615 22.34957544188708
155.5 23.58727676552622 22.349551669194348
156.0 23.58862748866821 22.349524202550406
156.5 23.589964415934027 22.349510233160665
157.0 23.59132956584365 22.349494997519187
157.5 23.592677424819946 22.349477560381132
158.0 23.594034330131283 22.34946272487896
158.5 23.59541959659143 22.34945587938705
159.0 23.596773291594154 22.34944357737745
159.5 23.598155641279636 22.349439461927677
160.0 23.59954111260207 22.349433385539513
160.5 23.600920435943877 22.349439520578443
161.0 23.602310935723075 22.349433956164546
161.5 23.60370447338112 22.349436749609964
162.0 23.605097925619898 22.349443718970914
162.5 23.606520686319907 22.34944706835939
163.0 23.607917705139194 22.3494555668108
163.5 23.609321576900708 22.349461798827353
164.0 23.61074146247686 22.349483797979467
164.5 23.612147455588143 22.349496222157732
165.0 23.6135793108527 22.34950612748694
165.5 23.615005356383367 22.34952095143449
166.0 23.616432712735392 22.34954242892638
166.5 23.617872878633413 22.349562316362977
167.0 23.619307819933148 22.349589895825936
167.5 23.620748072343932 22.349614863885037
168.0 23.622204324687285 22.349636623255527
168.5 23.623650434495115 22.349667848919328
169.0 23.625092172644337 22.349697857345557
169.5 23.626549639804026 22.349729547730405
170.0 23.628002627864205 22.349762937935054
170.5 23.629470682460777 22.34979791570602
171.0 23.63093616129046 22.349836256512255
171.5 23.632407610546764 22.34987078386629
172.0 23.633888864224495 22.34991744226464
172.5 23.635343042085957 22.349951838600624
173.0 23.63682831678485 22.349995862841794
173.5 23.63829987202756 22.350048828265336
174.0 23.639781066793578 22.3500941534448
174.5 23.641277519830908 22.35013579341125
175.0 23.642751819456112 22.350193978568353
175.5 23.644238906007917 22.35023997891084
176.0 23.64573557018831 22.35029728967227
176.5 23.6472320971229 22.35034821543905
177.0 23.648727652608077 22.350405322027903
177.5 23.650228589656223 22.350458052402423
178.0 23.651720458359662 22.35052127168325
178.5 23.65322912414406 22.350579275017665
179.0 23.654750811440024 22.350641055687515
179.5 23.656248042267187 22.350699259384932
180.0 23.657762004692234 22.350771585257043
180.5 23.659257046125216 22.350836859479667
181.0 23.66078320068981 22.35089576635325
181.5 23.662301481664535 22.350962877178265
182.0 23.663806544382474 22.351033622658516
182.5 23.66532553919771 22.351109044474853
183.0 23.666844849763248 22.3511806682177
183.5 23.66836797952946 22.3512441018544
184.0 23.66989072823654 22.351323711357878
184.5 23.671416485182 22.35140203569708
185.0 23.67294218891228 22.35147690992896
185.5 23.674459693101937 22.351551739323988
186.0 23.675982264050237 22.351633059269037
186.5 23.67751322978419 22.351713228715862
187.0 23.679041801094975 22.351788008459025
187.5 23.68057327514355 22.35186976972908
188.0 23.68208853308218 22.351957327557326
188.5 23.683631253903506 22.352041567492407
189.0 23.685148636937768 22.35213106982944
189.5 23.68668868374446 22.352210492879614
190.0 23.688218054552554 22.35229280434696
190.5 23.6897473497997 22.35238163644722
191.0 23.69128640030349 22.352475262750254
191.5 23.692797976087494 22.352557145937695
192.0 23.694337635900826 22.352656094723642
192.5 23.695880122482585 22.352744323428766
193.0 23.697409987794387 22.352835794250062
193.5 23.698938025883223 22.352928208859574
194.0 23.70048605233622 22.353029622900653
194.5 23.70202883034079 22.35311945314027
195.0 23.703574420790694 22.353222909517385
195.5 23.705122563876095 22.35332490907791
196.0 23.70666460520291 22.353435005072527
196.5 23.70822475176034 22.353531139999316
197.0 23.70978568832588 22.353635081484022
197.5 23.71132600964327 22.353740842346408
198.0 23.712899574608635 22.353848978456867
198.5 23.714443249034677 22.353955497257868
199.0 23.716012189701992 22.354069672962368
199.5 23.717580297840996 22.35417568908844
200.0 23.719133924671148 22.354293472652405
200.5 23.72072008829708 22.354412235617204
201.0 23.722295136355953 22.35452787363522
201.5 23.723858233295225 22.354647706840648
202.0 23.725428127098056 22.354757294468953
202.4999999999999 23.727016223305448 22.35488254501428
203.0 23.728587413040714 22.355001611119235
203.5 23.7301663456606 22.355126221626918
203.9999999999999 23.73175507780241 22.35525029761087
204.5 23.733347833865146 22.35538442705851
205.0 23.7349339408212 22.355501765981785
205.4999999999999 23.736515680980446 22.35562974756818
206.0 23.73812215541448 22.35575974143877
206.5 23.73971393570088 22.35589117679543
206.9999999999999 23.741303517502477 22.35602771100677
207.5 23.742908759342654 22.356161156224946
208.0 23.744498665934035 22.356291869302957
208.4999999999999 23.746106503279236 22.356418874469593
209.0 23.7477055362268 22.35656728751515
209.5 23.74932201608434 22.35670654377113
209.9999999999999 23.75092640889661 22.356843336463506
210.5 23.752535025075538 22.356988968285275
211.0 23.754147346930754 22.35713707090433
211.4999999999999 23.755779108593522 22.357274857035225
212.0 23.757388730445324 22.357421330489622
212.5 23.759004861717926 22.357567714348807
212.9999999999999 23.7606281017214 22.357712354339196
213.5 23.762247788607755 22.35786406486651
214.0 23.763883421499422 22.358023776147213
214.4999999999999 23.765504088842484 22.35816902093741
215.0 23.76713456559417 22.358319771069684
215.5 23.76876064742011 22.358469799707635
215.9999999999999 23.77040372309519 22.35863229977791
216.5 23.77204455523998 22.358787764187706
217.0 23.773674223253334 22.358954467234142
217.4999999999999 23.77531054870326 22.359111558758652
218.0 23.77695984955862 22.359268651338226
218.5 23.778605600265728 22.359434711399615
218.9999999999999 23.780253446002902 22.359589626142448
219.5 23.781914375577834 22.35975774020419
220.0 23.78355713251109 22.359930858466814
220.4999999999999 23.785207512480934 22.360095438178192
221.0 23.78685737699187 22.36026344752077
221.5 23.788511339932477 22.360435927912654
221.9999999999999 23.790186484201765 22.360609189309773
222.5 23.791835860106858 22.360778925940615
223.0 23.7934993858508 22.360952884677037
223.4999999999999 23.795165049389418 22.36112536377693
224.0 23.796831774659196 22.36130219093182
224.5 23.798503513964327 22.361481207425754
224.9999999999999 23.800167405265746 22.36166249784338
225.5 23.801840717812304 22.361838508979762
226.0 23.803515892902833 22.36202322888446
226.4999999999999 23.805188981880043 22.362202124831235
227.0 23.806875088098565 22.362389549316127
227.5 23.808552132889837 22.36257007670404
227.9999999999999 23.810239152140802 22.362762875432544
228.5 23.811926304864997 22.362952647480302
229.0 23.813602751374653 22.363135190059083
229.4999999999999 23.81528823982869 22.363318567193375
230.0 23.816976059604876 22.36351578751575
230.5 23.81867854924392 22.363711561421912
230.9999999999999 23.820363424388997 22.363903123309406
231.5 23.822062908251663 22.36409817299583
232.0 23.823773191446392 22.364293051342877
232.4999999999999 23.82547199282389 22.364495956283154
233.0 23.827194937056518 22.364696581708795
233.5 23.82889150190602 22.36489702243905
233.9999999999999 23.830614449766088 22.365097978859787
234.5 23.832311119924107 22.365299513765365
235.0 23.834035497221187 22.365507358796993
235.4999999999999 23.835748053605677 22.365709572694215
236.0 23.837452322924744 22.365924546865713
236.5 23.83917870731279 22.366127947060633
236.9999999999999 23.840910608495957 22.366341359313104
237.5 23.84264593992707 22.36655456499645
238.0 23.844362375911793 22.366767235511034
238.4999999999999 23.846101619377677 22.36698446010012
239.0 23.847844368646655 22.367198582288523
239.5 23.849571515305094 22.367419630195933
239.9999999999999 23.851313932290168 22.367639608517912
240.5 23.853064419826655 22.367853886225255
241.0 23.85478457403938 22.368078808126604
241.4999999999999 23.8565452294307 22.36830119035197
242.0 23.85830012117517 22.36852558094619
242.5 23.860045232080104 22.368748125574033
242.9999999999999 23.86180439052586 22.368982733117676
243.5 23.86356130797219 22.369204545395878
244.0 23.86531461836381 22.369435817723176
244.4999999999999 23.867080748012576 22.369668661375
245.0 23.86885073458393 22.369899973478596
245.5 23.870602249151712 22.370133077156275
245.9999999999999 23.872373994183963 22.370372320347837
246.5 23.874144012494796 22.370603753846005
247.0 23.875911647145514 22.37084423941414
247.4999999999999 23.87769826232491 22.371080724933176
248.0 23.8794651999643 22.371319352009074
248.5 23.8812599701305 22.371560304272137
248.9999999999999 23.883027820693044 22.371803566882164
249.5 23.884813783455364 22.372051190178
250.0 23.886592047446005 22.37229440998725
250.4999999999999 23.88838185143037 22.37253801767071
251.0 23.89017830875372 22.372786139137887
251.5 23.891967810989478 22.3730349875326
251.9999999999999 23.893747934328808 22.37328849920036
252.5 23.895567020344256 22.373539994935424
253.0 23.89734913481486 22.373789886116725
253.4999999999999 23.89915325988723 22.37404272084496
254.0 23.900965569316245 22.374291742267975
254.5 23.90276821992442 22.3745542387228
254.9999999999999 23.904561563515934 22.374813838839586
255.5 23.906388811277232 22.375070947708235
256.0 23.908195078440585 22.37533054611071
256.4999999999999 23.9100090766658 22.375585863791855
257.0 23.911818718684433 22.375846020471055
257.5 23.91364488029709 22.376108456402065
257.9999999999999 23.915468035560835 22.376373394682684
258.5 23.91727688350773 22.376637581256595
259.0 23.919116146085052 22.376903391285676
259.4999999999999 23.92094899674882 22.377175699615478
260.0 23.922779487495923 22.377449906554936
260.5 23.924614434651023 22.377714065066222
260.9999999999999 23.926440756922744 22.377981538841514
261.5 23.928281844620713 22.37825084150341
262.0 23.930105486948655 22.378528918057388
262.4999999999999 23.931944454273278 22.378798180289024
263.0 23.933792147793163 22.37907995436394
263.5 23.935636582164577 22.379349269032318
263.9999999999999 23.937481862216057 22.37962893196554
264.5 23.939330502923667 22.379904059215686
265.0 23.94117319133914 22.380191567927664
265.4999999999999 23.943035698004707 22.38046349277781
266.0 23.944871343589277 22.380751046748827
266.5 23.946730150254886 22.381032065872745
266.9999999999999 23.948599475637344 22.381313480309295
267.5 23.95045069531385 22.381599684721213
268.0 23.952320564006413 22.381891578845597
268.4999999999999 23.954187827368983 22.382173709482792
269.0 23.956065006943813 22.382467227527854
269.5 23.95793442269232 22.38275159237405
269.9999999999999 23.959811467100675 22.383050252781093
270.5 23.961698621340034 22.383341938067105
271.0 23.963600862060844 22.383639938128557
271.4999999999999 23.965488880945095 22.383937168209723
272.0 23.967380776089957 22.384235877732234
272.5 23.96927919309831 22.384534699892853
272.9999999999999 23.97118897009487 22.384837791349202
273.5 23.973094618023232 22.385133252481843
274.0 23.97500601510309 22.385445081093884
274.4999999999999 23.97690443016314 22.385752472932815
275.0 23.978835025378746 22.38605491651824
275.5 23.980743796651357 22.386365984130833
275.9999999999999 23.982686262404936 22.386674098423516
276.5 23.984603349284974 22.386989265303562
277.0 23.986535812226425 22.38729940763264
277.4999999999999 23.988465444131442 22.387612196848533
278.0 23.99041378149719 22.387928412179278
278.5 23.9923332118841 22.388240844458643
278.9999999999999 23.994272380827248 22.38855976358138
279.5 23.996227661968202 22.388879666181158
280.0 23.998166458835648 22.389202161311538
280.4999999999999 24.00011552556707 22.38952034953442
281.0 24.002077049663914 22.389844968446244
281.5 24.004021319305945 22.39016473923271
281.9999999999999 24.00599168360135 22.390491575314883
282.5 24.007935649701775 22.390821589813132
283.0 24.009902864157624 22.3911435812993
283.4999999999999 24.0118472990843 22.391478582664206
284.0 24.013816387911746 22.391805313400724
284.5 24.015785599718864 22.39213151146034
284.9999999999999 24.01775883395913 22.39246167776936
285.5 24.019712737926007 22.392799459827046
286.0 24.021696089916077 22.393123722706033
286.4999999999999 24.023664083071317 22.393468224385778
287.0 24.025640960632366 22.39380051109987
287.5 24.02762439959343 22.39414155509148
287.9999999999999 24.029588824577424 22.394484413650012
288.5 24.03157911092015 22.394815596122022
289.0 24.033555647789413 22.395159418541443
289.4999999999999 24.035525632057713 22.395493347683185
290.0 24.037508871200224 22.395841711358365
290.5 24.03948510458115 22.39618445650739
290.9999999999999 24.041482267138754 22.39652553131242
291.5 24.043458242720682 22.396864208548873
292.0 24.045455414110762 22.397216672849947
292.4999999999999 24.047431648522736 22.39755780344264
293.0 24.04941413980589 22.397910892728923
293.5 24.051382415519697 22.398257206700954
293.9999999999999 24.053390643338727 22.398605284650145
294.5 24.05537509028391 22.39895695661245
295.0 24.05734712800819 22.399306873549637
295.4999999999999 24.05934206767439 22.39965502651039
296.0 24.061337460607255 22.399999113999392
296.5 24.063301944154727 22.400362258496646
296.9999999999999 24.06528850155345 22.40071061037189
297.5 24.067268377053157 22.401065893618505
298.0 24.069258274891595 22.40142019245998
298.4999999999999 24.071241236985507 22.40178158190282
299.0 24.0732290797245 22.402137222721063
