FastTrWP/PhaseSpace/IAs/snIa_0.61_30.00_1.17_0.08.csv
# %ECSV 0.9
# ---
# datatype:
# - {name: time-rel, datatype: float64}
# - {name: g, datatype: float64}
# - {name: i, datatype: float64}
# schema: astropy-2.0
time-rel g i
[from data line 1073]
67.0 24.02349115452958 22.225543234396348
67.5 24.024010671521282 22.225325369519116
68.0 24.024525982538513 22.225106925835853
68.5 24.025070425752567 22.22489000679159
69.0 24.02560374061953 22.224673801104423
69.5 24.026147615817234 22.22446582023064
70.0 24.026690783272517 22.22424807612198
70.5 24.027252372964206 22.224038961397813
71.0 24.02779944573828 22.223829854932955
71.5 24.028347498870662 22.223624029225
72.0 24.02892199771012 22.223417438076822
72.5 24.029487550689677 22.223212679845005
73.0 24.030059968583352 22.223013517265812
73.5 24.030636944072853 22.22280854303296
74.0 24.03122654167212 22.22260051708407
74.5 24.03180680155873 22.222405146642995
75.0 24.03237890514329 22.222202242524354
75.5 24.03297761132711 22.222014996853975
76.0 24.03358303651432 22.221813283243005
76.5 24.034179501948035 22.22161954311707
77.0 24.034787876154002 22.221428615672192
77.5 24.035394117284604 22.221240979989844
78.0 24.036018816398794 22.2210507755026
78.5 24.036644268841904 22.220861412415935
79.0 24.037256034753085 22.220669776581015
79.5 24.037884593381506 22.22049027057563
80.0 24.03852233762182 22.220300817872385
80.5 24.03915569979492 22.22012125097617
81.0 24.039802500024212 22.219938400678227
81.5 24.04044219612816 22.21975912303941
82.0 24.041081790701192 22.219578861262864
82.5 24.041761814764634 22.219399372916143
83.0 24.04240283118138 22.21922354077485
83.5 24.043073888085445 22.219050078631433
84.0 24.043742309864356 22.218878964709
84.5 24.04440599946891 22.21870889200919
85.0 24.045095158833014 22.21853752682216
85.5 24.045762180025637 22.218365929596647
86.0 24.046452089733307 22.21819814031988
86.5 24.04714133923838 22.21803641651764
87.0 24.0478460655773 22.217866299854666
87.5 24.048545232878332 22.217706562050864
88.0 24.049245864171326 22.21754388398483
88.5 24.049951332933745 22.21738801016095
89.0 24.050683544186494 22.217230520864774
89.5 24.05138664788948 22.21707198922525
90.0 24.052120621554817 22.216916425940365
90.5 24.052847258989583 22.216759160117086
91.0 24.05357984966369 22.21660479292643
91.5 24.05431288860701 22.21645574319553
92.0 24.055063630346368 22.21630146481435
92.5 24.05580481778135 22.216165553073917
93.0 24.056556964804457 22.21601647544673
93.5 24.05731108337217 22.215868970497034
94.0 24.058062409027784 22.215723361141926
94.5 24.05883093761245 22.215581317188693
95.0 24.059607160756272 22.21543873481103
95.5 24.060396815794363 22.21530593740971
96.0 24.061159660743677 22.215162190689544
96.5 24.06196415210459 22.215029821902018
97.0 24.06273585432062 22.214895551281533
97.5 24.06353779591757 22.21476057397377
98.0 24.064346638624738 22.214624045892105
98.5 24.065151620699194 22.21449937259385
99.0 24.065970023648152 22.214373234306453
99.5 24.066766659977294 22.214249117240385
100.0 24.06759185734371 22.214119635811876
100.5 24.068411481507283 22.21399403175529
101.0 24.069240639275375 22.213876429801157
101.5 24.070085359318515 22.213752340900346
102.0 24.07093106904803 22.21363254920049
102.5 24.07177016999956 22.21351715303344
103.0 24.072607525090515 22.213398508326527
103.5 24.073469296878756 22.213286019809107
104.0 24.07433002207351 22.21317223071235
104.5 24.075204750617516 22.21306827796159
105.0 24.076073073292136 22.212952240112802
105.5 24.076937027294285 22.212845367940798
106.0 24.077832381826756 22.212734328768917
106.5 24.07871513642471 22.212633758171634
107.0 24.079624706344198 22.21252684774283
107.5 24.08051882254561 22.212431546900024
108.0 24.08143894096088 22.212325149413694
108.5 24.08234441567928 22.212225248668005
109.0 24.083285994888698 22.212130739230123
109.5 24.084210510780082 22.212037951761904
110.0 24.085143746913843 22.211942045395013
110.5 24.086106776197596 22.21184868059574
111.0 24.087056335704744 22.211762213689518
111.5 24.08801306889871 22.21167025300819
112.0 24.088987991499895 22.21157998388267
112.5 24.08996076221811 22.211497057061308
113.0 24.090951973519694 22.21141270902671
113.5 24.091932548300974 22.21132632759995
114.0 24.092941513604778 22.21125039516085
114.5 24.09394666034899 22.211166043844397
115.0 24.094950408786517 22.211089427976045
115.5 24.095958749223314 22.21101246483306
116.0 24.09697675295146 22.210939283784988
116.5 24.09800579149448 22.210861754510788
117.0 24.099045047301637 22.21078601999097
117.5 24.100084513244195 22.21071596005968
118.0 24.101124396794987 22.210641372729846
118.5 24.10216904937435 22.210583581631248
119.0 24.10322136411622 22.21051378620416
119.5 24.10429645844929 22.210443736221904
120.0 24.10535939225349 22.21038400132725
120.5 24.106419286446496 22.210315733859836
121.0 24.10750766336925 22.210257514215677
121.5 24.10859810990643 22.210197574756055
122.0 24.109683218145832 22.210141645033055
122.5 24.110760226254374 22.210091561305557
123.0 24.111864470752895 22.21003293332537
123.5 24.112957262133254 22.209975612217185
124.0 24.114061609363866 22.20992449107063
124.5 24.11516089527586 22.209873450849464
125.0 24.116286434005218 22.209822488218226
125.5 24.11741137981053 22.209777862953747
126.0 24.11853617358104 22.20973339842503
126.5 24.119641134511298 22.209686591381605
127.0 24.12077419036023 22.209640918820245
127.5 24.12192270690511 22.20959884884063
128.0 24.123056667515883 22.209559507311635
128.5 24.124202245929737 22.209522738316494
129.0 24.12534210429464 22.20948543627815
129.5 24.1264915204516 22.209446561915
130.0 24.12762907167735 22.209411307881908
130.5 24.128795814026304 22.209375898676033
131.0 24.129941895981272 22.209343516406705
131.5 24.131100852813386 22.20931175009322
132.0 24.1322704477085 22.209283650811958
132.5 24.133440179218102 22.209254980375196
133.0 24.13461570484659 22.209230163085437
133.5 24.135776171611546 22.209204770678124
134.0 24.136935863402876 22.20917748870205
134.5 24.138120179193233 22.209158947540825
135.0 24.13929792293353 22.209134569846327
135.5 24.140476620997813 22.209120844542426
136.0 24.141650551955994 22.209097999467215
136.5 24.142844509274465 22.20908064135009
137.0 24.144030631554617 22.209064413180975
137.5 24.145226372272784 22.209047570541692
138.0 24.14640891902043 22.20903661584028
138.5 24.147608305552666 22.209024828894577
139.0 24.14876501172055 22.20901328852454
139.5 24.149986515558478 22.209008217535107
140.0 24.15116452328572 22.208997949162075
140.5 24.152360526032687 22.20898756986415
141.0 24.153554335485204 22.20898797705747
141.5 24.154751051319792 22.208975038848937
142.0 24.155940631972356 22.208984690902124
142.5 24.157149039711783 22.208986278986625
143.0 24.158333184953214 22.208982717322602
143.5 24.159538833583166 22.208985662919627
144.0 24.160738035526368 22.208986145503246
144.5 24.16193492205497 22.20898945776539
145.0 24.163114545936118 22.20899620937064
145.5 24.16432689723193 22.20900142238279
146.0 24.16553874807792 22.209017575878537
146.5 24.166736834309994 22.20902321998265
147.0 24.167976754777442 22.209032288927247
147.5 24.16919666932987 22.209048586809274
148.0 24.170431694927256 22.209059530643277
148.5 24.171645384478797 22.20907570804084
149.0 24.172884999234636 22.209096078419623
149.5 24.17414184075923 22.209116083163533
150.0 24.175379335121736 22.20912932431933
150.5 24.17663035336693 22.209155792434178
151.0 24.177887344766145 22.209182098405442
151.5 24.179144233413243 22.209202600978358
152.0 24.180412587505042 22.209231357998164
152.5 24.18167501438244 22.20925659521807
153.0 24.182947586998456 22.20928831411188
153.5 24.184234189436232 22.209322654346366
154.0 24.185517134837745 22.20935518474399
154.5 24.186792731251828 22.209389184820797
155.0 24.188075468857825 22.209418078880812
155.5 24.189375381403885 22.209456609840355
156.0 24.190672047856786 22.20949782287154
156.5 24.191954418863876 22.20953501677331
157.0 24.193276019686078 22.20957974144831
157.5 24.194567832842772 22.209623010734173
158.0 24.19587029953464 22.209664584622494
158.5 24.19717907467828 22.209706016836755
159.0 24.1984997358381 22.209754846243406
159.5 24.199813896028076 22.2098028095736
160.0 24.201145451600187 22.209851698465783
160.5 24.202453260375123 22.209906466639108
161.0 24.203781245228395 22.20995626844493
161.5 24.20512284783298 22.210010571619776
162.0 24.20644657018061 22.210057822862915
162.5 24.207778734226153 22.210114263674075
163.0 24.209110960319947 22.210175527614496
163.5 24.210448972722048 22.21023284279643
164.0 24.211803822847994 22.21029663044534
164.5 24.21312251435964 22.210353875103902
165.0 24.21446679352689 22.210415302050578
165.5 24.215813075647038 22.210478726774156
166.0 24.217164508813454 22.21054029137221
166.5 24.21851323559881 22.2106145566595
167.0 24.219847619079008 22.21068659223354
167.5 24.2212319419445 22.210745128044632
168.0 24.222575365372926 22.210819584704822
168.5 24.22393187412591 22.210893591859996
169.0 24.225283958226086 22.210964088391535
169.5 24.22663917545755 22.21104079951616
170.0 24.228000453488487 22.211115165474812
170.5 24.229360910945786 22.211195395744213
171.0 24.230715559685333 22.21127320885988
171.5 24.23207767520106 22.211352044680446
172.0 24.23345234473399 22.211430225913553
172.5 24.23478549168881 22.211515495501494
173.0 24.236171291516186 22.211597644268473
173.5 24.237533902100065 22.211685081078357
174.0 24.238891567335912 22.211770208186937
174.5 24.240264284667123 22.211856343547577
175.0 24.241628505119262 22.211946989473276
175.5 24.242976975640268 22.212031581919
176.0 24.24436535649499 22.212133280069235
176.5 24.24572679030757 22.212214639165
177.0 24.24708854611775 22.212309853542077
177.5 24.24844131466605 22.212406912208394
178.0 24.24981861294259 22.21250335144748
178.5 24.251172744285544 22.21260044176196
179.0 24.25254773521275 22.2126953763887
179.5 24.253890115502976 22.212800450125666
180.0 24.25526103471487 22.21289620161634
180.5 24.256619848238216 22.21300369624923
181.0 24.257983405580482 22.213099410199817
181.5 24.259337490005777 22.213203599026528
182.0 24.26067661640151 22.213315482423077
182.5 24.262045463399215 22.213414942004274
183.0 24.26339361011802 22.213531176505423
183.5 24.264751606081756 22.213633616146076
184.0 24.266108295547216 22.213748728598866
184.5 24.267462877686754 22.213862375962954
185.0 24.268801603784816 22.21397026250206
185.5 24.270172997178246 22.214082717038103
186.0 24.271516083859773 22.214198229013476
186.5 24.2728909868374 22.21432106998318
187.0 24.274246871296796 22.21444535846192
187.5 24.27560554308258 22.21456081333252
188.0 24.276959575910904 22.214678624573775
188.5 24.27832928383905 22.2148080342459
189.0 24.279690905149806 22.21492532418905
189.5 24.28105576418439 22.215057024899565
190.0 24.28241538895117 22.21518249535858
190.5 24.28380764316615 22.21530863751965
191.0 24.28515550854174 22.215436438220667
191.5 24.286535415085673 22.215576340885875
192.0 24.28788523098614 22.21569642620654
192.5 24.289264303886977 22.215835305339912
192.9999999999999 24.290644901158515 22.215969081919734
193.5 24.292022435651397 22.216106039252317
194.0 24.29339235471913 22.216250489387793
194.4999999999999 24.2947524635945 22.21638374689807
195.0 24.29614792486359 22.21652381672071
195.5 24.29751404200772 22.216672252286518
195.9999999999999 24.2988992240493 22.216812201404803
196.5 24.300267732419712 22.21694678017188
197.0 24.30164332884582 22.217097087254185
197.4999999999999 24.303027828826664 22.217243162328586
198.0 24.30440279148108 22.217399260806793
198.5 24.305777867657174 22.21754251389095
198.9999999999999 24.307162379379392 22.21769956179393
199.5 24.30855187296174 22.217848957624096
200.0 24.309940731026074 22.218003143378375
200.4999999999999 24.31131324667681 22.218153611483903
201.0 24.312711680270993 22.218309684977356
201.5 24.314103021268984 22.218465728463354
201.9999999999999 24.315477359711938 22.218624291134823
202.5 24.31688898064951 22.21878475103083
203.0 24.318257684284546 22.218949764743954
203.4999999999999 24.31966639179666 22.21910785861364
204.0 24.321030506205524 22.219272190255616
204.5 24.322434217309656 22.21943159294235
204.9999999999999 24.3238142026072 22.21960341805872
205.5 24.325224101722768 22.21976810211583
206.0 24.32660886692856 22.21993412380511
206.4999999999999 24.32802203174369 22.220110038316534
207.0 24.329411710680443 22.220277121693734
207.5 24.33081148489942 22.220448917630303
207.9999999999999 24.332215833982165 22.22062366572249
208.5 24.33360562977873 22.22079813301011
209.0 24.334999955049877 22.220979219743022
209.4999999999999 24.33639342277251 22.22114830697746
210.0 24.337813278548126 22.221331606354777
210.5 24.339222945591604 22.22151343373042
210.9999999999999 24.340619149592907 22.221693229761172
211.5 24.342015780521265 22.221870413884936
212.0 24.343422445675603 22.22205555737474
212.4999999999999 24.344831726378867 22.222244656887256
213.0 24.346237710968044 22.222424121378964
213.5 24.347647406032557 22.222610091089543
213.9999999999999 24.349061250470502 22.222800229856734
214.5 24.35045939973216 22.222988130884943
215.0 24.351875359659797 22.223174391939725
215.4999999999999 24.353288268276103 22.22337452906279
216.0 24.35469511755027 22.223566364349647
216.5 24.356110340894105 22.223758654298237
216.9999999999999 24.357517243781114 22.22395468864179
217.5 24.35893710710774 22.224149639744265
218.0 24.360350640497966 22.22434430475054
218.4999999999999 24.361758611066982 22.224546271806954
219.0 24.363170177882782 22.224746741839777
219.5 24.36458517439124 22.224950795872044
219.9999999999999 24.366012144775723 22.225151645555947
220.5 24.36742693790686 22.22534842221586
221.0 24.368846821343176 22.225561383475593
221.4999999999999 24.37025943830776 22.22576130281357
222.0 24.37169837984971 22.225970223791776
222.5 24.37309706323616 22.22617787090148
222.9999999999999 24.37452526914875 22.226385161356372
223.5 24.37593450002709 22.226593009274012
224.0 24.377375862350558 22.22681001945134
224.4999999999999 24.378783168283654 22.22702056084154
225.0 24.380223199355576 22.227238415133236
225.5 24.38166035731649 22.227457591459874
225.9999999999999 24.383074784820188 22.22767289471831
226.5 24.384494105820863 22.22788905546777
227.0 24.385931419772348 22.228111744533035
227.4999999999999 24.38733928893619 22.228331728161976
228.0 24.388775533337604 22.228560747862787
228.5 24.39019978674715 22.228780309015566
228.9999999999999 24.391641475855074 22.22900265453646
229.5 24.39308660864341 22.22923345067163
230.0 24.39450470905736 22.229461903032327
230.4999999999999 24.395937917865634 22.229694732858537
231.0 24.397371454970653 22.229925915543724
231.5 24.3988097945301 22.230157479507234
231.9999999999999 24.400240895549263 22.230391999118673
232.5 24.401700174992786 22.230627284008445
233.0 24.40312154185911 22.230866012467597
233.4999999999999 24.404580976822295 22.23109966180298
234.0 24.40601484589251 22.231339175779116
234.5 24.40743988378116 22.231571928905524
234.9999999999999 24.408875621254342 22.23182082515084
235.5 24.410321328336902 22.23206357323635
236.0 24.411775446513822 22.232304890191834
236.4999999999999 24.41321259060681 22.232545844851913
237.0 24.4146455475815 22.23279511262478
237.5 24.416117904413692 22.233038470510994
237.9999999999999 24.417553276325776 22.233292432962234
238.5 24.418985283985283 22.233541681649278
239.0 24.420446793451944 22.233796029727685
239.4999999999999 24.42190082549525 22.234045566179294
240.0 24.42336212066538 22.23430449812119
240.5 24.424791470901294 22.23455759984781
240.9999999999999 24.426256877974737 22.23480512486939
241.5 24.427706691965444 22.235075440506446
242.0 24.429160009586752 22.23533156341975
242.4999999999999 24.430616991122328 22.235587683036165
243.0 24.43207055656426 22.235842967885787
243.5 24.433535087107153 22.236112366463846
243.9999999999999 24.434975459483308 22.236373109877864
244.5 24.436435716071156 22.23663993030172
245.0 24.437894201537283 22.236900104335522
245.4999999999999 24.43933794000303 22.237166992426097
246.0 24.440801460607528 22.23743960286503
246.5 24.44227871917612 22.23770768505748
246.9999999999999 24.44373103857435 22.237976112585258
