FastTrWP/PhaseSpace/IAs/snIa_0.30_30.00_-0.28_0.10.csv
# %ECSV 0.9
# ---
# datatype:
# - {name: time-rel, datatype: float64}
# - {name: g, datatype: float64}
# - {name: i, datatype: float64}
# schema: astropy-2.0
time-rel g i
[from data line 1446]
939.1666666666666 23.453250969318336 22.634819608094002
939.6666666666666 23.455005621544277 22.636058575612807
940.1666666666665 23.456769763053327 22.63730002498019
940.6666666666666 23.458521635014154 22.638542252318985
941.1666666666666 23.460293884838226 22.63977022539528
941.6666666666665 23.46205907141565 22.641005362650233
942.1666666666666 23.46382085463063 22.642226301959308
942.6666666666666 23.465589072063132 22.64346547376972
943.1666666666665 23.467359090788314 22.64470212242216
943.6666666666666 23.469134971992904 22.645934675840586
944.1666666666666 23.470895398094168 22.64717503300322
944.6666666666665 23.472679080703674 22.648414914454666
945.1666666666666 23.47445061886188 22.649662855316784
945.6666666666666 23.476231980988334 22.65090490404457
946.1666666666665 23.47801965420715 22.652160712836213
946.6666666666666 23.479801378497545 22.653401326335903
947.1666666666666 23.481589353480107 22.65465298192821
947.6666666666665 23.483381812329633 22.655916165891096
948.1666666666666 23.4851628823718 22.65717189114269
948.6666666666666 23.48696306240703 22.658427847074115
949.1666666666665 23.488752726290755 22.65968299649642
949.6666666666666 23.490543133730938 22.660949214444187
950.1666666666666 23.4923489583217 22.66220795959231
950.6666666666665 23.494152764187444 22.66348055769658
951.1666666666666 23.495955687364038 22.66473727258058
951.6666666666666 23.49774994232121 22.666001575359523
952.1666666666665 23.499565836394538 22.66727097091353
952.6666666666666 23.501366018365708 22.668534334229797
953.1666666666666 23.503172762920556 22.66980111296894
953.6666666666665 23.504993044668943 22.671077831378106
954.1666666666666 23.50680543394741 22.672343928755826
954.6666666666666 23.50861081445178 22.67361459626693
955.1666666666665 23.51043145295101 22.67489237514651
955.6666666666666 23.512252201835775 22.676159502996317
956.1666666666666 23.514076463939713 22.677431816813716
956.6666666666665 23.515885303556328 22.678693493804282
957.1666666666666 23.517696912511454 22.679962512638824
957.6666666666666 23.519531693784938 22.681237150497896
958.1666666666665 23.52135043907344 22.682512649442668
958.6666666666666 23.523183123497788 22.68378386140595
959.1666666666666 23.52501575555341 22.6850453732513
959.6666666666665 23.526853316304987 22.6863212092891
960.1666666666666 23.528678372391944 22.687588275400024
960.6666666666666 23.53051831790681 22.6888551757858
961.1666666666665 23.5323412796146 22.690122966490193
961.6666666666666 23.534171551582787 22.69138473451835
962.1666666666666 23.53602037962789 22.692659998954326
962.6666666666665 23.537854677705976 22.693921339314617
963.1666666666666 23.539693518159712 22.69518540498688
963.6666666666666 23.54153077587885 22.6964438252571
964.1666666666665 23.54337380097739 22.697698676980522
964.6666666666666 23.545218489522885 22.69896369003174
965.1666666666666 23.54706423412673 22.700216150633747
965.6666666666665 23.548904638842313 22.701465401038025
966.1666666666666 23.550745035633355 22.70272631399084
966.6666666666666 23.552589889344205 22.703972270105687
967.1666666666665 23.55444421692051 22.705228731801412
967.6666666666666 23.556285321215633 22.706468443773204
968.1666666666666 23.55814440712445 22.707718129947946
968.6666666666665 23.5599931745579 22.708949612177282
969.1666666666666 23.561852251805657 22.710195198278193
969.6666666666666 23.563697602590658 22.711424525425006
970.1666666666665 23.565554144244793 22.712661533773243
970.6666666666666 23.567397348518572 22.713890526378666
971.1666666666666 23.569258492650917 22.715118247867878
971.6666666666665 23.57112217976052 22.71634168223903
972.1666666666666 23.57296566549246 22.717567989803833
972.6666666666666 23.574824440362573 22.718783316437793
973.1666666666665 23.576681380509086 22.719994835025794
973.6666666666666 23.578527306823652 22.721212925795587
974.1666666666666 23.580393923579706 22.722422245713187
974.6666666666665 23.58224244927395 22.72363082255447
975.1666666666666 23.584104367385986 22.724828734830282
975.6666666666666 23.585966185017277 22.72604277660468
976.1666666666665 23.5878363069168 22.727239233139528
976.6666666666666 23.58969738666783 22.728449335427516
977.1666666666666 23.59155246736527 22.72963582441276
977.6666666666665 23.59342311391858 22.73084285884923
978.1666666666666 23.59528994417415 22.73203632208051
978.6666666666666 23.597163291205653 22.733233767261886
979.1666666666665 23.599013842126652 22.734425705271825
979.6666666666666 23.600888766926182 22.735617674681823
980.1666666666666 23.602764506285666 22.73680930083718
980.6666666666665 23.60463186138553 22.737993488927764
981.1666666666666 23.60649899227273 22.739187077535398
981.6666666666666 23.608372200609395 22.740369675995137
982.1666666666665 23.610257078194298 22.74155096654402
982.6666666666666 23.612124928826805 22.74272933247311
983.1666666666666 23.614008933686375 22.743912821520148
983.6666666666665 23.615877153224485 22.74509778079537
984.1666666666666 23.617758443812896 22.74626857966584
984.6666666666666 23.619637852958256 22.747439123342037
985.1666666666665 23.62151867504214 22.748620011854687
985.6666666666666 23.62340682927888 22.74978992105278
986.1666666666666 23.625293109733285 22.750961174162242
986.6666666666665 23.627180412416276 22.75213635436817
987.1666666666666 23.629058329727393 22.753304540784196
987.6666666666666 23.63095553117972 22.75446821203625
988.1666666666665 23.63284309074938 22.755631195125265
988.6666666666666 23.634732431708315 22.756789489663
989.1666666666666 23.636624643458596 22.757951253333665
989.6666666666665 23.638511789580793 22.759117666877287
990.1666666666666 23.640404368792417 22.760267362007855
990.6666666666666 23.642308079897482 22.761435383117554
991.1666666666665 23.644208859123665 22.76259001820961
991.6666666666666 23.646108225938903 22.763739768785815
992.1666666666666 23.648005931748944 22.764888901500523
992.6666666666665 23.649897411037575 22.7660416781234
993.1666666666666 23.651816820939047 22.767185945425158
993.6666666666666 23.65371964840002 22.7683488590222
994.1666666666665 23.65561983983081 22.76948698153288
994.6666666666666 23.657534491547153 22.77063389755532
995.1666666666666 23.65944210240822 22.771772520751096
995.6666666666665 23.66135090058444 22.772920161693087
996.1666666666666 23.663254144933546 22.774055863541065
996.6666666666666 23.6651774345694 22.775199202195395
997.1666666666666 23.667102346198384 22.776338615847166
997.6666666666666 23.66901761179539 22.77746817307279
998.1666666666666 23.67092709938714 22.778601258354428
998.6666666666666 23.6728455407739 22.77973020164444
999.1666666666666 23.674788367813385 22.780864535672247
999.6666666666666 23.676703937243254 22.781990487876772
1000.1666666666666 23.67861855890088 22.783129196258546
1000.6666666666666 23.680553659820312 22.784257983593026
1001.1666666666666 23.682486406325253 22.78537422929302
1001.6666666666666 23.684418875497006 22.786507292148347
1002.1666666666666 23.68635033369284 22.787625063228347
1002.6666666666666 23.688284673419602 22.788745502670828
1003.1666666666666 23.690222186067547 22.78986369387599
1003.6666666666666 23.692167739967203 22.790991446654445
1004.1666666666666 23.69409607272881 22.792103302238864
1004.6666666666666 23.696041921586847 22.793216012913877
1005.1666666666666 23.69797792608876 22.794339544311608
1005.6666666666666 23.699944401642558 22.795449691831877
1006.1666666666666 23.701877205724962 22.796556054594127
1006.6666666666666 23.70383596544699 22.79766797637818
1007.1666666666666 23.705786030264044 22.798776707757007
1007.6666666666666 23.70772773799578 22.799886171133913
1008.1666666666666 23.709686169547428 22.800988317099815
1008.6666666666666 23.711624834343233 22.80208185461397
1009.1666666666666 23.713578578876948 22.803191789687705
1009.6666666666666 23.715549967290276 22.80428751916482
1010.1666666666666 23.71750233394723 22.805393516112193
1010.6666666666666 23.719466411753896 22.806473239533716
1011.1666666666666 23.721428848046855 22.80757294121001
1011.6666666666666 23.72339526940907 22.808668153833338
1012.1666666666666 23.725356581383753 22.809749561988987
1012.6666666666666 23.72731447665275 22.810838258847525
1013.1666666666666 23.729291528037074 22.811924504550788
1013.6666666666666 23.731254004106447 22.813011020440896
1014.1666666666666 23.73323026335744 22.814092073068966
1014.6666666666666 23.735195222947148 22.815175406229585
1015.1666666666666 23.7371693119046 22.81625424259124
1015.6666666666666 23.739160520402166 22.8173428597609
1016.1666666666666 23.74114009189814 22.818404709578786
1016.6666666666666 23.743110930940556 22.819481218459885
1017.1666666666666 23.745087638831627 22.820556621831876
1017.6666666666666 23.74707333784036 22.821621298527074
1018.1666666666666 23.74905345692874 22.82269187623626
1018.6666666666666 23.751038579353782 22.82375808990907
1019.1666666666666 23.753029840839993 22.824833957287005
1019.6666666666666 23.755015408217123 22.825890345642623
1020.1666666666666 23.757010238455806 22.82695042714019
1020.6666666666666 23.759006238280428 22.828011018736202
1021.1666666666666 23.76100677911978 22.829071565826368
1021.6666666666666 23.76299645843445 22.83012876908925
1022.1666666666666 23.765001981080047 22.831182437380587
1022.6666666666666 23.767004684095 22.832234809584598
1023.1666666666666 23.768999268106185 22.833295193717902
1023.6666666666666 23.771004452803655 22.834334949581944
1024.1666666666667 23.77301579924236 22.835381530605492
1024.6666666666667 23.775021655370807 22.836430189180355
1025.1666666666667 23.777028040450816 22.83747941243005
1025.6666666666667 23.77903899256725 22.8385197844773
1026.1666666666667 23.78106054239837 22.839564399195517
1026.6666666666667 23.78306437303489 22.840598104592914
1027.1666666666667 23.785083390442626 22.841635835853648
1027.6666666666667 23.787104929399796 22.84267106247109
1028.1666666666667 23.789130250705174 22.843710640314264
1028.6666666666667 23.791152564430014 22.8447451276984
1029.1666666666667 23.793187503255552 22.845763895749865
1029.6666666666667 23.795218797598213 22.846789200550464
1030.1666666666667 23.797254511410433 22.84783370359151
1030.6666666666667 23.799279734352275 22.84885179597022
1031.1666666666667 23.801313516622564 22.849876167475532
1031.6666666666667 23.803353218084553 22.850898213491643
1032.1666666666667 23.80539388620449 22.851928411199243
1032.6666666666667 23.807434083891202 22.852940129486605
1033.1666666666667 23.809476920907308 22.85395252539071
1033.6666666666667 23.81152106064311 22.854970560927033
1034.1666666666667 23.813590487279875 22.855983731171847
1034.6666666666667 23.815634316624244 22.856993781826667
1035.1666666666667 23.81767993839148 22.858000390262884
1035.6666666666667 23.81972901000436 22.85901377880566
1036.1666666666667 23.821795803886072 22.86002931662248
1036.6666666666667 23.823858764694226 22.861030872582567
1037.1666666666667 23.825908882833854 22.86203690701236
1037.6666666666667 23.82796797667961 22.863030670342894
1038.1666666666667 23.83005207326761 22.86403241789928
1038.6666666666667 23.832125053326667 22.8650255203707
1039.1666666666667 23.834187671732604 22.866025070563136
1039.6666666666667 23.836269180599686 22.867025063824432
1040.1666666666667 23.83833930781305 22.868015855163417
1040.6666666666667 23.8404114412228 22.86899717988571
1041.1666666666667 23.842495711126542 22.869985777906315
1041.6666666666667 23.84457688374194 22.870968307258003
1042.1666666666667 23.84667132378453 22.871955191667954
1042.6666666666667 23.848743914556284 22.872933952436618
1043.1666666666667 23.85082800190487 22.873910516272936
1043.6666666666667 23.85293112980412 22.87488994766659
1044.1666666666667 23.855013061527096 22.875861570849693
1044.6666666666667 23.85711517517299 22.876836938721254
1045.1666666666667 23.859209089502013 22.877812061978112
1045.6666666666667 23.86129371746035 22.87877936610899
1046.1666666666667 23.863407414420532 22.87974960083975
1046.6666666666667 23.865511202892236 22.88070922839971
1047.1666666666667 23.867604779170307 22.881673069876776
1047.6666666666667 23.869719314367813 22.882637649683964
1048.1666666666667 23.87183639552276 22.88359072736494
1048.6666666666667 23.8739405980521 22.884544773310882
1049.1666666666667 23.876054404981165 22.885507315103595
1049.6666666666667 23.87818345942652 22.886459878821334
1050.1666666666667 23.880288945428823 22.887419494431054
1050.6666666666667 23.882422889698717 22.888361041308794
1051.1666666666667 23.884539414575908 22.889313052016853
1051.6666666666667 23.886675765868198 22.890253862384853
1052.1666666666667 23.888794874261748 22.891207954828914
1052.6666666666667 23.89092124058148 22.89213393454242
1053.1666666666667 23.89306172297679 22.89308413655259
1053.6666666666667 23.89518674960968 22.89401740307561
1054.1666666666667 23.897314127131462 22.89496112252526
1054.6666666666667 23.89946479292871 22.89589545094797
1055.1666666666667 23.9016014242003 22.896815257079496
1055.6666666666667 23.90375535336311 22.89774991360722
1056.1666666666667 23.90589717445173 22.89867898373629
1056.6666666666667 23.908052487960994 22.89960180536196
1057.1666666666667 23.91019391647548 22.900529464249026
1057.6666666666667 23.912344359961256 22.901455775001168
1058.1666666666667 23.91449642655468 22.902366400293374
1058.6666666666667 23.916662387256128 22.903286738788957
1059.1666666666667 23.91882747709048 22.904207371246045
1059.6666666666667 23.920987207789437 22.905120826771203
1060.1666666666667 23.923147063476236 22.906037074507157
1060.6666666666667 23.92532003838077 22.906948183333277
1061.1666666666667 23.927489838452818 22.90785386117132
1061.6666666666667 23.929654374280464 22.90876203491453
1062.1666666666667 23.931824613495877 22.90967200515945
1062.6666666666667 23.934009529110316 22.91057932685129
1063.1666666666667 23.93619639282536 22.91146874840136
1063.6666666666667 23.938374078232698 22.912380651040515
1064.1666666666667 23.94055830994069 22.913278734972632
1064.6666666666667 23.9427435418955 22.91417443306625
1065.1666666666667 23.944928209966704 22.915071976601034
1065.6666666666667 23.947126550344922 22.915950149555556
1066.1666666666667 23.949317028451592 22.9168485907498
1066.6666666666667 23.951522325054558 22.91774284521701
1067.1666666666667 23.953703614667297 22.918626024149816
1067.6666666666667 23.95591323348173 22.91950667423816
1068.1666666666667 23.9581269647366 22.920398899894575
1068.6666666666667 23.96032284375593 22.9212622416191
1069.1666666666667 23.962548192748592 22.922143087453954
1069.6666666666667 23.964765356576624 22.92301833607029
1070.1666666666667 23.96698707752605 22.92388531686745
1070.6666666666667 23.969205027658738 22.924751645611657
1071.1666666666667 23.97144450547616 22.925614543746036
1071.6666666666667 23.973668231900305 22.92647530298751
1072.1666666666667 23.975899755866674 22.927341151599304
1072.6666666666667 23.9781572707353 22.928204229841963
1073.1666666666667 23.98039257834815 22.92905487511512
1073.6666666666667 23.98262520337292 22.92990491756632
1074.1666666666667 23.984868253850955 22.930760480478313
1074.6666666666667 23.98713442510459 22.93160028933334
1075.1666666666667 23.989385142185867 22.93244921894885
1075.6666666666667 23.991637977990187 22.933302287166804
1076.1666666666667 23.99390434995583 22.934137766848778
1076.6666666666667 23.996154196885556 22.934981912410308
1077.1666666666667 23.998420701001496 22.93580654994571
1077.6666666666667 24.000700094203715 22.936651482070957
1078.1666666666667 24.002967382583694 22.937484160697487
1078.6666666666667 24.005243425011248 22.93831330740847
1079.1666666666667 24.00751532032773 22.939128533574223
1079.6666666666667 24.009793774316698 22.939967832665346
1080.1666666666667 24.012071168955636 22.940781593574737
1080.6666666666667 24.014351315134 22.94160655957095
1081.1666666666667 24.016628980772836 22.942430354797978
1081.6666666666667 24.01892428500361 22.943253389242905
1082.1666666666667 24.021203324705006 22.944069675879348
