FastTrWP/PhaseSpace/IAs/snIa_0.38_30.00_1.59_-0.15.csv
# %ECSV 0.9
# ---
# datatype:
# - {name: time-rel, datatype: float64}
# - {name: g, datatype: float64}
# - {name: i, datatype: float64}
# schema: astropy-2.0
time-rel g i
[from data line 1347]
828.6875 23.040908224488675 22.630632436930366
829.1874999999999 23.041966862171137 22.630771454430363
829.6875 23.04302904095309 22.630918234619894
830.1875 23.044080814909783 22.6310711175201
830.6874999999999 23.045146770209687 22.63122449872241
831.1875 23.046214253164 22.631374619988982
831.6875 23.047271136920866 22.631524857045275
832.1874999999999 23.048345715673683 22.63168944062357
832.6875 23.049400992150282 22.63184624841129
833.1875 23.050472778946606 22.63200379920027
833.6874999999999 23.051536351805183 22.632160762858838
834.1875 23.052599879662772 22.632322175683196
834.6875 23.053668780182953 22.63249184102726
835.1874999999999 23.054736861751767 22.63265856872643
835.6875 23.055808801618255 22.632813676410603
836.1875 23.056880651476636 22.632980759540914
836.6874999999999 23.057947104534993 22.633164331317257
837.1875 23.059024671207876 22.633326144523366
837.6875 23.060100484902954 22.63350539985792
838.1874999999999 23.061166995178283 22.633676750997118
838.6875 23.062241347358274 22.633853680156435
839.1875 23.063315644511896 22.63402425024892
839.6874999999999 23.064402459376975 22.63421132434226
840.1875 23.065481350259272 22.634387402447143
840.6875 23.066548987813242 22.63457187872578
841.1874999999999 23.06763388317392 22.634754350504707
841.6875 23.068714828637713 22.634939576551925
842.1875 23.069793649918292 22.635127430662116
842.6874999999999 23.07087982705964 22.63531815901866
843.1875 23.071950562398555 22.635513522869715
843.6875 23.073038240932057 22.63570940104699
844.1874999999999 23.074127862993077 22.635898615878617
844.6875 23.075218757113216 22.636095903207192
845.1875 23.076292490196565 22.636304417594406
845.6874999999999 23.077384764379065 22.636493575081577
846.1875 23.078476279353232 22.636694437319633
846.6875 23.079566991338865 22.636894725477962
847.1874999999999 23.08064971791246 22.63710014976904
847.6875 23.081745783571673 22.637305107707803
848.1875 23.082832244682866 22.637522253168598
848.6874999999999 23.08392716096521 22.637734399663536
849.1875 23.08502033930942 22.637945695000713
849.6875 23.086108857746837 22.63815822747372
850.1874999999999 23.08721440520355 22.63837441533017
850.6875 23.088313217463828 22.63858927282749
851.1875 23.089398424000123 22.63880778958519
851.6874999999999 23.090497292439416 22.639028804812476
852.1875 23.091599805552757 22.639258913380303
852.6875 23.092693348120086 22.6394765878436
853.1874999999999 23.09379773695938 22.639710681693472
853.6875 23.094897197382846 22.639933811229227
854.1875 23.096004105816228 22.640168039996738
854.6874999999999 23.09709911270295 22.6404080230962
855.1875 23.098208619054926 22.640640303355987
855.6875 23.099319612476794 22.640873158288105
856.1874999999999 23.100427937711583 22.641108162453275
856.6875 23.101522731278443 22.64135538354864
857.1875 23.102623786197746 22.64159712334039
857.6874999999999 23.10374851737063 22.64183773712283
858.1875 23.104840310115577 22.642087850866286
858.6875 23.105960030078837 22.64233298125767
859.1874999999999 23.107076038132828 22.642588308869286
859.6875 23.108175146068714 22.642834938798543
860.1875 23.109294946658082 22.643089655890314
860.6874999999999 23.11040311731525 22.64334691614902
861.1875 23.11152748273824 22.64360399073075
861.6875 23.112633154119568 22.643860196485363
862.1874999999999 23.113754885724052 22.64412196468816
862.6875 23.11486678458705 22.644386173466067
863.1875 23.115980397089977 22.644653357719694
863.6874999999999 23.117108998684603 22.644929604966485
864.1875 23.118224107513168 22.645199600408947
864.6875 23.119344190040945 22.645473833649103
865.1874999999999 23.120458627466853 22.645740430862794
865.6875 23.12158435681932 22.646022722264597
866.1875 23.122711993349974 22.64630470656014
866.6874999999999 23.123831964657555 22.64657782064081
867.1875 23.12496550763524 22.64686684502147
867.6875 23.12608944051889 22.647151135906256
868.1874999999999 23.127219050731505 22.64743613413782
868.6875 23.128342374246394 22.64772705352483
869.1875 23.129470333266816 22.648007504575656
869.6874999999999 23.130598783004018 22.648303354132292
870.1875 23.131738733143354 22.64859841537469
870.6875 23.132855824009372 22.6488944519538
871.1874999999999 23.133994704529606 22.649187612773765
871.6875 23.135125663600974 22.64949080824067
872.1875 23.13624907432999 22.64979914475322
872.6874999999999 23.13739254667853 22.650106308540167
873.1875 23.138528663841438 22.65040481779558
873.6875 23.139667064685643 22.650707995119372
874.1874999999999 23.140809747202574 22.651027608768295
874.6875 23.141939729386657 22.651338040702427
875.1875 23.143083267753298 22.65164467027536
875.6874999999999 23.144226949980528 22.6519610916735
876.1875 23.14536233460222 22.65227725378201
876.6875 23.146507638864435 22.652601026047616
877.1874999999999 23.147651934876066 22.65291350938049
877.6875 23.148786551135863 22.653238404903192
878.1875 23.14994066677832 22.6535672562744
878.6874999999999 23.151088529915434 22.653895731303308
879.1875 23.152231354230103 22.654215201794973
879.6875 23.153379124883816 22.654555029332165
880.1874999999999 23.154541506006012 22.65487908292654
880.6875 23.155687190104544 22.655215374577132
881.1875 23.156840376487573 22.6555421432465
881.6874999999999 23.157992041299792 22.655882424196
882.1875 23.15914450323917 22.656218380782462
882.6875 23.160294701220998 22.656566227775908
883.1874999999999 23.16145082385195 22.656904202281524
883.6875 23.162609560076 22.657251502024923
884.1875 23.16377023251512 22.657596147704613
884.6874999999999 23.164930544091135 22.6579483875784
885.1875 23.166081507379197 22.658297685100578
885.6875 23.167245893194185 22.65864639405041
886.1874999999999 23.168408492268156 22.659000866045975
886.6875 23.169574922022925 22.65935033654962
887.1875 23.170746112616 22.659702082723186
887.6874999999999 23.171905769427134 22.660071005238823
888.1875 23.173059830621593 22.66042928849061
888.6875 23.174238876717112 22.660788920467752
889.1874999999999 23.17540583605352 22.661149334821147
889.6875 23.176571724291758 22.66151550224648
890.1875 23.177733953341125 22.661879358571376
890.6874999999999 23.17890742525012 22.66224453600769
891.1875 23.180075612548656 22.66261399519386
891.6875 23.181251908422922 22.66298784574972
892.1874999999999 23.182427291784812 22.663365869975998
892.6875 23.183598294374494 22.663732486348053
893.1875 23.18477562212316 22.66410915098721
893.6874999999999 23.185955065826573 22.66448529876266
894.1875 23.18713419756164 22.66486073763651
894.6875 23.188311111284378 22.66525171215438
895.1874999999999 23.189491961518435 22.665629579086204
895.6875 23.19067759759955 22.666016438280735
896.1875 23.191856308128344 22.66640491067229
896.6874999999999 23.193046786381277 22.666790431471846
897.1875 23.194230755153256 22.66718425595738
897.6875 23.195419566307585 22.667577592754377
898.1874999999999 23.196603648871662 22.667962141971078
898.6875 23.197794049841953 22.668361637976165
899.1875 23.1989784005302 22.668756804009874
899.6874999999999 23.200162849555866 22.66915703222604
900.1875 23.20137206774004 22.669562686678283
900.6875 23.20254894534592 22.66996889619394
901.1874999999999 23.20374652544463 22.670371390180332
901.6875 23.20492640434811 22.670779925154427
902.1875 23.206125738094812 22.67119200983469
902.6874999999999 23.207326582088026 22.67159787158461
903.1875 23.20852956667786 22.672012813929214
903.6875 23.20971635345996 22.672424442321073
904.1874999999999 23.210920465613 22.67284212573173
904.6875 23.21212130999404 22.673254448589596
905.1875 23.213316729194208 22.67367612363365
905.6874999999999 23.214521874294626 22.674100920417757
906.1875 23.21572738441979 22.674523721835325
906.6875 23.21693017108878 22.674948470958626
907.1874999999999 23.218138113725683 22.67537692840765
907.6875 23.219351982069057 22.675810563499947
908.1875 23.220559778179293 22.676240223916263
908.6874999999999 23.22175595428799 22.67667192505663
909.1875 23.222974397911887 22.677108425055156
909.6875 23.224183966261602 22.677544576504488
910.1874999999999 23.225408769002907 22.677979783497157
910.6875 23.226612988217298 22.678419600113017
911.1875 23.22782924463334 22.67886807602274
911.6874999999999 23.229045489237123 22.67930333696729
912.1875 23.230271320924846 22.679747775904836
912.6875 23.231483212042917 22.680198133925224
913.1874999999999 23.232687031916484 22.680651825074044
913.6875 23.233927821693328 22.681101647723914
914.1875 23.2351440066584 22.681552544413947
914.6874999999999 23.23637119545742 22.68199728421203
915.1875 23.23759203931798 22.682465695002776
915.6875 23.238809814123485 22.68292756762694
916.1874999999999 23.2400512504581 22.683381481135253
916.6875 23.24126279310594 22.683845486123424
917.1875 23.242504118683822 22.68430453669599
917.6874999999999 23.243728091359998 22.684770876998535
918.1875 23.24496012873189 22.68523934639046
918.6875 23.246186765843653 22.68570768068063
919.1874999999999 23.24743045514331 22.68617465774917
919.6875 23.248662094338908 22.686640440831688
920.1875 23.24989883503506 22.687117137265915
920.6874999999999 23.251140649384908 22.687601774028433
921.1875 23.252376675852396 22.68806676129397
921.6875 23.253607429127406 22.688546570357097
922.1874999999999 23.25486041565234 22.689026495395908
922.6875 23.256104679807606 22.689514676430317
923.1875 23.257347952733074 22.689992539429312
923.6874999999999 23.25860213077247 22.690477401305507
924.1875 23.259839157273156 22.690972546401717
924.6875 23.261084780044285 22.691459974896237
925.1874999999999 23.262337167461325 22.691949957703383
925.6875 23.263592095722615 22.692440477437184
926.1875 23.264847713793944 22.69294096850594
926.6874999999999 23.266090990675043 22.693432065274862
927.1875 23.26736322058867 22.69392738959815
927.6875 23.268609141973453 22.694432539508554
928.1874999999999 23.269867696428573 22.694930302346833
928.6875 23.271127336990027 22.69543132363575
929.1875 23.272386122021075 22.695933125284157
929.6874999999999 23.27365053271621 22.69644694391979
930.1875 23.274916482233074 22.696951423598307
930.6875 23.27617782395012 22.69746172818941
931.1874999999999 23.277453109678035 22.69797529566035
931.6875 23.278728649532702 22.69849487019396
932.1875 23.27999255942672 22.699010053229415
932.6874999999999 23.281255201261967 22.699532719241716
933.1875 23.28254551465566 22.700067917665244
933.6875 23.283813416523216 22.70058279658171
934.1874999999999 23.285088017630073 22.701111510031655
934.6875 23.28636635502988 22.70164026333895
935.1875 23.28763796542801 22.70217116515996
935.6874999999999 23.288920550094186 22.702703314686232
936.1875 23.290200785569162 22.703249516971567
936.6875 23.2914763155706 22.703780684367587
937.1874999999999 23.29276354431245 22.704316849778607
937.6875 23.294060905728706 22.704853681395726
938.1875 23.295344979893407 22.705399939926004
938.6874999999999 23.296636798629674 22.705948796739015
939.1875 23.297927094840784 22.70649114065264
939.6875 23.29921513879294 22.70703941385623
940.1874999999999 23.30050774589829 22.707597236296067
940.6875 23.30180838192595 22.70814572036491
941.1875 23.303104951154474 22.708694015505237
941.6874999999999 23.30440109702622 22.709262442869054
942.1875 23.305695172609866 22.709817150204508
942.6875 23.30700297514664 22.71037112044448
943.1874999999999 23.30830082178023 22.710928685900996
943.6875 23.3096042067585 22.711503321292984
944.1875 23.31091547885268 22.71206780839787
944.6874999999999 23.31221153724496 22.712630110031817
945.1875 23.313514950025844 22.713190045510206
945.6875 23.3148191075987 22.713759366764464
946.1874999999999 23.316129850934043 22.714333520496034
946.6875 23.317446509152898 22.714908161727404
947.1875 23.318758329570567 22.71547732045001
947.6874999999999 23.320056452974107 22.716059858790913
948.1875 23.321382585245377 22.716633922954344
948.6875 23.322694729407473 22.717205452424892
949.1874999999999 23.32401800310504 22.71778159314467
949.6875 23.325326596627832 22.71836804731075
950.1875 23.32664520437686 22.718949885601127
950.6874999999999 23.327961632423737 22.719531372272087
951.1875 23.329288404910788 22.720117419959358
951.6875 23.330611300622554 22.72070617079633
952.1874999999999 23.331930312560623 22.72128588774241
952.6875 23.333247856616236 22.721871816589086
953.1875 23.334571894361225 22.722463893298254
953.6874999999999 23.33589778346353 22.723059383753778
954.1875 23.337224281210645 22.723644333963517
954.6875 23.338546731886844 22.724238504026296
955.1874999999999 23.339879324221982 22.72483043913806
955.6875 23.341209283127 22.725431928122095
956.1875 23.342533398130797 22.72602871574294
956.6874999999999 23.343870394565975 22.726624006670995
957.1875 23.34520794012436 22.7272183917411
957.6875 23.346540518905115 22.727817789868286
958.1874999999999 23.347874085935455 22.728420561785466
958.6875 23.349204738544174 22.72901406248055
959.1875 23.350551780015895 22.729618206527352
959.6874999999999 23.35187181553613 22.730216007338356
960.1875 23.353221824151685 22.73082722539808
960.6875 23.35456455189552 22.731426231223505
961.1874999999999 23.355901724391753 22.732038057645326
961.6875 23.35723941696461 22.732638547456038
962.1875 23.35858012944847 22.733254590525558
962.6874999999999 23.35993441804584 22.73386319387757
963.1875 23.361267025018087 22.7344690126439
963.6875 23.36262404326068 22.735082856554477
964.1874999999999 23.363965444163032 22.735698907500492
964.6875 23.365316096209682 22.736311245177724
965.1875 23.36665871951046 22.736931966041396
965.6874999999999 23.36801691168681 22.73754914183889
966.1875 23.369376200267368 22.738169589977755
966.6875 23.37072785240812 22.738793219367047
967.1874999999999 23.372067575597896 22.739414381317516
967.6875 23.37343051420737 22.7400391663737
968.1875 23.37479627364953 22.740676236079768
968.6874999999999 23.37614039662683 22.741294699353467
969.1875 23.377510700452838 22.741930699152345
969.6875 23.378864210302616 22.742559155183596
970.1874999999999 23.380229089615867 22.743196805944308
970.6875 23.381592993933445 22.743830681381567
971.1875 23.38295276385997 22.74445762218039
971.6874999999999 23.384320918478515 22.745098642878496
972.1875 23.385697370343976 22.745738504033106
972.6875 23.387057354658047 22.746374579072196
973.1874999999999 23.388432815648862 22.747019352704466
973.6875 23.389799885592694 22.747653294221564
974.1875 23.39117295121008 22.74831087263109
974.6874999999999 23.39254403360108 22.748955428870524
975.1875 23.39391806113509 22.749592270456553
975.6875 23.395296166760176 22.750242948969714
976.1874999999999 23.396668923773284 22.750895314746714
976.6875 23.398047061840266 22.75154141328262
977.1875 23.399440999100122 22.752199605605185
977.6874999999999 23.40082164312378 22.752846069610587
978.1875 23.402195422678126 22.753499178016302
978.6875 23.40357128491036 22.754154575654603
979.1874999999999 23.404961868635755 22.7548106931215
979.6875 23.406345248522832 22.75547471940278
980.1875 23.407737336597965 22.756133413128342
980.6874999999999 23.409118019537377 22.756791013927675
981.1875 23.410501270634875 22.757455425311107
981.6875 23.41189056082433 22.758116527250426
982.1874999999999 23.41329109733192 22.758773605865255
982.6875 23.414672651295966 22.75944815531721
983.1875 23.416072556838646 22.760120431994704
983.6874999999999 23.417468721933417 22.760784844519222
984.1875 23.418861091787086 22.76145196380487
984.6875 23.4202639431684 22.762125352832395
985.1874999999999 23.421655584996266 22.7627924100429
985.6875 23.423061161820623 22.76346835722912
986.1875 23.424447425951335 22.76413287934465
986.6874999999999 23.425853678168906 22.764816247582115
987.1875 23.427268469284208 22.765490138526488
987.6875 23.42866999704174 22.766155720411913
988.1874999999999 23.430072092615628 22.766834185929795
988.6875 23.431478145533646 22.76751127741381
989.1875 23.43288337532038 22.768192704496318
989.6874999999999 23.43428388659641 22.768872633728343
990.1875 23.435690865404396 22.769569010102522
