FastTrWP/PhaseSpace/IAs/snIa_0.65_30.00_1.05_-0.08.csv
# %ECSV 0.9
# ---
# datatype:
# - {name: time-rel, datatype: float64}
# - {name: g, datatype: float64}
# - {name: i, datatype: float64}
# schema: astropy-2.0
time-rel g i
[from data line 1070]
41.0 23.46908762166526 22.280896911682166
41.5 23.469468522950145 22.280617478188674
42.0 23.469850243761037 22.2803411336118
42.5 23.470258964077328 22.280058425700524
43.0 23.47063524761367 22.279783036409682
43.5 23.471044026099314 22.27951163804745
44.0 23.47145164748856 22.27923753066129
44.5 23.471872783304605 22.278960285588173
45.0 23.47229214136896 22.278690801190606
45.5 23.472713469606262 22.278428852520516
46.0 23.47313870244298 22.27815134558474
46.5 23.47356771923269 22.27789201496631
47.0 23.474009291557962 22.277629402055133
47.5 23.474454117172108 22.277362848035494
48.0 23.474895950133984 22.277107520611295
48.5 23.47535547464861 22.27684462958952
49.0 23.47581296193587 22.276585749188115
49.5 23.476274236755067 22.276329487987425
50.0 23.476746288573413 22.276078745212878
50.5 23.47721997197949 22.275820213099664
51.0 23.47770000744646 22.27556143129221
51.5 23.478180491453294 22.275321790779454
52.0 23.47868738258689 22.275070088401293
52.5 23.479173272076213 22.274816560390907
53.0 23.47967655335652 22.274579289096724
53.5 23.480189971283497 22.274331169317172
54.0 23.480695408329346 22.274088251948285
54.5 23.481209917612574 22.273848541924583
55.0 23.481737911814953 22.27360662710359
55.5 23.482272089314815 22.273371807990397
56.0 23.48280065995844 22.27312898861414
56.5 23.483344988039832 22.272897804170096
57.0 23.48389249244422 22.27266663493168
57.5 23.484439507534663 22.272433001110294
58.0 23.484996718781513 22.27220118456332
58.5 23.485558715281645 22.27197035368532
59.0 23.486121152935397 22.27174741326731
59.5 23.48670360073548 22.27152429916807
60.0 23.48727861304592 22.271302871433164
60.5 23.487864853520158 22.271074529250704
61.0 23.488464550665718 22.270851950244506
61.5 23.48903867241987 22.270640023824374
62.0 23.4896552249949 22.270418721955977
62.5 23.49027422252182 22.270204490392302
63.0 23.490887170163568 22.269990368012206
63.5 23.49150640826441 22.26977447627982
64.0 23.492134512144418 22.269562533899435
64.5 23.492765845969434 22.26935443152977
65.0 23.49339827267269 22.26914798932651
65.5 23.49405253593115 22.26894225220294
66.0 23.494702588570537 22.268736552556287
66.5 23.49535001440636 22.26853316673084
67.0 23.49601315172784 22.26833356672079
67.5 23.496686437965938 22.268131904801656
68.0 23.497358142669786 22.26793123575878
68.5 23.498028107926004 22.267727836280212
69.0 23.49872395185176 22.267535953439264
69.5 23.49939869346681 22.267337963660374
70.0 23.500098882187054 22.26714717200126
70.5 23.500796791107348 22.266954752508596
71.0 23.501504802412533 22.266766668003935
71.5 23.50221107821246 22.266578938211108
72.0 23.502935392689345 22.266386234987216
72.5 23.503647689858973 22.26620428407697
73.0 23.50438990870558 22.266017778405683
73.5 23.50511760340956 22.265836026200677
74.0 23.505848105041615 22.265649079806842
74.5 23.50659347820016 22.26547790837151
75.0 23.507353344789212 22.26529837428889
75.5 23.508116649040055 22.265119010722593
76.0 23.508862593397918 22.264940230696432
76.5 23.50963962047945 22.26476587309794
77.0 23.51040636291552 22.264589716614402
77.5 23.511187741001855 22.264421817354417
78.0 23.51197301091503 22.264245539713997
78.5 23.512766243555564 22.26408091587946
79.0 23.513569846540207 22.263915791809
79.5 23.514374789462344 22.26374642323966
80.0 23.515176914385925 22.263576611862188
80.5 23.51599085765927 22.263415252542984
81.0 23.516820906878827 22.26326159431452
81.5 23.51764257633878 22.263097580484438
82.0 23.518482369985293 22.262941886527233
82.5 23.51932979123232 22.262777687444114
83.0 23.520177035884974 22.262625204913043
83.5 23.521012462731846 22.262470747666733
84.0 23.521882144278425 22.262325291300566
84.5 23.522744028485455 22.262174927605486
85.0 23.523614339112214 22.262020621895
85.5 23.52448931443142 22.2618752832012
86.0 23.525378573430217 22.26173318757235
86.5 23.52626402590438 22.26158920191525
87.0 23.52715770827814 22.261436224337288
87.5 23.528054969731468 22.261302843011133
88.0 23.528964563125182 22.26115633948988
88.5 23.5298880625442 22.261017108280022
89.0 23.530793764569907 22.260883116479743
89.5 23.531731002155336 22.260748340465124
90.0 23.532661941381896 22.260611965960194
90.5 23.533601498948986 22.260480918658487
91.0 23.53454797531356 22.260351014524687
91.5 23.535494916847437 22.26022522238665
92.0 23.53645705430532 22.260093507908884
92.5 23.537423060095513 22.25997334084893
93.0 23.538386875324374 22.259846165480166
93.5 23.539372389743857 22.25972688592908
94.0 23.540362322589935 22.25960229367064
94.5 23.541343226291293 22.25948005381119
95.0 23.54235177195997 22.259368703602924
95.5 23.543359728044827 22.259249794226253
96.0 23.544361983618888 22.259139037453522
96.5 23.545386494484653 22.25902403330616
97.0 23.54640369916881 22.25891752074148
97.5 23.547423360615287 22.25880046119835
98.0 23.548474061496364 22.258698413395827
98.5 23.549518500958154 22.258586328784805
99.0 23.550561286795073 22.25848594389695
99.5 23.55163202007092 22.25837826033949
100.0 23.552699979622318 22.25827610795762
100.5 23.5537606079279 22.258182435440922
101.0 23.55483943481838 22.258082149258883
101.5 23.55593194315796 22.25798880994898
102.0 23.557027601114807 22.257891410512197
102.5 23.55812613380011 22.257797123967336
103.0 23.55922818749066 22.257712283621913
103.5 23.560340921956445 22.25761860454532
104.0 23.561460002643763 22.25752513688413
104.5 23.562590132343203 22.25744095615181
105.0 23.56372444827074 22.257356597956562
105.5 23.564874306399794 22.257277031180912
106.0 23.56604796403941 22.257190247577118
106.5 23.567207561246587 22.257114944579385
107.0 23.56838970527695 22.25702993343996
107.5 23.56959192501577 22.256954673740267
108.0 23.570788878483057 22.25688281403176
108.5 23.572010247170017 22.25680104937963
109.0 23.573240343607825 22.256731820242237
109.5 23.574479639812633 22.256662060955954
110.0 23.57572638131576 22.256595127117926
110.5 23.576980307064556 22.256529512487987
111.0 23.57825568313311 22.25645553345997
111.5 23.579528351551318 22.25639144809536
112.0 23.580811675752006 22.256332568455875
112.5 23.582126153341278 22.256265569149658
113.0 23.583414745885673 22.256211102778714
113.5 23.584738994089697 22.2561448335715
114.0 23.58606464283167 22.25608592410776
114.5 23.58740233934753 22.256037489487053
115.0 23.588751199356423 22.25598222417446
115.5 23.590102997933794 22.255927407973136
116.0 23.59145884065889 22.255877207502227
116.5 23.59282723450191 22.25582435183928
117.0 23.59420182474489 22.25577782396889
117.5 23.59560288154777 22.255735391545382
118.0 23.59698452511086 22.255684317849752
118.5 23.598380133797527 22.255643350006295
119.0 23.59978843203851 22.255604208770897
119.5 23.60119880467003 22.255566728806112
120.0 23.60262041515435 22.25552627743753
120.5 23.6040511908519 22.255493312541546
121.0 23.605486296318237 22.255452199596107
121.5 23.60693608167972 22.25542117121536
122.0 23.608384818219285 22.255387602251254
122.5 23.609834100888985 22.255357664044666
123.0 23.611301796269967 22.255322466163033
123.5 23.6127638234721 22.25529280386377
124.0 23.614240360939 22.255273944585802
124.5 23.6157096463673 22.255248868394915
125.0 23.617196691116366 22.25522487646583
125.5 23.618683281459447 22.255203867570405
126.0 23.62018718323052 22.255180871177473
126.5 23.62167636975116 22.255164826720396
127.0 23.623172426012076 22.2551496891677
127.5 23.62468597567176 22.255137630543835
128.0 23.626193377871974 22.25512611153588
128.5 23.627708168226317 22.255108494070612
129.0 23.629224790646226 22.255100520263063
129.5 23.630748844735248 22.255096845636867
130.0 23.632267041274915 22.255088326627657
130.5 23.63379814195178 22.255076854623464
131.0 23.635322847873038 22.255078408194862
131.5 23.63686469296447 22.25507855824217
132.0 23.638402357186514 22.255080614315666
132.5 23.639943684472904 22.25508122543716
133.0 23.64149092733382 22.2550847347757
133.5 23.643026980272353 22.25508051506452
134.0 23.6445717688878 22.255095184328727
134.5 23.64611620003473 22.255099404716105
135.0 23.64767209594585 22.25511274665502
135.5 23.649223364797983 22.25512989848675
136.0 23.650780697783425 22.255135315276448
136.5 23.652323735186343 22.255155388209165
137.0 23.65386991380463 22.255170460220132
137.5 23.655417910668355 22.255184007099
138.0 23.656972693332413 22.255206196380442
138.5 23.658530455222145 22.255224153240157
139.0 23.66007434459445 22.255254800192034
139.5 23.6616424962429 22.255274768833416
140.0 23.663185789450733 22.255298437475762
140.5 23.66474020318151 22.255323564729398
141.0 23.666281737981244 22.25535337993798
141.5 23.667829964455507 22.255386203644704
142.0 23.669380441815584 22.255424392713405
142.5 23.670932790422032 22.25545927989586
143.0 23.672468594798875 22.255494253635018
143.5 23.674010899906822 22.25553168898734
144.0 23.675553806382133 22.255576041464657
144.5 23.67708558112828 22.255614692022533
145.0 23.678640250589055 22.255655802277857
145.5 23.68018757270061 22.255701065599002
146.0 23.68175025536945 22.255747165640454
146.5 23.683305339924956 22.25579643420675
147.0 23.684879333128013 22.25584889743669
147.5 23.68647294220068 22.25590425172451
148.0 23.68805428361812 22.255958755479913
148.5 23.689643876925945 22.25601105179703
149.0 23.691221070752345 22.256066783897243
149.5 23.69284253204636 22.256118990556967
150.0 23.694447261922214 22.256176094991247
150.5 23.696080247807597 22.256245826402854
151.0 23.697685952645273 22.256310191122747
151.5 23.69929611689301 22.256374391707396
152.0 23.70092565723985 22.256443164542432
152.5 23.702564456129377 22.256505664108413
153.0 23.704191293751435 22.256578937133177
153.5 23.70585021913559 22.256648993139176
154.0 23.70750405060667 22.256726065069465
154.5 23.70915076282419 22.256795146856575
155.0 23.710810033037735 22.25687608973411
155.5 23.712463636740623 22.25695499632252
156.0 23.714132963257594 22.257035588073215
156.5 23.715799758791082 22.257108144378318
157.0 23.71746302279808 22.257192355455786
157.5 23.719150601226534 22.257279203212065
158.0 23.7208071435928 22.257366753356077
158.5 23.722500651016738 22.25745564689778
159.0 23.724173258966047 22.25754052199666
159.5 23.725863788896817 22.257630333343702
160.0 23.727564781432502 22.25772263537044
160.5 23.729243401973243 22.257821613828366
161.0 23.730944456013532 22.2579171132218
161.5 23.73264587798929 22.25801847626961
162.0 23.73433868680729 22.258112949136887
162.5 23.73603978664245 22.258217012900865
163.0 23.737736100163524 22.258316786719867
163.5 23.73943941129074 22.258425824662996
164.0 23.741146139099314 22.25853276959016
164.5 23.742845876594586 22.2586326085693
165.0 23.744546236460952 22.258750259904655
165.5 23.74626506630387 22.258859019719466
166.0 23.74797083543268 22.25896978910719
166.5 23.749700594757726 22.259082481864976
167.0 23.751397773696517 22.25920680473501
167.5 23.753117408020252 22.25931122544494
168.0 23.754826989924254 22.259436343610297
168.5 23.75653431781968 22.259555342881683
169.0 23.758227401976484 22.259674364725555
169.5 23.759966547138927 22.25980243768587
170.0 23.761655982933306 22.25992548473821
170.5 23.763367519035544 22.26005545289802
171.0 23.76507347871835 22.260184721214316
171.5 23.766779882387578 22.260314086077035
172.0 23.768487813731824 22.26044715405562
172.5 23.770191421585256 22.260577968503924
173.0 23.77189156996962 22.26071608678549
173.5 23.7735958651658 22.26085114944968
174.0 23.775298008317918 22.260981432832338
174.5 23.77697553657935 22.261127008940424
175.0 23.778698879827793 22.261272886236437
175.5 23.780375195797703 22.2614170059478
176.0 23.78206633083788 22.261557765621195
176.5 23.783747815553586 22.26171272848504
177.0 23.785434520739024 22.26185364905058
177.5 23.787107438020204 22.262001733493587
178.0 23.788789219722005 22.26215562174901
178.5 23.790465904854226 22.262307535145666
179.0 23.79213364607434 22.2624611787819
179.5 23.793783080826095 22.262615352933864
180.0 23.795452679703494 22.262777640386023
180.5 23.797112318730157 22.262937904145357
181.0 23.798760317112404 22.26310364968331
181.5 23.80040949575776 22.26326196462798
182.0 23.80204936191018 22.263424524202527
182.5 23.803683817151015 22.2635860081177
183.0 23.805306912652632 22.263757065587253
183.5 23.806935308843656 22.263935270831325
184.0 23.80855368204824 22.26409673337633
184.5 23.810165627929997 22.264274411644195
185.0 23.81179726717535 22.264448516197195
185.5 23.81341869639673 22.264623934994937
186.0 23.815019527521937 22.264794734476176
186.5 23.816644675466012 22.26498190494423
187.0 23.81826033794517 22.26516440136217
187.5 23.819872462590062 22.265347783558145
188.0 23.821474407284388 22.265534469606997
188.5 23.823081599149525 22.26571498933016
189.0 23.824688996551014 22.265903228998592
189.5 23.82629701578398 22.2660950258752
190.0 23.827900707348533 22.26628898119222
190.5 23.82950553415111 22.266485512701845
191.0 23.831118650638427 22.266679936110783
191.5 23.832716078413636 22.26687685638064
192.0 23.834303949010437 22.267070361148406
192.4999999999999 23.83590290942173 22.267274805879524
193.0 23.837495966432925 22.267475036136464
193.5 23.83909264188032 22.267678360140117
193.9999999999999 23.840700042956847 22.267883931096577
194.5 23.84228763895789 22.26809334844338
195.0 23.843871133596185 22.268300312601106
195.4999999999999 23.845467028974742 22.268513099106727
196.0 23.84705062350396 22.26872856631218
196.5 23.848641975784002 22.268937647062927
196.9999999999999 23.850225316475772 22.26915354263671
197.5 23.851816755325338 22.26936910335535
198.0 23.853390734730482 22.269590164983306
198.4999999999999 23.85495538462569 22.269813923462873
199.0 23.85654395703658 22.270030721448943
199.5 23.858119403395207 22.270256518726868
199.9999999999999 23.85969268386131 22.270485168142283
200.5 23.861271029124804 22.27070760554707
201.0 23.8628269951864 22.270938712927183
201.4999999999999 23.864415843333294 22.271173431997767
202.0 23.86597503654938 22.271403325824615
202.5 23.867549158809034 22.27163620694057
202.9999999999999 23.869103934593152 22.271873404295114
203.5 23.870678103435292 22.272105033272652
204.0 23.87223176755377 22.27234987662406
204.4999999999999 23.873792410422755 22.27258388534004
205.0 23.8753501282765 22.272829884671296
205.5 23.876914149763458 22.27307568802962
205.9999999999999 23.87846983345744 22.273319315919604
206.5 23.880010078458685 22.273567171808327
207.0 23.881571069124536 22.273811845665783
207.4999999999999 23.88312564262591 22.274061704411
208.0 23.884668909644276 22.27431413787871
208.5 23.8862000821945 22.27456426974388
208.9999999999999 23.887747448869145 22.27482245150798
209.5 23.889300186611134 22.275077727016775
210.0 23.89082849523147 22.275332863051855
210.4999999999999 23.892369130684084 22.275599202785962
211.0 23.893919214526683 22.275855550599864
211.5 23.895436577572738 22.27611611955101
211.9999999999999 23.896977692702368 22.27638064861585
212.5 23.898513404965346 22.27664861617636
213.0 23.9000390968976 22.27691027974899
213.4999999999999 23.901568834742495 22.27718054855864
214.0 23.90308727268628 22.277456789412035
214.5 23.904610320104716 22.277725554368033
214.9999999999999 23.90613194733262 22.278000734282458
215.5 23.90765487502462 22.27827427884194
216.0 23.909173864370217 22.278550319208552
216.4999999999999 23.910682514213953 22.278830175735767
217.0 23.912192384200452 22.279107975008024
217.5 23.91371517730485 22.279385089854603
217.9999999999999 23.91521705602947 22.279673830862855
218.5 23.91673291246135 22.279957274083174
219.0 23.918223924161147 22.280243371480196
219.4999999999999 23.919741655859337 22.28052084741013
220.0 23.921230398473853 22.280814497345006
220.5 23.922745952840913 22.281106163932826
220.9999999999999 23.924240325250064 22.2813996251994
221.5 23.925725692063722 22.281690065001342
222.0 23.927211519365258 22.281989026566166
222.4999999999999 23.928702740484752 22.28228389315007
223.0 23.93020040835222 22.28258081876145
223.5 23.931678091061052 22.282878864832618
