FastTrWP/PhaseSpace/IAs/snIa_0.61_30.00_3.31_0.07.csv
# %ECSV 0.9
# ---
# datatype:
# - {name: time-rel, datatype: float64}
# - {name: g, datatype: float64}
# - {name: i, datatype: float64}
# schema: astropy-2.0
time-rel g i
[from data line 1780]
343.9999999999999 24.444457587716894 22.29213551059832
344.5 24.445942290661236 22.292462283749327
345.0 24.447408752347716 22.292785967259277
345.4999999999999 24.448915291962226 22.29311440270032
346.0 24.45040739337463 22.29344400567478
346.5 24.451922928268587 22.293776313029248
346.9999999999999 24.453441400942456 22.294103716715206
347.5 24.454944942936617 22.294430929207977
348.0 24.456458208017242 22.294765828415773
348.4999999999999 24.457971849380442 22.295094496331657
349.0 24.45950188664191 22.295426752151638
349.5 24.461019291816733 22.295759181265133
349.9999999999999 24.4625804743627 22.2960894507862
350.5 24.4641044704209 22.296429514156017
351.0 24.465644486100274 22.296760337041583
351.4999999999999 24.46718221637918 22.297099966247554
352.0 24.4687356119437 22.2974380095955
352.5 24.47029859131314 22.297771441901745
352.9999999999999 24.47185143166316 22.298110268905468
353.5 24.473408721978803 22.298447836883163
354.0 24.474981874675752 22.29878055152445
354.4999999999999 24.476560367610585 22.29912786473253
355.0 24.47812103206964 22.299465904444418
355.5 24.479697699206554 22.29980795317077
355.9999999999999 24.481281031753284 22.30014582205804
356.5 24.48286824965795 22.300490667291044
357.0 24.484460351786204 22.300836313661737
357.4999999999999 24.48604937828527 22.30117594723164
358.0 24.487652527641487 22.301520302588102
358.5 24.489260060760664 22.301866429941164
358.9999999999999 24.49085834948436 22.30221777424369
359.5 24.4924845054372 22.302553383921286
360.0 24.49410262359101 22.302900317817983
360.4999999999999 24.49571982330432 22.303257916998945
361.0 24.497350520397173 22.303605435177264
361.5 24.498969027278292 22.303946067880425
361.9999999999999 24.500613767853988 22.304290772591276
362.5 24.50225946604578 22.304645109771172
363.0 24.503908649636035 22.304993506031046
363.4999999999999 24.50555066916337 22.30534899522279
364.0 24.50720385718096 22.30570225856213
364.5 24.50887143838777 22.306054819167787
364.9999999999999 24.51053877130348 22.30641216140395
365.5 24.51220131275268 22.306759467564312
366.0 24.513863263057377 22.30711898539073
366.4999999999999 24.515552663984572 22.307475901083166
367.0 24.517231656537657 22.30783029983577
367.5 24.518922194419915 22.30818925277703
367.9999999999999 24.520619225240075 22.30854585892775
368.5 24.52231752029871 22.30890406187126
369.0 24.524029991034496 22.309261769900278
369.4999999999999 24.52573490462934 22.309624110251733
370.0 24.527446993388097 22.309983070455214
370.5 24.529164719663573 22.310347735994558
370.9999999999999 24.530872746540506 22.310711446576605
371.5 24.532604437242288 22.311072014688143
372.0 24.53434032660766 22.311436805287606
372.4999999999999 24.536084600961278 22.31180999215369
373.0 24.537823488889657 22.312169578122592
373.5 24.53958773048321 22.31252765599928
373.9999999999999 24.541328869884023 22.312900631345922
374.5 24.54307708199103 22.313268772793187
375.0 24.544844204739036 22.313631683364157
375.4999999999999 24.546599693646087 22.313994983548703
376.0 24.548388939623244 22.314369636132355
376.5 24.55016815053773 22.314743716175705
376.9999999999999 24.551944363670803 22.31511436075995
377.5 24.553723621407144 22.31547981826481
378.0 24.55552669743117 22.315863938283314
378.4999999999999 24.557338943241945 22.31623485086741
379.0 24.5591370551635 22.316600488890863
379.5 24.560938619657385 22.31697759471375
379.9999999999999 24.562757896397805 22.317349960189595
380.5 24.564569545796044 22.317731343397003
381.0 24.56640831409053 22.318103631076227
381.4999999999999 24.568233661300557 22.31848406504771
382.0 24.57006306450458 22.318862915617714
382.5 24.571907086246657 22.319238627098763
382.9999999999999 24.573763510961783 22.319619776712702
383.5 24.57561671668455 22.31999735156421
384.0 24.57747174410664 22.320379088465472
384.4999999999999 24.579324001994284 22.320765128844187
385.0 24.58118401767053 22.32114201064533
385.5 24.58305450049967 22.32152698391388
385.9999999999999 24.58494632170376 22.321910423333673
386.5 24.58684399306297 22.322295837083335
387.0 24.588713689191227 22.322675488854372
387.4999999999999 24.59060612613503 22.32306875052138
388.0 24.592501332817697 22.323449716084042
388.5 24.594413032385454 22.323835685191632
388.9999999999999 24.596339446775826 22.324222414234107
389.5 24.598241982073333 22.324617421941156
390.0 24.600151451463116 22.32500359966195
390.4999999999999 24.602086509342872 22.325389695068388
391.0 24.604023043808162 22.325778498517522
391.5 24.605961481441465 22.326170137621155
391.9999999999999 24.607907248915375 22.32656474404049
392.5 24.60984135749698 22.326959245561405
393.0 24.61179766495445 22.32734735732059
393.4999999999999 24.6137622817791 22.327746876890238
394.0 24.615742259341104 22.3281330649893
394.5 24.617713406771795 22.328534061641747
394.9999999999999 24.61968235271953 22.32892487087039
395.5 24.62165662837879 22.32932334167694
396.0 24.6236391374549 22.329720225188193
396.4999999999999 24.625633074168075 22.33012391896967
397.0 24.627647085528203 22.330518823871795
397.5 24.629648051957886 22.330916851591496
397.9999999999999 24.6316664775281 22.331315102284478
398.5 24.633663686129875 22.331719791074857
399.0 24.635701818422593 22.332119061278984
399.4999999999999 24.63770757092421 22.332525940113875
400.0 24.639742675964747 22.33292726385598
400.5 24.64179521221253 22.333327232966308
400.9999999999999 24.643850256565823 22.33373475352955
401.5 24.645942546289167 22.334130711178894
402.0 24.648025324779937 22.334541535512965
402.4999999999999 24.650110190801605 22.334944747362407
403.0 24.652224493539194 22.335359731843457
403.5 24.654347498063316 22.335758110360686
403.9999999999999 24.656487072200566 22.336174322655403
404.5 24.65861799161842 22.336581848503446
405.0 24.660769637521213 22.336987513396487
405.4999999999999 24.662918250762296 22.337404984413606
406.0 24.66509805000729 22.33781971630872
406.5 24.667279530530152 22.338229771300668
406.9999999999999 24.66948629664899 22.338637501623474
407.5 24.67167610151147 22.339054395293513
408.0 24.673894482564425 22.33947089051894
408.4999999999999 24.676093511287085 22.339884700682727
409.0 24.678330624344838 22.340303608426353
409.5 24.68058059431785 22.340720132601387
409.9999999999999 24.682806260429224 22.34113511219202
410.5 24.68506892609666 22.341559331105117
411.0 24.687309378218345 22.341975953733495
411.4999999999999 24.68958557938112 22.342393157594017
412.0 24.69184521570157 22.342811478715202
412.5 24.69414277454718 22.343239894182773
412.9999999999999 24.69643731604389 22.343655623774545
413.5 24.698739793296014 22.34408714339335
414.0 24.70104581667661 22.344503794183158
414.4999999999999 24.703354091939133 22.344931399318856
415.0 24.70565605778603 22.345352859564244
415.5 24.707987289319796 22.345779436329373
415.9999999999999 24.71031403740099 22.34621360989611
416.5 24.712646912073417 22.346638502527327
417.0 24.714987363807403 22.3470668998933
417.4999999999999 24.717316001776872 22.347492969530258
418.0 24.719685195839208 22.347924151380898
418.5 24.72202158858186 22.348354701329324
418.9999999999999 24.72437812731308 22.34878744495638
419.5 24.726748212955894 22.34921580247692
420.0 24.72909574781186 22.349651324117165
420.4999999999999 24.731476418688846 22.350084698541405
421.0 24.733858110605116 22.350515181007793
421.5 24.736207648926445 22.35094693710714
421.9999999999999 24.738606384578667 22.35138840388435
422.5 24.74099827324727 22.35181906055944
423.0 24.743375860471698 22.352255229050257
423.4999999999999 24.745753239806664 22.352699683768616
424.0 24.748136268395626 22.353140660417004
424.5 24.750512378857557 22.35356550652913
424.9999999999999 24.752937149422234 22.354011679438482
425.5 24.755293755171856 22.3544481367453
426.0 24.757708254074714 22.354883655239913
426.4999999999999 24.76008366093938 22.355329891326086
427.0 24.76247730617763 22.355772552038285
427.5 24.764854858519115 22.356212623307876
427.9999999999999 24.767245622741264 22.356657266585287
428.5 24.76962183653835 22.357101592024193
429.0 24.77203282521147 22.35754637128636
429.4999999999999 24.77440465596249 22.357993668454476
430.0 24.776779677315204 22.358432575768585
430.5 24.779177099895172 22.358884189851555
430.9999999999999 24.781548565525306 22.35932903347169
431.5 24.78392005565777 22.359772303048167
432.0 24.786294703147867 22.360220346775467
432.4999999999999 24.78867279727201 22.360673997384882
433.0 24.791012341653477 22.36112348376561
433.5 24.793389952736558 22.361572389764518
434.0 24.79575256774963 22.3620279713193
434.5 24.798099864089977 22.36248011781199
435.0 24.800459712764468 22.362924681998987
435.5 24.802779340901083 22.363381598603343
436.0 24.805131198401046 22.363828778428786
436.5 24.807435132319817 22.36429066597718
437.0 24.809780203517555 22.364742608471705
437.5 24.812110870493974 22.365196005640783
438.0 24.814407243900295 22.36564998303234
438.5 24.81670231734769 22.366105438316517
439.0 24.819042563312 22.36657174149662
439.5 24.82134957801248 22.367021003303336
440.0 24.82367800423766 22.367477694459488
440.5 24.8259797919585 22.367941351196144
441.0 24.828287670634065 22.368405674284926
441.5 24.830625217819534 22.368855322726677
442.0 24.832962500092314 22.369329493459986
442.5 24.835303179541533 22.369787037561984
443.0 24.83761533747493 22.370244389958206
443.5 24.839964387747703 22.3707099646027
444.0 24.84230606102704 22.371174593150307
444.5 24.84465588209431 22.37163972557648
445.0 24.84700125320655 22.372108068205726
445.5 24.849334114567576 22.372578915444322
446.0 24.851692114647147 22.373044865121305
446.5 24.854048468887143 22.373502552263194
447.0 24.856423565397833 22.37397473281819
447.5 24.85877233859678 22.37444156018435
448.0 24.861129929710444 22.374912563410646
448.5 24.863479974570662 22.37538376116862
449.0 24.8658509521253 22.37585400520534
449.5 24.868211232582965 22.376328384372187
450.0 24.87057779261702 22.37680224307519
450.5 24.872930956340554 22.377280787397144
451.0 24.875299135455947 22.377750675496422
451.5 24.877656091776295 22.37822975774202
452.0 24.88001487413491 22.378698412149298
452.5 24.882384349442766 22.379171090860144
453.0 24.884748108242324 22.379654094012732
453.5 24.887084703808753 22.38013137767296
454.0 24.889465775753884 22.380605589965125
454.5 24.89181238130516 22.381088786636916
455.0 24.89418826157951 22.381564799392685
455.5 24.896524505653357 22.382040564607703
456.0 24.898884652432464 22.38253069200603
456.5 24.90123443823684 22.383007494259083
457.0 24.90357655655786 22.383493217048137
457.5 24.905916604043124 22.383976908349016
458.0 24.908284356651123 22.38445884912412
458.5 24.910613365502478 22.384939274358565
459.0 24.912969038236824 22.38542535668531
459.5 24.915289818748715 22.38591636804006
460.0 24.917610765633835 22.38640738158296
460.5 24.919948883923787 22.38688685561184
461.0 24.92225793860858 22.387377054292635
461.5 24.924600887737466 22.387876565984797
462.0 24.926896303187213 22.388356787472958
462.5 24.92920778067774 22.38885139938813
463.0 24.931538270577143 22.389336418023507
463.5 24.933830939129788 22.38983393074186
464.0 24.936124431152557 22.39031766271751
464.5 24.938390772455634 22.390821119837717
465.0 24.940679544308328 22.391313031508844
465.5 24.942959030703822 22.391803277555617
466.0 24.945239989646577 22.39230438080853
466.5 24.94750309450518 22.392787277316234
467.0 24.94974201718062 22.393298522422857
467.5 24.952007314482906 22.393788463576016
468.0 24.954259694176663 22.39429175272072
468.5 24.95646483067242 22.394786734832856
469.0 24.9587084091098 22.395287112705024
469.5 24.960929631153867 22.395785555372125
470.0 24.963135989306494 22.396289477609383
470.5 24.965341440894967 22.396794084947878
471.0 24.96753520554097 22.397290262673003
471.5 24.969728843744768 22.397795848381254
472.0 24.971902189684812 22.398298172727475
472.5 24.974066318015375 22.398791257828307
473.0 24.97620909286223 22.399305868023156
473.5 24.978336792136624 22.3998090994254
474.0 24.980509947172976 22.40031357443492
474.5 24.98262027991871 22.400827309356288
475.0 24.98472502684455 22.40133362287964
475.5 24.986860058421207 22.40183938747507
476.0 24.98893101972767 22.402353074362598
476.5 24.99101227709739 22.402862503468853
477.0 24.993095021531722 22.40337084997286
477.5 24.995137321512416 22.40388709029922
478.0 24.997175722150033 22.40439502629234
478.5 24.999215284772216 22.404914783014924
479.0 25.0012705101501 22.40542088987106
479.5 25.003305131687895 22.405938139911147
480.0 25.005292169350923 22.406455974303597
480.5 25.007309304462872 22.406967505799223
481.0 25.009325947230245 22.407482270233125
481.5 25.011324887650538 22.407998051865263
482.0 25.01331904687035 22.40851518536376
482.5 25.01529303725951 22.409034131190882
483.0 25.017256312412467 22.40955997522054
483.5 25.019232960762743 22.410068939507283
484.0 25.021204783967683 22.41059628047934
484.5 25.023131470575937 22.411115475894107
485.0 25.02507418666589 22.411638058979484
485.5 25.027011169635266 22.412159962543722
486.0 25.028939005438602 22.412682778591098
486.5 25.030842794561746 22.41320731860356
487.0 25.03278183089649 22.41373896881573
487.5 25.03468658442129 22.414259440772852
488.0 25.03656247922159 22.414786137272632
488.5 25.038457682702195 22.415319170375852
489.0 25.040305853804167 22.415839942520265
489.5 25.04218039267087 22.41636762574242
490.0 25.04403611473268 22.416899566515298
490.5 25.045896218602945 22.417429772525338
491.0 25.047722393847764 22.41796048818553
491.5 25.04957558056659 22.41848686029785
492.0 25.051404347724656 22.41902007865862
492.5 25.05320913511528 22.419559292823486
493.0 25.05504124960693 22.42008536111941
493.5 25.056812233367488 22.42062560606163
494.0 25.05862286406773 22.421167478383563
494.5 25.060371229251444 22.421695621984945
495.0 25.062179145549738 22.42223259565855
495.5 25.06395585578122 22.42277274001968
496.0 25.065701786222093 22.423311578410967
496.5 25.06743496763189 22.4238452686571
497.0 25.06919922336556 22.424389141809936
497.5 25.070919281113508 22.424931676200565
498.0 25.07264242833092 22.42547665804445
498.5 25.074357462783805 22.426015937606202
499.0 25.076041804960397 22.426554813348858
499.5 25.077729509062937 22.42710234093893
500.0 25.079461348942246 22.427642086842418
500.5 25.08111258654114 22.428190756368945
501.0 25.082790155255864 22.428734302560237
501.5 25.084441913656413 22.42928760197012
502.0 25.08611265243097 22.4298333171652
502.5 25.08775477010619 22.430381726474188
503.0 25.089386802059526 22.43093129582606
503.5 25.090979584507362 22.431487608341065
504.0 25.092623152671226 22.43202960086965
504.5 25.094212126302203 22.432584588362804
505.0 25.095827547694203 22.433136644314754
505.5 25.097404856083987 22.433692492566536
506.0 25.099001789565165 22.43424235550973
506.5 25.100549835331115 22.434802888560267
507.0 25.10212488460442 22.4353601208851
507.5 25.103677957626864 22.43592378084442
508.0 25.105213950804398 22.436469319603223
508.5 25.106753625489148 22.437023983997673
509.0 25.108268971408645 22.437599277326413
509.5 25.109796307537792 22.43815622706847
510.0 25.111293522961702 22.438710911259797
510.5 25.11278523137956 22.439273665001775
511.0 25.114284803539306 22.43983937680142
511.5 25.115734287444305 22.440406126243374
512.0 25.1171957494402 22.440964821915994
512.5 25.11867787297866 22.441531735889143
513.0 25.12009414908006 22.442105124216653
513.5 25.121562556490428 22.442673209056338
514.0 25.123000134564744 22.44323914445548
514.5 25.12438400391303 22.443806883219644
515.0 25.125801919213387 22.444373486373415
515.5 25.12721390222328 22.44494875894041
516.0 25.128608961132684 22.445522084363972
516.5 25.13000653077974 22.446095101844055
517.0 25.13134781373794 22.44665974077278
517.5 25.13270548310134 22.447240170574343
518.0 25.134068012412214 22.447813581200535
518.5 25.135423824354362 22.448397007965177
519.0 25.13673396819252 22.44896345029254
519.5 25.138052747307768 22.449545415241325
520.0 25.139354920670968 22.450124630935264
