FastTrWP/PhaseSpace/IAs/snIa_0.61_30.00_0.68_-0.08.csv
# %ECSV 0.9
# ---
# datatype:
# - {name: time-rel, datatype: float64}
# - {name: g, datatype: float64}
# - {name: i, datatype: float64}
# schema: astropy-2.0
time-rel g i
[from data line 2589]
1371.2291666666667 25.930454124254744 23.215987239270778
1371.7291666666667 25.934545264588213 23.21704624268902
1372.2291666666667 25.9386737115845 23.21808428365085
1372.7291666666667 25.942851440417442 23.21913661442135
1373.2291666666667 25.946980690098197 23.220177537809647
1373.7291666666667 25.95114355011779 23.221240111522707
1374.2291666666667 25.955312455985617 23.2222988991155
1374.7291666666667 25.95940184548102 23.22334033713512
1375.2291666666667 25.96357721697162 23.224404668976728
1375.7291666666667 25.967740762394364 23.22545582126292
1376.2291666666667 25.971930943948756 23.22650519007044
1376.7291666666667 25.97610308430759 23.227568684834555
1377.2291666666667 25.980241631219137 23.22862202921317
1377.7291666666667 25.984437933120404 23.22967459276533
1378.2291666666667 25.98857809501911 23.230733773895444
1378.7291666666667 25.992736960713835 23.231798103942406
1379.2291666666667 25.996910305576655 23.232853444385203
1379.7291666666667 26.001042931010314 23.23391200009532
1380.2291666666667 26.00520886468763 23.234971886946663
1380.7291666666667 26.009353875629976 23.236043161510583
1381.2291666666667 26.013501953151057 23.23710085418419
1381.7291666666667 26.017678501057663 23.238169531966033
1382.2291666666667 26.021804824796767 23.23923098286013
1382.7291666666667 26.02592354417166 23.240312747293412
1383.2291666666667 26.03009758098728 23.241368292951993
1383.7291666666667 26.03415312453056 23.242442479487874
1384.2291666666667 26.03830544130217 23.243518455856098
1384.7291666666667 26.042405211595288 23.244577121250313
1385.2291666666667 26.046491821067338 23.245656641299636
1385.7291666666667 26.050563200826534 23.246726064240764
1386.2291666666667 26.054626971475358 23.247794179683105
1386.7291666666667 26.058699026400465 23.248875948079156
1387.2291666666667 26.062770529795642 23.249950613034372
1387.7291666666667 26.066763093163743 23.251034876865305
1388.2291666666667 26.070776260012558 23.252110584282985
1388.7291666666667 26.074780104172092 23.253188626188095
1389.2291666666667 26.07879796669188 23.254275093102954
1389.7291666666667 26.082769532254126 23.25535910741756
1390.2291666666667 26.086754072624238 23.256435438009785
1390.7291666666667 26.090731647400087 23.2575242297738
1391.2291666666667 26.09467742949594 23.258615467407996
1391.7291666666667 26.098622754283824 23.259697582919166
1392.2291666666667 26.102499393209943 23.260793707384995
1392.7291666666667 26.106450006449066 23.26187892782591
1393.2291666666667 26.1103668978297 23.26296977603394
1393.7291666666667 26.11432387654236 23.26406878357175
1394.2291666666667 26.11825809574817 23.265158215206068
1394.7291666666667 26.122206290116658 23.26625654575544
1395.2291666666667 26.12608939031133 23.26734543116849
1395.7291666666667 26.130017528789537 23.26844648096433
1396.2291666666667 26.133916558776576 23.26954179374145
1396.7291666666667 26.137825266574755 23.270637195425095
1397.2291666666667 26.14174913152151 23.271736033016385
1397.7291666666667 26.145649990988925 23.27283828034077
1398.2291666666667 26.14952280443072 23.273937025651033
1398.7291666666667 26.153416747444382 23.275047616374394
1399.2291666666667 26.157320574654733 23.276145145231
1399.7291666666667 26.16118082313408 23.277247876637208
1400.2291666666667 26.1650627790384 23.278363803937093
1400.7291666666667 26.168931575163157 23.279461071586617
1401.2291666666667 26.17279311795648 23.280561694315214
1401.7291666666667 26.17665581623801 23.28167174329711
1402.2291666666667 26.18048734330352 23.282785512129376
1402.7291666666667 26.184342160026087 23.283895642087636
1403.2291666666667 26.188176975648663 23.28500330853075
1403.7291666666667 26.192004826665624 23.286116168142136
1404.2291666666667 26.195809051345368 23.28723228304878
1404.7291666666667 26.19965504862483 23.2883431682812
1405.2291666666667 26.20344563671452 23.289461830004157
1405.7291666666667 26.20728885769435 23.290578507503447
1406.2291666666667 26.2110429600361 23.29169216132189
1406.7291666666667 26.214875216399204 23.29281258466611
1407.2291666666667 26.21862057530707 23.293921261429258
1407.7291666666667 26.222404828210955 23.295052573071512
1408.2291666666667 26.226162163429578 23.29617209740178
1408.7291666666667 26.229938681031 23.29729502433979
1409.2291666666667 26.233662546208826 23.298409044604654
1409.7291666666667 26.237433922930286 23.299536619245416
1410.2291666666667 26.24116039095108 23.300657796595587
1410.7291666666667 26.244878263646406 23.30179649192839
1411.2291666666667 26.24856099435059 23.302910660585052
1411.7291666666667 26.25230217802884 23.30402666821829
1412.2291666666667 26.255980526384143 23.305162708497974
1412.7291666666667 26.25968216224529 23.30628721848454
1413.2291666666667 26.263371215109967 23.30742383487772
1413.7291666666667 26.267042156944864 23.30854465869824
1414.2291666666667 26.27071156580678 23.309684229312516
1414.7291666666667 26.274308549906138 23.310815605203445
1415.2291666666667 26.277968159310277 23.31193744764997
1415.7291666666667 26.281608545724936 23.313077671777958
