FastTrWP/PhaseSpace/IAs/snIa_0.52_30.00_-1.94_0.15.csv
# %ECSV 0.9
# ---
# datatype:
# - {name: time-rel, datatype: float64}
# - {name: g, datatype: float64}
# - {name: i, datatype: float64}
# schema: astropy-2.0
time-rel g i
[from data line 344]
-124.5 24.050292687622218 22.813068642247792
-124.0 24.047496006438106 22.81058819261917
-123.50000000000006 24.044730645521845 22.808138094079055
-123.0 24.04197959786329 22.805676027658638
-122.5 24.039233471828375 22.8032364872192
-122.00000000000006 24.036529697923473 22.800800586988906
-121.5 24.03382082741309 22.79837142754043
-121.0 24.031128468317362 22.79596622382524
-120.50000000000006 24.02846304371055 22.793555729280964
-120.0 24.02582064211653 22.79114908400658
-119.5 24.023179118210336 22.788772940142763
-119.00000000000006 24.020576774638425 22.786387139714762
-118.5 24.017964556095222 22.784010365131305
-118.0 24.015392182683737 22.781649161575373
-117.50000000000006 24.01280873168416 22.779300440322462
-117.0 24.010272872073216 22.776957192775214
-116.5 24.007734427772895 22.774613686597647
-116.00000000000006 24.00521044669621 22.772288703334212
-115.5 24.002700205270298 22.769972895211467
-115.0 24.000225354073557 22.767658060664964
-114.50000000000006 23.997750633672922 22.76535333212511
-114.0 23.99529292220274 22.763061194016085
-113.5 23.99286213420568 22.760772956835304
-113.00000000000006 23.990443302852338 22.758492626106023
-112.5 23.98803714338831 22.756224505666168
-112.0 23.985653638610707 22.75395882296909
-111.50000000000006 23.98326009842674 22.751704621340618
-111.0 23.98090910448602 22.749464495859158
-110.5 23.978576562908533 22.747227701220893
-110.00000000000006 23.976248946821286 22.744996520279916
-109.5 23.973942585793495 22.74277451278992
-109.0 23.971638214584388 22.740566928835364
-108.50000000000006 23.969353305875035 22.738363055112167
-108.0 23.96709403252447 22.73616415201809
-107.5 23.96484402637953 22.733975578034414
-107.00000000000006 23.96261761658467 22.73179145591536
-106.5 23.9603972364195 22.729624677721446
-106.0 23.958197281225274 22.72745925155242
-105.50000000000006 23.956011475896602 22.725299524798377
-105.0 23.953831004680968 22.723158988293697
-104.5 23.9516835502194 22.721015840598994
-104.00000000000006 23.94954651040932 22.718880353027593
-103.5 23.94740158293483 22.716763584724152
-103.0 23.945290546850735 22.71464594880239
-102.50000000000006 23.943196366597395 22.71252888667206
-102.0 23.941117961390148 22.71042740274535
-101.5 23.939045177400654 22.708337348083354
-101.00000000000006 23.93699259521557 22.7062438575247
-100.5 23.934936859341494 22.70416784846836
-100.0 23.93291755700512 22.702084018374784
-99.50000000000006 23.93089509233569 22.700025300219096
-99.0 23.928883956436245 22.697967704451777
-98.5 23.926884157641027 22.695906283388666
-98.00000000000006 23.924903430404672 22.69386198092628
-97.5 23.922927515096394 22.691822003928866
-97.0 23.920972929759085 22.68977635807199
-96.50000000000006 23.91903074281806 22.687755814471178
-96.0 23.917096232767463 22.68574590128908
-95.5 23.915190380758233 22.68372521235353
-95.00000000000006 23.913265844603448 22.681730446001787
-94.5 23.91137361639226 22.67972593965329
-94.0 23.909510709248302 22.677735134071927
-93.50000000000006 23.90763879795387 22.67574389131302
-93.0 23.905780119278646 22.673768341561114
-92.5 23.903937253816107 22.671798258411535
-92.0 23.902094324943718 22.669840691278594
-91.5 23.90027938182549 22.667884746046813
-91.0 23.89849401293651 22.66592977580862
-90.5 23.896686441362803 22.663988329135513
-90.0 23.894896571813963 22.662041254956957
-89.5 23.893138919440315 22.660106792382933
-89.0 23.89138216269254 22.658190989168382
-88.5 23.88963609699845 22.656270523691937
-88.0 23.887912769407734 22.654363567079013
-87.5 23.886191951180408 22.652451708430696
-87.0 23.884485592179008 22.65055609914121
-86.5 23.882788623893564 22.648668733214215
-86.0 23.88110141270078 22.64678722332846
-85.5 23.879440425329477 22.64489590293183
-85.0 23.87777998503755 22.64303081210798
-84.5 23.876145941131995 22.641167251852732
-84.0 23.874518896376145 22.639309323428208
-83.5 23.872894351994567 22.637456071533663
-83.0 23.871290636634818 22.63561210405903
-82.5 23.86970238002514 22.63377215630223
-82.0 23.8681235862376 22.63194401400265
-81.5 23.866558594378052 22.63011262507198
-81.0 23.864999625524177 22.62829073559533
-80.5 23.863446977203107 22.626488003492497
-80.0 23.861928022881518 22.624678297289798
-79.5 23.86040833268879 22.622881689994948
-79.0 23.858908922028064 22.6210853496571
-78.5 23.857395810190333 22.619299288558906
-78.0 23.855927990057594 22.61752624338761
-77.5 23.854450531702188 22.615745822187066
-77.0 23.852993537157996 22.613980014023586
-76.5 23.85155923291443 22.612220313602375
-76.0 23.850122196058084 22.61047005880879
-75.5 23.848711074764395 22.60871466002527
-75.0 23.847296398713247 22.606975697149366
-74.5 23.84590490256946 22.605244241397145
-74.0 23.8445224102064 22.60350815743437
-73.5 23.84315456709572 22.60178512831931
-73.0 23.84180842974253 22.600073945440094
-72.5 23.84046787368392 22.59836221536439
-72.0 23.839113841434113 22.596647298112128
-71.5 23.837809556242696 22.594954688464526
-71.0 23.836506792777257 22.59326401011858
-70.5 23.835202492964576 22.59158548224146
-70.0 23.833923178754524 22.58990992078635
-69.5 23.832661320875616 22.588231698948256
-69.0 23.831400017946255 22.586563886449568
-68.5 23.830159583874554 22.584907229680596
-68.0 23.82893729891654 22.583247108188313
-67.5 23.827712749254943 22.581598916046545
-67.0 23.826505559978905 22.579955983262145
-66.5 23.82530374300805 22.57833244102837
-66.0 23.82413317427227 22.576700911422165
-65.5 23.822952802740822 22.575083809419475
-65.0 23.821812775875102 22.57346471391766
-64.5 23.820658861355994 22.571850318087932
-64.0 23.819542477821187 22.570249685087088
-63.5 23.818407785011676 22.568637068853924
-63.0 23.817290576779733 22.56705342641593
-62.5 23.816201022372244 22.5654602510796
-62.0 23.81513169619778 22.563870084997667
-61.5 23.814058034490362 22.56229820960803
-61.0 23.81299479760505 22.560723304056403
-60.5 23.811948619877082 22.559155856143175
-60.0 23.8109107842242 22.557594167682424
-59.5 23.80988758943676 22.556033463910833
-59.0 23.80887504014825 22.554478824596103
-58.5 23.80787032239537 22.552935134813378
-58.0 23.806879834472653 22.55139573041606
-57.5 23.80590824606427 22.549857410933697
-57.0 23.804927674284112 22.5483321878383
-56.5 23.803993712996583 22.546808175287328
-56.0 23.8030226745001 22.545282931407357
-55.5 23.802089462140138 22.543776612435806
-55.0 23.80117029378678 22.54226914314358
-54.5 23.800257817847875 22.540757158198748
-54.0 23.799356624218355 22.53926127110688
-53.5 23.798457597685072 22.537767933608915
-53.0 23.797565568047393 22.53628569341279
-52.5 23.79670316183427 22.534802216022168
-52.0 23.79584251085944 22.533324724029292
-51.5 23.794983224377987 22.531858061494823
-51.0 23.794142469939366 22.530390106253257
-50.5 23.79332250366776 22.52893164204381
-50.0 23.792503555997197 22.527473673801296
-49.5 23.791681548138897 22.526020344552045
-49.0 23.790890463591033 22.524579701000427
-48.5 23.7900994058066 22.523135154547585
-48.0 23.789303766706205 22.521706946448425
-47.5 23.788546298247507 22.52027243241027
-47.0 23.78778523558357 22.518852549552317
-46.5 23.787029838009527 22.517440341256
-46.0 23.786288080316172 22.516022376000492
-45.5 23.785555064439166 22.514612011626763
-45.0 23.784833324476317 22.513205333317714
-44.5 23.78412462755093 22.51181899961278
-44.0 23.783416089624705 22.5104185192615
-43.5 23.782725363997432 22.50903498185927
-43.0 23.782038938214104 22.50764411433664
-42.5 23.781348831553917 22.506271902171093
-42.0 23.78069617100266 22.50490624276276
-41.5 23.780015661297114 22.503529497482475
-41.0 23.77937595457679 22.50216598752393
-40.5 23.778744105939502 22.500808625866245
-40.0 23.778100738326412 22.49946355005337
-39.5 23.777481363358156 22.49811443988239
-39.0 23.776861754912936 22.496770352546758
-38.5 23.7762481922643 22.4954373823704
-38.0 23.775665981644288 22.494101705724496
-37.5 23.775063918728144 22.49277500205207
-37.0 23.77448501109114 22.49145541422341
-36.5 23.773919358040754 22.4901352926437
-36.0 23.773361209215746 22.488829956553303
-35.5 23.77280284082381 22.48751735265834
-35.0 23.772236794073333 22.486210364299883
-34.5 23.771712894178656 22.48491958448119
-34.0 23.771188338453225 22.48363231193157
-33.5 23.770663191606516 22.48234649703672
-33.0 23.77014249688567 22.48106529725458
-32.5 23.769637036675487 22.47978393259157
-32.0 23.769127743887516 22.47851399044835
-31.5 23.768638684218182 22.477245920346416
-31.0 23.768148600027903 22.475979244461897
-30.5 23.76767758848799 22.474730471909005
-30.0 23.767228688512056 22.473466314322202
-29.5 23.766749447963225 22.472227197902
-29.0 23.76631298878018 22.470983432517166
-28.5 23.76586187187336 22.4697496447544
-28.0 23.765450763723308 22.46851424291569
-27.5 23.76503416301204 22.46727963185077
-27.0 23.76462844662658 22.46606789844293
-26.5 23.76423891136833 22.464841273687412
-26.0 23.763874009663134 22.463631165592176
-25.5 23.76348944274138 22.462411580704526
-25.0 23.76313196006621 22.461215675071156
-24.5 23.76277887786906 22.460009337953657
-24.0 23.76243727576949 22.45881431507197
-23.5 23.762110736329426 22.457624966055544
-23.0 23.761790840071342 22.45643767480256
-22.5 23.761489899571956 22.455249796931497
-22.0 23.7611896372824 22.45407651162918
-21.5 23.760890385126103 22.45289745733652
-21.0 23.76060182522478 22.451734352851243
-20.5 23.760335834843712 22.450564492554008
-20.0 23.76009457617728 22.44940284408716
-19.5 23.759842623251405 22.448244236008414
-19.0 23.759581321687335 22.44709668745735
-18.5 23.75935726770484 22.4459529046606
-18.0 23.759117787004584 22.444802580482342
-17.5 23.758913748431176 22.443668284324705
-17.0 23.758702296843694 22.44253991288356
-16.5 23.75849479518836 22.441402820513893
-16.0 23.75828936581023 22.440280613151387
-15.5 23.75812377925669 22.43916064563555
-15.0 23.757929129480246 22.438039372177258
-14.5 23.757766084067615 22.43693441400699
-14.0 23.757597044110508 22.43581740697584
-13.5 23.75744505325968 22.434714726831693
-13.0 23.757316151873653 22.433617303056295
-12.5 23.757157284702025 22.432522257890856
-12.0 23.757023499127396 22.431428890548677
-11.5 23.756909873500412 22.43034653330531
-11.0 23.756793017969837 22.429262120883404
-10.5 23.756663715422498 22.428182771023074
-10.0 23.756571810859985 22.42710959784389
-9.5 23.756460462870123 22.426043791241273
-9.0 23.756378101338708 22.42497361897527
-8.5 23.756296012527194 22.423918620667354
-8.0 23.756205265071102 22.422858059439935
-7.5 23.756127696805805 22.421806336820573
-7.0 23.756061489594238 22.420761868213717
-6.5 23.75599151030157 22.419714956288207
-6.0 23.755941853727478 22.418678238665404
-5.5 23.755867974591304 22.41764369824715
-5.0 23.755844493605586 22.41661237695505
-4.5 23.755801857111862 22.415582970728156
-4.0 23.755766756003297 22.414555793463077
-3.5 23.75572907697947 22.41354248666322
-3.0 23.75569903259006 22.41252207101811
-2.5 23.75567739163833 22.411513911565436
-2.0 23.755662367770242 22.41050570446827
-1.5 23.755652006282332 22.409502329039178
-1.0 23.75564265384176 22.40850106399617
-0.5 23.755633079845182 22.407507129678166
0.0 23.755630180099786 22.406518044671834
0.5 23.755637821773455 22.40553026927355
1.0 23.755650040868247 22.40455618041265
1.5 23.755658481498653 22.403570919789438
2.0 23.755683316557903 22.40260123706166
2.5 23.755707245537707 22.401627012870122
3.0 23.75571302721128 22.40066192673996
3.5 23.755745751565122 22.39970001781822
4.0 23.755769609340177 22.398743159031792
4.5 23.755797888538805 22.397791221542658
5.0 23.75583556996647 22.396836458124334
5.5 23.755886639637673 22.39588755714334
6.0 23.755915969815177 22.394951494174123
6.5 23.75595809005155 22.39401492188726
7.0 23.75599922267467 22.393079699724932
7.5 23.756047821933155 22.392149852945472
8.0 23.75610944698836 22.39121863120747
8.5 23.756169502205886 22.390292230662876
9.0 23.756247577342613 22.389377771934036
9.5 23.756318795331662 22.388461541850884
10.0 23.75638060503998 22.387547172284844
10.5 23.756467979769486 22.386632029645686
11.0 23.756556156506107 22.385733732537403
11.5 23.756644474118048 22.38482776881815
12.0 23.756759228869015 22.383931752496164
12.5 23.75685320647317 22.38303880933482
13.0 23.756957476995055 22.38214761343574
13.5 23.75707416442775 22.381262634421955
14.0 23.757187601144327 22.380370262115456
14.5 23.757316253994667 22.37949299526244
15.0 23.75745674719374 22.37860626455458
15.5 23.757571133267284 22.377739627528968
16.0 23.75771182645198 22.376870628311192
16.5 23.75786969844588 22.37600886327592
17.0 23.75800628269031 22.37514670617877
17.5 23.758167191718826 22.374290939546775
18.0 23.758331106706553 22.373430949425156
18.5 23.758504938222597 22.372582011014337
19.0 23.758677386210124 22.371729919360675
19.5 23.75885981126128 22.370888326666986
20.0 23.759032113945334 22.370056014423504
20.5 23.7592280585824 22.369216375463424
21.0 23.75942137188695 22.368378845196414
21.5 23.759627385035365 22.367549743048187
22.0 23.759825704887703 22.366725296647175
22.5 23.760033592313675 22.365914330181987
23.0 23.760241941976275 22.365092155514297
23.5 23.760483553969408 22.364272779938176
24.0 23.760709613913008 22.36346537189084
24.5 23.76093835286128 22.36266279060842
25.0 23.761184770711456 22.361856363899
25.5 23.76142319596552 22.361058886609378
26.0 23.761681945583156 22.360266014367838
26.5 23.761939665182513 22.359474807339264
27.0 23.76219779543742 22.358686156962534
27.5 23.76246119320036 22.357902638666832
28.0 23.762738366617604 22.357129918502743
28.5 23.763018143742258 22.35635375909218
29.0 23.76329638771142 22.35558215730694
29.5 23.763603374770934 22.354811741529655
30.0 23.763895493850782 22.35405100971787
30.5 23.76420151480061 22.353294658430517
31.0 23.764517258778177 22.352534691880244
31.5 23.76481805104983 22.351783682062766
32.0 23.765140335727036 22.351031514906786
32.5 23.765475255863816 22.35029760969809
33.0 23.765814556921583 22.349550161876554
33.5 23.766145408935444 22.348814182239707
34.0 23.7664984615645 22.348089783110883
34.5 23.76684297844654 22.347353453507548
35.0 23.767201965604038 22.3466357802398
35.5 23.767572659963847 22.345915617403385
36.0 23.767945952296756 22.345196238613845
36.5 23.76830384890893 22.344486018219968
37.0 23.768700683462555 22.343774587811897
37.5 23.769096239318262 22.343082000720273
38.0 23.769492374484265 22.342375155746073
38.5 23.769889732697816 22.34167954452536
39.0 23.770294275657534 22.340986007275486
39.5 23.770696224600965 22.340297392279084
40.0 23.771126817633267 22.33961571969313
40.5 23.771561514927537 22.338938223879513
41.0 23.77199385670639 22.338263636940397
41.5 23.77243455106518 22.337590856553874
42.0 23.77288866988645 22.336923480536246
42.5 23.77334376874103 22.336263742137223
43.0 23.773800132757895 22.33560361689515
43.5 23.7742675844356 22.334947774414353
44.0 23.77474424167403 22.334289412885617
44.5 23.775214795213234 22.33365296843268
45.0 23.77569015605626 22.333002697527327
45.5 23.776190723817628 22.332371472017975
46.0 23.776690188651255 22.331725889538493
46.5 23.777190631368356 22.33109176356354
47.0 23.777704830565884 22.330463199097377
47.5 23.7782101287152 22.329827427834765
48.0 23.778732212369647 22.32921058197277
48.5 23.779252260520714 22.32859260495953
49.0 23.779786403667327 22.3279665811657
49.5 23.780333170739514 22.327353060821164
50.0 23.780879301222996 22.326749327398034
50.5 23.78142228967803 22.326141120396642
51.0 23.78198703974236 22.32553823953998
51.5 23.782546436402477 22.324936365987536
52.0 23.783118583927063 22.324348346163067
52.5 23.783687390427378 22.323757215693284
53.0 23.784268552060475 22.323165489233567
53.5 23.78485512276809 22.3225767076549
54.0 23.785458490414943 22.32199438571468
54.5 23.786052776683494 22.32141922548965
55.0 23.786677427974222 22.32084489432367
55.5 23.78728333944357 22.32027708280014
56.0 23.787882342157076 22.31970929546725
56.5 23.78851979009818 22.319149175399907
57.0 23.78915951091422 22.318588818838005
57.5 23.78979805236319 22.318030170581512
