FastTrWP/PhaseSpace/IAs/snIa_0.37_30.00_-0.40_0.01.csv
# %ECSV 0.9
# ---
# datatype:
# - {name: time-rel, datatype: float64}
# - {name: g, datatype: float64}
# - {name: i, datatype: float64}
# schema: astropy-2.0
time-rel g i
[from data line 2018]
1212.6041666666667 24.760847025290467 23.12097732861063
1213.1041666666667 24.7629186351553 23.1216762380903
1213.6041666666667 24.764991545503836 23.12236212043804
1214.1041666666667 24.76706870081982 23.123062201618648
1214.6041666666667 24.76916053576925 23.123757227890287
1215.1041666666667 24.771229120338706 23.124452437448944
1215.6041666666667 24.773282420130283 23.125133523803377
1216.1041666666667 24.775323038299515 23.125832689354617
1216.6041666666667 24.777373790336235 23.126512288505282
1217.1041666666667 24.77942441710759 23.127207413744642
1217.6041666666667 24.78146122455836 23.127886731322786
1218.1041666666667 24.7834953115875 23.12856941694601
1218.6041666666667 24.785515151053325 23.12925131046083
1219.1041666666667 24.787535487724668 23.129924856540953
1219.6041666666667 24.789565986557562 23.13059449825331
1220.1041666666667 24.791571232003715 23.131280452551902
1220.6041666666667 24.793578739742404 23.13194640851679
1221.1041666666667 24.795588623948674 23.132614443366638
1221.6041666666667 24.797559737102222 23.133281946170875
1222.1041666666667 24.799561112107394 23.133952818493192
1222.6041666666667 24.801523308586795 23.134603926219725
1223.1041666666667 24.803491472773036 23.135274087953185
1223.6041666666667 24.805463530805643 23.135932058741574
1224.1041666666667 24.807411398572533 23.1365797074972
1224.6041666666667 24.809352684019693 23.137236734701922
1225.1041666666667 24.811325810025508 23.1378895611917
1225.6041666666667 24.813236205994475 23.138536821011918
1226.1041666666667 24.815187402461817 23.1391830298912
1226.6041666666667 24.81710737987322 23.139832809493953
1227.1041666666667 24.819043518208815 23.14047723484866
1227.6041666666667 24.820951629715424 23.14112803039192
1228.1041666666667 24.822871990663494 23.141765827853263
1228.6041666666667 24.824768067173505 23.14240587011829
1229.1041666666667 24.826668198791666 23.143049795766032
1229.6041666666667 24.828592260150884 23.143679950270702
1230.1041666666667 24.83046784660288 23.14432057300816
1230.6041666666667 24.83235748392428 23.144954610927066
1231.1041666666667 24.834243993420632 23.145584062355447
1231.6041666666667 24.836121206958207 23.14622216888434
1232.1041666666667 24.838003532778746 23.146845123336675
1232.6041666666667 24.839878311610242 23.147480601294063
1233.1041666666667 24.841763049968073 23.148112247994128
1233.6041666666667 24.84362891725793 23.148736806512016
1234.1041666666667 24.845482144626803 23.14935962789791
1234.6041666666667 24.847349110287723 23.149992695038137
1235.1041666666667 24.849194670945426 23.1506161341391
1235.6041666666667 24.85105921777255 23.15123052508963
1236.1041666666667 24.852908267006356 23.15185660904384
1236.6041666666667 24.85478784337132 23.152479347047667
1237.1041666666667 24.856614507599332 23.153107329405028
1237.6041666666667 24.858447268284657 23.15372280286182
1238.1041666666667 24.860303247069826 23.15434678617342
1238.6041666666667 24.862132812142562 23.15496405363708
1239.1041666666667 24.863984373623698 23.15558231407564
1239.6041666666667 24.865834148146718 23.156206937431175
1240.1041666666667 24.86765362773561 23.156831911865524
1240.6041666666667 24.86949897554751 23.157444043060682
1241.1041666666667 24.871344427541537 23.158061131190102
1241.6041666666667 24.873172757174085 23.158676160213435
1242.1041666666667 24.874987834090525 23.159299330022172
1242.6041666666667 24.876855949185565 23.159921975170718
1243.1041666666667 24.87865618523977 23.16054133899609
1243.6041666666667 24.88051932561788 23.161152993488983
1244.1041666666667 24.88233657928574 23.161779927182874
1244.6041666666667 24.884172660781584 23.162402607464475
1245.1041666666667 24.88600168000613 23.163016764483707
1245.6041666666667 24.88783780486786 23.16364194424944
1246.1041666666667 24.889653093241414 23.164258598904645
1246.6041666666667 24.891483548909843 23.164880282820917
1247.1041666666667 24.8933148836376 23.16549724876468
1247.6041666666667 24.89516832394952 23.166111152757
1248.1041666666667 24.897017632722335 23.16674127436485
1248.6041666666667 24.898847511040056 23.167370882499526
1249.1041666666667 24.900690634620336 23.167984835229344
1249.6041666666667 24.90254481489922 23.168611334553386
1250.1041666666667 24.904382083877824 23.169231790880826
1250.6041666666667 24.906213141389067 23.16986348382398
1251.1041666666667 24.908080545042917 23.17048776492623
1251.6041666666667 24.90990863289739 23.17110775540945
1252.1041666666667 24.911767742920773 23.171736437631054
1252.6041666666667 24.913601028040652 23.172365655434525
1253.1041666666667 24.91543584969375 23.17298563723696
1253.6041666666667 24.91724891563566 23.173611655040705
1254.1041666666667 24.91907629014822 23.17421691085658
1254.6041666666667 24.92090576283387 23.174837898487194
1255.1041666666667 24.922733081938922 23.17546303807179
1255.6041666666667 24.92453000414244 23.176084874531092
1256.1041666666667 24.92635481584307 23.17670851862013
1256.6041666666667 24.928162992311982 23.177310119433272
1257.1041666666667 24.929948080570682 23.177923541669763
1257.6041666666667 24.9317659133686 23.178545842325207
1258.1041666666667 24.933557796437338 23.179160995999
1258.6041666666667 24.935377135839204 23.179774312865334
1259.1041666666667 24.93717338091558 23.18038131192148
1259.6041666666667 24.938950996508154 23.18099320903962
1260.1041666666667 24.940718769431275 23.1816178556968
1260.6041666666667 24.94251574298058 23.182226056040747
1261.1041666666667 24.94432571257483 23.182832506709516
1261.6041666666667 24.94609683004512 23.18344127198753
1262.1041666666667 24.947884560830985 23.184061037869398
1262.6041666666667 24.949660266714865 23.184676410163814
1263.1041666666667 24.951440611528824 23.185285276967527
1263.6041666666667 24.953204511061845 23.185879414118318
1264.1041666666667 24.95501176008773 23.18649532996168
1264.6041666666667 24.956771713869877 23.187103068162045
1265.1041666666667 24.958530717308932 23.18771076508856
1265.6041666666667 24.960317923481824 23.188324576987466
1266.1041666666667 24.962085412809145 23.188937911331465
1266.6041666666667 24.96384560284035 23.189539641492676
1267.1041666666667 24.96562703206186 23.190151206279932
1267.6041666666667 24.967401134032997 23.190763062870584
1268.1041666666667 24.969144220407923 23.19138015452907
1268.6041666666667 24.97092616976383 23.19197644072233
1269.1041666666667 24.972670759075356 23.192587068992836
1269.6041666666667 24.974454234241993 23.193206402237948
1270.1041666666667 24.976244556134823 23.193806659014648
1270.6041666666667 24.978009187540174 23.194418715836353
1271.1041666666667 24.979779771013618 23.195026453496304
1271.6041666666667 24.981542631710433 23.19564057135048
1272.1041666666667 24.983277708884785 23.19624577889371
1272.6041666666667 24.98507250227871 23.19686128137422
1273.1041666666667 24.986851510463094 23.197476803312593
1273.6041666666667 24.988615447606616 23.19810178212515
1274.1041666666667 24.99040057816814 23.198703090850493
1274.6041666666667 24.992170989803164 23.19932355304966
1275.1041666666667 24.99392640694838 23.199933339706973
1275.6041666666667 24.995697633419745 23.200556272422844
1276.1041666666667 24.997503580130335 23.201176751902427
1276.6041666666667 24.99928332734101 23.20178551783429
1277.1041666666667 25.001042371894084 23.202401752663175
1277.6041666666667 25.002828170766303 23.203031591360485
1278.1041666666667 25.004602420958815 23.203646678566244
1278.6041666666667 25.006406984489516 23.20427178030525
1279.1041666666667 25.008186137753064 23.204888229222128
1279.6041666666667 25.010001540755926 23.20550986082459
1280.1041666666667 25.011780441094174 23.20613190355049
1280.6041666666667 25.013572846493823 23.206764324269415
1281.1041666666667 25.015347437707266 23.207391010787116
1281.6041666666667 25.017188705763942 23.208010325834106
1282.1041666666667 25.01898649066479 23.208646520507394
1282.6041666666667 25.02079496507846 23.209278049288095
1283.1041666666667 25.02261101757004 23.209914228064793
1283.6041666666667 25.02443284773412 23.210531297870997
1284.1041666666667 25.026245453915934 23.211172093754616
1284.6041666666667 25.028041128533346 23.21180078636463
1285.1041666666667 25.029890921216964 23.212437358410977
1285.6041666666667 25.031685813823085 23.21307559702527
1286.1041666666667 25.03350877883164 23.21371327089747
1286.6041666666667 25.035345367117287 23.214342883820066
1287.1041666666667 25.03713814496305 23.214993561777888
1287.6041666666667 25.039003588303093 23.215622339833676
1288.1041666666667 25.040810776742948 23.216266653538867
1288.6041666666667 25.042636043768958 23.21688356790204
1289.1041666666667 25.044478468759337 23.217535878943103
1289.6041666666667 25.046296556704032 23.21817866386492
1290.1041666666667 25.048117275300108 23.218811192524925
1290.6041666666667 25.049970796077684 23.21946247932469
1291.1041666666667 25.05179708863289 23.22010342877208
1291.6041666666667 25.053629840697255 23.220747652200245
1292.1041666666667 25.055463545994577 23.221388164708724
1292.6041666666667 25.057290788909548 23.222032053958394
1293.1041666666667 25.059106917109126 23.222671974268554
1293.6041666666667 25.06095779048852 23.223315791035574
1294.1041666666667 25.062777397216212 23.223957325735924
1294.6041666666667 25.064634595158854 23.22460170145005
1295.1041666666667 25.06647711214896 23.22524885944958
1295.6041666666667 25.06833228784755 23.22590907805267
1296.1041666666667 25.07014810994255 23.22653968808089
1296.6041666666667 25.07197258722691 23.227186720369062
1297.1041666666667 25.073833367525815 23.227834516146043
1297.6041666666667 25.075660653612566 23.228487959495418
1298.1041666666667 25.077512731188776 23.229141263524102
1298.6041666666667 25.079366696689643 23.229783000241078
1299.1041666666667 25.08121435031448 23.230431999002846
1299.6041666666667 25.08304142263249 23.231097074721557
1300.1041666666667 25.084893560979506 23.231733691659766
1300.6041666666667 25.08674338692974 23.23238837109774
1301.1041666666667 25.088578316863646 23.233044597156663
1301.6041666666667 25.09042120716279 23.233699268329634
1302.1041666666667 25.092278661972273 23.234347168676127
1302.6041666666667 25.09412629511433 23.234991697251786
1303.1041666666667 25.095958102243237 23.235646048020392
1303.6041666666667 25.09781063566887 23.23630373434692
1304.1041666666667 25.099670797325015 23.23695876663855
1304.6041666666667 25.101509412894217 23.23762292359584
1305.1041666666667 25.1033533262212 23.23826896754379
1305.6041666666667 25.105204068140765 23.238921197148123
1306.1041666666667 25.107068835081737 23.239589578341963
1306.6041666666667 25.108887692710105 23.24024210661207
1307.1041666666667 25.110746555697236 23.240893668980036
1307.6041666666667 25.112599672389265 23.241554954153173
1308.1041666666667 25.114439075324345 23.24220760602831
1308.6041666666667 25.11631096115782 23.242868942332414
1309.1041666666667 25.118155902710125 23.24353199928039
1309.6041666666667 25.119987509071606 23.244172234777544
1310.1041666666667 25.121851342319275 23.244843690206988
1310.6041666666667 25.12370035360628 23.2455032257168
1311.1041666666667 25.12554052343489 23.24616650291524
1311.6041666666667 25.127407741052835 23.246826609998994
1312.1041666666667 25.129252972846942 23.24749709362871
1312.6041666666667 25.13110350038359 23.248145178939986
1313.1041666666667 25.13294234974886 23.248814847148918
1313.6041666666667 25.134781796476787 23.249475372643534
1314.1041666666667 25.136635404255262 23.250142017330564
1314.6041666666667 25.138503555337522 23.250798789224774
1315.1041666666667 25.1403340608254 23.251454306668776
1315.6041666666667 25.142195298865005 23.252127270268282
1316.1041666666667 25.144044602800108 23.252784756400384
1316.6041666666667 25.14587038689992 23.253456266732133
1317.1041666666667 25.147735929380303 23.254119719227564
1317.6041666666667 25.149605418602412 23.25478082666491
1318.1041666666667 25.15142310339256 23.25544135288437
1318.6041666666667 25.153289033280316 23.25611382756124
1319.1041666666667 25.155147660454347 23.2567835464525
1319.6041666666667 25.156980783794246 23.257439227969805
1320.1041666666667 25.158839822932112 23.258115621311497
1320.6041666666667 25.16067593406199 23.25877263909407
1321.1041666666667 25.16253217146062 23.259459576535665
1321.6041666666667 25.164394924061536 23.260117265092532
1322.1041666666667 25.166243625328264 23.260788899207157
1322.6041666666667 25.168101569242666 23.26146684302469
1323.1041666666667 25.169932935039185 23.26214498434083
1323.6041666666667 25.171778123834578 23.262805042920483
1324.1041666666667 25.173658373902306 23.263477364657486
1324.6041666666667 25.175491548534076 23.264160828413768
1325.1041666666667 25.177345661406356 23.264825992249403
1325.6041666666667 25.17919763297314 23.265489393179806
1326.1041666666667 25.181068888083256 23.266166999679964
1326.6041666666667 25.18289450429329 23.266841481124203
1327.1041666666667 25.184769236534983 23.267518566853195
1327.6041666666667 25.1866241993288 23.268199019405593
1328.1041666666667 25.18847274625511 23.26886102260309
1328.6041666666667 25.19033274391061 23.269548047652883
1329.1041666666667 25.192176363184995 23.270220648109472
1329.6041666666667 25.194028116670218 23.270897139124777
1330.1041666666667 25.195888218957982 23.2715623913022
1330.6041666666667 25.19773290299456 23.272251321122013
1331.1041666666667 25.19960219619518 23.272931273839145
1331.6041666666667 25.201431174215017 23.273611790628138
1332.1041666666667 25.20328873515161 23.27428682566945
1332.6041666666667 25.2051296567976 23.274971710839626
1333.1041666666667 25.206995117552808 23.27565433767527
1333.6041666666667 25.20887775473753 23.276333445363093
1334.1041666666667 25.2107085201385 23.27701076060281
1334.6041666666667 25.212564211776094 23.2776920313753
1335.1041666666667 25.214406773729007 23.278368471730808
1335.6041666666667 25.21627470109202 23.27904425658998
1336.1041666666667 25.21811891282749 23.279733055692024
1336.6041666666667 25.219966261879915 23.280412190590575
1337.1041666666667 25.221818612264897 23.28109899350032
1337.6041666666667 25.223655903604293 23.281772583016366
1338.1041666666667 25.22549894810186 23.28247024118361
1338.6041666666667 25.227376439619626 23.283153850645565
1339.1041666666667 25.229211229320914 23.283828107447686
1339.6041666666667 25.2310529449884 23.28452294314195
1340.1041666666667 25.232902513114706 23.285202435559643
1340.6041666666667 25.234737443725667 23.28589232372419
1341.1041666666667 25.236583561101167 23.28657076715688
1341.6041666666667 25.238449374012404 23.287265856780387
1342.1041666666667 25.240295937941447 23.28794903418888
1342.6041666666667 25.24211014839991 23.288625065752445
1343.1041666666667 25.243975612197893 23.289306303817575
1343.6041666666667 25.245808880376043 23.290006905082087
1344.1041666666667 25.24765308053376 23.290692807773294
1344.6041666666667 25.249509558983153 23.291374112181682
1345.1041666666667 25.251352092543605 23.29206160036419
1345.6041666666667 25.253160755117893 23.292746892674273
1346.1041666666667 25.255003870934665 23.293433443966315
1346.6041666666667 25.25684107501887 23.29411706970038
1347.1041666666667 25.258696383174254 23.29481160082489
1347.6041666666667 25.260551117227124 23.295504108463515
1348.1041666666667 25.262356366934988 23.29618832696521
1348.6041666666667 25.264208207484536 23.296878152127295
1349.1041666666667 25.266051944106938 23.297574851793165
1349.6041666666667 25.26784487295114 23.29825913298588
1350.1041666666667 25.269709830533532 23.298944973443056
1350.6041666666667 25.271536972125634 23.299638913125026
1351.1041666666667 25.273342078826083 23.3003266557986
1351.6041666666667 25.27517483224447 23.301017946699364
1352.1041666666667 25.276993660946886 23.301713822954717
1352.6041666666667 25.278831318160012 23.3023975016279
1353.1041666666667 25.280636445196055 23.30308271070882
1353.6041666666667 25.282484839709134 23.303779550612326
