FastTrWP/PhaseSpace/IAs/snIa_0.33_30.00_-0.22_-0.03.csv
# %ECSV 0.9
# ---
# datatype:
# - {name: time-rel, datatype: float64}
# - {name: g, datatype: float64}
# - {name: i, datatype: float64}
# schema: astropy-2.0
time-rel g i
[from data line 700]
-70.0 22.846764905789733 22.71401887192006
-69.5 22.846043922262847 22.712970064707907
-69.0 22.845326353082427 22.711915787523488
-68.5 22.84461195551485 22.710865231264496
-68.0 22.843903315361665 22.70982588154329
-67.5 22.84320529883615 22.708785725799796
-67.0 22.842513718370043 22.707744404701458
-66.5 22.84183068410494 22.70671902139295
-66.0 22.84114934392859 22.7056907730506
-65.5 22.840483325375388 22.704667335798618
-65.0 22.83982031898403 22.7036592892909
-64.5 22.839161903407916 22.70264763499472
-64.0 22.838505466821005 22.70163628629042
-63.5 22.837863184681076 22.700633941052118
-63.0 22.837220102226155 22.699629373012055
-62.5 22.83658936751298 22.698636128122697
-62.0 22.835967433885763 22.69764198003145
-61.5 22.835344932911333 22.696656726803248
-61.0 22.834732707331483 22.69567556902414
-60.5 22.83412194201273 22.69469884852551
-60.0 22.833517828061105 22.693731259222382
-59.5 22.83293351325281 22.692755501270536
-59.0 22.83233027173223 22.691786874413978
-58.5 22.831759932792878 22.690831930992378
-58.0 22.8311899256423 22.689869359778534
-57.5 22.830626776958155 22.68893143011053
-57.0 22.830066645185934 22.68797166456652
-56.5 22.829528038317235 22.687041470848914
-56.0 22.828978653582368 22.686107157742796
-55.5 22.828455016331702 22.68517684868659
-55.0 22.82793122883575 22.684251021275237
-54.5 22.827405907936974 22.683333873031238
-54.0 22.826904106963614 22.68242420244861
-53.5 22.826407328413012 22.68151496205052
-53.0 22.82591533967483 22.68061454036863
-52.5 22.825434256383925 22.679713930336508
-52.0 22.824954989162606 22.678820116856805
-51.5 22.824480119710778 22.67792470793978
-51.0 22.82401681279762 22.67703975845981
-50.5 22.82356458294003 22.676166963057256
-50.0 22.823118026877573 22.67529134601211
-49.5 22.822674800156776 22.67441585736156
-49.0 22.82223982289141 22.673550654920707
-48.5 22.82180612102013 22.67268063085649
-48.0 22.82138563193336 22.67183229434039
-47.5 22.820968217153116 22.670974766498126
-47.0 22.82055278951738 22.67012010727884
-46.5 22.820160557789194 22.669276516422286
-46.0 22.8197609554377 22.668430528223222
-45.5 22.81936706299296 22.66759189150951
-45.0 22.81898697763889 22.666752118947603
-44.5 22.818591771067254 22.665927612805554
-44.0 22.81822417216462 22.665088473405547
-43.5 22.81786005166225 22.66427345083094
-43.0 22.81750064211764 22.66344961192405
-42.5 22.81713174868184 22.662630454968067
-42.0 22.816788066698006 22.661815688109574
-41.5 22.81643723831952 22.66100667133739
-41.0 22.816089598527544 22.660203232555926
-40.5 22.815750254705694 22.659399870472065
-40.0 22.81541563541196 22.65858843099485
-39.5 22.81509556197234 22.65779286331008
-39.0 22.814775882789448 22.65700171101479
-38.5 22.814449763483 22.65620352693064
-38.0 22.814134816911242 22.655416369525362
-37.5 22.81383007671203 22.654633156654835
-37.0 22.81352768986746 22.653846963733134
-36.5 22.813225255133492 22.65306406539089
-36.0 22.812933070104393 22.65228627129202
-35.5 22.81263935758945 22.651514794806765
-35.0 22.81234107298184 22.650737003952667
-34.5 22.81205981234443 22.649964043909733
-34.0 22.811782235326792 22.649193689908756
-33.5 22.81150271345527 22.648429625552108
-33.0 22.811227672505616 22.647665163892295
-32.5 22.81094978120413 22.64689987311284
-32.0 22.810688221495656 22.6461465870225
-31.5 22.81043100796705 22.645382849310568
-31.0 22.81016497251684 22.64462459081657
-30.5 22.809904872351744 22.643874727858616
-30.0 22.809649603591076 22.643127990237296
-29.5 22.809400868006897 22.64237342331386
-29.0 22.80915719046653 22.641621982000753
-28.5 22.80890299577623 22.640878726258478
-28.0 22.80865499328875 22.64012962821241
-27.5 22.808417577204146 22.63938630826923
-27.0 22.808179027771697 22.638642654254866
-26.5 22.80795156114046 22.637904154875063
-26.0 22.807715480266097 22.637166083107374
-25.5 22.8074965237468 22.636436364703627
-25.0 22.807265310908072 22.635701065602156
-24.5 22.807054570225432 22.634971321557433
-24.0 22.806834603236833 22.634244797661708
-23.5 22.806625823832253 22.63352043742848
-23.0 22.806416412827275 22.63279614664391
-22.5 22.806216695479918 22.632074128500506
-22.0 22.806021726833716 22.631358135315722
-21.5 22.805823069260043 22.630643556045285
-21.0 22.80563197914303 22.62993550022308
-20.5 22.805452612903416 22.62922475701982
-20.0 22.805269535413913 22.628524204468533
-19.5 22.805089194589158 22.627815794765436
-19.0 22.8049257876458 22.627112775010765
-18.5 22.804753184019955 22.62641008619381
-18.0 22.80458854518458 22.625719341110546
-17.5 22.80443269655906 22.625024280070708
-17.0 22.804273375992878 22.624325691276887
-16.5 22.804118124139585 22.623635945279965
-16.0 22.80397876655647 22.622951073022595
-15.5 22.80383129196391 22.622271938007053
-15.0 22.803704117997214 22.62159224417428
-14.5 22.803561051423817 22.620906333649376
-14.0 22.803434912986624 22.620232767154636
-13.5 22.80330613266893 22.61955673727494
-13.0 22.80318821132422 22.618896917923795
-12.5 22.80306619518216 22.618221559562187
-12.0 22.80296032837754 22.617561432933705
-11.5 22.80284973736083 22.61689270637689
-11.0 22.802755161769255 22.616240169861896
-10.5 22.80264883485701 22.615584521584957
-10.0 22.80255760277637 22.614928480151914
-9.5 22.80247648779289 22.61426899505323
-9.0 22.802387165772544 22.6136241519991
-8.5 22.802303172985084 22.61297602442257
-8.0 22.802232143235813 22.61233438695353
-7.5 22.802153182391297 22.61169387294663
-7.0 22.802092192194348 22.611055843968636
-6.5 22.802024007856918 22.61042561990033
-6.0 22.801981232797573 22.609788404790212
-5.5 22.801918020026854 22.609164394946184
-5.0 22.801879164162038 22.608525662536252
-4.5 22.80183178134316 22.607915178775887
-4.0 22.801793779210165 22.60728898781221
-3.5 22.80175902905263 22.60667480834836
-3.0 22.801739064803762 22.60605431908798
-2.5 22.80172017117092 22.605445768646902
-2.0 22.8016940010404 22.604828194461327
-1.5 22.80168177068561 22.60422058633531
-1.0 22.80166873656431 22.603617655533593
-0.5 22.801665036205286 22.603019786420017
0.0 22.801665001962085 22.60242622691104
0.5 22.801673409815244 22.601825882944713
1.0 22.801684651498917 22.60123956472586
1.5 22.801698913372714 22.600645524851252
2.0 22.80171293651451 22.60005938158619
2.5 22.80173476380494 22.599472623653924
3.0 22.80176757649504 22.598900912336504
3.5 22.801806837009558 22.598320247530776
4.0 22.80184386921393 22.59774317112345
4.5 22.801897239029785 22.597168086038803
5.0 22.801942353545943 22.59660983185445
5.5 22.801997080485815 22.596037096863306
6.0 22.80205805271391 22.595475774157762
6.5 22.802119224330628 22.594918265946834
7.0 22.802190889826743 22.594348065138043
7.5 22.802264472815477 22.59379722029486
8.0 22.802348738094057 22.5932472464004
8.5 22.80242393596428 22.592692382053446
9.0 22.802504273519165 22.592144716548795
9.5 22.802598610762438 22.59159643719647
10.0 22.802690471481483 22.59106052464981
10.5 22.802790682315297 22.590513277783835
11.0 22.802891780295532 22.58997820385034
11.5 22.80300838544477 22.589440510400497
12.0 22.803119414122285 22.588907066595354
12.5 22.803230926501122 22.588375772794322
13.0 22.803361196981513 22.58785263201009
13.5 22.803493105176777 22.587328847723967
14.0 22.803618028914702 22.58680315211374
14.5 22.803766629298167 22.586282497950908
15.0 22.803897886905542 22.58575932815728
15.5 22.80403939782031 22.585248809431917
16.0 22.80419807953293 22.584738007597977
16.5 22.804347511616733 22.58422249756938
17.0 22.804513805718468 22.583717108450514
17.5 22.80468066463268 22.583219732902645
18.0 22.804844345009293 22.582706612572206
18.5 22.80501951117602 22.58220925475245
19.0 22.805204055555045 22.581714357497702
19.5 22.805386732054053 22.581220269485907
20.0 22.805572986807437 22.580727745840843
20.5 22.805769963044177 22.58024489654812
21.0 22.805975405091026 22.579757018397135
21.5 22.80616642860562 22.57926939439158
22.0 22.806389665079116 22.578788490271613
22.5 22.806592713095736 22.57831971326023
23.0 22.806801782468455 22.577843519345763
23.5 22.807040094819286 22.577369235080653
24.0 22.807269632079816 22.576903807925873
24.5 22.80749789530399 22.576431873253235
25.0 22.807737234700568 22.575972549123208
25.5 22.807979873657565 22.575510775425805
26.0 22.808228427312393 22.575053961208575
26.5 22.808480712590548 22.574597753366938
27.0 22.808734602788526 22.574147846818533
27.5 22.808996003922786 22.573695839976843
28.0 22.809263427577534 22.573243823824647
28.5 22.80954478225402 22.572802849381546
29.0 22.80982309168033 22.57236199917169
29.5 22.810108983249997 22.571917263562035
30.0 22.810395510844053 22.57149091383363
30.5 22.81068341913764 22.571058003839504
31.0 22.810985867961946 22.57062494953384
31.5 22.811294022011644 22.57019829845861
32.0 22.811596639857466 22.569778156686333
32.5 22.811911627612123 22.56935510659919
33.0 22.81223650222251 22.568935735291117
33.5 22.812554536989698 22.56852429579974
34.0 22.812887748147794 22.56810085659128
34.5 22.813224458943225 22.56769822182506
35.0 22.81356145343271 22.567297368852227
35.5 22.813910619227215 22.566888546846826
36.0 22.81426874310715 22.566487305092963
36.5 22.8146165527043 22.566089219023283
37.0 22.814979886064876 22.56569552572782
37.5 22.815348423388503 22.565305955128206
38.0 22.815717908049777 22.564917051070235
38.5 22.81611083996821 22.5645290561138
39.0 22.81650349715526 22.564137987250096
39.5 22.816895624782436 22.563758826175366
40.0 22.81728870562274 22.56338334932903
40.5 22.81769715165629 22.563006318696083
41.0 22.818109853895724 22.56263355854914
41.5 22.818538221515908 22.56226617989148
42.0 22.81896540128876 22.56189725992559
42.5 22.81939169369824 22.561526347938212
43.0 22.819841402288805 22.56117056132281
43.5 22.82027304558843 22.560807717010274
44.0 22.820732615304106 22.560449322937153
44.5 22.82117542013333 22.560095113994315
45.0 22.821650663418843 22.559747282817312
45.5 22.822115247826275 22.55939557071207
46.0 22.822583084251256 22.559045378052105
46.5 22.82306442477654 22.558700648315902
47.0 22.823548052550674 22.558362132715693
47.5 22.82403964026523 22.558023357824002
48.0 22.82452885902398 22.557693839697656
48.5 22.825030447556767 22.55735200218114
49.0 22.825532588167512 22.55702641952086
49.5 22.82604088585856 22.556698478551233
50.0 22.8265535474736 22.55637301649298
50.5 22.82706849387131 22.556047757486354
51.0 22.827588112237866 22.555725009780563
51.5 22.82813216880529 22.55540369893723
52.0 22.82866040657478 22.555102254870235
52.5 22.829196598849094 22.554781777287644
53.0 22.829736761964824 22.55447144138387
53.5 22.830279269828488 22.554174002410704
54.0 22.830832482614795 22.553866149573775
54.5 22.831388774189016 22.5535643139268
55.0 22.831943272444953 22.553261477533688
55.5 22.832505302020373 22.55296705745307
56.0 22.833079195204068 22.55267583237336
56.5 22.833636548609793 22.55238979469698
57.0 22.83421255395546 22.55209793300397
57.5 22.834793916641644 22.551815327760668
58.0 22.835377684620013 22.551528075449305
58.5 22.835972710410893 22.551251043822823
59.0 22.836550313897067 22.550968052644265
59.5 22.837145863353182 22.550696420152924
60.0 22.83773486354676 22.550421106935467
60.5 22.838336801183516 22.550154705115908
61.0 22.838947455378857 22.54989189183359
61.5 22.839555516615874 22.549621534719968
62.0 22.840157425524804 22.54936513512433
62.5 22.84076942896647 22.54911256989764
63.0 22.84138091768525 22.548857390148317
63.5 22.842000379252934 22.548602819954105
64.0 22.842609363761174 22.548349905442663
64.5 22.84323901590693 22.54809699067018
65.0 22.843853931727743 22.547854820585908
65.5 22.84449102522199 22.547618963750757
66.0 22.845120646457268 22.547370385250666
66.5 22.845748588497464 22.547141618978273
67.0 22.84638801803564 22.54690729053737
67.5 22.847024903655047 22.546675597100872
68.0 22.84765825107947 22.54644007581678
68.5 22.84829832354102 22.546216617787863
69.0 22.84894001538937 22.545993648850796
69.5 22.849590612449077 22.545769555646217
70.0 22.850247762960592 22.545555566920843
70.5 22.85090961133109 22.545339749206438
71.0 22.851577490507196 22.545123478784785
71.5 22.85223650458764 22.544909891527777
72.0 22.85291476324439 22.544710305781518
72.5 22.853584030401173 22.544508177239212
73.0 22.85427324440164 22.544300697490456
73.5 22.854960405979504 22.544100628449733
74.0 22.855655669219047 22.543901315266318
74.5 22.856358701301495 22.543707267856135
75.0 22.85705135874076 22.54352028993942
75.5 22.857758369074222 22.543328278914426
76.0 22.858468784736353 22.54314550820121
76.5 22.859183501891227 22.542958308811972
77.0 22.85990501606733 22.542776424904872
77.5 22.86062033844807 22.54259295103601
78.0 22.86135046234863 22.54242241156505
78.5 22.862093585030415 22.542252967913406
79.0 22.862820513782548 22.542076784875388
79.5 22.863556526885716 22.541915469866083
80.0 22.864296186751176 22.541754790031817
80.5 22.865044734500138 22.541587901571543
81.0 22.86579242006691 22.541427823856406
81.5 22.866545073374365 22.541264436949213
82.0 22.867306706923827 22.541112325839485
82.5 22.86806025624609 22.540956228503106
83.0 22.868828708874503 22.54080749568605
83.5 22.86959758057963 22.54066788954001
84.0 22.87035993654833 22.54051522144011
84.5 22.871145537520658 22.540375469000562
85.0 22.871917672097627 22.540233156550315
85.5 22.87269684572367 22.540096987865148
86.0 22.873482950428652 22.539963800116972
86.5 22.87426998017656 22.539827996245112
87.0 22.875063048873994 22.539705935542326
87.5 22.875859679365036 22.53957402421172
88.0 22.876649673471974 22.53945392590682
88.5 22.877445341270505 22.539331491143276
89.0 22.878250949804062 22.53921216740807
89.5 22.87905239698258 22.539090912832542
90.0 22.879858342573623 22.538982681747285
90.5 22.88066450264488 22.538873438880813
91.0 22.881476222407883 22.538759131281658
91.5 22.882295191203813 22.53865662821842
92.0 22.883106827257734 22.538552542987198
92.5 22.883923174388535 22.53844361279458
93.0 22.88473866054652 22.538346476370187
93.5 22.885566110470666 22.53824851427698
94.0 22.886389603141858 22.53815460452173
94.5 22.88722663878922 22.538053749710414
95.0 22.888043466257024 22.53797308301262
95.5 22.888883964338827 22.537889413802688
96.0 22.889713855321773 22.537808287190764
96.5 22.89053824880359 22.53772327442167
97.0 22.891379713793995 22.53764734088344
97.5 22.89221770032315 22.537554306206772
98.0 22.89305772088001 22.53749119367332
98.5 22.893889564445075 22.537424559549656
99.0 22.89473636359795 22.53734839780471
99.5 22.895578207524032 22.53727863894366
100.0 22.896423263425092 22.537219146051246
100.5 22.897274434259074 22.537160277658444
101.0 22.89812283072008 22.537096533903306
101.5 22.898962308108523 22.53703371855896
102.0 22.899824133207392 22.536981855613945
102.5 22.900672658353834 22.536933752720813
103.0 22.901539277591645 22.536885162205856
103.5 22.902393549668318 22.536840391744665
104.0 22.903260996748376 22.536792128123253
104.5 22.904129240936687 22.536744624604793
105.0 22.90499555207742 22.536712584157186
105.5 22.905877680510017 22.5366755390908
106.0 22.906751871816603 22.536636151054743
106.5 22.907631929992952 22.536613198455072
107.0 22.908513761895808 22.536582193555677
107.5 22.909397961919353 22.53655095025549
108.0 22.91027345912566 22.53653796442236
108.5 22.91117772619514 22.536511626307973
109.0 22.91206461904533 22.53649507786506
109.5 22.912970707955584 22.536480402510918
110.0 22.913856357706337 22.536460910079228
110.5 22.914767149701454 22.536456893485152
111.0 22.915668132617558 22.536447806029877
111.5 22.91658053659865 22.53644362354571
112.0 22.91749349939328 22.536438801524795
112.5 22.918401984930853 22.536432196941206
113.0 22.91931998588398 22.53644206360888
113.5 22.920229112417875 22.53644048232705
114.0 22.921153084516035 22.536448336962103
114.5 22.922082549942566 22.536460603960442
115.0 22.923002426009027 22.536469370658295
115.5 22.923933231744474 22.536482219536175
116.0 22.924860351152148 22.536500741294994
116.5 22.925792059216494 22.53651644179788
116.99999999999989 22.92673244834459 22.536543757012474
