FastTrWP/PhaseSpace/IAs/snIa_0.58_30.00_0.73_0.11.csv
# %ECSV 0.9
# ---
# datatype:
# - {name: time-rel, datatype: float64}
# - {name: g, datatype: float64}
# - {name: i, datatype: float64}
# schema: astropy-2.0
time-rel g i
[from data line 1444]
838.7916666666666 24.562022236804406 22.27769578559988
839.2916666666665 24.56383254274219 22.27801574241076
839.7916666666666 24.565650829875487 22.278325556784804
840.2916666666666 24.567457370943547 22.278635703019035
840.7916666666665 24.569283234446985 22.27896312421793
841.2916666666666 24.571102304604793 22.279277235722446
841.7916666666666 24.572922705921272 22.27959705974706
842.2916666666665 24.57472382045765 22.27991572680532
842.7916666666666 24.576540674102855 22.280236193716686
843.2916666666666 24.57837178301434 22.280550454260325
843.7916666666665 24.580177915989733 22.280875643948022
844.2916666666666 24.581996634240273 22.281201711965984
844.7916666666666 24.58379249911655 22.281519559776722
845.2916666666665 24.585630097189473 22.281850365837947
845.7916666666666 24.58741458141406 22.28217892419888
846.2916666666666 24.58923675204759 22.282493708145786
846.7916666666665 24.59103771344736 22.282829277625424
847.2916666666666 24.592848840415698 22.28315110054048
847.7916666666666 24.594668844188075 22.283482753196758
848.2916666666665 24.596465123894774 22.28381085177615
848.7916666666666 24.598265757496982 22.284145331526343
849.2916666666666 24.60008128002162 22.284471726096427
849.7916666666665 24.60189394475037 22.284809053337252
850.2916666666666 24.60369940075821 22.28513709353841
850.7916666666666 24.60550912660659 22.285472348208483
851.2916666666665 24.60732740267781 22.285810313805896
851.7916666666666 24.609119753050386 22.28614672631611
852.2916666666666 24.61095609435613 22.286481316856573
852.7916666666665 24.612745592465323 22.286812972560558
853.2916666666666 24.614542803844756 22.287160136913172
853.7916666666666 24.61637545278264 22.287502764755107
854.2916666666665 24.618194899541802 22.28784438820896
854.7916666666666 24.620017982870834 22.28818592110698
855.2916666666666 24.621830154246464 22.288529341237368
855.7916666666665 24.62365058278944 22.288870768102562
856.2916666666666 24.62546591032428 22.289212456535807
856.7916666666666 24.627256119164855 22.28955995017319
857.2916666666665 24.62907872716478 22.289914402165923
857.7916666666666 24.63090633651992 22.29026313199355
858.2916666666666 24.63271911703292 22.290607625575966
858.7916666666665 24.63454880195207 22.290953792245702
859.2916666666666 24.63635676554427 22.291309350943912
859.7916666666666 24.638176923527016 22.29166229059247
860.2916666666665 24.640012956071764 22.292013617443107
860.7916666666666 24.641833909251318 22.292370218109365
861.2916666666666 24.643658473024676 22.292718474784863
861.7916666666665 24.64546289541595 22.2930798841589
862.2916666666666 24.647286769740404 22.293436351771653
862.7916666666666 24.64910599183851 22.293791867507213
863.2916666666665 24.650957856371658 22.294148514361485
863.7916666666666 24.652784881596283 22.294508169867452
864.2916666666666 24.654604062105644 22.294869652152514
864.7916666666665 24.656435746956053 22.295227762654136
865.2916666666666 24.658250520288135 22.295586983839556
865.7916666666666 24.660060589677787 22.29595883337609
866.2916666666665 24.661909319426158 22.29631821844587
866.7916666666666 24.663727406220282 22.2966871325291
867.2916666666666 24.665573828053567 22.297045876383915
867.7916666666665 24.667385253380246 22.29741377304503
868.2916666666666 24.669207816545004 22.297788307917475
868.7916666666666 24.67103506444041 22.298152588375224
869.2916666666665 24.67287158062469 22.298524149794186
869.7916666666666 24.674698309256794 22.298895129385066
870.2916666666666 24.676529941965054 22.299270601819682
870.7916666666665 24.678346207551517 22.299637268784828
871.2916666666666 24.68017578880525 22.300010245010398
871.7916666666666 24.682007332528414 22.300378684026704
872.2916666666665 24.683866931298223 22.30076319526105
872.7916666666666 24.685666337588586 22.301130493134522
873.2916666666666 24.6874956897491 22.30150813610689
873.7916666666665 24.689322663521768 22.301887076191566
874.2916666666666 24.69116971876126 22.302258214575513
874.7916666666666 24.69300471720901 22.302642271435534
875.2916666666665 24.694831496352066 22.3030249480874
875.7916666666666 24.696676024946896 22.303401798971507
876.2916666666666 24.69847150648579 22.303779481134853
876.7916666666665 24.700318954747328 22.304166275325755
877.2916666666666 24.702129936327246 22.30454921180085
877.7916666666666 24.703959066887975 22.304935569372685
878.2916666666665 24.705810221075506 22.30531841225682
878.7916666666666 24.707626109250093 22.305705467392514
879.2916666666666 24.70946024835669 22.30609188909071
879.7916666666665 24.711267680433192 22.306479500944455
880.2916666666666 24.713121742023574 22.30686624042754
880.7916666666666 24.714951847652955 22.307252717409206
881.2916666666665 24.716765320557606 22.307646343029415
881.7916666666666 24.718597632913735 22.308036157808758
882.2916666666666 24.72043747604731 22.308425854411553
882.7916666666665 24.722266190173695 22.308818974029762
883.2916666666666 24.724085757460188 22.30921324636766
883.7916666666666 24.725926123557986 22.309601840790766
884.2916666666665 24.727760935330064 22.309999605361494
884.7916666666666 24.729577589260305 22.310398588615335
885.2916666666666 24.731409116456298 22.310788626159272
885.7916666666665 24.733231434895167 22.31118942760846
886.2916666666666 24.735053936749356 22.311586806442225
886.7916666666666 24.73687915663212 22.311985850691883
887.2916666666665 24.738699632518664 22.31238702008202
887.7916666666666 24.740539062527517 22.312784577644432
888.2916666666666 24.742360015777617 22.313182384609295
888.7916666666665 24.744159113339876 22.31359141122905
889.2916666666666 24.745995676441737 22.31398751194078
889.7916666666666 24.747815782110507 22.314397379312943
890.2916666666665 24.749647722254153 22.3148093134041
890.7916666666666 24.751481767729167 22.31520753665537
891.2916666666666 24.753295136088802 22.31561486480869
891.7916666666665 24.75512498276579 22.316016494062207
892.2916666666666 24.75694209271754 22.316432009131532
892.7916666666666 24.75876963670331 22.316842459278785
893.2916666666665 24.760592052266404 22.31725037298448
893.7916666666666 24.76240573332482 22.317666966147126
894.2916666666666 24.764216033727507 22.318070853060416
894.7916666666665 24.766048463074654 22.318490052147144
895.2916666666666 24.767874205588267 22.318903308126888
895.7916666666666 24.769683829519458 22.31931479997818
896.2916666666665 24.77151016423526 22.31973316115181
896.7916666666666 24.77331337148835 22.32015505346007
897.2916666666666 24.775129292827597 22.32057073580753
897.7916666666665 24.776951342614836 22.320986654946445
898.2916666666666 24.778786654697505 22.321407142792907
898.7916666666666 24.780596552559008 22.321825288734054
899.2916666666665 24.78241634493585 22.32225384571212
899.7916666666666 24.784239434907125 22.322678646178396
900.2916666666666 24.786043820094864 22.323092833764445
900.7916666666665 24.787868076131986 22.32351873930394
901.2916666666666 24.789677403205932 22.32394169212246
901.7916666666666 24.79149237374529 22.324377334644407
902.2916666666665 24.793308759905976 22.32480084273274
902.7916666666666 24.795125051338253 22.325229532770187
903.2916666666666 24.796946643135648 22.325654954152565
903.7916666666665 24.798767904961405 22.326087245676
904.2916666666666 24.800586117099947 22.326513634303108
904.7916666666666 24.80240233295445 22.32694348168529
905.2916666666665 24.804194529471783 22.32737845906304
905.7916666666666 24.8060142030325 22.32781080795396
906.2916666666666 24.807817940941636 22.32824664268632
906.7916666666665 24.809670897815735 22.32868478630175
907.2916666666666 24.81147792828378 22.329119209341588
907.7916666666666 24.81328349192729 22.32954962271908
908.2916666666665 24.815110943762832 22.329992063915462
908.7916666666666 24.81691226723541 22.33042736520355
909.2916666666666 24.818732461086803 22.33087337696559
909.7916666666665 24.820554577060282 22.331308218918608
910.2916666666666 24.822357457137386 22.331747345996554
910.7916666666666 24.82417448758064 22.332196488283586
911.2916666666665 24.82599996452766 22.332634177285776
911.7916666666666 24.827810796246723 22.333076843795673
912.2916666666666 24.829628710456667 22.333522591494507
912.7916666666665 24.83143504934518 22.333968934288905
913.2916666666666 24.833239009940925 22.334408410544903
913.7916666666666 24.83504562502873 22.33486563364422
914.2916666666665 24.836874429412493 22.33531094476293
914.7916666666666 24.83870281590155 22.335759507137624
915.2916666666666 24.840512159937948 22.336204190857153
915.7916666666665 24.84231628310287 22.336658971960063
916.2916666666666 24.844136113146043 22.3371120207567
916.7916666666666 24.845942606736738 22.337569703967688
917.2916666666665 24.847752878326848 22.338026209952208
917.7916666666666 24.84956756333814 22.3384704744622
918.2916666666666 24.851380836443177 22.338918589091016
918.7916666666665 24.853193047137164 22.339378135722747
919.2916666666666 24.85503416770848 22.3398337256296
919.7916666666666 24.856841374020394 22.340298669124614
920.2916666666665 24.85865530790648 22.340750547643836
920.7916666666666 24.860469781283314 22.341210115656484
921.2916666666666 24.86228465614904 22.34166518836947
921.7916666666665 24.864102911880494 22.342128328779197
922.2916666666666 24.86593575139154 22.34258758604204
922.7916666666666 24.86773023478071 22.343051268320302
923.2916666666665 24.869545740075804 22.343503902217876
923.7916666666666 24.87137075202057 22.34397978437255
924.2916666666666 24.8731762645387 22.344443557692433
924.7916666666665 24.87498728905461 22.344910951648025
925.2916666666666 24.87681098652495 22.34537327934361
925.7916666666666 24.87863869112916 22.34584322556283
926.2916666666665 24.88043104327418 22.346309497820744
926.7916666666666 24.88225841798991 22.346781076687957
927.2916666666666 24.884073666258043 22.34724631232539
927.7916666666665 24.88589705511554 22.347720771757366
928.2916666666666 24.887700662078434 22.348189502369742
928.7916666666666 24.889521775065514 22.348663369597173
929.2916666666665 24.891337218223338 22.34913594101379
929.7916666666666 24.893128966497805 22.349608554842852
930.2916666666666 24.894940748062695 22.350080238511985
930.7916666666665 24.896771574073732 22.35056095233441
931.2916666666666 24.89856871583654 22.351037021153246
931.7916666666666 24.900388122599992 22.35151689137229
932.2916666666665 24.90217867693845 22.35199405650787
932.7916666666666 24.90398959361155 22.352479063965426
933.2916666666666 24.90580521837563 22.352956808070964
933.7916666666665 24.90762048308399 22.35343604377058
934.2916666666666 24.909431954198432 22.35392305848969
934.7916666666666 24.911226355867463 22.354405041307402
935.2916666666665 24.913057596465684 22.35488669220098
935.7916666666666 24.914841288141673 22.355376848990062
936.2916666666666 24.916651309408394 22.355860028676567
936.7916666666665 24.9184599889367 22.35634485532682
937.2916666666666 24.9202648446019 22.356833031195972
937.7916666666666 24.922078977571477 22.35732800025616
938.2916666666665 24.923856104893716 22.357818288510334
938.7916666666666 24.925681091165398 22.358305041631326
939.2916666666666 24.927486963662368 22.358794010934105
939.7916666666665 24.9293039656804 22.35929146036569
940.2916666666666 24.931117285291243 22.359786084956923
940.7916666666666 24.932895519946484 22.36027955403801
941.2916666666665 24.934702583857135 22.360772768507275
941.7916666666666 24.93651943412717 22.361268878162626
942.2916666666666 24.938310140597682 22.36177010241301
942.7916666666665 24.94010771502403 22.362267474068325
943.2916666666666 24.94191231683668 22.362762696353798
943.7916666666666 24.943729371279566 22.363264915658107
944.2916666666665 24.94551676049948 22.363766896096262
944.7916666666666 24.947330290708372 22.36426579593241
945.2916666666666 24.949119721440347 22.364770948002324
945.7916666666665 24.950937824601365 22.36526799339694
946.2916666666666 24.952701666307668 22.365778158050936
946.7916666666666 24.95452782274357 22.36628006605679
947.2916666666665 24.956334152175618 22.366779865740696
947.7916666666666 24.958134858896635 22.367290401825525
948.2916666666666 24.95991254404543 22.367800400487692
948.7916666666665 24.96176161075403 22.368312508563545
949.2916666666666 24.963556966870645 22.368816184221924
949.7916666666666 24.96534206338776 22.369331491826834
950.2916666666665 24.9671406761037 22.369840908903278
950.7916666666666 24.968954847887662 22.370351201372433
951.2916666666666 24.970721860335885 22.370874126903843
951.7916666666665 24.972518153373034 22.37138419990233
952.2916666666666 24.974316642920236 22.37189339977316
952.7916666666666 24.976132985207478 22.372414353224347
953.2916666666665 24.977957703064465 22.37292873383776
953.7916666666666 24.97973270329947 22.373449390342262
954.2916666666666 24.98154266266678 22.373964813677713
954.7916666666665 24.983320343387522 22.37448427110333
955.2916666666666 24.985143741704302 22.375004375798085
955.7916666666666 24.986939743413252 22.37552842328368
956.2916666666665 24.9887540436957 22.37604737955138
956.7916666666666 24.99054826959796 22.376569516875072
957.2916666666666 24.992331415385717 22.377090379168042
957.7916666666665 24.994159932673345 22.377613841380494
958.2916666666666 24.995941888659388 22.37814564168393
958.7916666666666 24.99774244063364 22.37867334407493
959.2916666666665 24.999544129874067 22.379198995036866
959.7916666666666 25.001336341180533 22.379731191995926
960.2916666666666 25.003151273325503 22.380255915261035
960.7916666666665 25.00494485542658 22.380784321982862
961.2916666666666 25.006755982472335 22.381318485880726
961.7916666666666 25.008546424307614 22.381858425830906
962.2916666666665 25.010336454129572 22.382383804822233
962.7916666666666 25.012167278171127 22.382913712597798
963.2916666666666 25.013941335339652 22.38344930884113
963.7916666666665 25.01572937756063 22.38398943255153
964.2916666666666 25.017552886752966 22.384524269313346
964.7916666666666 25.01936412946519 22.385065269448315
965.2916666666665 25.02114655189836 22.385601913172685
965.7916666666666 25.022969966917334 22.386143087330403
966.2916666666666 25.024744060980556 22.386681059793112
966.7916666666665 25.02655219776446 22.387233176334608
967.2916666666666 25.0283525114029 22.387776676724123
967.7916666666666 25.030162420593406 22.388319185630095
968.2916666666665 25.031944182175458 22.388859730418027
968.7916666666666 25.03374531784178 22.389404241692915
969.2916666666666 25.03553196850185 22.389953494186404
969.7916666666665 25.037330804636714 22.390507386502986
970.2916666666666 25.03912750127038 22.391050658361557
970.7916666666666 25.040910146429844 22.391608030674032
971.2916666666665 25.042696922883035 22.39215364323838
971.7916666666666 25.044478735655726 22.3927118145787
972.2916666666666 25.046303033778244 22.393267796343522
972.7916666666665 25.048083437528316 22.393829025697826
973.2916666666666 25.049881561097394 22.394378119107117
973.7916666666666 25.051672559982748 22.394938544386424
974.2916666666665 25.053459266571725 22.39549998347485
974.7916666666666 25.055254955725673 22.396055448255897
975.2916666666666 25.057043380886025 22.39660895169954
975.7916666666665 25.058832125201032 22.397180570726047
976.2916666666666 25.060623692942592 22.39774016601721
976.7916666666666 25.062401614760027 22.398300260782374
977.2916666666665 25.064207726228922 22.398866395771012
977.7916666666666 25.065999793123616 22.399429665903167
978.2916666666666 25.06777162613752 22.399996901462092
978.7916666666665 25.069531895449167 22.400564057095657
979.2916666666666 25.071345645210755 22.40113153466553
979.7916666666666 25.073140648504868 22.401701423733588
980.2916666666665 25.074906256546512 22.402267855438367
980.7916666666666 25.076700335119565 22.402831837304696
981.2916666666666 25.078487583934663 22.403407144569194
981.7916666666665 25.08029864037661 22.403977582492665
982.2916666666666 25.08207542843515 22.40455415412662
