FastTrWP/PhaseSpace/IAs/snIa_0.57_30.00_-1.03_-0.05.csv
# %ECSV 0.9
# ---
# datatype:
# - {name: time-rel, datatype: float64}
# - {name: g, datatype: float64}
# - {name: i, datatype: float64}
# schema: astropy-2.0
time-rel g i
[from data line 1420]
360.5 24.511771236441202 22.468278428303947
360.9999999999999 24.51399673054894 22.468823519396338
361.5 24.516217923956212 22.46936457960548
362.0 24.51843201498347 22.469913323117048
362.4999999999999 24.5206376539857 22.47046336329764
363.0 24.52284608230721 22.471015369514063
363.5 24.52506612648639 22.47155936139063
363.9999999999999 24.52726060611112 22.472104220978082
364.5 24.529485053391284 22.472659783707122
365.0 24.531663145917314 22.47320790257198
365.4999999999999 24.53387414480341 22.473761878688183
366.0 24.536060320185562 22.47431644574445
366.5 24.538237397741966 22.47487510581777
366.9999999999999 24.540417898387762 22.47542549087788
367.5 24.542625014497442 22.47598440875162
368.0 24.54480719656937 22.476538684300664
368.4999999999999 24.54698743540584 22.477097569946633
369.0 24.54918211068081 22.477656895037427
369.5 24.551343527478856 22.478211411523805
369.9999999999999 24.553501106518098 22.478772500273823
370.5 24.55568118098582 22.479327578539838
371.0 24.557848705570798 22.47988702256288
371.4999999999999 24.560009798269817 22.480452049972108
372.0 24.562173886334847 22.481008603655628
372.5 24.564340409634 22.481577587634312
372.9999999999999 24.566493196324608 22.48213709847949
373.5 24.568639973323677 22.48270501157127
374.0 24.570805540968447 22.483265491990252
374.4999999999999 24.572949266868523 22.483830019816896
375.0 24.575103927199407 22.484398635778536
375.5 24.57724922813158 22.484959284118414
375.9999999999999 24.579391926439214 22.485533847336825
376.5 24.581532777611706 22.486098515768557
377.0 24.583667208438303 22.48666748155216
377.4999999999999 24.585810188551164 22.487235582455423
378.0 24.587940922078634 22.487811629547924
378.5 24.59006008940479 22.488387084307817
378.9999999999999 24.592194006772377 22.48895614567607
379.5 24.5943124251459 22.489524126395118
380.0 24.596437868637633 22.490100877684483
380.4999999999999 24.598569306105063 22.49067280899221
381.0 24.600680410063557 22.49125022890776
381.5 24.6027963498059 22.491825604531456
381.9999999999999 24.604919383187113 22.492400993984617
382.5 24.607030196189285 22.492980179985164
383.0 24.609128908640358 22.493557451760864
383.4999999999999 24.611229545858944 22.494132902262955
384.0 24.613349186288747 22.49471455644055
384.5 24.615438691155454 22.495292990735333
384.9999999999999 24.617517502620792 22.495872126477327
385.5 24.619641294673308 22.4964586790977
386.0 24.62174128508311 22.497038989318714
386.4999999999999 24.62381119571915 22.497622167956443
387.0 24.62589518464803 22.49821200639729
387.5 24.627964125944647 22.498786517244515
387.9999999999999 24.630023678278903 22.49938067867969
388.5 24.63209997537468 22.499963922064513
389.0 24.63416262794611 22.50055094722772
389.4999999999999 24.636236594172356 22.50113629546718
390.0 24.638303767177298 22.501727537226536
390.5 24.640342723689916 22.502312147795045
390.9999999999999 24.64239751298203 22.502903503267774
391.5 24.644437901909512 22.503496937461538
392.0 24.646478488934996 22.50408458657582
392.4999999999999 24.64851959528243 22.50468293604721
393.0 24.650545584488643 22.505271092742788
393.5 24.6525970810481 22.505862840567723
393.9999999999999 24.65461319810064 22.50645985161043
394.5 24.65663087294549 22.50704981996259
395.0 24.658659366122354 22.507653347701442
395.4999999999999 24.660663557024726 22.508255011462225
396.0 24.66268555801006 22.508847623958218
396.5 24.664673041516302 22.509446110126248
396.9999999999999 24.666693363642686 22.510047636461238
397.5 24.66866460749868 22.510647942887548
398.0 24.67066097630793 22.511245910585526
398.4999999999999 24.672651656907462 22.51185104951556
399.0 24.67464739213431 22.51245355553597
399.5 24.676640481223906 22.5130534998123
399.9999999999999 24.678609100361186 22.513668765866363
400.5 24.680605787790782 22.514263107596616
401.0 24.682572800369957 22.514869511355244
401.4999999999999 24.684538628660924 22.51547361136283
402.0 24.68650748905667 22.516081675105678
402.5 24.688466168624757 22.516689691677612
402.9999999999999 24.69041559904388 22.517296162713507
403.5 24.692369526583867 22.517908304990012
404.0 24.69433209433957 22.518518599720835
404.4999999999999 24.696268566596494 22.51913223357254
405.0 24.698197574659684 22.519738663330017
405.5 24.700150713581927 22.520356048984738
405.9999999999999 24.70208693894259 22.520969343427776
406.5 24.704004559511674 22.52158503995442
407.0 24.705931861542734 22.522199169498492
407.4999999999999 24.707856927244293 22.522807636122945
408.0 24.709769579030088 22.5234330040176
408.5 24.711682331800663 22.524052508025505
408.9999999999999 24.713601218437454 22.524668271261486
409.5 24.71550621098497 22.525289752849496
410.0 24.717426798581208 22.525903896867558
410.4999999999999 24.719314785244237 22.526529119381365
411.0 24.72122211848358 22.527153878296552
411.5 24.723110490865118 22.5277738347383
411.9999999999999 24.724984868495746 22.528395348058506
412.5 24.72689148867066 22.529026110162057
413.0 24.728783532241053 22.529646962781168
413.4999999999999 24.730663309782884 22.53026725460063
414.0 24.732532577794405 22.530899898078502
414.5 24.73439624185778 22.53152416716984
414.9999999999999 24.73626773470142 22.532156931887858
415.5 24.73813374868652 22.532780478405922
416.0 24.739990385724838 22.53340525919083
416.4999999999999 24.741838883448565 22.53404907046756
417.0 24.74369861087355 22.53467261682391
417.5 24.745546909654195 22.535305477552985
417.9999999999999 24.747395999593238 22.535947019141144
418.5 24.749238738425944 22.53656931249119
419.0 24.751080050031288 22.537205550461916
419.4999999999999 24.75292118911069 22.53784284445761
420.0 24.754752971266527 22.538481289463945
420.5 24.75657384406383 22.539120760324764
420.9999999999999 24.758404777010405 22.53975694678697
421.5 24.76023200282093 22.54039326626205
422.0 24.762041555502663 22.541032525364216
422.4999999999999 24.763849561931476 22.541668784329786
423.0 24.765630726572667 22.542319503359618
423.5 24.767415749010514 22.542953505441886
423.9999999999999 24.769201635043473 22.54360342109866
424.5 24.770977548912185 22.54423510992758
425.0 24.77274163528463 22.54488340037558
425.4999999999999 24.774474627012072 22.54553315752927
426.0 24.77623998461814 22.54618004346568
426.5 24.777975398836443 22.546823125585213
426.9999999999999 24.779709917591685 22.54748008412641
427.5 24.78141289928711 22.548133498076325
428.0 24.7831363870809 22.54877956932386
428.4999999999999 24.784860212431695 22.549433515852478
429.0 24.786534898629693 22.550082552100065
429.5 24.788241998646 22.550736717720397
429.9999999999999 24.789935523288595 22.551394110783377
430.5 24.791626817505264 22.552047630192305
431.0 24.79328642437748 22.552708329183687
431.4999999999999 24.794936513182236 22.553360066468716
432.0 24.79660057957564 22.55402122039707
432.5 24.7982549570509 22.554673515723408
432.9999999999999 24.799917306566698 22.55534068735588
433.5 24.80154872565415 22.556007135713237
434.0 24.80319558581401 22.556659559602238
434.4999999999999 24.80483210195956 22.557330062893218
435.0 24.806445015981893 22.55799303453554
435.5 24.808097700183676 22.558648955737056
435.9999999999999 24.8097005147072 22.55931962821184
436.5 24.811328684334857 22.559983468564184
437.0 24.812915630476088 22.56065223243985
437.4999999999999 24.814537610953174 22.561316134622675
438.0 24.816127850455523 22.561983729796417
438.5 24.817738842776752 22.562653531724145
438.9999999999999 24.819325780350585 22.56331868603826
439.5 24.820908693595193 22.56399454543824
440.0 24.822493978007376 22.56466220340753
440.4999999999999 24.82408235634729 22.565335567032577
441.0 24.82565992698344 22.566008204153512
441.5 24.827274666889462 22.566684784121072
441.9999999999999 24.82883117274818 22.56735695529187
442.5 24.83040866253426 22.568040176010488
443.0 24.83199062550327 22.56871101066999
443.4999999999999 24.833558227827034 22.569384756947546
444.0 24.8351283206705 22.570072610622603
444.5 24.836686840596364 22.570741496663498
444.9999999999999 24.838261194706895 22.57142432437593
445.5 24.83982190942092 22.57210237339695
446.0 24.841416719571324 22.572788717812415
446.4999999999999 24.842940095218925 22.57346734106065
447.0 24.84454202748386 22.574148426074633
447.5 24.846111987453156 22.574832781622078
447.9999999999999 24.847661494962946 22.575514667473804
448.5 24.849235303953336 22.576201885849898
449.0 24.850793771993406 22.576882155195417
449.4999999999999 24.852374674184425 22.577568869452328
450.0 24.85394418115465 22.57826169241048
450.5 24.85550722361614 22.578940132696697
450.9999999999999 24.857088412798902 22.57963183013348
451.5 24.858667356774088 22.580321367160856
452.0 24.86023101533917 22.581010450289995
452.4999999999999 24.861825535884687 22.58169809349784
453.0 24.863412303892108 22.582393488124065
453.5 24.86496905793809 22.583083887958132
453.9999999999999 24.86658218281953 22.583773497638212
454.5 24.868154062821986 22.584462897891804
455.0 24.869734476666927 22.58515553281721
455.4999999999999 24.871350745103378 22.585859748821697
456.0 24.872939438864144 22.58655419669204
456.5 24.87454988523961 22.58724902649505
456.9999999999999 24.876151648174044 22.587941041680615
457.5 24.877767701090235 22.588634460080556
458.0 24.879380732030892 22.58932963819843
458.4999999999999 24.881022803114416 22.590035520616517
459.0 24.882631378021088 22.59073443450431
459.5 24.8842432836977 22.591433686347294
459.9999999999999 24.88590054611208 22.592133567448936
460.5 24.887516780757114 22.592832497143355
461.0 24.88912124249299 22.59353791386948
461.4999999999999 24.89072678276125 22.594238067244092
462.0 24.892328387211805 22.59493538574933
462.5 24.893945211809108 22.595642859132997
463.0 24.895547854553254 22.59634987100165
463.5 24.89717284484701 22.597052439542637
464.0 24.898759359487336 22.597759521847344
464.5 24.900352646351696 22.598466135907454
465.0 24.901970982859023 22.599176240173865
465.5 24.903555836801594 22.599876848180504
466.0 24.905131751350915 22.6005940759643
466.5 24.906721655630534 22.601298496296927
467.0 24.908313904935042 22.602011923449634
467.5 24.909905477994823 22.6027250075768
468.0 24.911488845053672 22.60344609939785
468.5 24.913055490252294 22.604154280669817
469.0 24.914673508368942 22.604865866709808
469.5 24.916225731623452 22.605581121500954
470.0 24.91781412606214 22.60630006722352
470.5 24.919389123705585 22.60701440472641
471.0 24.92096379141938 22.607730661170955
471.5 24.92253725768853 22.6084574098963
472.0 24.924115566642367 22.60916927115636
472.5 24.92568656012839 22.609888554387886
473.0 24.927268330976897 22.61061375599671
473.5 24.928846513027274 22.611337672519962
474.0 24.930412638298236 22.612059049084113
474.5 24.93199361915396 22.61277658615803
475.0 24.933587357969355 22.613504854312477
475.5 24.93514050307904 22.614228673074432
476.0 24.936719876911717 22.614957522299374
476.5 24.938297117862398 22.615689330496835
477.0 24.939886644454464 22.6164078686319
477.5 24.941461114846586 22.61713567223222
478.0 24.9430556860682 22.617867540675647
478.5 24.944651537040126 22.618594736014362
479.0 24.946207538233672 22.61931877402016
479.5 24.94779268886881 22.620049773143016
480.0 24.949386321433366 22.620781627231086
480.5 24.950985929648724 22.621518885976467
481.0 24.952549655831366 22.622257235716916
481.5 24.954153712693273 22.62298540754671
482.0 24.95573894599822 22.62372009197965
482.5 24.957372904614076 22.6244510809272
483.0 24.958974295669588 22.625184370554837
483.5 24.960569782393446 22.625924582386553
484.0 24.96217409073225 22.62666501244619
484.5 24.963808146581474 22.62740576959989
485.0 24.965426982852076 22.62814269701797
485.5 24.967049865996266 22.62888952946311
486.0 24.9686666820423 22.629621061026974
486.5 24.970275724694204 22.6303604494531
487.0 24.97190361241053 22.631112906858306
487.5 24.973550381904825 22.631853437140403
488.0 24.975187763063946 22.632603592488643
488.5 24.976849552129412 22.633342605044263
489.0 24.978488228739387 22.634089039499955
489.5 24.980143941595607 22.634832817396394
490.0 24.98178430288902 22.635578437578545
490.5 24.98346077314325 22.636330966315008
491.0 24.985132429323784 22.637078119077223
491.5 24.986807908479417 22.637824111628497
492.0 24.988500490602895 22.63857975220798
492.5 24.990175426691962 22.63932123918455
493.0 24.99186364554829 22.6400766171839
493.5 24.993561965256458 22.64082572967952
494.0 24.9952597623941 22.641585375789006
494.5 24.996982488506095 22.642331983993955
495.0 24.998713113864113 22.643087423148284
495.5 25.000447970158493 22.64383860059832
496.0 25.002164733549208 22.644599692906002
496.5 25.003910676756647 22.645364595148653
497.0 25.005652613368813 22.646112081206383
497.5 25.00738639264512 22.646873782315367
498.0 25.009164659388304 22.647639930953236
498.5 25.010892666872646 22.64838528598669
499.0 25.012673787068533 22.649150442546247
499.5 25.01442496944189 22.649910164654564
500.0 25.01622009393811 22.650668101041894
500.5 25.017990676542603 22.65143341921332
501.0 25.019777713601165 22.652194712206885
501.5 25.021561544638807 22.652957917228488
502.0 25.023338694007936 22.65372220360363
502.5 25.025116691619672 22.65449069710682
503.0 25.026903255589673 22.655253496568797
503.5 25.028710870837404 22.65602006519732
504.0 25.030508134252287 22.65678746905449
504.5 25.032304459347397 22.657557039071516
505.0 25.03411631384347 22.6583299433619
505.5 25.03593557554899 22.659098171238668
506.0 25.037731457380595 22.65986715186024
506.5 25.039541014370187 22.660637924091333
507.0 25.041387395783143 22.661411557407206
507.5 25.04319858762208 22.662189473227585
508.0 25.04504551913975 22.66295388434681
508.5 25.046868474586958 22.663728340122674
509.0 25.048697568485032 22.66450565990997
509.5 25.050545683821706 22.665279828341486
510.0 25.052421079968894 22.666065169182342
510.5 25.054253454593717 22.66683730861005
511.0 25.05611480249708 22.667611312627844
511.5 25.057966316798634 22.668388747791724
512.0 25.059850619509646 22.669172676722834
512.5 25.061700294653086 22.66995750273837
513.0 25.063575453471092 22.670741592322265
513.5 25.065470187826012 22.671518063416013
514.0 25.06735215521036 22.672308553179725
514.5 25.069202252855206 22.67309074759549
515.0 25.071095962674104 22.67387811422879
515.5 25.07299834544199 22.67466072625141
516.0 25.074894194321775 22.675453083812684
516.5 25.076808103517845 22.676245724307577
517.0 25.078699022475554 22.67702630725635
517.5 25.080616480801453 22.677810957373822
518.0 25.08253520782581 22.67860613322894
518.5 25.084446252782868 22.679399942447695
519.0 25.086396020342075 22.68019263156979
519.5 25.088310189908356 22.680991152475897
520.0 25.090230081551613 22.68178173113343
520.5 25.092199369194574 22.68257534793356
521.0 25.094125762424376 22.68337233474665
521.5 25.09610642612205 22.684174543944927
522.0 25.098023737178426 22.68496643979364
522.5 25.099982772700216 22.6857654387182
523.0 25.101948541082407 22.68657147028785
523.5 25.103921694255206 22.68736739293899
524.0 25.105902971899766 22.68817463595625
524.5 25.107878362650872 22.688968476117935
525.0 25.10987606368779 22.689774608555066
525.5 25.111825198486542 22.690581443518298
526.0 25.113830099814685 22.691389403746754
526.5 25.115829499963965 22.692194133587194
527.0 25.11782065071577 22.693007282057714
527.5 25.119815415437976 22.693813099270578
528.0 25.12185501977349 22.69461942205398
528.5 25.123851355762113 22.695434655792116
529.0 25.1258732787921 22.696248933828628
529.5 25.127914311674566 22.697055117661463
530.0 25.129930581637346 22.69787507847239
530.5 25.131995642056392 22.698696158638004
531.0 25.134022623035072 22.69950454357435
531.5 25.136087623341297 22.700315980640198
532.0 25.138121512210446 22.70113766978141
532.5 25.140167337571423 22.70195598449925
533.0 25.142244330313797 22.70276906069503
533.5 25.144293391359867 22.703595569318423
534.0 25.146385893300476 22.70442354707599
534.5 25.148480456583435 22.705248614325924
535.0 25.150537885361558 22.70606341796375
