FastTrWP/PhaseSpace/IAs/snIa_0.62_30.00_-0.98_-0.14.csv
# %ECSV 0.9
# ---
# datatype:
# - {name: time-rel, datatype: float64}
# - {name: g, datatype: float64}
# - {name: i, datatype: float64}
# schema: astropy-2.0
time-rel g i
142.4375 26.986574769030884 25.26629168580287
142.9375 26.963286348369728 25.25755802746329
143.4375 26.940465127316795 25.2489298411415
143.9375 26.917988979304756 25.240299987296773
144.4375 26.895827551147576 25.23169336109828
144.9375 26.874065850502124 25.22317597066411
145.4375 26.85273194929149 25.214696748322226
145.9375 26.831659435740963 25.2062268516946
146.4375 26.810933390462452 25.197863439664285
146.9375 26.790517149626346 25.189506941343733
147.4375 26.770391408065915 25.181168770183348
147.9375 26.750569095104684 25.17290752077676
148.4375 26.731101364965472 25.16467988128155
148.9375 26.711876257784105 25.156489362989287
149.4375 26.692890845253324 25.148340314052682
149.9375 26.674186830273005 25.140265973662004
150.4375 26.655834859740164 25.132210469362978
150.9375 26.637625676228048 25.124201446551325
151.4375 26.61967239178603 25.116216170822273
151.9375 26.602012837151147 25.108281238722398
152.4375 26.584542668834455 25.10040134689274
152.9375 26.56722203692277 25.09253950804419
153.4375 26.55013712573918 25.08470569181659
153.9375 26.53318935244249 25.07691986134749
154.4375 26.516459161242494 25.069133882711135
154.9375 26.499954024169963 25.06140570847969
155.4375 26.483548806695833 25.053717488634856
155.9375 26.467313100883118 25.04604064703689
156.4375 26.451292152311574 25.03840141351052
156.9375 26.435410469258365 25.030798965018665
157.4375 26.4197068619999 25.023230832465067
157.9375 26.40415833144416 25.015672348300125
158.4375 26.388691051017858 25.008142554343543
158.9375 26.37350670673234 25.000660994681283
159.4375 26.35837640558713 24.9932149449699
159.9375 26.34343417663232 24.985782176218553
160.4375 26.32856392425119 24.97838466626558
160.9375 26.313963135644872 24.971006875783416
161.4375 26.299384625224643 24.963683351700986
161.9375 26.285000886905465 24.956333997865286
162.4375 26.27071110099124 24.949062733015577
162.9375 26.256598257768587 24.941818560206
163.4375 26.242581127388792 24.934577627339927
163.9375 26.228710829058485 24.927374528156765
164.4375 26.21493792332111 24.92021391075506
164.9375 26.201302367026887 24.913058441069566
165.4375 26.18778729903239 24.905938770953924
165.9375 26.174366917596508 24.898844127054943
166.4375 26.161072429340145 24.891786312638537
166.9375 26.14790160613616 24.884761042621733
167.4375 26.134886027995073 24.877755826910494
167.9375 26.12194059074559 24.87074674364683
168.4375 26.109121184613095 24.863813038576225
168.9375 26.09638534565398 24.856885508574496
169.4375 26.083767565536963 24.849976419392682
169.93749999999997 26.0712673994175 24.84312559340286
170.4375 26.05883022077744 24.836254706703322
170.9375 26.0464982947164 24.82942029360761
171.43749999999997 26.03432432903745 24.822620917892134
171.9375 26.022177105771583 24.815840492808086
172.4375 26.010163667192522 24.809093764817387
172.93749999999997 25.998240908122693 24.802355840695192
173.4375 25.986432433862507 24.79564235162229
173.9375 25.97467897612882 24.78896462275021
174.43749999999997 25.963025769045146 24.78231849650051
174.9375 25.9514678144815 24.775684291693953
175.4375 25.94002471359169 24.769068576487108
175.93749999999997 25.928603610716785 24.76249850554158
176.4375 25.917301399506812 24.7559272126221
176.9375 25.906123028477733 24.74938742344554
177.43749999999997 25.89502185381594 24.742880036031384
177.9375 25.883945640186802 24.73638641984256
178.4375 25.873006985644547 24.729923330192427
178.93749999999997 25.862058729660802 24.723474760610028
179.4375 25.851274973391824 24.717065521783212
179.9375 25.840565239223277 24.71064055575214
180.43749999999997 25.829912382955694 24.704261008749086
180.9375 25.819332331189955 24.697910376147295
181.4375 25.808818201658955 24.691586863136763
181.93749999999997 25.79840979013372 24.685260086998333
182.4375 25.788073815159063 24.67899750306919
182.9375 25.777817521832574 24.67272414610832
183.43749999999997 25.76757919063298 24.66648187656997
183.9375 25.75748324677209 24.66026049285066
184.4375 25.74741349768243 24.654051144068546
184.93749999999997 25.737394328243205 24.647863162367546
185.4375 25.727533421242526 24.6416922960883
185.9375 25.71764327515964 24.635569609837674
186.43749999999997 25.707835199356325 24.62943797313365
186.9375 25.69814726869433 24.623337040238784
187.4375 25.688464896320227 24.617249575046458
187.93749999999997 25.67890744307317 24.611203349536922
188.4375 25.6693837541712 24.60516181827789
188.9375 25.65991604838267 24.5991696822336
189.43749999999997 25.65049056030629 24.593154124665432
189.9375 25.641152226465707 24.58718580658612
190.4375 25.63188710741823 24.58122368985629
190.93749999999997 25.622676358576864 24.57528227595637
191.4375 25.613500957202362 24.56937717283958
191.9375 25.604414551760538 24.563481207462704
192.43749999999997 25.595298489257754 24.55760128665675
192.9375 25.586280959699064 24.55172231597876
193.4375 25.577336235388156 24.545895707752532
193.93749999999997 25.568428373264453 24.540085465121173
194.4375 25.559532539480504 24.53427340691883
194.9375 25.550740574599274 24.528496194725683
195.43749999999997 25.541933332063522 24.5227390775684
195.9375 25.533253896628487 24.51699184288339
196.4375 25.524567630394067 24.511261193565282
196.93749999999997 25.515948988634698 24.50554476002926
197.4375 25.507329027932016 24.499861175745533
197.9375 25.49880959058362 24.494188671200213
198.43749999999997 25.490337864497373 24.488519300827
198.9375 25.4818774125472 24.482886903642516
199.4375 25.473456720427098 24.47726207810782
199.93749999999997 25.465100911261786 24.471657883359505
200.4375 25.456765821493814 24.466086177599962
200.9375 25.448494225668927 24.460494474144802
201.43749999999997 25.440272766691233 24.454954612297698
201.9375 25.43206588028271 24.449413637935578
202.4375 25.42391412705214 24.443908380642014
202.93749999999997 25.41580202274531 24.438386255427964
203.4375 25.407730337457522 24.432896705846968
203.9375 25.399699060353896 24.42743098728736
204.43749999999997 25.391705226550748 24.421985803296998
204.9375 25.383769581132345 24.416514147220404
205.4375 25.3758303222137 24.411097743260125
205.93749999999997 25.367976982557295 24.40569982568014
206.4375 25.36015073848194 24.400302435225054
206.9375 25.352337779507312 24.394899187133923
207.43749999999997 25.344585991660406 24.389553532391037
207.9375 25.336891702020928 24.384195462839706
208.4375 25.329213559734143 24.378847410634027
208.93749999999997 25.321514001281393 24.37352564305655
209.4375 25.313928130272902 24.36822080159478
209.9375 25.30634968230835 24.362930118014596
210.43749999999997 25.29881772715237 24.357648053557067
210.9375 25.2913241652389 24.352382110187495
211.4375 25.28383816580144 24.34712127648758
211.93749999999997 25.276438960266837 24.34188553959693
212.4375 25.26900397729145 24.336657035313586
212.9375 25.26164843893012 24.33145119120857
213.43749999999997 25.254314245055042 24.326248595262236
213.9375 25.24701941426138 24.321068642804292
214.4375 25.239758073091664 24.315891393713073
214.93749999999997 25.23254492856621 24.310732100889055
215.4375 25.225345130121127 24.30557578555437
215.9375 25.2181875550217 24.300455076457116
216.43749999999997 25.21102976860659 24.295336204209406
216.9375 25.203956583767003 24.2902321389713
217.4375 25.196860860102632 24.28511519509348
217.93749999999997 25.189839577680996 24.28004460127097
218.4375 25.182829278776808 24.27496524455269
218.9375 25.17587657462233 24.269925091631347
219.43749999999997 25.16892476004253 24.26485824784927
219.9375 25.16199115311484 24.259839329658256
220.4375 25.155125444670755 24.25480026028064
220.93749999999997 25.14828606759575 24.249800332240707
221.4375 25.14144553950964 24.244791405313673
221.9375 25.134640445190183 24.239814593330603
222.43749999999997 25.127898037348075 24.23483981470037
222.9375 25.12116904160976 24.229854824528516
223.4375 25.1144700106845 24.224934279082163
223.93749999999997 25.107787757072547 24.21998450335448
224.4375 25.101105336875836 24.21503255558077
224.9375 25.094523343095588 24.21011923832953
225.43749999999997 25.087890864555668 24.205212305819632
225.9375 25.08136575555598 24.200305986302485
226.4375 25.07481478289181 24.19542618755048
226.93749999999997 25.068305383823347 24.19056668141065
227.4375 25.061844728762487 24.185683602991368
227.9375 25.05539559715841 24.180815354884896
228.43749999999997 25.04894233436844 24.175994106561692
228.9375 25.042564899019048 24.17115853247461
229.4375 25.036175935862484 24.16633140173825
229.93749999999997 25.02981408541777 24.161524355080097
230.4375 25.023504764894188 24.156708794605862
230.9375 25.017217911019543 24.15192687198386
231.43749999999997 25.01093527025934 24.147136134528274
231.9375 25.00468868913387 24.14237100178051
232.4375 24.998485119164275 24.13760367221709
232.93749999999997 24.9922555219971 24.132872427625784
233.4375 24.986093072970732 24.128131856777845
233.9375 24.9799551142986 24.123421497871284
234.4375 24.97381486442149 24.118685850660082
234.9375 24.967715901423517 24.114001209143616
235.4375 24.96163575695356 24.109314730492763
235.9375 24.95557444148122 24.104623861205997
236.4375 24.949547528148255 24.099950319138316
236.9375 24.943497624809755 24.095302329194197
237.4375 24.93751921900914 24.090648585298155
237.9375 24.931564179629806 24.086016004929615
238.4375 24.925637416046378 24.081388770437947
238.9375 24.919679817079285 24.076775539345054
239.4375 24.91379006895716 24.072157187371303
239.9375 24.907903568883043 24.067554971403343
240.4375 24.902022778075935 24.062974394321486
240.9375 24.896183962344935 24.058414039477828
241.4375 24.890369122504143 24.05383283567991
241.9375 24.884567499254977 24.049284767332914
242.4375 24.878774401363177 24.04473284809317
242.9375 24.873027525735147 24.040197701119304
243.4375 24.86727362577902 24.035684606741277
243.9375 24.86155440048119 24.031164103572177
244.4375 24.855854234426825 24.02665137563332
244.9375 24.850178005481055 24.02216257655846
245.4375 24.844507658286112 24.017678876680787
245.9375 24.83887798749762 24.013181551799605
246.4375 24.833223908796654 24.008723738270547
246.9375 24.82764555298159 24.00425791563807
247.4375 24.822050420527198 23.99981377002808
247.9375 24.816488532353716 23.995376684283567
248.4375 24.810926922931728 23.990935240018956
248.9375 24.80539011447423 23.986512644620433
249.4375 24.799872964043452 23.982101676073757
249.9375 24.794380380493124 23.97770720554757
250.4375 24.788879221495556 23.973308722951963
250.9375 24.78343407838043 23.968920460649898
251.4375 24.777964362076496 23.96454568667641
251.9375 24.772544844385415 23.960179070979173
252.4375 24.767123244353 23.955811291358764
252.9375 24.761738560763252 23.95146361280062
253.4375 24.756358423160805 23.94712495555755
253.9375 24.75097737463187 23.94279560077599
254.4375 24.745639525761707 23.938465479758314
254.9375 24.740310597936027 23.934149759275233
255.4375 24.734991885611734 23.929838098587663
255.9375 24.729697216409605 23.92553787098265
256.4375 24.724434391721616 23.921250487413456
256.9375 24.719175421090927 23.916966690281303
257.4375 24.713911826772794 23.91269196763211
257.9375 24.708670875845463 23.908429867181553
258.4375 24.703455806948714 23.904168975336617
258.9375 24.698240228415877 23.899922895631672
259.4375 24.69306013832377 23.895673761016862
259.9375 24.687863291988236 23.891440395453696
260.4375 24.682731826562584 23.887217839830207
260.9375 24.67759150187944 23.883002801352866
261.4375 24.672443290044622 23.878791326434012
261.9375 24.667328451177045 23.874590951398652
262.4375 24.66223324281648 23.870391670502208
262.9375 24.657148393897337 23.866200456376163
263.4375 24.65207107853823 23.862017098228275
263.9375 24.647010893339466 23.857848775534272
264.4375 24.641972266026187 23.85370029152923
264.9375 24.63693578145498 23.849537513602066
265.4375 24.631923710618175 23.845378621727402
265.9375 24.626909458275783 23.841251608137867
266.4375 24.621944286954182 23.83711271764671
266.9375 24.616962370383927 23.8329830122515
267.4375 24.611991683568522 23.828861825466717
267.9375 24.607054184238443 23.82476353424536
268.4375 24.60210605057238 23.820652246969722
268.9375 24.59718503783348 23.81655344103938
269.4375 24.59229639613909 23.81246112833579
269.9375 24.587391292099973 23.808389723857047
270.4375 24.582505994515262 23.804321988809257
270.9375 24.57765074845646 23.80025464889592
271.4375 24.57280782408438 23.796197976709
271.9375 24.56795805102726 23.792152323805652
272.4375 24.563128108877812 23.788111191921196
272.9375 24.558328351948212 23.784087552575937
273.4375 24.553526399872176 23.780054709180472
273.9375 24.548741105126545 23.776048870450815
274.4375 24.543974492478924 23.772052358126466
274.9375 24.539217667960376 23.76805981313908
275.4375 24.534457842207146 23.764048479959044
275.9375 24.52971291844729 23.760057742897228
276.4375 24.52500064674014 23.75607839895883
276.9375 24.52031263304808 23.752117793317538
277.4375 24.515610598931353 23.748154506897897
277.9375 24.510930737538686 23.744192155861384
278.4375 24.506258551487928 23.740248660148758
278.9375 24.50160650569533 23.736316929236054
279.4375 24.49695723512921 23.732385586623515
279.9375 24.49233646642793 23.72845066979969
280.4375 24.487707351591794 23.724531356076692
280.9375 24.483111473243294 23.720620766041925
281.4375 24.478512919023245 23.716721062611814
281.9375 24.4739237753219 23.712822871688928
282.4375 24.469362784117624 23.708932720983068
282.9375 24.464792333066324 23.70505633247022
283.4375 24.460240348493297 23.701179853730572
283.9375 24.4556964790219 23.697307913735184
284.4375 24.451155424981387 23.693443628059555
284.9375 24.446635779745883 23.689590596744882
285.4375 24.44213282048125 23.68573168917144
285.9375 24.437655922480978 23.681882765990558
286.4375 24.43315701004195 23.678051280614696
286.9375 24.428683213210675 23.674218964943123
287.4375 24.424205878184555 23.670385710421414
287.9375 24.419764532929328 23.666577252316664
288.4375 24.415312677903675 23.662763649371588
288.9375 24.410886366781792 23.658954080195915
289.4375 24.406477938443068 23.65516104171702
289.9375 24.40204342722815 23.651364337227395
290.4375 24.3976548755267 23.647580621049755
290.9375 24.39326543303492 23.64380490721088
291.4375 24.38886409250871 23.640020581035365
291.9375 24.38448535609542 23.63626179386899
292.4375 24.380129806467075 23.6324837925762
292.9375 24.3757801974141 23.62873795487575
293.4375 24.371444225171274 23.624974529098548
293.9375 24.367091177024427 23.621235393438162
294.4375 24.3627737036131 23.61749988438251
294.9375 24.35846577900608 23.613766657360266
295.4375 24.35415643186912 23.61003254595001
295.9375 24.3498669150533 23.606305320343782
296.4375 24.345574942085676 23.602588503230347
296.9375 24.341299355610644 23.59887867619411
297.4375 24.337037535541594 23.595172970753893
297.9375 24.33277349712466 23.59147523393507
298.4375 24.32852929991576 23.58778612587769
298.9375 24.324271445683237 23.584091650754164
299.4375 24.320032199072248 23.58040280591075
299.9375 24.315810035732568 23.57671715500469
300.4375 24.311589549722733 23.573047645358645
300.9375 24.307394422621293 23.569383233415508
301.4375 24.303173972305206 23.565721211142225
301.9375 24.29900926538756 23.562059572396038
302.4375 24.294808423698605 23.55841512414029
302.9375 24.290646425919306 23.55476273237634
303.4375 24.286471361575583 23.551111191043482
303.9375 24.282315098186533 23.5474763868779
304.4375 24.278167437118945 23.543850410227066
304.9375 24.274032117667716 23.540227471873752
305.4375 24.269897068038166 23.53658922415597
305.9375 24.26575614534436 23.53298953651293
306.4375 24.261650765983866 23.52936472240676
306.9375 24.257548702083128 23.52575800926152
307.4375 24.253433037079233 23.522169809632743
307.9375 24.249341580495543 23.51857675250838
308.4375 24.245250741777355 23.514968574543737
308.9375 24.241183595403246 23.51137903163005
309.4375 24.237102416889446 23.507797294433356
309.9375 24.233053775764347 23.504223150959078
310.4375 24.22899840979253 23.500656023357315
