FastTrWP/PhaseSpace/IAs/snIa_0.46_30.00_-1.32_0.02.csv
# %ECSV 0.9
# ---
# datatype:
# - {name: time-rel, datatype: float64}
# - {name: g, datatype: float64}
# - {name: i, datatype: float64}
# schema: astropy-2.0
time-rel g i
264.4791666666667 26.976464601123887 24.355791344265878
264.9791666666667 26.95289790485608 24.349899023783408
265.4791666666667 26.929638983736663 24.3440219498199
265.9791666666667 26.90671735529265 24.338146184493308
266.4791666666667 26.88404155823939 24.332305210191066
266.9791666666667 26.861648824301312 24.326479651869548
267.4791666666667 26.839674002788865 24.320688729030067
267.9791666666667 26.81783021976635 24.31488555782267
268.4791666666667 26.796378554270156 24.309114750337205
268.9791666666667 26.775113846010896 24.303359604391357
269.4791666666667 26.754113682697014 24.297618535564382
269.9791666666667 26.73335276023041 24.29189447519886
270.4791666666667 26.71282346157842 24.286187293889444
270.9791666666667 26.69259533892697 24.280502988646152
271.4791666666667 26.672498191556883 24.274823816859296
271.9791666666667 26.65263802040057 24.26916432919791
272.4791666666667 26.633022991912483 24.263542941204776
272.9791666666667 26.613685136896787 24.257915350242094
273.4791666666667 26.59454190194072 24.252296417943747
273.9791666666667 26.57568711935196 24.246722224127733
274.4791666666667 26.55697961266612 24.24113375029361
274.9791666666667 26.538534724201625 24.235578338565475
275.4791666666667 26.52022416639463 24.230035609420444
275.9791666666667 26.502164718987032 24.22452922911742
276.4791666666667 26.484331557331174 24.219013363847566
276.9791666666667 26.46665732983 24.213526916623657
277.4791666666667 26.44908588105993 24.208044044560772
277.9791666666667 26.431792527448863 24.20257710002991
278.4791666666667 26.414672014123116 24.197145466513504
278.9791666666667 26.39772186324741 24.191727992377416
279.4791666666667 26.380922748005673 24.186308958868313
279.9791666666667 26.364282328716357 24.180907444240958
280.4791666666667 26.347887628835092 24.175513850269105
280.9791666666667 26.331544955901247 24.170137163041034
281.4791666666667 26.31539774603368 24.164804395887725
281.9791666666667 26.29944581627719 24.15947121039992
282.4791666666667 26.28363297165648 24.15414039989919
282.9791666666667 26.267941363069397 24.148809306597347
283.4791666666667 26.252369935935995 24.143516058150762
283.9791666666667 26.236974274794896 24.1382395860444
284.4791666666667 26.22173870491155 24.132978414557947
284.9791666666667 26.206585212165887 24.12771336403292
285.4791666666667 26.19157216611113 24.122494747043387
285.9791666666667 26.17667948063206 24.117264651679143
286.4791666666667 26.16200230876547 24.11204568813504
286.9791666666667 26.147361384431385 24.106866582758116
287.4791666666667 26.132895578623536 24.101662814114334
287.9791666666667 26.118485209181035 24.096497196696824
288.4791666666667 26.10425555153421 24.091357990275228
288.9791666666667 26.09012496094275 24.086195015778923
289.4791666666667 26.07609522303362 24.081066647964246
289.9791666666667 26.062215964264105 24.075953065807546
290.4791666666667 26.04839146351145 24.07086622022286
290.9791666666667 26.034740234467083 24.065751049785057
291.4791666666667 26.021152615800812 24.060664541580678
291.9791666666667 26.007722686795116 24.05560543423531
292.4791666666667 25.99431441923819 24.050559278498042
292.9791666666667 25.981061623434613 24.04551287479313
293.4791666666667 25.96791568332582 24.040480104523883
293.9791666666667 25.9548506845033 24.035463993584397
294.4791666666667 25.941864799918722 24.030471114777015
294.9791666666667 25.928992178523693 24.025483238271473
295.4791666666667 25.91619793696331 24.02048964139088
295.9791666666667 25.90349217015995 24.01552486134443
296.4791666666667 25.89089715089971 24.010564150108582
296.9791666666667 25.87838129531663 24.00561784029643
297.4791666666667 25.865986716667592 24.000694163266214
297.9791666666667 25.85364634282245 23.995771429446723
298.4791666666667 25.841370203250065 23.990856960962958
298.9791666666667 25.82921932278723 23.98597595787402
299.4791666666667 25.81712424370793 23.981083941151763
299.9791666666667 25.805120484563506 23.97619984020401
300.4791666666667 25.793197893090042 23.971333698973034
300.9791666666667 25.78137152973094 23.966481495074184
301.4791666666667 25.769596041208302 23.96164602786272
301.9791666666667 25.757908108154076 23.956806110229856
302.4791666666667 25.746310505595748 23.95199731870195
302.9791666666667 25.734783898404828 23.947181890583554
303.4791666666667 25.723295723343668 23.942378918007492
303.9791666666667 25.711931553419205 23.937595436811986
304.4791666666667 25.700613541484444 23.932825916768156
304.9791666666667 25.68935923918525 23.928054284170194
305.4791666666667 25.678189044693404 23.923306015736976
305.9791666666667 25.667090751697998 23.918558413481076
306.4791666666667 25.65606337496368 23.913818294729396
306.9791666666667 25.64508982290962 23.9091017257389
307.4791666666667 25.634170749940385 23.90438330265863
307.9791666666667 25.623319554642965 23.899697100164325
308.4791666666667 25.61256646366507 23.89498843308692
308.9791666666667 25.601835793012597 23.890308881134917
309.4791666666667 25.591195808599462 23.885645452723196
309.9791666666667 25.580620921305655 23.881005414048882
310.4791666666667 25.57011555551486 23.876354575983036
310.9791666666667 25.559661780267746 23.871722571032045
311.4791666666667 25.54928559287167 23.86709315282497
311.9791666666667 25.538922446395354 23.862488691275523
312.4791666666667 25.5286595969826 23.85789611068057
312.9791666666667 25.518445231056074 23.853307978086665
313.4791666666667 25.508271165045716 23.84873041015421
313.9791666666667 25.498149420806286 23.84415567125923
314.4791666666667 25.488102458530186 23.83959765794126
314.9791666666667 25.47811761545899 23.835048308801415
315.4791666666667 25.468170666583617 23.83050984823352
315.9791666666667 25.45824581760055 23.825980079023683
316.4791666666667 25.44844216032046 23.821461696575405
316.9791666666667 25.4386450318159 23.816968249068445
317.4791666666667 25.42891368176761 23.812466621979166
317.9791666666667 25.419216859229397 23.807963630492104
318.4791666666667 25.40959362080865 23.803499426512097
318.9791666666667 25.399991256093422 23.79902543800878
319.4791666666667 25.39046366557516 23.794566009375643
319.9791666666667 25.38097664065436 23.79012340773819
320.4791666666667 25.37154029107454 23.785678875348673
320.9791666666667 25.36215788016303 23.781249956466315
321.4791666666667 25.352759517714972 23.77682501663096
321.9791666666667 25.343490517781827 23.772398384119434
322.4791666666667 25.33422321049831 23.768000732573384
322.9791666666667 25.32502012409028 23.763614197987756
323.4791666666667 25.31582760754674 23.759226212511493
323.9791666666667 25.306743081930456 23.754856809092114
324.4791666666667 25.297637788124923 23.750481163360572
324.9791666666667 25.288582924930886 23.74612666958191
325.4791666666667 25.279578457036315 23.741774997519403
325.9791666666667 25.27059785656837 23.737438846752376
326.4791666666667 25.261696816750614 23.73309632577091
326.9791666666667 25.252852669340307 23.728769726226446
327.4791666666667 25.244009719239987 23.72446522737482
327.9791666666667 25.235205038748028 23.720143199652167
328.4791666666667 25.22645386244029 23.715857964050873
328.9791666666667 25.217748060461723 23.711554630382633
329.4791666666667 25.20906086525816 23.707267265327353
329.9791666666667 25.200427601924993 23.70297991082409
330.4791666666667 25.191809942329293 23.698721567630084
330.9791666666667 25.183249818388106 23.694472053375502
331.4791666666667 25.17472780133894 23.690218934832238
331.9791666666667 25.16620153440826 23.6859710947388
332.4791666666667 25.15775116725522 23.681720176176025
332.9791666666667 25.14934047543297 23.677495820013238
333.4791666666667 25.14094981572279 23.673287025000526
333.9791666666667 25.132610731489244 23.669063460706546
334.4791666666667 25.124282938082363 23.664850277601964
334.9791666666667 25.115982121571264 23.66065215804545
335.4791666666667 25.107754401925106 23.656458775133128
335.9791666666667 25.09952330811696 23.65228413403226
336.4791666666667 25.091333574187573 23.648095804897437
336.9791666666667 25.08320729168597 23.64392380740314
337.4791666666667 25.075083332179645 23.639749553535392
337.9791666666667 25.067014226179175 23.63561187372249
338.4791666666667 25.058926540889665 23.63146479862793
338.9791666666667 25.05090738220492 23.627312605283628
339.4791666666667 25.042918506310308 23.623173207533075
339.9791666666667 25.034962608689455 23.619048190680168
340.4791666666667 25.02702039844749 23.61492591962522
340.9791666666667 25.019134184068022 23.61081105680013
341.4791666666667 25.01126591740755 23.606706212487207
341.9791666666667 25.003418872818102 23.6026042192611
342.4791666666667 24.995623428901897 23.5985069797282
342.9791666666667 24.987806981281857 23.594420665356687
343.4791666666667 24.980056956934416 23.590336542224808
343.9791666666667 24.97237951354231 23.586263181657408
344.4791666666667 24.9646731873283 23.582204354503506
344.9791666666667 24.95702458671684 23.57814781118169
345.4791666666667 24.949409906493866 23.574113475735516
345.9791666666667 24.94180778227445 23.570075526399915
346.4791666666667 24.934245149799487 23.566034144358902
346.9791666666667 24.926713243852483 23.56201985967229
347.4791666666667 24.919189748696514 23.557986880902515
347.9791666666667 24.91169923883385 23.553986434933876
348.4791666666667 24.90423765686181 23.54998217120003
348.9791666666667 24.89684483006404 23.545977245729066
349.4791666666667 24.889434169230086 23.54200705781393
349.9791666666667 24.882063058855607 23.538016377722396
350.4791666666667 24.874731876981283 23.53404331070366
350.9791666666667 24.86739703373972 23.53007211164836
351.4791666666667 24.86014190901492 23.52611270633647
351.9791666666667 24.85286346210449 23.52216121415832
352.4791666666667 24.845628341957443 23.51821657414216
352.9791666666667 24.838425549285795 23.514291502223696
353.4791666666667 24.831254390688443 23.510350091547465
353.9791666666667 24.82405239787225 23.506408493366887
354.4791666666667 24.816926540283117 23.50250487300784
354.9791666666667 24.809811892467234 23.49858376708637
355.4791666666667 24.802728654712183 23.494683918744826
355.9791666666667 24.795673218684996 23.490783253075254
356.4791666666667 24.7886409937029 23.48689604247669
356.9791666666667 24.78162848589339 23.483005597084002
357.4791666666667 24.77464899819502 23.47913113124417
357.97916666666663 24.767679748470236 23.475264014436135
358.4791666666667 24.760733832622396 23.47139570282375
358.9791666666667 24.7538075303655 23.467527757886604
359.47916666666663 24.746906333587884 23.46366689959275
359.9791666666667 24.740054260302003 23.459831711716053
360.4791666666667 24.733201059041605 23.455982229905914
360.97916666666663 24.726353475623913 23.452146954657
361.4791666666667 24.719560171539 23.4483246063116
361.9791666666667 24.712781243646916 23.44450534689903
362.47916666666663 24.70601497191108 23.440687762696754
362.9791666666667 24.69926646810544 23.43687286912761
363.4791666666667 24.692543732934862 23.43306233388524
363.97916666666663 24.685843129210824 23.429272127517606
364.4791666666667 24.679155271055162 23.425477273704082
364.9791666666667 24.672523800325116 23.421689400105777
365.47916666666663 24.66589430431238 23.41790443197827
365.9791666666667 24.659276603083043 23.414136092840995
366.4791666666667 24.652681818800225 23.410376224936943
366.97916666666663 24.64608730442015 23.406606532441693
367.4791666666667 24.639541340412595 23.402836686464298
367.9791666666667 24.632998444763885 23.39908580572466
368.47916666666663 24.626497643205553 23.395326790538032
368.9791666666667 24.620015190898286 23.391586173746166
369.4791666666667 24.61352805399472 23.38786499222957
369.97916666666663 24.607078915302655 23.384134056315936
370.4791666666667 24.600648832627957 23.38040623344575
370.9791666666667 24.594234885744516 23.376684608309585
371.47916666666663 24.587835524481 23.372971558624215
371.9791666666667 24.58144761552639 23.369259158477572
372.4791666666667 24.575093854912954 23.365539277491433
372.97916666666663 24.56874484180475 23.361849946774154
373.4791666666667 24.562426445778517 23.358160496239098
373.9791666666667 24.556116837371494 23.354465089103485
374.47916666666663 24.549830045210747 23.35078811283998
374.9791666666667 24.543550116663248 23.347108148980027
375.4791666666667 24.537319653603582 23.343437159919084
375.97916666666663 24.531071572298274 23.339769523690748
376.4791666666667 24.524861657769396 23.336106669746606
376.9791666666667 24.518655296673437 23.332446692944174
377.47916666666663 24.512458673176056 23.328787679336557
377.9791666666667 24.50626728135888 23.325122712769662
378.4791666666667 24.5000615541805 23.32146506211524
378.97916666666663 24.493866465165397 23.317793180704
379.4791666666667 24.487662917751823 23.314120358773955
379.9791666666667 24.48146793990233 23.310457623454383
380.47916666666663 24.47529938189166 23.30680013407005
380.9791666666667 24.469086966506293 23.303128031665207
381.4791666666667 24.46291945087388 23.29947060214166
381.97916666666663 24.45674657257427 23.2958045240093
382.4791666666667 24.450600901656895 23.29213427298704
382.9791666666667 24.444426737360978 23.28847141761106
383.47916666666663 24.438295654046467 23.28481257751755
383.9791666666667 24.432152486405535 23.281150396619882
384.4791666666667 24.426037079986173 23.277507329947884
384.97916666666663 24.41990271641793 23.273844270718115
385.4791666666667 24.413824084839682 23.27019936273023
385.9791666666667 24.407735290133736 23.266551456653154
386.47916666666663 24.401661740185485 23.262908566561805
386.9791666666667 24.39561637025243 23.259275394115164
387.4791666666667 24.389575468106028 23.25564203898307
387.97916666666663 24.383554337868564 23.252024363830568
388.4791666666667 24.377554830347535 23.24838906407985
388.9791666666667 24.371558809111566 23.244782925796837
389.47916666666663 24.365590444404074 23.24117290702906
389.9791666666667 24.359649027041975 23.237565112730422
390.4791666666667 24.35370751302244 23.233973170379777
390.97916666666663 24.347796634328795 23.230380279148672
391.4791666666667 24.341895411213127 23.22679493820715
391.9791666666667 24.336043394327373 23.22321675219282
392.47916666666663 24.3301960836617 23.219664903018987
392.9791666666667 24.32438533271318 23.216099957807778
393.4791666666667 24.31856839673579 23.21254725963014
393.97916666666663 24.312807662137118 23.209008203466386
394.4791666666667 24.307037924361108 23.205471101723063
394.9791666666667 24.301314543455664 23.201945169376014
395.47916666666663 24.295615741637203 23.198434468963512
395.9791666666667 24.28992487778696 23.194931691193514
396.4791666666667 24.284289025922504 23.191431541232
396.97916666666663 24.2786529501642 23.18794394254835
397.4791666666667 24.273068484736278 23.184471986343915
397.9791666666667 24.267493988281423 23.18101004757633
398.47916666666663 24.261947322536432 23.17755408409919
398.9791666666667 24.256442392088807 23.174104295468464
399.4791666666667 24.25096011707577 23.170685057338428
399.97916666666663 24.24551369783188 23.167261224372297
400.4791666666667 24.24007449907563 23.163855895708867
400.9791666666667 24.234679022026988 23.16046406667507
401.47916666666663 24.229313522598936 23.157076009183456
401.9791666666667 24.223987929005247 23.15370265113217
402.4791666666667 24.2186875271721 23.15035275263634
402.97916666666663 24.213409198220877 23.146995630433715
403.4791666666667 24.208156727357885 23.143660265310196
403.9791666666667 24.202941842563483 23.14035107825142
404.47916666666663 24.197777928433343 23.137040050300236
404.9791666666667 24.19263958146471 23.13375318106372
405.4791666666667 24.18752646890677 23.130474873715613
405.97916666666663 24.182433763751945 23.127208975443224
406.4791666666667 24.177391885522084 23.123954587877222
406.9791666666667 24.17239281490019 23.120730465720143
407.47916666666663 24.16741007207746 23.117500150349997
407.9791666666667 24.162466044869614 23.114300276646546
408.4791666666667 24.15755746972739 23.111111736517604
