FastTrWP/PhaseSpace/IAs/snIa_0.66_30.00_1.05_0.02.csv
# %ECSV 0.9
# ---
# datatype:
# - {name: time-rel, datatype: float64}
# - {name: g, datatype: float64}
# - {name: i, datatype: float64}
# schema: astropy-2.0
time-rel g i
[from data line 1443]
818.3333333333334 24.50240535692421 22.280897684511686
818.8333333333334 24.503664198740406 22.281331162929476
819.3333333333333 24.504923215776145 22.281767791730882
819.8333333333334 24.506202722105407 22.282211883439842
820.3333333333334 24.50743956363919 22.28264998037156
820.8333333333333 24.508673119261594 22.283092016989304
821.3333333333334 24.50994621175387 22.283539390424604
821.8333333333334 24.51117052397667 22.283982868538615
822.3333333333333 24.51241273229671 22.2844360263931
822.8333333333334 24.513646747431746 22.28488409277119
823.3333333333334 24.51486856165102 22.285337500512764
823.8333333333333 24.51610755783113 22.285784823298627
824.3333333333334 24.51731192876361 22.28624477538969
824.8333333333334 24.51854414203585 22.286703296927442
825.3333333333333 24.519757472662157 22.287168056531996
825.8333333333334 24.52097974932635 22.28762474754012
826.3333333333334 24.522174541965494 22.28808383040399
826.8333333333333 24.52337191877558 22.28855102937011
827.3333333333334 24.524570619116275 22.289016175287326
827.8333333333334 24.52578725504158 22.289483909802215
828.3333333333333 24.526980681572162 22.289948463198904
828.8333333333334 24.528177081461266 22.290422365424128
829.3333333333334 24.5293565820102 22.290895769455396
829.8333333333333 24.530561908751217 22.291368918429633
830.3333333333334 24.5317580652384 22.291843563022823
830.8333333333334 24.53293452996942 22.29231806592604
831.3333333333333 24.534119832606503 22.292796718433188
831.8333333333334 24.535308882851407 22.293282368560092
832.3333333333334 24.53648535733345 22.293757830015632
832.8333333333333 24.53766166870906 22.294236952450596
833.3333333333334 24.53882996240019 22.294720307767264
833.8333333333334 24.54001121261581 22.295209653225108
834.3333333333333 24.541198995005942 22.29569507201318
834.8333333333334 24.542374387034187 22.296184458577905
835.3333333333334 24.543541005254205 22.29667066038408
835.8333333333333 24.54471414300867 22.29716445857825
836.3333333333334 24.545884902270938 22.297648962077563
836.8333333333334 24.54706768079408 22.298144439631848
837.3333333333333 24.548236873307694 22.2986311786553
837.8333333333334 24.549414236805763 22.299128728654168
838.3333333333334 24.550600188272735 22.29962587403193
838.8333333333333 24.55175783695865 22.30012243996287
839.3333333333334 24.552939486812274 22.300619254566712
839.8333333333334 24.554116972935333 22.30112054042547
840.3333333333333 24.55528671580621 22.301620004601315
840.8333333333334 24.55645797178579 22.302118998543556
841.3333333333334 24.55763057914472 22.30262790731492
841.8333333333333 24.558798024205636 22.303121340035457
842.3333333333334 24.55998497443592 22.303626023863803
842.8333333333334 24.56116569347644 22.30412918511317
843.3333333333333 24.562345243573652 22.3046341847644
843.8333333333334 24.563514834574505 22.305135021781393
844.3333333333334 24.564718214335134 22.305647966737425
844.8333333333333 24.565896479023234 22.306152293295426
845.3333333333334 24.567087520595035 22.306661729815957
845.8333333333334 24.5682696911736 22.307170184452065
846.3333333333333 24.56946951244861 22.307679251163446
846.8333333333334 24.570664179080918 22.308191744789944
847.3333333333334 24.571851956471566 22.30870538576977
847.8333333333333 24.57306435693755 22.309216161709156
848.3333333333334 24.574277564423475 22.30972812990336
848.8333333333334 24.57547575588203 22.31024011802063
849.3333333333333 24.576683193375217 22.310744910581434
849.8333333333334 24.577888252052723 22.311259182362004
850.3333333333334 24.579113289130753 22.311780244277184
850.8333333333333 24.580321367129777 22.3122888728086
851.3333333333334 24.5815663507344 22.31281252188886
851.8333333333334 24.582776019318587 22.313324586672906
852.3333333333333 24.584026699553505 22.313839770659666
852.8333333333334 24.585261206809687 22.3143546518039
853.3333333333334 24.58647758504722 22.31487481595337
853.8333333333333 24.587738531933915 22.315380940873077
854.3333333333334 24.588984163452135 22.31590297420626
854.8333333333334 24.590232450258252 22.31642303130308
855.3333333333333 24.59149521089472 22.316941459670446
855.8333333333334 24.592775827590202 22.317460520416414
856.3333333333334 24.594031488453663 22.317975694352654
856.8333333333333 24.595277198149507 22.31849713472087
857.3333333333334 24.596556629264708 22.319019295873417
857.8333333333334 24.59781853523434 22.319540694567877
858.3333333333333 24.59905515241553 22.320066854291664
858.8333333333334 24.60034172946848 22.32059288670463
859.3333333333334 24.601596919230566 22.321121917494917
859.8333333333333 24.602857789531253 22.321647659432404
860.3333333333334 24.6041393360403 22.322169861390584
860.8333333333334 24.605407005282913 22.32270589626519
861.3333333333333 24.606662508408267 22.32323705985044
861.8333333333334 24.607934306297324 22.323764088239436
862.3333333333334 24.60922120734204 22.324294806757973
862.8333333333333 24.610478916380917 22.324830057322238
863.3333333333334 24.611758602657076 22.32536945385415
863.8333333333334 24.61303267375206 22.325903681916714
864.3333333333333 24.61431090027803 22.326439442976064
864.8333333333334 24.61558835698228 22.326978901658823
865.3333333333334 24.616857042188443 22.327515920394806
865.8333333333333 24.618124692320652 22.32805153243469
866.3333333333334 24.61941857124643 22.328594808216188
866.8333333333334 24.62069729595354 22.329143780863152
867.3333333333333 24.62195987110522 22.329679918543903
867.8333333333334 24.62325867311293 22.330221667982023
868.3333333333334 24.62453276760585 22.330771388808422
868.8333333333333 24.625828102123922 22.331313776431976
869.3333333333334 24.62712353793208 22.331858141707684
869.8333333333334 24.62838484888609 22.33240740265259
870.3333333333333 24.629687727834515 22.332957344700954
870.8333333333334 24.630989555877992 22.333502385715335
871.3333333333334 24.63229334632995 22.334055286742117
871.8333333333333 24.63357513187519 22.334606512846914
872.3333333333334 24.634878903416944 22.33515976033153
872.8333333333334 24.63618161199415 22.335713538936538
873.3333333333333 24.637473979826034 22.336266355719406
873.8333333333334 24.638765125400642 22.336825515916857
874.3333333333334 24.640081112705673 22.337376008490395
874.8333333333333 24.641389554222684 22.33793079101449
875.3333333333334 24.642700663457603 22.33849538076897
875.8333333333334 24.6440011519083 22.33904314007535
876.3333333333333 24.64530173862211 22.339605588719678
876.8333333333334 24.646618381005375 22.340165245701694
877.3333333333334 24.647939446286202 22.340727007815747
877.8333333333333 24.64925114306597 22.34129195218061
878.3333333333334 24.650565501001598 22.341843109654043
878.8333333333334 24.65189055760735 22.34240715707404
879.3333333333333 24.653209608547648 22.342972780627207
879.8333333333334 24.65454766876469 22.343537783917284
880.3333333333334 24.65587775533458 22.344103308179605
880.8333333333333 24.657216330609067 22.344671318162096
881.3333333333334 24.65853500048211 22.3452397049606
881.8333333333334 24.659880943428764 22.34580461120356
882.3333333333333 24.661214322082078 22.34636913579237
882.8333333333334 24.662567087789956 22.346939914537604
883.3333333333334 24.66389443742624 22.347514961248937
883.8333333333333 24.66524735093202 22.348074472665893
884.3333333333334 24.666596341780235 22.3486493638964
884.8333333333334 24.66794426193584 22.349226958225394
885.3333333333333 24.669306321830938 22.349796824474012
885.8333333333334 24.67065218568596 22.350369991116334
886.3333333333334 24.67199851491933 22.350939318744594
886.8333333333333 24.673385148344117 22.351518492079574
887.3333333333334 24.674760060788884 22.352096376499937
887.8333333333334 24.67612400892774 22.35267305476894
888.3333333333333 24.677484633728316 22.3532391899068
888.8333333333334 24.678866352803233 22.35381641148956
889.3333333333334 24.6802534199113 22.35439825044417
889.8333333333333 24.68164626892105 22.354975360755795
890.3333333333334 24.68303111364435 22.35555554582192
890.8333333333334 24.684388130032634 22.356132487074646
891.3333333333333 24.685796572888485 22.356716607422197
891.8333333333334 24.68718973808034 22.357292290623484
892.3333333333334 24.688598425998475 22.357878016004182
892.8333333333333 24.68999319917743 22.358460018149774
893.3333333333334 24.69141283783226 22.359038132877423
893.8333333333334 24.6928052216862 22.35962215721365
894.3333333333333 24.694237184954968 22.360205216554682
894.8333333333334 24.69564902939229 22.36079055531981
895.3333333333334 24.69705375540158 22.361376973816938
895.8333333333333 24.69851199597173 22.36195770256414
896.3333333333334 24.699918834668697 22.362547670544526
896.8333333333334 24.70135401557986 22.36313290206846
897.3333333333333 24.70277481157929 22.3637178625799
897.8333333333334 24.70421302419958 22.364306456634164
898.3333333333334 24.705644221819178 22.36489476342813
898.8333333333333 24.707103735485187 22.365486666169506
899.3333333333334 24.708527680249365 22.366065091621348
899.8333333333334 24.7099762132469 22.366669193104677
900.3333333333333 24.711436449192394 22.367264041522233
900.8333333333334 24.712880518206035 22.367847351605196
901.3333333333334 24.714340850857997 22.368450299330874
901.8333333333333 24.715800317206792 22.369050576812874
902.3333333333334 24.71727312615655 22.36963628399048
902.8333333333334 24.718706066166682 22.370231933665895
903.3333333333333 24.720199415350834 22.37083501739104
903.8333333333334 24.72165737375716 22.37142740621617
904.3333333333334 24.723140879090657 22.37202406463929
904.8333333333333 24.72460566916785 22.37262361905604
905.3333333333334 24.726081897676814 22.37322768468701
905.8333333333334 24.72755571300164 22.373828302615127
906.3333333333333 24.72905271356759 22.374424882849873
906.8333333333334 24.730556082150564 22.375032419864045
907.3333333333334 24.732035405650695 22.375635073051328
907.8333333333333 24.733551351537187 22.376241579682734
908.3333333333334 24.73502494348921 22.37684160921259
908.8333333333334 24.73652577465213 22.377449602115412
909.3333333333333 24.738040531883733 22.378063884330977
909.8333333333334 24.73956244374056 22.378668619791547
910.3333333333334 24.74106975244986 22.37927187856701
910.8333333333333 24.74256355321117 22.379878964973223
911.3333333333334 24.744082834444416 22.38049136951791
911.8333333333334 24.745621583629536 22.381103513768146
912.3333333333333 24.747110451914548 22.381714718786114
912.8333333333334 24.748642028897272 22.382327391189598
913.3333333333334 24.750183861692726 22.382937519564756
913.8333333333333 24.751707364571697 22.383553697243542
914.3333333333334 24.753223793772186 22.38416519000652
914.8333333333334 24.754770572546608 22.38478468959334
915.3333333333333 24.756309121890865 22.385395408532478
915.8333333333334 24.757857441840756 22.386013841609063
916.3333333333334 24.759403651416957 22.38663566717623
916.8333333333333 24.7609560072704 22.38725631948636
917.3333333333334 24.762494828309908 22.387868230481427
917.8333333333334 24.76405521898881 22.388494893709865
918.3333333333333 24.765614800419474 22.389111722366707
918.8333333333334 24.767172477420022 22.38973141952537
919.3333333333334 24.768746120582982 22.39035736688684
919.8333333333333 24.770300437060875 22.390978029059955
920.3333333333334 24.771879090246628 22.391603330413417
920.8333333333334 24.773466597672954 22.392224832711122
921.3333333333333 24.775028932706498 22.392848939623082
921.8333333333334 24.77661359696807 22.393476018955703
922.3333333333334 24.778202575532337 22.3941054623142
922.8333333333333 24.779789399194318 22.394733432152595
923.3333333333334 24.781374297997424 22.39535977499549
923.8333333333334 24.78298391901092 22.39598893061452
924.3333333333333 24.784569168985982 22.396621151450226
924.8333333333334 24.786178100261917 22.3972446897872
925.3333333333334 24.787784146188972 22.39788168685636
925.8333333333333 24.789382938643456 22.398514450679187
926.3333333333334 24.790999414249985 22.39914874943068
926.8333333333334 24.79260993795021 22.399777897690292
927.3333333333333 24.794228031368778 22.4004202022942
927.8333333333334 24.795850039977875 22.40104751009289
928.3333333333334 24.79747069450092 22.401683843801212
928.8333333333333 24.799093344244774 22.402323990839314
929.3333333333334 24.80072755403493 22.402958847186444
929.8333333333334 24.80234258296399 22.40360430765767
930.3333333333333 24.803981722046792 22.404240519763867
930.8333333333334 24.80562168613583 22.404877834275993
931.3333333333334 24.807273984053865 22.405519279149566
931.8333333333333 24.808928371081393 22.406167627777947
932.3333333333334 24.810557134963247 22.40680111535994
932.8333333333334 24.81220834797217 22.40744934079906
933.3333333333333 24.81387996015346 22.408085301090786
933.8333333333334 24.815538289312226 22.40873350010127
934.3333333333334 24.817212581299984 22.409379648675014
934.8333333333333 24.818863065060267 22.410026351830567
935.3333333333334 24.82052299996257 22.410675520024697
935.8333333333334 24.822207648738342 22.41132125825434
936.3333333333333 24.823879387268562 22.41197544753542
936.8333333333334 24.825554694483998 22.412620607525877
937.3333333333334 24.82726161979165 22.413267652524066
937.8333333333333 24.828950822999083 22.413918310672557
938.3333333333334 24.830625702453823 22.414569137824238
938.8333333333334 24.83232894294069 22.41522774877052
939.3333333333333 24.8340318302454 22.415876550864063
939.8333333333334 24.835725081384787 22.416532311293093
940.3333333333334 24.837429134313474 22.417187883229744
940.8333333333333 24.83914509090566 22.417845183971966
941.3333333333334 24.8408762557873 22.418499775380575
941.8333333333334 24.842566316080195 22.419155467234727
942.3333333333333 24.844277965044142 22.419811946684934
942.8333333333334 24.846005929270135 22.420473075900734
943.3333333333334 24.847732883523207 22.421136591089514
943.8333333333333 24.849479460331622 22.42179706592247
944.3333333333334 24.851191938243083 22.422457780815343
944.8333333333334 24.8529432426036 22.423121915270634
945.3333333333333 24.85467105270745 22.42379291090403
945.8333333333334 24.85644826585618 22.424454831087584
946.3333333333334 24.85818531889645 22.42510882983503
946.8333333333333 24.859931785482942 22.425780161065173
947.3333333333334 24.861697780684104 22.426448706270588
947.8333333333334 24.863465189021735 22.42711247352005
948.3333333333333 24.865237350858983 22.42778358736849
948.8333333333334 24.866970917459614 22.428453450305046
949.3333333333334 24.868774577203187 22.42912600288659
949.8333333333333 24.870544549246606 22.429791019207833
950.3333333333334 24.872323097021145 22.43046803686105
950.8333333333334 24.87410601156343 22.431141285854284
951.3333333333333 24.87588469773646 22.43180802375573
951.8333333333334 24.877690414221632 22.432484134005076
952.3333333333334 24.879494809727348 22.433156407977727
952.8333333333333 24.881296003743266 22.433828529428908
953.3333333333334 24.883104257905554 22.43451129905459
953.8333333333334 24.884923287693095 22.435190410041102
954.3333333333333 24.886718448319648 22.435867404524032
954.8333333333334 24.888539390171612 22.436542765648806
955.3333333333334 24.890340608293005 22.437230739258656
955.8333333333333 24.892175591450922 22.43791320199785
956.3333333333334 24.894010232000863 22.438591454910174
956.8333333333334 24.895843264106723 22.439274442622327
957.3333333333333 24.897672483060195 22.439957571249593
957.8333333333334 24.899527159028768 22.440640994583028
958.3333333333334 24.901360824633155 22.441330394699442
958.8333333333333 24.90321144396691 22.442016119424586
959.3333333333334 24.905058205741586 22.44270804143198
959.8333333333334 24.90692629948581 22.443388727620007
960.3333333333333 24.908772764260007 22.44407525454203
960.8333333333334 24.91064221391019 22.444768686834834
961.3333333333334 24.912526477781736 22.445453513558185
961.8333333333333 24.914390925209588 22.446147235794225
962.3333333333334 24.91626866016989 22.446842789524602
