FastTrWP/PhaseSpace/IAs/snIa_0.59_30.00_-0.48_-0.07.csv
# %ECSV 0.9
# ---
# datatype:
# - {name: time-rel, datatype: float64}
# - {name: g, datatype: float64}
# - {name: i, datatype: float64}
# schema: astropy-2.0
time-rel g i
149.08333333333334 26.98325501428149 25.03806471104347
149.58333333333334 26.96611259462503 25.029779547797617
150.08333333333334 26.949170900722947 25.0215225648199
150.58333333333334 26.932413345949776 25.013286166871403
151.08333333333334 26.91582821780824 25.00509916417389
151.58333333333334 26.899436497476113 24.99696514534953
152.08333333333334 26.883172328151336 24.988836431118685
152.58333333333334 26.86716505408309 24.980732288125974
153.08333333333334 26.85128578200826 24.97272233640439
153.58333333333334 26.835631748690115 24.964732397773254
154.08333333333334 26.820053807286435 24.956765225405505
154.58333333333334 26.80472160683202 24.94882701820046
155.08333333333334 26.789492881646435 24.940963719298594
155.58333333333334 26.774501290009077 24.933114577984384
156.08333333333334 26.759621405167362 24.92528734513793
156.58333333333334 26.74486949207013 24.917507754155043
157.08333333333334 26.73032000033878 24.90977029989439
157.58333333333334 26.71581892419564 24.902063395694896
158.08333333333334 26.701540813665268 24.894393113472105
158.58333333333334 26.687438197774604 24.88677473232658
159.08333333333334 26.67337801685582 24.87917826453475
159.58333333333334 26.659537322602056 24.871641667610337
160.08333333333334 26.645753158508107 24.864105623385903
160.58333333333334 26.632150389508816 24.85665606458898
161.08333333333334 26.618654716724933 24.84920296171976
161.58333333333334 26.605309333724133 24.84177752595616
162.08333333333334 26.592149444134762 24.83441259945435
162.58333333333334 26.579040646988112 24.827055283746645
163.08333333333334 26.566035419158972 24.81975809442266
163.58333333333334 26.55315779471641 24.812476280029024
164.08333333333334 26.540352376702877 24.80521098542679
164.58333333333334 26.52769364264981 24.79794642067126
165.08333333333334 26.515114385538368 24.790743310860115
165.58333333333334 26.50268861774898 24.78354470866627
166.08333333333334 26.490304168796904 24.77635518969725
166.58333333333334 26.4779679143316 24.769233118878205
167.08333333333334 26.465828071550742 24.762111840603026
167.58333333333334 26.453760379928223 24.755031660817053
168.08333333333334 26.441717399703126 24.747956540458716
168.58333333333334 26.429849785631273 24.74088825018596
169.08333333333331 26.41799935551834 24.733870595877853
169.58333333333334 26.40627770798819 24.726891306077032
170.08333333333334 26.39462932195348 24.719905082359656
170.58333333333331 26.383055531881038 24.71295305925932
171.08333333333334 26.371567805786675 24.706021656515567
171.58333333333334 26.36017622818119 24.699127639930424
172.08333333333331 26.348833005392677 24.692244351198728
172.58333333333334 26.337604615938602 24.685403181734813
173.08333333333334 26.32644267667185 24.67856483358908
173.58333333333331 26.31534053464618 24.671786581839584
174.08333333333334 26.30430641015025 24.664991752513195
174.58333333333334 26.293356762443544 24.658234687882047
175.08333333333331 26.2824449366973 24.65150524884144
175.58333333333334 26.271683941951473 24.644802849896887
176.08333333333334 26.260933363996536 24.638129173904417
176.58333333333331 26.250218163276223 24.631472437605204
177.08333333333334 26.23965972432503 24.624830602411837
177.58333333333334 26.229128806470392 24.618216283938455
178.08333333333331 26.218623822321398 24.61163763822409
178.58333333333334 26.208226042801183 24.60506805939415
179.08333333333334 26.197892322216635 24.598515904318077
179.58333333333331 26.187606545112715 24.592014174437786
180.08333333333334 26.17737916426823 24.585546894047
180.58333333333334 26.16722151489453 24.579063201829506
181.08333333333331 26.157123269554518 24.572617278682017
181.58333333333334 26.147048754357854 24.566213806989467
182.08333333333334 26.137071978041007 24.559796121203522
182.58333333333331 26.127156563820524 24.553430141063927
183.08333333333334 26.11725855644401 24.547087812246854
183.58333333333334 26.10743750190447 24.54076067622598
184.08333333333331 26.097685606212885 24.534460230446086
184.58333333333334 26.087980005889108 24.528191516003417
185.08333333333334 26.078288579516578 24.521941517723214
185.58333333333331 26.06870094524926 24.515688599671602
186.08333333333334 26.059165758115608 24.50949575290756
186.58333333333334 26.049666123508977 24.503300677169825
187.08333333333331 26.040202742992108 24.497152551128014
187.58333333333334 26.03076241460277 24.490999986001395
188.08333333333334 26.02139239855442 24.48488538532815
188.58333333333331 26.012121621503567 24.47878850280324
189.08333333333334 26.00285854588122 24.472711029828744
189.58333333333334 25.993618881135937 24.46666814037364
190.08333333333331 25.984468626348644 24.460658893037078
190.58333333333334 25.975345888044302 24.45463545958186
191.08333333333334 25.966279093050794 24.448664705764507
191.58333333333331 25.957251151287423 24.442702780343836
192.08333333333334 25.948267451668556 24.436778098418472
192.58333333333334 25.939321969257087 24.430860658713275
193.08333333333331 25.930391197785944 24.42494884630404
193.58333333333334 25.921561415715402 24.419101105251293
194.08333333333334 25.912723157270726 24.413244401781803
194.58333333333331 25.90393791576365 24.407426256761692
195.08333333333334 25.895196168603594 24.401617863737357
195.58333333333334 25.886521344524326 24.395844720737653
196.08333333333331 25.87785939330946 24.390085276713794
196.58333333333334 25.869246548123147 24.384352686716774
197.08333333333334 25.86061774754772 24.37863144008666
197.58333333333331 25.852108009792335 24.372952025665896
198.08333333333334 25.843619250027153 24.367262568644534
198.58333333333334 25.835162432970815 24.361627098605553
199.08333333333331 25.826697982866044 24.356004285276825
199.58333333333334 25.818326101507473 24.350393460079257
200.08333333333334 25.80998423911989 24.344802515300085
200.58333333333331 25.80167418276485 24.33923513231488
201.08333333333334 25.79338836256239 24.33370361121628
201.58333333333334 25.785155561319097 24.328164186291485
202.08333333333331 25.776944147931424 24.322659385955493
202.58333333333334 25.768771029725887 24.31717942241496
203.08333333333334 25.760688497274327 24.311663048667462
203.58333333333331 25.7526418690179 24.306218298851675
204.08333333333334 25.74460009419454 24.300768905672886
204.58333333333334 25.736570441127533 24.295341995187904
205.08333333333331 25.72861987600141 24.2899269760081
205.58333333333334 25.720734774693852 24.284518294857524
206.08333333333334 25.712825697458346 24.27914976934327
206.58333333333331 25.704974495141816 24.273785376183454
207.08333333333334 25.69717592167363 24.268431524574588
207.58333333333334 25.68936131677955 24.263104738552887
208.08333333333331 25.681637451951538 24.257774438515156
208.58333333333334 25.673948187865825 24.252501209076073
209.08333333333334 25.66626231360057 24.24719688880884
209.58333333333331 25.658616517415457 24.24194516573667
210.08333333333334 25.651013046690153 24.23667048146116
210.58333333333334 25.643436015323914 24.23144681140539
211.08333333333331 25.635875405072653 24.226223748362948
211.58333333333334 25.62836465310909 24.221022486607037
212.08333333333334 25.62086897709704 24.21583861290427
212.58333333333331 25.613386635082286 24.210653408412398
213.08333333333334 25.60595870265994 24.20549191380597
213.58333333333334 25.598566855950207 24.20034994539238
214.08333333333331 25.591191626220645 24.195228181429115
214.58333333333334 25.58387786527904 24.190104266230218
215.08333333333334 25.57653168009795 24.185012617247846
215.58333333333331 25.569250962723537 24.17993628444904
216.08333333333334 25.56199903122685 24.17486572043659
216.58333333333334 25.554749393840453 24.16981497574975
217.08333333333331 25.547575754860368 24.164799036128734
217.58333333333334 25.540357778627122 24.159742120942028
218.08333333333334 25.533210578158133 24.154761586374747
218.58333333333331 25.526049821133117 24.149779836229854
219.08333333333334 25.518957166735213 24.144776965012866
219.58333333333334 25.511889528497036 24.13982904197421
220.08333333333331 25.504796861163147 24.134877489416727
220.58333333333334 25.497751507090634 24.12993734182978
221.08333333333334 25.490751322511986 24.125027585908505
221.58333333333331 25.48374710087828 24.12011659794853
222.08333333333334 25.476780262335783 24.11523803627383
222.58333333333334 25.46984063211269 24.110359255175826
223.08333333333331 25.462888162492877 24.105505820726055
223.58333333333334 25.456014716508953 24.10067145254105
224.08333333333334 25.449080317769756 24.09582644762713
224.58333333333331 25.442266072063717 24.091010254681112
225.08333333333334 25.43539166003207 24.086208651556802
225.58333333333334 25.42857156489928 24.081427246799723
226.08333333333331 25.42177161849586 24.076653599171763
226.58333333333334 25.414987606512458 24.07188978365744
227.08333333333334 25.408222551142693 24.067140573801467
227.58333333333331 25.40148007007852 24.062430576624845
228.08333333333334 25.394760390441597 24.0577178379182
228.58333333333334 25.388058309748367 24.053015218729364
229.08333333333331 25.381342665455755 24.048325637925238
229.58333333333334 25.3746827062592 24.043649059774346
230.08333333333334 25.368031622056073 24.03899590684312
230.58333333333331 25.361398482869415 24.034341448335674
231.08333333333334 25.354778060678743 24.02971205531667
231.58333333333334 25.348201567995332 24.02508405057967
232.08333333333331 25.341615742965793 24.02049004194367
232.58333333333334 25.335013096830757 24.015885053321796
233.08333333333334 25.328503866059968 24.01130418122777
233.58333333333334 25.321952928005615 24.00676064422845
234.08333333333334 25.315430644451354 24.002207477026722
234.58333333333334 25.308945686758566 23.99766704779133
235.08333333333334 25.30245793579603 23.993141916028634
235.58333333333334 25.295980144467457 23.9886373753472
236.08333333333334 25.28950512926056 23.984139600410238
236.58333333333334 25.283087010296473 23.97964826167339
237.08333333333334 25.27666527863886 23.97518152721512
237.58333333333334 25.270245754578337 23.970729027782205
238.08333333333334 25.263842762854495 23.966284365533078
238.58333333333334 25.257475257864122 23.961837106494357
239.08333333333334 25.251112485431793 23.95742494965986
239.58333333333334 25.244761920849548 23.953027738957978
240.08333333333334 25.238433857665008 23.94862801407077
240.58333333333334 25.23213238665646 23.944240916924933
241.08333333333334 25.22582791582666 23.93986121582391
241.58333333333334 25.219571992324067 23.935516566818254
242.08333333333334 25.21328972249201 23.931181132175556
242.58333333333334 25.207054773329087 23.92684390903383
243.08333333333334 25.200857710065275 23.922521494409118
243.58333333333334 25.19461901455676 23.918215058720516
244.08333333333334 25.188454114610668 23.913913488301016
244.58333333333334 25.18228878246548 23.90963334386056
245.08333333333334 25.17614304125338 23.90535083903744
245.58333333333334 25.17000966250862 23.90109866507357
246.08333333333334 25.16386085291422 23.896843526254358
246.58333333333334 25.157748219277188 23.89259762711667
247.08333333333334 25.151670660418148 23.888351167692093
247.58333333333334 25.145605065420025 23.884156457318632
248.08333333333334 25.139548477119376 23.87995629237433
248.58333333333334 25.13352065649043 23.875746160835106
249.08333333333334 25.127509599093663 23.871567670730766
249.58333333333334 25.12147793703576 23.867376449419947
250.08333333333334 25.11553211621726 23.863216383800797
250.58333333333334 25.109523138921702 23.85906505306515
251.08333333333334 25.10357146302777 23.85492078153019
251.58333333333334 25.097616907168828 23.850783439210332
252.08333333333334 25.091721189046247 23.84665863766933
252.58333333333334 25.08580460292386 23.842549869685307
253.08333333333334 25.07988229936378 23.838441047581014
253.58333333333334 25.07402418776543 23.834339130083386
254.08333333333334 25.068176894836025 23.83026892830531
254.58333333333334 25.062296567413934 23.826187596148714
255.08333333333334 25.056480551722 23.82213187586332
255.58333333333334 25.05064862257651 23.818070698114198
256.0833333333333 25.044832547304843 23.814030804529715
256.5833333333333 25.039030934909018 23.80999099653524
257.0833333333333 25.03326719348857 23.805970395880234
257.5833333333333 25.027517036577784 23.80194591645043
258.0833333333333 25.021759786539562 23.79795521860523
258.5833333333333 25.01602016076527 23.793945393593262
259.0833333333333 25.010331751322692 23.789953314652
259.5833333333333 25.00460289009892 23.785975687924367
260.0833333333333 24.998960386723116 23.782000109297087
260.5833333333333 24.9932531831954 23.778048761135494
261.0833333333333 24.987597171537303 23.77408517182223
261.5833333333333 24.98195089795029 23.770144656748617
262.0833333333333 24.976312384564938 23.76622237804767
262.5833333333333 24.970698067636924 23.76228512219231
263.0833333333333 24.965088660285765 23.758374894318703
263.5833333333333 24.959487626202048 23.754458059710505
264.0833333333333 24.953914113495127 23.750563612822766
264.5833333333333 24.948368496715965 23.746662580258707
265.0833333333333 24.94279450654533 23.742786418911294
265.5833333333333 24.93725884989948 23.73891025077839
266.0833333333333 24.931770431730293 23.735038139880004
266.5833333333333 24.926261744122073 23.731172110169044
267.0833333333333 24.92076104660686 23.727330459301285
267.5833333333333 24.91525655528486 23.723471904724946
268.0833333333333 24.90978688850326 23.719648733878508
268.5833333333333 24.904352765413464 23.71582019197995
269.0833333333333 24.89888953952398 23.711997364407324
269.5833333333333 24.893456703827404 23.70819198208837
270.0833333333333 24.888054768330367 23.70438471229179
270.5833333333333 24.882645542488063 23.700585691580688
271.0833333333333 24.877263500178994 23.696800428394997
271.5833333333333 24.871876070746737 23.693021468963483
272.0833333333333 24.866511742023377 23.689241614543924
272.5833333333333 24.861142291930825 23.685476796641332
273.0833333333333 24.85579470350185 23.681712923530775
273.5833333333333 24.850493362174713 23.677973857917834
274.0833333333333 24.845151139600915 23.674222488773864
274.5833333333333 24.839839433782743 23.67048982199732
275.0833333333333 24.834562471987986 23.66674585784617
275.5833333333333 24.829267720980862 23.663028676795435
276.0833333333333 24.823989491379397 23.65931341663596
276.5833333333333 24.81874257699385 23.65561517762068
277.0833333333333 24.813508312133507 23.651910035795144
277.5833333333333 24.808269687082472 23.648219816688272
278.0833333333333 24.803026816485165 23.644523672206446
278.5833333333333 24.797851850516253 23.640860063118275
279.0833333333333 24.79264855973547 23.637188553150747
279.5833333333333 24.78747418397812 23.63352759680155
280.0833333333333 24.782287696101672 23.62988106181958
280.5833333333333 24.777131715646078 23.626218521431323
281.0833333333333 24.771976921821626 23.622581384270525
281.5833333333333 24.766883618515074 23.618958631003064
282.0833333333333 24.76173832184052 23.615342212567427
282.5833333333333 24.756641652203122 23.61172403914022
283.0833333333333 24.751542577944615 23.608122516160215
283.5833333333333 24.74647086533697 23.60452848261867
284.0833333333333 24.741378767008563 23.60092479126539
284.5833333333333 24.736337334352122 23.597356595017935
285.0833333333333 24.731286676600874 23.59377878133841
285.5833333333333 24.726231796640526 23.59019918826639
286.0833333333333 24.721230339456277 23.58663943355049
286.5833333333333 24.716200271360286 23.583071999673283
287.0833333333333 24.711199950067552 23.5795403645162
287.5833333333333 24.706219014335083 23.575993533535208
288.0833333333333 24.701236687365192 23.572461586572114
288.5833333333333 24.696269024062424 23.568927601810223
289.0833333333333 24.691284747187815 23.565414618996595
289.5833333333333 24.68635011715941 23.56189533329504
290.0833333333333 24.681422604846755 23.558379534330598
290.5833333333333 24.676493142016383 23.554885535214225
291.0833333333333 24.67157179344474 23.551386050395013
