FastTrWP/PhaseSpace/IAs/snIa_0.38_30.00_1.59_-0.15.csv
# %ECSV 0.9
# ---
# datatype:
# - {name: time-rel, datatype: float64}
# - {name: g, datatype: float64}
# - {name: i, datatype: float64}
# schema: astropy-2.0
time-rel g i
[from data line 337]
323.6875 23.523497531280007 23.521469281826025
324.1875 23.519825076795144 23.51839453174001
324.6875 23.51617500284217 23.515330066422404
325.1875 23.512522546168384 23.512280268806748
325.6875 23.508914798855585 23.509232736193102
326.1875 23.50528701322204 23.506186080301976
326.6875 23.501689604761374 23.503168848080705
327.1875 23.498090479999867 23.500140285134698
327.6875 23.49451716745474 23.49713047881317
328.1875 23.490945813540627 23.494132416521786
328.6875 23.487394763026952 23.49113635318612
329.1875 23.48384813180648 23.48814311103046
329.6875 23.48032477917954 23.485161827699184
330.1875 23.476808809171633 23.48219717767939
330.6875 23.473304637342643 23.47923599196649
331.1875 23.46981529474856 23.4762785646113
331.6875 23.466338498851297 23.473345782002962
332.1875 23.46288953502379 23.470410893271204
332.6875 23.459420749698836 23.467484044207467
333.1875 23.455989247926738 23.464574038912367
333.6875 23.452576500407044 23.46166833494394
334.1875 23.44916805561986 23.458776887902207
334.6875 23.44577809906095 23.4558829081788
335.1875 23.44239383576824 23.45300489288505
335.6875 23.43901009228601 23.450132089998867
336.1875 23.435653403039556 23.447289607813246
336.6875 23.432310160035087 23.44441999320402
337.1875 23.428973787518004 23.441589795555945
337.6875 23.425649510162046 23.4387570134731
338.1875 23.422334105307492 23.43593509940764
338.6875 23.419046361518898 23.433113226397744
339.1875 23.41575345539907 23.430308060083107
339.6875 23.412488155553717 23.42750304781733
340.1875 23.409202032821664 23.42470283245234
340.6875 23.405963196325747 23.421930454994623
341.1875 23.40272063020904 23.41915072122879
341.6875 23.39949177818868 23.4163830930262
342.1875 23.39627382173919 23.413621611886505
342.6875 23.393057352571155 23.410867258840256
343.1875 23.38986327931209 23.408123082807904
343.6875 23.386672338424603 23.405393544078503
344.1875 23.383499821046072 23.402662125403886
344.6875 23.380334268114478 23.399931146395758
345.1875 23.37717122573046 23.397224815954015
345.6875 23.37403640623481 23.394508535256012
346.1875 23.370893785591115 23.39180593317296
346.6875 23.367784546498207 23.389115539781443
347.1875 23.364659602258655 23.386425258066062
347.6875 23.36155240295868 23.38375189916228
348.1875 23.358456093801394 23.381069978132242
348.6875 23.355374042720047 23.378412533323704
349.1875 23.35229577674024 23.375739096784063
349.6875 23.349228256568388 23.37309589943866
350.1875 23.34617244482375 23.37045905233505
350.6875 23.34312433975789 23.367813252545755
351.1875 23.340088030030316 23.365179599190768
351.6875 23.337063543785185 23.362559313311003
352.1875 23.334032627588304 23.359936931865185
352.6875 23.331019867559576 23.3573246033296
353.1875 23.328024956462876 23.354720940299913
353.6875 23.32502738588825 23.35211755511947
354.1875 23.322047281600522 23.34952673460014
354.6875 23.319071938275574 23.346945035160083
355.1875 23.316101885330184 23.344345763060645
355.6875 23.313143390627665 23.341779576051294
356.1875 23.31018976914499 23.339207879412903
356.6875 23.30725270856869 23.33664126353441
357.1875 23.304310525503592 23.33408191547264
357.6875 23.301394260279498 23.33153304011699
358.1875 23.298469912347297 23.32898920040714
358.6875 23.295556499021618 23.326441218315466
359.1875 23.292652823405938 23.32391329194308
359.6875 23.28976048604207 23.32138229893994
360.18749999999994 23.286878372044395 23.31885882251313
360.6875 23.284003355912443 23.3163357448963
361.1875 23.281127697462697 23.31382341353828
361.68749999999994 23.27825826519005 23.311309060481204
362.1875 23.275398442907395 23.308812152116047
362.6875 23.27255217519781 23.306311616200333
363.18749999999994 23.269721489262544 23.303821397581874
363.6875 23.266881560794126 23.30133597468842
364.1875 23.26406056851361 23.298855184878068
364.68749999999994 23.26124399720929 23.296376493249834
365.1875 23.25843879992954 23.293918937537367
365.6875 23.25563355699774 23.291458752199077
366.18749999999994 23.252836063981515 23.28899266385562
366.6875 23.250049682756817 23.28655455758069
367.1875 23.247284564427332 23.284112212384148
367.68749999999994 23.244514806046134 23.28166973778679
368.1875 23.2417455967324 23.27923719476604
368.6875 23.238995064483085 23.276809413388378
369.18749999999994 23.23623630129394 23.27439198256624
369.6875 23.23350945375697 23.2719755525812
370.1875 23.23078002053571 23.26956666961339
370.68749999999994 23.228066334857754 23.267158336823645
371.1875 23.225343720723455 23.26477006672526
371.6875 23.22264324133301 23.262366407977822
372.18749999999994 23.219941152344212 23.259985566251054
372.6875 23.217248184376288 23.257599692860566
373.1875 23.21456538527411 23.25522223271956
373.68749999999994 23.211887284861273 23.25285062341804
374.1875 23.209210285824724 23.25047888468209
374.6875 23.206542636953003 23.24811463953573
375.18749999999994 23.203889767423668 23.24576200323657
375.6875 23.201233066077474 23.243422097118717
376.1875 23.198597385685904 23.241068232756604
376.68749999999994 23.195952046846074 23.238722734841147
377.1875 23.193318230440912 23.236392590218323
377.6875 23.1906984770078 23.23406101757042
378.18749999999994 23.188091184079344 23.2317375309791
378.6875 23.18547782600649 23.22942056691764
379.1875 23.18287947610232 23.227092145096982
379.68749999999994 23.180280145288478 23.224784670837227
380.1875 23.17769725499963 23.222484772347126
380.6875 23.175113827999514 23.22017724820151
381.18749999999994 23.172535194889917 23.217875705158004
381.6875 23.169964582265493 23.21560282648754
382.1875 23.16740317498398 23.21330132655184
382.68749999999994 23.164840685452745 23.211025294736444
383.1875 23.162282082842975 23.208746086262032
383.6875 23.159749006625784 23.206472887451145
384.18749999999994 23.157199064309218 23.204197289049347
384.6875 23.15466457940158 23.201936585909287
385.1875 23.152142263977822 23.19967327778837
385.68749999999994 23.149630939076854 23.19742548710292
386.1875 23.14711174748719 23.19517609823526
386.6875 23.144602608470418 23.192921572977284
387.18749999999994 23.14209301929155 23.190686684526426
387.6875 23.139600485976555 23.18844379219586
388.1875 23.137118881173752 23.18620520926105
388.68749999999994 23.134626549814236 23.183979386547
389.1875 23.132152974699945 23.181754122512586
389.6875 23.129668335266054 23.17953201967662
390.18749999999994 23.12720314620238 23.17732084286741
390.6875 23.124749037139864 23.17510332675621
391.1875 23.12229261383703 23.172894545404183
391.68749999999994 23.119835972700375 23.170689653752223
392.1875 23.117391334613544 23.168488404783268
392.6875 23.11495160664986 23.16629626020432
393.18749999999994 23.1125166971383 23.16410745609792
393.6875 23.110093621465282 23.161916772307354
394.1875 23.107668701955507 23.15972578068164
394.68749999999994 23.10524598519278 23.157541777640567
395.1875 23.102835880715965 23.15537144735561
395.6875 23.100428912134724 23.153196647918644
396.18749999999994 23.09802042962471 23.15102051204457
396.6875 23.095633083889528 23.148855416669427
397.1875 23.09322755221327 23.14669063101865
397.68749999999994 23.090831247790277 23.14452135930193
398.1875 23.088434158602453 23.142361007465038
398.6875 23.08603088837719 23.140203549444056
399.18749999999994 23.083648456801427 23.138045724317333
399.6875 23.081256207990602 23.13588049460023
400.1875 23.078871811411254 23.13372719957416
400.68749999999994 23.07647739481901 23.13157602135822
401.1875 23.074093193528583 23.129422160118082
401.6875 23.071720094870955 23.12728099207906
402.18749999999994 23.069337119952213 23.125131474868432
402.6875 23.066969227750565 23.122989156614665
403.1875 23.064596218092085 23.120859155041078
403.68749999999994 23.062234499822672 23.118714564997113
404.1875 23.05986439259478 23.11659275706592
404.6875 23.057518491325766 23.114459749216188
405.18749999999994 23.05516004815229 23.11234166918979
405.6875 23.05281221094318 23.110208819055874
406.1875 23.050469578961067 23.10809329768174
406.68749999999994 23.048130196129847 23.105979738240503
407.1875 23.045790294651567 23.103863765786446
407.6875 23.043464374195946 23.101756323527532
408.18749999999994 23.041138955550778 23.099653911517372
408.6875 23.03881299667513 23.09754998597846
409.1875 23.036511287742737 23.095453407332258
409.68749999999994 23.03420363979884 23.09336750202862
410.1875 23.03189536963471 23.09127714842699
410.6875 23.029599395747727 23.0891962985287
411.18749999999994 23.027317422092448 23.08711530042701
411.6875 23.025035045073906 23.08504221966498
412.1875 23.022760075577658 23.08297664466543
412.68749999999994 23.020487136471964 23.080915642259512
413.1875 23.01823226076185 23.078853522285936
413.6875 23.01597927230036 23.076805510862233
414.18749999999994 23.013726260284876 23.07474308686068
414.6875 23.011493134972447 23.072713335003563
415.1875 23.009261066968204 23.070662262755395
415.68749999999994 23.0070421117702 23.0686290407074
416.1875 23.004818774220006 23.066604574947714
416.6875 23.00261714563243 23.064585148281587
417.18749999999994 23.000418100192913 23.062566151719537
417.6875 22.99822084513769 23.060561862836426
418.1875 22.996047736814734 23.058557059138515
418.68749999999994 22.993868048947036 23.056561554016945
419.1875 22.991700213140327 23.05456535756371
419.6875 22.989545154706125 23.05257244973722
420.18749999999994 22.987403806649635 23.05060142618298
420.6875 22.985263125429867 23.048619990869895
421.1875 22.983139788598763 23.0466640267913
421.68749999999994 22.981013426482846 23.04469526590873
422.1875 22.978907162352847 23.04274124212412
422.6875 22.976812328430295 23.040801802643585
423.18749999999994 22.97472048383775 23.038851658202027
423.6875 22.972634016691735 23.036925073671807
424.1875 22.970576313525303 23.034993201949263
424.68749999999994 22.968519781045742 23.033074493118917
425.1875 22.966475756906725 23.031156897394304
425.6875 22.964432049690643 23.029247980939118
426.18749999999994 22.962406985354317 23.02734155732147
426.6875 22.960394868634552 23.025454772405265
427.1875 22.958382760306737 23.02358082271565
427.68749999999994 22.956387136940933 23.02169248163969
428.1875 22.954412009293343 23.019832716887073
428.6875 22.95244062471913 23.017962873647903
429.18749999999994 22.950476292996434 23.01610738992677
429.6875 22.94853651013295 23.014256299570462
430.1875 22.94659077052758 23.012411868867346
430.68749999999994 22.94464368300856 23.010574228182072
431.1875 22.942718943307582 23.008742660124412
431.6875 22.940785393487722 23.006911342619546
432.18749999999994 22.9388711099849 23.005080791899942
432.6875 22.936952152223657 23.003257464953673
433.1875 22.935042629146444 23.001437872228006
433.68749999999994 22.933142263023754 22.999618815652212
434.1875 22.931251443960207 22.997807289496105
434.6875 22.92935966083078 22.996008503903667
435.18749999999994 22.927472374524033 22.994195073502922
435.6875 22.925594989294492 22.992409438072265
436.1875 22.923720264019295 22.990614791119533
436.68749999999994 22.921855683624884 22.98882611283405
437.1875 22.919995596749864 22.987042135407677
437.6875 22.918135980958635 22.985266906206604
438.18749999999994 22.91629943513639 22.98348931829551
438.6875 22.914455988497878 22.981720051034102
439.1875 22.912620754291318 22.979958152607335
439.68749999999994 22.91080435187566 22.978197408549338
440.1875 22.908980961647295 22.976439550727736
440.6875 22.90717091367121 22.974689085755266
441.18749999999994 22.905363631953776 22.97294347731613
441.6875 22.903567217543998 22.971206536020546
442.1875 22.9017785951174 22.969473545437236
442.68749999999994 22.899993339309074 22.967742837499003
443.1875 22.898212329328604 22.966018793927244
443.6875 22.89645092432381 22.964301945729343
444.18749999999994 22.89469294169273 22.96258244444754
444.6875 22.892939758479002 22.960872570923595
445.1875 22.891196227680396 22.95916673137402
445.68749999999994 22.88946053135853 22.95746895555146
446.1875 22.887720394883168 22.955775089756504
446.6875 22.886002879476454 22.954090171681493
447.18749999999994 22.884283469139778 22.952398712860962
447.6875 22.882590321351692 22.950727812042416
448.1875 22.880882832183236 22.94905660196633
448.68749999999994 22.879204296648183 22.947380679482915
449.1875 22.877519508237974 22.945724404000885
449.6875 22.875845257882975 22.944075664393594
450.18749999999994 22.874175449722777 22.942423894333174
450.6875 22.872520393685633 22.940780133364225
451.1875 22.870871988375377 22.939140762783193
451.68749999999994 22.869227895886187 22.937513901146318
452.1875 22.867595708703664 22.93587121458784
452.6875 22.86597681724811 22.93425832557851
453.18749999999994 22.86435398248571 22.932633227744045
453.6875 22.8627553162561 22.93102680426553
454.1875 22.86116047473396 22.92942940037019
454.68749999999994 22.859564539840143 22.92782207529296
455.1875 22.857984129240535 22.92624684663231
455.6875 22.856423078048934 22.92465292569736
456.18749999999994 22.854852103167964 22.923071188603366
456.6875 22.853312764555223 22.921504806089253
457.1875 22.85176860880327 22.919928096415205
457.68749999999994 22.850230787917504 22.91836107760744
458.1875 22.84869625566873 22.916808378938587
458.6875 22.847192304445706 22.915259298264598
459.18749999999994 22.84568212191971 22.913716849211482
459.6875 22.8441905199865 22.912165383495726
460.1875 22.842694642214507 22.910646748705616
460.68749999999994 22.841225528715814 22.909117906379226
461.1875 22.83976130202152 22.907601709773132
461.6875 22.838297173346053 22.90609278917706
462.18749999999994 22.83684796983327 22.9045901254988
462.6875 22.835407655077734 22.90308507819265
463.1875 22.833984041311478 22.90159237095231
463.68749999999994 22.83255041380994 22.90010882839903
464.1875 22.83113774198516 22.8986277568251
464.6875 22.829736595620027 22.897136653531728
465.18749999999994 22.828332866408093 22.895660551151032
465.6875 22.826932801893097 22.894199363936995
466.1875 22.82554892800256 22.89272595117201
466.68749999999994 22.824163749863878 22.891266204617185
467.1875 22.822787693387916 22.889816813673164
467.6875 22.821422183046263 22.888371078694533
468.18749999999994 22.82006590763027 22.88691570711031
468.6875 22.818706801670466 22.885476109695308
469.1875 22.817368596057598 22.88404232843876
469.68749999999994 22.81602659847463 22.88261380158062
470.1875 22.814693492998785 22.881192318694772
470.6875 22.813378829620568 22.879770309560833
471.18749999999994 22.812058663696376 22.87835662951352
471.6875 22.810752340772588 22.876939092105573
472.1875 22.8094456237509 22.87554134328999
472.68749999999994 22.808157142475803 22.874141084314488
473.1875 22.806863086704126 22.872745175363693
473.6875 22.80558251212462 22.871346820754216
474.18749999999994 22.80430772968705 22.86996110017656
474.6875 22.803040952620496 22.868584306890718
475.1875 22.801785724126134 22.867195599011396
475.68749999999994 22.80053898204503 22.865832237713406
476.1875 22.799284349818354 22.864471889734897
476.6875 22.798044754897276 22.863096758807696
477.18749999999994 22.796818782364415 22.861742114999416
477.6875 22.795599919214148 22.86039100476836
478.1875 22.794383247323232 22.859038769774095
478.68749999999994 22.79317471422565 22.85769754486727
479.1875 22.791973264613233 22.856367233440015
479.6875 22.790770950127403 22.855023011912547
480.18749999999994 22.789591068382137 22.853698638651082
480.6875 22.78840564231073 22.85237021610685
481.1875 22.78723875393321 22.851060911445966
481.68749999999994 22.786071557104822 22.84973906969977
482.1875 22.784905622761663 22.84843314633771
482.6875 22.783763048099516 22.84712509775428
483.18749999999994 22.782626094231784 22.845822021014932
483.6875 22.781484974325828 22.84452677429153
484.1875 22.780353871138118 22.84324083346928
484.68749999999994 22.779228768859557 22.84195834414699
485.1875 22.7781166569798 22.84067173431628
485.6875 22.777010466684565 22.83940159018941
486.18749999999994 22.775906846954737 22.838128846166846
486.6875 22.774815606539537 22.836861004063124
