FastTrWP/PhaseSpace/IAs/snIa_0.4_20_1_0.0.csv
# %ECSV 0.9
# ---
# datatype:
# - {name: time-rel, datatype: float64}
# - {name: g, datatype: float64}
# - {name: i, datatype: float64}
# schema: astropy-2.0
time-rel g i
[from data line 2500]
1234.8958333333333 -24.44293948687684 -26.678256102080265
1235.3958333333333 -24.441290846878978 -26.677691510493627
1235.8958333333333 -24.439659593562094 -26.677127755320527
1236.3958333333333 -24.438017565514688 -26.676559554344056
1236.8958333333333 -24.43635964523711 -26.67599481338785
1237.3958333333333 -24.43475383205034 -26.675443599115365
1237.8958333333333 -24.433133367254705 -26.674878436481304
1238.3958333333333 -24.431506020507307 -26.67430537296506
1238.8958333333333 -24.429877640898955 -26.673751637504928
1239.3958333333333 -24.42824137596795 -26.67319970072497
1239.8958333333333 -24.426638413454306 -26.672637368376733
1240.3958333333333 -24.425019984641697 -26.672066464620528
1240.8958333333333 -24.423413865210946 -26.67151908241028
1241.3958333333333 -24.421799884880336 -26.67094101859449
1241.8958333333333 -24.420203400978675 -26.670389987807532
1242.3958333333333 -24.418587318006075 -26.66983142236189
1242.8958333333333 -24.416988390189772 -26.6692614664644
1243.3958333333333 -24.41538095790124 -26.668706908017636
1243.8958333333333 -24.413803524625997 -26.668150089751634
1244.3958333333333 -24.412174302832803 -26.66759143523242
1244.8958333333333 -24.410599424854247 -26.667030661091463
1245.3958333333333 -24.40897884039044 -26.66646712103262
1245.8958333333333 -24.40740333103495 -26.66591357226379
1246.3958333333333 -24.405829742739623 -26.665355375452137
1246.8958333333333 -24.40426996393587 -26.664793215804295
1247.3958333333333 -24.402668550499875 -26.664243217511295
1247.8958333333333 -24.40109135386514 -26.663682913519896
1248.3958333333333 -24.399538616732514 -26.66311874720613
1248.8958333333333 -24.39794490305399 -26.662563206433397
1249.3958333333333 -24.39635175834586 -26.662011360621698
1249.8958333333333 -24.394812017892626 -26.661462842962198
1250.3958333333333 -24.39325181170564 -26.66089203273229
1250.8958333333333 -24.3916847743277 -26.660343731736646
1251.3958333333333 -24.39012357985549 -26.659781386070538
1251.8958333333333 -24.38858049913483 -26.659223690766417
1252.3958333333333 -24.38704229490198 -26.658676835170123
1252.8958333333333 -24.385463759067328 -26.658116414478737
1253.3958333333333 -24.383928397344775 -26.65756983669941
1253.8958333333333 -24.38239639223041 -26.65700529316822
1254.3958333333333 -24.380831108209897 -26.656453376284013
1254.8958333333333 -24.379281714965437 -26.6558964112714
1255.3958333333333 -24.37773500810717 -26.655344483857366
1255.8958333333333 -24.37621047545634 -26.65479809787136
1256.3958333333333 -24.37465345673814 -26.65422586874564
1256.8958333333333 -24.373136588434804 -26.653682390167397
1257.3958333333333 -24.371617352144845 -26.65312827504463
1257.8958333333333 -24.370076043967003 -26.652576037661856
1258.3958333333333 -24.368571022718328 -26.652025383454312
1258.8958333333333 -24.367058171315836 -26.65146645803043
1259.3958333333333 -24.36550207842094 -26.650918496361307
1259.8958333333333 -24.363985843174664 -26.650375423443585
1260.3958333333333 -24.362480279527823 -26.649813759855746
1260.8958333333333 -24.361004731018923 -26.649255699713414
1261.3958333333333 -24.359454512162753 -26.648714140077004
1261.8958333333333 -24.357947544157547 -26.64816405589255
1262.3958333333333 -24.356452708604014 -26.647617281617922
1262.8958333333333 -24.354955488520005 -26.647072059128586
1263.3958333333333 -24.353444844965768 -26.646517052281688
1263.8958333333333 -24.35196431590018 -26.645965554209354
1264.3958333333333 -24.350481462895853 -26.64542531597267
1264.8958333333333 -24.348984178557288 -26.644856756275704
1265.3958333333333 -24.347482392296023 -26.64431554824903
1265.8958333333333 -24.34599708701715 -26.643771257673478
1266.3958333333333 -24.344510996987832 -26.643217290986243
1266.8958333333333 -24.34300257560373 -26.642671614973747
1267.3958333333333 -24.341524685645624 -26.6421296233988
1267.8958333333333 -24.3400632363621 -26.64157135068787
1268.3958333333333 -24.338594709757785 -26.64103406370275
1268.8958333333333 -24.337110750057832 -26.6404849177174
1269.3958333333333 -24.33565107468342 -26.639934152033014
1269.8958333333333 -24.334168049720056 -26.639383509863794
1270.3958333333333 -24.332680707692145 -26.638844177992603
1270.8958333333333 -24.331254754335042 -26.63829721260793
1271.3958333333333 -24.32977740253646 -26.637743477677347
1271.8958333333333 -24.32830899538837 -26.637201751137553
1272.3958333333333 -24.326880021258177 -26.636667941489527
1272.8958333333333 -24.325399135618767 -26.636115001126402
1273.3958333333333 -24.32395028631282 -26.63556934086971
1273.8958333333333 -24.322497256138522 -26.635034458681712
1274.3958333333333 -24.321071800776338 -26.63449184684513
1274.8958333333333 -24.319615386442734 -26.633948651871098
1275.3958333333333 -24.31819331784235 -26.63340830427633
1275.8958333333333 -24.316746602781237 -26.632864700121345
1276.3958333333333 -24.315350527097884 -26.6323364370581
1276.8958333333333 -24.31392634627332 -26.63179528785758
1277.3958333333333 -24.312464139439847 -26.63124215109078
1277.8958333333333 -24.311068283900553 -26.63071065626943
1278.3958333333333 -24.30965122879897 -26.630166223270425
1278.8958333333333 -24.308229126630742 -26.629627941195174
1279.3958333333333 -24.306814893295407 -26.629092859354415
1279.8958333333333 -24.305439184558217 -26.62855757280135
1280.3958333333333 -24.30400067578599 -26.628027386868403
1280.8958333333333 -24.302599268295655 -26.627489951668764
1281.3958333333333 -24.30121432319548 -26.62696031139277
1281.8958333333333 -24.299805402396345 -26.626417079869107
1282.3958333333333 -24.29848451505734 -26.62588720745343
1282.8958333333333 -24.29704890719032 -26.625352167380644
1283.3958333333333 -24.295680681723443 -26.624809054230226
1283.8958333333333 -24.294275214470073 -26.62428186767975
1284.3958333333333 -24.292905566848333 -26.623750309487434
1284.8958333333333 -24.291520966055025 -26.623214598554227
1285.3958333333333 -24.290166553382058 -26.62267323701149
1285.8958333333333 -24.288814600184757 -26.622141621829787
1286.3958333333333 -24.287418261225024 -26.621612981026285
1286.8958333333333 -24.28605943263009 -26.621080786807852
1287.3958333333333 -24.284688075211523 -26.62054091041898
1287.8958333333333 -24.283334484445586 -26.62001922664914
1288.3958333333333 -24.281991275408956 -26.619482931501114
1288.8958333333333 -24.28062997504223 -26.618950671488296
1289.3958333333333 -24.279276632747116 -26.61841813400066
1289.8958333333333 -24.277894843321896 -26.61788321882883
1290.3958333333333 -24.27659331611862 -26.617354336651
1290.8958333333333 -24.27526471744635 -26.61682371160567
1291.3958333333333 -24.273917886874486 -26.6162888024828
1291.8958333333333 -24.272583649093797 -26.615757327493604
1292.3958333333333 -24.271234648076117 -26.615216128380112
1292.8958333333333 -24.269889069232292 -26.61469206258008
1293.3958333333333 -24.26856417396028 -26.61415307171864
1293.8958333333333 -24.267233996304473 -26.613617998547745
1294.3958333333333 -24.265890972789876 -26.613090476589853
1294.8958333333333 -24.264600230653144 -26.61256183202131
1295.3958333333333 -24.263274089967567 -26.612021415372862
1295.8958333333333 -24.261958592827156 -26.611486051609226
1296.3958333333333 -24.260620591659755 -26.610961964561586
1296.8958333333333 -24.259325307131423 -26.610433512176776
1297.3958333333333 -24.257996023003127 -26.60988813147819
1297.8958333333333 -24.25671658618328 -26.609353375210446
1298.3958333333333 -24.255395230510402 -26.608824623586145
1298.8958333333333 -24.254071824727212 -26.608295942578696
1299.3958333333333 -24.252767204360943 -26.60775610904899
1299.8958333333333 -24.251499631005835 -26.60721544855628
1300.3958333333333 -24.250173480273265 -26.606686029157753
1300.8958333333333 -24.24886904128829 -26.606152253757607
1301.3958333333333 -24.247596610130287 -26.60561509786508
1301.8958333333333 -24.24630115692075 -26.605076396542295
1302.3958333333333 -24.244990716983086 -26.604530383244978
1302.8958333333333 -24.243697789651257 -26.603999593924176
1303.3958333333333 -24.242398580528402 -26.60346377702965
1303.8958333333333 -24.24113803085468 -26.602928665130374
1304.3958333333333 -24.239841433914854 -26.60238061229489
1304.8958333333333 -24.238565874432105 -26.601849574951277
1305.3958333333333 -24.237277953951416 -26.601300059709768
1305.8958333333333 -24.236005578641947 -26.600771806509126
1306.3958333333333 -24.23472326046935 -26.600237150678083
1306.8958333333333 -24.233452587529015 -26.59969382407327
1307.3958333333333 -24.232192943358136 -26.599152966939084
1307.8958333333333 -24.23092415705787 -26.59861471699721
1308.3958333333333 -24.229644168239382 -26.59808635667693
1308.8958333333333 -24.22839373458317 -26.597542368600237
1309.3958333333333 -24.227153267674506 -26.597014822389255
1309.8958333333333 -24.22589683845591 -26.596482191173738
1310.3958333333333 -24.22464702622959 -26.59594917306434
1310.8958333333333 -24.22344349027116 -26.595412444000313
1311.3958333333333 -24.2221824467841 -26.59488004756554
1311.8958333333333 -24.22094857390637 -26.59433267857349
1312.3958333333333 -24.219717301294406 -26.59381482591553
1312.8958333333333 -24.218479353147014 -26.593284290167844
1313.3958333333333 -24.217267729178168 -26.592733848322155
1313.8958333333333 -24.216039363292857 -26.592202093442133
1314.3958333333333 -24.21482039845756 -26.59167364990352
1314.8958333333333 -24.213589102091934 -26.59114590134656
1315.3958333333333 -24.212363225545413 -26.590606285096456
1315.8958333333333 -24.21116745953416 -26.59007909691495
1316.3958333333333 -24.209962762439133 -26.589541917579474
1316.8958333333333 -24.208723654609322 -26.589010244988245
1317.3958333333333 -24.20753641468972 -26.58847714546561
1317.8958333333333 -24.20636260945986 -26.58794681914623
1318.3958333333333 -24.205148772707844 -26.587404873126705
1318.8958333333333 -24.203966140786694 -26.58687288892965
1319.3958333333333 -24.2027623631394 -26.586339533769827
1319.8958333333333 -24.201560189427298 -26.585803333618166
1320.3958333333333 -24.200383150012605 -26.585271455805252
1320.8958333333333 -24.199203965599843 -26.584733385370733
1321.3958333333333 -24.19799399814049 -26.58419216555794
1321.8958333333333 -24.196839707649392 -26.583651943909192
1322.3958333333333 -24.195652834661203 -26.583120450814892
1322.8958333333333 -24.194498324481188 -26.58259506104393
1323.3958333333333 -24.193336010978314 -26.582049056143504
1323.8958333333333 -24.192125029639527 -26.581514694870194
1324.3958333333333 -24.190965428816607 -26.580984347003405
1324.8958333333333 -24.189811332059932 -26.58043211582637
1325.3958333333333 -24.188644136504884 -26.579886028607298
1325.8958333333333 -24.187452193358663 -26.579351086371613
1326.3958333333333 -24.186290059349584 -26.57880426592152
1326.8958333333333 -24.18516302913282 -26.578266919453156
1327.3958333333333 -24.18398669351758 -26.57772461973783
1327.8958333333333 -24.182827188792757 -26.57717772231006
1328.3958333333333 -24.181665168248404 -26.576637877320955
1328.8958333333333 -24.180529937206188 -26.57608141692544
1329.3958333333333 -24.179350897022278 -26.57553038276494
1329.8958333333333 -24.178216472509682 -26.57498800451055
1330.3958333333333 -24.177078194760778 -26.5744342979567
1330.8958333333333 -24.175903892541047 -26.5738935964482
1331.3958333333333 -24.174754163244017 -26.57333777523032
1331.8958333333333 -24.173629727773857 -26.572795704518843
1332.3958333333333 -24.17244793382881 -26.5722229040894
1332.8958333333333 -24.171316314129776 -26.571675016156245
1333.3958333333333 -24.170178978511878 -26.57112287424297
1333.8958333333333 -24.169040834378638 -26.570565640734245
1334.3958333333333 -24.167896324776276 -26.570005624403525
1334.8958333333333 -24.16678680878315 -26.569446860537397
1335.3958333333333 -24.165626467389174 -26.568888904563636
1335.8958333333333 -24.164487830815577 -26.568325851340564
1336.3958333333333 -24.163333152874657 -26.56775636401001
1336.8958333333333 -24.162190902671632 -26.567187878497297
1337.3958333333333 -24.161067534741964 -26.5666197284907
1337.8958333333333 -24.159901682679926 -26.56605687110452
1338.3958333333333 -24.158813109453988 -26.565484372319514
1338.8958333333333 -24.157658756895138 -26.56491174135165
1339.3958333333333 -24.156513704885292 -26.564348746796945
1339.8958333333333 -24.15540859464386 -26.563765578467912
1340.3958333333333 -24.154265622499306 -26.563201436335277
1340.8958333333333 -24.153135477627337 -26.562609814852888
1341.3958333333333 -24.15198838727196 -26.562034163043215
1341.8958333333333 -24.150862357300543 -26.561467659992136
1342.3958333333333 -24.14973949683496 -26.560880489798713
1342.8958333333333 -24.148632968611796 -26.560308916637226
1343.3958333333333 -24.14753493772182 -26.55972631705537
1343.8958333333333 -24.146418452608355 -26.55914737928893
1344.3958333333333 -24.145294780874522 -26.558553832672214
1344.8958333333333 -24.14418405071419 -26.557981228403648
1345.3958333333333 -24.14309251000287 -26.557391835908803
1345.8958333333333 -24.141956623267824 -26.556808469258574
1346.3958333333333 -24.14086661730522 -26.556225266053147
1346.8958333333333 -24.139769932069576 -26.555623006210524
1347.3958333333333 -24.138638480958505 -26.555052664183908
1347.8958333333333 -24.137550345161127 -26.55445275924432
1348.3958333333333 -24.136485823516036 -26.553876209449605
1348.8958333333333 -24.135378849496764 -26.553274655874247
1349.3958333333333 -24.13430438586866 -26.552694671678037
1349.8958333333333 -24.133186325240032 -26.552097067603718
1350.3958333333333 -24.132131398713955 -26.551487413294637
1350.8958333333333 -24.131040603579812 -26.550903605209825
1351.3958333333333 -24.129907042089066 -26.550302703042014
1351.8958333333333 -24.12885445209617 -26.549713831544672
1352.3958333333333 -24.12776054789053 -26.54911395556438
1352.8958333333333 -24.126672623377928 -26.54852149662831
1353.3958333333333 -24.125613242552944 -26.54791744062131
1353.8958333333333 -24.12450698259299 -26.547312627032248
1354.3958333333333 -24.123483758044287 -26.54671932342568
1354.8958333333333 -24.122384634170974 -26.546117545632487
1355.3958333333333 -24.12130312255848 -26.545509526932356
1355.8958333333333 -24.12021153937975 -26.544912615818532
1356.3958333333333 -24.119192435332625 -26.544310898227682
1356.8958333333333 -24.11812885217984 -26.54370001991507
1357.3958333333333 -24.117050442204935 -26.543091877992325
1357.8958333333333 -24.115969530492293 -26.54247968695783
1358.3958333333333 -24.114906321599886 -26.541878476257228
1358.8958333333333 -24.113827085691675 -26.5412614605453
1359.3958333333333 -24.11282223398625 -26.540665777034718
1359.8958333333333 -24.11172067474486 -26.540053481671396
1360.3958333333333 -24.11069919044634 -26.53944638767534
1360.8958333333333 -24.1096506856959 -26.53882405149237
1361.3958333333333 -24.108563840945102 -26.538219268653304
1361.8958333333333 -24.107512563823104 -26.537597726416315
1362.3958333333333 -24.10649471739667 -26.536989492960878
1362.8958333333333 -24.10543997457749 -26.536382679508634
1363.3958333333333 -24.10436839296578 -26.53576279660512
1363.8958333333333 -24.103372733342532 -26.535150704175937
1364.3958333333333 -24.102291274827405 -26.534540389459018
1364.8958333333333 -24.101274357429737 -26.533908232988416
1365.3958333333333 -24.100227648328378 -26.53328485715933
1365.8958333333333 -24.099200131481105 -26.532675987515766
1366.3958333333333 -24.098130587904762 -26.532046062814842
1366.8958333333333 -24.09711505533356 -26.531425788554248
1367.3958333333333 -24.096086110285547 -26.530804881472697
1367.8958333333333 -24.095075341862504 -26.530180439112932
1368.3958333333333 -24.094014043392292 -26.5295539682285
1368.8958333333333 -24.09298609547196 -26.52893080924274
1369.3958333333333 -24.091955199578887 -26.52830727174015
1369.8958333333333 -24.09094922434562 -26.5276766021842
1370.3958333333333 -24.08991034340479 -26.527054587387084
1370.8958333333333 -24.08890220994318 -26.52643445679372
1371.3958333333333 -24.087851570350725 -26.52578961794337
