FastTrWP/PhaseSpace/IAs/snIa_0.63_30.00_1.59_0.01.csv
# %ECSV 0.9
# ---
# datatype:
# - {name: time-rel, datatype: float64}
# - {name: g, datatype: float64}
# - {name: i, datatype: float64}
# schema: astropy-2.0
time-rel g i
[from data line 1741]
924.75 24.570991006761883 22.36371208234679
925.25 24.57267214340596 22.36424534867716
925.7499999999999 24.574336664411334 22.364793640083327
926.25 24.57601230883677 22.365333366076516
926.75 24.57768063043165 22.365886444767202
927.2499999999999 24.579347428300203 22.36643789722239
927.75 24.581055687337795 22.366975279792243
928.25 24.58275713379087 22.367524665119003
928.7499999999999 24.584435965915645 22.368076376041095
929.25 24.58613512424844 22.368627710499002
929.75 24.58783361249707 22.36917672129796
930.2499999999999 24.589541814353304 22.369732818479
930.75 24.591234987492662 22.370281116037095
931.25 24.5929436205458 22.37082858250632
931.7499999999999 24.59467794792394 22.371385647868127
932.25 24.596398147289364 22.371940968167298
932.75 24.59812760009832 22.372496863504466
933.2499999999999 24.599849240569263 22.373054272335725
933.75 24.601582241084905 22.373608213265005
934.25 24.60330727220729 22.374168039424017
934.7499999999999 24.605058590266047 22.3747194670165
935.25 24.606831896282873 22.37528154746542
935.75 24.608551484311253 22.37584345330803
936.2499999999999 24.610311811200262 22.37640672247606
936.75 24.61208233088451 22.376958292397138
937.25 24.613841796174892 22.377521409899433
937.7499999999999 24.61559263054602 22.37808530718746
938.25 24.617386421570803 22.37865207674393
938.75 24.61915878320898 22.379215145758028
939.2499999999999 24.620937731210773 22.379779128518372
939.75 24.622720499082913 22.38034594132794
940.25 24.62450985357499 22.380912307204945
940.7499999999999 24.626291741120273 22.381476808460587
941.25 24.628113497517607 22.3820473479762
941.75 24.629908087863527 22.382614686114056
942.2499999999999 24.63171489350554 22.383182317078344
942.75 24.633527394044958 22.38375762360437
943.25 24.635342762140795 22.384322356435472
943.7499999999999 24.637173653463552 22.3848988179394
944.25 24.638995932193378 22.385470616449613
944.75 24.640825612963244 22.386040991262682
945.2499999999999 24.642649228273083 22.386620153098153
945.75 24.64449149845549 22.387196417523363
946.25 24.64634623413472 22.38776943916893
946.7499999999999 24.648184139867723 22.38834652335854
947.25 24.65004369665521 22.3889263288072
947.75 24.651902133563862 22.389503929351932
948.2499999999999 24.653747253350794 22.390083266067112
948.75 24.655624434530438 22.390658880753374
949.25 24.65748889417202 22.391244969272744
949.7499999999999 24.65936396565178 22.391822274790773
950.25 24.66125690684686 22.392408851507824
950.75 24.66312656362939 22.392992745780017
951.2499999999999 24.66503510217521 22.39357270496574
951.75 24.666909908952732 22.394158314894867
952.25 24.668798514806127 22.394743694572476
952.7499999999999 24.670707579988516 22.395330248481642
953.25 24.672641043040848 22.395915268156266
953.75 24.67452496159258 22.396499718515376
954.2499999999999 24.676474830792166 22.397087928091075
954.75 24.678372717317032 22.397680843153303
955.25 24.680308812353505 22.39826797429711
955.7499999999999 24.682235370125984 22.39886240678505
956.25 24.684161705475923 22.399451634956563
956.75 24.68612874424007 22.40004325246829
957.2499999999999 24.688063242516005 22.400632797234827
957.75 24.690022252290245 22.401232321826782
958.25 24.691989679473387 22.401828645533417
958.7499999999999 24.69393550354566 22.402417789367828
959.25 24.6958826160014 22.403018324449803
959.75 24.697881946201345 22.403624377364594
960.2499999999999 24.699854608750968 22.404212847900375
960.75 24.70185510240016 22.40480394130514
961.25 24.703819682769872 22.40541455758359
961.7499999999999 24.705824708772106 22.40601113809289
962.25 24.707795586668322 22.406608476949636
962.75 24.709791521038966 22.407213735226
963.2499999999999 24.711808341001298 22.407819249095414
963.75 24.71381248505042 22.4084159411448
964.25 24.71583487302782 22.409021430010295
964.7499999999999 24.71787033908363 22.409625224618853
965.25 24.719888006043625 22.41024344169379
965.75 24.721910616502605 22.41083981592963
966.2499999999999 24.723943305804003 22.41144719497678
966.75 24.72599503218539 22.41205466034807
967.25 24.728041587736243 22.41266035009292
967.7499999999999 24.730116704829776 22.413274503392042
968.25 24.732161138805786 22.413881351330886
968.75 24.73422413093452 22.41449661733889
969.2499999999999 24.736292887975818 22.415106913523417
969.75 24.738369120981154 22.41571950043435
970.25 24.740435903040016 22.41633588162019
970.7499999999999 24.742521764787465 22.416956790633353
971.25 24.744645641971204 22.41756480393983
971.75 24.746756673396433 22.418184620464835
972.2499999999999 24.74887752154727 22.418794808137484
972.75 24.7510114742785 22.41942056656211
973.25 24.7531377046409 22.420040112697983
973.7499999999999 24.755326586091986 22.420660907670353
974.25 24.75748225906939 22.42127863335764
974.75 24.759647547729703 22.421900265530027
975.2499999999999 24.76182428878196 22.422521903746034
975.75 24.76403435523439 22.423148644398914
976.25 24.766211220988296 22.423771423843096
976.7499999999999 24.768448549541983 22.42440139263045
977.25 24.770652946538135 22.425029662193452
977.75 24.772868542641962 22.425655650201783
978.2499999999999 24.77511668584715 22.42628735579323
978.75 24.777347839440573 22.426917949715516
979.25 24.779599175623392 22.427546938363868
979.7499999999999 24.78185697160228 22.428174584321624
980.25 24.784112888303405 22.428805989747257
980.75 24.78640623637363 22.429446718922183
981.2499999999999 24.78866665469345 22.430080847469085
981.75 24.790964398925194 22.43071772076204
982.25 24.793271886183263 22.43134975921852
982.7499999999999 24.795562859407344 22.431985936689408
983.25 24.79786297707987 22.432624202903103
983.75 24.80018376694748 22.433261726581083
984.2499999999999 24.80248152566687 22.4339015609908
984.75 24.804811514320576 22.434545285664118
985.25 24.807135225129898 22.435183677828057
985.7499999999999 24.809494639144923 22.435823314198803
986.25 24.811813729491888 22.436464740808823
986.75 24.8141534187763 22.437117293123006
987.2499999999999 24.816511901527363 22.43776000524853
987.75 24.81887833864567 22.438406916382718
988.25 24.821230608932478 22.43905147533455
988.7499999999999 24.8235731324967 22.439693031324104
989.25 24.825951008229442 22.44034390795697
989.75 24.828331121423982 22.44099100340265
990.2499999999999 24.830703802449634 22.441636821505618
990.75 24.83308229972744 22.44228879364584
991.25 24.835455958659736 22.4429392079316
991.7499999999999 24.83785584049936 22.44358687485757
992.25 24.84022489007996 22.444240046548178
992.75 24.842617945326925 22.444900450975286
993.2499999999999 24.845018976739123 22.4455436847272
993.75 24.847398995173965 22.446205272641354
994.25 24.84980933418397 22.44685447881335
994.7499999999999 24.852213605445918 22.44751303546668
995.25 24.854604196015213 22.448163886470127
995.75 24.856992745816704 22.44882885798757
996.2499999999999 24.85940474059875 22.44948350411861
996.75 24.861794649497625 22.450138208178775
997.25 24.86420268812934 22.450799931357984
997.7499999999999 24.86658071119793 22.45145848781782
998.25 24.868992175598926 22.4521159603326
998.75 24.87138744029267 22.45277758419682
999.2499999999999 24.87379708653895 22.453450684612637
999.75 24.87620768870412 22.45410589397419
1000.25 24.87855720941194 22.454766742676462
1000.75 24.880997984431758 22.455431171597326
1001.25 24.88338422999238 22.456088733891526
1001.75 24.885773097896077 22.45676167028001
1002.25 24.88816900502862 22.457423931636605
1002.75 24.890543048483945 22.458094590737055
1003.25 24.892938414190485 22.45875593606116
1003.75 24.895320067903086 22.45943099452606
1004.25 24.89770003285372 22.460093175206715
1004.75 24.900071971509192 22.460765539261807
1005.25 24.902456669228886 22.461430777921617
1005.75 24.904818818358777 22.462102893093604
1006.25 24.907170812614844 22.462764603271197
1006.75 24.909541326109526 22.46343761550471
1007.25 24.91188035880991 22.464109606876956
1007.75 24.9142343485655 22.46478295800609
1008.25 24.916574789629923 22.465449597634315
1008.75 24.918902553851254 22.466128501629925
1009.25 24.921248464620863 22.46680063292854
1009.75 24.92359113319236 22.46747068286419
1010.25 24.925930243523883 22.46815104792727
1010.75 24.92826603457401 22.46882790898294
1011.25 24.930630705999786 22.469502072253412
1011.75 24.932975765104732 22.470174870314928
1012.25 24.935323636553427 22.47085265208957
1012.75 24.93768794665986 22.471534340117664
1013.25 24.94005136488529 22.47221136068735
1013.75 24.94241756707749 22.472888520644908
1014.25 24.944798563431114 22.47357520976489
1014.75 24.947184691002025 22.47425642146187
1015.25 24.949534736036128 22.474934043071933
1015.75 24.951917438407047 22.47562390847206
1016.25 24.954280498893112 22.47630006856197
1016.75 24.956655002452184 22.47699606769435
1017.25 24.959066305368857 22.47767190848986
1017.75 24.961442274433466 22.478364310050782
1018.25 24.96384101103654 22.47905209471987
1018.75 24.96621052648678 22.4797385646151
1019.25 24.968583144349918 22.48042816431252
1019.75 24.97100131418684 22.481118943850333
1020.25 24.973386552266025 22.481804572382945
1020.75 24.975767048467393 22.48249841253184
1021.25 24.97815423429909 22.483192417289267
1021.75 24.98053957658984 22.48388419695567
1022.25 24.982953700181582 22.484572050328666
1022.75 24.98534012685584 22.4852742466419
1023.25 24.987718756150386 22.485966115297323
1023.75 24.990115944426357 22.486658600296224
1024.25 24.992526476307567 22.487353230645294
1024.75 24.994913084106372 22.488049591320447
1025.25 24.99727410766166 22.488748796646103
1025.75 24.999670005890444 22.489450866601008
1026.25 25.002056876491547 22.49014550248144
1026.75 25.0044738518446 22.490849727044182
1027.25 25.006869605565235 22.491542636981237
1027.75 25.009231473247677 22.49224910662005
1028.25 25.011607787313466 22.49295001094258
1028.75 25.013973694261637 22.493647820799115
1029.25 25.016362427572343 22.49435900573319
1029.75 25.01875378677868 22.495052573718933
1030.25 25.021118235584314 22.495763453413062
1030.75 25.023489125075578 22.496462137440282
1031.25 25.02586049328596 22.497171592276292
1031.75 25.028219077585874 22.49787812468936
1032.25 25.030582907138132 22.498590625077455
1032.75 25.03295413977667 22.499294522367666
1033.25 25.035279918468902 22.50000728074776
1033.75 25.037641245950944 22.50071306258033
1034.25 25.039989996415596 22.50142279746481
1034.75 25.04232918401555 22.50213598394619
1035.25 25.044652939847914 22.502844199792086
1035.75 25.046999991999634 22.503559870283173
1036.25 25.049351562148146 22.504266372383277
1036.75 25.051660384389063 22.504979787960742
1037.25 25.053981456328167 22.50569643570293
1037.75 25.0562930005934 22.506407068094013
1038.25 25.058588757181525 22.507126358958818
1038.75 25.06089179041787 22.50784535351526
1039.25 25.063178497328092 22.508561776311137
1039.75 25.065483034238333 22.509278591343744
1040.25 25.067755523696643 22.51000085335719
1040.75 25.07000953960848 22.510718931549757
1041.25 25.07229535595503 22.51143453327058
1041.75 25.074554211914396 22.5121545125273
1042.25 25.076774486670843 22.512877495085814
1042.75 25.0790665885599 22.51359633541968
1043.25 25.081304226896005 22.514319269055942
1043.75 25.08352050617768 22.515036656961513
1044.25 25.085736970104385 22.515758838857632
1044.75 25.08794150052463 22.516484795667967
1045.25 25.09015319853818 22.5172133054565
1045.75 25.092363982208234 22.51793808215416
1046.25 25.094520709090485 22.518665157117837
1046.75 25.096728094588883 22.519383883648764
1047.25 25.098879532843988 22.520107014130943
1047.75 25.101033882141024 22.520842231490406
1048.25 25.103165512340254 22.521570808139234
1048.75 25.105329815351848 22.522296378078032
1049.25 25.10746054596284 22.523025647687117
1049.75 25.109575734705686 22.52376014163393
1050.25 25.111686348257003 22.52448655675416
1050.75 25.113822284147616 22.525213031197598
1051.25 25.115915545746898 22.52595425787769
1051.75 25.11802709341186 22.526686926055845
1052.25 25.12014488373504 22.52741770756231
1052.75 25.122217883771768 22.52815848758205
1053.25 25.124295019599785 22.528886205925097
1053.75 25.12636537523663 22.529623227453598
1054.25 25.128449014350558 22.530359604030764
1054.75 25.13050866832704 22.531092284299334
1055.25 25.132557826597278 22.531832395027557
1055.75 25.134593548893662 22.532566573824617
1056.25 25.13664665314184 22.533308053046873
1056.75 25.138687419913456 22.534044615047737
1057.25 25.1407180279542 22.534787977937235
1057.75 25.14274573651612 22.53553043363428
1058.25 25.144771212029752 22.536268243659094
1058.75 25.146764548714742 22.53700946222034
1059.25 25.148797934630597 22.537752799484103
1059.75 25.150750865432393 22.538490645014978
1060.25 25.15273733059849 22.53924089756634
1060.75 25.154719668984388 22.53999116921801
1061.25 25.156706290833448 22.54072842220278
1061.75 25.15866468535681 22.54147741155851
1062.25 25.16063850197391 22.542224376084604
1062.75 25.162604192268873 22.54297229598924
1063.25 25.16452513216322 22.54372140779183
1063.75 25.166495936034092 22.5444725524539
1064.25 25.168423823890404 22.545222556290017
1064.75 25.170342019986414 22.545974272505763
1065.25 25.17224055798267 22.54672004125988
1065.75 25.174154589904397 22.547478114938407
1066.25 25.176080196375775 22.54823160909111
1066.75 25.177972262112284 22.548985610181806
1067.25 25.179841346342098 22.54973968818954
1067.75 25.181731576530005 22.550488807207813
1068.25 25.183614007865568 22.551256331351027
1068.75 25.185483337197994 22.552009096462548
1069.25 25.187354184150024 22.552765790631668
1069.75 25.18920073165225 22.553525654064927
1070.25 25.191007367604335 22.554283168622543
1070.75 25.19287130649644 22.55504396274568
1071.25 25.194705689690938 22.55580592319212
1071.75 25.196520800173804 22.55656670483791
1072.25 25.198339101114946 22.557335945886898
1072.75 25.200127490009315 22.558093929889957
1073.25 25.20193838446639 22.558859054332153
1073.75 25.203727744701126 22.55962301663594
1074.25 25.205512802270338 22.560388888432318
1074.75 25.207273793696857 22.561152993407177
1075.25 25.209052685888494 22.56192803176258
1075.75 25.21083911645234 22.56269493512564
1076.25 25.212577145093515 22.563464036811737
1076.75 25.214295698523017 22.564235134607568
1077.25 25.21603743246764 22.564996456755043
1077.75 25.217807392592558 22.56576934921505
1078.25 25.21951698810826 22.566547251063163
1078.75 25.22122523010454 22.56732659773189
1079.25 25.222923191116045 22.568087427359117
1079.75 25.2246233073012 22.568872956241833
1080.25 25.226343919480318 22.569645978939267
1080.75 25.228007108373664 22.570423869319605
1081.25 25.229685386291468 22.571203587826872
1081.75 25.231345004648755 22.571981845560153
1082.25 25.233014773325362 22.57276129286547
1082.75 25.234653769213388 22.573533071729944
1083.25 25.236294149438333 22.574323300455887
1083.75 25.237922623784716 22.575105615704988
1084.25 25.239545454569136 22.575886012531655
1084.75 25.24119369547829 22.576677607092755
1085.25 25.24278393445957 22.577461349990283
1085.75 25.24438656358278 22.578251082331313
1086.25 25.245981151920116 22.579038259823957
1086.75 25.24757985756803 22.579825838776344
1087.25 25.249143492272097 22.58061509475155
1087.75 25.25073465360984 22.58140705470513
1088.25 25.2522878363282 22.582197661909902
1088.75 25.25383220743846 22.582977429730832
1089.25 25.25538209474309 22.583775850962624
1089.75 25.256920490903667 22.584575548953726
1090.25 25.25844679268445 22.585355273304437
1090.75 25.259948512693505 22.5861624444043
1091.25 25.26148094579082 22.586952411622008
1091.75 25.262968459615788 22.587746431712613
1092.25 25.26446690705038 22.588552989935913
1092.75 25.26591879848111 22.589350015026156
1093.25 25.26740065963283 22.590149351270185
1093.75 25.268856425872578 22.590940674865372
1094.25 25.270314889296518 22.591752440672796
1094.75 25.271747869035508 22.592548051892937
1095.25 25.27321125912618 22.59335075152962
1095.75 25.274606386704598 22.594151214811532
1096.25 25.276031704222234 22.594960997938802
