FastTrWP/PhaseSpace/IAs/snIa_0.6_20_1_0.1.csv
# %ECSV 0.9
# ---
# datatype:
# - {name: time-rel, datatype: float64}
# - {name: g, datatype: float64}
# - {name: i, datatype: float64}
# schema: astropy-2.0
time-rel g i
[from data line 1669]
820.6458333333333 -24.655049273224755 -27.513457782612576
821.1458333333334 -24.6532773541171 -27.512765387120584
821.6458333333334 -24.65151598247093 -27.51208580554147
822.1458333333333 -24.649774281757765 -27.51139821465387
822.6458333333334 -24.64799235025918 -27.510705380661456
823.1458333333334 -24.646217841002347 -27.510020059584946
823.6458333333333 -24.644469597260784 -27.509326289017046
824.1458333333334 -24.642724911222192 -27.508641161863988
824.6458333333334 -24.64100550159077 -27.507956137703648
825.1458333333333 -24.639236443816582 -27.50726115651573
825.6458333333334 -24.63747417206647 -27.50657049657307
826.1458333333334 -24.635715359894867 -27.505870964572985
826.6458333333333 -24.633992798272246 -27.50518180988836
827.1458333333334 -24.63224028452462 -27.504488313260126
827.6458333333334 -24.63051065522359 -27.503793444109917
828.1458333333333 -24.62876594274716 -27.503093744165813
828.6458333333334 -24.627025124997743 -27.502394876289724
829.1458333333334 -24.625299328921564 -27.501706703787168
829.6458333333333 -24.623586958278707 -27.501001307221
830.1458333333334 -24.621815036191713 -27.500309303543006
830.6458333333334 -24.62013280077695 -27.49960922129801
831.1458333333333 -24.61837179310376 -27.498904293909654
831.6458333333334 -24.61667260022084 -27.4982092646191
832.1458333333334 -24.614950461227295 -27.497504925124446
832.6458333333333 -24.61324772750643 -27.49679824472303
833.1458333333334 -24.61150866771093 -27.496101157492827
833.6458333333334 -24.60977602083964 -27.495389173675182
834.1458333333333 -24.60809370577765 -27.49468725110735
834.6458333333334 -24.60641017519422 -27.493978887275617
835.1458333333334 -24.60468176049755 -27.4932752804772
835.6458333333333 -24.602953336199732 -27.492564469620465
836.1458333333334 -24.601291808495883 -27.491862810044015
836.6458333333334 -24.599580251882553 -27.491156293000813
837.1458333333333 -24.5979017055156 -27.490442101791732
837.6458333333334 -24.596168265497834 -27.489729493229234
838.1458333333334 -24.59450700195042 -27.489015951913636
838.6458333333333 -24.59279888746749 -27.488309857514757
839.1458333333334 -24.591115623262574 -27.48759426455099
839.6458333333334 -24.58943306622013 -27.48688288827744
840.1458333333333 -24.587760343957534 -27.486157517510705
840.6458333333334 -24.586066928549997 -27.485438430951284
841.1458333333334 -24.584395112340903 -27.484727881134773
841.6458333333333 -24.58273867126416 -27.484008446773885
842.1458333333334 -24.58106574745313 -27.483295478194073
842.6458333333334 -24.579349265813107 -27.482570386127367
843.1458333333333 -24.577685956887684 -27.4818531119659
843.6458333333334 -24.576062139665954 -27.481131341706366
844.1458333333334 -24.574378603835356 -27.480413905938427
844.6458333333333 -24.572697630341544 -27.47968629775422
845.1458333333334 -24.571035180001786 -27.478964566723924
845.6458333333334 -24.569380630869237 -27.478239382250468
846.1458333333333 -24.567744523662128 -27.477516688583012
846.6458333333334 -24.566068302651225 -27.47678900328813
847.1458333333334 -24.564417443103792 -27.476059217446746
847.6458333333333 -24.562795837637875 -27.47533394588465
848.1458333333334 -24.56112988201063 -27.4746018436981
848.6458333333334 -24.55948854332304 -27.47387333581189
849.1458333333333 -24.55786124115708 -27.47314583546944
849.6458333333334 -24.55618212031823 -27.472405674642065
850.1458333333334 -24.554549947794975 -27.471674109479842
850.6458333333333 -24.552921831063163 -27.47094435053933
851.1458333333334 -24.551298430338953 -27.470209316812138
851.6458333333334 -24.54967515138275 -27.46947310203997
852.1458333333333 -24.548024448347054 -27.46873854329284
852.6458333333334 -24.546433508400938 -27.46800329234734
853.1458333333334 -24.544806279089496 -27.467266555852397
853.6458333333333 -24.54319596985418 -27.466531267055558
854.1458333333334 -24.541573750778266 -27.46578428178625
854.6458333333334 -24.53995219194531 -27.465046475735512
855.1458333333333 -24.538352346356188 -27.46430901285568
855.6458333333334 -24.536743943754157 -27.46356710903761
856.1458333333334 -24.535143092314126 -27.462823034528142
856.6458333333333 -24.533507266558882 -27.462081569826108
857.1458333333334 -24.53195226778748 -27.461330577272292
857.6458333333334 -24.53036173234136 -27.46058801378976
858.1458333333333 -24.52874799953879 -27.459845181709987
858.6458333333334 -24.52717009812703 -27.45909317173746
859.1458333333334 -24.52557672665914 -27.458351857623597
859.6458333333333 -24.52399901300424 -27.457596066322235
860.1458333333334 -24.522408434207705 -27.456846169257464
860.6458333333334 -24.52083327520519 -27.456101847653642
861.1458333333333 -24.51927193129407 -27.455347609153012
861.6458333333334 -24.517675285348957 -27.454590286881068
862.1458333333334 -24.516127871080798 -27.453839782787032
862.6458333333333 -24.514557209044085 -27.45308495056541
863.1458333333334 -24.513003515162946 -27.45233643364871
863.6458333333334 -24.51147041447411 -27.451579823600024
864.1458333333333 -24.509898425590087 -27.45082677361472
864.6458333333334 -24.508342718137772 -27.450072965119073
865.1458333333334 -24.506781756766923 -27.449310123180336
865.6458333333333 -24.50526108663139 -27.44854945688287
866.1458333333334 -24.503709264450304 -27.447778358264607
866.6458333333334 -24.502147047823538 -27.44702869916699
867.1458333333333 -24.500610032678697 -27.44626540220072
867.6458333333334 -24.499106756438724 -27.44550078954091
868.1458333333334 -24.49757907422507 -27.444738879416896
868.6458333333333 -24.49603573132149 -27.44397611873506
869.1458333333334 -24.494498981885236 -27.44321539184217
869.6458333333334 -24.492980078541407 -27.442446966488397
870.1458333333333 -24.491463112279895 -27.441670123378735
870.6458333333334 -24.48995838506739 -27.440898529710267
871.1458333333334 -24.488436507100822 -27.440138533439065
871.6458333333333 -24.486922907654435 -27.439362764808394
872.1458333333334 -24.485444319640482 -27.438598625147183
872.6458333333334 -24.48392081700905 -27.437819814788504
873.1458333333333 -24.482411740519257 -27.437043262766466
873.6458333333334 -24.480924145002763 -27.436268692936313
874.1458333333334 -24.479458031751953 -27.435488496556644
874.6458333333333 -24.47793188690696 -27.43471413113319
875.1458333333334 -24.476463710756207 -27.433942702819305
875.6458333333334 -24.474988903818932 -27.43317236950412
876.1458333333333 -24.473503294013327 -27.43238171719053
876.6458333333334 -24.472024955721835 -27.431601569233614
877.1458333333334 -24.470548517123042 -27.430817101206454
877.6458333333333 -24.469101407625406 -27.43003874101564
878.1458333333334 -24.46763629787059 -27.42924789288725
878.6458333333334 -24.46616934982036 -27.428468094948663
879.1458333333333 -24.4647100890827 -27.427684418288763
879.6458333333334 -24.463242404336167 -27.426896924735832
880.1458333333334 -24.46179788897318 -27.426104694219298
880.6458333333333 -24.460342222575235 -27.425314274716136
881.1458333333334 -24.458901109378843 -27.424526804563033
881.6458333333334 -24.45744917960514 -27.423734437700166
882.1458333333333 -24.456020458946476 -27.42294749670013
882.6458333333334 -24.454605362595153 -27.42215347835241
883.1458333333334 -24.453150503448494 -27.421359363927955
883.6458333333333 -24.4516930139315 -27.420561183545168
884.1458333333334 -24.45027070349766 -27.419764427411284
884.6458333333334 -24.448867518061213 -27.418970636273446
885.1458333333333 -24.447457107867685 -27.418162941508516
885.6458333333334 -24.446035737227305 -27.4173664783712
886.1458333333334 -24.444595057331448 -27.416564900958782
886.6458333333333 -24.443215455748124 -27.415766803926633
887.1458333333334 -24.44181103717952 -27.414952197403878
887.6458333333334 -24.440394388301744 -27.4141500728366
888.1458333333333 -24.43902106276002 -27.413353017469824
888.6458333333334 -24.437626225865202 -27.412534590000885
889.1458333333334 -24.436255795311098 -27.41173073062873
889.6458333333333 -24.434873610346305 -27.410922566891223
890.1458333333334 -24.433476659997314 -27.410109604325452
890.6458333333334 -24.432068395664377 -27.40929389885612
891.1458333333333 -24.43072299160356 -27.408484120200004
891.6458333333334 -24.42936409850691 -27.407672851630124
892.1458333333334 -24.42800363242941 -27.406853957516404
892.6458333333333 -24.42662076526192 -27.406037056149955
893.1458333333334 -24.42528894296266 -27.405222908799736
893.6458333333334 -24.423944148666507 -27.40439401179004
894.1458333333333 -24.42260236451341 -27.40358471741402
894.6458333333334 -24.42122566220053 -27.402762641272567
895.1458333333334 -24.41989175207608 -27.401937654068696
895.6458333333333 -24.418587140183234 -27.4011182318631
896.1458333333334 -24.417262467594337 -27.40029113847711
896.6458333333334 -24.41591731855814 -27.399476618928063
897.1458333333333 -24.41464254206863 -27.39863978725804
897.6458333333334 -24.413318857715428 -27.397807345703413
898.1458333333334 -24.411979577127422 -27.396984302053305
898.6458333333333 -24.41068903803486 -27.39615085333353
899.1458333333334 -24.40939710563149 -27.39532325143061
899.6458333333334 -24.408078316780546 -27.394491286162726
900.1458333333333 -24.406783704971822 -27.393659927952804
900.6458333333334 -24.40551925852993 -27.39282685545712
901.1458333333334 -24.404223200738954 -27.39198808417409
901.6458333333333 -24.40294062586733 -27.391149344073852
902.1458333333334 -24.401658270470858 -27.390314710753966
902.6458333333334 -24.400387886635563 -27.389468093335925
903.1458333333333 -24.399145536153426 -27.388631530345904
903.6458333333334 -24.397852980520213 -27.38779787977677
904.1458333333334 -24.396624877765717 -27.386948723928302
904.6458333333333 -24.39534261146957 -27.386107731208654
905.1458333333334 -24.39409444686553 -27.385255422373376
905.6458333333334 -24.39281770300982 -27.384416398907536
906.1458333333333 -24.391624107531243 -27.38356983934475
906.6458333333334 -24.390372773503447 -27.382717100012634
907.1458333333334 -24.389129316570745 -27.38187292063975
907.6458333333333 -24.38791373886201 -27.381022158164967
908.1458333333334 -24.386656530061174 -27.380167561562175
908.6458333333334 -24.385457256005132 -27.379312312339476
909.1458333333333 -24.384217115949987 -27.378461475755994
909.6458333333334 -24.38301244984163 -27.37760669785121
910.1458333333334 -24.381784755166702 -27.3767494798952
910.6458333333333 -24.380573404665526 -27.375892283389977
911.1458333333334 -24.37937088340636 -27.375036315593967
911.6458333333334 -24.378205337194544 -27.374170640559896
912.1458333333333 -24.377002174589837 -27.373319901021084
912.6458333333334 -24.375808941493567 -27.372458010283186
913.1458333333334 -24.37461878681367 -27.371598463679607
913.6458333333333 -24.37341593695581 -27.37072391043067
914.1458333333334 -24.372262556553984 -27.369857506876297
914.6458333333334 -24.371066175102865 -27.3689962301115
915.1458333333333 -24.36988788082528 -27.368128668509687
915.6458333333334 -24.368718978407244 -27.36726666287215
916.1458333333334 -24.36752907443442 -27.366391337047435
916.6458333333333 -24.366365917404277 -27.365514092446794
917.1458333333334 -24.365224230599623 -27.364642959204577
917.6458333333334 -24.364044633330465 -27.36377379901592
918.1458333333333 -24.36289568276669 -27.36289654636912
918.6458333333334 -24.361771689126126 -27.362019367359814
919.1458333333334 -24.36058945035021 -27.36114125041812
919.6458333333333 -24.359463119465374 -27.360268058767417
920.1458333333334 -24.358317413721934 -27.359390909515497
920.6458333333334 -24.35717089197393 -27.35850833608886
921.1458333333333 -24.3560457453815 -27.357630117806764
921.6458333333334 -24.354908156714092 -27.356743009460757
922.1458333333334 -24.353748590838272 -27.355863297894942
922.6458333333333 -24.35268606347499 -27.354976420641876
923.1458333333334 -24.351562030499455 -27.35409188318473
923.6458333333334 -24.350433842459722 -27.353206999362015
924.1458333333333 -24.349294413364625 -27.352316073484403
924.6458333333334 -24.348168458227267 -27.351433080009745
925.1458333333334 -24.347082605803614 -27.350534449129537
925.6458333333333 -24.34595993160881 -27.34964327914357
926.1458333333334 -24.34486051586486 -27.348752525692007
926.6458333333334 -24.343746935645797 -27.347853637979437
927.1458333333333 -24.342673362239964 -27.34695984060991
927.6458333333334 -24.341589032471646 -27.346062967132532
928.1458333333334 -24.340492366269654 -27.345169989243217
928.6458333333333 -24.339451830296028 -27.34426778210586
929.1458333333334 -24.33839352696813 -27.343359088842032
929.6458333333334 -24.337287260519656 -27.3424547344762
930.1458333333333 -24.336297667569106 -27.34155339878025
930.6458333333334 -24.335248340400298 -27.34063800887077
931.1458333333334 -24.334228173450217 -27.33973155146316
931.6458333333333 -24.3332301176952 -27.338818933710694
932.1458333333334 -24.332220299534754 -27.337900633257973
932.6458333333334 -24.331212201319197 -27.336985951644685
933.1458333333333 -24.330250961508114 -27.336072207642218
933.6458333333334 -24.32926337213406 -27.3351480812364
934.1458333333334 -24.32826814280166 -27.334219569589024
934.6458333333333 -24.327333637462807 -27.333301985810795
935.1458333333334 -24.326335188198513 -27.33237062042442
935.6458333333334 -24.32540908777844 -27.331446175760668
936.1458333333333 -24.324444465588797 -27.33051518999831
936.6458333333334 -24.323528714118655 -27.329585786207407
937.1458333333334 -24.322548656759125 -27.328658623656846
937.6458333333333 -24.321623317612765 -27.327717303471665
938.1458333333334 -24.32074590727142 -27.32678934735178
938.6458333333334 -24.319801763348956 -27.3258493967326
939.1458333333333 -24.318905340528552 -27.32491455128166
939.6458333333334 -24.31798809750038 -27.323977522600238
940.1458333333334 -24.31705354661114 -27.3230320192277
940.6458333333333 -24.316188456744385 -27.322090435721577
941.1458333333334 -24.315267554519227 -27.321147355294112
941.6458333333334 -24.314395332676444 -27.32020605331919
942.1458333333333 -24.313496628277413 -27.319258156906514
942.6458333333334 -24.31261004886753 -27.3183132922812
943.1458333333334 -24.311753850494924 -27.31737031979238
943.6458333333333 -24.310860158236473 -27.316421912628822
944.1458333333334 -24.30997903218275 -27.31547870573291
944.6458333333334 -24.30909438301456 -27.314521223079705
945.1458333333333 -24.30824739772494 -27.31357057127619
945.6458333333334 -24.30737302686687 -27.31261242057132
946.1458333333334 -24.306468002525182 -27.31166451431426
946.6458333333333 -24.305620317168525 -27.310717182745044
947.1458333333334 -24.304750588041053 -27.309755231181242
947.6458333333334 -24.303880747663293 -27.30880137901132
948.1458333333333 -24.30300447325363 -27.307841587294675
948.6458333333334 -24.30213657566947 -27.306890605578495
949.1458333333334 -24.301269612064573 -27.305932159860518
949.6458333333333 -24.30040867026065 -27.304978750510323
950.1458333333334 -24.299517665911967 -27.30401497884928
950.6458333333334 -24.298646428500845 -27.30305651598748
951.1458333333333 -24.2977680963609 -27.30210150760254
951.6458333333334 -24.296914281688046 -27.30114256089905
952.1458333333334 -24.29603957373851 -27.30018613841379
952.6458333333333 -24.29514342211087 -27.299221268391236
953.1458333333334 -24.294261096043055 -27.298261940136417
953.6458333333334 -24.29335558800553 -27.29730751600764
954.1458333333333 -24.2925071253895 -27.29634067339685
954.6458333333334 -24.29162446911748 -27.29537656729103
955.1458333333334 -24.290719070197902 -27.294418308748707
955.6458333333333 -24.289800293515604 -27.29345632634071
956.1458333333334 -24.28893915132358 -27.292501379866707
956.6458333333334 -24.288002585460603 -27.291531536416134
957.1458333333333 -24.28709781288919 -27.290571798982825
957.6458333333334 -24.28618107445255 -27.289616234888705
958.1458333333334 -24.285278175873415 -27.28864721550397
958.6458333333333 -24.28434088872222 -27.287686756727332
959.1458333333334 -24.283404132031322 -27.286730048649787
959.6458333333334 -24.282462710917272 -27.28577249994683
