FastTrWP/PhaseSpace/IAs/snIa_0.33_30.00_-0.16_-0.06.csv
# %ECSV 0.9
# ---
# datatype:
# - {name: time-rel, datatype: float64}
# - {name: g, datatype: float64}
# - {name: i, datatype: float64}
# schema: astropy-2.0
time-rel g i
[from data line 340]
373.8125 23.711514612952026 23.590267765084437
374.31249999999994 23.70721028847023 23.586741922532063
374.8125 23.70296142197769 23.58321409864535
375.3125 23.698697703263342 23.579690783832508
375.81249999999994 23.69443431653201 23.57617255589688
376.3125 23.690200549001467 23.572659193158717
376.8125 23.685957250752306 23.56915044851069
377.31249999999994 23.681733333691987 23.565662603551154
377.8125 23.67752739400459 23.56216273757182
378.3125 23.67332581968146 23.55868690988919
378.81249999999994 23.66911969353442 23.555219431656514
379.3125 23.664931804677458 23.551739838958945
379.8125 23.66076004886611 23.548269133087764
380.31249999999994 23.65658551374309 23.5448214185247
380.8125 23.65242612905316 23.54137723456673
381.3125 23.648267700852507 23.537930332732376
381.81249999999994 23.64412278183178 23.534492762157843
382.3125 23.640000907905197 23.531063802588896
382.8125 23.63587594354129 23.527639706645726
383.31249999999994 23.631770549377347 23.524208849663935
383.8125 23.62765027288692 23.52081731169543
384.3125 23.623548065639433 23.51740942018168
384.81249999999994 23.619456552351235 23.51401171427834
385.3125 23.61536589085408 23.510627470792265
385.8125 23.61130514939465 23.507219965529586
386.31249999999994 23.607233064548943 23.503848828357317
386.8125 23.603165407011616 23.500475611242173
387.3125 23.599120396604345 23.497114680386492
387.81249999999994 23.595077406524837 23.493740732536107
388.3125 23.59104787408598 23.49038047705383
388.8125 23.587010341614416 23.48703529841363
389.31249999999994 23.582998552679403 23.483698666876464
389.8125 23.578989914463385 23.48035377424545
390.3125 23.574986393815514 23.477003127020602
390.81249999999994 23.570995346539696 23.473685617581403
391.3125 23.567006823864553 23.470363391565144
391.8125 23.56302560506915 23.467036890282248
392.31249999999994 23.559045932596963 23.46372473657673
392.8125 23.555073881509422 23.46042411520071
393.3125 23.551124374001823 23.45712387245785
393.81249999999994 23.547176448941507 23.45382892461869
394.3125 23.54322805841135 23.450537121467043
394.8125 23.539289567436473 23.447246733601222
395.31249999999994 23.53536673646863 23.44396531342488
395.8125 23.531429739071136 23.44069647229846
396.3125 23.527511810059607 23.437425255169106
396.81249999999994 23.52362303954314 23.434158066343798
397.3125 23.519705721004826 23.43089796679497
397.8125 23.51581778816479 23.427638674359677
398.31249999999994 23.511929193917624 23.424384158400326
398.8125 23.508046952561003 23.421126150438013
399.3125 23.50417295064301 23.417894061905823
399.81249999999994 23.500305417164142 23.414652357222742
400.3125 23.496440408437923 23.41142056594061
400.8125 23.49258618956517 23.40820700782316
401.31249999999994 23.48874531207823 23.404973504616695
401.8125 23.484899152275595 23.401755403105547
402.3125 23.48106044558529 23.398539815415855
402.81249999999994 23.477236767699075 23.39533797483686
403.3125 23.473407623426898 23.392135469732096
403.8125 23.469592252151642 23.388917994130097
404.31249999999994 23.465786584124718 23.385736573521655
404.8125 23.461980296238472 23.38254277323535
405.3125 23.45818221732742 23.37935371714508
405.81249999999994 23.45439058161869 23.376180989675277
406.3125 23.450613860443124 23.372990261332603
406.8125 23.446834275953087 23.369831568682173
407.31249999999994 23.443048944211004 23.366647631202223
407.8125 23.439253366772185 23.363480105264163
408.3125 23.43546297850496 23.36028488181793
408.81249999999994 23.431668257456156 23.357104099029023
409.3125 23.427867812454444 23.35393187276839
409.8125 23.42408075687649 23.350754926133593
410.31249999999994 23.420282146243526 23.3475629402764
410.8125 23.416492513631507 23.34439322787737
411.3125 23.412696028467032 23.34120973173494
411.81249999999994 23.40888036907888 23.33804694203836
412.3125 23.405103260548152 23.3348647493267
412.8125 23.40130552511807 23.33168377312079
413.31249999999994 23.39752215901789 23.32851548030495
413.8125 23.393729648809654 23.325345312110247
414.3125 23.38994638608664 23.32217495753895
414.81249999999994 23.386164021429614 23.319021260640334
415.3125 23.38239203378172 23.31585286892939
415.8125 23.378626507247443 23.31271252092521
416.31249999999994 23.374881130243015 23.309563515716896
416.8125 23.371095160976015 23.306411267871937
417.3125 23.367354594710044 23.303265976670417
417.81249999999994 23.363613250995048 23.300131097088858
418.3125 23.35987731222053 23.296999810492967
418.8125 23.356143248466523 23.293866309187486
419.31249999999994 23.352431169375322 23.290747246912623
419.8125 23.348724902428586 23.287639548072722
420.3125 23.34501580166934 23.284533800591383
420.81249999999994 23.341330374458906 23.281435991010913
421.3125 23.33764224928679 23.278338087946487
421.8125 23.333965139906528 23.275255256739232
422.31249999999994 23.33030747148912 23.27217001474722
422.8125 23.32666159177091 23.269090661971916
423.3125 23.323026252228015 23.266033210863174
423.81249999999994 23.319391655392753 23.262978487505997
424.3125 23.315778519746537 23.259933778285784
424.8125 23.312186001873563 23.25689496295365
425.31249999999994 23.308595057813186 23.25386542453264
425.8125 23.30501844024557 23.250841267719856
426.3125 23.301462465001798 23.24783118641315
426.81249999999994 23.29791311534955 23.244827019311852
427.3125 23.294390498794805 23.24183313852703
427.8125 23.29087454625761 23.238859779404134
428.31249999999994 23.28737124240664 23.235875315760364
428.8125 23.283879647636496 23.232910680939405
429.3125 23.280414103376835 23.22995604541682
429.81249999999994 23.276960737375468 23.227012555446507
430.3125 23.27352284719129 23.224087953106014
430.8125 23.27010506351744 23.221167883968175
431.31249999999994 23.26669920482237 23.21825820680976
431.8125 23.263317981540915 23.215357242274752
432.3125 23.25994701134328 23.212485807655163
432.81249999999994 23.256599049459773 23.209614705369223
433.3125 23.253270495045943 23.206757544314804
433.8125 23.249962349042676 23.20390492246681
434.31249999999994 23.24666830331263 23.201063592304962
434.8125 23.243402837749784 23.198249276007033
435.3125 23.24013550798056 23.19543990314124
435.81249999999994 23.23690744993426 23.192644732759252
436.3125 23.23369000565257 23.189864487647853
436.8125 23.23050034197511 23.1870886391346
437.31249999999994 23.22733287937004 23.184346869861244
437.8125 23.224184447704914 23.181610161007413
438.3125 23.221050065711125 23.178877003125187
438.81249999999994 23.21792968647014 23.17616482868809
439.3125 23.214832238201375 23.173450294949568
439.8125 23.211730828010758 23.170745519289827
440.31249999999994 23.20864359514481 23.168050161741963
440.8125 23.2055529820032 23.165361173672743
441.3125 23.202486149116034 23.16267015039631
441.81249999999994 23.19942165558489 23.159985474335862
442.3125 23.196366311635614 23.157317016534403
442.8125 23.193330302163947 23.154650355043227
443.31249999999994 23.190285047065128 23.151980922681467
443.8125 23.18726048364574 23.14933409852125
444.3125 23.184251877730606 23.14668909407046
444.81249999999994 23.181243844376063 23.144057229818117
445.3125 23.178252018745273 23.141424354585535
445.8125 23.17525288454181 23.138799393590233
446.31249999999994 23.172276297061977 23.136185780525427
446.8125 23.169312059417177 23.13356704616721
447.3125 23.16636472236358 23.130970999871096
447.81249999999994 23.16341700655327 23.128370349899242
448.3125 23.1604833005718 23.125782022487023
448.8125 23.157553175581445 23.123206531887707
449.31249999999994 23.15464726075097 23.120632331362717
449.8125 23.151740856249738 23.118067095041845
450.3125 23.14886050055922 23.11551539460762
450.81249999999994 23.145984907239637 23.11296526165774
451.3125 23.14311302176805 23.110429134704695
451.8125 23.140259078680053 23.107892596165883
452.31249999999994 23.13741139205019 23.10536267553408
452.8125 23.13458902624712 23.10285507356815
453.3125 23.13177546753242 23.10034925907913
453.81249999999994 23.128971636241523 23.097853798247023
454.3125 23.126186217474718 23.095368192026207
454.8125 23.123396189719724 23.092888099338737
455.31249999999994 23.120637845425676 23.090415659631933
455.8125 23.117889645426285 23.087949564470016
456.3125 23.115134738379957 23.085498319355963
456.81249999999994 23.11242025742156 23.08306405835742
457.3125 23.109707639515573 23.080615112914714
457.8125 23.107004695310074 23.07820351394001
458.31249999999994 23.104312886322802 23.07578960030178
458.8125 23.101643494917955 23.073377193764827
459.3125 23.09898937713662 23.070970788516178
459.81249999999994 23.09634167275977 23.06859608686585
460.3125 23.093706804331386 23.06622388072611
460.8125 23.0910943303849 23.063848978708524
461.31249999999994 23.088483431608978 23.061491827025957
461.8125 23.085908049273755 23.059142249888367
462.3125 23.0833296799395 23.056810449733838
462.81249999999994 23.080775685638642 23.054479593166125
463.3125 23.078227274186563 23.05215533272637
463.8125 23.075699383055372 23.049849251526005
464.31249999999994 23.073193614742245 23.047555833327852
464.8125 23.070683957761602 23.045266218704747
465.3125 23.068200843056847 23.042989731472137
465.81249999999994 23.065731930713813 23.04073331159758
466.3125 23.063283304950005 23.03848040770437
466.8125 23.060843023594124 23.036229715555518
467.31249999999994 23.058431044936277 23.03398736382789
467.8125 23.056015945095606 23.03176018452271
468.3125 23.05363185769241 23.02956254999803
468.81249999999994 23.051252478664193 23.027351656970232
469.3125 23.048892296542714 23.02517264759996
469.8125 23.046550245656938 23.022982423395064
470.31249999999994 23.044226591798953 23.020815963717176
470.8125 23.041908414563366 23.018651364822826
471.3125 23.03961470403559 23.016497416547097
471.81249999999994 23.037323553248417 23.0143622433034
472.3125 23.035040620697682 23.01222966284078
472.8125 23.03276617302494 23.010086487108246
473.31249999999994 23.030516064583757 23.007972134022236
473.8125 23.02826913721588 23.005856023627246
474.3125 23.02604029045346 23.003753711453868
474.81249999999994 23.023810703362035 23.001654630871933
475.3125 23.021596188162636 22.999578771174942
475.8125 23.019389118537944 22.99748928155422
476.31249999999994 23.01720861030226 22.995426383815413
476.8125 23.015025445381106 22.993361338248267
477.3125 23.012856869536577 22.991296811334735
477.81249999999994 23.010704315408574 22.989253503265125
478.3125 23.008558118856477 22.987205712617154
478.8125 23.00642847963733 22.985180580997046
479.31249999999994 23.004299035864832 22.983153575457923
479.8125 23.00220366294857 22.981138757817835
480.3125 23.000090217054158 22.97912278636474
480.81249999999994 22.998004757038693 22.977131510352
481.3125 22.99591636207108 22.97513402563412
481.8125 22.99384968457452 22.973145371903808
482.31249999999994 22.991796163591477 22.97115521034302
482.8125 22.989737944727832 22.969192534215836
483.3125 22.98770181010669 22.967228851339346
483.81249999999994 22.985675943311684 22.965274578805534
484.3125 22.983672615663593 22.96332513572128
484.8125 22.9816640846629 22.961393738383737
485.3125 22.97967137221763 22.95945354736311
485.8125 22.97768757508355 22.957524152045732
486.3125 22.975718104190875 22.955604948428178
486.8125 22.973751735552263 22.95369105649618
487.3125 22.97180510958305 22.951795931671626
487.8125 22.969867972829228 22.94989292871961
488.3125 22.967929865596307 22.94800577227022
488.8125 22.966021379753393 22.946130022306885
489.3125 22.9641055153567 22.944250964696955
489.8125 22.96221045726942 22.942392520490372
490.3125 22.960329568596784 22.94051614543045
490.8125 22.958447487226287 22.938685545688678
491.3125 22.95658465440125 22.936837226379204
491.8125 22.954729508389086 22.934996452565287
492.3125 22.95288486062434 22.93317070970248
492.8125 22.951049794543025 22.93135154241981
493.3125 22.949220594042885 22.929535546929884
493.8125 22.947413870145922 22.927730278130205
494.3125 22.945605218855594 22.92592684204633
494.8125 22.943814036363072 22.92413623640625
495.3125 22.942027494189023 22.92233788266423
495.8125 22.94026165500452 22.9205703908767
496.3125 22.938503059408593 22.918800790106303
496.8125 22.936741452560643 22.917040492313077
497.3125 22.935002685036032 22.91527812474856
497.8125 22.933277280179073 22.91352639380417
498.3125 22.931551935563835 22.911785988880627
498.8125 22.92984669646012 22.91004781874434
499.3125 22.92813455778863 22.90832926815
499.8125 22.926454474646874 22.906603207397183
500.3125 22.92476872980563 22.90489240569054
500.8125 22.923101734952056 22.903180110976535
501.3125 22.921443983223124 22.901479548663694
501.8125 22.91979496580137 22.899788071910265
502.3125 22.918161447388 22.898105008422355
502.8125 22.916524903037214 22.896426223675924
503.3125 22.91489982777307 22.894752089721315
503.8125 22.91328852616223 22.89308429354338
504.3125 22.911690065351994 22.89142516126676
504.8125 22.910092141814538 22.889775088488413
505.3125 22.908506814401107 22.888120651156093
505.8125 22.9069259203591 22.886482158848867
506.3125 22.90535617317596 22.884843313637578
506.8125 22.90379153975244 22.88321343672123
507.3125 22.902246120711197 22.881587254891112
507.8125 22.90069781413843 22.879965955375702
508.3125 22.899162980365617 22.878362338414547
508.8125 22.89764144400084 22.876759103374024
509.3125 22.896119662294325 22.875157669658996
509.8125 22.894618790272794 22.873564659062936
510.3125 22.893107714905923 22.871978362430706
510.8125 22.891619932392707 22.87040066224268
511.3125 22.89013949154636 22.868824005582272
511.8125 22.8886688992661 22.867264320610904
512.3125 22.887203488457427 22.86569227664152
512.8125 22.88574861041317 22.864137137862812
513.3125 22.884291058085946 22.862589178309626
513.8125 22.88285646791033 22.86103617708423
514.3125 22.881432014623982 22.859496870343158
514.8125 22.88001252535734 22.85797342573906
515.3125 22.878591989583533 22.856460675386394
515.8125 22.877188838610635 22.85492975628255
516.3125 22.87579228007995 22.853420350310152
516.8125 22.87440740387563 22.851920254621483
517.3125 22.873033579387485 22.850415334863577
517.8125 22.871663261683306 22.848930744398555
518.3125 22.870310651237023 22.847438409955437
518.8125 22.868963689519603 22.84594977628483
519.3125 22.867619505650577 22.84448366940505
519.8125 22.86628638402203 22.843010495517824
520.3125 22.864969430080833 22.841541527616013
520.8125 22.86364963787698 22.840087420441066
521.3125 22.862341135007842 22.838644275060105
521.8125 22.86104407704049 22.837201318200325
522.3125 22.859759666238844 22.835753586415464
522.8125 22.858481033153755 22.83432161883296
523.3125 22.85721280111298 22.832902991498297
523.8125 22.855950402442772 22.831475297156025
524.3125 22.854698534420308 22.83007181695841
524.8125 22.853454465561963 22.828658258461076
525.3125 22.85222640834035 22.827265834550925
525.8125 22.851002188876144 22.825865438289785
526.3125 22.849785554878046 22.824482241310825
526.8125 22.848578075281715 22.82309730582241
527.3125 22.847381893937335 22.821719487230663
527.8125 22.846191734019307 22.8203486587593
528.3125 22.845021702059157 22.81898834918467
528.8125 22.843845197352366 22.81763035394348
529.3125 22.842686280559793 22.81628258741683
529.8125 22.841541847992524 22.814936546695307
530.3125 22.840392514187204 22.813604854438296
530.8125 22.839262910462594 22.81226911200374
531.3125 22.83813509670516 22.81094217743588
531.8125 22.837028863622507 22.809620966102337
532.3125 22.835916212870234 22.808308504904144
532.8125 22.834823727585682 22.807006999227923
533.3125 22.833730332705173 22.805693911229277
533.8125 22.832652686580857 22.80440722040051
534.3125 22.831582986537448 22.80311747373297
534.8125 22.83052631359451 22.801833275129116
535.3125 22.829471756954952 22.800562514184094
535.8125 22.82842322048986 22.799295494992293
536.3125 22.827400254473623 22.798028175586936
536.8125 22.82637353867928 22.79677137768111
537.3125 22.825360534246997 22.79551716633605
537.8125 22.824350311965492 22.79426808414335
