FastTrWP/PhaseSpace/IAs/snIa_0.53_30.00_-3.27_-0.09.csv
# %ECSV 0.9
# ---
# datatype:
# - {name: time-rel, datatype: float64}
# - {name: g, datatype: float64}
# - {name: i, datatype: float64}
# schema: astropy-2.0
time-rel g i
[from data line 675]
660.0625 23.40745870485737 22.49012297136806
660.5625 23.408664156506823 22.48962603464112
661.0625 23.40986467546474 22.489150598945145
661.5625 23.411094678093217 22.488681929963267
662.0625 23.412311349591143 22.488204190203835
662.5625 23.413541822702317 22.487735632627253
663.0625 23.414786298204753 22.48727694927725
663.5625 23.416022402530373 22.486816108572185
664.0625 23.417272863614297 22.4863696582942
664.5625 23.418535860654114 22.48592775574782
665.0625 23.419798793305006 22.485492402292387
665.5625 23.421074333972257 22.485054304936636
666.0625 23.42235281897946 22.48463374470182
666.5625 23.423642448437946 22.484210115644427
667.0625 23.424931973365098 22.483789878493063
667.5625 23.42624135559938 22.48338042789576
668.0625 23.427546097710735 22.4829713966801
668.5625 23.428855057120597 22.48257228827976
669.0625 23.430183244028054 22.482184126267278
669.5625 23.43149545095921 22.481781045096906
670.0625 23.432824511700318 22.481394504667072
670.5625 23.43416467142905 22.481015408897594
671.0625 23.435503813780976 22.480634058266524
671.5625 23.436860504344153 22.48026222713225
672.0625 23.438205520397098 22.479892828603493
672.5625 23.439585093214532 22.479534727311666
673.0625 23.44096596808862 22.479177831563106
673.5625 23.442323505252634 22.478819714788955
674.0625 23.443701266062767 22.478471689048
674.5625 23.445102372174617 22.478130286794546
675.0625 23.446476905261626 22.4777954175515
675.5625 23.44789037606859 22.477455208500462
676.0625 23.449301046987458 22.47712298385793
676.5625 23.450707701060498 22.47680070267618
677.0625 23.452109306123706 22.47647031522982
677.5625 23.453544881485154 22.476145109455928
678.0625 23.454965441022168 22.475832416117072
678.5625 23.45639053965009 22.475517685045972
679.0625 23.457839590772913 22.47521686092726
679.5625 23.45927345456426 22.474911358963837
680.0625 23.460713436742495 22.47461009857146
680.5625 23.46218249324278 22.474316387677394
681.0625 23.463642143410418 22.474026215960883
681.5625 23.465097978411087 22.473743586160428
682.0625 23.466570567812646 22.47345853058866
682.5625 23.468048150166343 22.473176702454293
683.0625 23.469526264756002 22.47290300986692
683.5625 23.471003730143792 22.472624031772312
684.0625 23.47249309185283 22.472352169578667
684.5625 23.473985213888216 22.472091960669832
685.0625 23.475485276053327 22.471831257526148
685.5625 23.47698410643584 22.47156778308608
686.0625 23.478487609899155 22.471313665289856
686.5625 23.480008468490908 22.471060055706253
687.0625 23.481527713969513 22.47081839907125
687.5625 23.483057373471254 22.470560922024593
688.0625 23.484572248733407 22.47031716872836
688.5625 23.486094531249393 22.470074174718352
689.0625 23.487635415534296 22.469845613510174
689.5625 23.48917694726316 22.4696122362609
690.0625 23.490721897988436 22.46938137308414
690.5625 23.492261156251175 22.46914918194639
691.0625 23.493811970608434 22.468928143542716
691.5625 23.495377713331816 22.468701709868025
692.0625 23.49692290863516 22.468481426881173
692.5625 23.498487230675526 22.4682686495713
693.0625 23.500047734377645 22.468054640856817
693.5625 23.50162285239167 22.46783846662707
694.0625 23.5031956091995 22.46762527889257
694.5625 23.50476777363982 22.46742450413231
695.0625 23.506349526025247 22.46722662129092
695.5625 23.507923313973716 22.46702808074373
