FastTrWP/PhaseSpace/IAs/snIa_0.44_30.00_0.35_-0.04.csv
# %ECSV 0.9
# ---
# datatype:
# - {name: time-rel, datatype: float64}
# - {name: g, datatype: float64}
# - {name: i, datatype: float64}
# schema: astropy-2.0
time-rel g i
[from data line 345]
346.375 23.968973191561904 23.345453252066704
346.875 23.965168875683624 23.34248520844148
347.375 23.96134023206337 23.339536927751816
347.875 23.95755089123088 23.33655921914044
348.375 23.953742065656932 23.33361448386634
348.875 23.949961651100363 23.33066244271309
349.375 23.946181004538204 23.327717023912342
349.875 23.942408675460708 23.324777685193055
350.375 23.938654137096908 23.32182978545182
350.875 23.934884761892516 23.318901513068838
351.375 23.93113278958516 23.315980965647846
351.875 23.927398995711865 23.31306815376392
352.375 23.923673084921553 23.310155340698344
352.875 23.919942241523948 23.30725315332263
353.375 23.916227085722646 23.304345534416633
353.875 23.912518438393185 23.30144380978669
354.375 23.90882465387932 23.298558552131993
354.875 23.90512720739921 23.295675064571448
355.375 23.901465365829495 23.29278756620031
355.875 23.89777111260311 23.289919603497484
356.375 23.8941061123695 23.287038767161764
356.875 23.890442865768296 23.284163515152013
357.375 23.886791981741467 23.281315491881834
357.875 23.88314278090951 23.278463618173042
358.375 23.879525082402132 23.275616859621344
358.875 23.875889475015114 23.272758232455253
359.37499999999994 23.872263691459764 23.269923909707593
359.875 23.868659449412434 23.267092763806843
360.375 23.865037397537243 23.26425986392472
360.87499999999994 23.861446981345033 23.261436589357956
361.375 23.857860482198745 23.258600250641102
361.875 23.854258203812584 23.255789205717143
362.37499999999994 23.850689690944126 23.2529836142386
362.875 23.847118647864875 23.25017268300218
363.375 23.843565144636507 23.247364212399177
363.87499999999994 23.839998904781837 23.24457269177588
364.375 23.836461153277128 23.241781751747492
364.875 23.832901287309575 23.238988803882865
365.37499999999994 23.829364962373553 23.236208633336645
365.875 23.8258389564888 23.23342963050394
366.375 23.82232980683561 23.23064643915683
366.87499999999994 23.818813282666508 23.22788266429872
367.375 23.81531331723817 23.22511092135018
367.875 23.811798324579584 23.222350562563534
368.37499999999994 23.808298061438954 23.219589359099736
368.875 23.804822927477318 23.216833273068552
369.375 23.801332049984456 23.21408023736457
369.87499999999994 23.797860712317913 23.211340236447477
370.375 23.79438446278618 23.20858981773348
370.875 23.790926267629434 23.205863119396536
371.37499999999994 23.787470526387754 23.203129920518457
371.875 23.784011310503942 23.200397811218068
372.375 23.78056997805979 23.197663581332385
372.87499999999994 23.77713480992748 23.19494869680206
373.375 23.773711036627923 23.192224402375956
373.875 23.7702732540515 23.18951253662423
374.37499999999994 23.766864194862553 23.186807653205204
374.875 23.763451977273316 23.184097339349158
375.375 23.760026970783457 23.18139489457473
375.87499999999994 23.756629033120387 23.178697626349496
376.375 23.753223877992728 23.17600505171273
376.875 23.749824835460114 23.173314916813407
377.37499999999994 23.74647080615377 23.170620655055536
377.875 23.743082432796587 23.167941569120924
378.375 23.73971095569866 23.165264781068938
378.87499999999994 23.73634353483974 23.162582761890405
379.375 23.73297953114254 23.159904003231603
379.875 23.72962340636829 23.157237417035617
380.37499999999994 23.726264781246968 23.15457034700501
380.875 23.72292174017098 23.15191030391454
381.375 23.719593675334067 23.149252228665553
381.87499999999994 23.71625273446341 23.14659911535417
382.375 23.712932193645532 23.14395144632872
382.875 23.709608806425045 23.141302997367255
383.37499999999994 23.706281917208525 23.138650794456076
383.875 23.702982045166593 23.13601541397011
384.375 23.699667806841724 23.1333749332712
384.87499999999994 23.696353592517326 23.130734688891547
385.375 23.6930363231182 23.1280928150434
385.875 23.689716801001175 23.125449650610456
386.37499999999994 23.68641304758637 23.122816424259955
386.875 23.683076626544533 23.120169753814107
387.375 23.679761927224618 23.117537057234287
387.87499999999994 23.676453673438623 23.114892295023296
388.375 23.67313739727137 23.112261505960273
388.875 23.66980273909452 23.109614130590707
389.37499999999994 23.666488084377157 23.106979549852102
389.875 23.663172921733814 23.104340402230086
390.375 23.659854798659367 23.101717201351466
390.87499999999994 23.65653423121429 23.09908236749479
391.375 23.653229660099857 23.096457531001743
391.875 23.64990847637223 23.093818016799922
392.37499999999994 23.646619435809498 23.091198946498942
392.875 23.643325194575702 23.08857741715952
393.375 23.640018614578196 23.085954495476383
393.87499999999994 23.63671869312743 23.08333197032802
394.375 23.63343724254156 23.080723404978084
394.875 23.63013418575923 23.078112241187107
395.37499999999994 23.626876876289845 23.07550130495052
395.875 23.623590634895333 23.07290724886063
396.375 23.6203249689634 23.07030415633554
396.87499999999994 23.617061890856426 23.06771132883433
397.375 23.613807469514192 23.06512433032114
397.875 23.610563847127484 23.06252923109003
398.37499999999994 23.607322880904565 23.059947410647837
398.875 23.6040931638664 23.057371242534522
399.375 23.600871641676648 23.054795019018485
399.87499999999994 23.59764765821284 23.05222614166429
400.375 23.594453981959056 23.049663473680976
400.875 23.591249618283396 23.047110663147446
401.37499999999994 23.58805842303252 23.044550854689078
401.875 23.584871861869093 23.041995357470142
402.375 23.58170279156142 23.039464334604283
402.87499999999994 23.578549436810047 23.03692405658204
403.375 23.575396433972443 23.03438981752311
403.875 23.572253078097894 23.031882344179824
404.37499999999994 23.569124572468006 23.029357158546503
404.875 23.5660154678367 23.026844408180853
405.375 23.562903414643092 23.024338975204486
405.87499999999994 23.559806111825992 23.021850436657296
406.375 23.55672675253709 23.019358827400648
406.875 23.553646300101736 23.01688045294558
407.37499999999994 23.550580846197896 23.014395476999777
407.875 23.547546013556456 23.011938442116552
408.375 23.54451466417528 23.009477204076315
408.87499999999994 23.54150394646799 23.007011384338885
409.375 23.538488840897372 23.00457443662615
409.875 23.535502557009377 23.00213627372607
410.37499999999994 23.532529009700184 22.99971607135021
410.875 23.529557879551312 22.99727654255216
411.375 23.526610936983204 22.994880453905864
411.87499999999994 23.523676883790046 22.992467444386826
412.375 23.520741155461362 22.990078291730782
412.875 23.517846334030033 22.98769133098208
413.37499999999994 23.514951191248983 22.98531773073057
413.875 23.512075498213186 22.982947080154176
414.375 23.509225598018944 22.980590975011555
414.87499999999994 23.506378792906748 22.978239404404363
415.375 23.503564036675133 22.975882598585176
415.875 23.500751795589725 22.973571120719466
416.37499999999994 23.49796405153482 22.97124249410519
416.875 23.49519016247106 22.96893946440302
417.375 23.492423491322583 22.966627395007425
417.87499999999994 23.489689321736655 22.96434383212411
418.375 23.486954264827894 22.962056048290023
418.875 23.484252746816637 22.959781045701128
419.37499999999994 23.48154907897822 22.95750331420431
419.875 23.478844604240948 22.95524622393552
420.375 23.47616481273913 22.95298023524332
420.87499999999994 23.47348500201587 22.950731220179247
421.375 23.470803411023 22.948480161620516
421.875 23.46814681330299 22.946234277142032
422.37499999999994 23.465492287838234 22.94399445113983
422.875 23.462833423058594 22.94175663468951
423.375 23.46018870615763 22.939524298345006
423.87499999999994 23.45756177929993 22.937300708115814
424.375 23.454919330474976 22.93507111101123
424.875 23.452305537270636 22.932858128566323
425.37499999999994 23.449696756388043 22.93064457069962
425.875 23.447092437154758 22.92844291955823
426.375 23.444489096721423 22.926239173414963
426.87499999999994 23.44191554790056 22.92404891316062
427.375 23.43933384631507 22.92185835334444
427.875 23.43675660315745 22.919668281458534
428.37499999999994 23.434202208257197 22.91748790642954
428.875 23.431663168609724 22.915315771006497
429.375 23.429105134155897 22.913142777838047
429.87499999999994 23.42658660238017 22.91098145928863
430.375 23.424046676777056 22.908825805148922
430.875 23.42154276551321 22.906682752261847
431.37499999999994 23.419032967424982 22.90452879978912
431.875 23.416534676594964 22.902395862327385
432.375 23.414053202874783 22.90025504774168
432.87499999999994 23.411572715570493 22.898131851212003
433.375 23.409097295080187 22.896020965978895
433.875 23.406655949983683 22.893901493635973
434.37499999999994 23.4042082506631 22.891794662929527
434.875 23.40177996965315 22.889695003309185
435.375 23.39935019931547 22.887599887123343
435.87499999999994 23.39695504669602 22.88550238666954
436.375 23.394535605590807 22.88342563420251
436.875 23.39214324398266 22.881349350471602
437.37499999999994 23.389756124071685 22.87927683839807
437.875 23.387388949242464 22.8772174633151
438.375 23.385020288148326 22.87516205099136
438.87499999999994 23.382674367722302 22.873103666674943
439.375 23.380344878484856 22.87107197133986
439.875 23.378025223621254 22.86902368815284
440.37499999999994 23.375705271249974 22.867007236163822
440.875 23.373393917195763 22.864983705876757
441.375 23.371108710394676 22.86296293289258
441.87499999999994 23.368826700708883 22.860955978857646
442.375 23.36656573648556 22.858951645521106
442.875 23.364306279439088 22.85695761374878
443.37499999999994 23.36206208086546 22.85497353388336
443.875 23.359833832131564 22.85298593626848
444.375 23.357602297708453 22.85102561861114
444.87499999999994 23.35539198979412 22.84905662157349
445.375 23.353193926430365 22.84710404158315
445.875 23.351016117937743 22.845144800893962
446.37499999999994 23.348844914559447 22.84320074660738
446.875 23.346689688382707 22.84127588161812
447.375 23.344539688511162 22.83934154923859
447.87499999999994 23.342418845914274 22.837423281234773
448.375 23.34028421457001 22.835502798054907
448.875 23.338184789287805 22.833604093170937
449.37499999999994 23.33609115795781 22.83170376277839
449.875 23.33400837361305 22.829821073466903
450.375 23.33194151138763 22.82793954855841
450.87499999999994 23.329887255846188 22.826061407378244
451.375 23.327842867568624 22.824197476976412
451.875 23.325812700273904 22.82234328685714
452.37499999999994 23.3237939879383 22.820481023907394
452.875 23.3217988902228 22.8186469048143
453.375 23.31981511834035 22.816811748370284
453.87499999999994 23.317833175507793 22.814990078230736
454.375 23.31586109196991 22.81315712578217
454.875 23.31390476551878 22.811346493548047
455.37499999999994 23.31195664257698 22.809543701225884
455.875 23.310002859316267 22.80772657689591
456.375 23.308082423517575 22.80593240038688
456.87499999999994 23.30615366523051 22.80413939677586
457.375 23.304241275539578 22.802357630830716
457.875 23.30233190043112 22.80057610813727
458.37499999999994 23.300448651406967 22.798797364904388
458.875 23.298565297089063 22.797032639447913
459.375 23.296694426551884 22.79526755784562
459.87499999999994 23.294831480532466 22.793500478211335
460.375 23.292971082410435 22.791758431030612
460.875 23.29111876730375 22.790012904820202
461.37499999999994 23.289284905917302 22.788274038987257
461.875 23.28745758200439 22.78654119071546
462.375 23.285633900387438 22.784818617793032
462.87499999999994 23.283825269181104 22.783086082286758
463.375 23.28202531825059 22.78138014733569
463.875 23.280230547728667 22.77966630731774
464.37499999999994 23.2784472261589 22.777956733747665
464.875 23.276674670123263 22.776254669830944
465.375 23.27491127411279 22.774564981048847
465.87499999999994 23.273160708684458 22.77287561063286
466.375 23.27142455350366 22.77119269223421
466.875 23.26967883187614 22.769513937417514
467.37499999999994 23.26796078818502 22.767847942550507
467.875 23.26624225656409 22.766177972858227
468.375 23.26453333252825 22.764521428484468
468.87499999999994 23.26282979916393 22.762874139760328
469.375 23.26113353452246 22.761225434590266
469.875 23.259457987278243 22.75958044225758
470.37499999999994 23.25778986824553 22.75794021814477
470.875 23.256123036553884 22.756307868523194
471.375 23.25446825234508 22.754681868631508
471.87499999999994 23.25282531580743 22.75306359968408
472.375 23.251197249204974 22.751448607854364
472.875 23.24956510421184 22.74984210389316
473.37499999999994 23.24794644088292 22.7482413141446
473.875 23.246335053598585 22.746632970238196
474.375 23.244744049151684 22.745053873157378
474.87499999999994 23.24316167780878 22.743458218897132
475.375 23.241573420042645 22.7418726839861
475.875 23.240000016240533 22.74029711451071
476.37499999999994 23.238429951753133 22.738733050925607
476.875 23.236870962656845 22.737170564698793
477.375 23.23533779147769 22.73561254377954
477.87499999999994 23.233798684357723 22.7340588182215
478.375 23.23226809311994 22.732504423471408
478.875 23.230749100380756 22.73096520049584
479.37499999999994 23.22924347510571 22.729425491707893
479.875 23.227747743392708 22.727892911412418
480.375 23.226245834768253 22.72637321139885
480.87499999999994 23.224771195475494 22.72484189092522
481.375 23.223290596891783 22.723331011239875
481.875 23.22183223242195 22.721830406989667
482.37499999999994 23.22037231103856 22.720316858856023
482.875 23.2189277915877 22.71882011517167
483.375 23.21748692220167 22.717328415559514
483.87499999999994 23.216052589777206 22.71583564356803
484.375 23.214635081601678 22.71434522684639
484.875 23.213236598352207 22.712881009103867
485.37499999999994 23.211820529528005 22.711401978401394
485.875 23.210435645802185 22.709933657613114
486.375 23.209050121626685 22.708473055139113
486.875 23.207670243935464 22.707014443008376
487.375 23.206306309551678 22.705566738331786
487.875 23.20494817696281 22.70412173425254
488.375 23.203589542952187 22.70267437694877
488.875 23.202239028033773 22.701247437807414
489.375 23.20090999987549 22.699811306871865
489.875 23.19958051318745 22.69838441713794
490.375 23.198262889415226 22.696959723698523
490.875 23.19695162684554 22.695535471931606
491.375 23.195641262965413 22.694128502682283
491.875 23.194350137991215 22.692722250173873
492.375 23.193051437675116 22.69131779781354
492.875 23.191767732784903 22.689919475288765
493.375 23.190491484848987 22.688522628177736
493.875 23.189216278708166 22.68713008577007
494.375 23.187962411355485 22.68573977053588
494.875 23.18670634408373 22.684368675395525
495.375 23.185456749858126 22.682992823918894
495.875 23.184219396194795 22.681615641677215
496.375 23.182994854503146 22.68024937372701
496.875 23.181760945049597 22.6788963622282
497.375 23.18053825430475 22.677532680565395
497.875 23.17934329416884 22.676178648668014
498.375 23.178142500972264 22.67482284273622
498.875 23.176938950561116 22.673483320652586
499.375 23.17575716510919 22.672149550385523
499.875 23.17457835797613 22.67081453986083
500.375 23.173411139955586 22.669485831151267
500.875 23.172248419444447 22.66816822995752
501.375 23.17109901245489 22.66684093939159
501.875 23.169951931895195 22.665535187154312
502.375 23.168814497839755 22.664218933011256
502.875 23.167677207201272 22.6629108200325
503.375 23.166544223772473 22.661614355077898
503.875 23.165435833481055 22.66031908830239
504.375 23.164332102862318 22.659031719256078
504.875 23.163223381906306 22.657743368475746
505.375 23.16213996957016 22.65645612139626
505.875 23.16104861992146 22.65518547963323
506.375 23.159978202382923 22.65390548220441
506.875 23.15890693346571 22.652642851710503
507.375 23.157840652840864 22.651378270079505
507.875 23.156799463682244 22.650121382023613
508.375 23.155741521263103 22.648866155250573
508.875 23.15470140347508 22.647616891641803
509.375 23.153681301403303 22.646373575549454
509.875 23.152658041248074 22.645132698376244
510.375 23.151643512062876 22.643899777398758
510.875 23.150636352336452 22.642670460244
511.375 23.14962884720952 22.64144291135971
511.875 23.148645381340334 22.64022520058709
512.375 23.147661146314977 22.639010461792274
