FastTrWP/PhaseSpace/IAs/snIa_0.62_30.00_-0.57_-0.13.csv
# %ECSV 0.9
# ---
# datatype:
# - {name: time-rel, datatype: float64}
# - {name: g, datatype: float64}
# - {name: i, datatype: float64}
# schema: astropy-2.0
time-rel g i
[from data line 1733]
994.5833333333333 24.78581979996285 22.580613467900235
995.0833333333334 24.786641039642987 22.581478948805017
995.5833333333334 24.787461712690405 22.58234480378375
996.0833333333333 24.788277774419882 22.583216332998038
996.5833333333334 24.789101084967808 22.58409087862396
997.0833333333334 24.789936924220008 22.58495595777001
997.5833333333333 24.7907485309503 22.585828061831833
998.0833333333334 24.791598753420807 22.586698993684024
998.5833333333334 24.79242017516811 22.587578492949195
999.0833333333333 24.793225402644726 22.588446794568785
999.5833333333334 24.794053894103794 22.58932779771465
1000.0833333333334 24.79487637471407 22.590196571133095
1000.5833333333333 24.795724262700478 22.591072705709898
1001.0833333333334 24.796559853391948 22.59194478509318
1001.5833333333334 24.79738210181867 22.592827307499455
1002.0833333333334 24.798226680306307 22.59370554660353
1002.5833333333334 24.79909306363887 22.59458191283312
1003.0833333333334 24.799916987233797 22.59546156990858
1003.5833333333334 24.80076272751305 22.59634601778657
1004.0833333333334 24.80163456262217 22.597214797332356
1004.5833333333334 24.802507097925307 22.598099311907312
1005.0833333333334 24.803378488343327 22.598979031177574
1005.5833333333334 24.804233210751075 22.599858315931073
1006.0833333333334 24.805131289607736 22.600740606838947
1006.5833333333334 24.806032705145235 22.601623735878515
1007.0833333333334 24.80692149244817 22.602506375454357
1007.5833333333334 24.80783920705564 22.603377793856318
1008.0833333333334 24.80870556334898 22.60426990016404
1008.5833333333334 24.80963378593041 22.605158659833634
1009.0833333333334 24.810575470893532 22.606036307785324
1009.5833333333334 24.81148471149816 22.606924834345055
1010.0833333333334 24.812380237026204 22.607805886677813
1010.5833333333334 24.813292695389425 22.608692459774137
1011.0833333333334 24.81419074058707 22.60957477905636
1011.5833333333334 24.815073926701196 22.610469438020537
1012.0833333333334 24.815966261119655 22.611361216521164
1012.5833333333334 24.81684360562847 22.612249621573483
1013.0833333333334 24.81772106831924 22.6131437309323
1013.5833333333334 24.818591036222365 22.61403326133115
1014.0833333333334 24.81944569878482 22.6149395973324
1014.5833333333334 24.820283651634305 22.615828180176297
1015.0833333333334 24.8211567577791 22.616729990797246
1015.5833333333334 24.82199403444696 22.61762266836497
1016.0833333333334 24.822845874416917 22.61852318427506
1016.5833333333334 24.823674728599926 22.619421766374224
1017.0833333333334 24.82450580084864 22.62033536864003
1017.5833333333334 24.82533970898458 22.621227083895295
1018.0833333333334 24.82615979312149 22.622129810968804
1018.5833333333334 24.827009895296676 22.623047125705128
1019.0833333333334 24.82781149666517 22.623940172894926
1019.5833333333334 24.82864678611672 22.62484850428262
1020.0833333333334 24.8294505872383 22.62575799238077
1020.5833333333334 24.83028085278812 22.626663904943072
1021.0833333333334 24.83108604461513 22.627575965408408
1021.5833333333334 24.83191024167408 22.628484409613662
1022.0833333333334 24.832713498491323 22.629398468949518
1022.5833333333334 24.83354601373621 22.63030972421895
1023.0833333333334 24.834318914869222 22.631222507361556
1023.5833333333334 24.835137272577143 22.632132638107635
1024.0833333333333 24.835946374271607 22.633050575159302
1024.5833333333333 24.836735109570462 22.633970851882495
1025.0833333333333 24.837554775459903 22.63487809175114
1025.5833333333333 24.8383790001685 22.63579857534424
1026.0833333333333 24.839190930775548 22.636716581387198
1026.5833333333333 24.839982076483125 22.637636905454812
1027.0833333333333 24.8408009214641 22.63855384015325
1027.5833333333333 24.84161704815902 22.63948267805175
1028.0833333333333 24.84242326097568 22.640402558649484
1028.5833333333333 24.843244156092666 22.641324595427204
1029.0833333333333 24.844064547919686 22.642241868236873
1029.5833333333333 24.84488114125717 22.643173277712712
1030.0833333333333 24.84570250138735 22.644093635227133
1030.5833333333333 24.846530765104895 22.64501373141581
1031.0833333333333 24.847346472053083 22.64594259782377
1031.5833333333333 24.8481998675119 22.646872368695632
1032.0833333333333 24.849032460813746 22.6478053066602
1032.5833333333333 24.849873915441485 22.648731364794592
1033.0833333333333 24.850696773021454 22.64965475874299
1033.5833333333333 24.851550165135595 22.650588172584897
1034.0833333333333 24.852429007893928 22.65151838956593
1034.5833333333333 24.853283207767596 22.65244870193826
1035.0833333333333 24.85413679930001 22.653374602187192
1035.5833333333333 24.855022371535306 22.65430025988706
1036.0833333333333 24.855885903703214 22.65523772254792
1036.5833333333333 24.856799033257833 22.656168696527544
1037.0833333333333 24.857649644728312 22.657101515936027
1037.5833333333333 24.85853999427271 22.658043570437645
1038.0833333333333 24.85945237057735 22.65897271584077
1038.5833333333333 24.860364893834273 22.659909651623238
1039.0833333333333 24.861288186200966 22.660848779740913
1039.5833333333333 24.862210020287904 22.66177205464445
1040.0833333333333 24.86313946766378 22.662713262957542
1040.5833333333333 24.864052050268445 22.663659429894448
1041.0833333333333 24.86501481735944 22.664585921283738
1041.5833333333333 24.865980677640508 22.665523035764803
1042.0833333333333 24.866943805274442 22.666466393882914
1042.5833333333333 24.867926091582486 22.667404159432103
1043.0833333333333 24.868888816697172 22.668346448603547
1043.5833333333333 24.869901160987077 22.669276465006675
1044.0833333333333 24.870886470302985 22.67022193534213
1044.5833333333333 24.87192451143492 22.671160369777542
1045.0833333333333 24.872934237076688 22.67209622093891
1045.5833333333333 24.873980051248623 22.67304185802935
1046.0833333333333 24.875035316763142 22.673980213816087
1046.5833333333333 24.876070837981402 22.674922454682786
1047.0833333333333 24.877161462259032 22.675865662008555
1047.5833333333333 24.878236896331952 22.67680117988064
1048.0833333333333 24.879335393173783 22.67774932659448
1048.5833333333333 24.880445722984803 22.678687591688004
1049.0833333333333 24.8815410211088 22.679629588335395
1049.5833333333333 24.882635815101906 22.68057349306446
1050.0833333333333 24.883755092791926 22.681509642349965
1050.5833333333333 24.884877276594306 22.682463856577854
1051.0833333333333 24.886027698304485 22.683408157950282
1051.5833333333333 24.887125233196585 22.68435265719059
1052.0833333333333 24.888266662238397 22.68530299798767
1052.5833333333333 24.88941622506209 22.686244483985977
1053.0833333333333 24.890549388803038 22.687190865678126
1053.5833333333333 24.89170222864288 22.688141394761473
1054.0833333333333 24.892861446952253 22.689085301755686
1054.5833333333333 24.894030742722247 22.69003885779432
1055.0833333333333 24.89521272430189 22.690989277550848
1055.5833333333333 24.896409280085532 22.691940691068616
1056.0833333333333 24.897576738461467 22.69288920662486
1056.5833333333333 24.898791141193314 22.693837454206182
1057.0833333333333 24.8999814503035 22.694791633089398
1057.5833333333333 24.90115565793046 22.69574430712082
1058.0833333333333 24.9023926578666 22.696698805028625
1058.5833333333333 24.9035955576713 22.697645812498095
1059.0833333333333 24.904826409775417 22.69860481913839
1059.5833333333333 24.906049742576506 22.69956000971364
1060.0833333333333 24.907281163253707 22.70052108973377
1060.5833333333333 24.90854226409113 22.70146846431967
1061.0833333333333 24.909785804762173 22.70242934343154
1061.5833333333333 24.91103222337264 22.70337353386616
1062.0833333333333 24.912280162865574 22.704342552308884
1062.5833333333333 24.913538396053923 22.705296832933108
1063.0833333333333 24.914818173597986 22.706262763652486
1063.5833333333333 24.91612609475635 22.707212501280726
1064.0833333333333 24.917376421699654 22.70817784215252
1064.5833333333333 24.918672562999326 22.70914323423879
1065.0833333333333 24.919978318185862 22.71009868804851
1065.5833333333333 24.9212423199225 22.7110658276358
1066.0833333333333 24.92258774219511 22.71202834880461
1066.5833333333333 24.923878059122227 22.712991570219508
1067.0833333333333 24.92520229897085 22.71395812901618
1067.5833333333333 24.92653228931168 22.71492748183249
1068.0833333333333 24.927886634943263 22.715890965566224
1068.5833333333333 24.92922444000093 22.716854108302428
1069.0833333333333 24.930579352778302 22.717828222268924
1069.5833333333333 24.931938645697226 22.71879033666529
1070.0833333333333 24.933282482239605 22.719757743066037
1070.5833333333333 24.934654556716257 22.72073185583754
1071.0833333333333 24.936035306760953 22.72170110620639
1071.5833333333333 24.937397448683956 22.722674547908714
1072.0833333333333 24.93879215694522 22.723642233569073
1072.5833333333333 24.94018560142713 22.724613962660683
1073.0833333333333 24.94159200202194 22.725585160992146
1073.5833333333333 24.943009962733566 22.726561555274127
1074.0833333333333 24.9444020828944 22.727540749060452
1074.5833333333333 24.945826186410862 22.728515463931455
1075.0833333333333 24.94726854732033 22.729492214197045
1075.5833333333333 24.948709538500815 22.73047436634787
1076.0833333333333 24.950144213887864 22.731449728745112
1076.5833333333333 24.951604306109733 22.732426336242657
1077.0833333333333 24.953035703954654 22.733406487074774
1077.5833333333333 24.954502297658628 22.734384593990626
1078.0833333333333 24.955970894542723 22.735366725726152
1078.5833333333333 24.9574653432136 22.73634743740424
1079.0833333333333 24.958940210052948 22.73732689570981
1079.5833333333333 24.960426011990403 22.738315140210645
1080.0833333333333 24.96192625535384 22.739306414826046
1080.5833333333333 24.96343691475714 22.740292977789174
1081.0833333333333 24.964949105532604 22.74126791244012
1081.5833333333333 24.966474649083207 22.74225644334105
1082.0833333333333 24.9679868092009 22.74324599963534
1082.5833333333333 24.9694959454054 22.74423231929112
1083.0833333333333 24.971064431851573 22.745225191124714
1083.5833333333333 24.97261747465629 22.746215733332264
1084.0833333333333 24.974165633855122 22.747207140799336
1084.5833333333333 24.975708373216374 22.748200967422143
1085.0833333333333 24.97727510988041 22.74918922773933
1085.5833333333333 24.97887149090301 22.750195177450077
1086.0833333333333 24.98046330777967 22.751183027590468
1086.5833333333333 24.98206816097524 22.7521810010696
1087.0833333333333 24.983665259237164 22.753180942833474
1087.5833333333333 24.985255924236842 22.754174215410153
1088.0833333333333 24.986869686655115 22.755172470128386
1088.5833333333333 24.98849383088296 22.756174189215702
1089.0833333333333 24.990152523871206 22.75717320369668
1089.5833333333333 24.991769961681133 22.75817636819408
1090.0833333333333 24.99340616236899 22.75917420555239
1090.5833333333333 24.995051731630582 22.760170921344937
1091.0833333333333 24.996711265267216 22.76117039028341
1091.5833333333333 24.99837778974286 22.762179116840088
1092.0833333333333 25.000052966970628 22.763185079529286
1092.5833333333333 25.001743463425417 22.764189694136086
1093.0833333333333 25.003427113033926 22.765197569819296
1093.5833333333333 25.005127193035705 22.76620246895163
1094.0833333333333 25.006811209447445 22.767202917998116
1094.5833333333333 25.00852648255494 22.768219766186604
1095.0833333333333 25.010254126319293 22.769228929462052
1095.5833333333333 25.011995010106745 22.77023941736623
1096.0833333333333 25.013728578779503 22.771249484496664
1096.5833333333333 25.015476468608586 22.77225991617914
1097.0833333333333 25.01723619580033 22.773266727124586
1097.5833333333333 25.01900634566109 22.77428074234524
1098.0833333333333 25.02076023920214 22.775299189442244
1098.5833333333333 25.022520008023903 22.776310937397575
1099.0833333333333 25.02430339971642 22.777327388203872
1099.5833333333333 25.026114191042712 22.778344983555808
1100.0833333333333 25.02792242818854 22.779360102851953
1100.5833333333333 25.029723287295464 22.780375087217323
1101.0833333333333 25.03153572574645 22.781385734734243
1101.5833333333333 25.033357265091635 22.78241377893003
1102.0833333333333 25.035236195600707 22.7834404156707
1102.5833333333333 25.037045822612303 22.784456456861875
1103.0833333333333 25.0389035086155 22.785481089565053
1103.5833333333333 25.04075897865325 22.78649523364451
1104.0833333333333 25.042625264740096 22.78751940115515
1104.5833333333333 25.044505319315235 22.788550092771057
1105.0833333333333 25.046402083602377 22.789569690004473
1105.5833333333333 25.048282785636488 22.790602911410865
1106.0833333333333 25.050194199026738 22.791633250360043
1106.5833333333333 25.05209984084845 22.79266280001754
1107.0833333333333 25.05402845091357 22.79369194847035
1107.5833333333333 25.055964019090915 22.7947170345927
1108.0833333333333 25.057904153301397 22.795751169387696
1108.5833333333333 25.059856072185063 22.79678120677387
1109.0833333333333 25.061810556491572 22.797811262641115
1109.5833333333333 25.063772218820528 22.79885522895992
1110.0833333333333 25.065763431652957 22.799890866024203
1110.5833333333333 25.067764684378066 22.80092020705835
1111.0833333333333 25.069732083845018 22.801958263553427
1111.5833333333333 25.071744651151455 22.802997563862867
1112.0833333333333 25.073770268008808 22.80403374132629
1112.5833333333333 25.075787810608006 22.80507545918432
1113.0833333333333 25.077824386058204 22.806117447588733
1113.5833333333333 25.079870868200707 22.80714922192171
1114.0833333333333 25.081924662262338 22.808200584683437
1114.5833333333333 25.083994243660705 22.809249819657623
1115.0833333333333 25.086055600398037 22.810292909090712
1115.5833333333333 25.088142968027647 22.81133784901502
1116.0833333333333 25.090243241368594 22.812385445297394
1116.5833333333333 25.092322241412063 22.81343068597241
1117.0833333333333 25.09444901649733 22.814479445148383
1117.5833333333333 25.0965593992275 22.815530748344344
1118.0833333333333 25.0987053089927 22.816573725587688
1118.5833333333333 25.100850723800313 22.81763281199263
1119.0833333333333 25.1030120944087 22.818685272223288
1119.5833333333333 25.105159412256718 22.819737471673545
1120.0833333333333 25.107358395498522 22.820794303652
1120.5833333333333 25.10951697956351 22.821861673993414
1121.0833333333333 25.11172183711201 22.822916952625665
1121.5833333333333 25.113916859018467 22.823979189316432
1122.0833333333333 25.116130724520232 22.82503154487458
1122.5833333333333 25.11837414367033 22.82609362396951
1123.0833333333333 25.120602370749605 22.82715023633419
1123.5833333333333 25.12285913141401 22.828220736485108
1124.0833333333333 25.125111092268387 22.829289234432373
1124.5833333333333 25.127414822714435 22.830355990710363
1125.0833333333333 25.12968082450117 22.831420825754307
1125.5833333333333 25.131961090069336 22.83248915332432
1126.0833333333333 25.134275128551966 22.833559140029777
1126.5833333333333 25.1366001495547 22.834638320582368
1127.0833333333333 25.138909120528563 22.835704628745738
1127.5833333333333 25.14127149278956 22.83677387838681
1128.0833333333333 25.14363526548198 22.837851798784502
1128.5833333333333 25.146005909223565 22.83891878630841
1129.0833333333333 25.14839270880134 22.839998366757843
1129.5833333333333 25.15078374282197 22.841071656927767
1130.0833333333333 25.153190052408732 22.84214697291884
1130.5833333333333 25.155608859474277 22.84323678792361
1131.0833333333333 25.158040761312744 22.84430962505272
1131.5833333333333 25.160495803122505 22.845391366037777
1132.0833333333333 25.162960004593376 22.846471316796645
1132.5833333333333 25.16544372943158 22.847551214449453
1133.0833333333333 25.16791449162818 22.848653958343537
1133.5833333333333 25.170397352683935 22.84972225362692
1134.0833333333333 25.17293287339414 22.850816397138903
1134.5833333333333 25.175438332230755 22.851904247284235
1135.0833333333333 25.178012809510886 22.852984918529238
1135.5833333333333 25.180534817703098 22.854079396401264
1136.0833333333333 25.18311883637405 22.85518113422922
