FastTrWP/PhaseSpace/IAs/snIa_0.57_30.00_0.12_-0.05.csv
# %ECSV 0.9
# ---
# datatype:
# - {name: time-rel, datatype: float64}
# - {name: g, datatype: float64}
# - {name: i, datatype: float64}
# schema: astropy-2.0
time-rel g i
[from data line 1769]
470.5 24.71513685739471 22.573501690543672
471.0 24.71687616476444 22.574139597878805
471.5 24.71859882156098 22.574775019959233
472.0 24.72032191606133 22.575419976614466
472.5 24.722036185938244 22.57605881967165
473.0 24.723777483267433 22.5767028709936
473.5 24.725495430031327 22.577339931388593
474.0 24.727238898765975 22.577990690204693
474.5 24.7289511958023 22.578630653772894
475.0 24.730681912375747 22.579272119883676
475.5 24.732413471308043 22.579913867342345
476.0 24.734141681988334 22.580569670597086
476.5 24.735864186665605 22.581217143400632
477.0 24.737588736353025 22.581863837488555
477.5 24.73931594866088 22.58250999146923
478.0 24.74104930638611 22.58316082163646
478.5 24.7427784089438 22.58380970105845
479.0 24.74448184953108 22.58445847677831
479.5 24.7462328688594 22.58512391029619
480.0 24.747949224876024 22.585765114721966
480.5 24.749673495901312 22.586418437728955
481.0 24.751419815121448 22.587081850053885
481.5 24.753133129245747 22.587728579747896
482.0 24.75487618739431 22.588390537180768
482.5 24.75659828424486 22.589039112993888
483.0 24.758343434927387 22.58969846595152
483.5 24.76008853524943 22.590346933556724
484.0 24.761795032335495 22.591005727746047
484.5 24.763527847245243 22.591667606328457
485.0 24.765258540464554 22.592328526372306
485.5 24.76699157878698 22.592974625395286
486.0 24.768749201301766 22.593645632979943
486.5 24.770471313615694 22.594307099739176
487.0 24.772219769354496 22.59496291206643
487.5 24.77394563384909 22.595625185985632
488.0 24.775701814167252 22.59629548534064
488.5 24.777442178432057 22.596950681801943
489.0 24.779159389707853 22.59761738373819
489.5 24.78092535148186 22.598290676295957
490.0 24.782653789055438 22.59894274518946
490.5 24.78440628174613 22.599613200017437
491.0 24.786159747999832 22.600284400225465
491.5 24.787909048557047 22.600946873803103
492.0 24.789645945460702 22.601624420651415
492.5 24.79140328523139 22.602291734356065
493.0 24.793173642104875 22.602951672117744
493.5 24.794912457172877 22.603630967377406
494.0 24.796659857033482 22.604298410744708
494.5 24.79841173419217 22.60496574973132
495.0 24.800170666728985 22.605638863338392
495.5 24.80191198375315 22.60631811489312
496.0 24.803650779243878 22.606984286445577
496.5 24.80542935609676 22.6076597146372
497.0 24.80718145130481 22.60833420999161
497.5 24.80892815383925 22.60901668681302
498.0 24.810678153723135 22.60969068484192
498.5 24.812455204549195 22.61036746169426
499.0 24.814183035350506 22.61103264596137
499.5 24.815953324809215 22.61172272852765
500.0 24.81771512206098 22.612395820479016
500.5 24.819452888284612 22.613081197224947
501.0 24.82123914786481 22.613754340809678
501.5 24.822970509726133 22.614434890542583
502.0 24.824744271712007 22.615116588358767
502.5 24.826495537660193 22.615801958980015
503.0 24.82826875547663 22.616482920057148
503.5 24.829989142803697 22.617174576272177
504.0 24.83177002923275 22.617857743607807
504.5 24.833537654761013 22.618534553561837
505.0 24.83525762892593 22.619236194133023
505.5 24.837025738252866 22.61991516204369
506.0 24.838794538886198 22.62060278979275
506.5 24.840554285736957 22.62128501513598
507.0 24.842305442322864 22.621979715693463
507.5 24.844080899091693 22.622668458818694
508.0 24.84583605791691 22.62336330850178
508.5 24.847556578631995 22.62405035622328
509.0 24.849335446656312 22.624745245771805
509.5 24.85108040173077 22.625434566407815
510.0 24.85286134683519 22.62613115031936
510.5 24.854611776265344 22.62682405804911
511.0 24.856380073776524 22.6275199694229
511.5 24.858147000082308 22.62821719731801
512.0 24.859895204104387 22.62891236366629
512.5 24.861668364322288 22.629607229732013
513.0 24.863424914602476 22.63031408647979
513.5 24.86519065756778 22.631013741972144
514.0 24.86697294239218 22.631709487781553
514.5 24.868732461552867 22.632413430185675
515.0 24.870495422605575 22.63311828142607
515.5 24.872260199061095 22.633823281008194
516.0 24.87402054537933 22.634521321835933
516.5 24.87578565187605 22.635223639617394
517.0 24.877547396097505 22.63592535449011
517.5 24.879319913807546 22.636640181103978
518.0 24.881077756862176 22.63734476241458
518.5 24.88287217162361 22.638047841218047
519.0 24.88461887046153 22.638766585475075
519.5 24.886384212273533 22.6394708133688
520.0 24.888154305697515 22.640181252573548
520.5 24.889925367190408 22.64089622226095
521.0 24.891704965209698 22.641602128263727
521.5 24.893471834084444 22.642325084527126
522.0 24.895258099316656 22.643027904696773
522.5 24.897027171215804 22.643745019977047
523.0 24.89879142586835 22.644464481957534
523.5 24.900549221875245 22.6451766540978
524.0 24.902336017470574 22.645897117142816
524.5 24.904097175481663 22.646616604679334
525.0 24.90589242274954 22.64733871743384
525.5 24.90767066232801 22.648055948921268
526.0 24.90945253442726 22.648777908432173
526.5 24.91123172228606 22.64949580077774
527.0 24.913011929330295 22.650224271645307
527.5 24.914781128107677 22.650950255590573
528.0 24.91656772062917 22.65166751166024
528.5 24.91831674281405 22.65240293329045
529.0 24.920116316873564 22.65312343019864
529.5 24.92188135055537 22.653849884877605
530.0 24.92368840712203 22.65458048405577
530.5 24.92545938439822 22.65531299350879
531.0 24.927246107772504 22.656041398854107
531.5 24.929042749295288 22.65676610034987
532.0 24.930818205049356 22.657503631950537
532.5 24.932580680265186 22.65824082347806
533.0 24.934377831328685 22.65897753159601
533.5 24.936155807757103 22.659708674472952
534.0 24.937922612840048 22.66045120696144
534.5 24.939724787951153 22.66118248628892
535.0 24.941516204747188 22.661917550436268
535.5 24.94328014588819 22.662643565108098
536.0 24.945079552774423 22.663396924752853
536.5 24.9468682933316 22.664138459113357
537.0 24.948675365810548 22.66487181564157
537.5 24.95045466634557 22.66562143501178
538.0 24.952230869715248 22.6663610748532
538.5 24.954019672750984 22.667098964027236
539.0 24.95581014941628 22.66784008442046
539.5 24.95759116268243 22.668589863824966
540.0 24.959379770710036 22.669343943463037
540.5 24.961161278652753 22.67008360569385
541.0 24.962969366695432 22.670830200615416
541.5 24.964735507871264 22.671586997514442
542.0 24.96654165705319 22.672327223675637
542.5 24.968319886913825 22.673074350931568
543.0 24.970118534912196 22.67383162180422
543.5 24.9719093477202 22.674586583896353
544.0 24.97369862193366 22.675335617840524
544.5 24.975473187166664 22.67609810537109
545.0 24.977291609469702 22.676847253620117
545.5 24.979059431093788 22.67761104952173
546.0 24.980859870928704 22.678363357555643
546.5 24.982650539104743 22.679120606357323
547.0 24.98444566371399 22.67987411345189
547.5 24.986248421750794 22.680637995237394
548.0 24.98803916811445 22.681403080504655
548.5 24.98983322541794 22.682159730777865
549.0 24.991610612358084 22.682926411461295
549.5 24.99342157334247 22.683689118518
550.0 24.995214268763227 22.68445215891774
550.5 24.997010477751513 22.685217785706527
551.0 24.99880135284296 22.685992170343834
551.5 25.000610160057356 22.686757027039356
552.0 25.002421451812356 22.687526241551414
552.5 25.00419548944077 22.688297834917712
553.0 25.00600258743986 22.689070301789847
553.5 25.007790559177185 22.689840739954114
554.0 25.00960497794967 22.690613574323738
554.5 25.011398953474192 22.6913860486119
555.0 25.01320430826498 22.692160402373183
555.5 25.014987670811585 22.692938978630536
556.0 25.016802540321716 22.693717995398114
556.5 25.01858864406583 22.694493019270496
557.0 25.020397384349003 22.695274928773568
557.5 25.02219973831796 22.69605095432896
558.0 25.024009938412696 22.69683397632015
558.5 25.025815785806557 22.697619430785203
559.0 25.02761817147907 22.69839994264631
559.5 25.02942123331275 22.69918338827992
560.0 25.031214650417514 22.69996989899405
560.5 25.033038460572552 22.700755055087477
561.0 25.03483673424339 22.701548722834964
561.5 25.036650763655977 22.702337257563705
562.0 25.038431232926133 22.703131378970767
562.5 25.040255648057542 22.70391811880102
563.0 25.04205376342659 22.704714719682833
563.5 25.043867019850914 22.705504713697707
564.0 25.045710721081566 22.706300138690242
564.5 25.047521714806482 22.707099190369313
565.0 25.04932048098427 22.707892963961285
565.5 25.05112215895718 22.70868829023093
566.0 25.05291416742331 22.709493424045
566.5 25.05473876513722 22.7102958091711
567.0 25.05657202118269 22.71108996178861
567.5 25.058384515245457 22.71190108000623
568.0 25.06018606824898 22.712700547128666
568.5 25.06202121957339 22.71351289217047
569.0 25.063824871709357 22.714325291270967
569.5 25.065627596599207 22.715131420134284
570.0 25.067449381091645 22.71593067588091
570.5 25.0692757712743 22.71673815807759
571.0 25.07109616080551 22.71755693445675
571.5 25.072911515184234 22.718367921909138
572.0 25.07472843229563 22.719180169062266
572.5 25.076540261890464 22.71999405899402
573.0 25.078358021376175 22.7208062765405
573.5 25.0801803200316 22.72163468667379
574.0 25.082005807681888 22.722451780471783
574.5 25.083835439041483 22.72326307349705
575.0 25.085642318305666 22.724093372923146
575.5 25.087468815206986 22.72490937398791
576.0 25.089276023585967 22.72572741182112
576.5 25.091121407029302 22.72656055014444
577.0 25.092932207711023 22.727382258647243
577.5 25.094772582016272 22.72820905910323
578.0 25.096573930142334 22.7290352865802
578.5 25.09839571230917 22.729869233194094
579.0 25.100217121215593 22.730704019367586
579.5 25.10204758670914 22.731529636014752
580.0 25.1038571311122 22.73235717820725
580.5 25.105690946977663 22.733200364636286
581.0 25.10750865233129 22.734028769721736
581.5 25.109352250933146 22.734861916846278
582.0 25.11117031789723 22.73570124102929
582.5 25.113000853844028 22.736540263986107
583.0 25.114811079145163 22.737383004610777
583.5 25.116640934399417 22.738212896435286
584.0 25.118454233925238 22.73906958807465
584.5 25.120302791677492 22.73990654415698
585.0 25.122116292652006 22.740752833599448
585.5 25.12396462153305 22.741598441029044
586.0 25.12581113368438 22.742438189273265
586.5 25.12761613761578 22.743293115434145
587.0 25.129442550258393 22.744139822631798
587.5 25.131267359717068 22.74498950686827
588.0 25.133113817213967 22.745837651283438
588.5 25.13494030043775 22.746693608590647
589.0 25.136771981675903 22.747541762558285
589.5 25.138594989126464 22.748399089140037
590.0 25.140419524209303 22.74926067802226
590.5 25.142257888978754 22.750111192825024
591.0 25.14408549598273 22.7509755509023
591.5 25.14592656401441 22.751827338734522
592.0 25.147755741217797 22.752691459432228
592.5 25.14959902488092 22.753555593808983
593.0 25.151414604194578 22.754418835722348
593.5 25.1532661403862 22.755280369365213
594.0 25.155105775737326 22.756145374307764
594.5 25.15692146170656 22.757012973893115
595.0 25.15875496149068 22.757876294180978
595.5 25.16060351427418 22.7587537691375
596.0 25.162438994938036 22.759611202011925
596.5 25.164278361288446 22.760491632716274
597.0 25.166092305778474 22.761361032283954
597.5 25.167953339520494 22.76223313810743
598.0 25.16979039962918 22.763108231522796
598.5 25.171614346326834 22.7639817931137
599.0 25.17344421597185 22.764862278025817
599.5 25.175305482166827 22.765741560830307
600.0 25.17714642946638 22.76662168962631
600.5 25.178981810251084 22.767490929981435
601.0 25.18080854457188 22.76838327710637
601.5 25.18266726919165 22.769270014976975
602.0 25.18450268458315 22.770156534263325
602.5 25.18635105147617 22.771035084308025
603.0 25.188184183913283 22.771927674191865
603.5 25.190028356704914 22.772811317971218
604.0 25.191877499257266 22.773697148089276
604.5 25.193704133715364 22.774593508369932
605.0 25.195559916492194 22.775488599874613
605.5 25.197391968939712 22.776379571696054
606.0 25.199250264798128 22.777267909664324
606.5 25.20109059490402 22.778165077396295
607.0 25.20293166159067 22.779055575333377
607.5 25.2047958111801 22.779967163439288
608.0 25.206612454833884 22.780871066579586
608.5 25.208488281370624 22.78177220101604
609.0 25.210319568571585 22.7826813615342
609.5 25.212170341599176 22.783588604885708
610.0 25.214018176376584 22.78450307337816
610.5 25.215873988608838 22.785416709675715
611.0 25.21770789197271 22.786332276644224
611.5 25.219575273023565 22.78724589193981
612.0 25.221414989798426 22.788163149532362
612.5 25.22325301925594 22.78908188823928
613.0 25.225112080229074 22.79000384350364
613.5 25.22696175422913 22.790922163277582
614.0 25.228814498470626 22.79184630307342
614.5 25.230682242472128 22.792788020475253
615.0 25.232515715934234 22.79370535971317
615.5 25.234392357506973 22.79462592651743
616.0 25.23622653690165 22.79556897511974
616.5 25.238067702036634 22.796489954450085
617.0 25.239941808217175 22.797428274957028
617.5 25.241768743957337 22.79836527168921
618.0 25.243658912304497 22.79930720471341
618.5 25.245510398872515 22.800245118080454
619.0 25.247345606831928 22.801181703588863
619.5 25.249195359090418 22.80211959843701
620.0 25.251046973193404 22.803057506006482
620.5 25.25291099887251 22.804001404968353
621.0 25.254761224801957 22.804939656932017
621.5 25.25661353193025 22.80588840990385
622.0 25.258467155810052 22.80683893712689
622.5 25.260318935453583 22.807792179063895
623.0 25.26217829155353 22.808731706628148
623.5 25.26403492235453 22.809686039411602
624.0 25.265883740821323 22.810636186441407
624.5 25.267762542062083 22.811585226570052
625.0 25.269609392861007 22.812533509643366
625.5 25.27143532361706 22.813489914094166
626.0 25.273312280589487 22.81444953586577
626.5 25.275169723973377 22.8154025288542
627.0 25.277043086415972 22.816364655893906
627.5 25.278862443493402 22.81731337484844
628.0 25.280731921568 22.818269285799676
628.5 25.282600374265478 22.819227233919346
629.0 25.284432440452097 22.82018470154137
629.5 25.286280809102806 22.82114652282461
630.0 25.288164941024128 22.822102250572044
630.5 25.290020741084604 22.823065145708895
631.0 25.29187292028695 22.82402256565603
631.5 25.293714805214258 22.824979334945876
632.0 25.295570463781402 22.82594107696283
632.5 25.297421641703348 22.826910821503475
633.0 25.29927586500345 22.82786712144147
633.5 25.301146840951493 22.828823473763563
634.0 25.302992584372618 22.82979145638845
634.5 25.304859568583527 22.83074963896499
635.0 25.306685179925292 22.831717278636457
635.5 25.308549709544543 22.83268116746771
636.0 25.310409284963924 22.833639196188717
636.5 25.312252819900504 22.83460554013386
637.0 25.314107511645496 22.835553739253953
637.5 25.315972187135177 22.83653268713493
638.0 25.317840891236365 22.83749452262346
638.5 25.319681085053073 22.838456820722183
639.0 25.321548042960114 22.83941097598611
639.5 25.323369671063904 22.840379336965352
640.0 25.325224378543872 22.841330937234773
640.5 25.327087197320246 22.842299762601503
641.0 25.328931379201972 22.843263279472215
641.5 25.330802850985247 22.844220498472584
642.0 25.33263593041894 22.845181470122196
642.5 25.33449291517242 22.84614438518505
643.0 25.33632186046452 22.8470978015352
643.5 25.33818712459994 22.848061213356665
644.0 25.340048090515303 22.849025995851363
644.5 25.341902999246663 22.84998323630421
645.0 25.34374047660628 22.850939547446053
645.5 25.345608506220408 22.85190843885369
646.0 25.347445075585576 22.85286604341585
646.5 25.349274876559956 22.853826687299538
647.0 25.351149785973703 22.8547828986558
647.5 25.352982715256584 22.85575472416469
648.0 25.35482141284239 22.856719230267185
648.5 25.356655019001156 22.8576843266602
649.0 25.358491721203205 22.858650524234243
649.5 25.360374876819844 22.859615275059475
650.0 25.362214166640396 22.86057846451392
650.5 25.36404275488546 22.861545116039817
651.0 25.365922555055075 22.86251656722692
651.5 25.36775063541302 22.863483236560462
652.0 25.36961359829892 22.86445885169786
652.5 25.371459219327534 22.86541481414988
653.0 25.37328941823349 22.866394392821622
653.5 25.375132419090573 22.867358131656374
654.0 25.37696184647434 22.868326577421474
654.5 25.37882006903528 22.86929738964473
