FastTrWP/PhaseSpace/IAs/snIa_0.44_30.00_0.35_-0.04.csv
# %ECSV 0.9
# ---
# datatype:
# - {name: time-rel, datatype: float64}
# - {name: g, datatype: float64}
# - {name: i, datatype: float64}
# schema: astropy-2.0
time-rel g i
[from data line 1077]
122.0 23.222866413485743 22.414011129494643
122.5 23.223983269319483 22.413940880249314
123.0 23.225112895208024 22.41388887438741
123.5 23.226243851400874 22.41381865737135
124.0 23.227371325255497 22.41377190376019
124.5 23.22850010305593 22.413711062779427
125.0 23.22964026977533 22.413650758756923
125.5 23.23077750022953 22.413599394416295
126.0 23.23191746069915 22.41355076552926
126.5 23.233050693391156 22.413495908893132
127.0 23.23419035264047 22.413458623289575
127.5 23.235336363716193 22.41341143592645
128.0 23.236485524555786 22.413370564214
128.5 23.23763536712695 22.41332395472627
129.0 23.23877713516467 22.413282002359836
129.5 23.23992760901483 22.413251192021356
130.0 23.241071458002082 22.413214707111347
130.5 23.242234167423707 22.413182737496847
131.0 23.24338171712366 22.413149855712668
131.5 23.244529826865868 22.413117702124975
132.0 23.245674411256623 22.413089542430654
132.5 23.246843547584565 22.413060926121258
133.0 23.247992176841443 22.413043076317315
133.5 23.249147271768493 22.413013904866755
134.0 23.250301604512657 22.412992826842597
134.5 23.25145669473226 22.412977875812658
135.0 23.252606033617923 22.41295567186283
135.5 23.253766703132545 22.412943992625294
136.0 23.254918887925573 22.412919954214843
136.5 23.25607299813209 22.41289971566016
137.0 23.257234112547252 22.412900416769972
137.5 23.258392150264235 22.41288370465092
138.0 23.259540030425935 22.41287302893285
138.5 23.260692977092134 22.41287063638278
139.0 23.261839955320905 22.41287011934176
139.5 23.262995736206964 22.412858968497424
140.0 23.264160127973298 22.412862497924944
140.5 23.265320976739545 22.41286607287354
141.0 23.266473471761064 22.4128645996641
141.5 23.26763268140978 22.412871207784573
142.0 23.26880029983259 22.41287971797064
142.5 23.269973513559165 22.41288549464192
143.0 23.27113285104216 22.41289316773984
143.5 23.272306362312744 22.41290440757792
144.0 23.273476479371766 22.412921824177342
144.5 23.27465101135282 22.412938937920543
145.0 23.27582128130566 22.412952887826876
145.5 23.27700080705766 22.412969209951846
146.0 23.278180929033926 22.412998642433266
146.5 23.27935089976755 22.413015353797267
147.0 23.28054852864177 22.413044848061446
147.5 23.281714537815507 22.41306817933603
148.0 23.28291220025159 22.41310148525441
148.5 23.28408614207727 22.41313223926527
149.0 23.28527578974459 22.413165945071633
149.5 23.286476498722042 22.413198855510743
150.0 23.287663085467784 22.413231537447864
150.5 23.288861219215377 22.41327327625758
151.0 23.290057508122434 22.413311942110976
151.5 23.291256137993273 22.413355783249127
152.0 23.292445911713706 22.413394840683726
152.4999999999999 23.2936437556302 22.41343935500965
153.0 23.294851568059837 22.413489466742487
153.5 23.296058846798253 22.41353871692699
153.9999999999999 23.297269982694587 22.413590685068364
154.5 23.29846970208305 22.413645719439987
155.0 23.299685566870853 22.41369693679722
155.4999999999999 23.300883619646 22.41375250076033
156.0 23.302099237664763 22.413810037982746
156.5 23.30330854373893 22.41387649670923
156.9999999999999 23.30452356354111 22.4139344747936
157.5 23.305739874323063 22.413997732501457
158.0 23.306959772818068 22.41406269303825
158.4999999999999 23.308178826350247 22.414139191080615
159.0 23.30939645667472 22.41419549563499
159.5 23.31062264219312 22.414269163253735
159.9999999999999 23.311842473627316 22.414338950950217
160.5 23.313079310967435 22.414411983102653
161.0 23.31429711823536 22.414488687191806
161.4999999999999 23.315524557665807 22.414572499681334
162.0 23.316756327068898 22.414653414104627
162.5 23.31797584739715 22.414731395616776
162.9999999999999 23.319228078673376 22.4148116793045
163.5 23.320446405203235 22.41489328441499
164.0 23.321695891993595 22.4149834764672
164.4999999999999 23.32292508434761 22.41506971789861
165.0 23.324175704015502 22.415160752122762
165.5 23.32540729632076 22.415255704375667
165.9999999999999 23.32664962135552 22.415353038316
166.5 23.327903568685834 22.415442868662886
167.0 23.329140287192903 22.415535775823745
167.4999999999999 23.33039399514556 22.41563332521649
168.0 23.33163446051382 22.415732811363064
168.5 23.332885113737984 22.415838646533054
168.9999999999999 23.334140407831935 22.415946375199546
169.5 23.335390323313185 22.41605235136426
170.0 23.33664741868931 22.41616319575504
170.4999999999999 23.33790094175843 22.41625862373776
171.0 23.339156162739208 22.416374710950002
171.5 23.34042226929572 22.416487818872422
171.9999999999999 23.34167630019951 22.41659605436378
172.5 23.342940817002763 22.41671381125122
173.0 23.344200715768558 22.41683727571044
173.4999999999999 23.34545335124833 22.416953242561934
174.0 23.346728698318945 22.41707594072423
174.5 23.34800016376976 22.417190691662952
174.9999999999999 23.349267699588793 22.417318537405954
175.5 23.350543431728987 22.41743936500551
176.0 23.35182680990672 22.41757370681308
176.4999999999999 23.35308735928568 22.41769473879308
177.0 23.354358163037006 22.417829173108185
177.5 23.355651797809777 22.417964688132418
177.9999999999999 23.356926947920954 22.418094699361898
178.5 23.358201874803118 22.418239401519525
179.0 23.35949009907935 22.418376585505413
179.4999999999999 23.360772028043723 22.418519947527493
180.0 23.362073525779028 22.41866157466292
180.5 23.36335294176958 22.41879997072136
180.9999999999999 23.364644756534197 22.41894947133641
181.5 23.365933831693972 22.419099414725338
182.0 23.36724006716978 22.419249687295096
182.4999999999999 23.368529295873813 22.419406755010275
183.0 23.369834079085155 22.41955593063947
183.5 23.371123990538013 22.419708782546664
183.9999999999999 23.372423670056563 22.41986753403075
184.5 23.373738621884662 22.420027676462087
185.0 23.375039996494458 22.420187713113457
185.4999999999999 23.37634659325772 22.42034790292784
186.0 23.37765678172093 22.42051472337551
186.5 23.378972712308897 22.42068645103315
186.9999999999999 23.380286186991135 22.42084822481845
187.5 23.381582971590532 22.421018956981076
188.0 23.382911903185008 22.42119392848697
188.4999999999999 23.384230147699515 22.42136208943837
189.0 23.38554922739874 22.421533715576967
189.5 23.386864067148892 22.42171813799792
189.9999999999999 23.388177707019615 22.421890019479545
190.5 23.389503535504325 22.422070373138396
191.0 23.390837520010198 22.422248479065455
191.4999999999999 23.392164628104037 22.422438364227553
192.0 23.39348915947697 22.42262290722699
192.5 23.394825837387835 22.42281214466601
192.9999999999999 23.396160134110854 22.42299817131416
193.5 23.397487607532597 22.423188108102057
194.0 23.398818697642415 22.42337188788372
194.4999999999999 23.400155725770112 22.423566630181845
195.0 23.401499720230813 22.42376886048455
195.5 23.40283944542698 22.423960631845436
195.9999999999999 23.404181610540114 22.424156745395777
196.5 23.405522537597815 22.424359399828127
197.0 23.40686990667384 22.4245582266957
197.4999999999999 23.408219860622694 22.424755702349913
198.0 23.409554582827003 22.424969433171928
198.5 23.410903510115695 22.425177819859577
198.9999999999999 23.41226003371699 22.425379244059602
199.5 23.41361072683897 22.425593100045795
200.0 23.41496693788717 22.425803139531233
200.4999999999999 23.416322261263872 22.426015511231682
201.0 23.417676435270728 22.42622563850236
201.5 23.41904819547876 22.426446817022338
201.9999999999999 23.420399635174736 22.426657986321473
202.5 23.421760760137886 22.42688042001963
203.0 23.42311704613938 22.42710153942056
203.4999999999999 23.42447927204791 22.427315165154145
204.0 23.42584919435485 22.427548741551064
204.5 23.42721289075135 22.427771344198803
204.9999999999999 23.42857793186824 22.42799844058532
205.5 23.42994956967175 22.428221899493774
206.0 23.43132337360519 22.4284523102839
206.4999999999999 23.432695971878147 22.42868662440705
207.0 23.434073368106848 22.428914912351008
207.5 23.43544996355179 22.429148138082585
207.9999999999999 23.436818790851163 22.42938923371909
208.5 23.438210961704016 22.429623013219356
209.0 23.43957357740509 22.429861594242965
209.4999999999999 23.440959093855707 22.430099787783977
210.0 23.442351543355258 22.43035030642115
210.5 23.443745841916662 22.430586657292004
210.9999999999999 23.445132885303273 22.430832948291336
211.5 23.44653292893962 22.431081713397802
212.0 23.44791301017147 22.43133815528587
212.4999999999999 23.449312843245256 22.431581812810897
213.0 23.450715792814254 22.431831154223836
213.5 23.452125518065984 22.432094592016867
213.9999999999999 23.453534995977737 22.4323488122854
214.5 23.454943722661376 22.432603581118155
215.0 23.456343988189335 22.432868132820904
215.4999999999999 23.457750999551475 22.433129256922008
216.0 23.459172171464306 22.43339754658419
216.5 23.460586624841593 22.433658286162096
216.9999999999999 23.462004512235456 22.433927110050178
217.5 23.463427760586313 22.434190929277943
218.0 23.46485588083314 22.434457492402142
218.4999999999999 23.466264584485362 22.434734495193823
219.0 23.467684204952953 22.43500554806389
219.5 23.46912016494858 22.435285145860423
219.9999999999999 23.470542514957593 22.435564532651785
220.5 23.471978950439553 22.435839479902956
221.0 23.473401304665845 22.436114158948
221.4999999999999 23.474832360820518 22.436399120381335
222.0 23.476277154035486 22.436678704041046
222.5 23.477704796146202 22.436970900724805
222.9999999999999 23.479145400482363 22.437261438360935
223.5 23.480592900738642 22.43755086689358
224.0 23.482030099028375 22.437830464987375
224.4999999999999 23.48347116497115 22.438128852489466
225.0 23.48491302587991 22.43841933108371
225.5 23.486343197085247 22.438722098159193
225.9999999999999 23.48779865568457 22.439014751558645
226.5 23.48925454122942 22.4393117411567
227.0 23.490700767297707 22.439606945351986
227.4999999999999 23.49214242125413 22.439906293921453
228.0 23.493589784581182 22.440216391708244
228.5 23.4950544238275 22.44052627592408
228.9999999999999 23.49650387731731 22.44082688938868
229.5 23.497947463996034 22.44113795383242
230.0 23.499404525559093 22.44144836891541
230.4999999999999 23.50086196869421 22.441746735797654
231.0 23.50230845286091 22.442056647690656
231.5 23.50377033960006 22.442372328187318
231.9999999999999 23.505228126007502 22.442699785326894
232.5 23.50669579443967 22.44300812995018
233.0 23.508150021976164 22.443330110445153
233.4999999999999 23.50960597443956 22.443653390187475
234.0 23.51106968107972 22.443975627791957
234.5 23.512529350089594 22.444297588123597
234.9999999999999 23.513990925515415 22.444620373050963
235.5 23.515443216884062 22.444946232076866
236.0 23.516909039368258 22.445274592518704
236.4999999999999 23.518372649858325 22.445602313357927
237.0 23.519819464852738 22.445931642826316
237.5 23.521293611700266 22.446263280407468
237.9999999999999 23.522760884484416 22.446600427176207
238.5 23.52422102914001 22.446933169042012
239.0 23.525696072321367 22.447266964599155
239.4999999999999 23.52714652365087 22.447607022845286
240.0 23.528618877832788 22.44794871436017
240.5 23.53007636562156 22.448289341825664
240.9999999999999 23.53154900709618 22.448640040982447
241.5 23.533017923115025 22.448979222835813
242.0 23.534471591752812 22.449323640201385
242.4999999999999 23.535933449421343 22.44967382311883
243.0 23.53740242293548 22.450020234563453
243.5 23.5388685430512 22.45037511789553
243.9999999999999 23.54033700212733 22.450724011996783
244.5 23.541809036323347 22.451081344778878
245.0 23.543274697050293 22.451434868458847
245.4999999999999 23.544748088583155 22.451789070883255
246.0 23.546210409027516 22.452154297880984
246.5 23.547689133092817 22.45251530816885
246.9999999999999 23.549164596801493 22.452870925405712
247.5 23.55063283727283 22.453238704196835
248.0 23.5521221374799 22.453607408894246
248.4999999999999 23.553595368023082 22.453977381306803
249.0 23.55507440900628 22.45434465507682
249.5 23.556546937182006 22.45471566542968
249.9999999999999 23.558029576570668 22.45508898799121
250.5 23.559509536780553 22.45546649771771
251.0 23.5609957881547 22.455832637433346
251.4999999999999 23.562470580912187 22.456218514066325
252.0 23.563949123096993 22.456602084541473
252.5 23.56543964487482 22.456983465383193
252.9999999999999 23.56692095614307 22.45735829940626
253.5 23.56840892215066 22.45775100938775
254.0 23.56988698896592 22.458130628279495
254.4999999999999 23.57139304202573 22.45852319541319
255.0 23.572867001868453 22.45891117195201
255.5 23.574359242001197 22.459299990495083
255.9999999999999 23.5758532373708 22.459695634550798
256.5 23.5773487664097 22.46008622078125
257.0 23.578842944271873 22.46048435897132
257.4999999999999 23.580332545695445 22.460882766097008
258.0 23.58181972125244 22.46128258918322
258.5 23.583306333639843 22.461679996383985
258.9999999999999 23.584800077729273 22.462086225090054
259.5 23.586302534297584 22.462481017177822
260.0 23.58779212350539 22.462897868690867
260.4999999999999 23.589290277909306 22.463302247973154
261.0 23.590796252174314 22.463713232910806
261.5 23.59228496655872 22.464120478074825
261.9999999999999 23.593788786371064 22.464532804811608
262.5 23.595279076863065 22.46494765305713
263.0 23.596784327795636 22.4653556650697
263.4999999999999 23.59829499933012 22.465773166720492
264.0 23.59979603452722 22.466195415372564
264.5 23.60129894022096 22.466610925562655
264.9999999999999 23.602793024959166 22.467041381764776
265.5 23.604300331706455 22.467456042641736
266.0 23.605806367457006 22.467883739364648
266.4999999999999 23.607306933502162 22.468306845355777
267.0 23.608819719340126 22.468731045753636
267.5 23.610327366109875 22.469159933152053
267.9999999999999 23.611827474895154 22.469594538337855
268.5 23.61334580957882 22.470016495830055
269.0 23.614851419995905 22.470457463612696
269.4999999999999 23.616360789378824 22.470894865065787
270.0 23.61787118177075 22.471329439446155
270.5 23.619383000938868 22.471759931718445
270.9999999999999 23.620886846833592 22.47219924451038
271.5 23.622404356685408 22.472639606873056
272.0 23.62391320318322 22.473086810285846
272.4999999999999 23.625434310605506 22.473526037258548
273.0 23.626947097647992 22.473972454311465
273.5 23.628455503454454 22.474420251579225
273.9999999999999 23.62997295687101 22.474866372303453
274.5 23.631489556591838 22.47531854622668
275.0 23.633006225753867 22.475765134083243
275.4999999999999 23.634521604259074 22.476213164482203
276.0 23.63602861701727 22.476669850930495
276.5 23.63756422358366 22.477127461604553
276.9999999999999 23.639060622105177 22.477578782072527
277.5 23.64059631401398 22.47803541439424
278.0 23.642114878640008 22.47849763556586
278.4999999999999 23.64363670225334 22.478950838356777
279.0 23.645151630768524 22.47942034542657
279.5 23.64666787365868 22.479879326994336
279.9999999999999 23.648190954362832 22.480342609952203
280.5 23.649716647631813 22.480816399098472
281.0 23.651242757352748 22.481291176534466
281.4999999999999 23.6527517981224 22.481755582148068
282.0 23.65427289957996 22.48222972440527
282.5 23.65580814913634 22.482698520865036
282.9999999999999 23.65734337882593 22.483176894747103
283.5 23.658850561680545 22.483649165977386
284.0 23.660379185029647 22.484132814944306
284.4999999999999 23.66189422224472 22.484618148892714
285.0 23.663429543675747 22.485096820698104
285.5 23.664976432482106 22.485587771888703
285.9999999999999 23.66648741624257 22.486066269733143
286.5 23.66802010921278 22.486551604325804
287.0 23.669559275404055 22.487041912920866
287.4999999999999 23.671085857730013 22.487535259966315
288.0 23.67260587374212 22.488022788067887
288.5 23.67414281831731 22.488523751362205
288.9999999999999 23.675671198142837 22.48901175977317
289.5 23.67720707444803 22.48951122035959
290.0 23.67874460312752 22.490008422688383
290.4999999999999 23.680277372042433 22.490507848868706
291.0 23.68180756762506 22.49101179552056
291.5 23.683347025560508 22.49151938080265
291.9999999999999 23.684884189044794 22.49202008130077
292.5 23.686429151547912 22.492525552674522
293.0 23.687956537501904 22.49303330920446
