FastTrWP/PhaseSpace/IAs/snIa_0.50_30.00_2.61_0.14.csv
# %ECSV 0.9
# ---
# datatype:
# - {name: time-rel, datatype: float64}
# - {name: g, datatype: float64}
# - {name: i, datatype: float64}
# schema: astropy-2.0
time-rel g i
[from data line 1443]
838.5208333333334 23.838953078873818 22.304391103196224
839.0208333333334 23.840064104572797 22.304674699803474
839.5208333333333 23.841171189352668 22.304960302804115
840.0208333333334 23.842282708090053 22.305248170166184
840.5208333333334 23.843379563576384 22.30553505417147
841.0208333333333 23.84449782363528 22.3058187992074
841.5208333333334 23.845593525498856 22.30611835142063
842.0208333333334 23.846709500352507 22.30639387842833
842.5208333333333 23.84782268420709 22.30668540014741
843.0208333333334 23.848919218125182 22.30697751464303
843.5208333333334 23.85003966202254 22.307266246673414
844.0208333333333 23.851151337092794 22.3075568924957
844.5208333333334 23.852270269352328 22.307852929981408
845.0208333333334 23.853382085814317 22.308142635875594
845.5208333333333 23.854501005939554 22.30844021629318
846.0208333333334 23.855615697375598 22.308735783577628
846.5208333333334 23.85673670094073 22.30903141324167
847.0208333333333 23.85784717834015 22.309323909015504
847.5208333333334 23.85897903621794 22.30962298962712
848.0208333333334 23.860108656778 22.309923973934232
848.5208333333333 23.86122584144505 22.31021807266889
849.0208333333334 23.862333835915575 22.31052274525299
849.5208333333334 23.863464575929157 22.310820718610415
850.0208333333333 23.86459034663978 22.311126807626138
850.5208333333334 23.86572530859755 22.31142361933166
851.0208333333334 23.866842973909527 22.311727193403964
851.5208333333333 23.86797596362845 22.312036608319698
852.0208333333334 23.86909230322065 22.312333778430954
852.5208333333334 23.87022711708743 22.312639598874206
853.0208333333333 23.8713626660504 22.312945331328425
853.5208333333334 23.872509562273734 22.313253246087562
854.0208333333334 23.873632362366056 22.313561602507
854.5208333333333 23.874745951783325 22.313869114143223
855.0208333333334 23.875896277024758 22.314173913738617
855.5208333333334 23.877038362560675 22.314477508571436
856.0208333333333 23.878164356698687 22.314793185550027
856.5208333333334 23.87930158484048 22.31510212393872
857.0208333333334 23.880445589313748 22.31541397283902
857.5208333333333 23.881585637242544 22.315731099430792
858.0208333333334 23.882719568712936 22.316039467962604
858.5208333333334 23.88386421621346 22.316359650849545
859.0208333333333 23.885012406724844 22.316665956093043
859.5208333333334 23.886152425265376 22.31698580503259
860.0208333333334 23.887287695399223 22.317295768531622
860.5208333333333 23.888447093927848 22.317621024840943
861.0208333333334 23.889599269041128 22.317931121561813
861.5208333333334 23.890741369769252 22.318243544569867
862.0208333333333 23.891892441557818 22.318554818958262
862.5208333333334 23.893027309928243 22.318876703185797
863.0208333333334 23.8941867309629 22.319191903169347
863.5208333333333 23.89534074858174 22.3195131364181
864.0208333333334 23.896485881185114 22.31983254912647
864.5208333333334 23.897632212741758 22.320154510725303
865.0208333333333 23.898786954363942 22.320476654317773
865.5208333333334 23.899939093421708 22.320803033406268
866.0208333333334 23.90109477689553 22.32112476953602
866.5208333333333 23.90224839842562 22.32143389934545
867.0208333333334 23.903412436197634 22.321760660196432
867.5208333333334 23.90457445658264 22.322092095725644
868.0208333333333 23.905720936519003 22.322411235411167
868.5208333333334 23.90689453792136 22.322729143008075
869.0208333333334 23.908049681858312 22.32306592753209
869.5208333333333 23.909212663386704 22.323382406143928
870.0208333333334 23.910374237639278 22.323704586051797
870.5208333333334 23.911541596684938 22.324036404382603
871.0208333333333 23.91270253794945 22.324354728109345
871.5208333333334 23.91386018118832 22.324685795019263
872.0208333333334 23.915023241485795 22.325011048890065
872.5208333333333 23.916183112736434 22.325336842816892
873.0208333333334 23.917369487693392 22.32566972967397
873.5208333333334 23.918536970582444 22.325995951472454
874.0208333333333 23.91969765399144 22.32632519565973
874.5208333333334 23.920869589996393 22.32665316585205
875.0208333333334 23.922036118247803 22.326984625827578
875.5208333333333 23.923209818704162 22.327310443488248
876.0208333333334 23.92439281968336 22.327641687378282
876.5208333333334 23.925563563360818 22.327971313661585
877.0208333333333 23.926731081596575 22.328303924253696
877.5208333333334 23.92790683915202 22.328635006253865
878.0208333333334 23.92908904306015 22.328968024739005
878.5208333333333 23.93026571713755 22.32929932629945
879.0208333333334 23.931447687264814 22.329632001166175
879.5208333333334 23.93261447007081 22.3299624523654
880.0208333333333 23.933793279921076 22.330301227517523
880.5208333333334 23.934985475268174 22.330637465291492
881.0208333333334 23.9361659465283 22.330977424292676
881.5208333333333 23.937346893870505 22.331309109620975
882.0208333333334 23.93853146338735 22.331645189300517
882.5208333333334 23.939702883656786 22.331977581561308
883.0208333333333 23.94090569024184 22.33232160164784
883.5208333333334 23.942084362898335 22.332656795453374
884.0208333333334 23.94327159126886 22.333004243082662
884.5208333333333 23.944452540616513 22.33334115276255
885.0208333333334 23.945644316709608 22.333672546707636
885.5208333333334 23.946839545087993 22.33401983658115
886.0208333333333 23.948023653101515 22.33436069492688
886.5208333333334 23.94922405523956 22.334704432558222
887.0208333333334 23.950415633881306 22.335045684036654
887.5208333333333 23.951611055978816 22.335391460461178
888.0208333333334 23.95280241967002 22.33574081910906
888.5208333333334 23.954007695562936 22.336084422110233
889.0208333333333 23.95519367315888 22.33642795946665
889.5208333333334 23.956404495854922 22.336768922644467
890.0208333333334 23.95759485650832 22.33711289393954
890.5208333333333 23.95880489644217 22.33746176990327
891.0208333333334 23.960002141067918 22.33780591239063
891.5208333333334 23.961199706276822 22.338153105928235
892.0208333333333 23.962401603380595 22.33850090503217
892.5208333333334 23.963605799870017 22.33884687559813
893.0208333333334 23.964814585949604 22.339197340361487
893.5208333333333 23.9660108333451 22.339551959769558
894.0208333333334 23.967209302776844 22.339902630198075
894.5208333333334 23.968438129334842 22.340250597591226
895.0208333333333 23.969625936699742 22.340599701998748
895.5208333333334 23.970858027842873 22.34095643448174
896.0208333333334 23.97205352779858 22.341304258522833
896.5208333333333 23.973278333934168 22.34165946770766
897.0208333333334 23.974483382122482 22.34200955024917
897.5208333333334 23.975701162437915 22.342360252980882
898.0208333333333 23.97690379413813 22.34271456362997
898.5208333333334 23.978129523260016 22.343073299064873
899.0208333333334 23.979357046710362 22.343424746808502
899.5208333333333 23.980559893588076 22.343784203713525
900.0208333333334 23.98178973496655 22.34414178211371
900.5208333333334 23.982992488765525 22.34449578486606
901.0208333333333 23.98421457898914 22.344858675251107
901.5208333333334 23.985439523603556 22.34521254996947
902.0208333333334 23.98666516754901 22.34557452822919
902.5208333333333 23.98789128133355 22.34593463923439
903.0208333333334 23.989111994455644 22.346292469111294
903.5208333333334 23.9903412343983 22.346656764506506
904.0208333333333 23.991577198808606 22.347010585844266
904.5208333333334 23.992812290734598 22.347371225627125
905.0208333333334 23.994032922798027 22.347736631304983
905.5208333333333 23.995272940791928 22.34809209996793
906.0208333333334 23.996505807194826 22.348453751777377
906.5208333333334 23.997739443642608 22.348821973120838
907.0208333333333 23.998965385503258 22.349186047891543
907.5208333333334 24.00019846342532 22.349549440293167
908.0208333333334 24.00144143289287 22.349914112353254
908.5208333333333 24.00267286144797 22.35027819782761
909.0208333333334 24.00393329592014 22.350645747062448
909.5208333333334 24.00515424459226 22.35101537148004
910.0208333333333 24.006397560101703 22.351387794838327
910.5208333333334 24.007643822112577 22.351750062468927
911.0208333333334 24.008891594284915 22.352112278791783
911.5208333333333 24.010135844621104 22.352483473029608
912.0208333333334 24.01138501999349 22.352851537800955
912.5208333333334 24.012630298429603 22.353215385991284
913.0208333333333 24.013870696554328 22.353592204388164
913.5208333333334 24.01511861339712 22.35395928605112
914.0208333333334 24.01637800022078 22.354336424931812
914.5208333333333 24.01763767822001 22.354700229269735
915.0208333333334 24.018879366062208 22.35507283975229
915.5208333333334 24.020118528224916 22.35544769389965
916.0208333333333 24.021377802000814 22.355817874944968
916.5208333333334 24.02263827370473 22.35619184252424
917.0208333333334 24.023903695567697 22.35656751484525
917.5208333333333 24.025153142536038 22.356942789835394
918.0208333333334 24.02641123168852 22.357313955779752
918.5208333333334 24.027671327343477 22.35769355530437
919.0208333333333 24.028934492521977 22.35806616426503
919.5208333333334 24.030197894238476 22.358444404907885
920.0208333333334 24.031457352835453 22.358823637070916
920.5208333333333 24.03272463030087 22.359201194342013
921.0208333333334 24.033998784609135 22.359574469320734
921.5208333333334 24.035256004327206 22.35995803827513
922.0208333333333 24.036530864692928 22.360335330859517
922.5208333333334 24.037804634207177 22.360721904821368
923.0208333333334 24.03905761666911 22.361097249484857
923.5208333333333 24.04033932793601 22.361478430805278
924.0208333333334 24.0416091104416 22.361861953875216
924.5208333333334 24.042875253119107 22.362241461653205
925.0208333333333 24.04415671867483 22.362619315541355
925.5208333333334 24.045439705920806 22.363004509806174
926.0208333333334 24.0467066133073 22.363388813571202
926.5208333333333 24.047987960494726 22.363782710098604
927.0208333333334 24.049283838335672 22.364165888076958
927.5208333333334 24.050562925858276 22.364540376274103
928.0208333333333 24.051840152434693 22.36493333502972
928.5208333333334 24.05311229125548 22.365326346223128
929.0208333333334 24.05440242883825 22.365704836208526
929.5208333333333 24.055679929569706 22.366094870290297
930.0208333333334 24.056980360803163 22.36648154066804
930.5208333333334 24.058274832983287 22.36687177153792
931.0208333333333 24.05955008033874 22.367264231283723
931.5208333333334 24.06084628022022 22.36765061235261
932.0208333333334 24.06215096680914 22.368042094080938
932.5208333333333 24.063435205139356 22.368429913359087
933.0208333333334 24.064722147555983 22.36882517711793
933.5208333333334 24.06603568642515 22.369212946078246
934.0208333333333 24.06730830484216 22.369612539164066
934.5208333333334 24.068608811834373 22.370004181711643
935.0208333333334 24.06991756133206 22.37039450782674
935.5208333333333 24.071221294152693 22.37078489757472
936.0208333333334 24.072519691555073 22.371189652816568
936.5208333333334 24.073826489742032 22.371579179202968
937.0208333333333 24.075136053823396 22.37197504244364
937.5208333333334 24.076436216214255 22.37237846846203
938.0208333333334 24.077733430719416 22.372769450505956
938.5208333333333 24.079051642406597 22.373170704011617
939.0208333333334 24.08036485310896 22.373564329849582
939.5208333333334 24.08168305009952 22.373962110528545
940.0208333333333 24.08299569362784 22.37436190473799
940.5208333333334 24.08429032042243 22.3747630228603
941.0208333333334 24.085601291680785 22.37516009414179
941.5208333333333 24.08692913981749 22.375568724819676
942.0208333333334 24.088244818050335 22.375964727076973
942.5208333333334 24.089557295834794 22.376363341061808
943.0208333333333 24.090884594101134 22.376766321364016
943.5208333333334 24.092221413507747 22.37717314914522
944.0208333333334 24.093541117047543 22.37757170930838
944.5208333333333 24.094865613697934 22.377976687896606
945.0208333333334 24.096191507168363 22.378378707925325
945.5208333333334 24.097518992823495 22.378789186482514
946.0208333333333 24.098840577707552 22.379195917540233
946.5208333333334 24.10018995922171 22.37960097433957
947.0208333333334 24.10151191962624 22.380009113055756
947.5208333333333 24.10285420859404 22.380420303107044
948.0208333333334 24.104173021867815 22.380821941778724
948.5208333333334 24.10552544715126 22.381228418094498
949.0208333333333 24.106854487068453 22.38163912237728
949.5208333333334 24.108190102888585 22.38204470061339
950.0208333333334 24.109530987349764 22.382458579499662
950.5208333333333 24.11088688554849 22.38286567552674
951.0208333333334 24.112217013274304 22.383276342246695
951.5208333333334 24.11357183552962 22.383677773673547
952.0208333333333 24.114924066822496 22.38408930431133
952.5208333333334 24.116275916025284 22.384508670541315
953.0208333333334 24.117615940237563 22.38491114635709
953.5208333333333 24.118985984187496 22.385325679183662
954.0208333333334 24.120345822479038 22.38573234693085
954.5208333333334 24.12169632815752 22.386145852272907
955.0208333333333 24.123049905801366 22.38655498983169
955.5208333333334 24.124413180371455 22.386971216907657
956.0208333333334 24.125773111321035 22.387383461592645
956.5208333333333 24.12715202302159 22.387790113788814
957.0208333333334 24.12850470880215 22.388211567564056
957.5208333333334 24.129878904690536 22.38862128180186
958.0208333333333 24.13125602766593 22.3890404973277
958.5208333333334 24.13260944367429 22.38944609022755
959.0208333333334 24.13399409468104 22.38986175990846
959.5208333333333 24.135350546203394 22.39028040606518
960.0208333333334 24.13674199944051 22.390698375882295
960.5208333333334 24.138114625085514 22.391115461799842
961.0208333333333 24.13948374321201 22.39153334334234
961.5208333333334 24.14086868315892 22.391955700965887
962.0208333333334 24.142236299783455 22.3923639442797
962.5208333333333 24.143633624957065 22.392781138715065
963.0208333333334 24.145014975455332 22.39320916933892
963.5208333333334 24.146405554689686 22.393624455156118
964.0208333333333 24.147784936099864 22.39404296115434
964.5208333333334 24.14917649417651 22.394467831646722
965.0208333333334 24.150572343551865 22.394892363447152
965.5208333333333 24.151958994065406 22.395316385036168
966.0208333333334 24.1533457929995 22.395738029715247
966.5208333333334 24.15473938280185 22.396159389867748
967.0208333333333 24.156126331126654 22.3965891045278
967.5208333333334 24.15752364991063 22.397008130524462
968.0208333333334 24.15892258094191 22.397443660039112
968.5208333333333 24.16032734928702 22.397870139482272
969.0208333333334 24.161738805484383 22.398297562745014
969.5208333333334 24.163130282012162 22.398726751599
970.0208333333333 24.164530217388855 22.399154324184153
970.5208333333334 24.16594060441835 22.399589448705918
971.0208333333334 24.167337274761657 22.400015850206678
971.5208333333333 24.16874260105088 22.40045006159714
972.0208333333334 24.170150414347976 22.40089598522889
972.5208333333334 24.171555372141185 22.40132453912468
973.0208333333333 24.172969325190646 22.401757909118565
973.5208333333334 24.174375116072596 22.402202539810414
974.0208333333334 24.17579551703259 22.40263596462217
974.5208333333333 24.177216131663577 22.403073360432263
975.0208333333334 24.17862052385746 22.403515859102306
975.5208333333334 24.18003110541237 22.403955681314365
976.0208333333333 24.181453186379834 22.404401973622527
976.5208333333334 24.18286219601263 22.40484548389183
977.0208333333334 24.18427395604226 22.40529028013833
977.5208333333333 24.18569550201955 22.40573419189763
978.0208333333334 24.187110383340947 22.406181392057682
978.5208333333334 24.188539982173904 22.406633369703833
979.0208333333333 24.189956820197118 22.407090290120145
979.5208333333334 24.191376211167587 22.407537718365443
980.0208333333334 24.19280854223628 22.40798575007164
980.5208333333333 24.19423769057012 22.408444867782663
981.0208333333334 24.195660620094515 22.40889454774839
981.5208333333334 24.197078951435856 22.40935798213644
982.0208333333333 24.19850704683228 22.409815873028982
982.5208333333334 24.19993277396796 22.410272445297515
