FastTrWP/PhaseSpace/IAs/snIa_0.41_30.00_2.22_0.07.csv
# %ECSV 0.9
# ---
# datatype:
# - {name: time-rel, datatype: float64}
# - {name: g, datatype: float64}
# - {name: i, datatype: float64}
# schema: astropy-2.0
time-rel g i
[from data line 1770]
485.5 24.000850577393212 22.506018750778154
486.0 24.002350227094308 22.50674222085557
486.5 24.003864827097154 22.507471330749198
487.0 24.005360004370047 22.50820298209183
487.5 24.006856586631613 22.508931268639675
488.0 24.00835954763791 22.509656619952146
488.5 24.009861591680384 22.51039663062439
489.0 24.011350319801025 22.511135530525767
489.5 24.01286668424555 22.511873121295245
490.0 24.014377201633348 22.5126171180696
490.5 24.015888391622546 22.51336000729414
491.0 24.017394006973642 22.514109866170312
491.5 24.018918416406482 22.51485242786582
492.0 24.020422706805412 22.515602509732187
492.5 24.02193110100766 22.516356681429347
493.0 24.023451120037272 22.517114851698693
493.5 24.024952688612075 22.517866126982227
494.0 24.026477542468 22.518632911999177
494.5 24.02800225565708 22.519390595957162
495.0 24.029519334244156 22.520150203587388
495.5 24.031029850514955 22.520917589643147
496.0 24.032557203449496 22.521682986925107
496.5 24.034095746760652 22.52246089308027
497.0 24.035610474391515 22.523225775628863
497.5 24.03714736098857 22.524002693838607
498.0 24.03866527754941 22.524771829139247
498.5 24.04019820141357 22.52555460046128
499.0 24.04172076180529 22.526333037741097
499.5 24.043246969620157 22.52712457045476
500.0 24.044788582973027 22.52790378154087
500.5 24.046328859509153 22.528689963464707
501.0 24.047846441117493 22.529478521148725
501.5 24.049397008911168 22.53026910039899
502.0 24.05092103956463 22.53105968884329
502.5 24.052480239678182 22.53186278976065
503.0 24.054016153526753 22.532654838563637
503.5 24.055564086362793 22.53346007404189
504.0 24.057090158603387 22.534265906984956
504.5 24.05864639640128 22.535068099091596
505.0 24.060194107056017 22.535877069321025
505.5 24.061743287059482 22.536685516286838
506.0 24.063300594158296 22.537500418564345
506.5 24.064848616916347 22.5383215988605
507.0 24.066399588717676 22.53913364886622
507.5 24.067956680274275 22.53995316378432
508.0 24.069523556556476 22.54077769628037
508.5 24.07108188866847 22.541602649668846
509.0 24.07263994257108 22.542423785225246
509.5 24.07419548101268 22.54326335713231
510.0 24.075756709052566 22.54409191782556
510.5 24.077316002765805 22.544926852563414
511.0 24.078898674634793 22.54576552285307
511.5 24.080454808019205 22.54660308568635
512.0 24.08202964455618 22.54744461738159
512.5 24.08360581767546 22.54828973316926
513.0 24.085179444989024 22.549136465852495
513.5 24.08675956474226 22.549992682337
514.0 24.088339698159665 22.55083951927908
514.5 24.08991683448692 22.551697749941976
515.0 24.091495150620545 22.55255485762513
515.5 24.09308700222534 22.553409750567646
516.0 24.094652471235065 22.554272229358254
516.5 24.096236350095236 22.555140349011843
517.0 24.0978345448648 22.5560095585709
517.5 24.099415710518798 22.556883177937742
518.0 24.10100060377402 22.557754917015554
518.5 24.102596517731605 22.55863719225934
519.0 24.10419647411715 22.55951020819928
519.5 24.105764242020207 22.560391096288143
520.0 24.107373328791162 22.561271064413756
520.5 24.10897475201945 22.562166367825228
521.0 24.11057809725684 22.563045394290256
521.5 24.112165227342274 22.563937306118113
522.0 24.11377340801502 22.564841869174543
522.5 24.11536998404437 22.56573250495874
523.0 24.116991570768775 22.566631932124434
523.5 24.118591388357192 22.567536244239058
524.0 24.120198324444942 22.568442556391794
524.5 24.121803024800904 22.569343216105406
525.0 24.12342340649197 22.57025612143796
525.5 24.12504126930604 22.5711601118901
526.0 24.126648607552855 22.572087024062085
526.5 24.128256804175237 22.572992134504908
527.0 24.1298844360512 22.57391918464721
527.5 24.131495013222583 22.574841015915066
528.0 24.133124146971454 22.57576910681408
528.5 24.13476196486745 22.576695624576164
529.0 24.136368287176886 22.577618135030995
529.5 24.137997830815205 22.578554208472426
530.0 24.13962288201661 22.579493904837918
530.5 24.14125022049362 22.580424334326725
531.0 24.14287695167087 22.581366152515372
531.5 24.144516490185943 22.582307061195166
532.0 24.146147746861143 22.58324727081066
532.5 24.147797274926354 22.584199730055193
533.0 24.14940716256435 22.58514239748141
533.5 24.15105868037726 22.58610259178826
534.0 24.1527064909463 22.587049879697506
534.5 24.154365139900836 22.588005315527376
535.0 24.156007574931206 22.588963415735712
535.5 24.1576449890219 22.589922700912094
536.0 24.15929169168415 22.590895487041536
536.5 24.160927019382893 22.591852844977232
537.0 24.162594297770667 22.592822633510522
537.5 24.164245100174302 22.593797615175756
538.0 24.16589724202199 22.59477051040143
538.5 24.167571585265804 22.595748703093285
539.0 24.169217961144362 22.596718681816643
539.5 24.170866811132253 22.597694655463588
540.0 24.172532328611652 22.598672294002633
540.5 24.17421149539657 22.599659963400747
541.0 24.175863237973058 22.600655203733915
541.5 24.177519638622446 22.601639689633203
542.0 24.179200092790474 22.60262975210207
542.5 24.180876926638028 22.603625894711964
543.0 24.182552880121357 22.604623441614038
543.5 24.184217794137254 22.60562138367204
544.0 24.185905027647692 22.60662335426342
544.5 24.187595239615362 22.607626928529573
545.0 24.189276698707857 22.60862439255102
545.5 24.190932244690675 22.609637663831936
546.0 24.192630855568495 22.610648447506463
546.5 24.19430834246812 22.611657051820252
547.0 24.19599362626768 22.61267447661122
547.5 24.19768503502148 22.613693084544103
548.0 24.199393828856415 22.614723132366784
548.5 24.20107941498959 22.61575379965677
549.0 24.202775866804718 22.616787078872743
549.5 24.20449529299909 22.6178244873935
550.0 24.206184925090035 22.61886654947153
550.5 24.20790780601692 22.61991436288463
551.0 24.20960953745459 22.620979594363572
551.5 24.211329048711598 22.622032093933612
552.0 24.21303652844813 22.623092410640957
552.5 24.214751425125304 22.624162488743455
553.0 24.216475195869485 22.625231447749314
553.5 24.21818323802906 22.626308246070366
554.0 24.21992416972251 22.62738854094352
554.5 24.221650679816097 22.628467170364637
555.0 24.223372496556618 22.629556520533235
555.5 24.225097371858322 22.630645828611033
556.0 24.22684031540378 22.63173880843445
556.5 24.228582177459245 22.632836596998555
557.0 24.23031450483066 22.63393057276238
557.5 24.23204839251349 22.63503429525892
558.0 24.233779694474915 22.63613928329576
558.5 24.23552925110836 22.63724688300496
559.0 24.237265801943035 22.63836280253301
559.5 24.23902467284099 22.63946345407706
560.0 24.240762216498354 22.640590078906214
560.5 24.242520030273962 22.641696739118366
561.0 24.24428601619322 22.64282290925861
561.5 24.246020938098077 22.643948416081482
562.0 24.24776752409459 22.64506563251832
562.5 24.249536076154282 22.646190995624075
563.0 24.251293751151767 22.64731572385505
563.5 24.253062110397874 22.648447347441653
564.0 24.254825744143215 22.649582077672324
564.5 24.256582338191343 22.650705339394456
565.0 24.258348522389994 22.65182490458061
565.5 24.2601139947093 22.65296937892427
566.0 24.261877444338047 22.654096124211605
566.5 24.263643410537668 22.655227529421808
567.0 24.265425172557503 22.65636308221703
567.5 24.267189371445173 22.657499579456445
568.0 24.268957775270998 22.658628649333036
568.5 24.270741734235585 22.659774178871363
569.0 24.272514751502126 22.660903689975225
569.5 24.274287598921973 22.662028524758085
570.0 24.276073415330526 22.663173427276753
570.5 24.277843717546173 22.664299797585528
571.0 24.27960936291706 22.665431428782718
571.5 24.281402168957854 22.666562665298077
572.0 24.28317105488993 22.66769453685039
572.5 24.28496696778454 22.66882308713784
573.0 24.28672993239357 22.669954670220747
573.5 24.288507030678996 22.67108563116485
574.0 24.290275903183478 22.67221652800152
574.5 24.29208194009785 22.673336497117454
575.0 24.29386982242142 22.67445853955964
575.5 24.295637434118284 22.675578234531073
576.0 24.297424218923183 22.676697731707005
576.5 24.299213077341903 22.67780879851697
577.0 24.30099527866439 22.6789241854695
577.5 24.302790142332466 22.68004009399099
578.0 24.304568067018852 22.681145292245777
578.5 24.306342264352168 22.682250693269875
579.0 24.30812685398527 22.683356182870668
579.5 24.309924761244748 22.68445698253577
580.0 24.311707012841705 22.685554488479607
580.5 24.313498541125774 22.686644483832048
581.0 24.315276729081386 22.68773971536809
581.5 24.317070827901617 22.688831445055293
582.0 24.318859702606925 22.689918852991187
582.5 24.32063385316272 22.691018472265245
583.0 24.32244308275778 22.692109363512067
583.5 24.32420760047706 22.693206712680208
584.0 24.32602096938341 22.694301066614674
584.5 24.327800661812763 22.695386715960897
585.0 24.329597902112788 22.69649064113283
585.5 24.331397309001254 22.69758103852146
586.0 24.33320261183543 22.698683405411693
586.5 24.335000642729568 22.699766861951197
587.0 24.336794464506962 22.700863396476446
587.5 24.338590564699018 22.701958734273866
588.0 24.340400652436 22.703053910434875
588.5 24.342195885103006 22.704146105161787
589.0 24.34400835372976 22.705241948310388
589.5 24.3458054831708 22.706325132649997
590.0 24.34761498139029 22.70742811416728
590.5 24.349433798536083 22.708519587422096
591.0 24.35123957377956 22.70961030456604
591.5 24.35303090444917 22.71069249286147
592.0 24.35483448166449 22.711787291750976
592.5 24.35663880635506 22.71288337606056
593.0 24.358482937886222 22.713975553208464
593.5 24.360270547435334 22.71506677926002
594.0 24.362098214447396 22.716157891160993
594.5 24.363916356168566 22.717240692271425
595.0 24.365718432918197 22.718332614366503
595.5 24.36753745984067 22.71941699678866
596.0 24.36934211012681 22.720510509577103
596.5 24.371185649154047 22.721588493569808
597.0 24.37298342873527 22.722682882434665
597.5 24.374804510927586 22.723761795160392
598.0 24.37662520422009 22.72484773150901
598.5 24.3784420838076 22.72593242619912
599.0 24.38026488789996 22.72701760725809
599.5 24.382098533270348 22.72810029119221
600.0 24.383912519299624 22.729175153350507
600.5 24.38573728433511 22.730260300155905
601.0 24.387567003842562 22.73133817515258
601.5 24.389391972205058 22.732416361186154
602.0 24.39121832622504 22.73349304987457
602.5 24.393046115507445 22.734565126318856
603.0 24.394871837505583 22.735646175232375
603.5 24.396704584306846 22.736709567702775
604.0 24.398531946484567 22.73778101227643
604.5 24.400351499151366 22.738858498984975
605.0 24.40219218928312 22.739928289844386
605.5 24.40402904342449 22.740995217305287
606.0 24.405839956951006 22.742066182491946
606.5 24.40767926978596 22.743139084080298
607.0 24.409485836228512 22.744193582541957
607.5 24.411337214351185 22.745266436171452
608.0 24.413177735986984 22.746320163455618
608.5 24.415029102746853 22.74738026859962
609.0 24.416854300086147 22.74844683054599
609.5 24.418683855952285 22.749498638724287
610.0 24.420519647822537 22.750557447050067
610.5 24.422356596082505 22.75160992519732
611.0 24.42420074174093 22.752654293227312
611.5 24.426025974755103 22.753712203326405
612.0 24.427884060560068 22.75476690059469
612.5 24.42970145032117 22.75580895762507
613.0 24.431538439726552 22.75684826666503
613.5 24.43338510673547 22.757899922741217
614.0 24.435223045311858 22.758930294187966
614.5 24.437064745393453 22.75997336416865
615.0 24.43891752658526 22.761006748965563
615.5 24.440733479985003 22.762054346979106
616.0 24.44257839652026 22.763082792415492
616.5 24.444421855617065 22.764121422275615
617.0 24.446253830676824 22.765156061902367
617.5 24.44811625532893 22.766190126518048
618.0 24.44995734119965 22.76721882965081
618.5 24.45180552601274 22.76824299870809
619.0 24.453642626846246 22.76927943598905
619.5 24.45548796317849 22.770306930916497
620.0 24.457329490266915 22.771330311997147
620.5 24.459179814579038 22.772353817603012
621.0 24.46102064917961 22.77337588712127
621.5 24.46289446047274 22.774409635533488
622.0 24.46472980770782 22.775428378921543
622.5 24.466574581834344 22.77644206070464
623.0 24.46842930558301 22.77745940315636
623.5 24.47028341149526 22.778476143033345
624.0 24.47213895165136 22.779494155872403
624.5 24.473980961357704 22.780506847597227
625.0 24.475845811923364 22.781517745443594
625.5 24.477698598435328 22.782534218201135
626.0 24.479549677152875 22.78354491204223
626.5 24.481415945734316 22.784553123161913
627.0 24.483249470960722 22.78556841549648
627.5 24.485120213106537 22.786568525054168
628.0 24.486974810903547 22.78757388332808
628.5 24.488829096168615 22.78858220194958
629.0 24.490688183937323 22.78958365831251
629.5 24.492540793684846 22.790581000585203
630.0 24.49440523580705 22.791587361939882
630.5 24.49625746028488 22.79257515023509
631.0 24.49812691940447 22.793570752220514
631.5 24.4999762184411 22.794565761082186
632.0 24.501835294144385 22.79556186624192
632.5 24.503696693147017 22.796560805020846
633.0 24.5055738951279 22.79753665315543
633.5 24.507431915750463 22.798534820427633
634.0 24.50929553910313 22.799519740937445
634.5 24.511171509935412 22.800499298137776
635.0 24.51302594872641 22.801490445594006
635.5 24.514892702052297 22.80247329598115
636.0 24.516749898351527 22.803458569833303
636.5 24.518613052285225 22.80443110727878
637.0 24.52048953420265 22.805405477980045
637.5 24.522352585902254 22.80638496312757
638.0 24.52416986745021 22.80735669656153
638.5 24.526059951921177 22.808327213827937
639.0 24.527942100167905 22.809299580094056
639.5 24.529793933301846 22.810259115737217
640.0 24.531672623406493 22.811239819580603
640.5 24.533538674832585 22.8121983404977
641.0 24.535386376387596 22.81316576196982
641.5 24.537247246567816 22.81412714340196
642.0 24.53912688924777 22.815090484285165
642.5 24.540995921771373 22.81604282852363
643.0 24.542872009978062 22.817003796690617
643.5 24.544727551075148 22.817961558154423
644.0 24.546611530083005 22.818905006868043
644.5 24.548479025192442 22.819857161703936
645.0 24.550334854776587 22.820801803836126
645.5 24.55220852283353 22.82175435550289
646.0 24.55407110479132 22.82269864492056
646.5 24.55594248172251 22.823641061630013
647.0 24.55782017223454 22.824587860106433
647.5 24.559688556587155 22.825520023838564
648.0 24.561555963810882 22.826459490639643
648.5 24.56342205941739 22.82739729559003
649.0 24.56527418240754 22.828332601428972
649.5 24.567145940858346 22.82926772284705
650.0 24.569019630483364 22.8301836745517
650.5 24.570904863399917 22.831130561055723
651.0 24.57275002807024 22.83205136301206
651.5 24.574646207155844 22.83298696773485
652.0 24.5765221571917 22.833900709808486
652.5 24.578393230794724 22.834827748407083
653.0 24.580253263501838 22.835737971791175
653.5 24.582129339528294 22.836661596190346
654.0 24.583993464358525 22.837586330816567
654.5 24.585858971717677 22.838495573447922
655.0 24.587738121918182 22.839413954986888
655.5 24.58961201755917 22.84032595297304
656.0 24.591494689336816 22.84123240732082
656.5 24.593378450433136 22.842144698370483
657.0 24.59524225530741 22.843056814781576
657.5 24.59714183479769 22.843962473053576
658.0 24.598981342433287 22.84486558016049
658.5 24.60086364465287 22.845759695934543
659.0 24.60275345889272 22.846659545353067
659.5 24.604602566074448 22.84756680179358
660.0 24.606486410287506 22.84845761603688
660.5 24.608368029746636 22.849351392958045
661.0 24.61024184105101 22.85023903575202
661.5 24.61213608222646 22.85114060460005
662.0 24.614003119770263 22.852022296589993
662.5 24.615902400355218 22.852908253792364
663.0 24.617755108233776 22.85378751298223
663.5 24.619627130167316 22.85468110753003
664.0 24.62150044476024 22.85555033901261
664.5 24.623373627268876 22.856437979143116
665.0 24.625238094744088 22.857310862056693
665.5 24.62713589130082 22.858182825096286
666.0 24.62899774488084 22.859051461610104
666.5 24.630903959751915 22.85992187369922
667.0 24.632768168690685 22.860785641181014
667.5 24.63462721250305 22.861662701378332
668.0 24.63651069774646 22.862522139455113
668.5 24.63838200128673 22.863388098775218
669.0 24.64026436716572 22.864241759973858
669.5 24.64214416797192 22.865088474568953
