FastTrWP/PhaseSpace/IAs/snIa_0.58_30.00_-1.78_-0.06.csv
# %ECSV 0.9
# ---
# datatype:
# - {name: time-rel, datatype: float64}
# - {name: g, datatype: float64}
# - {name: i, datatype: float64}
# schema: astropy-2.0
time-rel g i
224.25 26.99025690582293 24.9878564584067
224.74999999999997 26.967324460761112 24.980267910796343
225.25 26.94466014471542 24.97268690008238
225.75 26.922363597877595 24.96516089688633
226.24999999999997 26.900386475731818 24.957602393385937
226.75 26.878741761606058 24.95013034034654
227.25 26.857399318201317 24.94262649932952
227.74999999999997 26.836283628449333 24.935151511654375
228.25 26.815523833401933 24.927724536203964
228.75 26.79499768886998 24.920289944994146
229.24999999999997 26.77475423007184 24.912894616720287
229.75 26.754780180767114 24.90552087523737
230.25 26.735021543773833 24.8981331007314
230.74999999999997 26.71545575123829 24.89079558835908
231.25 26.6961929477488 24.883468460199918
231.75 26.677138670097783 24.876164942855944
232.24999999999997 26.658280222766628 24.86888215922003
232.75 26.639638444562333 24.861600309464848
233.25 26.621258668044856 24.854355347631383
233.75 26.602970512164767 24.847119060822905
234.25 26.584920304385133 24.839883195022846
234.75 26.567084049802418 24.832669526752195
235.25 26.54940086389827 24.825503566439213
235.75 26.531878831557197 24.81831384380466
236.25 26.51453859792464 24.81117567793109
236.75 26.497378782100004 24.804031026561198
237.25 26.480356186027507 24.796913480736954
237.75 26.46355402737804 24.78979197981523
238.25 26.44684661692701 24.782702094250403
238.75 26.430283187492975 24.77560268067759
239.25 26.413878024681882 24.768541207771854
239.75 26.397624559512842 24.761503035027687
240.25 26.381525202664747 24.754440306848025
240.75 26.36553488556302 24.74739904574524
241.25 26.349618004386656 24.74041304695866
241.75 26.333906730217485 24.733391012058124
242.25 26.318333056403475 24.7264107545397
242.75 26.30289849243048 24.719470160523507
243.25 26.287587716159607 24.71249763676731
243.75 26.27246235875706 24.705587226617403
244.25 26.257409159049775 24.698672303492035
244.75 26.242541404512796 24.691800397605093
245.25 26.22775848117476 24.684908965563487
245.75 26.21313688827007 24.67807052261842
246.25 26.19864053740833 24.671252469658942
246.75 26.18418011152521 24.6644340861899
247.25 26.169931398086973 24.65763985558209
247.75 26.155795726010666 24.65085909297541
248.25 26.141791879142673 24.64411386852489
248.75 26.12783722026461 24.637354595514644
249.25 26.11402322254804 24.63065450472808
249.75 26.10032790168947 24.623950936202007
250.25 26.08674425043175 24.617268904305305
250.75 26.07327370062064 24.61060291027307
251.25 26.059870595029857 24.60393424691784
251.75 26.04659251555994 24.597314570961792
252.25 26.033420111371566 24.590693984933466
252.75 26.02033761991055 24.584104154232005
253.25 26.007356902817293 24.577546919499696
253.75 25.99443660827005 24.570973538796615
254.25 25.98167831977645 24.564424351195285
254.75 25.96896724291168 24.557902461185726
255.25 25.956332036692853 24.551400669752233
255.75 25.943815487570212 24.544897852687573
256.25 25.931392923745506 24.538414841582515
256.75 25.919079304703896 24.531973465228848
257.25 25.90684721693644 24.52555104041614
257.75 25.894645312306025 24.51910026508001
258.25 25.882538264645763 24.51270775171444
258.75 25.870598008633223 24.506315799363936
259.25 25.858659373608404 24.499929647053925
259.75 25.84678353987403 24.49357744487045
260.25 25.835009633160254 24.487237146170678
260.75 25.823338786522 24.48091235817326
261.25 25.811706293624724 24.47460905604042
261.75 25.800164540492126 24.46830927384765
262.25 25.7886903612983 24.462037327125174
262.75 25.777314790920073 24.455774484543127
263.25 25.765991847292838 24.44953486404178
263.75 25.754726188354702 24.44329734111593
264.25 25.743559329164505 24.437106573272402
264.75 25.732461783826484 24.430896525759167
265.25 25.721426046915298 24.424706168511705
265.75 25.710437612308045 24.41856518536492
266.25 25.699514463926356 24.41241328333422
266.75 25.688723236574575 24.406286167954786
267.25 25.677934156074024 24.4001376975994
267.75 25.667225271319243 24.394050105361472
268.25 25.65656953104127 24.387976219289847
268.75 25.6459908394975 24.38189097131735
269.25 25.63548367951672 24.375846570571778
269.75 25.62499997316202 24.369790238763205
270.25 25.614606580725393 24.36378354236172
270.75 25.604276872278596 24.357756375956896
271.25 25.59397165424126 24.35175310375908
271.75 25.58374645554793 24.345789181834423
272.25 25.573558094383685 24.33980027880235
272.75 25.56347403085832 24.33385860189144
273.25 25.55339753374595 24.327907734915172
273.75 25.543411108787208 24.32199414454434
274.25 25.53348103093289 24.316079430041334
274.75 25.52357817952611 24.310185309738912
275.25 25.513766280096995 24.304304405348315
275.75 25.503961191323867 24.298442988463222
276.25 25.494190778340304 24.292597349134276
276.75 25.48449812076879 24.28675024152296
277.25 25.47489389578276 24.28092330404606
277.75 25.465304759707152 24.275121296817176
278.25 25.45576269062994 24.26931729732469
278.75 25.44627208993021 24.263541073159974
279.25 25.43681590940941 24.257777414558134
279.75 25.427469104822098 24.252022427039503
280.25 25.418130984952356 24.24626914894233
280.75 25.40884359457696 24.240576162472802
281.25 25.399593560176417 24.234864205944127
281.75 25.39039479422844 24.22916826866484
282.25 25.381235070740466 24.22347024641136
282.75 25.37215172348118 24.21780796313342
283.25 25.36309605213903 24.212163008806545
283.75 25.354055479990887 24.206521168819105
284.25 25.34508330182946 24.200887869548016
284.75 25.33616089137734 24.195286955703487
285.25 25.32729074114894 24.189689461295924
285.75 25.31844031980727 24.18410416736262
286.25 25.309639011849715 24.17854739836804
286.75 25.300911878294997 24.172991927840325
287.25 25.292177234405585 24.167450072768027
287.75 25.283500998746106 24.161919495897273
288.25 25.27486016295382 24.156403747133126
288.75 25.266245807355908 24.150896786268525
289.25 25.257718346646854 24.14540681951515
289.75 25.249207739818473 24.13992315047331
290.25 25.240707557795993 24.134464906601707
290.75 25.23227453029105 24.12901636085058
291.25 25.2238789810967 24.123572611567884
291.75 25.215512282943457 24.11815052980778
292.25 25.207160492157904 24.11271737898225
292.75 25.198868831405065 24.107328572430777
293.25 25.190647391992144 24.101935381992806
293.75 25.182401045135467 24.09657627695317
294.25 25.174211818298566 24.091183719129567
294.75 25.166069348454783 24.085868459641766
295.25 25.157939970397678 24.080499649817277
295.75 25.149852245486386 24.075180178641126
296.25 25.141813788145377 24.069856256120687
296.75 25.133791554750093 24.064545268830635
297.25 25.125811837875315 24.059266177096013
297.75 25.117829725130512 24.053972569325946
298.25 25.10991129726034 24.048687069727308
298.75 25.10207977660658 24.043453443527373
299.25 25.094188391731045 24.038199065536435
299.75 25.08634523879145 24.032950806241256
300.25 25.0785434699414 24.027726385975754
300.75 25.07079823460475 24.02251929047617
301.25 25.063044346654625 24.01730956429949
301.75 25.055373637580264 24.01211746820205
302.25 25.047671588691646 24.006922169185966
302.75 25.040036163383267 24.001760645100653
303.25 25.032400064362417 23.99659498871695
303.75 25.024824242388185 23.99145010418949
304.25 25.017280960082722 23.98630587935365
304.75 25.009750165863363 23.981185511317598
305.25 25.00223291440639 23.976057442472474
305.75 24.99476246607015 23.970949302107975
306.25 24.98730948238987 23.965842933143385
306.75 24.97988356575842 23.960764586396625
307.25 24.972494624417514 23.955681836399695
307.75 24.965139278217855 23.950617340020315
308.25 24.95779403105468 23.9455637391432
308.75 24.950490943712825 23.940496240336486
309.25 24.94319528233895 23.935482876981624
309.75 24.93593125222612 23.930446320684723
310.25 24.928698122569664 23.92541554172084
310.75 24.921479918756496 23.920407354871948
311.25 24.914287686690834 23.915414617266645
311.75 24.907142050315237 23.910421773005886
312.25 24.900002224922403 23.905437539758477
312.75 24.892867467999316 23.900474164459894
313.25 24.885820178169475 23.895513623888554
313.75 24.878746371660597 23.890553217871187
314.25 24.871677700082046 23.885623561762955
314.75 24.864679821211176 23.880683656608404
315.25 24.857689588643794 23.875763422170007
315.75 24.850730984250088 23.87083572904875
316.25 24.843779927452534 23.86594086306765
316.75 24.836844492831137 23.861051010500876
317.25 24.829953903834003 23.856153926789055
317.75 24.823053258039476 23.851278724577977
318.25 24.816211846856937 23.846425024461233
318.75 24.809385169486937 23.841547255255616
319.25 24.802571751673945 23.83669657775097
319.75 24.795794821302405 23.83185621236776
320.25 24.789026662898696 23.827036254183792
320.75 24.782298726283294 23.822226191181542
321.25 24.775588007436422 23.817413072259185
321.75 24.768893979865474 23.8126290809052
322.25 24.762215345297584 23.80783493427312
322.75 24.755565449920187 23.803046390971176
323.25 24.748942509195807 23.79829399789927
323.75 24.742324667345347 23.793530094412148
324.25 24.73575131514528 23.78878305768057
324.75 24.729181640169212 23.78405154353469
325.25 24.722672147964147 23.779312209638373
325.75 24.71614333161066 23.774604922688436
326.25 24.70962511365974 23.76988128876588
326.75 24.703168362363357 23.76517803478591
327.25 24.696690157395572 23.76048909396681
327.75 24.69027856489079 23.75580147229909
328.25 24.683840211347388 23.75113278126904
328.75 24.67746536985989 23.746473947835348
329.25 24.671069528560487 23.741821724637667
329.75 24.66472861948295 23.73716739321342
330.25 24.658380687808126 23.732522292669017
330.75 24.652079776451863 23.727892214502706
331.25 24.645770700117634 23.723277052930726
331.75 24.63949283343418 23.718674661370855
332.25 24.633234808949652 23.714061537300775
332.75 24.626999614616054 23.709465408238945
333.25 24.620779720196857 23.704888454895865
333.75 24.614580185181218 23.70031574361674
334.25 24.608389710720463 23.69572961653955
334.75 24.602218859814794 23.691190842109823
335.25 24.596070801055085 23.686627553364037
335.75 24.589943168825084 23.68208431702664
336.25 24.583833276457156 23.677542772675242
336.75 24.57772348542988 23.673016384403446
337.25 24.571661454900003 23.66850247725668
337.75 24.565581407417156 23.663984965617175
338.25 24.559557137618174 23.65947912526761
338.75 24.553538779889173 23.654998342796848
339.25 24.547519320066456 23.650502565421192
339.75 24.541521446574116 23.646013917411896
340.25 24.53556310689717 23.641567485130736
340.75 24.529590303460797 23.637087923171922
341.25 24.52365442759142 23.632633400092537
341.75 24.517748846584674 23.628184312335776
342.25 24.511834554538694 23.623737525737482
342.75 24.505940493940194 23.619309965453578
343.25 24.500082549588022 23.614882939802612
343.75 24.494199043100885 23.610455752172204
344.25 24.488373465080457 23.606054536846727
344.75 24.482542974375075 23.60164372435069
345.25 24.476735804795698 23.597250856009545
345.75 24.470922244914135 23.592869051474
346.25 24.46515435317035 23.588485980442925
346.75 24.459399386272686 23.584102194324124
347.25 24.45365347551928 23.57974655068694
347.75 24.447919734826428 23.575388353936575
348.25 24.44220214285979 23.5710382857754
348.75 24.43649933439258 23.566678964965227
349.25 24.43081497672217 23.562336097808437
349.75 24.42514133607868 23.558005019777745
350.25 24.419476066628715 23.55369343350269
350.75 24.41383449660166 23.549385342176873
351.25 24.40819207523355 23.545060145424305
351.75 24.40259334653142 23.5407597094858
352.25 24.396986194788095 23.536461630028196
352.75 24.391389088712746 23.532180060427976
353.25 24.38583506451268 23.527901818274067
353.75 24.38027946746109 23.523609234132913
354.25 24.374744440641738 23.5193492747036
354.75 24.369210742993033 23.51508881426401
355.25 24.36369645393321 23.51082852733684
355.75 24.35820071426366 23.50656188412823
356.25 24.35265553789131 23.502316005995585
356.75 24.347142924230095 23.49805740443152
357.25 24.341618884229543 23.49379559041624
357.75 24.33607104403842 23.489542914999213
358.25 24.33055521382032 23.485293257901503
358.75 24.325010554127097 23.4810204646806
359.25 24.319482546133866 23.47677017082118
359.75 24.31393659259749 23.472515026936986
360.25 24.308432212942552 23.468278256089835
360.75 24.302888673887267 23.464019492859386
361.25 24.297367560488222 23.459760254823337
361.74999999999994 24.29182806375419 23.455522016945057
362.25 24.286334024383052 23.451280967037484
362.75 24.280817770487 23.447049972580473
363.24999999999994 24.275292787573765 23.442797077878232
363.75 24.269813627972496 23.43857933274449
364.25 24.264311856625234 23.434359884339912
364.74999999999994 24.258860023042352 23.430139786275255
365.25 24.253397971174483 23.42591097477001
365.75 24.24793222333337 23.421704435572423
366.24999999999994 24.24248619956839 23.417506367721977
366.75 24.237061868988008 23.413313629166886
367.25 24.23163705937112 23.409121683442283
367.74999999999994 24.22622916034851 23.404926619750185
368.25 24.22083956454921 23.40076870750279
368.75 24.21546698609745 23.39658551417638
369.24999999999994 24.210109268296037 23.392442439707427
369.75 24.204767367404013 23.388289683049543
370.25 24.199455146038144 23.384144816905494
370.74999999999994 24.194132535445263 23.380001586202507
371.25 24.188833627068437 23.375882635589296
371.75 24.183569312962824 23.371771212439644
372.24999999999994 24.17832795608558 23.367650089568883
372.75 24.173095928968685 23.36356093363538
373.25 24.167881786632584 23.35948482061098
373.74999999999994 24.162692031234798 23.355405917189174
374.25 24.15754673523931 23.35133851237272
374.75 24.152376591049393 23.347285156309354
375.24999999999994 24.14724387004995 23.343243273272112
375.75 24.14215737804852 23.339211789741604
376.25 24.137089448160296 23.335192507848475
376.74999999999994 24.132026460356734 23.331181644690233
377.25 24.127012892480945 23.327198583223165
377.75 24.122008164925866 23.32320763166134
378.24999999999994 24.11703389405892 23.319241745333436
378.75 24.112070089761875 23.31528546355814
379.25 24.10713539462695 23.311336717711978
379.74999999999994 24.102245544696096 23.30740024531039
380.25 24.097376649679436 23.30349475381513
380.75 24.092542829673388 23.2995850887673
381.24999999999994 24.0877283033093 23.295693262234607
381.75 24.08293147501936 23.291812889030332
382.25 24.078195343536393 23.287961335458526
382.74999999999994 24.07345387749022 23.28410663247602
383.25 24.0687427241642 23.28026985660713
383.75 24.06408252776027 23.276448129177496
384.24999999999994 24.0594542399797 23.272648820545797
384.75 24.05482852073524 23.268860458183006
385.25 24.050261621256425 23.265086331921538
385.74999999999994 24.045727171398298 23.26134080851432
386.25 24.04120167868701 23.257591538746077
386.75 24.036716999650388 23.253857207788542
387.24999999999994 24.032268907691538 23.250156976771986
387.75 24.027851454871563 23.246460102422134
388.25 24.0234726106034 23.2427821431688
388.74999999999994 24.01911509809239 23.239116580247817
389.25 24.01479220131258 23.235485997309688
389.75 24.010508805301054 23.23185083579982
390.24999999999994 24.006269824700528 23.228238943665023
390.75 24.002042717899293 23.22463939638262
391.25 23.997871789017523 23.22106602496708
391.74999999999994 23.99371727527852 23.217502481867534
392.25 23.989607546807548 23.213972536674344
392.75 23.985528707021807 23.21043467299001
393.24999999999994 23.981483285672013 23.206939755144404
393.75 23.977471209289263 23.203445049078184
394.25 23.97346444434254 23.199937332076864
394.74999999999994 23.96947265581091 23.196475964279323
395.25 23.965489595436832 23.193003186468463
395.75 23.961538820408744 23.189547408756024
396.24999999999994 23.957567410869267 23.18608310570394
396.75 23.95363427352614 23.18262995204277
397.25 23.94971193302664 23.17918767608397
397.74999999999994 23.945801046066496 23.17576988223227
398.25 23.941905598515415 23.172338219629385
398.75 23.938018697472256 23.16893296678455
399.24999999999994 23.934145637403734 23.165535324996345
399.75 23.930302466965966 23.16212532487128
400.25 23.926451825768424 23.158747732622622
