FastTrWP/PhaseSpace/IAs/snIa_0.53_30.00_-3.27_-0.09.csv
# %ECSV 0.9
# ---
# datatype:
# - {name: time-rel, datatype: float64}
# - {name: g, datatype: float64}
# - {name: i, datatype: float64}
# schema: astropy-2.0
time-rel g i
322.5625 26.939775173344813 24.942168822499873
323.0625 26.878340172336145 24.93029541432778
323.5625 26.819849595546277 24.918496949256976
324.0625 26.764094451845054 24.90677255105686
324.5625 26.710755461562584 24.89515564415145
325.0625 26.659655683530996 24.88359091937234
325.5625 26.610575976051713 24.872119328174705
326.0625 26.56342306925834 24.860713575886614
326.5625 26.51797972816884 24.849375692387106
327.0625 26.47410870673245 24.838140651988425
327.5625 26.431779130427255 24.826948994713977
328.0625 26.39081475762431 24.815838535617864
328.5625 26.35113435122328 24.80479426336867
329.0625 26.312685422338692 24.79380545725199
329.5625 26.27536158936047 24.78292311999749
330.0625 26.239076174367074 24.772071125935817
330.5625 26.203823769862865 24.761309372753054
331.0625 26.16947638302943 24.750614342321796
331.5625 26.136070200322568 24.740007574272536
332.0625 26.10353272836861 24.729441794076156
332.5625 26.071745754980867 24.718930795677906
333.0625 26.04072630266339 24.708519093527745
333.5625 26.010436958063657 24.698144279282296
334.0625 25.980826038224226 24.687835274667584
334.5625 25.951849730807673 24.67759555653538
335.0625 25.923529669507943 24.66740199178336
335.5625 25.895792725194447 24.657263581128
336.0625 25.868619849306008 24.647215630217282
336.5625 25.841961805415984 24.63719899065015
337.0625 25.8158553668451 24.627256086469792
337.5625 25.79024499739408 24.617371173822534
338.0625 25.76511313364729 24.607529700024898
338.5625 25.74045589085774 24.597731186384294
339.0625 25.71619560197965 24.5880188192156
339.5625 25.69238103250686 24.57831684368269
340.0625 25.668954451842257 24.568692765988864
340.5625 25.645917874083104 24.55911933102152
341.0625 25.623276499179575 24.549603836057944
341.5625 25.601020840188518 24.54014735908538
342.0625 25.579080646798538 24.53072212285445
342.5625 25.55750102507375 24.521353286197677
343.0625 25.53626762329412 24.51202493482539
343.5625 25.51532336929543 24.502744905254286
344.0625 25.494669579239535 24.493511725589507
344.5625 25.47433377541775 24.4843317132575
345.0625 25.454275194314825 24.475205202732667
345.5625 25.434520475276194 24.46612201654681
346.0625 25.41501177852836 24.457077554933786
346.5625 25.395765097912776 24.448072837209068
347.0625 25.37678514838654 24.43911060883267
347.5625 25.35806192286725 24.430213398643474
348.0625 25.339544619730418 24.421337993100604
348.5625 25.321299685301632 24.412519701587616
349.0625 25.30326494202159 24.403737258708812
349.5625 25.28543601363808 24.394975319814908
350.0625 25.26785539540584 24.386279248951723
350.5625 25.25044732203796 24.377620438003476
351.0625 25.233242018694128 24.369001660653243
351.5625 25.216271092221177 24.360429803799263
352.0625 25.199447765224935 24.35187887146942
352.5625 25.18283345314582 24.343381608840513
353.0625 25.16643621968963 24.33491031799436
353.5625 25.15015559981277 24.32647199922887
354.0625 25.134092830267164 24.318092806368288
354.5625 25.11819831221046 24.30973440810739
355.0625 25.102432947819523 24.301409298562753
355.5625 25.086883372444717 24.293133714768558
356.0625 25.071449555552316 24.284901679655807
356.5625 25.05619351445858 24.276674121237765
357.0625 25.041080402870257 24.26849595888576
357.5625 25.026104106411225 24.26036406177674
358.0625 25.011291550658278 24.252267669303237
358.5625 24.996609894346875 24.244196760566457
359.0625 24.98205964245625 24.23615923313763
359.5625 24.967665233904548 24.22814953886206
360.0625 24.953391434845607 24.220189507520526
360.5625 24.93925436162861 24.21223419141809
361.06249999999994 24.925234317747552 24.20432936907515
361.5625 24.911354719259016 24.196463778057435
362.0625 24.89759065997148 24.1886166281178
362.56249999999994 24.883932724289743 24.180803521964297
363.0625 24.870401078965664 24.173026603412637
363.5625 24.856981545497977 24.165268026547547
364.06249999999994 24.84369599814475 24.157563972077668
364.5625 24.830469122397915 24.149859264040096
365.0625 24.817379549129747 24.14222060971121
365.56249999999994 24.804440465870027 24.134576830643972
366.0625 24.791535208388428 24.1269701156045
366.5625 24.778684868169254 24.11936853825809
367.06249999999994 24.765897439462154 24.111775417702034
367.5625 24.75312311951455 24.104211847276815
368.0625 24.740449703518863 24.096658274252558
368.56249999999994 24.727799025150404 24.089093903301595
369.0625 24.715227588366094 24.08155498529339
369.5625 24.70270460654339 24.07404780926427
370.06249999999994 24.69021738606663 24.066543274813206
370.5625 24.677814903703762 24.059065018944793
371.0625 24.665487705067196 24.051600030361882
371.56249999999994 24.653218163953298 24.04416048816246
372.0625 24.641013896416354 24.03673598138917
372.5625 24.628879286209404 24.029313962111587
373.06249999999994 24.61681846074535 24.021943025336213
373.5625 24.604831907469414 24.014563360619867
374.0625 24.592909296226033 24.007233363909783
374.56249999999994 24.581061852249032 23.99990529179265
375.0625 24.56930383624211 23.992607448707805
375.5625 24.55760771257736 23.98533948817419
376.06249999999994 24.545977371304524 23.978111928744475
376.5625 24.534451160563858 23.97087241594083
377.0625 24.522992773407957 23.963694439314498
377.56249999999994 24.511638644489935 23.95651490470008
378.0625 24.500325057992292 23.94936875357759
378.5625 24.48911702537583 23.942270737875265
379.06249999999994 24.477966889613143 23.935166844271688
379.5625 24.46691776885117 23.92810925391199
380.0625 24.455944894148352 23.921078192211912
380.56249999999994 24.44506035457107 23.914103192827465
381.0625 24.434261772377916 23.907131037361047
381.5625 24.42355721037437 23.900193210072626
382.06249999999994 24.412889344625803 23.893274776741222
382.5625 24.402359348667364 23.88640978697657
383.0625 24.391885139752105 23.879549736521724
383.56249999999994 24.381515314913777 23.87274980392033
384.0625 24.371225567904233 23.865960112363908
384.5625 24.361008464809814 23.859204261827422
385.06249999999994 24.350882507216284 23.852500767068005
385.5625 24.340861423515477 23.845824441688638
386.0625 24.330909739294377 23.839162650007758
386.56249999999994 24.321046012937405 23.83254335767447
387.0625 24.311256736465417 23.825955303924648
387.5625 24.301584682075017 23.81940639085318
388.06249999999994 24.291981294963144 23.81288526391765
388.5625 24.282459116332117 23.806412093841107
389.0625 24.2730154389124 23.799966193944066
389.56249999999994 24.26367473936562 23.79356552388476
390.0625 24.25444799507457 23.787184516791683
390.5625 24.245251264187445 23.780853530478346
391.06249999999994 24.236167402886046 23.77454041700514
391.5625 24.22717501509345 23.76826029254284
392.0625 24.218270156130973 23.762030371082542
392.56249999999994 24.209453858085514 23.75583701284366
393.0625 24.20070331639788 23.749686160617813
393.5625 24.192073751725097 23.74356619149455
394.06249999999994 24.183503579179806 23.737476299311346
394.5625 24.175024757057674 23.731430665982916
395.0625 24.166626125915332 23.725423321993247
395.56249999999994 24.158331348114604 23.719439636638946
396.0625 24.150095816383367 23.713506048859927
396.5625 24.14196987339881 23.7076095959107
397.06249999999994 24.133946165050943 23.701744987843544
397.5625 24.125981563662016 23.695926050160377
398.0625 24.118106079085834 23.690143470252924
398.56249999999994 24.11031771129312 23.684387389964535
399.0625 24.102617756304955 23.678681370474134
399.5625 24.095006829489684 23.673003542768477
400.06249999999994 24.087489093730877 23.667370480325623
400.5625 24.0800254840793 23.66177448443594
401.0625 24.072688811968707 23.65622190534682
401.56249999999994 24.065393471164867 23.650703030159733
402.0625 24.05819664786497 23.645231229190404
402.5625 24.05109549230658 23.63978919317246
403.06249999999994 24.044038192781652 23.634370141069564
403.5625 24.0370342660203 23.62897560544957
404.0625 24.030021699886795 23.623599041547312
404.56249999999994 24.023080322435938 23.618233662375353
405.0625 24.01617221250948 23.612887050378163
405.5625 24.00930429730543 23.607580769837902
406.06249999999994 24.002461742930418 23.602277396037962
406.5625 23.99566960666678 23.596998202246866
407.0625 23.988908605574434 23.59172661696079
407.56249999999994 23.982191561299828 23.58648834266527
408.0625 23.975508019612608 23.581272287950522
408.5625 23.968884210066605 23.576066231672
409.06249999999994 23.96228128430527 23.570892406438126
409.5625 23.95571577220771 23.56574173718115
410.0625 23.949200299078257 23.56059386387357
410.56249999999994 23.942714374057314 23.5554718701856
411.0625 23.936274418257216 23.550384566071145
411.5625 23.92988762183686 23.5453084813345
412.06249999999994 23.92352308009324 23.540256800732863
412.5625 23.917186512930968 23.535218784077703
413.0625 23.91093197439348 23.530203934049677
413.56249999999994 23.904684684100946 23.525208755167423
414.0625 23.898482561918662 23.520232847832258
414.5625 23.892328987330473 23.515291010988495
415.06249999999994 23.88622309712406 23.510352114801062
415.5625 23.880137973897938 23.505448207587616
416.0625 23.874108717350392 23.500561013237945
416.56249999999994 23.86811059282887 23.495691792133616
417.0625 23.862158480009445 23.490855081717584
417.5625 23.856257682099592 23.486028284353125
418.06249999999994 23.850389548795672 23.481224550723443
418.5625 23.844556926835043 23.47644648144597
419.0625 23.838782286709957 23.471691212816715
419.56249999999994 23.833039304918046 23.46695136555479
420.0625 23.827340829447973 23.46224238463452
420.5625 23.82167630777023 23.45754021734497
421.06249999999994 23.816061394223198 23.452871820831472
421.5625 23.810485881289477 23.44822568704977
422.0625 23.80495229222253 23.443597728746703
422.56249999999994 23.799455737736803 23.438977916201097
423.0625 23.794007604324122 23.434415592691423
423.5625 23.78860354157759 23.4298426297527
424.06249999999994 23.78322296731877 23.42530238012519
424.5625 23.77790079232502 23.420780335420996
425.0625 23.772628101938928 23.41628435228424
425.56249999999994 23.767389071276735 23.411810769806934
426.0625 23.76217975315436 23.407356754175787
426.5625 23.757019832309947 23.402922495722112
427.06249999999994 23.751913696045403 23.398510301870033
427.5625 23.74683663422158 23.3941338225164
428.0625 23.741806143737367 23.38976827874353
428.56249999999994 23.7368223211482 23.385422794748237
429.0625 23.731883255608665 23.38109130489647
429.5625 23.726976820606307 23.376800921712558
430.06249999999994 23.722098747654393 23.37252529011632
430.5625 23.71729470257548 23.368279894320573
431.0625 23.71251502137418 23.36404850901797
431.56249999999994 23.70778450590531 23.359826990958503
432.0625 23.703092425518296 23.355653900251294
432.5625 23.698452860117712 23.351482645226938
433.06249999999994 23.69384566117395 23.347347400093383
433.5625 23.68927556637679 23.34322437667214
434.0625 23.684763905069588 23.3391233803566
434.56249999999994 23.68028802435893 23.335045073316824
435.0625 23.67585058938559 23.330988683960886
435.5625 23.671464569113255 23.326954183393525
436.06249999999994 23.667108601838564 23.322959737665386
436.5625 23.662794078436136 23.31896273192828
437.0625 23.658525430951958 23.315009681778665
437.56249999999994 23.654316987640218 23.31106439864993
438.0625 23.65013172116148 23.307145011793434
438.5625 23.646007262310587 23.303249052498067
439.06249999999994 23.641911745609896 23.299377774062542
439.5625 23.637860273837134 23.29552169874296
440.0625 23.633837861328416 23.29167927874493
440.56249999999994 23.62983668388896 23.287861115096312
441.0625 23.625864615161625 23.28406346056862
441.5625 23.62193220401741 23.280276124187434
442.06249999999994 23.618013869074865 23.276506519764407
442.5625 23.61413339333844 23.272740444872397
443.0625 23.610294272525294 23.269016672386375
443.56249999999994 23.606468339762863 23.265285635922325
444.0625 23.602660017725285 23.26158933846392
444.5625 23.598894730916665 23.257895477786835
445.06249999999994 23.5951539066603 23.25422372617578
445.5625 23.591449187758684 23.250574450046898
446.0625 23.587749291907215 23.246922331660702
446.56249999999994 23.584098934901533 23.24330972322374
447.0625 23.580472661124436 23.239701270756882
447.5625 23.576871366657617 23.23610391245679
448.06249999999994 23.573293992087034 23.232520861211796
448.5625 23.56974446539165 23.228953060527022
449.0625 23.56621858031183 23.22540932565559
449.56249999999994 23.56271265292658 23.2218722070027
450.0625 23.55925043661294 23.21836471104344
450.5625 23.5558067952743 23.21485364247104
451.06249999999994 23.55238251239645 23.21136665487832
451.5625 23.548989185724608 23.207893596756193
452.0625 23.545617128932438 23.204425692968247
452.56249999999994 23.542284256335183 23.200988719607828
453.0625 23.53895983922904 23.19755760484536
453.5625 23.53567047176177 23.194142098652094
454.06249999999994 23.53239754147848 23.190741823404522
454.5625 23.52915796127611 23.187355615016774
455.0625 23.525938709036417 23.183975660121096
455.56249999999994 23.522757371105385 23.180622805526685
456.0625 23.519580092896142 23.17726944096568
456.5625 23.516440022733644 23.17395108652642
457.06249999999994 23.513323521697362 23.170616813001722
457.5625 23.510227206709907 23.16731638079707
458.0625 23.50715568626955 23.164028324702876
458.56249999999994 23.50410330023061 23.16074110838877
459.0625 23.5010803455509 23.157490427637658
459.5625 23.49807932774098 23.154223752811895
460.06249999999994 23.49510256085931 23.150996237859598
460.5625 23.4921519972445 23.147769729365088
461.0625 23.489220500943095 23.14456169173015
461.56249999999994 23.4863157659628 23.141357580185797
462.0625 23.483435892608217 23.13816509962929
462.5625 23.48056720559248 23.134993333335423
463.06249999999994 23.477737091464867 23.131832185538403
463.5625 23.47493365189824 23.1286863859992
464.0625 23.472133433746038 23.125549896209336
464.56249999999994 23.469360817974888 23.122444141466616
465.0625 23.466613704371003 23.119324009630496
465.5625 23.46389105106517 23.116224316795083
466.06249999999994 23.461195360596427 23.113144842318512
466.5625 23.45851224674024 23.11006800573069
467.0625 23.45585227109374 23.10699756950539
467.56249999999994 23.45320842290001 23.103955494642832
468.0625 23.45059702724193 23.100918854554013
468.5625 23.448016611317644 23.09789035193048
469.06249999999994 23.44543382067232 23.09488368030715
469.5625 23.44289012485109 23.09187728848856
470.0625 23.44036310631591 23.088888505542066
470.56249999999994 23.43785206115111 23.085904550110293
471.0625 23.435383030948 23.082941410660336
471.5625 23.432918973680884 23.079987336498395
472.06249999999994 23.43047771564667 23.077043166385153
472.5625 23.42806643587958 23.074110076770303
473.0625 23.42566325745764 23.071195267899114
473.56249999999994 23.4232876999047 23.068287611534764
474.0625 23.420936039904007 23.065381175392595
474.5625 23.41860427451868 23.0624948342148
475.06249999999994 23.416279859174097 23.059618677341565
475.5625 23.413981370753923 23.056756551981326
476.0625 23.411720825453273 23.053895646986476
476.56249999999994 23.409456619480878 23.0510588839307
477.0625 23.40722292990857 23.048221402067224
477.5625 23.405015926370766 23.04539543103202
478.06249999999994 23.40278988496676 23.042599018536905
478.5625 23.400607174204456 23.039789534084182
479.0625 23.39845281614947 23.037001952993897
479.56249999999994 23.396295222526074 23.0342134451416
480.0625 23.394179689450514 23.031438679957805
480.5625 23.392044240685657 23.028678897216057
481.06249999999994 23.389948630098143 23.0259276778258
481.5625 23.387870075564873 23.023181055645857
482.0625 23.385805495356134 23.02044971198004
482.56249999999994 23.38376876134916 23.017732475080415
483.0625 23.38173516447413 23.015020626652
483.5625 23.37972226596864 23.01231034743594
484.06249999999994 23.37771491802995 23.009621370880687
484.5625 23.375743043945466 23.00693600386976
485.0625 23.37378816108434 23.004257080276865
485.56249999999994 23.37184221750853 23.00159203521715
486.0625 23.36991981398701 22.99893884746705
