FastTrWP/PhaseSpace/IAs/snIa_0.44_30.00_-0.17_0.02.csv
# %ECSV 0.9
# ---
# datatype:
# - {name: time-rel, datatype: float64}
# - {name: g, datatype: float64}
# - {name: i, datatype: float64}
# schema: astropy-2.0
time-rel g i
[from data line 865]
624.2083333333334 23.253516182578267 22.402389884947766
624.7083333333334 23.253727741724 22.40187708960706
625.2083333333334 23.253935307078418 22.40136006806274
625.7083333333334 23.25417144837052 22.400853929743363
626.2083333333334 23.254402511371115 22.40034724448797
626.7083333333334 23.25463658377401 22.39983903037882
627.2083333333334 23.254871516956843 22.39933291176877
627.7083333333334 23.255123766275908 22.39884031542676
628.2083333333334 23.25537227689772 22.398344463775118
628.7083333333334 23.255622434471107 22.39784748697741
629.2083333333334 23.25589058314559 22.397359016193224
629.7083333333334 23.256149581827927 22.396868906510928
630.2083333333334 23.256426908873014 22.396376979599157
630.7083333333334 23.256697925232977 22.395903524845103
631.2083333333334 23.256982550125933 22.395417550285487
631.7083333333334 23.2572706844396 22.394935187688027
632.2083333333334 23.257558798296895 22.394458542292366
632.7083333333334 23.257860258002523 22.393985104639484
633.2083333333334 23.258162908468133 22.393523762430384
633.7083333333334 23.258469654718397 22.39305485485645
634.2083333333334 23.258789852178698 22.392589115200025
634.7083333333334 23.259107136677493 22.392121851842845
635.2083333333334 23.259435595231125 22.391664144526988
635.7083333333334 23.25976000170204 22.391210184668168
636.2083333333334 23.260100244050605 22.39074252053665
636.7083333333334 23.260442232445122 22.390294857858798
637.2083333333334 23.260781028323283 22.389850643471362
637.7083333333334 23.261137352608067 22.389406176812624
638.2083333333334 23.261494314853106 22.38895913818508
638.7083333333334 23.261855914229322 22.388515452959172
639.2083333333334 23.262227679104228 22.388082666856594
639.7083333333334 23.26260683236363 22.387647668279257
640.2083333333334 23.262981391743992 22.387219671182077
640.7083333333334 23.26336534409431 22.386787846321326
641.2083333333334 23.26376190616474 22.386361828575595
641.7083333333334 23.26415231113053 22.385935407812504
642.2083333333334 23.264553491702785 22.38552019904224
642.7083333333334 23.26496478003358 22.38509971751171
643.2083333333334 23.265372985238336 22.384685318312066
643.7083333333334 23.265793097276067 22.384264770323487
644.2083333333334 23.26621828923061 22.383862392760726
644.7083333333334 23.26666026424707 22.383447917228647
645.2083333333334 23.267093676767505 22.38304943923779
645.7083333333334 23.267535580300013 22.382651285634264
646.2083333333334 23.2679770209081 22.382252160670355
646.7083333333334 23.268444871186936 22.381849773241736
647.2083333333334 23.26889363526984 22.38146312559749
647.7083333333334 23.269360845781037 22.381067533910898
648.2083333333334 23.269840274497216 22.380677411842843
648.7083333333334 23.27032175199711 22.380301094073808
649.2083333333334 23.270792495080997 22.37992502245579
649.7083333333334 23.271294385052595 22.379540931796335
650.2083333333334 23.27178073622016 22.37916471984093
650.7083333333334 23.272287524544222 22.37878982355444
651.2083333333334 23.272791980053302 22.37842053472602
651.7083333333334 23.273309663869732 22.378058179585363
652.2083333333334 23.273816458315046 22.377692951580492
652.7083333333334 23.27435047794838 22.377331992385585
653.2083333333334 23.274875147806178 22.376975882929923
653.7083333333334 23.275428085956847 22.37662158393837
654.2083333333334 23.27596106497859 22.37626838521482
654.7083333333334 23.27650804247571 22.375921822917675
655.2083333333334 23.27705878241232 22.375580853888977
655.7083333333334 23.277628355389734 22.3752446442966
656.2083333333334 23.2781911611073 22.374889683950848
656.7083333333334 23.27875948840012 22.37456069356338
657.2083333333334 23.27934934993874 22.374221855404404
657.7083333333334 23.279933882520865 22.373891525600804
658.2083333333334 23.28052946556665 22.373561883953318
658.7083333333334 23.28112207402195 22.373238203889084
659.2083333333334 23.281738493070954 22.37291864777957
659.7083333333334 23.282349730482558 22.372601287066654
660.2083333333334 23.282965080960004 22.372280432681357
660.7083333333334 23.283589998988923 22.371969362491807
661.2083333333334 23.284231551466064 22.371664665181598
661.7083333333334 23.284887535459667 22.371354891630236
662.2083333333334 23.28553743290049 22.371057363809594
662.7083333333334 23.28619890780223 22.370752607449617
663.2083333333334 23.286881175976156 22.370466830209498
663.7083333333334 23.28756159060141 22.370158962638428
664.2083333333334 23.288252135214236 22.36987548317421
664.7083333333334 23.28894568217658 22.369592024524398
665.2083333333334 23.289647573932353 22.36930471443781
665.7083333333334 23.29035629215293 22.369026277568352
666.2083333333334 23.29107845528785 22.368744089985434
666.7083333333334 23.29180879790044 22.3684764115402
667.2083333333334 23.292531681571425 22.36819886758887
667.7083333333334 23.2932726757449 22.367928453048258
668.2083333333334 23.29401667899016 22.367666023781425
668.7083333333334 23.29477247840733 22.367404266096397
669.2083333333334 23.295530685155793 22.367139613469682
669.7083333333334 23.296303800840477 22.366886475210247
670.2083333333334 23.297083260281767 22.366632281726638
670.7083333333334 23.297861775853704 22.366377429115317
671.2083333333334 23.298645609457168 22.36612409928496
671.7083333333334 23.29943837426719 22.3658752321088
672.2083333333334 23.30023463591809 22.365640690312784
672.7083333333334 23.30103918246701 22.365394819053037
673.2083333333334 23.301853880067252 22.365153706888414
673.7083333333334 23.30267043280656 22.36492221625671
674.2083333333334 23.30349770200682 22.364689921962565
674.7083333333334 23.304331614891147 22.364458803939918
675.2083333333334 23.305156995428078 22.364221132023673
675.7083333333334 23.30599305464117 22.36400538397664
676.2083333333334 23.30683473069456 22.363781049668304
676.7083333333334 23.307696247626435 22.36355791633406
677.2083333333334 23.308544701612817 22.363342664719465
677.7083333333334 23.309408599637912 22.36312433087225
678.2083333333334 23.310267987532534 22.362909753207273
678.7083333333334 23.311142568564893 22.362704343899274
679.2083333333334 23.312006235876236 22.36249342488211
679.7083333333334 23.312895935173266 22.362290203804083
680.2083333333334 23.313771106791027 22.362087787151204
680.7083333333334 23.31465290576792 22.361883335528432
681.2083333333334 23.315545014131995 22.36168175519309
681.7083333333334 23.31645027281832 22.361493394794763
682.2083333333334 23.317351197967596 22.36129549604118
682.7083333333334 23.318242698935915 22.361109342019496
683.2083333333334 23.31915829637466 22.36091084477141
683.7083333333334 23.320058259958092 22.36073181604542
684.2083333333334 23.320979779224714 22.36053864320231
684.7083333333334 23.321898741463485 22.360359221669846
685.2083333333334 23.32280561538844 22.36018424684862
685.7083333333334 23.323733884212988 22.360008685640015
686.2083333333334 23.324660355059777 22.35982333071743
686.7083333333334 23.325583566340082 22.359653387326848
687.2083333333334 23.326515782178916 22.35948333313405
687.7083333333334 23.327460527633125 22.359313054561852
688.2083333333334 23.328390890809246 22.359147135646417
688.7083333333334 23.329336116517588 22.358977207437505
689.2083333333334 23.33026223179402 22.358818785229573
689.7083333333334 23.331205626098583 22.358654074465388
690.2083333333334 23.332156966662126 22.3584947407608
690.7083333333334 23.333086882667104 22.358341089346258
691.2083333333334 23.334046601457196 22.35817858463401
691.7083333333334 23.33500240100209 22.35803014323087
692.2083333333334 23.335946414129488 22.35788188495801
692.7083333333334 23.33691053220045 22.357726155636524
693.2083333333334 23.337851407090845 22.357575085663576
