FastTrWP/PhaseSpace/IAs/snIa_0.70_30.00_-0.14_-0.01.csv
# %ECSV 0.9
# ---
# datatype:
# - {name: time-rel, datatype: float64}
# - {name: g, datatype: float64}
# - {name: i, datatype: float64}
# schema: astropy-2.0
time-rel g i
[from data line 1707]
942.875 25.15851884036468 22.444278486626125
943.375 25.160423611233682 22.445017829192658
943.8749999999999 25.16232385221143 22.445752696900687
944.375 25.164231759276174 22.446495559621024
944.875 25.166111166385214 22.447236841753195
945.3749999999999 25.16799062625871 22.44797758916459
945.875 25.169880698782205 22.448719356924425
946.375 25.17175911114963 22.449470431263666
946.8749999999999 25.173641696476796 22.450215243318393
947.375 25.175507932209733 22.45095038823642
947.875 25.17738022668761 22.45170369546164
948.3749999999999 25.179266540361034 22.452453253147393
948.875 25.181097599243024 22.453194829610247
949.375 25.182949034574648 22.453950699261263
949.8749999999999 25.18479775290006 22.45469929983009
950.375 25.186661563462813 22.455452783583667
950.875 25.188479520217317 22.456202499725503
951.3749999999999 25.19032163708587 22.456957595242173
951.875 25.19214970334452 22.457711231075017
952.375 25.194004889089605 22.458471350794223
952.8749999999999 25.195812596292797 22.45922421523312
953.375 25.197626589203463 22.459989356547567
953.875 25.19944805495507 22.460747977900603
954.3749999999999 25.201252720992073 22.461503163572388
954.875 25.203100963142077 22.46226593419093
955.375 25.204870923394477 22.463034470649355
955.8749999999999 25.20666996846259 22.46379823608229
956.375 25.208469122792128 22.46456148290854
956.875 25.21026710494891 22.46532365964237
957.3749999999999 25.21204652843934 22.466088658288367
957.875 25.213823166884865 22.466860016467166
958.375 25.215609174524932 22.46762812404565
958.8749999999999 25.217380680833124 22.468404331706225
959.375 25.219136953322145 22.46917661577772
959.875 25.220918801269292 22.469940783851442
960.3749999999999 25.222697297571838 22.470714400042592
960.875 25.224437963262165 22.471492459793907
961.375 25.226154565800357 22.472266521447303
961.8749999999999 25.22792533169556 22.47304505540914
962.375 25.229677168767964 22.47381874720899
962.875 25.23141499275786 22.474595472686225
963.3749999999999 25.233151830887017 22.475380835790215
963.875 25.234873334531084 22.476160498756013
964.375 25.23660164960706 22.476946739041107
964.8749999999999 25.238350167445812 22.47771972377212
965.375 25.240070957904457 22.478510524733725
965.875 25.24177667062158 22.47929791190087
966.3749999999999 25.243492270798342 22.480079027006326
966.875 25.245195071207583 22.480872495553335
967.375 25.246907276014618 22.481652882248223
967.8749999999999 25.24859616599339 22.48244337580196
968.375 25.25027989427345 22.483238796874613
968.875 25.251963389485486 22.484029786390916
969.3749999999999 25.253662450157112 22.48482785053175
969.875 25.25535572069134 22.485616824998335
970.375 25.25702266959188 22.48640843668476
970.8749999999999 25.25869036920173 22.48720723294047
971.375 25.2603532912175 22.488012526701276
971.875 25.26201712800124 22.48880786875848
972.3749999999999 25.263687201496268 22.48960627620172
972.875 25.26534472547191 22.49039997031368
973.375 25.267002990167597 22.491207281342813
973.8749999999999 25.26864699859304 22.49200995616316
974.375 25.270301810880575 22.49281924354551
974.875 25.271934476869124 22.4936212828987
975.3749999999999 25.273576029345847 22.494422873845785
975.875 25.27518123772659 22.49522553902043
976.375 25.276806692547297 22.4960391726148
976.8749999999999 25.27844696744505 22.49684801955439
977.375 25.280063203611146 22.497664762848615
977.875 25.281690056676535 22.49847293920597
978.3749999999999 25.283298932802897 22.49928705593289
978.875 25.28490275304687 22.5000966076321
979.375 25.286496725679335 22.500913091587368
979.8749999999999 25.288135527666697 22.5017334364402
980.375 25.289731776858318 22.502548132482232
980.875 25.291310854660868 22.503362727363662
981.3749999999999 25.292887755264037 22.504186745969022
981.875 25.29447974310317 22.505009578671647
982.375 25.296047131698653 22.50583040603521
982.8749999999999 25.297639190420323 22.506652170567655
983.375 25.29918038023258 22.507471980676918
983.875 25.300753961878364 22.50830337298302
984.3749999999999 25.30230379571206 22.509128804139294
984.875 25.30384004465982 22.50995429013838
985.375 25.305365678185986 22.510788530298413
985.8749999999999 25.306881859407568 22.511626083347352
986.375 25.308414407035574 22.51245778031344
986.875 25.309932306974524 22.513300538719633
987.3749999999999 25.311404807667024 22.514132675970924
987.875 25.31286903967121 22.514970923702787
988.375 25.314374753393942 22.51581457443285
988.8749999999999 25.315853058926923 22.51665577638619
989.375 25.31727710085952 22.51750222900909
989.875 25.318762080699948 22.51834442037369
990.3749999999999 25.320207149403437 22.519192617967608
990.875 25.321648975780676 22.520044480270922
991.375 25.323105617036923 22.520880821715338
991.8749999999999 25.324508349424114 22.521738887477724
992.375 25.325930300191473 22.522593698822227
992.875 25.327357318283696 22.52344501386134
993.3749999999999 25.328739007856477 22.52429297092613
993.875 25.33016383851325 22.525156312884892
994.375 25.331555533367442 22.526008171564456
994.8749999999999 25.33297912618834 22.526876565123423
995.375 25.33437642758518 22.527729054788
995.875 25.33572796322541 22.528587211857886
996.3749999999999 25.337116774532753 22.529454026787864
996.875 25.3384753991114 22.530317240479285
997.375 25.339857243022415 22.53118516064451
997.8749999999999 25.341220567365315 22.532053530129488
998.375 25.342542470739954 22.53291664912025
998.875 25.343906604589385 22.53378725460669
999.3749999999999 25.34526262731431 22.53465602947864
999.875 25.346551557782682 22.53552709384479
1000.375 25.34791849684113 22.536400919106782
1000.8749999999999 25.34923847579527 22.537269366022947
1001.375 25.350563173262067 22.538142906888936
1001.875 25.351886860776037 22.539017350124006
1002.375 25.353204630976684 22.53988620821293
1002.875 25.35455167780626 22.540769489620644
1003.375 25.355876044589678 22.541655267054953
1003.875 25.35714725892578 22.542528795097084
1004.375 25.358460879182584 22.543403914595586
1004.875 25.35977491587102 22.54428623682914
1005.375 25.361053782886486 22.54516822618384
1005.875 25.362394279069548 22.546052500665628
1006.375 25.363656897661837 22.546935208227374
1006.875 25.36495509095587 22.54781940629265
1007.375 25.3662452882361 22.548701629580922
1007.875 25.36753628493814 22.549585467372886
1008.375 25.368819742190208 22.550468355195786
1008.875 25.37012063589932 22.551361870524936
1009.375 25.37140307974893 22.55224399893748
1009.875 25.372669646779848 22.553136217549774
1010.375 25.37396507720164 22.55402498489701
1010.875 25.375227008265785 22.554913533522225
1011.375 25.37652205447372 22.555797802318708
1011.875 25.377790479301883 22.55669510925258
1012.375 25.379079110872944 22.5575891452179
1012.875 25.380349932689732 22.558475938999223
1013.375 25.381642268958522 22.559370462270284
1013.875 25.382924487884377 22.560259310628968
1014.375 25.384216014483762 22.5611624972775
1014.875 25.3854982244053 22.56205455248943
1015.375 25.38675046174361 22.56295054264385
1015.875 25.388043935972743 22.563849839777134
1016.375 25.389317473492362 22.56474541102531
1016.875 25.390630046594044 22.56563955947388
1017.375 25.391910802389155 22.566541886236195
1017.875 25.393186357495537 22.567435151293264
1018.375 25.394485291198535 22.568329862005577
1018.875 25.395776962675804 22.56923019735851
1019.375 25.397046941719765 22.57012550687705
1019.875 25.3983828391708 22.571024624582524
1020.375 25.399636465993744 22.571920766552388
1020.875 25.400930524227817 22.57282525407621
1021.375 25.40226138458385 22.573716223976806
1021.875 25.40357884345581 22.574620240648343
1022.375 25.4048761912085 22.5755294706577
1022.875 25.406181146863076 22.576417721119427
1023.375 25.407502922260758 22.57732698361145
1023.875 25.408816065460606 22.57822907398312
1024.375 25.410091835012636 22.579127051188554
1024.875 25.41141362635118 22.580030966105745
1025.375 25.41271132775349 22.58093368014027
1025.875 25.41398893095113 22.581835240732783
1026.375 25.415281567938344 22.58274855072747
1026.875 25.416571709122625 22.58365857373258
1027.375 25.417836352423073 22.584565602017026
1027.875 25.419121392425605 22.585471734502327
1028.375 25.42039888630121 22.58638754338575
1028.875 25.421669857696557 22.587298664641295
1029.375 25.422957638403126 22.588216933789926
1029.875 25.424232069715863 22.589121644077746
1030.375 25.425501459620065 22.590041730483158
1030.875 25.426752091390952 22.590952545342468
1031.375 25.42799033815635 22.591866621101477
1031.875 25.429256900448046 22.592780398434122
1032.375 25.43051171260113 22.593704690326312
1032.875 25.431733006290624 22.59462003372751
1033.375 25.432989166667895 22.59553691481534
1033.875 25.434204716350276 22.596463493578938
1034.375 25.435476637407703 22.597377593461616
1034.875 25.43671069015122 22.598309931774008
1035.375 25.43795365696824 22.599228593027036
1035.875 25.439208930531585 22.600142555567423
1036.375 25.440433926523426 22.6010771518769
1036.875 25.441673003371296 22.602003085246793
1037.375 25.442904957029043 22.602929363724105
1037.875 25.444142718176227 22.603858768578892
1038.375 25.445359447477458 22.604788942914766
1038.875 25.446604407711927 22.60570935649911
1039.375 25.447812864642586 22.606649617999032
1039.875 25.449050646281904 22.607571865564143
1040.375 25.450270701333842 22.60850372838521
1040.875 25.451478275596784 22.609431046694937
1041.375 25.452703840382984 22.610364111824083
1041.875 25.45394438517797 22.611294895281503
1042.375 25.455159257162276 22.61222850599256
1042.875 25.456376063684253 22.613165447446164
1043.375 25.45759883602124 22.614104667601623
1043.875 25.45882310952799 22.615035080940803
1044.375 25.460071709274846 22.61596288543317
1044.875 25.46126576079643 22.61690621755838
1045.375 25.46253390705544 22.617842236018234
1045.875 25.463720425991106 22.618787841866585
1046.375 25.464945241583475 22.61971320480673
1046.875 25.466196992919087 22.62065657856883
1047.375 25.46740436353786 22.621600658370284
1047.875 25.46863589579854 22.62254134448725
1048.375 25.469862292650983 22.62347763676976
1048.875 25.471101697093403 22.624420161238334
1049.375 25.472322431321267 22.62536024137974
1049.875 25.47358654943126 22.626304968217973
1050.375 25.474778927917914 22.627245581908536
1050.875 25.47602465644609 22.628191244011255
1051.375 25.477256016181453 22.62913201508205
1051.875 25.4784763553519 22.630088945742173
1052.375 25.479724505835026 22.63101820379482
1052.875 25.480973887555894 22.6319682896587
1053.375 25.482229169418453 22.63291301252987
1053.875 25.483466083146045 22.633859259940216
1054.375 25.484691219189703 22.634809883020665
1054.875 25.485966815587197 22.635745543047424
1055.375 25.487229181668475 22.636699175415046
1055.875 25.48850383739896 22.63764933552099
1056.375 25.48974904984243 22.638593530485384
1056.875 25.49099359626772 22.639545178883374
1057.375 25.492266257438715 22.640487636613816
1057.875 25.493551776360654 22.641436595829283
1058.375 25.49483333790758 22.642380561823604
1058.875 25.496091876793532 22.6433390826756
1059.375 25.497377452112715 22.644289531936025
1059.875 25.498662791215207 22.645233379814165
1060.375 25.499968800657413 22.64617971045535
1060.875 25.501267370196903 22.64713914253621
1061.375 25.50255049031259 22.648086718652465
1061.875 25.503840769613447 22.6490378166951
1062.375 25.505152978872196 22.649985134649416
1062.875 25.50648501588396 22.650938754303315
1063.375 25.507796694301913 22.65189227732256
1063.875 25.50913094426688 22.652849378572718
1064.375 25.510447866803542 22.653790355031774
1064.875 25.511779598363923 22.654750907337927
1065.375 25.51309258122341 22.655696987725136
1065.875 25.51441293955811 22.656655113699436
1066.375 25.515733454289663 22.657604921749886
1066.875 25.517094169680785 22.658561235370826
1067.375 25.51840279061956 22.65952390144646
1067.875 25.519728674769752 22.660469357704297
1068.375 25.521112292868843 22.661430280590867
1068.875 25.522437278386118 22.662383213736625
1069.375 25.52378250695803 22.663342666360084
1069.875 25.52512501382192 22.664291010514333
1070.375 25.526465895022543 22.665255043235383
1070.875 25.52781253123171 22.66620058033102
1071.375 25.529160940491224 22.66716506465922
1071.875 25.530507189625112 22.668129092416716
1072.375 25.531847454602662 22.66908688720061
1072.875 25.53322845137778 22.670047188504995
1073.375 25.534572708262736 22.670999683077145
1073.875 25.5359192733994 22.67196687602942
1074.375 25.53727773235601 22.67292942285453
1074.875 25.538622257899814 22.673885104271143
1075.375 25.540008396311634 22.67485870300105
1075.875 25.541316029307733 22.67581212055123
1076.375 25.542718682428468 22.676779574320328
1076.875 25.544080449990844 22.677739717817555
1077.375 25.545464451584046 22.678698893758288
1077.875 25.54684547097157 22.67966969880186
1078.375 25.548224728451288 22.680635003158372
1078.875 25.54957907907827 22.68160719489851
1079.375 25.550943258058773 22.682564533376514
1079.875 25.55233737893348 22.683531440350436
1080.375 25.55375515494642 22.684503049096207
1080.875 25.555116819023148 22.685468359675856
1081.375 25.556486657321848 22.68643907034194
1081.875 25.557889069966837 22.687412063072724
1082.375 25.559272153988957 22.68837750513077
1082.875 25.560679682195552 22.689342174532726
1083.375 25.56209475417898 22.690311881663483
1083.875 25.56345549641251 22.691295389921716
1084.375 25.564858135725345 22.692259657614304
1084.875 25.566245548889277 22.693227775231385
1085.375 25.567645079934675 22.694204929704455
1085.875 25.56906566749103 22.69518174712857
1086.375 25.57046985656509 22.696156896495467
1086.875 25.571876781916572 22.697128019270203
1087.375 25.57328533182734 22.698095975218532
1087.875 25.574715611220626 22.699071640047535
1088.375 25.576154676495566 22.700056450627915
1088.875 25.57754184257279 22.70103820136758
1089.375 25.57895333425258 22.70201360481963
1089.875 25.580368080024893 22.70298075578345
1090.375 25.58179123706134 22.703966038051266
1090.875 25.583236931889314 22.704950486700056
1091.375 25.584633080833505 22.705927195674537
1091.875 25.586089617071742 22.706904877325307
1092.375 25.587502427531412 22.707887207194226
1092.875 25.588912376853802 22.708869447288407
1093.375 25.5903897913233 22.70985837410103
1093.875 25.591844217296178 22.710837196508763
1094.375 25.593260448774032 22.71181601083612
1094.875 25.594711212428543 22.712805135301345
1095.375 25.5961673401914 22.713793121629617
1095.875 25.59760819542508 22.71478042877297
1096.375 25.599057577583505 22.715765104288277
1096.875 25.600491037901577 22.71675381253711
1097.375 25.601934775144564 22.717741677884664
1097.875 25.603413254203243 22.718726456145966
1098.375 25.60488010892623 22.71972891897306
1098.875 25.606305887517514 22.72071060691644
1099.375 25.607828187464825 22.721703034718793
1099.875 25.609264796462575 22.722701254335487
1100.375 25.61071174212065 22.72369409269495
1100.875 25.61222222935667 22.724674110178235
1101.375 25.61368995801785 22.725681425914086
1101.875 25.615143488397262 22.72666969775073
1102.375 25.616644757094846 22.727670944582833
1102.875 25.618120526464367 22.72866419739919
1103.375 25.61960495462012 22.729656277087198
1103.875 25.621071709229966 22.730662473748296
1104.375 25.622557433746035 22.731662423803197
1104.875 25.624082016255624 22.732659070665022
1105.375 25.62556643986317 22.733659291894604
1105.875 25.62705245997641 22.73466218201395
1106.375 25.62857246893992 22.735665830478922
1106.875 25.63007563549212 22.736666100453395
1107.375 25.631537898661033 22.737663316296484
1107.875 25.633071490885953 22.738669916792887
1108.375 25.63457137835392 22.739675809747144
1108.875 25.636072718816475 22.740678426652345
1109.375 25.63757161647205 22.74168728454477
1109.875 25.6390874986397 22.742696289979207
1110.375 25.640622222966076 22.74369173342447
1110.875 25.642135984072155 22.744700015822602
1111.375 25.64367108587948 22.745717043312936
1111.875 25.64518670566356 22.746724369999328
