FastTrWP/PhaseSpace/IAs/snIa_0.44_30.00_1.42_0.07.csv
# %ECSV 0.9
# ---
# datatype:
# - {name: time-rel, datatype: float64}
# - {name: g, datatype: float64}
# - {name: i, datatype: float64}
# schema: astropy-2.0
time-rel g i
159.875 26.97615091040415 24.838528162814363
160.375 26.95153905878303 24.8299554705808
160.875 26.927199987620178 24.821408086514015
161.375 26.90320546686651 24.812918484318175
161.875 26.8794854222387 24.804440303273566
162.375 26.856088548422747 24.795978409944457
162.875 26.832939790106902 24.78754097593439
163.375 26.810086890882236 24.779136529576608
163.875 26.78752292771645 24.770778801492447
164.375 26.765141563972406 24.76245963417057
164.875 26.74317669711578 24.75415923104865
165.375 26.72135569511599 24.745877849641715
165.875 26.69979531605555 24.737653118591222
166.375 26.67852659879799 24.72943535388787
166.875 26.657517965485923 24.721253286781867
167.375 26.636682010892727 24.71313524679443
167.87499999999997 26.616116204879262 24.705011698003467
168.375 26.59579421822176 24.696941487412353
168.875 26.575682279038567 24.688894649018486
169.37499999999997 26.555800541988397 24.680877520769616
169.875 26.5361653018942 24.672910323526107
170.375 26.51672563070971 24.66496818355769
170.87499999999997 26.49754117308793 24.65705600699867
171.375 26.47848265058485 24.649174573491763
171.875 26.459732191321642 24.64134268222125
172.37499999999997 26.44111639089786 24.63352815971951
172.875 26.422731221493166 24.625746307603677
173.375 26.404486626488655 24.61800268503928
173.87499999999997 26.386480074680975 24.610313874181315
174.375 26.368685868961435 24.60263621032928
174.875 26.351068439880464 24.59499622471887
175.37499999999997 26.333598323255437 24.587384795043825
175.875 26.316351679758128 24.579826907988036
176.375 26.29928301781172 24.572278885588755
176.87499999999997 26.282350257302454 24.56477741632269
177.375 26.265634861568024 24.55729400055334
177.875 26.24908518488732 24.549883129501325
178.37499999999997 26.232660445586575 24.542473840871025
178.875 26.216412471884972 24.535104393142237
179.375 26.20030613779734 24.527753917051527
179.87499999999997 26.18431525625493 24.520420110026834
180.375 26.168373392995914 24.51310890436648
180.875 26.152571124642936 24.5058302439902
181.37499999999997 26.13689176998367 24.49858302367157
181.875 26.121306057140078 24.491339969226786
182.375 26.10587429554677 24.484099312638648
182.87499999999997 26.09050097042864 24.47689970020923
183.375 26.07525097369958 24.469716628315258
183.875 26.060096364468926 24.462561274828033
184.37499999999997 26.04508167417467 24.455435463287554
184.875 26.03011228116218 24.448299378634193
185.375 26.01523824585396 24.441199277794667
185.87499999999997 26.00054629616331 24.43413701895126
186.375 25.985913759916578 24.427080236963278
186.875 25.971368497347317 24.420042639957998
187.37499999999997 25.956965871253747 24.413038525140188
187.875 25.942665252615157 24.406049470900296
188.375 25.928411920373428 24.399090682464614
188.87499999999997 25.914299337901983 24.3921705412577
189.375 25.900288299702382 24.385244362954527
189.875 25.88634303029004 24.37834694168653
190.37499999999997 25.87255013932651 24.371468479618862
190.875 25.85875288138546 24.364617169253226
191.375 25.845176384991202 24.35779957476555
191.87499999999997 25.831640774895554 24.35096774159652
192.375 25.818160769931026 24.344195509872133
192.875 25.80483695714709 24.33744733954218
193.37499999999997 25.79158758972328 24.330713601498204
193.875 25.778431444738644 24.3239965478311
194.375 25.765370156969666 24.31729127223226
194.87499999999997 25.75238696057066 24.310638938988433
195.375 25.739502530763907 24.303988156923815
195.875 25.726709586423 24.297369169333813
196.37499999999997 25.714021687445403 24.290778670016678
196.875 25.701390897084092 24.284206730267538
197.375 25.688882739973593 24.27766038320515
197.87499999999997 25.676453084235213 24.27112880297823
198.375 25.664086083563767 24.264629442956736
198.875 25.651807370351708 24.258155746322366
199.37499999999997 25.63963097042366 24.25167689310666
199.875 25.62755299125476 24.245265075278727
200.375 25.615544233056177 24.238849681894386
200.87499999999997 25.60360438168738 24.23244829430387
201.375 25.591793186133465 24.22609724888231
201.875 25.580028909400628 24.219756638188272
202.37499999999997 25.568364505476346 24.213432047074317
202.875 25.556744382840996 24.207133551916577
203.375 25.54521880283534 24.200858678473146
203.87499999999997 25.53377677577375 24.194632687803974
204.375 25.522442872446742 24.188408731599136
204.875 25.511156127529958 24.182195189300025
205.37499999999997 25.49992958170619 24.176019372661727
205.875 25.488830862869317 24.169873462495318
206.375 25.47777525895862 24.163739456722453
206.87499999999997 25.466789758586337 24.157635119846784
207.375 25.455899906316567 24.151546065182018
207.875 25.44507108075901 24.145501412522748
208.37499999999997 25.43432035987268 24.139456894299588
208.875 25.423642046383243 24.133444692192583
209.375 25.41303254967216 24.127461179452926
209.87499999999997 25.402505408525737 24.12148025986206
210.375 25.392056083050477 24.115550102676927
210.875 25.381652164035863 24.10961716679934
211.37499999999997 25.371330609574848 24.1037347813211
211.875 25.361112698456573 24.097847538980556
212.375 25.350905762872706 24.092006249074256
212.87499999999997 25.340783343487388 24.08617613455485
213.375 25.33075807152153 24.080373772781975
213.875 25.320735217419625 24.074570732942675
214.37499999999997 25.310776022921747 24.068798388484186
214.875 25.30084199275101 24.063029512847415
215.375 25.290952465277865 24.057267962159944
215.87499999999997 25.28105655132222 24.051542511730087
216.375 25.27125715655501 24.04579735412205
216.875 25.261468017593426 24.04007531723707
217.37499999999997 25.25171878653813 24.03439016475407
217.875 25.242047553891762 24.028694690686127
218.375 25.232384345187988 24.023025988677503
218.87499999999997 25.222763718708983 24.01735384456142
219.375 25.213172271145076 24.01172025014626
219.875 25.20366803047618 24.00608561115261
220.37499999999997 25.194180959954537 24.000448017346613
220.875 25.184728774397733 23.994881567199347
221.375 25.175335170130033 23.989290855405386
221.87499999999997 25.16599353844451 23.983731377115586
222.375 25.156672253232777 23.978162537686977
222.875 25.14741169660983 23.972638789308085
223.37499999999997 25.138202822747214 23.967122375371726
223.875 25.12903514309283 23.961609237601134
224.375 25.11990480373184 23.95611933663297
224.87499999999997 25.110827008740088 23.95066042597263
225.375 25.10180461005077 23.945194464928136
225.875 25.092791903697492 23.939765955673124
226.37499999999997 25.083833209435326 23.934343933351528
226.875 25.074963589007556 23.928953852833295
227.375 25.066132668977144 23.923564084012327
227.87499999999997 25.057328121012247 23.918202169639976
228.375 25.048599333392193 23.912843152611085
228.875 25.039867646630807 23.907532190461225
229.37499999999997 25.03123718490727 23.902209582157905
229.875 25.02261383390032 23.896924244161628
230.375 25.014071917977677 23.891648085520455
230.87499999999997 25.005564722965442 23.886383145900425
231.375 24.997092307748034 23.881146283636
231.875 24.98869426956107 23.875929665073436
232.375 24.980326617034617 23.87075063651313
232.875 24.9720199651874 23.865560556753266
233.375 24.963755920229048 23.860392694623496
233.875 24.95552060234267 23.855251498331494
234.375 24.94735430901627 23.850133835483728
234.875 24.939240265691723 23.8450326242388
235.375 24.931161674309784 23.83995967348092
235.875 24.92315224712996 23.834886644163973
236.375 24.915166102320214 23.82984396900841
236.875 24.907265916991967 23.82482101341023
237.375 24.899353606364464 23.81981825259643
237.875 24.891534325134195 23.81482988156433
238.375 24.883759036879137 23.809875612470307
238.875 24.876009206117743 23.804932842127528
239.375 24.868352263030843 23.80000033363897
239.875 24.86071760587717 23.795106281552137
240.375 24.85313934516948 23.79021133855837
240.875 24.845588882268853 23.78536130324423
241.375 24.83810632750359 23.78051050256556
241.875 24.830687418837414 23.77569412072524
242.375 24.82328428523863 23.770889154988947
242.875 24.815930794814847 23.76611045809859
243.375 24.808643602753992 23.761362150505548
243.875 24.801414933072962 23.75661741300076
244.375 24.79420356669245 23.751896294379655
244.875 24.787017784766565 23.74720218920208
245.375 24.77994713852898 23.742529251771174
245.875 24.77291219004133 23.737880812261988
246.375 24.765886713471616 23.733234812446163
246.875 24.75892779268625 23.728633183376736
247.375 24.752010137955903 23.724049390255317
247.875 24.745165197409342 23.719464844447437
248.375 24.73829489014173 23.71491042331142
248.875 24.731467805099562 23.710360894637805
249.375 24.724696407776566 23.705820744753858
249.875 24.717909791218524 23.701300073820846
250.375 24.711166120026093 23.69677391084995
250.875 24.704422947596676 23.692279684841132
251.375 24.69774749320496 23.687790780579054
251.875 24.691068490270467 23.683307630921053
252.375 24.684409807675564 23.678838045419592
252.875 24.677802756490475 23.674398954177
253.375 24.6711911115576 23.66996253859409
253.875 24.664608683508597 23.66551751436503
254.375 24.658079983887845 23.66110598639424
254.875 24.65157212249521 23.65670403809748
255.375 24.645090765034993 23.65231246387749
255.875 24.638619566615194 23.647939280187718
256.375 24.63220622140048 23.6435820183653
256.875 24.625780657106702 23.639219102330987
257.375 24.619410594258305 23.634891463754578
257.875 24.61305378390257 23.630559254503865
258.375 24.606732805584688 23.626250500289032
258.875 24.600454165083725 23.62196042218352
259.375 24.594165475603692 23.61766815198553
259.875 24.587937371452572 23.613411791650112
260.375 24.581753599923147 23.609145196000267
260.875 24.57556954032639 23.60490799443234
261.375 24.56941801156557 23.600689420686365
261.875 24.563310549167422 23.596476992365922
262.375 24.557221038555156 23.592273959678785
262.875 24.551165666467337 23.58809080628561
263.375 24.545124925553953 23.58393370146601
263.875 24.539149850748757 23.579792507464834
264.375 24.533169464776407 23.575633339653585
264.875 24.527226430358194 23.571511752337273
265.375 24.521331445121902 23.567410181490654
265.875 24.51545545086799 23.563307028284438
266.375 24.509608886238343 23.55923465663654
266.875 24.503783931589204 23.555177306379314
267.375 24.498013417516407 23.551128386272445
267.875 24.492253508281408 23.547094229109117
268.375 24.4865277377109 23.543079713822166
268.875 24.480856765060793 23.539077485746695
269.375 24.475177853694934 23.535081647603068
269.875 24.469561816670357 23.531114515948545
270.375 24.463957597536563 23.527162651979147
270.875 24.458387730555373 23.523212820251
271.375 24.45284853330846 23.519296017159277
271.875 24.447348115582933 23.515388605993937
272.375 24.44188793987379 23.51150039357899
272.875 24.43643440777823 23.507617827297913
273.375 24.431039913191995 23.503761018640738
273.875 24.425650142100874 23.499922423209743
274.375 24.420301065209593 23.49608840747639
274.875 24.414998205448065 23.492268050031264
275.375 24.40972644688275 23.488488177182496
275.875 24.404461709634575 23.484700885055343
276.375 24.399242555649078 23.48094626923333
276.875 24.39405797967669 23.477196612793335
277.375 24.388898606931697 23.47345817112481
277.875 24.383794329643592 23.46974532870039
278.375 24.378686620377472 23.46604645437505
278.875 24.373620513693037 23.462367208520508
279.375 24.368606377789547 23.458709102310973
279.875 24.36362035868981 23.455053680871586
280.375 24.35864938610104 23.45143514155061
280.875 24.353731558253685 23.447806590557686
281.375 24.34881893349231 23.444216740680673
281.875 24.343962273584662 23.440637968619153
282.375 24.339129561277403 23.437072728288246
282.875 24.33433826792958 23.43351600197449
283.375 24.329553170465523 23.429968368045955
283.875 24.324786148869993 23.426458499999793
284.375 24.32003822416825 23.42294245067578
284.875 24.315327275070757 23.41946995710165
285.375 24.310631247590845 23.415962503749398
285.875 24.305978063237184 23.412512691716465
286.375 24.30133987489496 23.409046968398563
286.875 24.29673318724999 23.405600808279893
287.375 24.29214341759135 23.40216352104232
287.875 24.287559612078606 23.39875284205148
288.375 24.283007940428792 23.395340162737945
288.875 24.278475847018758 23.39195080258044
289.375 24.273954520576257 23.388566742045466
289.875 24.26948197193605 23.38519806086157
290.375 24.265020851524987 23.381838723153837
290.875 24.260578749492314 23.378490240110988
291.375 24.256165895276176 23.375161193596764
291.875 24.251744899344313 23.37182514132025
292.375 24.247362689213197 23.368530353292016
292.875 24.24300930132665 23.36522250531519
293.375 24.2386778049524 23.361936826214777
293.875 24.23434545778428 23.35866388263222
294.375 24.23003342687576 23.355393751473642
294.875 24.225766764560362 23.352131167792702
295.375 24.22148265233561 23.34889467683793
295.875 24.21723888525561 23.34564874163663
296.375 24.213003623698764 23.342437484870935
296.875 24.208786148634246 23.339221552319383
297.375 24.204611415876848 23.33602212926392
297.875 24.200441458402665 23.332829954404403
298.375 24.196274935396026 23.32964446561068
298.875 24.19215296653927 23.32646691577786
299.375 24.187999849913815 23.323305579311786
299.875 24.183922947367588 23.320152561907356
300.375 24.179830580389652 23.317016172371574
300.875 24.175743817856553 23.313873753649275
301.375 24.171697769603988 23.310756325525304
301.875 24.16765372159015 23.30763277328185
302.375 24.163622515870387 23.30454051586453
302.875 24.15962197646254 23.301444854925236
303.375 24.155640985875444 23.29835819543209
303.875 24.151643542124038 23.29527215838081
304.375 24.147692478131976 23.29221045688779
304.875 24.143742637394862 23.28914642888437
305.375 24.139818699024673 23.28609634369851
305.875 24.135912615303 23.28305594946562
306.375 24.132012843890397 23.280028571854743
306.875 24.128109986586622 23.277003426106603
307.375 24.12424729775173 23.273987178631607
307.875 24.12040264115729 23.270978687628133
308.375 24.116558734765505 23.267987661610363
308.875 24.112727559729286 23.26498441220961
309.375 24.10890476644381 23.262010987472415
309.875 24.10510707103957 23.25902588425999
310.375 24.101315350920352 23.25605530177269
310.875 24.097552390450346 23.253102149327276
311.375 24.0937996157978 23.25014875229811
311.875 24.090046621331926 23.247205212541473
312.375 24.086317817492176 23.244268979090617
312.875 24.082586342521676 23.241335560646938
313.375 24.07886922913196 23.238417758249703
313.875 24.07518617293548 23.23550993598598
314.375 24.071500171244317 23.232597955605474
314.875 24.067828604862772 23.229706867284825
315.375 24.06417818978067 23.22680967229725
315.875 24.06051961896555 23.2239274351944
316.375 24.056888031224204 23.221053158462507
316.875 24.053254880590494 23.21818313161087
317.375 24.04964827841461 23.2153125362292
317.875 24.046063134150266 23.21245715550578
318.375 24.042463136228815 23.209612696125422
318.875 24.038910693601018 23.206773008163086
319.375 24.035363620163803 23.203945134428125
319.875 24.03181099640627 23.201128224124844
320.375 24.028276660337866 23.198311281292003
320.875 24.024766673229166 23.195508345718018
321.375 24.02125339378642 23.192710452372374
321.875 24.017765186276275 23.18991802420356
322.375 24.014290234328456 23.187147738415547
322.875 24.010820304067977 23.184371491841333
323.375 24.007355366308126 23.18159153433786
323.875 24.003916691088097 23.178845358902347
324.375 24.00049498556858 23.176092404021485
324.875 23.99706087150924 23.17334242930226
325.375 23.993672157363125 23.170609618641315
325.875 23.990264585960222 23.16787338327916
326.375 23.986870109660284 23.16516079945272
326.875 23.9835044623174 23.162440173587417
327.375 23.980149142290408 23.159739273996834
327.875 23.976792751529064 23.157028001573412
328.375 23.9734483239884 23.15433170634616
328.875 23.970125315805358 23.151654059675973
329.375 23.966800107146288 23.148956130785496
329.875 23.96349191639528 23.14629192380885
330.375 23.96020242589738 23.14362654429926
330.875 23.956926621906117 23.140963092082956
