FastTrWP/PhaseSpace/IAs/snIa_0.59_30.00_-0.48_-0.07.csv
# %ECSV 0.9
# ---
# datatype:
# - {name: time-rel, datatype: float64}
# - {name: g, datatype: float64}
# - {name: i, datatype: float64}
# schema: astropy-2.0
time-rel g i
[from data line 1427]
323.5 24.307118471947238 22.395512330673778
324.0 24.309442437388654 22.39598051148721
324.4999999999999 24.311744986646534 22.39644755387955
325.0 24.3140391439347 22.396926397898916
325.5 24.316337543621916 22.39739741896685
325.9999999999999 24.31865250556228 22.397875638292938
326.5 24.320971184025055 22.398351182878535
327.0 24.323268724696643 22.398831064939955
327.4999999999999 24.325564855906446 22.39931134808745
328.0 24.327864864324454 22.399787842156492
328.5 24.33017211645548 22.400271421113786
328.9999999999999 24.332473489884265 22.400754669116708
329.5 24.334786617144132 22.401238622930258
330.0 24.337083371096128 22.40171494582671
330.4999999999999 24.339375255316572 22.402204237029895
331.0 24.34168886849117 22.402689997533543
331.5 24.343979363759264 22.40317262875982
331.9999999999999 24.346265980179847 22.403672459090835
332.5 24.34855559040848 22.4041588037186
333.0 24.35087094612934 22.404642524892424
333.4999999999999 24.35314570912062 22.40513298170314
334.0 24.35544499070101 22.40562968130686
334.5 24.35773345378088 22.40611700639713
334.9999999999999 24.360004569763824 22.406615530042437
335.5 24.362294605144996 22.407110426803143
336.0 24.364582717152867 22.40760820874637
336.4999999999999 24.366860191403937 22.408096887323353
337.0 24.369146758520625 22.40859652203342
337.5 24.371410836281484 22.409099400175442
337.9999999999999 24.37369797362823 22.40958648995347
338.5 24.375968493580984 22.41009233191447
339.0 24.378240164125508 22.41059141130254
339.4999999999999 24.38050543139314 22.411095635379525
340.0 24.382783574800158 22.411602773128834
340.5 24.385046662493657 22.412100013885393
340.9999999999999 24.387311844539717 22.412601677716975
341.5 24.38957250974028 22.413104073009997
342.0 24.391818824475177 22.413607106748167
342.4999999999999 24.394074890431693 22.41411298658509
343.0 24.396336299816763 22.414625756751626
343.5 24.398591192472757 22.41513159618227
343.9999999999999 24.400846074395126 22.41564256853255
344.5 24.403098785704632 22.41615020251981
345.0 24.405332174578476 22.41665633422155
345.4999999999999 24.407587344887087 22.417168615548636
346.0 24.40981836499653 22.417678039683825
346.5 24.412045378648195 22.418192529343468
346.9999999999999 24.41429509272892 22.41870316307288
347.5 24.416525570126485 22.419215022080188
348.0 24.41874648107257 22.419732223135966
348.4999999999999 24.420955697442878 22.4202443092145
349.0 24.42320362981964 22.42075812922591
349.5 24.42541206446425 22.42128193473883
349.9999999999999 24.427611595464867 22.42178966747568
350.5 24.429827038435757 22.42231368829919
351.0 24.432035550728784 22.42283450889564
351.4999999999999 24.434236300005683 22.423355860316526
352.0 24.436460279631508 22.42387523350264
352.5 24.438647140383853 22.424395118067494
352.9999999999999 24.440831034552755 22.424921788905614
353.5 24.443047503381226 22.425446560550213
354.0 24.44522667053741 22.425966432965478
354.4999999999999 24.447406110189426 22.426494084153536
355.0 24.449607715625163 22.4270214407529
355.5 24.4517972303851 22.427548970054954
355.9999999999999 24.453975227827573 22.42807908494679
356.5 24.456125998129686 22.42860604845356
357.0 24.458316812422424 22.42914388394258
357.4999999999999 24.460491824851097 22.429671174622086
358.0 24.46266428262642 22.43020731712241
358.5 24.46483588854131 22.43074272291143
358.9999999999999 24.466995721074237 22.431275526165297
359.5 24.46915293928908 22.431808302605965
360.0 24.47130248778347 22.432350624414422
360.4999999999999 24.47344661829765 22.432886865563837
361.0 24.475605341006208 22.433426552970793
361.5 24.47776086862571 22.433961280181798
361.9999999999999 24.479897951760737 22.434505838555868
362.5 24.482039176032714 22.4350448465241
363.0 24.48417094725321 22.435589247554883
363.4999999999999 24.48631225033907 22.4361243506854
364.0 24.48842791631035 22.436676659517186
364.5 24.49059064701922 22.437222317174623
364.9999999999999 24.492688654316357 22.437764787678972
365.5 24.49481274949576 22.43831380940108
366.0 24.496946487501216 22.438862684120018
366.4999999999999 24.49905060759345 22.43941226628365
367.0 24.50117716800227 22.439957184483184
367.5 24.50330071356713 22.44050967812705
367.9999999999999 24.505389690902682 22.441059832181654
368.5 24.50749247103348 22.441611990299442
369.0 24.509599395152478 22.442167256196456
369.4999999999999 24.511705245159476 22.44272032413332
370.0 24.513825304179004 22.44328063626501
370.5 24.515892948571732 22.443832929476404
370.9999999999999 24.51799855518893 22.444391517756852
371.5 24.520078005986324 22.444949615492355
372.0 24.52215919966101 22.44550378150179
372.4999999999999 24.524271203890425 22.44606417333955
373.0 24.526337577968384 22.446629969957815
373.5 24.528404316772743 22.447189594902422
373.9999999999999 24.53048467607125 22.447753481067274
374.5 24.5325734892197 22.448313702601244
375.0 24.534633770386666 22.44887586262297
375.4999999999999 24.53668810854645 22.44944392094316
376.0 24.53877671523266 22.450010213657755
376.5 24.54083853568106 22.45057827276819
376.9999999999999 24.542893292014195 22.451142739854255
377.5 24.54494174627266 22.45171720047135
378.0 24.546998912700715 22.452287555214085
378.4999999999999 24.549047926629633 22.452856920105702
379.0 24.551104625558608 22.45342449627411
379.5 24.553142695924496 22.45400336855575
379.9999999999999 24.555183974946644 22.45456913947962
380.5 24.55722990701853 22.455141575046152
381.0 24.559267225545515 22.455723481321613
381.4999999999999 24.561301226177605 22.456294269325923
382.0 24.563334306257538 22.456875211555495
382.5 24.565375822966104 22.457451997515747
382.9999999999999 24.567394319649868 22.45802626776701
383.5 24.56941779975159 22.458606622026046
384.0 24.571415475245104 22.459195124857057
384.4999999999999 24.573461127314392 22.459767446045063
385.0 24.575462174121302 22.460353303653914
385.5 24.577497252697377 22.46093484877995
385.9999999999999 24.57948935705893 22.46151685739468
386.5 24.58150927102954 22.462104146674
387.0 24.583512214894803 22.462692600832227
387.4999999999999 24.58550011910372 22.463277563906914
388.0 24.587506458756412 22.463862976875774
388.5 24.58949135279829 22.464454156007193
388.9999999999999 24.591489962574578 22.465041189216656
389.5 24.593485514133533 22.465634782223518
390.0 24.59544558848346 22.46622120143919
390.4999999999999 24.59742137927167 22.46681604556974
391.0 24.599398630219707 22.467414234955317
391.5 24.60136429603255 22.468007220071186
391.9999999999999 24.603335740498228 22.468597374050155
392.5 24.605281085892887 22.46919639509077
393.0 24.607233121805336 22.469793656910472
393.4999999999999 24.609199407802038 22.470392102005864
394.0 24.611157408313638 22.47099113557381
394.5 24.613081720065075 22.47158686896742
394.9999999999999 24.615036357290478 22.472189428872994
395.5 24.616949448377863 22.472789176030908
396.0 24.618881393165527 22.473391432978612
396.4999999999999 24.6208222133833 22.47400560214117
397.0 24.622724621978893 22.474607006620033
397.5 24.624659231592524 22.47521069183939
397.9999999999999 24.626560914775283 22.475819859824536
398.5 24.628483240838754 22.476422208369044
399.0 24.630393346009004 22.477033164311933
399.4999999999999 24.632290993940018 22.477646747144288
400.0 24.634193416413254 22.47825582900724
400.5 24.636089739269778 22.478864246663882
400.9999999999999 24.637978291505714 22.479485527087544
401.5 24.639856908405477 22.480091988864523
402.0 24.64172676713133 22.48070432507966
402.4999999999999 24.643623022385526 22.48132803952982
403.0 24.6454946635464 22.481944463984632
403.5 24.647360603660985 22.482553192215473
403.9999999999999 24.649215253576926 22.483179688912376
404.5 24.651075974048805 22.48379554731104
405.0 24.65293972336468 22.484420044738435
405.4999999999999 24.654802720911427 22.48503751845766
406.0 24.65666171395437 22.485665946527785
406.5 24.65849116065426 22.486289192925373
406.9999999999999 24.660329805668383 22.48691144498852
407.5 24.66217139370736 22.487533421825603
408.0 24.664012174097923 22.488157037978468
408.4999999999999 24.6658308678469 22.48879142712306
409.0 24.667641523258496 22.489413949587856
409.5 24.669476098208275 22.490043720977894
409.9999999999999 24.671288354010056 22.49067385947057
410.5 24.673105832685284 22.49131281824518
411.0 24.674931116500716 22.491934489303247
411.4999999999999 24.676736405109367 22.492575301512787
412.0 24.678530527388798 22.49320929840783
412.5 24.68031373948644 22.493843640943723
412.9999999999999 24.682133897955577 22.494478700052337
413.5 24.68390288094227 22.49511980888196
414.0 24.68567981657118 22.495756528944955
414.4999999999999 24.687471676862852 22.496395890370646
415.0 24.68924605603297 22.497039566908036
415.5 24.69103234291729 22.497678091760008
415.9999999999999 24.69279189463026 22.49832142239615
416.5 24.69456316863881 22.49896223429161
417.0 24.696329863391632 22.49960789060225
417.4999999999999 24.698083912179488 22.50024325863216
418.0 24.69983786776552 22.500887135906034
418.5 24.701586811731477 22.501539407293972
418.9999999999999 24.70333300650822 22.5021877320942
419.5 24.70507712260431 22.502829171360762
420.0 24.70681475505765 22.503491638547104
420.4999999999999 24.708569850234923 22.504132621123127
421.0 24.710293406763718 22.50478599165078
421.5 24.712006652162835 22.505442447206676
421.9999999999999 24.71375592153675 22.50609044982886
422.5 24.715465346648458 22.5067535711238
423.0 24.71718117851157 22.507403241100285
423.4999999999999 24.718891170985838 22.50806118132019
424.0 24.72059570560961 22.50872040317887
424.5 24.722303854603812 22.50937416125573
424.9999999999999 24.724001127268885 22.51003956902995
425.5 24.725698295247362 22.510701057923587
426.0 24.727385150434053 22.511362071416766
426.4999999999999 24.729060066828012 22.51202453643511
427.0 24.73072177336501 22.512685737335328
427.5 24.732375704778406 22.513355439554598
427.9999999999999 24.734025253890035 22.514023190640966
428.5 24.735669133488976 22.514694333084776
429.0 24.737289393183218 22.515364286576457
429.4999999999999 24.738929366004896 22.51603559536091
430.0 24.74052712154713 22.516707439545467
430.5 24.742161008357826 22.51738043447319
430.9999999999999 24.74374931820858 22.51804651864415
431.5 24.745344244419186 22.518728296227657
432.0 24.74692302809303 22.51940390775409
432.4999999999999 24.7484869997303 22.520083168693937
433.0 24.750088079765888 22.520765133744312
433.5 24.751642217497416 22.521447030672466
433.9999999999999 24.7531873580243 22.522128070214684
434.5 24.75475062011313 22.522815735867177
435.0 24.756293168264225 22.523491207831164
435.4999999999999 24.75784024740337 22.52418279376957
436.0 24.759367041694205 22.52486368892612
436.5 24.76088510529031 22.52555329000532
436.9999999999999 24.762411997336923 22.52624283717043
437.5 24.763929043402335 22.52693476213466
438.0 24.765452141022955 22.52761543160353
438.4999999999999 24.766942869989347 22.528308344925847
439.0 24.76844242570735 22.529010368608446
439.5 24.769941446051252 22.52970085451792
439.9999999999999 24.771418835844358 22.53038777295281
440.5 24.772920746805482 22.531082564110292
441.0 24.774412508937612 22.531779342196366
441.4999999999999 24.77587782472339 22.532484573974866
442.0 24.777368480969194 22.533182650411597
442.5 24.778854688785596 22.533885552990892
442.9999999999999 24.780266705403896 22.53457173803134
443.5 24.781758542089996 22.535288397162372
444.0 24.783196907309236 22.53598674222131
444.4999999999999 24.78466620682554 22.536689278760544
445.0 24.786125141400852 22.537390978174066
445.5 24.787584587998897 22.538091573049467
445.9999999999999 24.789014787643232 22.538801158668043
446.5 24.790490854400694 22.539518054372508
447.0 24.791906468754455 22.540209835411538
447.4999999999999 24.79336296985447 22.540924320125363
448.0 24.7948044695266 22.54163933706739
448.5 24.79625603630824 22.542343383411918
448.9999999999999 24.797675452923325 22.54306076589898
449.5 24.799110502298035 22.54377254951055
450.0 24.80056135258824 22.54448067136363
450.4999999999999 24.80197002409473 22.545195996953424
451.0 24.8034182204664 22.545910709485028
451.5 24.80485978788044 22.546630000583505
451.9999999999999 24.8062940809748 22.54733461114098
452.5 24.807723726552396 22.54805304612634
453.0 24.80915876981932 22.548775677175882
453.4999999999999 24.810600477388384 22.549493211348132
454.0 24.81200878628019 22.55020640791472
454.5 24.813438419117432 22.550930346289704
454.9999999999999 24.814893876286682 22.55164686533795
455.5 24.816322387785622 22.55237067587921
456.0 24.81776049424315 22.553090810061654
456.4999999999999 24.81919745156198 22.553818125779973
457.0 24.820643703405374 22.554535040287263
457.5 24.822071627134058 22.555263016446446
457.9999999999999 24.823550215166303 22.55599135172013
458.5 24.824996215617226 22.556711398101285
459.0 24.82645319756765 22.55743464356586
459.4999999999999 24.82791383280455 22.55816155635364
460.0 24.829387035943814 22.55888830789917
460.5 24.830817794007288 22.559613502669116
460.9999999999999 24.832284376890087 22.56034998963124
461.5 24.833743465284748 22.561068975361913
462.0 24.835227414035806 22.561797708196366
462.5 24.83670041482174 22.562529048333424
463.0 24.838178576184426 22.56325771476756
463.5 24.839646377086485 22.56399455326626
464.0 24.841132029487916 22.564716415269316
464.5 24.84259591867737 22.565451457368496
465.0 24.84406114229314 22.566190429069998
465.5 24.845523294659174 22.566922474291225
466.0 24.846988694130218 22.56765670066496
466.5 24.848460678574117 22.568392163347937
467.0 24.84991502533532 22.56912956815453
467.5 24.85134046897226 22.56987121917126
468.0 24.852797563671952 22.570611067245977
468.5 24.85425945192738 22.571349771436218
469.0 24.85569413516014 22.572084792673735
469.5 24.85713304140876 22.572831627656207
470.0 24.85857497283733 22.573576704515673
470.5 24.85999467304765 22.574321460877332
471.0 24.861449709699656 22.575064661163395
471.5 24.862870866052134 22.575810606982152
472.0 24.864300409606802 22.576557379181132
472.5 24.86572959814979 22.57730772134616
473.0 24.86713421421627 22.57804595046562
473.5 24.8685787837912 22.578794982931715
474.0 24.869986452934363 22.57954877974921
474.5 24.871424715429438 22.580293504649482
475.0 24.872824648890006 22.581046510794543
475.5 24.874269156735412 22.581801763297765
476.0 24.875668892224336 22.582555616005322
476.5 24.877101464435135 22.583309250434652
477.0 24.878492918272688 22.584064645006976
477.5 24.879898807484587 22.584820340210115
478.0 24.881315193607094 22.585578018473264
478.5 24.88276119279857 22.586335583329628
479.0 24.884159003212012 22.587089232805475
479.5 24.885561888157397 22.587849449562093
480.0 24.886982740751634 22.588616734083416
480.5 24.88838676036629 22.5893786584421
481.0 24.889801908730167 22.59013208658188
481.5 24.89123844563354 22.59089674739162
482.0 24.892617804980212 22.59166322573737
482.5 24.894065959585244 22.592422772038905
483.0 24.895473908819348 22.593196554610664
483.5 24.896871774316406 22.593960701925365
484.0 24.898299475755678 22.59472286169959
484.5 24.899705730653878 22.59549241415167
485.0 24.901156281948516 22.596261691051723
485.5 24.902556642986042 22.597033463993906
486.0 24.903993520249106 22.59780625688702
486.5 24.905415554590324 22.59856864768166
487.0 24.90685303566101 22.599329111196504
487.5 24.90827412384466 22.600107867155454
488.0 24.909713173049475 22.60088459226351
488.5 24.91115406796231 22.60165953112888
489.0 24.91257758293813 22.602427440466247
489.5 24.914027930139536 22.60320210035094
490.0 24.915455782339624 22.603982308947405
490.5 24.916897973045433 22.604752163773224
491.0 24.91836107772121 22.605530719935473
491.5 24.919812842511824 22.606316129312596
492.0 24.921286768388207 22.60708442418862
492.5 24.92273094153244 22.607873517819066
493.0 24.92418574240531 22.608644197633566
493.5 24.92565002271523 22.609425665599435
494.0 24.92714086281568 22.610209941320825
494.5 24.928605407451986 22.610992703382834
495.0 24.930068366190742 22.611767623070563
