FastTrWP/PhaseSpace/IAs/snIa_0.32_30.00_-0.80_0.09.csv
# %ECSV 0.9
# ---
# datatype:
# - {name: time-rel, datatype: float64}
# - {name: g, datatype: float64}
# - {name: i, datatype: float64}
# schema: astropy-2.0
time-rel g i
[from data line 702]
-55.5 22.93972375989165 22.52153631132099
-55.0 22.93915644024225 22.520602026303838
-54.5 22.938591167672655 22.519678737443304
-54.0 22.938045360422702 22.518758240028916
-53.5 22.937496237992793 22.517833929189344
-53.0 22.93694855942512 22.5169150634388
-52.5 22.93640940774839 22.51601545516717
-52.0 22.9358811896209 22.515102937028328
-51.5 22.935361969336267 22.51419627352182
-51.0 22.934829439196296 22.513305270472927
-50.5 22.934316048589082 22.512404347312895
-50.0 22.93381201879484 22.511506373885485
-49.5 22.93329763265575 22.510622322707555
-49.0 22.93280860245408 22.50973746964968
-48.5 22.932313453232428 22.508858845459997
-48.0 22.931825639077253 22.507974252967085
-47.5 22.931338707710637 22.50709786383279
-47.0 22.930861472121098 22.50622401356969
-46.5 22.930392396333602 22.505357677812295
-46.0 22.92991983623006 22.504484257349432
-45.5 22.929455208887997 22.503630217128432
-45.0 22.929009302827797 22.502769728940734
-44.5 22.9285529477118 22.5019028515862
-44.0 22.928104314162443 22.501049228963378
-43.5 22.927661196754556 22.50020569830561
-43.0 22.927223081572755 22.49935420836687
-42.5 22.92678581770491 22.498505882270173
-42.0 22.926349951834446 22.49765584438994
-41.5 22.92592943561744 22.49682536956638
-41.0 22.92550763889064 22.49598542171535
-40.5 22.925084382087483 22.49514778556253
-40.0 22.924674281674314 22.494315336958696
-39.5 22.924258158988067 22.49347650019265
-39.0 22.923857755497416 22.492657269663102
-38.5 22.923446968531835 22.49182572290522
-38.0 22.9230552704162 22.49099890892586
-37.5 22.922665515150452 22.490183358581373
-37.0 22.922265311568005 22.48936437850692
-36.5 22.9218894939315 22.488541906037867
-36.0 22.92149411404473 22.487731501850735
-35.5 22.921123938432135 22.48692107647453
-35.0 22.92075479250017 22.486108874447872
-34.5 22.92038801631913 22.485306146032013
-34.0 22.92002520645996 22.484496997868693
-33.5 22.91966236604001 22.48369943287967
-33.0 22.919313751734474 22.482896946233836
-32.5 22.918959437649107 22.482105272329072
-32.0 22.918621373670955 22.481322431913277
-31.5 22.91827030785978 22.480527168339762
-31.0 22.917955390372256 22.479746615762203
-30.5 22.917620357631705 22.47896227916595
-30.0 22.917293665250057 22.478191266529805
-29.5 22.91698193681027 22.477417667173146
-29.0 22.91665941682541 22.476642698194162
-28.5 22.916351036527438 22.475869128717644
-28.0 22.91604188620134 22.475098104709275
-27.5 22.915741603477713 22.474340811938973
-27.0 22.915452003518027 22.473579123725443
-26.5 22.915166555290604 22.472817655189314
-26.0 22.914882583082417 22.472063413152963
-25.5 22.914606699622546 22.471310749957915
-25.0 22.91432851216445 22.47056290358511
-24.5 22.914061078251706 22.469812581318415
-24.0 22.91379692440108 22.469074342972593
-23.5 22.913537736045612 22.468330438407182
-23.0 22.91329353484913 22.46759675449871
-22.5 22.91303380885891 22.46686605753004
-22.0 22.912789704628373 22.466134256627377
-21.5 22.9125482819066 22.46541083875727
-21.0 22.912320725944447 22.4646860333404
-20.5 22.91209551123857 22.46396378614079
-20.0 22.911868248990636 22.463244666345176
-19.5 22.911652943543665 22.46253685890015
-19.0 22.911439058312972 22.46181774205612
-18.5 22.911228566523572 22.461110026043546
-18.0 22.91102891123218 22.460412718314664
-17.5 22.910839102131177 22.459712122734018
-17.0 22.910643207257454 22.459006105186283
-16.5 22.91046061101552 22.458316531966478
-16.0 22.910274215108444 22.4576247087348
-15.5 22.910106203089697 22.456937882564393
-15.0 22.90993764862659 22.4562537689064
-14.5 22.909778798127 22.45557389082841
-14.0 22.909610209947267 22.45489105427343
-13.5 22.909466786419962 22.454219802149026
-13.0 22.909317842036863 22.45354527670838
-12.5 22.909173263400803 22.452881323473555
-12.0 22.909037099452583 22.452210299521017
-11.5 22.90890717270792 22.45154723980368
-11.0 22.908784440134973 22.450893289851138
-10.5 22.908652889748215 22.450235169495578
-10.0 22.908555086133017 22.44958385066672
-9.5 22.908444164641296 22.448936745550874
-9.0 22.908345982900787 22.448292111104998
-8.5 22.908253587005305 22.44765475448057
-8.0 22.90815047001488 22.447016174815147
-7.5 22.908068416529535 22.44637699905877
-7.0 22.907983422510316 22.44574998729126
-6.5 22.907918258679842 22.44512458547995
-6.0 22.90785095179733 22.444493099646444
-5.5 22.907778970833135 22.443879973066455
-5.0 22.907719815977448 22.44325930015705
-4.5 22.90767622687451 22.442637854802733
-4.0 22.9076213756085 22.442034176610875
-3.5 22.907595370157246 22.44141248163503
-3.0 22.90755274180018 22.440814775377966
-2.5 22.907523365256516 22.440210602570325
-2.0 22.90749104880094 22.439603047473593
-1.5 22.907473228033354 22.439005005614984
-1.0 22.907453386274454 22.43841174199924
-0.5 22.907439903125535 22.437827294487644
0.0 22.90743567176012 22.437233615061388
0.5 22.907439473775636 22.436640522353294
1.0 22.907437130616234 22.436059951474103
1.5 22.907455648517058 22.43548190206183
2.0 22.907468749784762 22.43490037572746
2.5 22.907484514747555 22.434329215396023
3.0 22.907517388729886 22.433756766659222
3.5 22.907542651267597 22.433189423936884
4.0 22.907586148417508 22.43262757812567
4.5 22.907627196256485 22.432061792890888
5.0 22.907670418580164 22.431504352300962
5.5 22.90772119497008 22.43094408685937
6.0 22.907790066791858 22.430388814340315
6.5 22.907845170452013 22.42984003746677
7.0 22.907915655602793 22.429292932905472
7.5 22.907992924776586 22.428751323224247
8.0 22.90806948271928 22.428206760928724
8.5 22.908153453722573 22.427676946600116
9.0 22.90823759303283 22.427138124371435
9.5 22.90833646855868 22.426607487941922
10.0 22.908427598349114 22.42607341116589
10.5 22.908549459351004 22.425558653941838
11.0 22.90865339314797 22.425031526551386
11.5 22.908784068182566 22.42451606905615
12.0 22.908902924650626 22.423994254507296
12.5 22.90903193130553 22.42348071089755
13.0 22.9091657385043 22.42297659830544
13.5 22.909304838556316 22.42246842383804
14.0 22.909449851081543 22.421961911827704
14.5 22.90960606173503 22.421456456934
15.0 22.909752102142118 22.42096194528201
15.5 22.909922978547286 22.42046942325988
16.0 22.910095623688974 22.419983825453905
16.5 22.910269277414706 22.419493159354356
17.0 22.910445536323923 22.41901168722334
17.5 22.910631257074975 22.418533728467654
18.0 22.91082169445864 22.418052143068778
18.5 22.911026234053864 22.41758799804357
19.0 22.91122475533264 22.417104482339788
19.5 22.91143827222271 22.41663972333781
20.0 22.911646474899108 22.416168696261614
20.5 22.911865837897967 22.415720078788684
21.0 22.912101293691556 22.41525947887688
21.5 22.912325524306006 22.414804033551803
22.0 22.912566746775383 22.41435477876877
22.5 22.91282040365393 22.413905372510232
23.0 22.913062921203498 22.413458934244524
23.5 22.913308690110362 22.413013592346616
24.0 22.91357262842183 22.41258273542377
24.5 22.913844664500154 22.412142876230273
25.0 22.9141216724408 22.411716245574492
25.5 22.914401666856644 22.41128281384775
26.0 22.914688891280623 22.410864440073155
26.5 22.9149855192927 22.410440204496297
27.0 22.915280787569664 22.41002124228808
27.5 22.915589807693717 22.409607654308587
28.0 22.91591424256138 22.409196581348954
28.5 22.91623598941086 22.408789427585738
29.0 22.91655723253235 22.408382868578588
29.5 22.916891564383963 22.40798242145733
30.0 22.91724283519524 22.407581523541907
30.5 22.917602801279532 22.40718643490238
31.0 22.917953883356734 22.406801444207254
31.5 22.91831850010452 22.406408194246733
32.0 22.91870030741383 22.406024753323766
32.5 22.919076763559765 22.405631593330636
33.0 22.919453079213877 22.40525232168885
33.5 22.919850256746727 22.404885710780654
34.0 22.920250166099695 22.404498536869163
34.5 22.920653100286117 22.404133786462005
35.0 22.921066727866872 22.403763842417174
35.5 22.921481565447003 22.40339870019344
36.0 22.921901092042916 22.40304066868667
36.5 22.92232990519972 22.40268705129617
37.0 22.922771421008747 22.402324487735676
37.5 22.92320251987451 22.401971055405493
38.0 22.92365309491398 22.401625219326057
38.5 22.924103791172612 22.401279100583857
39.0 22.924562409383572 22.400943172938064
39.5 22.925023760355707 22.400595190756608
40.0 22.925485700110887 22.400261184994044
40.5 22.925964774340024 22.39992044065123
41.0 22.92644680633122 22.399591175453132
41.5 22.92692828404155 22.3992607641869
42.0 22.92741884571342 22.398945255120516
42.5 22.92790158847547 22.39861840973299
43.0 22.92840840866209 22.39830284489248
43.5 22.928906524284997 22.397987046500177
44.0 22.929417171539008 22.39766911646605
44.5 22.929932558087863 22.397358241016452
45.0 22.930448423668757 22.397052713757482
45.5 22.930961552947583 22.396750296784788
46.0 22.931491375920157 22.396444927054556
46.5 22.932018672690205 22.396142746399306
47.0 22.932552995397554 22.395848737389162
47.5 22.933095569533414 22.395555965854456
48.0 22.93363451366911 22.395274570951166
48.5 22.934185358291916 22.39498699419062
49.0 22.93474002296191 22.394702746483798
49.5 22.935288499983393 22.394417374799364
50.0 22.935843784600266 22.39414237078347
50.5 22.936402660611492 22.393864774859527
51.0 22.936976305625684 22.393596437087787
51.5 22.93753942168939 22.393318450038315
52.0 22.938109405583262 22.39305431634292
52.5 22.938691908702886 22.39278629719115
53.0 22.93926604914391 22.39252599374919
53.5 22.939849640937958 22.392274630525254
54.0 22.940428032177074 22.392019786758276
54.5 22.941007737046377 22.391762771584812
55.0 22.941601461116985 22.39151846298686
55.5 22.942198975955446 22.39126411010757
56.0 22.942800487149263 22.391018330068878
56.5 22.943393460756944 22.390781473849458
57.0 22.94398943794603 22.3905386896171
57.5 22.944590322997648 22.39030999508617
58.0 22.945197378681744 22.39007607236715
58.5 22.945807453864894 22.38984416540617
59.0 22.946431911150743 22.389617118738027
59.5 22.947050561497697 22.389393509561053
60.0 22.947684077966983 22.38917109839583
60.5 22.948317856750144 22.388953959555987
61.0 22.948953690494974 22.38874522694264
61.5 22.94959810948726 22.388527842841576
62.0 22.95025436550207 22.38832003745122
62.5 22.95090577116431 22.388116765178996
63.0 22.951564555536336 22.387908205844095
63.5 22.95223120870533 22.387713145777063
64.0 22.95289990599487 22.387512754872695
64.5 22.95357945365651 22.387318413124188
65.0 22.954265813366277 22.3871354113178
65.5 22.954954687190003 22.386937899355512
66.0 22.955638607393688 22.38675888764608
66.5 22.95632887359835 22.38656650427464
67.0 22.957037605890577 22.38639268832786
67.5 22.95773753757194 22.386213662787476
68.0 22.95844447852232 22.386043174775594
68.5 22.959156909114768 22.385866515935156
69.0 22.959884673353905 22.38570340966365
69.5 22.96060058116013 22.38553874997428
70.0 22.961332836799862 22.38537762866672
70.5 22.962056769750422 22.3852164633508
71.0 22.96279048216509 22.38505524426057
71.5 22.963531836090795 22.38490680353966
72.0 22.964272445766873 22.38475041119816
72.5 22.965020583658312 22.384605876349433
73.0 22.965764917475923 22.384459550131936
73.5 22.966526080773306 22.384315714284106
74.0 22.967281589121278 22.384173853421917
74.5 22.968035020371307 22.384035946137438
75.0 22.96880618962984 22.3839059466737
75.5 22.969578383599462 22.383759985525906
76.0 22.970339644715892 22.383638643897385
76.5 22.971120012281965 22.383503276605477
77.0 22.971894966686772 22.383385097604286
77.5 22.972687642258318 22.38326205418321
78.0 22.97346818276232 22.383148598427525
78.5 22.974248680693922 22.383030491066318
79.0 22.97503538688606 22.382918378593054
79.5 22.975837665010467 22.382808740748597
80.0 22.976636339427024 22.38269506187322
80.5 22.9774281530781 22.382595262452885
81.0 22.978228377220503 22.382486040542
81.5 22.979035022518342 22.382387067433097
82.0 22.979846424622036 22.38229276276765
82.5 22.98066351410123 22.382199284110573
83.0 22.981471483142272 22.382103526404574
83.5 22.982278558276356 22.38201181645216
84.0 22.983101442570376 22.38192584735107
84.5 22.983918875271023 22.381842175557413
85.0 22.984733099567013 22.381761700591728
85.5 22.985563427579315 22.38167670714182
86.0 22.98637881741604 22.381598778727913
86.5 22.987208722311486 22.3815204224648
87.0 22.988041178302787 22.38145006818617
87.5 22.988870034930997 22.381382390900136
88.0 22.989700070482183 22.381318212782688
88.5 22.99054360153157 22.381243854248506
89.0 22.99137485431537 22.381191366963968
89.5 22.992213143718025 22.381128355275433
90.0 22.993047570734614 22.381068170011527
90.5 22.993895978777132 22.38101669374405
91.0 22.99473768060203 22.380968422655037
91.5 22.995587326461106 22.380918074361887
92.0 22.996438590168566 22.380872867379203
92.5 22.997300714199454 22.3808248367741
93.0 22.99815996524155 22.380784313402643
93.5 22.999023460148567 22.38074991636475
94.0 22.999877610899297 22.380709813157868
94.5 23.000753366833237 22.38067828437265
95.0 23.001631622542202 22.380649378944387
95.5 23.002510220582803 22.380622539673745
96.0 23.003392055660687 22.380593144563598
96.5 23.00427157916914 22.38058182971492
97.0 23.005158086444872 22.38055538869142
97.5 23.00605103170232 22.380537431921653
98.0 23.00693625483689 22.380523153536018
98.5 23.007842148072903 22.380511382384263
99.0 23.00874284294714 22.38050521808157
99.5 23.009645675743617 22.380499921502572
100.0 23.010555318488084 22.380499458035725
100.5 23.011450611002427 22.380497395916024
101.0 23.012373977523133 22.38049518576394
101.5 23.01328698911767 22.380501400375326
102.0 23.01420391840326 22.380511574030535
102.5 23.01512751358251 22.38052189206098
103.0 23.016046245075145 22.380531430215594
103.5 23.016974857902657 22.38054601325983
104.0 23.017912998850644 22.380564192012457
104.5 23.018840948200644 22.38058525229143
105.0 23.01978613218175 22.380603084776915
105.5 23.020724777710832 22.380632230888843
105.99999999999989 23.021677666308115 22.380667399046466
106.5 23.022614114524984 22.380692121144783
107.0 23.023572541685194 22.38071935726524
107.49999999999989 23.024521028313814 22.380757390698832
108.0 23.025485324531523 22.380796478504962
108.5 23.02643723805264 22.380834505274105
108.99999999999989 23.027393204306943 22.380883000984472
109.5 23.028369584807926 22.380925457552507
110.0 23.02933216281954 22.38097216177172
110.49999999999989 23.030308125694177 22.381025063652732
111.0 23.03128149165003 22.381076811855458
111.5 23.03225641652887 22.381130442797197
111.99999999999989 23.033245811175185 22.381198953330312
112.5 23.034229012344266 22.381252798435725
113.0 23.03521769048489 22.381318258349413
113.49999999999989 23.036207309245704 22.381380117121545
114.0 23.037197058054723 22.381446230933527
114.5 23.0381978649217 22.381517192213405
114.99999999999989 23.039202054023757 22.381595831283477
115.5 23.040200397070386 22.381665157661352
116.0 23.041205183978178 22.381738471052337
116.49999999999989 23.04221528182103 22.381829569522438
117.0 23.043230036600622 22.381910680954938
117.5 23.044246562750054 22.381988174788464
117.99999999999989 23.045253554052202 22.38207842306561
118.5 23.046278892286157 22.382169513859324
119.0 23.047307275784974 22.382254458863336
119.49999999999989 23.04832609400546 22.382356399633522
120.0 23.049358236245666 22.382449312026594
120.5 23.05038868266262 22.38254362266836
120.99999999999989 23.05142028429166 22.38265026304434
121.5 23.05246356199048 22.382753354569722
122.0 23.053510678834325 22.38285852266211
122.49999999999989 23.05455317021163 22.382964312685168
123.0 23.05559919055384 22.383081882218004
123.5 23.056652126737433 22.383191953114338
123.99999999999989 23.05771520177349 22.383311869571315
124.5 23.05877685612726 22.383427944462923
125.0 23.05983294068294 22.38355146614872
125.49999999999989 23.06090903037664 22.383683848440604
126.0 23.061975164985963 22.383805088131936
126.5 23.06305097844291 22.383934527365152
126.99999999999989 23.064135914455125 22.38406983529003
127.5 23.06520875727109 22.384202651221557
128.0 23.066299336004256 22.384343603160662
128.4999999999999 23.06738621425763 22.384483890959636
129.0 23.06847012711517 22.38462564871135
