FastTrWP/PhaseSpace/IAs/snIa_0.47_30.00_-0.38_0.08.csv
# %ECSV 0.9
# ---
# datatype:
# - {name: time-rel, datatype: float64}
# - {name: g, datatype: float64}
# - {name: i, datatype: float64}
# schema: astropy-2.0
time-rel g i
[from data line 288]
349.4166666666667 24.51411609604607 23.287954168168167
349.9166666666667 24.509413153329938 23.284773291561578
350.4166666666667 24.504725748687584 23.281576488506396
350.9166666666667 24.50004287822705 23.27838806402496
351.4166666666667 24.49535775808532 23.27520238725512
351.9166666666667 24.49070114904789 23.272029282218085
352.4166666666667 24.486058015445188 23.268862026765518
352.9166666666667 24.481402325495566 23.26569830604404
353.4166666666667 24.476763535307565 23.262535434265445
353.9166666666667 24.472137581606464 23.25938486182052
354.4166666666667 24.46753058604476 23.256237478591167
354.9166666666667 24.462938339098258 23.25307439574295
355.4166666666667 24.45834629094822 23.2499417528461
355.9166666666667 24.453752428291814 23.24680083308497
356.4166666666667 24.44918244332735 23.243681892380437
356.9166666666667 24.444620873951557 23.240538048058056
357.4166666666667 24.440059721371988 23.237425884814108
357.9166666666667 24.435500115129383 23.234301606962624
358.41666666666663 24.43097632859611 23.231193124793915
358.9166666666667 24.42644483135846 23.228090059853965
359.4166666666667 24.421925860736525 23.22498362922004
359.91666666666663 24.417416030627628 23.221892844033306
360.4166666666667 24.412920747808506 23.218789942388813
360.9166666666667 24.408434713650156 23.21570346635637
361.41666666666663 24.40397026577152 23.212608098247745
361.9166666666667 24.399480775554842 23.209528411951155
362.4166666666667 24.395023414324605 23.206453613264273
362.91666666666663 24.39055288719429 23.203382836216555
363.4166666666667 24.38611290088466 23.200319332016413
363.9166666666667 24.38169501811867 23.19725354230757
364.41666666666663 24.377248659659898 23.194181471990017
364.9166666666667 24.37284836260681 23.19112513205273
365.4166666666667 24.36842207561635 23.188074601797332
365.91666666666663 24.364023422412927 23.185033712174917
366.4166666666667 24.359633653153804 23.18199706559303
366.9166666666667 24.355237038880226 23.17893680712363
367.41666666666663 24.350872068932617 23.175906663725584
367.9166666666667 24.3465016811224 23.17287657677396
368.4166666666667 24.342136268401386 23.169851119681667
368.91666666666663 24.33779397085443 23.166824570625938
369.4166666666667 24.333455420418936 23.163807433405765
369.9166666666667 24.32913623913365 23.1607983167114
370.41666666666663 24.324789268306077 23.157785016454042
370.9166666666667 24.32046862733145 23.154767484657288
371.4166666666667 24.316163538377687 23.151770740553314
371.91666666666663 24.311894395722486 23.148766195052985
372.4166666666667 24.307565546261838 23.14577477573019
372.9166666666667 24.30328807434786 23.142786977366573
373.41666666666663 24.298992865578764 23.13978707751792
373.9166666666667 24.29472449140693 23.13681483342963
374.4166666666667 24.290447503354365 23.133822087583674
374.91666666666663 24.28620044355324 23.13084576250382
375.4166666666667 24.281945639549406 23.127872614875148
375.9166666666667 24.2777241559481 23.12490612079729
376.41666666666663 24.273480139344414 23.121935530094202
376.9166666666667 24.26922726202926 23.11896083970772
377.4166666666667 24.26499187191738 23.115983201337023
377.91666666666663 24.260739262267165 23.113013719392804
378.4166666666667 24.25647952275313 23.11003468110607
378.9166666666667 24.25223106291415 23.107061074120182
379.41666666666663 24.24797964487114 23.104093095237502
379.9166666666667 24.243734606675936 23.101112129734563
380.4166666666667 24.239481425529736 23.098144339127927
380.91666666666663 24.235239768575823 23.095152260255883
381.4166666666667 24.230982533699155 23.092184327285572
381.9166666666667 24.22673340771992 23.089210922262176
382.41666666666663 24.222510329441555 23.08624494172871
382.9166666666667 24.21825470503493 23.083260329144476
383.4166666666667 24.214023324590784 23.080302252199605
383.91666666666663 24.209780695383238 23.077331760899206
384.4166666666667 24.20556589610795 23.074371872782127
384.9166666666667 24.20132963222749 23.071401472946867
385.41666666666663 24.19712031683315 23.068460240003994
385.9166666666667 24.192923571277213 23.065495007795185
386.4166666666667 24.18870656661872 23.062546080977242
386.91666666666663 24.184519811826103 23.05959245790359
387.4166666666667 24.18033152634806 23.05665406572981
387.9166666666667 24.176152213115532 23.053708528966435
388.41666666666663 24.171982481014954 23.05077219497332
388.9166666666667 24.167799262095947 23.047835604475626
389.4166666666667 24.163656511802575 23.044910202451142
389.91666666666663 24.159522402395712 23.041989218405913
390.4166666666667 24.15537695403639 23.039068351667524
390.9166666666667 24.151249902470692 23.03615654989713
391.41666666666663 24.14715360219468 23.03325586051112
391.9166666666667 24.14304278947883 23.030351539840126
392.4166666666667 24.138966767038355 23.027457929029783
392.91666666666663 24.13488303474493 23.02456127583003
393.4166666666667 24.130806835741584 23.021677357015786
393.9166666666667 24.126773546497816 23.01880712766249
394.41666666666663 24.122716371435867 23.01593691247584
394.9166666666667 24.118699911951 23.013072507192035
395.4166666666667 24.11470121892644 23.010215936782053
395.91666666666663 24.110692825704273 23.007368924605448
396.4166666666667 24.10669739983495 23.004522360770814
396.9166666666667 24.102762635500756 23.001685773914442
397.41666666666663 24.098802322045 22.9988655916642
397.9166666666667 24.09486673472317 22.996045836899533
398.4166666666667 24.090952314675874 22.99323135959783
398.91666666666663 24.087045414251065 22.99043921584801
399.4166666666667 24.083156430514823 22.987644623775942
399.9166666666667 24.0792800033229 22.98486646837337
400.41666666666663 24.075433332801047 22.982079886339825
400.9166666666667 24.071595676134592 22.97931996157946
401.4166666666667 24.067789906772894 22.97656223974442
401.91666666666663 24.063999804443842 22.97381441241607
402.4166666666667 24.06020957710807 22.971078382669784
402.9166666666667 24.056442037440092 22.96834787799558
403.41666666666663 24.052705775031917 22.96563085940688
403.9166666666667 24.048968054226005 22.96291961720229
404.4166666666667 24.0452695961287 22.9602267316496
404.91666666666663 24.04158976574125 22.957527742987423
405.4166666666667 24.037926201558037 22.954857194745813
405.9166666666667 24.03426728733872 22.95218199999017
406.41666666666663 24.03066073788004 22.949537434698463
406.9166666666667 24.027053825014654 22.94689330127039
407.4166666666667 24.02348285554445 22.94425544983215
407.91666666666663 24.019920744776613 22.94162619131516
408.4166666666667 24.01638531027356 22.93902455291893
408.9166666666667 24.012845975267783 22.936430464004488
409.41666666666663 24.009368420504057 22.933836146022806
409.9166666666667 24.005890166119755 22.931263298946412
410.4166666666667 24.002440884248486 22.928698317820956
410.91666666666663 23.99901509849622 22.92614841447555
411.4166666666667 23.99559365260717 22.923600077017646
411.9166666666667 23.992216829553975 22.921070602223473
412.41666666666663 23.988823345463423 22.91854439769267
412.9166666666667 23.985444398843395 22.91602398623607
413.4166666666667 23.982066620029784 22.913500054119304
413.91666666666663 23.97872125582929 22.910987840907033
414.4166666666667 23.97536853130154 22.908488753663683
414.9166666666667 23.972024316262143 22.905980493188096
415.41666666666663 23.96870503313261 22.90348513424799
415.9166666666667 23.965374015744693 22.90098853741359
416.4166666666667 23.962073390345978 22.89850461055925
416.91666666666663 23.9587789184476 22.896034861452407
417.4166666666667 23.955466815163845 22.893561011127215
417.9166666666667 23.95218922242794 22.891092502676294
418.41666666666663 23.948924206983047 22.88861892869439
418.9166666666667 23.945678195816264 22.886168103663582
419.4166666666667 23.942427692775595 22.88372518989286
419.91666666666663 23.93918657131816 22.88127695383882
420.4166666666667 23.93596534423349 22.878832078888266
420.9166666666667 23.93273845705488 22.876404990479706
421.41666666666663 23.92953854165941 22.873980266175767
421.9166666666667 23.926345691890866 22.871564997179753
422.4166666666667 23.923164796381876 22.86915033692911
422.91666666666663 23.9200151090208 22.866743079836628
423.4166666666667 23.916838716615814 22.864348234934553
423.9166666666667 23.9137011621153 22.861966795154444
424.41666666666663 23.910567471380308 22.859563431508384
424.9166666666667 23.907461938503047 22.857192367471924
425.4166666666667 23.904356328756464 22.854826915086957
425.91666666666663 23.901243474064174 22.85246208748502
426.4166666666667 23.89815996048327 22.850104384165494
426.9166666666667 23.895103591648343 22.847758128069692
427.41666666666663 23.892026753283456 22.84540869775817
427.9166666666667 23.888988473081916 22.843077252634902
428.4166666666667 23.885975821162937 22.840749739116045
428.91666666666663 23.88294654703205 22.838428157256065
429.4166666666667 23.879930425643433 22.836114786924433
429.9166666666667 23.876956237280854 22.83381914721366
430.41666666666663 23.873964260707943 22.83151414179541
430.9166666666667 23.871000278328328 22.829219034053896
431.4166666666667 23.86805299066063 22.82694879227155
431.91666666666663 23.86511240478113 22.824674001069994
432.4166666666667 23.8621999127852 22.82240825217474
432.9166666666667 23.859296856696318 22.820152647802892
433.41666666666663 23.856400297013355 22.81789412232294
433.9166666666667 23.853515577869075 22.815655979972544
434.4166666666667 23.85064433203276 22.813417772730887
434.91666666666663 23.84778625597853 22.811200574870213
435.4166666666667 23.844933212699782 22.808979707499788
435.9166666666667 23.84212037453347 22.80676590339533
436.41666666666663 23.839317546457615 22.804571354201006
436.9166666666667 23.836527802796383 22.80237489938287
437.4166666666667 23.83374502021318 22.800196425284387
437.91666666666663 23.83096624315897 22.79802151449641
438.4166666666667 23.828230536054804 22.795856625026328
438.9166666666667 23.825496645482428 22.793697495273012
439.41666666666663 23.822774679640723 22.791551852907826
439.9166666666667 23.820068417062593 22.789410300822187
440.4166666666667 23.8173778580442 22.787284819069868
440.91666666666663 23.81470204645688 22.785159323286415
441.4166666666667 23.81206017746832 22.78304277052303
441.9166666666667 23.809401339873485 22.780939844396848
442.41666666666663 23.806776024774297 22.778847983049335
442.9166666666667 23.804172250129664 22.77675880879857
443.4166666666667 23.801567659736264 22.774685355752183
443.91666666666663 23.798992389971183 22.772614249931983
444.4166666666667 23.796418682615993 22.77055023197422
444.9166666666667 23.793873793129908 22.76851668004495
445.41666666666663 23.791331139064287 22.766465742799312
445.9166666666667 23.78883406813636 22.764433317244226
446.4166666666667 23.786328333066695 22.76241874937295
446.91666666666663 23.78384074992718 22.760408199491053
447.4166666666667 23.781369806369742 22.75840683604498
447.9166666666667 23.77890076827306 22.75639969311914
448.41666666666663 23.77643851398637 22.75441122585098
448.9166666666667 23.774008511629372 22.75242018705072
449.4166666666667 23.77158049405884 22.750445092786876
449.91666666666663 23.769169964185647 22.74847791013076
450.4166666666667 23.766768870707132 22.746510392018187
450.9166666666667 23.764357602405735 22.74455047078868
451.41666666666663 23.76198547833861 22.742598784268697
451.9166666666667 23.759610934131885 22.740654040061784
452.4166666666667 23.757255337095206 22.738715898086145
452.91666666666663 23.75490635368793 22.736780511225653
453.4166666666667 23.75256993625035 22.734869254380023
453.9166666666667 23.750233175328578 22.732950927534105
454.41666666666663 23.747919379502832 22.731039945596727
454.9166666666667 23.745617309262848 22.729138878586305
455.4166666666667 23.74333942452674 22.72723202825337
455.91666666666663 23.741037159472533 22.72535081205962
456.4166666666667 23.73875783100273 22.723463430884976
456.9166666666667 23.73650726714551 22.72158954954344
457.41666666666663 23.73424298598117 22.71972343839607
457.9166666666667 23.732006685628765 22.71785152063249
458.4166666666667 23.729795525938382 22.71600294401322
458.91666666666663 23.727564997008322 22.71415048910225
459.4166666666667 23.725343372692574 22.71230776593978
459.9166666666667 23.72317236979939 22.710466949359752
460.41666666666663 23.720980188816917 22.70863417973153
460.9166666666667 23.71879426389309 22.70680566763702
461.4166666666667 23.71662959232086 22.704992870980863
461.91666666666663 23.714466725516267 22.7031714917343
462.4166666666667 23.712335798573427 22.701370074638774
462.9166666666667 23.710207129991527 22.699573281544197
463.41666666666663 23.70807786938788 22.697781289639785
463.9166666666667 23.70596137265895 22.69600084608637
464.4166666666667 23.703863964885027 22.694214690742402
464.91666666666663 23.701764244331113 22.69244565637142
465.4166666666667 23.69968822503153 22.690674148601417
465.9166666666667 23.697616285190986 22.6889100811959
466.41666666666663 23.695550786925956 22.687157013867044
466.9166666666667 23.6935047452561 22.68542184621365
467.4166666666667 23.691461040084178 22.683676326084743
467.91666666666663 23.68942274137359 22.681946424102737
468.4166666666667 23.687422569111092 22.68020851325609
468.9166666666667 23.685405523839954 22.678482760183726
469.41666666666663 23.683403912030382 22.676767801420294
469.9166666666667 23.681409440506705 22.6750582946617
470.4166666666667 23.67942560690491 22.673355332612736
470.91666666666663 23.677463825501537 22.671663819968156
471.4166666666667 23.67550141015031 22.669974141403763
471.9166666666667 23.673566555287767 22.66828648930337
472.41666666666663 23.67162369103219 22.66660623989706
472.9166666666667 23.669683730794272 22.664932558266983
473.4166666666667 23.66775974022485 22.663258907056886
473.91666666666663 23.665855914587027 22.661606399332292
474.4166666666667 23.66395542841785 22.659952397766155
474.9166666666667 23.662062662102826 22.658302622448456
475.41666666666663 23.660183860862748 22.656659465783285
475.9166666666667 23.658308651111575 22.655019439215835
476.4166666666667 23.656456062276987 22.653396723756785
476.91666666666663 23.654616571625546 22.651770784075296
477.4166666666667 23.652751544983253 22.650152971290474
477.9166666666667 23.650937592557252 22.648543425108166
478.41666666666663 23.64910999731336 22.646938841952505
478.9166666666667 23.64730158776252 22.645331887551905
479.4166666666667 23.64550349068022 22.643740939693316
479.91666666666663 23.643703911701834 22.642159332835217
480.4166666666667 23.641914582531168 22.64057538905279
480.9166666666667 23.640156844710603 22.638999399343177
481.41666666666663 23.638388992993157 22.637419743293606
481.9166666666667 23.636634980485546 22.635856931304698
482.4166666666667 23.634887158568368 22.634305216609295
482.91666666666663 23.63315632194221 22.63274882633329
483.4166666666667 23.63142426284119 22.63121196330401
483.9166666666667 23.629698981901793 22.629656319849538
484.41666666666663 23.627985962015327 22.628123807425588
484.9166666666667 23.626294458714234 22.62658826346361
485.4166666666667 23.624584085902633 22.625067264457538
485.9166666666667 23.622908192019395 22.623538446659047
486.4166666666667 23.621234745123566 22.62203107314619
486.9166666666667 23.61954787170525 22.620518213943235
487.4166666666667 23.61788473907351 22.619005733913298
487.9166666666667 23.616244400917722 22.617504172375416
488.4166666666667 23.614586146825026 22.616012789495514
488.9166666666667 23.612961740611162 22.614529732710473
489.4166666666667 23.611325237632194 22.61303871355311
489.9166666666667 23.609703232167337 22.611552591445324
490.4166666666667 23.608094324948713 22.61007858045813
490.9166666666667 23.606481731390737 22.608608828248062
491.4166666666667 23.604900671717086 22.60714918037383
491.9166666666667 23.603296904323024 22.605692118274824
492.4166666666667 23.60171669420343 22.60423751756263
492.9166666666667 23.60014773685601 22.60278440610714
