FastTrWP/PhaseSpace/IAs/snIa_0.51_30.00_-1.68_0.05.csv
# %ECSV 0.9
# ---
# datatype:
# - {name: time-rel, datatype: float64}
# - {name: g, datatype: float64}
# - {name: i, datatype: float64}
# schema: astropy-2.0
time-rel g i
[from data line 579]
561.2083333333334 23.506924181056394 22.515440719514693
561.7083333333334 23.506569390279015 22.514363973161075
562.2083333333334 23.506229066075456 22.51328810559952
562.7083333333334 23.505888684965193 22.51222460828688
563.2083333333334 23.50556092660821 22.511164873783798
563.7083333333334 23.50523721545084 22.510103165486342
564.2083333333334 23.504916869785998 22.509047377889466
564.7083333333334 23.504626789495433 22.507997318514672
565.2083333333334 23.504325222762603 22.506950271656592
565.7083333333334 23.504018640126894 22.505912742218918
566.2083333333334 23.503732373610088 22.504870085946592
566.7083333333334 23.50346658730497 22.50383934318667
567.2083333333334 23.503181570537496 22.502811413738463
567.7083333333334 23.502934163127552 22.501785538769944
568.2083333333334 23.502686459440326 22.500762987045427
568.7083333333334 23.502425066082942 22.499746201015046
569.2083333333334 23.502180750560044 22.498725740492848
569.7083333333334 23.501931090950812 22.497722370947898
570.2083333333334 23.501714415954314 22.4967200276572
570.7083333333334 23.501479938501298 22.495715595970385
571.2083333333334 23.501270894478385 22.494719076548257
571.7083333333334 23.50105675596559 22.49372517840664
572.2083333333334 23.50085224790442 22.49274216930846
572.7083333333334 23.500641950931936 22.49175241485638
573.2083333333334 23.500455703135536 22.490767557682794
573.7083333333334 23.50026053382431 22.489786541627353
574.2083333333334 23.50007517621023 22.48881368743705
574.7083333333334 23.49990596795788 22.487846190892423
575.2083333333334 23.499739178201228 22.48689074640601
575.7083333333334 23.49955971405917 22.485921578469213
576.2083333333334 23.499407852813828 22.484954026645315
576.7083333333334 23.49924811975283 22.484007985957565
577.2083333333334 23.499095962434602 22.48306047169791
577.7083333333334 23.49894816418864 22.482109189030552
578.2083333333334 23.498808189273802 22.481167062507154
578.7083333333334 23.498667952288812 22.480231319802016
579.2083333333334 23.4985374081445 22.479298945210306
579.7083333333334 23.498410851582637 22.47836435856978
580.2083333333334 23.49828913436809 22.477427845987425
580.7083333333334 23.49817360169007 22.4765130416022
581.2083333333334 23.49805309560457 22.475584955675192
581.7083333333334 23.497946217522575 22.47467415669872
582.2083333333334 23.497838954296494 22.47375980572041
582.7083333333334 23.49773953435544 22.472848099864823
583.2083333333334 23.49764789131352 22.47194855131838
583.7083333333334 23.497541056388272 22.471041617866625
584.2083333333334 23.497456228908455 22.470147302291018
584.7083333333334 23.497357095897854 22.46924324623633
585.2083333333334 23.497279233138677 22.468359861253894
585.7083333333334 23.49719877880986 22.46746744276706
586.2083333333334 23.497123463781552 22.466580361660796
586.7083333333334 23.49704396734164 22.46570318140313
587.2083333333334 23.496985220997693 22.46482983178767
587.7083333333334 23.496909204178213 22.46395274418868
588.2083333333334 23.496853380356974 22.463080769893494
588.7083333333334 23.49680738627168 22.46221274639517
589.2083333333334 23.49676762229678 22.461353550000503
589.7083333333334 23.496717241289392 22.46048645158367
590.2083333333334 23.496695241383264 22.459624988606834
590.7083333333334 23.496654074239146 22.45876747951531
591.2083333333334 23.49662825746467 22.45792376105596
591.7083333333334 23.496608225612707 22.457072464520916
592.2083333333334 23.49657696229071 22.456224400296286
592.7083333333334 23.49658326619312 22.45538852825764
593.2083333333334 23.496572302258897 22.45455205702365
593.7083333333334 23.496583869547685 22.453718310274688
594.2083333333334 23.496589584552282 22.452888861054173
594.7083333333334 23.4966105282589 22.452061553633435
595.2083333333334 23.496618918535454 22.451234600330686
595.7083333333334 23.49664434767169 22.45041820020942
596.2083333333334 23.496677808119514 22.44959541380488
596.7083333333334 23.49671123603132 22.448789652198645
597.2083333333334 23.49674502058681 22.44797036695481
597.7083333333334 23.49679287379052 22.44717069744918
598.2083333333334 23.496839413563638 22.446373483923075
598.7083333333334 23.496897037417806 22.445563309571956
599.2083333333334 23.49695546891692 22.444771390797804
599.7083333333334 23.49703160901641 22.443975627609905
600.2083333333334 23.497104212253575 22.44319030450948
600.7083333333334 23.497175786084462 22.44240342899768
601.2083333333334 23.497268734565544 22.441623515981238
601.7083333333334 23.497356395936233 22.440844248396743
602.2083333333334 23.497453373598294 22.440064962845597
602.7083333333334 23.49755310838669 22.439291379594756
603.2083333333334 23.497669037891548 22.438531294241045
603.7083333333334 23.497784200636506 22.437764643664856
604.2083333333334 23.4978970669977 22.437008341927857
604.7083333333334 23.498012636439526 22.436255342988254
605.2083333333334 23.498148372041165 22.435495003052527
605.7083333333334 23.498287433512267 22.43474228974504
606.2083333333334 23.498440024703875 22.434009818324242
606.7083333333334 23.498576505649854 22.43325396456064
607.2083333333334 23.498733217318737 22.432526279506817
607.7083333333334 23.498888352015083 22.431778512724968
608.2083333333334 23.499063283947017 22.431050326955027
608.7083333333334 23.49922708487194 22.430328756775136
609.2083333333334 23.49940968785821 22.42960034025974
609.7083333333334 23.499588035666772 22.42888133530439
610.2083333333334 23.499786038472035 22.42816587081189
610.7083333333334 23.499994337094776 22.42744408962361
611.2083333333334 23.500196000370654 22.426735610430736
611.7083333333334 23.500386721215435 22.426039155824146
612.2083333333334 23.50060622941037 22.42533470144491
612.7083333333334 23.500833865400065 22.42463328989725
613.2083333333334 23.50104848450514 22.42394498573777
613.7083333333334 23.501297283434823 22.42324947074895
614.2083333333334 23.501531615302373 22.422566807642834
614.7083333333334 23.501779784282064 22.42188252665006
615.2083333333334 23.502026160290118 22.421199029635925
615.7083333333334 23.50228709304077 22.4205256679633
616.2083333333334 23.502548700637437 22.419857898775113
616.7083333333334 23.5028281135494 22.419186408900945
617.2083333333334 23.503122068029008 22.41852721469534
617.7083333333334 23.503383845639554 22.417864785572643
618.2083333333334 23.503671752688724 22.417212206900558
618.7083333333334 23.503969010963996 22.416549792786796
619.2083333333334 23.504274282593727 22.41590891458397
619.7083333333334 23.50458562446729 22.415263374422825
620.2083333333334 23.50490640600637 22.414625715867807
620.7083333333334 23.505220915258317 22.413977784996835
621.2083333333334 23.5055616375045 22.413353096823705
621.7083333333334 23.505896733731753 22.412718142189547
622.2083333333334 23.5062320268532 22.412100949985316
622.7083333333334 23.506584257485418 22.411467406968267
623.2083333333334 23.50694257469568 22.410853624773583
623.7083333333334 23.50729503331671 22.41023532625736
624.2083333333334 23.507661384572547 22.40962938338093
624.7083333333334 23.508045090631263 22.40901388052803
625.2083333333334 23.508413213600093 22.4084129955391
625.7083333333334 23.508799706437436 22.4078122667254
626.2083333333334 23.509189311057987 22.407208308580323
626.7083333333334 23.509587257919087 22.4066195431989
627.2083333333334 23.510002260345537 22.406017412765653
627.7083333333334 23.510400418904673 22.405433295481558
628.2083333333334 23.510820130951696 22.40485272365995
628.7083333333334 23.511233925177393 22.404269940939887
629.2083333333334 23.51166129959374 22.403685281152615
629.7083333333334 23.51209442121934 22.403115095340315
630.2083333333334 23.512540200008104 22.402531608540706
630.7083333333334 23.51297841929517 22.401971060810197
631.2083333333334 23.513443361407724 22.40140386659846
631.7083333333334 23.51389413730398 22.400838591066314
632.2083333333334 23.514362746439012 22.40028589330802
632.7083333333334 23.51483200002248 22.399730070668447
633.2083333333334 23.515319342365792 22.399175460107564
633.7083333333334 23.515785404951203 22.39862689768028
634.2083333333334 23.516285701836892 22.39808464532794
634.7083333333334 23.516781323267427 22.39753618888225
635.2083333333334 23.517280981939223 22.396997416772034
635.7083333333334 23.517786449747256 22.39646094596315
636.2083333333334 23.5183073017732 22.395933574103722
636.7083333333334 23.51883247142149 22.39540959311967
637.2083333333334 23.519356135565644 22.394882053785135
637.7083333333334 23.519896489751414 22.394360086979887
638.2083333333334 23.52043971213459 22.3938428519979
638.7083333333334 23.52098311477798 22.39333034546876
639.2083333333334 23.521540011377333 22.392820149647306
639.7083333333334 23.52209762233473 22.39230596362262
640.2083333333334 23.522663231164735 22.391800002433982
640.7083333333334 23.523244390133023 22.39130469869678
641.2083333333334 23.52382405491207 22.390811559528665
641.7083333333334 23.524413807845235 22.390317697218798
642.2083333333334 23.525003943586178 22.38982204698072
642.7083333333334 23.52559971484723 22.389335888900824
643.2083333333334 23.526209405432724 22.388862147398765
643.7083333333334 23.526833349113193 22.388379891240273
644.2083333333334 23.52745050894211 22.387902198612835
644.7083333333334 23.528083853778664 22.387429872442613
645.2083333333334 23.528711059898207 22.386961793535193
645.7083333333334 23.52936777177035 22.38649329238575
646.2083333333334 23.52999959615204 22.38603377308069
646.7083333333334 23.530662912286097 22.385575781648896
647.2083333333334 23.53132174632009 22.385128373328705
647.7083333333334 23.532000365125725 22.38466796121503
648.2083333333334 23.53267382252126 22.384219518348154
648.7083333333334 23.5333474205795 22.383779882230414
649.2083333333334 23.534040879041598 22.383334291100525
649.7083333333334 23.534729225904506 22.382905166708312
650.2083333333334 23.53543077929163 22.382476255998306
650.7083333333334 23.536155741548576 22.382041474386014
651.2083333333334 23.536875397698395 22.38162394561847
651.7083333333334 23.53759669529632 22.381200644017298
652.2083333333334 23.53832906639191 22.38077721664653
652.7083333333334 23.539065698956072 22.380365056378906
653.2083333333334 23.539813544642016 22.379955019536844
653.7083333333334 23.54056273790972 22.379547121039295
654.2083333333334 23.54133152174093 22.379143209464054
654.7083333333334 23.542084233672448 22.378744051407185
655.2083333333334 23.54286649362209 22.3783443715472
655.7083333333334 23.543656115276708 22.377959747558226
656.2083333333334 23.54444170188124 22.37757110556144
656.7083333333334 23.545240618371132 22.3771828465176
657.2083333333334 23.546038298771606 22.376806593647935
657.7083333333334 23.546859678246665 22.376429464045138
658.2083333333334 23.547683152308828 22.376050911521666
658.7083333333334 23.548509796283405 22.375675016613243
659.2083333333334 23.54934460986215 22.375315165479556
659.7083333333334 23.55020285168017 22.37495663034177
660.2083333333334 23.551054465796316 22.374601271583504
660.7083333333334 23.55192545285806 22.374244309100387
661.2083333333334 23.552817668021554 22.373891052110398
661.7083333333334 23.553699795654577 22.37355208735814
662.2083333333334 23.55461060260531 22.373213689848065
662.7083333333334 23.55551119185261 22.372871842888472
663.2083333333334 23.556428233050696 22.372539238018486
663.7083333333334 23.55735607093747 22.372204895487666
664.2083333333334 23.5583120600452 22.37188251664136
664.7083333333334 23.559260050067806 22.371559418222695
665.2083333333334 23.560216333349402 22.371244926745
665.7083333333334 23.561162419018547 22.370925831731196
666.2083333333334 23.562157454674406 22.37061897473261
666.7083333333334 23.563140224063368 22.370305785617035
667.2083333333334 23.564118438607032 22.370001055974022
667.7083333333334 23.565123459232883 22.36970824600299
668.2083333333334 23.56613214442519 22.36941230973567
668.7083333333334 23.567150552864607 22.369123777553046
669.2083333333334 23.568172033324398 22.36882540364023
669.7083333333334 23.56920745951163 22.36854820059063
670.2083333333334 23.57024505089672 22.368260407793148
670.7083333333334 23.5712965472965 22.367974331432144
671.2083333333334 23.57235623624355 22.36770812366376
671.7083333333334 23.573412907553447 22.36743475869926
672.2083333333334 23.57448377909519 22.36716091493777
672.7083333333334 23.575559543608172 22.366895225563653
673.2083333333334 23.576650263649345 22.36663132928428
673.7083333333334 23.577740013734967 22.366378465936833
674.2083333333334 23.578851592362035 22.36611970460722
674.7083333333334 23.579934764071577 22.365873942578954
675.2083333333334 23.581053066034915 22.36562136884819
675.7083333333334 23.582175295139145 22.365366729865
676.2083333333334 23.5832992037337 22.3651261154369
676.7083333333334 23.58442509397609 22.364886227084853
677.2083333333334 23.58556022178235 22.364642138560242
677.7083333333334 23.586706054082747 22.364414198810458
678.2083333333334 23.587867500967633 22.364184109683322
678.7083333333334 23.58900491293356 22.36395285095009
679.2083333333334 23.590162751282296 22.363730172473197
679.7083333333334 23.591328393903407 22.363506818300696
680.2083333333334 23.59250384686604 22.363282359172644
680.7083333333334 23.593671624176572 22.36306955094225
681.2083333333334 23.59485794461717 22.362850251152683
681.7083333333334 23.596042524359216 22.36263873321986
682.2083333333334 23.5972310811918 22.362431021688064
682.7083333333334 23.598432188981484 22.362213475560253
683.2083333333334 23.599609677978833 22.36200869413452
683.7083333333334 23.60083382645337 22.361805775541512
684.2083333333334 23.602033670369934 22.36161063893876
684.7083333333334 23.603249294412066 22.361414734852683
685.2083333333334 23.604462314603403 22.36121936972765
685.7083333333334 23.605678607865226 22.36102704367581
686.2083333333334 23.606915179391986 22.36083236142347
686.7083333333334 23.60813436225737 22.36064691507202
687.2083333333334 23.609351145084418 22.360462839199165
687.7083333333334 23.610589771254883 22.360282490017646
688.2083333333334 23.611837723183505 22.360100711940433
688.7083333333334 23.613075722392555 22.359928622091154
689.2083333333334 23.614304844063692 22.359747561722255
689.7083333333334 23.61556676070238 22.359582114925804
690.2083333333334 23.616805669258593 22.359403619385922
690.7083333333334 23.61804716867974 22.359239121982363
691.2083333333334 23.61929911077098 22.359073872873605
691.7083333333334 23.62053897242323 22.35890286224505
692.2083333333334 23.62180030790491 22.358739394433055
692.7083333333334 23.623073950262892 22.358585459299206
693.2083333333334 23.624315302725428 22.35841958170845
693.7083333333334 23.625573197600012 22.358264989441178
