FastTrWP/PhaseSpace/IAs/snIa_0.51_30.00_0.24_-0.08.csv
# %ECSV 0.9
# ---
# datatype:
# - {name: time-rel, datatype: float64}
# - {name: g, datatype: float64}
# - {name: i, datatype: float64}
# schema: astropy-2.0
time-rel g i
[from data line 1770]
473.0 24.370032644933694 22.71722596301533
473.5 24.37196160538871 22.717996247338895
474.0 24.37391693534043 22.71876122830944
474.5 24.37584269263442 22.719536173523608
475.0 24.37776302793591 22.720315515107593
475.5 24.379696718726123 22.721077196736662
476.0 24.381618911824027 22.721852986220924
476.5 24.383578723809578 22.72262940936484
477.0 24.385481903705056 22.72339138481832
477.5 24.387427885366172 22.72416523864198
478.0 24.389347124354014 22.724942028319827
478.5 24.391282553415103 22.72571891472947
479.0 24.39322428816888 22.726486331579956
479.5 24.395152144919372 22.727271823927474
480.0 24.397083429659983 22.728047192910488
480.5 24.399018815569345 22.728823507764737
481.0 24.400942832333858 22.72960420027754
481.5 24.40288208766468 22.730378304668903
482.0 24.404839069788572 22.731158808431662
482.5 24.40676265052655 22.731929877825504
483.0 24.4087057715948 22.732715250346594
483.5 24.410633850385167 22.733499733723992
484.0 24.41256941448815 22.734285391174627
484.5 24.41450830140669 22.735064380730815
485.0 24.416443486333343 22.73584337355117
485.5 24.41838748295384 22.736625055793343
486.0 24.420313559615174 22.73741202534889
486.5 24.422273508161734 22.738196408420368
487.0 24.424202506522626 22.738982051205245
487.5 24.426134691623645 22.73976741062055
488.0 24.428075793742217 22.740553123940014
488.5 24.430007952346774 22.741338543554885
489.0 24.43196387209393 22.742133039361757
489.5 24.433918436698 22.74291941142492
490.0 24.435842965579194 22.74371068528438
490.5 24.43778084512698 22.744501288991575
491.0 24.43972789753449 22.745285590532763
491.5 24.44168756124585 22.74607838794425
492.0 24.44362570801891 22.746873799354557
492.5 24.445565272794262 22.747666090296814
493.0 24.447517090234612 22.748457804557823
493.5 24.449452312648535 22.74925036604742
494.0 24.45141191697276 22.750044440834213
494.5 24.453350283514432 22.750843420053908
495.0 24.455307097827735 22.751638591762095
495.5 24.457255064663382 22.752437894863075
496.0 24.459197568683507 22.753239476397095
496.5 24.46115181529651 22.75403459868982
497.0 24.463085229199674 22.754844538308603
497.5 24.46505060468333 22.755630203071767
498.0 24.467009709388122 22.756432737450176
498.5 24.46895233610941 22.757235992804006
499.0 24.470910268269158 22.758038616208815
499.5 24.472871538483083 22.758844435221835
500.0 24.474812165735532 22.75964813851429
500.5 24.476785978526237 22.76046245122913
501.0 24.478721759234205 22.761253851917317
501.5 24.480684581838798 22.762061928890617
502.0 24.482636746385552 22.762870443796427
502.5 24.484604493689154 22.763682738181554
503.0 24.48653892298767 22.76448360227185
503.5 24.488491443253118 22.76529408998272
504.0 24.490451679982552 22.766099802464748
504.5 24.492387461079034 22.7669069281988
505.0 24.494360555655113 22.76771927224796
505.5 24.496324436112072 22.76853110614274
506.0 24.498262715364856 22.76934644846079
506.5 24.500232786776017 22.770155466354744
507.0 24.50219989739883 22.77096791240023
507.5 24.504154653217277 22.771778769410453
508.0 24.506103712498227 22.77258849823005
508.5 24.50807286106031 22.77341809787326
509.0 24.510026056288105 22.774228628090846
509.5 24.511980384420156 22.77504347049653
510.0 24.51392331689788 22.775856539523144
510.5 24.515893246326236 22.776682874927072
511.0 24.517856094783703 22.777496166927854
511.5 24.519811189906505 22.778316875807704
512.0 24.521778678135547 22.779130502528343
512.5 24.52373598032755 22.779954515359755
513.0 24.52570174295257 22.78078252096734
513.5 24.527651665086097 22.781599529493818
514.0 24.529616304054986 22.78241840177687
514.5 24.531583492699973 22.783251064907336
515.0 24.53352131138564 22.784072200019846
515.5 24.535490102894 22.784896984804966
516.0 24.53747116010692 22.785729020435106
516.5 24.53943835712419 22.786545857803805
517.0 24.54138929230193 22.787375506842118
517.5 24.543341936113382 22.788205421959088
518.0 24.5453081788339 22.789030770469175
518.5 24.5472805349413 22.789863089528342
519.0 24.54925082440349 22.790697834134015
519.5 24.55119161047193 22.791522596806274
520.0 24.553161225253362 22.792359182365512
520.5 24.555121505434844 22.79318806257317
521.0 24.557099576224843 22.7940322414247
521.5 24.559059677890506 22.794861821953024
522.0 24.56103556448071 22.79568671072836
522.5 24.562979358706095 22.796532494246197
523.0 24.564960870553108 22.797369477414456
523.5 24.566923647625725 22.79820730792272
524.0 24.568914883650457 22.799048223746198
524.5 24.570851205291522 22.799880082129395
525.0 24.57284063263915 22.800726563730763
525.5 24.574800433546955 22.8015669816688
526.0 24.57677929498078 22.802408353254187
526.5 24.5787356490394 22.803256772466533
527.0 24.58068858399077 22.804094127848362
527.5 24.582683906358874 22.804935851263824
528.0 24.58464657018032 22.80579617445346
528.5 24.586603449014035 22.80663879959623
529.0 24.588582052406668 22.807479235264193
529.5 24.590566240777495 22.80833741009149
530.0 24.5925317429612 22.8091823986789
530.5 24.594524596931468 22.81002656178877
531.0 24.596474494744132 22.810886328668353
531.5 24.598461377979476 22.811740064493296
532.0 24.600433398853454 22.812584958993614
532.5 24.602396080462036 22.81344710283728
533.0 24.604382931198096 22.81430245624888
533.5 24.606350278051607 22.81515595639796
534.0 24.608315469325955 22.816009418830916
534.5 24.610290095645098 22.816873707902054
535.0 24.612283020972768 22.817728621187747
535.5 24.61426362834327 22.8185920220335
536.0 24.616243812481528 22.819454672513015
536.5 24.61821957881881 22.820315630975866
537.0 24.62021368587401 22.821178153025983
537.5 24.622178201242654 22.822036025297976
538.0 24.624161125902205 22.822906535597593
538.5 24.62611611129941 22.823778774996587
539.0 24.628127406958665 22.82463722970755
539.5 24.630082406686846 22.82551232673147
540.0 24.63206966140039 22.826380118213557
540.5 24.634059717986197 22.82724487565511
541.0 24.63603066350919 22.828115924193515
541.5 24.638012014224095 22.828984945058206
542.0 24.63998390744896 22.829861751203545
542.5 24.641973004735675 22.830726987395288
543.0 24.64395513520841 22.831612075298793
543.5 24.64594124379991 22.832476181969756
544.0 24.647916980874744 22.833356280996895
544.5 24.649909106319363 22.834241707420166
545.0 24.651871959057353 22.83511669048665
545.5 24.65386834446528 22.835992708480376
546.0 24.655849617135228 22.836876566961635
546.5 24.65782748549686 22.8377563536016
547.0 24.65980609497302 22.838646316801135
547.5 24.661770084976716 22.83951724657985
548.0 24.663769931249956 22.84040714157243
548.5 24.66574945619179 22.841289183064163
549.0 24.667731768652914 22.84216972532945
549.5 24.669699899830437 22.84306124062158
550.0 24.67170355574297 22.843943313902603
550.5 24.673684909304754 22.844838383280198
551.0 24.67566263748204 22.845723705182838
551.5 24.67764474605522 22.846614589768997
552.0 24.679617348539505 22.84751086776187
552.5 24.681619225504686 22.848401218803804
553.0 24.683584796557835 22.849296282117308
553.5 24.68557746044239 22.850187967390227
554.0 24.687544321363045 22.851079573695117
554.5 24.689544695951618 22.851984783633
555.0 24.691536841396 22.852876873147807
555.5 24.69351974437079 22.85377561084832
556.0 24.695516888588863 22.854677801604165
556.5 24.697479763677915 22.85557041720683
557.0 24.699475821924672 22.8564710238752
557.5 24.701458453965994 22.857373326834693
558.0 24.703436852908304 22.85827398502486
558.5 24.705422308494516 22.85917422459383
559.0 24.707406205481934 22.860086768563924
559.5 24.709391923390072 22.860991137395278
560.0 24.711391357252396 22.86188307055408
560.5 24.713375991779976 22.862804063393845
561.0 24.71535826258917 22.863714080529874
561.5 24.717351872899087 22.864613920904013
562.0 24.71933192624664 22.865524752346715
562.5 24.72133175064595 22.86644425942123
563.0 24.723294992098374 22.86735264948778
563.5 24.725277754967053 22.86826201512238
564.0 24.727298380344997 22.86917556572297
564.5 24.72926115316551 22.870088908478618
565.0 24.73126092524272 22.871003368202874
565.5 24.733254305200248 22.87192369245669
566.0 24.735217445479705 22.872841692045665
566.5 24.737231778652152 22.873753556058816
567.0 24.739230771242514 22.874675559539064
567.5 24.741194304258627 22.87559584214144
568.0 24.743201822467316 22.876502442859913
568.5 24.7451783663754 22.87743104273624
569.0 24.74717391479031 22.878360857657476
569.5 24.74915991879678 22.87928122986296
570.0 24.75115308672613 22.880203211618436
570.5 24.753161984192893 22.881121316242815
571.0 24.75514019843919 22.88205136034079
571.5 24.757139118408645 22.882984906659452
572.0 24.759134080507607 22.883906402950455
572.5 24.76110772610663 22.88484177583306
573.0 24.763115785623807 22.885769831897086
573.5 24.76511754714447 22.886700656599285
574.0 24.767116560613644 22.88763615613433
574.5 24.76907908857454 22.888569843612096
575.0 24.771097012189735 22.889514722570937
575.5 24.77306963391875 22.890459701716786
576.0 24.77506583656679 22.891392565916217
576.5 24.77704757469681 22.89234733478182
577.0 24.779028674235853 22.893287743609285
577.5 24.781035081590073 22.894238030387903
578.0 24.78304277003992 22.89518294830128
578.5 24.785018851455174 22.896122407565205
579.0 24.7870123561706 22.8970904600488
579.5 24.788991483661448 22.898044345518272
580.0 24.79098916780778 22.898996687023875
580.5 24.792957839100445 22.89995094125618
581.0 24.7949728415578 22.900909216852526
581.5 24.796943351447712 22.901863419409136
582.0 24.79894089752067 22.90282702517748
582.5 24.800925453483906 22.90379566310257
583.0 24.80289055692551 22.904758597342433
583.5 24.80490914145106 22.905714627852902
584.0 24.806889789395242 22.90668747018028
584.5 24.808856600948314 22.90764980811567
585.0 24.810866824642307 22.908624247524514
585.5 24.812848003454214 22.90958842554357
586.0 24.814837279556965 22.91055803416597
586.5 24.816830152367046 22.911526585558057
587.0 24.818809416239894 22.912497355572885
587.5 24.820788758595896 22.913465972992473
588.0 24.822777711270714 22.914437186049966
588.5 24.824773574016138 22.91540552436539
589.0 24.826762068050705 22.916390889390943
589.5 24.828748677569035 22.917360929882232
590.0 24.830738946122363 22.918334269293474
590.5 24.83271888704526 22.91930485140179
591.0 24.834699584473768 22.920277041410394
591.5 24.836679803180548 22.921259193578805
592.0 24.838659879074253 22.92223585555611
592.5 24.840679713479425 22.923212918627595
593.0 24.842660470799803 22.924184051788323
593.5 24.844642519949474 22.92516979677
594.0 24.846639948276874 22.92613317419199
594.5 24.848647147418742 22.927120033408205
595.0 24.850613278596153 22.92809682511909
595.5 24.852577628951778 22.929065529512563
596.0 24.85457901955986 22.930043029394135
596.5 24.85660108692152 22.931006480988593
597.0 24.858567829184 22.932002954044854
597.5 24.860564830808805 22.93297401018252
598.0 24.862545359116535 22.933950351027494
598.5 24.86452158483938 22.934926225239643
599.0 24.866521621685823 22.935900821192647
599.5 24.86851895877635 22.936878428729305
600.0 24.870497429655927 22.937849658064245
600.5 24.87249458599035 22.93882870078791
601.0 24.874490165071897 22.93980038339079
601.5 24.876483843763694 22.940773833320982
602.0 24.87846603413969 22.941732339096408
602.5 24.88046626588771 22.942708443628955
603.0 24.882467979232295 22.94368256762015
603.5 24.884460979581874 22.944649014718514
604.0 24.886445043545926 22.945626922696757
604.5 24.88845025392745 22.946582319013864
605.0 24.89044281782894 22.947552200161564
605.5 24.89243481472952 22.94851921928329
606.0 24.894430220968534 22.949480381224433
606.5 24.896435952198317 22.950446483707715
607.0 24.898426249601226 22.95141176467283
607.5 24.900432092943255 22.952376614243228
608.0 24.902425868095193 22.953326001951023
608.5 24.90440382748799 22.95428432814405
609.0 24.90642316648694 22.955247272362655
609.5 24.90842925635735 22.95620079870428
610.0 24.91040539292001 22.957162294640277
610.5 24.912412272273517 22.958119242073188
611.0 24.914429881093888 22.95907944807624
611.5 24.916393311151126 22.960032600108548
612.0 24.91839967946666 22.961001312968182
612.5 24.92040763710029 22.961962480819558
613.0 24.922425363556982 22.962918150130648
613.5 24.924394966529068 22.963870673499155
614.0 24.926387236277492 22.964833804784107
614.5 24.928404563099726 22.965789819398758
615.0 24.9304248192429 22.9667548957695
615.5 24.932407068738847 22.967713031952933
616.0 24.934403116949646 22.96865968061883
616.5 24.93638769201723 22.969624481554106
617.0 24.93840238226226 22.970575789875056
617.5 24.94039965056942 22.971530654381333
618.0 24.942392290005277 22.972495146339504
618.5 24.944399447648678 22.973444421488274
619.0 24.946385402832266 22.974406367869893
619.5 24.948401556750895 22.9753718935373
620.0 24.950413031652772 22.976320851970762
620.5 24.952400466112714 22.97727893120213
621.0 24.954392582067516 22.978239574556113
621.5 24.956380774569993 22.97918832549628
622.0 24.958381805062064 22.980147277758025
622.5 24.9603891742456 22.98110011785004
623.0 24.962369230518252 22.98206095887735
623.5 24.96438381219622 22.983010244891453
624.0 24.96640446994904 22.983969122907904
624.5 24.96836565967414 22.98491682457191
625.0 24.970354922216956 22.985879503132484
625.5 24.9723751290664 22.986821123891616
626.0 24.97435669582234 22.987773701438506
626.5 24.976367693427925 22.98873381207223
627.0 24.978351466378925 22.989685538904112
627.5 24.980371440707994 22.990637647343483
628.0 24.98237430912259 22.991594723026438
628.5 24.984356465309943 22.992547030441713
629.0 24.986352362125622 22.993505507445366
629.5 24.988352352049738 22.994445633961988
630.0 24.990337022357284 22.995392597562983
630.5 24.99232126180536 22.996338176741048
631.0 24.994333251093444 22.99729655839964
631.5 24.996337762667387 22.99824249967257
632.0 24.998333126411406 22.999187192348195
632.5 25.00032948038279 23.000137379910186
633.0 25.00227700413149 23.001087583168175
633.5 25.004295269244196 23.002032071015446
634.0 25.006300263899355 23.00297871590653
634.5 25.00829323794479 23.00392850192809
635.0 25.010280226344044 23.004868105279552
635.5 25.012268486848516 23.00581545351781
636.0 25.014261157968992 23.006766029592463
636.5 25.01624099081272 23.007709089030392
637.0 25.018252647594483 23.008638447014363
637.5 25.020248188343434 23.009589171110676
638.0 25.02223573890966 23.010529019444192
638.5 25.02422409903328 23.011469074854375
639.0 25.026213236528182 23.01241220266023
639.5 25.02822015213443 23.01335334834661
640.0 25.030185323763202 23.014288300758455
640.5 25.03217315008023 23.015217246233483
641.0 25.034170096639905 23.01615918433133
641.5 25.03614540117969 23.017099565558667
642.0 25.038136043536024 23.01802851459581
642.5 25.040124720944846 23.018962987435152
643.0 25.04212046710856 23.019903146437564
643.5 25.044093595805023 23.020828626199922
644.0 25.04607474320663 23.021766149933107
644.5 25.04805342154817 23.022695860326007
645.0 25.05002156704897 23.02362859666122
645.5 25.052023970067605 23.024552691324793
646.0 25.05400273595547 23.02548161720848
646.5 25.055997764618063 23.026415949756892
647.0 25.057967050817194 23.02734913653297
647.5 25.05997056992839 23.02826491410209
648.0 25.06193098362293 23.02920386211129
648.5 25.063907498642727 23.030132580287813
649.0 25.065890722318834 23.031059641346605
649.5 25.067906531853495 23.031982230445283
650.0 25.069848479629776 23.032904137175617
650.5 25.071814761619187 23.03384284772217
651.0 25.07383247061522 23.03475630043411
651.5 25.075807008281433 23.035677446066373
652.0 25.07777517129194 23.03660215743106
652.5 25.079779905604035 23.037525868417692
653.0 25.0817407414732 23.038452820190614
653.5 25.0836915199427 23.03936510392643
654.0 25.085707718912957 23.040297457693057
654.5 25.087671765270372 23.041212198357968
655.0 25.089649545892176 23.042127605506806
655.5 25.09160838095905 23.043051309440727
656.0 25.093601782011973 23.04397181012131
656.5 25.095552021129667 23.044893225672908
657.0 25.097530847693452 23.045805054633238
657.5 25.099484790781574 23.04671864344298
