FastTrWP/PhaseSpace/IAs/snIa_0.45_30.00_0.05_0.09.csv
# %ECSV 0.9
# ---
# datatype:
# - {name: time-rel, datatype: float64}
# - {name: g, datatype: float64}
# - {name: i, datatype: float64}
# schema: astropy-2.0
time-rel g i
[from data line 1445]
910.7291666666666 24.07105912303368 22.406848134552465
911.2291666666666 24.072692657847774 22.407470876608485
911.7291666666665 24.074318374495036 22.40809481213125
912.2291666666666 24.075963745367655 22.408717857620655
912.7291666666666 24.077580535228567 22.409335272392727
913.2291666666665 24.079202462860692 22.409970658829586
913.7291666666666 24.080852665478613 22.410591048992707
914.2291666666666 24.08247728766461 22.411222463210617
914.7291666666665 24.084095110190393 22.41186399685279
915.2291666666666 24.08574248455041 22.41249434083204
915.7291666666666 24.087385656797437 22.4131308399446
916.2291666666665 24.089004437484547 22.413763074485527
916.7291666666666 24.09064060063228 22.414410070378928
917.2291666666666 24.092275491651762 22.415046986997726
917.7291666666665 24.09390074313982 22.41569162635286
918.2291666666666 24.09555159900996 22.416336304969953
918.7291666666666 24.097171642584204 22.416979944335424
919.2291666666665 24.098825771465933 22.417632066241538
919.7291666666666 24.100446936592704 22.41828473404017
920.2291666666666 24.102086460490465 22.418932769237237
920.7291666666665 24.10372002413086 22.419581953979616
921.2291666666666 24.10538179591476 22.420241256185648
921.7291666666666 24.10700437466369 22.420889376837472
922.2291666666665 24.108645530095252 22.421551094102977
922.7291666666666 24.110288079845784 22.422212022584283
923.2291666666666 24.1119217190826 22.422877855531485
923.7291666666665 24.113575052775076 22.42353522953668
924.2291666666666 24.115204822430613 22.42419859745119
924.7291666666666 24.116852832553985 22.42486622901698
925.2291666666665 24.11850141996601 22.42553467268592
925.7291666666666 24.12014560954153 22.426204836095724
926.2291666666666 24.121788224864037 22.426874930850047
926.7291666666665 24.123439416449543 22.427549651631125
927.2291666666666 24.1250774788168 22.428222671887355
927.7291666666666 24.12671260011692 22.428900135366877
928.2291666666665 24.128389350923975 22.4295767929795
928.7291666666666 24.130023419899707 22.430254147415646
929.2291666666666 24.13168330189488 22.430938382130194
929.7291666666665 24.13331499986701 22.431621759337435
930.2291666666666 24.134965074164022 22.43230066907513
930.7291666666666 24.13663763579993 22.432983092080928
931.2291666666665 24.138281950981877 22.433682668759552
931.7291666666666 24.13993881608311 22.434372436026425
932.2291666666666 24.141591271176384 22.435061316832545
932.7291666666665 24.143253931401347 22.435747356941693
933.2291666666666 24.14489825840187 22.436448150081635
933.7291666666666 24.146549200722816 22.437145847704567
934.2291666666665 24.148206227780005 22.437843990716843
934.7291666666666 24.149886651722312 22.438538768773476
935.2291666666666 24.151527499692286 22.439245382736228
935.7291666666665 24.15321802871325 22.439943755676772
936.2291666666666 24.154873071355354 22.440644539092233
936.7291666666666 24.156543821848405 22.44136119360995
937.2291666666665 24.15818040226859 22.44206756895785
937.7291666666666 24.15986412854989 22.442773859556734
938.2291666666666 24.161518632974712 22.443486702646403
938.7291666666665 24.16318622320841 22.444201496751816
939.2291666666666 24.164850558899197 22.44491616278114
939.7291666666666 24.166525700649988 22.445636969946587
940.2291666666665 24.168192415577273 22.446360529325503
940.7291666666666 24.169856031526884 22.44708467156507
941.2291666666666 24.17153193811739 22.447814231942523
941.7291666666665 24.173198011558803 22.448543807786482
942.2291666666666 24.17487374149337 22.449269252882637
942.7291666666666 24.17653792207973 22.450009207011128
943.2291666666665 24.178213128483815 22.450747916541026
943.7291666666666 24.179882733600977 22.451485965824276
944.2291666666666 24.181565983565996 22.452230248748364
944.7291666666665 24.183234209373488 22.45297150489707
945.2291666666666 24.184903335188164 22.45372055823006
945.7291666666666 24.18660091960501 22.454465816094633
946.2291666666665 24.188259319738187 22.455214455515417
946.7291666666666 24.189937186084375 22.455967487947124
947.2291666666666 24.191632943654042 22.456726615863936
947.7291666666665 24.193301264880603 22.457480496735084
948.2291666666666 24.19497122768419 22.458243605679932
948.7291666666666 24.19664059723697 22.458994089422376
949.2291666666665 24.198338892376718 22.459759978597745
949.7291666666666 24.200020262564305 22.460525607649224
950.2291666666666 24.201689712142546 22.461285106627948
950.7291666666665 24.203389298824366 22.462060502623462
951.2291666666666 24.205062762070387 22.462821253022184
951.7291666666666 24.206747807579486 22.46358930402455
952.2291666666665 24.208434729196654 22.464358140063165
952.7291666666666 24.210124699189578 22.465135154883036
953.2291666666666 24.21180420469497 22.465909496892685
953.7291666666665 24.213496388436152 22.466690445209213
954.2291666666666 24.2151829980573 22.467467903057624
954.7291666666666 24.21687685448026 22.46824811258115
955.2291666666665 24.218560661368365 22.46902900218421
955.7291666666666 24.220246085107867 22.4698053639157
956.2291666666666 24.221946575562377 22.470587537147885
956.7291666666665 24.22363196533693 22.471379625734436
957.2291666666666 24.225337299986045 22.472166053041086
957.7291666666666 24.227012096548442 22.472945580604833
958.2291666666665 24.22869900044644 22.473733482697497
958.7291666666666 24.230412945022056 22.47451855770898
959.2291666666666 24.232092806227897 22.475323584523856
959.7291666666665 24.233784454252728 22.476104481620474
960.2291666666666 24.235491907309083 22.476894292362456
960.7291666666666 24.23717721524443 22.477686387533033
961.2291666666665 24.23888302659352 22.47848490311755
961.7291666666666 24.240585193812002 22.479276402080455
962.2291666666666 24.242285397025483 22.480072328002226
962.7291666666665 24.243981595626384 22.480860345942176
963.2291666666666 24.245680128259384 22.481662265676135
963.7291666666666 24.24738299065445 22.4824629420152
964.2291666666665 24.249106307820377 22.483253488734277
964.7291666666666 24.25078634141044 22.48405579818723
965.2291666666666 24.252512916197478 22.484853674177806
965.7291666666665 24.254198037709 22.48565465365119
966.2291666666666 24.25591651030052 22.486455070493136
966.7291666666666 24.257606219896775 22.487252485241655
967.2291666666665 24.259311751445146 22.488053451398788
967.7291666666666 24.261033561587595 22.488857201635845
968.2291666666666 24.26272168809326 22.489659322886396
968.7291666666665 24.26443381567346 22.490457798357358
969.2291666666666 24.26615874688858 22.491257434904437
969.7291666666666 24.267872018918183 22.492063140869526
970.2291666666665 24.26958240733065 22.492863571869442
970.7291666666666 24.27128390805333 22.49366236263409
971.2291666666666 24.27301107911978 22.494470613580955
971.7291666666665 24.274716146675548 22.495271253330596
972.2291666666666 24.27643948443319 22.49606357426545
972.7291666666666 24.278145471999867 22.49687531081448
973.2291666666665 24.27986348248053 22.49767697434221
973.7291666666666 24.281580288800114 22.498481071458674
974.2291666666666 24.283297156355076 22.4992842207511
974.7291666666665 24.285007651229282 22.500098463963816
975.2291666666666 24.286751487185345 22.500909366359238
975.7291666666666 24.288458189502755 22.501715053504228
976.2291666666665 24.290191391214492 22.502531299433095
976.7291666666666 24.29189725105175 22.503346696161294
977.2291666666666 24.293615864568082 22.50416125836995
977.7291666666665 24.29533803422284 22.504974006542366
978.2291666666666 24.29706286933785 22.505794545852225
978.7291666666666 24.298785377673696 22.5066089663661
979.2291666666665 24.300505851838807 22.507432467388174
979.7291666666666 24.302224080190896 22.508257148988644
980.2291666666666 24.303957677825977 22.509076834765835
980.7291666666665 24.305684685906602 22.509902428885077
981.2291666666666 24.307419232268156 22.510722244532182
981.7291666666666 24.309141830801295 22.511544194641495
982.2291666666665 24.310872653933334 22.512374063934686
982.7291666666666 24.312584666675093 22.513207808565422
983.2291666666666 24.31433645253458 22.514031311175966
983.7291666666665 24.316051007855073 22.51486599176435
984.2291666666666 24.317781531365597 22.515693776424133
984.7291666666666 24.319517113716213 22.51652735856762
985.2291666666665 24.321247884730816 22.517351715723798
985.7291666666666 24.32297099695107 22.5181900963134
986.2291666666666 24.32471297098496 22.51901808605348
986.7291666666665 24.32643924345807 22.51984902332403
987.2291666666666 24.328179801300827 22.520692885921044
987.7291666666666 24.329930640387367 22.521524036000358
988.2291666666665 24.331641849620766 22.522363112175622
988.7291666666666 24.333385773134072 22.523199148736413
989.2291666666666 24.335123297786723 22.524036322417153
989.7291666666665 24.336862767266627 22.524882453569287
990.2291666666666 24.338607733094463 22.525711678021967
990.7291666666666 24.34033840738186 22.5265562498811
991.2291666666665 24.342079008966408 22.527395941835493
991.7291666666666 24.343834406611006 22.52823418357741
992.2291666666666 24.345583657810277 22.529080141238815
992.7291666666665 24.34732126298862 22.529928831965677
993.2291666666666 24.349057600401313 22.53077118444235
993.7291666666666 24.350805872679473 22.531607862463137
994.2291666666665 24.352542076728017 22.532454254653558
994.7291666666666 24.35430465678934 22.533297335029484
995.2291666666666 24.356051838148215 22.534149100985115
995.7291666666665 24.35779861180717 22.534989723949856
996.2291666666666 24.359547075581137 22.53583885704005
996.7291666666666 24.36127841391075 22.53668611998434
997.2291666666665 24.36303737420544 22.537532248733
997.7291666666666 24.364815168535777 22.538369907502425
998.2291666666666 24.36656065000729 22.539228180916034
998.7291666666666 24.36829670040173 22.540068274965293
999.2291666666666 24.37004968223148 22.540919712342205
999.7291666666666 24.37179834594786 22.54176177442684
1000.2291666666666 24.373555294661486 22.542611946723774
1000.7291666666666 24.37532837583155 22.543447161452235
1001.2291666666666 24.377083503979758 22.544311857437314
1001.7291666666666 24.378846655974947 22.54515153636096
1002.2291666666666 24.3805953525532 22.546008295041716
1002.7291666666666 24.38236859404509 22.546847276300397
1003.2291666666666 24.384116192493877 22.547698271256692
1003.7291666666666 24.385889615912795 22.5485380066775
1004.2291666666666 24.38764257442143 22.54939238848802
1004.7291666666666 24.389413124552874 22.5502381376021
1005.2291666666666 24.391166631739253 22.551088846557903
1005.7291666666666 24.392937324600407 22.55192996901284
1006.2291666666666 24.394713276456233 22.55278545413521
1006.7291666666666 24.396474066026293 22.553626107101433
1007.2291666666666 24.39823925028151 22.554478821941544
1007.7291666666666 24.40001883194573 22.55532567722508
1008.2291666666666 24.401792100924983 22.55616739488698
1008.7291666666666 24.403555522412226 22.55701681948251
1009.2291666666666 24.405306802806596 22.557867111412534
1009.7291666666666 24.407095847795684 22.558715690115093
1010.2291666666666 24.408863717478347 22.559560757543395
1010.7291666666666 24.41064526378686 22.5604148638473
1011.2291666666666 24.412419444083817 22.561260476733608
1011.7291666666666 24.41419880753724 22.562108207805682
1012.2291666666666 24.415951779492765 22.562956249050927
1012.7291666666666 24.4177312377856 22.563807064007108
1013.2291666666666 24.419513960127 22.5646620876514
1013.7291666666666 24.42127419161839 22.56550832460739
1014.2291666666666 24.42306749391822 22.566367125469526
1014.7291666666666 24.42484898928051 22.567208471107083
1015.2291666666666 24.426614596724896 22.56806767363548
1015.7291666666666 24.428399752695697 22.568922629268155
1016.2291666666666 24.43017570105733 22.569767208203572
1016.7291666666666 24.431963901555722 22.570633783895655
1017.2291666666666 24.433741237610512 22.571474462998836
1017.7291666666666 24.435533227615522 22.572326445727512
1018.2291666666666 24.437308407769294 22.573185446500506
1018.7291666666666 24.439087927981976 22.574042649083967
1019.2291666666666 24.440882716437613 22.574889981010408
1019.7291666666666 24.442658278940215 22.57575289188884
1020.2291666666666 24.444454522460642 22.576611468201154
1020.7291666666666 24.446244245968856 22.577469848328597
1021.2291666666666 24.448021490739706 22.578321353975124
1021.7291666666666 24.44979679435162 22.579173783758222
1022.2291666666666 24.451607555564575 22.580034043049718
1022.7291666666666 24.45339813473049 22.580898833432386
1023.2291666666666 24.455183648575645 22.581750585436072
1023.7291666666666 24.456971969273006 22.582607458558833
1024.2291666666667 24.458763860333054 22.5834688846998
1024.7291666666667 24.460557481382917 22.58432571153977
1025.2291666666667 24.462354718382237 22.585180857235034
1025.7291666666667 24.464150041165354 22.586047192184093
1026.2291666666667 24.465957392844434 22.58690715530612
1026.7291666666667 24.46774634230827 22.5877652918995
1027.2291666666667 24.469556711978253 22.58863142967305
1027.7291666666667 24.471346941210324 22.58949398900219
1028.2291666666667 24.473137694814042 22.59035366303757
1028.7291666666667 24.474944153673977 22.59121354689976
1029.2291666666667 24.476754193704263 22.59208751491117
1029.7291666666667 24.478558556617642 22.592948055029055
1030.2291666666667 24.480363812330985 22.593809494001377
1030.7291666666667 24.482175180776323 22.59467194415164
1031.2291666666667 24.483982032528004 22.595539150609646
1031.7291666666667 24.48579805569493 22.596408176167717
1032.2291666666667 24.487590702744324 22.59727576151942
1032.7291666666667 24.489399069180358 22.598146164104286
1033.2291666666667 24.491218226392533 22.599009917197677
1033.7291666666667 24.49301459192313 22.59988302380965
1034.2291666666667 24.49484006523321 22.600743480097897
1034.7291666666667 24.496666727632167 22.601613786233095
1035.2291666666667 24.498473689288055 22.602492523429973
1035.7291666666667 24.50028514106448 22.60335243705474
1036.2291666666667 24.502100006601356 22.604233548863736
1036.7291666666667 24.503929990415962 22.605098534557797
1037.2291666666667 24.505745984974805 22.60597300453995
1037.7291666666667 24.50756328711339 22.60684604385052
1038.2291666666667 24.509394425489205 22.607729091172637
1038.7291666666667 24.51120161502143 22.608599069945207
1039.2291666666667 24.51305271217791 22.609470881713918
1039.7291666666667 24.51488327067704 22.61035182877562
1040.2291666666667 24.516694874274442 22.611216868820932
1040.7291666666667 24.518527000678702 22.612092058133285
1041.2291666666667 24.520368538310386 22.61297298657621
1041.7291666666667 24.522209817978794 22.613855610571516
1042.2291666666667 24.52402336089242 22.614736217728986
1042.7291666666667 24.525854594420622 22.61560958402133
1043.2291666666667 24.527694385505935 22.6164825675049
1043.7291666666667 24.529544706524717 22.617374558227606
1044.2291666666667 24.531356332485437 22.618251369809826
1044.7291666666667 24.533209245952882 22.61912782675121
1045.2291666666667 24.535054866467082 22.620007386180326
1045.7291666666667 24.53689434831044 22.620892501876906
1046.2291666666667 24.53872408530554 22.62178128294323
1046.7291666666667 24.540570873063455 22.62265838138338
1047.2291666666667 24.542414813109502 22.62354157830154
1047.7291666666667 24.544260766409117 22.62442359478664
1048.2291666666667 24.54610432737048 22.625309381939076
1048.7291666666667 24.54793938889692 22.62619270742411
1049.2291666666667 24.549803438147457 22.627082610451204
1049.7291666666667 24.55165022642726 22.62796345389664
1050.2291666666667 24.55350305880267 22.628848427902184
1050.7291666666667 24.555333582523936 22.629737989052675
1051.2291666666667 24.55718845913905 22.63062521543306
1051.7291666666667 24.559031118734723 22.631500846653122
1052.2291666666667 24.560894231512282 22.632402565889347
1052.7291666666667 24.562747456962075 22.633278432293345
1053.2291666666667 24.564608500120233 22.634168471328895
