FastTrWP/PhaseSpace/IAs/snIa_0.36_30.00_-0.18_-0.21.csv
# %ECSV 0.9
# ---
# datatype:
# - {name: time-rel, datatype: float64}
# - {name: g, datatype: float64}
# - {name: i, datatype: float64}
# schema: astropy-2.0
time-rel g i
[from data line 1417]
292.5 23.242836119979685 22.860713968396908
292.9999999999999 23.244388922029522 22.86139669384847
293.5 23.245933217298507 22.86210256915988
294.0 23.24747665635012 22.86279531304804
294.4999999999999 23.24901992600339 22.863488498942182
295.0 23.25056484593247 22.86418676434
295.5 23.252122752917046 22.864895573859485
295.9999999999999 23.253664437853825 22.865597790693354
296.5 23.255218508666356 22.866314502053267
297.0 23.256765019543224 22.86701675235143
297.4999999999999 23.258325641736164 22.867723236226
298.0 23.259877949239225 22.86844978445888
298.5 23.261428317825693 22.869165689171243
298.9999999999999 23.26298831904936 22.869878343219746
299.5 23.264538526501454 22.870594343544397
300.0 23.266104663862524 22.87132583638129
300.4999999999999 23.26766241648138 22.872045467238436
301.0 23.26922665648373 22.872776930900063
301.5 23.270784278773213 22.873505423046325
301.9999999999999 23.272350451050453 22.874237098297073
302.5 23.273909287136895 22.874964754968595
303.0 23.275470053223295 22.875712126968637
303.4999999999999 23.27704117582428 22.876439411848448
304.0 23.278605251074396 22.877189225558034
304.5 23.28016942701881 22.87792305424702
304.9999999999999 23.28173382932906 22.878665669656737
305.5 23.28331266604087 22.879407912075315
306.0 23.284881253011264 22.880162472554613
306.4999999999999 23.28645081173609 22.880911438576046
307.0 23.288024593903213 22.881657634877364
307.5 23.289603343490374 22.882424920741595
307.9999999999999 23.291168742488754 22.883173642456
308.5 23.292756804372008 22.883939843318124
309.0 23.29432350165813 22.884689731850642
309.4999999999999 23.29590422430744 22.885457909396898
310.0 23.297481839438436 22.886214225305853
310.5 23.299068983938973 22.886995070463193
310.9999999999999 23.300657854484705 22.887755033089316
311.5 23.302240718991527 22.888540753834988
312.0 23.303826949437724 22.889298342772282
312.4999999999999 23.305417916493838 22.890082693919105
313.0 23.30701254871146 22.890859871473495
313.5 23.308593556834186 22.89164308150603
313.9999999999999 23.310182871451254 22.89242134049681
314.5 23.31177285690314 22.893214947907058
315.0 23.31336809580813 22.894008230289455
315.4999999999999 23.31495643512409 22.89481231059768
316.0 23.316564071118144 22.895595282999604
316.5 23.318153558975357 22.89640529060462
316.9999999999999 23.319746215380526 22.89720802303914
317.5 23.321347945578168 22.898023662112937
318.0 23.322943851611303 22.89883343444189
318.4999999999999 23.32454312807705 22.8996509715583
319.0 23.32615486283798 22.900477089598542
319.5 23.32775206117528 22.90129561466969
319.9999999999999 23.329360571480287 22.90211905074713
320.5 23.330966395917198 22.902958479351916
321.0 23.3325610442834 22.903777738726852
321.4999999999999 23.334175677775903 22.904609316030204
322.0 23.33578219473134 22.905445686526264
322.5 23.337394225879006 22.906279366115157
322.9999999999999 23.338994955273584 22.9071184834309
323.5 23.340610311165044 22.907967349940144
324.0 23.342225093948407 22.908819357571723
324.4999999999999 23.343841688817662 22.909666753134843
325.0 23.345460341897923 22.910503457859303
325.5 23.34707459847746 22.91135911478632
325.9999999999999 23.348694312319495 22.912220558405785
326.5 23.35030825130638 22.913071495948376
327.0 23.35192775759851 22.913930285260776
327.4999999999999 23.353546073716295 22.914784471658734
328.0 23.355169589066097 22.9156439148163
328.5 23.356793209108474 22.916504042670024
328.9999999999999 23.358420342509895 22.917370300094206
329.5 23.36004820281577 22.918235568092122
330.0 23.3616738614006 22.919101849532954
330.4999999999999 23.36330631981658 22.919974390943906
331.0 23.36492870369846 22.920851487132555
331.5 23.36657007391048 22.921716305329824
331.9999999999999 23.368198608752184 22.922588555496635
332.5 23.369824222957945 22.923455290323275
333.0 23.37145679498694 22.924334163416468
333.4999999999999 23.373098545129874 22.925202923755887
334.0 23.37472015044839 22.92608467216445
334.5 23.376357226991544 22.926959304947356
334.9999999999999 23.378006025934475 22.927837084132378
335.5 23.379647862722717 22.928716498444963
336.0 23.381288081854127 22.929600855291056
336.4999999999999 23.38292011137971 22.93046890641778
337.0 23.38457129985344 22.931351731199122
337.5 23.386212757326508 22.932232353450246
337.9999999999999 23.387862691532895 22.93311284851519
338.5 23.389503437165317 22.93399270552578
339.0 23.39115397077076 22.93487434396225
339.4999999999999 23.392808086438507 22.935752356073582
340.0 23.394451774097625 22.936628122921384
340.5 23.396109720303542 22.93750848655211
340.9999999999999 23.397751968559586 22.93839107821608
341.5 23.399401484222352 22.93926762270383
342.0 23.401064659043186 22.940145753535237
342.4999999999999 23.40271425759608 22.941026050773363
343.0 23.404372740525655 22.941906916327607
343.5 23.406035702769607 22.94277976558916
343.9999999999999 23.407681596491447 22.943669131727482
344.5 23.40934904895156 22.94453685959028
345.0 23.411014704779504 22.945410064544735
345.4999999999999 23.41265899940954 22.946286404786726
346.0 23.414333479503465 22.94717346587534
346.5 23.415988205684336 22.94804777742975
346.9999999999999 23.41765964808578 22.948929445537015
347.5 23.419331025860973 22.949802437856608
348.0 23.42099593755291 22.950703580343074
348.4999999999999 23.422667492226026 22.951577958385915
349.0 23.424340749728923 22.95247755228936
349.5 23.426001428511366 22.953354400411023
349.9999999999999 23.42767598714801 22.95424472888047
350.5 23.429347307629005 22.955139361306713
351.0 23.431020138110412 22.95602574806438
351.4999999999999 23.432701651115437 22.956926640995935
352.0 23.43437190804741 22.957821894253566
352.5 23.436047104424453 22.958723329789166
352.9999999999999 23.437728258199982 22.959617092340675
353.5 23.439410467589386 22.96051737943365
354.0 23.44109779881826 22.961409685204067
354.4999999999999 23.44277550855641 22.962312296496044
355.0 23.44445337756973 22.963211002987105
355.5 23.446143626968233 22.96412089378437
355.9999999999999 23.44783025646371 22.96501769624149
356.5 23.449520313980123 22.96591939564626
357.0 23.451201635736005 22.96682678804501
357.4999999999999 23.452897741028732 22.967729212654806
358.0 23.454576034765555 22.968633416971507
358.5 23.456268460004566 22.969546522816458
358.9999999999999 23.45797516177648 22.97045878571527
359.5 23.45965812597771 22.971366698059008
360.0 23.461355854503477 22.97226888082015
360.4999999999999 23.463056562114232 22.973175632342425
361.0 23.46474794845944 22.974091352206965
361.5 23.46644975784737 22.974996356477973
361.9999999999999 23.46813849480075 22.975909202682196
362.5 23.469849835331903 22.976811393343347
363.0 23.47155932016266 22.97772394136161
363.4999999999999 23.473246633326887 22.978635762663878
364.0 23.474964127745977 22.979546856926973
364.5 23.476673546429467 22.98045116701327
364.9999999999999 23.478379986291923 22.98136702888182
365.5 23.480095415735647 22.98228154114295
366.0 23.48179473920542 22.983193999291217
366.4999999999999 23.483507903374964 22.984102339374527
367.0 23.48521829975315 22.985011409064263
367.5 23.48692907337982 22.98591689202428
367.9999999999999 23.48865436214931 22.986823179337946
368.5 23.49036416726299 22.987737431424762
369.0 23.492089173540087 22.988649820488334
369.4999999999999 23.49380100551468 22.989558862486557
370.0 23.495532859005174 22.9904579333399
370.5 23.497248147398558 22.991377539496774
370.9999999999999 23.4989693237822 22.992283235065564
371.5 23.500699567752925 22.99319010702564
372.0 23.502428853175385 22.99409523362311
372.4999999999999 23.504148783517813 22.99499179441193
373.0 23.50589493356011 22.995900230051944
373.5 23.507610340215166 22.99681770355848
373.9999999999999 23.509342336046174 22.997709694659445
374.5 23.51108294408792 22.998609852206254
375.0 23.512828288240584 22.999515903512886
375.4999999999999 23.51455750377674 23.000402949944906
376.0 23.516280241844953 23.00131146636175
376.5 23.51802974964929 23.002208414652547
376.9999999999999 23.51976856298704 23.003104434441877
377.5 23.521494438895356 23.00400945949439
378.0 23.523250723839716 23.00488674636255
378.4999999999999 23.524993717094553 23.00579578986326
379.0 23.526742518625596 23.006693136007875
379.5 23.52847659286318 23.007585887811285
379.9999999999999 23.5302337891627 23.00847733809605
380.5 23.53198086612828 23.009370312652678
381.0 23.533730552743734 23.010260601278944
381.4999999999999 23.53547796655294 23.011158780296405
382.0 23.53722630666003 23.012049318200482
382.5 23.538983223627262 23.01294710247776
382.9999999999999 23.54075130421991 23.01383229961257
383.5 23.542492867815554 23.014722591725715
384.0 23.544247110886207 23.015624217058495
384.4999999999999 23.546014516938524 23.016510280235497
385.0 23.547769861619923 23.01740545454349
385.5 23.549519842160823 23.018294940575053
385.9999999999999 23.551286168678864 23.019178449963338
386.5 23.553046775966045 23.020074786807537
387.0 23.554815799218424 23.020963559858032
387.4999999999999 23.55658672218692 23.021852224498964
388.0 23.558353396961 23.02273854196691
388.5 23.560127010955505 23.02363353172536
389.0 23.561885435255675 23.024514465533237
389.5 23.563655242961147 23.025406598738382
390.0 23.565428587528277 23.026290763609246
390.5 23.567208505475836 23.027183339100507
391.0 23.56898376254329 23.028071192211364
391.5 23.570770493842087 23.028955005832785
392.0 23.572540120385636 23.02984890203806
392.5 23.574323468011062 23.030736366897685
393.0 23.576106328667898 23.03162599335057
393.5 23.577892565331034 23.032505682347946
394.0 23.579668120908384 23.033392636671927
394.5 23.58146603390866 23.034281091835958
395.0 23.58323988929701 23.035168591995344
395.5 23.585045684389094 23.036044103718115
396.0 23.586818598853412 23.036948286159365
396.5 23.58861915633163 23.037834581519824
397.0 23.590400336389227 23.038713927519858
397.5 23.592198362263453 23.039606295305894
398.0 23.594000679336496 23.04048444720592
398.5 23.595802263689805 23.041369051254534
399.0 23.59759705124148 23.042259206681216
399.5 23.599407302930885 23.04313952805879
400.0 23.60120297252079 23.04402930465391
400.5 23.603025881035457 23.04491200391808
401.0 23.60481362873857 23.045806103006406
401.5 23.606629364430226 23.04668571496903
402.0 23.608437542140898 23.047569173993388
402.5 23.61025480258985 23.048452777723732
403.0 23.612064242268573 23.049339300447013
403.5 23.61388141542076 23.050229737909923
404.0 23.615699743679365 23.05110709617578
404.5 23.61753305916151 23.051996695457447
405.0 23.619342289875455 23.052878655667488
405.5 23.621175945822444 23.053755381672445
406.0 23.623003691086048 23.054651695627353
406.5 23.624830791882808 23.055537715425967
407.0 23.626656644006587 23.056419538714643
407.5 23.62849215909842 23.05729706777363
408.0 23.630312277256678 23.058192557732113
408.5 23.632163053752862 23.05906630175815
409.0 23.63399082864828 23.059956570569376
409.5 23.63584355040377 23.06083990240768
410.0 23.63768789524448 23.061723595128115
410.5 23.639524186135084 23.062610723138405
411.0 23.641378415937893 23.0634951261623
411.5 23.643211312574273 23.06438025011568
412.0 23.645062245913305 23.065259414276163
412.5 23.646922564279564 23.066143203458523
413.0 23.64876328879709 23.067022811735978
413.5 23.65062002732728 23.067912514506443
414.0 23.65248255991993 23.06879395397558
414.5 23.65434291052578 23.069681344911096
415.0 23.656198497842812 23.07055637880522
415.5 23.65804833055924 23.07144324183501
416.0 23.659916222326515 23.072322536146444
416.5 23.661781589502695 23.07320301566616
417.0 23.66364357297545 23.074088557704343
417.5 23.665520965447087 23.07497139566445
418.0 23.66736736914509 23.075844156217563
418.5 23.66924841741316 23.07672882247659
419.0 23.67112442157822 23.07761363297493
419.5 23.672990544882108 23.078494616752202
420.0 23.674872247918657 23.07937195543937
420.5 23.67675363835381 23.080253413791873
421.0 23.67863834326165 23.08113624406824
421.5 23.680516125309943 23.082002164623848
422.0 23.68239374639678 23.08289679218314
422.5 23.6842906649505 23.083780099237114
423.0 23.68617281910447 23.084653373691594
423.5 23.688061796681737 23.085536530190957
424.0 23.68995410627403 23.086418676911507
424.5 23.69183461500151 23.087290477367976
425.0 23.69374115336017 23.08816649022981
425.5 23.69564140506686 23.08905484627761
426.0 23.697546483274014 23.08993244681441
426.5 23.69944544750345 23.090816590744776
427.0 23.701332410930434 23.091687173561223
427.5 23.703246843483466 23.09256208095341
428.0 23.705160302454512 23.093437775455623
428.5 23.707073195673733 23.094320399996814
429.0 23.708980000574364 23.095204333569505
429.5 23.710896406987413 23.096084936890826
430.0 23.712809438284964 23.096954693424642
430.5 23.714729412157634 23.09783675054514
431.0 23.716658253379023 23.0987216500902
431.5 23.718575884966175 23.099590478363897
432.0 23.720498136260417 23.10046755964354
432.5 23.722424279970294 23.10135207923604
433.0 23.72435438671208 23.102226654253393
433.5 23.726285181462032 23.103105353900972
434.0 23.72822271394937 23.10399262761981
434.5 23.730151736149857 23.104857203554797
435.0 23.7320869061258 23.10573110401537
435.5 23.734040007104632 23.1066142654241
436.0 23.735987542222794 23.107485045711805
436.5 23.737933421084378 23.108382062538276
437.0 23.739883177714663 23.109252577776065
437.5 23.74182899575092 23.110124725894813
438.0 23.74377864152603 23.111005870401616
438.5 23.745735743698194 23.111889702499347
439.0 23.747683908762234 23.112761753039184
439.5 23.749662872526287 23.113640540979222
440.0 23.751631000194024 23.11451419187491
440.5 23.753581753834116 23.115393131529288
441.0 23.755558778233066 23.11627432860472
441.5 23.757526523650697 23.117149347457687
442.0 23.759503906142122 23.118025902669142
442.5 23.76147118890525 23.118906753600605
443.0 23.76346070821461 23.11978595945766
443.5 23.76543812470689 23.12066098199775
444.0 23.767415035749053 23.121541388839354
444.5 23.769395673321636 23.122419278881786
445.0 23.771395130065976 23.12329816077638
445.5 23.77338232089054 23.12418436127032
446.0 23.775381411222742 23.12506155301783
446.5 23.777372387979288 23.125933442602822
447.0 23.779375281313865 23.126809982912995
447.5 23.78137410271745 23.12768680433816
448.0 23.783386075873686 23.128563379758607
448.5 23.785395173313503 23.12943607601487
449.0 23.78740799930747 23.130317732173044
449.5 23.78940839079883 23.131193443659782
450.0 23.791428494605277 23.13206844856436
450.5 23.793445662309548 23.13295034542854
451.0 23.795459883240042 23.133831644756555
451.5 23.797469234081902 23.134704707555365
452.0 23.799512885483452 23.135585329490258
452.5 23.801527575774493 23.136456703046207
453.0 23.803561812827148 23.137337198390163
453.5 23.80558548505985 23.138212759808123
454.0 23.80761847620722 23.139090862404018
454.5 23.809658520403545 23.139970144473693
455.0 23.81170263889034 23.14085049076395
455.5 23.813737875543367 23.141716290955756
456.0 23.815779143745637 23.14260025316299
456.5 23.817825940846387 23.143470028393814
457.0 23.819887210248293 23.14433729197426
457.5 23.821940744897198 23.145212345962317
458.0 23.82399281653077 23.146101128829013
458.5 23.826035557697697 23.146972077971935
459.0 23.828106006021663 23.14784772103495
459.5 23.83016706723454 23.14871947829073
460.0 23.832243423895516 23.14960968628036
460.5 23.83429985820362 23.1504774351803
461.0 23.836377809873078 23.151354453888477
461.5 23.83843557561478 23.152225817939257
462.0 23.840526665601146 23.153109513937373
462.5 23.84260427409895 23.153977111905853
463.0 23.844674200189935 23.154847196686816
463.5 23.846766866999353 23.155723523994443
464.0 23.848844012430263 23.156603817970435
464.5 23.850931459028466 23.157479318839393
465.0 23.853032392550787 23.15834929229496
465.5 23.855117357496518 23.159219132890758
466.0 23.857221723470538 23.160092979665162
466.5 23.85932745566204 23.16097981038427
467.0 23.861420944843296 23.161850286309882
467.5 23.863529157293826 23.16272692355377
