FastTrWP/PhaseSpace/IAs/snIa_0.68_30.00_0.26_0.02.csv
# %ECSV 0.9
# ---
# datatype:
# - {name: time-rel, datatype: float64}
# - {name: g, datatype: float64}
# - {name: i, datatype: float64}
# schema: astropy-2.0
time-rel g i
[from data line 1431]
281.5 24.66033250210884 22.295570389960133
281.9999999999999 24.662079514846074 22.296016950965946
282.5 24.663818426472005 22.296474842568553
283.0 24.665577731102406 22.296933603089187
283.4999999999999 24.667306423804895 22.297399686573648
284.0 24.66908078972288 22.297868517006783
284.5 24.670831811187952 22.298336594900885
284.9999999999999 24.67260655882155 22.298813096192973
285.5 24.674354295338475 22.299279914210807
286.0 24.67611862938923 22.299746948139706
286.4999999999999 24.67788137393583 22.300223435867892
287.0 24.679675961842676 22.300701752127743
287.5 24.681443720719862 22.301171617688208
287.9999999999999 24.68319653824263 22.301657937789265
288.5 24.684989827739457 22.302131022070736
289.0 24.686773028260927 22.302615924367558
289.4999999999999 24.688525325088012 22.303099722424058
290.0 24.690320826844907 22.30359059159867
290.5 24.69208776374506 22.30407736152951
290.9999999999999 24.693895883620392 22.304566594449376
291.5 24.695665757682367 22.30505567688208
292.0 24.69744882436878 22.305544970264627
292.4999999999999 24.699235012577418 22.306043943616768
293.0 24.70103420578735 22.306537067354448
293.5 24.702824014560036 22.307040608162456
293.9999999999999 24.704623261677604 22.307534961235067
294.5 24.706415083333127 22.308041501399096
295.0 24.708219367424512 22.308537541652292
295.4999999999999 24.710008049904584 22.309050954142474
296.0 24.71181487905777 22.309549748692284
296.5 24.713620166227273 22.310058341703048
296.9999999999999 24.7154172047788 22.310559133091573
297.5 24.71720952202311 22.31107431308251
298.0 24.719026392043297 22.31158495539791
298.4999999999999 24.720827101250784 22.312096801661667
299.0 24.722623629060905 22.312609721034868
299.5 24.72446216235511 22.31311775082572
299.9999999999999 24.72625589765141 22.31363862788242
300.5 24.728057023019687 22.314158713098333
301.0 24.729874526925858 22.314674941751353
301.4999999999999 24.73168909428422 22.315186966396162
302.0 24.73350196418465 22.31571283196846
302.5 24.73529493441317 22.316232530194824
302.9999999999999 24.737143361207302 22.316755695440488
303.5 24.738933161194442 22.317279065865613
304.0 24.740757746200487 22.31781025581398
304.4999999999999 24.742587736517983 22.318333613722764
305.0 24.74440314318999 22.318863062213165
305.5 24.746243270816812 22.31939032984469
305.9999999999999 24.748021441022473 22.31991896814359
306.5 24.74984712449849 22.320457401363374
307.0 24.751690329968508 22.320980530240778
307.4999999999999 24.75349559901091 22.321515906197085
308.0 24.75530855765518 22.322048835282814
308.5 24.75712484180241 22.32258138010183
308.9999999999999 24.75896511554523 22.323122441269586
309.5 24.760783015426448 22.323649953352312
310.0 24.762598115950688 22.324196279303365
310.4999999999999 24.764433402449384 22.324733224978296
311.0 24.766241347650578 22.325272709664517
311.5 24.768068383344215 22.32580640428059
311.9999999999999 24.769892339877032 22.326348231704962
312.5 24.771719829326265 22.326884998004534
313.0 24.773555616770256 22.327431339944805
313.4999999999999 24.775370742192546 22.327975415146785
314.0 24.77718226308862 22.328517649482347
314.5 24.77900494999011 22.329064958030095
314.9999999999999 24.78084074936877 22.329605953903897
315.5 24.782641941853363 22.330151009229965
316.0 24.784468454063248 22.33069568218001
316.4999999999999 24.786301052563125 22.331244255998314
317.0 24.78810572803046 22.331789010588594
317.5 24.789908182237706 22.33233536553932
317.9999999999999 24.791751598431333 22.332885934014868
318.5 24.793564612862045 22.333435820145752
319.0 24.795400421627022 22.333982762827823
319.4999999999999 24.797197709705465 22.334529222871453
320.0 24.799014015637315 22.335081990275828
320.5 24.800824287635727 22.33563067833356
320.9999999999999 24.802635134258328 22.336185179346046
321.5 24.80445389776795 22.336737947573493
322.0 24.806282315478448 22.33729206958545
322.4999999999999 24.808095663408164 22.33784921944379
323.0 24.809933143657364 22.338410193201483
323.5 24.811747464174037 22.338964388396512
323.9999999999999 24.813558982275566 22.339528283003073
324.5 24.815359034796295 22.340081136915174
325.0 24.817197008842797 22.34064424961168
325.4999999999999 24.819009546994685 22.341214371621394
326.0 24.820828309992503 22.3417797262228
326.5 24.822644741612713 22.342340340664446
326.9999999999999 24.824461970099975 22.34290349565091
327.5 24.82628748558014 22.343475115335597
328.0 24.828093100614094 22.34404611116237
328.4999999999999 24.82994011608605 22.34461333978084
329.0 24.831769939257228 22.345188320310537
329.5 24.833588270820762 22.345760265989156
329.9999999999999 24.835370313760453 22.346331625583595
330.5 24.83724402850829 22.346903788138412
331.0 24.83905672398454 22.347479627950445
331.4999999999999 24.840873917022286 22.348054147272634
332.0 24.842691009024453 22.34863829863388
332.5 24.844515851238782 22.34921498515581
332.9999999999999 24.84633633215674 22.349795775981324
333.5 24.84816879953947 22.35037688327529
334.0 24.84997047529792 22.350957879002
334.4999999999999 24.85181570667335 22.351543096938368
335.0 24.853641030602603 22.35212428760026
335.5 24.855467344650783 22.352710302697155
335.9999999999999 24.857296042733754 22.35329609465936
336.5 24.859120027657603 22.35387712782554
337.0 24.86094468841805 22.354469801288413
337.4999999999999 24.862787130629485 22.355061859106264
338.0 24.86458804220934 22.35565358974588
338.5 24.86644736101234 22.356236578554164
338.9999999999999 24.868268312248 22.35683609780959
339.5 24.870089348156238 22.35743322824197
340.0 24.871927782905207 22.358025443326206
340.4999999999999 24.873737465564684 22.35861954258325
341.0 24.875577989699458 22.359215245751926
341.5 24.87739612068176 22.359809506511997
341.9999999999999 24.879240291649584 22.36041260150012
342.5 24.88105975078993 22.361003586166262
343.0 24.882890716667777 22.361605465113964
343.4999999999999 24.88472149653073 22.362210133900323
344.0 24.886538515689736 22.362812096895862
344.5 24.888363977952128 22.36342009582532
344.9999999999999 24.89019250942635 22.364019803489164
345.5 24.892011593127286 22.364624849830136
346.0 24.893851932905417 22.3652303042675
346.4999999999999 24.895676671733654 22.365836307254515
347.0 24.897502547821098 22.366440358714076
347.5 24.89933189808529 22.36705100564075
347.9999999999999 24.901152852197285 22.367659182963408
348.5 24.90299049505973 22.368271520456695
349.0 24.904799910680616 22.368881208219594
349.4999999999999 24.90665170753325 22.36949317320804
350.0 24.908470193886707 22.370106738706752
350.5 24.91031439476991 22.37072179548004
350.9999999999999 24.91214692355031 22.37133297094909
351.5 24.91395682000939 22.37194933115142
352.0 24.91578331393276 22.372562874506166
352.4999999999999 24.917618410260648 22.373182698789048
353.0 24.9194408428637 22.373797732085976
353.5 24.921270555306727 22.37441817345377
353.9999999999999 24.923091627835063 22.375033942700526
354.5 24.92494008354257 22.37565498455901
355.0 24.92676513608793 22.376276617627123
355.4999999999999 24.92858916621303 22.376899613288224
356.0 24.930413351407694 22.37752299151167
356.5 24.932236959513602 22.378148150298447
356.9999999999999 24.934076495035985 22.37876129253539
357.5 24.935889070384274 22.37938875190613
358.0 24.937708511847273 22.380012170533575
358.4999999999999 24.93954955383 22.38063902099006
359.0 24.94137929206267 22.381268475431952
359.5 24.94320412544078 22.381894751940226
359.9999999999999 24.945025719287695 22.38251872598984
360.5 24.94682934674546 22.3831508017999
361.0 24.948695902928634 22.383779316252443
361.4999999999999 24.950487001715224 22.384414676702914
362.0 24.952322554054916 22.385043598821582
362.5 24.954141051023374 22.385680932804924
362.9999999999999 24.955977113590375 22.386308965312484
363.5 24.957780315501843 22.386942786871185
364.0 24.959595198392698 22.387580077084618
364.4999999999999 24.961438332014446 22.388212803503063
365.0 24.963259129284406 22.388852592300935
365.5 24.965090994023246 22.389492723570225
365.9999999999999 24.966907081013446 22.390129089113664
366.5 24.968719339278962 22.390771185283732
367.0 24.97056355109498 22.391409021860156
367.4999999999999 24.97236781330265 22.39205589859308
368.0 24.97417682785105 22.392688996346983
368.5 24.97598894636281 22.393337922368396
368.9999999999999 24.977810176069262 22.393989436737414
369.5 24.979628184244245 22.394629145615838
370.0 24.981433553564045 22.395269971323497
370.4999999999999 24.983254843993713 22.395929752603095
371.0 24.985052959939765 22.396574247834245
371.5 24.986900834334705 22.39721965747374
371.9999999999999 24.988692831978035 22.397874152244306
372.5 24.990500068542225 22.39852929946498
373.0 24.99233940806039 22.399179251387107
373.4999999999999 24.994140474093832 22.399832264558917
374.0 24.99596806635708 22.40048597790644
374.5 24.997786619586194 22.401138130350297
374.9999999999999 24.999614376931465 22.401800606669937
375.5 25.001397346228508 22.402457855365814
376.0 25.003210607011898 22.40311308022352
376.4999999999999 25.005016499853102 22.403772657623996
377.0 25.006847910940508 22.404433561971835
377.5 25.008660402172225 22.405095983546424
377.9999999999999 25.010462625436773 22.405760816939363
378.5 25.012268675632804 22.40641961317516
379.0 25.014071016904875 22.407086418958407
379.4999999999999 25.01589079095986 22.40774731566419
380.0 25.017711623076128 22.4084149335757
380.5 25.019511547496 22.40908061061421
380.9999999999999 25.021351196595955 22.40974629067432
381.5 25.023152535110782 22.41042207958462
382.0 25.024944682335338 22.41109840236867
382.4999999999999 25.02675959482435 22.41175581567844
383.0 25.02857332820287 22.41243275837163
383.5 25.030381375679184 22.4131080217478
383.9999999999999 25.032167171148135 22.413778877939237
384.5 25.034003468268864 22.414454903385224
385.0 25.035815426188925 22.415128407139488
385.4999999999999 25.037612772899294 22.41580049292983
386.0 25.039413856995083 22.416483899133105
386.5 25.041233591040317 22.417156563742132
386.9999999999999 25.043051565596745 22.41784306960095
387.5 25.044840164204523 22.41852028642397
388.0 25.046653713803938 22.419197445724322
388.4999999999999 25.048492231808584 22.419872147557946
389.0 25.05028236812474 22.42056068545071
389.5 25.052090445290602 22.42124272115444
389.9999999999999 25.053881575577822 22.421932253078978
390.5 25.055687021008957 22.42261033337477
391.0 25.057512171450593 22.423300682733334
391.4999999999999 25.05932297741255 22.42399246652072
392.0 25.061111563401532 22.424683895390558
392.5 25.062918385548198 22.42536757430191
392.9999999999999 25.0647261627978 22.426061735660028
393.5 25.066546406421473 22.42675163356765
394.0 25.06835174203809 22.42743845412957
394.4999999999999 25.070157650006134 22.4281376609771
395.0 25.071943372968327 22.42883019207838
395.5 25.073800148728104 22.429527228813463
395.9999999999999 25.075583437634997 22.430220521018516
396.5 25.07740879528894 22.430921321846043
397.0 25.079189977601505 22.43161847387428
397.4999999999999 25.080987150946328 22.43231507457853
398.0 25.082818838637117 22.433017737344482
398.5 25.08462185348728 22.43371203414798
398.9999999999999 25.086412602155193 22.434413958370286
399.5 25.088206208400464 22.435119268509126
400.0 25.090035897601677 22.435820777063253
400.4999999999999 25.091838448036 22.436526149357302
401.0 25.093646725075974 22.437235968875807
401.5 25.095460510042184 22.43793858155747
401.9999999999999 25.097260965000242 22.438639962215262
402.5 25.099060207526346 22.4393495597602
403.0 25.100884137915834 22.440060888350196
403.4999999999999 25.10265625974283 22.440769296184307
404.0 25.10445002358246 22.441478288657144
404.5 25.106266843074813 22.44219295385236
404.9999999999999 25.10811188303962 22.442906202069675
405.5 25.109883098469197 22.443619122885924
406.0 25.111687425456655 22.444339608876763
406.4999999999999 25.11350623558919 22.44505653769781
407.0 25.11527467800702 22.445763584485313
407.5 25.117068549207524 22.446494706773265
407.9999999999999 25.118919434094412 22.44720988859678
408.5 25.12068283442035 22.447926530868042
409.0 25.12248010468759 22.448653624794076
409.4999999999999 25.124269423576905 22.44937529787659
410.0 25.126071539901844 22.450098596058325
410.5 25.12786828523219 22.450821285774424
410.9999999999999 25.129662997049387 22.451549907694215
411.5 25.13147358359735 22.452273943838193
412.0 25.133254658479522 22.453005548285866
412.4999999999999 25.135043569251458 22.45373222018786
413.0 25.136834172758373 22.45446003440474
413.5 25.13862596707027 22.455190550759163
413.9999999999999 25.140417256387014 22.455924535738433
414.5 25.142205189015083 22.45665174786954
415.0 25.144020233879697 22.45738845094865
415.4999999999999 25.14581597902503 22.45811912877404
416.0 25.147571033333644 22.45885502403275
416.5 25.149395553444684 22.459595059195685
416.9999999999999 25.151177767053294 22.460333960658673
417.5 25.152965087657538 22.46107131725939
418.0 25.154765107749455 22.461813277711155
418.4999999999999 25.15652952595369 22.46254973289168
419.0 25.15832963892833 22.46329272166299
419.5 25.160131567712387 22.464042990900722
419.9999999999999 25.16188161302432 22.46478029081925
420.5 25.16369401579137 22.46552648744625
421.0 25.1654733837614 22.466270807560495
421.4999999999999 25.167252251473954 22.467024642292785
422.0 25.16904901468483 22.467767546710764
422.5 25.170833031426373 22.468516656821226
422.9999999999999 25.17262349387558 22.469267511299833
423.5 25.174399462368072 22.470023114195577
424.0 25.17617307951827 22.47077395703759
424.4999999999999 25.17797360552158 22.471523726253615
425.0 25.17976732763364 22.472280546589637
425.5 25.181544172213496 22.473031552081917
425.9999999999999 25.183314811151316 22.473789096150547
426.5 25.185112231483615 22.474547042076264
427.0 25.18686118953543 22.475305913398312
427.4999999999999 25.188687724010453 22.47606955052339
428.0 25.190436731585187 22.476832708977724
428.5 25.19223166229501 22.47758177690114
428.9999999999999 25.194012605752675 22.47835084095009
429.5 25.195787825875588 22.479115210146354
430.0 25.197561050691615 22.479886378852257
430.4999999999999 25.19936471501243 22.48064579517181
431.0 25.201141844463294 22.481410234460274
431.5 25.20292436715949 22.482182842601787
431.9999999999999 25.204703823812768 22.482949200360395
432.5 25.206475738291857 22.483721078945166
433.0 25.208258974291606 22.484488783883773
433.4999999999999 25.21004546461284 22.485262949841896
434.0 25.211820941726998 22.48603209271814
434.5 25.213578543202328 22.48681138237325
434.9999999999999 25.21538634066183 22.487576952769505
435.5 25.217136723620488 22.488361516308668
436.0 25.21894653014572 22.489137082710613
436.4999999999999 25.220734825569618 22.489919256318686
437.0 25.22249189967113 22.49070517634822
437.5 25.224259535948093 22.49148488622289
437.9999999999999 25.226047961425063 22.492262033223504
438.5 25.227795897250523 22.493046629894383
439.0 25.229616272104266 22.493828722481886
439.4999999999999 25.231364232489323 22.49462038396151
440.0 25.233153005728248 22.495397994878775
440.5 25.234944229963915 22.496190840072387
440.9999999999999 25.236713692306992 22.496981626345747
441.5 25.238509502173457 22.497765025801534
442.0 25.240258048531228 22.49855671321685
442.4999999999999 25.242042327538122 22.499352076153833
443.0 25.24380961891907 22.500139958441707
443.5 25.2455855339368 22.50094039545017
443.9999999999999 25.247376235013622 22.50174384171546
444.5 25.249133254485795 22.502538881597317
445.0 25.25091771852609 22.503339460302175
445.4999999999999 25.25271653013595 22.504139800994874
446.0 25.25446359577115 22.504943629730164
446.5 25.256235770996884 22.50575410891193
446.9999999999999 25.257997162963676 22.50655264853229
447.5 25.259759341821166 22.50736661826673
448.0 25.26154383864078 22.50817558013573
448.4999999999999 25.2632962377346 22.508982833387293
449.0 25.26506280158066 22.50979920230837
449.5 25.266821520223242 22.510611897281724
449.9999999999999 25.268597825385957 22.51142481428005
