FastTrWP/PhaseSpace/IAs/snIa_0.64_30.00_-0.19_0.25.csv
# %ECSV 0.9
# ---
# datatype:
# - {name: time-rel, datatype: float64}
# - {name: g, datatype: float64}
# - {name: i, datatype: float64}
# schema: astropy-2.0
time-rel g i
[from data line 361]
-183.5 25.327174009959506 22.77291987689267
-183.00000000000006 25.32375202687373 22.770427683089896
-182.5 25.320299031831173 22.76794457732435
-182.0 25.31688785771083 22.765457613358322
-181.50000000000006 25.313475042691312 22.762981992326573
-181.0 25.310083903875125 22.760516234391236
-180.5 25.30676914156327 22.75806114953555
-180.00000000000006 25.30334287402878 22.75559903063934
-179.5 25.300001789035598 22.75315154051593
-179.0 25.296684347542136 22.750709665850017
-178.50000000000006 25.29335630741312 22.748278935899293
-178.0 25.290080821947207 22.74585015400546
-177.5 25.28676925398354 22.743441202585043
-177.00000000000006 25.283517359741033 22.741018719048213
-176.5 25.280262836221272 22.7386276701653
-176.0 25.277021676613266 22.73622682980111
-175.50000000000006 25.273810159804807 22.733838760965305
-175.0 25.270603197622357 22.731462754470172
-174.5 25.26741517910583 22.729090801616127
-174.00000000000006 25.264271625248895 22.72672190698282
-173.5 25.261126594231218 22.724372847994818
-173.0 25.25795938883103 22.722022715852034
-172.50000000000006 25.254883146306945 22.719686537558776
-172.0 25.251763280777734 22.71735430871837
-171.5 25.248715387099846 22.71503935949304
-171.00000000000006 25.245623946666026 22.712729505431884
-170.5 25.242569712264 22.710430749862173
-170.0 25.23957372827273 22.708130410082962
-169.50000000000006 25.236600975327338 22.705839713806256
-169.0 25.23360066095252 22.703577032140046
-168.5 25.230641012914596 22.701313054188546
-168.00000000000006 25.22768745465694 22.699049046781383
-167.5 25.224784289616974 22.696804449298995
-167.0 25.221848536175585 22.694558363021994
-166.50000000000006 25.218966908268868 22.692324435625302
-166.0 25.21603523659021 22.69009091516189
-165.5 25.213163862782054 22.687851347520542
-165.00000000000006 25.210286338781426 22.685631213536873
-164.5 25.207415783881867 22.68340174878692
-164.0 25.204504691198274 22.68118411343817
-163.50000000000006 25.201664505688626 22.678968292125973
-163.0 25.198796637358964 22.676762585342075
-162.5 25.195942633950864 22.674555281187008
-162.00000000000006 25.193134277911735 22.672358918580922
-161.5 25.19029153742312 22.670156560599963
-161.0 25.187474049114876 22.66797000586706
-160.50000000000006 25.18464002934703 22.665782979806824
-160.0 25.181838671071105 22.66360327574653
-159.5 25.179038446345604 22.661419357177866
-159.00000000000006 25.176259833700513 22.65924541262565
-158.5 25.173454089762465 22.65708178358924
-158.0 25.170681795568225 22.65491618288783
-157.50000000000006 25.16794618577949 22.652756869618756
-157.0 25.165201677905905 22.65060347484052
-156.5 25.162430075882114 22.648452420093786
-156.00000000000006 25.159710491863585 22.64631040971281
-155.5 25.15698016831668 22.644165452812743
-155.0 25.154260029602927 22.64203367343327
-154.50000000000006 25.151544211756466 22.63991086823338
-154.0 25.14884979116795 22.637785180834125
-153.5 25.146169585004188 22.635674110032085
-153.00000000000006 25.143517820293994 22.633555791648355
-152.5 25.140839024217293 22.63145100038217
-152.0 25.138193048560836 22.629348542467266
-151.50000000000006 25.135551594597768 22.627256227407678
-151.0 25.132906429401768 22.625165256502036
-150.5 25.130290579194433 22.623077249236722
-150.00000000000006 25.127695398055444 22.621004837759457
-149.5 25.125093423628194 22.618931084712518
-149.0 25.122483622185776 22.616861233686993
-148.50000000000006 25.11991668670538 22.61479786183475
-148.0 25.11733121095425 22.6127424973652
-147.5 25.114805775106042 22.610690768335765
-147.00000000000006 25.112254337613106 22.608659096256023
-146.5 25.10973176868895 22.606619191274696
-146.0 25.107198376101074 22.60458144748778
-145.50000000000006 25.104697401061884 22.602557497229053
-145.0 25.102190698770958 22.60053645086558
-144.5 25.099721443881414 22.598529212689016
-144.00000000000006 25.09725010377005 22.596515867813064
-143.5 25.094765474034407 22.594514383698513
-143.0 25.09233661714302 22.59252227865263
-142.50000000000006 25.089891039617633 22.590538115348174
-142.0 25.087479980965966 22.58855024852248
-141.5 25.08506636896767 22.58657403046535
-141.00000000000006 25.082673084050473 22.584603840395722
-140.5 25.080283773941318 22.582641638709084
-140.0 25.07791195106146 22.5806845313627
-139.50000000000006 25.075553626198722 22.57872832724705
-139.0 25.073205296603092 22.576791509433374
-138.5 25.070859786410097 22.574856028347632
-138.00000000000006 25.068554242320108 22.572928642131906
-137.5 25.066252180885698 22.571004167573143
-137.0 25.06394822428353 22.56908362763605
-136.50000000000006 25.06167142703887 22.567177492329854
-136.0 25.05943085099219 22.56527596159147
-135.5 25.057180672131395 22.563372821243313
-135.00000000000006 25.05492073930627 22.561488440830864
-134.5 25.052692535995227 22.559605472399888
-134.0 25.050483640492608 22.55773637688462
-133.50000000000006 25.048292407124023 22.55585971126589
-133.0 25.046097421867902 22.553996263330802
-132.5 25.043924808093134 22.55214780184252
-132.00000000000006 25.04176732993738 22.550297610541893
-131.5 25.039639071326953 22.54845749865791
-131.0 25.03750817362889 22.546621279133937
-130.50000000000006 25.035386154957394 22.544804101245525
-130.0 25.03328841282363 22.542979871425942
-129.5 25.03120729122056 22.541168686584683
-129.00000000000006 25.029136419222553 22.539362454931563
-128.5 25.02709335712497 22.537564466783607
-128.0 25.02506153067514 22.535773258137354
-127.50000000000006 25.023014768834358 22.533989883788188
-127.0 25.02101771025886 22.532210739988486
-126.5 25.01899967653939 22.530435229353035
-126.00000000000006 25.016982837295938 22.52866822648685
-125.5 25.015000268270153 22.526907858082748
-125.0 25.01301477592925 22.525149610367272
-124.50000000000006 25.011060169630824 22.523394997955823
-124.0 25.009094346797358 22.521650218145567
-123.5 25.00713384373071 22.51990395257254
-123.00000000000006 25.00520277024444 22.51817364221904
-122.5 25.003265684621624 22.51644258208625
-122.0 25.001356841871818 22.514714890879553
-121.50000000000006 24.999445053113377 22.51298587067963
-121.0 24.99752629316348 22.51127504883143
-120.5 24.995616032443078 22.50956637831441
-120.00000000000006 24.99376411869347 22.50786111323208
-119.5 24.991886156832933 22.506161418799465
-119.0 24.99003524148555 22.50446615112414
-118.50000000000006 24.988168215227113 22.50278028498989
-118.0 24.986324773361986 22.501096398847118
-117.5 24.9844903075895 22.49941514194415
-117.00000000000006 24.98267559372238 22.497741507795407
-116.5 24.98085775360931 22.496069380625446
-116.0 24.979042847211353 22.49441177850334
-115.50000000000006 24.977234202346192 22.492753199949398
-115.0 24.9754873915334 22.491095648503702
-114.5 24.973688053665825 22.4894493967313
-114.00000000000006 24.971925118281536 22.48780043439924
-113.5 24.970168843555992 22.486172684146432
-113.0 24.96842252716782 22.484536722658955
-112.50000000000006 24.96670543092719 22.48290949813494
-112.0 24.96494975556285 22.481281314159446
-111.5 24.963246981080864 22.47966915617862
-111.00000000000006 24.961531298057263 22.4780584092937
-110.5 24.959824883565137 22.476446444892627
-110.0 24.95813488860876 22.474841634230017
-109.50000000000006 24.95645373886707 22.47324822331731
-109.0 24.954783013668642 22.47165852586862
-108.5 24.953109296293086 22.470065422344852
-108.00000000000006 24.951458336728543 22.468487833846574
-107.5 24.94981571268403 22.466903000040283
-107.0 24.94818481250343 22.46533442225846
-106.50000000000006 24.94655377696034 22.46376442550282
-106.0 24.944943230617547 22.462197837512182
-105.5 24.94331265421377 22.460641449141107
-105.00000000000006 24.941741516687394 22.459087488081142
-104.5 24.94016853895905 22.457544733514254
-104.0 24.93856141266676 22.456005187185866
-103.50000000000006 24.93701866208683 22.454459991719045
-103.0 24.935452876848572 22.45292801732195
-102.5 24.933885199040404 22.451397846820285
-102.00000000000006 24.93234828041071 22.449871987122656
-101.5 24.93081129515083 22.4483506902098
-101.0 24.92930730498148 22.446841875547495
-100.50000000000006 24.927769243121617 22.445340112838075
-100.0 24.92627237603818 22.443825417921413
-99.5 24.924771427949768 22.442328036393135
-99.00000000000006 24.923293561363625 22.44083089156814
-98.5 24.921835105639346 22.43933760896162
-98.0 24.920342087944277 22.43785848522367
-97.50000000000006 24.918868406292958 22.436380920326688
-97.0 24.917429289615264 22.43490046564876
-96.5 24.91597526156727 22.433434467104192
-96.00000000000006 24.914552700745713 22.431966762313962
-95.5 24.913137807639206 22.430502939813884
-95.0 24.91172828247209 22.42905073971579
-94.50000000000006 24.910313617101245 22.427597689043846
-94.0 24.908899472611303 22.426147986027484
-93.5 24.90752050475629 22.424705921302905
-93.00000000000006 24.906152993935113 22.42326949559089
-92.5 24.904781508929666 22.42184155393741
-92.0 24.903429852530316 22.420408646825468
-91.50000000000006 24.90206587226392 22.418976204272994
-91.0 24.900737634829024 22.417563868683487
-90.5 24.899410150539293 22.41615215343216
-90.00000000000006 24.898076267677563 22.414743855946778
-89.5 24.896762654086952 22.413337541104674
-89.0 24.895461575128053 22.411936442061332
-88.50000000000006 24.89415731894813 22.41053513424835
-88.0 24.892893101034517 22.40914564577954
-87.5 24.891590607098713 22.40776237923283
-87.00000000000006 24.890297081528068 22.406378940901405
-86.5 24.88903639831639 22.405002350116234
-86.0 24.88778491845053 22.403622239895892
-85.50000000000006 24.886527132394676 22.40225155939804
-85.0 24.885285902929397 22.400879742969924
-84.5 24.884035509923038 22.39950892419891
-84.00000000000006 24.882826351709472 22.39815593955383
-83.5 24.88157353970976 22.39680261685233
-83.0 24.880363739668667 22.39545966885867
-82.50000000000006 24.87915232413789 22.394098340616253
-82.0 24.87797730672424 22.39275493352677
-81.5 24.87678044463099 22.391420958944217
-81.00000000000006 24.875599568681142 22.390091222841164
-80.5 24.87441713292041 22.38876125100773
-80.0 24.873250178250238 22.387429428729824
-79.50000000000006 24.872097799533943 22.386111476134445
-79.0 24.87091829687078 22.384798348739352
-78.5 24.869777233822354 22.38347811487191
-78.00000000000006 24.868627933917658 22.382160745138382
-77.5 24.867522824565977 22.38085523828632
-77.0 24.866376268782076 22.37955394859398
-76.50000000000006 24.865283756638995 22.378260391267276
-76.0 24.86417044216727 22.376969242994775
-75.5 24.863058864986293 22.375681586446085
-75.00000000000006 24.86197476554945 22.374393216829446
-74.5 24.86087672036455 22.37311310384745
-74.0 24.859816866200703 22.37182943969359
-73.50000000000006 24.85874298532847 22.370563722113612
-73.0 24.857694613203375 22.369289405275943
-72.5 24.85663197595658 22.36802240388647
-72.00000000000006 24.855579326878804 22.366773586987293
-71.5 24.854547141289892 22.365509605072443
-71.0 24.853524343748767 22.364248075594695
-70.50000000000006 24.85248182237841 22.362997878661997
-70.0 24.851476976945026 22.361764319628303
-69.5 24.850460569768806 22.360515029642
-69.00000000000006 24.84946463427359 22.359283665364845
-68.5 24.84845966050881 22.35805359456866
-68.0 24.84750250467353 22.356818449511383
-67.50000000000006 24.84651157985075 22.355595431698173
-67.0 24.845534994570073 22.35437141722951
-66.5 24.844573921680873 22.353154492810617
-66.00000000000006 24.843620425951038 22.351948276072463
-65.5 24.842689900609003 22.350734657812396
-65.0 24.84174458243626 22.34953417496774
-64.50000000000006 24.840832964835307 22.34833260074644
-64.0 24.83991086209262 22.34713855542597
-63.5 24.83900140415683 22.345945280492888
-63.00000000000006 24.838067975100554 22.344758722416614
-62.5 24.83719677756792 22.34357019238436
-62.0 24.836279610497165 22.342395633753256
-61.50000000000006 24.835435264061854 22.341220279092454
-61.0 24.83455368888567 22.34005000343728
-60.5 24.83369638215064 22.33887623682181
-60.0 24.832837514624984 22.337718514795167
-59.5 24.83197659548354 22.336549958939116
-59.0 24.83114366697421 22.33540510022758
-58.5 24.83028373344021 22.33424962819082
-58.0 24.82950150331242 22.333102822154032
-57.5 24.82866653134753 22.33195760780477
-57.0 24.827847887413558 22.33081673815128
-56.5 24.827058646318516 22.329681783341297
-56.0 24.826252056448297 22.328555691969694
-55.5 24.825488397698194 22.327423716959295
-55.0 24.824720838015896 22.326298197310336
-54.5 24.823935581543502 22.325191264916448
-54.0 24.82317726054098 22.324065065055944
-53.5 24.822430329760756 22.322966552837357
-53.0 24.821672662024355 22.321860348843728
-52.5 24.8209499364252 22.320754569889143
-52.0 24.820220189745456 22.319656516328944
-51.5 24.819511333637713 22.318560337524083
-51.0 24.818809810976845 22.317474329901774
-50.5 24.818096387216578 22.31638609465213
-50.0 24.817396588150725 22.31530756024145
-49.5 24.816725166316147 22.31422812443587
-49.0 24.81603805277632 22.313147500687617
-48.5 24.815370079314715 22.31208693385842
-48.0 24.81471689801158 22.311019297935466
-47.5 24.814054784420915 22.30994986583009
-47.0 24.813410004884858 22.308894667602985
-46.5 24.81278918954855 22.30783921986582
-46.0 24.812167290777776 22.306789115632156
-45.5 24.8115401705774 22.305744429469204
-45.0 24.810929145029025 22.304699910646832
-44.5 24.81032027749134 22.30365971248652
-44.0 24.809731984722653 22.302616066188573
-43.5 24.809142132165164 22.301584294696937
-43.0 24.808550504416758 22.30055337125141
-42.5 24.807984470708753 22.299523782907396
-42.0 24.807425117082907 22.298508286164854
-41.5 24.80687733050887 22.29748889615033
-41.0 24.80630547621748 22.296470229466397
-40.5 24.805777506219865 22.29545692687022
-40.0 24.805241447725326 22.294448825786244
-39.5 24.804720164232247 22.293444134326133
-39.0 24.804214886842555 22.292440539044186
-38.5 24.803683164676716 22.291441397706336
-38.0 24.803204111512358 22.290440968074318
-37.5 24.802685055336802 22.289457503216795
-37.0 24.802206086070502 22.288469188355485
-36.5 24.801730506838826 22.287481878124535
-36.0 24.801242146684626 22.286505751688672
-35.5 24.800790464184985 22.285530909805082
-35.0 24.800306940699528 22.28455870688295
-34.5 24.799843893738753 22.283592899945127
-34.0 24.799421172272478 22.282622192952076
-33.5 24.798969087576562 22.281656384777868
-33.0 24.79854130773367 22.280699271543646
-32.5 24.798116128377167 22.279747432144028
-32.0 24.7977042054638 22.278791456288182
-31.5 24.797292631693576 22.277845042078166
-31.0 24.7968813417739 22.276900841324707
-30.5 24.79648843010059 22.275956232683434
-30.0 24.796074206838714 22.27502042400687
-29.5 24.79570933073765 22.27408704566754
-29.0 24.795343735152375 22.273160141557668
-28.5 24.79496880087751 22.272224896224774
-28.0 24.79461111423783 22.271301777322662
-27.5 24.79423386034984 22.270378644286424
-27.0 24.793879823289405 22.269465799478922
-26.5 24.79353439157859 22.268553776810958
-26.0 24.793207971710395 22.267642351342705
-25.5 24.792886454844272 22.266732953901503
-25.0 24.792551601673797 22.265833406637018
-24.5 24.79223627837723 22.264932551506156
-24.0 24.79191335506705 22.264035962227094
-23.5 24.79161873238727 22.26314363061455
-23.0 24.791316893597248 22.262252812058176
-22.5 24.791016651014985 22.261363177999463
-22.0 24.79074374366606 22.260485457594754
-21.5 24.79044822740218 22.25959896552527
-21.0 24.790174667709174 22.258727856855213
-20.5 24.789899883240647 22.257852465192837
-20.0 24.78964375133311 22.25699018465584
-19.5 24.789379472749253 22.256118103681295
-19.0 24.78913248370322 22.255251776142316
-18.5 24.788862245614606 22.254399811149423
-18.0 24.788643049868206 22.25354433483224
-17.5 24.788418416891492 22.252687677544756
-17.0 24.788197640490353 22.251839566714054
-16.5 24.78797867020345 22.250997507942152
-16.0 24.787737430994635 22.25015294240304
-15.5 24.787524106457404 22.249312125177838
-15.0 24.787349430281715 22.248483649553528
-14.5 24.787115607829126 22.247648598337086
-14.0 24.786923670961553 22.246819138731006
