FastTrWP/PhaseSpace/IAs/snIa_0.54_30.00_0.53_-0.02.csv
# %ECSV 0.9
# ---
# datatype:
# - {name: time-rel, datatype: float64}
# - {name: g, datatype: float64}
# - {name: i, datatype: float64}
# schema: astropy-2.0
time-rel g i
[from data line 864]
558.1666666666666 23.34643391390366 22.454199481727937
558.6666666666666 23.346617315334342 22.45365416949592
559.1666666666666 23.346796778333893 22.453104535385986
559.6666666666666 23.346990556859353 22.452571524026858
560.1666666666666 23.347190944574937 22.452036734712376
560.6666666666666 23.347409474576843 22.45149303390207
561.1666666666666 23.34762262705901 22.45096644228754
561.6666666666666 23.34783516415637 22.45043201972789
562.1666666666666 23.348062304526287 22.449912193494317
562.6666666666666 23.348299057638314 22.44940031328731
563.1666666666666 23.348543918514043 22.448872797626336
563.6666666666666 23.348787024001545 22.44835059545221
564.1666666666666 23.349041522887397 22.447842651478926
564.6666666666666 23.34929708822017 22.447326015267354
565.1666666666666 23.349559006206885 22.446809035106156
565.6666666666666 23.34982592544632 22.44630965902582
566.1666666666666 23.35010003133158 22.4458011951219
566.6666666666666 23.350368652824045 22.445294783881305
567.1666666666666 23.35065891980619 22.444791386488095
567.6666666666666 23.350947256565608 22.44430249067633
568.1666666666666 23.351232878252862 22.443810540615466
568.6666666666666 23.35151963960877 22.443309992035523
569.1666666666666 23.351831641692304 22.442828299026317
569.6666666666666 23.352139150105742 22.442328488831112
570.1666666666666 23.35244290162397 22.441841898860943
570.6666666666666 23.35275246107267 22.44135956899457
571.1666666666666 23.353068157126362 22.440877334135774
571.6666666666666 23.353390774325028 22.440397893788333
572.1666666666666 23.35371100194383 22.439913801908915
572.6666666666666 23.354041174095542 22.439440191520777
573.1666666666666 23.3543798994763 22.43896926360222
573.6666666666666 23.354702221628713 22.4384928179891
574.1666666666666 23.35503387068823 22.438020725194367
574.6666666666666 23.355376141229982 22.437549266267585
575.1666666666666 23.35572082334597 22.43708362319815
575.6666666666666 23.356052477810152 22.436618348505792
576.1666666666666 23.35640025838864 22.436150060605378
576.6666666666666 23.35675277004638 22.435680644498245
577.1666666666666 23.357096555683334 22.43522059385816
577.6666666666666 23.35744454016245 22.43475832015209
578.1666666666666 23.357793632240963 22.434301697330497
578.6666666666666 23.35816017350371 22.433843002543604
579.1666666666666 23.358508459416075 22.43338371449294
579.6666666666666 23.358866622371917 22.432928077755317
580.1666666666666 23.35922702522776 22.43246933559621
580.6666666666666 23.35958789661263 22.43202190924872
581.1666666666666 23.359956525313315 22.43156681791484
581.6666666666666 23.360312171322775 22.431116630847086
582.1666666666666 23.36067364863776 22.430661937393637
582.6666666666666 23.361020358505343 22.43021903544083
583.1666666666666 23.36139169216354 22.429767857705652
583.6666666666666 23.36175218478499 22.429318624304035
584.1666666666666 23.362122516296076 22.428876243370492
584.6666666666666 23.362485627561934 22.428423329774457
585.1666666666666 23.36284606498151 22.427979419442757
585.6666666666666 23.363207633003565 22.427537936027644
586.1666666666666 23.363566860760624 22.427090304860485
586.6666666666666 23.363950282143932 22.42664863562984
587.1666666666666 23.36431447009179 22.426217487467444
587.6666666666666 23.364694435570552 22.425773601596006
588.1666666666666 23.365066668812318 22.425336416402363
588.6666666666666 23.365462021048437 22.42490341016094
589.1666666666666 23.36584288290731 22.4244696044623
589.6666666666666 23.36623112959487 22.424042317619314
590.1666666666666 23.36662423146946 22.423606654079876
590.6666666666666 23.367011487919903 22.423176981063136
591.1666666666666 23.367407452071593 22.422756539775808
591.6666666666666 23.367822682071203 22.42232903216225
592.1666666666666 23.36820523743327 22.421901879798753
592.6666666666666 23.36862283365025 22.42147917749273
593.1666666666666 23.369039484089488 22.421060042184
593.6666666666666 23.369447578737713 22.420650046435455
594.1666666666666 23.369868660013047 22.42022764229723
594.6666666666666 23.370287016150982 22.419816229445026
595.1666666666666 23.370720945624747 22.41939936855317
595.6666666666666 23.37112948809327 22.418991102468823
596.1666666666666 23.371555977776094 22.41857849126856
596.6666666666666 23.372001547721606 22.418169491559592
597.1666666666666 23.3724233939952 22.417766569751926
597.6666666666666 23.372878091521393 22.4173556171001
598.1666666666666 23.373307715330384 22.41695682483803
598.6666666666666 23.37375501796381 22.41654909333251
599.1666666666666 23.374201209596954 22.416155199297016
599.6666666666666 23.374658266486286 22.41576160336478
600.1666666666666 23.375117028193586 22.41536435851817
600.6666666666666 23.375584967551404 22.414971720422685
601.1666666666666 23.376032735774054 22.414568660086772
601.6666666666666 23.376501101677395 22.414180713626855
602.1666666666666 23.376976904564167 22.413797880820077
602.6666666666666 23.377442264782058 22.41340462957622
603.1666666666666 23.37792348515791 22.413029416867325
603.6666666666666 23.378393765221173 22.412640656139587
604.1666666666666 23.378876849791205 22.412259567586595
604.6666666666666 23.379369929967787 22.411873033549337
605.1666666666666 23.379845369888702 22.41149204656001
605.6666666666666 23.380339372748633 22.41112401752496
606.1666666666666 23.38083708669735 22.410741529243843
606.6666666666666 23.38133148303576 22.410370541079395
607.1666666666666 23.381838828280284 22.410001861780884
607.6666666666666 23.38234852305037 22.409627303421914
608.1666666666666 23.382857911329666 22.40925728674746
608.6666666666666 23.383370638543028 22.40890174964397
609.1666666666666 23.38388314323632 22.408533639063233
609.6666666666666 23.38441055086921 22.40817488208199
610.1666666666666 23.384924869833654 22.407815036896416
610.6666666666666 23.385451362523675 22.407454353277938
611.1666666666666 23.385989016512717 22.407104698074278
611.6666666666666 23.38652485413061 22.406741107109198
612.1666666666666 23.38705020179075 22.406390526041253
612.6666666666666 23.38759904292185 22.40603466452267
613.1666666666666 23.388153570941807 22.405690097536322
613.6666666666666 23.388699514952144 22.405344581220614
614.1666666666666 23.3892459320594 22.404996281687044
614.6666666666666 23.389806077345593 22.40465891418751
615.1666666666666 23.39036708354798 22.404308590428585
615.6666666666666 23.39091892874766 22.403971205207224
616.1666666666666 23.391491035415406 22.403634954625588
616.6666666666666 23.39206472917939 22.40329855569825
617.1666666666666 23.39263714671462 22.40296916730374
617.6666666666666 23.39321282537957 22.40263562035964
618.1666666666666 23.393791380210622 22.40230892475013
618.6666666666666 23.39437300306845 22.40197864855741
619.1666666666666 23.394973820526964 22.401656365348913
619.6666666666666 23.395565802980904 22.401329936553438
620.1666666666666 23.396150384607786 22.40099606050217
620.6666666666666 23.396758646358087 22.400686058106736
621.1666666666666 23.397373295335683 22.40036839980549
621.6666666666666 23.39797398978969 22.40005331963012
622.1666666666666 23.398588156979294 22.399730503127362
622.6666666666666 23.39919288009375 22.399422490082483
623.1666666666666 23.399819186034385 22.39911382208072
623.6666666666666 23.400426840266952 22.398799327601367
624.1666666666666 23.401065496399667 22.398492108587654
624.6666666666666 23.401695771612022 22.398197202973282
625.1666666666666 23.402328657911156 22.397883263229232
625.6666666666666 23.402963405418745 22.397581212081565
626.1666666666666 23.40360802281239 22.397281711387006
626.6666666666666 23.404243625153782 22.396986705280103
627.1666666666666 23.404897485757704 22.396689287583705
627.6666666666666 23.405551611213795 22.396391693742352
628.1666666666666 23.406210024390617 22.396100135729426
628.6666666666666 23.40686448190194 22.39580948974661
629.1666666666666 23.407528660589563 22.395512717236194
629.6666666666666 23.408190632538314 22.395224091100943
630.1666666666666 23.40886982020647 22.39493758638575
630.6666666666666 23.409538058731133 22.394658445804122
631.1666666666666 23.41021094974437 22.394376567861812
631.6666666666666 23.410893355117107 22.394093767922527
632.1666666666666 23.411579571094133 22.3938064389211
632.6666666666666 23.412263133458815 22.393529482023116
633.1666666666666 23.41296208812669 22.393263020478283
633.6666666666666 23.413653875537843 22.392986464096968
634.1666666666666 23.414361304085297 22.392713695340035
634.6666666666666 23.41506733357892 22.392435252383333
635.1666666666666 23.415771276747286 22.39216583419023
635.6666666666666 23.416483895913366 22.391903747723873
636.1666666666666 23.41719217168221 22.39163961593362
636.6666666666666 23.41790976550535 22.39137491258042
637.1666666666666 23.418637076865473 22.391113059184335
637.6666666666666 23.41936132348099 22.390844918784914
638.1666666666666 23.420098756183144 22.390591930826847
638.6666666666666 23.42083224391578 22.390333949569523
639.1666666666666 23.421569417682413 22.390078119051484
639.6666666666666 23.422309582370463 22.389831645442175
640.1666666666666 23.423063123705585 22.389579430625545
640.6666666666666 23.423802650402106 22.38932090329436
641.1666666666666 23.424568723346724 22.38907583854804
641.6666666666666 23.42532546025593 22.38883014671345
642.1666666666666 23.42608581914719 22.388589222173344
642.6666666666666 23.426854244971828 22.38834060890848
643.1666666666666 23.427621075273407 22.388105627538295
643.6666666666666 23.428390212987054 22.387867740829176
644.1666666666666 23.429176131937037 22.387629458668584
644.6666666666666 23.429959227203 22.38739764033378
645.1666666666666 23.430737272277096 22.387162492334383
645.6666666666666 23.431532940146262 22.38693330002223
646.1666666666666 23.432327081444626 22.386707444254665
646.6666666666666 23.433133307521736 22.38647160386345
647.1666666666666 23.433925471254263 22.386254951521842
647.6666666666666 23.434732039757883 22.386018156988907
648.1666666666666 23.435540764420185 22.385803967737825
648.6666666666666 23.43636009883694 22.38558895992345
649.1666666666666 23.437181658227058 22.385371350612008
649.6666666666666 23.43800439666497 22.385154836720815
650.1666666666666 23.438827981965527 22.384935710410264
650.6666666666666 23.439662774193494 22.384730365493066
651.1666666666666 23.44050258216702 22.384523517088017
651.6666666666666 23.441333666499908 22.38431255913604
652.1666666666666 23.44216660676971 22.38409729726742
652.6666666666666 23.443022479566142 22.383895756778266
653.1666666666666 23.443874554542816 22.383703548900087
653.6666666666666 23.444730726747807 22.383498370156506
654.1666666666666 23.445604775722238 22.383294968028938
654.6666666666666 23.44646525863517 22.38309569644226
655.1666666666666 23.44732564517304 22.382903069719898
655.6666666666666 23.448205784173798 22.382717713479238
656.1666666666666 23.449079756475115 22.382517617610272
656.6666666666666 23.44996562921129 22.382338383730197
657.1666666666666 23.450851038760845 22.382154807421287
657.6666666666666 23.451741797423587 22.381958194727684
658.1666666666666 23.45263453315386 22.381787153095974
658.6666666666666 23.453535335600847 22.381602736441558
659.1666666666666 23.45444467565029 22.381425319613353
659.6666666666666 23.455346853216376 22.381247181282696
660.1666666666666 23.456260744496028 22.381069715386566
660.6666666666666 23.45718659860171 22.380902229287628
661.1666666666666 23.458103416055405 22.380728294204616
661.6666666666666 23.459045655184237 22.380561750043512
662.1666666666666 23.459980404225462 22.380396924287474
662.6666666666666 23.46093079704762 22.380230409196077
663.1666666666666 23.46188205033838 22.38007017886721
663.6666666666666 23.462831676093824 22.379912128152718
664.1666666666666 23.463796446909427 22.379747930201994
664.6666666666666 23.464760072204612 22.379590643082487
665.1666666666666 23.465741758809436 22.3794401795082
665.6666666666666 23.46672062938226 22.37928815858477
666.1666666666666 23.467708272627746 22.37913905607131
666.6666666666666 23.46869304547326 22.378989416503103
667.1666666666666 23.469685675866202 22.378841844155772
667.6666666666666 23.470685772836543 22.378693772600194
668.1666666666666 23.471689241679545 22.378547796173937
668.6666666666666 23.472702268195206 22.37840236955719
669.1666666666666 23.47372288468186 22.37827673738991
669.6666666666666 23.47474189849165 22.378129894118235
670.1666666666666 23.475774721627495 22.378002832905434
670.6666666666666 23.476797799547782 22.377866355502217
671.1666666666666 23.477826348713243 22.37773526522116
671.6666666666666 23.478861728220718 22.37760094903502
672.1666666666666 23.479922214469056 22.37747685201047
672.6666666666666 23.48096561673045 22.37735097666998
673.1666666666666 23.482018020257666 22.37721932242597
673.6666666666666 23.483082760828502 22.377097647678063
674.1666666666666 23.484125927502703 22.376983643648018
674.6666666666666 23.48520188152385 22.376862001474596
675.1666666666666 23.486268384772483 22.3767440665266
675.6666666666666 23.487339152562985 22.376623531732346
676.1666666666666 23.488415447973622 22.376517460672577
676.6666666666666 23.489506510892625 22.3764059933927
677.1666666666666 23.490596440606257 22.376292523070383
677.6666666666666 23.49167535619683 22.376182754240638
678.1666666666666 23.492765731641864 22.37607602225964
678.6666666666666 23.493867199944354 22.375971721661703
679.1666666666666 23.494976015894366 22.375870171404188
679.6666666666666 23.496067124030652 22.37576885129263
680.1666666666666 23.497185640398534 22.375670835846076
680.6666666666666 23.49830442154842 22.375570937735795
681.1666666666666 23.49941259368336 22.375475194794745
681.6666666666666 23.50052712246884 22.375379743360625
682.1666666666666 23.501653207371177 22.375290670382043
682.6666666666666 23.502770608005736 22.37519574436873
683.1666666666666 23.50390003814626 22.37509996619588
683.6666666666666 23.505031276472405 22.375024031271337
684.1666666666666 23.50615797891625 22.374942850994923
684.6666666666666 23.507299808855105 22.374848616459417
685.1666666666666 23.5084341942348 22.374769675979557
685.6666666666666 23.509580700054773 22.3746820859541
686.1666666666666 23.510729693194406 22.374604678695327
686.6666666666666 23.511870598792 22.374528701399395
687.1666666666666 23.513027890176264 22.37445557892599
687.6666666666666 23.514173667020827 22.374379329837623
688.1666666666666 23.51533517041482 22.374305806285008
688.6666666666666 23.51649002471948 22.374232852967474
689.1666666666666 23.517643413911028 22.374166396521716
689.6666666666666 23.51879830528563 22.37409309691579
690.1666666666666 23.51996784526532 22.37403201372004
690.6666666666666 23.521132484804173 22.37396636005037
691.1666666666666 23.52228945151944 22.373906101255155
691.6666666666666 23.52345996837134 22.37384111107923
692.1666666666666 23.52462220687114 22.373787798806106
692.6666666666666 23.525812632719408 22.37372415966352
693.1666666666666 23.526982097630018 22.373663592055077
693.6666666666666 23.5281458409842 22.37361252973809
694.1666666666666 23.529326124281226 22.373553991315855
694.6666666666666 23.530501186236265 22.3735017985883
695.1666666666666 23.531678384586566 22.373445779543474
695.6666666666666 23.532863926557518 22.373400691895288
