FastTrWP/PhaseSpace/IAs/snIa_0.54_30.00_0.53_-0.02.csv
# %ECSV 0.9
# ---
# datatype:
# - {name: time-rel, datatype: float64}
# - {name: g, datatype: float64}
# - {name: i, datatype: float64}
# schema: astropy-2.0
time-rel g i
[from data line 575]
413.66666666666663 23.642180653221565 22.78101625090885
414.1666666666667 23.639697521528753 22.779169172506812
414.6666666666667 23.637234632981013 22.777323296287648
415.16666666666663 23.6347807784073 22.775483239443503
415.6666666666667 23.632336952143547 22.77364875468927
416.1666666666667 23.62989325006485 22.771825524907694
416.66666666666663 23.627458091459644 22.770001015836687
417.1666666666667 23.62503636346665 22.768180839755118
417.6666666666667 23.62263607271349 22.766372243067753
418.16666666666663 23.620248342307562 22.76456037001448
418.6666666666667 23.617846430979654 22.762761670033868
419.1666666666667 23.615493451383113 22.76097195630659
419.66666666666663 23.613127723954634 22.759181371162786
420.1666666666667 23.610778910414506 22.757390615330113
420.6666666666667 23.60844162350581 22.75561411872613
421.16666666666663 23.606106143097865 22.753833703235845
421.6666666666667 23.603798750797434 22.752063625194076
422.1666666666667 23.601492525514406 22.750306920929724
422.66666666666663 23.599200215361584 22.74855682269394
423.1666666666667 23.59692310519104 22.746807795370145
423.6666666666667 23.594647745502026 22.74504998440912
424.16666666666663 23.592405691341376 22.74331778425948
424.6666666666667 23.590157997062047 22.741588561361795
425.1666666666667 23.587936420392566 22.739870699130137
425.66666666666663 23.585712289757225 22.73814777879808
426.1666666666667 23.58351264756131 22.736428147772088
426.6666666666667 23.581323007902505 22.734729650288834
427.16666666666663 23.57914044043218 22.733018888397467
427.6666666666667 23.57698665467263 22.73133203332186
428.1666666666667 23.574827631841035 22.72964235316706
428.66666666666663 23.5726869267609 22.72795462811789
429.1666666666667 23.570558346641985 22.726281908909854
429.6666666666667 23.568461412002264 22.724612065475217
430.16666666666663 23.566355825842148 22.72295212071136
430.6666666666667 23.56427482792987 22.72129443283104
431.1666666666667 23.562211386443366 22.719647451934243
431.66666666666663 23.560147522459857 22.717994605164517
432.1666666666667 23.558108140293164 22.716362845395274
432.6666666666667 23.556086164200778 22.7147250899693
433.16666666666663 23.554064016177826 22.713110227130024
433.6666666666667 23.55206953382907 22.711493142369548
434.1666666666667 23.550096462402436 22.709886754869125
434.66666666666663 23.54810690786547 22.708281780102986
435.1666666666667 23.546154758668973 22.706690907507486
435.6666666666667 23.54422768602976 22.705089821567196
436.16666666666663 23.54229247827795 22.70351182736311
436.6666666666667 23.54037752294843 22.70192835037809
437.1666666666667 23.53849294301582 22.70036377848244
437.66666666666663 23.536600528335132 22.698801813949675
438.1666666666667 23.53472240760285 22.69724345468034
438.6666666666667 23.532860175079804 22.695689323500986
439.16666666666663 23.53100625582073 22.694138175418384
439.6666666666667 23.52915312274771 22.69260132859435
440.1666666666667 23.527328436254095 22.69106353445683
440.66666666666663 23.52550031506892 22.689532417435213
441.1666666666667 23.523680027731878 22.688002878627593
441.6666666666667 23.521884732239855 22.686476392145998
442.16666666666663 23.520098050543268 22.684960788733164
442.6666666666667 23.518304880565335 22.683449440983345
443.1666666666667 23.516527513834163 22.68194506020563
443.66666666666663 23.514767771041054 22.68043921317176
444.1666666666667 23.51300019331246 22.678944195518383
444.6666666666667 23.51126352924316 22.6774556220289
445.16666666666663 23.50952699566125 22.67595940864675
445.6666666666667 23.507801051992182 22.674476792562224
446.1666666666667 23.506084964820957 22.673005699565906
446.66666666666663 23.50439087500334 22.671538469021108
447.1666666666667 23.502685098502468 22.670071990479258
447.6666666666667 23.501003568134582 22.66860566520554
448.16666666666663 23.49933953412294 22.66713894868943
448.6666666666667 23.497662733269216 22.665696661633213
449.1666666666667 23.496005634707018 22.664243585262184
449.66666666666663 23.494360214982546 22.66280627576193
450.1666666666667 23.49271564917595 22.661369081838508
450.6666666666667 23.491092334766375 22.65994097015371
451.16666666666663 23.489486658210986 22.658501769010524
451.6666666666667 23.487874991727562 22.65708193576268
452.1666666666667 23.486277903390945 22.655675441526103
452.66666666666663 23.48468319240897 22.654265394883613
453.1666666666667 23.483110394167753 22.65285243645936
453.6666666666667 23.481538903080224 22.651453306465047
454.16666666666663 23.479983843168256 22.65005473453048
454.6666666666667 23.47843849561754 22.648658127652666
455.1666666666667 23.476904771562165 22.647272438168947
455.66666666666663 23.47536419772642 22.645893955119792
456.1666666666667 23.473861840700852 22.644511651674726
456.6666666666667 23.47234395057749 22.64313470124819
457.16666666666663 23.47084079519533 22.64177072980724
457.6666666666667 23.469348428424528 22.64041195771314
458.1666666666667 23.467877847400842 22.639052943328302
458.66666666666663 23.466407161838593 22.637695692484083
459.1666666666667 23.46493653161996 22.636359610913054
459.6666666666667 23.463490283145568 22.635010383272185
460.16666666666663 23.46205640542493 22.63366820793191
460.6666666666667 23.460617272691103 22.63233676067873
461.1666666666667 23.45919755333934 22.631002393618104
461.66666666666663 23.45778465973755 22.629683047107395
462.1666666666667 23.45637729845616 22.62836183821706
462.6666666666667 23.454998643628734 22.627055773655623
463.16666666666663 23.45359417749588 22.625741673146408
463.6666666666667 23.452231915390065 22.62443884822769
464.1666666666667 23.45086886811054 22.623142719574055
464.66666666666663 23.449519227541153 22.621843250176642
465.1666666666667 23.448169220168836 22.620553389833056
465.6666666666667 23.4468348007336 22.619273374076975
466.16666666666663 23.445505295485827 22.617990513808294
466.6666666666667 23.44418805987397 22.61671514617356
467.1666666666667 23.442888711620515 22.615451724820513
467.66666666666663 23.441587766694738 22.61418316275025
468.1666666666667 23.44030084165755 22.6129193332091
468.6666666666667 23.43902233638296 22.611666085617834
469.16666666666663 23.43775099736941 22.6104174692726
469.6666666666667 23.43649267993328 22.609166897614415
470.1666666666667 23.435256183528086 22.60792887397121
470.66666666666663 23.434014901603142 22.606693976858274
471.1666666666667 23.43277647962878 22.605459362108135
471.6666666666667 23.431560452919197 22.604226628629817
472.16666666666663 23.430353453233646 22.603010956987276
472.6666666666667 23.429153100447706 22.601794137115117
473.1666666666667 23.427954306722686 22.60057834879792
473.66666666666663 23.426768808888806 22.599372507204556
474.1666666666667 23.425612146010465 22.59816814370859
474.6666666666667 23.424433372467256 22.596976201571806
475.16666666666663 23.423287697686565 22.59577629687685
475.6666666666667 23.422140481573045 22.594586095382624
476.1666666666667 23.420996253845082 22.59338963054494
476.66666666666663 23.41986149863242 22.59221876301879
477.1666666666667 23.418744371937457 22.591038258492972
477.6666666666667 23.417625394820554 22.58986239602588
478.16666666666663 23.416521860117076 22.588696203058714
478.6666666666667 23.41541359281336 22.587532108529317
479.1666666666667 23.41432695505536 22.586363745755953
479.66666666666663 23.41324815542428 22.585204779572607
480.1666666666667 23.412165941865204 22.5840576396649
480.6666666666667 23.411098985192528 22.58290074082556
481.16666666666663 23.410033097474276 22.581756988279345
481.6666666666667 23.408988798616907 22.580630259116376
482.1666666666667 23.407937604601422 22.57948527062581
482.66666666666663 23.406901080221335 22.57835693875505
483.1666666666667 23.40587778328811 22.57722552716394
483.6666666666667 23.404866392137773 22.5761006133229
484.16666666666663 23.403854030672584 22.574983772918586
484.6666666666667 23.40284019285351 22.573859696503426
485.1666666666667 23.40185387619467 22.572755178313102
485.66666666666663 23.400867192996255 22.571641402681657
486.1666666666667 23.399888300269485 22.57054925694291
486.6666666666667 23.39892479727061 22.569438933385673
487.16666666666663 23.397965682441715 22.568347343327886
487.6666666666667 23.39701026720214 22.56725498553939
488.1666666666667 23.396072758254675 22.566159656636483
488.6666666666667 23.395123798226123 22.56509138902823
489.1666666666667 23.39419603515415 22.56401209061883
489.6666666666667 23.39327502898876 22.56293386470437
490.1666666666667 23.39235965886415 22.56186463260221
490.6666666666667 23.391459320093038 22.56080099229131
491.1666666666667 23.390570114590865 22.55974144106115
491.6666666666667 23.38969099327677 22.558681805602102
492.1666666666667 23.388811538242052 22.557633026856962
492.6666666666667 23.387939059475592 22.556582472300285
493.1666666666667 23.387076173452492 22.55554208688199
493.6666666666667 23.38623924115646 22.55449874462898
494.1666666666667 23.385380974459316 22.553460808913584
494.6666666666667 23.384563726056882 22.552428223001407
495.1666666666667 23.383730669853293 22.55140069113282
495.6666666666667 23.382913872149974 22.55038531803306
496.1666666666667 23.382101541958747 22.549365336816432
496.6666666666667 23.381293401513332 22.548350119385603
497.1666666666667 23.380506934506585 22.54733472292528
497.6666666666667 23.379726932610843 22.54634354068431
498.1666666666667 23.378952745246984 22.54533446597697
498.6666666666667 23.378179392704432 22.544333602430093
499.1666666666667 23.377436589419855 22.543344612335765
499.6666666666667 23.376679557043516 22.542358431764175
500.1666666666667 23.37594175530441 22.54137935240923
500.6666666666667 23.375202602902366 22.540397666972222
501.1666666666667 23.374484671836942 22.539423771843218
501.6666666666667 23.373776446189304 22.53844906351166
502.1666666666667 23.373070023044498 22.537491282278147
502.6666666666667 23.372369556033277 22.53651627227788
503.1666666666667 23.371691650550666 22.535558725758133
503.6666666666667 23.37101637949699 22.534606049042836
504.1666666666667 23.37033797147338 22.533661014370182
504.6666666666667 23.36968787133732 22.53271712836383
505.1666666666667 23.369027149653938 22.53177073231307
505.6666666666667 23.368401096742236 22.53084155944263
506.1666666666667 23.367761688674452 22.529908425877693
506.6666666666667 23.367139418388206 22.52898416113016
507.1666666666667 23.366523312314975 22.528054333407653
507.6666666666667 23.365920610272 22.52713642610584
508.1666666666667 23.365311236915687 22.526223496872863
508.6666666666667 23.364732833917547 22.525319666113205
509.1666666666667 23.364161374107752 22.52441143668341
509.6666666666667 23.363585518068387 22.523509669347742
510.1666666666667 23.36302728090303 22.522616058940468
510.6666666666667 23.362480153477144 22.521725336717893
511.1666666666667 23.361933318301382 22.520844265209124
511.6666666666667 23.36141619828494 22.519953485204187
512.1666666666666 23.360884499664408 22.519070266596408
512.6666666666666 23.360365170917756 22.518201533864115
513.1666666666666 23.359874257299758 22.517329619586942
513.6666666666666 23.359388107541296 22.51646547673996
514.1666666666666 23.358909546064076 22.51560819109832
514.6666666666666 23.358422384064713 22.514747244036442
515.1666666666666 23.3579570143943 22.51389361109256
515.6666666666666 23.35750542199435 22.51304747504022
516.1666666666666 23.357059509248167 22.512204044793272
516.6666666666666 23.356623382819034 22.511365447362092
517.1666666666666 23.356192819333984 22.51052839669879
517.6666666666666 23.35576977143546 22.50970345512545
518.1666666666666 23.35536291156156 22.50887103642386
518.6666666666666 23.354961269006097 22.5080529841891
519.1666666666666 23.354566007751984 22.50722968487407
519.6666666666666 23.354183933012482 22.506412631635214
520.1666666666666 23.353809847321017 22.505610083324086
520.6666666666666 23.35343902577515 22.504799565759875
521.1666666666666 23.35308266274754 22.503994640153863
521.6666666666666 23.35273256086271 22.50319655205232
522.1666666666666 23.352392018422282 22.502399598843805
522.6666666666666 23.35205467760982 22.501616774178835
523.1666666666666 23.35173175883231 22.500827825048102
523.6666666666666 23.351409270626334 22.500042588965158
524.1666666666666 23.35110713238131 22.499260602644398
524.6666666666666 23.35080494608412 22.498484404765385
525.1666666666666 23.35050522013153 22.49771497961387
525.6666666666666 23.350226904733248 22.496950226880163
526.1666666666666 23.34994826833992 22.496180875499437
526.6666666666666 23.34967470302036 22.495424316912988
527.1666666666666 23.349405530245654 22.49466455656235
527.6666666666666 23.349156680461363 22.493915936023914
528.1666666666666 23.348911591384706 22.49315959104844
528.6666666666666 23.34867138767219 22.49242207439915
529.1666666666666 23.348443684525485 22.491674925223023
529.6666666666666 23.34821665768755 22.490941774807645
530.1666666666666 23.347994055624536 22.4902003617523
530.6666666666666 23.34778355925076 22.489470879400333
531.1666666666666 23.347579309449692 22.48874746026059
531.6666666666666 23.347393064534113 22.488024563363513
532.1666666666666 23.34720180744258 22.487297057287286
532.6666666666666 23.347025138322635 22.486576781358856
533.1666666666666 23.34684411941406 22.485861957182777
533.6666666666666 23.346677724891286 22.48514876697389
534.1666666666666 23.346506124925277 22.48444181894918
534.6666666666666 23.34635424040135 22.48373720026678
535.1666666666666 23.346211720079992 22.483035911908082
535.6666666666666 23.34607119319644 22.482341924891067
536.1666666666666 23.345934151046475 22.48164243090271
536.6666666666666 23.345807902358885 22.48095610134977
537.1666666666666 23.345672402576326 22.480263936971724
537.6666666666666 23.345567063752792 22.47958377623155
538.1666666666666 23.34545505113638 22.47889746658214
538.6666666666666 23.345355476169978 22.47821781784742
539.1666666666666 23.345251379790447 22.477542632271362
539.6666666666666 23.3451636481115 22.476869829780025
540.1666666666666 23.345075075001333 22.476197127686977
540.6666666666666 23.34499916108208 22.475542992301037
541.1666666666666 23.344928128965282 22.474856461527942
541.6666666666666 23.344859008242395 22.474204992572563
542.1666666666666 23.344795247335203 22.47354711884361
542.6666666666666 23.344743491481054 22.4728965598311
543.1666666666666 23.344704252392955 22.472244225499285
543.6666666666666 23.344649748882773 22.47159308815483
544.1666666666666 23.34459861776069 22.47095016452626
544.6666666666666 23.34458070548528 22.47030027139928
545.1666666666666 23.344542244623575 22.469666080025846
545.6666666666666 23.34452714661406 22.46903097226742
546.1666666666666 23.344510143066767 22.468393292265677
546.6666666666666 23.344493084169102 22.46776115152973
547.1666666666666 23.34448765229975 22.467126232685892
547.6666666666666 23.3444885463394 22.466507034052874
548.1666666666666 23.344479827230934 22.46588086196928
548.6666666666666 23.34449358760766 22.46525079832282
549.1666666666666 23.344525474758093 22.464646166140337
549.6666666666666 23.34454711923425 22.464027580814037
550.1666666666666 23.344596990666425 22.46342211697403
550.6666666666666 23.344640405560305 22.46281319633922
551.1666666666666 23.34470584291757 22.462213777998347
551.6666666666666 23.34477076783708 22.461619901161825
552.1666666666666 23.344848930200843 22.46103063701912
552.6666666666666 23.344916906057584 22.46043778289949
553.1666666666666 23.345021606472145 22.459853475356788
553.6666666666666 23.345138981354555 22.459276082800258
554.1666666666666 23.34524626548836 22.45869952813873
554.6666666666666 23.34536551840626 22.45812417148217
555.1666666666666 23.345491056714025 22.45755256616316
555.6666666666666 23.34563356853501 22.456986488147518
556.1666666666666 23.34578096611715 22.456420178927896
556.6666666666666 23.34592079041272 22.455859943794792
557.1666666666666 23.346080294121396 22.45530949569702
