FastTrWP/PhaseSpace/IAs/snIa_0.32_30.00_-0.80_0.09.csv
# %ECSV 0.9
# ---
# datatype:
# - {name: time-rel, datatype: float64}
# - {name: g, datatype: float64}
# - {name: i, datatype: float64}
# schema: astropy-2.0
time-rel g i
-406.5 26.980677124125066 25.399027587792567
-406.0 26.952301447272134 25.387484559049422
-405.5 26.924352756681238 25.37601063631021
-405.0 26.896949178653436 25.364580837734948
-404.5 26.870042477769726 25.35321242408037
-404.0 26.843604058950724 25.341937150500378
-403.5 26.8176360798283 25.33072612828665
-403.0 26.79212526900804 25.319575334421565
-402.5 26.767078511516473 25.308472948393383
-402.0 26.742436471938383 25.29744640075932
-401.5 26.71817845762616 25.28649524355492
-401.0 26.694284496127516 25.275588121854227
-400.5 26.670818802854637 25.264758881472446
-400.0 26.647710823085127 25.253990107550976
-399.5 26.624939313816064 25.24329458097565
-399.0 26.602544531252235 25.232656891377466
-398.5 26.580514359285097 25.22204702266684
-398.0 26.558785548085314 25.211521048398318
-397.5 26.537325706599518 25.201094051613225
-397.0 26.516200170488883 25.190692339661535
-396.5 26.495439132073773 25.180349959245536
-396.0 26.474952949889115 25.17007442500459
-395.5 26.454675980795336 25.15988784859385
-395.0 26.43476771336013 25.14971788657715
-394.5 26.41507657154694 25.139606988117407
-394.0 26.39569028588088 25.129591446940573
-393.5 26.376487656439732 25.119641101912187
-393.0 26.357620351777644 25.10970660153682
-392.5 26.338935990291297 25.099881414125292
-392.0 26.320545547918904 25.09007964738316
-391.5 26.30237093296751 25.080365230402855
-391.0 26.28442728716742 25.070696076533867
-390.5 26.266719563977368 25.06106634414597
-390.0 26.249208853876425 25.051504354969182
-389.5 26.23190701572002 25.042005367294045
-389.0 26.214828567924325 25.0325716988295
-388.5 26.1979544226931 25.02319700988306
-388.0 26.181289575032373 25.013852089708042
-387.5 26.16484293342818 25.004597529107944
-387.0 26.148549138450395 24.995382963082832
-386.5 26.132458986083055 24.986201090703048
-386.0 26.1164723679242 24.97706186805011
-385.5 26.100655589844827 24.96797249725627
-385.0 26.08498891800736 24.958922317080745
-384.5 26.06948549143486 24.949869034973812
-384.0 26.054128712597354 24.940882726042254
-383.5 26.038902214742844 24.93196517900992
-383.0 26.023815707714107 24.923077559557058
-382.5 26.008876672499454 24.914187458438004
-382.0 25.994077673897785 24.905395703482395
-381.5 25.97939703008848 24.89659905441147
-381.0 25.964864673096315 24.887858926133916
-380.5 25.950453960348675 24.879162015924244
-380.0 25.93611665813799 24.870495469286453
-379.5 25.921964587749244 24.861869967946447
-379.0 25.907919091373937 24.853257579110686
-378.5 25.89398914033275 24.844733980757887
-378.0 25.880194469896296 24.836201733019628
-377.5 25.866486478878222 24.82772534581516
-377.0 25.852907528955782 24.81928692870067
-376.5 25.83944122158592 24.81090850323582
-376.0 25.82606689771271 24.802529262701153
-375.5 25.812804568173043 24.794215322275626
-375.0 25.79964821768732 24.785951220894447
-374.5 25.786651300901802 24.777670946964435
-374.0 25.773685978280675 24.769461014970425
-373.5 25.76084377832171 24.76128871970566
-373.0 25.748091682762645 24.753170324343422
-372.5 25.73543481981806 24.7450832709122
-372.0 25.72290979800284 24.737016713210704
-371.5 25.71043556591881 24.72898524866778
-371.0 25.69807389188223 24.72098703180043
-370.5 25.68582010385455 24.713029714384863
-370.0 25.67361448017178 24.705101317205855
-369.5 25.661546404174494 24.697236277223197
-369.0 25.649525061868918 24.689379151855768
-368.5 25.637633737086603 24.681582766803235
-368.0 25.625782491577084 24.67380652550854
-367.5 25.61405054650014 24.666069142373193
-367.0 25.602366598015095 24.658375262678657
-366.5 25.590773287480502 24.650680185057908
-366.0 25.57928824013151 24.64305890431799
-365.5 25.56787661207136 24.635466663059688
-365.0 25.55650702988143 24.627898775757036
-364.5 25.545239632914676 24.620366839232602
-364.0 25.534074534466185 24.612868465661833
-363.5 25.52294219875109 24.60541940821708
-363.0 25.511932788240802 24.5980064473893
-362.5 25.5009585532093 24.590583086144395
-362.0 25.490062389793835 24.58322234711307
-361.5 25.479237758308024 24.575910784757298
-361.0 25.468495369183493 24.568604984619256
-360.5 25.45782940364781 24.561349650248317
-360.0 25.447204941946534 24.554137073179497
-359.5 25.436662340848144 24.546952805760046
-359.0 25.426211700764867 24.539788261662938
-358.5 25.415776888469598 24.53266800682595
-358.0 25.405441696320494 24.52555645931525
-357.5 25.395157626316692 24.5185023264899
-357.0 25.384934996858377 24.51146893503118
-356.5 25.37478083707886 24.50446889596522
-356.0 25.36469055266629 24.49750981335798
-355.5 25.35467516542996 24.49057546460947
-355.0 25.344688608994474 24.483663699985616
-354.5 25.33481498598735 24.4767917367631
-354.0 25.324965281490233 24.469938278931053
-353.5 25.315167565686334 24.463110877183144
-353.0 25.30542889045241 24.45629978366125
-352.5 25.29575367830838 24.44952460090289
-352.0 25.28614399264033 24.44277580751909
-351.5 25.27655216709836 24.4360570660835
-351.0 25.267048638315583 24.429349494021366
-350.5 25.25757820050444 24.422675577519453
-350.0 25.248194590831364 24.41603657588835
-349.5 25.238832360341853 24.409404113254997
-349.0 25.229507759026433 24.40278572087063
-348.5 25.220260846682958 24.39622158659837
-348.0 25.211085929905455 24.38966904017188
-347.5 25.201919351615466 24.383145012365798
-347.0 25.192805351330087 24.37664678308858
-346.5 25.18375704881166 24.37016541887434
-346.0 25.174704597585986 24.36370462814082
-345.5 25.165757253019223 24.357287735105597
-345.0 25.156835203508834 24.35086906148004
-344.5 25.14796439291414 24.344469992477357
-344.0 25.13913499086593 24.338112936941883
-343.5 25.130333519948028 24.331788215243368
-343.0 25.12157472562101 24.325465537202255
-342.5 25.11289308902146 24.319157563711286
-342.0 25.104241171566777 24.31288996825822
-341.5 25.095607225372735 24.306652979726152
-341.0 25.087029701531343 24.300426066400036
-340.5 25.07849847478998 24.29420952690966
-340.0 25.070000652123817 24.2880391096978
-339.5 25.061532935294707 24.28187664805714
-339.0 25.053096206099795 24.27576331784927
-338.5 25.044715240059894 24.26963586881258
-338.0 25.036388695653272 24.263541077734647
-337.5 25.028088591289993 24.25745617075446
-337.0 25.01979592574491 24.251427823051937
-336.5 25.011578971448625 24.24538450250044
-336.0 25.00336490273607 24.239382510054263
-335.5 24.995230087288952 24.23339894210349
-335.0 24.98707089601771 24.22743356065098
-334.5 24.979011588149305 24.221500796988046
-334.0 24.97092025668261 24.21556163133843
-333.5 24.962922177321882 24.20966794333216
-333.0 24.95493915021416 24.2037865892908
-332.5 24.946994879757206 24.19792623152891
-332.0 24.93906491382138 24.192079380180832
-331.5 24.931179934224907 24.186269677389003
-331.0 24.92330610365675 24.180467542547163
-330.5 24.91549260195012 24.17469332357141
-330.0 24.907699146541333 24.16894243799408
-329.5 24.899944193320923 24.163190841685168
-329.0 24.892203283148856 24.157478738869568
-328.5 24.88451103022929 24.151770700322054
-328.0 24.876829918468772 24.14609675816983
-327.5 24.869194526690176 24.140441570753083
-327.0 24.861572820429657 24.134791056785016
-326.5 24.853980695367 24.129173388263794
-326.0 24.84643895540964 24.12357026741182
-325.5 24.838895317327697 24.1179946175536
-325.0 24.831400324536823 24.11242701973365
-324.5 24.82395155953804 24.106887556522565
-324.0 24.816514705665227 24.101351203372843
-323.5 24.809093204701377 24.09583573708201
-323.0 24.80169965021469 24.090355223299674
-322.5 24.794354404498712 24.084900595230806
-322.0 24.78701705710504 24.07943111489228
-321.5 24.77972375174364 24.073994031417442
-321.0 24.772438453647567 24.068588444253226
-320.5 24.76520461450018 24.06320051512317
-320.0 24.75799676523717 24.057809462405974
-319.5 24.750811458192178 24.052439213991118
-319.0 24.743656179152303 24.047092111100703
-318.5 24.736506881622145 24.041771497334313
-318.0 24.72941369870941 24.03645044686983
-317.5 24.722317561993474 24.031164044786358
-317.0 24.715255899994176 24.025863331421967
-316.5 24.70822461573562 24.02059881013617
-316.0 24.70125276514638 24.015363693096266
-315.5 24.69427402008241 24.010135200621576
-315.0 24.687300398797525 24.004923027405695
-314.5 24.680396236619906 23.9996959224328
-314.0 24.67347534364642 23.994536239460352
-313.5 24.666605007822273 23.989364562188623
-313.0 24.65974327524115 23.984201887136848
-312.5 24.652924802009007 23.979070589437907
-312.0 24.646111225745358 23.973947716688528
-311.5 24.639336304715876 23.968832914256645
-311.0 24.632579210700598 23.963747352723168
-310.5 24.625848083720747 23.958661917498233
-310.0 24.61912021265651 23.953589589116323
-309.5 24.612456531507696 23.948540620419912
-309.0 24.605780999581555 23.94352996488184
-308.5 24.5991288296633 23.93848712515608
-308.0 24.592495701871158 23.933471891265988
-307.5 24.585902223434605 23.928493178728637
-307.0 24.579315326667523 23.923508569197995
-306.5 24.57277180462693 23.91854345734287
-306.0 24.566242135057227 23.91359378988988
-305.5 24.5597243023402 23.908639611610845
-305.0 24.55321298804965 23.903710452292735
-304.5 24.546754687458552 23.898798157372077
-304.0 24.540306410341294 23.893903379945137
-303.5 24.533861465011118 23.88901057874841
-303.0 24.527464470379606 23.88414476692247
-302.5 24.521077331751147 23.879276040488534
-302.0 24.51468370364118 23.874436382892625
-301.5 24.508365492144414 23.86958842192755
-301.0 24.502035602172235 23.86475688581738
-300.5 24.495716103120216 23.859949822658937
-300.0 24.48942656574143 23.855141594233853
-299.5 24.483146059937482 23.850351116362777
-299.0 24.47689621041146 23.84556743197053
-298.5 24.47066001381163 23.84081673211185
-298.0 24.464452366470134 23.836046802658668
-297.5 24.458262554105158 23.83130986622116
-297.0 24.45209582616492 23.826580522359457
-296.5 24.445925938848852 23.821869144880722
-296.0 24.43978245448076 23.817153940964285
-295.5 24.43364997417962 23.812438088361407
-295.0 24.42754309505083 23.807758708271457
-294.5 24.421455981373377 23.803101395826175
-294.0 24.415401588913262 23.79842696737169
-293.5 24.40934797181264 23.793769489370206
-293.0 24.40331625724906 23.78913959160037
-292.5 24.39730599983929 23.784497548817285
-292.0 24.39130056551686 23.779873732547443
-291.5 24.38532555458074 23.775267539721128
-291.0 24.37935706748887 23.77067144501169
-290.5 24.373402640203693 23.766080855328163
-290.0 24.36748842497724 23.761521972777363
-289.5 24.36157799568242 23.756952608607715
-289.0 24.355713343403306 23.752412179477282
-288.5 24.349825370668015 23.747862166889075
-288.0 24.34396851311183 23.743329614199347
-287.5 24.338139754290346 23.73882628742832
-287.0 24.332309686305706 23.73431817219075
-286.5 24.326523264575375 23.729831659725328
-286.0 24.320744119598686 23.725347616627246
-285.5 24.314985892577194 23.720879573630516
-285.0 24.309218062500143 23.716419123602364
-284.5 24.303486884702398 23.711958656722643
-284.0 24.297767012954825 23.707527981563267
-283.5 24.292078162741397 23.70309941430019
-283.0 24.28638742695786 23.698677249220882
-282.5 24.280715190010902 23.69428349784826
-282.0 24.275051861875767 23.68987637547098
-281.5 24.269427030111416 23.685485766564
-281.0 24.263800290880543 23.681107942127934
-280.5 24.258199634266454 23.676748049128346
-280.0 24.252591756309457 23.672384435442883
-279.5 24.24702848088575 23.66804551396237
-279.0 24.241470226976354 23.66370335906865
-278.5 24.235932836342997 23.659376084222213
-278.0 24.23039539947654 23.65505363580471
-277.50000000000006 24.22485845711455 23.6507443563763
-277.0 24.21936722098782 23.64643737581161
-276.5 24.213875047564745 23.64215501858453
-276.00000000000006 24.2084119823593 23.637879500175085
-275.5 24.202939014295715 23.633598461952097
-275.0 24.19749453540784 23.629324886518347
-274.50000000000006 24.19206424160409 23.625089842552494
-274.0 24.186641577745736 23.620826055487
-273.5 24.18123793850811 23.616599379301945
-273.00000000000006 24.17584688159183 23.61236644641705
-272.5 24.17046115025421 23.608138637034113
-272.0 24.16508637440208 23.60393137274734
-271.50000000000006 24.159743313004533 23.599727512070686
-271.0 24.154396563155824 23.595535617928142
-270.5 24.149068505051133 23.591354479803307
-270.00000000000006 24.14375218300218 23.587170579817037
-269.5 24.138439441030926 23.582994458878936
-269.0 24.13314540626949 23.57882686178302
-268.50000000000006 24.127876549232568 23.574661589011257
-268.0 24.12260206571897 23.570524241228796
-267.5 24.11735952893039 23.566382638747175
-267.00000000000006 24.112114591007515 23.562247320372514
-266.5 24.106862627352037 23.55811769401781
-266.0 24.101655640348632 23.55400496070867
-265.50000000000006 24.09644972877021 23.54989556548525
-265.0 24.09124216242956 23.54580029900061
-264.5 24.086058343892244 23.54170217986462
-264.00000000000006 24.08089556495518 23.53761412774005
-263.5 24.075733208234023 23.533528035771972
-263.0 24.070577278059112 23.529457633443016
-262.50000000000006 24.065446598683128 23.52538441738269
-262.0 24.060306777140482 23.521331557552937
-261.5 24.055183870431197 23.517280152063343
-261.00000000000006 24.050075531616745 23.51323478933079
-260.5 24.044987031926052 23.509196490073098
-260.0 24.039894517264347 23.50515622287071
-259.50000000000006 24.034824317531335 23.501145759926537
-259.0 24.02977283143152 23.497116923544368
-258.5 24.024709053847797 23.493117576520536
-258.00000000000006 24.019673911359405 23.48911512849234
-257.5 24.014658196833537 23.485110613294573
-257.0 24.00964217666578 23.48113651657615
-256.50000000000006 24.004654153095252 23.477163068836738
-256.0 23.99965034248199 23.47319686527516
-255.5 23.994684745967035 23.469225512239223
-255.00000000000006 23.989700872056723 23.46528031485437
-254.5 23.984750819495652 23.4613311347966
-254.0 23.97981595823469 23.457390543432627
-253.50000000000006 23.97487629130262 23.453462556608606
-253.0 23.969960661622267 23.449548184064625
-252.5 23.965042178322825 23.445626415953797
-252.00000000000006 23.960148340353257 23.441719098772985
-251.5 23.955267866593616 23.437821038050608
-251.0 23.950381338543522 23.433935573161392
-250.50000000000006 23.945527708130374 23.430039812365237
-250.0 23.940660111087546 23.42615411736044
-249.5 23.935817033952524 23.42228362239031
-249.00000000000006 23.93098758992903 23.418415256530803
-248.5 23.926170090458854 23.41456489486972
-248.0 23.92134740199067 23.410705397699797
-247.50000000000006 23.91654373542046 23.40686721166069
-247.0 23.91173382367314 23.403026790947102
-246.5 23.906978259976036 23.399198292652464
-246.00000000000006 23.902202256403953 23.39537549734002
-245.5 23.897443900432755 23.39154895240147
-245.0 23.892677787735998 23.38774204503128
-244.50000000000006 23.88792697155662 23.383940083135304
-244.0 23.883195853409802 23.38012766089296
-243.5 23.878481746470037 23.376333930889114
-243.00000000000006 23.873753441774387 23.372544013446266
-242.5 23.86906148192219 23.36877325144075
-242.0 23.864361520184683 23.364990383280762
-241.50000000000006 23.859678534512426 23.361226718342174
-241.0 23.855007245128586 23.35746265281678
-240.5 23.850332436254025 23.353711860060024
-240.00000000000006 23.845682757582615 23.3499539668977
-239.5 23.841028638031055 23.346212497347885
-239.0 23.83638498704206 23.34247962716814
-238.50000000000006 23.83175867418374 23.33874178890559
-238.0 23.827142553628203 23.33502369298746
-237.5 23.82252091237037 23.331293519329023
-237.00000000000006 23.817931803528246 23.327578216461102
-236.5 23.81332934416813 23.32386569510257
-236.0 23.808746918230625 23.320171375845042
-235.50000000000006 23.804159523856278 23.316474397626816
-235.0 23.799594538800918 23.312777365709362
-234.5 23.795038157532034 23.30909597637442
-234.00000000000006 23.790472064283094 23.305429485328048
-233.5 23.78594178497744 23.301740871157982
-233.0 23.78139861098849 23.298061777428934
-232.50000000000006 23.77688140697378 23.29439851754511
-232.0 23.77236055838403 23.29074730378894
-231.5 23.76783882055878 23.287084661184473
-231.00000000000006 23.76334828082712 23.283437564689457
-230.5 23.7588425548639 23.279798242195877
