FastTrWP/PhaseSpace/IAs/snIa_0.47_30.00_-0.38_0.08.csv
# %ECSV 0.9
# ---
# datatype:
# - {name: time-rel, datatype: float64}
# - {name: g, datatype: float64}
# - {name: i, datatype: float64}
# schema: astropy-2.0
time-rel g i
[from data line 577]
493.9166666666667 23.597035073652755 22.59990617359895
494.4166666666667 23.59549215790667 22.598473850203128
494.9166666666667 23.59394127713065 22.597043994719535
495.4166666666667 23.592412010489245 22.595623371211357
495.9166666666667 23.590888021261925 22.594204332709253
496.4166666666667 23.589379799200408 22.592796835641195
496.9166666666667 23.587863096705366 22.591386526228156
497.4166666666667 23.586364337282294 22.58999124297324
497.9166666666667 23.584884341070612 22.58859467279901
498.4166666666667 23.5834021083873 22.587202119864635
498.9166666666667 23.58192673389044 22.585816696202844
499.4166666666667 23.580468019407302 22.584438145284032
499.9166666666667 23.579012111067943 22.58306680171473
500.4166666666667 23.577562842894025 22.581694480793093
500.9166666666667 23.57610856141885 22.580326264748784
501.4166666666667 23.574678418403415 22.578967736058175
501.9166666666667 23.573266555135678 22.577607932957573
502.4166666666667 23.571839861735675 22.576263685737736
502.9166666666667 23.570439515706795 22.57491274020129
503.4166666666667 23.56903515291023 22.573576319788188
503.9166666666667 23.567647027484483 22.57224518188576
504.4166666666667 23.566263139181714 22.570923164415536
504.9166666666667 23.564892624655013 22.569590810852233
505.4166666666667 23.56352166310341 22.568277926388305
505.9166666666667 23.562159269218096 22.566962521373846
506.4166666666667 23.56082802558053 22.565657490828677
506.9166666666667 23.559482657058027 22.56435760198455
507.4166666666667 23.55814219845973 22.5630632657074
507.9166666666667 23.556823649684322 22.561766508119128
508.4166666666667 23.55550433602577 22.560486787512897
508.9166666666667 23.554202073461514 22.55919890547533
509.4166666666667 23.552904281294083 22.55792440810923
509.9166666666667 23.551609805702782 22.55665632828662
510.4166666666667 23.550321249314955 22.555388990454873
510.9166666666667 23.54905030430278 22.554135921592405
511.4166666666667 23.547784479410577 22.55287669086455
511.9166666666667 23.54652763043418 22.551625239817422
512.4166666666666 23.54527983804539 22.55038509707471
512.9166666666666 23.544034807036134 22.549143664566262
513.4166666666666 23.542805329397627 22.547915826349573
513.9166666666666 23.541575651191003 22.546678032969325
514.4166666666666 23.54036531790827 22.54545356026986
514.9166666666666 23.53914819386999 22.544234437497956
515.4166666666666 23.537950279745502 22.543027813579354
515.9166666666666 23.53675489156918 22.54181825935907
516.4166666666666 23.535567535378007 22.54062485277052
516.9166666666666 23.534409628758432 22.539425359383657
517.4166666666666 23.533239347595906 22.538229667973223
517.9166666666666 23.53208688512173 22.53704775384716
518.4166666666666 23.530926035730566 22.535862668662485
518.9166666666666 23.52978109712059 22.534687291536507
519.4166666666666 23.528652500470212 22.533519045679622
519.9166666666666 23.527529636502784 22.532344272399968
520.4166666666666 23.52639597878005 22.531191457149774
520.9166666666666 23.525277926205895 22.53003425162406
521.4166666666666 23.524180192847986 22.52888603042285
521.9166666666666 23.523084806682352 22.52773318328128
522.4166666666666 23.521981898944063 22.526590955441268
522.9166666666666 23.520905650122003 22.525458202078084
523.4166666666666 23.519837096737977 22.524326926382084
523.9166666666666 23.51874993122655 22.52320266952319
524.4166666666666 23.517697650807033 22.522077219676433
524.9166666666666 23.51664677013205 22.52095974162127
525.4166666666666 23.515597729873225 22.51984524572361
525.9166666666666 23.51454696924175 22.518741461349073
526.4166666666666 23.513518124287394 22.517635763924446
526.9166666666666 23.512490019223872 22.51653709807779
527.4166666666666 23.511477492771466 22.515434217094302
527.9166666666666 23.510456215008904 22.514356623753997
528.4166666666666 23.50945651903722 22.51326553001268
528.9166666666666 23.50846287306663 22.512184837055074
529.4166666666666 23.50747213527576 22.51110621404459
529.9166666666666 23.5064907357145 22.510043543082684
530.4166666666666 23.505511319147878 22.508970672040466
530.9166666666666 23.50455068299422 22.507913456172783
531.4166666666666 23.503578409542932 22.506854226457126
531.9166666666666 23.502626162844837 22.505796547517328
532.4166666666666 23.501687945634128 22.504752425840206
532.9166666666666 23.50073694627257 22.503701858010213
533.4166666666666 23.49980939829916 22.50267262632442
533.9166666666666 23.4988822371082 22.501626148216666
534.4166666666666 23.497965076055635 22.50059795163466
534.9166666666666 23.49704200433755 22.499574929015566
535.4166666666666 23.496148104826883 22.49855149543646
535.9166666666666 23.495241719958052 22.49752921250095
536.4166666666666 23.494360847590098 22.4965183052687
536.9166666666666 23.49346515982071 22.495504425151417
537.4166666666666 23.492582294286777 22.494490891696138
537.9166666666666 23.491722190396178 22.493490211962907
538.4166666666666 23.490851858368544 22.49249416058323
538.9166666666666 23.490005811038912 22.49149495292004
539.4166666666666 23.48915066183226 22.490518865118943
539.9166666666666 23.48830620825302 22.489524068845476
540.4166666666666 23.48747162392658 22.488539439739593
540.9166666666666 23.486641609586965 22.487561221737998
541.4166666666666 23.48581774548834 22.48658665431129
541.9166666666666 23.484996877201837 22.48561550928148
542.4166666666666 23.484191433237747 22.484650819407847
542.9166666666666 23.48338425168883 22.483692149772587
543.4166666666666 23.482592768438508 22.48273699224547
543.9166666666666 23.481793837815058 22.481775938227507
544.4166666666666 23.481023149814927 22.4808200643026
544.9166666666666 23.480245328358826 22.479880278390773
545.4166666666666 23.479485564358967 22.478942866932854
545.9166666666666 23.47871794323097 22.477991257912752
546.4166666666666 23.47794660778595 22.47706047132311
546.9166666666666 23.477200777263484 22.476128559925574
547.4166666666666 23.476456301953892 22.47520278442298
547.9166666666666 23.475731324041305 22.474272799324023
548.4166666666666 23.474995591307465 22.473358051323274
548.9166666666666 23.474272608290438 22.472428665773823
549.4166666666666 23.473553344491993 22.471520802263928
549.9166666666666 23.47284200534613 22.4706110222961
550.4166666666666 23.47213120645094 22.46971291622488
550.9166666666666 23.47145052312564 22.46879974525698
551.4166666666666 23.470762667374142 22.467901795155623
551.9166666666666 23.47007300967503 22.46700522382173
552.4166666666666 23.46939200490839 22.466115437315462
552.9166666666666 23.468727706373762 22.465228163174142
553.4166666666666 23.468060520051313 22.464339896013513
553.9166666666666 23.467392045326516 22.463455936485943
554.4166666666666 23.466748723519338 22.462590098589207
554.9166666666666 23.466105596840872 22.461718378159738
555.4166666666666 23.46547944512349 22.460848276268678
555.9166666666666 23.464851975492653 22.459995368321994
556.4166666666666 23.46422346862839 22.45913276954829
556.9166666666666 23.463608274666203 22.458282406552755
557.4166666666666 23.463011309523996 22.457431377108268
557.9166666666666 23.462399264452106 22.45658314718195
558.4166666666666 23.46180271888532 22.455744678980075
558.9166666666666 23.46121876489939 22.4549050240357
559.4166666666666 23.460630084463673 22.45407675007055
559.9166666666666 23.460059232306012 22.453253543157533
560.4166666666666 23.45948569652622 22.452421413662833
560.9166666666666 23.458931214738747 22.451599159951886
561.4166666666666 23.458361441557383 22.450789168259337
561.9166666666666 23.457815983157584 22.44997301932824
562.4166666666666 23.457271513715966 22.449165202543387
562.9166666666666 23.456731649643118 22.44835598981824
563.4166666666666 23.45620484883083 22.447549626035826
563.9166666666666 23.45567829298735 22.446750684535083
564.4166666666666 23.45517004663481 22.44595747231784
564.9166666666666 23.454655931959945 22.445171596476765
565.4166666666666 23.454151071584594 22.444382765331223
565.9166666666666 23.453655056324294 22.44359629667864
566.4166666666666 23.453155718290333 22.442815925078925
566.9166666666666 23.452659696822344 22.44204072728064
567.4166666666666 23.45218607320655 22.441269365670955
567.9166666666666 23.451716919319928 22.440497962853403
568.4166666666666 23.451232974317577 22.4397259239575
568.9166666666666 23.45077528543284 22.438959719744883
569.4166666666666 23.4503068022903 22.438203365203307
569.9166666666666 23.44986103690288 22.437445313135825
570.4166666666666 23.449431238406145 22.43668887798929
570.9166666666666 23.448985721312514 22.435940860408344
571.4166666666666 23.448541687216373 22.435185372245442
571.9166666666666 23.44811920383345 22.43444716811218
572.4166666666666 23.447696638911463 22.4336959175077
572.9166666666666 23.44727954284393 22.432959395549336
573.4166666666666 23.446864932112863 22.432216780848442
573.9166666666666 23.44645615486053 22.431484138807832
574.4166666666666 23.446056968328655 22.43076248463744
574.9166666666666 23.445663443375857 22.430024334197554
575.4166666666666 23.445279783311346 22.42929830661888
575.9166666666666 23.44489170251552 22.428577134189783
576.4166666666666 23.44451307656813 22.427845454617533
576.9166666666666 23.444138062177736 22.427127493904763
577.4166666666666 23.443767162828696 22.426413518132083
577.9166666666666 23.443405213357764 22.425697505232
578.4166666666666 23.443050125807332 22.424985329494408
578.9166666666666 23.442703241071868 22.424275501581526
579.4166666666666 23.44236280494154 22.42357318569038
579.9166666666666 23.4420080740173 22.422876327760108
580.4166666666666 23.441691736628645 22.422165092452566
580.9166666666666 23.441352691322628 22.42146758377936
581.4166666666666 23.44102653860645 22.42076710738752
581.9166666666666 23.440709665000167 22.420071719078095
582.4166666666666 23.44040734784446 22.419374833720585
582.9166666666666 23.440076455082817 22.418681648830162
583.4166666666666 23.439779476128855 22.417997303953427
583.9166666666666 23.439479700717985 22.417302058725376
584.4166666666666 23.439180133906813 22.416613518719217
584.9166666666666 23.438885200964524 22.415938164423416
585.4166666666666 23.43861731350041 22.415257127042686
585.9166666666666 23.438327085696425 22.41456878473434
586.4166666666666 23.43805271487429 22.41388537051384
586.9166666666666 23.437780131180205 22.413218132216528
587.4166666666666 23.43752127926093 22.412541250639805
587.9166666666666 23.43726151502727 22.411875551561383
588.4166666666666 23.437007554792682 22.41119457459203
588.9166666666666 23.43676641100352 22.410530198400004
589.4166666666666 23.436506100237512 22.409855744413008
589.9166666666666 23.43626270109858 22.409198887138118
590.4166666666666 23.436035608796352 22.40853376392185
590.9166666666666 23.43580238694694 22.40787911233825
591.4166666666666 23.435583966209368 22.407212555941843
591.9166666666666 23.435366867517956 22.40656072985551
592.4166666666666 23.435144741379048 22.405905140040815
592.9166666666666 23.434932417573698 22.405249865209047
593.4166666666666 23.434727953336946 22.404606985677624
593.9166666666666 23.43452494797551 22.403956252079308
594.4166666666666 23.434325772501964 22.403318604657603
594.9166666666666 23.43414409276476 22.402675170294618
595.4166666666666 23.433956071830476 22.402038082933743
595.9166666666666 23.43377280406792 22.401400767544768
596.4166666666666 23.43360223171429 22.400771426513927
596.9166666666666 23.43343911973453 22.400132375802286
597.4166666666666 23.433263921858618 22.399496691644963
597.9166666666666 23.43311709674972 22.39887771114465
598.4166666666666 23.432952924173073 22.398254948191372
598.9166666666666 23.432808177991006 22.397627996897068
599.4166666666666 23.43267397393398 22.39700473688053
599.9166666666666 23.43253245556866 22.396388849472288
600.4166666666666 23.432403451760475 22.395774337443612
600.9166666666666 23.43227112646931 22.395160015547507
601.4166666666666 23.43215235012704 22.394548193987298
601.9166666666666 23.432027667179653 22.393937876728746
602.4166666666666 23.431920615019575 22.39333987653028
602.9166666666666 23.431811317015573 22.39273529088088
603.4166666666666 23.431713192007443 22.392127126547884
603.9166666666666 23.43161822824769 22.391527044884075
604.4166666666666 23.431535854382815 22.390932172575564
604.9166666666666 23.431452270078395 22.390329896381708
605.4166666666666 23.43136473072283 22.389750169857457
605.9166666666666 23.43129954322133 22.389154289705782
606.4166666666666 23.43124003284749 22.38857408973108
606.9166666666666 23.43118102002763 22.38798891828717
607.4166666666666 23.431119394031047 22.38740678400124
607.9166666666666 23.431074833176574 22.386828183255144
608.4166666666666 23.431024652523686 22.386251523901173
608.9166666666666 23.430986770534787 22.385679176902986
609.4166666666666 23.430962165648047 22.385104651912037
609.9166666666666 23.430929199209295 22.384540650350356
610.4166666666666 23.43091258956193 22.383973394198744
610.9166666666666 23.43088154731597 22.383401507463056
611.4166666666666 23.430868100030004 22.38284649330889
611.9166666666666 23.43087087991583 22.382288101268713
612.4166666666666 23.430874049166334 22.381726695469904
612.9166666666666 23.430876594962015 22.38117694607284
613.4166666666666 23.430894436703724 22.380623866453554
613.9166666666666 23.43091615259631 22.380075974164086
614.4166666666666 23.43092911012556 22.379531012051558
614.9166666666666 23.4309709879772 22.378992371909312
615.4166666666666 23.431005208400446 22.378444078243035
615.9166666666666 23.43105818772149 22.377908013141447
616.4166666666666 23.43109660900188 22.377376734701322
616.9166666666666 23.43115139648894 22.37684970984024
617.4166666666666 23.43121928672136 22.376309898878425
617.9166666666666 23.43127987920586 22.3757820304523
618.4166666666666 23.431363235209133 22.37526307855482
618.9166666666666 23.43143939118661 22.37473151589835
619.4166666666666 23.431525502945092 22.374222705157457
619.9166666666666 23.431609299921476 22.373705765213316
620.4166666666666 23.431688069933045 22.373186917448397
620.9166666666666 23.431800602431125 22.37268203431997
621.4166666666666 23.431918953340922 22.37216935534267
621.9166666666666 23.43204184948889 22.371661337015354
622.4166666666666 23.432156412330443 22.371162253256415
622.9166666666666 23.432288194076104 22.370656426768996
623.4166666666666 23.432417411358514 22.370163626059973
623.9166666666666 23.432553974640005 22.36966786449278
624.4166666666666 23.43270418226883 22.369168340737765
624.9166666666666 23.43285996638278 22.368682822786695
625.4166666666666 23.43302576922732 22.368188231216955
625.9166666666666 23.433182427200418 22.367708989860038
626.4166666666666 23.4333445690444 22.36722326444271
626.9166666666666 23.433521342430097 22.366737307257747
627.4166666666666 23.433702700350732 22.366255753928247
627.9166666666666 23.433881812796386 22.365781998588133
628.4166666666666 23.434077192018176 22.365308085846237
628.9166666666666 23.43428044597943 22.364832234599557
629.4166666666666 23.434478747297007 22.364362646230248
629.9166666666666 23.43468237012704 22.36390377869985
630.4166666666666 23.43488702855531 22.363437957546356
630.9166666666666 23.435107982543776 22.36296810930608
631.4166666666666 23.4353408726399 22.362504212721028
631.9166666666666 23.43557624628875 22.36204988791167
632.4166666666666 23.435804633909516 22.36159590148241
632.9166666666666 23.436056418813784 22.36114113169911
633.4166666666666 23.43630113283432 22.360691604792947
633.9166666666666 23.43656090708287 22.360233691158975
634.4166666666666 23.436804904657723 22.35979217015601
634.9166666666666 23.437076106259063 22.35934972260427
635.4166666666666 23.43734958829431 22.358901430363467
635.9166666666666 23.437634610056286 22.358467825681302
636.4166666666666 23.43791294995639 22.358027716867944
636.9166666666666 23.43820802622009 22.357590471020252
637.4166666666666 23.43850281530446 22.35716276462442
