FastTrWP/PhaseSpace/IAs/snIa_0.32_30.00_0.73_-0.02.csv
# %ECSV 0.9
# ---
# datatype:
# - {name: time-rel, datatype: float64}
# - {name: g, datatype: float64}
# - {name: i, datatype: float64}
# schema: astropy-2.0
time-rel g i
[from data line 692]
521.75 22.83110153237008 22.757073283744266
522.25 22.830071828277916 22.75583928115038
522.75 22.829058716915117 22.754587924337002
523.25 22.828040670118845 22.753364569861212
523.75 22.827040594300993 22.752136642933326
524.25 22.826044733638554 22.750911615585657
524.75 22.82506019155976 22.749698155410215
525.25 22.824078181939946 22.748493888108968
525.75 22.82309989021347 22.74727735205234
526.25 22.822139794955334 22.746082534970647
526.75 22.82118431317668 22.744885528720616
527.25 22.82022588192996 22.743701880960423
527.75 22.819289967512077 22.74251807409929
528.25 22.81836058646543 22.74133497465656
528.75 22.817425048350724 22.740162857761742
529.25 22.816519584783137 22.738997619883605
529.75 22.81561131340359 22.73782815433315
530.25 22.814702377125343 22.736679563414356
530.75 22.81382076016333 22.73552460690368
531.25 22.81292879750157 22.734391367357997
531.75 22.812043860534995 22.733242241358802
532.25 22.811178700456427 22.732105136455672
532.75 22.810328151659824 22.730981642934047
533.25 22.809465614581157 22.729850230141185
533.75 22.80862654900495 22.72873920203107
534.25 22.807785951443282 22.727621070138543
534.75 22.806959401446115 22.7265160079161
535.25 22.80614035393406 22.725413131355204
535.75 22.805335280259 22.724308547759485
536.25 22.80452506968864 22.723226688459448
536.75 22.80372918541196 22.722146475090778
537.25 22.80294916061869 22.721059743111102
537.75 22.802163980039584 22.719988462173546
538.25 22.801391950989313 22.71891870955254
538.75 22.80063010612826 22.717861174331656
539.25 22.799874735590492 22.716801613003504
539.75 22.79913024158095 22.715743044067192
540.25 22.7983805160547 22.714698581577665
540.75 22.797647745402905 22.713653086759873
541.25 22.79692756201365 22.712623329149984
541.75 22.796204403793034 22.711584647464107
542.25 22.79549691832723 22.710554969614126
542.75 22.794792543364913 22.70952910221972
543.25 22.794098835789647 22.708512672923888
543.75 22.79340743339345 22.707493439732396
544.25 22.792729905401508 22.70649294715575
544.75 22.792056402636398 22.705486527572177
545.25 22.791393162716105 22.704489505002034
545.75 22.79072862429483 22.703497690245335
546.25 22.79006894837393 22.702513071324667
546.75 22.789429150217906 22.701519270422107
547.25 22.788779738935787 22.700533217557496
547.75 22.788147729045868 22.699562388297437
548.25 22.787528056382435 22.698594413969396
548.75 22.78691218539415 22.697634386198477
549.25 22.786290822461183 22.696667165036935
549.75 22.78569242507368 22.695705905182194
550.25 22.785088265712396 22.694759936659953
550.75 22.78449470962828 22.693808868557067
551.25 22.783910606205836 22.69286033420983
551.75 22.78333156545314 22.691925255229886
552.25 22.78274994367795 22.69099330083293
552.75 22.78219904917912 22.69005785145159
553.25 22.781629625874334 22.689131089278494
553.75 22.781079440042497 22.688201322813857
554.25 22.780523192650367 22.68728618318239
554.75 22.779983491964334 22.686373147081174
555.25 22.779454902316864 22.685467913861707
555.75 22.778917342493013 22.68455352375094
556.25 22.77840211236777 22.683661868723615
556.75 22.77787035042583 22.682755864106795
557.25 22.777367651888966 22.68186739152357
557.75 22.77686189425932 22.680968142231567
558.25 22.776357560759834 22.68008897213887
558.75 22.775864379329672 22.67920593179423
559.25 22.77537636461509 22.678313751147016
559.75 22.774893380808805 22.677446838140774
560.25 22.77441621314121 22.676581124490912
560.75 22.773944096569263 22.675714639904662
561.25 22.773480581790068 22.674856666100336
561.75 22.77300850082476 22.67399284822676
562.25 22.77255781481741 22.673137034494783
562.75 22.77210488419882 22.67228196844879
563.25 22.771659150067517 22.671425051949253
563.75 22.771220470783167 22.670586375688472
564.25 22.77079036715218 22.669746365952186
564.75 22.7703628607358 22.668907199352923
565.25 22.769929706134356 22.668075557629408
565.75 22.769520903166796 22.667240186217306
566.25 22.769100224742715 22.666414250927808
566.75 22.768693072055058 22.66558835579854
567.25 22.768300927141276 22.66476509225503
567.75 22.767905262717445 22.66396210033207
568.25 22.76751711494953 22.663146052301023
568.75 22.76714851026142 22.66234217822303
569.25 22.76677528688311 22.66154964883494
569.75 22.766419882980085 22.66074873951783
570.25 22.766069057578804 22.65995911294563
570.75 22.765714736182005 22.65918029816342
571.25 22.76537256101921 22.658391812525082
571.75 22.765043708041574 22.657623621281687
572.25 22.764719363674427 22.656847461934152
572.75 22.764392567111432 22.656083811456828
573.25 22.764088628425135 22.655324845038315
573.75 22.763777286729812 22.654555421529384
574.25 22.76348705045215 22.653803225437727
574.75 22.763197150237357 22.653058693445484
575.25 22.762898373819013 22.652309334933037
575.75 22.762623128029986 22.651559437777927
576.25 22.7623422489853 22.650821625427294
576.75 22.762082108402943 22.65009290180582
577.25 22.761810933829576 22.649356945895576
577.75 22.761548583273317 22.64863655393618
578.25 22.761309394905936 22.647903179439904
578.75 22.761054223166283 22.64718364693078
579.25 22.76081759888652 22.646469573108376
579.75 22.76058450656766 22.645745017189025
580.25 22.760340635575172 22.645044045379905
580.75 22.76011753963484 22.64433525422494
581.25 22.7598964024325 22.643632103777378
581.75 22.759681229018792 22.642926345404334
582.25 22.759468072863392 22.642228605257184
582.75 22.759257694276226 22.641534655337338
583.25 22.759057045100228 22.640835393638184
583.75 22.75885971781467 22.640156142652735
584.25 22.758667981449356 22.63946516893966
584.75 22.75847594100309 22.638778270060868
585.25 22.75829257806519 22.638101236428803
585.75 22.758103917824194 22.63741808213316
586.25 22.757923892118615 22.636733022815836
586.75 22.75775201242392 22.63607411727843
587.25 22.757574432110342 22.63539755303894
587.75 22.75740729420189 22.634728415323128
588.25 22.75724933543534 22.63405874724534
588.75 22.75708178950756 22.633395545740385
589.25 22.756920498736733 22.63272702115465
589.75 22.756777264107658 22.632070990369737
590.25 22.75662208867938 22.63141521260502
590.75 22.75647047016959 22.630752094052596
591.25 22.756331328274634 22.630101087817277
591.75 22.75618614262129 22.62944486520286
592.25 22.756041264499753 22.628801654002395
592.75 22.75590131953856 22.628151324494986
593.25 22.755770643522347 22.6274980300757
593.75 22.755624116571326 22.62685750221179
594.25 22.755499324110286 22.626211755562014
594.75 22.75536840137162 22.625574272313674
595.25 22.755239773811113 22.624928363405456
595.75 22.75511383195694 22.624279271603164
596.25 22.75500206109583 22.623646322829345
596.75 22.754860817776283 22.623006894574683
597.25 22.754743044033475 22.62237421099432
597.75 22.75462397866957 22.621742010856146
598.25 22.7545067344707 22.621100651660484
598.75 22.75439192590901 22.620473327603246
599.25 22.754278451802755 22.619840763477505
599.75 22.754171931277565 22.61921700788919
600.25 22.75407010232277 22.618598092285737
600.75 22.753959661944933 22.617968515860277
601.25 22.753866156314682 22.617338360848205
601.75 22.753762934085206 22.61672564486245
602.25 22.753676090741926 22.61611087576994
602.75 22.753588857685656 22.615491084831135
603.25 22.753506277741153 22.614882767315887
603.75 22.753417968200225 22.614268428130934
604.25 22.753347761115926 22.613660441180755
604.75 22.7532653089961 22.613052724897457
605.25 22.753191979419043 22.612456974347882
605.75 22.753127593386957 22.61184687304727
606.25 22.753051894536593 22.61124420884518
606.75 22.75300174978603 22.61064709164549
607.25 22.752937542540952 22.6100523649973
607.75 22.752878714137985 22.609450500069
608.25 22.75282381990007 22.60886828297561
608.75 22.752779714604543 22.608282126966778
609.25 22.752731642816855 22.607696667962163
609.75 22.75269513914557 22.607100268072738
610.25 22.752650335029085 22.60652127724108
610.75 22.752621380197596 22.605940374578857
611.25 22.752592122667203 22.605359876441383
611.75 22.7525567479466 22.604790586462464
612.25 22.75252864072989 22.60420976016932
612.75 22.752518264364138 22.603637569814104
613.25 22.75249783212 22.60306794068447
613.75 22.752479447635892 22.602507185589996
614.25 22.752474904146 22.601934423712088
614.75 22.75247294314954 22.601374477217625
615.25 22.75246316005145 22.600814627274318
615.75 22.752466773501077 22.600256201169245
616.25 22.752471113238567 22.5997021635716
616.75 22.752478796413754 22.599146393177733
617.25 22.752491905765226 22.598599246993984
617.75 22.75250652723265 22.598047881738196
618.25 22.752516420882966 22.59750874758152
618.75 22.752548862045447 22.596957014194842
619.25 22.752576964567815 22.596419590893348
619.75 22.752604656791313 22.595874936822927
620.25 22.75263651005904 22.595340157418484
620.75 22.752679541722994 22.594804813525702
621.25 22.752721340674242 22.594281928746337
621.75 22.752758963511237 22.593737936296833
622.25 22.752810475013984 22.593216853724854
622.75 22.75286557807351 22.592694334246268
623.25 22.752925730168272 22.592170437786663
623.75 22.75298548662191 22.59165604075684
624.25 22.75304546985675 22.591141074420488
624.75 22.75311379724593 22.590620982666145
625.25 22.753188315517132 22.59010276755307
625.75 22.753273302220556 22.589595670983613
626.25 22.75335280106185 22.589092045762783
626.75 22.75343576114748 22.588587533957863
627.25 22.753515850544552 22.58808305752419
627.75 22.7536122672337 22.587583996213333
628.25 22.753706920836994 22.587085351404586
628.75 22.753808222999687 22.586586980742595
629.25 22.7539111736018 22.586102419284604
629.75 22.754012128121204 22.585614832586867
630.25 22.754126201478503 22.585127024629053
630.75 22.754245864244204 22.58464173872982
631.25 22.754364064567724 22.584159195267844
631.75 22.75448837654266 22.583669899676483
632.25 22.75461210985123 22.583199563793674
632.75 22.754740105425224 22.582714091356966
633.25 22.754871174707425 22.582249641667982
633.75 22.755014414172003 22.581763803185027
634.25 22.75515794313958 22.58130098444189
634.75 22.755294258797537 22.58082681313669
635.25 22.755444000143555 22.580372536072474
635.75 22.7555998796611 22.57989960592429
636.25 22.755756496955097 22.57943703145409
636.75 22.755909942300644 22.578975940695727
637.25 22.756074063179305 22.57852024659708
637.75 22.756234199229795 22.578067633221124
638.25 22.756403508963842 22.577609815905895
638.75 22.756586737743802 22.577162711706237
639.25 22.7567688273339 22.576713318244636
639.75 22.756950138306475 22.57627186971589
640.25 22.757124104265554 22.575819499844954
640.75 22.757315474530444 22.575386639345602
641.25 22.7575046357251 22.57494900583723
641.75 22.75770251774704 22.574511049649352
642.25 22.75790786086752 22.57406957098409
642.75 22.75811346038228 22.573641580948443
643.25 22.758322608574066 22.573202002824043
643.75 22.758532940904225 22.572778902974527
644.25 22.758740986083286 22.572362723783293
644.75 22.758967797430905 22.57192981800936
645.25 22.759187748580874 22.571512457563557
645.75 22.759418118069323 22.571087178612125
646.25 22.759647182531005 22.570675562734156
646.75 22.759883734131027 22.57025984651074
647.25 22.760125991191025 22.569847543562048
647.75 22.760370830273583 22.569443267231293
648.25 22.760609273368523 22.569030456348663
648.75 22.760865417152658 22.568631428147032
649.25 22.761118601704602 22.568227762272237
649.75 22.761370637880475 22.567825201796815
650.25 22.76164062714877 22.567424719411168
650.75 22.761904397128276 22.567036360016917
651.25 22.762180460442938 22.566638242281684
651.75 22.76246167911755 22.566249260088057
652.25 22.76272300373936 22.5658609070707
652.75 22.76301725212833 22.56547694319788
653.25 22.763299279399682 22.56509468066065
653.75 22.76359063386325 22.56471203420542
654.25 22.763885959968707 22.564335168558095
654.75 22.764181675738953 22.56395199423313
655.25 22.76449122015089 22.56358558376779
655.75 22.764789288437377 22.563215529474494
656.25 22.765112915555207 22.562839352040754
656.75 22.76542339610662 22.562486750856976
657.25 22.7657394058632 22.56212037108252
657.75 22.766070128396983 22.561763110110824
658.25 22.766403328923506 22.561403249672463
658.75 22.76672629799514 22.56103984971386
659.25 22.767065757724033 22.56068719286381
659.75 22.767408848078112 22.560342257925786
660.25 22.767749787663213 22.559986428033
660.75 22.768096458198443 22.559643448494068
661.25 22.76844921620199 22.55929960952976
661.75 22.768808210678838 22.558952516670885
662.25 22.769175067283875 22.558625104793588
662.75 22.769544902078213 22.55829018337343
663.25 22.769916583910295 22.55795477953075
663.75 22.770291445240282 22.55762456647584
664.25 22.770678277591443 22.557297615437378
664.75 22.771057967068337 22.556966387652032
665.25 22.771465825989296 22.556639882639757
665.75 22.77186195871968 22.556318125558885
666.25 22.772262448687258 22.555997500801844
666.75 22.77267544729721 22.55567777772392
667.25 22.773083253334164 22.555366958807497
667.75 22.77350602944843 22.555058391540538
668.25 22.77392337752716 22.55474331191398
668.75 22.774354365095274 22.5544342541756
669.25 22.774785453927603 22.554128349417756
669.75 22.77522603933162 22.553823254015594
670.25 22.775669380777256 22.55352772607587
670.75 22.77610949727467 22.553222744747163
671.25 22.776559501003916 22.55292494366418
671.75 22.77701363059655 22.55263240252639
672.25 22.777471111618766 22.55233727576977
672.75 22.777933683910582 22.552052990512582
673.25 22.778399991327092 22.551767320357605
673.75 22.778869842447943 22.551476467451188
674.25 22.77934881108073 22.55119101078983
674.75 22.779827280127087 22.550914879221583
675.25 22.780304603174343 22.550641397498573
675.75 22.780799495883187 22.550358632830132
676.25 22.781278824709837 22.550087862777602
676.75 22.781783390648425 22.54982150569413
677.25 22.782275929626884 22.549543522794657
677.75 22.782773274893856 22.549286967823996
678.25 22.783290771795613 22.5490153986049
678.75 22.783784958945496 22.548754299555235
679.25 22.78430570134041 22.54849143796076
679.75 22.78481218164831 22.548227377048473
680.25 22.78533346541256 22.54797454026866
680.75 22.7858614575208 22.547721851034268
681.25 22.786388265222378 22.547473813486235
681.75 22.78691313753224 22.547225417946827
682.25 22.78742597986753 22.546983832969843
682.75 22.787970278891066 22.546736823632877
683.25 22.788505803769723 22.54649756316796
683.75 22.789050753849715 22.54625866845819
684.25 22.789592224409514 22.54602992900532
684.75 22.790134774094454 22.545790746099478
685.25 22.790683719374908 22.54555419737455
685.75 22.79123721351005 22.545327440730176
686.25 22.791793504716335 22.545099397552953
686.75 22.79234539879422 22.544880945177578
687.25 22.792902148517058 22.54465707934608
687.75 22.793453673152264 22.544439288092597
688.25 22.794025324446668 22.544224616233947
688.75 22.794586797631737 22.544003747190988
689.25 22.795150843441 22.543785901113658
689.75 22.795725011583166 22.543587012047254
690.25 22.796304683629387 22.5433735341249
690.75 22.796870058548137 22.543171028808082
691.25 22.7974455813454 22.542962020768968
691.75 22.798025086401672 22.542767750257838
692.25 22.79860130621982 22.542570702031426
692.75 22.799184142698536 22.54237149064146
