FastTrWP/PhaseSpace/IAs/snIa_0.4_20_-1_0.1.csv
# %ECSV 0.9
# ---
# datatype:
# - {name: time-rel, datatype: float64}
# - {name: g, datatype: float64}
# - {name: i, datatype: float64}
# schema: astropy-2.0
time-rel g i
[from data line 1389]
677.5833333333334 -26.077261537758115 -27.56341380436975
678.0833333333334 -26.07556776577589 -27.562632911843316
678.5833333333334 -26.073855477450838 -27.56184827747688
679.0833333333334 -26.072126210486974 -27.561055689934566
679.5833333333334 -26.070421210937194 -27.560273560545543
680.0833333333334 -26.068701272482055 -27.559476185100024
680.5833333333334 -26.06697742796952 -27.558684521332275
681.0833333333334 -26.065233976651896 -27.557884631966253
681.5833333333334 -26.063528907678414 -27.557089720740855
682.0833333333334 -26.0618062550802 -27.556280311212408
682.5833333333334 -26.06007765465625 -27.555470566230213
683.0833333333334 -26.05835444132705 -27.554673590653454
683.5833333333334 -26.056628587472517 -27.553861512267343
684.0833333333334 -26.054889161599316 -27.553043167932074
684.5833333333334 -26.05315764678677 -27.55222615294329
685.0833333333334 -26.05141408548169 -27.551404228275594
685.5833333333334 -26.049681393690513 -27.550587668476865
686.0833333333334 -26.04793673080927 -27.54976539972612
686.5833333333334 -26.04620653972402 -27.54894476628751
687.0833333333334 -26.04445584969611 -27.548121863191326
687.5833333333334 -26.042716963955932 -27.54728125570103
688.0833333333334 -26.04098397298629 -27.54645403136381
688.5833333333334 -26.03923118241908 -27.54561897927822
689.0833333333334 -26.037493251120765 -27.544783595495268
689.5833333333334 -26.03573731714132 -27.54394637298458
690.0833333333334 -26.033987164419617 -27.543101994652982
690.5833333333334 -26.03223066861087 -27.542262655797916
691.0833333333334 -26.03048787039124 -27.541414862427864
691.5833333333334 -26.028709338457148 -27.5405684540736
692.0833333333334 -26.02696399017499 -27.539711016567153
692.5833333333334 -26.02519090749251 -27.538864023548868
693.0833333333334 -26.02345269082764 -27.537997499021177
693.5833333333334 -26.021682203011906 -27.537146722957402
694.0833333333334 -26.019932436772166 -27.53628182221455
694.5833333333334 -26.01814579663033 -27.535419135166048
695.0833333333334 -26.016388001188048 -27.534558767333937
695.5833333333334 -26.01462388466444 -27.533683093504887
696.0833333333334 -26.01282682876076 -27.532814057520163
696.5833333333334 -26.011060090216695 -27.53194914935898
697.0833333333334 -26.009281157838444 -27.531069539187772
697.5833333333334 -26.007515696222296 -27.530186157754784
698.0833333333334 -26.005738335603713 -27.529309290191158
698.5833333333334 -26.00394798234496 -27.52842721913153
699.0833333333334 -26.002186285143427 -27.527540199012996
699.5833333333334 -26.000389905508033 -27.526651637087912
700.0833333333334 -25.998602354346655 -27.52574983299931
700.5833333333334 -25.996809742168352 -27.524855041238887
701.0833333333334 -25.99500865220632 -27.52395168529267
701.5833333333334 -25.99321525346895 -27.523045380642404
702.0833333333334 -25.991409446370245 -27.52213162381181
702.5833333333334 -25.989616728174244 -27.521217950649344
703.0833333333334 -25.98781974771439 -27.520294171008224
703.5833333333334 -25.986017726530473 -27.5193763188309
704.0833333333334 -25.98420639159677 -27.51844239392357
704.5833333333334 -25.982409419405222 -27.51751040620001
705.0833333333334 -25.980596402412633 -27.51658261491375
705.5833333333334 -25.978787858310014 -27.51564802742739
706.0833333333334 -25.976971582704497 -27.51470500357863
706.5833333333334 -25.975157507420064 -27.513762665501027
707.0833333333334 -25.973344698180533 -27.512811756500536
707.5833333333334 -25.971526622806493 -27.511866456765688
708.0833333333334 -25.969709611512478 -27.510914350228557
708.5833333333334 -25.96788559126114 -27.509958187795345
709.0833333333334 -25.966071604102474 -27.509002226438707
709.5833333333334 -25.964224747874805 -27.508041661579252
710.0833333333334 -25.96240205426885 -27.507071073513274
710.5833333333334 -25.96057260802887 -27.506113351674287
711.0833333333334 -25.958737980578853 -27.50513897580463
711.5833333333334 -25.956917528915383 -27.50417177800964
712.0833333333334 -25.95505942630591 -27.50319155373414
712.5833333333334 -25.953227627375863 -27.502221712407454
713.0833333333334 -25.951396512780065 -27.50123380632314
713.5833333333334 -25.949568436506656 -27.500255664134322
714.0833333333334 -25.94771379658669 -27.499272173476754
714.5833333333334 -25.94587115464664 -27.49828596357091
715.0833333333334 -25.94402937054316 -27.497300537447806
715.5833333333334 -25.942180459737955 -27.49631493293734
716.0833333333334 -25.940343133423248 -27.49532328207001
716.5833333333334 -25.938492329518823 -27.494334294584686
717.0833333333334 -25.936634226491687 -27.493337829570823
717.5833333333334 -25.934784605799884 -27.492344113172326
718.0833333333334 -25.9329246828236 -27.491344179363196
718.5833333333334 -25.931069598655327 -27.490353899885555
719.0833333333334 -25.92921551255391 -27.48934813539664
719.5833333333334 -25.927366780913566 -27.4883523534491
720.0833333333334 -25.925493884653203 -27.487355077157773
720.5833333333334 -25.923639965362728 -27.486350640768237
721.0833333333334 -25.921763811131772 -27.48534428373532
721.5833333333334 -25.91990491085784 -27.484338499286945
722.0833333333334 -25.91804703176542 -27.483334737583466
722.5833333333334 -25.91618315746051 -27.482320835042486
723.0833333333334 -25.91431229474587 -27.481325348280198
723.5833333333334 -25.912444980039847 -27.48031864895813
724.0833333333334 -25.910573717654728 -27.47931572655184
724.5833333333334 -25.90870038584375 -27.478299193156793
725.0833333333334 -25.9068395510128 -27.477295268203775
725.5833333333334 -25.904960569238366 -27.476287784103995
726.0833333333334 -25.903093509678015 -27.475285973016014
726.5833333333334 -25.901213312243677 -27.474278574600465
727.0833333333334 -25.899329207368535 -27.47326618916306
727.5833333333334 -25.897460116912214 -27.472262640002224
728.0833333333334 -25.895564125313875 -27.471256810344904
728.5833333333334 -25.89371300554319 -27.47024746776617
729.0833333333334 -25.89180281858195 -27.46924397998869
729.5833333333334 -25.889943591787933 -27.46823508628181
730.0833333333334 -25.888074080873857 -27.46722664634146
730.5833333333334 -25.886182477577982 -27.466226887331633
731.0833333333334 -25.884277784076055 -27.46522120149564
731.5833333333334 -25.882398398675605 -27.46422082501023
732.0833333333334 -25.880530917608255 -27.46321661070873
732.5833333333334 -25.878638952176445 -27.462214428616658
733.0833333333334 -25.876757916217812 -27.461210568577478
733.5833333333334 -25.874861800751287 -27.460203022675227
734.0833333333334 -25.872976060727506 -27.459196807995486
734.5833333333334 -25.871083388460786 -27.458186129222245
735.0833333333334 -25.869192320349185 -27.457169474296702
735.5833333333334 -25.86729059500569 -27.45615714063419
736.0833333333334 -25.86540116432998 -27.4551416204023
736.5833333333334 -25.863495878584338 -27.454125104415983
737.0833333333334 -25.86159702638421 -27.45309829277965
737.5833333333334 -25.859690468351584 -27.452074151363284
738.0833333333334 -25.857788877818564 -27.45105180414879
738.5833333333334 -25.855887532133973 -27.450034337868484
739.0833333333334 -25.85398070325344 -27.449009183034548
739.5833333333334 -25.852065725060314 -27.447980302591453
740.0833333333334 -25.850161358199294 -27.446948722031518
740.5833333333334 -25.848252739752105 -27.445918849859407
741.0833333333334 -25.84635760054955 -27.444893829106817
741.5833333333334 -25.844433604073593 -27.443871677178137
742.0833333333334 -25.842503659035515 -27.442829967821098
742.5833333333334 -25.840615396469616 -27.441799766754208
743.0833333333334 -25.83868994230141 -27.440767557654254
743.5833333333334 -25.836755660281515 -27.43972767875654
744.0833333333334 -25.834838817282385 -27.438693368452242
744.5833333333334 -25.83292959124143 -27.437649246043904
745.0833333333334 -25.831013828895763 -27.436618194245735
745.5833333333334 -25.82907238957749 -27.43558532119007
746.0833333333334 -25.827154199107163 -27.434540459822855
746.5833333333334 -25.825228265448146 -27.43349722925427
747.0833333333334 -25.823295134286703 -27.432450623078925
747.5833333333334 -25.821386078837225 -27.43142223991339
748.0833333333334 -25.819441325493298 -27.43037146012719
748.5833333333334 -25.817510070745975 -27.429328796236558
749.0833333333334 -25.815576060615932 -27.428292600180548
749.5833333333334 -25.81364034766628 -27.4272427177345
750.0833333333334 -25.811722602017607 -27.426202870284765
750.5833333333334 -25.80976669061547 -27.4251551912023
751.0833333333334 -25.807847154052993 -27.424115335076973
751.5833333333333 -25.805893523364325 -27.42307125717698
752.0833333333334 -25.80396025417125 -27.42202091722955
752.5833333333334 -25.8020218240458 -27.42097760754755
753.0833333333333 -25.8000765184616 -27.41993293709497
753.5833333333334 -25.798125839936517 -27.418887537484128
754.0833333333334 -25.796189860271966 -27.417848234797564
754.5833333333333 -25.79424106833413 -27.416810074229968
755.0833333333334 -25.792304304333506 -27.415760270723894
755.5833333333334 -25.790349813310932 -27.414710433748088
756.0833333333333 -25.788402743728902 -27.41367256791168
756.5833333333334 -25.786446883824873 -27.412626044362604
757.0833333333334 -25.784488559855482 -27.41158465444326
757.5833333333333 -25.78254867663523 -27.410548194742944
758.0833333333334 -25.78061360611787 -27.40951164197388
758.5833333333334 -25.778642964063543 -27.408465789989084
759.0833333333333 -25.776693183886223 -27.40742517069183
759.5833333333334 -25.77472374961882 -27.406391405219704
760.0833333333334 -25.772778668156903 -27.405346830427032
760.5833333333333 -25.770825072021122 -27.40430801959414
761.0833333333334 -25.76887203470267 -27.40326912563759
761.5833333333334 -25.76690424567878 -27.402234643290022
762.0833333333333 -25.764947647496854 -27.40119836477437
762.5833333333334 -25.763003741933282 -27.40017244310495
763.0833333333334 -25.761029824231944 -27.399141774920306
763.5833333333333 -25.759063162349385 -27.39810176711422
764.0833333333334 -25.757107633349232 -27.397076000868363
764.5833333333334 -25.755134073594803 -27.396044196350672
765.0833333333333 -25.753168708351208 -27.395016964321556
765.5833333333334 -25.75121225151143 -27.3939976517334
766.0833333333334 -25.749248892250375 -27.39297741922823
766.5833333333333 -25.74727024730317 -27.391937541006783
767.0833333333334 -25.745297636987964 -27.39091788711825
767.5833333333334 -25.743330710164255 -27.389890240266602
768.0833333333333 -25.74135630787344 -27.388864101934942
768.5833333333334 -25.739404753761956 -27.387851095917046
769.0833333333334 -25.737416702342358 -27.386821504719094
769.5833333333333 -25.735456526554586 -27.385801324399527
770.0833333333334 -25.733470769351356 -27.38478793819146
770.5833333333334 -25.731504800790802 -27.38375469735995
771.0833333333333 -25.729533817772065 -27.382741281762645
771.5833333333334 -25.727545738039584 -27.38171998208901
772.0833333333334 -25.725574678771107 -27.380695092895607
772.5833333333333 -25.72360726355551 -27.37967736720943
773.0833333333334 -25.721617910946467 -27.378656398101437
773.5833333333334 -25.71964371459955 -27.377635136426555
774.0833333333333 -25.71765683849808 -27.376621365373307
774.5833333333334 -25.71568829557298 -27.375599494073892
775.0833333333334 -25.71369518437983 -27.374583747155846
775.5833333333333 -25.71171219842265 -27.37356154945467
776.0833333333334 -25.709741809940713 -27.372544602483995
776.5833333333334 -25.707756610633293 -27.371527433324204
777.0833333333333 -25.705764278504596 -27.37050512938413
777.5833333333334 -25.703773623394632 -27.369500580003194
778.0833333333334 -25.70178822969703 -27.36848367435155
778.5833333333333 -25.6998041465773 -27.367457351757125
779.0833333333334 -25.69781075405221 -27.366447245477215
779.5833333333334 -25.695806574484923 -27.365437164428034
780.0833333333333 -25.69381431976993 -27.3644068080992
780.5833333333334 -25.691831488807225 -27.363394292968795
781.0833333333334 -25.689819358382717 -27.362386658534295
781.5833333333333 -25.68783811228293 -27.36136894929922
782.0833333333334 -25.685837230468515 -27.360352085461344
782.5833333333334 -25.68384297977505 -27.359343194866934
783.0833333333333 -25.681839627050508 -27.35832149345699
783.5833333333334 -25.679837354644732 -27.357307591890567
784.0833333333334 -25.67782755351848 -27.356295481455994
784.5833333333333 -25.67583888956957 -27.355281604031422
785.0833333333334 -25.67382274308196 -27.354270410235266
785.5833333333334 -25.67180900791137 -27.353260148246136
786.0833333333333 -25.66979554149964 -27.352242157977436
786.5833333333334 -25.667809571266332 -27.351234591119766
787.0833333333334 -25.665803963285903 -27.35021638788442
787.5833333333333 -25.663799232065195 -27.349210277169146
788.0833333333334 -25.661768151824766 -27.348192704598887
788.5833333333334 -25.659750847138348 -27.347184899457947
789.0833333333333 -25.657736724166057 -27.34616781352586
789.5833333333334 -25.65572860502883 -27.345162135455023
790.0833333333334 -25.65370209439029 -27.34414350618493
790.5833333333333 -25.65168689018386 -27.3431344322519
791.0833333333334 -25.64966848218375 -27.342131094425316
791.5833333333334 -25.647640529935565 -27.341108555282382
792.0833333333333 -25.645626010038956 -27.340104591933766
792.5833333333334 -25.643606452170523 -27.33909370375306
793.0833333333334 -25.641564414912075 -27.338082608049415
793.5833333333333 -25.63953341281008 -27.33707665815663
794.0833333333334 -25.637503302021507 -27.336062537651546
794.5833333333334 -25.635465290735077 -27.335053960784464
795.0833333333333 -25.633450566402477 -27.334035890481402
795.5833333333334 -25.63141675462521 -27.33301894517019
796.0833333333334 -25.629368484003678 -27.332021424890446
796.5833333333333 -25.627341313999157 -27.331012348284276
797.0833333333334 -25.625296753472004 -27.330001539140735
797.5833333333334 -25.623251402310437 -27.328991752454396
798.0833333333333 -25.621205922267794 -27.32798125403314
798.5833333333334 -25.619161893835468 -27.32697827834249
799.0833333333334 -25.61712599431436 -27.325958164302804
799.5833333333333 -25.615083345617006 -27.32495419154791
800.0833333333334 -25.613020190831477 -27.323941954221468
800.5833333333334 -25.610976153041758 -27.322932610397398
801.0833333333333 -25.608925010344326 -27.321921080911473
801.5833333333334 -25.606878398278376 -27.32092116109076
802.0833333333334 -25.604842105777557 -27.319906358145722
802.5833333333333 -25.60276487844145 -27.31890707836344
803.0833333333334 -25.60070864574012 -27.317894827645507
803.5833333333334 -25.598636346540754 -27.316888315702627
804.0833333333333 -25.596598314427574 -27.31587457362337
804.5833333333334 -25.594549119999087 -27.314872725190593
805.0833333333334 -25.592477557439743 -27.31386604070014
805.5833333333333 -25.590432450562027 -27.312855140860503
806.0833333333334 -25.588345634344915 -27.311856319216826
806.5833333333334 -25.586288194520165 -27.31084972363652
807.0833333333333 -25.584204163335272 -27.30984728500165
807.5833333333334 -25.582152072442653 -27.308840622019417
808.0833333333334 -25.58009253900922 -27.307837709659758
808.5833333333333 -25.578015540430492 -27.306832193133555
809.0833333333334 -25.575957824721964 -27.30582588588643
809.5833333333334 -25.573884972616796 -27.304827300032017
810.0833333333333 -25.571796030117078 -27.303816182607346
810.5833333333334 -25.5697189265122 -27.302818970372922
811.0833333333334 -25.567660526889185 -27.301810189820657
811.5833333333333 -25.565568494011686 -27.30081604661807
812.0833333333334 -25.563481143386966 -27.299800874879097
812.5833333333334 -25.56139352696036 -27.298798425870654
813.0833333333333 -25.559334225963845 -27.297797677188168
813.5833333333334 -25.557253672620035 -27.296806249230933
814.0833333333334 -25.555160200963037 -27.295805946903112
814.5833333333333 -25.55306968311458 -27.294793235915407
815.0833333333334 -25.55097177370026 -27.293794553649157
815.5833333333334 -25.548894981846114 -27.292793852314873
816.0833333333333 -25.546797409827168 -27.291788465733575
