FastTrWP/PhaseSpace/IAs/snIa_0.59_30.00_-0.48_-0.07.csv
# %ECSV 0.9
# ---
# datatype:
# - {name: time-rel, datatype: float64}
# - {name: g, datatype: float64}
# - {name: i, datatype: float64}
# schema: astropy-2.0
time-rel g i
[from data line 363]
-208.5 24.31194379126525 23.292672166222296
-208.0 24.307700485166905 23.289590483305204
-207.5 24.30349450426586 23.28651567149131
-207.0 24.29927942878962 23.28345400658638
-206.5 24.295073900876957 23.280390624920276
-206.0 24.290883782562908 23.277335009767217
-205.5 24.286709278864073 23.274269852682355
-205.0 24.2825052418592 23.27123072579518
-204.5 24.278365876225156 23.268187379377885
-204.0 24.274193625160258 23.265137016521436
-203.5 24.270012035546298 23.262092918076974
-203.0 24.265888136204687 23.259061375576643
-202.5 24.261718143801687 23.25603718664663
-202.0 24.257592929792942 23.25300887340646
-201.5 24.253459757840304 23.249993546695084
-201.0 24.24934229983102 23.246970658240823
-200.5 24.245219591033376 23.2439520424131
-200.0 24.241113210902213 23.240957200792288
-199.5 24.236997263287456 23.237950900695424
-199.0 24.232897591933465 23.23493929848621
-198.5 24.22879884625107 23.231946214676253
-198.0 24.22473167423489 23.22894996086617
-197.5 24.22065765892954 23.225965647626843
-197.0 24.216591682819562 23.222966874791204
-196.5 24.212523368411745 23.219989971787093
-196.0 24.208466593818624 23.217019276468548
-195.5 24.204399678410724 23.214030253037077
-195.0 24.20038160117768 23.21107229328904
-194.5 24.1963285412278 23.208106558753137
-194.0 24.192307417137467 23.20513653387144
-193.5 24.188291164291982 23.2021846831292
-193.0 24.1842756529199 23.199223130256502
-192.5 24.18025559258419 23.196262002036832
-192.0 24.176253241429496 23.193318012846763
-191.5 24.172272181859107 23.190372680905007
-191.0 24.16825827066863 23.187423605476376
-190.5 24.164270954929485 23.18449934405347
-190.0 24.160286516288974 23.18156562560914
-189.5 24.156327655121324 23.178626179678872
-189.0 24.152353257195564 23.175701388552746
-188.5 24.14839831013576 23.172771122709186
-188.0 24.1444392436021 23.16985608227929
-187.5 24.14049615315316 23.16693059342348
-187.0 24.136543647588983 23.164013607699836
-186.5 24.132607326759796 23.16110705364531
-186.0 24.128662557847505 23.158197140120308
-185.5 24.124736720880247 23.155286322940807
-185.0 24.120803339885313 23.152383738263328
-184.5 24.116860534743246 23.149487028152453
-184.0 24.112902830297518 23.14655937290265
-183.5 24.10895488988539 23.14366373963032
-183.0 24.104997424844882 23.140737542129965
-182.5 24.101039495427173 23.1378293603658
-182.0 24.097073029168588 23.134911258452327
-181.5 24.0931008636857 23.13200242067135
-181.0 24.089131207034686 23.129096897809312
-180.5 24.085164356207084 23.126186014041764
-180.0 24.081198546734722 23.123274583299494
-179.5 24.077213510026567 23.120358568634217
-179.0 24.073253054527154 23.11745346392485
-178.5 24.069274452906203 23.114553055918154
-178.0 24.065324334373695 23.11164396779133
-177.50000000000006 24.0613388355382 23.108751996406582
-177.0 24.057382846258374 23.1058512322392
-176.5 24.05342516809801 23.102955185243196
-176.00000000000006 24.049466391507607 23.100057081542964
-175.5 24.045519611712685 23.09716062034642
-175.0 24.041572328047955 23.094279591828215
-174.50000000000006 24.03763128191916 23.091394823525413
-174.0 24.033692174667287 23.088503505776945
-173.5 24.029770900283026 23.085623984897374
-173.00000000000006 24.025839490515093 23.08275972804923
-172.5 24.021939228801948 23.079885455175045
-172.0 24.018021011370227 23.07701565747641
-171.50000000000006 24.01412999974186 23.074154103401995
-171.0 24.01024183787975 23.07129274823144
-170.5 24.006357790481083 23.068449986869794
-170.00000000000006 24.002483223938512 23.065598485962422
-169.5 23.99862705879865 23.062750550537334
-169.0 23.994773100148443 23.059905789106683
-168.50000000000006 23.99093223694939 23.05706810457876
-168.0 23.987101617443717 23.054251203396362
-167.5 23.98328355604039 23.05142672129564
-167.00000000000006 23.9794631421179 23.0486007177053
-166.5 23.975687674955534 23.045799555784193
-166.0 23.97191192753924 23.042989347206884
-165.50000000000006 23.968125666474172 23.040203490015635
-165.0 23.964396852314454 23.037396707135546
-164.5 23.960630009264378 23.03461331859554
-164.00000000000006 23.95690514628224 23.03184306932703
-163.5 23.95319237375787 23.029067067263295
-163.0 23.949509980340938 23.02630029774356
-162.50000000000006 23.945818213703774 23.023541615824655
-162.0 23.942158054728637 23.02078522509254
-161.5 23.93850757860605 23.018039541013756
-161.00000000000006 23.934863840893478 23.01532191665133
-160.5 23.931251981356993 23.01259072369683
-160.0 23.92765659083523 23.0098698436488
-159.50000000000006 23.924062908947583 23.007157002221096
-159.0 23.92049635602845 23.0044471318401
-158.5 23.916966472696707 23.001752797387738
-158.00000000000006 23.913419657496455 22.999072289045685
-157.5 23.909904686846836 22.99640278985987
-157.0 23.906414818496636 22.993731992316704
-156.50000000000006 23.90294303617268 22.99105895941458
-156.0 23.899498450332043 22.988409154527645
-155.5 23.896056949075515 22.98576578632761
-155.00000000000006 23.892643617999234 22.983134110532767
-154.5 23.889253474813323 22.980511410647946
-154.0 23.88587655732792 22.977902010931427
-153.50000000000006 23.882523244583822 22.9752960744899
-153.0 23.879190283470322 22.97270085814936
-152.5 23.875860310941988 22.970109169336446
-152.00000000000006 23.872590762663002 22.967544389027633
-151.5 23.86931345583615 22.9649758861394
-151.0 23.866070888193946 22.962424152511183
-150.50000000000006 23.862850052018572 22.959880554581854
-150.0 23.859635828417286 22.957340544889327
-149.5 23.856470358176963 22.9548183718341
-149.00000000000006 23.85331275455655 22.952310157645677
-148.5 23.850176639162292 22.949802850075752
-148.0 23.847077768317906 22.947310836509157
-147.50000000000006 23.843991360671396 22.94482280586608
-147.0 23.84090196004527 22.942353590788493
-146.5 23.837833548385632 22.939883884951207
-146.00000000000006 23.834767585171925 22.93742183138308
-145.5 23.831714002065535 22.934962467011005
-145.0 23.82866828438642 22.932501883953353
-144.50000000000006 23.82563629535745 22.930040845223537
-144.0 23.822590342827482 22.927590298561704
-143.5 23.81957820627759 22.925149749101003
-143.00000000000006 23.81655933046309 22.92270917222251
-142.5 23.813561771702144 22.92026730910958
-142.0 23.81055532734059 22.917850575375866
-141.50000000000006 23.807585722718212 22.915424141597786
-141.0 23.804598560168223 22.91300588292408
-140.5 23.801635653252 22.91059960823982
-140.00000000000006 23.798690002906614 22.90818570711163
-139.5 23.795756643082406 22.905782021733327
-139.0 23.792817151307876 22.903384274301267
-138.50000000000006 23.789885905901173 22.900995204157347
-138.0 23.786966570642 22.898608024686297
-137.5 23.784065520630193 22.89622501834408
-137.00000000000006 23.781189126512817 22.89386136605323
-136.5 23.778300397841605 22.89149534285288
-136.0 23.775444330740065 22.889131120808628
-135.50000000000006 23.772576225637483 22.886772311121426
-135.0 23.76972974408741 22.88441435130754
-134.5 23.76691288722876 22.882073165511827
-134.00000000000006 23.764084171505427 22.879737787887834
-133.5 23.761267700755837 22.877413317889967
-133.0 23.758472357957526 22.87508390064898
-132.50000000000006 23.755701842842928 22.872766534714543
-132.0 23.752921386640843 22.870443132979652
-131.5 23.75016458321866 22.868133462335614
-131.00000000000006 23.747412507116294 22.865841965866878
-130.5 23.74467681538252 22.863542704149587
-130.0 23.74194425677373 22.861260806103022
-129.50000000000006 23.739237038880184 22.858976355718248
-129.0 23.73653972913413 22.85670343891931
-128.5 23.733861132601923 22.85443155616853
-128.00000000000006 23.73119397337849 22.852177247941356
-127.5 23.728529600712818 22.849919969728937
-127.0 23.725885455615924 22.84767331932988
-126.50000000000006 23.723256057635172 22.845436189982784
-126.0 23.72062838047971 22.843195546753137
-125.5 23.71804191286335 22.840972338062798
-125.00000000000006 23.7154521919351 22.83875075072148
-124.5 23.712870828388617 22.836544622758733
-124.0 23.710327387939756 22.834334067459594
-123.50000000000006 23.707766865560785 22.83213167522554
-123.0 23.705244040921286 22.82994442317034
-122.5 23.702728040092538 22.827769134100716
-122.00000000000006 23.700220773405405 22.82557540228787
-121.5 23.697720131525276 22.823419972108212
-121.0 23.69526900957524 22.821248331033622
-120.50000000000006 23.692814980678925 22.81909445477013
-120.0 23.69037451280859 22.81694769594125
-119.5 23.6879426445823 22.81481071278543
-119.00000000000006 23.685528611528902 22.81267628345106
-118.5 23.683132592356305 22.81055463827521
-118.0 23.680749806600968 22.808435173552674
-117.50000000000006 23.678397672701767 22.80633159007283
-117.0 23.676047221526314 22.804228587818546
-116.5 23.67371413612979 22.80213083461128
-116.00000000000006 23.671390247024974 22.800047236618987
-115.5 23.669093244975215 22.797968410321463
-115.0 23.666807356322188 22.795898742366177
-114.50000000000006 23.66454271160297 22.793841390120008
-114.0 23.662287397368893 22.791782703361804
-113.5 23.660056008261392 22.789733389583997
-113.00000000000006 23.65783321733218 22.787695847074808
-112.5 23.655633918270823 22.78567005983645
-112.0 23.6534454449681 22.783643142434535
-111.50000000000006 23.651273656611448 22.781625189661362
-111.0 23.64911646627531 22.779627700289886
-110.5 23.646993439886227 22.777629503331287
-110.00000000000006 23.644866360238787 22.775639878612402
-109.5 23.642773546522328 22.773670502637962
-109.0 23.64067170563207 22.771682972683422
-108.50000000000006 23.638597916928315 22.76971597649773
-108.0 23.63654050111837 22.767751499597804
-107.5 23.634478019750965 22.765791824791428
-107.00000000000006 23.63244629283349 22.763849390540912
-106.5 23.63041420198337 22.761910559974545
-106.0 23.6283902680354 22.759960268009515
-105.50000000000006 23.62637449685572 22.75803168202632
-105.0 23.624384243365824 22.756110847427248
-104.5 23.62240148273561 22.754186354260817
-104.00000000000006 23.620427260830503 22.752272017906336
-103.5 23.6184470035465 22.750360095233017
-103.0 23.616513442179006 22.748462915785808
-102.50000000000006 23.614583536304345 22.74656574717553
-102.0 23.6126445585148 22.74467957668697
-101.5 23.61073346252139 22.742798097635124
-101.00000000000006 23.608826622328966 22.740918391437273
-100.5 23.606928579462835 22.73904666120321
-100.0 23.605048634043115 22.737172237739465
-99.50000000000006 23.603170294002478 22.735316569616106
-99.0 23.60131208157435 22.733467762915872
-98.5 23.59946240789954 22.731612510018206
-98.00000000000006 23.59763426806532 22.729774749240917
-97.5 23.59579819969912 22.72792744636415
-97.0 23.593976664725584 22.726097907980666
-96.50000000000006 23.59218094180232 22.72427237836993
-96.0 23.590385684249924 22.72245467845429
-95.5 23.588610507326774 22.720635951322667
-95.00000000000006 23.586814656080563 22.71882706395441
-94.5 23.585063932895977 22.717023045932926
-94.0 23.58331668670704 22.715218075815436
-93.50000000000006 23.581579017567826 22.71343498376647
-93.0 23.5798440089885 22.711651466343184
-92.5 23.578132892366405 22.709867073115475
-92.00000000000006 23.576424739025434 22.708085913990544
-91.5 23.574727625699 22.706318690495742
-91.0 23.57304948521607 22.704566539652234
-90.50000000000006 23.571363826155725 22.702803296675953
-90.0 23.569708194031094 22.701048668400112
-89.5 23.568056725973396 22.69929854648769
-89.00000000000006 23.566415957119993 22.697560401825776
-88.5 23.564790966653987 22.69582176846169
-88.0 23.563161688274036 22.694090954868088
-87.50000000000006 23.561547460366604 22.692362109170915
-87.0 23.559974035056417 22.690647380890766
-86.5 23.55838647908531 22.688935178865513
-86.00000000000006 23.556799454979345 22.687223120143866
-85.5 23.555237768219406 22.685517408219408
-85.0 23.553693631112402 22.68382120823938
-84.50000000000006 23.552128194990107 22.682127244530562
-84.0 23.550603542250755 22.680447250886644
-83.5 23.549088310721675 22.678761664458257
-83.00000000000006 23.547571222450724 22.677077278702292
-82.5 23.546074008562915 22.675414576806027
-82.0 23.54458746945641 22.673748272284495
-81.50000000000006 23.543115957028533 22.672089057316633
-81.0 23.541635466395512 22.67043035245095
-80.5 23.54018033253391 22.668778050812122
-80.00000000000006 23.53873813212583 22.667139476811066
-79.5 23.537297054348826 22.665505633749042
-79.0 23.535865188382893 22.66386619854355
-78.50000000000006 23.534453462274143 22.662241878966306
-78.0 23.53306042845723 22.660616738567537
-77.5 23.531650428071053 22.658991209201776
-77.00000000000006 23.530282568023328 22.657382791582176
-76.5 23.528894851409028 22.65577077749958
-76.0 23.52753780819601 22.65417050736272
-75.50000000000006 23.526191652925448 22.652577817608815
-75.0 23.5248495567121 22.65098205022566
-74.5 23.52352450786331 22.649395940938504
-74.00000000000006 23.5222150501996 22.6478123611982
-73.5 23.52088914505366 22.646235508191918
-73.0 23.51958990829255 22.644671794991844
-72.50000000000006 23.518302129749795 22.64310024573352
-72.0 23.51702796936278 22.641542020945863
-71.5 23.515757921577233 22.639992474453653
-71.00000000000006 23.51452114764054 22.63843330383365
-70.5 23.51325351950036 22.63688533746768
-70.0 23.51202138241971 22.635345774288474
-69.50000000000006 23.510789784555193 22.63380654528948
-69.0 23.50955941857154 22.632278372095463
-68.5 23.50835941548005 22.63075338948003
-68.00000000000006 23.50713758827055 22.62922185505615
-67.5 23.50594509582492 22.62770702398436
-67.0 23.504762147970624 22.626194785060676
-66.50000000000006 23.50359558906103 22.624679806707174
-66.0 23.502417230176786 22.623171551289772
-65.5 23.501255892927503 22.621674143297454
-65.00000000000006 23.5001065684639 22.62016958450843
-64.5 23.49896143138405 22.61868807272512
-64.0 23.497833753990676 22.617192243891555
-63.50000000000006 23.496704189396098 22.615716952382048
-63.0 23.495597877597362 22.61424730884508
-62.5 23.49448873468487 22.612763157935344
-62.00000000000006 23.49339927292391 22.611291244128356
-61.5 23.492289186033624 22.609830142993943
-61.0 23.491224349303042 22.60836949831981
-60.50000000000006 23.49013759348972 22.606909846278754
-60.0 23.48908866891204 22.605461106821867
-59.5 23.488017498977886 22.604012387652922
-59.00000000000006 23.48698875719237 22.602578446207794
-58.5 23.485949767712547 22.60112860968188
-58.0 23.484931666696973 22.59969710814467
-57.50000000000006 23.483917538569187 22.59826959964917
-57.0 23.482908135801054 22.59684227047257
-56.5 23.481907885983865 22.595428919274944
-56.00000000000006 23.480920440795458 22.594010305366258
-55.5 23.47994949100876 22.59259502872907
-55.0 23.478967981971092 22.591191533125603
-54.50000000000006 23.47801017655353 22.589791102067277
-54.0 23.477058600510343 22.588392052088327
-53.5 23.476114162652827 22.586996071444247
-53.00000000000006 23.475177665938638 22.58560854066939
-52.5 23.474248389216367 22.58422610122168
-52.0 23.473342541247987 22.582847137131306
-51.50000000000006 23.47243346985225 22.581464434798526
-51.0 23.4715374586761 22.58009341995392
-50.5 23.470645616452643 22.578725158308345
-50.0 23.469761489211706 22.577370263635466
-49.5 23.468899219438356 22.57600340065189
-49.0 23.46803272771708 22.574654892082563
-48.5 23.467198086837904 22.573315927436397
-48.0 23.466355031782417 22.571962882540962
-47.5 23.46551730992799 22.570633676382215
-47.0 23.464694776971168 22.56928657554311
-46.5 23.463879762533416 22.56795839354482
-46.0 23.46308999369553 22.566630707621655
-45.5 23.462284505957435 22.565310450970163
-45.0 23.46151725574765 22.563998264679704
-44.5 23.460732769812076 22.562674826428086
-44.0 23.45997360268766 22.56136569590703
-43.5 23.45921251460041 22.56006149759297
-43.0 23.4584787635867 22.558766760044794
-42.5 23.457737379848595 22.55747370474896
-42.0 23.457001992361416 22.55618587436107
-41.5 23.456292208418535 22.554893855588496
-41.0 23.455585403679187 22.553609414444406
-40.5 23.454895221796534 22.552339828779946
-40.0 23.454207291578655 22.551061096150747
-39.5 23.4535197612967 22.54979361976416
