FastTrWP/PhaseSpace/IAs/snIa_0.69_30.00_-1.13_0.02.csv
# %ECSV 0.9
# ---
# datatype:
# - {name: time-rel, datatype: float64}
# - {name: g, datatype: float64}
# - {name: i, datatype: float64}
# schema: astropy-2.0
time-rel g i
109.875 26.99870128856514 25.98708132572165
110.375 26.993207253853242 25.97119444233348
110.875 26.987700136778635 25.955434443661044
111.375 26.982293184001215 25.93986096008283
111.875 26.976797045960804 25.924428891830832
112.375 26.971403191751293 25.909119661746935
112.875 26.96596643372275 25.894005694636096
113.375 26.96060626455973 25.87896830179854
113.875 26.95521108824588 25.864124792046063
114.375 26.94988672942463 25.849425776297025
114.875 26.94449941636008 25.83481133600816
115.375 26.939159166101604 25.82037539931457
115.875 26.933887741465025 25.806036276335888
116.375 26.92855046659556 25.79182394203645
116.875 26.923183995410263 25.777816237929233
117.375 26.917949060416774 25.763879635290927
117.875 26.91275916198771 25.75007970805068
118.375 26.907486926798775 25.736358491513688
118.875 26.902316016704305 25.722807249740086
119.375 26.89709675100229 25.709343326185497
119.875 26.891898564741503 25.696029196472885
120.375 26.886739356236223 25.682830711418163
120.875 26.88160333657561 25.669738211707887
121.375 26.876429104705363 25.656726939922375
121.875 26.87135647634378 25.643837710244924
122.375 26.86623476971247 25.631064150847614
122.875 26.861102372761415 25.618412753454372
123.375 26.856097657253844 25.60586090398963
123.875 26.85103937492654 25.593399822699826
124.375 26.845957908949067 25.58103075767641
124.875 26.84096097098022 25.568807912300354
125.375 26.83587276841466 25.55666800846925
125.875 26.830939295860627 25.544604925558005
126.375 26.825995207730358 25.532646860506304
126.875 26.820960751958857 25.5208203819304
127.375 26.816086940337428 25.509053356825845
127.875 26.811126912931712 25.49739187828214
128.375 26.80624866776484 25.48582526669761
128.875 26.801319399383576 25.474358885425094
129.375 26.79643109362925 25.462965963485548
129.875 26.7915641967034 25.451667307400733
130.375 26.786746055995753 25.44046178854003
130.875 26.781933480663863 25.429318976597195
131.375 26.77710229343344 25.418287856222772
131.875 26.77234421355088 25.40734512308207
132.375 26.76757657756039 25.39644998387208
132.875 26.76285378076196 25.385593052355024
133.375 26.758148568401143 25.374836640806258
133.875 26.753413518434918 25.364155260963244
134.375 26.74883527079979 25.353522192532445
134.875 26.74419282136312 25.34293606931254
135.375 26.73964138680262 25.332438436210573
135.875 26.735023459636867 25.321984083412094
136.375 26.730503863725875 25.311614441441353
136.875 26.725954994941322 25.30129991128936
137.375 26.721421302368725 25.291061053359382
137.875 26.71698732135493 25.280858236802896
138.375 26.712494466087033 25.27073692323775
138.875 26.708049299957747 25.260649443339194
139.375 26.70364901335247 25.250612647053742
139.875 26.69922880807977 25.240664676611768
140.375 26.694815707648118 25.230741328646484
140.875 26.6904789027351 25.2208984244579
141.375 26.68609786799566 25.211110226369765
141.875 26.6817331074692 25.201376374165186
142.375 26.67737297449285 25.191688478154752
142.875 26.673014664275353 25.182057201931745
143.375 26.668758015526663 25.172491308468476
143.875 26.664448077681918 25.162969135009035
144.375 26.660180583854896 25.15350672160183
144.875 26.65590339395592 25.144098910786113
145.375 26.651582793631476 25.134744274729307
145.875 26.647352874531354 25.12542495534224
146.375 26.643125820662043 25.11616915873073
146.875 26.638878057568217 25.106940623583597
147.375 26.634627644901542 25.097788635312885
147.875 26.630362613509625 25.088659651166978
148.375 26.62619749571085 25.07960152489573
148.875 26.621966425215767 25.070588399554197
149.375 26.617733663514436 25.06161507344711
149.875 26.61353257808353 25.05269832406084
150.375 26.609363840493888 25.043816867278554
150.875 26.605093025463937 25.034996293059383
151.375 26.60091190820917 25.026219034834455
151.875 26.59670552346007 25.01745937135904
152.375 26.592479511999237 25.00878823075596
152.875 26.5883079887438 25.00014421471471
153.375 26.584097467663604 24.991532269746447
153.875 26.579905000243286 24.982982068337254
154.375 26.57569436628435 24.974470634943135
154.875 26.57149442721659 24.965991030572205
155.375 26.567316381926194 24.95757001114636
155.875 26.5631071965461 24.949164173610036
156.375 26.558900044743787 24.940852647621135
156.875 26.55467948587961 24.932518536517264
157.375 26.550466217640807 24.92429357899947
157.875 26.546245781796777 24.91605445788561
158.375 26.541997933937054 24.907897261558908
158.875 26.537782496475607 24.89974882049559
159.375 26.533576626741784 24.89163606003971
159.875 26.529302320512983 24.88358939041534
160.375 26.525078770938837 24.875581858742336
160.875 26.520815178949842 24.86760241530376
161.375 26.516603582510175 24.85967307582238
161.875 26.512322186684536 24.851764019438505
162.375 26.50803987894207 24.843876035365877
162.875 26.5037416641789 24.836068263627528
163.375 26.49949380565468 24.828280711738174
163.875 26.495203944483965 24.820519069821305
164.375 26.490887973861344 24.812810659674476
164.875 26.48658146571854 24.805127372971402
165.375 26.482230920392077 24.797467158020297
165.875 26.477871604748707 24.789879232189765
166.375 26.473592952970186 24.78229938241173
166.875 26.469228318217638 24.774777650696866
167.375 26.464827322314306 24.76727566151267
167.875 26.460451188265765 24.75978664858989
168.375 26.4560151022171 24.752366154941594
168.875 26.45165702300616 24.744964611876995
169.375 26.447285829119345 24.737600629835285
169.875 26.442830473469037 24.730279260316642
170.37499999999997 26.438379753461586 24.72299590482574
170.875 26.43392820322393 24.71570641182129
171.375 26.429468809334683 24.708493076230404
171.87499999999997 26.425019471464385 24.70129283225676
172.375 26.420508975876512 24.694146600095834
172.875 26.41609083924414 24.68700417832977
173.37499999999997 26.411639198742243 24.679900636110116
173.875 26.40719159445714 24.672796989256895
174.375 26.40279302590296 24.6657776584279
174.87499999999997 26.398440028207155 24.65874613338493
175.375 26.394036695902177 24.651746030034403
175.875 26.389657588799864 24.644794718534637
176.37499999999997 26.385328266908218 24.63785266199606
176.875 26.38095585054245 24.630953212055374
177.375 26.376565972943734 24.624079776240176
177.87499999999997 26.3722447097596 24.6172322093173
178.375 26.36795160221393 24.610413614730412
178.875 26.363631427880428 24.60361566713725
179.37499999999997 26.359293947530613 24.596852663575017
179.875 26.355054535795617 24.59010134167908
180.375 26.350710528966044 24.58337745974128
180.87499999999997 26.34639756253151 24.576679420522293
181.375 26.34211702478347 24.570035321978075
181.875 26.337817933957307 24.563374143811906
182.37499999999997 26.333550967801138 24.55677183488172
182.875 26.329294856698382 24.550163031150216
183.375 26.325004454015914 24.543608858486074
183.87499999999997 26.32069353912388 24.537074517174688
184.375 26.31642269662484 24.530546538634095
184.875 26.31217921945067 24.52406771827527
185.37499999999997 26.307869911723614 24.517609682840007
185.875 26.30362139491764 24.511150628015358
186.375 26.29934471209456 24.50473031944459
186.87499999999997 26.29509025910956 24.49834676977998
187.375 26.290769939239595 24.49195210955172
187.875 26.28649763878584 24.485610276889098
188.37499999999997 26.282205020059077 24.47925840824186
188.875 26.277937271671348 24.472973794456966
189.375 26.273643629100327 24.46668818018416
189.87499999999997 26.269331464138254 24.46041255866122
190.375 26.265069672663817 24.454192442065583
190.875 26.260739810041514 24.447974999080245
191.37499999999997 26.256430933626543 24.441772486634875
191.875 26.252131510153262 24.43560296446079
192.375 26.24777479517612 24.42944207339902
192.87499999999997 26.24349138964394 24.423302113144736
193.375 26.239178513121225 24.417204493861643
193.875 26.234791598190323 24.41112946666784
194.37499999999997 26.23046157340422 24.405031978398434
194.875 26.226122434020056 24.39898760687246
195.375 26.22174103636242 24.392969409691275
195.87499999999997 26.21735335197526 24.38694995041113
196.375 26.212940278204016 24.380964077100508
196.875 26.2085781317529 24.374995211711266
197.37499999999997 26.20414491370243 24.369051132578022
197.875 26.199735493337627 24.36312063853459
198.375 26.19532428984719 24.357213502639382
198.87499999999997 26.19088101320156 24.351317543160206
199.375 26.18646628521244 24.34543557621357
199.875 26.18197686942119 24.339594465952473
200.37499999999997 26.17749967982645 24.333761643640585
200.875 26.173050450887835 24.327959632034396
201.375 26.1685184631451 24.3221463878601
201.87499999999997 26.164041687045025 24.316368614361494
202.375 26.15952137585741 24.310611153592912
202.875 26.155024776499992 24.304881501205998
203.37499999999997 26.150479679989324 24.29915744237814
203.875 26.145899714756222 24.29343775328111
204.375 26.14134664619619 24.287754962136688
204.87499999999997 26.136756197169966 24.28208415414302
205.375 26.13215334015569 24.27643789142881
205.875 26.12757331733699 24.270812641031153
206.37499999999997 26.122915608808995 24.265179854415745
206.875 26.118282766085258 24.259585651368837
207.375 26.113606902158555 24.253998963297136
207.87499999999997 26.1089522643309 24.248430584303332
208.375 26.104266086903515 24.242889792954692
208.875 26.099539227982234 24.237354062004872
209.37499999999997 26.09483294598194 24.23182766316883
209.875 26.0900986564899 24.226326389211728
210.375 26.08536507166785 24.22085292249404
210.87499999999997 26.080560106012882 24.21538978276925
211.375 26.075802096430234 24.20993144666104
211.875 26.071017963195846 24.204496653954127
212.37499999999997 26.0661593716052 24.19907876264564
212.875 26.06136863704258 24.19367338327795
213.375 26.056503802692635 24.188277226434174
213.87499999999997 26.051692024118616 24.182917191026725
214.375 26.04692321614733 24.177552754675634
214.875 26.042049906580814 24.172232385624383
215.37499999999997 26.03720610296339 24.166910583134026
215.875 26.032339126717623 24.161588557356872
216.375 26.027464298147542 24.156303250645344
216.87499999999997 26.022606151041995 24.15103857051074
217.375 26.01779512411474 24.1457531933804
217.875 26.012899478059524 24.14050379689664
218.37499999999997 26.008066970232964 24.135285767166515
218.875 26.003184791957246 24.13006952347348
219.375 25.998330984496416 24.124875815146854
219.87499999999997 25.993441259366993 24.11968985618172
220.375 25.98855680996996 24.114515669319307
220.875 25.98369977178153 24.109359840442956
221.37499999999997 25.97879611156724 24.104210543690062
221.875 25.973899877606033 24.099080979671577
222.375 25.969033654333423 24.093965893307146
222.87499999999997 25.96414895794705 24.088881846091308
223.375 25.959254236462222 24.083798545780812
223.875 25.954368429776586 24.078706186627876
224.37499999999997 25.949496722411453 24.073655751667555
224.875 25.944601502927526 24.068613021198402
225.375 25.93970669763125 24.06357110314328
225.87499999999997 25.93481126430682 24.05856514907404
226.375 25.929933983068672 24.05357491932786
226.875 25.925032054177922 24.048558536768546
227.37499999999997 25.920103918662846 24.04359974287598
227.875 25.915219699696625 24.0386337398808
228.375 25.91032721209468 24.033673190963594
228.87499999999997 25.90543194043024 24.028747075868687
229.375 25.900519403470092 24.023808583734294
229.875 25.895608077492945 24.018909119058147
230.37499999999997 25.89073732724629 24.014004736535316
230.875 25.885813602324944 24.009110737162878
231.375 25.880923408539523 24.004256900752136
231.87499999999997 25.87606395625079 23.999382853577643
232.375 25.871136922368805 23.994529164592002
232.875 25.86625429655465 23.989706104480337
233.37499999999997 25.861376357443582 23.984869424373933
233.875 25.85646707241889 23.9800470575382
234.375 25.851560629287988 23.975260257773773
234.875 25.846687181990013 23.970460532501995
235.375 25.8418044180477 23.965674695564353
235.875 25.836903153892315 23.960931680665624
236.375 25.832016804636417 23.956176482970303
236.875 25.827121091361917 23.95141947124072
237.375 25.82227522445756 23.946693788532
237.875 25.817395120156107 23.94197206337516
238.375 25.812489401462102 23.937255048259438
238.875 25.807618523967363 23.93255506087867
239.375 25.80271291688369 23.927874261677804
239.875 25.7978484951445 23.923210377202434
240.375 25.792999803848865 23.91854479042205
240.875 25.788083306354082 23.91389056610288
241.375 25.78324374126836 23.909237430766773
241.875 25.77838703046744 23.904616744653403
242.375 25.773538995412288 23.89999769757521
242.875 25.768676414974927 23.895395821892016
243.375 25.763844951355736 23.89078780677916
243.875 25.758964257079246 23.88618677620212
244.375 25.75409362379794 23.881621638014057
244.875 25.749238874817117 23.877061498130313
245.375 25.74441061932113 23.87249882337311
245.875 25.739564501626685 23.867947569029432
246.375 25.73470010416544 23.863411175638397
246.875 25.729906642796195 23.85889452722697
247.375 25.72502960386697 23.85437286736556
247.875 25.720206954790278 23.849849576563532
248.375 25.715388485917995 23.84537463664104
248.875 25.710536348002925 23.840877286558424
249.375 25.705758269084285 23.836422179196326
249.875 25.700895103571693 23.8319480690318
250.375 25.6961049771023 23.827478957293593
250.875 25.69127560175973 23.823038466442945
251.375 25.686480886358773 23.81860140157219
251.875 25.68169930269148 23.814160005014678
252.375 25.676905609038833 23.809762089360717
252.875 25.67208635289915 23.805355609744275
253.375 25.667262619234677 23.800941046512413
253.875 25.662525794392682 23.796554708307447
254.375 25.657749984966408 23.792171974139485
254.875 25.65295377371632 23.78781090010348
255.375 25.648193747667523 23.78344981440381
255.875 25.64338372189827 23.77910993494996
256.375 25.638625783534902 23.774769913645688
256.875 25.63385235960794 23.77044366993101
257.375 25.629138774049906 23.766118570350883
257.875 25.62437260254346 23.761829446640732
258.375 25.61963260464578 23.75753093820255
258.875 25.614879752651937 23.75323517804882
259.375 25.610151992136927 23.748965480638088
259.875 25.605384165327383 23.744692930983895
260.375 25.60067052123713 23.740432995882237
260.875 25.5959703620376 23.736183553478423
261.375 25.591212975027993 23.731948791833265
261.875 25.586525939477962 23.727709216624156
262.375 25.581784540654873 23.72349762826309
262.875 25.577080000574565 23.71928013440624
263.375 25.572393279146063 23.715068466280673
263.875 25.567680518047126 23.710878680956547
264.375 25.562981957659225 23.706700046424455
264.875 25.558284692246275 23.702516738725322
265.375 25.553604329510236 23.698346353524936
265.875 25.548916695905135 23.694187865199247
266.375 25.544251739826333 23.690043167091407
266.875 25.539571444783995 23.685898198625278
267.375 25.53490197499518 23.681769795832505
267.875 25.53025972341773 23.677631954509376
268.375 25.52557826110978 23.67352666069756
268.875 25.520932073196704 23.669406748011607
269.375 25.516278088207653 23.665305951838537
269.875 25.511639915395918 23.66122355897877
270.375 25.50698632665174 23.657148838129842
270.875 25.502372463634735 23.65305879019769
271.375 25.497718890649427 23.64900202560287
271.875 25.49310120356475 23.644931701761543
272.375 25.488464493328937 23.640878894594344
272.875 25.48383408438347 23.636843444707626
273.375 25.47922205936902 23.632808877173474
273.875 25.474639211575564 23.628767792731633
274.375 25.469988130341786 23.624760254303045
274.875 25.465429765802643 23.620748734947373
275.375 25.460811965316662 23.616733126706357
275.875 25.456230766274047 23.612736666341966
276.375 25.451652891695055 23.60874748540498
276.875 25.44706859712743 23.604754650062528
277.375 25.44248309696436 23.600790109819897
277.875 25.43789093360192 23.59680653739558
278.375 25.433338556999352 23.592844239962382
278.875 25.42874959415791 23.588890576978056
279.375 25.42422155876163 23.58495091025411
279.875 25.41964651256663 23.581009423927984
280.375 25.415102888670997 23.577074989990475
280.875 25.410574861971817 23.573146934957908
