FastTrWP/PhaseSpace/IAs/snIa_0.6_20_0.0_0.0.csv
# %ECSV 0.9
# ---
# datatype:
# - {name: time-rel, datatype: float64}
# - {name: g, datatype: float64}
# - {name: i, datatype: float64}
# schema: astropy-2.0
time-rel g i
-13.6875 -24.45614240005439 -26.110676539274387
-13.1875 -24.46197421247888 -26.115230342685578
-12.6875 -24.46780370349329 -26.119757847018526
-12.1875 -24.47363137458186 -26.124279000848325
-11.6875 -24.479426971769694 -26.128777958927003
-11.1875 -24.485182036130595 -26.13327040010686
-10.6875 -24.490952803337713 -26.137736302472764
-10.1875 -24.496720588602003 -26.14219793277661
-9.6875 -24.502463710798082 -26.146651874014886
-9.1875 -24.508182617863632 -26.151082266736
-8.6875 -24.513892291311464 -26.15550316802231
-8.1875 -24.519572583124003 -26.15989067168521
-7.6875 -24.525249739390922 -26.16429051803653
-7.1875 -24.53090734713293 -26.168672099687576
-6.687500000000001 -24.536541022226707 -26.173021193985882
-6.1875 -24.54220091470725 -26.177378447668286
-5.6875 -24.54782012665602 -26.18170897623266
-5.1875 -24.553396289902526 -26.186017542960872
-4.6875 -24.558995772887286 -26.190317621795927
-4.1875 -24.56457305331247 -26.19460380069406
-3.6875 -24.570129820474147 -26.198880764726077
-3.1875 -24.575714946772905 -26.203145305917744
-2.6875 -24.58124141399328 -26.20738679389353
-2.1875 -24.58677106095816 -26.21161253751759
-1.6875 -24.592304312156024 -26.215829566611987
-1.1875000000000018 -24.59778273127755 -26.220043806981963
-0.6875 -24.603268450931406 -26.22422490898596
-0.1875 -24.60875269875931 -26.2283926255223
0.3124999999999982 -24.61421138323445 -26.232560852386055
0.8125 -24.619644178507816 -26.236717081494525
1.3125 -24.625082192273013 -26.24083678687031
1.8124999999999982 -24.63052095070215 -26.244963545550462
2.3125 -24.635963465272106 -26.24907819576588
2.8125 -24.641347997262177 -26.25314809922767
3.3125 -24.646739112411606 -26.257228937616823
3.8125 -24.652113230471805 -26.261295064345713
4.3125 -24.657464058330945 -26.265337559131368
4.8125 -24.662843633434733 -26.26936767006539
5.3125 -24.6681891467303 -26.273384070235014
5.8125 -24.673529547628657 -26.277403646301227
6.3125 -24.678851404018175 -26.28138512044481
6.8125 -24.68415094062436 -26.285370090466046
7.3125 -24.6894565845879 -26.289335240707135
7.8125 -24.694731547665604 -26.293293329032355
8.3125 -24.700000956796803 -26.297239586821334
8.8125 -24.705250917131544 -26.301165780253278
9.3125 -24.7105031983386 -26.305077748051104
9.8125 -24.715731914914606 -26.309003939691898
10.3125 -24.72092511897939 -26.312896530385572
10.8125 -24.72615246800618 -26.316781307288434
11.312499999999996 -24.731345723323518 -26.320652878593222
11.8125 -24.73651309185646 -26.32451042350191
12.3125 -24.74167757479513 -26.328379878065636
12.812499999999996 -24.746839576060186 -26.332200042502095
13.3125 -24.751999476638524 -26.33604993853237
13.8125 -24.757116780434135 -26.339859067400244
14.312499999999996 -24.762231316749407 -26.34366688988372
14.8125 -24.767338798424667 -26.347457683407537
15.3125 -24.772439841232433 -26.35124187545836
15.812499999999996 -24.77753132713435 -26.35502901871537
16.3125 -24.782611385350016 -26.358781620769008
16.8125 -24.78765894272192 -26.36254478303394
17.312499999999996 -24.79273760664909 -26.366287165904325
17.8125 -24.79774383155641 -26.37003869470407
18.3125 -24.802777889294706 -26.373749996332158
18.8125 -24.807795087022456 -26.377460874979505
19.3125 -24.812796852370475 -26.381157486106595
19.8125 -24.81777965915573 -26.384854654529647
20.3125 -24.82277441516738 -26.388538311225375
20.8125 -24.82770910752111 -26.39221046194043
21.3125 -24.832685290330645 -26.395882459196997
21.8125 -24.83761877428295 -26.39953733056029
22.3125 -24.84256731677965 -26.403183069952295
22.8125 -24.847498353414224 -26.406821280721008
23.3125 -24.852418110604383 -26.410446588253592
23.8125 -24.857305330641744 -26.414070008946645
24.3125 -24.8622206659833 -26.4176830334804
24.8125 -24.86710912850407 -26.421281282004347
25.3125 -24.871976059427418 -26.42486771303824
25.8125 -24.876830799838558 -26.428451791670188
26.3125 -24.881676280111044 -26.432034287728662
26.8125 -24.88650741547066 -26.43558755683766
27.3125 -24.89136084047157 -26.439146144449168
27.8125 -24.896178159581545 -26.442701888192282
28.3125 -24.900960641431375 -26.4462369121264
28.8125 -24.905782214480997 -26.449765368103062
29.3125 -24.910548925683372 -26.453288765236557
29.8125 -24.915348866781727 -26.456806608625737
30.3125 -24.92011379549673 -26.460317352605305
30.8125 -24.924853024092265 -26.463812349350853
31.3125 -24.929640927066963 -26.46728931204191
31.8125 -24.934356690344764 -26.470774368497388
32.3125 -24.939085090923236 -26.474249367435387
32.8125 -24.94379569542765 -26.47771782465986
33.3125 -24.94853968679912 -26.481178235189233
33.8125 -24.953218894456903 -26.48463219764393
34.3125 -24.957902255338517 -26.488077712440163
34.81249999999999 -24.962594766783145 -26.49151227452085
35.3125 -24.96727228438527 -26.494947092292453
35.8125 -24.971925045954325 -26.498342161500016
36.31249999999999 -24.976579503152788 -26.50177280943594
36.8125 -24.98123527219816 -26.50517298713916
37.3125 -24.985880085436307 -26.508573754782837
37.81249999999999 -24.990492608454097 -26.51195684278874
38.3125 -24.995091458981538 -26.51534973824214
38.8125 -24.999724521707407 -26.51872788868149
39.31249999999999 -25.004307408676212 -26.52207958111645
39.8125 -25.008905623297984 -26.525456552975243
40.3125 -25.0134781028284 -26.52880795465654
40.81249999999999 -25.018062231971896 -26.53216031577911
41.3125 -25.022608649956734 -26.53548941133858
41.8125 -25.02715914496318 -26.53883209956874
42.31249999999999 -25.031692882437863 -26.542163615203933
42.8125 -25.03625324957857 -26.545481414963298
43.3125 -25.04076712418508 -26.548786742224625
43.81249999999999 -25.045290596267762 -26.552107665152718
44.3125 -25.049812626545027 -26.55539682440547
44.8125 -25.05431749266345 -26.558691272818052
45.31249999999999 -25.058795589977343 -26.561990345045345
45.8125 -25.063264396167312 -26.565260270869082
46.3125 -25.067736429223835 -26.568533547287952
46.81249999999999 -25.07220968684612 -26.571791473857903
47.3125 -25.07663195598218 -26.575049334139756
47.8125 -25.08108559332318 -26.578294281310434
48.31249999999999 -25.085519544637165 -26.581535920165926
48.8125 -25.08994418436194 -26.584781017453572
49.3125 -25.094371657400867 -26.587994079513706
49.81249999999999 -25.09878191438981 -26.59121405594435
50.3125 -25.10317224260094 -26.59442956232255
50.8125 -25.107550353321248 -26.59763793514064
51.3125 -25.111910664786436 -26.600840124487828
51.8125 -25.116309929523297 -26.60401998493829
52.3125 -25.120651662766416 -26.607210815170607
52.8125 -25.125023289431525 -26.61037345003827
53.3125 -25.129351183574208 -26.61355747267581
53.8125 -25.133702364823364 -26.616724623677946
54.3125 -25.13802026711457 -26.619876017560408
54.8125 -25.142335833436885 -26.623031691785908
55.3125 -25.146645397267903 -26.626167059427498
55.8125 -25.150949424507886 -26.629309696239805
56.3125 -25.15523946011044 -26.63244513945078
56.8125 -25.159525407276384 -26.63557164185761
57.3125 -25.163789672624034 -26.638687773405053
57.8125 -25.168052498130535 -26.641800206537553
58.3125 -25.1723456924976 -26.644912749520117
58.8125 -25.176594854791574 -26.64800134661614
59.3125 -25.18083222273534 -26.651095569811304
59.8125 -25.185063399452755 -26.654187832190225
60.3125 -25.18930986209785 -26.65727271293486
60.8125 -25.193524898155935 -26.66035724325544
61.3125 -25.197713606881674 -26.663414586545734
61.8125 -25.201961724894062 -26.666490057506227
62.3125 -25.20613351790619 -26.6695436117384
62.8125 -25.210333485187988 -26.672604152556385
63.3125 -25.214515140522884 -26.675644005906133
63.8125 -25.2186823564191 -26.678685933316245
64.3125 -25.222855835282058 -26.681734860708374
64.8125 -25.227030556146875 -26.684755145650804
65.3125 -25.23119301028811 -26.687781168137214
65.8125 -25.235334542465047 -26.690806368119485
66.3125 -25.2394646952027 -26.693823256142725
66.8125 -25.243609642270926 -26.69683000973948
67.3125 -25.247742776251876 -26.699836862294614
67.8125 -25.2518418582217 -26.702831677012227
68.3125 -25.25596253237756 -26.705835058556
68.8125 -25.260076367609074 -26.708813531986166
69.3125 -25.264180223603905 -26.71180203545642
69.8125 -25.268277003606823 -26.71477817370782
70.3125 -25.272354476974563 -26.717757097344254
70.8125 -25.276435293653115 -26.72072108330537
71.3125 -25.280521315976372 -26.72368445729311
71.8125 -25.284575720405307 -26.726633984879893
72.3125 -25.288648952961058 -26.72959639567869
72.8125 -25.292709117219513 -26.73254431568102
73.3125 -25.29672286797258 -26.735486723768492
73.8125 -25.30075785956469 -26.738433992579825
74.3125 -25.30482759389159 -26.741355592905816
74.8125 -25.308840425021472 -26.744295333052357
75.3125 -25.31284950363933 -26.74721217433388
75.8125 -25.316871841438655 -26.750134943880756
76.3125 -25.320880889541723 -26.753057663471903
76.8125 -25.32487843043843 -26.755965882865688
77.3125 -25.328889163857575 -26.758872289570625
77.8125 -25.33286432221612 -26.761775658909876
78.3125 -25.336854662612588 -26.764675644388582
78.8125 -25.340841421236064 -26.7675799128701
79.3125 -25.344807143073385 -26.770457813678057
79.8125 -25.34876893230082 -26.773348422900995
80.3125 -25.352735885702895 -26.77623118142478
80.8125 -25.356692138764373 -26.779102410694193
81.3125 -25.360638717944664 -26.78198269425975
81.8125 -25.364593328971857 -26.78485121052713
82.3125 -25.36851827300161 -26.787705605668855
82.8125 -25.37244855335793 -26.79057043951822
83.31249999999999 -25.376382170222765 -26.79342721508268
83.8125 -25.38028758420571 -26.796273297027334
84.3125 -25.384207199710737 -26.79912818460872
84.81249999999999 -25.38811950017431 -26.80196102149079
85.3125 -25.392014824232653 -26.804795619443947
85.8125 -25.395896293499515 -26.80763688319306
86.31249999999999 -25.399774897666493 -26.810456728704793
86.8125 -25.40366442005584 -26.813279641318747
87.3125 -25.40755356051587 -26.81608243907458
87.81249999999999 -25.411419377216422 -26.818901684636458
88.3125 -25.415246845899357 -26.82171400612374
88.8125 -25.419127936587596 -26.82450934534543
89.31249999999999 -25.422968784819822 -26.827311071005067
89.8125 -25.426809969374546 -26.830093432707454
90.3125 -25.43064524104386 -26.832887223589164
90.81249999999999 -25.4344699540962 -26.83567400377831
91.3125 -25.438280156788014 -26.8384440901842
91.8125 -25.44208646115031 -26.84123370859004
92.31249999999999 -25.44590792535004 -26.84400670312734
92.8125 -25.449710916645433 -26.846766022082864
93.3125 -25.453506406499585 -26.84952980832644
93.81249999999999 -25.457298831234123 -26.852278972470877
94.3125 -25.46108738307887 -26.85504354384605
94.8125 -25.464860680760392 -26.857778376636343
95.31249999999999 -25.46862654275612 -26.860531606840308
95.8125 -25.47241085960986 -26.863277453256003
96.3125 -25.47617055262628 -26.866014028775687
96.81249999999999 -25.47990464262421 -26.8687443709217
97.3125 -25.483682294586373 -26.871468257263178
97.8125 -25.48741878720103 -26.87419430660851
98.31249999999999 -25.491152635458178 -26.87690780805541
98.8125 -25.494892344175813 -26.879637272474337
99.3125 -25.49861384340016 -26.882339980374745
99.81249999999999 -25.502354096247917 -26.88504751613927
100.3125 -25.50606085972114 -26.887750893894463
100.8125 -25.509773892059627 -26.890454842204555
101.31249999999999 -25.51347034661148 -26.893145248241225
101.8125 -25.517167239705213 -26.895839881180983
102.3125 -25.52086697795298 -26.89853016936393
102.81249999999999 -25.524548409080452 -26.90122007861121
103.3125 -25.528234474818955 -26.903903423291588
103.8125 -25.53189669607106 -26.906570455480754
104.31249999999999 -25.535590140868116 -26.90924780417155
104.8125 -25.539257627503794 -26.911923567090486
105.3125 -25.542915536691858 -26.914579268189698
105.81249999999999 -25.54657440788204 -26.917236329634857
106.3125 -25.550222674984482 -26.919905726827757
106.8125 -25.553872587354228 -26.922558650909124
107.31249999999999 -25.557505012258318 -26.92520845309801
107.8125 -25.561119908638194 -26.927858248218783
108.3125 -25.564781391228312 -26.93050735918611
108.81249999999999 -25.568396433920036 -26.933141211625077
109.3125 -25.57200921123695 -26.93577826379721
109.8125 -25.57563322162821 -26.938408877554547
110.31249999999999 -25.579246940109243 -26.94104447223932
110.8125 -25.582847541763684 -26.943667830422022
111.3125 -25.58645426595816 -26.946294379173608
111.81249999999999 -25.590044339746854 -26.948907676508686
112.3125 -25.593634379321706 -26.951529481762204
112.8125 -25.59720463875272 -26.954144071410283
113.31249999999999 -25.600782502666604 -26.95674995404101
113.8125 -25.604366127603363 -26.959361602794534
114.3125 -25.60792797910311 -26.961961551980423
114.8125 -25.611483416406312 -26.964566905862227
115.3125 -25.61505950587002 -26.967168708076077
115.8125 -25.618625925772992 -26.96975534134809
116.3125 -25.622175317272664 -26.97235637629554
116.8125 -25.625713456237897 -26.974942567939557
117.3125 -25.629267596099172 -26.977525693495693
117.8125 -25.632789587283153 -26.980102105496012
118.3125 -25.63631982680254 -26.982689768648378
118.8125 -25.63984634687342 -26.98525617681856
119.3125 -25.643358848912058 -26.987824593460704
119.8125 -25.64688491194787 -26.99039553691894
120.3125 -25.6503948764011 -26.992965062951818
120.8125 -25.653914393492656 -26.995530211818636
121.3125 -25.657406902154406 -26.998090268321313
121.8125 -25.660927073490242 -27.000652528103124
122.3125 -25.664461177590354 -27.00321840376808
122.8125 -25.66798931243408 -27.00578729761242
123.3125 -25.671511729588342 -27.008349478879655
123.8125 -25.675067353736523 -27.010914609730253
124.3125 -25.67859271470091 -27.01348766273846
124.8125 -25.68212081556048 -27.01603955451567
125.3125 -25.685666217077983 -27.01860801129897
125.8125 -25.68921706556434 -27.02117670814023
126.3125 -25.69277286769269 -27.023730600303274
126.8125 -25.69630945101123 -27.02629318015298
127.3125 -25.69985233406273 -27.028850945061098
127.8125 -25.70341590536335 -27.03140985777777
128.3125 -25.706944230690503 -27.033973628718925
128.8125 -25.710490827611796 -27.036525421766914
129.3125 -25.714041006763058 -27.039088073919565
129.8125 -25.71759599829945 -27.041630734797874
130.3125 -25.72112390470091 -27.04418672957436
130.8125 -25.72465206771879 -27.0467275286202
131.3125 -25.728190717699416 -27.049270377882117
131.8125 -25.731732153788155 -27.051820916394213
132.3125 -25.735251868048046 -27.054360556633515
132.8125 -25.73876770307192 -27.05689861355106
133.3125 -25.742288328527138 -27.059428306441617
133.8125 -25.745788466391758 -27.06195068150876
134.3125 -25.749297735624964 -27.064480471270322
134.8125 -25.75281501357693 -27.067012256712488
135.3125 -25.756291863036054 -27.069532574445233
135.8125 -25.75975999123031 -27.072048389640003
136.3125 -25.763264900536583 -27.074560898060387
136.8125 -25.766732169785502 -27.077059989546125
137.3125 -25.77019750870775 -27.079570504720245
137.8125 -25.773663474022584 -27.08205806123567
138.3125 -25.777091496845244 -27.08455424909904
138.8125 -25.780528190056536 -27.08705662061802
139.3125 -25.783944752234508 -27.089533381957864
139.8125 -25.7873686420333 -27.092017668113577
140.3125 -25.79078391321932 -27.09448459085796
140.8125 -25.794184730971764 -27.096957248649986
141.3125 -25.79755999492924 -27.099424338821898
141.8125 -25.80093372161644 -27.101880978257668
142.3125 -25.8043039726325 -27.104337472095935
142.8125 -25.807659440600368 -27.106784059055357
143.3125 -25.810996882388423 -27.109221212465204
143.8125 -25.814332210383107 -27.111662559294217
144.3125 -25.8176498421971 -27.11408094817822
144.8125 -25.820956712282577 -27.116506631485144
145.3125 -25.824231730800925 -27.11893027334281
145.8125 -25.82750566184155 -27.121322999402942
146.3125 -25.830775292772188 -27.123740048876716
146.8125 -25.834036668636347 -27.126141053981875
147.3125 -25.83726656664573 -27.12852759798122
147.8125 -25.84047744090672 -27.130910682574513
148.3125 -25.843693121121945 -27.133279685862526
148.8125 -25.846877780036355 -27.135656227215947
149.3125 -25.850056994834986 -27.138015292057815
149.8125 -25.853215815967214 -27.14036918545885
