FastTrWP/PhaseSpace/IAs/snIa_0.63_30.00_-0.86_0.23.csv
# %ECSV 0.9
# ---
# datatype:
# - {name: time-rel, datatype: float64}
# - {name: g, datatype: float64}
# - {name: i, datatype: float64}
# schema: astropy-2.0
time-rel g i
[from data line 1417]
375.9999999999999 25.8006134717743 22.33078987356015
376.5 25.802636856497205 22.33150896379639
377.0 25.804728092904945 22.33224242536942
377.4999999999999 25.80675926185135 22.33296904339762
378.0 25.80885301482846 22.333695584334848
378.5 25.810899482817398 22.334428024558495
378.9999999999999 25.812942488526886 22.335157531231935
379.5 25.814989078972765 22.335891651030888
380.0 25.817026174814394 22.336629801191556
380.4999999999999 25.819085798500765 22.337364490269934
381.0 25.82113692389904 22.338099324515884
381.5 25.823178134698615 22.338839867296688
381.9999999999999 25.825215639785505 22.33957693344212
382.5 25.827243426847982 22.34031538175767
383.0 25.829290769142084 22.341064867851127
383.4999999999999 25.831334534086864 22.341804338617138
384.0 25.833372994930897 22.342547057744838
384.5 25.835395814431827 22.343295202879286
384.9999999999999 25.83741629854995 22.344042140614626
385.5 25.83944934077547 22.344790623409054
386.0 25.841493373641008 22.345536033880332
386.4999999999999 25.84350720977443 22.346287889903987
387.0 25.845509701751 22.347042924548006
387.5 25.847515174664085 22.347799991792307
387.9999999999999 25.849548404277893 22.348555902730713
388.5 25.851536327886354 22.349313462336646
389.0 25.853520414736266 22.350066386987713
389.4999999999999 25.855532803443147 22.350828354015153
390.0 25.857541247615504 22.3515875619737
390.5 25.859547830119126 22.352350563121483
390.9999999999999 25.861526962992514 22.353109912921166
391.5 25.863552969954092 22.353872127608504
392.0 25.86553288522869 22.354639785671992
392.4999999999999 25.8675089474375 22.355413513624693
393.0 25.869496676097352 22.35618099535109
393.5 25.871470659628343 22.356949379742233
393.9999999999999 25.873425942637006 22.357724025611326
394.5 25.87539266038263 22.35849235166726
395.0 25.877327955292422 22.35927139081953
395.4999999999999 25.87931667828258 22.360047210203366
396.0 25.881285019343125 22.360825079671862
396.5 25.883215930969836 22.361606161512203
396.9999999999999 25.88516833389268 22.362385203974146
397.5 25.887102545226917 22.36315887471119
398.0 25.889048447357087 22.363946786604384
398.4999999999999 25.891024371605994 22.364732228976678
399.0 25.892955768483645 22.365517697551162
399.5 25.89488704982098 22.36630012566172
399.9999999999999 25.896853867230615 22.367099671859517
400.5 25.898797034274526 22.367880711877866
401.0 25.900718326112717 22.368669788431788
401.4999999999999 25.902633148532207 22.369462301150694
402.0 25.904548657831864 22.370260668161364
402.5 25.906478864380993 22.371059794398075
402.9999999999999 25.90836325306399 22.371849689941385
403.5 25.91028314492533 22.372648075775206
404.0 25.91222138422762 22.373448270074036
404.4999999999999 25.914125073012244 22.374252430313
405.0 25.916023979186 22.37504905736346
405.5 25.917947467582586 22.37585201255078
405.9999999999999 25.919812245091634 22.37665215220856
406.5 25.92170817043165 22.377461090129437
407.0 25.92358502570184 22.378271524337432
407.4999999999999 25.925487896600504 22.379081777350017
408.0 25.927376857252803 22.379893708490577
408.5 25.929259718796672 22.380703436331416
408.9999999999999 25.93111035789519 22.381514133506247
409.5 25.933041851199867 22.38233220591265
410.0 25.934861748971002 22.383146768827604
410.4999999999999 25.936767198843963 22.383970583243386
411.0 25.938645891022382 22.384785556429367
411.5 25.940466386957613 22.385606154400225
411.9999999999999 25.942334976947205 22.386420642922534
412.5 25.9442324967102 22.38725290736598
413.0 25.946058105794407 22.38808216778792
413.4999999999999 25.947899821024166 22.388896586334464
414.0 25.94977107545705 22.389726544043075
414.5 25.95163803034426 22.390554729294937
414.9999999999999 25.95345465828189 22.391388459682403
415.5 25.955347550810966 22.392223943843508
416.0 25.95711846104736 22.39305393783876
416.4999999999999 25.958971972959016 22.393888318020892
417.0 25.9607970331853 22.394720341717576
417.5 25.96265791026555 22.39556487310626
417.9999999999999 25.964462621774974 22.396400627888443
418.5 25.966288917641553 22.39724157064847
419.0 25.968085603670453 22.398080098291103
419.4999999999999 25.969955528543757 22.398928688006187
420.0 25.97171780230046 22.399770555280277
420.5 25.973550843810727 22.40061548101017
420.9999999999999 25.975363045039618 22.40146204843597
421.5 25.97719123943074 22.402310801581233
422.0 25.978978851285646 22.403154975834134
422.4999999999999 25.980777960289846 22.4040075449286
423.0 25.982577264423337 22.404864465967734
423.5 25.984374840754718 22.405719397334835
423.9999999999999 25.986176659908544 22.406573185405865
424.5 25.987958634965032 22.407432193721707
425.0 25.989735212588535 22.40829493160863
425.4999999999999 25.991471782505574 22.409156344783504
426.0 25.993258679578823 22.410020966751624
426.5 25.994991917972058 22.410887016194717
426.9999999999999 25.996745597611486 22.41174937236576
427.5 25.99853757338682 22.412629027841426
428.0 26.000242941636973 22.413498290506837
428.4999999999999 26.001992635049803 22.414374848606013
429.0 26.00369017551349 22.415251379877297
429.5 26.00542226199034 22.416127932551397
429.9999999999999 26.007143664339637 22.417014648854583
430.5 26.008800529149102 22.417892241731877
431.0 26.010492016767333 22.418779788295975
431.4999999999999 26.012224897142673 22.4196704174124
432.0 26.013885665131163 22.420550172628978
432.5 26.015573245396276 22.42144147089082
432.9999999999999 26.017243247556728 22.42233190116287
433.5 26.01890862268373 22.423225352837832
434.0 26.020586270968472 22.424117857669856
434.4999999999999 26.022258384234856 22.42502401528929
435.0 26.023928840133618 22.425919978994195
435.5 26.02553647405209 22.426816663822105
435.9999999999999 26.027199124343916 22.42771916961153
436.5 26.028837262803883 22.428618403316392
437.0 26.030481888068408 22.42952840451511
437.4999999999999 26.032100684151448 22.430438060404995
438.0 26.033727641298444 22.431348428571212
438.5 26.035318002154266 22.432257907172204
438.9999999999999 26.03697312831329 22.43316207996636
439.5 26.03858932885788 22.43408235895523
440.0 26.040218692234724 22.434996159599038
440.4999999999999 26.041825671437273 22.43591018064748
441.0 26.043427459357584 22.436821130609204
441.5 26.04502257166311 22.437744510275664
441.9999999999999 26.046625048623714 22.438661755765494
442.5 26.04823136020719 22.439590171506396
443.0 26.049819203969914 22.44050557481893
443.4999999999999 26.051414208103672 22.44143269320916
444.0 26.053033970623687 22.442355457974106
444.5 26.05459455103958 22.4432789710066
444.9999999999999 26.05621568029326 22.44420706445386
445.5 26.05777401821396 22.445137374242904
446.0 26.05936803298901 22.446069194963627
446.4999999999999 26.06092354643991 22.446990339583934
447.0 26.062488840041297 22.447925148562216
447.5 26.06413067622011 22.448860977973197
447.9999999999999 26.065718815950877 22.44979285631654
448.5 26.06727477519765 22.45072549614569
449.0 26.068848205700398 22.451660191279394
449.4999999999999 26.070435510582044 22.45260177924397
450.0 26.07201498793721 22.453531653030645
450.5 26.073604867924463 22.454473743278335
450.9999999999999 26.075129317991298 22.455415037902377
451.5 26.076704686432087 22.456349102606083
452.0 26.078321984810316 22.457290439214916
452.4999999999999 26.07987857107219 22.458234909884087
453.0 26.08148955940728 22.459173838783588
453.5 26.083062404973468 22.460119126925857
454.0 26.084604848213022 22.461064616796893
454.5 26.08619147074874 22.462004076464154
455.0 26.087795809991903 22.462942773750033
455.5 26.089363498613054 22.46388980083175
456.0 26.090934741649633 22.46483942673232
456.5 26.092541606951485 22.465790270752322
457.0 26.094129794159656 22.466731193079287
457.5 26.095742986996466 22.467679759738854
458.0 26.09732805374724 22.468633107372924
458.5 26.098899994451212 22.469577558670718
459.0 26.10050981369355 22.470518378327302
459.5 26.10211566904946 22.4714687250175
460.0 26.103750520938963 22.47242385521215
460.5 26.105364147095365 22.473375881440106
461.0 26.106947053928998 22.474322475505243
461.5 26.1085662837437 22.47527026887723
462.0 26.110210298948697 22.476220117414766
462.5 26.111823973966608 22.47716948649729
463.0 26.113485957237863 22.478123378143877
463.5 26.115054486549013 22.479075454071626
464.0 26.116696169263733 22.480030787785218
464.5 26.1183337003964 22.480979045164823
465.0 26.119916689438796 22.481942417674865
465.5 26.121510843151327 22.48289406292306
466.0 26.12313194984164 22.48384525423252
466.5 26.12477159068266 22.484810040079026
467.0 26.12639324840083 22.485769367823835
467.5 26.127954951519502 22.486736254345505
468.0 26.129579861528885 22.487697023066488
468.5 26.13118311685924 22.488657519650438
469.0 26.132779811637246 22.489626550694677
469.5 26.134344761774493 22.49058478725989
470.0 26.135987126640444 22.49156290066494
470.5 26.137582523312005 22.49252559381652
471.0 26.139160850370033 22.493502286315096
471.5 26.140747450330085 22.494471325081307
472.0 26.14234685390646 22.495446286053316
472.5 26.143890844649444 22.496410612850486
473.0 26.145486580176804 22.497393015374296
473.5 26.14711107626364 22.498364101937703
474.0 26.148722330849772 22.4993347514175
474.5 26.150259598397632 22.50032057893797
475.0 26.15183353329325 22.501292886691466
475.5 26.15341777254743 22.502274898153935
476.0 26.155009839037525 22.503255128099646
476.5 26.156557359809817 22.50423742037512
477.0 26.158180649983485 22.505222407775896
477.5 26.15974609442624 22.506202508041188
478.0 26.161317523128442 22.50717878832465
478.5 26.162880213071162 22.508176081682976
479.0 26.164498357920763 22.509161001304747
479.5 26.16606969938129 22.510152256470416
480.0 26.167694429288723 22.511139438473453
480.5 26.169246493592446 22.512122426972137
481.0 26.170807977800198 22.51310703251412
481.5 26.17238268889264 22.514105387533064
482.0 26.17396541779899 22.515094300335292
482.5 26.175552579252923 22.516085469726754
483.0 26.177148574034522 22.517075697365414
483.5 26.17876358153254 22.518068886421773
484.0 26.180316398149635 22.51906099161679
484.5 26.18191449554015 22.52005803725957
485.0 26.183541012127787 22.52104947260561
485.5 26.185153595701593 22.522038144890153
486.0 26.186701529677524 22.52304493472871
486.5 26.188321085341283 22.524049552202705
487.0 26.18986968183229 22.525042018542116
487.5 26.191496136570372 22.52604180159066
488.0 26.193110916074755 22.527040251852036
488.5 26.194703943885237 22.52803843274712
489.0 26.19635149941459 22.52903612955969
489.5 26.197895369675347 22.530037738891643
490.0 26.199530138049887 22.531044259169764
490.5 26.201138780152323 22.53204147208178
491.0 26.202779381619333 22.533047481062724
491.5 26.204394336701565 22.53405341323512
492.0 26.20601155086383 22.535052827912484
492.5 26.207617370759234 22.536061959674747
493.0 26.209264147474222 22.53706616476372
493.5 26.210930824383443 22.53806616049516
494.0 26.212554460863476 22.539065619301386
494.5 26.214192484215953 22.540073462019706
495.0 26.21583976464247 22.541084775497954
495.5 26.217516239799565 22.54208243102376
496.0 26.219165165036596 22.54309458688443
496.5 26.22078827392479 22.54409788919746
497.0 26.222507083755513 22.545104200518775
497.5 26.224154562090018 22.546117694046018
498.0 26.225829385913386 22.547119351913008
498.5 26.22747124635275 22.548133740561713
499.0 26.22919825986042 22.54914328369822
499.5 26.23088041509211 22.550150073265627
500.0 26.232566721707194 22.55115529944551
500.5 26.234286298096542 22.55216736964545
501.0 26.235986201986208 22.553172068496238
501.5 26.237702155466685 22.55418405405535
502.0 26.239426173862988 22.555194914584703
502.5 26.24112892825435 22.55619802519047
503.0 26.24285748910188 22.55721397878311
503.5 26.24460260457426 22.55822496290817
504.0 26.24634659226944 22.559236467073255
504.5 26.2480596931481 22.56024580641743
505.0 26.24980784109679 22.561256724141337
505.5 26.25154750442927 22.562271915766566
506.0 26.253300136153946 22.56328468082687
506.5 26.25503597579047 22.564300451541897
507.0 26.2567906076783 22.56531154793917
507.5 26.258514753808058 22.56632569005489
508.0 26.260221372453447 22.567336698858057
508.5 26.26199478575762 22.5683532660848
509.0 26.263796649303544 22.569374785748032
509.5 26.265570413103006 22.570391662344825
510.0 26.267337745512094 22.57140506655928
510.5 26.26907542562927 22.57242671299003
511.0 26.270834511794167 22.573437329037645
511.5 26.272645300523322 22.574455485153848
512.0 26.274399250174433 22.5754744000008
512.5 26.276192331033883 22.576501693265065
513.0 26.27804339494748 22.57751695656662
513.5 26.27976622601791 22.578536215072166
514.0 26.281561983900165 22.579556228195177
514.5 26.28333546566062 22.580579788234303
515.0 26.28515115733402 22.581602172621867
515.5 26.286962151093917 22.58262463632571
516.0 26.28874874890187 22.58364752534698
516.5 26.290576818034346 22.584675710486344
517.0 26.292357801772212 22.585700137261668
517.5 26.29419161941286 22.586723849877703
518.0 26.29597102592721 22.587746002991928
518.5 26.29783695978285 22.58877659244781
519.0 26.299646428264932 22.58980475730898
519.5 26.30146561947736 22.590828659739643
520.0 26.303306931387844 22.59186060680598
520.5 26.305143435743588 22.592890427977146
521.0 26.306982924673406 22.59392697831252
521.5 26.308790299625745 22.594944729975268
522.0 26.310673699510016 22.595982877327607
522.5 26.3125095184666 22.597014635853863
523.0 26.314333038501758 22.59804310197549
523.5 26.316218678982803 22.599076915980838
524.0 26.318065221715337 22.600111430759448
524.5 26.319904752622435 22.601142113488134
525.0 26.32180640218405 22.602183095297747
525.5 26.323660015886837 22.60321246268208
526.0 26.325506616436787 22.604252190249188
526.5 26.327421663881832 22.605290372128486
527.0 26.32929119443197 22.606327172150323
527.5 26.33117967555947 22.60736328050911
528.0 26.333040592255923 22.60839751471083
528.5 26.33487879596528 22.609451869771462
529.0 26.336807015022007 22.610485999614312
529.5 26.33872567860845 22.611528799740597
530.0 26.340652829636827 22.612572120801566
530.5 26.342538398767445 22.613610559724926
531.0 26.34445583764103 22.614656539880183
531.5 26.346363748739073 22.61569818795867
532.0 26.348263157089377 22.616732799855733
532.5 26.350197995967186 22.617792818111425
533.0 26.352126775518396 22.618844090547995
533.5 26.35408323860949 22.619884526851003
534.0 26.355969874086917 22.62093518726838
534.5 26.357890610633845 22.6219822100704
535.0 26.359844137202643 22.623023577571626
535.5 26.361786793236707 22.624081687548596
536.0 26.363784032977907 22.625131688305316
536.5 26.365694929206963 22.62619048935249
537.0 26.36763350742423 22.627235509859748
537.5 26.36963583448507 22.628299684490052
538.0 26.37160330088596 22.629353303169275
538.5 26.37356451058433 22.630405430169112
539.0 26.375537523034435 22.631465280116455
539.5 26.37751744743596 22.632516985505788
540.0 26.37944280124291 22.63357377747373
540.5 26.381438684403417 22.63463799710475
541.0 26.38349116559433 22.635696441200352
541.5 26.385484152099068 22.63675624676531
542.0 26.387446623143372 22.63781503074017
542.5 26.38943165542003 22.638878017946013
543.0 26.39143570403473 22.639943047766838
543.5 26.393444169506722 22.641001097962786
544.0 26.395506638847674 22.64207204867647
544.5 26.397527518391875 22.64314161989903
545.0 26.399504905316533 22.64420614398487
545.5 26.401548899407388 22.645267289573145
546.0 26.40360680762312 22.64633480512832
546.5 26.4056138346942 22.647403050495
547.0 26.40762466685505 22.64846828834875
547.5 26.409712196742575 22.649546988460315
548.0 26.411740296594772 22.65060483066719
548.5 26.413813853817846 22.651686394412238
549.0 26.41585254868715 22.65275379656093
549.5 26.417937474652398 22.653815862147972
550.0 26.419988947122057 22.654896564370674
550.5 26.422041124686974 22.65596949704626
551.0 26.424092300250503 22.657040298203682
551.5 26.42616796810776 22.658117544074482
552.0 26.428291478506345 22.659193627069627
552.5 26.430337950216156 22.660274372452342
553.0 26.432433005240988 22.66135353148991
