FastTrWP/PhaseSpace/IAs/snIa_0.45_30.00_-0.04_-0.14.csv
# %ECSV 0.9
# ---
# datatype:
# - {name: time-rel, datatype: float64}
# - {name: g, datatype: float64}
# - {name: i, datatype: float64}
# schema: astropy-2.0
time-rel g i
[from data line 288]
322.5833333333333 24.141614298578602 23.64154835644159
323.0833333333333 24.136837763975635 23.63813223936251
323.5833333333333 24.13205197769921 23.634717560669195
324.0833333333333 24.12727533531044 23.631306123664388
324.5833333333333 24.12251544673916 23.627905032502333
325.0833333333333 24.117779315839588 23.624517475386952
325.5833333333333 24.113040528017507 23.62113946935587
326.0833333333333 24.108338449318612 23.617762943892128
326.5833333333333 24.103632769707055 23.614381541117805
327.0833333333333 24.098938325898544 23.611024537416906
327.5833333333333 24.094245278715082 23.60765908644987
328.0833333333333 24.089570848644392 23.604309800159157
328.5833333333333 24.084902794794075 23.600972499702458
329.0833333333333 24.080256520645598 23.597630110478512
329.5833333333333 24.075601487557297 23.59429388933798
330.0833333333333 24.070974268617945 23.590976934462425
330.5833333333333 24.06636826142952 23.58766702735446
331.0833333333333 24.061745441240593 23.584349731266386
331.5833333333333 24.057161176133242 23.581051284515574
332.0833333333333 24.05255810017095 23.57775666579842
332.5833333333333 24.04797971641929 23.57445026191481
333.0833333333333 24.04342938058235 23.571163779761243
333.5833333333333 24.03884564207746 23.567891433140524
334.0833333333333 24.03431545283953 23.564623773495637
334.5833333333333 24.029772246047912 23.561355594401633
335.0833333333333 24.02524634876312 23.558085860145077
335.5833333333333 24.02073126198346 23.55483616167088
336.0833333333333 24.016216552146513 23.55157292045031
336.5833333333333 24.01171527000315 23.548338581106677
337.0833333333333 24.007241102518194 23.545100193531873
337.5833333333333 24.00274271305046 23.541867685127297
338.0833333333333 23.998291430590136 23.538638720337588
338.5833333333333 23.99380426112049 23.535413144365045
339.0833333333333 23.98935574823558 23.532195024387377
339.5833333333333 23.98491687063086 23.528991374210243
340.0833333333333 23.980489221989146 23.525768898239477
340.5833333333333 23.976061098966753 23.522583443642105
341.0833333333333 23.971642663578297 23.519383098746637
341.5833333333333 23.967236447997777 23.516200520192854
342.0833333333333 23.962817226159103 23.513013146085928
342.5833333333333 23.958459092488123 23.509831141303735
343.0833333333333 23.954076670183323 23.506654215348775
343.5833333333333 23.94969116536217 23.503487594258694
344.0833333333333 23.945331932932326 23.500320958843375
344.5833333333333 23.94097500738353 23.497155662036104
345.0833333333333 23.93663860107004 23.494013511066886
345.5833333333333 23.9322878545679 23.4908464420046
346.0833333333333 23.927955110938655 23.487708629043098
346.5833333333333 23.923634651387854 23.484559269377264
347.0833333333333 23.91933002812038 23.481432763593055
347.5833333333333 23.91501629185646 23.478307365182754
348.0833333333333 23.910701112060874 23.475179961836822
348.5833333333333 23.90643868092834 23.472065538096043
349.0833333333333 23.90216538540055 23.46894089822257
349.5833333333333 23.897886602463252 23.465834985205053
350.0833333333333 23.893633423892233 23.462737375759346
350.5833333333333 23.889383441778943 23.45964402070818
351.0833333333333 23.88513615308117 23.45655146299577
351.5833333333333 23.88090271297375 23.453471308830235
352.0833333333333 23.876691453310702 23.450384174116085
352.5833333333333 23.872476651272216 23.447308571875322
353.0833333333333 23.86826321452005 23.44423897704378
353.5833333333333 23.86405427145572 23.441169877457845
354.0833333333333 23.85987869603046 23.438120023859565
354.5833333333333 23.855691415192283 23.43506545565821
355.0833333333333 23.851518129529666 23.43202714785877
355.5833333333333 23.847360544696258 23.428967090023733
356.0833333333333 23.843206124688937 23.425934261684244
356.5833333333333 23.83905210768021 23.422906462318586
357.0833333333333 23.83492104947974 23.419874778911304
357.5833333333333 23.830781392008625 23.416859160771462
358.0833333333333 23.826676218244312 23.41383352556205
358.5833333333333 23.82255179660183 23.41082886132215
359.08333333333326 23.818447453427485 23.40781084218208
359.5833333333333 23.81434788557099 23.40480795190266
360.0833333333333 23.810256804947436 23.401818397316852
360.58333333333326 23.806173268285264 23.39881137774052
361.0833333333333 23.80210364955241 23.3958325908308
361.5833333333333 23.798032872132673 23.39284138431229
362.08333333333326 23.793984907606873 23.38986703654436
362.5833333333333 23.789923769477493 23.386890309762528
363.0833333333333 23.785872778360844 23.38391653525893
363.58333333333326 23.781844068789916 23.38094893994515
364.0833333333333 23.777815609041063 23.377996660738365
364.5833333333333 23.773797035806965 23.375028117539223
365.08333333333326 23.7697812259842 23.372092865968106
365.5833333333333 23.765770647900126 23.369137127685203
366.0833333333333 23.76178058349592 23.366197228862898
366.58333333333326 23.757784566087906 23.363254904130454
367.0833333333333 23.753797728799626 23.360328285491583
367.5833333333333 23.749822168329402 23.357389782814288
368.08333333333326 23.745846071793792 23.354469859569317
368.5833333333333 23.741884579939978 23.351549584999457
369.0833333333333 23.737930279347466 23.348631689783073
369.58333333333326 23.733973115103364 23.34570953108083
370.0833333333333 23.730028711238074 23.34281152131394
370.5833333333333 23.72610299479218 23.339902931028508
371.08333333333326 23.722165803146652 23.337005571095087
371.5833333333333 23.718250952610767 23.33410025753289
372.0833333333333 23.714339058644267 23.331214441087475
372.58333333333326 23.710433488920025 23.32831234260704
373.0833333333333 23.706527914917388 23.32543952206536
373.5833333333333 23.702623715898298 23.32255712804134
374.08333333333326 23.698741302510253 23.319678009750582
374.5833333333333 23.694861311569152 23.316803779893426
375.0833333333333 23.69097688165273 23.3139390349286
375.58333333333326 23.687120096975146 23.311073274091235
376.0833333333333 23.683249658272445 23.30820182084418
376.5833333333333 23.67939074807977 23.305345761464324
377.08333333333326 23.67554700454641 23.302494848435206
377.5833333333333 23.671691522793598 23.299642570327805
378.0833333333333 23.667853883283453 23.296800146338242
378.58333333333326 23.664034619257627 23.293954738142517
379.0833333333333 23.660202335091856 23.291110813322696
379.5833333333333 23.656392350313254 23.288282070112626
380.08333333333326 23.652569097036135 23.28544714796863
380.5833333333333 23.648759146786897 23.282625475552443
381.0833333333333 23.64496288022639 23.279790735451705
381.58333333333326 23.64116930796902 23.276972994298294
382.0833333333333 23.63739572269484 23.274149482888774
382.5833333333333 23.633585034844977 23.271333592166673
383.08333333333326 23.629786100759162 23.268502581311886
383.5833333333333 23.625985491498653 23.26568426166778
384.0833333333333 23.622184525694834 23.26286865603079
384.58333333333326 23.61838433778635 23.26004167710348
385.0833333333333 23.61456266808424 23.257221746629963
385.5833333333333 23.610766076851807 23.254387363461362
386.08333333333326 23.60695201839296 23.251564039712953
386.5833333333333 23.603150661771657 23.248759746965977
387.0833333333333 23.599322190286923 23.245942022479944
387.58333333333326 23.59552951268452 23.24311077401909
388.0833333333333 23.591713848452663 23.240297234681563
388.5833333333333 23.58790969938397 23.23748514513855
389.08333333333326 23.584114862691116 23.2346667531073
389.5833333333333 23.580310699309113 23.23185862975918
390.0833333333333 23.57651075946641 23.22904809063409
390.58333333333326 23.572705776398667 23.22623988433433
391.0833333333333 23.568922722038334 23.223437505171177
391.5833333333333 23.565144168201464 23.220633448282783
392.08333333333326 23.561371069568153 23.21783039716174
392.5833333333333 23.557587420680708 23.21503189773796
393.0833333333333 23.553830257347105 23.21225152322217
393.58333333333326 23.55005307203423 23.20945850413707
394.0833333333333 23.546294786054037 23.20667064571297
394.5833333333333 23.542565132278774 23.20389906508155
395.08333333333326 23.538820312173947 23.201129310131712
395.5833333333333 23.535094662725857 23.198349718971812
396.0833333333333 23.531368241327158 23.195589992872762
396.58333333333326 23.527643674746955 23.192827585998053
397.0833333333333 23.523943988436113 23.190068187071656
397.5833333333333 23.5202537136858 23.18732006861158
398.08333333333326 23.516558687644874 23.184572672179094
398.5833333333333 23.512882488803687 23.18183120311207
399.0833333333333 23.50921968320652 23.179104854807715
399.58333333333326 23.50556694791473 23.1763847490029
400.0833333333333 23.50192539591002 23.173649402950037
400.5833333333333 23.498297844814935 23.170939218832704
401.08333333333326 23.4946788132564 23.168224647115096
401.5833333333333 23.491064948898398 23.165526282991294
402.0833333333333 23.48748983289028 23.162826862257624
402.58333333333326 23.48391248928525 23.160145026242667
403.0833333333333 23.480339995565448 23.157460486800527
403.5833333333333 23.476791020378982 23.154787348619188
404.08333333333326 23.473250097863392 23.1521264158075
404.5833333333333 23.469729568652085 23.149467719362598
405.0833333333333 23.466223139633478 23.14682238859751
405.58333333333326 23.46273827418363 23.144166792717055
406.0833333333333 23.459259281482918 23.14154013815417
406.5833333333333 23.455805124301058 23.13891321420472
407.08333333333326 23.45235466453481 23.136303855969352
407.5833333333333 23.448928536482327 23.133698631299396
408.0833333333333 23.44550633758643 23.13109225167166
408.58333333333326 23.442118569887253 23.12850333583405
409.0833333333333 23.43874513030711 23.125920884680404
409.5833333333333 23.435386212812595 23.123352635125407
410.08333333333326 23.4320458328541 23.120779217079672
410.5833333333333 23.42872494856529 23.118238226609957
411.0833333333333 23.425419362142073 23.115694235638003
411.58333333333326 23.422135385777455 23.113160410424967
412.0833333333333 23.41886354377809 23.110636628579478
412.5833333333333 23.415608472047467 23.10812666204717
413.08333333333326 23.41237875460896 23.10561897839802
413.5833333333333 23.4091676944278 23.103131461027246
414.0833333333333 23.405984915690354 23.10065506873928
414.58333333333326 23.402816060945213 23.098173048875168
415.0833333333333 23.39965687469992 23.095709136409617
415.5833333333333 23.396538581693235 23.093259939518305
416.08333333333326 23.393417958040065 23.090823373449986
416.5833333333333 23.3903401411526 23.08840523796185
417.0833333333333 23.387257602503702 23.085978707776476
417.58333333333326 23.384201925165215 23.083568287053275
418.0833333333333 23.3811415301118 23.081150573040944
418.5833333333333 23.378095784375855 23.078747432730793
419.08333333333326 23.375043415322008 23.0763475257374
419.5833333333333 23.372024982992407 23.07395571565939
420.0833333333333 23.368995294503293 23.071557418849522
420.58333333333326 23.36597457578236 23.069165982285732
421.0833333333333 23.362959720714564 23.066790229073867
421.5833333333333 23.359966284585756 23.064417463372635
422.08333333333326 23.35698214429135 23.06205104619204
422.5833333333333 23.353998045172517 23.059685799850847
423.0833333333333 23.351023222474034 23.05732958204684
423.58333333333326 23.34806021545654 23.054972848567843
424.0833333333333 23.3451133347794 23.05261652015954
424.5833333333333 23.34216895026611 23.050276159790638
425.08333333333326 23.33923771555356 23.047947823371548
425.5833333333333 23.33630661775336 23.045608158039723
426.0833333333333 23.333413322137435 23.043296488736495
426.58333333333326 23.33050874705844 23.040971122507052
427.0833333333333 23.32761180767325 23.038671421407997
427.5833333333333 23.324732693403774 23.036356098347824
428.08333333333326 23.321862844003544 23.03405626835845
428.5833333333333 23.319010114616788 23.031754333297968
429.0833333333333 23.316159013383185 23.02947287148296
429.58333333333326 23.31331276672874 23.027196270853253
430.0833333333333 23.310495043943263 23.024915678193757
430.5833333333333 23.30767777820491 23.02266001956196
431.08333333333326 23.304883765812438 23.02037898071862
431.5833333333333 23.302088913969556 23.018134320378607
432.0833333333333 23.29929929948028 23.015891779345917
432.58333333333326 23.29654441614459 23.013641895988172
433.0833333333333 23.293789312420405 23.01141140192091
433.5833333333333 23.29103165648895 23.009191030496055
434.08333333333326 23.288316641481682 23.006959955085257
434.5833333333333 23.285593829069548 23.00475879365856
435.0833333333333 23.28288763437771 23.002541361112034
435.58333333333326 23.280206355632398 23.000355247724322
436.0833333333333 23.277522432627986 22.99815031081103
436.5833333333333 23.27484787510913 22.995966597716958
437.08333333333326 23.272187847794868 22.993792909657493
437.5833333333333 23.26955102374278 22.991619946748614
438.0833333333333 23.26692697167671 22.989463075859902
438.58333333333326 23.26430978235144 22.987298668811576
439.0833333333333 23.261707261730955 22.985156135668994
439.5833333333333 23.25912349435545 22.98301639362251
440.08333333333326 23.25655056005083 22.98088345315355
440.5833333333333 23.253989170938652 22.978756931079385
441.0833333333333 23.251435437953294 22.976641649865645
441.58333333333326 23.24890391455778 22.974532466387977
442.0833333333333 23.246372747443505 22.972443227415035
442.5833333333333 23.243872674843757 22.97034026817419
443.08333333333326 23.241384542662146 22.96825216686779
443.5833333333333 23.238900983851792 22.966168214729407
444.0833333333333 23.236438937221084 22.964107773473028
444.58333333333326 23.23399940331333 22.96204879384938
445.0833333333333 23.23156140426398 22.95999061705771
445.5833333333333 23.229142397276362 22.957944558863176
446.08333333333326 23.226744807581483 22.955916038915575
446.5833333333333 23.224349836667177 22.953885661140752
447.0833333333333 23.22197027143769 22.95186630701378
447.58333333333326 23.219617130509704 22.949849544621376
448.0833333333333 23.21728026790723 22.94784722898962
448.5833333333333 23.21494391615577 22.94584952539099
449.08333333333326 23.21262140430062 22.943872663427832
449.5833333333333 23.210328232035152 22.94188962279995
450.0833333333333 23.208040670663014 22.939929632742743
450.58333333333326 23.20577150993298 22.937961024847603
451.0833333333333 23.20352480286738 22.936007854372402
451.5833333333333 23.20127530815846 22.934068000558785
452.08333333333326 23.199058184666622 22.932129166716194
452.5833333333333 23.19684250946665 22.930201430976016
453.0833333333333 23.194627633257024 22.928278681612667
453.58333333333326 23.192434118894695 22.92636181180374
454.0833333333333 23.19025142028037 22.92444506072927
454.5833333333333 23.188087012209596 22.92255489423022
455.08333333333326 23.185913662864106 22.920648832634324
455.5833333333333 23.18377593579924 22.918752311823045
456.0833333333333 23.1816298105749 22.916870578051697
456.58333333333326 23.179505357994692 22.914999118786064
457.0833333333333 23.177395223402254 22.913121313308118
457.5833333333333 23.175278178807517 22.911247707317433
458.08333333333326 23.173177735606615 22.90939669461657
458.5833333333333 23.171086894009637 22.907539912044644
459.0833333333333 23.169019546640843 22.905695007078357
459.58333333333326 23.166951210411547 22.90385687518662
460.0833333333333 23.164901858975497 22.90201713061
460.5833333333333 23.1628530936521 22.90019496869833
461.08333333333326 23.16082227778383 22.898361002792956
461.5833333333333 23.158787408878496 22.89655232896377
462.0833333333333 23.15678157020073 22.894748045004203
462.58333333333326 23.15477959492963 22.892941492600812
463.0833333333333 23.152789225951956 22.891136099635382
463.5833333333333 23.15080601311289 22.88935506536066
464.08333333333326 23.148842050297404 22.88755640801719
464.5833333333333 23.146870002126818 22.885785423701964
465.0833333333333 23.144918366699976 22.884007127133643
465.58333333333326 23.142981169936164 22.882245507893145
