FastTrWP/PhaseSpace/IAs/snIa_0.69_30.00_-1.12_-0.25.csv
# %ECSV 0.9
# ---
# datatype:
# - {name: time-rel, datatype: float64}
# - {name: g, datatype: float64}
# - {name: i, datatype: float64}
# schema: astropy-2.0
time-rel g i
[from data line 1442]
811.6458333333334 23.690101312909377 22.36096556019932
812.1458333333334 23.693694191775112 22.361467843696122
812.6458333333333 23.697315797975875 22.36197256562765
813.1458333333334 23.700965210976513 22.36248122523706
813.6458333333334 23.70462478097151 22.362986799784398
814.1458333333333 23.708313328677228 22.36349659926678
814.6458333333334 23.71203284353088 22.36400846872611
815.1458333333334 23.715771000104002 22.3645283079591
815.6458333333333 23.719526139224875 22.3650454003749
816.1458333333334 23.723308940179216 22.365559320371084
816.6458333333334 23.727132602649448 22.366081327081943
817.1458333333333 23.730961803275527 22.36660210424914
817.6458333333334 23.734830812612508 22.3671340027008
818.1458333333334 23.738692590681325 22.367659862379178
818.6458333333333 23.742608237379525 22.36817863029408
819.1458333333334 23.746543686094604 22.368711197178154
819.6458333333334 23.750488831630108 22.36924200429329
820.1458333333333 23.754482454412972 22.36978085084385
820.6458333333334 23.758492126477748 22.370315415756885
821.1458333333334 23.76250373139846 22.37085079774854
821.6458333333333 23.766553612484845 22.371388749434367
822.1458333333334 23.77063873513974 22.371928280913153
822.6458333333334 23.774732497256483 22.37247362009886
823.1458333333333 23.77888675057396 22.373018995916954
823.6458333333334 23.783060019596057 22.37356126489648
824.1458333333334 23.787317839901846 22.374110407057707
824.6458333333333 23.791625640020616 22.374660841425996
825.1458333333334 23.795989959789434 22.375220414261374
825.6458333333334 23.80040051771235 22.375776686515906
826.1458333333333 23.804885675551294 22.376341149296213
826.6458333333334 23.809416946231543 22.376901142362875
827.1458333333334 23.814002459170204 22.37747372247755
827.6458333333333 23.81863683460636 22.37803918051641
828.1458333333334 23.823323046779983 22.378606328489553
828.6458333333334 23.828067629678976 22.37918446802521
829.1458333333333 23.832861774128556 22.3797564075751
829.6458333333334 23.83770574412933 22.380338995702918
830.1458333333334 23.84261880121324 22.3809274341763
830.6458333333333 23.84756036100446 22.381508751882272
831.1458333333334 23.852562533143384 22.382092471985914
831.6458333333334 23.857611388555657 22.38268862524005
832.1458333333333 23.862709750334872 22.38327676762904
832.6458333333334 23.867866694188955 22.383874894044116
833.1458333333334 23.87304862428769 22.38446539634877
833.6458333333333 23.87828512526914 22.38507059100231
834.1458333333334 23.883585701372905 22.385672289478315
834.6458333333334 23.888908954653743 22.386276966851135
835.1458333333333 23.894299890743454 22.386876466079787
835.6458333333334 23.89970758166074 22.38748952882358
836.1458333333334 23.905185319804772 22.388097202385524
836.6458333333333 23.910701440880327 22.388709395114045
837.1458333333334 23.916235536433746 22.38932262725099
837.6458333333334 23.921836159399632 22.389945610413896
838.1458333333333 23.927471372988556 22.390565548126474
838.6458333333334 23.933147099695585 22.39118301982004
839.1458333333334 23.938879520301 22.391801187170802
839.6458333333333 23.944617803300517 22.392431530256133
840.1458333333334 23.95042303519537 22.39304950353704
840.6458333333334 23.956244477431788 22.39368175416736
841.1458333333333 23.962103554982527 22.39431133266272
841.6458333333334 23.968006268097767 22.39494055290264
842.1458333333334 23.97393910271512 22.39558006379308
842.6458333333333 23.9799011283432 22.396210425450636
843.1458333333334 23.9859092439982 22.396848991801647
843.6458333333334 23.991937917810972 22.397486592828706
844.1458333333333 23.998004166579648 22.39812424445281
844.6458333333334 24.004085925502956 22.398771186754296
845.1458333333334 24.01021110534937 22.399414671946115
845.6458333333333 24.01635025295227 22.400060461402642
846.1458333333334 24.022520515815025 22.40070321578238
846.6458333333334 24.02871954075222 22.40135144496716
847.1458333333333 24.03494847108838 22.402000281287002
847.6458333333334 24.04119274715572 22.402652001446263
848.1458333333334 24.047458516735837 22.403300705129606
848.6458333333333 24.053761319221167 22.40395428740776
849.1458333333334 24.06005696595127 22.404613445415826
849.6458333333334 24.06638429204214 22.405260984684926
850.1458333333333 24.07272530066325 22.405918782990586
850.6458333333334 24.07908635452483 22.40658272690011
851.1458333333334 24.08546249984851 22.407239650451043
851.6458333333333 24.09184382227144 22.407895386259028
852.1458333333334 24.098230706097628 22.40855750331329
852.6458333333334 24.104639488905043 22.409219072382676
853.1458333333333 24.11104239266826 22.409882925829724
853.6458333333334 24.11746874915101 22.410548262849748
854.1458333333334 24.123889295743645 22.411217268078314
854.6458333333333 24.13032004793211 22.411883423538125
855.1458333333334 24.13674398477697 22.41254964354691
855.6458333333334 24.143183226394246 22.413212757189022
856.1458333333333 24.14958923894089 22.41388553462249
856.6458333333334 24.156015130529035 22.414548842707042
857.1458333333334 24.162418560179496 22.415220398979404
857.6458333333333 24.168836848443256 22.415889018645025
858.1458333333334 24.175245157379184 22.416564131119657
858.6458333333334 24.181631505127857 22.41723489431951
859.1458333333333 24.188002142374906 22.41790589294109
859.6458333333334 24.1943594196575 22.41857680680183
860.1458333333334 24.200695487028895 22.419253453801215
860.6458333333333 24.20702415032522 22.419928905088213
861.1458333333334 24.213314726547566 22.4205997087865
861.6458333333334 24.21958695279124 22.421267314045558
862.1458333333333 24.225837593148725 22.421953939175573
862.6458333333334 24.2320668136484 22.422622514856478
863.1458333333334 24.23824526531517 22.42330482507387
863.6458333333333 24.24441717472877 22.423972575122374
864.1458333333334 24.250597892553714 22.42465660078913
864.6458333333334 24.256791571484616 22.425334152714655
865.1458333333333 24.263035141337326 22.426009922652838
865.6458333333334 24.26927096699993 22.426692128177205
866.1458333333334 24.27552183736209 22.427378768694396
866.6458333333333 24.281797039257572 22.428060138026616
867.1458333333334 24.28811529251138 22.428743659797142
867.6458333333334 24.294427444646878 22.429436323078676
868.1458333333333 24.30075835859096 22.43012634655013
868.6458333333334 24.30712332430221 22.430823727833523
869.1458333333334 24.31348866580851 22.43150186032093
869.6458333333333 24.31986166802585 22.432201222500797
870.1458333333334 24.326269968997693 22.432900638188773
870.6458333333334 24.332694977892384 22.43359072470391
871.1458333333333 24.33913191484692 22.434294840827445
871.6458333333334 24.34556290033749 22.434991186071823
872.1458333333334 24.352053275976605 22.435693061727303
872.6458333333333 24.358522921649488 22.43638983160271
873.1458333333334 24.365024642223084 22.43709035392009
873.6458333333334 24.371537164056747 22.43780366602642
874.1458333333333 24.378078615336225 22.43850835103203
874.6458333333334 24.384595537845332 22.439212199691294
875.1458333333334 24.391160350662304 22.439926322316374
875.6458333333333 24.397723154156743 22.440628685724107
876.1458333333334 24.40428207114772 22.441340192560112
876.6458333333334 24.410889444799984 22.442054282410968
877.1458333333333 24.417489086548386 22.442766439129514
877.6458333333334 24.424111524945594 22.4434838934192
878.1458333333334 24.430724194892907 22.444203678722417
878.6458333333333 24.437352182825762 22.444918269103418
879.1458333333334 24.444000077097655 22.445634838253092
879.6458333333334 24.450640564335924 22.446359950398737
880.1458333333333 24.45730177259589 22.447080585906708
880.6458333333334 24.463979317099756 22.44779974815335
881.1458333333334 24.470681785050324 22.448526584573507
881.6458333333333 24.477348027282115 22.44925215521882
882.1458333333334 24.48403209842715 22.449978521302405
882.6458333333334 24.490745925416082 22.45070298251822
883.1458333333333 24.497451399306875 22.451433870850472
883.6458333333334 24.504165957624657 22.452160718150523
884.1458333333334 24.51087968387913 22.452894463497323
884.6458333333333 24.517597952447503 22.453627212433744
885.1458333333334 24.524316361675634 22.45436195348323
885.6458333333334 24.531021457424885 22.455095952057363
886.1458333333333 24.537764307711267 22.45583041220332
886.6458333333334 24.54449089010806 22.45656760967909
887.1458333333334 24.551227399610838 22.457305308269472
887.6458333333333 24.55794755229633 22.458041391222437
888.1458333333334 24.56468044165367 22.458780351852646
888.6458333333334 24.571398031185787 22.459524179520294
889.1458333333333 24.578111376402155 22.460264935487196
889.6458333333334 24.58482310305381 22.46100952309641
890.1458333333334 24.591550027350184 22.461745008726226
890.6458333333333 24.598264511354134 22.462501092546834
891.1458333333334 24.60495654085314 22.463242185962635
891.6458333333334 24.611658860783713 22.46398725626479
892.1458333333333 24.618367399255533 22.464734725503753
892.6458333333334 24.625042224684364 22.465492073942777
893.1458333333334 24.631711515770213 22.466234299722853
893.6458333333333 24.638376913353643 22.466988731726918
894.1458333333334 24.645023713023434 22.467736485752184
894.6458333333334 24.651668341180738 22.468485101543077
895.1458333333333 24.658304909880403 22.469242955244532
895.6458333333334 24.664913140007986 22.470002211734354
896.1458333333334 24.67150669156495 22.470751904905587
896.6458333333333 24.67810279504489 22.47150280213095
897.1458333333334 24.684640495580993 22.472262072617973
897.6458333333334 24.69120601886501 22.47302402404625
898.1458333333333 24.697727826168595 22.473777928114668
898.6458333333334 24.704245704272488 22.474543124093973
899.1458333333334 24.710730975731295 22.47530055318739
899.6458333333333 24.717195773032174 22.47606251444932
900.1458333333334 24.723627195440585 22.476815642276065
900.6458333333334 24.73005452286999 22.477587147239447
901.1458333333333 24.7364363937182 22.47835293425553
901.6458333333334 24.742786115188046 22.479119109738516
902.1458333333334 24.749129015585673 22.47988395057845
902.6458333333333 24.755451115360998 22.480644431182654
903.1458333333334 24.761708708196988 22.48141013032997
903.6458333333334 24.767934855237424 22.48218023400796
904.1458333333333 24.7741620817758 22.482946303768504
904.6458333333334 24.780358686918177 22.483719401212475
905.1458333333334 24.786504544097802 22.48449182680939
905.6458333333333 24.7926364574743 22.485253546008117
906.1458333333334 24.798741980189824 22.48602654423089
906.6458333333334 24.804797856329923 22.486800423555312
907.1458333333333 24.810842918324813 22.48757041671263
907.6458333333334 24.81689466588054 22.488351421581974
908.1458333333334 24.82285150146298 22.489127607200285
908.6458333333333 24.82884207888736 22.489907012633328
909.1458333333334 24.834780201756644 22.490681609659173
909.6458333333334 24.840696770687 22.491466283170524
910.1458333333333 24.846580224892737 22.492241450580263
910.6458333333334 24.852400441115257 22.49303606330562
911.1458333333334 24.85822833825845 22.493809776770036
911.6458333333333 24.86401104472047 22.494591498739872
912.1458333333334 24.8697567749722 22.49537912323934
912.6458333333334 24.875486973416862 22.496164490414255
913.1458333333333 24.881177007567295 22.496955343484835
913.6458333333334 24.886839076343506 22.497742123051992
914.1458333333334 24.892443788278214 22.49853267579602
914.6458333333333 24.89805483278265 22.49932652408347
915.1458333333334 24.903591443074355 22.500118783494223
915.6458333333334 24.90911182268567 22.50090709738174
916.1458333333333 24.914607334109768 22.501705560117955
916.6458333333334 24.920046786043383 22.50249567190472
917.1458333333334 24.92546900003651 22.503290491040488
917.6458333333333 24.930818299466537 22.504090989031535
918.1458333333334 24.936176421850256 22.504885373182596
918.6458333333334 24.94147122660359 22.505685989378073
919.1458333333333 24.946742446423265 22.506484146020213
919.6458333333334 24.95198200244936 22.507291632908487
920.1458333333334 24.957167218405058 22.508091790205892
920.6458333333333 24.962305706920116 22.508902443861608
921.1458333333334 24.967404110543644 22.50970431801069
921.6458333333334 24.972485211171286 22.510508937961326
922.1458333333333 24.977530099982385 22.51131144067179
922.6458333333334 24.982491722747632 22.51211988597708
923.1458333333334 24.987439468235987 22.51293577379078
923.6458333333333 24.99234828691259 22.513744090242525
924.1458333333334 24.997192932377853 22.51455333319557
924.6458333333334 25.002048807522495 22.515368252079703
925.1458333333333 25.006816432469115 22.5161804781232
925.6458333333334 25.0115269788806 22.51699434389124
926.1458333333334 25.016241069421227 22.51782209580469
926.6458333333333 25.020883417738315 22.51863412600898
927.1458333333334 25.02548250585621 22.51944916120879
927.6458333333334 25.03002635600598 22.52026551424933
928.1458333333333 25.034541943500646 22.521087144488337
928.6458333333334 25.039004869723634 22.521907179943838
929.1458333333334 25.043433394859335 22.52272966300683
929.6458333333333 25.04781596714849 22.523559717173146
930.1458333333334 25.05214673016247 22.524374007567474
930.6458333333334 25.05639994961794 22.52520976212997
931.1458333333333 25.06064373792618 22.526027639787507
931.6458333333334 25.06483622187936 22.52686535866389
932.1458333333334 25.068965506242296 22.52769166696381
932.6458333333333 25.07304668324549 22.528523226388
933.1458333333334 25.07709437037867 22.52935473839987
933.6458333333334 25.081080975445936 22.530184470042364
934.1458333333333 25.085024283764163 22.531017168753323
934.6458333333334 25.08893956994718 22.5318574376662
935.1458333333334 25.092772382879545 22.532686645880432
935.6458333333333 25.096534143089798 22.533525721120856
936.1458333333334 25.100293173233702 22.53436383234948
936.6458333333334 25.103961324229086 22.53520095760486
937.1458333333333 25.10760350852302 22.536048033603734
937.6458333333334 25.11119416474097 22.536886091590933
938.1458333333334 25.114717448159244 22.537727418546933
938.6458333333333 25.118218368290897 22.538574978472695
939.1458333333334 25.121640512299553 22.539410311660568
939.6458333333334 25.125010633359675 22.540261046342845
940.1458333333333 25.12834650377124 22.54111192673009
940.6458333333334 25.13160011544312 22.541959196161827
941.1458333333334 25.134817111428696 22.5428127287352
941.6458333333333 25.138021584970463 22.543654063059595
942.1458333333334 25.141127877404298 22.544512378538247
942.6458333333334 25.144165134756634 22.545362260429542
943.1458333333333 25.14717323428893 22.546211303075697
943.6458333333334 25.15011883220128 22.547079400288847
944.1458333333334 25.153017062005997 22.547923629343426
944.6458333333333 25.155849683025018 22.548786581911642
945.1458333333334 25.158616137234176 22.54964929223214
945.6458333333334 25.16133215070235 22.55049817725775
946.1458333333333 25.163956432625255 22.551363820029056
946.6458333333334 25.166487749220458 22.552218755947088
947.1458333333334 25.16900264590135 22.55308244732729
947.6458333333333 25.17140158217305 22.553951806328236
948.1458333333334 25.173769490445636 22.554812473728493
948.6458333333334 25.176023238551682 22.55568007528426
949.1458333333333 25.17822239025454 22.556545809611215
949.6458333333334 25.18032797634186 22.55741447613584
950.1458333333334 25.182404957891933 22.558286752904802
950.6458333333333 25.184401930030617 22.559158822938624
951.1458333333334 25.18631371836854 22.560025002458456
951.6458333333334 25.18814947271569 22.56090505661458
952.1458333333333 25.18991063239313 22.561773451150692
952.6458333333334 25.191606972207797 22.562652301137547
953.1458333333334 25.193228367680224 22.56352583409931
953.6458333333333 25.194777120333413 22.564409538937007
954.1458333333334 25.196250731380122 22.565291485531777
954.6458333333334 25.197658500098214 22.566169636633255
955.1458333333333 25.199005463505536 22.567053998874623
