FastTrWP/PhaseSpace/IAs/snIa_0.67_30.00_0.46_0.11.csv
# %ECSV 0.9
# ---
# datatype:
# - {name: time-rel, datatype: float64}
# - {name: g, datatype: float64}
# - {name: i, datatype: float64}
# schema: astropy-2.0
time-rel g i
[from data line 1733]
992.7916666666666 25.559824717470857 22.485637448046706
993.2916666666666 25.561714521980004 22.48645761826716
993.7916666666665 25.56363262555907 22.487261612579328
994.2916666666666 25.56549154961241 22.488077662614142
994.7916666666666 25.567383550808106 22.48888763797233
995.2916666666665 25.569294439843254 22.489709842416637
995.7916666666666 25.571180802857647 22.49052541475625
996.2916666666666 25.57310366718493 22.491341923114465
996.7916666666665 25.57498305953675 22.492151489063126
997.2916666666666 25.57688979269155 22.4929766227571
997.7916666666666 25.578785928419173 22.493797085023274
998.2916666666665 25.580724528736898 22.494618867501362
998.7916666666666 25.5825869888843 22.49543865961784
999.2916666666666 25.58450106258813 22.496263110724147
999.7916666666665 25.586417481122407 22.497082635821517
1000.2916666666666 25.588299058656602 22.49790849216328
1000.7916666666666 25.590206051615954 22.498728471099692
1001.2916666666666 25.592122039829736 22.499554641225018
1001.7916666666666 25.594034251479524 22.50038600116749
1002.2916666666666 25.595947601767527 22.50121428907992
1002.7916666666666 25.597835093817885 22.502041211909663
1003.2916666666666 25.59976537102959 22.50287658713159
1003.7916666666666 25.601691480974964 22.503701133846835
1004.2916666666666 25.60357159962944 22.504535912550928
1004.7916666666666 25.605491399729132 22.505359220851705
1005.2916666666666 25.607421418020447 22.506198320094345
1005.7916666666666 25.60932044450601 22.507027695967775
1006.2916666666666 25.611242467814638 22.507864727624153
1006.7916666666666 25.613147257971058 22.508692100035535
1007.2916666666666 25.61501915585549 22.509525616122655
1007.7916666666666 25.616922938456725 22.510363216505187
1008.2916666666666 25.618858815757246 22.51119134946211
1008.7916666666666 25.620756153394083 22.51203491024799
1009.2916666666666 25.622656041583063 22.512870565322007
1009.7916666666666 25.624557963481234 22.51370595787476
1010.2916666666666 25.626494684777402 22.514542913197097
1010.7916666666666 25.62837957579439 22.515387687591762
1011.2916666666666 25.630290667439187 22.516219508220473
1011.7916666666666 25.632200222244176 22.51706579574588
1012.2916666666666 25.634126531224027 22.517898334290717
1012.7916666666666 25.63603855018269 22.518737040410702
1013.2916666666666 25.637881691742063 22.519586590326
1013.7916666666666 25.639819414246222 22.520423900840058
1014.2916666666666 25.64171163439952 22.52126650396172
1014.7916666666666 25.6436193049265 22.522100902093175
1015.2916666666666 25.645548730085807 22.52294373817952
1015.7916666666666 25.647418527474102 22.52377918159207
1016.2916666666666 25.649316092522284 22.52462667027943
1016.7916666666666 25.651206902380427 22.52546533114576
1017.2916666666666 25.65310157677329 22.526303344602777
1017.7916666666666 25.65502053737778 22.52715355680926
1018.2916666666666 25.656909875535526 22.52798890783039
1018.7916666666666 25.65878199389743 22.528841864728683
1019.2916666666666 25.660680168371268 22.52968034443903
1019.7916666666666 25.662579511632345 22.530535821997294
1020.2916666666666 25.664477372547893 22.531378779230202
1020.7916666666666 25.666399751696417 22.532227450212815
1021.2916666666666 25.668287111290773 22.53307521722563
1021.7916666666666 25.670182995755045 22.53392432353836
1022.2916666666666 25.672088134230172 22.534782497204215
1022.7916666666666 25.673956353409842 22.535629414979365
1023.2916666666666 25.675861078320782 22.536476426353023
1023.7916666666666 25.677769877815884 22.537333063507074
1024.2916666666667 25.679662940876163 22.538185908753835
1024.7916666666667 25.68158389253569 22.539044919034072
1025.2916666666667 25.68348602166182 22.539901242156883
1025.7916666666667 25.68537313887154 22.54075530416764
1026.2916666666667 25.687251000734772 22.54161656843973
1026.7916666666667 25.689179122582292 22.54246939738742
1027.2916666666667 25.691062520422896 22.54333406079855
1027.7916666666667 25.69297626403825 22.544196952122185
1028.2916666666667 25.694872272044172 22.545054159830546
1028.7916666666667 25.696769762940225 22.54591308499155
1029.2916666666667 25.698706292231268 22.546774566344972
1029.7916666666667 25.70056329984905 22.547637601339684
1030.2916666666667 25.70246826983325 22.548501307435945
1030.7916666666667 25.704346304382266 22.549365933538432
1031.2916666666667 25.70626550522499 22.550235957129967
1031.7916666666667 25.708170961219583 22.55109503553563
1032.2916666666667 25.71006606789094 22.551955053881873
1032.7916666666667 25.711954618125795 22.552828368324548
1033.2916666666667 25.713864790916535 22.55370108581607
1033.7916666666667 25.715751179016443 22.554570614243048
1034.2916666666667 25.717657663241024 22.555434552887426
1034.7916666666667 25.71955154297813 22.55630652647912
1035.2916666666667 25.721473617081752 22.557173051959026
1035.7916666666667 25.723360508959992 22.558055251534267
1036.2916666666667 25.725205162817026 22.558922652722117
1036.7916666666667 25.727114745095548 22.55979440019837
1037.2916666666667 25.728991396153855 22.56066915019617
1037.7916666666667 25.73092489463199 22.56153867819392
1038.2916666666667 25.73282431128188 22.56241802580186
1038.7916666666667 25.734701198906784 22.563296146745813
1039.2916666666667 25.736602480298338 22.56416779390104
1039.7916666666667 25.73849704249813 22.565038581885236
1040.2916666666667 25.74041463653467 22.56591286851229
1040.7916666666667 25.74226520067981 22.56679963039161
1041.2916666666667 25.744141079914918 22.567673887035433
1041.7916666666667 25.746029045484654 22.568562615656095
1042.2916666666667 25.74793400738466 22.569437177763604
1042.7916666666667 25.749808983514825 22.57031253502506
1043.2916666666667 25.751706555031664 22.571189398411175
1043.7916666666667 25.75358280732774 22.5720756331949
1044.2916666666667 25.755484129818043 22.572961111418014
1044.7916666666667 25.75734358470275 22.573842829844576
1045.2916666666667 25.75923238750886 22.574724287177293
1045.7916666666667 25.761107018296375 22.575602023384253
1046.2916666666667 25.762981361784053 22.576488184928184
1046.7916666666667 25.764828365330956 22.577369197937426
1047.2916666666667 25.766729983270828 22.57824936665778
1047.7916666666667 25.768607685042397 22.579141472262005
1048.2916666666667 25.770507809779055 22.580035186090974
1048.7916666666667 25.77236078129275 22.580913620588113
1049.2916666666667 25.774242694027155 22.58179149962941
1049.7916666666667 25.776086110390537 22.58268641052437
1050.2916666666667 25.77793986743973 22.583570995454064
1050.7916666666667 25.779800697406735 22.58445556132374
1051.2916666666667 25.78170105098676 22.58534110408338
1051.7916666666667 25.783561150642143 22.58623293415599
1052.2916666666667 25.78539238189288 22.587118259092435
1052.7916666666667 25.787261395326496 22.58800751626747
1053.2916666666667 25.789121009976967 22.588885890420983
1053.7916666666667 25.790968782977277 22.5897823634405
1054.2916666666667 25.792844130809716 22.590671833851033
1054.7916666666667 25.794695034521247 22.591562124377802
1055.2916666666667 25.796528710330474 22.592452353171208
1055.7916666666667 25.79838666922454 22.593343307925497
1056.2916666666667 25.80023336277749 22.594234868586053
1056.7916666666667 25.8020610355726 22.5951221575773
1057.2916666666667 25.803910851986892 22.596017111575563
1057.7916666666667 25.80575448415709 22.596896022923488
1058.2916666666667 25.807578120219247 22.597793423292174
1058.7916666666667 25.809426869853233 22.598686757919324
1059.2916666666667 25.811248398600604 22.599577559561084
1059.7916666666667 25.813108415385813 22.600469427036998
1060.2916666666667 25.814887490830113 22.60136606725538
1060.7916666666667 25.81672989000573 22.602249769293728
1061.2916666666667 25.81860072570042 22.603148467073208
1061.7916666666667 25.82038891689586 22.604045572649763
1062.2916666666667 25.822212092604996 22.604931871530148
1062.7916666666667 25.824002674976395 22.605838034517586
1063.2916666666667 25.82583136980245 22.60673162970686
1063.7916666666667 25.82765778670721 22.607623024088316
1064.2916666666667 25.82948300224464 22.608525246933304
1064.7916666666667 25.831310015381636 22.609419183169944
1065.2916666666667 25.83310653303255 22.61031695601553
1065.7916666666667 25.834901221874283 22.61120478798745
1066.2916666666667 25.836718341332446 22.612106648574347
1066.7916666666667 25.838551036238897 22.61300672971458
1067.2916666666667 25.84030631146026 22.613912626992033
1067.7916666666667 25.842125900535848 22.614810070636487
1068.2916666666667 25.84393370505164 22.615706531354277
1068.7916666666667 25.845737651752493 22.616606350181094
1069.2916666666667 25.847547615325862 22.617505549801955
1069.7916666666667 25.849339286899387 22.618414917629387
1070.2916666666667 25.85112725460838 22.619303614922337
1070.7916666666667 25.852881412617506 22.62021457500877
1071.2916666666667 25.85468007353711 22.62111045429702
1071.7916666666667 25.856506873910323 22.622023189816908
1072.2916666666667 25.85824802649707 22.622923547275082
1072.7916666666667 25.86004017056353 22.62382048391997
1073.2916666666667 25.861831657054438 22.624731403470992
1073.7916666666667 25.863602434007362 22.625637611740437
1074.2916666666667 25.865398089188698 22.62654351637856
1074.7916666666667 25.867166503381753 22.627453307238575
1075.2916666666667 25.868912621132594 22.628350288845844
1075.7916666666667 25.870701166014555 22.62925891928115
1076.2916666666667 25.87247304474645 22.630174053976848
1076.7916666666667 25.874277479439 22.631085698510795
1077.2916666666667 25.876006473244914 22.631997294642435
1077.7916666666667 25.877782648464695 22.63289835869404
1078.2916666666667 25.879562294651947 22.6338083316648
1078.7916666666667 25.88131941816596 22.634720233848995
1079.2916666666667 25.883057978814847 22.635626953491908
1079.7916666666667 25.884774266552988 22.636541106226616
1080.2916666666667 25.886587815969378 22.6374562213731
1080.7916666666667 25.88831033602937 22.638374509252053
1081.2916666666667 25.890099852445573 22.639282683932347
1081.7916666666667 25.891851718513443 22.64020168365873
1082.2916666666667 25.89356830293781 22.64111227439723
1082.7916666666667 25.89532169459386 22.6420305089332
1083.2916666666667 25.897059002393597 22.642945056609744
1083.7916666666667 25.898776802700056 22.64386446984213
1084.2916666666667 25.90051772166722 22.644780167838675
1084.7916666666667 25.902266016803182 22.645698941588847
1085.2916666666667 25.90399389361818 22.64661399706089
1085.7916666666667 25.905706897285686 22.64753589991948
1086.2916666666667 25.907507114660667 22.648454408805367
1086.7916666666667 25.9091882956654 22.649375014354504
1087.2916666666667 25.91091201012443 22.650295152493864
1087.7916666666667 25.912701601137925 22.6512184992444
1088.2916666666667 25.914382268955375 22.652146058231637
1088.7916666666667 25.916095603712076 22.653059368301864
1089.2916666666667 25.917842783690688 22.653986040623884
1089.7916666666667 25.919538782940513 22.65491538801363
1090.2916666666667 25.92124898088462 22.655838053253824
1090.7916666666667 25.92296621444392 22.656766819694433
1091.2916666666667 25.92468408420241 22.657692926594862
1091.7916666666667 25.92640035566133 22.658624311517347
1092.2916666666667 25.928133030513806 22.65954901358207
1092.7916666666667 25.929805061471644 22.660481172041816
1093.2916666666667 25.93150490029104 22.661405543754597
1093.7916666666667 25.933228050314952 22.662337883095233
1094.2916666666667 25.934915904016673 22.66326919055278
1094.7916666666667 25.936634508908 22.66420288035153
1095.2916666666667 25.93830563863979 22.66513145375882
1095.7916666666667 25.940018791169102 22.666068550462324
1096.2916666666667 25.941695176765172 22.666998422517484
1096.7916666666667 25.943401172904057 22.66793472321531
1097.2916666666667 25.945081807327533 22.668872326158013
1097.7916666666667 25.946791823351496 22.669814165236385
1098.2916666666667 25.948471677539274 22.670744568041545
1098.7916666666667 25.95015133582057 22.67167929899952
1099.2916666666667 25.95180343046399 22.672619738919234
1099.7916666666667 25.95352704417 22.67355207958953
1100.2916666666667 25.955174296294 22.67450002477423
1100.7916666666667 25.956850200731406 22.675435349069872
1101.2916666666667 25.95853698250368 22.676376384779708
1101.7916666666667 25.96018553883055 22.677322363483675
1102.2916666666667 25.961859746078023 22.678255490790413
1102.7916666666667 25.963501520137594 22.67920483990663
1103.2916666666667 25.965154399219227 22.68014523883556
1103.7916666666667 25.966834352894 22.68108166687248
1104.2916666666667 25.968502885542325 22.682035256262907
1104.7916666666667 25.97019860936809 22.68296817313789
1105.2916666666667 25.97177006996002 22.683918787628926
1105.7916666666667 25.973422108663215 22.684864061060942
1106.2916666666667 25.975074465779976 22.68581675827639
1106.7916666666667 25.97672348497249 22.686762894920875
1107.2916666666667 25.97836854981813 22.68771236565641
1107.7916666666667 25.979998097389505 22.688656977172915
1108.2916666666667 25.98163640068001 22.689611410962165
1108.7916666666667 25.983277722227545 22.690546168374766
1109.2916666666667 25.98493353469571 22.691499962887836
1109.7916666666667 25.986508366158603 22.692453443403835
1110.2916666666667 25.988122054178792 22.69341168026632
1110.7916666666667 25.989757325084074 22.69435548961915
1111.2916666666667 25.99138789987584 22.69531314415074
1111.7916666666667 25.99301231165331 22.69627271890542
1112.2916666666667 25.994637408107977 22.697214114664405
1112.7916666666667 25.996203725651146 22.698174586989573
1113.2916666666667 25.997844516897036 22.699131623779696
1113.7916666666667 25.99946557273919 22.700086271886775
1114.2916666666667 26.001055342367962 22.701045186005615
1114.7916666666667 26.00262912290813 22.702001921239393
1115.2916666666667 26.00423958495081 22.702959670592485
1115.7916666666667 26.005816294161647 22.703919369774663
1116.2916666666667 26.007410648674096 22.704885507180155
1116.7916666666667 26.009019258827518 22.70583561679775
1117.2916666666667 26.010595275176968 22.70680097373051
1117.7916666666667 26.01214283369185 22.70776401749265
1118.2916666666667 26.01373494866397 22.708723681351344
1118.7916666666667 26.015342093250943 22.709695138431588
1119.2916666666667 26.016902683869375 22.7106609847433
1119.7916666666667 26.01847744565369 22.711618022814815
1120.2916666666667 26.02002678934536 22.712589682724797
1120.7916666666667 26.021589308320074 22.713554429404482
1121.2916666666667 26.023179337508534 22.714525518280148
1121.7916666666667 26.024719507821427 22.71548618940105
1122.2916666666667 26.02630610199514 22.716457527935514
1122.7916666666667 26.02784806692768 22.71743604715004
1123.2916666666667 26.02939979271032 22.718402347701154
1123.7916666666667 26.030963328025074 22.719375314896713
1124.2916666666667 26.032478753850427 22.720338558651104
1124.7916666666667 26.034023798398884 22.721317518513796
1125.2916666666667 26.03559918600734 22.722293738778625
1125.7916666666667 26.037124262310073 22.723261571031074
1126.2916666666667 26.03863447299735 22.72424605456014
1126.7916666666667 26.040161627228837 22.72522023948993
1127.2916666666667 26.04167373092537 22.726198912325465
1127.7916666666667 26.043240361872982 22.72717391037275
1128.2916666666667 26.04471908874457 22.728152779326848
1128.7916666666667 26.046271448724347 22.72914326378781
1129.2916666666667 26.047765086439718 22.730111832897148
1129.7916666666667 26.049277750069727 22.73109984517403
1130.2916666666667 26.05082036134243 22.732080526277496
1130.7916666666667 26.052318907425345 22.73306378117085
1131.2916666666667 26.053787391716998 22.73404633038899
1131.7916666666667 26.055290833587 22.735036086862745
1132.2916666666667 26.056811983069387 22.736017152332945
1132.7916666666667 26.05831409799095 22.737011822968732
1133.2916666666667 26.059769605542307 22.73799975608164
1133.7916666666667 26.061280859588223 22.738983675443926
1134.2916666666667 26.062753808556916 22.739975975689937
