FastTrWP/PhaseSpace/IAs/snIa_0.41_30.00_0.72_0.12.csv
# %ECSV 0.9
# ---
# datatype:
# - {name: time-rel, datatype: float64}
# - {name: g, datatype: float64}
# - {name: i, datatype: float64}
# schema: astropy-2.0
time-rel g i
[from data line 287]
319.1041666666667 24.273510147524455 23.34684968214965
319.6041666666667 24.269382263223424 23.34351074266607
320.1041666666667 24.265281850890087 23.340188710348894
320.6041666666667 24.261195462177646 23.336862448626533
321.1041666666667 24.25711799111871 23.33354809768813
321.6041666666667 24.253052976498125 23.330231518370972
322.1041666666667 24.249010373913524 23.326933729226617
322.6041666666667 24.24498537237656 23.323643188558446
323.1041666666667 24.240946313783056 23.32035513566177
323.6041666666667 24.23695911813912 23.31708513881358
324.1041666666667 24.23294488519153 23.313807949456947
324.6041666666667 24.22897320015504 23.310569810374624
325.1041666666667 24.225003476935115 23.30730260142037
325.6041666666667 24.221038890626943 23.304069706189715
326.1041666666667 24.217093281670834 23.300838399005727
326.6041666666667 24.213180334943573 23.297620158470306
327.1041666666667 24.209250747628268 23.294397525642445
327.6041666666667 24.205337134778656 23.29119414866568
328.1041666666667 24.201450619418587 23.287995987759512
328.6041666666667 24.197578546414228 23.28480515056656
329.1041666666667 24.193707949666354 23.28162895584747
329.6041666666667 24.189852469342842 23.278451770685077
330.1041666666667 24.18600218898435 23.275295606981175
330.6041666666667 24.182178464906954 23.272120121770534
331.1041666666667 24.17836042906101 23.268990425252078
331.6041666666667 24.174552785144723 23.265826760025558
332.1041666666667 24.17075771863832 23.2626999256753
332.6041666666667 24.16697280495829 23.259576861457617
333.1041666666667 24.163194149806518 23.256450092990665
333.6041666666667 24.159441271215 23.253336302209554
334.1041666666667 24.155678452988326 23.25023068402409
334.6041666666667 24.15194570590667 23.247136197330086
335.1041666666667 24.148220780102218 23.244041306469335
335.6041666666667 24.14450460797836 23.240965013947772
336.1041666666667 24.1407837690369 23.237883664988264
336.6041666666667 24.137090868909652 23.23481978071044
337.1041666666667 24.13341206768292 23.231757586566715
337.6041666666667 24.129738644444142 23.228693144427773
338.1041666666667 24.1260591410469 23.225648295938306
338.6041666666667 24.12241803604718 23.222600997269716
339.1041666666667 24.1187799655423 23.21957748056179
339.6041666666667 24.115132305932097 23.21653972790793
340.1041666666667 24.111506014807777 23.213521495769584
340.6041666666667 24.107890581327013 23.210500601897518
341.1041666666667 24.10429450313918 23.20749704978512
341.6041666666667 24.1006950318274 23.2044979989252
342.1041666666667 24.097115412485913 23.2015003551893
342.6041666666667 24.093520934547787 23.19849207834328
343.1041666666667 24.08996307274364 23.195518926685473
343.6041666666667 24.08639037551881 23.192542206159963
344.1041666666667 24.082852279684314 23.189572077098013
344.6041666666667 24.079298810147776 23.186597063580116
345.1041666666667 24.075764619436846 23.183640809810452
345.6041666666667 24.072256326620277 23.180687742645958
346.1041666666667 24.068748911808797 23.177736221808402
346.6041666666667 24.065235483076215 23.174794877771596
347.1041666666667 24.06173360120837 23.171858910565227
347.6041666666667 24.05824124174891 23.168932180771083
348.1041666666667 24.05477867031226 23.165991505844833
348.6041666666667 24.05129234951226 23.1630793935187
349.1041666666667 24.04782243019092 23.16016675201741
349.6041666666667 24.04437776084652 23.15724955020345
350.1041666666667 24.040935847540656 23.15435200797986
350.6041666666667 24.037483032765074 23.151457575447836
351.1041666666667 24.03406405967962 23.148555988453467
351.6041666666667 24.030638768431004 23.1456653245299
352.1041666666667 24.027230783981235 23.142786896586966
352.6041666666667 24.023820335842952 23.139903687959613
353.1041666666667 24.020420890649994 23.137030233367852
353.6041666666667 24.017014649383498 23.13416102236794
354.1041666666667 24.013635132947 23.13129056237678
354.6041666666667 24.010259971279485 23.128437341693417
355.1041666666667 24.00689439714663 23.125591180642285
355.6041666666667 24.003526151880962 23.122738197811792
356.1041666666667 24.000172597498146 23.11990360666698
356.6041666666667 23.99684134623369 23.117051517663132
357.1041666666667 23.99348391745738 23.114224375149167
357.6041666666667 23.99014933711007 23.111403208648944
358.1041666666667 23.986829893505718 23.108581610350775
358.6041666666667 23.983522244664496 23.105758963028542
359.1041666666667 23.980203978336544 23.102950802035235
359.60416666666663 23.976911175390228 23.100142079008606
360.1041666666667 23.973619782275367 23.09734462067484
360.6041666666667 23.970344694369366 23.094543413239805
361.10416666666663 23.96707087385873 23.091761476751024
361.6041666666667 23.963801536999732 23.088977102836985
362.1041666666667 23.960550468589936 23.086203200389793
362.60416666666663 23.957290052406577 23.0834250950609
363.1041666666667 23.9540343740503 23.08066152052152
363.6041666666667 23.950790578482582 23.077903831994124
364.10416666666663 23.947590480746044 23.075164322607083
364.6041666666667 23.944363719745642 23.07239731220061
365.1041666666667 23.941139188827766 23.069648574540004
365.60416666666663 23.93792439432698 23.066898451106667
366.1041666666667 23.934735484133252 23.06417399610675
366.6041666666667 23.93154451984886 23.061442871729586
367.10416666666663 23.928359295048235 23.058714229139603
367.6041666666667 23.925182662999887 23.055996307709616
368.1041666666667 23.922013191905158 23.053280490199832
368.60416666666663 23.918846175758173 23.050565797636708
369.1041666666667 23.915698034049697 23.047860898496598
369.6041666666667 23.912543920023246 23.045155276454786
370.10416666666663 23.909393181963786 23.042465605164438
370.6041666666667 23.90626264495962 23.039769363827034
371.1041666666667 23.903129823876625 23.037093535991193
371.60416666666663 23.9000101066124 23.034398686863426
372.1041666666667 23.896887858185124 23.03171596940213
372.6041666666667 23.893781443814962 23.029047401844128
373.10416666666663 23.890682970003763 23.026385182207967
373.6041666666667 23.887576980463045 23.023704808627556
374.1041666666667 23.884495577300253 23.021044907794654
374.60416666666663 23.881405118646526 23.01840092352125
375.1041666666667 23.878331685840838 23.015746866979025
375.6041666666667 23.87526893528534 23.013089884003065
376.10416666666663 23.87218954330657 23.01045241128672
376.6041666666667 23.869122413752464 23.00780647862233
377.1041666666667 23.866079858046024 23.005178972517214
377.60416666666663 23.863037677748324 23.002553308428855
378.1041666666667 23.85998689796184 22.9999131143782
378.6041666666667 23.85694981979922 22.997298936602068
379.10416666666663 23.853922705940803 22.994674312565998
379.6041666666667 23.85090883364746 22.992063470063382
380.1041666666667 23.84788710184415 22.9894513703247
380.60416666666663 23.844873288036425 22.986847847538886
381.1041666666667 23.841877436847533 22.984245849434615
381.6041666666667 23.83886778860582 22.98164580312217
382.10416666666663 23.83587309035746 22.97905092936315
382.6041666666667 23.832883713805117 22.976458727067634
383.1041666666667 23.829911144113 22.973877115305292
383.60416666666663 23.826931311020935 22.971290293728416
384.1041666666667 23.823948877236013 22.968708895941834
384.6041666666667 23.820988976174704 22.96613776092213
385.10416666666663 23.818035433053943 22.9635683154283
385.6041666666667 23.815074398304215 22.960998204795256
386.1041666666667 23.81214013701197 22.958425533507647
386.60416666666663 23.809173113164693 22.9558627959652
387.1041666666667 23.806236590500855 22.953312036218186
387.6041666666667 23.80330822899467 22.95076529337266
388.10416666666663 23.800375262305153 22.94821582179592
388.6041666666667 23.797461205476786 22.945659330941503
389.1041666666667 23.794546640427853 22.94311635091028
389.60416666666663 23.791612176934827 22.9405803432982
390.1041666666667 23.78872424571557 22.938041864134956
390.6041666666667 23.78580262010264 22.935507483002297
391.10416666666663 23.782897593644986 22.932973868770908
391.6041666666667 23.780005937340135 22.930439032901162
392.1041666666667 23.777069739883064 22.927898235817487
392.60416666666663 23.774176581531712 22.92536998444347
393.1041666666667 23.77126179599758 22.922839171540662
393.6041666666667 23.76834990264301 22.920305455878594
394.10416666666663 23.76544393488866 22.917775586975697
394.6041666666667 23.762537753578748 22.915244671051735
395.1041666666667 23.75963927313974 22.9127156061922
395.60416666666663 23.756739345936904 22.91018311292822
396.1041666666667 23.75383552999128 22.907665343633973
396.6041666666667 23.750927076348738 22.905141867030324
397.10416666666663 23.748029509401945 22.902618934304385
397.6041666666667 23.745139460329327 22.90010777851898
398.1041666666667 23.742243553086272 22.89759312798548
398.60416666666663 23.739368916487372 22.895072920344003
399.1041666666667 23.73648795849123 22.892570546103244
399.6041666666667 23.733609918880116 22.890056905698188
400.10416666666663 23.730735205222185 22.887561647453204
400.6041666666667 23.72785133742625 22.88505915846497
401.1041666666667 23.72500897120392 22.88255959736883
401.60416666666663 23.722124514971377 22.880067476978475
402.1041666666667 23.719285621476594 22.87757007856124
402.6041666666667 23.716424064307347 22.8750990956369
403.10416666666663 23.71359101401336 22.872620230389625
403.6041666666667 23.710755822953033 22.87013863441395
404.1041666666667 23.707930827552556 22.867656033443666
404.60416666666663 23.705106841749895 22.865195569358526
405.1041666666667 23.702292974262868 22.862729080850702
405.6041666666667 23.699476656195934 22.860263666065066
406.10416666666663 23.69667902239093 22.857824931008768
406.6041666666667 23.693874802236277 22.8553746183914
407.1041666666667 23.6911015015285 22.852931033809305
407.60416666666663 23.688334829415435 22.85048937644108
408.1041666666667 23.685559200262297 22.848065679379435
408.6041666666667 23.682797532668776 22.84563690007683
409.10416666666663 23.680041246727704 22.843210864320387
409.6041666666667 23.67729916969996 22.840792320872954
410.1041666666667 23.67456885508149 22.838391407765947
410.60416666666663 23.67184751546168 22.835987916275368
411.1041666666667 23.66914964313341 22.83358632281303
411.6041666666667 23.66644611051568 22.831208670351653
412.10416666666663 23.663745064852005 22.82882133427143
412.6041666666667 23.66106721626568 22.826446615479007
413.1041666666667 23.65838944965337 22.824070928767174
413.60416666666663 23.65572363247989 22.82171002655561
414.1041666666667 23.65309239450676 22.819351641530346
414.6041666666667 23.650447332308005 22.817001159555964
415.10416666666663 23.64782873117417 22.814668154396184
415.6041666666667 23.64521102234437 22.8123273424487
416.1041666666667 23.642598288688884 22.81001144747667
416.60416666666663 23.640017353215 22.807693066782598
417.1041666666667 23.637434994521417 22.805372924298176
417.6041666666667 23.634875397266054 22.80307408944514
418.10416666666663 23.63232399184075 22.80078298466519
418.6041666666667 23.629791535944797 22.798488554854394
419.1041666666667 23.627252600976178 22.7962165040134
419.60416666666663 23.62473518041744 22.79394693371088
420.1041666666667 23.62224203808537 22.79168472527062
420.6041666666667 23.619765619389973 22.789426125322993
421.10416666666663 23.617285106186028 22.7871852703009
421.6041666666667 23.61482126768402 22.78495041963418
422.1041666666667 23.612375740878527 22.78272433478533
422.60416666666663 23.60996514395564 22.780506510987657
423.1041666666667 23.60753187740685 22.778302313687174
423.6041666666667 23.60514705796778 22.776103280967423
424.10416666666663 23.60274501595208 22.773915013494737
424.6041666666667 23.600374367707964 22.77171820928913
425.1041666666667 23.597996497676398 22.769549050250642
425.60416666666663 23.595635998323775 22.767369500140212
426.1041666666667 23.59326769038045 22.76519822681369
426.6041666666667 23.590923323644603 22.763022774851123
427.10416666666663 23.588565744887116 22.760862576675546
427.6041666666667 23.586230589670784 22.758709246773652
428.1041666666667 23.583893597345398 22.756545118844244
428.60416666666663 23.581572424884488 22.754402878489053
429.1041666666667 23.579242669428346 22.75225937506807
429.6041666666667 23.576935914673925 22.75011191610779
430.10416666666663 23.574631297333152 22.747984229039297
430.6041666666667 23.572327818057435 22.745856428769372
431.1041666666667 23.57003181504234 22.743723588607097
431.60416666666663 23.56776822529559 22.741598604646796
432.1041666666667 23.565477627381398 22.739494619699926
432.6041666666667 23.563218041176626 22.737371687309498
433.10416666666663 23.560954400367777 22.73527596114835
433.6041666666667 23.558692966307607 22.733167362429093
434.1041666666667 23.556449903316228 22.731086848411618
434.60416666666663 23.554226351356352 22.72898986085124
435.1041666666667 23.551987939260183 22.726911762650136
435.6041666666667 23.549765956222778 22.724835966821434
436.10416666666663 23.547554321171088 22.722752866103946
436.6041666666667 23.545339548441117 22.720698824784563
437.1041666666667 23.543154369927116 22.718634378475812
437.60416666666663 23.540958634361523 22.71657538268559
438.1041666666667 23.53878554204746 22.714526744647202
438.6041666666667 23.536611128133508 22.712479476231984
439.10416666666663 23.53444988464823 22.710448033819684
439.6041666666667 23.532301299624905 22.708413257773614
440.1041666666667 23.530169961850667 22.70638642350663
440.60416666666663 23.528033111300303 22.704358869862734
441.1041666666667 23.52589591966644 22.702343401236295
441.6041666666667 23.523779510917436 22.70033525471726
442.10416666666663 23.521678514393713 22.698340702143483
442.6041666666667 23.519583967425554 22.69634425356179
443.1041666666667 23.517496506629925 22.694355866509195
443.60416666666663 23.51542738190988 22.69236868777081
444.1041666666667 23.513356924143004 22.690399135178424
444.6041666666667 23.51130888666423 22.688421062096076
445.10416666666663 23.509259187697687 22.68645753472418
445.6041666666667 23.507227527023936 22.684497479232036
446.1041666666667 23.505194364150274 22.68255075354142
446.60416666666663 23.50318523666758 22.680600398304325
447.1041666666667 23.501164767829344 22.67867117624342
447.6041666666667 23.499168188135336 22.676736866865692
448.10416666666663 23.497192305544523 22.67481053606896
448.6041666666667 23.495219887794736 22.67289183178837
449.1041666666667 23.493257514258126 22.67098032534345
449.60416666666663 23.491293898078265 22.669077798455763
450.1041666666667 23.489361385339265 22.667173614413922
450.6041666666667 23.48742463520873 22.665290480030123
451.10416666666663 23.485503099652792 22.663400824493433
451.6041666666667 23.483598331521453 22.661527818593278
452.1041666666667 23.48169675358004 22.659661026754105
452.60416666666663 23.479803616851555 22.657794190238697
453.1041666666667 23.477926754088593 22.65593622878686
453.6041666666667 23.476071215410332 22.654098602397998
454.10416666666663 23.4742054948903 22.652257923689415
454.6041666666667 23.472371389147824 22.650418681565384
455.1041666666667 23.470527911495175 22.648591666791035
455.60416666666663 23.46871158737955 22.64677041982366
456.1041666666667 23.4669132319045 22.644954009064442
456.6041666666667 23.46511129953423 22.643152202061817
457.10416666666663 23.463323940447655 22.64135288398731
457.6041666666667 23.461559589538815 22.639569132043214
458.1041666666667 23.45978856352122 22.637773159783812
458.60416666666663 23.458039975420757 22.636002122391726
459.1041666666667 23.4562915808991 22.634231356122577
459.6041666666667 23.454557291241986 22.63246842749641
460.10416666666663 23.452837543774272 22.630709503150225
460.6041666666667 23.451119723434996 22.62895006971454
461.1041666666667 23.449395421593383 22.6272026829771
461.60416666666663 23.447693760214005 22.62545268878864
462.1041666666667 23.446002373341216 22.623719301220085
462.6041666666667 23.44432480886853 22.621983194165413
