FastTrWP/PhaseSpace/IAs/snIa_0.53_30.00_-3.27_-0.09.csv
# %ECSV 0.9
# ---
# datatype:
# - {name: time-rel, datatype: float64}
# - {name: g, datatype: float64}
# - {name: i, datatype: float64}
# schema: astropy-2.0
time-rel g i
[from data line 1779]
799.5 25.843908983665784 23.670218486827057
800.0 25.838406322114274 23.67191159786124
800.5 25.83305525234122 23.67358434268407
801.0 25.82780572025159 23.675285217706666
801.5 25.82261728451713 23.67697004817363
802.0 25.817578295234128 23.67866253444554
802.5 25.812582955498392 23.68032829886718
803.0 25.80770779220231 23.682015893953988
803.5 25.80298095744634 23.683688526862277
804.0 25.7982997530818 23.685363936744544
804.5 25.79375238281987 23.68705018826514
805.0 25.78928181034461 23.688709070724578
805.5 25.784927655359212 23.69037419513262
806.0 25.780642994661832 23.692047134936654
806.5 25.776492525596627 23.693703233153105
807.0 25.772443278899434 23.69536819488431
807.5 25.768440598775747 23.697021553247893
808.0 25.7644868957639 23.698685603093963
808.5 25.760587290542336 23.700337267079764
809.0 25.756742964774766 23.702001218145092
809.5 25.75295289727352 23.7036444609789
810.0 25.74925903150521 23.705305430126828
810.5 25.745600490905034 23.706955475982706
811.0 25.74199405003194 23.70862318014798
811.5 25.738480159164062 23.710267196105917
812.0 25.73497320784949 23.711919706174783
812.5 25.731519072842914 23.713580902283944
813.0 25.728165022956123 23.715219555872274
813.5 25.72483584909593 23.716870631835405
814.0 25.721571351534553 23.718509359582114
814.5 25.718407856482905 23.72016019877726
815.0 25.715236060628214 23.72180403088558
815.5 25.71212359174846 23.72344054866921
816.0 25.709101304199038 23.725090563308946
816.5 25.706105721022134 23.726725911599047
817.0 25.70313359694231 23.728378757628814
817.5 25.70025356177993 23.73000468024642
818.0 25.6974421153729 23.731645611224927
818.5 25.694666816007228 23.733275915084878
819.0 25.691925902176507 23.734902084696337
819.5 25.68925653082541 23.736545222938013
820.0 25.68661652777817 23.738163292331933
820.5 25.68405794755179 23.739806533808036
821.0 25.681526828533215 23.741435101617967
821.5 25.679062921214502 23.74306201687801
822.0 25.676632130301943 23.744681726650963
822.5 25.674282303261258 23.746316255392962
823.0 25.671939119440353 23.74792233196967
823.5 25.66966251895551 23.74953737977625
824.0 25.667460067518675 23.751152037653632
824.5 25.665297302310247 23.752766541873605
825.0 25.66314861772774 23.754390195529155
825.5 25.661071784280225 23.755995001404074
826.0 25.659055866650625 23.757610049870795
826.5 25.65708883709845 23.759222221072015
827.0 25.655142168331814 23.76082980998786
827.5 25.653285233062796 23.76242944600421
828.0 25.651427391582068 23.764041388057862
828.5 25.64961971452973 23.76564301610964
829.0 25.64789716371209 23.76723935871462
829.5 25.64622488593105 23.768839199292252
830.0 25.644554705497185 23.77043603601704
830.5 25.64297469978662 23.77202220754009
831.0 25.641413821521223 23.773610108104215
831.5 25.63989424795251 23.775210399262345
832.0 25.638435986441166 23.77679830766339
832.5 25.637026991370497 23.778372972390898
833.0 25.63566418584715 23.779968069479217
833.5 25.63434716626558 23.781541753070158
834.0 25.633083370446744 23.78310725216512
834.5 25.631868297477798 23.784703000137082
835.0 25.63068042989829 23.786266176991035
835.5 25.62954114781727 23.787839217137318
836.0 25.62847766956552 23.789401467044282
836.5 25.627438283163734 23.790964754301985
837.0 25.626436254129583 23.792531786782884
837.5 25.6254896551083 23.794090992803664
838.0 25.6245725443041 23.795659817556476
838.5 25.623731543828118 23.79721538424438
839.0 25.62289487925101 23.798754608372047
839.5 25.62214686905014 23.80030970242156
840.0 25.621417990995795 23.801859745807356
840.5 25.62075264723771 23.803401285129215
841.0 25.620125086434594 23.804955498892923
841.5 25.61954537301002 23.80650680787001
842.0 25.619021331114556 23.80804296981447
842.5 25.618500783750832 23.809569029323928
843.0 25.618055419284552 23.811083684484675
843.5 25.617645845814852 23.812627540683437
844.0 25.61732289853959 23.814159430900222
844.5 25.617003238858654 23.81567363588266
845.0 25.616735950650934 23.817195827082056
845.5 25.61650843138522 23.818723499125277
846.0 25.616315589079623 23.82023317313223
846.5 25.616176035520134 23.821745322767466
847.0 25.616112723980173 23.823260183938455
847.5 25.616079446274505 23.824783841605676
848.0 25.61606720928285 23.826293541083686
848.5 25.616113517200997 23.827787564539097
849.0 25.61620881437593 23.82928037218592
849.5 25.61633366535078 23.83077775107391
850.0 25.616510290195112 23.832291629132378
850.5 25.6167564198283 23.833788480280056
851.0 25.61700568318205 23.835269241655915
851.5 25.617325422136453 23.836765057749638
852.0 25.617663331082245 23.83824402736312
852.5 25.618052161803632 23.839729281071584
853.0 25.61852628283209 23.841226223225828
853.5 25.618998539306645 23.842687786710147
854.0 25.61954131286477 23.844178357309723
854.5 25.620102218589413 23.845636893601736
855.0 25.620737032040566 23.847104394329346
855.5 25.6214194925492 23.848577452075332
856.0 25.622126210432782 23.8500446422836
856.5 25.622887960581462 23.851511579648626
857.0 25.623692403899895 23.85297005243344
857.5 25.62450182711028 23.85442358199114
858.0 25.625406225977997 23.8558700740463
858.5 25.626321788214064 23.857335719467592
859.0 25.62730222760422 23.858782375172495
859.5 25.62832874161669 23.86021658956485
860.0 25.62941200461211 23.861665632121216
860.5 25.630501955187036 23.863096244473518
861.0 25.63164955952545 23.864552234635998
861.5 25.632876038867302 23.865971294048013
862.0 25.6341168575222 23.867410833942955
862.5 25.6353879780051 23.868833287280143
863.0 25.63674953686408 23.870250423899293
863.5 25.638129543077007 23.87166401759022
864.0 25.639543507903785 23.873102777140126
864.5 25.640994960852485 23.874502925782345
865.0 25.642534565585894 23.87592280105381
