FastTrWP/PhaseSpace/IAs/snIa_0.69_30.00_-1.13_0.02.csv
# %ECSV 0.9
# ---
# datatype:
# - {name: time-rel, datatype: float64}
# - {name: g, datatype: float64}
# - {name: i, datatype: float64}
# schema: astropy-2.0
time-rel g i
[from data line 1772]
486.5 25.815919862378124 22.579407883071166
487.0 25.816332284975587 22.58039782981089
487.4999999999999 25.816675782453594 22.581407722126414
488.0 25.817038290260875 22.582416906050902
488.5 25.81737348668628 22.58342134686157
488.9999999999999 25.817724933456336 22.58442140796996
489.5 25.817997633729043 22.58542584946209
490.0 25.818292531859854 22.58644117206247
490.4999999999999 25.81859252961561 22.587446010740614
491.0 25.818899518139197 22.58846816059206
491.5 25.819129152039572 22.589476635185953
491.9999999999999 25.819370132060055 22.59048545209389
492.5 25.81959890491944 22.591501008987205
493.0 25.819847732231548 22.59252197874936
493.5 25.820062115065294 22.593531647074915
494.0 25.820311449242517 22.59454767677573
494.5 25.820501320327015 22.595578452382984
495.0 25.820678620751565 22.59658881691437
495.5 25.820912753465628 22.59761255062912
496.0 25.82110205904323 22.598641788640794
496.5 25.821268971777496 22.59966115427723
497.0 25.821451738339558 22.600686069575527
497.5 25.82164751116499 22.601714111347047
498.0 25.821796072283366 22.60273596806154
498.5 25.821979933022497 22.60375320181684
499.0 25.822125659855878 22.60479279521276
499.5 25.822291815668287 22.605823968416367
500.0 25.822485217760324 22.606853976083855
500.5 25.82259896235322 22.607883127090112
501.0 25.822825060911185 22.608914200013462
501.5 25.822985525370914 22.609943701196798
502.0 25.823141299931795 22.61097403107534
502.5 25.823303494339136 22.612008889632627
503.0 25.823478473251427 22.613040201998814
503.5 25.823669107108454 22.61407600331539
504.0 25.823850893186098 22.615105471112447
504.5 25.82404566069713 22.616147000927043
505.0 25.824210630898218 22.617185210639754
505.5 25.824421423302546 22.6182164850572
506.0 25.82462991533947 22.61924724871553
506.5 25.824851941496817 22.620297113755676
507.0 25.825025844858697 22.621325728835945
507.5 25.825285065589043 22.622367971760017
508.0 25.825532241535885 22.623407509075495
508.5 25.825759120512704 22.62444516285184
509.0 25.82600645012544 22.62548318220412
509.5 25.82626137367094 22.62652132700532
510.0 25.826582386071525 22.62756496785501
510.5 25.826850983576914 22.628603338665666
511.0 25.827148980154362 22.62964163494143
511.5 25.827476346601355 22.630684791249344
512.0 25.82782613298965 22.631732644782858
512.5 25.828146289859745 22.632763089650126
513.0 25.828473709465634 22.633808061971937
513.5 25.828804598099122 22.634847229863894
514.0 25.829133350954976 22.63590285922622
514.5 25.829439896249728 22.636943415555404
515.0 25.829713727456834 22.63798718984001
515.5 25.829980517274077 22.63903712715745
516.0 25.830297620673637 22.640080488989067
516.5 25.83052436771194 22.64113579199585
517.0 25.830800986628883 22.64219017944965
517.5 25.831045156533715 22.64324374772864
518.0 25.831258344713135 22.644295234006293
518.5 25.831509890378438 22.64535279427598
519.0 25.831737263632707 22.646407468808242
519.5 25.831976590333383 22.64745631627141
520.0 25.832185235658855 22.648524981603618
520.5 25.832386061468494 22.649574474719497
521.0 25.83258140998987 22.6506357397541
521.5 25.832755959110646 22.651706197157925
522.0 25.83298204727528 22.652760905526698
522.5 25.833165905493377 22.653826358191775
523.0 25.833358675645893 22.65487928253574
523.5 25.833538129831545 22.65595126184648
524.0 25.83370527052724 22.657019721523753
524.5 25.83385405185469 22.658086167916718
525.0 25.834012829262562 22.659157298018975
525.5 25.83420892198637 22.66022321637398
526.0 25.834355454171195 22.66129435003502
526.5 25.834555643511447 22.662362736661848
527.0 25.83469999695184 22.66343122557352
527.5 25.834866313430922 22.664509356104322
528.0 25.835051204069224 22.665571523019416
528.5 25.835183061781333 22.66665202662779
529.0 25.835305154166896 22.667719245654713
529.5 25.83553215069284 22.668803841316752
530.0 25.835683916628703 22.669872431350434
530.5 25.835844100489282 22.670958448254282
531.0 25.836005418077157 22.67203990223338
531.5 25.83617653149802 22.67311297389355
532.0 25.836329479679673 22.67419168924929
532.5 25.836536744955865 22.675279199963466
533.0 25.83670990809761 22.67634924073859
533.5 25.836862385918913 22.677441519926
534.0 25.837072790614286 22.678525781598683
534.5 25.837234422705855 22.679600560221207
535.0 25.837412626236002 22.680684866013273
535.5 25.837701814777315 22.68176929959464
536.0 25.837846491200732 22.682854088493023
536.5 25.838087814711894 22.683940458864065
537.0 25.83830062834484 22.68502305367448
537.5 25.838535313462433 22.686121109667205
538.0 25.838737114109122 22.687207042741942
538.5 25.838972942223105 22.688294630570745
539.0 25.839242449675012 22.68937022444375
539.5 25.839510962641103 22.690469373266712
540.0 25.839750890112523 22.691553475056153
540.5 25.840005266881132 22.692646961438186
541.0 25.840316024555374 22.693740159607977
541.5 25.84060005811649 22.694827085950852
542.0 25.840907478797014 22.69592217643373
542.5 25.84122408967424 22.697014100730865
543.0 25.841576742996196 22.698117690033044
543.5 25.841874699725818 22.699191509590047
544.0 25.842231202225832 22.700287589754396
544.5 25.842586427776514 22.701387419796045
545.0 25.842976592072205 22.702482605022787
545.5 25.843348398574648 22.70356854545207
546.0 25.84376301922111 22.704671315635565
546.5 25.844149514891456 22.705759105256348
547.0 25.84454788200539 22.706850423300562
547.5 25.84502231399751 22.707952294648305
548.0 25.845449956087517 22.709046898074902
548.5 25.845928756209254 22.71013679422795
549.0 25.846426437346896 22.71124539682383
549.5 25.84692323521069 22.712331868090374
550.0 25.847425381740695 22.713439350028963
550.5 25.847983225736833 22.714517181346444
551.0 25.848516550457134 22.71562791134103
551.5 25.8491085970312 22.716721635579212
552.0 25.849711579622195 22.717824597986596
552.5 25.850314452169293 22.718922362343605
553.0 25.850916419528648 22.720019252788617
553.5 25.851546146628852 22.721122468290563
554.0 25.852212989995444 22.72221053559049
554.5 25.852852467499567 22.7233188752799
555.0 25.853504741722624 22.724416401165726
555.5 25.854198273544114 22.72552368155832
556.0 25.854863204875485 22.72661171809508
556.5 25.855565506312367 22.72771100581061
557.0 25.85623192865892 22.72881640802733
557.5 25.856959942702844 22.729916846413694
558.0 25.857670820997768 22.731017692900522
558.5 25.85837121947339 22.732121256300356
559.0 25.859138135884862 22.73323026920395
559.5 25.85985276241484 22.734332817012866
560.0 25.860617282116834 22.73543130206783
560.5 25.861380881199672 22.736535098490908
561.0 25.86215127422988 22.737648409697936
561.5 25.862966037015465 22.738741593119165
562.0 25.863725723676346 22.739854508295277
562.5 25.86453744141139 22.740954600280393
563.0 25.865312999546312 22.742067735131187
563.5 25.866157715785153 22.74317859076483
564.0 25.8669361301456 22.744278981770087
564.5 25.867784775836633 22.74539190652858
565.0 25.868647492487224 22.746492892203687
565.5 25.86949486432696 22.747605579423634
566.0 25.870346572623287 22.748716820494824
566.5 25.87120142317042 22.749828822081845
567.0 25.87211239681059 22.75094478395878
567.5 25.87299134605712 22.75205591680713
568.0 25.873887026503457 22.75316721332713
568.5 25.874808383790075 22.75427796829298
569.0 25.87570776663072 22.755391771972707
569.5 25.876660109070993 22.756498354085394
570.0 25.877591663706344 22.757613710439294
570.5 25.87853156167563 22.758732461320612
571.0 25.87947955073487 22.759847527677195
571.5 25.880449505809114 22.760960687466486
572.0 25.88142749009233 22.76208701471893
572.5 25.88241195647568 22.763200350496607
573.0 25.88340388060442 22.764317463233365
573.5 25.884387133539263 22.765438830458805
574.0 25.885433972370894 22.766560316194088
574.5 25.886453114492433 22.767675480882925
575.0 25.887523495458574 22.768793803699317
575.5 25.888532409017216 22.769917984612036
576.0 25.88957295745562 22.77104295246876
576.5 25.89064143412129 22.77216288783501
577.0 25.89173550592703 22.773286351799328
577.5 25.89280542254924 22.77440661869126
578.0 25.89387141527933 22.77553708981535
578.5 25.894991893681198 22.776658838025128
579.0 25.896074073997166 22.77778843171944
579.5 25.897230227343986 22.778913868393428
580.0 25.898315040169237 22.780049481572384
580.5 25.89948942910434 22.781166517474066
581.0 25.900637225634075 22.782303534517258
581.5 25.901798267159634 22.783425617726326
582.0 25.90297815560085 22.78456340958548
582.5 25.90416937746618 22.785685805705725
583.0 25.905330177915214 22.78682328692858
583.5 25.906543217110833 22.7879521693596
584.0 25.90777611065672 22.789083698594652
584.5 25.908968276194955 22.79021586204209
585.0 25.910210897424545 22.791345914728844
585.5 25.911439285141057 22.79248815934704
586.0 25.912702200462046 22.79362603184234
586.5 25.91397771752436 22.794764553669165
587.0 25.915211482589587 22.795903645867007
587.5 25.91651121980895 22.79703768146918
588.0 25.917798318303646 22.798175585073672
588.5 25.91911569297099 22.799321839646712
589.0 25.92042491086889 22.800457271351785
589.5 25.921735506203476 22.801599148237855
590.0 25.923096547791605 22.802741158701686
590.5 25.92441833949661 22.803879943155483
591.0 25.925802800280678 22.805032493800084
591.5 25.927130878567958 22.80617092994742
592.0 25.928522214351236 22.80731514987857
592.5 25.92989316835326 22.808465131753316
593.0 25.93128511131928 22.809611708739133
593.5 25.93269833779502 22.81076560410485
594.0 25.934103533453175 22.811906741930443
594.5 25.935541022907206 22.813058303508974
595.0 25.937013155620093 22.81421613579278
595.5 25.938457442462422 22.815356129638555
596.0 25.939912030074005 22.81651755196993
596.5 25.941368057809715 22.81765812160819
597.0 25.942856952159346 22.818820003577454
597.5 25.94437909084483 22.819970155423164
598.0 25.94583238163318 22.821120863544323
598.5 25.947376820546715 22.822264628192144
599.0 25.94891893538065 22.82343268781794
599.5 25.950459862563267 22.824593474340453
600.0 25.952014180637512 22.825745757319886
600.5 25.953570088498488 22.826899776720303
601.0 25.955135321526008 22.828057784932593
601.5 25.95672812728726 22.829216204507507
602.0 25.95828310876648 22.83037195063036
602.5 25.959919371202087 22.831534257707858
603.0 25.961536766830058 22.832691898163088
603.5 25.963200137611622 22.833855894965268
604.0 25.964806605340335 22.835018241317556
604.5 25.966451141751172 22.83618216009936
605.0 25.96815659870787 22.837342790872096
605.5 25.96979600929817 22.838510455205203
606.0 25.97145942866423 22.83967421231676
606.5 25.973209022455123 22.840846579625808
607.0 25.97489415977585 22.842006845198508
607.5 25.976659198032163 22.84317652548491
608.0 25.978366923130128 22.84434629228597
608.5 25.980107702558183 22.845507615409787
609.0 25.981922729465726 22.846678259073236
609.5 25.983650294770722 22.847847710146205
610.0 25.98544186291052 22.84902342860341
610.5 25.98723326239559 22.85019106218435
611.0 25.98906800163491 22.85137292187993
611.5 25.990837644698704 22.85253732620692
612.0 25.99270369090246 22.85371252790045
612.5 25.994516563310235 22.854894435523235
613.0 25.99643422537578 22.856068797002152
613.5 25.99830211582497 22.857246489483174
614.0 26.000195329514668 22.858423676465073
614.5 26.00207984268434 22.859602215890078
615.0 26.00400742048901 22.860775687091333
615.5 26.005919779398134 22.861962441952826
616.0 26.00787032526434 22.863135498352783
616.5 26.009821308517672 22.864318014484383
617.0 26.01178688295191 22.865508970591513
617.5 26.013765477191775 22.866693445882195
618.0 26.015762134323673 22.86787432389506
618.5 26.01774966569362 22.869058197913056
619.0 26.019791021786208 22.870246013776963
619.5 26.021826759842412 22.871427416383305
620.0 26.023856973385712 22.872624148141654
620.5 26.025943169882417 22.87381063968197
621.0 26.028034589796288 22.874998386126066
621.5 26.03006855574079 22.876191207086386
622.0 26.032193483145385 22.87737986166819
622.5 26.034317654865873 22.87856816861876
623.0 26.036457251774117 22.879768505623595
623.5 26.038613995767403 22.880960945620746
624.0 26.04077538746514 22.882153437648732
624.5 26.04290689955546 22.883355411890594
625.0 26.045106982583377 22.88455023610659
625.5 26.047341420464786 22.88575234058854
626.0 26.049569380097452 22.886947395975636
626.5 26.051770048110665 22.888144765964952
627.0 26.05405441858852 22.889348504290496
627.5 26.056308287717513 22.89054618263295
628.0 26.058574046922264 22.891756538477132
628.5 26.060891997776537 22.892953804238335
629.0 26.063212867274874 22.894162301868807
629.5 26.065498257331296 22.895371490716187
630.0 26.067844427347218 22.896588562434204
630.5 26.070212804891746 22.89778770908248
631.0 26.07261362490484 22.899005864237903
631.5 26.074964122577885 22.90020618769304
632.0 26.077362068625554 22.9014196970613
632.5 26.07975423168203 22.90263322756658
633.0 26.08223588992161 22.903851587839313
633.5 26.084670098280995 22.905068020912985
634.0 26.087188865802112 22.906277952897334
634.5 26.089636212993774 22.90749657655379
635.0 26.092157050430124 22.908717887359423
635.5 26.09469108104903 22.909942372746883
636.0 26.097245964814817 22.911157216832304
636.5 26.099796642107847 22.91236831319138
637.0 26.102411929902885 22.913592865791635
637.5 26.104999393078092 22.91482065286886
638.0 26.107622114068143 22.916032643277532
638.5 26.11024904122437 22.917265758808668
639.0 26.11290281785709 22.918488751173484
639.5 26.115646237298563 22.919715928322034
640.0 26.118292215642054 22.92094958725839
640.5 26.121046190393344 22.922172632180335
641.0 26.123782166714772 22.92340657639958
641.5 26.126532581954777 22.924635677155152
642.0 26.12931731105028 22.925867636560596
642.5 26.13210966106507 22.927102465697843
643.0 26.134920502782464 22.928337660046957
643.5 26.13778014883537 22.929567719653377
644.0 26.14063471835607 22.93080641667061
644.5 26.143524612907086 22.93204069005685
645.0 26.146401418723716 22.933275899398858
645.5 26.149286776696922 22.934527420553582
646.0 26.152216757144853 22.935757895774643
646.5 26.155195240977203 22.93699814272353
647.0 26.15814155454391 22.938238126176458
647.5 26.16114563360172 22.93947438710269
648.0 26.16416052829475 22.940722754584336
648.5 26.167184075998584 22.94197781817642
649.0 26.170261951744113 22.94320839033114
649.5 26.173333288620384 22.944468072174075
650.0 26.17637651294936 22.945714179463337
650.5 26.179541821709872 22.946956336530047
651.0 26.18263961016192 22.948206647446092
651.5 26.185811573102843 22.94946152139984
652.0 26.189009013661334 22.950712434882938
652.5 26.19216462021431 22.95196344797747
653.0 26.195327193603596 22.95321742694638
653.5 26.19858343822043 22.95446487428716
654.0 26.201871610008528 22.95572181835068
654.5 26.20516372212976 22.95698670028987
655.0 26.20841525734129 22.958243801086226
655.5 26.21172610413607 22.959505529896454
656.0 26.21504293230702 22.960777256125525
656.5 26.21836883995168 22.962031261134605
657.0 26.22174335203077 22.96328191387238
657.5 26.22514997191116 22.964553684887456
658.0 26.228560302798254 22.965812537705407
658.5 26.23194409243062 22.96708314452486
659.0 26.235430957802592 22.968343896507655
659.5 26.238888891881246 22.969615974783256
660.0 26.242398250199614 22.970887770087565
660.5 26.24593011308983 22.972150761993117
661.0 26.249431656655023 22.973420519991986
661.5 26.253012466106348 22.974695336990226
662.0 26.25654629387625 22.975970445688546
662.5 26.260140601925865 22.977241121057173
663.0 26.26376504330667 22.97851003579506
663.5 26.267362540868344 22.9797864194831
664.0 26.271041993519724 22.981070630972113
664.5 26.27470685941667 22.982352819970377
665.0 26.278362000786405 22.983629325878468
665.5 26.28210604900337 22.984909454139633
666.0 26.285841111825686 22.986199398924985
666.5 26.289592603906456 22.98746375151807
667.0 26.293329707098447 22.988756685264505
667.5 26.297117290613954 22.990039555231874
668.0 26.30096136106285 22.991322164075005
668.5 26.304781356387306 22.99260389191769
669.0 26.30862944510925 22.993906664009977
669.5 26.312521726702936 22.995190219954424
