FastTrWP/PhaseSpace/IAs/snIa_0.38_30.00_1.59_-0.15.csv
# %ECSV 0.9
# ---
# datatype:
# - {name: time-rel, datatype: float64}
# - {name: g, datatype: float64}
# - {name: i, datatype: float64}
# schema: astropy-2.0
time-rel g i
-415.5 26.987492539546743 25.623430951131517
-415.0 26.967760801026024 25.613498644899447
-414.5 26.94780013288137 25.603531255082153
-414.0 26.927696461497675 25.593601269521926
-413.5 26.90748499922391 25.583628905064117
-413.0 26.88700015677711 25.57369667503067
-412.5 26.866353255241794 25.56373836475754
-412.0 26.845558495107763 25.553768667306294
-411.5 26.824664449848775 25.543842010065543
-411.0 26.803544444153736 25.53386218660804
-410.5 26.782307103699686 25.523939675523714
-410.0 26.760855622694177 25.513947512399607
-409.5 26.73940645846701 25.503981127254754
-409.0 26.71772380090468 25.494035381769127
-408.5 26.695908504424025 25.484050735687084
-408.0 26.67402433924838 25.474067693321008
-407.5 26.651999122439367 25.464087580808133
-407.0 26.629860512007774 25.45408690899485
-406.5 26.607724633776066 25.444112221381772
-406.0 26.585683076170685 25.43412296423627
-405.5 26.563664469802532 25.424172399052935
-405.0 26.541760850709668 25.414218669714504
-404.5 26.51991514450094 25.404262401755968
-404.0 26.49814402200476 25.394302026009022
-403.5 26.47652600130561 25.38438313576001
-403.0 26.454917812056316 25.374449948180796
-402.5 26.433441428879224 25.364528968383468
-402.0 26.412076774814388 25.354670812848227
-401.5 26.39085821422526 25.344838706970965
-401.0 26.369689773431325 25.334982254974484
-400.5 26.34871784235774 25.32516368817116
-400.0 26.327783881765406 25.315353454175128
-399.5 26.306982585020513 25.305574845787625
-399.0 26.286351308812357 25.295808892581555
-398.5 26.26585128509657 25.286092527200857
-398.0 26.245472792743662 25.276378205750486
-397.5 26.225258225806236 25.2666917982747
-397.0 26.205188417938402 25.257009950705296
-396.5 26.185206187823383 25.247383113264313
-396.0 26.165373723270854 25.23778253870009
-395.5 26.145646799679948 25.22819179810142
-395.0 26.126201593875642 25.218666498667865
-394.5 26.10676933425593 25.20914911903418
-394.0 26.087493726992843 25.199636559953788
-393.5 26.06841793077313 25.190189578941315
-393.0 26.049457933650373 25.180755392081366
-392.5 26.030629022294658 25.171367777621867
-392.0 26.01195476315747 25.161998082811678
-391.5 25.99339234304953 25.152684662033707
-391.0 25.97504845513081 25.14335644259166
-390.5 25.9568276750355 25.134110933433828
-390.0 25.938710859964598 25.124859584664186
-389.5 25.92074389647875 25.11568574302935
-389.0 25.902953562208868 25.106536720394892
-388.5 25.885288796831013 25.097389614461328
-388.0 25.867745077236005 25.088289744014144
-387.5 25.85037623469596 25.079221312107997
-387.0 25.833113138125366 25.07021536268161
-386.5 25.816024439060396 25.061249316595124
-386.0 25.799054151275488 25.052275952349568
-385.5 25.782213743942783 25.04336380382785
-385.0 25.765545322954022 25.034468438881426
-384.5 25.748980413482073 25.025640624878392
-384.0 25.732572764835364 25.016834545816433
-383.5 25.71628676141307 25.008102629325233
-383.0 25.70015214511695 24.999341068314074
-382.5 25.684122302048763 24.99066922945351
-382.0 25.668223685388483 24.982022955949375
-381.5 25.652492779515555 24.973410204718405
-381.0 25.636857650152884 24.964837445918114
-380.5 25.621382854532904 24.95628936936917
-380.0 25.606014550545705 24.94781934066959
-379.5 25.590766712522182 24.939358316570495
-379.0 25.57564614353268 24.93093082230113
-378.5 25.560671354877446 24.922542492059026
-378.0 25.545789341325666 24.914210395718086
-377.5 25.531060168576328 24.90588610941186
-377.0 25.516441337603997 24.897636218800233
-376.5 25.501936303985687 24.889420417855032
-376.0 25.487548742373242 24.88122555653053
-375.5 25.4733233194682 24.873074354739593
-375.0 25.459157912354296 24.864984404607583
-374.5 25.445120496064607 24.856897755122922
-374.0 25.431221886242472 24.848886039442167
-373.5 25.417416558143543 24.840887106598423
-373.0 25.403680707343582 24.83293516554758
-372.5 25.389994245721148 24.824984092247625
-372.0 25.376386084649447 24.817040185494893
-371.5 25.362881468916054 24.809138629201968
-371.0 25.349367761122213 24.801263605737056
-370.5 25.335977565211326 24.793401431157257
-370.0 25.32269010855092 24.785572338139097
-369.5 25.3094469062343 24.7777554377862
-369.0 25.296250454918372 24.76996943986262
-368.5 25.28316490753499 24.762209016931486
-368.0 25.270142166901003 24.754482190609007
-367.5 25.257177367816507 24.746767619887056
-367.0 25.244297036911153 24.739075479769753
-366.5 25.23146130069123 24.731415244903587
-366.0 25.218750068554133 24.723770014520355
-365.5 25.206064329337696 24.71615124557391
-365.0 25.19346038947704 24.708580932162576
-364.5 25.180948492885552 24.70101988462958
-364.0 25.168517125081706 24.6935028371081
-363.5 25.156116363797658 24.68598119759648
-363.0 25.14380868799119 24.67850694307976
-362.5 25.131568357329684 24.671039683638902
-362.0 25.11941696452261 24.663595281095336
-361.5 25.10734520615233 24.656205139085223
-361.0 25.0953120812282 24.648819351728626
-360.5 25.083337971922273 24.641463251845174
-360.0 25.071502959393857 24.634139885752205
-359.5 25.05969490474788 24.62683670284719
-359.0 25.04795080446225 24.619584170092512
-358.5 25.03628066275467 24.612338295207344
-358.0 25.024688609087676 24.60509522505412
-357.5 25.013161534075017 24.597909717146514
-357.0 25.00171908186526 24.59074965548423
-356.5 24.990325563037885 24.583605972219637
-356.0 24.97899814284109 24.576498604422213
-355.5 24.967767735562553 24.56941490611378
-355.0 24.9565791583356 24.562337357211646
-354.5 24.945461873478738 24.555315561662322
-354.0 24.934412971582884 24.5483132072421
-353.5 24.92345821661354 24.541329373591203
-353.0 24.91252721346633 24.53439548349386
-352.5 24.901697052987014 24.527470711673068
-352.0 24.890920186248415 24.52056238578214
-351.5 24.880207730241366 24.51369833296049
-351.0 24.86955353191913 24.506847886283346
-350.5 24.85898647526556 24.500042193220683
-350.0 24.84845858200927 24.493245678881305
-349.5 24.83800139071778 24.486493033936654
-349.0 24.82762370737628 24.479748677471918
-348.5 24.817310606894786 24.473058507355006
-348.0 24.80704713963903 24.466366665711355
-347.5 24.796856306362642 24.4597279965441
-347.0 24.78671362656462 24.45309342125762
-346.5 24.776650595638348 24.44648348409196
-346.0 24.766653181225813 24.43992004401851
-345.5 24.756693000146875 24.433386652950034
-345.0 24.74681714281461 24.426852683539177
-344.5 24.736991721870748 24.42035838908368
-344.0 24.72722235836529 24.413892203301376
-343.5 24.71750763237491 24.40745593470854
-343.0 24.707883284949826 24.401045421699422
-342.5 24.698288203138926 24.394649021057838
-342.0 24.688773317360866 24.38830086403172
-341.5 24.67932277102203 24.38197465379064
-341.0 24.669879919058 24.375660990424727
-340.5 24.660542033757448 24.36939072558935
-340.0 24.651220206862675 24.36312830825411
-339.5 24.64193144043929 24.35688734192628
-339.0 24.632692362852275 24.350629134813396
-338.5 24.623444970510477 24.34441523402084
-338.0 24.614263964195153 24.338197649095953
-337.5 24.605063866805203 24.332032411792834
-337.0 24.595923391291308 24.325827015974898
-336.5 24.586847368127938 24.319662190074872
-336.0 24.577758667333907 24.313522736535383
-335.5 24.56874359277296 24.307379726038995
-335.0 24.55974370343045 24.30126294996179
-334.5 24.550781463532353 24.295155962700242
-334.0 24.54185942789919 24.289067452579978
-333.5 24.532951303656617 24.28300855202641
-333.0 24.524099957271055 24.276958462553715
-332.5 24.515282512514705 24.270931514645323
-332.0 24.506495401756283 24.26491627701008
-331.5 24.497761034761023 24.258928441989003
-331.0 24.489066408926572 24.25295448783171
-330.5 24.480391425775938 24.246987459141984
-330.0 24.4717777482752 24.24104906628027
-329.5 24.463206150475894 24.235118740351304
-329.0 24.454655226264478 24.22923655675127
-328.5 24.44616121152398 24.22334333731683
-328.0 24.437718867106966 24.217497913726657
-327.5 24.42929686056917 24.21165222928299
-327.0 24.420918161028137 24.205833279721325
-326.5 24.41258238195782 24.20002516800089
-326.0 24.404296496433837 24.194255822790637
-325.5 24.396059214182984 24.188499641792443
-325.0 24.387866928072857 24.18276214862059
-324.5 24.379694985302542 24.17705477547317
-324.0 24.371567866017205 24.171349714787958
-323.5 24.363505983889063 24.16569771674052
-323.0 24.355488884106574 24.160055431755694
-322.5 24.347490430078444 24.15443228722343
-322.0 24.33954895014931 24.14880949660514
-321.5 24.331664247480667 24.143236239482945
-321.0 24.32379312509308 24.1376682205097
-320.5 24.315991422519893 24.132139880077826
-320.0 24.308225853266126 24.126620064065403
-319.5 24.30050563084269 24.12114002898018
-319.0 24.29283597019309 24.115680094712086
-318.5 24.285223287204193 24.110226430681536
-318.0 24.2776254066724 24.104794845903207
-317.5 24.270094905599503 24.099408204639676
-317.0 24.26260515253403 24.094020378445364
-316.5 24.25515195353608 24.08867251724721
-316.0 24.24774748954491 24.08336928044062
-315.5 24.24038945956221 24.078048255040393
-315.0 24.233082678908993 24.072766477287587
-314.5 24.225810117270804 24.067525269878637
-314.0 24.218598081490562 24.062295090881996
-313.5 24.211428679772908 24.057086355882717
-313.0 24.204291956543123 24.051910084952958
-312.5 24.19721099266745 24.046750926292503
-312.0 24.190179322385703 24.041614686257763
-311.5 24.18317728063704 24.03650167151243
-311.0 24.176228696929982 24.031427099492802
-310.5 24.169321924294344 24.02637715422259
-310.0 24.162478326351817 24.021347536112
-309.5 24.155672757219158 24.016331476050272
-309.0 24.148895216535475 24.01136284438546
-308.5 24.14218482168362 24.00639705166688
-308.0 24.135507084946877 24.00145923771371
-307.5 24.128879706450928 23.996556359084558
-307.0 24.122297130659906 23.99166338731763
-306.5 24.115729268285012 23.98678429344905
-306.0 24.109188164442983 23.98192541446381
-305.5 24.102644879942527 23.977075567416158
-305.0 24.096136443764593 23.972240577309428
-304.5 24.089652668419852 23.96741265157866
-304.0 24.083188223474366 23.96259748544726
-303.5 24.07676133537485 23.95780491922062
-303.0 24.070341074040392 23.95302850509987
-302.5 24.063949055186917 23.948247528252082
-302.0 24.057593191967044 23.943499843947706
-301.5 24.051237902377352 23.938764278897374
-301.0 24.04493314903606 23.934025115010193
-300.5 24.038636567991134 23.929307693981382
-300.0 24.03237809843943 23.924617484492202
-299.5 24.026130749989647 23.91993681000801
-299.0 24.019924515339124 23.915274636916855
-298.5 24.013723206611694 23.910606137133577
-298.0 24.007565591317494 23.90598949343373
-297.5 24.001440296188505 23.90136540750529
-297.0 23.995327256957005 23.896762156771807
-296.5 23.98924139650513 23.89217374996388
-296.0 23.983186689050502 23.887604207831714
-295.5 23.977167199263878 23.883036107911103
-295.0 23.971165827802693 23.878481354328386
-294.5 23.965208052138635 23.873972306311604
-294.0 23.95925669742226 23.86946216196668
-293.5 23.953345770992144 23.86498477272944
-293.0 23.94747722135904 23.860500512369057
-292.5 23.94161853028416 23.856057558037254
-292.0 23.935774387954364 23.85160978423913
-291.5 23.92999429152063 23.847174258225397
-291.0 23.92423379550898 23.842784037410873
-290.5 23.918494557788343 23.838408663490384
-290.0 23.912770156665406 23.834034420076364
-289.5 23.907102043027606 23.829681852786
-289.0 23.90146074624717 23.82535108632119
-288.5 23.895845595826177 23.82102671426329
-288.0 23.890243495775685 23.816740263162544
-287.5 23.88471000688086 23.81245683022296
-287.0 23.879176634593122 23.808210997190393
-286.5 23.87368100183201 23.803953784833688
-286.0 23.868215243644208 23.799732688638564
-285.5 23.86278028952801 23.795513679058438
-285.0 23.85735737187515 23.79134251207239
-284.5 23.851999998618815 23.787161446213226
-284.0 23.846656800161263 23.783006147271024
-283.5 23.841336022060446 23.778876400469006
-283.0 23.836081090318824 23.774776613209653
-282.5 23.830813049586958 23.770687224547547
-282.0 23.82560063069039 23.76661014187549
-281.5 23.820423745576992 23.762555954798867
-281.0 23.81527952659348 23.758515501720304
-280.5 23.81015748051344 23.754501413329805
-280.0 23.805058542152196 23.750517423874484
-279.5 23.800015567368003 23.746539718063666
-279.0 23.794966764692372 23.74257618803176
-278.5 23.789987303809177 23.73863409445187
-278.0 23.78501885304557 23.734730168845807
-277.5 23.78010978772617 23.73082370480565
-277.0 23.775201470799256 23.726951936122397
-276.5 23.770342020864128 23.723087423052476
-276.0 23.765512971906432 23.719245452389682
-275.5 23.760703660082257 23.715433699273905
-275.0 23.75594099848685 23.711627396935246
-274.5 23.751209600536832 23.707846871731846
-274.0 23.74651966426942 23.704098557785507
-273.5 23.741828597407327 23.70035670223292
-273.0 23.73717791776464 23.696639802596703
-272.5 23.732559066022606 23.692919328265567
-272.0 23.727956809271078 23.68922598330222
-271.5 23.72337818886865 23.685545946616354
-271.0 23.718823239939326 23.681887011782095
-270.5 23.71428170944844 23.678250058823544
-270.0 23.709778158548364 23.674607209384135
-269.5 23.70529720937558 23.670994771359553
-269.0 23.700834505775248 23.667385043811393
-268.5 23.69639681347829 23.663813447444227
-268.0 23.691986754543542 23.66023459896903
-267.5 23.687591050086727 23.65668022682234
-267.0 23.68321638853995 23.65312492780642
-266.5 23.67886125060451 23.649599788768462
-266.0 23.67453762839621 23.646078703318928
-265.5 23.670217412514695 23.64257353756402
-265.0 23.665937919271357 23.63909478203343
-264.5 23.66166229069505 23.635615268372664
-264.0 23.657418159589326 23.632152585597407
-263.5 23.6531940962354 23.62870609746835
-263.0 23.6489804611632 23.625286028580437
-262.5 23.644795995808035 23.62185841440118
-262.0 23.640616377574236 23.618442460564403
-261.5 23.63647156820917 23.6150494884788
-261.0 23.6323553275092 23.611657674228383
-260.5 23.628233683470658 23.608288971507932
-260.0 23.624149480743483 23.60492898186098
-259.5 23.620070511129036 23.60158104837909
-259.0 23.616006901954144 23.59823435795491
-258.5 23.61195299449655 23.59492034037842
-258.0 23.607934550232166 23.591607661254397
-257.5 23.603933549726307 23.58831016850443
-257.0 23.59993767996182 23.585005997374004
-256.5 23.59598004092752 23.58172844720098
-256.0 23.592017073246694 23.57847427810096
-255.5 23.58807711285118 23.575219564308142
-255.0 23.58416121885906 23.57197484160324
-254.5 23.58024576844871 23.56874209959777
-254.0 23.576355633114368 23.56551958634801
-253.5 23.57247967116868 23.562302402913787
-253.0 23.568625784660373 23.559100355809356
-252.5 23.56480364972726 23.55592519808463
-252.0 23.560956242313985 23.552734338123024
-251.5 23.557154628783806 23.54955722760968
-251.0 23.553356083362708 23.54641249883741
-250.5 23.549568148549383 23.54326051724735
-250.0 23.5458068752638 23.54011556141061
-249.5 23.542041156651692 23.536988055278
-249.0 23.538314819172168 23.533865306138992
-248.5 23.534583150133265 23.530743540312884
-248.0 23.530876265828397 23.52765233879859
-247.5 23.527175306818368 23.524547119514807
-247.0 23.52350027980146 23.521488477624604
-246.5 23.51982997973723 23.518403560987583
-246.0 23.516178447448365 23.51533995889925
-245.5 23.512526075790014 23.51227798247276
-245.0 23.508895480778666 23.50922278612014
-244.5 23.50528112507441 23.50619084406286
-244.0 23.50168803464146 23.503161815398002
-243.5 23.49809116264876 23.500140474142395
-243.0 23.49450690208204 23.49712876111575
-242.5 23.49093909257997 23.494122565325686
-242.0 23.487400977822517 23.491125950474295
-241.5 23.483850958182238 23.4881496536069
-241.0 23.480321642883325 23.485163279710335
-240.5 23.476823014003255 23.48219687679616
-240.0 23.473310719848968 23.47923898635146
-239.5 23.469819704403832 23.476282758911356
-239.0 23.46634335780118 23.473339269358867
-238.5 23.462882377108215 23.470407113827008
-238.0 23.45943756595197 23.46748948899252
-237.5 23.456004620252983 23.464570694844326
-237.0 23.45256706515423 23.461675725307153
-236.5 23.449167478483904 23.458774236973852
-236.0 23.445762185949576 23.455889732859617
-235.5 23.44237218176445 23.45301009474799
