FastTrWP/PhaseSpace/IAs/snIa_0.44_30.00_-0.17_0.02.csv
# %ECSV 0.9
# ---
# datatype:
# - {name: time-rel, datatype: float64}
# - {name: g, datatype: float64}
# - {name: i, datatype: float64}
# schema: astropy-2.0
time-rel g i
191.70833333333331 26.990215138631882 24.93604040326825
192.20833333333334 26.967346725750648 24.927653138766107
192.70833333333334 26.944753734243882 24.919289873324423
193.20833333333331 26.92257122215096 24.911009904850378
193.70833333333334 26.900640841176724 24.902714966001597
194.20833333333334 26.879085853587384 24.894457229247358
194.70833333333331 26.857894300428477 24.886220420643056
195.20833333333334 26.836919533317456 24.878075355321656
195.70833333333334 26.8162311274694 24.869926278057676
196.20833333333331 26.79588532531843 24.861826477349513
196.70833333333334 26.7757774481446 24.853765818800994
197.20833333333334 26.75594752249818 24.84569606404404
197.70833333333331 26.736372909944663 24.8377059034666
198.20833333333334 26.717026735072714 24.829742754405963
198.70833333333334 26.6979592012424 24.82182948604136
199.20833333333331 26.679128703954973 24.813929122871585
199.70833333333334 26.660591701154495 24.806091529956316
200.20833333333334 26.64224322833256 24.798254037467675
200.70833333333331 26.62410918283028 24.790480728598983
201.20833333333334 26.606258235999576 24.782719531862764
201.70833333333334 26.588580011278893 24.775000492004324
202.20833333333331 26.571088999856563 24.767320564614486
202.70833333333334 26.553820180410376 24.75967038718351
203.20833333333334 26.53679507699389 24.75204648584763
203.70833333333331 26.519981240876668 24.744475958773002
204.20833333333334 26.503325655189485 24.736923921307074
204.70833333333334 26.48687670852557 24.729427703253766
205.20833333333331 26.470570010370697 24.72194566371712
205.70833333333334 26.454513197810545 24.71450716841904
206.20833333333334 26.438601954701397 24.70710458460136
206.70833333333331 26.422884524165703 24.69974461027373
207.20833333333334 26.40731945308994 24.692417462868278
207.70833333333334 26.391944791729834 24.685095428783548
208.20833333333331 26.376676169524877 24.677838790742253
208.70833333333334 26.361649871196335 24.670601273527243
209.20833333333334 26.346732821852022 24.663382876344432
209.70833333333331 26.331953710103576 24.65623279455962
210.20833333333334 26.31737488946127 24.64911080030321
210.70833333333334 26.302884628469258 24.641965403145157
211.20833333333331 26.288498481287526 24.634854600117148
211.70833333333334 26.274282112318602 24.62780173002892
212.20833333333334 26.26014724364704 24.620734353615536
212.70833333333331 26.246145632528155 24.6136981034929
213.20833333333334 26.232230303623144 24.606669896093138
213.70833333333334 26.21841973180812 24.599700071880477
214.20833333333331 26.204747207596427 24.592726062380418
214.70833333333334 26.1911821098079 24.585783366708966
215.20833333333334 26.177777535817594 24.578853691430513
215.70833333333331 26.164397861133367 24.571969775300694
216.20833333333334 26.151147634931213 24.5650867553036
216.70833333333334 26.13799689863043 24.558234961843567
217.20833333333331 26.124948542065805 24.551406693164605
217.70833333333334 26.112039955292442 24.544595932615657
218.20833333333334 26.099201194337436 24.537809576605625
218.70833333333331 26.08648151262691 24.531039178187434
219.20833333333334 26.073828677670377 24.524288074411487
219.70833333333334 26.061265640452497 24.51758272863458
220.20833333333331 26.04882268678474 24.5109024285496
220.70833333333334 26.036432195441122 24.504245513918388
221.20833333333334 26.024195240514434 24.497595157977308
221.70833333333331 26.012024248163005 24.490972598627593
222.20833333333334 25.99993710041993 24.484374791856656
222.70833333333334 25.987925737029457 24.477807271340325
223.20833333333331 25.976023401202074 24.471255160063524
223.70833333333334 25.964179585888267 24.46473231803475
224.20833333333334 25.952472005809945 24.458232217461813
224.70833333333331 25.94078675128532 24.451751852516935
225.20833333333334 25.929226304639627 24.4453122866408
225.70833333333334 25.91771220546702 24.43888320373012
226.20833333333331 25.906329579669666 24.4324728702393
226.70833333333334 25.895005583728885 24.4260969027831
227.20833333333334 25.883733009437826 24.419729433509367
227.70833333333331 25.87258929339572 24.413407548903123
228.20833333333334 25.86149153302749 24.407087970660474
228.70833333333334 25.85046926888561 24.40080080635044
229.20833333333331 25.839531950931303 24.39453003140403
229.70833333333334 25.828707816759305 24.38830139759301
230.20833333333334 25.81788484665293 24.382091433464822
230.70833333333334 25.807137272677778 24.375905913790767
231.20833333333334 25.796485972433064 24.369758326807315
231.70833333333334 25.78592378371246 24.363594229670184
232.20833333333334 25.77541243689084 24.357469864271803
232.70833333333334 25.764956859737467 24.351363651102844
233.20833333333334 25.7546106937427 24.34530358888782
233.70833333333334 25.744322725480334 24.33925104034611
234.20833333333334 25.734093003693133 24.333245814668505
234.70833333333334 25.723937793600854 24.327234801255916
235.20833333333334 25.713853902951563 24.321254732359332
235.70833333333334 25.703788093181412 24.315305030188455
236.20833333333334 25.693843406993363 24.30938159254727
236.70833333333334 25.683904554244204 24.303490071404745
237.20833333333334 25.674078642215136 24.297594888769893
237.70833333333334 25.66430732429815 24.291744520859282
238.20833333333334 25.654607224259284 24.28589698972939
238.70833333333334 25.644935223304195 24.280102739739583
239.20833333333334 25.635374841417207 24.274314882924017
239.70833333333334 25.62580706068518 24.268548763085377
240.20833333333334 25.61633845599523 24.26279237086934
240.70833333333334 25.606955008751004 24.257098714088304
241.20833333333334 25.597560986057275 24.25139120575164
241.70833333333334 25.588271202899044 24.245726178714953
242.20833333333334 25.579032559031738 24.24007800548037
242.70833333333334 25.56986395656299 24.234469263933516
243.20833333333334 25.560722932819186 24.228865620566197
243.70833333333334 25.551668028075586 24.223277525793048
244.20833333333334 25.542629106396685 24.217743854126482
244.70833333333334 25.53366910558466 24.212211472477918
245.20833333333334 25.524771284962604 24.206682840856896
245.70833333333334 25.515877933903305 24.201169596145103
246.20833333333334 25.507045722641838 24.195692053751227
246.70833333333334 25.4982710135222 24.190216132957808
247.20833333333334 25.489550192725044 24.184772007274027
247.70833333333334 25.480835478919364 24.179335960621128
248.20833333333334 25.472176877510158 24.173914982592652
248.70833333333334 25.4635844851991 24.168500338942543
249.20833333333334 25.455047831516666 24.163122815744607
249.70833333333334 25.446574571027053 24.157740711467564
250.20833333333334 25.438045156501357 24.152393729658726
250.70833333333334 25.429652948369103 24.147055790734765
251.20833333333334 25.421228798921625 24.141741158401963
251.70833333333334 25.412886201218683 24.136439380685815
252.20833333333334 25.404583144813873 24.131147935042033
252.70833333333334 25.39630960766562 24.12587364476009
253.20833333333334 25.3880761295885 24.120612724511158
253.70833333333334 25.379917361269918 24.115380220567012
254.20833333333334 25.371754491016176 24.110155670699175
254.70833333333334 25.363666990996173 24.104955271700614
255.20833333333334 25.355622846273754 24.099755757381192
255.70833333333334 25.34757272740982 24.094603028625453
256.2083333333333 25.339562236683246 24.089437124374477
256.7083333333333 25.33162631385232 24.084293224392404
257.2083333333333 25.323702477377402 24.079174690605356
257.7083333333333 25.315843417551296 24.074072560849302
258.2083333333333 25.30798089558329 24.068980738312334
258.7083333333333 25.30018737331129 24.063918042756516
259.2083333333333 25.292428496461483 24.058843062016713
259.7083333333333 25.284684990183052 24.053810512743063
260.2083333333333 25.276980483340537 24.04877635677917
260.7083333333333 25.269356745561744 24.04376330305287
261.2083333333333 25.261720711608604 24.038770179670713
261.7083333333333 25.254134555525166 24.03380469771159
262.2083333333333 25.24657935772703 24.028825402271494
262.7083333333333 25.239056120918164 24.023895309284068
263.2083333333333 25.23156131245704 24.018973944574054
263.7083333333333 25.224097914215953 24.014071274417677
264.2083333333333 25.21668043801109 24.009161892358776
264.7083333333333 25.209297245385123 24.004279942789623
265.2083333333333 25.201917660934015 23.999418326173863
265.7083333333333 25.194630889729535 23.994577155051857
266.2083333333333 25.18732445499154 23.989750000735157
266.7083333333333 25.18007046828218 23.984924723660058
267.2083333333333 25.172828841534773 23.98012669644348
267.7083333333333 25.165643159153408 23.975351786247614
268.2083333333333 25.158459527837213 23.970583370794575
268.7083333333333 25.15131167126092 23.96582505077234
269.2083333333333 25.144241572811147 23.961100876103124
269.7083333333333 25.137151207027312 23.956376864211638
270.2083333333333 25.130108016913418 23.95168107744886
270.7083333333333 25.12309897214914 23.94699494327253
271.2083333333333 25.116106120814482 23.942314373841114
271.7083333333333 25.109142077980522 23.93767778964107
272.2083333333333 25.10222663001093 23.93302644676719
272.7083333333333 25.09532562073067 23.928407421774306
273.2083333333333 25.088456064874585 23.92379687837231
273.7083333333333 25.081608073258565 23.91920296180391
274.2083333333333 25.0747947164248 23.91462383733312
274.7083333333333 25.068022627286588 23.91007113327794
275.2083333333333 25.061257975378545 23.90551726834722
275.7083333333333 25.054538727640157 23.900990178370506
276.2083333333333 25.047842679883555 23.89648318365261
276.7083333333333 25.041160669894623 23.891969538165554
277.2083333333333 25.03450029896119 23.887497267872796
277.7083333333333 25.02786805581687 23.883046317592193
278.2083333333333 25.021280083445653 23.878577107963643
278.7083333333333 25.014709512212825 23.874149461319114
279.2083333333333 25.008183543793024 23.869723785301762
279.7083333333333 25.00166015750016 23.86530964167531
280.2083333333333 24.995183223596644 23.860920009760424
280.7083333333333 24.9887087827613 23.85653051702192
281.2083333333333 24.982268805730868 23.852164361577938
281.7083333333333 24.97585315609114 23.847833100186214
282.2083333333333 24.96946845288093 23.84347843420343
282.7083333333333 24.963111313552208 23.839153539546057
283.2083333333333 24.956746735952244 23.83486096961859
283.7083333333333 24.950448398192634 23.83054087442475
284.2083333333333 24.944139830542223 23.82625624774683
284.7083333333333 24.937869807752794 23.821979816810213
285.2083333333333 24.93161609811084 23.817734473236328
285.7083333333333 24.925414898970132 23.813476497841553
286.2083333333333 24.919186370797437 23.809242282433075
286.7083333333333 24.913012360583355 23.805007125855578
287.2083333333333 24.906859317745237 23.80081244506632
287.7083333333333 24.900705547040452 23.79660915430806
288.2083333333333 24.89462249887056 23.792423460154914
288.7083333333333 24.88850577234411 23.78825713601831
289.2083333333333 24.882426064868575 23.784080092951395
289.7083333333333 24.87637118984867 23.77993715066197
290.2083333333333 24.870352397172546 23.77579539600909
290.7083333333333 24.864356850747335 23.77166725713867
291.2083333333333 24.858351832685564 23.767546829917706
291.7083333333333 24.85239715089495 23.763447970438627
292.2083333333333 24.846424567350436 23.759340908235423
292.7083333333333 24.8404995562103 23.755271438787517
293.2083333333333 24.834602502012615 23.751188653796255
293.7083333333333 24.82871550119336 23.747136605468555
294.2083333333333 24.822841645128086 23.743088999663264
294.7083333333333 24.81699805862872 23.739047835685263
295.2083333333333 24.81118213114307 23.73501230696183
295.7083333333333 24.805368812039987 23.730993681383268
296.2083333333333 24.79957556195794 23.726990682200185
296.7083333333333 24.793797603227127 23.722980466215894
297.2083333333333 24.788019042229763 23.71899706174736
297.7083333333333 24.782295041176265 23.71502057280925
298.2083333333333 24.776565588285745 23.711054942761436
298.7083333333333 24.770863704573216 23.70708773686115
299.2083333333333 24.765192359060787 23.703146185797095
299.7083333333333 24.75952215472767 23.699203211946447
300.2083333333333 24.753874836502764 23.69527229060438
300.7083333333333 24.748261543827592 23.691357411437913
301.2083333333333 24.742625303897007 23.687450220555768
301.7083333333333 24.737028770450156 23.683539444171586
302.2083333333333 24.731444897844455 23.679644291134135
302.7083333333333 24.72589626525916 23.675772552976916
303.2083333333333 24.720346518620193 23.67190244326739
303.7083333333333 24.714824588371336 23.668043401472584
304.2083333333333 24.70928431295887 23.664179554948895
304.7083333333333 24.70379973752964 23.66032760470954
305.2083333333333 24.698343635512142 23.656486623215585
305.7083333333333 24.69286303228534 23.652666765893215
306.2083333333333 24.687408089491942 23.648845854847004
306.7083333333333 24.68196848258765 23.645040729717316
307.2083333333333 24.676581571833744 23.641230043555215
307.7083333333333 24.67116127794615 23.63743149274853
308.2083333333333 24.66577480797205 23.633654572369544
308.7083333333333 24.660411258969827 23.629879381352627
309.2083333333333 24.65503289015054 23.626095819030468
309.7083333333333 24.649704422232254 23.622344417266447
310.2083333333333 24.64437760513342 23.61858055831105
310.7083333333333 24.639062548450028 23.61484970123407
311.2083333333333 24.633761419848483 23.611114063543184
311.7083333333333 24.62847666691504 23.607378788779666
312.2083333333333 24.623219992412295 23.603651956307363
312.7083333333333 24.617980490988973 23.59993134919378
313.2083333333333 24.612736545895558 23.59624191421854
313.7083333333333 24.607491468261816 23.59253738422904
314.2083333333333 24.60228123937579 23.588849929013787
314.7083333333333 24.597107336406975 23.585173609389365
315.2083333333333 24.591923854906174 23.581505817062123
315.7083333333333 24.586744649137913 23.577849263955137
316.2083333333333 24.581627506314817 23.574191513078304
316.7083333333333 24.576487068398976 23.57054002270572
317.2083333333333 24.571357678442382 23.56690433511431
317.7083333333333 24.566266076244553 23.56326987909661
318.2083333333333 24.561175929658624 23.55966511697098
318.7083333333333 24.556088712063385 23.556043975824707
319.2083333333333 24.55103936641168 23.552448708625256
319.7083333333333 24.54599820115827 23.54884429148365
320.2083333333333 24.540971263083158 23.545264619852126
320.7083333333333 24.535935785333045 23.54169180223777
321.2083333333333 24.530941727297815 23.53812374527825
321.7083333333333 24.52596523383893 23.534561051507858
322.2083333333333 24.520982570127394 23.53100977990646
322.7083333333333 24.516002982069086 23.527461690316613
323.2083333333333 24.51104444581855 23.52391691454278
323.7083333333333 24.50612687703874 23.520393072215242
324.2083333333333 24.501199143748792 23.516874528683918
324.7083333333333 24.496274137684367 23.513345497158305
325.2083333333333 24.491377155699503 23.509833846660065
325.7083333333333 24.486491258959813 23.5063361582036
326.2083333333333 24.481611891145437 23.50284511271628
326.7083333333333 24.476764295345962 23.49935595813724
327.2083333333333 24.471901447247014 23.49587360137271
327.7083333333333 24.467071431499598 23.492400564661896
328.2083333333333 24.462260436000278 23.488941074202245
328.7083333333333 24.457438657774233 23.485476976930364
329.2083333333333 24.45262345642352 23.482026279862367
329.7083333333333 24.447860721846215 23.47858077378955
330.2083333333333 24.443068194486344 23.47513559488214
330.7083333333333 24.438289047128002 23.471710614749416
331.2083333333333 24.433537814422074 23.468289569740005
331.7083333333333 24.428792068873303 23.46485573734389
332.2083333333333 24.424051937229315 23.461448345979807
332.7083333333333 24.41935494309253 23.458034442723743
333.2083333333333 24.414627909063956 23.454640209579747
333.7083333333333 24.40993463392759 23.451256359800627
334.2083333333333 24.40524305429632 23.447860325111215
