FastTrWP/PhaseSpace/IAs/snIa_0.40_30.00_-1.03_0.01.csv
# %ECSV 0.9
# ---
# datatype:
# - {name: time-rel, datatype: float64}
# - {name: g, datatype: float64}
# - {name: i, datatype: float64}
# schema: astropy-2.0
time-rel g i
[from data line 2017]
1233.6666666666667 25.188864969908018 23.162617939112636
1234.1666666666667 25.190912511311264 23.16336188668211
1234.6666666666667 25.192918701390333 23.164128291266582
1235.1666666666667 25.194960295169583 23.16487854636072
1235.6666666666667 25.196992736896497 23.165626745242403
1236.1666666666667 25.198997671111307 23.16637689108672
1236.6666666666667 25.200995009228077 23.167134188638983
1237.1666666666667 25.202992476836748 23.167867890414975
1237.6666666666667 25.204968619276297 23.16860365211296
1238.1666666666667 25.206977552263027 23.169333239040757
1238.6666666666667 25.208962596664875 23.17008496757218
1239.1666666666667 25.21091074574246 23.17081991596707
1239.6666666666667 25.212888426390293 23.17156313846605
1240.1666666666667 25.214849055075227 23.172287873214962
1240.6666666666667 25.21679226680126 23.17303078434375
1241.1666666666667 25.21873978026179 23.173757260397334
1241.6666666666667 25.220693663641956 23.174492160270507
1242.1666666666667 25.222627335544843 23.175211844007855
1242.6666666666667 25.224562339304043 23.1759447292039
1243.1666666666667 25.226473510831788 23.17666404020805
1243.6666666666667 25.228409884918047 23.17739276130775
1244.1666666666667 25.23033511351024 23.1781172010282
1244.6666666666667 25.232255534870642 23.17884223748642
1245.1666666666667 25.23414609825253 23.17955411028859
1245.6666666666667 25.23605981170651 23.18028689212065
1246.1666666666667 25.237963116103757 23.180990566084567
1246.6666666666667 25.239863288797046 23.18171643250754
1247.1666666666667 25.241733171414555 23.18244277111861
1247.6666666666667 25.24361984477149 23.183161125754815
1248.1666666666667 25.24550329300912 23.18386366561054
1248.6666666666667 25.247406335387844 23.1845869040767
1249.1666666666667 25.24925646288314 23.185302113227554
1249.6666666666667 25.251179432089085 23.186016737698978
1250.1666666666667 25.253038026329406 23.186735331925547
1250.6666666666667 25.254908022020047 23.187444268163432
1251.1666666666667 25.25677658237885 23.18816446390024
1251.6666666666667 25.2586155032903 23.188875208267184
1252.1666666666667 25.26049055940847 23.189588716574608
1252.6666666666667 25.262347593921263 23.190301236072912
1253.1666666666667 25.26422572113187 23.1910116916743
1253.6666666666667 25.2660903069539 23.191728354432506
1254.1666666666667 25.26793380157523 23.192436623995686
1254.6666666666667 25.269811530915955 23.19315562667554
1255.1666666666667 25.27167160267377 23.193870548211866
1255.6666666666667 25.273538922797123 23.194579605688407
1256.1666666666667 25.275415876308756 23.195292340768425
1256.6666666666667 25.27725385808123 23.196008445401
1257.1666666666667 25.279098990276403 23.196725633974232
1257.6666666666667 25.280964451150023 23.197430533408735
1258.1666666666667 25.282816206245855 23.198145299188006
1258.6666666666667 25.284690028003887 23.198868723466305
1259.1666666666667 25.286557147624713 23.19957976702065
1259.6666666666667 25.2884021073285 23.20029540537526
1260.1666666666667 25.29029294269481 23.201025032713307
1260.6666666666667 25.292144745672196 23.201725949071502
1261.1666666666667 25.2940164761498 23.20246269233156
1261.6666666666667 25.29590896865234 23.203177273770503
1262.1666666666667 25.29776696353295 23.20389654209785
1262.6666666666667 25.29965010565315 23.204615583219717
1263.1666666666667 25.30152732847485 23.205337232901286
1263.6666666666667 25.303378211658142 23.206054735411023
1264.1666666666667 25.30525229550666 23.206787115433286
1264.6666666666667 25.30712407278589 23.207499217289936
1265.1666666666667 25.308983301119756 23.208227809570296
1265.6666666666667 25.310820637162116 23.20894880853439
1266.1666666666667 25.31268004490945 23.20965458658916
1266.6666666666667 25.31451086976177 23.210375773288735
1267.1666666666667 25.3163402031057 23.21107921494786
1267.6666666666667 25.318195086033075 23.21180494210616
1268.1666666666667 25.32000685708406 23.212518407371267
1268.6666666666667 25.321849259458922 23.213225107222854
1269.1666666666667 25.32368233460277 23.213939016940973
1269.6666666666667 25.32550511344262 23.21464667172362
1270.1666666666667 25.327313490034392 23.21536249274583
1270.6666666666667 25.32911175898542 23.216062056011225
1271.1666666666667 25.330948715527953 23.216785486115413
1271.6666666666667 25.332730674526903 23.21748526406237
1272.1666666666667 25.334536998429744 23.218194586855972
1272.6666666666667 25.336354260781437 23.21890733030032
1273.1666666666667 25.338134467057163 23.21961666203037
1273.6666666666667 25.33992095082732 23.220329430869437
1274.1666666666667 25.341723387271337 23.22102370821158
1274.6666666666667 25.343525269399983 23.221731066252815
1275.1666666666667 25.345307956169357 23.22245724286703
1275.6666666666667 25.347108798743353 23.22314926650494
1276.1666666666667 25.348873379308866 23.223854283528745
1276.6666666666667 25.350662044894797 23.224574694341026
1277.1666666666667 25.352449672564088 23.225274795522644
1277.6666666666667 25.354227902430377 23.225974310330436
1278.1666666666667 25.35598468759156 23.226683525286383
1278.6666666666667 25.357766928548692 23.227397598092217
1279.1666666666667 25.35957645605736 23.22810463270215
1279.6666666666667 25.36131186762859 23.228809913507767
1280.1666666666667 25.363089141786467 23.229513528071962
1280.6666666666667 25.36488436127563 23.23022437488328
1281.1666666666667 25.36661484307576 23.230925066143012
1281.6666666666667 25.368400056799608 23.23162915221278
1282.1666666666667 25.370179304481127 23.23234428762766
1282.6666666666667 25.371941990257227 23.23305861156813
1283.1666666666667 25.373722856490282 23.23376918955765
1283.6666666666667 25.37548317567767 23.234469334653
1284.1666666666667 25.37725653224505 23.235185815615274
1284.6666666666667 25.379011855552722 23.235897437834115
1285.1666666666667 25.380781650933454 23.236601536075515
1285.6666666666667 25.38257760813996 23.237314368567105
1286.1666666666667 25.384373824961504 23.23802579310447
1286.6666666666667 25.38614712203308 23.23874371285742
1287.1666666666667 25.38792190390096 23.239458897197824
1287.6666666666667 25.38966349427197 23.240169723707456
1288.1666666666667 25.391452393272623 23.240882253061308
1288.6666666666667 25.39325005749538 23.24160159439288
1289.1666666666667 25.395012267952012 23.242318736943698
1289.6666666666667 25.39682900335375 23.243043743129718
1290.1666666666667 25.398582668842096 23.243760668091873
1290.6666666666667 25.40038401389706 23.24448343589829
1291.1666666666667 25.402209808082258 23.24520189340205
1291.6666666666667 25.40399874651184 23.245919833337503
1292.1666666666667 25.405766793069667 23.246649379552004
1292.6666666666667 25.407580100915315 23.247361216598254
1293.1666666666667 25.409396663633142 23.248085901296104
1293.6666666666667 25.411194201982937 23.248819456171464
1294.1666666666667 25.41298431507761 23.249549100437534
1294.6666666666667 25.414832971821887 23.250285159456894
1295.1666666666667 25.41663852231033 23.2510042595873
1295.6666666666667 25.418460664275877 23.251734983537368
1296.1666666666667 25.420308315339845 23.2524726263768
1296.6666666666667 25.42210027777777 23.253212239442927
1297.1666666666667 25.423923978385826 23.25394460768421
1297.6666666666667 25.425812942023235 23.254675655026965
1298.1666666666667 25.427616200086398 23.25541646024284
1298.6666666666667 25.42946917765338 23.256159097332674
1299.1666666666667 25.43127209808885 23.256897565264282
1299.6666666666667 25.43313417043524 23.257629735500224
1300.1666666666667 25.43494333903556 23.258375983149854
1300.6666666666667 25.436806582036404 23.259103524391165
1301.1666666666667 25.43865169334005 23.259855231028173
1301.6666666666667 25.440495802469986 23.260598839137607
1302.1666666666667 25.44235214427249 23.26133305467861
1302.6666666666667 25.44417630668468 23.26208100290005
1303.1666666666667 25.44602543310699 23.262828710227236
1303.6666666666667 25.44785857975816 23.263571014446086
1304.1666666666667 25.449727272274917 23.264322482554206
1304.6666666666667 25.45157600548827 23.265072385420265
1305.1666666666667 25.45340331222419 23.26581502558604
1305.6666666666667 25.45526674264204 23.266563744414977
1306.1666666666667 25.457147817164675 23.26731266051681
1306.6666666666667 25.458974073158988 23.268056088276655
1307.1666666666667 25.460830346456127 23.2688207357139
1307.6666666666667 25.46266587988123 23.269561983548353
1308.1666666666667 25.46453377623186 23.27030266412132
1308.6666666666667 25.46641076424695 23.27105622380065
1309.1666666666667 25.46826568994433 23.271815633220378
1309.6666666666667 25.470112647302162 23.27256572429143
1310.1666666666667 25.471985951342017 23.273320716270725
1310.6666666666667 25.473834464584492 23.274079867792583
1311.1666666666667 25.47568953818885 23.27482942994438
1311.6666666666667 25.477564339401944 23.275587224978853
1312.1666666666667 25.479437157549135 23.276335630177396
1312.6666666666667 25.481282352249327 23.27709512690488
1313.1666666666667 25.48310812066283 23.277846743285885
1313.6666666666667 25.484999122423137 23.278615108718586
1314.1666666666667 25.486868621976857 23.279374526591102
1314.6666666666667 25.48874668509244 23.280120056890002
1315.1666666666667 25.49059747261723 23.2808952400216
1315.6666666666667 25.492457269450334 23.281643315720753
1316.1666666666667 25.49432434051772 23.28241300548408
1316.6666666666667 25.496190578143263 23.2831732184911
1317.1666666666667 25.49807684683166 23.283941801267645
1317.6666666666667 25.499928301408946 23.284687504982816
1318.1666666666667 25.50179223921866 23.285465084870975
1318.6666666666667 25.503648354881022 23.286226410598168
1319.1666666666667 25.505534687668373 23.286987111867322
1319.6666666666667 25.507408633046502 23.28775813027295
1320.1666666666667 25.50929398340534 23.28851281931481
1320.6666666666667 25.511116320782005 23.289286289654726
1321.1666666666667 25.513015589081757 23.29005425377713
1321.6666666666667 25.51489534042617 23.290814980157812
1322.1666666666667 25.516762654051103 23.291584068094735
1322.6666666666667 25.51865603321886 23.292346681378334
1323.1666666666667 25.520498648578418 23.293123221286173
1323.6666666666667 25.52236064984723 23.293879755814277
1324.1666666666667 25.524253912051797 23.29465772521734
1324.6666666666667 25.526104052108927 23.295418208499488
1325.1666666666667 25.52800984495495 23.296193303911856
1325.6666666666667 25.52987745568947 23.296961286416558
1326.1666666666667 25.531727879011626 23.29774056097138
1326.6666666666667 25.53361709891052 23.298513348378837
1327.1666666666667 25.535478627088082 23.299286155698734
1327.6666666666667 25.53735720170643 23.30005900472453
1328.1666666666667 25.539235093791625 23.300828936431913
1328.6666666666667 25.541084788480326 23.301597157453003
1329.1666666666667 25.542985660680444 23.30236605509903
1329.6666666666667 25.544857042284793 23.30314275339544
1330.1666666666667 25.546695168981394 23.303922039750713
1330.6666666666667 25.548575798383876 23.304695855628516
1331.1666666666667 25.550459924068516 23.305478057575662
1331.6666666666667 25.552330139989085 23.306245980243506
1332.1666666666667 25.554209809558973 23.307022160554254
1332.6666666666667 25.556101782661766 23.307806459953003
1333.1666666666667 25.557950054212846 23.308581512980883
1333.6666666666667 25.55983889084647 23.309362845145305
1334.1666666666667 25.561721941344608 23.310137994678698
1334.6666666666667 25.563569572705585 23.31092814853998
1335.1666666666667 25.565469911786344 23.31170477668408
1335.6666666666667 25.567352344076642 23.31249597485534
1336.1666666666667 25.569199612138064 23.313277543671926
1336.6666666666667 25.57110090842521 23.31404970156032
1337.1666666666667 25.572971167003974 23.31482778950599
1337.6666666666667 25.57486379832873 23.31562618336158
1338.1666666666667 25.576752493445728 23.316413427858404
1338.6666666666667 25.57861633422426 23.317195901390875
1339.1666666666667 25.58049044592496 23.3179760781041
1339.6666666666667 25.58237242170637 23.318761705067075
1340.1666666666667 25.58423762155488 23.31955195133943
1340.6666666666667 25.586153196384842 23.32033611826403
1341.1666666666667 25.588002786838288 23.32113110404726
1341.6666666666667 25.589909164473422 23.32191748875811
1342.1666666666667 25.591806522626094 23.32270782534893
1342.6666666666667 25.59368401632465 23.32349285804519
1343.1666666666667 25.595572718976438 23.3242968722781
1343.6666666666667 25.59743708540704 23.325079729256903
1344.1666666666667 25.59931455436402 23.325870888910345
1344.6666666666667 25.60122315231752 23.326669006618648
1345.1666666666667 25.60311336911239 23.32744971086559
1345.6666666666667 25.604963883310358 23.32825361228108
1346.1666666666667 25.606832589665483 23.32904401270411
1346.6666666666667 25.608745006742556 23.32984877988517
1347.1666666666667 25.610605893037995 23.330647293759487
1347.6666666666667 25.612530406547265 23.331434001708296
1348.1666666666667 25.614379121761953 23.33223053489173
1348.6666666666667 25.616247039549318 23.33301848958761
1349.1666666666667 25.618157232411424 23.3338259055586
1349.6666666666667 25.62005484084014 23.334614389563892
1350.1666666666667 25.621898128719355 23.335417070968795
1350.6666666666667 25.62379569425981 23.336224095094302
1351.1666666666667 25.625693392778757 23.337011857867044
1351.6666666666667 25.627539921944788 23.3378041782657
1352.1666666666667 25.629432141179954 23.338617995430955
1352.6666666666667 25.63131995352153 23.339417670911256
1353.1666666666667 25.633213823714925 23.34022046528302
1353.6666666666667 25.635081754248 23.341006303285713
1354.1666666666667 25.636957837370097 23.341813313227643
1354.6666666666667 25.638839200401517 23.342612614769187
1355.1666666666667 25.640712818630725 23.343411888060785
1355.6666666666667 25.642626986528633 23.34421988012288
1356.1666666666667 25.644452835159367 23.34502486860348
1356.6666666666667 25.646353757903043 23.34582507452954
1357.1666666666667 25.648235264848932 23.346626040364914
1357.6666666666667 25.65009675023014 23.34743075595742
1358.1666666666667 25.65198034792011 23.348238385187425
1358.6666666666667 25.653882025274953 23.34904106829688
1359.1666666666667 25.6557207944978 23.349847407172586
1359.6666666666667 25.65760786940331 23.35065473194254
1360.1666666666667 25.6594890835581 23.351459685409477
1360.6666666666667 25.661356905283004 23.352263598812396
1361.1666666666667 25.663223833712294 23.353069358465692
1361.6666666666667 25.665090552578654 23.353874512895114
1362.1666666666667 25.666964693340635 23.354686074541394
1362.6666666666667 25.66882423833883 23.3554890799453
1363.1666666666667 25.670714594561556 23.35630126647922
1363.6666666666667 25.672600319863626 23.35711595433464
1364.1666666666667 25.674466601503546 23.357920253628535
1364.6666666666667 25.676304794330438 23.358722201146257
1365.1666666666667 25.678170216703563 23.35953508235626
1365.6666666666667 25.68002755582931 23.3603367479385
1366.1666666666667 25.681915643687535 23.36115472548319
1366.6666666666667 25.683762109024485 23.36196240193634
1367.1666666666667 25.685625455491202 23.362763513486282
1367.6666666666667 25.687524318785062 23.363576842256254
1368.1666666666667 25.689356816572506 23.36438149246061
1368.6666666666667 25.691224000440936 23.365201088679758
1369.1666666666667 25.693075626051012 23.36600366671609
1369.6666666666667 25.694937141773945 23.366819023392708
1370.1666666666667 25.696833195991413 23.367638660808186
1370.6666666666667 25.69868360055495 23.368457274102298
1371.1666666666667 25.700537436076914 23.369273406804005
1371.6666666666667 25.702413769994884 23.370083358227202
1372.1666666666667 25.704257545176368 23.370897142023832
1372.6666666666667 25.7061248877006 23.371712267727844
1373.1666666666667 25.707964105526813 23.372526655128336
1373.6666666666667 25.709833779612094 23.37334299448817
1374.1666666666667 25.711689480692016 23.374146350879663
1374.6666666666667 25.713539372806345 23.374973991851054
1375.1666666666667 25.7154142307135 23.37578635283544
