FastTrWP/PhaseSpace/IAs/snIa_0.62_30.00_-0.98_-0.14.csv
# %ECSV 0.9
# ---
# datatype:
# - {name: time-rel, datatype: float64}
# - {name: g, datatype: float64}
# - {name: i, datatype: float64}
# schema: astropy-2.0
time-rel g i
[from data line 1011]
647.9375 23.488937156858988 22.308650170681197
648.4375 23.489805309745165 22.30837922973898
648.9375 23.490683270317515 22.308110168580694
649.4375 23.491534802684846 22.30783964606665
649.9375 23.492418246431765 22.30757623958519
650.4375 23.493292176222344 22.307312970382085
650.9375 23.49417246977978 22.307056951207883
651.4375 23.495060197876345 22.30681266557675
651.9375 23.495930312844262 22.306556366274684
652.4375 23.496817516704375 22.30631603234813
652.9375 23.497692219247632 22.30608014034043
653.4375 23.498587054468373 22.305829755665457
653.9375 23.499482674414022 22.305611616936552
654.4375 23.50036159293554 22.305379535160668
654.9375 23.501259448862246 22.305146186918638
655.4375 23.50214811113219 22.30492936886207
655.9375 23.50305192953462 22.304707500282742
656.4375 23.503952081173512 22.304497181596105
656.9375 23.504853469899324 22.3042908331435
657.4375 23.505753097924405 22.30408082181819
657.9375 23.50665363747345 22.303877510177262
658.4375 23.50756462963268 22.303686964387953
658.9375 23.50846236077703 22.3034892949731
659.4375 23.50938987359493 22.3033050152824
659.9375 23.510301144088746 22.30311961992721
660.4375 23.511211581746643 22.302938793670293
660.9375 23.512106292020256 22.302771513277047
661.4375 23.513032759565423 22.302600152695092
661.9375 23.513953759904652 22.30243686065903
662.4375 23.514864770293364 22.302272816181755
662.9375 23.51577888394921 22.302115195391693
663.4375 23.51671170472851 22.301970594430717
663.9375 23.517615142802644 22.30182147816474
664.4375 23.518543335681077 22.301673960589582
664.9375 23.519469384140287 22.301544190172642
665.4375 23.520385159889557 22.301403301044655
665.9375 23.521311968535663 22.301273340040634
666.4375 23.522237407190488 22.30115608597349
666.9375 23.523181713434443 22.30102839831963
667.4375 23.524100587316884 22.30090917340357
667.9375 23.525042831978343 22.3007990697673
668.4375 23.525970692311038 22.30068757205283
668.9375 23.526907345380966 22.300590649429374
669.4375 23.527843990439663 22.300483959245554
669.9375 23.5287868303266 22.300383969285935
670.4375 23.52973270800228 22.30029424100264
670.9375 23.53067523735087 22.300196310022464
671.4375 23.531628303717824 22.300117268913993
671.9375 23.532576237158533 22.300037469403176
672.4375 23.533528897253152 22.299954983687105
672.9375 23.534470338123747 22.299883914103273
673.4375 23.535420500094904 22.299814565475366
673.9375 23.536395027302234 22.299741367017592
674.4375 23.537338070460926 22.299676231229885
674.9375 23.538321720575407 22.29962135155038
675.4375 23.539271010945406 22.29955797605538
675.9375 23.540249567039048 22.299503652871593
676.4375 23.541219600398367 22.29945213935054
676.9375 23.54218601572036 22.299409951521273
677.4375 23.543166650934587 22.299357190322855
677.9375 23.544150350673544 22.299318939423877
678.4375 23.545128362352973 22.299284199327065
678.9375 23.546121876744305 22.299242151572358
679.4375 23.547115699689417 22.29921145218263
679.9375 23.548103977501693 22.299185807539708
680.4375 23.549100037654775 22.299153923177464
680.9375 23.550092392910265 22.29912900270226
681.4375 23.551086526223216 22.299111577282368
681.9375 23.55210538545723 22.29908236421492
682.4375 23.55311202681092 22.299077885974526
682.9375 23.554125768639476 22.299062680433472
683.4375 23.555143356951532 22.299046826161593
683.9375 23.556158824470643 22.29904141247594
684.4375 23.557165504590003 22.29903564269495
684.9375 23.558206132360098 22.29903334776386
685.4375 23.55923597658204 22.299034258739244
685.9375 23.56027336375236 22.299033922050228
686.4375 23.56131216618774 22.299034707926864
686.9375 23.562357025461953 22.299040937177068
687.4375 23.56340010656799 22.299050660660242
687.9375 23.564449068098952 22.299064836576896
688.4375 23.56550919761193 22.299075508226412
688.9375 23.566567166591206 22.299085437483107
689.4375 23.56764212839103 22.299105288577415
689.9375 23.568707971040833 22.29912432260669
690.4375 23.569774502931907 22.299144274160785
690.9375 23.570851536271253 22.29917161048157
691.4375 23.571926841410157 22.299186765395646
691.9375 23.573015874543046 22.29921279912642
692.4375 23.574109699747375 22.299243200870748
692.9375 23.575204074584715 22.29927191979214
693.4375 23.576308870526415 22.299312494353472
693.9375 23.577425714662933 22.29933784804469
694.4375 23.57852328346909 22.299370175882043
694.9375 23.57964495419995 22.299408000260577
695.4375 23.580770783009363 22.299443738380717
695.9375 23.581880682706085 22.299475319325047
696.4375 23.583009102192083 22.299525079361175
696.9375 23.58414655799386 22.299567547770046
