FastTrWP/PhaseSpace/IAs/snIa_0.50_30.00_-2.54_0.01.csv
# %ECSV 0.9
# ---
# datatype:
# - {name: time-rel, datatype: float64}
# - {name: g, datatype: float64}
# - {name: i, datatype: float64}
# schema: astropy-2.0
time-rel g i
[from data line 1063]
247.5 24.22586256820069 22.45763296174417
247.9999999999999 24.228603112777822 22.45815941683793
248.5 24.2313368785694 22.458681632611608
249.0 24.234064034415095 22.4592058329238
249.4999999999999 24.23680138156863 22.459729805989745
250.0 24.239546287110922 22.460268185005347
250.5 24.24227453394064 22.460796326825818
250.9999999999999 24.245026791406357 22.46133168217159
251.5 24.247776750273886 22.461868277335732
252.0 24.250510971630597 22.462408741132446
252.4999999999999 24.253268686423684 22.46296128724009
253.0 24.255999713377324 22.463496882208403
253.5 24.258778761165285 22.464048337060206
253.9999999999999 24.261512734318526 22.464591906404905
254.5 24.264280214930835 22.465142639029626
255.0 24.267020607667938 22.465702252978097
255.4999999999999 24.269770086228423 22.466254446580333
256.0 24.27253219275919 22.466816573852647
256.5 24.275289992836985 22.467369869408742
256.9999999999999 24.278061839325808 22.467944054213184
257.5 24.28081651422015 22.46851104853016
258.0 24.283557189031914 22.469074213430524
258.4999999999999 24.286334450391234 22.46964619928137
259.0 24.28909569743277 22.47021426105111
259.5 24.291856844884293 22.470794728569228
259.9999999999999 24.29462644216966 22.47137033713013
260.5 24.29738687042847 22.471950076424637
261.0 24.300172515003503 22.47253275730737
261.4999999999999 24.30292383443009 22.473116769684335
262.0 24.30569263979909 22.47370635601555
262.5 24.308460441442957 22.474291393529167
262.9999999999999 24.311237211086834 22.474879389476904
263.5 24.31398792472595 22.475476211574694
264.0 24.31675606308454 22.47607540597311
264.4999999999999 24.319537242525048 22.47667406366958
265.0 24.322306136617225 22.477269731099547
265.5 24.325081559575384 22.477873126668584
265.9999999999999 24.32783876574706 22.47848041731161
266.5 24.330621065417517 22.479086528388383
267.0 24.333383442636453 22.479697726769132
267.4999999999999 24.336140659712534 22.480313550979755
268.0 24.338918923805714 22.48092601335077
268.5 24.341687685640405 22.481539725205522
268.9999999999999 24.344456020845055 22.482159514342417
269.5 24.34720890011018 22.48278351468226
270.0 24.349983213662444 22.48340386253166
270.4999999999999 24.352755486250537 22.48403505296305
271.0 24.35554054339242 22.484664709181978
271.5 24.3582972227229 22.485291902648974
271.9999999999999 24.361058934315636 22.485926786563887
272.5 24.363844377549473 22.486573632604966
273.0 24.366606050524094 22.487202760823756
273.4999999999999 24.36937813240793 22.48785388590907
274.0 24.37214685817176 22.488489385221555
274.5 24.374914977042742 22.489146452668468
274.9999999999999 24.377691767724606 22.489789394608927
275.5 24.38046073148652 22.49044276558054
276.0 24.383221487122462 22.491104226515
276.4999999999999 24.38601692273543 22.491762637217406
277.0 24.38877228874915 22.492424827633975
277.5 24.391554290659755 22.493085057184373
277.9999999999999 24.39432822397821 22.493748225273205
278.5 24.397107887280136 22.494417238883557
279.0 24.39987321673671 22.495088652656317
279.4999999999999 24.40264194200114 22.49576610366203
280.0 24.40542062621944 22.496443782006565
280.5 24.408175767072102 22.497118196262115
280.9999999999999 24.410980081873376 22.49780430713289
281.5 24.413744380206094 22.4984833504635
282.0 24.416511955508348 22.4991778200514
282.4999999999999 24.419311830764418 22.499855606946415
283.0 24.422065778057025 22.500556455176543
283.5 24.424844686727383 22.501241876211427
283.9999999999999 24.427621539623043 22.50194456176736
284.5 24.430406103838926 22.502646865020196
285.0 24.433175643404166 22.503348718022664
285.4999999999999 24.435957524680063 22.504051672405776
286.0 24.43874140389704 22.50475157653055
286.5 24.441536965722786 22.50547131793234
286.9999999999999 24.444298505866886 22.50617162242758
287.5 24.447085826153838 22.50689396858057
288.0 24.44986896618399 22.507603830572815
288.4999999999999 24.452656324324714 22.508324970684342
289.0 24.455433097237393 22.50904344587168
289.5 24.458219762348676 22.509770647788315
289.9999999999999 24.461009051149382 22.51049558817863
290.5 24.463785578699277 22.511222790791223
291.0 24.46656898194472 22.511963717939278
291.4999999999999 24.46935260511182 22.51269032003723
292.0 24.4721753580222 22.51342177124299
292.5 24.47493845687392 22.5141665684338
292.9999999999999 24.47773677192721 22.514906332409087
293.5 24.480521000530715 22.51564562434613
294.0 24.48331176260288 22.516391118684574
294.4999999999999 24.48608744345243 22.517132663369456
295.0 24.488889806539206 22.517893281366682
295.5 24.491706965191867 22.518648820465796
295.9999999999999 24.494477897968025 22.519397602734756
296.5 24.49727169427424 22.520161227448735
297.0 24.500068154179022 22.52091871042917
297.4999999999999 24.502877777418817 22.521685247730836
298.0 24.505665286768867 22.52244614716512
298.5 24.508457391478842 22.523218510458957
298.9999999999999 24.511262160942195 22.523987588814176
299.5 24.514083907088814 22.52475728061913
300.0 24.516858623563785 22.52553458917058
300.4999999999999 24.519677416193023 22.526306631365234
301.0 24.522472756047232 22.527085058648364
301.5 24.525291123801395 22.52786601655902
301.9999999999999 24.52809617783071 22.528657684041647
302.5 24.53090277948966 22.52943918904097
303.0 24.53372128329466 22.530233765659634
303.4999999999999 24.536524147997916 22.531018203038542
304.0 24.53933098326989 22.53181501317403
304.5 24.54215069211632 22.532612439057033
304.9999999999999 24.54495842156716 22.53341278633355
305.5 24.54776475141399 22.534209607679614
306.0 24.550587868412194 22.53501445714257
306.4999999999999 24.553410374515884 22.53581932064953
307.0 24.55621884487266 22.53662400219563
307.5 24.55903866119207 22.537433630246507
307.9999999999999 24.56183501384765 22.538250119022912
308.5 24.56464604406101 22.539066535750585
309.0 24.567460605467755 22.53989047970334
309.4999999999999 24.570288989298852 22.54071890185603
310.0 24.573092757687217 22.541535912141676
310.5 24.575907706059663 22.54236963199601
310.9999999999999 24.57871310390582 22.543189313169055
311.5 24.581527113294097 22.54402935973394
312.0 24.584338576729238 22.544864063994726
312.4999999999999 24.587143147030805 22.5457079265726
313.0 24.589971068722303 22.546549726993415
313.5 24.59278165038741 22.547390362373733
313.9999999999999 24.595579533403583 22.548241495006774
314.5 24.598410699830833 22.549083838039614
315.0 24.601220182887808 22.549940716477018
315.4999999999999 24.60402658788828 22.550798267531555
316.0 24.606830076378444 22.551652783160407
316.5 24.609646545041507 22.55251330929033
316.9999999999999 24.61247188573184 22.553368450168108
317.5 24.615259057575646 22.554241495766764
318.0 24.61807904529143 22.55510234223721
318.4999999999999 24.620894071165914 22.5559763116733
319.0 24.623714237853388 22.556854638152405
319.5 24.626530992677033 22.557722271581568
319.9999999999999 24.629339484803666 22.558604643988357
320.5 24.63215191709043 22.559484845844743
321.0 24.634974034602727 22.56037967062781
321.4999999999999 24.637779927411646 22.561265660942507
322.0 24.640607076614323 22.562156177324553
322.5 24.643407348060823 22.56304041496277
322.9999999999999 24.646223893318016 22.5639366274161
323.5 24.6490359441114 22.564835340314758
324.0 24.651847727673463 22.565733567975133
324.4999999999999 24.654635496367835 22.566638932910873
325.0 24.65748179367099 22.567537000977545
325.5 24.660279123943802 22.568453535562938
325.9999999999999 24.663124959410084 22.569363664365042
326.5 24.665926986821518 22.570277987696926
327.0 24.66874894065255 22.571197801073982
327.4999999999999 24.671565348961657 22.57211285687793
328.0 24.674368916024875 22.573030049347583
328.5 24.677188532384378 22.5739548989252
328.9999999999999 24.680029792200745 22.57488320718111
329.5 24.6828453088538 22.575815105216982
330.0 24.685653037459545 22.57674482713381
330.4999999999999 24.6884704151328 22.577679245098107
331.0 24.691298650366477 22.57861663346164
331.5 24.694113903051296 22.579559399538756
331.9999999999999 24.696923168512008 22.580503251605197
332.5 24.699778463327174 22.581442008208686
333.0 24.702599349813443 22.582389773562358
333.4999999999999 24.705414833591057 22.583347626415243
334.0 24.70822870252862 22.584303785821184
334.5 24.711050709975044 22.585261542962915
334.9999999999999 24.713871845951644 22.586219577455623
335.5 24.71670900677853 22.58716778535561
336.0 24.719551153313013 22.58814084489202
336.4999999999999 24.722380448396496 22.58911247219832
337.0 24.72520754066151 22.590081948059087
337.5 24.728031901135846 22.59104925981419
337.9999999999999 24.73085630529743 22.592033514848712
338.5 24.73370807763554 22.592998499105793
339.0 24.736540634987257 22.59398968527406
339.4999999999999 24.73933989496993 22.594968720008634
340.0 24.742203516670024 22.595943871490842
340.5 24.74503930856393 22.596937633879612
340.9999999999999 24.747868687813384 22.597933094389514
341.5 24.75071535170352 22.598928267551454
342.0 24.75353804885161 22.599922499541645
342.4999999999999 24.75635037620346 22.600937727582348
343.0 24.75919832255125 22.6019493319958
343.5 24.762018012225923 22.602962546619132
343.9999999999999 24.764864499740856 22.60398152358354
344.5 24.767682149517736 22.60500738527569
345.0 24.77050121503721 22.606029789439862
345.4999999999999 24.773314550136504 22.607063870254805
346.0 24.776164371060343 22.608104565060803
346.5 24.7789702089438 22.60914414012992
346.9999999999999 24.78178346679348 22.610197733497998
347.5 24.78460835327034 22.611242295605688
348.0 24.787422678908264 22.61229661669499
348.4999999999999 24.790242791836135 22.61335261941469
349.0 24.793046503617525 22.614413512362567
349.5 24.795888924874877 22.615472586088366
349.9999999999999 24.798681657439666 22.616550848068844
350.5 24.801502566997826 22.617621589322855
351.0 24.80432364644447 22.618692560665647
351.4999999999999 24.807129818787224 22.619776195184663
352.0 24.809934629035236 22.620853267561923
352.5 24.812739124207344 22.62193676313782
352.9999999999999 24.815554863508083 22.623028853267165
353.5 24.818348783684115 22.624122821014105
354.0 24.821177150494698 22.62521895476977
354.4999999999999 24.823986649603697 22.626312182502527
355.0 24.826783672157276 22.627416907992167
355.5 24.829604553621362 22.628515400362875
355.9999999999999 24.832395356521562 22.629620884257662
356.5 24.835229919598053 22.630731686822774
357.0 24.83801099470512 22.631840606476977
357.4999999999999 24.84084435072202 22.632954559382767
358.0 24.84363714826276 22.634058193731445
358.5 24.846452510447165 22.635180259383926
358.9999999999999 24.849256343902578 22.636297399224446
359.5 24.852082269517602 22.6374189679562
360.0 24.854873549802537 22.638541894271174
360.4999999999999 24.857713146396556 22.63966216521815
361.0 24.860511739874944 22.64078690110172
361.5 24.863318960515613 22.64191762857811
361.9999999999999 24.866131287449228 22.643047503259876
362.5 24.86894688809202 22.644182323363747
363.0 24.871747948957157 22.645307126654505
363.4999999999999 24.87458013316673 22.6464419692139
364.0 24.87738636302143 22.6475731363955
364.5 24.880217111029097 22.648705932756737
364.9999999999999 24.883010369183282 22.649838158187347
365.5 24.885821553909558 22.650980727393875
366.0 24.888659403933033 22.65211067548238
366.4999999999999 24.891489365469887 22.653255421141033
367.0 24.89430192201274 22.65438962332748
367.5 24.897130618552723 22.65552822664978
367.9999999999999 24.899949290013062 22.656655033627146
368.5 24.90279732789059 22.65779747722251
369.0 24.905621912781776 22.658940397893144
369.4999999999999 24.908449943045227 22.660082272806203
370.0 24.91127897512284 22.661219639894092
370.5 24.91412855630206 22.662356162092333
370.9999999999999 24.91695502842413 22.66349018337568
371.5 24.919789357813258 22.66463321778065
372.0 24.922616422717248 22.665761692126356
372.4999999999999 24.925460080465726 22.666898443884776
373.0 24.92833010960766 22.668035990323077
373.5 24.9311589898295 22.66917149815521
373.9999999999999 24.93402493109714 22.670305188748703
374.5 24.93685350958628 22.67143936243302
375.0 24.93971577185875 22.67257015973797
375.4999999999999 24.94258583736853 22.673701632638977
376.0 24.94544562220522 22.67482636768576
376.5 24.94830740557187 22.675963629881227
376.9999999999999 24.95114352378682 22.677091760112393
377.5 24.954046697536857 22.678213359292787
378.0 24.95690575632422 22.67934157090985
378.4999999999999 24.959772759967652 22.68047346343916
379.0 24.962648881149065 22.681614109292525
379.5 24.965506345387052 22.682756145444912
379.9999999999999 24.96836102832003 22.683889636630926
380.5 24.9712459462369 22.68503255107891
381.0 24.97410114226423 22.686175747976073
381.4999999999999 24.97695561328742 22.68732506094766
382.0 24.979822362571582 22.68846341283149
382.5 24.982696701843903 22.689607447458172
382.9999999999999 24.985568836430257 22.69076109771038
383.5 24.98842816326771 22.691901716087383
384.0 24.991294514926054 22.693064711907294
384.4999999999999 24.99413627015538 22.69421685216003
385.0 24.99699247003024 22.695371187839935
385.5 24.999863447158415 22.696524218212236
385.9999999999999 25.00272978059277 22.697682392944838
386.5 25.005613162943632 22.698844171883717
387.0 25.00846056328586 22.700007638768746
387.4999999999999 25.01133467422628 22.701163277854675
388.0 25.014206967382954 22.7023285676788
388.5 25.01707095168151 22.70349853742305
388.9999999999999 25.01992723105749 22.704652022109762
389.5 25.02282821577103 22.70581918976625
390.0 25.025710786539662 22.70698444846786
390.4999999999999 25.02855599325045 22.708149124539077
391.0 25.031431643482893 22.709318541520112
391.5 25.034288852372093 22.710484961604053
391.9999999999999 25.037161191744826 22.71165707742451
392.5 25.04003917863343 22.712827128211618
393.0 25.042911362851292 22.71398839284247
393.5 25.045791458394618 22.715157142738263
394.0 25.048671337012255 22.71633072680035
394.5 25.05154516700994 22.71750786710008
395.0 25.054414423799187 22.718670305772836
395.5 25.05729363348259 22.719845000065302
396.0 25.06016555826324 22.721006753683078
396.5 25.063037403862513 22.722177948630385
397.0 25.065927255814124 22.7233489453517
397.5 25.068811285196308 22.724520825315352
398.0 25.071701895599045 22.725691630098265
398.5 25.07458836865911 22.726863921781543
399.0 25.07748575189939 22.728033228906416
399.5 25.080369914372223 22.729195694789254
400.0 25.08325958933064 22.73036874447428
400.5 25.086162864712126 22.731528395356378
401.0 25.08905264697038 22.73270699758441
401.5 25.09194856047957 22.733874931121445
402.0 25.09484491421855 22.735030806462447
402.5 25.097760349774582 22.736203078214032
403.0 25.100650884098556 22.737366228799676
403.5 25.103570041582334 22.738532609128008
404.0 25.106476328870237 22.73969116143669
404.5 25.10938242317379 22.740854112887465
405.0 25.112287419958648 22.742013712715664
405.5 25.11521176098585 22.743177395759425
406.0 25.118128871319687 22.74432853760455
406.5 25.12107084047102 22.745491108088093
407.0 25.123974287146172 22.746649500825633
407.5 25.126901685459334 22.747797691129072
408.0 25.12982115461648 22.748949705354665
408.5 25.132757574657884 22.75010070260916
409.0 25.135697045804378 22.751251314863904
409.5 25.138609465923988 22.75240600732605
410.0 25.14157759965935 22.75354993633897
410.5 25.14452540178211 22.75468883114261
411.0 25.147461317454116 22.75583306289651
411.5 25.150406794897474 22.756979169127135
412.0 25.153371499053712 22.758107483815344
412.5 25.156346085176153 22.75924475624035
413.0 25.159292333966082 22.760375194434417
413.5 25.162243113814824 22.761514859619695
414.0 25.16521858637391 22.762644743257656
414.5 25.168185636371824 22.763776517910998
415.0 25.1711447332137 22.764907467325962
415.5 25.17409201084402 22.766040554135913
416.0 25.177087301113666 22.767169740697533
416.5 25.180043680044943 22.768295904276957
417.0 25.183030492663526 22.76942158098843
417.5 25.186010180660524 22.770550247455688
418.0 25.188945152525626 22.771679112890002
