FastTrWP/PhaseSpace/IAs/snIa_0.4_25_1_0.1.csv
# %ECSV 0.9
# ---
# datatype:
# - {name: time-rel, datatype: float64}
# - {name: g, datatype: float64}
# - {name: i, datatype: float64}
# schema: astropy-2.0
time-rel g i
[from data line 652]
305.8125 -26.497080027044202 -27.19980964044147
306.3125 -26.499433962404414 -27.201959709112977
306.8125 -26.501773118173585 -27.20410637841468
307.3125 -26.504089110559775 -27.20624954355554
307.8125 -26.506410222201385 -27.208374125448156
308.3125 -26.508706978455002 -27.210500462395053
308.8125 -26.51100708181259 -27.212611212544413
309.3125 -26.513284088013695 -27.214732142412835
309.8125 -26.515542536866057 -27.216828296735716
310.3125 -26.517784773450867 -27.218908041741653
310.8125 -26.520007258973294 -27.220998717964076
311.3125 -26.522231298395393 -27.22307660980832
311.8125 -26.524450203626017 -27.22514286140055
312.3125 -26.526663342066378 -27.227207967019172
312.8125 -26.528867563670687 -27.229263541021012
313.3125 -26.53106569234653 -27.231314887170708
313.8125 -26.533242150477804 -27.233377723585193
314.3125 -26.53544012247229 -27.2354217352958
314.8125 -26.537626537797205 -27.23747063031441
315.3125 -26.53978234096345 -27.23950783712622
315.8125 -26.54195831302335 -27.241531094415347
316.3125 -26.544113116265635 -27.243567695972196
316.8125 -26.546273493123017 -27.245592091980217
317.3125 -26.54841388356207 -27.247614172622107
317.8125 -26.55055490776055 -27.24963148831078
318.3125 -26.552685071873956 -27.251644069861545
318.8125 -26.554805712692627 -27.253650363440855
319.3125 -26.55694233937483 -27.2556423030288
319.8125 -26.559037272666757 -27.257643947591564
320.3125 -26.56113614321881 -27.259634292841007
320.8125 -26.56324274344403 -27.261617007264455
321.3125 -26.565327276243682 -27.263604258530037
321.8125 -26.56739623992586 -27.265574862116697
322.3125 -26.56947795564134 -27.267552308224094
322.8125 -26.5715441535256 -27.269513403247153
323.3125 -26.573600820189792 -27.27148016267823
323.8125 -26.57566286098366 -27.27342894145011
324.3125 -26.57768993775936 -27.275386722342887
324.8125 -26.57973145136743 -27.277325360989973
325.3125 -26.581763970512526 -27.279267728083724
325.8125 -26.5837696255822 -27.281194709596264
326.3125 -26.585775529561587 -27.283130705849906
326.8125 -26.587786618790815 -27.285048656674746
327.3125 -26.5897755102486 -27.286964278630165
327.8125 -26.59175944085723 -27.288875113617316
328.3125 -26.59372658412581 -27.29078511048368
328.8125 -26.595698182889596 -27.292683737959024
329.3125 -26.597657894891515 -27.29457119899763
329.8125 -26.59959888337202 -27.29646146120195
330.3125 -26.601543604280383 -27.298343474058488
330.8125 -26.60347206226282 -27.30021478302209
331.3125 -26.6053827960204 -27.302087858504716
331.8125 -26.60730081295401 -27.30395174906674
332.3125 -26.60920595266562 -27.305808467632474
332.8125 -26.611098198418993 -27.30766058564777
333.3125 -26.612977653552395 -27.309508159800032
333.8125 -26.614843925289815 -27.31134397600577
334.3125 -26.616711170119483 -27.31318079438228
334.8125 -26.618579033950954 -27.31501538738023
335.3125 -26.620411650043877 -27.316825053015453
335.8125 -26.622248717634037 -27.318632677101604
336.3125 -26.624074109007964 -27.32044979961206
336.8125 -26.625887800551524 -27.322247433998665
337.3125 -26.627703991028607 -27.32404411512103
337.8125 -26.629479263130214 -27.325831322267046
338.3125 -26.63127622824142 -27.327616116070725
338.8125 -26.63304556742247 -27.329385516031884
339.3125 -26.634813957552268 -27.33115747800246
339.8125 -26.63655558975721 -27.332927132501005
340.3125 -26.638305246224387 -27.334681604139423
340.8125 -26.640046221898576 -27.336417460700172
341.3125 -26.641753443077615 -27.338173092370127
341.8125 -26.643477892437197 -27.33990656197917
342.3125 -26.6451767113657 -27.341636465647284
342.8125 -26.646861822212546 -27.34334740995131
343.3125 -26.64854594390549 -27.34506782292488
343.8125 -26.650209081978645 -27.34677651478112
344.3125 -26.651861609702728 -27.348480244582202
344.8125 -26.653510618044365 -27.35016831585903
345.3125 -26.655157677544352 -27.35185667281398
345.8125 -26.656777104827572 -27.353539875833953
346.3125 -26.658395835264002 -27.355217095453238
346.8125 -26.66000662782176 -27.35689303247897
347.3125 -26.66162231435561 -27.35855865948501
347.8125 -26.66320969496588 -27.360217252490443
348.3125 -26.664802542722803 -27.36187425532961
348.8125 -26.666381058302303 -27.36352723932923
349.3125 -26.66796314305689 -27.365172011320848
349.8125 -26.669525004581743 -27.366815310810292
350.3125 -26.67108128193156 -27.368448523481312
350.8125 -26.6726410938732 -27.37007919279936
351.3125 -26.674181008145943 -27.371706115779986
351.8125 -26.675706212633674 -27.373320136071968
352.3125 -26.67723094510757 -27.374934399845795
352.8125 -26.678753636773358 -27.376543356217653
353.3125 -26.6802704556319 -27.378152373438628
353.8125 -26.681772761189485 -27.379747395314638
354.3125 -26.68326761692444 -27.3813410679894
354.8125 -26.684750690832487 -27.382931412492205
355.3125 -26.686233751189544 -27.38451090079398
355.8125 -26.687704099234306 -27.386088506285738
356.3125 -26.689171227951714 -27.38766171047995
356.8125 -26.69062720635636 -27.389233444966003
357.3125 -26.692071884732023 -27.39080155839791
357.8125 -26.69350702130516 -27.39234929059301
358.3125 -26.69492983852663 -27.393900799176368
358.8125 -26.69636044747113 -27.395457880201747
359.3125 -26.69778246583949 -27.39698588071434
359.8125 -26.699196458458935 -27.398535993034816
360.3125 -26.700590514291854 -27.400067622049352
360.8125 -26.70197994309429 -27.401595608464646
361.3125 -26.703363555589846 -27.403114792971333
361.8125 -26.704741112281305 -27.404627417682317
362.3125 -26.706110405288086 -27.406142224430678
362.8125 -26.707472028365213 -27.40765331017805
363.3125 -26.708819331366435 -27.409152660250907
363.8125 -26.71017191064908 -27.410643787115177
364.3125 -26.711506267429254 -27.41213975370438
364.81249999999994 -26.712844566030263 -27.41362195811126
365.3125 -26.714167997211746 -27.415106812518864
365.8125 -26.715471112055997 -27.416577335776978
366.31249999999994 -26.716785336393638 -27.418056867783665
366.8125 -26.718077337829 -27.419519852596164
367.3125 -26.719376945323354 -27.420981484877707
367.81249999999994 -26.720650178112916 -27.42244020157667
368.3125 -26.721921590823765 -27.4238919846347
368.8125 -26.723191646477922 -27.425342977766107
369.31249999999994 -26.72445986600435 -27.426787055891346
369.8125 -26.725702688288514 -27.42821678121008
370.3125 -26.726952499406554 -27.429646181120326
370.81249999999994 -26.728184320904383 -27.431073775514413
371.3125 -26.729414803394768 -27.432493577286202
371.8125 -26.730630049524322 -27.433908048943078
372.31249999999994 -26.73184706063838 -27.43531844233981
372.8125 -26.733049890933035 -27.436737167125187
373.3125 -26.73423528399137 -27.43813380669653
373.81249999999994 -26.735433589383014 -27.439530211016724
374.3125 -26.736608164776428 -27.44091901647748
374.8125 -26.737791794032013 -27.442308468793534
375.31249999999994 -26.738947143751155 -27.443695349913174
375.8125 -26.740106668283726 -27.445069374401967
376.3125 -26.741262402365493 -27.446444636736267
376.81249999999994 -26.742395464985197 -27.447811135891374
377.3125 -26.743530958740322 -27.44917409057218
377.8125 -26.744663197364194 -27.45052679693506
378.31249999999994 -26.74577883492445 -27.451886872625245
378.8125 -26.746890998286897 -27.453235139022997
379.3125 -26.747987421646258 -27.45457243143175
379.81249999999994 -26.74908875308205 -27.455910620288865
380.3125 -26.750182506049644 -27.45725203732565
380.8125 -26.751256652905816 -27.458586107094817
381.31249999999994 -26.75234258241829 -27.459920250964252
381.8125 -26.753410243053196 -27.461237259815633
382.3125 -26.754478534057014 -27.462561639391538
382.81249999999994 -26.755536093612044 -27.46387088245776
383.3125 -26.756579734878827 -27.46518304331118
383.8125 -26.75762863529474 -27.466489391241034
384.31249999999994 -26.758662866790583 -27.467778864754784
384.8125 -26.75969667018744 -27.469088451379587
385.3125 -26.760718346627193 -27.470384766927324
385.81249999999994 -26.761736863729485 -27.471663585377833
386.3125 -26.762749791035954 -27.472954030847
386.8125 -26.763751223619447 -27.474227705241418
387.31249999999994 -26.76474740561137 -27.475508610628864
387.8125 -26.76574121929638 -27.476781720969065
388.3125 -26.766723492254858 -27.47805000174823
388.81249999999994 -26.767702535922965 -27.47931244291066
389.3125 -26.76867350875744 -27.48057208417816
389.8125 -26.769644617037834 -27.481825867555987
390.31249999999994 -26.7705918583738 -27.48307556819279
390.8125 -26.77154630492052 -27.484322989564536
391.3125 -26.77247945820075 -27.485564472516156
391.81249999999994 -26.773414319462752 -27.486797545714
392.3125 -26.774336529022868 -27.488035385885553
392.8125 -26.775267261103863 -27.48926332347464
393.31249999999994 -26.776176604663604 -27.49048624178331
393.8125 -26.777088109801532 -27.49171082209577
394.3125 -26.77798632321323 -27.49292335961606
394.81249999999994 -26.778874320351612 -27.49413835148626
395.3125 -26.779771824704103 -27.495339942276257
395.8125 -26.7806455476127 -27.496547000049855
396.31249999999994 -26.78152604791967 -27.497742363830902
396.8125 -26.782379131954364 -27.498935612700134
397.3125 -26.783243678142835 -27.500128103677135
397.81249999999994 -26.784093885589954 -27.501311171880516
398.3125 -26.784932651599803 -27.502494236084047
398.8125 -26.785763929018728 -27.50367007060379
399.31249999999994 -26.786608681897587 -27.50483823824932
399.8125 -26.787425564430897 -27.506011783324368
400.3125 -26.788242011357465 -27.507173658598617
400.81249999999994 -26.789049285896414 -27.508329171224783
401.3125 -26.78984882615069 -27.509490320101563
401.8125 -26.790632048291748 -27.510636783471448
402.31249999999994 -26.791424190101594 -27.511784520498964
402.8125 -26.792199318517532 -27.512925030542988
403.3125 -26.79297803778737 -27.514063687712422
403.81249999999994 -26.793728226020377 -27.515197974468318
404.3125 -26.79449463154355 -27.51632163024224
404.8125 -26.795231359782484 -27.517441346204137
405.31249999999994 -26.795978826684955 -27.518567474403795
405.8125 -26.79670708989075 -27.519679061372727
406.3125 -26.79744522750728 -27.520795025689353
406.81249999999994 -26.79815483204747 -27.521896685373278
407.3125 -26.79885525313168 -27.522997034276916
407.8125 -26.799572955044294 -27.524093654785542
408.31249999999994 -26.80027189838857 -27.525183275754884
408.8125 -26.80096190728902 -27.526271071857607
409.3125 -26.801631368506076 -27.52736023937239
409.81249999999994 -26.80231122315819 -27.52843797904676
410.3125 -26.802965096653153 -27.529515308741384
410.8125 -26.80363376814768 -27.530583389517812
411.31249999999994 -26.804289066000045 -27.53165346333362
411.8125 -26.804925138687565 -27.532710083523053
412.3125 -26.805563283048492 -27.533769707782447
412.81249999999994 -26.806190516257505 -27.534823969542465
413.3125 -26.80681093944376 -27.535875550143814
413.8125 -26.80742028836674 -27.536920433288262
414.31249999999994 -26.808023945759217 -27.537959401018067
414.8125 -26.80861805719417 -27.53899029063687
415.3125 -26.80920895986246 -27.540025393877585
415.81249999999994 -26.809791636645613 -27.541059382331152
416.3125 -26.81036418007433 -27.542081332265607
416.8125 -26.810931124591164 -27.543097215859447
417.31249999999994 -26.81148850393338 -27.544118119644626
417.8125 -26.8120498422056 -27.545128535614587
418.3125 -26.812583577373804 -27.546139469799733
418.81249999999994 -26.813128703932676 -27.547132469163955
419.3125 -26.813662661123672 -27.54813513517041
419.8125 -26.81417615876139 -27.549137796450218
420.31249999999994 -26.81469349621469 -27.550129095071956
420.8125 -26.8152080370239 -27.551121942799718
421.3125 -26.8157108460737 -27.5521019612665
421.81249999999994 -26.816200841199628 -27.553081193378894
422.3125 -26.8166953916512 -27.554054528248834
422.8125 -26.817177526663365 -27.555030919198614
423.31249999999994 -26.817653914845003 -27.556003126645592
423.8125 -26.81811515323666 -27.556965552617065
424.3125 -26.818583074085215 -27.557929122373217
424.81249999999994 -26.81902995241945 -27.558883280137447
425.3125 -26.819491050730193 -27.55984196779853
425.8125 -26.819930151476072 -27.560788232994998
426.31249999999994 -26.820364899763284 -27.561738201480317
426.8125 -26.820791020111884 -27.562678181070357
427.3125 -26.821218297330592 -27.563618425424107
427.81249999999994 -26.8216304016906 -27.56454953148023
428.3125 -26.822041965347342 -27.56548472159823
428.8125 -26.822445581822723 -27.566406108548787
429.31249999999994 -26.822841536768767 -27.567331440846125
429.8125 -26.823241180225914 -27.568245762602622
430.3125 -26.82362812992681 -27.56916658978405
430.81249999999994 -26.8240104167649 -27.570083195805832
431.3125 -26.824371393246224 -27.570985561536205
431.8125 -26.824747791690594 -27.57190093524705
432.31249999999994 -26.82510380068292 -27.572797135827635
432.8125 -26.8254598071525 -27.573686943718556
433.3125 -26.825824514627776 -27.574579352703026
433.81249999999994 -26.826161779948023 -27.57547145509097
434.3125 -26.826502690181634 -27.5763533199636
434.8125 -26.826829765204234 -27.577237370419056
435.31249999999994 -26.827156293517994 -27.578118038264286
435.8125 -26.827486231718897 -27.57899637098475
436.3125 -26.827805975202132 -27.579864517714885
436.81249999999994 -26.82812053971277 -27.580736225668147
437.3125 -26.828422972699165 -27.581601027415147
437.8125 -26.828715293973282 -27.582459137080527
438.31249999999994 -26.829018183739116 -27.583319797770564
438.8125 -26.829295611614192 -27.584173743615096
439.3125 -26.829584428599595 -27.585022333857143
439.81249999999994 -26.829871926210775 -27.585870911700667
440.3125 -26.830141458091724 -27.586707242023923
440.8125 -26.830400717907988 -27.58755262716545
441.31249999999994 -26.83067411180093 -27.588392348473477
441.8125 -26.83093374964727 -27.589220492298118
442.3125 -26.83118523634032 -27.590049021225816
442.81249999999994 -26.83142937120115 -27.59087441078384
443.3125 -26.83167733114278 -27.591700668539566
443.8125 -26.831916795864323 -27.59251217358791
444.31249999999994 -26.83215295227795 -27.593334110298283
444.8125 -26.832376378403225 -27.59414659558827
445.3125 -26.832609272609126 -27.594952251351383
445.81249999999994 -26.832823338945314 -27.595753437639306
446.3125 -26.833021666910938 -27.596552206254902
446.8125 -26.833234906534326 -27.59735691534605
447.31249999999994 -26.83343785143095 -27.598145977237976
447.8125 -26.833623248499464 -27.598942456917626
448.3125 -26.833798126339286 -27.599728144561734
448.81249999999994 -26.833977047741975 -27.600508509944717
449.3125 -26.834148831567948 -27.60127923460224
449.8125 -26.8343099866958 -27.60205856599731
450.31249999999994 -26.834457119218186 -27.60283442779879
450.8125 -26.83459781169659 -27.60360205818195
451.3125 -26.834738693157966 -27.604365828881715
451.81249999999994 -26.834876661032986 -27.60511966226162
452.3125 -26.83500059167285 -27.60587821007274
452.8125 -26.835123928173715 -27.606626981258913
453.31249999999994 -26.835233998561772 -27.607382730625027
453.8125 -26.835334189594743 -27.608126933160616
454.3125 -26.835429269880002 -27.608877353813295
454.81249999999994 -26.835538757414042 -27.609607266539584
455.3125 -26.835619450038312 -27.610349835261985
455.8125 -26.83571030779694 -27.611078853248156
456.31249999999994 -26.835791528698127 -27.611803528307032
456.8125 -26.835861481026882 -27.612537816721673
457.3125 -26.83593246732356 -27.613261990259915
457.81249999999994 -26.835984157621873 -27.61397492966752
458.3125 -26.836037689038616 -27.61469370594712
458.8125 -26.83609647432978 -27.615408044358524
459.31249999999994 -26.83613943648226 -27.616113958802377
459.8125 -26.836174699995674 -27.616822782514486
460.3125 -26.836210274493467 -27.617523935867318
460.81249999999994 -26.836239465100387 -27.618228119154065
461.3125 -26.836257632923456 -27.6189271918143
461.8125 -26.836288892175702 -27.619612660766325
462.31249999999994 -26.836308155729487 -27.62031006092327
462.8125 -26.836324075481773 -27.620992795615365
463.3125 -26.83633170231267 -27.621685872716355
463.81249999999994 -26.836331986371043 -27.622359637784044
