FastTrWP/PhaseSpace/IAs/snIa_0.69_30.00_-1.12_-0.25.csv
# %ECSV 0.9
# ---
# datatype:
# - {name: time-rel, datatype: float64}
# - {name: g, datatype: float64}
# - {name: i, datatype: float64}
# schema: astropy-2.0
time-rel g i
[from data line 285]
233.14583333333334 23.462672661488128 24.076224337359765
233.64583333333331 23.45943749674845 24.07134501674725
234.14583333333334 23.456200384941162 24.06648233710008
234.64583333333334 23.452997588713906 24.061652378886823
235.14583333333331 23.44980851686688 24.056815006702944
235.64583333333334 23.4466374044953 24.0520021470441
236.14583333333334 23.44348684291393 24.047181885899963
236.64583333333331 23.440355070092878 24.04238044364004
237.14583333333334 23.437231939646214 24.037608522171837
237.64583333333334 23.434137793713155 24.032848118314604
238.14583333333334 23.431057961716355 24.028070787471894
238.64583333333334 23.427994847645248 24.023329374912418
239.14583333333334 23.42496508441869 24.01859452434146
239.64583333333334 23.421927685366693 24.013868019382386
240.14583333333334 23.418931084530318 24.009159114894754
240.64583333333334 23.415936979112498 24.00445327815102
241.14583333333334 23.412960008030947 23.999776213640484
241.64583333333334 23.41000172628093 23.99508066813854
242.14583333333334 23.407068834366697 23.990428767759408
242.64583333333334 23.404148658892204 23.98576694369439
243.14583333333334 23.401237623978737 23.98112855233704
243.64583333333334 23.39834622923529 23.976484971452013
244.14583333333334 23.39547026903137 23.971868253683827
244.64583333333334 23.392605817913385 23.96726090002534
245.14583333333334 23.38977651656534 23.962655026937867
245.64583333333334 23.386938827528063 23.958057568863662
246.14583333333334 23.384130297305102 23.95347572779585
246.64583333333334 23.38132474177226 23.948916439227013
247.14583333333334 23.378543979947295 23.944347879301947
247.64583333333334 23.375787532216357 23.939808570678206
248.14583333333334 23.373039656106744 23.93528939344746
248.64583333333334 23.370297941202 23.93074402545299
249.14583333333334 23.367571584414335 23.926234441210074
249.64583333333334 23.36486068086552 23.921720715759513
250.14583333333334 23.362168878127243 23.917229248675614
250.64583333333334 23.359487422045607 23.912741538239572
251.14583333333334 23.356824711176607 23.908268883423595
251.64583333333334 23.354176957862478 23.90379216321843
252.14583333333334 23.351533735963173 23.899343513889768
252.64583333333334 23.34890775659451 23.89489146568029
253.14583333333334 23.346289562135688 23.8904488848135
253.64583333333334 23.343692174142454 23.886029709150858
254.14583333333334 23.341109438743178 23.881624276266425
254.64583333333334 23.33854659909816 23.87720943850962
255.14583333333334 23.335976303728966 23.87279944183438
255.64583333333334 23.333433279088087 23.86841505484388
256.1458333333333 23.330908072990137 23.864048653719315
256.6458333333333 23.32837849417238 23.859665826865083
257.1458333333333 23.32588562717345 23.85531079671351
257.6458333333333 23.32339204164434 23.85097245280793
258.1458333333333 23.320920382457054 23.84663701932613
258.6458333333333 23.31846267297328 23.842319365162208
259.1458333333333 23.316006047314648 23.837992571911926
259.6458333333333 23.313583237532207 23.833679085163478
260.1458333333333 23.311161606127087 23.829380488859513
260.6458333333333 23.308754030376313 23.8250999259219
261.1458333333333 23.30635528316716 23.820822513912198
261.6458333333333 23.303985381065317 23.81655623683717
262.1458333333333 23.301610489186043 23.812291751503718
262.6458333333333 23.299280393709246 23.80804623190951
263.1458333333333 23.296947869808676 23.80381451123946
263.6458333333333 23.294605267736067 23.799580868862403
264.1458333333333 23.292292010699846 23.795360756195564
264.6458333333333 23.28999895463667 23.791159823152014
265.1458333333333 23.287713086089745 23.786950025190606
265.6458333333333 23.28543122492505 23.7827692728565
266.1458333333333 23.283177012802586 23.778572956885526
266.6458333333333 23.2809366114745 23.7744064381928
267.1458333333333 23.278696482433887 23.770242274370887
267.6458333333333 23.27647140098128 23.766067268569305
268.1458333333333 23.274245821876846 23.761950962815224
268.6458333333333 23.272054975154262 23.7577901007932
269.1458333333333 23.269871438184605 23.753658393429436
269.6458333333333 23.267704182000184 23.749542703658364
270.1458333333333 23.265532207063323 23.74544763021752
270.6458333333333 23.263389157833867 23.741324635440964
271.1458333333333 23.261247918669937 23.737233712738938
271.6458333333333 23.259116909099525 23.733148822257117
272.1458333333333 23.25699658182628 23.729053680147885
272.6458333333333 23.254889580280597 23.72499599173919
273.1458333333333 23.252794455565603 23.720938549994113
273.6458333333333 23.25071883914358 23.71687507846707
274.1458333333333 23.248641646595672 23.712826682244916
274.6458333333333 23.246585121382072 23.70879006392446
275.1458333333333 23.24452805868564 23.704768059226154
275.6458333333333 23.24250011497831 23.70073268725885
276.1458333333333 23.24047680006695 23.69671100398518
276.6458333333333 23.238451220753852 23.692704154489917
277.1458333333333 23.236445045999055 23.68870853015372
277.6458333333333 23.234455161807617 23.684708869121415
278.1458333333333 23.23247878060922 23.680735355913193
278.6458333333333 23.2304880457343 23.67674073922629
279.1458333333333 23.228529169512456 23.672778170551965
279.6458333333333 23.22658008872258 23.668822124300902
280.1458333333333 23.22463806284229 23.66485327316799
280.6458333333333 23.222704978353164 23.660905779762995
281.1458333333333 23.220781589245846 23.656964835032937
281.6458333333333 23.218875367727815 23.653033630905547
282.1458333333333 23.216969510834925 23.649111648071347
282.6458333333333 23.215086694879417 23.645182371895473
283.1458333333333 23.213195764334476 23.64127868848619
283.6458333333333 23.211329193191382 23.637360726384532
284.1458333333333 23.209467395795915 23.633461261377185
284.6458333333333 23.207614981571744 23.629579947778684
285.1458333333333 23.205765682668485 23.62568907974036
285.6458333333333 23.20393201243625 23.621818282091617
286.1458333333333 23.20211520541875 23.617940541531087
286.6458333333333 23.20030001575878 23.61407086880994
287.1458333333333 23.198490339652857 23.61021613871223
287.6458333333333 23.196703456858003 23.606366777682585
288.1458333333333 23.194911225126454 23.602521262508482
288.6458333333333 23.1931361725349 23.598693774731203
289.1458333333333 23.19136402827649 23.594849564961034
289.6458333333333 23.189610663775465 23.59102294092679
290.1458333333333 23.18786492762814 23.58720738678036
290.6458333333333 23.18613210347474 23.58339012698151
291.1458333333333 23.18438819188796 23.579578702788638
291.6458333333333 23.182663043440797 23.575777309676816
292.1458333333333 23.180943919712163 23.571992580176797
292.6458333333333 23.17925132036099 23.56819610669823
293.1458333333333 23.17755389828968 23.564408689425754
293.6458333333333 23.175863796984167 23.560642334782326
294.1458333333333 23.174184534964617 23.556869595288745
294.6458333333333 23.172510808417716 23.553110130071317
295.1458333333333 23.170841110338444 23.54935249236995
295.6458333333333 23.16919371574274 23.54559899267283
296.1458333333333 23.167550811259083 23.541857003061928
296.6458333333333 23.16591536281528 23.538116982594374
297.1458333333333 23.164290435935108 23.534379354705134
297.6458333333333 23.162673436919338 23.530665844704878
298.1458333333333 23.161059004473703 23.526935741836184
298.6458333333333 23.15946111884063 23.523219694501968
299.1458333333333 23.157863726534277 23.519519039805065
299.6458333333333 23.156283031220816 23.51582630411262
300.1458333333333 23.154713133457115 23.51213693304394
300.6458333333333 23.1531421113402 23.508446494736685
301.1458333333333 23.15158508052752 23.50476377034905
301.6458333333333 23.15003216754439 23.501094676468153
302.1458333333333 23.148494974503826 23.4974307896558
302.6458333333333 23.14697019762011 23.493775742061903
303.1458333333333 23.145443583833668 23.490119388327813
303.6458333333333 23.143933692610695 23.486482049446703
304.1458333333333 23.142421996400273 23.482847474104524
304.6458333333333 23.140927504775824 23.479201630728518
305.1458333333333 23.13943134694359 23.47557742563697
305.6458333333333 23.137961340007674 23.471942824002234
306.1458333333333 23.136483051914375 23.468340360610526
306.6458333333333 23.135009380286938 23.46472342673414
307.1458333333333 23.133552352119683 23.461121133822964
307.6458333333333 23.132117520725007 23.45752786190897
308.1458333333333 23.13065896557431 23.453939865452842
308.6458333333333 23.129236240539303 23.450352580320157
309.1458333333333 23.12780189726527 23.446763077007247
309.6458333333333 23.126388672516725 23.443197502352056
310.1458333333333 23.124993941008775 23.43964053222478
310.6458333333333 23.12358601563934 23.43607460943244
311.1458333333333 23.12219572347558 23.432515651350002
311.6458333333333 23.12080600077008 23.42896399561276
312.1458333333333 23.11944442527355 23.425422215155443
312.6458333333333 23.118057308106486 23.421882007540532
313.1458333333333 23.116697808710324 23.41835573067387
313.6458333333333 23.115352697079796 23.41481946555814
314.1458333333333 23.11399598549176 23.411289122572285
314.6458333333333 23.112669638536456 23.407791647754582
315.1458333333333 23.111328569642055 23.404274299305694
315.6458333333333 23.110015254120952 23.400767695089428
316.1458333333333 23.10869286194274 23.39727098733234
316.6458333333333 23.10739327657421 23.393776753168922
317.1458333333333 23.106084607895166 23.390281041629244
317.6458333333333 23.104796154105163 23.3868078716835
318.1458333333333 23.10352377037509 23.38332590417616
318.6458333333333 23.102241011430188 23.37985147998493
319.1458333333333 23.100965784815635 23.376385536393194
319.6458333333333 23.099705249756862 23.372911631672252
320.1458333333333 23.09844048779802 23.36946643371207
320.6458333333333 23.09719855300404 23.366006936184263
321.1458333333333 23.095964658774214 23.36256005388102
321.6458333333333 23.09472764401434 23.359116044213565
322.1458333333333 23.0934806030961 23.355680880722083
322.6458333333333 23.092277376122205 23.352260790927538
323.1458333333333 23.09107436816771 23.34883332133075
323.6458333333333 23.089867076822674 23.34540873706782
324.1458333333333 23.088658625048865 23.341978335030124
324.6458333333333 23.087478122536552 23.33856941239621
325.1458333333333 23.08629328203825 23.335163529838205
325.6458333333333 23.085113775263743 23.331766002237924
326.1458333333333 23.083948455479323 23.3283645418104
326.6458333333333 23.082792283502293 23.32497496564158
327.1458333333333 23.081640593686927 23.32158526795522
327.6458333333333 23.08049008323377 23.318194620322345
328.1458333333333 23.079348385064115 23.31482365247764
328.6458333333333 23.078218725404618 23.31144185003913
329.1458333333333 23.07708566852064 23.308074670367482
329.6458333333333 23.07597061180661 23.30470835539282
330.1458333333333 23.07485340817359 23.301341205347725
330.6458333333333 23.073761406799825 23.297989846669076
331.1458333333333 23.072646966807177 23.2946439955279
331.6458333333333 23.07155694274286 23.29129554571859
332.1458333333333 23.070473549961726 23.28795321247568
332.6458333333333 23.06939014215516 23.284616527754828
333.1458333333333 23.068315247806762 23.28128284841059
333.6458333333333 23.06725101304111 23.277957932924032
334.1458333333333 23.06619312182392 23.27462059709564
334.6458333333333 23.065137006430763 23.271309634355614
335.1458333333333 23.064099200570517 23.267991621877485
335.6458333333333 23.063063195487388 23.26467800439515
336.1458333333333 23.06202826712819 23.261388759297997
336.6458333333333 23.061005017535983 23.25807936824484
337.1458333333333 23.059980365373974 23.254766798741038
337.6458333333333 23.058959806193243 23.251460266943997
338.1458333333333 23.057964221899226 23.248150422951692
338.6458333333333 23.05696991611164 23.24484946978796
339.1458333333333 23.05598271905012 23.241538368533522
339.6458333333333 23.054997525392714 23.2382277995805
340.1458333333333 23.054019960854273 23.234924132655745
340.6458333333333 23.053054518405492 23.231598944307873
341.1458333333333 23.05208283781542 23.228290675382016
341.6458333333333 23.051139637178814 23.224997210137918
342.1458333333333 23.05018798097204 23.221685403635306
342.6458333333333 23.04923925258445 23.218383099056283
343.1458333333333 23.048313476966964 23.215081102310574
343.6458333333333 23.047374298392192 23.21177364710533
344.1458333333333 23.04645676023704 23.208485740639645
344.6458333333333 23.045548915366428 23.20517771891599
345.1458333333333 23.044640393546693 23.20188769574694
345.6458333333333 23.043737215479187 23.19859264361506
346.1458333333333 23.042833396912105 23.195305459385235
346.6458333333333 23.041952660809663 23.192016463345453
347.1458333333333 23.041062119611574 23.18873539282956
347.6458333333333 23.040192550245692 23.18545787946231
348.1458333333333 23.039316158997757 23.182185429749683
348.6458333333333 23.038452088246718 23.178919411976953
349.1458333333333 23.037602100219594 23.175654527823816
349.6458333333333 23.036754790763215 23.172385523532064
350.1458333333333 23.035904871773596 23.169137035390662
350.6458333333333 23.035055474527375 23.165870406272425
351.1458333333333 23.03423160086059 23.16262964989075
351.6458333333333 23.033416112602445 23.15939240933337
352.1458333333333 23.032580317914935 23.156160238933694
352.6458333333333 23.03177631800797 23.152927822152265
353.1458333333333 23.03096103986505 23.149699990952048
353.6458333333333 23.030165226722353 23.14648353206668
354.1458333333333 23.02936904448153 23.14327583235864
354.6458333333333 23.0285777199564 23.140074204856994
355.1458333333333 23.02779702789602 23.136864981770948
355.6458333333333 23.02700990614941 23.13367971244391
356.1458333333333 23.026245548024917 23.130495122208146
356.6458333333333 23.025482701273944 23.1273186119479
357.1458333333333 23.024715550953793 23.12414913403937
357.6458333333333 23.02395931808483 23.120987822250363
358.1458333333333 23.023211530427933 23.117833257358143
358.6458333333333 23.022474996372935 23.114687587665784
359.1458333333333 23.02172989023814 23.111548023668767
359.6458333333333 23.020996460484533 23.108416465748643
360.1458333333333 23.020276184836877 23.105300996671524
360.6458333333333 23.01954581797093 23.102193068084365
361.1458333333333 23.018834121466767 23.09908060412536
361.6458333333333 23.018123879040843 23.095987048905734
362.1458333333333 23.017423938492456 23.092896145623804
362.6458333333333 23.01672255823188 23.089821885794283
363.1458333333333 23.016029267218997 23.08674576947866
363.6458333333333 23.015340353739013 23.083696052127788
364.1458333333333 23.0146639672583 23.08064677539059
364.6458333333333 23.013983461247214 23.077598907011854
365.1458333333333 23.013306267215718 23.074582519639012
365.6458333333333 23.0126510968671 23.071563856126936
366.14583333333326 23.011988559871398 23.068547523964146
366.6458333333333 23.011327230955338 23.0655546780117
367.1458333333333 23.010671649549455 23.06256246203105
367.64583333333326 23.010028945547543 23.059589110837916
368.1458333333333 23.00938403563897 23.056625815656737
368.6458333333333 23.008755742779773 23.053663770235993
369.14583333333326 23.008120905787646 23.050713673202686
369.6458333333333 23.00750342336411 23.047791265281194
370.1458333333333 23.00687562431577 23.044854228651126
370.64583333333326 23.00626050290714 23.041951734532805
371.1458333333333 23.00565771968785 23.039054651582124
371.6458333333333 23.005054644511347 23.03616605124645
372.14583333333326 23.004446550110373 23.033290387109492
372.6458333333333 23.003848387478033 23.030424192242265
373.1458333333333 23.003263102499112 23.02757313031446
373.64583333333326 23.002680181420573 23.024731261859785
374.1458333333333 23.00209746714018 23.0219023337849
374.6458333333333 23.00152864318958 23.019083258117835
375.14583333333326 23.000958927883673 23.016292316036644
375.6458333333333 23.00038224365934 23.013494424983072
376.1458333333333 22.999826391061365 23.010718012225773
376.64583333333326 22.999263385649968 23.007945815159957
