FastTrWP/PhaseSpace/IAs/snIa_0.45_30.00_0.83_-0.09.csv
# %ECSV 0.9
# ---
# datatype:
# - {name: time-rel, datatype: float64}
# - {name: g, datatype: float64}
# - {name: i, datatype: float64}
# schema: astropy-2.0
time-rel g i
[from data line 700]
-67.0 23.01786891539875 22.664725417137205
-66.5 23.017007614150597 22.663630784185788
-66.0 23.016157276269595 22.662564313865516
-65.5 23.015315961682337 22.661480096393728
-65.0 23.014467629560595 22.660412345132293
-64.5 23.013641778163173 22.659338950049538
-64.0 23.012824413141235 22.658276481477543
-63.5 23.011992537542486 22.657223873792315
-63.0 23.01118872919309 22.65617431138381
-62.5 23.010384336289945 22.655123775872713
-62.0 23.00959180706403 22.654077119655625
-61.5 23.008806813623643 22.653038967451135
-61.0 23.008028832361397 22.65200250930111
-60.5 23.00725843582082 22.65097405584048
-60.0 23.00649575014036 22.64994699601239
-59.5 23.005729726747703 22.64892181644218
-59.0 23.00498832430977 22.64790586512332
-58.5 23.004252859741904 22.646904221398877
-58.0 23.003505252147463 22.645886459621387
-57.5 23.002778217992915 22.644880503433214
-57.0 23.002066719021776 22.64388733433911
-56.5 23.001362145963867 22.6428975430915
-56.0 23.000659874754636 22.64189596364604
-55.5 22.999956901419832 22.640925625765934
-55.0 22.999274921846755 22.639933890483693
-54.5 22.99859559972516 22.638967442970568
-54.0 22.997927221206442 22.63799641167693
-53.5 22.99725539197988 22.637023722674275
-53.0 22.996598863972693 22.636050890694946
-52.5 22.99595323882336 22.63510857765499
-52.0 22.995308042780593 22.63415387796089
-51.5 22.994678466548898 22.63320993292226
-51.0 22.99404621701505 22.63225133732801
-50.5 22.99341790355562 22.631316231607286
-50.0 22.99281021858637 22.630377179688068
-49.5 22.992217849049013 22.629449408560344
-49.0 22.991614100575674 22.628521813917253
-48.5 22.99101669611998 22.62759953315146
-48.0 22.990435240889898 22.626684677753353
-47.5 22.98986403789337 22.62576294655457
-47.0 22.989286308440565 22.624857401571617
-46.5 22.988720818484346 22.623951709988447
-46.0 22.98817206456433 22.623045047476197
-45.5 22.987626279947285 22.622150543445542
-45.0 22.98707837847062 22.621255162794505
-44.5 22.986534765168663 22.620360816893104
-44.0 22.986008933660198 22.619482570070954
-43.5 22.985492296720764 22.618594458709154
-43.0 22.98497010412867 22.617714409216294
-42.5 22.984465025960926 22.6168430928532
-42.0 22.98396491211722 22.615971413891987
-41.5 22.983477147663443 22.61510514575528
-41.0 22.982980874710783 22.614239733011814
-40.5 22.982498800824676 22.61339130502426
-40.0 22.98202348561186 22.612527371604543
-39.5 22.981552110161797 22.611676202199984
-39.0 22.981083622189423 22.610834538373435
-38.5 22.980629867337964 22.60998459839319
-38.0 22.980167081426135 22.609145561932586
-37.5 22.97973394405505 22.608310144625374
-37.0 22.97930259629918 22.607481427318437
-36.5 22.97886196042842 22.60664707896842
-36.0 22.97843594820412 22.605827279407578
-35.5 22.978011595738046 22.604998055687208
-35.0 22.977598569002872 22.60418479649122
-34.5 22.977202354578807 22.603361998513527
-34.0 22.97679814833772 22.602548219009968
-33.5 22.976408633441622 22.601744451866832
-33.0 22.9760079300206 22.600943900105253
-32.5 22.97563765936991 22.60013223793115
-32.0 22.975264287701552 22.599335165080117
-31.5 22.97488587278698 22.598546104939405
-31.0 22.974525014919955 22.597751930485884
-30.5 22.974165567990056 22.596964537243778
-30.0 22.97381579428773 22.596179168152183
-29.5 22.973460493078385 22.595397572287066
-29.0 22.973117952563292 22.59461694481287
-28.5 22.972784775831204 22.59384046940842
-28.0 22.972453876977156 22.593074415605233
-27.5 22.972132518303088 22.592304248634125
-27.0 22.971811499898788 22.591538349853145
-26.5 22.97149050634458 22.59077361156479
-26.0 22.971187349173693 22.59000979755903
-25.5 22.97088455407906 22.58925375075803
-25.0 22.970572918316737 22.588498428247753
-24.5 22.970299205102926 22.587753186077926
-24.0 22.970005368463056 22.587001627782776
-23.5 22.969728147160275 22.58625277622274
-23.0 22.96944743156669 22.585515319233917
-22.5 22.969172258118938 22.584774882848727
-22.0 22.968921085430622 22.58403418860171
-21.5 22.968650196364564 22.583309850576384
-21.0 22.96840003547388 22.582579892168383
-20.5 22.96814489026044 22.58184832084
-20.0 22.967907984170886 22.581125527987645
-19.5 22.96766914386759 22.580412465324237
-19.0 22.96744576304768 22.579691881353394
-18.5 22.967227974717993 22.578986487841632
-18.0 22.96701977493864 22.57827946213627
-17.5 22.96681628562365 22.577569120841385
-17.0 22.966615188350467 22.576870314946827
-16.5 22.96642412554832 22.576179576399603
-16.0 22.96623803834009 22.575481838208454
-15.5 22.96606991847912 22.574803286930383
-15.0 22.965883974541875 22.574110097937407
-14.5 22.96573481309391 22.57343478474434
-14.0 22.96556859266122 22.57276208817613
-13.5 22.965421553779272 22.57208717149256
-13.0 22.965276472323296 22.571415608115423
-12.5 22.96514488776785 22.57074966768506
-12.0 22.96500362911675 22.570091422447373
-11.5 22.964877416889415 22.569421849195063
-11.0 22.9647703343501 22.568783514689216
-10.5 22.964656864378803 22.568119297270886
-10.0 22.96454555708273 22.56746698895197
-9.5 22.964444050141054 22.56682459136155
-9.0 22.964351095295346 22.566177475247002
-8.5 22.964262318384378 22.565533419215775
-8.0 22.964174946529717 22.56490442211412
-7.5 22.9641057305769 22.564271580335497
-7.0 22.96402724664285 22.563647390922227
-6.5 22.963953631102832 22.56301004901838
-6.0 22.96388994444776 22.562382537371764
-5.5 22.96383615370232 22.561757936911192
-5.0 22.963782044364613 22.56114089666715
-4.5 22.963730600565704 22.560522687521612
-4.0 22.96370028106876 22.559908090384422
-3.5 22.963651380685057 22.55929037930941
-3.0 22.963634011198266 22.55868587250477
-2.5 22.963593360412325 22.558075571609137
-2.0 22.963578619585093 22.557471771549867
-1.5 22.96355512375428 22.556867745994502
-1.0 22.96354856143543 22.55627328344367
-0.5 22.963530600847115 22.555671406828463
0.0 22.96352439837331 22.555073840834265
0.5 22.963529169326282 22.55448341381483
1.0 22.963527362413757 22.553883250299222
1.5 22.963544097594948 22.553294088935495
2.0 22.963548174085613 22.552712192781357
2.5 22.963573162029615 22.552120735230588
3.0 22.96358884381291 22.551543774810053
3.5 22.96360368729691 22.550962217405317
4.0 22.963638820486715 22.550378869958394
4.5 22.96366464825372 22.549797394172742
5.0 22.96369318568444 22.549222217429
5.5 22.963742602637147 22.54864455500067
6.0 22.963780664268512 22.548066751737366
6.5 22.96382806972248 22.547498898164022
7.0 22.96386739502094 22.54693916159414
7.5 22.963921661959446 22.546362083107496
8.0 22.963980835810766 22.545794482756257
8.5 22.964032126808874 22.545228436347276
9.0 22.96409019291451 22.54465893610961
9.5 22.96415807928642 22.544099161766876
10.0 22.96422075743618 22.543537915316424
10.5 22.964288760425458 22.542978591976308
11.0 22.96435098006797 22.54241883144178
11.5 22.964433190303396 22.541855855347137
12.0 22.964503484844933 22.541297883088504
12.5 22.964589660361938 22.540747181880807
13.0 22.964672220379306 22.54018698414307
13.5 22.964746658818022 22.53963378944605
14.0 22.964834784182933 22.539083306892714
14.5 22.96493317052342 22.53852178469609
15.0 22.965009752356472 22.5379741466929
15.5 22.965115988448265 22.53741817843143
16.0 22.96521070627742 22.536875713664205
16.5 22.965318112665372 22.536323640578914
17.0 22.965412884655173 22.53578255000484
17.5 22.96552305216485 22.535246408932643
18.0 22.965648509097363 22.534702923018507
18.5 22.965764872723533 22.534167834250553
19.0 22.96588129132394 22.533623907826872
19.5 22.966011353171062 22.533088842059975
20.0 22.966139162450084 22.53254613937591
20.5 22.966274989498245 22.532021876284922
21.0 22.96640284952632 22.531491634802286
21.5 22.96654760100676 22.530966352110728
22.0 22.966694503792393 22.530437268713364
22.5 22.966848287569377 22.529909616595397
23.0 22.96700215407168 22.529388474797514
23.5 22.967151971224457 22.52886913275197
24.0 22.96731436607574 22.528338699694217
24.5 22.96747841171664 22.527829146970156
25.0 22.967647466425106 22.52730944466105
25.5 22.967816859185714 22.526799584205687
26.0 22.967985462490354 22.526282214801583
26.5 22.96817128359104 22.52576933287275
27.0 22.968354466939008 22.525267899418587
27.5 22.968546836754523 22.5247612880877
28.0 22.968739935469515 22.524251273841394
28.5 22.968923579564123 22.52374810362643
29.0 22.969133244417456 22.523245725234737
29.5 22.96933664089736 22.522754107646627
30.0 22.969546674125482 22.522250115714385
30.5 22.969758741319232 22.52175273815822
31.0 22.96996926616672 22.521265255598113
31.5 22.97018159209764 22.52077385441502
32.0 22.970420731299505 22.520281281211144
32.5 22.970638834394702 22.519791387324656
33.0 22.970879203426257 22.519298311291283
33.5 22.97111603305797 22.51881658316888
34.0 22.971354798015632 22.518334602887858
34.5 22.971599466513286 22.517864360014865
35.0 22.971861217646516 22.517377419218153
35.5 22.972115845472988 22.516902277090807
36.0 22.9723623177583 22.51642478020177
36.5 22.972629515585318 22.51595572500172
37.0 22.97290014445948 22.515482156220074
37.5 22.97316393657323 22.515013980335606
38.0 22.97344779488116 22.51454889337324
38.5 22.973713614816127 22.514083439282327
39.0 22.97399973091624 22.513621118494434
39.5 22.974288556270892 22.513150869814588
40.0 22.974588764839957 22.51270060411542
40.5 22.974885260426518 22.512235143859193
41.0 22.975182999075592 22.511786070735354
41.5 22.975494163070394 22.511332482677588
42.0 22.975804374544133 22.51088679542916
42.5 22.976125332109998 22.510435513600168
43.0 22.976437381241645 22.5099833212389
43.5 22.97676312819709 22.509541320338773
44.0 22.977091935039997 22.50910344624159
44.5 22.977421247939922 22.508654294664105
45.0 22.977761481965008 22.50822326436181
45.5 22.978112047183345 22.507777299025644
46.0 22.978461421941233 22.50734667649806
46.5 22.978808594966228 22.50690651464658
47.0 22.97916476726904 22.506489521876873
47.5 22.97953109425103 22.50605592671189
48.0 22.979892601725886 22.505623323997792
48.5 22.98026026340694 22.505195551207496
49.0 22.98063028172288 22.504774989877543
49.5 22.981014572674148 22.504357964457263
50.0 22.981396798022274 22.503943516814022
50.5 22.98178310826767 22.503524235183285
51.0 22.9821807918084 22.503108606145695
51.5 22.98258650922812 22.502694764568698
52.0 22.98297445937347 22.50228258665065
52.5 22.98338882270732 22.501876565307462
53.0 22.983788236992982 22.501467165033088
53.5 22.98420845475517 22.501056605274496
54.0 22.98462190576599 22.50065456400849
54.5 22.985045970906718 22.50024496039327
55.0 22.985471499076887 22.499853564515995
55.5 22.985909262562334 22.499447153316922
56.0 22.986340248870558 22.49904990755912
56.5 22.986783727378537 22.498657941154395
57.0 22.987233744368496 22.498260849935136
57.5 22.987681063092932 22.497874986649343
58.0 22.988129845401915 22.49748314857316
58.5 22.98859004767663 22.4970945224733
59.0 22.989056976949445 22.496710598228212
59.5 22.989511309856564 22.496326737024255
60.0 22.989989969786315 22.495939381664016
60.5 22.99047778277876 22.495565460107155
61.0 22.990950669800235 22.49517919821217
61.5 22.991430853117045 22.49479891832555
62.0 22.99192444338026 22.494433260614443
62.5 22.99242555292638 22.494052291051464
63.0 22.992915205047424 22.493676967080717
63.5 22.9934239915624 22.49331214745583
64.0 22.99392995807859 22.492947431201
64.5 22.99443592861113 22.492579134124213
65.0 22.9949569647316 22.492217807184296
65.5 22.9954879206629 22.491857685337987
66.0 22.996005997431137 22.491497090350183
66.5 22.996546954498545 22.491133765435066
67.0 22.997080392747833 22.490781085309507
67.5 22.997617073185282 22.490428313216956
68.0 22.998163930439087 22.490073205879785
68.5 22.998720393560674 22.489720670749925
69.0 22.99926670629592 22.48937569371349
69.5 22.99983569921794 22.489027523120214
70.0 23.000391361396886 22.488683601765175
70.5 23.00096825255693 22.48834165230248
71.0 23.001544775907345 22.487995354085108
71.5 23.002110139459624 22.487664984874904
72.0 23.002701606001395 22.48732689047854
72.5 23.00328744136298 22.48699286033569
73.0 23.00388988505544 22.486658029374414
73.5 23.004489513166092 22.486325846100446
74.0 23.005088774160694 22.48599975938179
74.5 23.00570277039624 22.48567146929566
75.0 23.006302566608046 22.48534279498702
75.5 23.00692736236662 22.485023128353735
76.0 23.007547094893027 22.48471125789081
76.5 23.008183182355765 22.48438575640611
77.0 23.00881347353871 22.484076062249024
77.5 23.009449864106912 22.4837585097489
78.0 23.01010260074878 22.48344372914223
78.5 23.010750592169913 22.48312832966514
79.0 23.01139884190036 22.482827481473485
79.5 23.012059720304265 22.48251539126756
80.0 23.012708322975833 22.48221361125861
80.5 23.0133862881912 22.48191298543655
81.0 23.0140586956977 22.481618327586148
81.5 23.014732548259005 22.48131152308931
82.0 23.015429112962256 22.481025438034226
82.5 23.016114031361347 22.480731317923137
83.0 23.016820194971007 22.480440659073892
83.5 23.017508180860183 22.48014917202376
84.0 23.018205914537987 22.479858323222356
84.5 23.018929169441616 22.479574140861615
85.0 23.019653840696197 22.479284629880432
85.5 23.020376036126184 22.47900507406309
86.0 23.02110929316659 22.478728812330772
86.5 23.02185710110811 22.47844130643825
87.0 23.0226050089313 22.478169605303272
87.5 23.02337183882562 22.477900202685763
88.0 23.02412926339121 22.477626197988346
88.5 23.024901801032005 22.47735251953658
89.0 23.02568913941677 22.477084890704976
89.5 23.026461700849122 22.47682269022322
90.0 23.027250201108387 22.476551392000786
90.5 23.02804908460847 22.47628686668556
91.0 23.028849545389786 22.476031400973774
91.5 23.029663588038638 22.475769885371612
92.0 23.03047065228452 22.475512115415853
92.5 23.031296562504743 22.47525372793071
93.0 23.032127355025057 22.47500404237436
93.5 23.03295409614615 22.47475076273165
94.0 23.03379801180434 22.474504240784796
94.5 23.034638569344857 22.474251346765698
95.0 23.035483079348417 22.473999400907264
95.5 23.036341348602377 22.47376461270058
96.0 23.03719955761938 22.473519475964864
96.5 23.03806838881745 22.473280786318366
97.0 23.03893498892453 22.473046772681762
97.5 23.03980964646869 22.472809640417566
98.0 23.040682860443518 22.472575130429433
98.5 23.041586269861387 22.472340785718554
99.0 23.04245920956587 22.472105282558196
99.5 23.04335706379093 22.47187972915676
100.0 23.04425451957058 22.47164882704029
100.5 23.045149073396903 22.471425091052517
101.0 23.046057502167706 22.47120613595726
101.5 23.04696293696319 22.4709857464887
102.0 23.047887271684147 22.470776187043544
102.5 23.048798030298528 22.470550145325426
103.0 23.04972117697271 22.470336141410744
103.5 23.050647524665067 22.47011491234172
104.0 23.05157436107192 22.469912115163698
104.5 23.052507957656832 22.46969924013758
105.0 23.053443650237973 22.469487746215243
105.5 23.054394410419505 22.469282844545468
106.0 23.05533058944073 22.469086555918004
106.5 23.056275238067432 22.4688828001006
107.0 23.057218962811543 22.46868551595139
107.5 23.058160725424408 22.46849215720851
108.0 23.059110924884138 22.468290431183785
108.5 23.060070933961452 22.468103027899332
109.0 23.061029254597255 22.467905886766232
109.5 23.061993103843857 22.467723988057813
110.0 23.062957926569524 22.467538351299034
110.5 23.063914199988062 22.4673523764636
111.0 23.064890374902603 22.467163231409316
111.5 23.065853548041268 22.46698472770101
112.0 23.06681162055069 22.466812221404343
112.5 23.06779423550546 22.466629729236402
113.0 23.068756725661768 22.466461119610244
113.5 23.069744541589124 22.466291687401295
114.0 23.070717836188244 22.466118562081775
114.5 23.071692882389815 22.46594468361623
115.0 23.072667839402587 22.465785014115916
115.5 23.073651403529922 22.46562230243883
116.0 23.07463589521047 22.465458403303792
116.5 23.075609062905905 22.465297382643982
117.0 23.076592189536203 22.4651439629465
117.5 23.077570701779457 22.464984334853483
118.0 23.078558799210512 22.464837370951006
118.5 23.079538206224257 22.464679022860604
119.0 23.08053320250884 22.464531562872693
119.5 23.081532752232082 22.464380391817627
120.0 23.082527933253843 22.464241502182418
