FastTrWP/PhaseSpace/IAs/snIa_0.42_30.00_0.24_0.06.csv
# %ECSV 0.9
# ---
# datatype:
# - {name: time-rel, datatype: float64}
# - {name: g, datatype: float64}
# - {name: i, datatype: float64}
# schema: astropy-2.0
time-rel g i
181.66666666666663 26.996006830901788 25.033444997104397
182.16666666666666 26.973367426209563 25.02456402933361
182.66666666666666 26.950858132563575 25.01566580050504
183.16666666666663 26.928795265218504 25.006811364705726
183.66666666666666 26.906891776352676 24.997970084451815
184.16666666666666 26.885231585291876 24.989190712100715
184.66666666666663 26.863819556035807 24.98041381771167
185.16666666666666 26.84262833325104 24.97165386671602
185.66666666666666 26.82172799747817 24.962944691454176
186.16666666666663 26.800998965488105 24.95424569838079
186.66666666666666 26.78052850986743 24.945597897193586
187.16666666666666 26.760256923878995 24.93694794254274
187.66666666666663 26.740227123358387 24.92834233254485
188.16666666666666 26.72037707940809 24.919762652698523
188.66666666666666 26.70077436688402 24.911205491914075
189.16666666666663 26.68136045795802 24.90268848207834
189.66666666666666 26.662164172421818 24.8941766940735
190.16666666666666 26.643147814084234 24.885738736035442
190.66666666666663 26.624349562972736 24.877305371164475
191.16666666666666 26.605752911991306 24.86888622378715
191.66666666666666 26.58732933788638 24.86053861547616
192.16666666666663 26.569122873200467 24.852176009892865
192.66666666666666 26.551028652951942 24.84385868082013
193.16666666666666 26.533211925830138 24.835592845008026
193.66666666666663 26.515501373611265 24.8273328889703
194.16666666666666 26.497934460139557 24.81910713483563
194.66666666666666 26.480657477570197 24.8108998112972
195.16666666666663 26.463479348841894 24.802755355342473
195.66666666666666 26.446472108563878 24.794639874948338
196.16666666666666 26.429629614839175 24.78652474269735
196.66666666666663 26.412972669989465 24.778445737369395
197.16666666666666 26.39644767160268 24.77041874510781
197.66666666666666 26.38007506937086 24.76241728071144
198.16666666666663 26.363873229569567 24.754431829983744
198.66666666666666 26.34782372706299 24.74647643620866
199.16666666666666 26.331908113853682 24.738579685765668
199.66666666666663 26.316184980205783 24.730688723093618
200.16666666666666 26.300596606867664 24.722826707523197
200.66666666666666 26.285178877275168 24.71505074037795
201.16666666666663 26.269784662031537 24.707248378968384
201.66666666666666 26.254603719669625 24.69950987578388
202.16666666666666 26.239563459335763 24.691769637048022
202.66666666666663 26.224668280683137 24.684054416619073
203.16666666666666 26.209976612791188 24.676413100984952
203.66666666666666 26.19532722212021 24.668796083584663
204.16666666666663 26.18082784165299 24.661206675685
204.66666666666666 26.16644725106724 24.653640123328007
205.16666666666666 26.152169267137026 24.64610854566169
205.66666666666663 26.138063837697764 24.63859651560388
206.16666666666666 26.124058692421883 24.631135280899898
206.66666666666666 26.110232081489684 24.623679441547466
207.16666666666663 26.096460738472334 24.61628732385452
207.66666666666666 26.082815185983566 24.60892730874836
208.16666666666666 26.069334941651512 24.601576806915844
208.66666666666663 26.05593054498259 24.59424953911601
209.16666666666666 26.042634072652426 24.58699213969122
209.66666666666666 26.029458236581128 24.579740808539974
210.16666666666663 26.016376091763163 24.572515306205986
210.66666666666666 26.003440549415487 24.565336510774646
211.16666666666666 25.990644803223077 24.558179795869055
211.66666666666663 25.977878777777107 24.551058190200354
212.16666666666666 25.965267272153056 24.543987529353743
212.66666666666666 25.952749474976358 24.536913801329124
213.16666666666663 25.940377682345567 24.529874726011876
213.66666666666666 25.928031539566568 24.522884566937478
214.16666666666666 25.915816727372977 24.51592283156351
214.66666666666663 25.903746001098224 24.508982677181777
215.16666666666666 25.89170475149934 24.502093484816285
215.66666666666666 25.8797865609285 24.49521274544223
216.16666666666663 25.86795510410085 24.488357033014392
216.66666666666666 25.856220409245786 24.48155408617381
217.16666666666666 25.844572823516852 24.47474905742997
217.66666666666663 25.83297235008821 24.467989184766115
218.16666666666666 25.821386465051543 24.461213307315187
218.66666666666666 25.809927409416417 24.45446899876817
219.16666666666663 25.79852788669207 24.44775377039126
219.66666666666666 25.787147161627118 24.441069986756098
220.16666666666666 25.775880038289493 24.434381535814794
220.66666666666663 25.76469215263897 24.427721905244546
221.16666666666666 25.75356254257429 24.42107575920903
221.66666666666666 25.74246279567388 24.414466701712016
222.16666666666663 25.73141746158933 24.40785840508513
222.66666666666666 25.72050619364958 24.40126441590977
223.16666666666666 25.709591155348672 24.394714331342747
223.66666666666663 25.69876095319612 24.388171507772324
224.16666666666666 25.688001650325745 24.38166168808967
224.66666666666666 25.677323413456183 24.375160091392168
225.16666666666663 25.666667228757806 24.368694849602907
225.66666666666666 25.656075522208713 24.36224594703466
226.16666666666666 25.645577318877294 24.35581365060125
226.66666666666663 25.635118451134097 24.349391768059874
227.16666666666666 25.624715951697986 24.343008268381304
227.66666666666666 25.61438010173072 24.33664891798891
228.16666666666663 25.604151571583994 24.330290697835352
228.66666666666666 25.593912933356314 24.323976107541412
229.16666666666666 25.583751886835913 24.317683700124313
229.66666666666663 25.57368926604836 24.311391222941054
230.16666666666666 25.563677890111837 24.30514011218957
230.66666666666666 25.553690190065307 24.298905141728774
231.16666666666666 25.543795251414018 24.292690749416707
231.66666666666666 25.533979009312127 24.2864876186302
232.16666666666666 25.52415699682467 24.280339959894626
232.66666666666666 25.514419397537814 24.27418705495591
233.16666666666666 25.504745419027085 24.268062039360906
233.66666666666666 25.495137365077195 24.261956276239147
234.16666666666666 25.485589980837293 24.255887966208782
234.66666666666666 25.476080610849678 24.24984538444789
235.16666666666666 25.46663236225237 24.243810858605755
235.66666666666666 25.45725186506656 24.237781968335973
236.16666666666666 25.44792900600764 24.231804508326217
236.66666666666666 25.43866765195343 24.225847283270944
237.16666666666666 25.429425125755518 24.219904903879325
237.66666666666666 25.420263926842956 24.213972219279455
238.16666666666666 25.41117651156298 24.208098245211662
238.66666666666666 25.402131327037022 24.20221316993586
239.16666666666666 25.393117629430538 24.196364540333192
239.66666666666666 25.384192961925738 24.190530382493662
240.16666666666666 25.37527370065852 24.184727799867687
240.66666666666666 25.36646449810749 24.178965454736886
241.16666666666666 25.35768512526186 24.173194403908866
241.66666666666666 25.348976849430688 24.167444960837642
242.16666666666666 25.34026495443678 24.161737736155665
242.66666666666666 25.33167059348891 24.15605367950605
243.16666666666666 25.32307499548517 24.150396039479457
243.66666666666666 25.314553607170108 24.144739953740032
244.16666666666666 25.306112676374312 24.13913181495287
244.66666666666666 25.297706590725713 24.133530469897117
245.16666666666666 25.28931604362768 24.12795280053202
245.66666666666666 25.28100593757218 24.12240669419059
246.16666666666666 25.27274829621509 24.11687429875338
246.66666666666666 25.26454315002129 24.11137016554038
247.16666666666666 25.25639118986275 24.105897363509143
247.66666666666666 25.24824589772882 24.100421104155355
248.16666666666666 25.240186923861017 24.094984879335524
248.66666666666666 25.2321988424575 24.089593851090804
249.16666666666666 25.224229741151234 24.08419107471403
249.66666666666666 25.216296567273698 24.0788379853068
250.16666666666666 25.208407654880144 24.07348519412414
250.66666666666666 25.2006324921298 24.06815287350806
251.16666666666666 25.1928393627345 24.062839725453415
251.66666666666666 25.185085802856392 24.057561997606424
252.16666666666666 25.17735431951806 24.05226814820154
252.66666666666666 25.169663323931964 24.047020345408985
253.16666666666666 25.162017246342753 24.041766444947292
253.66666666666666 25.154408065225937 24.03655799954575
254.16666666666666 25.146799400440074 24.031330701726105
254.66666666666666 25.13924584766894 24.026127837655924
255.16666666666666 25.13173213661535 24.020938957668356
255.66666666666666 25.124208660874512 24.015758459356846
256.1666666666667 25.11677331345339 24.01061348056198
256.6666666666667 25.109350361932833 24.005461008152658
257.1666666666667 25.10195769633832 24.0003483169643
257.6666666666667 25.09460696439158 23.995253808101175
258.1666666666667 25.08728027554557 23.99015786673038
258.6666666666667 25.079976941286223 23.985073899652654
259.1666666666667 25.072708387460864 23.980019815727157
259.6666666666667 25.065459484226736 23.97496117379204
260.1666666666667 25.058283613716803 23.969936474524808
260.6666666666667 25.051108034386424 23.964937453164946
261.1666666666667 25.043974498190316 23.95992776024317
261.6666666666667 25.036855776223895 23.95496410712886
262.1666666666667 25.029797578071154 23.94999342667329
262.6666666666667 25.022781922890417 23.94503348025355
263.1666666666667 25.015766788457245 23.940106569200612
263.6666666666667 25.008782527631578 23.935186425719333
264.1666666666667 25.001871221962922 23.93028646589961
264.6666666666667 24.994935763960026 23.92540275070994
265.1666666666667 24.988052511344936 23.920512200674292
265.6666666666667 24.98120809734639 23.915673728273347
266.1666666666667 24.97438992349833 23.91083952783296
266.6666666666667 24.967598853527633 23.906026099866722
267.1666666666667 24.960835561559268 23.901223262049307
267.6666666666667 24.954140110084396 23.896411399300487
268.1666666666667 24.947418829162498 23.891649777314147
268.6666666666667 24.940761411351758 23.886904104359196
269.1666666666667 24.934135692677017 23.882157396811227
269.6666666666667 24.92753307449641 23.877425450521443
270.1666666666667 24.920957824847537 23.872715272286694
270.6666666666667 24.91443263317455 23.8680306731526
271.1666666666667 24.90788705983157 23.863340253119606
271.6666666666667 24.901431502707748 23.858689624858762
272.1666666666667 24.894959912784323 23.854035243155693
272.6666666666667 24.88855116780637 23.849410567364746
273.1666666666667 24.88215198504657 23.8448123736745
273.6666666666667 24.8757972278988 23.840209066760853
274.1666666666667 24.869471004235955 23.835641571475186
274.6666666666667 24.86316964687156 23.831061236531138
275.1666666666667 24.856905187346904 23.826508661763178
275.6666666666667 24.850630298983326 23.82198739843041
276.1666666666667 24.844432344129153 23.8174795986599
276.6666666666667 24.838239870394354 23.81297169889709
277.1666666666667 24.832091060770036 23.808493561198564
277.6666666666667 24.82594290094464 23.80401893864228
278.1666666666667 24.819847540356704 23.79957902209123
278.6666666666667 24.81379340891943 23.795133807142278
279.1666666666667 24.8077464852288 23.79071898118373
279.6666666666667 24.80172962514458 23.78631698295535
280.1666666666667 24.795743938097505 23.781939079848268
280.6666666666667 24.7897953854338 23.777571522239928
281.1666666666667 24.78385795017243 23.773209147950546
281.6666666666667 24.777967701342035 23.768884097118654
282.1666666666667 24.77209912173587 23.76454946241449
282.6666666666667 24.766259160831087 23.760241345090254
283.1666666666667 24.760420948215355 23.755952188171804
283.6666666666667 24.754632741048916 23.751684228407793
284.1666666666667 24.748873389104922 23.7474091602406
284.6666666666667 24.74313562541465 23.74318011578503
285.1666666666667 24.73744879328157 23.738951871238307
285.6666666666667 24.731735979963858 23.734732934498872
286.1666666666667 24.726085986928133 23.730542016656223
286.6666666666667 24.72046761598761 23.726354308432423
287.1666666666667 24.71483808070428 23.722181688495134
287.6666666666667 24.709256037598216 23.718028730893735
288.1666666666667 24.703681766421425 23.713877949626642
288.6666666666667 24.698143775699606 23.709752907985205
289.1666666666667 24.69261815323421 23.70562234261311
289.6666666666667 24.687123451714307 23.701531180995154
290.1666666666667 24.681632949395297 23.697434840753946
290.6666666666667 24.6761850628366 23.693371950844128
291.1666666666667 24.670742189445996 23.68930096940772
291.6666666666667 24.66531989121603 23.68523836900049
292.1666666666667 24.659934826075727 23.681196515191058
292.6666666666667 24.654555400251645 23.67717060288102
293.1666666666667 24.64919995179227 23.673154595341785
293.6666666666667 24.64384703680501 23.66914689513795
294.1666666666667 24.63857290146518 23.6651626206157
294.6666666666667 24.63326624397046 23.661187592146696
295.1666666666667 24.627999400053035 23.657211478092073
295.6666666666667 24.6227304141643 23.653249480489894
296.1666666666667 24.61750169890386 23.649311601109325
296.6666666666667 24.61227631139936 23.64537034701883
297.1666666666667 24.60710200216304 23.64145187448146
297.6666666666667 24.60191333827339 23.637542767145135
298.1666666666667 24.59676957199232 23.63362865886103
298.6666666666667 24.591605629028216 23.629753956600883
299.1666666666667 24.586493780095033 23.62587965316677
299.6666666666667 24.581384169943114 23.622008038592874
300.1666666666667 24.576313687437743 23.618136141448453
300.6666666666667 24.571219852238354 23.61429780105505
301.1666666666667 24.566174881729204 23.610471063909912
301.6666666666667 24.561131687103533 23.606637185113044
302.1666666666667 24.556121704847975 23.602835245719298
302.6666666666667 24.551128908958944 23.599021618131882
303.1666666666667 24.54612707874184 23.59522604182345
303.6666666666667 24.541161431752492 23.59143780383969
304.1666666666667 24.536202190630583 23.58765646903755
304.6666666666667 24.531285441973925 23.583904650818788
305.1666666666667 24.52635999293583 23.580145644595305
305.6666666666667 24.521456793652277 23.576398084924335
306.1666666666667 24.516550108026006 23.572666563628452
306.6666666666667 24.51170115871811 23.568940076033936
307.1666666666667 24.506845374004904 23.565213686986354
307.6666666666667 24.501993793078025 23.56151583343957
308.1666666666667 24.497177182956374 23.557796098441255
308.6666666666667 24.49235873134906 23.55412520246479
309.1666666666667 24.487570146510755 23.5504377037492
309.6666666666667 24.482776197122202 23.546761821839336
310.1666666666667 24.478012931969463 23.5431078582759
310.6666666666667 24.473251358899866 23.539447933061016
311.1666666666667 24.468500415717077 23.53580237266469
311.6666666666667 24.463783010540517 23.532159806478038
312.1666666666667 24.459091190584104 23.52854338281165
312.6666666666667 24.454369630457965 23.5249166634012
313.1666666666667 24.449686228592228 23.521297410046778
313.6666666666667 24.445028167049003 23.517702956584188
314.1666666666667 24.440365861855703 23.514110379757337
314.6666666666667 24.43572430441112 23.510524447505652
315.1666666666667 24.43109403358434 23.50692871601718
315.6666666666667 24.426474738434546 23.503366426338985
316.1666666666667 24.42187089581666 23.49980434788611
316.6666666666667 24.41728388267775 23.496247113641534
317.1666666666667 24.41271482039411 23.492706158040235
317.6666666666667 24.408125978213935 23.48914932667508
318.1666666666667 24.40357280849153 23.48562863967014
318.6666666666667 24.399054202240777 23.482095693269557
319.1666666666667 24.394503776455725 23.4785761209125
319.6666666666667 24.390013386106997 23.475076889139764
320.1666666666667 24.385502261650803 23.47157379702662
320.6666666666667 24.38103408860462 23.468086812466847
321.1666666666667 24.376541353347424 23.46460363108359
321.6666666666667 24.37209734461192 23.461126704186704
322.1666666666667 24.367649554315495 23.457665616927578
322.6666666666667 24.363227918524885 23.45420903826131
323.1666666666667 24.358797772826062 23.450769151429576
323.6666666666667 24.354395400150718 23.447321572906695
324.1666666666667 24.35000028435981 23.443897044150468
324.6666666666667 24.34563357174551 23.440472102261865
