FastTrWP/PhaseSpace/IAs/snIa_0.62_30.00_-0.57_-0.13.csv
# %ECSV 0.9
# ---
# datatype:
# - {name: time-rel, datatype: float64}
# - {name: g, datatype: float64}
# - {name: i, datatype: float64}
# schema: astropy-2.0
time-rel g i
[from data line 1443]
849.5833333333334 24.197826885329388 22.38346714596783
850.0833333333334 24.20056267737786 22.383974250542302
850.5833333333333 24.203330049098536 22.384488047105272
851.0833333333334 24.206063163775827 22.38498580467247
851.5833333333334 24.208803750758413 22.385499707182678
852.0833333333333 24.211514079199308 22.38600011270039
852.5833333333334 24.214240853378733 22.386520718468724
853.0833333333334 24.21694210680808 22.387019497369725
853.5833333333333 24.21964212255121 22.38753997746738
854.0833333333334 24.22235158551009 22.388054987895813
854.5833333333334 24.225066578314674 22.388568289313973
855.0833333333333 24.227773829661597 22.38908836596916
855.5833333333334 24.23047013257402 22.389605353153534
856.0833333333334 24.233182488836974 22.39012339081103
856.5833333333333 24.235892895390236 22.39064379756951
857.0833333333334 24.238611931764538 22.391170971368343
857.5833333333334 24.24132699549125 22.39168653664775
858.0833333333333 24.24404746415516 22.392214644654697
858.5833333333334 24.246777643148167 22.392734806273285
859.0833333333334 24.249477975462042 22.393269802639225
859.5833333333333 24.25218444856178 22.393794069426498
860.0833333333334 24.25488439601196 22.394334009339506
860.5833333333334 24.257609849856927 22.394855081694747
861.0833333333333 24.26033560545879 22.395382969066937
861.5833333333334 24.2630482733175 22.39592734189022
862.0833333333334 24.26577198230326 22.396464398950418
862.5833333333333 24.268472117551127 22.39699949769848
863.0833333333334 24.27119558701723 22.397535684637585
863.5833333333334 24.27390492636315 22.39807446626154
864.0833333333333 24.276612099497417 22.398615120084692
864.5833333333334 24.279329149066896 22.39914950587055
865.0833333333334 24.282037795605117 22.399698078808438
865.5833333333333 24.284759159724736 22.40025183575177
866.0833333333334 24.287454088157556 22.400785098612847
866.5833333333334 24.290160393623314 22.40133367194247
867.0833333333333 24.292876767158333 22.401883832526774
867.5833333333334 24.295590787386846 22.402431557853063
868.0833333333334 24.298301452816272 22.40298040603962
868.5833333333333 24.30099398410868 22.40353104975152
869.0833333333334 24.303694341484373 22.40408535559677
869.5833333333334 24.306407868779516 22.404637403068485
870.0833333333333 24.309090092590793 22.40519483162556
870.5833333333334 24.3117975653055 22.405753695756786
871.0833333333334 24.314488961315416 22.406309061110775
871.5833333333333 24.317183904767234 22.40686866685695
872.0833333333334 24.319900886323815 22.407423263268484
872.5833333333334 24.322569710677637 22.40798188263984
873.0833333333333 24.32525790676163 22.408552040087713
873.5833333333334 24.327946139033898 22.409119689626923
874.0833333333334 24.33064086958865 22.409683459657785
874.5833333333333 24.333330537162325 22.410243628268482
875.0833333333334 24.335992522898266 22.410808266291973
875.5833333333334 24.338669981396507 22.411381864034766
876.0833333333333 24.341340601216245 22.411950010057197
876.5833333333334 24.344006268201742 22.41252050563896
877.0833333333334 24.34667524759727 22.413091104874894
877.5833333333333 24.349345977142693 22.413663430271285
878.0833333333334 24.352012353496182 22.414236678118314
878.5833333333334 24.35466316278017 22.41481098757644
879.0833333333333 24.357321481831946 22.415389510344905
879.5833333333334 24.35998081146677 22.415969482468267
880.0833333333334 24.36262769565369 22.416544022748987
880.5833333333333 24.365262489679658 22.4171233984347
881.0833333333334 24.367897057075364 22.417700014991176
881.5833333333334 24.37054688834641 22.418283584239
882.0833333333333 24.373162793004756 22.41886184522845
882.5833333333334 24.375800492828983 22.419451497219217
883.0833333333334 24.37840632311422 22.42003836404246
883.5833333333333 24.381032943014354 22.420621160784748
884.0833333333334 24.38364279488159 22.42120419123865
884.5833333333334 24.386273821040433 22.421805036020316
885.0833333333333 24.388876456306853 22.422383444880275
885.5833333333334 24.391477049584196 22.422972317161065
886.0833333333334 24.394061035932992 22.423568629264615
886.5833333333333 24.39662685966171 22.424158977601447
887.0833333333334 24.399222664622663 22.42474298371461
887.5833333333334 24.40179746584846 22.425339859150103
888.0833333333333 24.40436747160122 22.425943300865594
888.5833333333334 24.40693179496479 22.426532103907107
889.0833333333334 24.409487953574306 22.42713061975417
889.5833333333333 24.412044911998766 22.42773695980793
890.0833333333334 24.414619399658765 22.42833007935623
890.5833333333334 24.417148679752874 22.428927794477
891.0833333333333 24.419691843365566 22.429528332479403
891.5833333333334 24.42220839235478 22.43013609391212
892.0833333333334 24.4247294338823 22.43074594415561
892.5833333333333 24.42722863729772 22.431343013518212
893.0833333333334 24.429746421142863 22.43194511922261
893.5833333333334 24.43225950764594 22.43255313333384
894.0833333333333 24.434746288193786 22.43316393447762
894.5833333333334 24.437262461607105 22.433772455390653
895.0833333333334 24.43973021435091 22.434385232892332
895.5833333333333 24.442215523558133 22.43499355034214
896.0833333333334 24.44469449749148 22.435609284044716
896.5833333333334 24.44715602562082 22.43621589185611
897.0833333333333 24.44962961150531 22.436834565117167
897.5833333333334 24.4520860009329 22.437454698349363
898.0833333333334 24.454530276699593 22.438068185463255
898.5833333333333 24.45697715714731 22.438691302087985
899.0833333333334 24.459411051233225 22.439311555661995
899.5833333333334 24.461852870266824 22.439925584212013
900.0833333333333 24.46429229656191 22.440550022059
900.5833333333334 24.46670068530214 22.441175327328565
901.0833333333334 24.469117190823297 22.4417983817197
901.5833333333333 24.471529351410638 22.44242910942006
902.0833333333334 24.473930886352285 22.443055424580045
902.5833333333334 24.47631162431854 22.44368327252621
903.0833333333333 24.47870539806827 22.444317578909722
903.5833333333334 24.481097078199422 22.444940034504917
904.0833333333334 24.483470668415283 22.445576813785323
904.5833333333333 24.485852102863323 22.446206725539923
905.0833333333334 24.48820103800182 22.44684064727378
905.5833333333334 24.490568974924315 22.44748378518988
906.0833333333333 24.492948671125127 22.44811636248917
906.5833333333334 24.49528587491117 22.44876354550712
907.0833333333334 24.497636875037173 22.449396725404362
907.5833333333333 24.499954565420808 22.450036889518383
908.0833333333334 24.502299269932834 22.450682945367983
908.5833333333334 24.504602727882045 22.451323024712913
909.0833333333333 24.50692396638702 22.451961694116328
909.5833333333334 24.509229943471333 22.452615072459903
910.0833333333334 24.51154408116011 22.453255371337512
910.5833333333333 24.51383484561546 22.453907016490948
911.0833333333334 24.51612840424165 22.454563539083743
911.5833333333334 24.518417891277835 22.455206911390817
912.0833333333333 24.520715579202236 22.455855965292596
912.5833333333334 24.5229857533307 22.456516728516643
913.0833333333334 24.525242136215798 22.457168605174367
913.5833333333333 24.5274964190586 22.457815919369107
914.0833333333334 24.529754944335753 22.458479706226132
914.5833333333334 24.53200360630097 22.459134054682973
915.0833333333333 24.53425068347194 22.459791876021207
915.5833333333334 24.53648592394908 22.460445402617474
916.0833333333334 24.538704466921427 22.461111441110386
916.5833333333333 24.540955242329385 22.461779413873906
917.0833333333334 24.543163267306632 22.462434378661573
917.5833333333334 24.545387199262297 22.46310670447229
918.0833333333333 24.547569034698252 22.46375968956467
918.5833333333334 24.549780094340807 22.464437204919435
919.0833333333334 24.551969194401927 22.465102844021235
919.5833333333333 24.554164716547252 22.465776433758272
920.0833333333334 24.556344107221044 22.466440705566136
920.5833333333334 24.558516805652246 22.467114624055988
921.0833333333333 24.56070112222617 22.467785756891125
921.5833333333334 24.562843529847246 22.468456814897046
922.0833333333334 24.565010587674053 22.469137609785633
922.5833333333333 24.567137190131014 22.46980779061048
923.0833333333334 24.569294171348155 22.47048669249073
923.5833333333334 24.571453320219554 22.471171327024063
924.0833333333333 24.573561744190187 22.471839712371594
924.5833333333334 24.575693182168536 22.472521171625033
925.0833333333334 24.577815395789834 22.47320564449769
925.5833333333333 24.57993866425467 22.47388907925126
926.0833333333334 24.58203735628341 22.474566720959356
926.5833333333334 24.584137248591112 22.47525817460005
927.0833333333333 24.5862354258967 22.475947753785228
927.5833333333334 24.58832585976914 22.47663254640853
928.0833333333334 24.59041431463724 22.477321740813938
928.5833333333333 24.59246774607974 22.47801126029652
929.0833333333334 24.594555157978814 22.478703784379967
929.5833333333334 24.596617227244554 22.479393091007957
930.0833333333333 24.598680405272905 22.48008474319065
930.5833333333334 24.600721217253575 22.480782547772343
931.0833333333334 24.60275656032442 22.48148473382316
931.5833333333333 24.60479822015777 22.482170357683756
932.0833333333334 24.606824318103754 22.482866900526076
932.5833333333334 24.608864138433834 22.483568829383746
933.0833333333333 24.61086266581736 22.484268239459446
933.5833333333334 24.6128551129747 22.484973568886204
934.0833333333334 24.614860191216344 22.48567798466466
934.5833333333333 24.616844888709938 22.48638072003866
935.0833333333334 24.618839224412113 22.4870856372091
935.5833333333334 24.62078486529169 22.48779488012191
936.0833333333333 24.62274983999366 22.48850420994057
936.5833333333334 24.62469387823105 22.489211697525256
937.0833333333334 24.62665160202478 22.489926760592503
937.5833333333333 24.628573746698788 22.49063488647139
938.0833333333334 24.63048633498403 22.491343632201485
938.5833333333334 24.63242251026308 22.492061860331702
939.0833333333333 24.634337161070597 22.492779123441107
939.5833333333334 24.63621500840174 22.493494259143443
940.0833333333334 24.638109271364744 22.494202587490832
940.5833333333333 24.639978897206003 22.494932496294044
941.0833333333334 24.64187371106219 22.495653032165087
941.5833333333334 24.643706765458617 22.496376218843785
942.0833333333333 24.64560038462865 22.497100880179527
942.5833333333334 24.64743414077852 22.49782173272918
943.0833333333334 24.649274018462556 22.498549813316657
943.5833333333333 24.65108504127571 22.499268997962076
944.0833333333334 24.652925896176434 22.500006079660633
944.5833333333334 24.654740615741254 22.5007323998544
945.0833333333333 24.656516454185876 22.50146338923755
945.5833333333334 24.658315941098433 22.50220134971835
946.0833333333334 24.66010574195873 22.502926086961455
946.5833333333333 24.661881068497227 22.503667147178724
947.0833333333334 24.663622241640372 22.504399685507693
947.5833333333334 24.665404876507605 22.505142333910566
948.0833333333333 24.667140324058998 22.505877817623738
948.5833333333334 24.668910530370706 22.50661848086509
949.0833333333334 24.670627476129205 22.507357597667518
949.5833333333333 24.67236739061851 22.50809820100097
950.0833333333334 24.67406141875522 22.508843615955275
950.5833333333334 24.675792196798763 22.509583491060994
951.0833333333333 24.677484552463497 22.510335868020356
951.5833333333334 24.679165291818734 22.511080184513773
952.0833333333334 24.6808666882431 22.51183439349171
952.5833333333333 24.682535868369836 22.51258435594505
953.0833333333334 24.684189153850852 22.513334938632056
953.5833333333334 24.68584141341083 22.514081517304163
954.0833333333333 24.687483260627534 22.51484504190319
954.5833333333334 24.68911877910177 22.515596837911946
955.0833333333334 24.690744110249504 22.516348607675813
955.5833333333333 24.6923820720001 22.517105537672528
956.0833333333334 24.69397699036302 22.51787257786667
956.5833333333334 24.69556893272227 22.518619557357265
957.0833333333333 24.697185179201746 22.519397258310573
957.5833333333334 24.69877040388053 22.520155710852304
958.0833333333334 24.7003415381913 22.520916935992705
958.5833333333333 24.701897830067033 22.521685706623593
959.0833333333334 24.703480564348467 22.522446414336066
959.5833333333334 24.70501717050555 22.523215808282522
960.0833333333333 24.706553501629998 22.52397994132624
960.5833333333334 24.708096070042735 22.52476060458077
961.0833333333334 24.709616100803316 22.525530487785872
961.5833333333333 24.71114807665385 22.52630065164482
962.0833333333334 24.712638764492493 22.527077552874854
962.5833333333334 24.71415518427191 22.527855051425373
963.0833333333333 24.715624409728555 22.52862678059277
963.5833333333334 24.71713041681476 22.52941221944084
964.0833333333334 24.71860387267956 22.530193414801467
964.5833333333333 24.72004007587108 22.530966610012506
965.0833333333334 24.721507896254252 22.53175316990635
965.5833333333334 24.722967143335378 22.53253853603149
966.0833333333333 24.724420664032 22.533326657411497
966.5833333333334 24.725832001117528 22.534111795578124
967.0833333333334 24.727259660222487 22.53489162347545
967.5833333333333 24.72867929803504 22.53569182257373
968.0833333333334 24.730075199864253 22.536477954250724
968.5833333333334 24.731488207567477 22.53726694671141
969.0833333333333 24.732888495319116 22.538058275923788
969.5833333333334 24.734272180948725 22.538852899893982
970.0833333333334 24.735631877232358 22.539647363021807
970.5833333333333 24.73697934266644 22.540451983860436
971.0833333333334 24.738300821940342 22.541244716773118
971.5833333333334 24.739619845324377 22.542051559525504
972.0833333333333 24.740926957030545 22.54285064287771
972.5833333333334 24.74218236554598 22.54365577068586
973.0833333333334 24.743454137189914 22.544464121172044
973.5833333333333 24.744686711288484 22.545270120256966
974.0833333333334 24.745900306830432 22.546080549761584
974.5833333333334 24.747118324600418 22.546900657811918
975.0833333333333 24.748317782597525 22.547704419166642
975.5833333333334 24.749490021886572 22.548520660085106
976.0833333333334 24.750679621150343 22.549345557369943
976.5833333333333 24.751814106829478 22.550162834644823
977.0833333333334 24.752931362126024 22.550979400363623
977.5833333333334 24.754051085772375 22.551805161119425
978.0833333333333 24.755151770747744 22.552628950067565
978.5833333333334 24.756260714650075 22.55345576643107
979.0833333333334 24.75733377368464 22.554280501654915
979.5833333333333 24.758391930678513 22.555114357331014
980.0833333333334 24.759444018296456 22.55594478422728
980.5833333333334 24.760461878289462 22.5567738840633
981.0833333333333 24.76147878283738 22.55761271238235
981.5833333333334 24.762509791424876 22.5584435345641
982.0833333333334 24.763485378499936 22.559280209693277
982.5833333333333 24.76449588405424 22.56011476018891
983.0833333333334 24.76546435510115 22.56095651838748
983.5833333333334 24.766444505567055 22.561793890499548
984.0833333333333 24.767388789065883 22.562647036928922
984.5833333333334 24.768337672671407 22.56348298514213
985.0833333333334 24.769280925328 22.56433491868643
985.5833333333333 24.770208448639124 22.565177004661464
986.0833333333334 24.77113673303858 22.566023514990242
986.5833333333334 24.77204123265928 22.56686998313623
987.0833333333333 24.77294790299782 22.567722854082458
987.5833333333334 24.773847013270593 22.568571913082845
988.0833333333334 24.774742077644618 22.56942822554306
988.5833333333333 24.775632556925355 22.570281982209266
989.0833333333334 24.776492784265148 22.571142032553272
989.5833333333334 24.777352011986224 22.571996412187353
990.0833333333333 24.778234298971068 22.57285267206417
990.5833333333334 24.779121086741377 22.573703763892084
991.0833333333334 24.779944178285657 22.574569426991843
991.5833333333333 24.780782477419653 22.575423285950333
992.0833333333334 24.781652100990645 22.576292295080936
992.5833333333334 24.78249095381001 22.57715899116623
993.0833333333333 24.783332777189777 22.57801528919247
993.5833333333334 24.7841655394333 22.578877313364867
