FastTrWP/PhaseSpace/IAs/snIa_0.61_30.00_1.17_0.08.csv
# %ECSV 0.9
# ---
# datatype:
# - {name: time-rel, datatype: float64}
# - {name: g, datatype: float64}
# - {name: i, datatype: float64}
# schema: astropy-2.0
time-rel g i
[from data line 2508]
784.5 26.176013584617483 23.018108930763287
785.0 26.180126082032736 23.019032092100325
785.5 26.184304130218734 23.019948776260136
786.0 26.18850124526371 23.020874269731774
786.5 26.192672371711122 23.021777260053042
787.0 26.196938591449936 23.02268480559032
787.5 26.2011478766038 23.023606863590324
788.0 26.205415618931383 23.024512205786078
788.5 26.20968411532754 23.025436748940237
789.0 26.213951173148256 23.02635134068378
789.5 26.218239475914032 23.027270717280146
790.0 26.222591271130803 23.0281750114132
790.5 26.226896709011193 23.029097207507064
791.0 26.231268929469923 23.030017473205792
791.5 26.235629335467138 23.030938442819206
792.0 26.239952088768028 23.03185164942716
792.5 26.244362765005185 23.03276570367007
793.0 26.24874455328358 23.033683016963636
793.5 26.25313527144519 23.034602374221016
794.0 26.257599325477138 23.035528432052832
794.5 26.26198028975064 23.036449174645035
795.0 26.266433877433663 23.03736545079208
795.5 26.270841560814997 23.03829018672544
796.0 26.275312737558515 23.03921697012977
796.5 26.279785675691887 23.040140546775937
797.0 26.284241882627327 23.041064433833686
797.5 26.2886921320491 23.0419901169498
798.0 26.293155078378724 23.042922314040446
798.5 26.29761281444234 23.04385473964276
799.0 26.302091151656978 23.04477323712575
799.5 26.30659692827422 23.045702252505148
800.0 26.31105732876362 23.046638506045714
800.5 26.315558979620064 23.047571032109744
801.0 26.320017947729436 23.04850733824532
801.5 26.324509199545645 23.04944201699396
802.0 26.329014496517367 23.05038395599924
802.5 26.333472898975387 23.051320423598586
803.0 26.338001342506594 23.052261551047373
803.5 26.342464871929117 23.053201906769978
804.0 26.34697417011969 23.054148007802198
804.5 26.35150692190463 23.055086158890774
805.0 26.35608093124816 23.056028593690307
805.5 26.36069242158564 23.056963316373178
806.0 26.36530397909834 23.0579026043564
806.5 26.36992631729887 23.058837382342094
807.0 26.374631281807023 23.059783487686136
807.5 26.37931658919072 23.060731218730215
808.0 26.384028167067104 23.061664380186645
808.5 26.38882417277771 23.06260393211957
809.0 26.393595660252128 23.06354569745941
809.5 26.3983199567034 23.06448188080346
810.0 26.403192657904768 23.065431514642675
810.5 26.408001462147965 23.06636981784606
811.0 26.412894240325095 23.067303689829117
811.5 26.417769042091525 23.068237824573956
812.0 26.42268727041501 23.0691726190099
812.5 26.427643436579864 23.070123397958167
813.0 26.432627707049704 23.07106747883571
813.5 26.437574780555106 23.07200146897366
814.0 26.442600831644203 23.07295328507754
814.5 26.447612286866832 23.073892521553887
815.0 26.452671308632446 23.07483988213812
815.5 26.45775340122166 23.07577710803736
816.0 26.46282847924541 23.076725313643
816.5 26.46794304230052 23.077663254675727
817.0 26.473061225115956 23.078613206854385
817.5 26.47820765271628 23.079554504138574
818.0 26.4833765594297 23.080507993795237
818.5 26.488577486867992 23.081438928610893
819.0 26.49376913235986 23.082394289690086
819.5 26.49897470706666 23.083329485112408
820.0 26.504211794154884 23.084281055114456
820.5 26.50945217899264 23.08523070828057
821.0 26.514754041231527 23.08618244147828
821.5 26.52005665079202 23.087131433011727
822.0 26.525314114738535 23.0880833786931
822.5 26.530625208182453 23.089028444184297
823.0 26.53597441693156 23.089989295707937
823.5 26.541331763112467 23.090939432595405
824.0 26.546694678064004 23.09189592487783
824.5 26.552048698746805 23.092842797978793
825.0 26.557478660157955 23.09379641128922
825.5 26.562772275660386 23.094757657593888
826.0 26.568197098275128 23.09571578785159
826.5 26.5736099733137 23.09667176029595
827.0 26.579061083966383 23.097633765780504
827.5 26.584442162902967 23.098594119228114
828.0 26.589887812938784 23.09955089960674
828.5 26.595290131646077 23.10051422436861
829.0 26.60076900843601 23.10148293230208
829.5 26.60625325319879 23.102438948512972
830.0 26.61166991194792 23.103410121792372
830.5 26.617138530406073 23.104379711944183
831.0 26.622615291761313 23.10535411925683
831.5 26.628090374977653 23.106314287291095
832.0 26.633546618954295 23.107281131413977
832.5 26.639030739526817 23.108269436631822
833.0 26.644475358555802 23.109231906597607
833.5 26.649944954649285 23.110197619561657
834.0 26.65543154986777 23.11118837450107
834.5 26.660920005539385 23.112163461377175
835.0 26.666377318906346 23.113146748072708
835.5 26.671838117386685 23.114122709048136
836.0 26.67732465523536 23.115109064586274
836.5 26.682773476496497 23.116081289590994
837.0 26.688252877923272 23.11707789461724
837.5 26.693684606821485 23.118064897940087
838.0 26.69909715191916 23.119049224881
838.5 26.70453294596303 23.12004784463354
839.0 26.709884766236325 23.121033205066063
839.5 26.71532721422103 23.12202475724157
840.0 26.720775308723276 23.1230258918879
840.5 26.72612739421824 23.12403640325494
841.0 26.73143263196133 23.12503008133747
841.5 26.736767763752376 23.126030476409323
842.0 26.742172204339724 23.127032145943417
842.5 26.74746979375961 23.12804232380632
843.0 26.752845744746075 23.12904572833578
843.5 26.75814221169943 23.13005310418266
844.0 26.76347463556956 23.131064175297663
844.5 26.76881035729176 23.132078038607062
845.0 26.77416675766525 23.133087659615942
845.5 26.779486091382626 23.1341017738809
846.0 26.784873031801713 23.135123347214964
846.5 26.790251886487017 23.136125502407143
847.0 26.795527820388063 23.137148655230966
847.5 26.80091487528088 23.13816982902976
848.0 26.806241753629823 23.139199239153783
848.5 26.811571635796845 23.140222291446587
849.0 26.816977345904476 23.14123619324699
849.5 26.82235484943941 23.142263229051938
850.0 26.827630638232737 23.143299357522533
850.5 26.833059793563248 23.144312699952675
851.0 26.838401045538834 23.14534979458219
851.5 26.84381369778223 23.146375985492497
852.0 26.849146956610596 23.147407036822166
852.5 26.85452512651493 23.14844035046912
853.0 26.859815961149902 23.149481235911264
853.5 26.865215720117238 23.150512978257733
854.0 26.870593774298932 23.151550646912938
854.5 26.875920482344092 23.152592266629032
855.0 26.881282009124277 23.153629192729053
855.5 26.886638314052927 23.1546698843635
856.0 26.891953375317538 23.15570753888882
856.5 26.89737566422209 23.156755048772407
857.0 26.902689534642448 23.157804094153285
857.5 26.908128995533566 23.158848922279475
858.0 26.913396968244285 23.159894372672248
858.5 26.918722741171393 23.160949861304697
859.0 26.924100170777553 23.16199557279714
859.5 26.929453396858648 23.163050032620195
860.0 26.934732498538658 23.164103512203624
860.5 26.940093435529583 23.165152840743104
861.0 26.945428753088674 23.166206237758647
861.5 26.95073613825409 23.167273318278163
862.0 26.956016783679605 23.168325220439186
862.5 26.96131222502118 23.16937529606559
863.0 26.96668116485046 23.17044641907431
863.5 26.971963296386043 23.171504400758344
864.0 26.977231912203518 23.17256702423525
