FastTrWP/PhaseSpace/IAs/snIa_0.6_30_1_0.0.csv
# %ECSV 0.9
# ---
# datatype:
# - {name: time-rel, datatype: float64}
# - {name: g, datatype: float64}
# - {name: i, datatype: float64}
# schema: astropy-2.0
time-rel g i
[from data line 1389]
670.6458333333334 -26.22368562649398 -27.73069872642667
671.1458333333334 -26.222583218189378 -27.730763393735415
671.6458333333334 -26.221471105948243 -27.73083132753044
672.1458333333334 -26.220352936901733 -27.7308920264208
672.6458333333334 -26.21923095691055 -27.73095432844452
673.1458333333334 -26.218104459574235 -27.73101520716849
673.6458333333334 -26.216975739928372 -27.731068446937925
674.1458333333334 -26.21584110018191 -27.731127500423156
674.6458333333334 -26.21468952222233 -27.731185177163926
675.1458333333334 -26.21355568993629 -27.731240147153233
675.6458333333334 -26.212411540371868 -27.73128606863278
676.1458333333334 -26.21125356570702 -27.73134274954066
676.6458333333334 -26.2100932881488 -27.731385278087348
677.1458333333334 -26.208934439457806 -27.731431912558513
677.6458333333334 -26.207752929606517 -27.7314795625381
678.1458333333334 -26.20658621684162 -27.73152938065019
678.6458333333334 -26.20540804078785 -27.73156996679571
679.1458333333334 -26.204223858752297 -27.73161206870821
679.6458333333334 -26.203054276116053 -27.731657342817726
680.1458333333334 -26.201866404233517 -27.73169095268407
680.6458333333334 -26.200656169150886 -27.731726209336102
681.1458333333334 -26.199462557877773 -27.731763162620066
681.6458333333334 -26.19827969049526 -27.731790639612186
682.1458333333334 -26.19706633300673 -27.731830216626328
682.6458333333334 -26.195874607317222 -27.731860393632548
683.1458333333334 -26.194669457002064 -27.73189031192819
683.6458333333334 -26.193461325945183 -27.73192205294512
684.1458333333334 -26.19224655880347 -27.731945803897172
684.6458333333334 -26.191019530232754 -27.73197095889313
685.1458333333334 -26.18981510801355 -27.731991304908526
685.6458333333334 -26.188583770156477 -27.732016848862777
686.1458333333334 -26.18736529524105 -27.73203476065639
686.6458333333334 -26.186133197972957 -27.732055038675178
687.1458333333334 -26.184917188368594 -27.73207667962787
687.6458333333334 -26.183697855169257 -27.732101885229
688.1458333333334 -26.182456533511495 -27.732118060230263
688.6458333333334 -26.18121506512777 -27.732132612598658
689.1458333333334 -26.17999097162231 -27.732145321341278
689.6458333333334 -26.17874860352236 -27.732157263081703
690.1458333333334 -26.17750203499069 -27.732168656400006
690.6458333333334 -26.176255615431458 -27.732174761537088
691.1458333333334 -26.17502989061233 -27.732193466411893
691.6458333333334 -26.173779153939968 -27.73219368715139
692.1458333333334 -26.172552060601628 -27.732200013355964
692.6458333333334 -26.17130140204373 -27.732207601754656
693.1458333333334 -26.170054414006852 -27.732209867497662
693.6458333333334 -26.168809452437127 -27.732208908966264
694.1458333333334 -26.167568599842966 -27.732208262995847
694.6458333333334 -26.166316210834832 -27.732214027030505
695.1458333333334 -26.165073573460205 -27.7322112932216
695.6458333333334 -26.1638387105548 -27.732210465867663
696.1458333333334 -26.162584245299477 -27.732215874037394
696.6458333333334 -26.161335708388087 -27.73220006982175
697.1458333333334 -26.160084391709802 -27.732194734666624
697.6458333333334 -26.158825410093076 -27.732194620258927
698.1458333333334 -26.157569806488773 -27.732177005363322
698.6458333333334 -26.15628904281499 -27.732166821751612
699.1458333333334 -26.15502049455983 -27.732152863438543
699.6458333333334 -26.153749929037385 -27.73213752394541
700.1458333333334 -26.152463042866962 -27.7321233250804
700.6458333333334 -26.151167839414637 -27.732108661410887
701.1458333333334 -26.149874372250274 -27.732086593600496
701.6458333333334 -26.14857538400113 -27.73207256674928
702.1458333333334 -26.147265832593007 -27.732051201271496
702.6458333333334 -26.14596675462757 -27.73202524197272
703.1458333333334 -26.144652447018615 -27.732002066826986
703.6458333333334 -26.14333862166295 -27.731969399025527
704.1458333333334 -26.14202113450481 -27.731944747650246
704.6458333333334 -26.140707209519963 -27.7319111110519
705.1458333333334 -26.139365520851044 -27.73187995973581
705.6458333333334 -26.138031637352412 -27.73185339528773
706.1458333333334 -26.136705620467282 -27.731825715040305
706.6458333333334 -26.135376505332708 -27.731784390275344
707.1458333333334 -26.134014209165535 -27.731740344354826
707.6458333333334 -26.13268380397725 -27.731706707467744
708.1458333333334 -26.1313294255282 -27.73166588864455
708.6458333333334 -26.12995988470308 -27.73162724374798
709.1458333333334 -26.128627923245755 -27.731581010367524
709.6458333333334 -26.12725667918053 -27.731545225185542
710.1458333333334 -26.125899051048947 -27.7314989580876
710.6458333333334 -26.12451943101683 -27.73144887590972
711.1458333333334 -26.12315120567539 -27.7314109841781
711.6458333333334 -26.12177326018511 -27.73135284887962
712.1458333333334 -26.120404162935266 -27.731299707184462
712.6458333333334 -26.119032719172814 -27.731251715247275
713.1458333333334 -26.117645261005986 -27.731201768804745
713.6458333333334 -26.1162599510939 -27.73114133563257
714.1458333333334 -26.114880931314673 -27.731086230923708
714.6458333333334 -26.11348113412496 -27.731027093294788
715.1458333333334 -26.112093932246786 -27.73097393653527
715.6458333333334 -26.110713301793776 -27.730912366768656
716.1458333333334 -26.1093165486918 -27.730849573450264
716.6458333333334 -26.107924256803138 -27.730788064071717
717.1458333333334 -26.106515781509888 -27.73072430304204
717.6458333333334 -26.105124484203213 -27.730657385527007
718.1458333333334 -26.103717067124485 -27.730596508319394
718.6458333333334 -26.102314005739494 -27.730525626405772
719.1458333333334 -26.100906865862576 -27.730457895683976
719.6458333333334 -26.099495154042394 -27.73038921170935
720.1458333333334 -26.098086413562854 -27.73031788115402
720.6458333333334 -26.09667688634302 -27.730247373442936
721.1458333333334 -26.095255000124627 -27.730173507719137
721.6458333333334 -26.09384446451912 -27.730103891708744
722.1458333333334 -26.09243653704874 -27.73002423962329
722.6458333333334 -26.091025838144276 -27.729947381627397
723.1458333333334 -26.089590094823475 -27.729872240810035
723.6458333333334 -26.088174382944512 -27.72979150387225
724.1458333333334 -26.086760257663727 -27.72970823235797
724.6458333333334 -26.08535556610088 -27.72962708437994
725.1458333333334 -26.083933072180194 -27.729544836446408
725.6458333333334 -26.082514913214084 -27.72946093151132
726.1458333333334 -26.081089110049163 -27.729379082936166
726.6458333333334 -26.07968286080794 -27.729290239743854
727.1458333333334 -26.078258939627958 -27.729211237309922
727.6458333333334 -26.076828574582667 -27.729113152283816
728.1458333333334 -26.07541025273205 -27.729025697596427
728.6458333333334 -26.073998954405624 -27.728935386556316
729.1458333333334 -26.07257421910674 -27.72884959371073
729.6458333333334 -26.071164595992595 -27.728756709900892
730.1458333333334 -26.06973639414518 -27.72866024667284
730.6458333333334 -26.068323010831435 -27.728567110909353
731.1458333333334 -26.066915258213523 -27.728475070002272
731.6458333333334 -26.065494446377446 -27.728375453878936
732.1458333333334 -26.064076954708568 -27.728282180622873
732.6458333333334 -26.062665639989817 -27.72817785548086
733.1458333333334 -26.061259051433453 -27.728082330220563
733.6458333333334 -26.059836575805146 -27.727984069001987
734.1458333333334 -26.058427500887063 -27.727877042356575
734.6458333333334 -26.057023071911356 -27.727780320280885
735.1458333333334 -26.055603265614376 -27.727679039628605
735.6458333333334 -26.054195436477627 -27.72757345859435
736.1458333333334 -26.052786545198735 -27.727467609369466
736.6458333333334 -26.05137896159128 -27.72736291523524
737.1458333333334 -26.049960716534628 -27.727246234481186
737.6458333333334 -26.048541232788978 -27.727143482874933
738.1458333333334 -26.047121915630388 -27.72702368600536
738.6458333333334 -26.045706362898734 -27.72692619494947
739.1458333333334 -26.04429344199957 -27.72680151347219
739.6458333333334 -26.042871039040456 -27.726694434214764
740.1458333333334 -26.0414482319767 -27.72658171752238
740.6458333333334 -26.04003431084354 -27.726455114630465
741.1458333333334 -26.03861229628299 -27.726338553075415
741.6458333333334 -26.037179690782686 -27.72622243313648
742.1458333333334 -26.03576523760385 -27.7260995816303
742.6458333333334 -26.034339694304947 -27.725977347228596
743.1458333333334 -26.0329032916112 -27.72585453517562
743.6458333333334 -26.03149118327147 -27.725735020956105
744.1458333333334 -26.030050311177547 -27.725614286380967
744.6458333333333 -26.02862249015491 -27.72548147103374
745.1458333333334 -26.027182406501275 -27.725354080203015
745.6458333333334 -26.025756012007598 -27.725231703773353
746.1458333333333 -26.024307531229624 -27.725099223431748
746.6458333333334 -26.0228788014863 -27.72496259179745
747.1458333333334 -26.02144515276467 -27.72483060704633
747.6458333333333 -26.020006757840648 -27.72469671949025
748.1458333333334 -26.018573866386948 -27.72456252984594
748.6458333333334 -26.01712832060104 -27.724427154454215
749.1458333333333 -26.01568585254611 -27.724290524178727
749.6458333333334 -26.01424277015985 -27.724153559643852
750.1458333333334 -26.012813295047096 -27.724003838691704
750.6458333333333 -26.011364258600164 -27.723867610983195
751.1458333333334 -26.009917392018636 -27.723724390397912
751.6458333333334 -26.00846533481118 -27.723586218737832
752.1458333333333 -26.00703122012149 -27.72344376478341
752.6458333333334 -26.005574365842634 -27.723295317791752
753.1458333333334 -26.004132562773776 -27.723148698165836
753.6458333333333 -26.002689102371335 -27.72299981272992
754.1458333333334 -26.00122987851222 -27.72285535951415
754.6458333333334 -25.999782147037365 -27.72270359105713
755.1458333333333 -25.998325994629255 -27.72255280264064
755.6458333333334 -25.996878882001624 -27.722396186800612
756.1458333333334 -25.99542385145666 -27.722245993621787
756.6458333333333 -25.993972024951063 -27.722087143689194
757.1458333333334 -25.99251410044603 -27.721938937289202
757.6458333333334 -25.9910422726113 -27.72178005361541
758.1458333333333 -25.989596376175925 -27.721626609283753
758.6458333333334 -25.988129399922364 -27.721459274339566
759.1458333333334 -25.986668456764292 -27.72129847639953
759.6458333333333 -25.985211843604393 -27.72114258048974
760.1458333333334 -25.983732690868496 -27.720975809247953
760.6458333333334 -25.98229543475645 -27.720815705960305
761.1458333333333 -25.980830080216904 -27.72064985504375
761.6458333333334 -25.97935349841613 -27.720481636356133
762.1458333333334 -25.977910633695558 -27.72031407708316
762.6458333333333 -25.976423683139164 -27.720148902279263
763.1458333333334 -25.9749638494468 -27.71998540371394
763.6458333333334 -25.973480226735283 -27.7198191464985
764.1458333333333 -25.972032557882333 -27.7196443897917
764.6458333333334 -25.970539515006294 -27.71946854608224
765.1458333333334 -25.96908402068959 -27.719298221186147
765.6458333333333 -25.967612366814237 -27.719121560307194
766.1458333333334 -25.96613847609845 -27.718941716382616
766.6458333333334 -25.96466047194201 -27.718772679053004
767.1458333333333 -25.963188045586882 -27.718593704609553
767.6458333333334 -25.961724170228123 -27.718413806711087
768.1458333333334 -25.960235295625964 -27.718233475187265
768.6458333333333 -25.958773117588557 -27.71804999272771
769.1458333333334 -25.957292765036843 -27.717867874575475
769.6458333333334 -25.95581502405515 -27.717684658774715
770.1458333333333 -25.95432549742382 -27.717497902548356
770.6458333333334 -25.95284733562422 -27.717319677247616
771.1458333333334 -25.95137537967515 -27.71713039297577
771.6458333333333 -25.949873768899515 -27.716941536455117
772.1458333333334 -25.9484013917086 -27.716749960834626
772.6458333333334 -25.94691792464031 -27.71656113101066
773.1458333333333 -25.9454316222698 -27.716371114848343
773.6458333333334 -25.943952339847783 -27.716180627424734
774.1458333333334 -25.942451945175392 -27.715992057423403
774.6458333333333 -25.94096975605884 -27.715801572289188
775.1458333333334 -25.93947742889338 -27.715602513082096
775.6458333333334 -25.937996597038957 -27.71540461795321
776.1458333333333 -25.93650212290559 -27.715204688242178
776.6458333333334 -25.935017662576342 -27.715008726327945
777.1458333333334 -25.933524488840376 -27.714812276891976
777.6458333333333 -25.93202469094519 -27.714608686972504
778.1458333333334 -25.930549261398227 -27.714404650226896
778.6458333333334 -25.92902861445321 -27.714206562809473
779.1458333333333 -25.927541911630186 -27.71399495730076
779.6458333333334 -25.926050892147828 -27.713793850399963
780.1458333333334 -25.92454182876809 -27.71358228218253
780.6458333333333 -25.923047293237328 -27.713371710903143
781.1458333333334 -25.9215487281502 -27.71316181354377
781.6458333333334 -25.92005584991886 -27.712955007337193
782.1458333333333 -25.91854501175954 -27.71274321138867
782.6458333333334 -25.91703878540908 -27.7125329095308
783.1458333333334 -25.915537108006852 -27.712311162407218
783.6458333333333 -25.914037666087438 -27.712102353345372
784.1458333333334 -25.91252311374905 -27.711884001714694
784.6458333333334 -25.911015475802 -27.71166253990289
785.1458333333333 -25.90950729473159 -27.711440450415303
785.6458333333334 -25.908017654706505 -27.711222050884
786.1458333333334 -25.906490092015652 -27.711001798347933
786.6458333333333 -25.904997822228744 -27.710779336313294
787.1458333333334 -25.90346357965164 -27.710555749887888
787.6458333333334 -25.90196551939995 -27.710334087485116
788.1458333333333 -25.90044959412574 -27.710101239430607
788.6458333333334 -25.89892186563127 -27.709884160880335
789.1458333333334 -25.897407258215573 -27.709646141676014
789.6458333333333 -25.89589602137711 -27.709419186749557
790.1458333333334 -25.894350663357045 -27.709189882822333
790.6458333333334 -25.892850004136044 -27.70895916804029
791.1458333333333 -25.891336109951915 -27.708731796871206
791.6458333333334 -25.889811664480714 -27.70849665423762
792.1458333333334 -25.888306047905466 -27.70826111001999
792.6458333333333 -25.886772916491342 -27.708028334038964
793.1458333333334 -25.88524719764859 -27.70778724269611
793.6458333333334 -25.88371940369235 -27.707548120367804
794.1458333333333 -25.882212419846127 -27.70731271771545
794.6458333333334 -25.880664881490063 -27.70707415089045
795.1458333333334 -25.879161625131623 -27.706836135490178
795.6458333333333 -25.877632216370653 -27.706587182620254
796.1458333333334 -25.876090840755772 -27.706343085389697
796.6458333333334 -25.874557028137293 -27.70610157679662
797.1458333333333 -25.87305104469175 -27.705855589859514
797.6458333333334 -25.871502760791508 -27.705610338971457
798.1458333333334 -25.869959754630774 -27.705364242827795
798.6458333333333 -25.868431140048877 -27.705105556242685
799.1458333333334 -25.866902123377997 -27.704860481350494
799.6458333333334 -25.865359144008412 -27.70461156134436
800.1458333333333 -25.86383415529426 -27.704359661342384
800.6458333333334 -25.862299363342842 -27.70410267064513
801.1458333333334 -25.860758740738117 -27.703855405936512
801.6458333333333 -25.85922234231163 -27.70360059469359
802.1458333333334 -25.857680996124035 -27.703336151134756
802.6458333333334 -25.85614682306521 -27.703081999332415
803.1458333333333 -25.8545924488658 -27.702832420869917
803.6458333333334 -25.85305193058928 -27.702564898378718
804.1458333333334 -25.851504840546767 -27.702310146552456
804.6458333333333 -25.84997194823316 -27.70204658195908
805.1458333333334 -25.8484187685017 -27.701786217882812
805.6458333333334 -25.84687373757539 -27.701520964205667
806.1458333333333 -25.845320246386354 -27.70126527832683
806.6458333333334 -25.843796244186702 -27.700991833349256
807.1458333333334 -25.84224910662105 -27.70072761484789
807.6458333333333 -25.84067446757279 -27.700462283242825
808.1458333333334 -25.83914206136932 -27.700195268764205
808.6458333333334 -25.837586463229044 -27.69992411204393
809.1458333333333 -25.83604052665054 -27.69965823332738
809.6458333333334 -25.834467206480337 -27.69938827330612
