FastTrWP/PhaseSpace/IAs/snIa_0.57_30.00_-0.37_-0.13.csv
# %ECSV 0.9
# ---
# datatype:
# - {name: time-rel, datatype: float64}
# - {name: g, datatype: float64}
# - {name: i, datatype: float64}
# schema: astropy-2.0
time-rel g i
[from data line 1770]
489.5 24.612542447474844 22.65308777014303
490.0 24.614080411088757 22.653792267986002
490.5 24.615624085761265 22.654493990309753
491.0 24.617173498012193 22.655203075978157
491.5 24.618730387010284 22.65590782052569
492.0 24.620273483821947 22.656612869804192
492.5 24.621816806585926 22.657309702386897
493.0 24.62337777818187 22.65802421660556
493.5 24.624961870200785 22.65873695571593
494.0 24.626534897711615 22.659445645242357
494.5 24.6281074817712 22.660157251362737
495.0 24.629665703371657 22.660867138335373
495.5 24.631262542785795 22.66158128732178
496.0 24.632820302554812 22.662288212821856
496.5 24.63442863775928 22.66300398970202
497.0 24.63602393063031 22.663720021647244
497.5 24.637621795263478 22.664425375871062
498.0 24.639225180482786 22.665145149108305
498.5 24.64083977277932 22.66586294391113
499.0 24.642449368708377 22.666573015659175
499.5 24.644060638289996 22.66728949586353
500.0 24.645686741892217 22.668007134023465
500.5 24.647308864770736 22.668726756430182
501.0 24.64891383649097 22.669442126904435
501.5 24.650543632409672 22.670163014182695
502.0 24.65218003349376 22.670879511199065
502.5 24.65379067856287 22.67160621646456
503.0 24.65543716369004 22.672332269112538
503.5 24.6570694175984 22.67305161785852
504.0 24.658713122896646 22.673770407087368
504.5 24.6603409531184 22.674495738352856
505.0 24.661975434957878 22.675218197504616
505.5 24.66361044156052 22.67594810439558
506.0 24.665273495743435 22.67667330330613
506.5 24.666912694085816 22.677395562643316
507.0 24.66856305394954 22.678130166139812
507.5 24.670225892212954 22.67885782855663
508.0 24.671851123000298 22.679579196026754
508.5 24.67351982045802 22.68031289184713
509.0 24.675184854460795 22.681039733035387
509.5 24.67683940142905 22.68177440863922
510.0 24.678497266021235 22.68250477033737
510.5 24.680166105711994 22.683237423177186
511.0 24.681821815239623 22.68396988072667
511.5 24.68350187784758 22.684709627302997
512.0 24.68514730471929 22.685443136662276
512.5 24.68684931531034 22.686179215211276
513.0 24.68852765505362 22.686912676116542
513.5 24.69019596442812 22.687662880643714
514.0 24.691895373289437 22.688389406974782
514.5 24.69357838300503 22.68912859072435
515.0 24.695253415178016 22.689874059439695
515.5 24.696958643774064 22.690609101504556
516.0 24.698651485252498 22.691352061613806
516.5 24.70033885589615 22.692097810587782
517.0 24.702056885990146 22.692837279361267
517.5 24.70374502082082 22.693579437210577
518.0 24.705453023314607 22.694320294424944
518.5 24.707144854492576 22.69507766354197
519.0 24.70886557495764 22.695818759239504
519.5 24.71057334564167 22.696568796215534
520.0 24.71229380036369 22.69731281996461
520.5 24.713997355481645 22.69806421568377
521.0 24.715733932134455 22.69881389598318
521.5 24.717450751994974 22.699566462802867
522.0 24.719156517884176 22.7003253060617
522.5 24.72090383082602 22.701068343012274
523.0 24.722625294686754 22.701826803396507
523.5 24.724366534840755 22.702577543404683
524.0 24.726101278551333 22.703333205915822
524.5 24.727832448091533 22.704088660086406
525.0 24.729602021091132 22.704848720257772
525.5 24.731336641997693 22.705611466045212
526.0 24.733091397224065 22.706369515157824
526.5 24.73484366384222 22.70711983846772
527.0 24.73660722034768 22.70788755153236
527.5 24.73836863286399 22.708641231293335
528.0 24.74010810383568 22.70941170382651
528.5 24.741883071813394 22.71017299352383
529.0 24.743637850000553 22.710937460205546
529.5 24.74542512783014 22.7117098203909
530.0 24.74718416089127 22.71246983325633
530.5 24.748960149453787 22.713232184324493
531.0 24.750741369802878 22.714007992738615
531.5 24.75252601044058 22.714769874579762
532.0 24.75431962874337 22.715543132898187
532.5 24.756108368536726 22.71631886281597
533.0 24.757899279165425 22.717088653577026
533.5 24.759698913460713 22.717864667547726
534.0 24.761492052255182 22.718634580874905
534.5 24.76328482846368 22.71941834704821
535.0 24.765101942358868 22.72018154235788
535.5 24.766892218781493 22.72096819196664
536.0 24.7687095617891 22.721741615311053
536.5 24.77051455922615 22.722522964069324
537.0 24.77234592007109 22.723305726777227
537.5 24.774168105806464 22.724088051517917
538.0 24.775995101695973 22.724869090029234
538.5 24.777812681633932 22.725653031973803
539.0 24.779647692781026 22.72642788103967
539.5 24.781495626108047 22.727225763175202
540.0 24.783322285221146 22.728004344879793
540.5 24.78516435672013 22.728792509591685
541.0 24.787010163727537 22.729572842076635
541.5 24.788839515679832 22.73036309931427
542.0 24.79068635739043 22.73115022804548
542.5 24.792557085588424 22.731933086756413
543.0 24.79438608120813 22.732731603932717
543.5 24.796242757763004 22.733526095473046
544.0 24.798104150397204 22.734311885270202
544.5 24.799982328547173 22.73511014256924
545.0 24.801845838197174 22.735903382223444
545.5 24.80371847191516 22.736697713236758
546.0 24.805606678468493 22.73748781971935
546.5 24.807463779846852 22.738285518203774
547.0 24.809358744227325 22.73908762312555
547.5 24.81123334303007 22.739877428224045
548.0 24.813129008455967 22.74068744273146
548.5 24.815008247717152 22.741492772991627
549.0 24.816916884662472 22.742291799637094
549.5 24.818813886735697 22.743097573614442
550.0 24.820720439200418 22.743895094913164
550.5 24.822605070391962 22.74470501870502
551.0 24.824516728107184 22.745507910901637
551.5 24.826446843283485 22.74631432031422
552.0 24.828366782710663 22.747125112703444
552.5 24.830274072936547 22.747929900583852
553.0 24.83217640763229 22.748744898672367
553.5 24.834127977383243 22.749543348867558
554.0 24.836052480643435 22.750364249735444
554.5 24.83798762809547 22.751179705480663
555.0 24.83989889356565 22.75199033204028
555.5 24.841850636206413 22.75280520832524
556.0 24.84378701428004 22.75362269883665
556.5 24.84573719727345 22.754437027592868
557.0 24.847678491368637 22.75526421865015
557.5 24.849644021867032 22.756074866611534
558.0 24.851614683625705 22.756898782261462
558.5 24.853566378550255 22.757714006504003
559.0 24.855547345119277 22.758551618007772
559.5 24.85750132738834 22.759361776927065
560.0 24.85948571383862 22.760186546496506
560.5 24.861468720970027 22.761010512571318
561.0 24.86343013701534 22.761844205541763
561.5 24.865443705475133 22.762673664351766
562.0 24.867433394555025 22.76349717398982
562.5 24.869433669617386 22.76432769046059
563.0 24.871412908061323 22.765159700570084
563.5 24.873443560991362 22.76599670548274
564.0 24.87542751213994 22.766831919635674
564.5 24.877437184376653 22.767665420372225
565.0 24.879442690227247 22.768502121576454
565.5 24.881468072764562 22.769340948855614
566.0 24.883497828234887 22.770174415348947
566.5 24.885521250389825 22.77101559345337
567.0 24.887552826979086 22.771857333800654
567.5 24.889600678671677 22.77270095768295
568.0 24.891623290154577 22.773541361371976
568.5 24.893681905990256 22.77437999848788
569.0 24.895745539345597 22.77522900097921
569.5 24.89777607380935 22.776075223248707
570.0 24.899849805627664 22.776923390017746
570.5 24.901905736846466 22.77777468950535
571.0 24.903964199807398 22.778624232844066
571.5 24.90603388884137 22.77946969804121
572.0 24.908088765684376 22.78033379926779
572.5 24.91020949366828 22.781189132030136
573.0 24.912270173444753 22.782043092291797
573.5 24.91434942464312 22.782897919705047
574.0 24.916456067180057 22.783755535988142
574.5 24.918577797137985 22.78461416725403
575.0 24.920678722187247 22.78547370120726
575.5 24.922782577213255 22.786334902162054
576.0 24.92487306882156 22.787204680763374
576.5 24.927010121818082 22.788059566972194
577.0 24.929130429564296 22.788927442443843
577.5 24.931259011710484 22.789796118445587
578.0 24.933410520625984 22.7906632795524
578.5 24.935541821811974 22.79153036558933
579.0 24.937690076316493 22.79240136509914
579.5 24.939852559226004 22.793277478360174
580.0 24.94198570316926 22.79414571314508
580.5 24.944161293774712 22.79501903672078
581.0 24.946334899826788 22.795893843887924
581.5 24.948502647397717 22.796768354489725
582.0 24.950662146935912 22.797642575285813
582.5 24.952836887328395 22.798523671428445
583.0 24.95503109883159 22.799401825536016
583.5 24.9572150335366 22.800280723195698
584.0 24.9594371778062 22.801167355136602
584.5 24.961620878734877 22.802045315686307
585.0 24.963815773956167 22.802933330446706
585.5 24.966031722404356 22.803811054253174
586.0 24.968254358896065 22.804709750214297
586.5 24.97048066361241 22.805595438209142
587.0 24.972681776483174 22.8064873443726
587.5 24.97490602496859 22.807374161998535
588.0 24.97714730558478 22.808270027167225
588.5 24.979392488257744 22.809167372182976
589.0 24.981644735421632 22.81005501131149
589.5 24.98389007023391 22.810949179717298
590.0 24.986135806313747 22.811853763673888
590.5 24.98839324730564 22.812744356978634
591.0 24.990664972022742 22.813651368042365
591.5 24.99293358054176 22.81455023236399
592.0 24.995218402662474 22.815456551791033
592.5 24.997490978581816 22.81634953030884
593.0 24.999746354823266 22.817254987710637
593.5 25.002044032919656 22.81816761338751
594.0 25.00433526178056 22.819070574857548
594.5 25.006632411857804 22.819974878314433
595.0 25.008959710821877 22.820884769334512
595.5 25.011267601037414 22.82178586272789
596.0 25.01357066865549 22.8227097602305
596.5 25.015859430141333 22.82362647267643
597.0 25.018210667043576 22.824540337525185
597.5 25.020539503123675 22.825457569357496
598.0 25.02285461934377 22.826381807956455
598.5 25.025182039830796 22.827286427518366
599.0 25.027524261960288 22.828213037976557
599.5 25.029874766926085 22.829128751428584
600.0 25.032230839230394 22.83004798106598
600.5 25.03458658025462 22.830976121888472
601.0 25.03695708503516 22.831896916315273
601.5 25.039315422453456 22.832830804902954
602.0 25.041651641924197 22.83375736003314
602.5 25.044028549875705 22.834683797043294
603.0 25.04641889285685 22.835612019654423
603.5 25.04879437974582 22.836544087856122
604.0 25.051207311808213 22.837469065667193
604.5 25.053605387436804 22.83840734525345
605.0 25.055968514685816 22.83934007838074
605.5 25.05840395009182 22.840285229740132
606.0 25.060774890689807 22.841212023021193
606.5 25.06319836477488 22.842151952532582
607.0 25.06557152950656 22.843095054456015
607.5 25.06801364640854 22.84403457700266
608.0 25.070449349049518 22.844984067602233
608.5 25.072858695422823 22.84592215634762
609.0 25.075293129964948 22.84687511592196
609.5 25.0777529681974 22.847820353045076
610.0 25.08016987177768 22.848773224042148
610.5 25.082607123945692 22.84971562688693
611.0 25.085048492399164 22.85067001247188
611.5 25.08752985058456 22.851620051585865
612.0 25.08997318065664 22.85257265133569
612.5 25.09246521389671 22.853526676882304
613.0 25.094957224979765 22.854491507273842
613.5 25.09744801919171 22.85544992661936
614.0 25.09997237872913 22.856404881025966
614.5 25.102498842460918 22.857376792475982
615.0 25.10502482221832 22.85834588751614
615.5 25.107595327682468 22.859310128208886
616.0 25.110147902751873 22.860279247916857
616.5 25.112707783993756 22.861257263054213
617.0 25.11528779327985 22.862226853720568
617.5 25.117879774161448 22.86320921322755
618.0 25.120478108441805 22.864182108362414
618.5 25.123067369093576 22.865167878249423
619.0 25.12570316803639 22.86614721977017
619.5 25.12832222188426 22.867137969427223
620.0 25.130929772385294 22.868113954936035
620.5 25.13356213240477 22.86910062983567
621.0 25.136243118287176 22.87008583051317
621.5 25.138889697330235 22.871086464762183
622.0 25.141530788259562 22.872069553003787
622.5 25.144215958193005 22.873065947737288
623.0 25.1468990577229 22.87405743048688
623.5 25.149581802559794 22.87506312199551
624.0 25.15227160356752 22.876055324853706
624.5 25.1549707610239 22.877043825738937
625.0 25.157663043097106 22.878053067174726
625.5 25.160377295753072 22.879053406884054
626.0 25.163084046085334 22.880049414479796
626.5 25.165805707660667 22.88105794272424
627.0 25.168513293584866 22.88206805487632
627.5 25.171262782460026 22.883075968936563
628.0 25.17401985003881 22.884076594224496
628.5 25.176716528889965 22.88508454953198
629.0 25.179471882205654 22.886099555301534
629.5 25.182230420995218 22.8871055696162
630.0 25.18494935663746 22.888124951883796
630.5 25.187708079831232 22.889142717667692
631.0 25.190447162048777 22.890149990692535
631.5 25.193212675469397 22.891168406209765
632.0 25.19592377007453 22.892184588553036
632.5 25.198706336312576 22.8931971318136
633.0 25.201466127819483 22.89421834386063
633.5 25.20422914957708 22.895241471532863
634.0 25.20699629313309 22.896262057362854
634.5 25.209718995967776 22.89727177210438
635.0 25.212510779117473 22.898298006654862
635.5 25.21525363205209 22.89932006835242
636.0 25.21802915004145 22.900345175416767
636.5 25.220767886410542 22.901358644260497
637.0 25.223521349132703 22.90238756965804
637.5 25.22626041717336 22.903414831836084
638.0 25.229007817880735 22.90443492218572
638.5 25.231746254597628 22.905462070707134
639.0 25.23448937370142 22.906489446137957
639.5 25.237240596313303 22.9075153203306
640.0 25.23996944057689 22.908543283176
640.5 25.24268873007161 22.90957085884299
641.0 25.245423855085576 22.910600898661222
641.5 25.248136748090936 22.91163134346947
642.0 25.250837307808155 22.912653141415348
642.5 25.253535861241293 22.913681738420927
643.0 25.25622077131883 22.914704283322816
643.5 25.258945663701407 22.91573836315745
644.0 25.26165910361439 22.916769181006988
644.5 25.264335169494785 22.917795919275864
645.0 25.266992241542084 22.918817332168846
645.5 25.26964413090894 22.919856793508657
646.0 25.27229844785396 22.920879499332358
646.5 25.274969367460017 22.921914981957364
647.0 25.277621552797882 22.92293558125467
647.5 25.280238922033966 22.923964896007163
648.0 25.282860339397804 22.924987385266483
648.5 25.285445411464195 22.92602263911136
649.0 25.288037981778718 22.927051183140605
649.5 25.290618698333063 22.928084129391305
650.0 25.293243651568634 22.9291092700487
650.5 25.295864123317724 22.93013629165168
651.0 25.298443536279255 22.931164209875877
651.5 25.301027988368098 22.932202481384188
652.0 25.303599083578025 22.933223866421887
652.5 25.306174904885907 22.934267622199933
653.0 25.30877456434942 22.935302403954026
653.5 25.311335432129475 22.936325226034278
654.0 25.313935624515427 22.93736818445424
654.5 25.316511611918845 22.938396889359396
655.0 25.319105150856846 22.93943613431332
655.5 25.321657840149065 22.94047454465026
656.0 25.324225532971347 22.941512188024163
656.5 25.326834608307873 22.94255138512507
657.0 25.32937427599604 22.943589172995274
657.5 25.331953061714167 22.94463402488735
658.0 25.334517229955807 22.945667599882338
658.5 25.337075021239755 22.946717533628437
659.0 25.339631418083506 22.947754213070915
659.5 25.34218401280404 22.948788420779323
660.0 25.344741123833114 22.949836427998385
660.5 25.347297516481536 22.950887923515356
661.0 25.34983525504249 22.951923147759885
661.5 25.352389514136085 22.952967729253388
662.0 25.354929190768274 22.954023035799054
662.5 25.357462312532807 22.955060357440082
663.0 25.35996527101841 22.956112401296622
663.5 25.362498433079885 22.95715944711603
664.0 25.36502423268726 22.958204728556364
664.5 25.36754698846766 22.95925835436094
665.0 25.370046242392075 22.960308357086564
665.5 25.37259221860331 22.961353404270696
666.0 25.37507661928472 22.9623996140427
666.5 25.377549767053704 22.9634561605599
667.0 25.380033932025803 22.964515038120133
667.5 25.382517709145212 22.965556534213146
668.0 25.38503522885985 22.96661644292903
668.5 25.387497171865597 22.967664152651516
669.0 25.389950438445595 22.96871942328029
669.5 25.39242108632724 22.969773620795113
670.0 25.39489556858711 22.970831571764446
670.5 25.397330410410525 22.97188657302857
671.0 25.39979444843379 22.97295057492316
671.5 25.402250804552455 22.973995326087145
672.0 25.404651300664554 22.97506782845717
672.5 25.407085845834555 22.976116404651066
673.0 25.409490112501096 22.977179920735008
673.5 25.41192360241056 22.978240648383522
