FastTrWP/PhaseSpace/IAs/snIa_0.40_30.00_-1.03_0.01.csv
# %ECSV 0.9
# ---
# datatype:
# - {name: time-rel, datatype: float64}
# - {name: g, datatype: float64}
# - {name: i, datatype: float64}
# schema: astropy-2.0
time-rel g i
[from data line 289]
369.6666666666667 24.27618636242741 23.57513724157102
370.16666666666663 24.27059076941614 23.571149154399535
370.6666666666667 24.264986970011968 23.56715878929366
371.1666666666667 24.259414432996273 23.56318816220325
371.66666666666663 24.253860156204432 23.559213668886514
372.1666666666667 24.248295670644616 23.5552445507137
372.6666666666667 24.242754318571546 23.55128987423251
373.16666666666663 24.237220555188944 23.547340195758313
373.6666666666667 24.231712081752086 23.54339498832864
374.1666666666667 24.226187500186644 23.53944317937281
374.66666666666663 24.220715458207582 23.535510963858954
375.1666666666667 24.2152318528619 23.531594493240625
375.6666666666667 24.209750287269422 23.527671462954075
376.16666666666663 24.2043099681026 23.523751568264338
376.6666666666667 24.198850732141747 23.519837286472885
377.1666666666667 24.193419769662945 23.51592633247272
377.66666666666663 24.187989957348126 23.51202606303859
378.1666666666667 24.18259143419739 23.508151246267467
378.6666666666667 24.177189538837 23.504247970261446
379.16666666666663 24.17181720051847 23.500376285427418
379.6666666666667 24.16643956197818 23.496501518024875
380.1666666666667 24.161066185845005 23.49262626540458
380.66666666666663 24.155716635220088 23.488765684712515
381.1666666666667 24.15036428785987 23.48490986604623
381.6666666666667 24.14505428576449 23.481054185949223
382.16666666666663 24.139718258802155 23.477205282212484
382.6666666666667 24.134425353806815 23.473360456385866
383.1666666666667 24.129116121196578 23.469528368105355
383.66666666666663 24.123851259658974 23.465691882182007
384.1666666666667 24.118556479952513 23.46186508146513
384.6666666666667 24.11329530513667 23.45804581902074
385.16666666666663 24.108062515281098 23.454225909437096
385.6666666666667 24.10280974620386 23.45042282629525
386.1666666666667 24.09757692464295 23.44662485065166
386.66666666666663 24.0923540997975 23.4428234910331
387.1666666666667 24.087148279272924 23.43901734824488
387.6666666666667 24.0819531368358 23.435235692243552
388.16666666666663 24.076765538438668 23.431446242772065
388.6666666666667 24.071587351256852 23.427677151967615
389.1666666666667 24.066411533671584 23.42390764993924
389.66666666666663 24.061235637752528 23.42013879524403
390.1666666666667 24.0560997596867 23.416371757746806
390.6666666666667 24.050968609851452 23.41261043819173
391.16666666666663 24.045828893694985 23.408864761074128
391.6666666666667 24.04071171286279 23.40510757852806
392.1666666666667 24.035598484068505 23.401358579477765
392.66666666666663 24.030456974309455 23.39761800551742
393.1666666666667 24.025340631769886 23.39386157590669
393.6666666666667 24.020197088309953 23.390094806343825
394.16666666666663 24.015070054989568 23.386343569969846
394.6666666666667 24.009937967094142 23.38258501256336
395.1666666666667 24.004767621566316 23.378835850555753
395.66666666666663 23.999623642929787 23.375064576173767
396.1666666666667 23.994506192081175 23.37132090041951
396.6666666666667 23.989353298529576 23.36756142677
397.16666666666663 23.98421583466298 23.36380465654839
397.6666666666667 23.97907444133522 23.360047330798515
398.1666666666667 23.973943828826467 23.356289551884974
398.66666666666663 23.968801458757643 23.35254423529789
399.1666666666667 23.963688005154587 23.34879738359795
399.6666666666667 23.95856446569066 23.34506337490074
400.16666666666663 23.95345534849822 23.341312264106936
400.6666666666667 23.948351615646246 23.337579971416417
401.1666666666667 23.943267844372098 23.333851656127425
401.66666666666663 23.938177528661697 23.330125246182153
402.1666666666667 23.933090300924288 23.326401795334043
402.6666666666667 23.928034875836662 23.322686695592346
403.16666666666663 23.922980707439443 23.318971197151757
403.6666666666667 23.917936140035437 23.315268391528136
404.1666666666667 23.91291866471819 23.31156953266528
404.66666666666663 23.907882391845646 23.30788283224864
405.1666666666667 23.902888899150128 23.304190488174704
405.6666666666667 23.897894633600373 23.30050741628959
406.16666666666663 23.8929250787116 23.296841365144807
406.6666666666667 23.887965429950558 23.293184475842903
407.1666666666667 23.883041607973155 23.289529646447246
407.66666666666663 23.878104173784244 23.28588177780159
408.1666666666667 23.873206909491444 23.28224665458576
408.6666666666667 23.86831800909631 23.278612555066445
409.16666666666663 23.86345283949896 23.27501147260392
409.6666666666667 23.858601552950816 23.271394903518235
410.1666666666667 23.853761677416024 23.26779728134496
410.66666666666663 23.848944376017045 23.264209401815748
411.1666666666667 23.844158451944786 23.260629994734074
411.6666666666667 23.83939203756161 23.25707616133198
412.16666666666663 23.8346420879051 23.253509701559338
412.6666666666667 23.829916635714795 23.249965219168857
413.1666666666667 23.825201154586257 23.246431843947093
413.66666666666663 23.820530055496235 23.242916757607425
414.1666666666667 23.815865885437425 23.239412388165803
414.6666666666667 23.81123870020958 23.235914770030043
415.16666666666663 23.806632622071042 23.23243021611823
415.6666666666667 23.80205295333006 23.228961092173968
416.1666666666667 23.797486530549975 23.22550500319162
416.66666666666663 23.792966547526717 23.22205098419238
417.1666666666667 23.788458851895324 23.218622538224768
417.6666666666667 23.78397002679727 23.215213491742244
418.16666666666663 23.779519235096913 23.211805552058387
418.6666666666667 23.775085062438905 23.208419372611502
419.1666666666667 23.770700972065846 23.205040847832343
419.66666666666663 23.766334598428354 23.201679358148564
420.1666666666667 23.761987456194507 23.198342678728316
420.6666666666667 23.757671700379298 23.194999256300672
421.16666666666663 23.75338484075097 23.19169087379734
421.6666666666667 23.749127089068743 23.188399173417057
422.1666666666667 23.744901235901526 23.185114793346855
422.66666666666663 23.74070178350687 23.181848021830195
423.1666666666667 23.736534279605074 23.178606343641547
423.6666666666667 23.73239738298 23.17536500908475
424.16666666666663 23.72830604715176 23.172147192532062
424.6666666666667 23.724217575764545 23.168936253001963
425.1666666666667 23.720190543847988 23.165760330323195
425.66666666666663 23.71616180846503 23.162587813386782
426.1666666666667 23.71215148094027 23.159415480538293
426.6666666666667 23.70815000057749 23.156255976679372
427.16666666666663 23.70416804261626 23.15310360612095
427.6666666666667 23.70018717078208 23.149964788397618
428.1666666666667 23.696227237456327 23.146820485182964
428.66666666666663 23.69228232675247 23.14369732104495
429.1666666666667 23.68835296537968 23.140565702493838
429.6666666666667 23.684416669773505 23.137442571589762
430.16666666666663 23.680517496498897 23.134329755799033
430.6666666666667 23.67661069862826 23.13124026214707
431.1666666666667 23.672730318963996 23.128143780527004
431.66666666666663 23.668856782920482 23.125054572134488
432.1666666666667 23.665019125366342 23.121970148647875
432.6666666666667 23.66118166013804 23.118914805861017
433.16666666666663 23.657336035409617 23.11585615204423
433.6666666666667 23.653534678422552 23.11280225027769
434.1666666666667 23.64973935840188 23.109761483385803
434.66666666666663 23.64594662786358 23.1067284677641
435.1666666666667 23.642198918948353 23.103695661662766
435.6666666666667 23.638442600049427 23.100680279111963
436.16666666666663 23.63470709432301 23.09767115351875
436.6666666666667 23.630980802033847 23.094664328245543
437.1666666666667 23.627294212338526 23.09169121315604
437.66666666666663 23.623602735458967 23.08870899673896
438.1666666666667 23.61993973700438 23.085734924961585
438.6666666666667 23.616282811497395 23.082769155316104
439.16666666666663 23.612644687376108 23.079820883208054
439.6666666666667 23.60901625728758 23.07688157950591
440.1666666666667 23.60542583976441 23.07394327243702
440.66666666666663 23.60182990251098 23.071023029314354
441.1666666666667 23.598255621302812 23.068108528793168
441.6666666666667 23.594724924985616 23.065205323492187
442.16666666666663 23.59118865301626 23.062310927529342
442.6666666666667 23.58767239763705 23.05942918472828
443.1666666666667 23.5841728023907 23.056558665427804
443.66666666666663 23.58069053435281 23.05370020829597
444.1666666666667 23.577235008629476 23.05084692708806
444.6666666666667 23.57378263561514 23.048001049017763
445.16666666666663 23.57036941940432 23.045164908576005
445.6666666666667 23.566958810841538 23.04235139846687
446.1666666666667 23.563575436402683 23.03954690362175
446.66666666666663 23.560207621817845 23.03675005219144
447.1666666666667 23.556857409827863 23.033950813087614
447.6666666666667 23.553519332008477 23.031185500620033
448.16666666666663 23.550209244194747 23.02842226925874
448.6666666666667 23.546945635936343 23.02566326169035
449.1666666666667 23.543646435906442 23.022914234017527
449.66666666666663 23.54041237939136 23.020178922648107
450.1666666666667 23.537177710593884 23.01747250417931
450.6666666666667 23.5339665620678 23.0147530425317
451.16666666666663 23.530775692596077 23.01205573692762
451.6666666666667 23.52759984175064 23.009366156183635
452.1666666666667 23.52444756052048 23.006700006963328
452.66666666666663 23.521323336552683 23.004039069003298
453.1666666666667 23.51821171313846 23.001374963766782
453.6666666666667 23.515128997428512 22.998750183249168
454.16666666666663 23.512061578843596 22.996117693069834
454.6666666666667 23.509001920299237 22.99350029933858
455.1666666666667 23.505979619662615 22.9908856162624
455.66666666666663 23.502973302693437 22.98830103794537
456.1666666666667 23.49998010604108 22.98571542945851
456.6666666666667 23.497028467536968 22.983152722147896
457.16666666666663 23.49408019114226 22.980598018962187
457.6666666666667 23.49115973331426 22.978046094844238
458.1666666666667 23.48826294928657 22.975518554814755
458.66666666666663 23.48539405551213 22.972998438202378
459.1666666666667 23.482531569063166 22.97050117231281
459.6666666666667 23.47968592201619 22.96799358548254
460.16666666666663 23.476863253667695 22.965503498281052
460.6666666666667 23.47404093489355 22.96302353834748
461.1666666666667 23.4712427543352 22.9605531339217
461.66666666666663 23.468455430970092 22.95809098383764
462.1666666666667 23.46569382529337 22.955643808697065
462.6666666666667 23.46294439846087 22.95319894674447
463.16666666666663 23.4601750876092 22.95075390721621
463.6666666666667 23.457465003617294 22.948327629098596
464.1666666666667 23.4547505954353 22.945905927126017
464.66666666666663 23.452061057458685 22.94350748328858
465.1666666666667 23.449374731049296 22.941098522465175
465.6666666666667 23.44670565151929 22.9387083915908
466.16666666666663 23.444054558869457 22.936318930649225
466.6666666666667 23.441426161052277 22.9339445320947
467.1666666666667 23.438793172681393 22.93158033166661
467.66666666666663 23.436190641672916 22.929227497109483
468.1666666666667 23.433581760702968 22.92687646816194
468.6666666666667 23.43100883348079 22.92453877997009
469.16666666666663 23.42844429155685 22.92220780076208
469.6666666666667 23.425879768626455 22.919876579878967
470.1666666666667 23.423346647988623 22.917565403274605
470.66666666666663 23.420822514845277 22.915265330247614
471.1666666666667 23.418320057935844 22.91296513853462
471.6666666666667 23.415815421537335 22.91067607960459
472.16666666666663 23.41332835302766 22.908392529678544
472.6666666666667 23.41085265096694 22.90612675985329
473.1666666666667 23.408402985615528 22.903846954099652
473.66666666666663 23.405960273181417 22.90159153243517
474.1666666666667 23.403536840987297 22.899347576466702
474.6666666666667 23.40112257998129 22.89709930642461
475.16666666666663 23.398706281905483 22.894879567737117
475.6666666666667 23.396320357963273 22.89265696061606
476.1666666666667 23.393951211090176 22.890435640201538
476.66666666666663 23.39158161303136 22.88823417793489
477.1666666666667 23.38923991182255 22.886032625699485
477.6666666666667 23.38690450935358 22.883841799700075
478.16666666666663 23.384583556886227 22.881652701457043
478.6666666666667 23.38227715240849 22.879479379409894
479.1666666666667 23.379980904981426 22.877310630565404
479.66666666666663 23.377691564945234 22.875151852820824
480.1666666666667 23.375427325575128 22.873003969594762
480.6666666666667 23.373179933511196 22.870862113087234
481.16666666666663 23.370923031230866 22.86872353901991
481.6666666666667 23.368698694616725 22.86659402769073
482.1666666666667 23.366479218086283 22.864474022485894
482.66666666666663 23.3642826211086 22.86235894890973
483.1666666666667 23.362084365011757 22.86025772415335
483.6666666666667 23.35991062813147 22.858154649277672
484.16666666666663 23.357738652091736 22.856071213393925
484.6666666666667 23.355591267299666 22.853977230557373
485.1666666666667 23.353460046348836 22.851914609354196
485.6666666666667 23.351322091693344 22.849855985569867
486.1666666666667 23.349206403964256 22.847785904018693
486.6666666666667 23.347107825243206 22.845739957345693
487.1666666666667 23.345011777511534 22.843690797052165
487.6666666666667 23.342943996799832 22.841652094495267
488.1666666666667 23.340874347141703 22.83962157301312
488.6666666666667 23.33883298396561 22.837599191161484
489.1666666666667 23.33679576704279 22.835591583975294
489.6666666666667 23.33476878232588 22.833579222412585
490.1666666666667 23.33275065482916 22.83158738040967
490.6666666666667 23.33074915951103 22.8295940165997
491.1666666666667 23.328755996537367 22.827604378483123
491.6666666666667 23.326771036691323 22.825624727436626
492.1666666666667 23.324817905689187 22.823665279595822
492.6666666666667 23.322866409153594 22.82170758748361
493.1666666666667 23.32091855873714 22.81974145249011
493.6666666666667 23.318985598165305 22.81779199667392
494.1666666666667 23.31706779047408 22.815854690509283
494.6666666666667 23.31516273795743 22.813915451924096
495.1666666666667 23.313259184652576 22.811980481219734
495.6666666666667 23.31136529360623 22.810063440923894
496.1666666666667 23.3094865547436 22.808144205759923
496.6666666666667 23.30761542159751 22.806225218122883
497.1666666666667 23.305762300043142 22.804323457013854
497.6666666666667 23.303915188664817 22.802433701647992
498.1666666666667 23.302075096560557 22.800532339770974
498.6666666666667 23.300242085707733 22.798658157519625
499.1666666666667 23.298432660158028 22.796776451867558
499.6666666666667 23.29662703537386 22.794905768145682
500.1666666666667 23.294833149109017 22.793032700844083
500.6666666666667 23.293044209156285 22.791168935335193
501.1666666666667 23.29126976822018 22.789330144733228
501.6666666666667 23.289505651571133 22.787481516099177
502.1666666666667 23.287751982354322 22.785640567805782
502.6666666666667 23.286011815112463 22.783803182414545
503.1666666666667 23.284281641026418 22.781981736933222
503.6666666666667 23.282561178559856 22.780154766468193
504.1666666666667 23.280851784284376 22.77835059156275
504.6666666666667 23.2791395365902 22.776533835327236
505.1666666666667 23.277456593774865 22.774743576401764
505.6666666666667 23.275774682830082 22.772945807733652
506.1666666666667 23.274101198848744 22.771161021114263
506.6666666666667 23.27244847380669 22.769376459132467
507.1666666666667 23.270790509470483 22.767599640237552
507.6666666666667 23.26916017557863 22.765826479073823
508.1666666666667 23.26752430079672 22.764065816903603
508.6666666666667 23.265902183478588 22.762306583748323
509.1666666666667 23.264302687086584 22.760564405819306
509.6666666666667 23.262708191089317 22.75881947454478
510.1666666666667 23.26112772641343 22.757082726453962
510.6666666666667 23.259548881815192 22.755351552664187
511.1666666666667 23.257984087340464 22.75362234753753
511.6666666666667 23.25643136468561 22.751908797956585
512.1666666666666 23.254888532543248 22.750196396619717
512.6666666666666 23.253347470874846 22.7484863632804
513.1666666666666 23.25183075388633 22.74678242172651
