FastTrWP/PhaseSpace/IAs/snIa_0.45_30.00_0.92_-0.23.csv
# %ECSV 0.9
# ---
# datatype:
# - {name: time-rel, datatype: float64}
# - {name: g, datatype: float64}
# - {name: i, datatype: float64}
# schema: astropy-2.0
time-rel g i
[from data line 576]
440.1458333333333 22.87865330931315 22.98237449053156
440.6458333333333 22.87670609765425 22.980620981149663
441.14583333333326 22.87476104791681 22.978867434735733
441.6458333333333 22.872833155433995 22.97713968679119
442.1458333333333 22.870912468995517 22.975395256332565
442.64583333333326 22.868998333873037 22.973673693622693
443.1458333333333 22.86709749687069 22.971947104544206
443.6458333333333 22.865217997934547 22.97023796293541
444.14583333333326 22.863340998031262 22.96852977059773
444.6458333333333 22.861459277547493 22.966837007842464
445.1458333333333 22.859613749983264 22.965132665265862
445.64583333333326 22.857764014656983 22.96345476657191
446.1458333333333 22.855935430415016 22.961768277660624
446.6458333333333 22.854107100051074 22.960097413070418
447.14583333333326 22.852295835256513 22.958424224798975
447.6458333333333 22.850494493331134 22.956765344757063
448.1458333333333 22.848697107132207 22.955113449424008
448.64583333333326 22.846923558605052 22.953457837158417
449.1458333333333 22.845160202515885 22.95181728963884
449.6458333333333 22.84339908427659 22.950186711743953
450.14583333333326 22.841647202877414 22.948562610591697
450.6458333333333 22.839913552681764 22.94695493906498
451.1458333333333 22.838194786870375 22.945333471856625
451.64583333333326 22.8364801466469 22.943718318384366
452.1458333333333 22.834785323661457 22.942122941643085
452.6458333333333 22.83308492585204 22.94053571598381
453.14583333333326 22.83140241454145 22.93894105023796
453.6458333333333 22.82972782495097 22.93736360519432
454.1458333333333 22.828048423849964 22.935776487451175
454.64583333333326 22.826395098557008 22.934204527989287
455.1458333333333 22.824743782755824 22.93262925923964
455.6458333333333 22.823097680950028 22.93107029367039
456.14583333333326 22.821456163201685 22.92951639752335
456.6458333333333 22.819835012487133 22.927963776480503
457.1458333333333 22.818209162663212 22.92640853654591
457.64583333333326 22.816597804402562 22.924865083766623
458.1458333333333 22.814987362769557 22.923327461285762
458.6458333333333 22.813396366875978 22.92179603330311
459.14583333333326 22.811816205413518 22.920261034776274
459.6458333333333 22.8102274609676 22.918744061100348
460.1458333333333 22.80865878707083 22.91722861836444
460.64583333333326 22.807097519252025 22.91571696314781
461.1458333333333 22.80553787619347 22.91420494784714
461.6458333333333 22.803988555441563 22.912706373491957
462.14583333333326 22.802454545177437 22.911213459226577
462.6458333333333 22.800927919730324 22.90971762492577
463.1458333333333 22.79940725258473 22.908231315717615
463.64583333333326 22.79789253782534 22.90675221902726
464.1458333333333 22.796378734743847 22.90527692575231
464.6458333333333 22.79487593458174 22.90379887714071
465.14583333333326 22.793385230771527 22.902336904125015
465.6458333333333 22.79190895134892 22.90086713607802
466.1458333333333 22.790430330571603 22.89941887448599
466.64583333333326 22.788971641285173 22.897970481164904
467.1458333333333 22.7875090549276 22.896530410182855
467.6458333333333 22.786056120868736 22.895075455863644
468.14583333333326 22.784623175248587 22.893654408874763
468.6458333333333 22.783184520665984 22.89222298416426
469.1458333333333 22.781760011462907 22.890789712695096
469.64583333333326 22.780345640031396 22.88937249096856
470.1458333333333 22.778928747973374 22.887950249329627
470.6458333333333 22.777528876647885 22.88654464699473
471.14583333333326 22.776132864721852 22.885141216451093
471.6458333333333 22.774748326132986 22.883736819337667
472.1458333333333 22.77337535199155 22.882338771992416
472.64583333333326 22.77199787739069 22.880952556472725
473.1458333333333 22.77063974845501 22.879566315795017
473.6458333333333 22.769282996523238 22.8781860641877
474.14583333333326 22.767950552343915 22.87680485602158
474.6458333333333 22.766611410658307 22.875436042524314
475.1458333333333 22.765272798588427 22.874074061896007
475.64583333333326 22.7639561402745 22.872710004140494
476.1458333333333 22.762650246824748 22.87135770584763
476.6458333333333 22.76134420120689 22.870010500296072
477.14583333333326 22.760038878114656 22.86866481522306
477.6458333333333 22.758752821329175 22.867324498266008
478.1458333333333 22.757470703426005 22.86598594435703
478.64583333333326 22.756200373504697 22.864659093597556
479.1458333333333 22.754923088813808 22.86332757381066
479.6458333333333 22.753672505054254 22.86200511631388
480.14583333333326 22.752421583753254 22.86069474512736
480.6458333333333 22.75118033781899 22.85938716117316
481.1458333333333 22.749953375713865 22.858075227509072
481.64583333333326 22.748738790718505 22.856772002572903
482.1458333333333 22.74751138904682 22.855472963478697
482.6458333333333 22.746301443987058 22.854185544266656
483.14583333333326 22.745099185902507 22.852897899063727
483.6458333333333 22.743910129295703 22.851615232856226
484.1458333333333 22.742730641121817 22.850344520963553
484.64583333333326 22.741549512292536 22.849062479532407
485.1458333333333 22.74037809554573 22.847800978020366
485.6458333333333 22.73922274702658 22.846534282043237
486.14583333333326 22.738056417978743 22.845276723100344
486.6458333333333 22.736918197902256 22.844031951459918
487.1458333333333 22.73578472086423 22.842775255652953
487.6458333333333 22.73464579473312 22.84153261567483
488.1458333333333 22.733529812745402 22.840300637654828
488.6458333333333 22.732405569370485 22.8390668627523
489.1458333333333 22.73129792333834 22.837833235758815
489.6458333333333 22.730195059165613 22.836596446149162
490.1458333333333 22.72908921433941 22.835377091064707
490.6458333333333 22.727998418065887 22.834160208190873
491.1458333333333 22.72691672250651 22.8329431676578
491.6458333333333 22.72583671940501 22.83173242347131
492.1458333333333 22.724761375157975 22.83053042401381
492.6458333333333 22.72369582066399 22.829325073092637
493.1458333333333 22.72264237657991 22.828134115884566
493.6458333333333 22.721592181214664 22.82693385989615
494.1458333333333 22.72055439355052 22.825753429039707
494.6458333333333 22.719513710292038 22.824559585699458
495.1458333333333 22.71848528407847 22.823387175802154
495.6458333333333 22.717463887641294 22.822203479610444
496.1458333333333 22.716445378514525 22.821032364195073
496.6458333333333 22.71543339204859 22.819858725268432
497.1458333333333 22.714433050414492 22.8187029559375
497.6458333333333 22.713439312018533 22.817550958373833
498.1458333333333 22.712446706578774 22.816386658591085
498.6458333333333 22.711465034436632 22.815245697948924
499.1458333333333 22.710494426990824 22.814098170476854
499.6458333333333 22.709530097256554 22.8129559997172
500.1458333333333 22.708567485248903 22.811816001908753
500.6458333333333 22.70761606595658 22.810676784457034
501.1458333333333 22.70667478878191 22.8095534618012
501.6458333333333 22.70572721451476 22.808429955904757
502.1458333333333 22.704798002550618 22.807311745736225
502.6458333333333 22.70386749003312 22.806192421496633
503.1458333333333 22.702956428419657 22.805081138146505
503.6458333333333 22.70204769005189 22.803979772804027
504.1458333333333 22.701137383034524 22.80287227028385
504.6458333333333 22.700244651304033 22.801768953854534
505.1458333333333 22.699357500628064 22.800675398380832
505.6458333333333 22.69847230692628 22.799590488345586
506.1458333333333 22.697601142462776 22.79851468908848
506.6458333333333 22.69672535359512 22.79743095983086
507.1458333333333 22.695872415638128 22.79634844750197
507.6458333333333 22.695025472598893 22.79528338303956
508.1458333333333 22.694174682065004 22.79421152405423
508.6458333333333 22.693333315323482 22.793150862026916
509.1458333333333 22.69250375765961 22.792088799284574
509.6458333333333 22.69168391522618 22.79103532757652
510.1458333333333 22.690866829603465 22.789988630092367
510.6458333333333 22.69004972803911 22.78894622055811
511.1458333333333 22.689260654881277 22.78790897586035
511.6458333333333 22.688458632081264 22.786865875869395
512.1458333333334 22.687679289422604 22.785832455496266
512.6458333333334 22.686895359936084 22.78481081966822
513.1458333333334 22.686128120122046 22.783789349391036
513.6458333333334 22.685363260539745 22.782770073261666
514.1458333333334 22.68460782084817 22.78175379102982
514.6458333333334 22.683853446888023 22.780748608029025
515.1458333333334 22.683111220716388 22.779743417944797
515.6458333333334 22.682381554830574 22.778735176103076
516.1458333333334 22.68165314279997 22.777735536316488
516.6458333333334 22.680939013013152 22.776750412607456
517.1458333333334 22.680217617887873 22.775760020826617
517.6458333333334 22.679512928146597 22.77478106688955
518.1458333333334 22.67882825941303 22.77380198217241
518.6458333333334 22.678135636551083 22.77283021210956
519.1458333333334 22.67745644074171 22.771864168371522
519.6458333333334 22.67678633787697 22.770892897758635
520.1458333333334 22.67611834333568 22.769930677597543
520.6458333333334 22.675468626281415 22.768983135798578
521.1458333333334 22.674809947621497 22.768029038972553
521.6458333333334 22.67416970932676 22.767090135680192
522.1458333333334 22.673536921651497 22.766138416711076
522.6458333333334 22.672907559856625 22.76520683407307
523.1458333333334 22.67229164909225 22.764277436309833
523.6458333333334 22.671676690539964 22.763340300622694
524.1458333333334 22.671073706573384 22.76241939536604
524.6458333333334 22.670478667975914 22.761502064890024
525.1458333333334 22.669887369288986 22.760582657572684
525.6458333333334 22.66931118794828 22.759679560942473
526.1458333333334 22.668732310628403 22.758767517431814
526.6458333333334 22.668165261621752 22.757872305785142
527.1458333333334 22.667606252673544 22.756974219814513
527.6458333333334 22.667051106449115 22.756078134456914
528.1458333333334 22.666503802532596 22.755193343520915
528.6458333333334 22.665959212317063 22.75430889878306
529.1458333333334 22.665434887207397 22.75342650904205
529.6458333333334 22.664901159202678 22.75254814764951
530.1458333333334 22.664398784211272 22.751677842810125
530.6458333333334 22.663883554019137 22.75080603713797
531.1458333333334 22.663377230153664 22.749943948710975
531.6458333333334 22.662881015055987 22.749085361887566
532.1458333333334 22.66238583632376 22.748230125208057
532.6458333333334 22.661902514914082 22.74738449318456
533.1458333333334 22.661429308099045 22.746520003052872
533.6458333333334 22.660958404648206 22.745685277723446
534.1458333333334 22.66049030501703 22.74484999911938
534.6458333333334 22.660040114232878 22.744007725749395
535.1458333333334 22.65959384221673 22.743176700079808
535.6458333333334 22.659140924846653 22.74234673946006
536.1458333333334 22.658705521694507 22.741515173682597
536.6458333333334 22.65828962441089 22.740693019166514
537.1458333333334 22.657854467406583 22.739882329696965
537.6458333333334 22.657439606183644 22.739062550094275
538.1458333333334 22.657027536284815 22.73825491108278
538.6458333333334 22.656623592757846 22.737450251544015
539.1458333333334 22.656219867841493 22.736654526981035
539.6458333333334 22.655829868783307 22.73584394401485
540.1458333333334 22.655442077915215 22.73504719953463
540.6458333333334 22.65506571370663 22.73425861110434
541.1458333333334 22.654688644217256 22.73346871393276
541.6458333333334 22.654323574090537 22.73268346222656
542.1458333333334 22.653958927933306 22.73190164906317
542.6458333333334 22.653609093165418 22.731120683798377
543.1458333333334 22.653265707635292 22.730346658166653
543.6458333333334 22.65291373379049 22.729574741383768
544.1458333333334 22.652577699600617 22.72881201910385
544.6458333333334 22.65225167179687 22.7280447045572
545.1458333333334 22.651924762288633 22.72728368719976
545.6458333333334 22.651610609294973 22.726514699344555
546.1458333333334 22.651291326781255 22.725759952450083
546.6458333333334 22.650984984997883 22.725015963310618
547.1458333333334 22.650681838095878 22.724259468061227
547.6458333333334 22.650379990886293 22.723528003992026
548.1458333333334 22.650097863539624 22.722774425111943
548.6458333333334 22.649807122465244 22.722035493931582
549.1458333333334 22.649531145114736 22.721297455399775
549.6458333333334 22.649257088827135 22.720566640429446
550.1458333333334 22.64898687664678 22.719834103330964
550.6458333333334 22.648727441845665 22.7191140050857
551.1458333333334 22.648466197614944 22.71837965431436
551.6458333333334 22.64821489908158 22.71765913437443
552.1458333333334 22.64797285647741 22.71693910514777
552.6458333333334 22.647732121057476 22.716228990060362
553.1458333333334 22.64749114549847 22.715509935520195
553.6458333333334 22.64726093189119 22.71479597254293
554.1458333333334 22.647040143661464 22.714091631618455
554.6458333333334 22.646821822219472 22.71338866856994
555.1458333333334 22.646597116804582 22.7126844102228
555.6458333333334 22.64639316463262 22.71198266730126
556.1458333333334 22.646192554178064 22.711282719796216
556.6458333333334 22.64599866911475 22.710587931898083
557.1458333333334 22.645803327892065 22.709905651048512
557.6458333333334 22.645630411488757 22.709222064471973
558.1458333333334 22.645449358266497 22.708543029527846
558.6458333333334 22.64528866176116 22.707874499847662
559.1458333333334 22.64512184924304 22.707192098528477
559.6458333333334 22.644971602588832 22.70652691512204
560.1458333333334 22.644833430458007 22.705864564605527
560.6458333333334 22.644698228478273 22.705201339753867
561.1458333333334 22.644568045345338 22.704539997757767
561.6458333333334 22.644439183766472 22.70388490161514
562.1458333333334 22.64431907131298 22.703246671782395
562.6458333333334 22.644209409087438 22.702593901296165
563.1458333333334 22.6441068464994 22.701954664808813
563.6458333333334 22.644001967065215 22.70131788526343
564.1458333333334 22.643914336444816 22.70068075558198
564.6458333333334 22.643833218360292 22.700048088541465
565.1458333333334 22.64375861364325 22.69942068042664
565.6458333333334 22.64367772907873 22.69879494247561
566.1458333333334 22.64361882831789 22.698178640058263
566.6458333333334 22.643554658157335 22.697554111903408
567.1458333333334 22.643504608336848 22.696938477623085
567.6458333333334 22.64345187135243 22.69633309661552
568.1458333333334 22.643419047341 22.69571402348428
568.6458333333334 22.643383434459782 22.69511528144696
569.1458333333334 22.64334087626446 22.694508324516725
569.6458333333334 22.64331272118254 22.693912361753533
570.1458333333334 22.64329561816489 22.69331491473511
570.6458333333334 22.643279703889498 22.69271998460795
571.1458333333334 22.64326605779734 22.692121168520217
571.6458333333334 22.64325920406482 22.691518589968158
572.1458333333334 22.643266864840417 22.69093944988431
572.6458333333334 22.64327030069122 22.690360451024173
573.1458333333334 22.643281666940478 22.68976983425432
573.6458333333334 22.643298568339972 22.68919542475536
574.1458333333334 22.64331721180779 22.688614839798884
574.6458333333334 22.643341988176612 22.688042928126745
575.1458333333334 22.64336708824589 22.687468016661654
575.6458333333334 22.643401190899848 22.686898835030856
576.1458333333334 22.643441841401323 22.686335062158918
576.6458333333334 22.64348876821058 22.685760231227817
577.1458333333334 22.643532354155823 22.6851950228232
577.6458333333334 22.643576922708405 22.68463528930546
578.1458333333334 22.64363713384622 22.68407148152373
578.6458333333334 22.643694382720142 22.683515144360747
579.1458333333334 22.643762189221448 22.682953795679957
579.6458333333334 22.64382258983886 22.68240578632765
580.1458333333334 22.643892503211358 22.68183838603967
580.6458333333334 22.643971059599714 22.681298796763933
581.1458333333334 22.644050559674387 22.68074380803411
581.6458333333334 22.644134764954046 22.680190394942777
582.1458333333334 22.64421840502807 22.67965107396394
582.6458333333334 22.644301212744633 22.679106933171678
583.1458333333334 22.64439289715703 22.678562235300973
583.6458333333334 22.644488038694682 22.678013055677425
