FastTrWP/PhaseSpace/IAs/snIa_0.46_30.00_0.84_0.08.csv
# %ECSV 0.9
# ---
# datatype:
# - {name: time-rel, datatype: float64}
# - {name: g, datatype: float64}
# - {name: i, datatype: float64}
# schema: astropy-2.0
time-rel g i
-421.5 26.99468822646935 24.801640947460314
-421.0 26.972649450802276 24.79354561209415
-420.5 26.950873643906874 24.785497008465313
-420.0 26.92951342972092 24.777501661146214
-419.5 26.90841678664402 24.769535180722173
-419.0 26.887539739742486 24.76158800466883
-418.5 26.86689262155125 24.753683507357678
-418.0 26.846606760910838 24.74579628204019
-417.5 26.826565019988156 24.737989513424708
-417.0 26.806727731391202 24.730205541998878
-416.5 26.787184444600406 24.722429615195086
-416.0 26.767858391526858 24.714713831692215
-415.5 26.748804357702642 24.707020631805477
-415.0 26.729915135975233 24.699365466465373
-414.5 26.711272584946478 24.691750924114537
-414.0 26.692789607455538 24.684142946665357
-413.5 26.674471140066196 24.67656923968409
-413.0 26.65632959839707 24.66899745753466
-412.5 26.638276574759495 24.6614524712146
-412.0 26.62044392673863 24.65394568057181
-411.5 26.602787929161856 24.646436298154075
-411.0 26.58521743083113 24.638970937183412
-410.5 26.567782951906437 24.631536925557754
-410.0 26.55053661906459 24.624088819077915
-409.5 26.533468698401098 24.616668488282222
-409.0 26.51651970870802 24.609290419391748
-408.5 26.499673211532414 24.6019236795275
-408.0 26.483009575301253 24.594566802254924
-407.5 26.466430957404228 24.5872429672831
-407.0 26.4500494496043 24.579970503870385
-406.5 26.433800509460433 24.572677820488664
-406.0 26.4176779065308 24.565424284707706
-405.5 26.401737560187918 24.558198800257433
-405.0 26.38584186973066 24.550999907748125
-404.5 26.370103915176642 24.54380183014568
-404.0 26.354541183002492 24.53665000693779
-403.5 26.339049970469027 24.529502556060446
-403.0 26.32373532588426 24.522393000144767
-402.5 26.308540557934023 24.51530679687594
-402.0 26.29340858905573 24.50824863201992
-401.5 26.27841925192923 24.501200272104143
-401.0 26.263635995536486 24.49418879252777
-400.5 26.248900025065737 24.48719965891756
-400.0 26.23428823850738 24.480250041603078
-399.5 26.21982291970682 24.47328780241664
-399.0 26.20545217683278 24.46634708192075
-398.5 26.191198684590823 24.459461717129415
-398.0 26.177033199153822 24.452585142398462
-397.5 26.1630389629589 24.44573804258486
-397.0 26.149083375132914 24.438920919485362
-396.5 26.135311653832463 24.432109976145778
-396.0 26.12161340026072 24.425332799588595
-395.5 26.10800005289739 24.41858790616566
-395.0 26.09453590217393 24.411869839388864
-394.5 26.08118358053001 24.405150265051034
-394.0 26.067917964371674 24.398475039225286
-393.5 26.05473377334595 24.391837599492078
-393.0 26.041655296790545 24.3851993068399
-392.5 26.02870667599328 24.3785912082885
-392.0 26.01585646030024 24.372018857435478
-391.5 26.00306240038026 24.36544332525449
-391.0 25.990436979886248 24.3589094325764
-390.5 25.977826646960324 24.352417695494182
-390.0 25.965377730340332 24.345923154823524
-389.5 25.953027753840754 24.339474270739593
-389.0 25.940741042074535 24.333048209834047
-388.5 25.928530008180857 24.326640985579488
-388.0 25.916426571042077 24.32024329504867
-387.5 25.904454656990666 24.313897960231664
-387.0 25.892534060156525 24.307549735019663
-386.5 25.880685925547695 24.30126166722454
-386.0 25.868971529663156 24.294954645052613
-385.5 25.857329729822446 24.28869172925541
-385.0 25.845733434778708 24.282462081552403
-384.5 25.834263119632496 24.276246557914178
-384.0 25.82287338821539 24.270062973444226
-383.5 25.81159101446768 24.263882008314695
-383.0 25.800351611774488 24.257768146190006
-382.5 25.789215559306733 24.251646475219438
-382.0 25.77815097992793 24.245544912241126
-381.5 25.7672100812775 24.239489821970608
-381.0 25.75626588057859 24.233441900162855
-380.5 25.745467331795922 24.227422433657896
-380.0 25.734742671015137 24.221428727749064
-379.5 25.72405181406484 24.215463642506826
-379.0 25.713427957586738 24.20949219541823
-378.5 25.702846422354195 24.203555755407198
-378.0 25.692357985676985 24.197610736102074
-377.5 25.68185806272243 24.191679466281293
-377.0 25.671454524368293 24.18579159067417
-376.5 25.6610342580889 24.179909475115796
-376.0 25.65072535530443 24.174026563185645
-375.5 25.640416630674757 24.168164809178677
-375.0 25.630238788050338 24.16232087411864
-374.5 25.620049727163305 24.1564843869486
-374.0 25.609955866780645 24.150688685959842
-373.5 25.599852220550538 24.144884534183575
-373.0 25.589815891034704 24.139087053159912
-372.5 25.579856327144427 24.133328252022398
-372.0 25.56991787104473 24.12759222523324
-371.5 25.560072638704106 24.121861829677943
-371.0 25.550249479950452 24.116130248089206
-370.5 25.54046144510471 24.110446481303143
-370.0 25.530757965471096 24.10474344417033
-369.5 25.521095825605627 24.099082937323146
-369.0 25.511490433146115 24.093446943670237
-368.5 25.50192289633721 24.08781166084756
-368.0 25.49242208405569 24.082195443587786
-367.5 25.482947982813336 24.07660558374512
-367.0 25.473559262629873 24.07101984815747
-366.5 25.464185636047393 24.065451897810938
-366.0 25.45487453118938 24.05992127466272
-365.5 25.44562563026109 24.054397990865894
-365.0 25.436440411184883 24.04889187178337
-364.5 25.42726998450656 24.04340822021465
-364.0 25.41818407359806 24.03793158983998
-363.5 25.409129539507145 24.032490630550313
-363.0 25.400137787442997 24.02705341910634
-362.5 25.391178893133993 24.021638965165796
-362.0 25.382295059097295 24.016245080254
-361.5 25.37345217506892 24.010861685256756
-361.0 25.364658205195987 24.005526726267522
-360.5 25.355925351222155 24.000174021644053
-360.0 25.347223386296744 23.99483985604484
-359.5 25.33857448218521 23.989553688610783
-359.0 25.329973031744704 23.984279843718156
-358.5 25.32145724987671 23.97900929969852
-358.0 25.312942247407335 23.97376882238627
-357.5 25.3045160507927 23.96855329718985
-357.0 25.296111925216746 23.96334760093871
-356.5 25.28777269376791 23.958143503597395
-356.0 25.27949667796916 23.952992941677252
-355.5 25.271224599953506 23.947850953160593
-355.0 25.263043287613844 23.942719234947578
-354.5 25.254894714253197 23.937619598258927
-354.0 25.246791741347007 23.932522812852742
-353.5 25.23875456546111 23.927470491970034
-353.0 25.230734979915027 23.922422880158628
-352.5 25.222779100711726 23.917391840569394
-352.0 25.214900410383486 23.912380241988785
-351.5 25.207049916648124 23.907408821875322
-351.0 25.199246163422416 23.902432279608284
-350.5 25.191479352617453 23.89748690338002
-350.0 25.183751063759267 23.89255381830901
-349.5 25.17608012380219 23.887658152086185
-349.0 25.16849688449355 23.88278257865956
-348.5 25.160926466411063 23.877920015481727
-348.0 25.153357170407492 23.873073272464794
-347.5 25.14589202669521 23.868225872693714
-347.0 25.138469620586537 23.863425655117425
-346.5 25.131087537698487 23.858647332614233
-346.0 25.123773297921534 23.853886930513827
-345.5 25.116458387872296 23.849135387274462
-345.0 25.10922089570737 23.84442147185225
-344.5 25.102025202455863 23.839724962242084
-344.0 25.09482313763003 23.835016140967
-343.5 25.087659764389425 23.83033647687601
-343.0 25.080534359473923 23.82566973399543
-342.5 25.073445494223954 23.821010818281717
-342.0 25.06636394246037 23.816364745099314
-341.5 25.05932108754194 23.811713625555477
-341.0 25.05231261906907 23.80709524366616
-340.5 25.04533344888729 23.802496515320062
-340.0 25.038343128275066 23.797893445341973
-339.5 25.031418631774528 23.793305258479723
-339.0 25.024512009808248 23.788743068305717
-338.5 25.017651385178592 23.784189046780337
-338.0 25.0108114633942 23.77963658389968
-337.5 25.003980838594863 23.775101978133964
-337.0 24.997198118576662 23.770592668314897
-336.5 24.99044539466044 23.766092348871076
-336.0 24.98370665079566 23.761591495614272
-335.5 24.976995220827494 23.757118960359655
-335.0 24.970310313315412 23.752643068703332
-334.5 24.963665808865812 23.74818897098251
-334.0 24.957058376760234 23.743751608811245
-333.5 24.950470186336865 23.739326249903023
-333.0 24.943901357651583 23.73491630709689
-332.5 24.937366385614705 23.730528898460026
-332.0 24.930869705775134 23.72613891838242
-331.5 24.924430483692582 23.72177110662577
-331.0 24.917983105614525 23.717420246678866
-330.5 24.911559692545474 23.713065493842404
-330.0 24.905175780803717 23.708757643001196
-329.5 24.898822707552434 23.70443681277772
-329.0 24.892504002396997 23.70013791908429
-328.5 24.886192697345827 23.695847740771974
-328.0 24.879947806554892 23.691579113048036
-327.5 24.873709108955367 23.68732924409595
-327.0 24.867501216559596 23.683089635263492
-326.5 24.861324440469346 23.678853349592433
-326.0 24.85517745479971 23.67464491351232
-325.5 24.849049243622776 23.670450121862373
-325.0 24.842965622089718 23.666276721478447
-324.5 24.83691096879327 23.662104297981674
-324.0 24.830858155383858 23.657932082545297
-323.5 24.82487481037984 23.65380427107152
-323.0 24.818890177520558 23.649666482283042
-322.5 24.812954601760072 23.645562290188927
-322.0 24.807050646806154 23.64147032626219
-321.5 24.801155044999476 23.637387207999847
-321.0 24.79530768991005 23.633335367174627
-320.5 24.789456675175177 23.629270854676548
-320.0 24.783679644258374 23.625243923634038
-319.5 24.777898317460437 23.621222237454596
-319.0 24.772158074155975 23.61722160817226
-318.5 24.766435796337987 23.613228493669943
-318.0 24.760773648128055 23.609255529414078
-317.5 24.75511704099408 23.605288140382218
-317.0 24.74949405459349 23.60133975371738
-316.5 24.743901655067173 23.59740780967646
-316.0 24.738327554486478 23.593492245295167
-315.5 24.732819571269875 23.58958995825768
-315.0 24.727301955745524 23.58570753952927
-314.5 24.721825180552695 23.58184493169127
-314.0 24.716357107193367 23.577997317296948
-313.5 24.710943285750577 23.574147410085658
-313.0 24.705556173225194 23.570328345266173
-312.5 24.70019696102586 23.566508956353168
-312.0 24.694849260039472 23.562712704717292
-311.5 24.68953956860411 23.558945846822816
-311.0 24.68425975552605 23.555180320610063
-310.5 24.67902454716107 23.551438022346844
-310.0 24.6737833529691 23.547707853589518
-309.5 24.66858575598231 23.543991908884312
-309.0 24.66342102318979 23.540291323019073
-308.5 24.658274695638326 23.536593095164662
-308.0 24.65313334476995 23.53292174377629
-307.5 24.648044171048 23.529250293073773
-307.0 24.64295282083047 23.52558982713323
-306.5 24.637910050672154 23.52196051680336
-306.0 24.632855283814227 23.518334291861155
-305.5 24.627841449483423 23.514709346861306
-305.0 24.622860364392487 23.511109668044003
-304.5 24.617893880701885 23.507525063567336
-304.0 24.612927006593036 23.50394532372181
-303.5 24.60801487072633 23.500363727845077
-303.0 24.603095825774247 23.496808693754083
-302.5 24.598198924623663 23.493265379619434
-302.0 24.593335798167505 23.48973938731726
-301.5 24.58848147800083 23.48621214745437
-301.0 24.5836555211506 23.482706785866874
-300.5 24.57884403128783 23.4792090179438
-300.0 24.574057587618626 23.475729937001937
-299.5 24.569282785068623 23.472240118445335
-299.0 24.564508468477932 23.468772011852764
-298.5 24.559783726607797 23.465318571407508
-298.0 24.55506215996835 23.46187000120097
-297.5 24.550383326772224 23.45843409572194
-297.0 24.54568212262201 23.455003852232764
-296.5 24.541038421172743 23.451596581553705
-296.0 24.536386623907976 23.44818616369499
-295.5 24.531767796137682 23.44479742086026
-295.0 24.52714475198691 23.441418884131377
-294.5 24.52255190476501 23.438026685461463
-294.0 24.51797410447384 23.434677731345907
-293.5 24.513411849607827 23.43131577205099
-293.0 24.50887363969077 23.42797281163104
-292.5 24.504355024776103 23.424638316655127
-292.0 24.499837904407485 23.4213208974697
-291.5 24.495336559002936 23.418003678674136
-291.0 24.490877600144575 23.414683675832872
-290.5 24.486407050065683 23.411395593264068
-290.0 24.481962044930032 23.408098537719123
-289.5 24.47753207291845 23.404816670664253
-289.0 24.473127985765565 23.401548203749655
-288.5 24.46871277727741 23.398291455738345
-288.0 24.464329195733328 23.39502967461373
-287.5 24.45995874822166 23.391780981490324
-287.0 24.455577709294523 23.388546685564645
-286.5 24.451267797095333 23.385319039128962
-286.0 24.44693133446085 23.38209129562081
-285.5 24.442598341302002 23.378899884368778
-285.0 24.43831677276919 23.37567521200663
-284.5 24.43402270133952 23.372478343475812
-284.0 24.42975218614611 23.36929821362183
-283.5 24.425489307158465 23.366119762628834
-283.0 24.421241847626337 23.36294701321986
-282.5 24.417013981823345 23.359782988112926
-282.0 24.412793186789553 23.356622872124426
-281.5 24.408587282101912 23.35346134073379
-281.0 24.404384031466044 23.35032472872356
-280.5 24.400229844719806 23.347198986737887
-280.0 24.396037543012405 23.34407021860457
-279.5 24.391883336845524 23.34095232693558
-279.0 24.387752533345996 23.337839318371806
-278.5 24.383621051068744 23.334732810278712
-278.0 24.379518789536895 23.331635162008514
-277.5 24.375394042236064 23.32854039469475
-277.0 24.371306663666573 23.325462449459188
-276.5 24.367223508068502 23.32238244035053
-276.0 24.36316041756085 23.31931762266459
-275.5 24.359079656286617 23.316247416182886
-275.0 24.35505153213834 23.313192814425896
-274.5 24.351005331483737 23.310142698324825
-274.0 24.34697293242389 23.30710663521264
-273.5 24.342986680135944 23.3040748454521
-273.0 24.33898687837774 23.301056468260395
-272.5 24.33500287277946 23.298036172045226
-272.0 24.331042722257727 23.295027084058233
-271.5 24.327084033590243 23.292021647377837
-271.0 24.323136745956482 23.289031480116314
-270.5 24.319197755592292 23.28604828775643
-270.0 24.315274333634697 23.283072611792072
-269.5 24.311381122099277 23.280096470813785
-269.0 24.30747939990915 23.277133048648633
-268.5 24.303598883370565 23.27417471987991
-268.0 24.29972518249487 23.271229599462472
-267.5 24.295852184945904 23.268288443348467
-267.0 24.292003739024217 23.265345274938092
-266.5 24.288177263995593 23.26242589353872
-266.0 24.284338654762475 23.259509017258374
-265.5 24.280541631442773 23.25658447815229
-265.0 24.27672348563078 23.25368565662975
-264.5 24.272936213419474 23.25078078075359
-264.0 24.269136385923943 23.24789013861823
-263.5 24.26538449048752 23.244994847586543
-263.0 24.26159291874159 23.242126606945213
-262.5 24.257854494960355 23.23924192277008
-262.0 24.25411433717173 23.236382664214705
-261.5 24.250380652528225 23.23352480685007
-261.0 24.24667250606548 23.230653883723317
-260.5 24.24295055704468 23.227822798368848
-260.0 24.23925081241808 23.224983583966207
-259.5 24.235572446119708 23.222137465807347
-259.0 24.231874047717103 23.21931727947948
-258.5 24.228213086037115 23.216494078981217
-258.0 24.22454906929891 23.21366883623817
-257.5 24.220904057664345 23.21085311250959
-257.0 24.21725151715302 23.20806152674825
-256.5 24.213624225935 23.20525425653799
-256.0 24.20998762494471 23.202459904154807
-255.5 24.206386988679533 23.19967302255876
-255.0 24.20277577631788 23.196896017697416
-254.5 24.19916771272952 23.194115322098643
-254.0 24.195579387465166 23.19135021038344
-253.5 24.192001647419637 23.18856569695948
-253.0 24.188443185741114 23.18581363499401
-252.5 24.18487882198545 23.18305722027928
-252.0 24.18132165846751 23.180315167968075
-251.5 24.177776223619393 23.177567011273513
-251.0 24.174252108527945 23.174840082388144
-250.5 24.170714342635957 23.172097596919365
-250.0 24.16718233033417 23.169369109522574
-249.5 24.16368345371495 23.166642478415703
-249.0 24.16018589720926 23.163929336865195
-248.5 24.15667519483381 23.161219816248895
-248.0 24.153203725896553 23.15850172848394
-247.5 24.149721412598666 23.1558024689419
-247.0 24.146256083939054 23.15310884452057
-246.5 24.142781804140633 23.15040538863677
-246.0 24.139319136544046 23.14772096967069
-245.5 24.135885190760312 23.14504213290817
-245.0 24.132429028184003 23.14235424966948
-244.5 24.129011808643682 23.139680316754855
-244.0 24.12557895292297 23.13701218032929
-243.5 24.122160639044946 23.134350497093223
-243.0 24.118750870285798 23.13168313363048
-242.5 24.115339465311596 23.129024181264523
-242.0 24.111938196469737 23.126367772688347
-241.5 24.108567324125328 23.123715378811674
