FastTrWP/PhaseSpace/IAs/snIa_0.42_30.00_0.24_0.06.csv
# %ECSV 0.9
# ---
# datatype:
# - {name: time-rel, datatype: float64}
# - {name: g, datatype: float64}
# - {name: i, datatype: float64}
# schema: astropy-2.0
time-rel g i
[from data line 288]
325.6666666666667 24.336902683227343 23.433650536657975
326.1666666666667 24.332543699279544 23.4302424961475
326.6666666666667 24.32820094535398 23.42685157291249
327.1666666666667 24.323909084370555 23.423481277193705
327.6666666666667 24.319590405836333 23.42008742809362
328.1666666666667 24.315295756360165 23.416741315056605
328.6666666666667 24.311009476647698 23.41337136994996
329.1666666666667 24.306773613766808 23.41002489593484
329.6666666666667 24.302502534779933 23.406673738247278
330.1666666666667 24.298234365875373 23.403327095713664
330.6666666666667 24.294010290941422 23.400004672667993
331.1666666666667 24.289782367845763 23.39668158378627
331.6666666666667 24.285561343577704 23.393359578531893
332.1666666666667 24.28134652600704 23.39005558481353
332.6666666666667 24.277165302658062 23.38675368653988
333.1666666666667 24.27298617205393 23.383459071215277
333.6666666666667 24.268818863762473 23.38016297890601
334.1666666666667 24.26464112789429 23.376884682803443
334.6666666666667 24.260501873739486 23.373614298658584
335.1666666666667 24.256354582998302 23.37033493904448
335.6666666666667 24.252233031685204 23.367083700600197
336.1666666666667 24.248117684450335 23.363825365367795
336.6666666666667 24.243991067889873 23.360570610099636
337.1666666666667 24.239905561009756 23.35731560235137
337.6666666666667 24.2358182595145 23.35408961357909
338.1666666666667 24.231734015315798 23.350860696590455
338.6666666666667 24.227657631509764 23.347636378213732
339.1666666666667 24.223598897742654 23.344412703973955
339.6666666666667 24.219533623562377 23.341210589526504
340.1666666666667 24.215493466264085 23.33800509683674
340.6666666666667 24.211463562432126 23.33480561416816
341.1666666666667 24.207449024361654 23.331610057542132
341.6666666666667 24.20343835354251 23.328428218100818
342.1666666666667 24.199419446632913 23.325242988219262
342.6666666666667 24.195426196774555 23.3220676009026
343.1666666666667 24.19144367050936 23.318902378876647
343.6666666666667 24.187457135997864 23.315732113353086
344.1666666666667 24.183484144820074 23.312572989866474
344.6666666666667 24.179540238937783 23.30941911346371
345.1666666666667 24.17556616322917 23.306276793410344
345.6666666666667 24.171642567744325 23.303123464224264
346.1666666666667 24.167702433841317 23.299999885210028
346.6666666666667 24.163772353138352 23.296848536107518
347.1666666666667 24.159857739893024 23.293734990202267
347.6666666666667 24.155948819588456 23.290615256609705
348.1666666666667 24.152022666505456 23.287498277228952
348.6666666666667 24.148138299758127 23.284387276985115
349.1666666666667 24.144259915291535 23.281275398461496
349.6666666666667 24.14037655202109 23.27817092053019
350.1666666666667 24.136506900202527 23.275072556507933
350.6666666666667 24.13263291127273 23.27199019780291
351.1666666666667 24.128784689302 23.26891410067287
351.6666666666667 24.124939176767796 23.265823990906895
352.1666666666667 24.12110334307089 23.262744860745723
352.6666666666667 24.117257440498328 23.25968161799651
353.1666666666667 24.113438102059284 23.256610705564512
353.6666666666667 24.109615056410327 23.253554220625496
354.1666666666667 24.10581983793041 23.25049176248474
354.6666666666667 24.10201115241547 23.2474470767433
355.1666666666667 24.098224616848416 23.24440674412414
355.6666666666667 24.09444597026786 23.241370732371827
356.1666666666667 24.09066995646253 23.238343818489113
356.6666666666667 24.086895856457087 23.235303771083224
357.1666666666667 24.08314674804686 23.232288189667187
357.6666666666667 24.079398925281637 23.22927026202825
358.1666666666667 24.07564558419164 23.22625718802285
358.6666666666667 24.07192517392659 23.22325844761994
359.16666666666663 24.068194096641335 23.220259865241516
359.6666666666667 24.064487040809148 23.217268060679142
360.1666666666667 24.060772021425745 23.214273585479926
360.66666666666663 24.057072742567538 23.211294284378138
361.1666666666667 24.05336193040654 23.208309932007054
361.6666666666667 24.04969658438751 23.205344371437604
362.16666666666663 24.046005561798886 23.202374349362515
362.6666666666667 24.042339182404945 23.199417453690977
363.1666666666667 24.03867569219804 23.196449034015274
363.66666666666663 24.03501350013527 23.193499520288235
364.1666666666667 24.031369350767008 23.19054763187139
364.6666666666667 24.027719772026785 23.187609899042812
365.16666666666663 24.024096483429567 23.184665525168718
365.6666666666667 24.02046404440238 23.181737092739247
366.1666666666667 24.01684325057491 23.178813286729742
366.66666666666663 24.0132412747421 23.175891613896113
367.1666666666667 24.009613793324608 23.17297561893911
367.6666666666667 24.006038761488426 23.170052087378963
368.16666666666663 24.002431432525732 23.167146197881337
368.6666666666667 23.99886481582266 23.164238402049403
369.1666666666667 23.99527371933955 23.16134110917289
369.66666666666663 23.991705226631197 23.15843963854165
370.1666666666667 23.98814803022821 23.155549882113906
370.6666666666667 23.984590829910097 23.152670655696795
371.16666666666663 23.981031816312637 23.149783583723796
371.6666666666667 23.977492921677385 23.146905834909823
372.1666666666667 23.97395163988046 23.144026380329827
372.66666666666663 23.970424255114263 23.141160897085605
373.1666666666667 23.96689106351138 23.138293195959577
373.6666666666667 23.963376334279708 23.135438294326967
374.16666666666663 23.959867088311995 23.132580857751435
374.6666666666667 23.95634292718932 23.12972902983806
375.1666666666667 23.952864824280105 23.126887174763958
375.66666666666663 23.94935921142544 23.124044010859343
376.1666666666667 23.945875191848135 23.1211861035921
376.6666666666667 23.942410870360114 23.11836158779513
377.16666666666663 23.938919735122877 23.11552712250257
377.6666666666667 23.935459352956507 23.112699200067635
378.1666666666667 23.932012458985035 23.10987630347138
378.66666666666663 23.92854144506472 23.10705255750761
379.1666666666667 23.925094293054485 23.10423423484577
379.6666666666667 23.92165881233761 23.101422355786628
380.16666666666663 23.918211487613256 23.09861441820551
380.6666666666667 23.914784261586544 23.095806438005773
381.1666666666667 23.911360496861597 23.093015676787488
381.66666666666663 23.907935242855103 23.09021532388396
382.1666666666667 23.90452087523657 23.087419413525005
382.6666666666667 23.901112157963222 23.084628052771055
383.16666666666663 23.897715128363608 23.08184152494992
383.6666666666667 23.894314203325322 23.07905809250816
384.1666666666667 23.890907412223264 23.076283562803795
384.66666666666663 23.887541847809523 23.0735165990678
385.1666666666667 23.884158035445367 23.070735312344
385.6666666666667 23.880777085018128 23.067966864038738
386.16666666666663 23.87741406495764 23.065200679494673
386.6666666666667 23.874039419662587 23.06244404533119
387.1666666666667 23.870686041804028 23.059679441134517
387.66666666666663 23.86730883019949 23.056927202929614
388.1666666666667 23.86395204269457 23.054177242801845
388.6666666666667 23.860586866472396 23.051409916248357
389.16666666666663 23.857216902014827 23.048650850166958
389.6666666666667 23.8538462285873 23.045890544482713
390.1666666666667 23.85046718611603 23.043141838377625
390.66666666666663 23.847106443380124 23.040365434587244
391.1666666666667 23.84373687982595 23.037615041284205
391.6666666666667 23.840347598437774 23.034856507083312
392.16666666666663 23.836975896841874 23.032101826309503
392.6666666666667 23.833614798137894 23.029339107948058
393.1666666666667 23.830246440994586 23.02659864884243
393.66666666666663 23.82686340804436 23.02383946182625
394.1666666666667 23.823527681158588 23.021098547984415
394.6666666666667 23.82016660817067 23.018346766565468
395.16666666666663 23.81679787623236 23.015608073333333
395.6666666666667 23.813446211001327 23.012860462042738
396.1666666666667 23.81008358448809 23.010125072755997
396.66666666666663 23.80673950957691 23.007391376057598
397.1666666666667 23.803402953109604 23.004658344242035
397.6666666666667 23.800055776958082 23.001929462996547
398.16666666666663 23.796750359832433 22.999199499721094
398.6666666666667 23.79341259188947 22.996480461328865
399.1666666666667 23.790098082463714 22.993767499971035
399.66666666666663 23.786779476875676 22.991041618520285
400.1666666666667 23.783478521319452 22.988336730804548
400.6666666666667 23.780172733448627 22.985636293194748
401.16666666666663 23.776900656109188 22.982942188112876
401.6666666666667 23.773594438898623 22.980237677515596
402.1666666666667 23.770322869215658 22.977540712668002
402.66666666666663 23.767053255371447 22.97486858332073
403.1666666666667 23.76380206723976 22.972188204837757
403.6666666666667 23.760546618802493 22.969514560742223
404.16666666666663 23.757328256758697 22.966841753126154
404.6666666666667 23.754096402632527 22.96418762056838
405.1666666666667 23.75087163221785 22.961531595765805
405.66666666666663 23.74764992021637 22.958882748899434
406.1666666666667 23.744461668935244 22.95624000999476
406.6666666666667 23.741269690738 22.95359889671932
407.16666666666663 23.73810347413791 22.950967242488453
407.6666666666667 23.73494646532571 22.948351759715816
408.1666666666667 23.731782114987602 22.94573875978992
408.66666666666663 23.728639517993937 22.943116554977777
409.1666666666667 23.72551452643123 22.940523856918414
409.6666666666667 23.722400050553155 22.93793111179514
410.16666666666663 23.719288292630168 22.935352758028653
410.6666666666667 23.71620022486151 22.93276384340902
411.1666666666667 23.713128726296155 22.93020101436866
411.66666666666663 23.710077085742252 22.927636256982296
412.1666666666667 23.707015853437035 22.925085545462093
412.6666666666667 23.703978226410776 22.922534069149577
413.16666666666663 23.70095948108727 22.920004871841535
413.6666666666667 23.697961761790843 22.91747190479132
414.1666666666667 23.694977814107375 22.914954836514575
414.66666666666663 23.69200711662916 22.912436188375192
415.1666666666667 23.689034244745926 22.909940843716363
415.6666666666667 23.686092818997967 22.907448718838893
416.16666666666663 23.6831681582904 22.904963337300632
416.6666666666667 23.680253595913044 22.902496405568233
417.1666666666667 23.67734286512919 22.90003459829088
417.66666666666663 23.674470799405075 22.897566670383554
418.1666666666667 23.671609288020512 22.895130011924945
418.6666666666667 23.668756387646646 22.892706906585694
419.16666666666663 23.665929350108833 22.89027887388289
419.6666666666667 23.663126830725567 22.887865357776278
420.1666666666667 23.66032829630429 22.885466712566732
420.66666666666663 23.6575616322447 22.883066934381937
421.1666666666667 23.654809101284613 22.88068539443951
421.6666666666667 23.652056088888447 22.878310844796065
422.16666666666663 23.649296740338663 22.87594207349567
422.6666666666667 23.646567494930043 22.8735782139115
423.1666666666667 23.643838974792843 22.871218691298196
423.66666666666663 23.641128726068818 22.86885023708795
424.1666666666667 23.638416260108063 22.86649981266534
424.6666666666667 23.635708480863432 22.864146655290757
425.16666666666663 23.63300116934825 22.861805495538796
425.6666666666667 23.63031319790626 22.859469262723216
426.1666666666667 23.627634770361844 22.857139479923056
426.66666666666663 23.62494781087028 22.854814268504104
427.1666666666667 23.622294423030645 22.852490433069757
427.6666666666667 23.619634825839476 22.850178096616837
428.16666666666663 23.616983699869557 22.84786350033128
428.6666666666667 23.61434616546688 22.845562775064586
429.1666666666667 23.61171507742337 22.84327010851554
429.66666666666663 23.609090791419774 22.84096874357225
430.1666666666667 23.606469513770133 22.838678111817252
430.6666666666667 23.603881874733695 22.836394350134285
431.16666666666663 23.601278042738578 22.83412351982981
431.6666666666667 23.59868788180707 22.831849295296188
432.1666666666667 23.596112645265308 22.82957504332399
432.66666666666663 23.59353617919959 22.827324876579876
433.1666666666667 23.59098542063944 22.82507139701331
433.6666666666667 23.588436520804432 22.82282791121495
434.16666666666663 23.585904373958773 22.82058665986453
434.6666666666667 23.583373119635738 22.818344006370474
435.1666666666667 23.580853407508297 22.81612415174367
435.66666666666663 23.578344283588557 22.81390134940374
436.1666666666667 23.575840702404793 22.81169088778492
436.6666666666667 23.573357766836324 22.809474711305775
437.16666666666663 23.570888911294197 22.807276625829918
437.6666666666667 23.56842393649217 22.805082562743983
438.1666666666667 23.565948102724946 22.802896188873447
438.66666666666663 23.563517297343978 22.800710375448862
439.1666666666667 23.561085586901278 22.798535410797385
439.6666666666667 23.558656376543116 22.796366686907014
440.16666666666663 23.556239553329892 22.794213143889337
440.6666666666667 23.553849979117032 22.792050278417072
441.1666666666667 23.551456508895395 22.7898978727668
441.66666666666663 23.549078805863275 22.787767907454715
442.1666666666667 23.546721261138725 22.78563792459982
442.6666666666667 23.54435632759452 22.783503126577468
443.16666666666663 23.542017680188092 22.7813862964355
443.6666666666667 23.539672429800916 22.77927461709325
444.1666666666667 23.5373767122875 22.777166944545726
444.66666666666663 23.53506043292935 22.77507317314186
445.1666666666667 23.53277868814748 22.772979315282434
445.6666666666667 23.53048231455816 22.770906405022973
446.16666666666663 23.528223265678953 22.768831782990425
446.6666666666667 23.52596751877426 22.766756261523074
447.1666666666667 23.52371837341584 22.764703268001327
447.66666666666663 23.521491197496577 22.76264344786727
448.1666666666667 23.519261278673458 22.76060323760322
448.6666666666667 23.517058556006774 22.75856934974868
449.16666666666663 23.514866486515714 22.756535200020508
449.6666666666667 23.512689599831905 22.754519014053123
450.1666666666667 23.51050714264519 22.752505872106322
450.66666666666663 23.508358862145506 22.75050088355877
451.1666666666667 23.50621894054317 22.748506803496177
451.6666666666667 23.50408617253048 22.74651689633864
452.16666666666663 23.501976284117312 22.74453150500645
452.6666666666667 23.499871998811436 22.74256090339117
453.1666666666667 23.497762601388924 22.740593519261694
453.66666666666663 23.49569404755953 22.738637502113924
454.1666666666667 23.493637030252774 22.73669177047673
454.6666666666667 23.49159278046377 22.7347584320743
455.16666666666663 23.4895654418209 22.732826045338847
455.6666666666667 23.487542175252585 22.73090505349804
456.1666666666667 23.48552560024394 22.728986056368967
456.66666666666663 23.48352999501246 22.727073488149006
457.1666666666667 23.48153258469294 22.72516862775511
457.6666666666667 23.47955484858172 22.723271569140575
458.16666666666663 23.477581792837036 22.721380959231038
458.6666666666667 23.475613931965782 22.71948428248527
459.1666666666667 23.47366249397733 22.717611504545552
459.66666666666663 23.471718759309436 22.715733764859067
460.1666666666667 23.469779572786564 22.71387072825626
460.6666666666667 23.46786535755085 22.71201327400508
461.16666666666663 23.465952142390346 22.71014432762112
461.6666666666667 23.464039143793002 22.70830395139764
462.1666666666667 23.462144067569156 22.706459449742255
462.66666666666663 23.460271181643506 22.704615830317838
463.1666666666667 23.458386830524937 22.70278872345218
463.6666666666667 23.456510989116385 22.700960843574816
464.16666666666663 23.454656593411137 22.69914561063341
464.6666666666667 23.452815274025372 22.697328849340185
465.1666666666667 23.450964453439283 22.695520624198586
465.66666666666663 23.449138625353243 22.69372020194197
466.1666666666667 23.447329215966324 22.691923502624014
466.6666666666667 23.445510761079454 22.690133795342206
467.16666666666663 23.44370820607438 22.68834835867498
467.6666666666667 23.44191832322762 22.686571108039164
468.1666666666667 23.44014046090413 22.684797985555576
468.66666666666663 23.438360570686992 22.68304559253568
