FastTrWP/PhaseSpace/IAs/snIa_0.55_30.00_0.17_0.10.csv
# %ECSV 0.9
# ---
# datatype:
# - {name: time-rel, datatype: float64}
# - {name: g, datatype: float64}
# - {name: i, datatype: float64}
# schema: astropy-2.0
time-rel g i
[from data line 1079]
144.0 23.90817863226019 22.28924999297456
144.5 23.90940956485519 22.28918344529889
145.0 23.91063251309333 22.289115625094375
145.5 23.911855077856174 22.289049098705355
146.0 23.913095336272654 22.288982499080646
146.5 23.914317079098776 22.28891535132402
147.0 23.91554718235421 22.288854937299764
147.5 23.91677567998167 22.28879275493182
148.0 23.91801028716887 22.288735039714332
148.5 23.919260166510085 22.28868200434309
149.0 23.92048902666724 22.288624140797996
149.5 23.921715725578537 22.288566316946905
150.0 23.922952950602276 22.288513629975842
150.5 23.92418575085527 22.288467732067346
151.0 23.925453719950095 22.288413308321168
151.5 23.92668719043265 22.288366357507705
152.0 23.927936252093005 22.288320307064588
152.5 23.929194864692246 22.288281391083228
153.0 23.930463539722457 22.288235231281526
153.5 23.93172665561923 22.288201012832115
154.0 23.9330050133295 22.288159835285747
154.5 23.934263074337387 22.288125296001276
155.0 23.935542007813307 22.288089977623727
155.5 23.936829591331797 22.288061571632632
156.0 23.938126523677084 22.288029007238187
156.5 23.939421241923455 22.28800016138225
157.0 23.94070328953395 22.28797764695329
157.5 23.942006252254448 22.287956077377768
158.0 23.94330658544332 22.287932504015235
158.5 23.944615144839556 22.287916383213002
159.0 23.945922226577704 22.287896634811123
159.5 23.947239706917355 22.287876154611315
160.0 23.94857140158893 22.287866602456763
160.5 23.94988726895331 22.287859012508836
161.0 23.95121955460862 22.287839979977406
161.5 23.95254729642994 22.28783883789456
162.0 23.953878115598325 22.287831133960356
162.5 23.955211589388238 22.287819782153534
163.0 23.956560020224913 22.287824283904865
163.5 23.957901015114796 22.287821856204125
164.0 23.959254471659722 22.287816795832697
164.5 23.960600081695397 22.287821812444953
165.0 23.961956185328212 22.28782624501671
165.5 23.963315237901547 22.28783063466384
166.0 23.964676965350495 22.287837819704805
166.5 23.966041397107286 22.287849859147748
167.0 23.967420148950428 22.28786153994247
167.5 23.968773544818646 22.287867885890293
168.0 23.970151809760537 22.287892810259567
168.5 23.971525330660306 22.287901514647427
169.0 23.972904367348274 22.287917965028356
169.5 23.9742791526916 22.28793915034445
170.0 23.975657794349395 22.28795421493747
170.5 23.97703087223008 22.287981357277022
171.0 23.978438783054465 22.288006803467066
171.5 23.979821976213202 22.288027672242713
172.0 23.981227258808694 22.288057220276496
172.5 23.98263012749289 22.28808429294302
173.0 23.98401879524029 22.288115985875372
173.5 23.985415590144086 22.28815114242454
174.0 23.986820628330893 22.288184142679857
174.5 23.98820433854029 22.288207213621554
175.0 23.989628849520205 22.288253892661128
175.5 23.99104259870991 22.28829137493975
176.0 23.992450281886985 22.28832527910411
176.5 23.993848450365522 22.288370238572274
177.0 23.995274524621312 22.288407424552364
177.5 23.996681913786748 22.28845184678962
178.0 23.99810571097982 22.288498905898543
178.5 23.99952471830472 22.288540259120616
179.0 24.000947891666197 22.28859575439136
179.5 24.002354041008793 22.28864015642226
180.0 24.003779145000664 22.288691623594712
180.5 24.005204238842637 22.288748146309718
181.0 24.006630543893227 22.288792031488814
181.5 24.008056131417888 22.28885430351964
182.0 24.00948274283463 22.28890222206452
182.5 24.010903679235195 22.288962752972807
183.0 24.012341168842788 22.289016353175445
183.5 24.013784591675385 22.289084349644984
184.0 24.015199023931512 22.289140743427808
184.5 24.016629049686244 22.289208544413736
185.0 24.018070434111568 22.28926822458853
185.5 24.019493842051162 22.28933164175343
186.0 24.020917208219117 22.289393850574815
186.5 24.022361740736105 22.289461634756513
187.0 24.023780906133503 22.28953364006106
187.5 24.025219710019368 22.289603853561285
188.0 24.026668947609483 22.289669883681555
188.5 24.028104701844004 22.28974136938493
189.0 24.029526715066094 22.289816287641667
189.5 24.030979850418408 22.28988876028534
190.0 24.032407640380164 22.289965699372615
190.5 24.03384807609389 22.290049371306782
191.0 24.035305981467253 22.29012811663601
191.5 24.036755240964986 22.2902160299712
192.0 24.038206444597424 22.2902938984353
192.5 24.039640822051247 22.29038449940839
193.0 24.04108978900368 22.290461259171764
193.5 24.04256511990255 22.290550049154984
194.0 24.04401374608513 22.29063910658564
194.5 24.045496561914163 22.290731823020316
195.0 24.046949146068513 22.290816310297814
195.5 24.048412150336027 22.290916463840315
196.0 24.04988716656295 22.29101338047563
196.5 24.0513475019887 22.291104973014363
197.0 24.052833867409596 22.291208288203364
197.5 24.05429919781501 22.291309667470426
198.0 24.055792159890462 22.29140558558031
198.5 24.057251286657753 22.291507729531418
198.9999999999999 24.058739213270883 22.29161680223711
199.5 24.060228921299576 22.291716026396273
200.0 24.061705523700084 22.291827495690796
200.4999999999999 24.063195545474336 22.29193538064798
201.0 24.064678262002538 22.29204571703814
201.5 24.06617311712058 22.2921548132149
201.9999999999999 24.067663419526824 22.292270284444026
202.5 24.06914655703212 22.292386513288843
203.0 24.070645770417777 22.29249688480826
203.4999999999999 24.072151925679613 22.292620967186373
204.0 24.07365533053057 22.292732931961552
204.5 24.07515939456324 22.292863156798116
204.9999999999999 24.076656346188315 22.292978498433435
205.5 24.078166097169763 22.293099808593904
206.0 24.07965971279179 22.293222528288798
206.4999999999999 24.08118081032152 22.293347088573444
207.0 24.082689487875886 22.293482100134085
207.5 24.084217648743884 22.29360824755065
207.9999999999999 24.085738247606287 22.293739989664147
208.5 24.08725844630557 22.293872130368797
209.0 24.088766627038034 22.2940034551929
209.4999999999999 24.090292568984445 22.2941359258416
210.0 24.091825993649895 22.29427405257131
210.5 24.093346554472227 22.294412870584427
210.9999999999999 24.09487911519268 22.294548479468336
211.5 24.096405150575492 22.294696288386376
212.0 24.097938851512083 22.294838551464352
212.4999999999999 24.09947087628089 22.29498447588819
213.0 24.101013824191213 22.29512411357634
213.5 24.102555969792054 22.295269702576462
213.9999999999999 24.10410070650936 22.295415373144316
214.5 24.10564491117413 22.295567345393547
215.0 24.10718543976307 22.295715815883778
215.4999999999999 24.108734775544743 22.295863561958353
216.0 24.110277359187705 22.29601923759352
216.5 24.111830970439154 22.296172838379622
216.9999999999999 24.113378877741166 22.296331812340924
217.5 24.114945627350316 22.29648334478062
218.0 24.11648532325942 22.296644824167053
218.4999999999999 24.118048331837368 22.29680117514026
219.0 24.11962560761854 22.29696593490658
219.5 24.121185320538615 22.297120284998563
219.9999999999999 24.122737644535917 22.297287321884145
220.5 24.1243150441812 22.297457000634484
221.0 24.125870539497974 22.29762572287536
221.4999999999999 24.127454867658646 22.29779222393878
222.0 24.129024289666468 22.297956575948167
222.5 24.13059083161408 22.29812849137543
222.9999999999999 24.132176282895415 22.298299863336176
223.5 24.13374708007354 22.298476217686087
224.0 24.13533100777835 22.298653712875726
224.4999999999999 24.136905029177697 22.298822305729207
225.0 24.138479686797684 22.299001560090996
225.5 24.14007700392359 22.299180995634273
225.9999999999999 24.141672700090503 22.29935683425881
226.5 24.143246466563554 22.299542801966822
227.0 24.14482526003738 22.29973293997486
227.4999999999999 24.146438212508965 22.299910644652194
228.0 24.14804188165387 22.300095443252413
228.5 24.1496281640869 22.300285705238533
228.9999999999999 24.151246237498047 22.300470409957505
229.5 24.15284538342415 22.300661260573122
230.0 24.154450328019948 22.300855609701372
230.4999999999999 24.156064445439075 22.301051606912683
231.0 24.157676684193568 22.30125142787354
231.5 24.15928709897816 22.301443499678093
231.9999999999999 24.160896433294504 22.301641475059245
232.5 24.162525383910967 22.30184310247894
233.0 24.16413995755057 22.302041157200243
233.4999999999999 24.165766474094134 22.302243075160337
234.0 24.167398038983087 22.30244988254875
234.5 24.169018837935347 22.302659896187773
234.9999999999999 24.17063534340822 22.302859767285007
235.5 24.172283350560182 22.303074907971062
236.0 24.173917889947496 22.303288066912984
236.4999999999999 24.17553489508066 22.3034984194011
237.0 24.177200466030815 22.303709729869865
237.5 24.178830254740447 22.303922043999936
237.9999999999999 24.180493764099417 22.304147234672662
238.5 24.182128939198964 22.304355664171105
239.0 24.183767378186033 22.304579768732054
239.4999999999999 24.185426275187186 22.304793599709747
240.0 24.187070677100312 22.305017656605486
240.5 24.188732016822385 22.30523856518534
240.9999999999999 24.190381344893343 22.3054694916072
241.5 24.19205613841321 22.305695945796437
242.0 24.19370263451124 22.30591859808071
242.4999999999999 24.195377916772255 22.306148080098097
243.0 24.19703508832366 22.306379040646945
243.5 24.198708497668107 22.3066067421057
243.9999999999999 24.20039043054721 22.306842560099582
244.5 24.202062793156976 22.307075254636644
245.0 24.203746119257453 22.30731189404515
245.4999999999999 24.20542625279485 22.307549697382004
246.0 24.207082779251113 22.3077928393123
246.5 24.20876776144063 22.308023384685058
246.9999999999999 24.210444639604695 22.308264087270725
247.5 24.21213194420522 22.308509152780914
248.0 24.213827817000002 22.30875576930626
248.4999999999999 24.215502524358623 22.30899882160305
249.0 24.217210200824482 22.30924068100891
249.5 24.218907336365145 22.309484886477552
249.9999999999999 24.220594605266903 22.309739762820602
250.5 24.22229366207646 22.309984388445
251.0 24.22400237254388 22.310245836999478
251.4999999999999 24.225698537002334 22.310493976216396
252.0 24.22740611777961 22.31074537605474
252.5 24.229115595491567 22.311001141357142
252.9999999999999 24.23083076366169 22.311256283544914
253.5 24.232529013651902 22.311514617457398
254.0 24.234233144387908 22.311771914699037
254.4999999999999 24.235950250862402 22.31203477093559
255.0 24.23767836162572 22.312292032122507
255.5 24.239405958709366 22.312556619005615
255.9999999999999 24.24111657164108 22.312821703488584
256.5 24.242841467645135 22.313079549592057
257.0 24.24456778802518 22.313348734367114
257.4999999999999 24.246291594631163 22.313616657604868
258.0 24.24801619417115 22.313887344799564
258.5 24.249748767782044 22.314149126864265
258.9999999999999 24.25147821949451 22.31442249312198
259.5 24.25322380395879 22.314691830003493
260.0 24.25495634817665 22.314968130492563
260.4999999999999 24.25669354036834 22.315244588841246
261.0 24.258431475504217 22.31551393181897
261.5 24.26016638180744 22.315790859476117
261.9999999999999 24.26192122087622 22.316073801382167
262.5 24.26366269059832 22.3163499658609
263.0 24.265406412168943 22.316629444460624
263.4999999999999 24.267163032393487 22.316916104608488
264.0 24.26893257406696 22.317197742269137
264.5 24.270671042093834 22.317485099140622
264.9999999999999 24.272463474857474 22.31776696694277
265.5 24.27422171055674 22.318060424942242
266.0 24.276004495538178 22.318347667949894
266.4999999999999 24.27777013147562 22.31864134077483
267.0 24.279544112907814 22.318938113073102
267.5 24.281326675708886 22.319229848567048
267.9999999999999 24.283105727505667 22.31952584546464
268.5 24.284916202553116 22.319830756791855
269.0 24.28669201785739 22.320128869377335
269.4999999999999 24.288489305995252 22.32042765177262
270.0 24.290293818154435 22.320733382616396
270.5 24.2920940999226 22.321044549127585
270.9999999999999 24.293913156013236 22.321348385271314
271.5 24.295708793848867 22.32165650251033
272.0 24.297506740695276 22.321964043735633
272.4999999999999 24.29933747129832 22.322272685012756
273.0 24.301156592492287 22.32259018404441
273.5 24.302977721100945 22.322900295751246
273.9999999999999 24.3047911592843 22.323213726507
274.5 24.306606960883293 22.323530023759915
275.0 24.308437852924595 22.323845846348508
275.4999999999999 24.31027999638893 22.324169875328938
276.0 24.3120908412399 22.324485004822378
276.5 24.313932676264372 22.32480596797064
276.9999999999999 24.315788442242617 22.32512778745449
277.5 24.317621111339804 22.325455982442428
278.0 24.319464671554233 22.325785219530726
278.4999999999999 24.32130977612455 22.32610560475369
279.0 24.323138804635565 22.32642998874644
279.5 24.32497395741203 22.32675900255479
279.9999999999999 24.326842019312767 22.327097798946568
280.5 24.32869363503721 22.32742376865709
281.0 24.33054086240533 22.327754980980615
281.4999999999999 24.332396515132494 22.32808836911371
282.0 24.33423351618707 22.328424443122522
282.5 24.336106352627045 22.328757923229002
282.9999999999999 24.33794597341126 22.329087528595075
283.5 24.339814997037983 22.32942820405373
284.0 24.341660909815793 22.32976948747476
284.4999999999999 24.343540683850367 22.330111862043847
285.0 24.34537643318384 22.330450911705405
285.5 24.34726232344197 22.330790668243946
285.9999999999999 24.349120034594666 22.331134514806127
286.5 24.350971604240527 22.331475122096236
287.0 24.352850132201347 22.331819281374838
287.4999999999999 24.3546995123392 22.332168614916938
288.0 24.35657642113126 22.332514037780896
288.5 24.35844648859613 22.33285950899527
288.9999999999999 24.36031941884537 22.333210512132723
289.5 24.362172610838854 22.333556666176623
290.0 24.364042932927674 22.33390256313379
290.4999999999999 24.365906967101417 22.334253752181827
291.0 24.36776949084857 22.334603615593682
291.5 24.369645978976948 22.334955173111986
291.9999999999999 24.371501405258723 22.335309394982627
292.5 24.373389887067248 22.3356572857579
293.0 24.375240519424864 22.33600600885851
293.4999999999999 24.377131638002275 22.33635837228793
294.0 24.378986824741077 22.336716396186386
294.5 24.380842901809253 22.337075106691643
294.9999999999999 24.382708215942102 22.33743049279283
295.5 24.38458124357187 22.337778783620927
296.0 24.38645532005212 22.33813684748988
296.4999999999999 24.388319015709836 22.33850547023487
297.0 24.39017403516765 22.338856339991274
297.5 24.39203574587619 22.339209021029347
297.9999999999999 24.393877545757483 22.33956931267423
298.5 24.39574969596993 22.339928113341728
299.0 24.397611256510764 22.340288977972
299.4999999999999 24.39946416743023 22.340651595418365
300.0 24.401318429851166 22.34100832009358
300.5 24.403178231862622 22.34137187747351
300.9999999999999 24.405036546127473 22.34172919624171
301.5 24.406895711915695 22.342096271452654
302.0 24.40874713109335 22.342465561379854
302.4999999999999 24.4106205397787 22.34282080419629
303.0 24.412476924984517 22.343187374463472
303.5 24.414347523833726 22.343568187682784
303.9999999999999 24.41621186809046 22.343933303225935
304.5 24.418062280066415 22.344298552365874
305.0 24.4199175860175 22.344671319182726
305.4999999999999 24.421774034104843 22.3450386771471
306.0 24.423639835583195 22.345418342800592
306.5 24.4255215033873 22.34578689049233
306.9999999999999 24.42738271676088 22.34615842656889
307.5 24.42925688239989 22.34653858245
308.0 24.431119754640072 22.346916376762152
308.4999999999999 24.43298734003514 22.347292104730244
309.0 24.43485459222133 22.347671313711004
309.5 24.436709928002244 22.348050630037154
309.9999999999999 24.438589181638335 22.348429466320972
310.5 24.440453748727716 22.34881675492886
311.0 24.442337924308593 22.34919606212733
311.4999999999999 24.444218997695945 22.349580344067267
312.0 24.44608424435887 22.349964317966183
312.5 24.447939685879906 22.350347479595097
312.9999999999999 24.449807304436895 22.35073008428867
313.5 24.451671108498708 22.351119367486376
314.0 24.453565874653837 22.35150656188749
314.4999999999999 24.45544566272066 22.35189218061492
315.0 24.457296235983836 22.352283544920173
315.5 24.459190473555317 22.352672109866223
315.9999999999999 24.461052345790996 22.3530673225453
316.5 24.4629177968688 22.353462925454988
317.0 24.46480363067507 22.353846780770237
