FastTrWP/PhaseSpace/IAs/snIa_0.35_30.00_-1.37_0.03.csv
# %ECSV 0.9
# ---
# datatype:
# - {name: time-rel, datatype: float64}
# - {name: g, datatype: float64}
# - {name: i, datatype: float64}
# schema: astropy-2.0
time-rel g i
[from data line 1677]
1089.0625 24.414751160585308 22.992384244485375
1089.5625 24.417257042327574 22.993123246435818
1090.0625 24.419763577261545 22.993860542794124
1090.5625 24.422272006212932 22.99459858402933
1091.0625 24.42478212767481 22.99534073575
1091.5625 24.4272813380462 22.996071539881346
1092.0625 24.429797247794593 22.996801102658413
1092.5625 24.43230646359111 22.99753063888021
1093.0625 24.43480872492365 22.99826610652569
1093.5625 24.43733604401349 22.998981153318457
1094.0625 24.439844937890683 22.999710218696293
1094.5625 24.442374479789237 23.00042651781139
1095.0625 24.44490080885002 23.001154016005145
1095.5625 24.447419217501224 23.001863423444263
1096.0625 24.44993857388132 23.002591123456305
1096.5625 24.45246146235935 23.003311634438116
1097.0625 24.45498836576949 23.004026145355173
1097.5625 24.457507449024337 23.00473581223703
1098.0625 24.460065392443177 23.005446762828157
1098.5625 24.46257936370376 23.006164815451218
1099.0625 24.465113393771688 23.006877794416706
1099.5625 24.467625120159084 23.007577352650554
1100.0625 24.470170254968494 23.00828314391747
1100.5625 24.472703601332864 23.009002347389696
1101.0625 24.47525245702878 23.00970277227533
1101.5625 24.47779532974745 23.010411569947806
1102.0625 24.48031610870034 23.01112171099514
1102.5625 24.48286299193459 23.01182306630214
1103.0625 24.48540138361963 23.012528079090842
1103.5625 24.487961730248628 23.01321793979809
1104.0625 24.490510700440133 23.013926777843356
1104.5625 24.493036100304273 23.01463997997201
1105.0625 24.49558906254078 23.015336814364048
1105.5625 24.49813879291815 23.016034689657875
1106.0625 24.500687979238386 23.016742732750977
1106.5625 24.503237515281974 23.017443182245792
1107.0625 24.505797165225104 23.018143542229463
1107.5625 24.508335274911424 23.018861001942902
1108.0625 24.510886555898892 23.019555450545717
1108.5625 24.51343050051616 23.02024859273039
1109.0625 24.515977048056573 23.020957829399386
1109.5625 24.518547481595874 23.021660370232958
1110.0625 24.521090849538677 23.02236499801209
1110.5625 24.5236405641867 23.023074694861915
1111.0625 24.526203863756983 23.02378630824351
1111.5625 24.528762511718934 23.024483729492612
1112.0625 24.53131437310189 23.02518967772828
1112.5625 24.53386800030113 23.025893490672825
1113.0625 24.536420005864894 23.026607921210402
1113.5625 24.538970265104936 23.027314366701436
1114.0625 24.541523248384742 23.028028427413357
1114.5625 24.544095372376994 23.0287314834729
1115.0625 24.546660336840187 23.029429706462285
1115.5625 24.549204086743615 23.030141135530325
1116.0625 24.55176420668291 23.03084510263045
1116.5625 24.55431726548887 23.03154747838665
1117.0625 24.556889553158552 23.032251801302937
1117.5625 24.559458757466913 23.032959057524337
1118.0625 24.562020504253233 23.03367071953887
1118.5625 24.56460091456597 23.034360711317557
1119.0625 24.567160042822337 23.035068903856313
1119.5625 24.56973069299274 23.035766629749247
1120.0625 24.57228843707452 23.036468297547508
1120.5625 24.574852927432772 23.03716904079378
1121.0625 24.577448401663418 23.03786639793749
1121.5625 24.579997371808332 23.03857202399758
1122.0625 24.582596517707657 23.03926200863764
1122.5625 24.585135701743653 23.039951039985844
1123.0625 24.58770893097832 23.040650694256296
1123.5625 24.590299340943616 23.041350213315866
1124.0625 24.592856140337048 23.0420458708787
1124.5625 24.595466714811884 23.042750954444607
1125.0625 24.598024652913843 23.043434236396475
1125.5625 24.600600139024525 23.044126254718826
1126.0625 24.603173139201104 23.04482483716963
1126.5625 24.605761950537346 23.04551264277922
1127.0625 24.608339543928622 23.046209804589466
1127.5625 24.610918823628847 23.046900361394552
1128.0625 24.613508002519215 23.047583384223607
1128.5625 24.616087457925385 23.048286368311
1129.0625 24.61865232243135 23.048965954667914
1129.5625 24.62124088440813 23.049659724638513
1130.0625 24.623833281582446 23.05034712459902
1130.5625 24.62641378411238 23.05103416062031
1131.0625 24.628980799599 23.051734489964304
1131.5625 24.631575240914362 23.05241260837895
1132.0625 24.634170508173483 23.05309825140085
1132.5625 24.636763403636472 23.05378703531406
1133.0625 24.639338289226384 23.05447670735624
1133.5625 24.64191107562546 23.055168305527154
1134.0625 24.64449178689303 23.0558482850588
1134.5625 24.647069115536404 23.056546624555793
1135.0625 24.649667759186947 23.057218521802454
1135.5625 24.652258160283182 23.057900535472196
1136.0625 24.65485128721552 23.05858811030553
1136.5625 24.657424745946088 23.05928661046845
1137.0625 24.66002643281854 23.05996385716144
1137.5625 24.662600822105208 23.060645462593904
1138.0625 24.665181513567525 23.061334218429607
1138.5625 24.667763100234254 23.062006598716714
1139.0625 24.670356445157097 23.062696419368542
1139.5625 24.672949457441383 23.063375817358764
1140.0625 24.67552517247166 23.064056682295494
1140.5625 24.67810090197085 23.064744407978715
1141.0625 24.680704792881617 23.065423484477968
1141.5625 24.683271970255536 23.06610687156428
1142.0625 24.685887515918694 23.06678499689825
1142.5625 24.68844998884525 23.06747386053154
1143.0625 24.691031036202553 23.068159214183602
1143.5625 24.69360773453666 23.068834668662063
1144.0625 24.696199009909563 23.06952270543026
1144.5625 24.69877305995294 23.07020263223329
1145.0625 24.70135253164166 23.070879556014845
1145.5625 24.703933510390893 23.071565042849905
1146.0625 24.7065143747518 23.072247661812384
1146.5625 24.709086649409187 23.072930364591564
1147.0625 24.711661748916022 23.073609952446663
1147.5625 24.714243834018728 23.07429310671662
1148.0625 24.716826166817075 23.07496661984295
1148.5625 24.719404818775764 23.07565868043678
1149.0625 24.72198014159753 23.076328046363805
1149.5625 24.724564029025057 23.077016639094555
1150.0625 24.72714895814354 23.077698205636604
1150.5625 24.729732481765005 23.078376325797663
1151.0625 24.73232487775633 23.079059877873476
1151.5625 24.734888253581083 23.079732118189433
1152.0625 24.737473063204796 23.08040921406222
1152.5625 24.740042933818533 23.08109523193987
1153.0625 24.74262461612055 23.08177029204311
1153.5625 24.74521056406141 23.082443701137755
1154.0625 24.747776692010014 23.083125445163883
1154.5625 24.750353321909767 23.08381088323715
1155.0625 24.75294180307886 23.084471783621467
1155.5625 24.7555235560198 23.08515972627714
1156.0625 24.758076556896405 23.085826832239434
1156.5625 24.76068413126356 23.08650576326346
1157.0625 24.763235427585606 23.087174308335563
1157.5625 24.765834339369647 23.08784884251486
1158.0625 24.76838773634111 23.088529811011473
1158.5625 24.770959357525825 23.08920081449973
1159.0625 24.773513799623515 23.089880235993327
1159.5625 24.776101282224356 23.090553148889278
1160.0625 24.77868920500772 23.09122228261144
1160.5625 24.781254414805577 23.091903038035703
1161.0625 24.783803159174134 23.09257833198941
1161.5625 24.78636614826157 23.09324212347341
1162.0625 24.788934379571955 23.09391848931053
1162.5625 24.79151471777427 23.094584079044928
1163.0625 24.794083640452868 23.095256535621154
1163.5625 24.79665322184673 23.09593945030363
1164.0625 24.79919839329237 23.096602287702268
1164.5625 24.80175415910051 23.09727089942485
1165.0625 24.80432381495622 23.09793541024299
1165.5625 24.806863771972473 23.09861007679487
1166.0625 24.80943911091699 23.09928589028115
1166.5625 24.811980150822222 23.099944855139093
1167.0625 24.814537032037492 23.1006143134341
1167.5625 24.81709168481259 23.101282420101477
1168.0625 24.81966033830289 23.101947942220793
1168.5625 24.822205979008448 23.10262016021082
1169.0625 24.82474300808815 23.103283389319074
1169.5625 24.82729579364851 23.103948386371993
1170.0625 24.82984017648375 23.104620427204672
1170.5625 24.8323758185092 23.105292009078383
1171.0625 24.83490403558172 23.105952147567383
1171.5625 24.837424600611556 23.10661866988969
1172.0625 24.839978909295887 23.107273875544326
1172.5625 24.842513125045453 23.107943828504638
1173.0625 24.845054513043962 23.10860517639496
1173.5625 24.847584427710675 23.109261950002654
1174.0625 24.850079201725165 23.109936172156537
1174.5625 24.85261757106246 23.11059199252537
1175.0625 24.85515216447403 23.111259862750945
1175.5625 24.8576880401464 23.111912505843208
1176.0625 24.860185819048375 23.112578593234506
1176.5625 24.862703257924682 23.11323109971648
1177.0625 24.865212305821146 23.113895244725846
1177.5625 24.867722740731683 23.11455721324196
1178.0625 24.870238781358207 23.115217544713214
1178.5625 24.872730646383985 23.11586715807386
1179.0625 24.875249919930095 23.116535336959366
1179.5625 24.877727660361565 23.117180635797098
1180.0625 24.88024441389664 23.11784403131393
1180.5625 24.882732075778307 23.11850183918589
1181.0625 24.885224888666873 23.119167365675352
1181.5625 24.88771232176026 23.119813939665676
1182.0625 24.89022513530703 23.12046607667594
1182.5625 24.89270939267726 23.121130350380966
1183.0625 24.895186650387956 23.12178300414105
1183.5625 24.8976806213102 23.122430877169663
1184.0625 24.900167385084508 23.123097165617956
1184.5625 24.90263920071525 23.123743575042358
1185.0625 24.90511698154147 23.124409374726284
1185.5625 24.90759838143253 23.125058588378327
1186.0625 24.910093991273673 23.125710037927945
1186.5625 24.912540032671306 23.126354406646534
1187.0625 24.91502087713492 23.127008418941944
1187.5625 24.917472145998424 23.127663415796516
1188.0625 24.919951647111326 23.128318041463682
1188.5625 24.9224117063727 23.12896509735138
1189.0625 24.924878863032447 23.129613294221578
1189.5625 24.92732820612057 23.13027586177737
1190.0625 24.929772452297087 23.13092196197294
1190.5625 24.932234992803796 23.131563384711345
1191.0625 24.9346633053332 23.13221022497786
1191.5625 24.93713619299461 23.13286078517258
1192.0625 24.9395601238875 23.13349921579025
1192.5625 24.94199876193644 23.134150753836526
1193.0625 24.94443584671576 23.134811080999857
1193.5625 24.946865368011526 23.135445651019523
1194.0625 24.94929347827085 23.136093646438475
1194.5625 24.951727920539312 23.136726558495674
1195.0625 24.954108513251114 23.13738264253307
1195.5625 24.95653943242622 23.138029454123846
1196.0625 24.95895989134747 23.138676816264155
1196.5625 24.961354301481084 23.139313941644698
1197.0625 24.963777398355287 23.13996048244303
1197.5625 24.96615915574207 23.140600812106417
1198.0625 24.96857808311176 23.141245923969414
1198.5625 24.970965444219587 23.141885042922517
1199.0625 24.973353254464563 23.142519031173187
1199.5625 24.975722924797097 23.14316349858902
1200.0625 24.978111861401512 23.14380881233852
1200.5625 24.980493305668475 23.144443223666073
1201.0625 24.982862794781244 23.145091517194437
1201.5625 24.985258879915364 23.145717175543254
1202.0625 24.987597005346892 23.146361781371358
1202.5625 24.9899418099157 23.146994120046532
1203.0625 24.992306705395798 23.147634880372628
1203.5625 24.994646991828894 23.14826957622136
1204.0625 24.996996048464126 23.148901869881907
1204.5625 24.999310013773467 23.149533301588257
1205.0625 25.001639621518347 23.150171100780184
1205.5625 25.00398555117636 23.150809487872444
1206.0625 25.006291122017274 23.15144067876713
1206.5625 25.008629462805573 23.15207723407418
1207.0625 25.010915638177313 23.152705361475626
1207.5625 25.013205916390064 23.153323919667812
1208.0625 25.015507274725245 23.153960199925002
1208.5625 25.01781588790091 23.154595998107812
1209.0625 25.020101316234566 23.15522587750418
1209.5625 25.022361582659155 23.155844639130578
1210.0625 25.02465393062154 23.15648126232436
1210.5625 25.026905580412357 23.157104080912163
1211.0625 25.029199250852784 23.15772867728068
1211.5625 25.031427749450167 23.158357593119582
1212.0625 25.033673049398534 23.15898034837609
1212.5625 25.035886412345207 23.159603992958388
1213.0625 25.03811308966647 23.16021520796272
1213.5625 25.040351776962176 23.16083235493297
1214.0625 25.0425342074196 23.16145936144575
1214.5625 25.04473260865234 23.162074924560265
1215.0625 25.04690082694717 23.16268971242039
1215.5625 25.049108625704363 23.16330235051187
1216.0625 25.051261257348504 23.163912442867556
1216.5625 25.05340691787929 23.164529410346578
1217.0625 25.05557041162298 23.165138491756046
1217.5625 25.057706468879815 23.165750491222212
1218.0625 25.0598341790765 23.166363688637922
1218.5625 25.061957461436194 23.166963331593287
1219.0625 25.064075231277428 23.16757701218654
1219.5625 25.066202822018994 23.168182812772958
1220.0625 25.06830377456302 23.168782136356207
1220.5625 25.07038586853625 23.16939931660596
1221.0625 25.072459292556122 23.169996466064312
1221.5625 25.074551686357207 23.17060193217022
1222.0625 25.076648990511117 23.171200071549542
1222.5625 25.078700327212662 23.17180284854968
1223.0625 25.080763535414437 23.172397278210163
1223.5625 25.08283432656303 23.17301249386871
1224.0625 25.084884769542988 23.17360900946369
1224.5625 25.08693866521724 23.17420786064604
1225.0625 25.088936429271946 23.174804008415435
1225.5625 25.090991762258888 23.17541370551263
1226.0625 25.093011537490135 23.17600729538072
1226.5625 25.095048156164296 23.176601351756048
1227.0625 25.097086246880927 23.17719723122876
1227.5625 25.09909942499368 23.177793837195345
1228.0625 25.101098188615506 23.178410680461262
1228.5625 25.103109679012363 23.17900685158427
1229.0625 25.105136834054875 23.179604225816238
1229.5625 25.10712679309293 23.180201406009683
1230.0625 25.10911838413299 23.18079516469163
1230.5625 25.111114308063453 23.181406779511043
1231.0625 25.113097609505004 23.181998467034425
1231.5625 25.11509788687612 23.18260092015568
1232.0625 25.117062805547565 23.183204453852806
1232.5625 25.119074868691506 23.183800715990426
1233.0625 25.121056010115662 23.184405501464795
1233.5625 25.123037102328766 23.185003510841142
1234.0625 25.125002005505117 23.185606564764566
1234.5625 25.126981310962236 23.186208821581417
1235.0625 25.12894348081677 23.186821429694202
1235.5625 25.130932966605627 23.187423098311058
1236.0625 25.132933319256363 23.188016923491944
1236.5625 25.13486130667999 23.18862867992096
1237.0625 25.136852462315066 23.18923565388127
1237.5625 25.138823939330443 23.189844059871398
1238.0625 25.140804244276 23.190455347065914
1238.5625 25.14278934017533 23.19105226554159
1239.0625 25.14475310537342 23.1916631528576
1239.5625 25.146742443866255 23.192264599478236
1240.0625 25.148716764771475 23.192882376292378
1240.5625 25.150694221998528 23.193494824260355
1241.0625 25.15267311735141 23.19412164916033
1241.5625 25.154658068044075 23.194730324723302
1242.0625 25.156646261148047 23.19534570679768
1242.5625 25.158610558085282 23.195956432281367
1243.0625 25.160586955314194 23.196582684199218
1243.5625 25.162602293464936 23.1972055128087
1244.0625 25.164594688106693 23.1978206979038
1244.5625 25.1665597208202 23.198444238629158
1245.0625 25.168552053388595 23.19906771281433
1245.5625 25.1704971522448 23.19967599686033
1246.0625 25.172465005195686 23.20030431887873
1246.5625 25.174416855103313 23.20091788206447
1247.0625 25.176376138952232 23.20153741487089
1247.5625 25.178311894233182 23.20215381704864
1248.0625 25.180251182332285 23.202782807333957
1248.5625 25.18219893824056 23.203398583576064
1249.0625 25.184165076017074 23.204012657675367
1249.5625 25.186058842258213 23.20462773559648
1250.0625 25.18798747168697 23.205254187650457
1250.5625 25.18990358833048 23.205858897084056
1251.0625 25.191802002702293 23.206488864474778
1251.5625 25.1937459054187 23.20711202236655
1252.0625 25.19563326362114 23.207729909701452
1252.5625 25.197557816649706 23.20835256269236
1253.0625 25.199447185166967 23.20896975905579
1253.5625 25.20137012062235 23.209587621279706
1254.0625 25.203246888876755 23.210222884704844
1254.5625 25.205154059662544 23.210847179623183
1255.0625 25.207024624000667 23.21146428464155
1255.5625 25.208925917744274 23.21208921846756
1256.0625 25.210821055920384 23.21270704865566
1256.5625 25.21271144743705 23.21332717397705
1257.0625 25.214577926945378 23.21394632004204
1257.5625 25.216457976737182 23.214584116450283
