FastTrWP/PhaseSpace/IAs/snIa_0.52_30.00_-0.18_-0.05.csv
# %ECSV 0.9
# ---
# datatype:
# - {name: time-rel, datatype: float64}
# - {name: g, datatype: float64}
# - {name: i, datatype: float64}
# schema: astropy-2.0
time-rel g i
[from data line 1347]
831.9375 23.825489361674492 22.455637022373832
832.4375 23.8273707634805 22.456010722822842
832.9374999999999 23.8292609001509 22.456392919981933
833.4375 23.831131960022542 22.456773014015077
833.9375 23.833011102223615 22.45715481464679
834.4374999999999 23.834901972458823 22.45754108350588
834.9375 23.836777432643093 22.45792037481141
835.4375 23.838669338465962 22.45830320847803
835.9374999999999 23.8405499311067 22.458690095079508
836.4375 23.84243293567664 22.459076311527678
836.9375 23.844322110233676 22.459464269979467
837.4374999999999 23.846203930020632 22.45984899429242
837.9375 23.848075027775202 22.460239983513052
838.4375 23.849963016662468 22.46063050004335
838.9374999999999 23.851838408202738 22.46101536403014
839.4375 23.853723579793527 22.461410973032216
839.9375 23.855597710465233 22.46180117869241
840.4374999999999 23.857463107521202 22.462192834084153
840.9375 23.859353669912053 22.462587593625333
841.4375 23.86122633101857 22.462982598335355
841.9374999999999 23.86309645264018 22.463375341248806
842.4375 23.864970202096924 22.463767581721704
842.9375 23.866849312482064 22.464162517869745
843.4374999999999 23.8687152018012 22.46456185640514
843.9375 23.870598917278816 22.464960894457523
844.4375 23.872482662577205 22.46535973590487
844.9374999999999 23.87435348288211 22.465767101438153
845.4375 23.876228046915394 22.46616516760236
845.9375 23.87811944936621 22.466566305436004
846.4374999999999 23.88000475205178 22.46697634338777
846.9375 23.881880154446307 22.467381399627023
847.4375 23.88376304927098 22.467793833149592
847.9374999999999 23.885652115980115 22.4682024348742
848.4375 23.887531021814908 22.468609973357214
848.9375 23.889412073151167 22.469022604457578
849.4374999999999 23.89130802637998 22.469437321334812
849.9375 23.893191770454024 22.469853416928068
850.4375 23.895076815488935 22.470265824000037
850.9374999999999 23.896974910999287 22.470686267931836
851.4375 23.898853633227795 22.471102544690147
851.9375 23.900746622545608 22.47152942440828
852.4374999999999 23.90263550523581 22.47195143803154
852.9375 23.904528747046907 22.472364920936535
853.4375 23.906411803705257 22.472790420918663
853.9374999999999 23.908319139238607 22.473214480670087
854.4375 23.91021378298333 22.473639117024874
854.9375 23.912114350768544 22.47406925053231
855.4374999999999 23.914006227951855 22.474497077732103
855.9375 23.91589581554031 22.474929273733416
856.4375 23.917798075135504 22.475360734216068
856.9374999999999 23.919697562992116 22.475795709926448
857.4375 23.921595568292116 22.476228501876797
857.9375 23.92350824413775 22.47666227794302
858.4374999999999 23.925396263680433 22.47709100050741
858.9375 23.927296223868506 22.477531621518185
859.4375 23.9291927199446 22.47796991826627
859.9374999999999 23.93110245838368 22.478409355282622
860.4375 23.933003399152497 22.47884592189161
860.9375 23.9348920234574 22.479286964021185
861.4374999999999 23.936812891834364 22.479728636914608
861.9375 23.938710203771226 22.480172820387843
862.4375 23.940604393105815 22.480616594949502
862.9374999999999 23.94252157047483 22.481059567075782
863.4375 23.94442250682137 22.48151273506768
863.9375 23.946322976264256 22.48196128625385
864.4374999999999 23.94824205175041 22.482411783925723
864.9375 23.950150094849995 22.48285146318426
865.4375 23.952046215039854 22.483301877275785
865.9374999999999 23.953958107366645 22.483761862125696
866.4375 23.95585997083923 22.484208826356415
866.9375 23.957759198135527 22.48466756748431
867.4374999999999 23.959683611693823 22.485122213424837
867.9375 23.961580224582292 22.485570268625303
868.4375 23.96348336959783 22.486042374987676
868.9374999999999 23.9654094804855 22.48648627597763
869.4375 23.967312430760636 22.48694980714979
869.9375 23.969220909466273 22.487410832994165
870.4374999999999 23.971136524229102 22.487857742829945
870.9375 23.973016666135862 22.488331961730722
871.4375 23.97496185663161 22.488794756109343
871.9374999999999 23.976842023504027 22.48926028475597
872.4375 23.978775828116945 22.48971851765355
872.9375 23.980664926875672 22.490187491651
873.4374999999999 23.982573583914657 22.49065832698795
873.9375 23.98447733236297 22.491121616551965
874.4375 23.986381552139385 22.49158357877048
874.9374999999999 23.988302413933717 22.49205376317295
875.4375 23.990215490300844 22.492527979168038
875.9375 23.99210905619295 22.49299682318725
876.4374999999999 23.994036360953025 22.49346597506801
876.9375 23.995926891191644 22.493938443913414
877.4375 23.997835884424234 22.494413815676065
877.9374999999999 23.999747985073995 22.49488266216919
878.4375 24.001646219549748 22.495357668309268
878.9375 24.003570564862954 22.495836923800052
879.4374999999999 24.005462912178363 22.496310934892115
879.9375 24.007382353068426 22.496784671729046
880.4375 24.009259626462732 22.49726368287282
880.9374999999999 24.011179648454952 22.497745543134545
881.4375 24.013087556462395 22.49823310362839
881.9375 24.014987603333495 22.49871415744594
882.4374999999999 24.01689715569274 22.49919269150373
882.9375 24.018802320383344 22.49967911916709
883.4375 24.02070187472549 22.500162085557495
883.9374999999999 24.02260142671494 22.50065264346297
884.4375 24.02451621318584 22.50114274633922
884.9375 24.026401172176747 22.50162431959447
885.4374999999999 24.028321751699053 22.502119469533703
885.9375 24.030215841974403 22.502608157933043
886.4375 24.032125816988582 22.503093606577913
886.9374999999999 24.03402440089575 22.50359103802648
887.4375 24.035929948400366 22.504087399949437
887.9375 24.037837483924385 22.504580270029567
888.4374999999999 24.039756553395804 22.50507644341143
888.9375 24.041632738602743 22.505566989391102
889.4375 24.043539303871782 22.506075866678973
889.9374999999999 24.045438627624502 22.506574413876656
890.4375 24.047350594728975 22.507073131927484
890.9375 24.04925100164505 22.507574093521335
891.4374999999999 24.051148653055087 22.508076252398766
891.9375 24.053060142261756 22.50858009150569
892.4375 24.054954998572352 22.509081081904657
892.9374999999999 24.05685255897471 22.50959130289782
893.4375 24.058763002385565 22.51008845972453
893.9375 24.060670215708967 22.510608164249216
894.4374999999999 24.06256533593379 22.511113274601747
894.9375 24.064477303130264 22.511627312853328
895.4375 24.06637209224517 22.512127835342376
895.9374999999999 24.068293042445585 22.51264376577666
896.4375 24.070172790098848 22.513156233069076
896.9375 24.07208019371677 22.513667045189422
897.4374999999999 24.073981319190395 22.514191211713033
897.9375 24.07589605372115 22.514702582204443
898.4375 24.07779636992222 22.515220701640178
898.9374999999999 24.0796894406064 22.515740565669343
899.4375 24.08159572169135 22.516260944331492
899.9375 24.083492421958866 22.516784176720947
900.4374999999999 24.085391290648715 22.517300690966756
900.9375 24.087298163158046 22.51781810149302
901.4375 24.089208523018844 22.518350422361983
901.9374999999999 24.09110934196874 22.518875958671558
902.4375 24.093027467861255 22.51939195432723
902.9375 24.094916821083437 22.519917897782214
903.4374999999999 24.096829727817678 22.520446023374046
903.9375 24.09873227314614 22.520979715289876
904.4375 24.10064516897954 22.521504746750175
904.9374999999999 24.10254047224282 22.522040521150885
905.4375 24.104443833363348 22.522571437238934
905.9375 24.106359060074098 22.523102251087188
906.4374999999999 24.10823966942026 22.52363761766719
906.9375 24.110173568753893 22.524166760378602
907.4375 24.11207138262764 22.52471100363579
907.9374999999999 24.113964811892963 22.525243509715352
908.4375 24.11587285076034 22.525776547964153
908.9375 24.117773768318543 22.52631824458531
909.4374999999999 24.11968926776843 22.52685278017505
909.9375 24.12159395844229 22.527399685620427
910.4375 24.123501863374518 22.527942614150454
910.9374999999999 24.125414304722582 22.528485132870397
911.4375 24.127310439936302 22.529026809837124
911.9375 24.129231084731373 22.529573710734855
912.4374999999999 24.13114056338866 22.530110293424205
912.9375 24.133048569792052 22.530662029479664
913.4375 24.134960357742514 22.53121093087411
913.9374999999999 24.136869831582352 22.531757751482274
914.4375 24.138788041572695 22.53230776728998
914.9375 24.140684675716983 22.53285219065151
915.4374999999999 24.142597676468984 22.53339925800626
915.9375 24.144511524641157 22.533964931964285
916.4375 24.14641813318759 22.5345152565935
916.9374999999999 24.148315785796367 22.535072400781353
917.4375 24.150236707191933 22.5356228225786
917.9375 24.152151221580617 22.536180491893294
918.4374999999999 24.154058899082433 22.536740772032836
918.9375 24.155964531865063 22.537304192864276
919.4375 24.15787825829682 22.537863723561593
919.9374999999999 24.159789253002213 22.538420334820202
920.4375 24.161697056457392 22.53898357617342
920.9375 24.163593242655853 22.53954199935591
921.4374999999999 24.165508750614993 22.540107266654132
921.9375 24.167406875277038 22.540680513451807
922.4375 24.16932037139324 22.541241092950145
922.9374999999999 24.17122326612735 22.541810561734298
923.4375 24.17313681819085 22.542376149783856
923.9375 24.17504136641273 22.542951637879632
924.4374999999999 24.176959142124403 22.54351914351529
924.9375 24.17885694680585 22.54408660422307
925.4375 24.180759388130166 22.54466633097202
925.9374999999999 24.18267803102512 22.545231223515543
926.4375 24.184572041738 22.545809424006396
926.9375 24.18649289674115 22.54639483743094
927.4374999999999 24.188396470264223 22.546968230702284
927.9375 24.190304065359154 22.54754858741532
928.4375 24.19221470795349 22.548126209247812
928.9374999999999 24.19410452214304 22.548702732592414
929.4375 24.196016873113773 22.549285416767315
929.9375 24.19792063516832 22.54986814102306
930.4374999999999 24.19981993473548 22.550453283356564
930.9375 24.201746441281312 22.551040174328847
931.4375 24.203645026612396 22.551629413404278
931.9374999999999 24.20554783467539 22.55221173794434
932.4375 24.207452374286518 22.552800406606792
932.9375 24.209349323103915 22.55338737366367
933.4374999999999 24.2112523344537 22.553978668052732
933.9375 24.213167300671884 22.55456834014233
934.4375 24.215065179552408 22.555157533042205
934.9374999999999 24.21697160825946 22.55575976582836
935.4375 24.218883722275372 22.556348476669644
935.9375 24.220784804352693 22.55694547660496
936.4374999999999 24.22269854887268 22.557542354387465
936.9375 24.224600605024513 22.55813912299693
937.4375 24.226498291854533 22.558745482823067
937.9374999999999 24.228407950534354 22.559332864915373
938.4375 24.230331383457433 22.559948046839416
938.9375 24.23222894155034 22.56053911738627
939.4374999999999 24.234127956637764 22.56114489170484
939.9375 24.2360418702673 22.561762764046914
940.4375 24.237942081071363 22.562357683558414
940.9374999999999 24.239855221065344 22.56296786356378
941.4375 24.24176597121847 22.563572182807413
941.9375 24.243674064149534 22.564173520690755
942.4374999999999 24.245582462905325 22.56479101898632
942.9375 24.24747953143354 22.565398645790555
943.4375 24.249397405401165 22.5660151931897
943.9374999999999 24.251293070422932 22.566626989918397
944.4375 24.25321194819641 22.567233561175403
944.9375 24.255114157355866 22.567854516943385
945.4374999999999 24.257036291606195 22.56846730341334
945.9375 24.25893552962462 22.569089936516914
946.4375 24.26084430331688 22.56970558229608
946.9374999999999 24.2627601112312 22.57032253389721
947.4375 24.26465085278651 22.570949943833618
947.9375 24.26658181374725 22.57156740434914
948.4374999999999 24.26848456770695 22.572193441384535
948.9375 24.27040636221133 22.572809042680717
949.4375 24.272303190581248 22.573441809775204
949.9374999999999 24.274230198247665 22.574063921712412
950.4375 24.276111761148606 22.574687722361567
950.9375 24.278062281121603 22.575325455338703
951.4374999999999 24.279971552028606 22.575946049347472
951.9375 24.281865399020237 22.57657545163445
952.4375 24.283797458610138 22.577210440709308
952.9374999999999 24.285716359631444 22.57784650106605
953.4375 24.28762287412077 22.578474739978635
953.9375 24.289516654572807 22.57911671908367
954.4374999999999 24.291455754958633 22.579750592446533
954.9375 24.29335011121571 22.580385827317535
955.4375 24.295264228351353 22.581025587395253
955.9374999999999 24.297156845563357 22.581677482083826
956.4375 24.299089898335218 22.582315989470608
956.9375 24.300995372082227 22.58295367931774
957.4374999999999 24.30289713920859 22.58361262855953
957.9375 24.304797928622634 22.58425815726291
958.4375 24.30672577998812 22.58489771054457
958.9374999999999 24.308624713838213 22.58555528397453
959.4375 24.31054312753536 22.586212451905958
959.9375 24.312444653137977 22.586857089097236
960.4374999999999 24.314362222933408 22.587507448680455
960.9375 24.316254099421517 22.588167079081202
961.4375 24.31815615213491 22.58883035443988
961.9374999999999 24.320066776754654 22.589483414356764
962.4375 24.3219792553808 22.590149278740842
962.9375 24.3238842181578 22.590806542575358
963.4374999999999 24.32580002487906 22.591462940897074
963.9375 24.32769188685262 22.592127038958335
964.4375 24.329593052572562 22.592793586673668
964.9374999999999 24.331506688668696 22.59345765315952
965.4375 24.3334210426503 22.594124385697146
965.9375 24.33532650240584 22.594793854636123
966.4374999999999 24.337214625786487 22.59546160210111
966.9375 24.339129361370972 22.59613501465357
967.4375 24.341020457622456 22.59680078548268
967.9374999999999 24.342925273514652 22.597480548665814
968.4375 24.34484884644844 22.598149445842882
968.9375 24.346741580936197 22.59882114252294
969.4374999999999 24.34864735938129 22.599504134812985
969.9375 24.350565340338 22.60016899279662
970.4375 24.352446122815962 22.600857297703666
970.9374999999999 24.354362025717336 22.60152868128626
971.4375 24.356286946958967 22.602208524826747
971.9375 24.358171793221 22.602886656892515
972.4374999999999 24.36009623699038 22.60356734156977
972.9375 24.36199926288605 22.604252210159448
973.4375 24.363915081891363 22.604934405694692
973.9374999999999 24.36580628769994 22.605620620263785
974.4375 24.36772160818474 22.60630271364136
974.9375 24.369631443638426 22.60698190422671
975.4374999999999 24.371534594848477 22.60767394957197
975.9375 24.373436040520904 22.608358079260217
976.4375 24.3753422845861 22.609046877577768
976.9374999999999 24.37724674953468 22.609730123899688
977.4375 24.37914778500851 22.610423746487566
977.9375 24.381083269102263 22.611109818466538
978.4374999999999 24.38299709818689 22.611799753931404
978.9375 24.38490597004092 22.612496405268253
979.4375 24.38681449991501 22.613186958753214
979.9374999999999 24.388705376877876 22.61387429156461
980.4375 24.39063530777439 22.61456753419015
980.9375 24.392556360964683 22.615263763292084
981.4374999999999 24.394445453003666 22.615950269844696
981.9375 24.39638161670809 22.616647873019996
982.4375 24.398286701852783 22.617344956953044
982.9374999999999 24.400216178441028 22.618034253217797
983.4375 24.402139568701607 22.61873156523108
983.9375 24.404062137568676 22.619429976275637
984.4374999999999 24.4059574142385 22.62012589420031
984.9375 24.40789093123192 22.620821484818833
985.4375 24.40980320499895 22.621518002105244
985.9374999999999 24.411735904458492 22.622218469223853
986.4375 24.413639508879392 22.62291372080012
986.9375 24.415566789549267 22.623616109640757
987.4374999999999 24.417493997049043 22.62431055721911
987.9375 24.419424325127753 22.62501624453912
988.4375 24.421363417669614 22.625715089107878
988.9374999999999 24.423275070032023 22.626408070971863
989.4375 24.425212494391477 22.627112605466255
989.9375 24.427134417143574 22.627817078501764
990.4374999999999 24.42905967509526 22.628516593987925
990.9375 24.43099810708063 22.629220781559788
991.4375 24.432919264506914 22.629921590475487
991.9374999999999 24.434848145551253 22.630628980214908
992.4375 24.43676826470826 22.631332300527976
992.9375 24.438693104738878 22.632041397673518
993.4374999999999 24.440629592064237 22.63274800818106
