FastTrWP/PhaseSpace/IAs/snIa_0.45_30.00_0.05_0.09.csv
# %ECSV 0.9
# ---
# datatype:
# - {name: time-rel, datatype: float64}
# - {name: g, datatype: float64}
# - {name: i, datatype: float64}
# schema: astropy-2.0
time-rel g i
[from data line 360]
-236.0 24.181339317198415 23.11749406740809
-235.5 24.177559661278355 23.11464106348915
-235.00000000000006 24.173790755746797 23.111785262679007
-234.5 24.17000611791659 23.108943253138165
-234.0 24.166277478221623 23.106091583438083
-233.50000000000006 24.16251655088676 23.10325560920418
-233.0 24.158778355117096 23.10042276046571
-232.5 24.155036115181062 23.097592408309396
-232.00000000000006 24.151298399248127 23.094764109213624
-231.5 24.147567989625983 23.09194130055023
-231.0 24.143858058958607 23.089120783312133
-230.50000000000006 24.140124571991013 23.086309800233774
-230.0 24.136438113143367 23.08350006512001
-229.5 24.1327384940997 23.080693051901694
-229.00000000000006 24.129054692196128 23.07789245099425
-228.5 24.125360534950055 23.075090296411904
-228.0 24.12167548893835 23.072279434799547
-227.50000000000006 24.11799163412812 23.069496421962675
-227.0 24.114341563124157 23.066701841588667
-226.5 24.11067827594725 23.063919520123438
-226.00000000000006 24.107013796413646 23.061131214937603
-225.5 24.103366868629124 23.05834722734484
-225.0 24.099723749448753 23.055582422458116
-224.50000000000006 24.096082657715854 23.052804237906592
-224.0 24.092456385255993 23.050039727711514
-223.5 24.088826849425807 23.04727547265493
-223.00000000000006 24.085186867752057 23.044513020354312
-222.5 24.081571706032044 23.041746880280304
-222.0 24.077938092386365 23.03897639343509
-221.50000000000006 24.074304901886592 23.03621084307867
-221.0 24.070682196548404 23.03344335180065
-220.5 24.06703203642888 23.03067912727238
-220.00000000000006 24.063391530340994 23.027909488554386
-219.5 24.059766209964582 23.02513786339302
-219.0 24.05611609542216 23.022381090574765
-218.50000000000006 24.052487055299466 23.01962225349242
-218.0 24.048847982260003 23.016845256077026
-217.5 24.04521343208701 23.014087743422667
-217.00000000000006 24.04157891547228 23.01132664683326
-216.5 24.0379573464265 23.00855864913785
-216.0 24.034330653746782 23.005807710500488
-215.50000000000006 24.030709170766894 23.003042205421984
-215.0 24.027090406267547 23.000295136665105
-214.5 24.02347295541405 22.99754242578863
-214.00000000000006 24.019865882206656 22.99480638506803
-213.5 24.01626274405487 22.99205459017966
-213.0 24.012656997659597 22.989310471499188
-212.50000000000006 24.009068530550483 22.986573569699434
-212.0 24.00547364579453 22.98383691634802
-211.5 24.0018913746397 22.981106367514705
-211.00000000000006 23.998309551723686 22.978374060004697
-210.5 23.99474654992316 22.97565672785558
-210.0 23.99119749622875 22.972944860639068
-209.50000000000006 23.98764722820022 22.97022308200546
-209.0 23.98408693879861 22.967512719066754
-208.5 23.980558006214334 22.96480886016996
-208.00000000000006 23.977021612489374 22.962115078758178
-207.5 23.973517369417202 22.959415168955985
-207.0 23.970005842159452 22.95672518170695
-206.50000000000006 23.966504954614262 22.954044434103487
-206.0 23.96301165873635 22.951374159467957
-205.5 23.959524206598797 22.948691397818557
-205.00000000000006 23.956072475873142 22.94603399032569
-204.5 23.952602492537864 22.943374069056134
-204.0 23.94915950697638 22.940722864484272
-203.50000000000006 23.945727247343214 22.938077669755423
-203.0 23.942304264834966 22.935429229871644
-202.5 23.93890223631869 22.932806195043995
-202.00000000000006 23.935491968494734 22.9301812436691
-201.5 23.93211451033395 22.92755597374547
-201.0 23.92875578425468 22.92495620547248
-200.50000000000006 23.925394081718494 22.922346706095404
-200.0 23.922051786229623 22.919749710376646
-199.5 23.91872520376549 22.917167289229837
-199.00000000000006 23.915406417074507 22.914590145998783
-198.5 23.912103752562732 22.912013332350284
-198.0 23.908831425635192 22.90945643834705
-197.50000000000006 23.90554081139756 22.906909111485692
-197.0 23.902297965812323 22.904361203161802
-196.5 23.899058747153678 22.901824932574144
-196.00000000000006 23.895829152883245 22.899300334045158
-195.5 23.89263046181885 22.896771930085148
-195.0 23.88942834956668 22.894263520065667
-194.50000000000006 23.886268424890677 22.891770383947268
-194.0 23.88310635122459 22.889282751791637
-193.5 23.87996438433288 22.886800299250826
-193.00000000000006 23.876839513503466 22.884321762432073
-192.5 23.873728691797073 22.881864026879335
-192.0 23.87065006182763 22.879411944016557
-191.50000000000006 23.867568040768482 22.876974240023557
-191.0 23.86452258029641 22.87455439443168
-190.5 23.861484588583913 22.872131174700474
-190.00000000000006 23.858467933721812 22.869721066400256
-189.5 23.85545666037241 22.867319534766658
-189.0 23.852481125849888 22.864927239053273
-188.50000000000006 23.84954018277048 22.862560407449266
-188.0 23.846567713143727 22.86018156901815
-187.5 23.843630075403524 22.857815459332397
-187.00000000000006 23.840702755430662 22.855447735236755
-186.5 23.837762941827666 22.853097429340693
-186.0 23.834841048443604 22.85073985399975
-185.50000000000006 23.831926262704116 22.84838779586554
-185.0 23.82902112156566 22.846049265604904
-184.5 23.82613264008425 22.84371667243169
-184.00000000000006 23.82323508967818 22.84138781719374
-183.5 23.820360891611593 22.83905779903305
-183.0 23.817482121374752 22.836725149433228
-182.50000000000006 23.81461543542745 22.834402078553243
-182.0 23.811760749124957 22.832101338423488
-181.5 23.808915119775644 22.829798879339673
-181.00000000000006 23.806082829790107 22.827492093612317
-180.5 23.80325013441191 22.825200738148922
-180.0 23.80043494107997 22.822910860986354
-179.50000000000006 23.797618099012748 22.820618554766014
-179.0 23.794819556600594 22.81834721427847
-178.5 23.79202735102723 22.816079004060626
-178.00000000000006 23.789242062645407 22.813807582316215
-177.5 23.786471980605725 22.811547928476678
-177.0 23.783723501843347 22.809296920527583
-176.50000000000006 23.78096475408068 22.80703999958596
-176.0 23.77823031423787 22.80480789777986
-175.5 23.77550508268513 22.802568351933054
-175.00000000000006 23.772776489147873 22.80034036084229
-174.5 23.77006651919639 22.798112582542963
-174.0 23.7673702486053 22.795901740814635
-173.50000000000006 23.764682455960354 22.793694131922926
-173.0 23.762010530692123 22.791491375285595
-172.5 23.759349764738662 22.789295492468796
-172.00000000000006 23.756687155633074 22.78710128775132
-171.5 23.754044087985644 22.78492648453777
-171.0 23.751416193034185 22.782753141043127
-170.50000000000006 23.7487976285269 22.780575205238513
-170.0 23.7461857773237 22.778425265647755
-169.5 23.743589052655505 22.776259527999166
-169.00000000000006 23.74100377992705 22.774111764216908
-168.5 23.738415396503534 22.771970313502123
-168.0 23.73586472095703 22.7698363198669
-167.50000000000006 23.733312854465964 22.7677064992467
-167.0 23.730781391401262 22.76558878097212
-166.5 23.728259462044207 22.76349114457153
-166.00000000000006 23.725739693715838 22.761373524049745
-165.5 23.72323326942066 22.759286064380287
-165.0 23.720747406797162 22.75718886975688
-164.50000000000006 23.71826785948278 22.755104021186533
-164.0 23.71581560996491 22.753030267022382
-163.5 23.71335912340789 22.75096386914443
-163.00000000000006 23.710912320016696 22.74890200132337
-162.5 23.70849125994536 22.74685333637088
-162.0 23.70606789799392 22.74480757876063
-161.50000000000006 23.70367501582857 22.742769499456685
-161.0 23.70128555367083 22.740754270231996
-160.5 23.69892069840685 22.73872623010256
-160.00000000000006 23.696556974441975 22.736719109229785
-159.5 23.694216383070245 22.734714367944893
-159.0 23.69187618372072 22.732706510175046
-158.50000000000006 23.689561133673777 22.730724502995756
-158.0 23.68725853120461 22.728747870671157
-157.5 23.684968105507114 22.726776061565115
-157.00000000000006 23.682686927790087 22.724815517861707
-156.5 23.680418022702597 22.722860379336304
-156.0 23.6781698980044 22.72091231689098
-155.50000000000006 23.675936093124456 22.718977348777663
-155.0 23.673710976902736 22.717052307896054
-154.5 23.67151236108612 22.71512042244797
-154.00000000000006 23.66930693359775 22.71321596555138
-153.5 23.66712916016587 22.71130985229824
-153.0 23.66496215817417 22.709408442964744
-152.50000000000006 23.66280018596329 22.707528103211473
-152.0 23.66065378963121 22.705634488280282
-151.5 23.658516626855327 22.703754804631288
-151.00000000000006 23.65637402227852 22.70187428201607
-150.5 23.65426184118627 22.70001406559659
-150.0 23.652156773677355 22.698153402193448
-149.50000000000006 23.65004540661439 22.696298156675972
-149.0 23.64795764012106 22.694452296272743
-148.5 23.645874051377923 22.692607146866738
-148.00000000000006 23.643798992434807 22.690780064172444
-147.5 23.64174508970741 22.68894609133579
-147.0 23.63968851615786 22.687120760812988
-146.50000000000006 23.63765842880707 22.68530362642181
-146.0 23.635615214045345 22.683495607638132
-145.5 23.633585461022378 22.681695512956914
-145.00000000000006 23.631576819082195 22.67989157400432
-144.5 23.629576042035062 22.678100261423868
-144.0 23.627587557586192 22.676307411931603
-143.50000000000006 23.62560398059497 22.674534467326364
-143.0 23.623625860679024 22.672761581258097
-142.5 23.62166318098213 22.67099521995229
-142.00000000000006 23.619716268731956 22.66922514009738
-141.5 23.617764786741557 22.667474218467554
-141.0 23.615827251822218 22.665725038948086
-140.50000000000006 23.613921637614844 22.66397643660479
-140.0 23.611980096409138 22.662244440288166
-139.5 23.61008188186725 22.660508733993233
-139.00000000000006 23.608179031563807 22.658789014212907
-138.5 23.606302779744052 22.65706086166686
-138.0 23.60441908140375 22.65535280217597
-137.50000000000006 23.602550253500002 22.65364041849001
-137.0 23.600697998382113 22.651941699916588
-136.5 23.59883561385761 22.650235409069147
-136.00000000000006 23.59700697555525 22.648550960317042
-135.5 23.595171163415106 22.646865313727204
-135.0 23.593345645050704 22.645190118481544
-134.50000000000006 23.591534775393296 22.64351222943258
-134.0 23.58974396903333 22.641847183225543
-133.5 23.58793349987472 22.640185549264853
-133.00000000000006 23.586159396017855 22.638534084665935
-132.5 23.584388100517582 22.636886393421367
-132.0 23.58261783919877 22.63524591931774
-131.50000000000006 23.580853893873275 22.633606370192094
-131.0 23.579126812709607 22.631974461888376
-130.5 23.577371723966255 22.630343509798664
-130.00000000000006 23.5756526470672 22.628725013576073
-129.5 23.573924570121267 22.627108768972825
-129.0 23.572221614940297 22.625503996359516
-128.50000000000006 23.570516845830724 22.623901463581362
-128.0 23.568816215199924 22.622299294990004
-127.5 23.56713829815954 22.62071681858591
-127.00000000000006 23.56546372663955 22.619124583121884
-126.5 23.563799113212053 22.6175474071107
-126.0 23.562139337328354 22.615966125264755
-125.50000000000006 23.560497849419306 22.61440469222281
-125.0 23.558859811933537 22.612836204304827
-124.5 23.557232012131998 22.611279120495187
-124.00000000000006 23.555612904091863 22.60972545903844
-123.5 23.5539942210726 22.60818088764081
-123.0 23.552408585963835 22.60664421460892
-122.50000000000006 23.550816515175704 22.605110252446487
-122.0 23.54922695369688 22.603579176810467
-121.5 23.54765384715683 22.602057070859463
-121.00000000000006 23.54608824716738 22.60053285296413
-120.5 23.544533696297265 22.599020153953337
-120.0 23.54298960642342 22.597509252990747
-119.50000000000006 23.541450507302738 22.596014945290847
-119.0 23.53991289402321 22.594519925901718
-118.5 23.538393557012874 22.59302526357784
-118.0 23.536886562787657 22.591539050665574
-117.5 23.535390857858754 22.590061152870284
-117.0 23.5338859372083 22.588584941056247
-116.5 23.532386338858956 22.587111361900256
-116.0 23.53090165387343 22.585638234999898
-115.5 23.529432788706597 22.58418126566035
-115.0 23.527961932908667 22.582721058041095
-114.5 23.5265067549833 22.581272977506124
-114.0 23.525052720685146 22.579827569254643
-113.5 23.523604341015623 22.57838463598351
-113.0 23.522158168238427 22.57694853761294
-112.5 23.52072988305734 22.57551482783507
-112.0 23.51931025403892 22.574085640144382
-111.5 23.517900448859184 22.572665107181663
-111.0 23.51648890188169 22.571247591561683
-110.5 23.51508202464665 22.569832667572456
-110.0 23.51369539958546 22.56842785534848
-109.5 23.51231411739853 22.567016887776703
-109.0 23.510936530933506 22.565625252894222
-108.5 23.509565023793755 22.564227713112874
-108.0 23.508204471169694 22.562840752059294
-107.5 23.506856703327514 22.56146084324832
-107.0 23.505503009771264 22.560080642126266
-106.5 23.504176267711205 22.558705382758806
-106.0 23.502850247673482 22.55734002845617
-105.5 23.50151749587966 22.55597961232638
-105.0 23.50021379426384 22.554619847763874
-104.5 23.49889229787224 22.553259307420856
-104.0 23.49759954879908 22.55190499816254
-103.5 23.496299938920757 22.5505693297726
-103.0 23.495017811671786 22.549234511921476
-102.5 23.49374196318535 22.54789307077147
-102.0 23.492487712986794 22.546560276865222
-101.5 23.491221046288974 22.54523631727889
-101.0 23.489966348026243 22.543919332084993
-100.5 23.48872897408173 22.54259981723102
-100.0 23.487485414003807 22.54129071591134
-99.5 23.486249562538614 22.53999343895344
-99.0 23.485034183612683 22.53869387146238
-98.5 23.48382323014606 22.537396341461893
-98.0 23.48261464510392 22.536104168861936
-97.5 23.48141325117465 22.534818715396288
-97.0 23.480225065348506 22.533534289734106
-96.5 23.47904926413895 22.532263104830314
-96.0 23.477871098253857 22.530997981233035
-95.5 23.47670421118924 22.529723066529172
-95.0 23.475552842974786 22.528468270607096
-94.5 23.474405535929076 22.527212144464016
-94.0 23.473254670687517 22.52596174658986
-93.5 23.472116743283568 22.52471427220295
-93.0 23.47099444643833 22.52347129365726
-92.5 23.4698734205569 22.52223686254023
-92.0 23.46876175275532 22.52100418346512
-91.5 23.467665115526813 22.5197743030018
-91.0 23.466560311192243 22.51855678155648
-90.5 23.465478665886216 22.517349161269003
-90.0 23.46439354513125 22.5161293334505
-89.5 23.463333338550978 22.51492561951968
-89.0 23.462276123280205 22.513722710447233
-88.5 23.461209551763886 22.512523315575468
-88.0 23.460169122019888 22.511335893310182
-87.5 23.459132238599516 22.510150455601835
-87.0 23.45808985569056 22.50896396912168
-86.5 23.45706675442962 22.5077868979761
-86.0 23.45605645873092 22.506617679065503
-85.5 23.45505303862707 22.505450003796945
-85.0 23.45405420580075 22.504284824997377
-84.5 23.453060633518103 22.50313586454269
-84.0 23.452077431205645 22.50197372735965
-83.5 23.451101325771006 22.500832228480377
-83.0 23.450138125880905 22.499693027467377
-82.5 23.449185001658325 22.498552795154847
-82.0 23.448226742405495 22.497412450204514
-81.5 23.447276875296087 22.496292943496417
-81.0 23.446341446360634 22.495174140691017
-80.5 23.445415035239215 22.494050816020437
-80.0 23.444488266288545 22.492934380849235
-79.5 23.443576754282542 22.491825821894412
-79.0 23.442656893241043 22.49072207187858
-78.5 23.44177861623922 22.489618461815027
-78.0 23.44087590917176 22.488523307449903
-77.5 23.43998907362812 22.487428396447303
-77.0 23.43911233453836 22.486342439801525
-76.5 23.438237202115694 22.485263210269906
-76.0 23.43736948400064 22.48418506139513
-75.5 23.436514580569344 22.483111211684367
-75.0 23.435666321155686 22.482044464990643
-74.5 23.43483114641609 22.48097682114825
-74.0 23.43397609448101 22.479919009248718
-73.5 23.433167244022872 22.47886173007958
-73.0 23.43232830289933 22.47781233101454
-72.5 23.43151529193964 22.47676261060981
-72.0 23.430710965951928 22.47571765790445
-71.5 23.429912871554027 22.474682083225815
-71.0 23.429108830349882 22.4736476930125
-70.5 23.42833066445564 22.472614015764613
-70.0 23.42754442438217 22.47158989130456
-69.5 23.426774473899247 22.470570581659626
-69.0 23.426004759801884 22.469550351781642
-68.5 23.425245539895656 22.468536046408303
-68.0 23.424498046929227 22.46752338346944
-67.5 23.42373565047353 22.466515184680187
-67.0 23.423011660485113 22.46552123702653
-66.5 23.42226945052163 22.464520324453773
