FastTrWP/PhaseSpace/IAs/snIa_0.46_30.00_0.84_0.08.csv
# %ECSV 0.9
# ---
# datatype:
# - {name: time-rel, datatype: float64}
# - {name: g, datatype: float64}
# - {name: i, datatype: float64}
# schema: astropy-2.0
time-rel g i
[from data line 287]
307.5833333333333 24.37949837588392 23.331641117582546
308.0833333333333 24.375396810244546 23.32854754335711
308.5833333333333 24.371321517524237 23.325459620832227
309.0833333333333 24.367221735526414 23.322382367908965
309.5833333333333 24.36315429833379 23.31931545039991
310.0833333333333 24.35908689586181 23.316249920859615
310.5833333333333 24.35503413421957 23.31319984871285
311.0833333333333 24.35101174217628 23.310147917465834
311.5833333333333 24.346995124636358 23.307100553362385
312.0833333333333 24.342981091421187 23.30407424794709
312.5833333333333 24.338997187629413 23.30105070863704
313.0833333333333 24.334995426929975 23.29802798004558
313.5833333333333 24.331035667422633 23.29501812114148
314.0833333333333 24.327079628761542 23.29202690484799
314.5833333333333 24.32312810509395 23.289032180242177
315.0833333333333 24.319213353583862 23.286038828445506
315.5833333333333 24.315279392752934 23.283066523103464
316.0833333333333 24.31138981012169 23.2800963875654
316.5833333333333 24.3074829181394 23.277124690395272
317.0833333333333 24.303597366953618 23.274176859061235
317.5833333333333 24.299731199304027 23.271229614194574
318.0833333333333 24.29585520754393 23.26827963143552
318.5833333333333 24.291999330922728 23.26535671919754
319.0833333333333 24.288186133940485 23.262419842802245
319.5833333333333 24.28433934654055 23.25950134037225
320.0833333333333 24.28053356717099 23.256591518848158
320.5833333333333 24.276713005874562 23.253688798459887
321.0833333333333 24.27292363264414 23.250784999371092
321.5833333333333 24.269144802827036 23.247894347036674
322.0833333333333 24.26538009388775 23.245002447902294
322.5833333333333 24.2616044242579 23.242124605133355
323.0833333333333 24.25785732807251 23.239254697505643
323.5833333333333 24.25411948378017 23.23638616496263
324.0833333333333 24.25038398089931 23.2335193246643
324.5833333333333 24.24666275097482 23.230670581838634
325.0833333333333 24.242966787745477 23.22781627425443
325.5833333333333 24.23925344829 23.22498393592941
326.0833333333333 24.235578836551312 23.222142513840215
326.5833333333333 24.231880566700617 23.2193175901071
327.0833333333333 24.22821974384652 23.216491841870237
327.5833333333333 24.224546937057035 23.213672694956085
328.0833333333333 24.220890169978038 23.210850461534708
328.5833333333333 24.217254028698637 23.20805291975055
329.0833333333333 24.213620110009852 23.205260522062577
329.5833333333333 24.209995987792734 23.202453290010922
330.0833333333333 24.206383761461296 23.199667389905795
330.5833333333333 24.202760191463323 23.196898338275687
331.0833333333333 24.19917326415183 23.19412152325902
331.5833333333333 24.195590828494616 23.191345624716753
332.0833333333333 24.191997246132072 23.188571711051686
332.5833333333333 24.18843794219232 23.18581435158311
333.0833333333333 24.184870185147158 23.18305480270535
333.5833333333333 24.18133013738811 23.180322478614194
334.0833333333333 24.17777416198387 23.177573314132186
334.5833333333333 24.174241912949064 23.17483313063683
335.0833333333333 24.170706785804732 23.17209066120241
335.5833333333333 24.167214173113724 23.169369834886698
336.0833333333333 24.163685923967154 23.166642186592767
336.5833333333333 24.16017880435073 23.163930167324324
337.0833333333333 24.156696728262457 23.16121359875071
337.5833333333333 24.153188801039217 23.15850601304696
338.0833333333333 24.149706638423055 23.155796747051056
338.5833333333333 24.146246854072125 23.15310293613703
339.0833333333333 24.142791323275578 23.150410930366107
339.5833333333333 24.139320104878976 23.147722837588734
340.0833333333333 24.135866460389718 23.145033289212982
340.5833333333333 24.132431475247603 23.142352129195416
341.0833333333333 24.128997047182935 23.139686934147214
341.5833333333333 24.125572493227523 23.13700469089835
342.0833333333333 24.122153194127232 23.134347106385867
342.5833333333333 24.118741448785563 23.131681264899772
343.0833333333333 24.115344295079257 23.12902284223763
343.5833333333333 24.111946894359363 23.126372634392926
344.0833333333333 24.108540371271765 23.123728962166336
344.5833333333333 24.10517253425242 23.121082008836005
345.0833333333333 24.10179011376432 23.118450343913878
345.5833333333333 24.0984315271588 23.11581527318708
346.0833333333333 24.095051863661215 23.113175837611642
346.5833333333333 24.091708140461584 23.110557487008695
347.0833333333333 24.08836689364349 23.10794372185899
347.5833333333333 24.085023333493755 23.105324280548245
348.0833333333333 24.08169988905435 23.102704967234693
348.5833333333333 24.078373531162573 23.10011096303746
349.0833333333333 24.07505382795116 23.097506467554748
349.5833333333333 24.071746143152403 23.094916996164763
350.0833333333333 24.068441019504053 23.092318897509397
350.5833333333333 24.065147415492287 23.089735496180918
351.0833333333333 24.06186619822586 23.087159285124713
351.5833333333333 24.058604219936775 23.084587623161287
352.0833333333333 24.055312858776933 23.08201805057919
352.5833333333333 24.052068377550615 23.07945437496077
353.0833333333333 24.048805816369118 23.076882308271433
353.5833333333333 24.045562631185568 23.074327005279976
354.0833333333333 24.042309463778828 23.071785171729722
354.5833333333333 24.039084291950957 23.069225166520816
355.0833333333333 24.035838028068444 23.066689042638743
355.5833333333333 24.03262244158739 23.064155659526698
356.0833333333333 24.029411886768955 23.061617103156472
356.5833333333333 24.02619793848062 23.059089850036266
357.0833333333333 24.02299805116083 23.056570070069174
357.5833333333333 24.019806820284018 23.054044383399543
358.0833333333333 24.01663500112944 23.051534404207523
358.5833333333333 24.0134348118645 23.0490223642046
359.0833333333333 24.0102663238609 23.04651702295189
359.58333333333326 24.00710899258606 23.0440204746755
360.0833333333333 24.003935754094382 23.041519599694077
360.5833333333333 24.000787846436072 23.03902469410417
361.08333333333326 23.997638159260603 23.036531047335753
361.5833333333333 23.994498722161374 23.034055327573896
362.0833333333333 23.99135960422329 23.03156846884749
362.58333333333326 23.98823551234452 23.029081520435497
363.0833333333333 23.985123166785286 23.026615574102195
363.5833333333333 23.981993760582156 23.02414363947824
364.08333333333326 23.97888107083218 23.021674472509886
364.5833333333333 23.975783520325443 23.019217752065003
365.0833333333333 23.972688483213727 23.01676058909677
365.58333333333326 23.969589157742345 23.014301376812746
366.0833333333333 23.966494756492224 23.01185404068493
366.5833333333333 23.963432790186303 23.009403304255205
367.08333333333326 23.96035176617955 23.006967373269646
367.5833333333333 23.95727644640758 23.004527675151323
368.0833333333333 23.954217253034283 23.00209951894469
368.58333333333326 23.951160337363632 22.999661233518456
369.0833333333333 23.948083640144333 22.997233766725532
369.5833333333333 23.945052672897646 22.994809056704483
370.08333333333326 23.94201586697559 22.992394399631408
370.5833333333333 23.938974904774987 22.989961220748604
371.0833333333333 23.93596161034846 22.98756165369699
371.58333333333326 23.932932536119488 22.985145543412816
372.0833333333333 23.92990488340522 22.982742108174435
372.5833333333333 23.926897149441338 22.980343474088652
373.08333333333326 23.923900805030275 22.977944833992577
373.5833333333333 23.920882397752074 22.97554592726016
374.0833333333333 23.917878536926487 22.973153001886097
374.58333333333326 23.91490033561006 22.970773295726154
375.0833333333333 23.911908005935643 22.968385422630014
375.5833333333333 23.90892408294908 22.965995236982664
376.08333333333326 23.9059448865584 22.963624813556116
376.5833333333333 23.902975801586987 22.961250009903935
377.0833333333333 23.90002815932959 22.958875467418206
377.58333333333326 23.897058542738385 22.956510476504235
378.0833333333333 23.894105525515933 22.95414691108443
378.5833333333333 23.891156071829805 22.951775515597813
379.08333333333326 23.88820746269638 22.94942220080415
379.5833333333333 23.8852441320288 22.947066839008528
380.0833333333333 23.88233103811388 22.944719246762062
380.58333333333326 23.879385853237487 22.94236430514088
381.0833333333333 23.876457265933144 22.940006119977244
381.5833333333333 23.873541398747655 22.937658438135408
382.08333333333326 23.87059703236237 22.93531614517423
382.5833333333333 23.8676541001578 22.932951542009967
383.0833333333333 23.864714149200246 22.93060746404381
383.58333333333326 23.86177260217929 22.92825815971961
384.0833333333333 23.85883215387855 22.925902823419126
384.5833333333333 23.855901006297074 22.923564859253567
385.08333333333326 23.85295908890699 22.921219737904657
385.5833333333333 23.850030553828585 22.91887910951845
386.0833333333333 23.84711210786285 22.916523950477977
386.58333333333326 23.844179954431276 22.914186496609013
387.0833333333333 23.841256241516348 22.91184186238585
387.5833333333333 23.838321510696034 22.909505472918397
388.08333333333326 23.83540596205922 22.907178553015672
388.5833333333333 23.832486205219613 22.904831484804006
389.0833333333333 23.829555442285727 22.902508185826946
389.58333333333326 23.82664921704238 22.900176584444015
390.0833333333333 23.823743317126947 22.897851609802395
390.5833333333333 23.82082953358562 22.8955279256424
391.08333333333326 23.817938064445592 22.893210623460636
391.5833333333333 23.81505155619047 22.890893424763746
392.0833333333333 23.812144498359494 22.888572269540212
392.58333333333326 23.809268143030348 22.886266672521653
393.0833333333333 23.806394297795727 22.883956650705784
393.5833333333333 23.803525120342123 22.881652321907332
394.08333333333326 23.80065829307146 22.87935453695033
394.5833333333333 23.79777065620427 22.877065562273877
395.0833333333333 23.79492614901242 22.8747714652309
395.58333333333326 23.792079826752676 22.872484404984093
396.0833333333333 23.789238123724843 22.870201295459506
396.5833333333333 23.786403252972054 22.867925776458073
397.08333333333326 23.783561947566376 22.865638588297355
397.5833333333333 23.780760072025892 22.86337785882634
398.0833333333333 23.77794173229717 22.861120556353164
398.58333333333326 23.77514815685004 22.858852837764463
399.0833333333333 23.77235470085944 22.856601413281222
399.5833333333333 23.769561455077177 22.85435268279005
400.08333333333326 23.76678119274979 22.852106990057237
400.5833333333333 23.76402968155616 22.849864914104923
401.0833333333333 23.76125604550779 22.847639227460995
401.58333333333326 23.758515691852985 22.84541649821687
402.0833333333333 23.755768855522625 22.843196644647385
402.5833333333333 23.753032018916088 22.84097628666644
403.08333333333326 23.750325382187874 22.83877479078445
403.5833333333333 23.747614671272515 22.836565589967567
404.0833333333333 23.74490542193705 22.83436983104556
404.58333333333326 23.742227730225352 22.832179255411525
405.0833333333333 23.739545396029214 22.830010181396247
405.5833333333333 23.73687962165934 22.827819447545554
406.08333333333326 23.734229995628546 22.82565459671874
406.5833333333333 23.731579261700904 22.82349292096381
407.0833333333333 23.728954150826887 22.82133815016326
407.58333333333326 23.726345854882254 22.819188462289937
408.0833333333333 23.72372553091997 22.81705329431755
408.5833333333333 23.721138308742834 22.814917055030417
409.08333333333326 23.718550887138 22.812788836556877
409.5833333333333 23.715972285179667 22.81067186382378
410.0833333333333 23.713419342854518 22.808559332864476
410.58333333333326 23.710892031222947 22.80645694294367
411.0833333333333 23.708359048985017 22.804369934909303
411.5833333333333 23.70583590828002 22.802274295081247
412.08333333333326 23.70332599006737 22.800198449402373
412.5833333333333 23.700844467339053 22.79812432824425
413.0833333333333 23.698370633241197 22.796064605674474
413.58333333333326 23.695909454358805 22.794009966779637
414.0833333333333 23.693453184358262 22.79196245194416
414.5833333333333 23.691030228187703 22.789921532599703
415.08333333333326 23.688613121956614 22.787901911806706
415.5833333333333 23.686190684069757 22.78587382675593
416.0833333333333 23.683798098000807 22.783859302444558
416.58333333333326 23.68140539844002 22.78185059163833
417.0833333333333 23.679010349981052 22.779841698679498
417.5833333333333 23.676618162365692 22.777844748237058
418.08333333333326 23.67425276697145 22.775838685433133
418.5833333333333 23.671874997860336 22.77383397822405
419.0833333333333 23.66951619447743 22.77184882746027
419.58333333333326 23.667174709915617 22.769857891611952
420.0833333333333 23.66481452922024 22.767870550516534
420.5833333333333 23.662468417819476 22.76589490032107
421.08333333333326 23.660129254834317 22.76391012383289
421.5833333333333 23.657802563601827 22.761947120589696
422.0833333333333 23.65547683674044 22.75998962498429
422.58333333333326 23.65317178711955 22.758018366229717
423.0833333333333 23.650861266413607 22.756058711450432
423.5833333333333 23.648545996624932 22.75410410614587
424.08333333333326 23.646251035101745 22.752163825376343
424.5833333333333 23.64398657137377 22.750223943415584
425.0833333333333 23.641701530960965 22.748290029006768
425.58333333333326 23.63942824006333 22.74635046601979
426.0833333333333 23.637167536066713 22.744421011153623
426.5833333333333 23.634908952702904 22.742495666555026
427.08333333333326 23.632652376696853 22.740578674852266
427.5833333333333 23.63041788170632 22.738667722587774
428.0833333333333 23.628187303210968 22.736760327132984
428.58333333333326 23.62595854356835 22.73486125958457
429.0833333333333 23.623764962323794 22.732963339518363
429.5833333333333 23.621549196912213 22.73107545894994
430.08333333333326 23.619353620080524 22.72918364075779
430.5833333333333 23.61715895834174 22.727305713388123
431.0833333333333 23.614988835119078 22.725428201461728
431.58333333333326 23.612813848159938 22.723564205831547
432.0833333333333 23.610645493153598 22.72169660786675
432.5833333333333 23.60849589501334 22.719843555766435
433.08333333333326 23.606360805694628 22.717988811179254
433.5833333333333 23.60422238748102 22.7161385974129
434.0833333333333 23.60209622514494 22.714298071035422
434.58333333333326 23.599990185508712 22.712467408463258
435.0833333333333 23.597872274696666 22.710633830746772
435.5833333333333 23.595772609660845 22.70881091679791
436.08333333333326 23.59369124683667 22.70698769680311
436.5833333333333 23.591616405000625 22.70517832571285
437.0833333333333 23.589537113860523 22.703375495054615
437.58333333333326 23.587483500859015 22.70157212990659
438.0833333333333 23.585429566220185 22.69978672518977
438.5833333333333 23.583385210170032 22.698000091264316
439.08333333333326 23.581370259799822 22.6962202618938
439.5833333333333 23.57935488860571 22.694440449919917
440.0833333333333 23.577337862851433 22.692671950874175
440.58333333333326 23.575348412544898 22.690911950598153
441.0833333333333 23.573366476791175 22.68915543933961
441.5833333333333 23.57137402592077 22.68740515345975
442.08333333333326 23.569393568998663 22.685663430506565
442.5833333333333 23.567451971161645 22.683933405031638
443.0833333333333 23.565515497242707 22.68220280912745
443.58333333333326 23.563567907673317 22.68047527630177
444.0833333333333 23.561656782540247 22.6787586204369
444.5833333333333 23.55974243980629 22.6770539909159
445.08333333333326 23.557828454125968 22.675348852809734
445.5833333333333 23.555938226920475 22.673647544560342
446.0833333333333 23.554046896435512 22.671958732778748
446.58333333333326 23.55219192413319 22.670278305161048
447.0833333333333 23.550331358729302 22.668600544573458
447.5833333333333 23.548476584642213 22.66693682314847
448.08333333333326 23.546648206370246 22.66527964791247
448.5833333333333 23.544815339853407 22.663625508646277
449.0833333333333 23.543008199328863 22.661976686447908
449.58333333333326 23.541206204121057 22.660335764671817
450.0833333333333 23.539426641557768 22.658704054386103
450.5833333333333 23.537637035537273 22.65707286057536
451.08333333333326 23.535868706285946 22.65544902219193
