FastTrWP/PhaseSpace/IAs/snIa_0.44_30.00_-0.17_0.02.csv
# %ECSV 0.9
# ---
# datatype:
# - {name: time-rel, datatype: float64}
# - {name: g, datatype: float64}
# - {name: i, datatype: float64}
# schema: astropy-2.0
time-rel g i
[from data line 360]
-233.0 24.080371955561063 23.209358181999175
-232.50000000000006 24.07635621716418 23.206362130322596
-232.0 24.07235714193151 23.203373441078618
-231.5 24.068345120783743 23.200379933654766
-231.00000000000006 24.064363114762408 23.197416073142925
-230.5 24.060358657977048 23.19442980299581
-230.0 24.05639695823892 23.191462920658953
-229.50000000000006 24.05242968443509 23.188486403729833
-229.0 24.04846078061482 23.185522022551602
-228.5 24.04450196095214 23.182558932896388
-228.00000000000006 24.040547890583554 23.17960309013554
-227.5 24.03661883004235 23.176643530520632
-227.0 24.03266547175866 23.173700385114987
-226.50000000000006 24.028734895315353 23.17075553322635
-226.0 24.024824912273814 23.167809225754013
-225.5 24.020890909444816 23.164879340792844
-225.00000000000006 24.016988238504183 23.161936173513627
-224.5 24.013078640215433 23.15901632489366
-224.0 24.00918223169278 23.156085494344005
-223.50000000000006 24.00528004466556 23.153161989511126
-223.0 24.001402672347744 23.15024196448311
-222.5 23.997515174812936 23.147322456871255
-222.00000000000006 23.993641581207278 23.144413421345163
-221.5 23.9897721403093 23.141495551075323
-221.0 23.98588037746204 23.13857539129031
-220.50000000000006 23.981996252610895 23.135673312945393
-220.0 23.97810045793625 23.132739066898672
-219.5 23.974213332280456 23.129832117847382
-219.00000000000006 23.970318593640336 23.126907723994382
-218.5 23.966432780786405 23.123992277821625
-218.0 23.962535932038172 23.12107119300923
-217.50000000000006 23.958652076151314 23.118153349050246
-217.0 23.954749535928073 23.11525034331597
-216.5 23.950864627022895 23.11232732999773
-216.00000000000006 23.94698410789816 23.109416223892033
-215.5 23.943088787735295 23.106511656169978
-215.0 23.939208911303677 23.103604527528027
-214.50000000000006 23.935328793979274 23.100691816667354
-214.0 23.931453201083215 23.097792535438174
-213.5 23.92758133953834 23.09488624906028
-213.00000000000006 23.923709240624227 23.09199050234303
-212.5 23.91986263659327 23.089094276160065
-212.0 23.915980063344207 23.08620811453709
-211.50000000000006 23.912154878755516 23.083312703599926
-211.0 23.908299259215 23.080427877408333
-210.5 23.904457834923495 23.07754602194095
-210.00000000000006 23.900631826389755 23.07467601794314
-209.5 23.896803735419013 23.071806371430498
-209.0 23.89299565924523 23.06892551455901
-208.50000000000006 23.889182234919435 23.066070255334896
-208.0 23.885396062117263 23.06320946351041
-207.5 23.881596649826527 23.06035967820199
-207.00000000000006 23.877817891280337 23.057511804434814
-206.5 23.874060967069177 23.054665586983166
-206.0 23.87029723156548 23.05182852408255
-205.50000000000006 23.86654482288886 23.04900297005815
-205.0 23.862814867117574 23.04616627539845
-204.5 23.859097947347458 23.04336989192102
-204.00000000000006 23.855385884687088 23.040548990595706
-203.5 23.851680751384524 23.0377398102401
-203.0 23.84798608207726 23.034943086292365
-202.50000000000006 23.84431950937349 23.032158016957514
-202.0 23.84066584109096 23.029380668361263
-201.5 23.837021580652433 23.02659234282205
-201.00000000000006 23.833384183323147 23.023839758916207
-200.5 23.829758881303626 23.02106870082918
-200.0 23.826150360977607 23.01831751431111
-199.50000000000006 23.822568650917372 23.01557523871558
-199.0 23.81899718681307 23.01283889322308
-198.5 23.815440421849946 23.010116365661556
-198.00000000000006 23.81189281291283 23.007383538404078
-197.5 23.808373348589047 23.004684052898696
-197.0 23.804855504534295 23.001979886504223
-196.50000000000006 23.80138107941673 22.999298212125183
-196.0 23.797890542113706 22.996605069681895
-195.5 23.79443807244476 22.993932679925354
-195.00000000000006 23.790976783527924 22.99125770068813
-194.5 23.787570499943442 22.988622970476488
-194.0 23.784154755434145 22.98598436374156
-193.50000000000006 23.780787854223057 22.983342864515016
-193.0 23.77741252049731 22.980715034472595
-192.5 23.774049615851848 22.97810514619218
-192.00000000000006 23.77072976911371 22.97550105435933
-191.5 23.76741269814769 22.972915614926457
-191.0 23.76412319581332 22.970326564386937
-190.50000000000006 23.760860964518177 22.967756432696362
-190.0 23.75760296479088 22.96520016538777
-189.5 23.75436979457625 22.962641276606156
-189.00000000000006 23.751152394704693 22.960114056917856
-188.5 23.747975296428358 22.957583037358518
-188.0 23.744802103712015 22.95506797046047
-187.50000000000006 23.741661843197257 22.952565992824155
-187.0 23.738518339289335 22.95007811072177
-186.5 23.73538102146595 22.947580989913263
-186.00000000000006 23.73227005274451 22.945098386600854
-185.5 23.729144400807858 22.94260463429331
-185.0 23.726036817438718 22.940130019727775
-184.50000000000006 23.722940945426387 22.937662133948585
-184.0 23.71985759333784 22.93518683734289
-183.5 23.71677220574981 22.932729909048582
-183.00000000000006 23.713701563788536 22.93027036560439
-182.5 23.710630761924012 22.927820158273015
-182.0 23.707584404433195 22.925367789595825
-181.50000000000006 23.704541298735194 22.92293652718604
-181.0 23.701499433470783 22.920504987287245
-180.5 23.698481960634986 22.91807727451239
-180.00000000000006 23.695458119627194 22.91564506687328
-179.5 23.69246553274371 22.91323196876168
-179.0 23.689466340635082 22.910825379395455
-178.50000000000006 23.68648802127676 22.908421592388237
-178.0 23.683504695344844 22.906024546420255
-177.5 23.680556550337606 22.90363631360522
-177.00000000000006 23.67759264396841 22.901245373829312
-176.5 23.67465262928425 22.898855077671886
-176.0 23.671721549399244 22.896492679823602
-175.50000000000006 23.66879302043474 22.894126888870364
-175.0 23.66589500291129 22.891767409533223
-174.5 23.662993595096488 22.889419767203535
-174.00000000000006 23.66012300761306 22.887066617904598
-173.5 23.657242423271626 22.88473000464656
-173.0 23.654373330616675 22.88240285208908
-172.50000000000006 23.651539096911232 22.880079655775624
-172.0 23.648693639889235 22.877764616819455
-171.5 23.645870678965572 22.87544488669163
-171.00000000000006 23.643065617363742 22.873138989631553
-170.5 23.640251389725393 22.870846951125287
-170.0 23.637463018603437 22.868558633228005
-169.50000000000006 23.63469281224797 22.866273906049525
-169.0 23.631928292565473 22.863992673370426
-168.5 23.62916809074858 22.861734475205566
-168.00000000000006 23.626435474323944 22.859472751029948
-167.5 23.623705494348467 22.85721618929692
-167.0 23.6210008296515 22.8549737867569
-166.50000000000006 23.61829473220377 22.85273712081905
-166.0 23.61560351733781 22.850509608936743
-165.5 23.612942318681355 22.848293491442902
-165.00000000000006 23.61028273205776 22.846070293527326
-164.5 23.60763051494368 22.843863252732497
-164.0 23.604998688489868 22.841670659408425
-163.50000000000006 23.60238750936873 22.83947586640401
-163.0 23.599779119024895 22.837291706498867
-162.5 23.597185769721346 22.83511619916557
-162.00000000000006 23.59461297347659 22.832955763471567
-161.5 23.592050101478517 22.830799431460356
-161.0 23.589503429292673 22.828648102213837
-160.50000000000006 23.586975013877563 22.82651617844379
-160.0 23.584446890575247 22.824378786003198
-159.5 23.581956886011834 22.82225591354043
-159.00000000000006 23.57945879095596 22.820134285530834
-158.5 23.576978707591138 22.818034473819914
-158.0 23.574516323824426 22.81592829988117
-157.50000000000006 23.572059469039985 22.81384725209143
-157.0 23.569636893212373 22.8117592177078
-156.5 23.567215977500844 22.809686678310914
-156.00000000000006 23.56482923880296 22.8076207664186
-155.5 23.562434536885775 22.8055633277419
-155.0 23.560072442132302 22.803520575186095
-154.50000000000006 23.55771561343043 22.801491894555205
-154.0 23.55537286795373 22.799458343380365
-153.5 23.55306128380406 22.797438023849487
-153.00000000000006 23.550753869006435 22.79542473821714
-152.5 23.54844588027246 22.79343170835228
-152.0 23.54615719319178 22.79143536651882
-151.50000000000006 23.54389458125036 22.789443960305956
-151.0 23.54162261811576 22.787458877272805
-150.5 23.539375496115067 22.78548614319689
-150.00000000000006 23.537141899743684 22.783516871174754
-149.5 23.53489965401788 22.781548294889838
-149.0 23.53268501095828 22.77958920882011
-148.50000000000006 23.530480500451574 22.777645731070916
-148.0 23.52828034211906 22.775700255028575
-147.5 23.526091137280595 22.77377509290854
-147.00000000000006 23.523908876767003 22.771832522783868
-146.5 23.52174796910118 22.76991063948699
-146.0 23.51959061854084 22.767991372934805
-145.50000000000006 23.517447674636585 22.766084005097756
-145.0 23.51531601037727 22.764177899435513
-144.5 23.513187351015404 22.762279594618917
-144.00000000000006 23.511085784888074 22.760386583728966
-143.5 23.508967168938867 22.758507711696232
-143.0 23.50688719538598 22.756623897923966
-142.50000000000006 23.50480092992228 22.754760466876643
-142.0 23.502731256096787 22.75289252598
-141.5 23.500669382515742 22.751033555461685
-141.00000000000006 23.498610449660042 22.74917594762779
-140.5 23.49658098931414 22.747328722375315
-140.0 23.494553784276558 22.745489570611888
-139.50000000000006 23.492525165592216 22.743657606899482
-139.0 23.490513495908097 22.74182978800794
-138.5 23.488514852104025 22.74001145871107
-138.00000000000006 23.486533607308154 22.73818864992419
-137.5 23.484561749451096 22.736386391151967
-137.0 23.482583039021815 22.734584368556764
-136.50000000000006 23.480634209180245 22.732787020667182
-136.0 23.47868265356132 22.730987854906104
-135.5 23.47674095752155 22.72920348792374
-135.00000000000006 23.47481610632709 22.727437645148886
-134.5 23.47290822392577 22.72566689180114
-134.0 23.470998118164093 22.723895025328638
-133.50000000000006 23.469084320350653 22.72213416355283
-133.0 23.467208745647188 22.720382306317784
-132.5 23.465334358376673 22.718638594499293
-132.00000000000006 23.463471228470105 22.71689470445676
-131.5 23.46160079926932 22.715164762970797
-131.0 23.459751507362622 22.713432775150274
-130.50000000000006 23.457917804346096 22.71170609729377
-130.0 23.45608974626899 22.709995795576503
-129.5 23.454274338916274 22.708289648779942
-129.00000000000006 23.452471023588352 22.70657028306209
-128.5 23.450681631659997 22.70487580350838
-128.0 23.44890378328655 22.703174091690983
-127.50000000000006 23.447118718031533 22.701486919359066
-127.0 23.44535263090284 22.699818613156676
-126.5 23.443582877919283 22.698139892291977
-126.00000000000006 23.441846538402686 22.696465551916848
-125.5 23.4401023340293 22.694815154222425
-125.0 23.43837683133526 22.69314982998669
-124.50000000000006 23.436652915791292 22.691494883800335
-124.0 23.434948162794917 22.689859879108077
-123.5 23.433250618744648 22.68820887944357
-123.00000000000006 23.431559607049728 22.686579132319565
-122.5 23.429876684644228 22.68495585052994
-122.0 23.42821147788943 22.68332588157143
-121.50000000000006 23.426552100951113 22.6817109974873
-121.0 23.424896472702752 22.68010336135367
-120.5 23.42326535726649 22.67849680469154
-120.00000000000006 23.421628127015325 22.676898290859626
-119.5 23.42000325400818 22.675304325154144
-119.0 23.418388893627757 22.67370896691711
-118.5 23.416786298740885 22.672129616180598
-118.0 23.415191199053638 22.670560826508826
-117.5 23.413601728543895 22.66898573022804
-117.0 23.412029293664194 22.66742157821208
-116.5 23.410452514428965 22.665854906242554
-116.0 23.408894845645914 22.664304862004432
-115.5 23.407342938187263 22.662760362481897
-115.0 23.405787674482625 22.661215160154153
-114.5 23.404260730192874 22.659663912555917
-114.0 23.40273324975893 22.658129699445965
-113.5 23.401227309565634 22.656600937928367
-113.0 23.399705467732193 22.655081578043763
-112.5 23.398198588390066 22.653556976768606
-112.0 23.396705899246783 22.65204282918965
-111.5 23.395222292750134 22.65053518212258
-111.0 23.393737465559763 22.649023561310898
-110.5 23.392254991609327 22.647530130797556
-110.0 23.39080122512524 22.646028908485604
-109.5 23.38934270304965 22.64454565214745
-109.0 23.387901158914847 22.64305891878707
-108.5 23.3864640549842 22.641582030134202
-108.0 23.385025204554584 22.640101528634716
-107.5 23.383607974560583 22.638635665195437
-107.0 23.382188730491833 22.637170041371398
-106.5 23.380792187697253 22.63571379646356
-106.0 23.379393371538733 22.6342605262613
-105.5 23.378001186365918 22.632804351580113
-105.0 23.376622477092916 22.631365171382075
-104.5 23.37524263014015 22.62992820050334
-104.0 23.37388552646127 22.628485603167526
-103.5 23.37254039305027 22.62705915295364
-103.0 23.371187605250945 22.625637787365328
-102.5 23.369843142252186 22.624216056957952
-102.0 23.368510542559044 22.62280210091911
-101.5 23.367187437950705 22.621397081650834
-101.0 23.36587174084386 22.61999071515708
-100.5 23.364568459836924 22.61859564045343
-100.0 23.363269472700303 22.617200922597306
-99.5 23.361978768069292 22.615814531441085
-99.0 23.360701457922307 22.61442569355152
-98.5 23.359433567930935 22.613053322621855
-98.0 23.358164163304927 22.611680093553407
-97.5 23.356906414018304 22.610312679599648
-97.0 23.355664341015444 22.608947122221025
-96.5 23.354420881324454 22.60759031668467
-96.0 23.353195530108874 22.606235628292634
-95.5 23.351969105475206 22.604890609044595
-95.0 23.350759176072525 22.60354227195418
-94.5 23.34954558874511 22.602207743480562
-94.0 23.34835157662388 22.60087792132586
-93.5 23.347166401714823 22.599550008822348
-93.0 23.345981824377734 22.598226153048376
-92.5 23.34481403363556 22.596910497010676
-92.0 23.34363766115708 22.595594030848968
-91.5 23.342490783175556 22.59428778732881
-91.0 23.34134026652283 22.592989158412855
-90.5 23.340222574564585 22.59169334872329
-90.0 23.339073680489285 22.590394631928188
-89.5 23.337955837619035 22.589112248388822
-89.0 23.336843348798272 22.58782423633788
-88.5 23.335733856468252 22.586553136965982
-88.0 23.33464409761841 22.585278732868627
-87.5 23.333560493847845 22.584015156035534
-87.0 23.332480865816613 22.582750433617104
-86.5 23.331403814331395 22.58150039502935
-86.0 23.330351993622944 22.580243198802332
-85.5 23.32930111877826 22.578998460028593
-85.0 23.328253025050735 22.57775539887192
-84.5 23.327217832118492 22.576522429285703
-84.0 23.32619011625054 22.575294715583105
-83.5 23.32516412441697 22.57406752078262
-83.0 23.324167526235982 22.57284595957205
-82.5 23.323171520754297 22.571621672466765
-82.0 23.322162888186586 22.57041548013783
-81.5 23.321177310464066 22.569205232651697
-81.0 23.320200328508413 22.568007140613105
-80.5 23.319225696037922 22.566810203764092
-80.0 23.31826230900656 22.56561093509671
-79.5 23.317310593489758 22.56442463306554
-79.0 23.316356585936163 22.563242853914204
-78.5 23.315416763236442 22.56206212411128
-78.0 23.31450510888279 22.56088973171461
-77.5 23.313566860832996 22.559726470781854
-77.0 23.312652314549812 22.55855658329179
-76.5 23.311752480993242 22.55738920012196
-76.0 23.310840081772035 22.556234620298913
-75.5 23.309946919695115 22.555084746308744
-75.0 23.30906399636681 22.55393869592514
-74.5 23.30819515726723 22.552795538806585
-74.0 23.307319070916602 22.55165578128793
-73.5 23.306462167320987 22.550533882462815
-73.0 23.305608865695255 22.549393917258513
-72.5 23.304751209628076 22.548278186873894
-72.0 23.303911042708016 22.54715615098547
-71.5 23.30308417738259 22.54604002717901
-71.0 23.302258210532525 22.544917884738524
-70.5 23.30144615231078 22.543810765497394
-70.0 23.300629215443216 22.54270747333141
-69.5 23.299820038847766 22.541615214510934
-69.0 23.299022033622965 22.540520656159483
-68.5 23.2982438254447 22.53942661409185
-68.0 23.297452949532584 22.53834123740026
-67.5 23.296683539361386 22.537264791488226
-67.0 23.29590673098909 22.536185895495148
-66.5 23.29515610087231 22.53510749651179
-66.0 23.294402143545042 22.53404170342744
-65.5 23.293653574033222 22.532975556168566
-65.0 23.292902884089564 22.53192296680174
-64.5 23.29217878649755 22.530865035657396
-64.0 23.29144885578698 22.52979883654713
-63.5 23.290732936663602 22.528759049419943
