FastTrWP/PhaseSpace/IAs/snIa_0.51_30.00_0.24_-0.08.csv
# %ECSV 0.9
# ---
# datatype:
# - {name: time-rel, datatype: float64}
# - {name: g, datatype: float64}
# - {name: i, datatype: float64}
# schema: astropy-2.0
time-rel g i
[from data line 2141]
658.5 25.103433875576634 23.04855430137794
659.0 25.105397146806435 23.049472200506436
659.5 25.10738135967201 23.050373418392233
660.0 25.10932680287314 23.05129421243904
660.5 25.111301142351273 23.052202857524907
661.0 25.113260464032017 23.05311135517602
661.5 25.115244800018395 23.05403876645173
662.0 25.117206170984034 23.05494349131784
662.5 25.1191618946471 23.055845268542086
663.0 25.121137904585208 23.056758882041215
663.5 25.123065570038957 23.057666265841394
664.0 25.125045304692797 23.05858167672141
664.5 25.127001352005564 23.05948404091163
665.0 25.12895161251099 23.060385805014505
665.5 25.13091228472101 23.0612931287269
666.0 25.13284895214469 23.062201813012383
666.5 25.134811102283674 23.063105485288595
667.0 25.136768057364982 23.064005476808212
667.5 25.138705325721705 23.064909211162032
668.0 25.14066360753386 23.065819218432356
668.5 25.14264279471639 23.066713379682646
669.0 25.144589999110117 23.067611872689653
669.5 25.14650976501773 23.068511396556282
670.0 25.14845726428519 23.069413718765507
670.5 25.150401457999894 23.070314096650076
671.0 25.15231557992841 23.07120470415527
671.5 25.154254215686546 23.07210474466679
672.0 25.156226793753525 23.07300191652962
672.5 25.158137147576987 23.07388466612688
673.0 25.16007540260755 23.074790104221357
673.5 25.16203187997363 23.075674011344603
674.0 25.163923162012512 23.076563381266986
674.5 25.165869515968673 23.07746080244312
675.0 25.16778158507678 23.07834304823772
675.5 25.169756839665478 23.07924182079983
676.0 25.171647244459614 23.08013133769556
676.5 25.173584061653237 23.081016100418733
677.0 25.175479893242397 23.081903220003774
677.5 25.177394301689112 23.08278896044941
678.0 25.17932884006092 23.083677189107156
678.5 25.181233832265306 23.084548376449018
679.0 25.18314372870838 23.08543302606978
679.5 25.185045538978695 23.08632166491965
680.0 25.186997482997118 23.087201408015154
680.5 25.188882241924468 23.088072357369693
681.0 25.190786562655305 23.08895573125835
681.5 25.192695381185736 23.089847237138073
682.0 25.19459265524206 23.09071152783515
682.5 25.19648496974117 23.09159405069131
683.0 25.19838101851938 23.092462135618202
683.5 25.20028203531112 23.09334895660383
684.0 25.202184211139613 23.09421821424964
684.5 25.204085352926313 23.095100283185182
685.0 25.20597664430154 23.095955574558964
685.5 25.207858042057715 23.096833724991292
686.0 25.209769974282953 23.09771102923377
686.5 25.21165862241051 23.0985813084404
687.0 25.213535643245283 23.099442827426742
687.5 25.21543951300451 23.100320652839574
688.0 25.21728871930995 23.101191393869016
688.5 25.21917363484056 23.10205601311852
689.0 25.22106114320288 23.102916791833458
689.5 25.222939791352857 23.10378311180548
690.0 25.224809313048688 23.10465348469983
690.5 25.22668755319121 23.10551137607441
691.0 25.22855843215789 23.10637435362876
691.5 25.23044725663885 23.107244502034924
692.0 25.232290979741588 23.108110797939545
692.5 25.234174706772464 23.10896892399789
693.0 25.236031323773503 23.109824109637337
693.5 25.23790256936685 23.110692458028762
694.0 25.239776102274107 23.11153767212831
694.5 25.241624887463388 23.112397191305433
695.0 25.243454360771096 23.113250518225314
695.5 25.24531247770466 23.11410559552013
696.0 25.247173418529847 23.114958709379
696.5 25.249020293392554 23.115819658470453
697.0 25.250866139460612 23.116666347024037
697.5 25.252730352171056 23.117521594072294
698.0 25.254553352123608 23.118366937206297
698.5 25.256392143447467 23.11921705909368
699.0 25.2582343376729 23.120059482069486
699.5 25.260075496860708 23.120909878534516
700.0 25.261870935474814 23.121754953609837
700.5 25.263702440894686 23.122606895486044
701.0 25.265551267441314 23.123442725614467
701.5 25.26738752219293 23.12429466828315
702.0 25.269201156309627 23.1251267779057
702.5 25.27099655971208 23.125969627779792
703.0 25.272843531098847 23.126817398848125
703.5 25.274616527595043 23.12764564738512
704.0 25.2764421587286 23.128484595543032
704.5 25.278256721761817 23.12932355442078
705.0 25.280042027084065 23.130156904816364
705.5 25.28184333112433 23.130993085323695
706.0 25.283659082340463 23.131816497088344
706.5 25.28541634035213 23.132658799268604
707.0 25.287244477020806 23.133483681983577
707.5 25.2890026674261 23.134304069229486
708.0 25.29079001565166 23.135142829019383
708.5 25.29258093575701 23.13596568151447
709.0 25.29438353002789 23.136788814369382
709.5 25.296151018602803 23.137618145934823
710.0 25.29792269536021 23.138441350207675
710.5 25.29967245427569 23.13926867146033
711.0 25.30143053900101 23.140080511727056
711.5 25.30318894188636 23.140899263407956
712.0 25.304955433353058 23.141719020423363
712.5 25.306712252185505 23.1425368127193
713.0 25.30843532488317 23.1433590594045
713.5 25.310204116623282 23.144170677504178
714.0 25.311914854260507 23.144975311457628
714.5 25.31367418454679 23.145790005411637
715.0 25.315413714088283 23.146594669215077
715.5 25.31713352419272 23.14740938689022
716.0 25.318862840208432 23.148214821034856
716.5 25.320587516614385 23.149022220907373
717.0 25.322312146504316 23.149827486243453
717.5 25.324007246966534 23.150620777823722
718.0 25.32573040713871 23.15143297604614
718.5 25.327406596751324 23.152233994120962
719.0 25.32910606136129 23.153032721981596
719.5 25.330789028645995 23.153823199615044
720.0 25.332488186545284 23.154607397096434
720.5 25.33414153480761 23.155403740119137
721.0 25.33579638579313 23.156184056026387
721.5 25.337467997900784 23.15697086315682
722.0 25.339126710871767 23.157746617921823
722.5 25.340790116880406 23.158544800068125
723.0 25.342406268186703 23.159309850945537
723.5 25.344044271536813 23.16009264534526
724.0 25.345655164811692 23.160876744542257
724.5 25.34731388070481 23.161641628664952
725.0 25.348947224261572 23.162409939568136
725.5 25.35055071642168 23.163183202838823
726.0 25.35216986775595 23.16395811031392
726.5 25.353744050320856 23.164726657209403
727.0 25.35534758584751 23.16549394069021
727.5 25.35695145335323 23.16626295063934
728.0 25.35852223890352 23.167030147660416
728.5 25.360128049648793 23.1677777865302
729.0 25.361695301595656 23.16854629324213
729.5 25.363301275985762 23.16929853990089
730.0 25.364862996560383 23.17005808152278
730.5 25.366439832561802 23.17081791360779
731.0 25.36798675418592 23.171568688167838
731.5 25.3695604882258 23.172330694515843
732.0 25.371075011004628 23.17308310200676
732.5 25.372662922180144 23.173834428705256
733.0 25.374230511219675 23.17457324698858
733.5 25.375759102086235 23.1753258404761
734.0 25.377295139146007 23.176072931215693
734.5 25.378834146113277 23.176824544204603
735.0 25.380391937884042 23.177582474995436
735.5 25.38191124008786 23.178327048945103
736.0 25.3834598117032 23.179070571484623
736.5 25.38498350910723 23.179815777211708
737.0 25.386520386948625 23.180550002112533
737.5 25.38803586895868 23.181307004126413
738.0 25.389590991805065 23.18204736323377
738.5 25.391087841364353 23.182785858667465
739.0 25.392596993314662 23.183538452482097
739.5 25.394108963473006 23.184267849407902
740.0 25.39561580243866 23.185013286362704
740.5 25.397133230614234 23.185754814398635
741.0 25.398651874512584 23.186493550395486
741.5 25.40017418781222 23.187228203708
742.0 25.40169072506023 23.187975198611362
742.5 25.40320580097527 23.188714427549368
743.0 25.40471879355554 23.189461113779007
743.5 25.40623610538905 23.19018354359055
744.0 25.40772511637033 23.190937111164786
744.5 25.409244549035485 23.191676537389508
745.0 25.41075906043291 23.192410973794253
745.5 25.41226643346482 23.19315031280617
746.0 25.413797756259097 23.193898123993712
746.5 25.415281592540744 23.19463017272492
747.0 25.416804191186337 23.195370273503187
747.5 25.418315602743423 23.196112743547822
748.0 25.41984788788222 23.196852470476866
748.5 25.4213654370055 23.197602355891608
749.0 25.42286800671657 23.198337519124482
749.5 25.424374837435284 23.19907515445906
750.0 25.425896848370115 23.19982151241296
750.5 25.427445561394528 23.200564449798634
751.0 25.42894465533704 23.201300310192924
751.5 25.430473240384895 23.202053207011318
752.0 25.431996492463902 23.202803351193502
752.5 25.433522522719375 23.203540130713716
753.0 25.4350826063729 23.20429033767706
753.5 25.436617752738997 23.205041380627943
754.0 25.438114203010077 23.205790673948357
754.5 25.43965432701878 23.206530261193446
755.0 25.441206348286066 23.207278560978697
755.5 25.442748365528303 23.20802144349826
756.0 25.44423330353244 23.20877183495062
756.5 25.445744456285382 23.20951446259983
757.0 25.447278925441744 23.210250638181353
757.5 25.448779945195056 23.210988318616927
758.0 25.45025589434509 23.211729234042334
758.5 25.451785797742005 23.21246976847682
759.0 25.45329588122483 23.213209467194194
759.5 25.454806663320607 23.21395225759343
760.0 25.45628691508153 23.214689879821808
760.5 25.457791185606485 23.21542410184116
761.0 25.45929473641995 23.216156875868453
761.5 25.46077335463149 23.216899730431912
762.0 25.462258431465628 23.21763087307914
762.5 25.463769626759213 23.218363933459393
763.0 25.465225805629096 23.219099261131557
763.5 25.466714863184432 23.219836354492116
764.0 25.468202975923035 23.220567066363017
764.5 25.469691533200557 23.22130453262316
765.0 25.471182487764196 23.222038085961994
765.5 25.4726657928471 23.22276344254053
766.0 25.474110914988216 23.22350199949151
766.5 25.475610472052473 23.22423448147172
767.0 25.477078284823136 23.224957218899775
767.5 25.478565642201456 23.225686994303416
768.0 25.480032895620962 23.226432149590885
768.5 25.481486721321293 23.22714771272277
769.0 25.482958886028545 23.227888726142247
769.5 25.484429429991323 23.22861968921718
770.0 25.485908318728118 23.229347003609604
770.5 25.48737126126554 23.230081651974338
771.0 25.488864511112233 23.23080475842023
771.5 25.490326539506153 23.23154054235015
772.0 25.491777297541812 23.232275280908663
772.5 25.493248352681846 23.233013961935853
773.0 25.49471540589558 23.23374590203567
773.5 25.49617982541058 23.234471041737905
774.0 25.497652306349096 23.235202258999713
774.5 25.49913653515774 23.23592814695935
775.0 25.50063350391946 23.23666819713146
775.5 25.502068332370577 23.23739641161371
776.0 25.503563296139795 23.238140979218727
776.5 25.505041183407027 23.238866156593282
777.0 25.50649409731892 23.239601183306494
777.5 25.508003451733792 23.240340213378467
778.0 25.509461722153706 23.241069533898884
778.5 25.51096852825179 23.24180600288253
779.0 25.51242997054887 23.24253936554524
779.5 25.51389920850947 23.24327846919658
780.0 25.515412572179837 23.244013443018396
780.5 25.516895306434414 23.244752667006864
781.0 25.518366071237793 23.24549806073592
781.5 25.519886956915407 23.2462306809151
782.0 25.521365615396622 23.246972383048366
782.5 25.522831817921308 23.247715984417386
783.0 25.524353367481094 23.248447441915935
783.5 25.525837581177587 23.249192363830456
784.0 25.527390108195192 23.24993788764981
784.5 25.52884855263459 23.25068063236791
785.0 25.530353850075098 23.251421963855176
785.5 25.53188337945363 23.252169161814283
786.0 25.5334313013024 23.25291393040695
786.5 25.534928424893884 23.253671497219802
787.0 25.536455942520853 23.25440757068687
787.5 25.537970578623064 23.25516471528755
788.0 25.539494723439475 23.255919309092516
788.5 25.541035216943094 23.25666192852159
789.0 25.54260226682983 23.257424684548212
789.5 25.544130948143476 23.25818049988694
790.0 25.54568519624418 23.258928425686804
790.5 25.547226021242974 23.25968320084459
791.0 25.548763855479464 23.260442383363934
791.5 25.550309538823832 23.261201302374708
792.0 25.551863208290474 23.26195415429218
792.5 25.553426677852464 23.262722507252846
793.0 25.554962155601043 23.26348617979844
793.5 25.55654281898246 23.264248124070615
794.0 25.558108790417066 23.2650054383302
794.5 25.559651645071312 23.265766341392325
795.0 25.561243413944645 23.26652674974762
795.5 25.56278876514042 23.26729042754061
796.0 25.564340438323562 23.268051213783984
796.5 25.565935378773958 23.268818908198533
797.0 25.56751056594511 23.269576513293515
797.5 25.56908536532045 23.27034754555382
798.0 25.570650397686677 23.27111300429541
798.5 25.572232308971714 23.271879775358634
799.0 25.573799819460152 23.2726494546807
799.5 25.57538441476389 23.273409490110993
800.0 25.576946962564577 23.274187393331704
800.5 25.57855891722999 23.274937768902863
801.0 25.58012310613828 23.275711712885677
801.5 25.581703966071064 23.276484065221812
802.0 25.58330874714814 23.277252570238023
802.5 25.584886203226723 23.27803115897702
803.0 25.586488216245257 23.278800979422584
803.5 25.588068730130097 23.279567068658686
804.0 25.589663187436006 23.280350092415816
804.5 25.591253544223612 23.28111287862455
805.0 25.59282940157207 23.28188529272403
805.5 25.594443050092615 23.28265487402714
806.0 25.596060034295768 23.283439779397504
806.5 25.59764889516717 23.284208757219787
807.0 25.5992763702438 23.284972411938245
807.5 25.60085783436431 23.28575871138915
808.0 25.602466221596764 23.286526430425916
808.5 25.604091574960815 23.28730832721018
809.0 25.60567307265473 23.28808299989541
809.5 25.607287672616835 23.28887219514804
810.0 25.608895312510903 23.289648273023037
810.5 25.610514752147576 23.29041959513818
811.0 25.612127368319353 23.291198852531593
811.5 25.613751674239396 23.291977476159342
812.0 25.61539049303358 23.29275271616556
812.5 25.61700080501408 23.293539752126517
813.0 25.618614095806777 23.294308588196017
813.5 25.62021529962882 23.295086921566952
814.0 25.621850917042867 23.295871666279623
814.5 25.62348665565691 23.29665353752064
815.0 25.625089817529453 23.29743741457854
815.5 25.626738347325503 23.298212691748684
816.0 25.628342736121034 23.299003000471096
816.5 25.630002053973584 23.299785965445267
817.0 25.631618575743694 23.30056430383359
817.5 25.63325085717191 23.30134056256304
818.0 25.63486953184251 23.302129589594053
818.5 25.63651902788039 23.302915336235547
819.0 25.63814013008121 23.303706039469958
819.5 25.639825686074126 23.30449954360516
820.0 25.64142061922809 23.305281244282384
820.5 25.643082566567983 23.306057888958357
821.0 25.644715505999486 23.30684036797157
821.5 25.646347077827887 23.30762543184923
822.0 25.648024587262906 23.30841411092225
822.5 25.64969072857039 23.30921050547164
823.0 25.651299372548515 23.30999498824239
823.5 25.65291837535043 23.310770977520527
824.0 25.654575009637327 23.31156654336469
824.5 25.656246325568294 23.312358034236876
825.0 25.657897389044134 23.313147435478268
825.5 25.659542651768923 23.313917230156832
826.0 25.661225653280898 23.314712946233268
826.5 25.662846604823976 23.315509858604102
827.0 25.664534862392095 23.316299609497776
827.5 25.66617163470123 23.31709479850214
828.0 25.667829093254902 23.317884897618015
828.5 25.669475494561034 23.318674786323932
829.0 25.671153842939013 23.319464359510064
829.5 25.67283137744399 23.32025250557294
830.0 25.67448609528251 23.321046163302277
830.5 25.67616639922668 23.321837389750026
831.0 25.677844729869083 23.322626626200634
831.5 25.67951161395201 23.32342859562493
832.0 25.6811731554361 23.32423071020545
832.5 25.682847646899063 23.325015604677787
833.0 25.68450712275247 23.325822540372293
833.5 25.68620496948844 23.32661129737842
834.0 25.687889315392795 23.32740871624488
834.5 25.689588856876206 23.328212052353482
835.0 25.691248431843277 23.329004425448506
835.5 25.69296150245915 23.32980774624978
836.0 25.694608314536428 23.330603966226935
836.5 25.69631462993836 23.331405183539307
837.0 25.69800420634628 23.332211242300115
837.5 25.699687461935664 23.332998428876234
838.0 25.70137153268039 23.333801531202166
838.5 25.703081253561848 23.33460419800456
839.0 25.704803434797086 23.335408904359664
839.5 25.70646118002664 23.33620667246574
840.0 25.70817020231423 23.337011219068785
840.5 25.70987137824204 23.337815516607805
841.0 25.71157458770214 23.338621493732468
841.5 25.71327237288919 23.33943352578679
842.0 25.715001480595866 23.34022456592214
842.5 25.71670363387984 23.341032863637885
