FastTrWP/PhaseSpace/IAs/snIa_0.70_30.00_-0.14_-0.01.csv
# %ECSV 0.9
# ---
# datatype:
# - {name: time-rel, datatype: float64}
# - {name: g, datatype: float64}
# - {name: i, datatype: float64}
# schema: astropy-2.0
time-rel g i
[from data line 362]
-250.0 24.9911338685507 23.318935902743647
-249.5 24.987555506348016 23.315886560353793
-249.0 24.98396287573676 23.31283523410335
-248.5 24.980392091616586 23.309799868991476
-248.0 24.976798834193165 23.306749153434385
-247.5 24.973229252802174 23.30372880782914
-247.0 24.969665090287656 23.300696499529906
-246.5 24.96611562765798 23.297684265178596
-246.0 24.962555470992367 23.294668979125404
-245.5 24.95898327694091 23.29165449119776
-245.0 24.955449450602543 23.288647009057826
-244.5 24.951899420439084 23.28564337665163
-244.0 24.948363646421537 23.282665402307504
-243.5 24.944850501882215 23.27967703777221
-243.0 24.94129991651856 23.276686396964937
-242.5 24.937793656450854 23.273710282235637
-242.0 24.93426459713641 23.270740740740877
-241.5 24.930747204916067 23.26776738939256
-241.0 24.927220709612065 23.2648045517025
-240.5 24.92377008364197 23.2618461299538
-240.0 24.920240431607084 23.258897010612415
-239.5 24.916776465778764 23.255939929632085
-239.0 24.913277208051724 23.252998990659126
-238.5 24.90976431814135 23.250054095636706
-238.0 24.906293270662655 23.24711953764181
-237.5 24.902827929185666 23.244192177244585
-237.0 24.89933534117803 23.241271692640662
-236.5 24.895871005921776 23.23835339156195
-236.0 24.892422096672213 23.23542264898585
-235.5 24.888963370478763 23.23251368542312
-235.0 24.885494277414374 23.22960749042304
-234.5 24.88205655871646 23.226700549162913
-234.0 24.878613317846675 23.22380539127081
-233.5 24.87517227030353 23.220910546213815
-233.0 24.87172343921472 23.21802199196185
-232.5 24.86828546824702 23.215128276107247
-232.0 24.86485700637628 23.212247232742094
-231.5 24.86144435106435 23.20936103867694
-231.0 24.858028702922024 23.206496356989938
-230.5 24.85458927435623 23.203614205694826
-230.0 24.85117886202842 23.20075753988721
-229.5 24.847773601599556 23.197896875309446
-229.0 24.84437593068521 23.195036611649556
-228.5 24.840986284642597 23.192182150974944
-228.0 24.83757236917669 23.18935306996452
-227.5 24.83416966036709 23.186493305480276
-227.0 24.830813338179137 23.183653631822523
-226.5 24.827417742869212 23.18082982295534
-226.0 24.824074253231704 23.17799518713723
-225.5 24.820686939494514 23.175177171070697
-225.0 24.81732794453054 23.17236076134746
-224.5 24.81396097304618 23.16954533531018
-224.0 24.81059740068895 23.1667415522682
-223.5 24.807258004045206 23.163941987805565
-223.0 24.803901926592395 23.16113968839584
-222.5 24.800578736831177 23.15833994225131
-222.0 24.7972625888965 23.155552487905794
-221.5 24.793908615121477 23.15276790040278
-221.0 24.790565686666067 23.149978862636956
-220.5 24.7872483726796 23.147209625981702
-220.0 24.783930430031717 23.144433234259893
-219.5 24.78062244624948 23.141658370853627
-219.0 24.777295411637887 23.13890033552363
-218.5 24.774013265496748 23.136135007817003
-218.0 24.770707767024128 23.133393513254987
-217.5 24.767402616088248 23.130635452801766
-217.0 24.76411146614875 23.1278756424162
-216.5 24.76080066913014 23.125137537250126
-216.0 24.75753691014971 23.122409406503536
-215.5 24.7542545758576 23.119670404218667
-215.0 24.75097666997673 23.11693139609014
-214.5 24.747721217227653 23.114220855501763
-214.0 24.744436409702175 23.111499510986583
-213.5 24.74116467704669 23.10876113607228
-213.0 24.737912720243994 23.10605062967497
-212.5 24.7346649582219 23.10334647983477
-212.0 24.7314102539054 23.100638566971085
-211.5 24.7281629359208 23.097927418195617
-211.0 24.72492046141538 23.095234191122497
-210.5 24.7216832896723 23.092542565929875
-210.0 24.71845582211875 23.089853246235947
-209.5 24.715237135999683 23.087158924261566
-209.0 24.712008983430756 23.0844783822577
-208.5 24.708781730072886 23.08179742868027
-208.0 24.705556068395516 23.07912125055691
-207.5 24.702352586635087 23.076455832556277
-207.0 24.699135709123766 23.073780674417176
-206.5 24.69592153568216 23.071122459078627
-206.0 24.69271994012072 23.06845795727908
-205.5 24.689535649638135 23.065796096334253
-205.0 24.686340470215356 23.063144913998947
-204.5 24.683166487056507 23.060488285099893
-204.0 24.679956523679806 23.05785179138355
-203.5 24.676776248977525 23.055201301628557
-203.0 24.67361076118855 23.05257036059305
-202.5 24.67041965086007 23.049929222842724
-202.0 24.667257426153483 23.047298944383297
-201.5 24.664072579096764 23.04466587890807
-201.0 24.66092674991423 23.042042093887694
-200.5 24.657766225152017 23.039420590636517
-200.0 24.654609907945876 23.0367972472561
-199.5 24.651448115292453 23.034182262356403
-199.0 24.648306845006672 23.031561872211025
-198.5 24.645168490926412 23.02897273300831
-198.0 24.642026781182686 23.026365977378763
-197.5 24.638893284856476 23.023754671391462
-197.0 24.635761206041696 23.021154315062073
-196.5 24.63262895318834 23.01856000744223
-196.0 24.629498063101813 23.01597178482559
-195.5 24.6263939814466 23.01337096924883
-195.0 24.623257384977055 23.010794500241335
-194.5 24.62015549910066 23.008206275226
-194.0 24.617026695148446 23.00561868065745
-193.5 24.613920899390997 23.003040467281984
-193.0 24.61081581885241 23.00047815109099
-192.5 24.607727912806983 22.997911895605053
-192.0 24.604611449612147 22.99533331409787
-191.5 24.601537898572513 22.992765140946364
-191.0 24.59843020604104 22.990218949725637
-190.5 24.595348302962318 22.98765187846543
-190.0 24.59224561357656 22.98509489925904
-189.5 24.589163924713006 22.98254585885568
-189.0 24.58609223583513 22.979994668133727
-188.5 24.58302247063979 22.977440232565897
-188.0 24.57993336919378 22.974891784341366
-187.5 24.57683741875636 22.972345773364257
-187.0 24.573742293886944 22.969779053924142
-186.5 24.570627088576163 22.96723563213086
-186.0 24.567528193237855 22.964683144437746
-185.5 24.564411103871556 22.962127139014026
-185.0 24.561308808698076 22.959573937316225
-184.5 24.558176987350862 22.957022738003587
-184.0 24.55506668540828 22.9544759089166
-183.5 24.551952021378195 22.951912342374527
-183.0 24.548834979310445 22.949376564548576
-182.5 24.54570644400642 22.946827851814792
-182.0 24.54258186793552 22.94428855403169
-181.5 24.539459746729154 22.941729600237405
-181.0 24.536345321377013 22.93918573786255
-180.5 24.533217727771174 22.936647602170225
-180.0 24.530081952829423 22.934107784233646
-179.5 24.526997454662165 22.931564425968514
-179.0 24.523849545058045 22.929032320437663
-178.5 24.520735739046692 22.926493163366324
-178.0 24.51763162425024 22.923959076690235
-177.5 24.514509871639497 22.921437324245346
-177.0 24.51140829790411 22.918917642358224
-176.5 24.508306315924884 22.916389136611013
-176.0 24.50521634369546 22.913869707861615
-175.5 24.50209986018025 22.911355316420558
-175.0 24.49901026438139 22.908834095448604
-174.5 24.495947876975 22.906328021720142
-174.0 24.49284376058738 22.903822379966755
-173.5 24.489771637745452 22.901310124728155
-173.0 24.48670727472529 22.898817595085475
-172.5 24.483616233710496 22.89631718932931
-172.0 24.48055687537429 22.893830091369143
-171.5 24.477507653096552 22.891351499366976
-171.0 24.47446914181176 22.888869167143703
-170.5 24.471430249583626 22.886388246618438
-170.0 24.468379694052572 22.88391157693787
-169.5 24.465356242412433 22.881443461882455
-169.0 24.462339644550784 22.878974016909645
-168.5 24.45932413268128 22.876517142894855
-168.0 24.456320973090083 22.87407702971843
-167.5 24.453333069240077 22.87161670674076
-167.0 24.45035394207423 22.8691827987808
-166.5 24.44738487591345 22.866735604213243
-166.0 24.444412124488302 22.86431274290392
-165.5 24.441455030099174 22.861892777716932
-165.0 24.438529919862987 22.859471883440655
-164.5 24.43559755476626 22.857045778668713
-164.0 24.432641278581222 22.854644528832363
-163.5 24.429745699993234 22.85223649495995
-163.0 24.426859126233268 22.84984310463789
-162.5 24.42394751838596 22.847453821904452
-162.0 24.421071581085204 22.84506637806409
-161.5 24.41819838719144 22.842691159666494
-161.0 24.41533740856547 22.840323765355002
-160.5 24.412493688567988 22.837964057484783
-160.0 24.40965964717101 22.835606324838533
-159.5 24.406843846834597 22.833254192437018
-159.0 24.404048135417447 22.830919537670226
-158.5 24.401248214863294 22.82858307617188
-158.00000000000006 24.398471667842692 22.82625014062058
-157.5 24.395722916821132 22.823935901004354
-157.0 24.392946396721733 22.821621924407253
-156.50000000000006 24.39022522857723 22.819315765642973
-156.0 24.38749696681424 22.81702576176614
-155.5 24.384785671507416 22.81472619387918
-155.00000000000006 24.382104143967535 22.81245609368332
-154.5 24.37941671963698 22.810177215208085
-154.0 24.37674230638752 22.80791300260811
-153.50000000000006 24.374099773633734 22.805657484542444
-153.0 24.37146906906407 22.80340714296573
-152.5 24.36885081552802 22.801158903104863
-152.00000000000006 24.366256856498147 22.798927719609104
-151.5 24.36367595177974 22.796709035302634
-151.0 24.361099515652445 22.79449101827222
-150.50000000000006 24.358535571737484 22.792292946406576
-150.0 24.35600177997153 22.79009301599759
-149.5 24.353485081716492 22.787905156059804
-149.00000000000006 24.35097106667916 22.785717939808517
-148.5 24.348502445459413 22.783550540578492
-148.0 24.346010353794433 22.781382843457433
-147.50000000000006 24.34354796351623 22.77923073395444
-147.0 24.341082528675486 22.777070917121414
-146.5 24.3386178519046 22.774911073434836
-146.00000000000006 24.33616393734116 22.77277154921684
-145.5 24.333719511206894 22.77062280331222
-145.0 24.331272613795857 22.76847603929548
-144.50000000000006 24.328815494972694 22.766345551392597
-144.0 24.326394930623465 22.76421170226007
-143.5 24.32399428171984 22.76208257074422
-143.00000000000006 24.32158182984651 22.75995772049283
-142.5 24.31914832281261 22.757837400767073
-142.0 24.316758348376855 22.755722426604194
-141.50000000000006 24.31435557009532 22.75361353959005
-141.0 24.311954580494913 22.75150173094079
-140.5 24.309588348005022 22.749393508884992
-140.00000000000006 24.30720915477904 22.747304326129253
-139.5 24.30483747646255 22.745208667991275
-139.0 24.302486252118438 22.743115313534737
-138.50000000000006 24.30013774036616 22.741045111588434
-138.0 24.2977930240413 22.738962590121087
-137.5 24.295450612705707 22.736888129380894
-137.00000000000006 24.293114027954346 22.734816518773428
-136.5 24.29078844526304 22.732751993768176
-136.0 24.28847336551104 22.73068611107416
-135.50000000000006 24.286178363464934 22.72862852706759
-135.0 24.283871557456372 22.726586326932416
-134.5 24.28158511357114 22.724538574822528
-134.00000000000006 24.27929883173114 22.722503636383987
-133.5 24.277041241142953 22.720469486593974
-133.0 24.274782586454204 22.718439588711952
-132.50000000000006 24.27252994089491 22.716419509041774
-132.0 24.270273371761782 22.714387692352823
-131.5 24.26803943816186 22.712382680195063
-131.00000000000006 24.265818244070005 22.710375435505426
-130.5 24.2636073830289 22.70837190907882
-130.0 24.26138745556186 22.706372229110265
-129.50000000000006 24.259189852060693 22.704383642771354
-129.0 24.257004057345462 22.702397619099848
-128.5 24.25482557489915 22.700411724189475
-128.00000000000006 24.252663137163033 22.698436268259044
-127.5 24.25050228043665 22.696469431930545
-127.0 24.248344831678832 22.694505158685324
-126.50000000000006 24.24621167573759 22.692550556253167
-126.0 24.244081447416225 22.690591646522627
-125.5 24.24195355876117 22.688653943357412
-125.00000000000006 24.239849340741088 22.686715738695355
-124.5 24.23775545454989 22.684774252344894
-124.0 24.235663512403043 22.68284429737801
-123.50000000000006 24.233577314409636 22.680923534946768
-123.0 24.231518109525556 22.67901224396863
-122.5 24.22945962496 22.67709994012688
-122.00000000000006 24.227405403739148 22.675191487666627
-121.5 24.225384858448997 22.673290211674736
-121.0 24.22335310549812 22.67139802731391
-120.50000000000006 24.221347345184956 22.66951982455625
-120.0 24.21933707188279 22.667635519791887
-119.5 24.21733835156898 22.66576297361982
-119.00000000000006 24.21536960502887 22.663889007264338
-118.5 24.213415307695847 22.66203015298387
-118.0 24.21145124215674 22.660180424103416
-117.50000000000006 24.209507531796774 22.65833049531214
-117.0 24.2075680381608 22.656488142208957
-116.5 24.205658188518836 22.65466110439844
-116.00000000000006 24.203752588074202 22.65282068786904
-115.5 24.20184979922453 22.650995369627907
-115.0 24.199966394696236 22.64918880727008
-114.50000000000006 24.19807865634551 22.647372354424213
-114.0 24.196240856170572 22.64557221005967
-113.5 24.194376046333876 22.643771712042053
-113.00000000000006 24.19253850811974 22.64198957776802
-112.5 24.190706496728676 22.640204350142294
-112.0 24.188902053752184 22.63842588411547
-111.50000000000006 24.18710712499867 22.636655414721922
-111.0 24.1853229157148 22.63488963387513
-110.5 24.18354796903462 22.633144301036996
-110.00000000000006 24.18177261438016 22.631399771907297
-109.5 24.180040971752806 22.62965432243094
-109.0 24.17830028567768 22.627916979107408
-108.50000000000006 24.17657748014761 22.62618300934879
-108.0 24.174868002123592 22.624470039737894
-107.5 24.173173977725952 22.62274632975169
-107.00000000000006 24.171474816271356 22.621039303614342
-106.5 24.169812002386912 22.619337534541334
-106.0 24.16814012049102 22.61764428813031
-105.50000000000006 24.166487777378247 22.615951733051073
-105.0 24.16482990728589 22.61426528309137
-104.5 24.163191711711185 22.612579274066455
-104.00000000000006 24.161538767667952 22.610895664321458
-103.5 24.15991780570794 22.60922612212123
-103.0 24.158293888511537 22.607557554797744
-102.50000000000006 24.156698182376324 22.605892173112153
-102.0 24.155091724620164 22.604231956707665
-101.5 24.153495974418963 22.60258637962066
-101.00000000000006 24.15190654604613 22.600933643833983
-100.5 24.150355499557072 22.599297483710366
-100.0 24.14878615259152 22.597651731199342
-99.50000000000006 24.147219241968326 22.59602895775242
-99.0 24.14567720021757 22.59439090755925
-98.5 24.144149680837014 22.592769458944666
-98.00000000000006 24.142601992756152 22.591148241891613
-97.5 24.141084883006453 22.589538052917717
-97.0 24.139566991887374 22.587928986084723
-96.50000000000006 24.138055311885978 22.58633240583725
-96.0 24.136571805443836 22.584734103338366
-95.5 24.135094154188806 22.58313786238464
-95.00000000000006 24.133602477301395 22.58154998611208
-94.5 24.132132000525502 22.579964810334037
-94.0 24.130673858504565 22.57839042217402
-93.50000000000006 24.129202365830512 22.576824527830492
-93.0 24.127763114361862 22.575252244427567
-92.5 24.126335584495937 22.57367750423603
-92.00000000000006 24.124899351037673 22.57213135509545
-91.5 24.123494183893243 22.570572284867907
-91.0 24.122070352849697 22.56902482277023
-90.50000000000006 24.120674044429634 22.567482861411612
-90.0 24.11928864173301 22.565939728741355
-89.5 24.117906856981925 22.56439912207472
-89.00000000000006 24.11652729061067 22.562874876196357
-88.5 24.115162564151017 22.561350849723098
-88.0 24.113804103190976 22.559827237765706
-87.50000000000006 24.1124502081664 22.55832304470466
-87.0 24.111107574659073 22.556799730788924
-86.5 24.10977293850275 22.555300044084614
-86.00000000000006 24.108454907445363 22.55380210890056
-85.5 24.107145850833223 22.55229912681637
-85.0 24.105828340630865 22.550804977537826
-84.50000000000006 24.104523602923933 22.54932411790719
-84.0 24.103221448594855 22.547840233088664
-83.5 24.1019642326755 22.546357580184054
-83.00000000000006 24.100672472514976 22.5448936402147
-82.5 24.099412506649074 22.543424673952828
-82.0 24.098168068310226 22.541958604909023
-81.50000000000006 24.09692576035248 22.540500323543306
-81.0 24.095660718318147 22.5390511672908
-80.5 24.094433418247583 22.53759839331832
-80.00000000000006 24.093215973769013 22.536157334814263
-79.5 24.092001895470048 22.53472192801384
-79.0 24.0908001372944 22.53327849837936
-78.50000000000006 24.0896092294725 22.531847348961684
-78.0 24.08840682385709 22.530424741738976
-77.5 24.087218663671123 22.529006667772236
-77.00000000000006 24.08606051855898 22.527589322517116
