FastTrWP/PhaseSpace/IAs/snIa_0.70_30.00_0.88_-0.22.csv
# %ECSV 0.9
# ---
# datatype:
# - {name: time-rel, datatype: float64}
# - {name: g, datatype: float64}
# - {name: i, datatype: float64}
# schema: astropy-2.0
time-rel g i
[from data line 1787]
332.0 23.676357620953283 22.37469333489789
332.5 23.677542207974597 22.37517827348773
332.9999999999999 23.678708547928217 22.375658161486417
333.5 23.67990530884919 22.376139927392835
334.0 23.681078575132823 22.37662488846416
334.4999999999999 23.68225475579942 22.377126206276245
335.0 23.683436690003088 22.377609108661023
335.5 23.68462653988739 22.37809624239798
335.9999999999999 23.68581306335603 22.378591043381412
336.5 23.686994471032538 22.379075773541555
337.0 23.688176637661726 22.3795679025616
337.4999999999999 23.689373755389568 22.38006138580994
338.0 23.690573010763426 22.38055452506967
338.5 23.69175077359122 22.381052454847968
338.9999999999999 23.69296842672597 22.381544635714018
339.5 23.694150411308073 22.38203812200436
340.0 23.695348720550733 22.382537847616106
340.4999999999999 23.69655714225788 22.383038493033318
341.0 23.6977561765729 22.383542374815192
341.5 23.698963786613703 22.384037364497686
341.9999999999999 23.700161373844004 22.38454691708329
342.5 23.701376736829612 22.385046132441992
343.0 23.702589652214236 22.38554372295855
343.4999999999999 23.70380587664038 22.386049282152772
344.0 23.705029442982948 22.38655325006782
344.5 23.706248120516996 22.38706046482442
344.9999999999999 23.707465236885565 22.387572203592025
345.5 23.708701943230416 22.3880816385517
346.0 23.709925514081952 22.38859243437835
346.4999999999999 23.711154338146144 22.3890987822396
347.0 23.71237329529191 22.389607781208838
347.5 23.713623980205494 22.39012393143917
347.9999999999999 23.71487222439586 22.390633801094854
348.5 23.716108206869556 22.39113627573974
349.0 23.717354366883008 22.391662749778327
349.4999999999999 23.718604354383253 22.392174826962496
350.0 23.719850251603454 22.392688678391973
350.5 23.721109907654558 22.393207597235367
350.9999999999999 23.722369949587254 22.39372886309759
351.5 23.72363625322388 22.39424935957292
352.0 23.724898287223755 22.39476200413524
352.4999999999999 23.726176375069716 22.39527974234107
353.0 23.72744000257045 22.39580680508544
353.5 23.7287288962226 22.396333614928338
353.9999999999999 23.730003174739448 22.396855713435087
354.5 23.73128100068604 22.397379955198517
355.0 23.732580714749915 22.39790275165776
355.4999999999999 23.733872796580272 22.39842401775574
356.0 23.73516885765509 22.398952098822974
356.5 23.736470765480846 22.399479682883886
356.9999999999999 23.737785551977055 22.400009798333343
357.5 23.73910255507601 22.40053519399414
358.0 23.740409658711783 22.40107042712106
358.4999999999999 23.741728375182788 22.401596753879716
359.0 23.743061595671946 22.402128417522306
359.5 23.744387136832632 22.402664016016036
359.9999999999999 23.74572679884356 22.403194886976433
360.5 23.747067765662866 22.403733042989806
361.0 23.74841168186076 22.404261117911567
361.4999999999999 23.749758018668608 22.40480775380759
362.0 23.75110666103282 22.40534105428146
362.5 23.75247596022847 22.40587597988621
362.9999999999999 23.753836232609338 22.40641980892907
363.5 23.75521201382174 22.406954524426954
364.0 23.756581152453965 22.407500469456263
364.4999999999999 23.757947606194595 22.40803490027853
365.0 23.759341113880478 22.408581158785115
365.5 23.76072106491188 22.4091192586585
365.9999999999999 23.762110610546646 22.409666841209837
366.5 23.763490930284906 22.410208733911112
367.0 23.764898747975906 22.41076365534267
367.4999999999999 23.766304260723025 22.411302709703442
368.0 23.767698044982673 22.41185119612353
368.5 23.769106032811784 22.412398362058777
368.9999999999999 23.770513631855227 22.412961546474026
369.5 23.77193643916356 22.413499896955678
370.0 23.773346875168116 22.414050523965614
370.4999999999999 23.774785050734867 22.414607414816746
371.0 23.776188311699254 22.415160069830975
371.5 23.777631641744293 22.415712888529544
371.9999999999999 23.779058589242275 22.4162698854097
372.5 23.78049797691385 22.41683020900668
373.0 23.781937929020643 22.417384709614087
373.4999999999999 23.783380507240942 22.417948326512093
374.0 23.78483833837339 22.418502752364514
374.5 23.786283565199085 22.419065211579323
374.9999999999999 23.78773879408318 22.41963162295277
375.5 23.789204527740377 22.420188669904178
376.0 23.790659999358468 22.420755593054416
376.4999999999999 23.792147904093717 22.421325204190357
377.0 23.793609265934318 22.42188688299197
377.5 23.795082658797856 22.4224483595155
377.9999999999999 23.796565532032194 22.42302124853016
378.5 23.798050143437372 22.423590307362904
379.0 23.799525002521563 22.424161376406047
379.4999999999999 23.801030093947535 22.42472839974653
380.0 23.802525887441824 22.425299972953248
380.5 23.804022133184564 22.42586865624258
380.9999999999999 23.805530362319086 22.426444338667086
381.5 23.807043047440043 22.427018100414685
382.0 23.80855926045474 22.42759135749165
382.4999999999999 23.8100634531463 22.428166615643534
383.0 23.811586894311848 22.42874553519386
383.5 23.813114736556756 22.429331161734257
383.9999999999999 23.814632087922586 22.42991021511314
384.5 23.816163313128182 22.430484102799333
385.0 23.8177108231581 22.43106450148119
385.4999999999999 23.81923658816668 22.431647899403483
386.0 23.820783342422253 22.432227510136755
386.5 23.822333222475415 22.432815054326728
386.9999999999999 23.823881267352153 22.4333989285693
387.5 23.82544307136549 22.433984501344554
388.0 23.827001919334396 22.434565833644236
388.4999999999999 23.82856793357481 22.435157701133154
389.0 23.83014144913812 22.435746662541952
389.5 23.831711457303264 22.436331581510778
389.9999999999999 23.83327753114326 22.4369349609856
390.5 23.83486191121303 22.437519703448267
391.0 23.836451084207262 22.43810634177148
391.4999999999999 23.838045121995762 22.43870599619129
392.0 23.839633145891064 22.43930156866597
392.5 23.84121829324739 22.439890684882876
392.9999999999999 23.842812961953577 22.440490019443647
393.5 23.844433298204038 22.44107976892706
394.0 23.846044616801436 22.441681574387147
394.4999999999999 23.847654050899184 22.442278253897957
395.0 23.849274701094632 22.442877931042425
395.5 23.850887235713767 22.44347909607045
395.9999999999999 23.852506115244296 22.444080120280066
396.5 23.854159612198018 22.444682229943105
397.0 23.855795324083964 22.445287625411822
397.4999999999999 23.85742378022122 22.445891851956322
398.0 23.8590593131528 22.446498004679356
398.5 23.8607148143116 22.447100564575532
398.9999999999999 23.862359540529784 22.447707180498835
399.5 23.86401531870211 22.448321843454842
400.0 23.865686578113795 22.448927304999067
400.4999999999999 23.86734819282576 22.44953584326415
401.0 23.869016755331213 22.45015085105601
401.5 23.870687699817402 22.450755013297666
401.9999999999999 23.87236034855308 22.45136866061129
402.5 23.87403817425955 22.45198007251318
403.0 23.875729662759685 22.452598358670063
403.4999999999999 23.87741474872758 22.453212369989338
404.0 23.879114587542347 22.453830074971574
404.5 23.880803229052702 22.45444031870388
404.9999999999999 23.8825207677137 22.45506935276282
405.5 23.884219191064805 22.455682075886507
406.0 23.885940539724224 22.456304356914124
406.4999999999999 23.887646676311157 22.45692128074848
407.0 23.889377077899812 22.457539783277415
407.5 23.891099163462886 22.458170783768495
407.9999999999999 23.892843951546325 22.458795933730784
408.5 23.894565238775236 22.45941613005928
409.0 23.896306299745333 22.4600399107092
409.4999999999999 23.898042967326226 22.46066613477759
410.0 23.89980398406572 22.461292072003268
410.5 23.901562777287033 22.461932849914916
410.9999999999999 23.90331561690578 22.462555857012532
411.5 23.905100647465595 22.463189472025668
412.0 23.906869989321727 22.463819051757213
412.4999999999999 23.90863436899426 22.46446415463986
413.0 23.910418749423144 22.465085442652438
413.5 23.91220999365554 22.465724563724745
413.9999999999999 23.914002294936843 22.466358487263555
414.5 23.91578967229445 22.466999953453872
415.0 23.917598868813123 22.467635386888546
415.4999999999999 23.91939168877924 22.4682705220959
416.0 23.921205742571892 22.468916739895345
416.5 23.92302114949399 22.46956348831155
416.9999999999999 23.924849591728318 22.47020422780436
417.5 23.926672481676306 22.470844908371514
418.0 23.928499714793837 22.471488848874444
418.4999999999999 23.930342292202944 22.472131453695006
419.0 23.932175287112667 22.472775833962665
419.5 23.93402177112996 22.473421833429686
419.9999999999999 23.935870968540307 22.474069034587238
420.5 23.9377246275263 22.474724468823723
421.0 23.93959673377081 22.47537515637304
421.4999999999999 23.941457800339357 22.476030076353773
422.0 23.94332540185175 22.476680034209927
422.5 23.945204593118767 22.47732835945015
422.9999999999999 23.94709027515357 22.477987380478837
423.5 23.94897212109128 22.478643398872165
424.0 23.950860000902175 22.479300211053307
424.4999999999999 23.952752688858162 22.479955297854936
425.0 23.954681797760095 22.48061818767562
425.5 23.956562128136216 22.481267744665423
425.9999999999999 23.958470765383396 22.481936649138596
426.5 23.96039366057471 22.482599703957966
427.0 23.962319693030988 22.4832628646859
427.4999999999999 23.96425563645586 22.483923415554585
428.0 23.96617306837854 22.48458395437412
428.5 23.96812404571884 22.485252773503376
428.9999999999999 23.970065103153182 22.485916512879953
429.5 23.97201990580108 22.486583261510155
430.0 23.97397614296363 22.487250958143264
430.4999999999999 23.975938224796202 22.48792422665558
431.0 23.977912135449067 22.488594668717976
431.5 23.97987103673025 22.48927079663222
431.9999999999999 23.981841006314678 22.48994501993628
432.5 23.983829505858992 22.490619484703895
433.0 23.985804566413865 22.491285023363076
433.4999999999999 23.987822901514 22.491965434041457
434.0 23.989798804090768 22.49263919756072
434.5 23.991828232193715 22.493320086361198
434.9999999999999 23.99382145048651 22.493994695577545
435.5 23.99584803632933 22.494676179602102
436.0 23.99785705538894 22.495357498148138
436.4999999999999 23.999890692091974 22.496044336210304
437.0 24.00191640720509 22.496729100006235
437.5 24.003957336236006 22.497410495342905
437.9999999999999 24.006000980225004 22.498097778424473
438.5 24.008054694455737 22.498776886384682
439.0 24.010115024876285 22.499464108647654
439.4999999999999 24.012167811880406 22.50015798421885
440.0 24.014240447138295 22.50084216517244
440.5 24.016297892140468 22.501535050843952
440.9999999999999 24.018403529385225 22.502223289235694
441.5 24.020471417971386 22.502919764830878
442.0 24.022552467583985 22.503609286707157
442.4999999999999 24.02465671083781 22.504306369367256
443.0 24.02675980204667 22.504996466090663
443.5 24.02887643900469 22.505698340422814
443.9999999999999 24.030980811154787 22.506392718791872
444.5 24.033099136275705 22.507091818694942
445.0 24.03524213265691 22.50779259492986
445.4999999999999 24.037401560153945 22.50849407018997
446.0 24.039550071107698 22.509192724959046
446.5 24.041728616561798 22.509903582414328
446.9999999999999 24.043906750256777 22.510605576284544
447.5 24.046115024647285 22.51131099426899
448.0 24.04832228036512 22.512020680606526
448.4999999999999 24.05054530193165 22.51273544333734
449.0 24.052784286358367 22.5134445019538
449.5 24.05502921617495 22.514160990613963
449.9999999999999 24.05728256731106 22.514870301754726
450.5 24.059544927070526 22.515596877736055
451.0 24.061814177769087 22.516306487610255
451.4999999999999 24.0641033629257 22.51703098942093
452.0 24.066398656045514 22.517747233586825
452.5 24.068710926835127 22.518469601270642
452.9999999999999 24.071012442346355 22.51919169112429
453.5 24.073336847607692 22.519908638082885
454.0 24.075675867703605 22.520639134289322
454.4999999999999 24.078022570695516 22.52136019109361
455.0 24.080374693963126 22.52209366855641
455.5 24.08271624025291 22.522823623730783
455.9999999999999 24.085087804267523 22.52354715873991
456.5 24.087469400168292 22.524283738580383
457.0 24.08986584366255 22.525006787252924
457.4999999999999 24.092251657702857 22.52574345971957
458.0 24.09463887774401 22.5264792390362
458.5 24.0970408287091 22.52721660892391
458.9999999999999 24.099461098379983 22.52795140268036
459.5 24.101883342756636 22.52869137028959
460.0 24.10430287199211 22.52943321213273
460.4999999999999 24.106745010497686 22.530165343776236
461.0 24.109171606414552 22.530910355622208
461.5 24.111621841982938 22.531650556280486
461.9999999999999 24.114069988435595 22.532393579525063
462.5 24.116526971909874 22.53313353108561
463.0 24.1189750615721 22.533881698640922
463.5 24.121432295008276 22.53462702406912
464.0 24.123914765886447 22.53537574479506
464.5 24.12636809894525 22.53612600889261
465.0 24.128877618221097 22.53687346389793
465.5 24.131342748296273 22.537624906009466
466.0 24.133829260694863 22.53836985345489
466.5 24.13630484039485 22.539118017490377
467.0 24.138800676905333 22.539874419160736
467.5 24.14130446669674 22.540622458927547
468.0 24.14378826834557 22.54138098882596
468.5 24.14627478768605 22.542131936275677
469.0 24.148782848429615 22.5428839969452
469.5 24.15128221036444 22.54363870820345
470.0 24.153780979618826 22.54439987307595
470.5 24.156270061175245 22.54515954075478
471.0 24.158780229129103 22.545914530682893
471.5 24.161280250997454 22.546672677845297
472.0 24.16378682430679 22.54743204370603
472.5 24.166296656555964 22.548190170511816
473.0 24.168793530469436 22.548954634090496
473.5 24.17128259501789 22.549715890328585
474.0 24.17378371619104 22.550471854037184
474.5 24.17628329864881 22.55123846710111
475.0 24.1787877268484 22.552003302569936
475.5 24.181272830347442 22.552760189723408
476.0 24.183761271352978 22.55353365135229
476.5 24.18625442709262 22.55429729202788
477.0 24.188740853545244 22.55506267799855
477.5 24.191218181176314 22.555824899353066
478.0 24.193700350470436 22.55659163483473
478.5 24.196178255699415 22.557358896199588
479.0 24.19863722526908 22.55812564912167
479.5 24.2011123197198 22.558892210116
480.0 24.203556355496964 22.55966356533684
480.5 24.206026094459475 22.560435646314538
481.0 24.20845479256142 22.56119925364899
481.5 24.210910826217223 22.56196207077474
482.0 24.21334166233644 22.562734614294566
482.5 24.215773394084984 22.56350572531503
483.0 24.21819463797334 22.56427652286735
483.5 24.220593436589645 22.565049877575856
484.0 24.223007933742494 22.56581401523217
484.5 24.22539960328107 22.566591745384574
485.0 24.22780047785921 22.567359978438635
485.5 24.230189446140628 22.568130303282313
486.0 24.23258978789996 22.56890539900131
486.5 24.23498284433231 22.56967899880754
487.0 24.23740468456938 22.5704504107006
487.5 24.23980606355604 22.571228283352998
488.0 24.2422289749536 22.572007133322778
488.5 24.244648358341053 22.572781338447605
489.0 24.24705643447038 22.57356060002831
489.5 24.249486104836695 22.574343752518722
490.0 24.251899990436282 22.5751187541105
490.5 24.254327572442982 22.575903228757742
491.0 24.25675336751396 22.576686191058002
491.5 24.259196828795467 22.57747298507503
492.0 24.26161523165071 22.57825184660943
492.5 24.26405777366025 22.579043748656026
493.0 24.266507659796854 22.579820184035697
493.5 24.26894899399614 22.580606435321954
494.0 24.271376944532822 22.581396208951205
494.5 24.273819894001242 22.582185969858525
495.0 24.276249806573894 22.582975328380968
495.5 24.27870364035362 22.583769033627053
496.0 24.281144026881588 22.584558465972083
496.5 24.283583492715017 22.58534202570894
497.0 24.286010650935125 22.586135848267503
497.5 24.288460187346992 22.58693408863096
498.0 24.290904645644765 22.58772533195775
498.5 24.29336638030669 22.588517402058987
499.0 24.29577733658884 22.589311523127922
499.5 24.29820134137245 22.590109001720666
500.0 24.300650682734 22.590906726275822
500.5 24.303096406767224 22.59170137236339
501.0 24.305528610395776 22.59250191828245
501.5 24.307967065255628 22.593304399353865
502.0 24.31038132260559 22.59410217319798
502.5 24.31281867952755 22.594906302119078
503.0 24.315235881355957 22.595701234712358
503.5 24.317665652496252 22.596506443390368
504.0 24.32008059784858 22.597313980946208
504.5 24.322484074668345 22.598116648547343
