FastTrWP/PhaseSpace/IAs/snIa_0.66_30.00_1.05_0.02.csv
# %ECSV 0.9
# ---
# datatype:
# - {name: time-rel, datatype: float64}
# - {name: g, datatype: float64}
# - {name: i, datatype: float64}
# schema: astropy-2.0
time-rel g i
[from data line 363]
-277.0 24.831087597417984 23.015869223587863
-276.5 24.827946522283444 23.01346508903558
-276.0 24.824761595057133 23.011048580379175
-275.5 24.82161926355073 23.008640112342526
-275.0 24.818449261160545 23.006239013110772
-274.5 24.815306005505647 23.00384127640344
-274.0 24.81222003673363 23.001451186400907
-273.5 24.80905218178298 22.999060722976232
-273.0 24.805941993136933 22.9966799043342
-272.5 24.802804498127742 22.994312437358474
-272.0 24.79968171298139 22.991934080782972
-271.5 24.796578262206506 22.98956933802604
-271.0 24.793481590324152 22.987204758602505
-270.5 24.790393408051436 22.984853406096835
-270.0 24.78730718339408 22.98249576457737
-269.5 24.78421813936123 22.980142708936732
-269.0 24.78113203787153 22.977794567175877
-268.5 24.778054482916474 22.97546793763129
-268.0 24.774976069356352 22.97312911845757
-267.5 24.771922634100456 22.970793698199085
-267.0 24.768867766417948 22.96847884081901
-266.5 24.765804495431013 22.96614968025631
-266.0 24.76275603486703 22.963834987752104
-265.5 24.759716258339154 22.961522428508427
-265.0 24.756673644343685 22.95921496413252
-264.5 24.753643952721205 22.956910439298003
-264.0 24.75060673534113 22.954609125667943
-263.5 24.747571188403434 22.952321443388172
-263.0 24.74456310991905 22.950027706011088
-262.5 24.741548298538376 22.947735385566617
-262.0 24.73853536333342 22.945447725639152
-261.5 24.735532555340267 22.94316729957991
-261.0 24.732528823535205 22.94089434342243
-260.5 24.72952163974014 22.938619043814366
-260.0 24.72654115502017 22.936361709524903
-259.5 24.723558786103542 22.93409331943556
-259.0 24.720574245832697 22.93183514778371
-258.5 24.71760585056697 22.92958433125201
-258.0 24.7146297487009 22.92733026656865
-257.5 24.71165855081535 22.925081211687516
-257.0 24.708698469627418 22.922835692164437
-256.5 24.705743475198094 22.920597955529217
-256.0 24.702796887359007 22.918366957123478
-255.5 24.699848520820833 22.916138739591005
-255.0 24.696904367499528 22.913916939816055
-254.5 24.693980781848705 22.91169615621302
-254.0 24.691028159966937 22.909477481265878
-253.5 24.688129413417066 22.90725512460802
-253.0 24.685208382181322 22.905057061635578
-252.5 24.682285896643258 22.902852741425036
-252.0 24.67935838460373 22.900654426591807
-251.5 24.676460684412497 22.89846159176127
-251.0 24.673558981862037 22.896266851327105
-250.5 24.670676076908222 22.894082826871678
-250.0 24.66776831240409 22.891894606510114
-249.5 24.664884909769896 22.88971647814851
-249.0 24.662002729435102 22.887536899510806
-248.5 24.65912045657962 22.88537260025857
-248.0 24.65627015079051 22.883210953538708
-247.5 24.65340215291031 22.88104886545353
-247.0 24.650539227761968 22.878885967512236
-246.5 24.647687149932658 22.876735579008383
-246.0 24.644835797383443 22.87458884515655
-245.5 24.641976634195515 22.872431413541786
-245.0 24.63913243708253 22.870294593865243
-244.5 24.636300491899355 22.868156447046463
-244.0 24.633469858941247 22.866017765212348
-243.5 24.630651488419716 22.863887344532063
-243.0 24.627794294346966 22.861759384624563
-242.5 24.6249900841134 22.859629294996985
-242.0 24.62218411154009 22.857515938724987
-241.5 24.619359508577592 22.855405337819303
-241.0 24.61656099696693 22.853289295584617
-240.5 24.61376033094536 22.8511791357279
-240.0 24.61096271309593 22.84907950375095
-239.5 24.608156123942532 22.846967000497713
-239.0 24.605383679335034 22.84487489151228
-238.5 24.602601106506473 22.8427807450983
-238.0 24.599798832672345 22.840691076498683
-237.5 24.597020874372856 22.838603226569674
-237.0 24.594252112322028 22.83652115899529
-236.5 24.591488637148906 22.834449045995836
-236.0 24.588735709309148 22.832372245400002
-235.5 24.585945708183058 22.83029094983416
-235.0 24.583214894444033 22.828226025403175
-234.5 24.580459473621218 22.826158719230754
-234.0 24.577703130089237 22.824086654320517
-233.5 24.574973841977005 22.82203087383289
-233.0 24.57221008768151 22.819981747490758
-232.5 24.569471701515244 22.817919896823163
-232.0 24.566753538449298 22.815866380569485
-231.5 24.564022627421092 22.81381919133654
-231.0 24.561276286097286 22.811781491972102
-230.5 24.558580057959905 22.80974293146183
-230.0 24.555849227484114 22.807706690482355
-229.5 24.553142476221122 22.805669853797408
-229.0 24.550425255537572 22.8036467641371
-228.5 24.547718622915205 22.80161508848863
-228.0 24.545021585149325 22.79959520403812
-227.5 24.542323401291974 22.7975755659616
-227.0 24.539616622664614 22.795554976188
-226.5 24.536926733507165 22.79353928231583
-226.0 24.53425690940477 22.79153043270938
-225.5 24.531549783006167 22.789515094502008
-225.0 24.528886998183523 22.78751361030977
-224.5 24.5262191931298 22.78550579117734
-224.0 24.52353889929553 22.783510470646817
-223.5 24.520857814637576 22.781514188131936
-223.0 24.5182034375217 22.77951603578357
-222.5 24.515535582791948 22.77752340012841
-222.0 24.512886124445764 22.775538857505694
-221.5 24.510228320065863 22.7735484201067
-221.0 24.50757281163297 22.771575440853546
-220.5 24.504912201454438 22.7696011077092
-220.0 24.502280359419846 22.76762213320524
-219.5 24.499646712301285 22.765643690111432
-219.0 24.497007426676035 22.763663277606764
-218.5 24.494376361541462 22.76170325624664
-218.0 24.491755673584823 22.75973748503295
-217.5 24.489106681975905 22.75776570235078
-217.0 24.48648482152241 22.755803623701883
-216.5 24.48383220777729 22.753841233225664
-216.0 24.481184267030656 22.751878292077514
-215.5 24.478543316986098 22.749921806123208
-215.0 24.475913258174963 22.747956026648183
-214.5 24.473264458649012 22.745999663242948
-214.0 24.470621142800848 22.744040471624125
-213.5 24.46798693624575 22.74207113401061
-213.0 24.46534110773033 22.74011737800235
-212.5 24.462711384428037 22.73816969129392
-212.0 24.460051327704658 22.736210676655475
-211.5 24.45740769473121 22.734261946203755
-211.0 24.45477305912782 22.73231358900757
-210.5 24.452132164838606 22.7303662865995
-210.0 24.449500903036217 22.72841531534518
-209.5 24.44684387153194 22.726468707638436
-209.0 24.444218588773275 22.724525081148442
-208.5 24.44156973521296 22.722586599594695
-208.0 24.438948387412328 22.720649291547073
-207.5 24.43631645577284 22.7187056284587
-207.0 24.433691521191363 22.716787088918284
-206.5 24.431074882673766 22.714847106905335
-206.0 24.428448019265588 22.712911066427157
-205.5 24.425836746644674 22.710982165018294
-205.0 24.423188700831496 22.70907018858674
-204.5 24.42061185545979 22.70714671268642
-204.0 24.417994433444335 22.70522779183137
-203.5 24.415400762972613 22.703318224624166
-203.0 24.412781259445108 22.70139910942393
-202.5 24.41020673830501 22.69948881435922
-202.0 24.407597274419395 22.697587571346745
-201.5 24.40501687995392 22.695684286591295
-201.0 24.4024269220075 22.693784650163337
-200.5 24.399842524411362 22.69189382734052
-200.0 24.397286365429494 22.690002852842408
-199.5 24.394724356589563 22.688117341034232
-199.0 24.392168898420454 22.68623408589928
-198.5 24.389611144827374 22.684344525850282
-198.0 24.387074137134096 22.682467752032718
-197.5 24.384518579844322 22.68059655843885
-197.0 24.38199121401241 22.678736598291273
-196.5 24.37946595674836 22.6768720634227
-196.0 24.376940074590898 22.675009883100365
-195.5 24.374436721958137 22.673151586335422
-195.0 24.371924824282054 22.671300789894453
-194.50000000000006 24.369440379261775 22.66945402083611
-194.0 24.366927853963418 22.66760860075714
-193.5 24.3644444572977 22.665771827901793
-193.00000000000006 24.361979159235712 22.663936199157536
-192.5 24.359519455521355 22.662108686229644
-192.0 24.35706263487255 22.660287899130125
-191.50000000000006 24.354601317651007 22.65846383609411
-191.0 24.352160765919393 22.656657340314588
-190.5 24.34973418816128 22.654841770585502
-190.00000000000006 24.347317461141195 22.653042098306333
-189.5 24.34489533939223 22.651241976772965
-189.0 24.342474403435162 22.649453298620514
-188.50000000000006 24.340072963584003 22.64765736321422
-188.0 24.337709275808322 22.645882201470645
-187.5 24.335316478093524 22.644100849551464
-187.00000000000006 24.33295552702336 22.642321121453968
-186.5 24.330586642952646 22.640563065776227
-186.0 24.32824931976591 22.638799665630334
-185.50000000000006 24.325905633353024 22.63704521999482
-185.0 24.32358817033302 22.635294988116375
-184.5 24.32128100232498 22.63355518199823
-184.00000000000006 24.318958542099484 22.631813322059507
-183.5 24.316661636640823 22.630074612966915
-183.0 24.314371656833302 22.62835320178226
-182.50000000000006 24.312106820156135 22.626633278085748
-182.0 24.309851099406128 22.624920669803
-181.5 24.30757866458038 22.623211533029817
-181.00000000000006 24.30535108331115 22.62151150367711
-180.5 24.30311874659523 22.619814470104775
-180.0 24.300912863196377 22.61812671284659
-179.50000000000006 24.298694966624836 22.616449445507627
-179.0 24.29652550291081 22.614766529758377
-178.5 24.29432059962957 22.613098779187233
-178.00000000000006 24.29216856425468 22.611434902837885
-177.5 24.290006826091876 22.60977915490356
-177.0 24.287846228063195 22.608120467404266
-176.50000000000006 24.28568423148052 22.606473079018052
-176.0 24.283535193636613 22.60480897388006
-175.5 24.281391262354106 22.603170415363408
-175.00000000000006 24.27923802091428 22.601524783223876
-174.5 24.277109464192876 22.599888787596353
-174.0 24.274979722404268 22.598246840382807
-173.50000000000006 24.272865373751774 22.596614574272
-173.0 24.27074296639232 22.594986557145976
-172.5 24.268623297874257 22.593361759691536
-172.00000000000006 24.26651262169387 22.59173481532629
-171.5 24.26440031138692 22.590111799826
-171.0 24.262297007622568 22.58850347757236
-170.50000000000006 24.260201976113965 22.58688345737953
-170.0 24.258115249781692 22.585275508418828
-169.5 24.256043700553125 22.583660799986255
-169.00000000000006 24.25396331704753 22.582063579126466
-168.5 24.25189686330453 22.580466413352763
-168.0 24.249823462564677 22.578873500315822
-167.50000000000006 24.247787979932053 22.57728089650407
-167.0 24.245731067390604 22.575695823575735
-166.5 24.243671580844392 22.574118721658945
-166.00000000000006 24.24162402572444 22.5725324670734
-165.5 24.23959948400135 22.57095934766923
-165.0 24.23756395946256 22.569385288866087
-164.50000000000006 24.23555300303142 22.56782290016277
-164.0 24.23353218141736 22.56625501165109
-163.5 24.231523516794404 22.56470456116187
-163.00000000000006 24.22954289704512 22.563147717968903
-162.5 24.22755209140538 22.561594556631075
-162.0 24.22555225363115 22.560055888864355
-161.50000000000006 24.223568383662297 22.558505905754714
-161.0 24.221596141140765 22.55696174057166
-160.5 24.219622554311712 22.555422623877096
-160.00000000000006 24.217661279077326 22.553904330406972
-159.5 24.215707988532436 22.55237448505723
-159.0 24.213767281708765 22.550851097309014
-158.50000000000006 24.21183403355186 22.549344846120803
-158.0 24.20990596980976 22.54782215977741
-157.5 24.20796544434175 22.54632316081734
-157.00000000000006 24.206048321568723 22.544817088718474
-156.5 24.204159130376304 22.54331385641037
-156.0 24.20226290424398 22.54182174633425
-155.50000000000006 24.200359250654394 22.54032550589871
-155.0 24.19847356513138 22.538852890251697
-154.5 24.19660654394766 22.53736222938297
-154.00000000000006 24.194726784428124 22.535886192105625
-153.5 24.192862023420737 22.534419685275896
-153.0 24.190998102998638 22.532955675393307
-152.50000000000006 24.189170265246997 22.531488316151194
-152.0 24.18732978383149 22.53003244344322
-151.5 24.185506593312557 22.52857406058738
-151.00000000000006 24.183687484865168 22.52713183508028
-150.5 24.181872727014504 22.52569027667148
-150.0 24.180074454868482 22.524250840102052
-149.50000000000006 24.178270631062865 22.52281813407183
-149.0 24.17648225358655 22.52138659426281
-148.5 24.17469611440925 22.519960672155598
-148.00000000000006 24.172935998259227 22.518551628291963
-147.5 24.171165346383244 22.517130236142634
-147.0 24.16941533779111 22.515720241532613
-146.50000000000006 24.167668702581064 22.514318121633895
-146.0 24.165932847514146 22.512923248522327
-145.5 24.164212441066674 22.51152916472815
-145.00000000000006 24.16249094553589 22.510142739494942
-144.5 24.16079563684523 22.508757441850054
-144.0 24.15909552877133 22.50737949059822
-143.50000000000006 24.15739146065125 22.50600787556705
-143.0 24.155713979745464 22.504642484723647
-142.5 24.154031292021862 22.503273716575393
-142.00000000000006 24.152384768030707 22.501926373497497
-141.5 24.150728011761306 22.500572471419083
-141.0 24.149080749334615 22.499226887537695
-140.50000000000006 24.147435233787988 22.497885591239033
-140.0 24.145813004077365 22.496549316137248
-139.5 24.144210546465438 22.495214177712665
-139.00000000000006 24.14258932593212 22.49389617454576
-138.5 24.141002425011706 22.49257657787613
-138.0 24.139406461388212 22.49126142559113
-137.50000000000006 24.137841131287384 22.489953289795714
-137.0 24.136252259522056 22.488640335517736
-136.5 24.1346948031258 22.487335964849887
-136.00000000000006 24.133123609660192 22.486043946602337
-135.5 24.131576886703744 22.484747677964293
-135.0 24.130026312357074 22.483458396303902
-134.50000000000006 24.128481559210755 22.48217861470602
-134.0 24.126946003930748 22.480890557401082
-133.5 24.12541343012061 22.47961513609556
-133.00000000000006 24.123897965778024 22.4783445113233
-132.5 24.12238084821142 22.477072631468815
-132.0 24.120875422750608 22.47580733435261
-131.50000000000006 24.119385313736046 22.47454500136061
-131.0 24.117879946953508 22.4732875105628
-130.5 24.11639160562943 22.47203309438686
-130.00000000000006 24.114913139046855 22.470779116802056
-129.5 24.11343190466414 22.469538581062313
-129.0 24.111967821282157 22.468301625685747
-128.50000000000006 24.110501254836958 22.467059046076262
-128.0 24.109044527636154 22.465820830377826
-127.5 24.10760226156786 22.464593350232363
-127.00000000000006 24.106163646407033 22.463369674969385
-126.5 24.104726996716515 22.462148767869476
-126.0 24.103291463199852 22.4609344913879
-125.50000000000006 24.101874973962943 22.459717328732616
-125.0 24.100471646931165 22.45851290332759
-124.5 24.099041155899904 22.457303155475195
-124.00000000000006 24.097646058693453 22.456101773972364
-123.5 24.09624920779723 22.45491449014191
-123.0 24.09485662416252 22.453714868593075
-122.50000000000006 24.09346853393283 22.452518399435768
-122.0 24.092093718351776 22.451330217482944
-121.5 24.090737179717152 22.450158676794054
-121.00000000000006 24.08935286735022 22.448978757882777
-120.5 24.088008262905834 22.447802496843067
-120.0 24.086664042986552 22.446637098823757
-119.50000000000006 24.085322080288037 22.44547242459962
-119.0 24.083981817902554 22.44429978958226
-118.5 24.082648443294147 22.443143308806064
-118.00000000000006 24.081328784345324 22.441998718769316
-117.5 24.08000319380108 22.440846626250526
-117.0 24.07869392987195 22.439701663020102
-116.50000000000006 24.077394669778137 22.43855545467442
-116.0 24.076089429501543 22.437426971778756
-115.5 24.07481337234532 22.436287997514977
-115.00000000000006 24.073518670781468 22.43515828462485
-114.5 24.07223756054728 22.43403110451109
-114.0 24.070969013293613 22.43291316186038
-113.50000000000006 24.069700422811188 22.43179395980078
-113.0 24.068441057599674 22.430685298706237
-112.5 24.0671938629901 22.429567701032333
-112.00000000000006 24.065947690984494 22.428470473296137
-111.5 24.06470532446724 22.427362526931578
-111.0 24.06347070175437 22.426269568795142
-110.50000000000006 24.062249150813862 22.42517729276322
-110.0 24.061025270540096 22.4240831575033
-109.5 24.059812205287756 22.422999443787
-109.00000000000006 24.058597154200463 22.42191293987534
-108.5 24.057400847977153 22.420830262980168
-108.0 24.0562068617691 22.41976132781907
-107.50000000000006 24.055032181707862 22.418692595459646
-107.0 24.053842695588617 22.417628307064895
-106.5 24.05265402129497 22.41656687969387
-106.00000000000006 24.051487072535913 22.41550378373563
