FastTrWP/PhaseSpace/IAs/snIa_0.33_30.00_0.54_0.11.csv
# %ECSV 0.9
# ---
# datatype:
# - {name: time-rel, datatype: float64}
# - {name: g, datatype: float64}
# - {name: i, datatype: float64}
# schema: astropy-2.0
time-rel g i
[from data line 866]
615.6041666666666 22.9068070949184 22.427327705530523
616.1041666666666 22.90679535917964 22.426753242632177
616.6041666666666 22.90677365570768 22.426192354796314
617.1041666666666 22.90676457538259 22.425633528942495
617.6041666666666 22.906749168618855 22.425075247472563
618.1041666666666 22.90676190461193 22.424516171902265
618.6041666666666 22.906744574913745 22.423962185309996
619.1041666666666 22.90675423222035 22.423413855874482
619.6041666666666 22.906760729350232 22.422863470744318
620.1041666666666 22.906769887971667 22.42232050262267
620.6041666666666 22.90678824575565 22.421772687278274
621.1041666666666 22.906806321755028 22.42123523065793
621.6041666666666 22.906827040968977 22.420696573731604
622.1041666666666 22.906855074382765 22.420162526628108
622.6041666666666 22.90687882960888 22.419627341672165
623.1041666666666 22.906910465764916 22.41909821187116
623.6041666666666 22.90695386020737 22.41856184576063
624.1041666666666 22.906989770118184 22.418034841425293
624.6041666666666 22.907034263793552 22.417512149414897
625.1041666666666 22.907086069762013 22.416991288450316
625.6041666666666 22.9071400511635 22.41646935156323
626.1041666666666 22.907193406906213 22.41595017222017
626.6041666666666 22.90725654613867 22.41544271971451
627.1041666666666 22.90732360299463 22.414926400129175
627.6041666666666 22.907393629162197 22.41442016890984
628.1041666666666 22.90746154208437 22.41391323780668
628.6041666666666 22.90754055627074 22.413407504944608
629.1041666666666 22.907621443935405 22.412907992764485
629.6041666666666 22.90770461934184 22.412407518236783
630.1041666666666 22.907792315770216 22.411904675003086
630.6041666666666 22.907889525194843 22.411418852501072
631.1041666666666 22.907984107997915 22.41092088756195
631.6041666666666 22.908076798545718 22.410431754928226
632.1041666666666 22.908189035793797 22.409942778075145
632.6041666666666 22.908283840647492 22.409458413762984
633.1041666666666 22.90839371764239 22.40897316207439
633.6041666666666 22.908514847811425 22.408492175313096
634.1041666666666 22.908630083645146 22.408014598618692
634.6041666666666 22.90875121176894 22.407528822045734
635.1041666666666 22.90888201115986 22.407058368359472
635.6041666666666 22.90900494030328 22.40658189596331
636.1041666666666 22.909141091845807 22.406111554135435
636.6041666666666 22.909268494278926 22.405644226375088
637.1041666666666 22.90940901793428 22.405177994835547
637.6041666666666 22.909549747761695 22.404713906844492
638.1041666666666 22.90969656634445 22.404249182041077
638.6041666666666 22.909848096976717 22.40379061350527
639.1041666666666 22.910005905529452 22.403327304378745
639.6041666666666 22.91016470799271 22.402876864588585
640.1041666666666 22.91033602296498 22.402427164752595
640.6041666666666 22.910499092371563 22.401973163833766
641.1041666666666 22.910658147130924 22.40152316806825
641.6041666666666 22.91083877345202 22.401078595963423
642.1041666666666 22.911007698118972 22.40063450589762
642.6041666666666 22.911198470147873 22.400190594553774
643.1041666666666 22.911375941068883 22.399744910996194
643.6041666666666 22.91157259481397 22.39931424405612
644.1041666666666 22.91175895225452 22.398877991457155
644.6041666666666 22.91196019237672 22.39844903071379
645.1041666666666 22.91216161928788 22.398012387316932
645.6041666666666 22.912362463646833 22.397586828347027
646.1041666666666 22.91256947426048 22.3971610941837
646.6041666666666 22.912782058228174 22.396741932077845
647.1041666666666 22.912999310654598 22.39631516799573
647.6041666666666 22.9132124699402 22.395898169201836
648.1041666666666 22.913446450953614 22.39548155141899
648.6041666666666 22.913667044558967 22.395060983254822
649.1041666666666 22.913913265000367 22.39466321941292
649.6041666666666 22.914146105463516 22.394246488203486
650.1041666666666 22.914378170692164 22.3938452148137
650.6041666666666 22.91462033513725 22.393433838897067
651.1041666666666 22.914866855687524 22.393029321312426
651.6041666666666 22.915118744405007 22.392637703463144
652.1041666666666 22.915371692303587 22.392230723239766
652.6041666666666 22.915640222717023 22.391846717993815
653.1041666666666 22.91590737902923 22.391451743400413
653.6041666666666 22.91618088123706 22.391050809484845
654.1041666666666 22.916449306414698 22.39067173490873
654.6041666666666 22.916717670868245 22.39028122333624
655.1041666666666 22.917003739745123 22.389910768764295
655.6041666666666 22.917285439640537 22.38952713272696
656.1041666666666 22.917576023584047 22.389149261214794
656.6041666666666 22.91786588381509 22.388771535101686
657.1041666666666 22.918168991519636 22.38840393731595
657.6041666666666 22.918467328964564 22.388028702758586
658.1041666666666 22.918774827588177 22.387658390941212
658.6041666666666 22.919085333237717 22.387298107040337
659.1041666666666 22.919397844671575 22.386938213675265
659.6041666666666 22.919708648285496 22.386570794321443
660.1041666666666 22.920030208631278 22.386218923865577
660.6041666666666 22.920361681395253 22.385868173139126
661.1041666666666 22.920692464386644 22.38550810692779
661.6041666666666 22.921028007026326 22.38515974298394
662.1041666666666 22.921371914667677 22.38480600136192
662.6041666666666 22.92171954887822 22.384467975018097
663.1041666666666 22.922066041720413 22.384126339297637
663.6041666666666 22.922420551415186 22.383782786830736
664.1041666666666 22.92277748493927 22.383447264427332
664.6041666666666 22.92314549770228 22.383110379666576
665.1041666666666 22.923525922982414 22.382774010542164
665.6041666666666 22.923899477571837 22.38244076093249
666.1041666666666 22.92427500363463 22.382108638582622
666.6041666666666 22.924657196409576 22.38178459793322
667.1041666666666 22.925052019699837 22.381461535227963
667.6041666666666 22.925440307886163 22.381139319543518
668.1041666666666 22.925853275357802 22.380815037854738
668.6041666666666 22.926254423305462 22.38050199733587
669.1041666666666 22.926658269710735 22.38019104926545
669.6041666666666 22.927089057704585 22.37986062264149
670.1041666666666 22.92749576393513 22.37955546714663
670.6041666666666 22.927915147628934 22.379247224944464
671.1041666666666 22.928348045623217 22.37894418867116
671.6041666666666 22.928774614582483 22.378637240604963
672.1041666666666 22.929213474889334 22.378335078269338
672.6041666666666 22.92965211567249 22.37803502804104
673.1041666666666 22.93009405115402 22.377742047914925
673.6041666666666 22.930547981458112 22.37744822315876
674.1041666666666 22.930989602064862 22.377153152333907
674.6041666666666 22.93145457864704 22.37686103824334
675.1041666666666 22.931904579880353 22.376575195738575
675.6041666666666 22.93236893797073 22.376287543856733
676.1041666666666 22.932843349025344 22.375995263601013
676.6041666666666 22.933312297991467 22.375726711486195
677.1041666666666 22.93378751481136 22.37544793465546
677.6041666666666 22.93426379595182 22.375170877422022
678.1041666666666 22.93474410600283 22.374897637570463
678.6041666666666 22.935230071794173 22.374623587470303
679.1041666666666 22.935724520579804 22.37435381156462
679.6041666666666 22.936213937584068 22.374094880662504
680.1041666666666 22.936703937928815 22.373822231544533
680.6041666666666 22.937205659004785 22.373565469920024
681.1041666666666 22.937709426363906 22.3733010322754
681.6041666666666 22.93820774894353 22.373044841705102
682.1041666666666 22.93871451385172 22.372795962196545
682.6041666666666 22.939227819878077 22.372535875988113
683.1041666666666 22.939745218251115 22.37228751256747
683.6041666666666 22.940265754959558 22.372035847807634
684.1041666666666 22.94078037323425 22.371795050837523
684.6041666666666 22.94130566327302 22.371547781348646
685.1041666666666 22.941824410923473 22.371305772905714
685.6041666666666 22.94236045007491 22.37107269324023
686.1041666666666 22.942889248347612 22.37084154168354
686.6041666666666 22.9434164082229 22.370605955921366
687.1041666666666 22.94394961397859 22.370369285314936
687.6041666666666 22.94448990091154 22.370142197436365
688.1041666666666 22.945028773103637 22.369915451611675
688.6041666666666 22.945577764119626 22.369694892284535
689.1041666666666 22.946120302161468 22.369470328074673
689.6041666666666 22.94666745155388 22.369253472197105
690.1041666666666 22.947215186457235 22.369036372725724
690.6041666666666 22.947770121225478 22.368820947413006
691.1041666666666 22.948320655401737 22.368615702133177
691.6041666666666 22.94888708192604 22.368407918018008
692.1041666666666 22.949443889846115 22.368195642065153
692.6041666666666 22.94999757098494 22.367999743138768
