FastTrWP/PhaseSpace/IAs/snIa_0.6_20_1_0.1.csv
# %ECSV 0.9
# ---
# datatype:
# - {name: time-rel, datatype: float64}
# - {name: g, datatype: float64}
# - {name: i, datatype: float64}
# schema: astropy-2.0
time-rel g i
[from data line 832]
402.1458333333333 -25.953356081287026 -27.769796439434383
402.64583333333326 -25.952699454612794 -27.7699881930076
403.1458333333333 -25.952070647489982 -27.770184755065817
403.6458333333333 -25.951416287154938 -27.77037707553521
404.14583333333326 -25.950753623307705 -27.770567953827673
404.6458333333333 -25.950085924938104 -27.770762067475232
405.1458333333333 -25.9494330792812 -27.7709548355697
405.64583333333326 -25.94875684610812 -27.771145801933677
406.1458333333333 -25.94808829495266 -27.771322250296883
406.6458333333333 -25.94741402961196 -27.771514466353743
407.14583333333326 -25.94673714640188 -27.771701552073736
407.6458333333333 -25.946057508625195 -27.77188514338143
408.1458333333333 -25.94535382180192 -27.77205993636761
408.64583333333326 -25.944658039634845 -27.772242254141286
409.1458333333333 -25.94396830690101 -27.77241291891383
409.6458333333333 -25.943262662079604 -27.772596782325483
410.14583333333326 -25.942551295634747 -27.772772069387983
410.6458333333333 -25.941853330424998 -27.772942148902008
411.1458333333333 -25.941126007622707 -27.773106524437004
411.64583333333326 -25.940397425649667 -27.773284148250315
412.1458333333333 -25.93968505827477 -27.77344666752205
412.6458333333333 -25.938945023095762 -27.773613617374863
413.14583333333326 -25.938228441438156 -27.77377432615936
413.6458333333333 -25.937490867963596 -27.773938229099105
414.1458333333333 -25.93675145796646 -27.774103770481062
414.64583333333326 -25.93598765649968 -27.774262161869178
415.1458333333333 -25.93523205621708 -27.774423626173665
415.6458333333333 -25.93449795288795 -27.774573488355653
416.14583333333326 -25.93373254440663 -27.774732050077738
416.6458333333333 -25.9329784563229 -27.774881342582624
417.1458333333333 -25.932201154670764 -27.775029843243043
417.64583333333326 -25.9314132249191 -27.775188031729105
418.1458333333333 -25.930652287460685 -27.775333460963402
418.6458333333333 -25.92985595559658 -27.77547311693336
419.14583333333326 -25.92908216105217 -27.775622471321118
419.6458333333333 -25.928284615458914 -27.775761232326452
420.1458333333333 -25.927485331294324 -27.775908938682296
420.64583333333326 -25.926681958602114 -27.776043076542067
421.1458333333333 -25.925878749377556 -27.77618533155763
421.6458333333333 -25.92506617620384 -27.77632068484634
422.14583333333326 -25.92426457128095 -27.776457958228093
422.6458333333333 -25.923442976119855 -27.776585524812813
423.1458333333333 -25.922632464124618 -27.776713066966398
423.64583333333326 -25.921781297851794 -27.776841884008117
424.1458333333333 -25.920954894141175 -27.776971745203156
424.6458333333333 -25.92011216058723 -27.77710084918982
425.14583333333326 -25.919271152663434 -27.77721743863809
425.6458333333333 -25.918440775791378 -27.77734567441176
426.1458333333333 -25.917579109169665 -27.777460050286024
426.64583333333326 -25.9167115119824 -27.777581283317446
427.1458333333333 -25.915847359947144 -27.777694502730476
427.6458333333333 -25.914986125702185 -27.777810406987133
428.14583333333326 -25.91412967636204 -27.777929827592743
428.6458333333333 -25.91323164171659 -27.778045572480213
429.1458333333333 -25.912362791305313 -27.77815369237786
429.64583333333326 -25.911461001767144 -27.77825176599734
430.1458333333333 -25.910554435374586 -27.77835993976675
430.6458333333333 -25.909660231596852 -27.778463845269982
431.14583333333326 -25.908749470262478 -27.778572347798793
431.6458333333333 -25.907818712457008 -27.77866055821846
432.1458333333333 -25.9068898148338 -27.778768396819107
432.64583333333326 -25.90596691581736 -27.778858028416536
433.1458333333333 -25.90502829790294 -27.7789563086072
433.6458333333333 -25.90408070937727 -27.77905070001769
434.14583333333326 -25.90312994988777 -27.77913965215194
434.6458333333333 -25.902169428297665 -27.779236538346844
435.1458333333333 -25.901230492240867 -27.779318002352085
435.64583333333326 -25.90023434853463 -27.779403555377208
436.1458333333333 -25.89926446477468 -27.77949087982541
436.6458333333333 -25.898280405414443 -27.779570174254143
437.14583333333326 -25.89729977098889 -27.779647534542484
437.6458333333333 -25.896315910979983 -27.77972790538187
438.1458333333333 -25.895316076854584 -27.77980914631594
438.64583333333326 -25.894314805672728 -27.77988289635211
439.1458333333333 -25.893308610990676 -27.779955524139673
439.6458333333333 -25.892297664585428 -27.780032885588266
440.14583333333326 -25.891266337864565 -27.780107910314026
440.6458333333333 -25.890249360467635 -27.78017315495703
441.1458333333333 -25.889223714146897 -27.780239993485193
441.64583333333326 -25.88818676147288 -27.780310288940058
442.1458333333333 -25.887138407605832 -27.780373202735294
442.6458333333333 -25.886107105385065 -27.780432553358622
443.14583333333326 -25.885054592558376 -27.78049206498245
443.6458333333333 -25.884003201649858 -27.780556875242368
444.1458333333333 -25.882930327322732 -27.780613645269128
444.64583333333326 -25.881885536483992 -27.780668964251714
445.1458333333333 -25.880813224783093 -27.7807251311418
445.6458333333333 -25.87975652990721 -27.780776322256774
446.14583333333326 -25.878680412919532 -27.780829112338857
446.6458333333333 -25.87758624268033 -27.78088022975276
447.1458333333333 -25.876504899417498 -27.780929235103343
447.64583333333326 -25.875410247846098 -27.780979508255058
448.1458333333333 -25.874347006476967 -27.781018446074583
448.6458333333333 -25.8732412100047 -27.78106425843096
449.14583333333326 -25.872128640111235 -27.78110535376271
449.6458333333333 -25.87103263067593 -27.78115100791986
450.1458333333333 -25.86993270032853 -27.78119264745454
450.64583333333326 -25.868806854427355 -27.781229074906154
451.1458333333333 -25.8677130620144 -27.78126354035035
451.6458333333333 -25.86657724897925 -27.781301390757797
452.14583333333326 -25.865472099823968 -27.781338901329306
452.6458333333333 -25.864347089151064 -27.781375972091197
453.1458333333333 -25.863230629004175 -27.781401826222776
453.64583333333326 -25.86210297117018 -27.781424643103744
454.1458333333333 -25.860979646755524 -27.781461141484716
454.6458333333333 -25.859845912437827 -27.78148892954978
455.14583333333326 -25.858701783696528 -27.781512161316666
455.6458333333333 -25.857556200525295 -27.781540464725758
456.1458333333333 -25.85642217057261 -27.781563219848945
456.64583333333326 -25.855285893786842 -27.781584303415045
457.1458333333333 -25.85413561007192 -27.781602903813486
457.6458333333333 -25.852968494884397 -27.781622709531728
458.14583333333326 -25.851834264056578 -27.78163852106075
458.6458333333333 -25.850680789322688 -27.781657418783574
459.1458333333333 -25.8495412258073 -27.781666590446154
459.64583333333326 -25.84837593282117 -27.781685118781652
460.1458333333333 -25.8472220184745 -27.781705378185578
460.6458333333333 -25.846067728017683 -27.781709401621463
461.14583333333326 -25.844904471612704 -27.78171858344683
461.6458333333333 -25.843747704035547 -27.781730291434496
462.1458333333333 -25.842574794875954 -27.781732041128492
462.64583333333326 -25.841405866710197 -27.781747330794882
463.1458333333333 -25.840241567913154 -27.781749813008197
463.6458333333333 -25.839063693800085 -27.781755883861887
464.14583333333326 -25.83790645226868 -27.78175880139171
464.6458333333333 -25.83673685971319 -27.781763273934864
465.1458333333333 -25.835574166772723 -27.78175168469059
465.64583333333326 -25.834407646293425 -27.78175908393768
466.1458333333333 -25.83322799785277 -27.781755269387958
466.6458333333333 -25.832056238843414 -27.78175674938637
467.14583333333326 -25.830886697167767 -27.781750524060534
467.6458333333333 -25.829695567200567 -27.781746835555886
468.1458333333333 -25.828514563493776 -27.78173717203679
468.64583333333326 -25.827314907682638 -27.78172995189236
469.1458333333333 -25.826117851201875 -27.78171160414058
469.6458333333333 -25.82492799927508 -27.78170073293619
470.14583333333326 -25.82370865731672 -27.781689692430458
470.6458333333333 -25.82249460081804 -27.781672612109745
471.1458333333333 -25.82129544385543 -27.781656287024127
471.64583333333326 -25.820069842368557 -27.78163040444433
472.1458333333333 -25.818849682494157 -27.781609809292647
472.6458333333333 -25.817627131590548 -27.78159142127184
473.14583333333326 -25.816378968648767 -27.781576571668687
473.6458333333333 -25.81515231215148 -27.781548005681636
474.1458333333333 -25.81391410634239 -27.781521274747117
474.64583333333326 -25.812676184258798 -27.781488202744754
475.1458333333333 -25.811423676738755 -27.78145807084681
475.6458333333333 -25.810160674573194 -27.781435411644008
476.14583333333326 -25.808910826494333 -27.781399919813552
476.6458333333333 -25.807662401917007 -27.781369449151242
477.1458333333333 -25.80639624081133 -27.781329233333018
477.64583333333326 -25.80511707630646 -27.78129384555224
478.1458333333333 -25.803875619436475 -27.781256207000787
478.6458333333333 -25.80260262760644 -27.781220605136454
479.14583333333326 -25.801318940120062 -27.781174286765427
479.6458333333333 -25.80003639621115 -27.781135141502308
480.1458333333333 -25.798751207786754 -27.78108742711114
480.64583333333326 -25.797463668804234 -27.78104992716713
481.1458333333333 -25.796174601200082 -27.78099909669576
481.6458333333333 -25.79489049732456 -27.780956233163078
482.14583333333326 -25.793590964280302 -27.780902963344044
482.6458333333333 -25.792289503632787 -27.780850628309757
483.1458333333333 -25.790988101901316 -27.780803663916174
483.64583333333326 -25.78968466781967 -27.78075174628908
484.1458333333333 -25.78838253225087 -27.780694910458493
484.6458333333333 -25.787066735265594 -27.780647286546888
485.14583333333326 -25.785760450936742 -27.78058903307072
485.6458333333333 -25.78445757458152 -27.780517550189554
486.1458333333333 -25.78311915951959 -27.780461336003157
486.64583333333326 -25.781811597083415 -27.78040602844589
487.1458333333333 -25.78048964849897 -27.780344369700487
487.6458333333333 -25.779171528812522 -27.780285277907133
488.14583333333326 -25.777857903621108 -27.780221043148686
488.6458333333333 -25.77652176951362 -27.780150779185604
489.1458333333333 -25.77519116941029 -27.780078861972406
489.64583333333326 -25.77386684083988 -27.780013326367914
490.1458333333333 -25.772537864129497 -27.779947213562014
490.6458333333333 -25.77119710090676 -27.779877931593944
491.14583333333326 -25.769860667999644 -27.779806478823996
491.6458333333333 -25.768519148824648 -27.779735865759868
492.1458333333333 -25.767196338562457 -27.779659067818795
492.64583333333326 -25.765856742811653 -27.7795892427553
493.1458333333333 -25.764513988393706 -27.77950471937657
493.6458333333333 -25.763162110800426 -27.779428169454143
494.14583333333326 -25.761816627923615 -27.779351336749457
494.6458333333333 -25.760477240815298 -27.779276536436633
495.1458333333333 -25.75913828547495 -27.779190476474525
495.64583333333326 -25.757778550730606 -27.77911601386945
496.1458333333333 -25.756444277919478 -27.77902692212534
496.6458333333333 -25.755090938287594 -27.778945877094387
497.14583333333326 -25.753745609673008 -27.778862786206084
497.6458333333333 -25.752391005229658 -27.778773688280406
498.1458333333333 -25.75104770282598 -27.778690070200263
498.6458333333333 -25.749701869152524 -27.77860057514825
499.1458333333333 -25.748342743724436 -27.77851160976916
499.6458333333333 -25.746985795272636 -27.778417878938217
500.1458333333333 -25.745628087603677 -27.778322965985737
500.6458333333333 -25.74428508717617 -27.778239539462042
501.1458333333333 -25.7429367686688 -27.77814592744207
501.6458333333333 -25.741588940214477 -27.778041301873678
502.1458333333333 -25.740234470865836 -27.777955714434704
502.6458333333333 -25.738889935044252 -27.777862706522317
503.1458333333333 -25.73753467175521 -27.777754863664747
503.6458333333333 -25.7361886552544 -27.777657255867506
504.1458333333333 -25.734847479153462 -27.77755904375656
504.6458333333333 -25.733502154223856 -27.777466392386984
505.1458333333333 -25.732149951731685 -27.77736461517124
505.6458333333333 -25.730799554448566 -27.77725559188921
506.1458333333333 -25.729429769642135 -27.77715834401109
506.6458333333333 -25.72807741508756 -27.77705020546508
507.1458333333333 -25.726710587938847 -27.776938881057443
507.6458333333333 -25.725366088623968 -27.776834772375874
508.1458333333333 -25.724002609647776 -27.776726945977174
508.6458333333333 -25.722657446691684 -27.776612435458517
509.1458333333333 -25.721288410443837 -27.776504735871267
509.6458333333333 -25.719928365083668 -27.776393452163504
510.1458333333333 -25.718545552897666 -27.776276426830048
510.6458333333333 -25.7171826406614 -27.776167306463403
511.1458333333333 -25.715816865220855 -27.7760467683488
511.6458333333333 -25.7144540907247 -27.775934098380265
512.1458333333334 -25.71307311092908 -27.77581311502542
512.6458333333334 -25.71169726276253 -27.775688985946676
513.1458333333334 -25.7103210193767 -27.77556542402087
513.6458333333334 -25.70894198624338 -27.775452696897922
514.1458333333334 -25.707556436009106 -27.775329076732774
514.6458333333334 -25.706180282908374 -27.77520089283195
515.1458333333334 -25.704798471626567 -27.775075345097076
515.6458333333334 -25.703422562012882 -27.77495061870387
516.1458333333334 -25.702039700878913 -27.774820368256613
516.6458333333334 -25.70065054912313 -27.774691001689632
517.1458333333334 -25.699268111643324 -27.77455995646907
517.6458333333334 -25.697860067213778 -27.774426351656672
518.1458333333334 -25.696478461139275 -27.774298168471937
518.6458333333334 -25.695088544507527 -27.774162977589736
519.1458333333334 -25.693691413722487 -27.774024852704663
519.6458333333334 -25.6922950561949 -27.773893003294923
520.1458333333334 -25.690905958443693 -27.773752150687187
520.6458333333334 -25.689492244658716 -27.77361518770189
521.1458333333334 -25.688084064825652 -27.773472734397746
521.6458333333334 -25.68668520766858 -27.773334013306705
522.1458333333334 -25.685288541522677 -27.773190924491832
522.6458333333334 -25.683875359573676 -27.773046259232103
523.1458333333334 -25.682485827610225 -27.77290173641092
523.6458333333334 -25.681063104207364 -27.772756227660366
524.1458333333334 -25.679636263426005 -27.772607090942238
524.6458333333334 -25.678249106272904 -27.772458548282778
525.1458333333334 -25.676845876372457 -27.77231332442538
525.6458333333334 -25.675415538991345 -27.772166710118213
526.1458333333334 -25.673995588210516 -27.7720175759599
526.6458333333334 -25.672587191976053 -27.771860513423515
527.1458333333334 -25.671164762350887 -27.77170995517137
527.6458333333334 -25.66973550436874 -27.771551550604585
528.1458333333334 -25.66831832412495 -27.771394740110868
528.6458333333334 -25.666903124790466 -27.771234219770285
529.1458333333334 -25.665482703737773 -27.77107817490461
529.6458333333334 -25.66404040870853 -27.770917121009916
530.1458333333334 -25.662614749604707 -27.770759402273693
530.6458333333334 -25.66117511419258 -27.77059132875664
531.1458333333334 -25.659757672138426 -27.770435099356398
531.6458333333334 -25.65831926251753 -27.770273554852483
532.1458333333334 -25.65689499770272 -27.770112668807734
532.6458333333334 -25.655447713369153 -27.769939624823753
533.1458333333334 -25.654019271333798 -27.76977488028553
533.6458333333334 -25.652577597214304 -27.769609246697932
534.1458333333334 -25.651150238928786 -27.769433287397266
534.6458333333334 -25.64969309656017 -27.769267654245535
535.1458333333334 -25.648250026913573 -27.76909635457499
535.6458333333334 -25.646812693105424 -27.76892256947256
536.1458333333334 -25.64535721685965 -27.768752589820267
536.6458333333334 -25.643906222947017 -27.76857642905588
537.1458333333334 -25.642472842546063 -27.76840105067788
537.6458333333334 -25.64102650868222 -27.76822078218285
538.1458333333334 -25.639568067012828 -27.76804403109429
538.6458333333334 -25.63812136248433 -27.76786260631336
539.1458333333334 -25.636664085152724 -27.767686750661426
539.6458333333334 -25.635217030126523 -27.76750584039883
540.1458333333334 -25.63376633351698 -27.767322013059456
