FastTrWP/PhaseSpace/IAs/snIa_0.52_30.00_-0.18_-0.05.csv
# %ECSV 0.9
# ---
# datatype:
# - {name: time-rel, datatype: float64}
# - {name: g, datatype: float64}
# - {name: i, datatype: float64}
# schema: astropy-2.0
time-rel g i
[from data line 1772]
490.5 24.639877846560772 22.708316717327307
491.0 24.641843641620504 22.70909068135305
491.5 24.643836698080843 22.709857988974637
492.0 24.645832003821898 22.71062189983627
492.5 24.64782333069845 22.711391970500237
493.0 24.649805053536053 22.712171976408634
493.5 24.65180764431988 22.712936497455534
494.0 24.653800318290507 22.71370610504341
494.5 24.655782253412806 22.714484700247958
495.0 24.657787980127694 22.71525529673071
495.5 24.659775978803676 22.716026164282695
496.0 24.661783389941583 22.716805068314713
496.5 24.663773849704253 22.717580656435928
497.0 24.665763682397493 22.71834930961785
497.5 24.66778207915055 22.719125805535086
498.0 24.669783133520188 22.719901683123723
498.5 24.671772836129445 22.720682967002674
499.0 24.673786613220233 22.721459109772905
499.5 24.675783028273884 22.722247256405797
500.0 24.677789432891988 22.723018884890053
500.5 24.679790647716647 22.72380446298149
501.0 24.681798871773267 22.72458436776369
501.5 24.683810207931028 22.725360988021947
502.0 24.685796350068237 22.726153399952416
502.5 24.68781398510988 22.726932939292897
503.0 24.6898443641019 22.727715626047612
503.5 24.691846410142077 22.72850324647124
504.0 24.693862361558544 22.72928634650581
504.5 24.695847861281734 22.730077752946332
505.0 24.697872189373427 22.730867990054428
505.5 24.69988791102751 22.731650388845082
506.0 24.701900757858787 22.732434566532362
506.5 24.703935667232987 22.73322831219319
507.0 24.705942303194924 22.73401783886007
507.5 24.70796494272756 22.73481213994959
508.0 24.709998193048076 22.735592412050018
508.5 24.71201619984647 22.736395025556387
509.0 24.71402203131023 22.73718611071532
509.5 24.716050428924717 22.73798271477982
510.0 24.71808935107823 22.738771350976762
510.5 24.7201181348322 22.73957662636758
511.0 24.72214970117883 22.740361406826448
511.5 24.724150540176034 22.74116652392491
512.0 24.726161267815616 22.741960438201478
512.5 24.728203203779458 22.742763159147096
513.0 24.730226261545837 22.743563092118485
513.5 24.73227397864456 22.744357293477226
514.0 24.734299290317125 22.74516095900855
514.5 24.736332226628527 22.745958529473302
515.0 24.73835741705824 22.746757111708384
515.5 24.74039761073056 22.747562541463644
516.0 24.74241288783464 22.748359392519802
516.5 24.7444430055058 22.749165038446492
517.0 24.74647290286042 22.749976694673126
517.5 24.748516361262144 22.75077149441382
518.0 24.750541072573768 22.751578359785928
518.5 24.75257360795713 22.752384714423258
519.0 24.75461885107922 22.753195362814385
519.5 24.756654193797758 22.753993254708046
520.0 24.758684399287358 22.75480950965227
520.5 24.76072584101676 22.755615393846476
521.0 24.762800108041066 22.756421716687928
521.5 24.764798436437 22.757231756822517
522.0 24.766838985864123 22.758042550505696
522.5 24.76888591427913 22.758859577584065
523.0 24.77094822191311 22.759672160479663
523.5 24.77299718507411 22.76048256694924
524.0 24.77502218784688 22.761298372973457
524.5 24.77706978893608 22.76211522238143
525.0 24.77912616088839 22.762921555012177
525.5 24.781168847520178 22.76374297333444
526.0 24.78320138065805 22.764562157347648
526.5 24.785247147082178 22.76538454561194
527.0 24.78730513704702 22.766191708852737
527.5 24.78934606604957 22.76701892409894
528.0 24.791421937076194 22.767833380918916
528.5 24.793471765079463 22.768654045719696
529.0 24.795521757609265 22.769480091310534
529.5 24.797566218928587 22.77029828623717
530.0 24.79962715013812 22.77112752325211
530.5 24.801674738340374 22.77194413804786
531.0 24.80373522794919 22.772782287712545
531.5 24.80579361073486 22.77360317484232
532.0 24.807839915693286 22.774425677621156
532.5 24.809918795263734 22.77525181014223
533.0 24.811969499906805 22.776084998172415
533.5 24.81403852013878 22.776905624251086
534.0 24.816063039611088 22.777740366522426
534.5 24.81817198344011 22.778573325879584
535.0 24.820211829929857 22.77941146988244
535.5 24.82230210012014 22.780240475884636
536.0 24.82435505772869 22.78107375679431
536.5 24.8264029430712 22.781913391844355
537.0 24.828493868701504 22.782753277008748
537.5 24.830569318892415 22.7835788936404
538.0 24.83263773042864 22.784415826594145
538.5 24.834696916758322 22.785265621795713
539.0 24.836754866430102 22.786095080408558
539.5 24.838841500940344 22.78693991885341
540.0 24.84091604203008 22.78777715454413
540.5 24.84299112247267 22.788613325115882
541.0 24.845058444467107 22.7894666190066
541.5 24.847162663702424 22.790308222279158
542.0 24.849212188627533 22.791147976753294
542.5 24.851316596766324 22.79199572008741
543.0 24.853385718116044 22.792846065179866
543.5 24.855464062261294 22.793693973355452
544.0 24.85755194801289 22.794537266818832
544.5 24.859637535371814 22.79539155141609
545.0 24.86173191217551 22.796245905145632
545.5 24.86378288933039 22.797096736050282
546.0 24.865893311193656 22.797942408545374
546.5 24.868000005387515 22.798801549813447
547.0 24.870082973608053 22.799648867656423
547.5 24.872155038446696 22.80051149017511
548.0 24.874255375681166 22.80137846118077
548.5 24.876346302967317 22.802228090384347
549.0 24.878434633960097 22.803083164886424
549.5 24.880536977784477 22.803952583941303
550.0 24.88262787225414 22.80480193666158
550.5 24.884719628011624 22.805664221959198
551.0 24.886821247798135 22.80652356949605
551.5 24.888923316002327 22.80738838286796
552.0 24.89098224303376 22.80825067541572
552.5 24.89311960492327 22.809111824124642
553.0 24.895225611357823 22.809986025288808
553.5 24.89731351789154 22.81085542779792
554.0 24.89939777483486 22.811717942338255
554.5 24.901500823281065 22.812587232515966
555.0 24.903619372017598 22.813462038013274
555.5 24.905718194766536 22.814324637974135
556.0 24.907831900091363 22.81520520941017
556.5 24.90990996490561 22.816074248789985
557.0 24.91202932433627 22.816945266063723
557.5 24.91414860316809 22.81781730709372
558.0 24.91623843651903 22.81870534633355
558.5 24.918345540386227 22.81956981251366
559.0 24.920469263339406 22.820451814861315
559.5 24.922578532219624 22.82132740049132
560.0 24.924679738422448 22.822206485329946
560.5 24.92680297179865 22.823085604356784
561.0 24.92890350435229 22.82396296526268
561.5 24.931013237400443 22.824848464396204
562.0 24.93314530292278 22.82574396127061
562.5 24.935248911245026 22.826612992334823
563.0 24.937372851335805 22.82750655594246
563.5 24.939491324779134 22.82838317670079
564.0 24.941594703458648 22.829276659306913
564.5 24.943733507682595 22.830164243753572
565.0 24.945840073865845 22.831041958794195
565.5 24.947989306253927 22.831938811445426
566.0 24.950079774150385 22.832825095534623
566.5 24.952218295612347 22.83372747327931
567.0 24.95433895229541 22.83461538995936
567.5 24.956478268555195 22.835503729179266
568.0 24.95859936470257 22.836399202992553
568.5 24.960723764447437 22.837296851620966
569.0 24.96283883526597 22.838191018532754
569.5 24.96495735327061 22.839097859640805
570.0 24.967099014815048 22.83998049942928
570.5 24.969206221972655 22.84088789901873
571.0 24.97134273266019 22.84178529731754
571.5 24.97348077754104 22.84268640954931
572.0 24.97562403983482 22.843587145108334
572.5 24.97773382095933 22.844486377345262
573.0 24.979891513346587 22.84539280394644
573.5 24.98199421794226 22.84629506113234
574.0 24.984148669526263 22.84720319249559
574.5 24.986267678953155 22.848110644420515
575.0 24.98840989273303 22.84900942187131
575.5 24.990578062840708 22.849923191707514
576.0 24.992709559576035 22.850833164094595
576.5 24.994825727833327 22.851736416681028
577.0 24.996965641911032 22.852652748137793
577.5 24.999109475456514 22.853571396152155
578.0 25.001251533950594 22.85447818429799
578.5 25.003413262201853 22.855390128116756
579.0 25.005523036220577 22.8563044857427
579.5 25.007680281737635 22.857225897915804
580.0 25.00981695231564 22.858143474744324
580.5 25.011974752728435 22.85905410532642
581.0 25.014121493025097 22.859977525532834
581.5 25.016279527304203 22.860898736477413
582.0 25.018425007516036 22.8618156234738
582.5 25.020551839088007 22.862742324264538
583.0 25.022707617518137 22.863664562958697
583.5 25.02486083968443 22.864597732947093
584.0 25.027025248688794 22.865522337916026
584.5 25.029186806365416 22.866448421312487
585.0 25.031319313541594 22.86738762044574
585.5 25.033479432705565 22.868319002196706
586.0 25.035638732471565 22.86925526502751
586.5 25.03781333884838 22.87018992625387
587.0 25.039972959754348 22.871126353217825
587.5 25.04214439414429 22.872075982419958
588.0 25.04429714649415 22.87300881993581
588.5 25.04646747079412 22.873957493177922
589.0 25.04861729516002 22.8748921481844
589.5 25.050827834661508 22.875849067227485
590.0 25.05295896578638 22.876793925467453
590.5 25.05511932338485 22.877740402137213
591.0 25.05729958310292 22.878691045025693
591.5 25.05948185048439 22.879641677988374
592.0 25.06164475238874 22.880588728114304
592.5 25.063826304773038 22.88155346105973
593.0 25.06597899879013 22.882501000838793
593.5 25.06815183523383 22.883458845323347
594.0 25.07030530281856 22.88441689614173
594.5 25.0724953448951 22.885377782439576
595.0 25.074672138815025 22.886332121889737
595.5 25.076865206434462 22.8872973460331
596.0 25.07904203656047 22.888251813185548
596.5 25.08119082559101 22.889214818409997
597.0 25.08338308330311 22.890180588298374
597.5 25.08557384847174 22.89114249447373
598.0 25.087758961880628 22.892106738145284
598.5 25.089933266849265 22.89306269407455
599.0 25.09209693458034 22.894033795412344
599.5 25.09427721783943 22.89499170825559
600.0 25.096454069521037 22.895959465362857
600.5 25.098637854403847 22.896932928709806
601.0 25.10082546503165 22.897894355358645
601.5 25.103004907749856 22.898864827971806
602.0 25.10518823450851 22.899831155282428
602.5 25.107357572602016 22.900801985245725
603.0 25.109519752428806 22.90177267148204
603.5 25.1117172256475 22.90273710431373
604.0 25.113891364734947 22.903707781251896
604.5 25.116063607804474 22.904674600483737
605.0 25.118254277503205 22.905649777698038
605.5 25.120442639049905 22.906619188205177
606.0 25.12260674930281 22.907579590815352
606.5 25.12479029276562 22.908548577898294
607.0 25.12694882381497 22.909522319015736
607.5 25.129124881221017 22.91049156749856
608.0 25.131327277081038 22.91145842167078
608.5 25.13349397250191 22.912433591172032
609.0 25.135657957756298 22.913396904708193
609.5 25.137834947461407 22.91437378572533
610.0 25.14001408156531 22.915342082713238
610.5 25.142184056031468 22.916312943173033
611.0 25.14432881673168 22.91727361733118
611.5 25.146515553633115 22.91824784006335
612.0 25.14867909589483 22.91921459884549
612.5 25.150863580820598 22.920173881320764
613.0 25.153039007296655 22.921142418217077
613.5 25.155203272301083 22.922105146289233
614.0 25.157362786210477 22.923077295253286
614.5 25.159524564311493 22.92404358528004
615.0 25.16169301590263 22.925002993512408
615.5 25.16385396686767 22.925963018788448
616.0 25.16603118706938 22.926925170594057
616.5 25.168175171518442 22.927888821281663
617.0 25.17033728771331 22.928848859324425
617.5 25.1724829968987 22.929802620123176
618.0 25.174659390185617 22.930762925016637
618.5 25.176791881351605 22.931721279874864
619.0 25.17897689823696 22.93268584044082
619.5 25.18110193054559 22.933639520223096
620.0 25.18326805190756 22.934603183473282
620.5 25.185435844870184 22.93555710965341
621.0 25.18756951568895 22.936522873831535
621.5 25.189725922598015 22.937480895606683
622.0 25.191863143325918 22.938443132989722
622.5 25.194000878648993 22.939405705470968
623.0 25.196185979197764 22.94035877978755
623.5 25.19834259186386 22.94132199121446
624.0 25.20046217146968 22.94228802192007
624.5 25.202604554428444 22.943255395556417
625.0 25.20477995943667 22.944214636393852
625.5 25.20691444029397 22.945179200148797
626.0 25.209069265381203 22.94613473499392
626.5 25.211194603426044 22.947093617029143
627.0 25.213346464078544 22.948044624398406
627.5 25.215499958918883 22.94901768752641
628.0 25.21763517413277 22.949979926144906
628.5 25.21980586018117 22.950948218442086
629.0 25.221935897245295 22.95190225170009
629.5 25.224076441331903 22.952869660205558
630.0 25.22621025159076 22.953823183252165
630.5 25.22833648005765 22.954784179636857
631.0 25.230478525202592 22.955752877398048
631.5 25.232624839357264 22.95671494745333
632.0 25.234785881337288 22.957680401120307
632.5 25.236910114999198 22.958636614095127
633.0 25.23905013278012 22.959600607705365
633.5 25.241174437031116 22.960553488990275
634.0 25.24330881708473 22.961519940061756
634.5 25.245436148454104 22.96248261911575
635.0 25.24754989792331 22.9634462135161
635.5 25.2496944226827 22.964411098298484
636.0 25.251812207738205 22.965368887478
636.5 25.253934955824633 22.966324611429386
637.0 25.256059097377683 22.96728813588163
637.5 25.258197361841223 22.968250436607406
638.0 25.2603035426106 22.96920726008617
638.5 25.262420823794596 22.970176504581957
639.0 25.264558829844617 22.971140013972374
639.5 25.266670448579273 22.972097900872956
640.0 25.268779787064652 22.973060081147786
640.5 25.270866413572136 22.974007388989
641.0 25.27300258601876 22.974978034381493
641.5 25.275113789569343 22.975934069525298
642.0 25.277216014874114 22.97689756023155
642.5 25.27932659725312 22.977855808185183
643.0 25.28143613519088 22.97881907738362
643.5 25.28352436193292 22.97977297529065
644.0 25.285623077814932 22.980730902075422
644.5 25.287732562116055 22.981693911624035
645.0 25.289839966262157 22.98264798217901
645.5 25.291928509169253 22.98361033385534
646.0 25.293997607757372 22.98456140608385
646.5 25.296105609519618 22.985525935848425
647.0 25.298197063635996 22.986478100556006
647.5 25.30030375101773 22.987436793629207
648.0 25.302347031029896 22.988395315813793
648.5 25.30445494708718 22.989348801212742
649.0 25.306535466014125 22.990304743975916
649.5 25.308600287430444 22.991259721274805
650.0 25.310670369028593 22.992212038863443
650.5 25.312766689274973 22.99316708865494
651.0 25.31483411363888 22.994119165914366
651.5 25.316880173617786 22.995075008140027
652.0 25.318964371761684 22.996035744143505
652.5 25.320990179961793 22.996986689337092
653.0 25.323077117912224 22.997934143812955
653.5 25.32512361365903 22.99888831129468
654.0 25.327184598834542 22.999836674104927
654.5 25.32924625386122 23.000794697339284
655.0 25.331308871964453 23.00174170988133
655.5 25.3333458222219 23.00269185237039
656.0 25.33539904246109 23.003646964075244
656.5 25.337437375913318 23.00458747276457
657.0 25.339460778532363 23.00553411566538
657.5 25.341495803222024 23.006493491688985
658.0 25.34356332500163 23.007449886449287
658.5 25.345600146624303 23.008396189646476
659.0 25.347616794044598 23.00934300866718
659.5 25.34966000483469 23.01028997002142
660.0 25.351683350296423 23.011244954437974
660.5 25.353707205159974 23.012190332689233
661.0 25.35574142292621 23.013132830752106
661.5 25.357752379741825 23.014088127299516
662.0 25.359800125350063 23.01504013971021
662.5 25.361780610719045 23.015982251754505
663.0 25.363808685557633 23.0169251865725
663.5 25.365826773443114 23.017873566701113
664.0 25.367821189337928 23.01882172419891
664.5 25.36984614817743 23.01977372886749
665.0 25.37184245078274 23.020713045704895
665.5 25.37385932848907 23.021661035718665
666.0 25.37585617954743 23.022599677713693
666.5 25.377858598156728 23.023555605913323
667.0 25.37983844987345 23.02450138415817
667.5 25.381849208232182 23.02544975434055
668.0 25.383836808516588 23.02639212220226
668.5 25.38583146140825 23.02733020811912
669.0 25.38780098535306 23.028268379287535
669.5 25.38977426039613 23.029223500836558
670.0 25.391753471479266 23.030160566998866
670.5 25.393731747732822 23.03110732409428
671.0 25.39568247449698 23.032050909603484
671.5 25.397670592577896 23.032986676866287
672.0 25.399642602323325 23.03393737283608
672.5 25.401591548592922 23.0348813454587
673.0 25.403535153031903 23.035815098030454
673.5 25.405509189241148 23.036764564675394
674.0 25.407453404128585 23.037696338193044
674.5 25.409395546689176 23.038643588028368
