FastTrWP/PhaseSpace/IAs/snIa_0.61_30.00_0.68_-0.08.csv
# %ECSV 0.9
# ---
# datatype:
# - {name: time-rel, datatype: float64}
# - {name: g, datatype: float64}
# - {name: i, datatype: float64}
# schema: astropy-2.0
time-rel g i
-470.5 26.99857319328317 25.607343236730276
-470.0 26.98795288915835 25.59736948859775
-469.5 26.977277577988396 25.587316659405502
-469.0 26.966631330475565 25.577206681660513
-468.5 26.955905410105597 25.567157085167832
-468.0 26.945107689195446 25.55703319058813
-467.5 26.93436565725797 25.54686821927511
-467.0 26.923539784484618 25.53673486787951
-466.5 26.912747605381902 25.526639221406096
-466.0 26.901984005442316 25.516492226136556
-465.5 26.891217668727847 25.506330688891367
-465.0 26.880445317853837 25.496175620610583
-464.5 26.869622326793902 25.486053233875673
-464.0 26.858847262415463 25.475930802740553
-463.5 26.84808845242702 25.465816384511477
-463.0 26.837341441526515 25.455677199737487
-462.5 26.826589346418114 25.445587233450354
-462.0 26.815915119246245 25.43552202095797
-461.5 26.80511087480681 25.425456562374226
-461.0 26.794410216218047 25.415388754982537
-460.5 26.783760546209834 25.40531959506568
-460.0 26.773058134885584 25.395296617857973
-459.5 26.7624179059392 25.385284196795844
-459.0 26.751789563598617 25.375303068241628
-458.5 26.741192985206506 25.365347342668997
-458.0 26.73061403003721 25.35534687610616
-457.5 26.720009494546865 25.345433341618886
-457.0 26.709484471438945 25.335516511220195
-456.5 26.698968761694616 25.325592346766456
-456.0 26.688395638435086 25.31573506548103
-455.5 26.677942080665673 25.305884300076478
-455.0 26.667504370402636 25.296088017353608
-454.5 26.65715819259617 25.286283147340885
-454.0 26.646674534766607 25.276498182032284
-453.5 26.636390284096272 25.26676917214384
-453.0 26.6260512089772 25.257066818200506
-452.5 26.61575433779117 25.247390042985003
-452.0 26.60553519955328 25.23771084067235
-451.5 26.595277562178513 25.228083710441243
-451.0 26.58512232750168 25.218488737149247
-450.5 26.574985984472782 25.20890880418456
-450.0 26.56478917435246 25.19936467867992
-449.5 26.55473766591239 25.18989399734823
-449.0 26.544701523111392 25.180391702211153
-448.5 26.534690144213258 25.170965320536737
-448.0 26.524733080362182 25.161541842033877
-447.5 26.514752388370006 25.152170426041238
-447.0 26.50485218136913 25.142831220142632
-446.5 26.494978544863134 25.133523160947952
-446.0 26.485163505973706 25.12421623533799
-445.5 26.475404978010637 25.11498995985672
-445.0 26.46563943018894 25.105775029674046
-444.5 26.455861806926674 25.096616739927672
-444.0 26.44620814379303 25.087459329554225
-443.5 26.436589563447868 25.078358040294354
-443.0 26.427008423435225 25.06929469104857
-442.5 26.417434470356763 25.060267403148476
-442.0 26.40790745260214 25.05125572647636
-441.5 26.398436515209976 25.04231497548259
-441.0 26.388997932703184 25.033414658105503
-440.5 26.379566166733746 25.024495055869956
-440.0 26.370241272349524 25.0156494323118
-439.5 26.36095245327999 25.006851093086734
-439.0 26.35166209397111 24.998044641932935
-438.5 26.342461217760068 24.98930307297845
-438.0 26.333270460249572 24.980625408466608
-437.5 26.32406862306341 24.971944081276007
-437.0 26.314947356873812 24.96332217841101
-436.5 26.305914255480126 24.95474048824569
-436.0 26.296900200475093 24.946187626338784
-435.5 26.287892168655137 24.93766716871992
-435.0 26.278977149903064 24.92916099282468
-434.5 26.270053918996986 24.920738765739276
-434.0 26.261222181918797 24.91232998446085
-433.5 26.252378129750724 24.90398424096189
-433.0 26.243636343915064 24.89565284019214
-432.5 26.234901570796477 24.88735550381039
-432.0 26.22617710374273 24.879104394354677
-431.5 26.217577172909646 24.87090087219285
-431.0 26.20893387828663 24.86271886964986
-430.5 26.20037160711839 24.85458697790581
-430.0 26.19184724021579 24.846483955995843
-429.5 26.183362104185495 24.838414251066304
-429.0 26.174897619580197 24.83039230901007
-428.5 26.166486146253277 24.82237449864083
-428.0 26.15807362033842 24.8143771680129
-427.5 26.149696950187987 24.806404708714503
-427.0 26.141338040519955 24.798468143537825
-426.5 26.13303231769441 24.79053380936214
-426.0 26.124685403522122 24.782610876468404
-425.5 26.116391768708816 24.774736310527974
-425.0 26.108140524417877 24.766854094416253
-424.5 26.099876447872397 24.75903619673904
-424.0 26.09169074861725 24.7512097861173
-423.5 26.08348344013343 24.743427776286442
-423.0 26.075324024125056 24.735642329699484
-422.5 26.067195951453712 24.727906186176
-422.0 26.059106793564617 24.72016925616996
-421.5 26.05099199280029 24.712478201571876
-421.0 26.04295183217698 24.70481620621271
-420.5 26.034896876714363 24.697148148648807
-420.0 26.026938652713515 24.689499782535094
-419.5 26.018935034938117 24.68190458714779
-419.0 26.01094694759564 24.674327498150426
-418.5 26.003071552396406 24.66676514628062
-418.0 25.995139943164883 24.659252097325684
-417.5 25.987278789769338 24.65174162447914
-417.0 25.979412932790616 24.64426490239739
-416.5 25.97159635061905 24.6367919667441
-416.0 25.963813857818124 24.62937159836403
-415.5 25.956032236522333 24.621953072221405
-415.0 25.948305680903673 24.614568792015177
-414.5 25.940605386129597 24.607216612583027
-414.0 25.932923225596728 24.599875033674124
-413.5 25.92526992648188 24.59258899665818
-413.0 25.9176544449408 24.58529894581283
-412.5 25.91005464068803 24.578039824796626
-412.0 25.902494942826088 24.570800838587353
-411.5 25.894952300609 24.56360957766053
-411.0 25.88742567404826 24.556409776582903
-410.5 25.879937173566073 24.549251791894065
-410.0 25.872492384583428 24.542127482632942
-409.5 25.865014133058217 24.535028810608097
-409.0 25.85764589896654 24.52794534570968
-408.5 25.85025902444729 24.52088485657122
-408.0 25.84293274701883 24.51385838354435
-407.5 25.835612422118288 24.506870494615683
-407.0 25.828279897600048 24.49989422406952
-406.5 25.821046785447503 24.492932474036373
-406.0 25.81382223073685 24.486024175964275
-405.5 25.806599402921645 24.47912531706226
-405.0 25.799405114814604 24.472241234172053
-404.5 25.79227421544588 24.465402804065704
-404.0 25.785141921202403 24.458577109430916
-403.5 25.778082669039108 24.451785047002446
-403.0 25.770984839291437 24.445017512056445
-402.5 25.76395146603238 24.43826252356294
-402.0 25.75692371955826 24.431550945062472
-401.5 25.74994734381809 24.424868903564857
-401.0 25.7429918411271 24.41818900204033
-400.5 25.736052769298645 24.41156071078536
-400.0 25.729179552493903 24.4049428884113
-399.5 25.72232036942782 24.398339851979536
-399.0 25.715440660627138 24.39177950886817
-398.5 25.708628939806605 24.38523675109909
-398.0 25.701824314734832 24.378716362499482
-397.5 25.69509630005889 24.37224112481625
-397.0 25.68832111624536 24.36578174600047
-396.5 25.681616145241893 24.359332962665494
-396.0 25.67495543848755 24.35292610621819
-395.5 25.66834245688224 24.346539470958582
-395.0 25.66169890264584 24.340169870586212
-394.5 25.65509067509239 24.33383385712184
-394.0 25.64853036950012 24.32752800908134
-393.5 25.641990235566645 24.321246529714024
-393.0 25.635463950748886 24.314995586436865
-392.5 25.62897742373014 24.308767516412765
-392.0 25.62253688970609 24.302541052853957
-391.5 25.616061731300647 24.29635508359382
-391.0 25.609700531479174 24.290203491464815
-390.5 25.60328279761724 24.284064135505222
-390.0 25.596953189069996 24.27794005495175
-389.5 25.590623849095305 24.2718373734252
-389.0 25.584305962149752 24.265733089868853
-388.5 25.578006558961306 24.259639475721727
-388.0 25.571735986392973 24.25356581367442
-387.5 25.56546874348406 24.247506251349364
-387.0 25.559246459872007 24.241461669575575
-386.5 25.55303670195991 24.23542889958871
-386.0 25.546868333055915 24.22942562899497
-385.5 25.540661858930157 24.223430315422224
-385.0 25.53450800060115 24.217448191846675
-384.5 25.528388047786258 24.211479355608915
-384.0 25.522265469125255 24.205544499215485
-383.5 25.516216689813117 24.19959275631819
-383.0 25.510154289244884 24.1936663497564
-382.5 25.50405655509038 24.187765145101437
-382.0 25.498018294576777 24.181886644777947
-381.5 25.492020858410257 24.176009387315535
-381.0 25.48601482853144 24.170148681631275
-380.5 25.480029326078366 24.16433444959911
-380.0 25.474066661633405 24.158506348212597
-379.5 25.4681481734655 24.152700746555674
-379.0 25.462228400577494 24.146927235391846
-378.5 25.456310100836305 24.141162843042338
-378.0 25.450445255577115 24.135398330510963
-377.5 25.44457454326908 24.129680007013484
-377.0 25.438718015679548 24.12396361194279
-376.5 25.432909696478127 24.118294114159916
-376.0 25.427093545583244 24.11259957769608
-375.5 25.421302520114615 24.10694427875565
-375.0 25.415545708714426 24.101306093463446
-374.5 25.409743176876546 24.095677498980706
-374.0 25.4040271018684 24.090064070773973
-373.5 25.39831104118935 24.0844890115713
-373.0 25.39260839663507 24.078920563357926
-372.5 25.38691020128407 24.07337809061413
-372.0 25.381259607533153 24.067861646594547
-371.5 25.375601180783327 24.062361332065475
-371.0 25.369949465566904 24.056857251211184
-370.5 25.36435370350326 24.051387779561992
-370.0 25.358723039186057 24.045938336694203
-369.5 25.3531369514321 24.040503921703028
-369.0 25.347589428463134 24.035109702443307
-368.5 25.34199254863243 24.029704595432428
-368.0 25.33647934118456 24.024342768086964
-367.5 25.33096344046436 24.01899389026086
-367.0 25.325467914843117 24.013676822478175
-366.5 25.319946430107223 24.00835481522426
-366.0 25.31445986124696 24.003059804328085
-365.5 25.309022882809504 23.99778829150037
-365.0 25.303579035967708 23.99252492934948
-364.5 25.298119182471904 23.987303647077788
-364.0 25.2927287862139 23.982094107754605
-363.5 25.287332253600596 23.97687820772774
-363.0 25.28195634133153 23.971732729373905
-362.5 25.276578389506135 23.96658331664622
-362.0 25.27121184135062 23.961447166881165
-361.5 25.26588993731877 23.956343412497702
-361.0 25.260560897325295 23.95125736806942
-360.5 25.25526863827936 23.94617905144052
-360.0 25.249970649140398 23.941146146176365
-359.5 25.244696311204105 23.936107955835325
-359.0 25.239408222842904 23.931106095070774
-358.5 25.23415984272368 23.926120460123382
-358.0 25.22894524252978 23.921158538632948
-357.5 25.2237022972081 23.916213468282912
-357.0 25.218475883451884 23.911290698903613
-356.5 25.213296323856422 23.906397397801072
-356.0 25.20811204487229 23.901509548856033
-355.5 25.20295080704414 23.89664741559082
-355.0 25.19779118892336 23.89180384929835
-354.5 25.192630993031926 23.88698369429809
-354.0 25.18752313391865 23.88218875701153
-353.5 25.182405568923826 23.877390889464202
-353.0 25.17731825555805 23.872652991588417
-352.5 25.17222409656709 23.867920342926546
-352.0 25.16716795708868 23.86319242466397
-351.5 25.16210323923073 23.858499338828846
-351.0 25.157075392877992 23.853794559524786
-350.5 25.152026093794873 23.849124049233538
-350.0 25.14700442783733 23.84444604237782
-349.5 25.14200892055744 23.83978229854085
-349.0 25.137013761154357 23.835140734042703
-348.5 25.132038486962315 23.830488653659422
-348.0 25.127107958158213 23.82588370916171
-347.5 25.122159390686527 23.82126596349625
-347.0 25.117237387549768 23.81665330236312
-346.5 25.112303238408998 23.812084782337244
-346.0 25.107392095343496 23.807497795184368
-345.5 25.10252508945257 23.8029430416003
-345.0 25.09763417184113 23.79838972464568
-344.5 25.092763925354546 23.79386892537955
-344.0 25.087924031014722 23.78933094328243
-343.5 25.083068280127648 23.784818596036963
-343.0 25.07825104241762 23.780321844840728
-342.5 25.073424630210404 23.7758427204022
-342.0 25.06863525855211 23.771362124139706
-341.5 25.063832735700906 23.766909050733645
-341.0 25.05904737432796 23.762459068188683
-340.5 25.05430786461206 23.758035420683342
-340.0 25.049515398627392 23.75362597878672
-339.5 25.044772312756937 23.74921422203064
-339.0 25.040034911713928 23.744821733878783
-338.5 25.03534554024233 23.740440308008388
-338.0 25.030619202929294 23.73608134023925
-337.5 25.02590612206417 23.731733029735626
-337.0 25.02123821859665 23.72738325271162
-336.5 25.01653963396997 23.723087350129298
-336.0 25.011877550026476 23.71876956040849
-335.5 25.007236461401913 23.714472815151687
-335.0 25.002578563309235 23.710197869804354
-334.5 24.997936676246503 23.705936460990596
-334.0 24.993321027577828 23.701672352906403
-333.5 24.98868796020834 23.697446314865324
-333.0 24.984098590368916 23.69322273498173
-332.5 24.979490847216614 23.689007085025935
-332.0 24.974904515550666 23.684823855637983
-331.5 24.97034667962915 23.68064379079535
-331.0 24.965765257790768 23.676472282809083
-330.5 24.96119756863856 23.672335658841956
-330.0 24.956669376165692 23.668198520573966
-329.5 24.952134979883933 23.664070913779295
-329.0 24.947602636678518 23.659970817852134
-328.5 24.94307945345821 23.65586743240118
-328.0 24.938566666025856 23.651788975390144
-327.5 24.93405197242921 23.647732706803282
-327.0 24.929569900223882 23.643692441820995
-326.5 24.92509569839449 23.639653573532197
-326.0 24.920613365568013 23.635637109861104
-325.5 24.916144754406844 23.631633878484827
-325.0 24.911691510687245 23.62765517127734
-324.5 24.90722070568747 23.62369088972951
-324.0 24.90281217685589 23.619710668536435
-323.5 24.898370441400097 23.615786900385153
-323.0 24.893932999696062 23.611838819900047
-322.5 24.8895182328166 23.60794652462411
-322.0 24.885132722525427 23.604043764880636
-321.5 24.880712972275663 23.60015562229877
-321.0 24.87634505957626 23.596299080088194
-320.5 24.8719562346931 23.592446439426578
-320.0 24.867584627381728 23.588604676268957
-319.5 24.863223254536088 23.584796583573365
-319.0 24.85886092943155 23.580990895152706
-318.5 24.854495245914222 23.57719764195152
-318.0 24.85014010133122 23.573429414253695
-317.5 24.84581822548588 23.569666162154853
-317.0 24.841481781751675 23.56591528240814
-316.5 24.83715678606821 23.562196537414124
-316.0 24.83283494091333 23.558488092603916
-315.5 24.82851284203562 23.554781753605507
-315.0 24.824242859244954 23.551100113901697
-314.5 24.81993359943454 23.547436850040985
-314.0 24.815650808228146 23.54379491673242
-313.5 24.811374080104784 23.540159750576066
-313.0 24.807104390580225 23.536543392776363
-312.5 24.80283564101478 23.532931476297854
-312.0 24.79858290484124 23.529334915223497
-311.5 24.79435142005487 23.525744281257616
-311.0 24.790114666190487 23.522167782971728
-310.5 24.785873721832665 23.518608041861214
-310.0 24.781632297351123 23.515069684159798
-309.5 24.777446290335575 23.511531259533047
-309.0 24.773244825244106 23.508007622132748
-308.5 24.769038525395683 23.504498658499134
-308.0 24.76484489166683 23.50100239404199
-307.5 24.760668070076484 23.497520014617173
-307.0 24.756503441718888 23.494035175692186
-306.5 24.752327457264425 23.49057191726283
-306.0 24.74818066631237 23.487128335785048
-305.5 24.744042352169906 23.48367671287507
-305.0 24.73988876275838 23.480245099526726
-304.5 24.735745013615396 23.476830311369167
-304.0 24.73162591775978 23.473411328763056
-303.5 24.727515515746653 23.47002301186624
-303.0 24.723399030310894 23.466643468930567
-302.5 24.719306227370804 23.463272392672756
-302.0 24.7151935095619 23.459891937363334
-301.5 24.711115358211295 23.45653326670291
-301.0 24.707050959779984 23.45319481860592
-300.5 24.702967018318933 23.449851950134025
-300.0 24.69890530817356 23.44652917470315
-299.5 24.69485552109166 23.443213261863068
-299.0 24.690807218324203 23.439917190446934
-298.5 24.686743677843353 23.436614064020226
-298.0 24.682712630980582 23.433328360603376
-297.5 24.678691084696407 23.430064081140376
-297.0 24.67466633909887 23.42679243187409
-296.5 24.67064388541266 23.423537638312716
-296.0 24.666632738551677 23.420280960813887
-295.5 24.662637419065007 23.417054131822
-295.0 24.65864207038957 23.413813367599857
-294.5 24.65464577982603 23.410609270063453
-294.0 24.65068503524151 23.40738711401652
-293.5 24.646701970295098 23.404192742441854
-293.0 24.642735046117302 23.400993402365465
-292.5 24.638772338645563 23.397815237933855
-292.0 24.634818921690787 23.394633883106266
-291.5 24.63088192949282 23.391475684125346
-291.0 24.6269340345399 23.38832229152885
-290.5 24.623020007939147 23.38517048678964
-290.0 24.619083720769463 23.382027658054923
