FastTrWP/PhaseSpace/IAs/snIa_0.52_30.00_1.00_0.01.csv
# %ECSV 0.9
# ---
# datatype:
# - {name: time-rel, datatype: float64}
# - {name: g, datatype: float64}
# - {name: i, datatype: float64}
# schema: astropy-2.0
time-rel g i
[from data line 863]
561.4166666666666 23.29050426767596 22.447136605005
561.9166666666666 23.29062339966171 22.446671013049603
562.4166666666666 23.29074856889879 22.446213752398783
562.9166666666666 23.290858318093036 22.445758190217944
563.4166666666666 23.290994353081693 22.44530554939228
563.9166666666666 23.29113672132359 22.44485870797242
564.4166666666666 23.291281512524908 22.444409445918346
564.9166666666666 23.29143451074571 22.44396657033353
565.4166666666666 23.291580649511946 22.443519755251977
565.9166666666666 23.291744611845473 22.443084004015333
566.4166666666666 23.2919066985737 22.44263748678584
566.9166666666666 23.29207205153562 22.442205968136093
567.4166666666666 23.29224862943008 22.441773996749262
567.9166666666666 23.292429813701606 22.44134320003013
568.4166666666666 23.292612767970727 22.44092035976529
568.9166666666666 23.292802053892885 22.4404885434352
569.4166666666666 23.292997633389938 22.440065659353333
569.9166666666666 23.293186608398877 22.43963865205556
570.4166666666666 23.293393903499336 22.439221303976566
570.9166666666666 23.29358553402775 22.4387971127437
571.4166666666666 23.29380423104989 22.438390297724403
571.9166666666666 23.294017099897893 22.437964435975665
572.4166666666666 23.29422854284322 22.43755432516061
572.9166666666666 23.294445809751494 22.437141945605745
573.4166666666666 23.29467208965397 22.436734277138562
573.9166666666666 23.29489792356197 22.43632235445417
574.4166666666666 23.295119867476977 22.435911090549286
574.9166666666666 23.295356177891215 22.43550988818082
575.4166666666666 23.295595826519353 22.435106275703525
575.9166666666666 23.295828468841734 22.434703087799193
576.4166666666666 23.296066910475275 22.434296745023143
576.9166666666666 23.296305722783906 22.43389458275135
577.4166666666666 23.29655299394335 22.433491420638767
577.9166666666666 23.296806226607636 22.433087034593417
578.4166666666666 23.297049804526125 22.432693848968274
578.9166666666666 23.297312200017913 22.432289081966772
579.4166666666666 23.297541969139598 22.431895428089845
579.9166666666666 23.297807119112054 22.43149704742872
580.4166666666666 23.298064153277895 22.431105398788635
580.9166666666666 23.29831418654811 22.430708893921132
581.4166666666666 23.298581343709074 22.43031776876347
581.9166666666666 23.29883411400775 22.42992173945386
582.4166666666666 23.299100394908564 22.429528745567726
582.9166666666666 23.29936908468276 22.42913291682064
583.4166666666666 23.299626298138044 22.428743976792234
583.9166666666666 23.299892169248054 22.428350474710136
584.4166666666666 23.300154278285973 22.42796089748633
584.9166666666666 23.300413808413623 22.42756548047217
585.4166666666666 23.300687440280274 22.4271745257758
585.9166666666666 23.300947495921772 22.42677843895635
586.4166666666666 23.301213453676553 22.426391696627846
586.9166666666666 23.301472791372117 22.4260005520238
587.4166666666666 23.30175583912446 22.425609927968658
587.9166666666666 23.30201861069486 22.425213429777667
588.4166666666666 23.302282891433425 22.42482424944187
588.9166666666666 23.302572374386994 22.424438710755336
589.4166666666666 23.30285494027393 22.424055851052273
589.9166666666666 23.303134687839847 22.423668752261328
590.4166666666666 23.30341836019187 22.423284175683676
590.9166666666666 23.303710894432562 22.42290562868128
591.4166666666666 23.303991415090067 22.422525297851887
591.9166666666666 23.304287876699263 22.42213996797856
592.4166666666666 23.304590741905958 22.421764202552758
592.9166666666666 23.304891043184128 22.421381359190114
593.4166666666666 23.305193002220005 22.421006210385247
593.9166666666666 23.30550540785928 22.420630782526885
594.4166666666666 23.305814048141436 22.420255407237857
594.9166666666666 23.30611795689442 22.41988824491187
595.4166666666666 23.30643558808591 22.419518872590892
595.9166666666666 23.30675016297722 22.419150947354293
596.4166666666666 23.307066062265402 22.418783062954507
596.9166666666666 23.307394290618184 22.418406108919285
597.4166666666666 23.307724542508666 22.41804419479228
597.9166666666666 23.308048858491404 22.41767835016882
598.4166666666666 23.308390446872433 22.417317656806688
598.9166666666666 23.308724727918086 22.4169493431547
599.4166666666666 23.309065841531222 22.416595577041697
599.9166666666666 23.30941020899493 22.416235233694
600.4166666666666 23.309740115088125 22.41587171100974
600.9166666666666 23.3100913148434 22.415514623477026
601.4166666666666 23.310446168107912 22.415156460646664
601.9166666666666 23.31080892863296 22.4148047834332
602.4166666666666 23.311165591022778 22.414455213761375
602.9166666666666 23.31153011739355 22.414102454837064
603.4166666666666 23.31188976741169 22.41375315020996
603.9166666666666 23.312253999898992 22.41340648370912
604.4166666666666 23.312627752620784 22.41305547292658
604.9166666666666 23.312991959903705 22.412709004175962
605.4166666666666 23.313369471325398 22.412357625512335
605.9166666666666 23.313744773032134 22.41201621873996
606.4166666666666 23.314136131427787 22.411671388063574
606.9166666666666 23.314522346339736 22.41133181596629
607.4166666666666 23.314910845452307 22.410991593205097
607.9166666666666 23.315302662340276 22.410658029405045
608.4166666666666 23.315699492899114 22.41030992186896
608.9166666666666 23.316089071474842 22.409979428006267
609.4166666666666 23.31650649478349 22.409647892703177
609.9166666666666 23.31690377243511 22.40931192549485
610.4166666666666 23.317313995539823 22.40898737262843
610.9166666666666 23.31772667193174 22.408652779254915
611.4166666666666 23.318144460481783 22.40832225543292
611.9166666666666 23.318564853693694 22.407986032094346
612.4166666666666 23.318979449170154 22.407665945948956
612.9166666666666 23.319408386121587 22.407340037416756
613.4166666666666 23.31983872213629 22.407017423272116
613.9166666666666 23.320269505534664 22.406698951912645
614.4166666666666 23.32069636063082 22.406373054228954
614.9166666666666 23.321147646884626 22.406051748284362
615.4166666666666 23.321577708157694 22.405737159867776
615.9166666666666 23.322019027171045 22.40542837478159
616.4166666666666 23.322475548850758 22.405111790625476
616.9166666666666 23.322926570927734 22.40479365299557
617.4166666666666 23.32338102492967 22.40449033744983
617.9166666666666 23.323841627236387 22.404172103267417
618.4166666666666 23.324301909742697 22.403862998751563
618.9166666666666 23.32476461567698 22.403555561290048
619.4166666666666 23.32524266661551 22.403244773095928
619.9166666666666 23.32571221770353 22.40294789927099
620.4166666666666 23.32618988982061 22.402639869428732
620.9166666666666 23.326666262544453 22.402345774781352
621.4166666666666 23.327153242278733 22.40203978600311
621.9166666666666 23.32763442226737 22.40174512211576
622.4166666666666 23.32812045920282 22.401448005960084
622.9166666666666 23.32862579645898 22.401147906086393
623.4166666666666 23.32912424832831 22.40085205447217
623.9166666666666 23.32961659628275 22.40056454994256
624.4166666666666 23.33012704884698 22.400269753472397
624.9166666666666 23.330630418702984 22.399979237951268
625.4166666666666 23.331139248096076 22.39969135567
625.9166666666666 23.33165363621344 22.399403328612454
626.4166666666666 23.33217475898541 22.399117115293976
626.9166666666666 23.332694195354144 22.39883120976398
627.4166666666666 23.333219716874357 22.398552038200922
627.9166666666666 23.33374379896656 22.39826693145375
628.4166666666666 23.334284336497277 22.397981106073917
628.9166666666666 23.334817927866904 22.397697226848948
629.4166666666666 23.335348158032726 22.397424997644645
629.9166666666666 23.335894665198424 22.397137443889072
630.4166666666666 23.33643693529416 22.39686654837318
630.9166666666666 23.336991152210654 22.396597487014628
631.4166666666666 23.337539675062168 22.39631935902561
631.9166666666666 23.338093876011378 22.396046044684876
632.4166666666666 23.33864038094401 22.395771312940287
632.9166666666666 23.339209884869767 22.395500317399208
633.4166666666666 23.339778937402723 22.39523731711579
633.9166666666666 23.340347596187474 22.3949701738674
634.4166666666666 23.340922418614788 22.3946936316716
634.9166666666666 23.341492224368167 22.394442123315812
635.4166666666666 23.342072709482288 22.394180005727122
635.9166666666666 23.342641613938614 22.393912480616724
636.4166666666666 23.343249636479868 22.393645530775636
636.9166666666666 23.343827955730042 22.39339561128422
637.4166666666666 23.344422990620785 22.393132820052916
637.9166666666666 23.345022348197112 22.392878534952857
638.4166666666666 23.345622192855373 22.39262370013547
638.9166666666666 23.346226201027115 22.39236562492504
639.4166666666666 23.346828609923914 22.39211857778207
639.9166666666666 23.347450724352704 22.391863276015023
640.4166666666666 23.348059515339337 22.391607360142558
640.9166666666666 23.348682133247895 22.391361910470398
641.4166666666666 23.34929496077608 22.391116385208925
641.9166666666666 23.34992318256933 22.390876239887124
642.4166666666666 23.350557157888893 22.390627511757085
642.9166666666666 23.351191301625068 22.390387293008864
643.4166666666666 23.351823488700898 22.390145343530317
643.9166666666666 23.352470320296238 22.389908118943154
644.4166666666666 23.353103661701304 22.389675194483843
644.9166666666666 23.353767526438645 22.389428934775356
645.4166666666666 23.354407070553883 22.389196316385572
645.9166666666666 23.355059886575333 22.38896355940831
646.4166666666666 23.35572075311758 22.388727188550746
646.9166666666666 23.356389621941712 22.388492439169042
647.4166666666666 23.357056004213575 22.38826131234942
647.9166666666666 23.357719054447745 22.38803422559154
648.4166666666666 23.358393918549094 22.387808881544778
648.9166666666666 23.35906414578932 22.387585440434904
649.4166666666666 23.35975261051584 22.387357636713944
649.9166666666666 23.360437928140783 22.38714196176005
650.4166666666666 23.361129147454065 22.38691309895316
650.9166666666666 23.361820304370532 22.386695597260182
651.4166666666666 23.36252871020879 22.38647669874093
651.9166666666666 23.363218673333996 22.386254567836357
652.4166666666666 23.36392198146417 22.386043228657936
652.9166666666666 23.36462182732187 22.385832251798725
653.4166666666666 23.365341405083626 22.385614049759415
653.9166666666666 23.366059707146274 22.385405891287302
654.4166666666666 23.36677247198496 22.3851960608406
654.9166666666666 23.367497762749522 22.38498877358538
655.4166666666666 23.368226581638403 22.384778841084465
655.9166666666666 23.368963190664353 22.38457539879297
656.4166666666666 23.369691119209254 22.384378017641616
656.9166666666666 23.370431560174794 22.384173563194597
657.4166666666666 23.371167901488064 22.38396591189225
657.9166666666666 23.371923317783928 22.383770291493576
658.4166666666666 23.372675762983803 22.383576683279184
658.9166666666666 23.37341984535723 22.383377127736253
659.4166666666666 23.37418645723229 22.383187047265544
659.9166666666666 23.37495136477358 22.38299113305924
660.4166666666666 23.375724276130647 22.38280782874994
660.9166666666666 23.37649598590003 22.38261096961822
661.4166666666666 23.377273538733302 22.38241634420924
661.9166666666666 23.378053765047802 22.382236707041663
662.4166666666666 23.37884912442042 22.382045882165798
662.9166666666666 23.37964096267754 22.381859145568484
663.4166666666666 23.380454087898606 22.381685128132336
663.9166666666666 23.38124310872168 22.38149158238505
664.4166666666666 23.382060665545715 22.381314761438485
664.9166666666666 23.382877966185845 22.381132616490348
665.4166666666666 23.383706893772956 22.380956060471675
665.9166666666666 23.384525946060727 22.380775730631722
666.4166666666666 23.38535205426981 22.38059909588081
666.9166666666666 23.386186656231196 22.380422215872716
667.4166666666666 23.387028403000407 22.380250707524304
667.9166666666666 23.387877698197705 22.38007819275009
668.4166666666666 23.388732969380648 22.379906556007015
668.9166666666666 23.389573567845837 22.37974071276399
669.4166666666666 23.390437831196937 22.37957155145153
669.9166666666666 23.3913044991781 22.379400104197515
670.4166666666666 23.392160236295876 22.3792398682232
670.9166666666666 23.393030959260898 22.379077063353595
671.4166666666666 23.393913696196414 22.37890529146847
671.9166666666666 23.394788679384817 22.378744084366943
672.4166666666666 23.39567746467161 22.37858693166293
672.9166666666666 23.396567134576834 22.37842362594026
673.4166666666666 23.397457468053624 22.378268837325738
673.9166666666666 23.398353350859086 22.378113517050096
674.4166666666666 23.399249405544587 22.377966951456774
674.9166666666666 23.400155676822763 22.377805529984244
675.4166666666666 23.4010538917804 22.377655363683164
675.9166666666666 23.401978955503996 22.377509010701605
676.4166666666666 23.40289171960098 22.37735321952783
676.9166666666666 23.4038166339047 22.377217605623485
677.4166666666666 23.404724378538187 22.37706639619846
677.9166666666666 23.405656255845546 22.376919824709578
678.4166666666666 23.406579047723646 22.376776103346337
678.9166666666666 23.40752427319603 22.37663554186753
679.4166666666666 23.408448614305144 22.376496304765464
679.9166666666666 23.409397174387678 22.376357460332542
680.4166666666666 23.410339955702163 22.376225407416428
680.9166666666666 23.41128366657506 22.376090729772883
681.4166666666666 23.412231228933862 22.37595244776983
681.9166666666666 23.41317594940095 22.37582339654956
682.4166666666666 23.414130858562107 22.375695075798117
682.9166666666666 23.41509319718453 22.375564817971632
683.4166666666666 23.416040859039214 22.375434945063276
683.9166666666666 23.41701131977271 22.375314273814425
684.4166666666666 23.41797677247428 22.375186290165004
684.9166666666666 23.41894026936536 22.37506510507189
685.4166666666666 23.419909403607623 22.374943347531442
685.9166666666666 23.420879012635165 22.374828054001693
686.4166666666666 23.421852664990446 22.374714860680776
686.9166666666666 23.42282923934611 22.374596047673382
687.4166666666666 23.42381498913162 22.37448192035959
687.9166666666666 23.424795928622295 22.37437013736253
688.4166666666666 23.42577564299797 22.374253332808593
688.9166666666666 23.42676256207848 22.374142406454673
689.4166666666666 23.427745449036294 22.374035238325707
689.9166666666666 23.42873808053958 22.373935826730893
690.4166666666666 23.429739369757755 22.373824729466204
690.9166666666666 23.43073076699088 22.373733182947642
691.4166666666666 23.431720533311818 22.373624531093203
691.9166666666666 23.432706530465722 22.373526415963543
692.4166666666666 23.43371105555354 22.37342569419214
692.9166666666666 23.43471831688046 22.373332838829803
693.4166666666666 23.435709059171323 22.373240070612773
693.9166666666666 23.436705093408175 22.37314608270186
694.4166666666666 23.43771918633192 22.373061087011145
694.9166666666666 23.438732775880315 22.372968112964195
695.4166666666666 23.439733365872698 22.372880161456873
