FastTrWP/PhaseSpace/IAs/snIa_0.57_30.00_-1.03_-0.05.csv
# %ECSV 0.9
# ---
# datatype:
# - {name: time-rel, datatype: float64}
# - {name: g, datatype: float64}
# - {name: i, datatype: float64}
# schema: astropy-2.0
time-rel g i
[from data line 867]
622.5833333333334 23.495213792030036 22.39390578719935
623.0833333333334 23.496038786057913 22.393354779335077
623.5833333333334 23.49687695434576 22.392807180903862
624.0833333333334 23.497706181858206 22.39226879034694
624.5833333333334 23.498551668550313 22.391726172516204
625.0833333333334 23.499397210483647 22.391187664644008
625.5833333333334 23.5002371007789 22.390656264200768
626.0833333333334 23.501085439310607 22.390120058986334
626.5833333333334 23.50193361597046 22.38959533236838
627.0833333333334 23.50280911996594 22.389070665140444
627.5833333333334 23.503667801457468 22.388557904130465
628.0833333333334 23.50453785743355 22.388034153309686
628.5833333333334 23.505406510161126 22.38752196333415
629.0833333333334 23.506291586241193 22.387014989250844
629.5833333333334 23.50718000853909 22.38649880266933
630.0833333333334 23.50805746171496 22.385997530515628
630.5833333333334 23.508950033284922 22.385495971447064
631.0833333333334 23.509844957006848 22.385002060713255
631.5833333333334 23.510740665586873 22.384499931476437
632.0833333333334 23.511641177876097 22.384014396129945
632.5833333333334 23.512557320996585 22.383527214047234
633.0833333333334 23.51345988910165 22.383037126617587
633.5833333333334 23.514375959055993 22.382557054045474
634.0833333333334 23.51530004198704 22.382073181051297
634.5833333333334 23.51622618442899 22.381598953119788
635.0833333333334 23.51715348113265 22.381134955842743
635.5833333333334 23.518078340214604 22.38066138306964
636.0833333333334 23.519020098543745 22.38019494372976
636.5833333333334 23.519961021547253 22.379731552100917
637.0833333333334 23.520923586406234 22.379273166223275
637.5833333333334 23.521855456732812 22.37881937214759
638.0833333333334 23.52281530410739 22.378369593384264
638.5833333333334 23.523775241318774 22.377922857133207
639.0833333333334 23.524750790416086 22.377473059069743
639.5833333333334 23.525718090055182 22.37703521229646
640.0833333333334 23.526690132988133 22.376597427494247
640.5833333333334 23.52766381584403 22.37615459713365
641.0833333333334 23.528653629170904 22.375725685567026
641.5833333333334 23.529628101404704 22.37529241271414
642.0833333333334 23.530622720051877 22.37487204455915
642.5833333333334 23.531618276593793 22.374449099996806
643.0833333333334 23.53261622323658 22.374031328531796
643.5833333333334 23.533631049808537 22.373620170695368
644.0833333333334 23.534638760839606 22.373208700103607
644.5833333333334 23.535661570674034 22.372794553452717
645.0833333333334 23.53666415921257 22.372392320077576
645.5833333333334 23.53770411678849 22.371986203549028
646.0833333333334 23.538730303813704 22.37159612368432
646.5833333333334 23.539755423746513 22.37119580421699
647.0833333333334 23.54080159266607 22.3708035099476
647.5833333333334 23.541839005045652 22.37042503984645
648.0833333333334 23.542895649650916 22.37003666916344
648.5833333333334 23.543948278981617 22.369650105835838
649.0833333333334 23.54500416184375 22.36927184271551
649.5833333333334 23.546049046402683 22.36890083012488
650.0833333333334 23.547128136200122 22.368534601530662
650.5833333333334 23.548196098791657 22.368165120592263
651.0833333333334 23.54927192510669 22.36779842810707
651.5833333333334 23.550357025465097 22.367441316889334
652.0833333333334 23.551433732123567 22.367078808544946
652.5833333333334 23.55253557885389 22.366726650395442
653.0833333333334 23.553641360558405 22.366382203948074
653.5833333333334 23.55473337011908 22.366038560873676
654.0833333333334 23.55583323006698 22.36569700323807
654.5833333333334 23.556949335156602 22.365362141886184
655.0833333333334 23.558055473580954 22.365022851110176
655.5833333333334 23.55918160182178 22.364689065181253
656.0833333333334 23.56030565491494 22.364361843624447
656.5833333333334 23.561429613610553 22.364032505800488
657.0833333333334 23.562579441345633 22.363711021197314
657.5833333333334 23.563699896267405 22.36340518215277
658.0833333333334 23.564853252860356 22.363082762789993
658.5833333333334 23.56600297547064 22.362771129511927
659.0833333333334 23.567164559804887 22.362470711152056
659.5833333333334 23.56832296588207 22.362167948910347
660.0833333333334 23.569487671254635 22.361869143159126
660.5833333333334 23.57066637596352 22.361578713332214
661.0833333333334 23.571852029407545 22.361281670330712
661.5833333333334 23.57304809833391 22.361001120186867
662.0833333333334 23.574235792856353 22.360716203071355
662.5833333333334 23.575438608874016 22.36043536282383
663.0833333333334 23.576663319840925 22.36016370496927
663.5833333333334 23.577865200698508 22.35988877540835
664.0833333333334 23.579090340956974 22.35961791937998
664.5833333333334 23.580325342698035 22.359365301771295
665.0833333333334 23.581553676796226 22.359095884726553
665.5833333333334 23.582810993200397 22.358839855542247
666.0833333333334 23.584049794581947 22.358591107610867
666.5833333333334 23.585322612518812 22.358334840398733
667.0833333333334 23.586573003412752 22.35810294481693
667.5833333333334 23.587835274227615 22.35785968192119
668.0833333333334 23.589118908566924 22.357617787651062
668.5833333333334 23.59040433216817 22.357379415950696
669.0833333333334 23.591679424969335 22.3571609412404
669.5833333333334 23.59298097941485 22.356922797726288
670.0833333333334 23.594262224551873 22.35670096447086
670.5833333333334 23.595566758720743 22.3564752405345
671.0833333333334 23.596885714315682 22.356260571584293
671.5833333333334 23.598198815630496 22.356045802322985
672.0833333333334 23.599512377216215 22.3558380920962
672.5833333333334 23.600850463527845 22.355625175165134
673.0833333333334 23.602173260242694 22.355420027158157
673.5833333333334 23.60351018687949 22.355221456795032
674.0833333333334 23.604854016070284 22.355030034018725
674.5833333333334 23.606203399376543 22.354826840505066
675.0833333333334 23.60755507511125 22.354642501365632
675.5833333333334 23.608911636111962 22.3544532064455
676.0833333333334 23.61027509177574 22.354261141799338
676.5833333333334 23.611634423317426 22.354083847695456
677.0833333333334 23.61301096236607 22.353898500880156
677.5833333333334 23.614387472155705 22.353717533476186
678.0833333333334 23.615766504660055 22.353557499633972
678.5833333333334 23.61715138042362 22.35338581575847
679.0833333333334 23.618546595288997 22.353217214624568
679.5833333333334 23.6199388096372 22.35303936162299
680.0833333333334 23.621339221683677 22.35288075847155
680.5833333333334 23.622735786516408 22.352725632822303
681.0833333333334 23.62413897778136 22.35256894624716
681.5833333333334 23.62555899589442 22.352415144731722
682.0833333333334 23.626981427033996 22.352260690106263
682.5833333333334 23.628389201420173 22.352119439723044
683.0833333333334 23.629807632026747 22.35196736491387
683.5833333333334 23.631239834240144 22.351827418179333
684.0833333333334 23.63265363074079 22.351688131222023
684.5833333333334 23.63411567380301 22.351542795468887
685.0833333333334 23.635540207859492 22.351410015945376
685.5833333333334 23.636981707901292 22.35127478959803
686.0833333333334 23.63842434185424 22.35114424061318
686.5833333333334 23.639869644394032 22.351019471952664
687.0833333333334 23.641311595450855 22.350887242086174
687.5833333333334 23.64278030906671 22.350769580477543
688.0833333333334 23.644229503471674 22.35064844397913
688.5833333333334 23.645686797957815 22.350529330801518
689.0833333333334 23.64715542849376 22.35040309445595
689.5833333333334 23.6486202069728 22.350298455642307
690.0833333333334 23.65008241690376 22.350186667803666
690.5833333333334 23.65154509544198 22.350073008978406
691.0833333333334 23.65302069251705 22.34996297277856
691.5833333333334 23.654515696860177 22.349859885237123
692.0833333333334 23.655955431731602 22.34975453765701
692.5833333333334 23.65746034752888 22.349653263314817
693.0833333333334 23.658942785222532 22.349558122398303
693.5833333333334 23.660425736326328 22.349454796456243
694.0833333333334 23.661919150601044 22.349369279854884
694.5833333333334 23.663402775221844 22.349264893974397
695.0833333333334 23.664878336224803 22.34917923818353
695.5833333333334 23.66637732157756 22.349084992599867
696.0833333333334 23.667866706800645 22.34900231411833
