FastTrWP/PhaseSpace/IAs/snIa_0.4_20_1_0.0.csv
# %ECSV 0.9
# ---
# datatype:
# - {name: time-rel, datatype: float64}
# - {name: g, datatype: float64}
# - {name: i, datatype: float64}
# schema: astropy-2.0
time-rel g i
[from data line 1669]
819.3958333333333 -25.999890245023142 -27.315500866244584
819.8958333333334 -25.99822609619652 -27.314642134166288
820.3958333333334 -25.996558813727297 -27.31377616051305
820.8958333333333 -25.9948971030864 -27.31290860721696
821.3958333333334 -25.99323432531056 -27.312045328138524
821.8958333333334 -25.991564968245804 -27.311171522242542
822.3958333333333 -25.989914338480283 -27.31030160043578
822.8958333333334 -25.988229230426075 -27.30942600150374
823.3958333333334 -25.986558588264327 -27.308546672601736
823.8958333333333 -25.98489869850623 -27.30768325572116
824.3958333333334 -25.983221329588737 -27.306797315393453
824.8958333333334 -25.981549316374704 -27.30592328352585
825.3958333333333 -25.979860810042407 -27.305041735384208
825.8958333333334 -25.97818848242285 -27.304161400399643
826.3958333333334 -25.9765003621738 -27.303272239118744
826.8958333333333 -25.974827451804213 -27.302387976233263
827.3958333333334 -25.97314535987856 -27.30150485916029
827.8958333333334 -25.97144858098577 -27.300615344117652
828.3958333333333 -25.969774045780994 -27.2997241990563
828.8958333333334 -25.968085641371026 -27.29882860523166
829.3958333333334 -25.96639822084789 -27.297941880927358
829.8958333333333 -25.96471366250269 -27.297051848348787
830.3958333333334 -25.962996051356857 -27.29615127831353
830.8958333333334 -25.961311339695214 -27.29525377550043
831.3958333333333 -25.959604382667095 -27.29436211092449
831.8958333333334 -25.957916523860227 -27.293457210889002
832.3958333333334 -25.956224208235945 -27.292560974479734
832.8958333333333 -25.95451284161743 -27.29165747374878
833.3958333333334 -25.95281021092767 -27.290747318760623
833.8958333333334 -25.951101897722975 -27.289850733540515
834.3958333333333 -25.949398485454385 -27.28893258670521
834.8958333333334 -25.947677913540034 -27.288026202900628
835.3958333333334 -25.94598130845779 -27.287115986831374
835.8958333333333 -25.9442699097864 -27.28620059192641
836.3958333333334 -25.942545059771064 -27.285290205200777
836.8958333333334 -25.940829557159482 -27.284370639021308
837.3958333333333 -25.939112444026012 -27.28345061564137
837.8958333333334 -25.937387675968495 -27.28252547987332
838.3958333333334 -25.935667106848307 -27.281613312469048
838.8958333333333 -25.93393350730711 -27.28068457182507
839.3958333333334 -25.932233069569733 -27.279763270751967
839.8958333333334 -25.930489408913363 -27.278840835757286
840.3958333333333 -25.928758402152074 -27.277908715914986
840.8958333333334 -25.92702154733546 -27.27697354312709
841.3958333333334 -25.925289362349062 -27.27604255744774
841.8958333333333 -25.923564147995606 -27.275113029324984
842.3958333333334 -25.921829807935495 -27.274175845712406
842.8958333333334 -25.920094921545815 -27.273242072707543
843.3958333333333 -25.918345982387045 -27.272309155057492
843.8958333333334 -25.91660873494171 -27.271375399009425
844.3958333333334 -25.914859546920685 -27.27041985341753
844.8958333333333 -25.91312274629946 -27.269477511629926
845.3958333333334 -25.911365120693063 -27.268537098615106
845.8958333333334 -25.90963553775186 -27.26759401352337
846.3958333333333 -25.907872186077867 -27.266647787595627
846.8958333333334 -25.90612444517049 -27.265697311025527
847.3958333333334 -25.904379444715527 -27.264747839338284
847.8958333333333 -25.90261550236587 -27.26378750400268
848.3958333333334 -25.900861439156444 -27.26284359735611
848.8958333333334 -25.899102388624783 -27.26189120372858
849.3958333333333 -25.897343845081103 -27.26092666280596
849.8958333333334 -25.895589912016828 -27.259975198542442
850.3958333333334 -25.893805900215405 -27.259010019315024
850.8958333333333 -25.89205158318636 -27.25804466175259
851.3958333333334 -25.890290706666658 -27.25708312396163
851.8958333333334 -25.888528168855473 -27.25611752525075
852.3958333333333 -25.886742227837615 -27.255146361497452
852.8958333333334 -25.884974223496723 -27.25417756314499
853.3958333333334 -25.88319548091682 -27.253212883027068
853.8958333333333 -25.88140883926874 -27.25224769717304
854.3958333333334 -25.87963846812345 -27.251270729666402
854.8958333333334 -25.87788033537604 -27.250297554757662
855.3958333333333 -25.87608930922 -27.24932187718398
855.8958333333334 -25.87428777828617 -27.24834363847377
856.3958333333334 -25.87250606467737 -27.24736097463587
856.8958333333333 -25.870720086204454 -27.2463820853499
857.3958333333334 -25.868928751700317 -27.245405678481557
857.8958333333334 -25.867158132179174 -27.24441899594845
858.3958333333333 -25.865346205789773 -27.243435537968217
858.8958333333334 -25.863544849842572 -27.24245286342115
859.3958333333334 -25.861763977408817 -27.241459960013543
859.8958333333333 -25.85995665466841 -27.240477399871715
860.3958333333334 -25.858156678026525 -27.239486079966166
860.8958333333334 -25.85634664557383 -27.238496815329203
861.3958333333333 -25.85454535049965 -27.237498626946802
861.8958333333334 -25.85273272101781 -27.236505065348403
862.3958333333334 -25.850911057385964 -27.23550433373257
862.8958333333333 -25.849117726926618 -27.234504758191132
863.3958333333334 -25.847289881737385 -27.23351749458471
863.8958333333334 -25.84548578008591 -27.232498479214996
864.3958333333333 -25.84365537964875 -27.231514180895275
864.8958333333334 -25.84185359346984 -27.23051217725127
865.3958333333334 -25.840016834977217 -27.229498289293367
865.8958333333333 -25.83820324971199 -27.228490375677676
866.3958333333334 -25.836380000927598 -27.227478277060268
866.8958333333334 -25.834547695318125 -27.226476311042322
867.3958333333333 -25.83274336683765 -27.22546523315529
867.8958333333334 -25.830903853472474 -27.224448080877245
868.3958333333334 -25.829077110555705 -27.2234383570718
868.8958333333333 -25.827222771869 -27.222419568457408
869.3958333333334 -25.82539452659988 -27.22140168862532
869.8958333333334 -25.823555218772157 -27.220376934380806
870.3958333333333 -25.821692875604146 -27.219342715489976
870.8958333333334 -25.819868693602032 -27.218322743124553
871.3958333333334 -25.81799074614387 -27.217274955350298
871.8958333333333 -25.81614959381932 -27.216248009837756
872.3958333333334 -25.81428618159123 -27.215201175367557
872.8958333333334 -25.8124251398567 -27.21416943400404
873.3958333333333 -25.810579936007922 -27.2131173729103
873.8958333333334 -25.808698597216797 -27.212065869098613
874.3958333333334 -25.806832241802503 -27.211018578099882
874.8958333333333 -25.80498340786125 -27.20995726695974
875.3958333333334 -25.80309268979279 -27.208908548134566
875.8958333333334 -25.801218137530732 -27.20785176156884
876.3958333333333 -25.799340508276465 -27.206790510425076
876.8958333333334 -25.79746460458272 -27.2057267507952
877.3958333333334 -25.795585771685808 -27.204655658471715
877.8958333333333 -25.793683298540447 -27.20359537635565
878.3958333333334 -25.791801115050248 -27.202520631428317
878.8958333333334 -25.789928848055407 -27.201455834507865
879.3958333333333 -25.788027535232935 -27.2003768201197
879.8958333333334 -25.78613410213761 -27.19931009304451
880.3958333333334 -25.784249649488373 -27.198226905286504
880.8958333333333 -25.782326817147123 -27.197154200988308
881.3958333333334 -25.780436329266436 -27.19608401267632
881.8958333333334 -25.77853875725927 -27.194994851315165
882.3958333333333 -25.776630096504345 -27.19390708960138
882.8958333333334 -25.774722930306552 -27.192825047640007
883.3958333333334 -25.772828660228143 -27.19174542575493
883.8958333333333 -25.770916289743187 -27.19065711669613
884.3958333333334 -25.769005742952906 -27.189570088631857
884.8958333333334 -25.767095071108898 -27.188489864758548
885.3958333333333 -25.765170181293175 -27.18739438989262
885.8958333333334 -25.76326168826652 -27.186305447745088
886.3958333333334 -25.76134323525094 -27.18522023609365
886.8958333333333 -25.759422427000445 -27.184136546489928
887.3958333333334 -25.757489621051203 -27.183044863836816
887.8958333333334 -25.755584955990773 -27.181967297508326
888.3958333333333 -25.753662728551934 -27.18086445639896
888.8958333333334 -25.751749137119017 -27.179771191862972
889.3958333333334 -25.749821379240338 -27.178687418692903
889.8958333333333 -25.747890832572836 -27.17759603754861
890.3958333333334 -25.745971242999502 -27.17650408592014
890.8958333333334 -25.744036375448935 -27.175432594758213
891.3958333333333 -25.742116914515304 -27.174337618853052
891.8958333333334 -25.74016731496059 -27.173249574058755
892.3958333333334 -25.73825284987862 -27.172166743434076
892.8958333333333 -25.736313106476985 -27.171075290852983
893.3958333333334 -25.734383039246502 -27.16999091856564
893.8958333333334 -25.732433386833343 -27.1689107933895
894.3958333333333 -25.730519569230502 -27.1678267029558
894.8958333333334 -25.72858329056188 -27.166746800496483
895.3958333333334 -25.726654503842617 -27.16566528006007
895.8958333333333 -25.724710535244164 -27.164589198464046
896.3958333333334 -25.72277702153121 -27.163508758625674
896.8958333333334 -25.720841392428603 -27.162426069981382
897.3958333333333 -25.718922757996058 -27.161353796184876
897.8958333333334 -25.716979322694296 -27.160285244456706
898.3958333333334 -25.715049761080174 -27.15920634711906
898.8958333333333 -25.713109884897058 -27.158146426889182
899.3958333333334 -25.711185781555823 -27.157079500868655
899.8958333333334 -25.70922669141972 -27.15601764026576
900.3958333333333 -25.707317211330803 -27.154950019268924
900.8958333333334 -25.70535327241521 -27.15389707086095
901.3958333333334 -25.703426420121737 -27.152828336997548
901.8958333333333 -25.70148314257316 -27.15178164105907
902.3958333333334 -25.699560171251488 -27.15072567050433
902.8958333333334 -25.697608520100374 -27.149677015285395
903.3958333333333 -25.695671913872733 -27.148616951765355
903.8958333333334 -25.693744325277486 -27.147565234565004
904.3958333333334 -25.691805428212792 -27.146511573175847
904.8958333333333 -25.689865986083422 -27.14545826773547
905.3958333333334 -25.687914193403113 -27.14439997522872
905.8958333333334 -25.68595503216661 -27.14334948511155
906.3958333333333 -25.6840286116866 -27.14230400719144
906.8958333333334 -25.68207732001374 -27.14125138157209
907.3958333333334 -25.680124031994858 -27.14019306437574
907.8958333333333 -25.67818294778368 -27.13915219537577
908.3958333333334 -25.676230005207042 -27.13808900892424
908.8958333333334 -25.67428330977617 -27.137033080194357
909.3958333333333 -25.672329735557273 -27.135991513266337
909.8958333333334 -25.67038360127971 -27.134939134912624
910.3958333333334 -25.668406663810327 -27.133884273452725
910.8958333333333 -25.666462766830005 -27.132834911022364
911.3958333333334 -25.664517388843436 -27.131785621235515
911.8958333333334 -25.66256508520302 -27.130738163757727
912.3958333333333 -25.660585241270013 -27.12968847844629
912.8958333333334 -25.658639289121965 -27.128639536065485
913.3958333333334 -25.656684990803665 -27.127594205262305
913.8958333333333 -25.654705998506238 -27.126540149804555
914.3958333333334 -25.652756973881555 -27.125495833030925
914.8958333333334 -25.65080160776496 -27.124457017277184
915.3958333333333 -25.648838620261188 -27.12340485689544
915.8958333333334 -25.64686667687893 -27.122368755757236
916.3958333333334 -25.644923720415854 -27.121325714781968
916.8958333333333 -25.642945991008943 -27.120284874777376
917.3958333333334 -25.64098172291075 -27.119237732079718
917.8958333333334 -25.639020593890706 -27.118188458030673
918.3958333333333 -25.63703109153637 -27.117152054721025
918.8958333333334 -25.635084366854834 -27.11611434193117
919.3958333333334 -25.633097708985204 -27.1150747447339
919.8958333333333 -25.63113988124836 -27.114037252445293
920.3958333333334 -25.629170375460482 -27.112999364598952
920.8958333333334 -25.62719239013676 -27.111963517879616
921.3958333333333 -25.625223312861387 -27.11092661973324
921.8958333333334 -25.62325086920818 -27.109899363560093
922.3958333333334 -25.621271170373106 -27.10885346135897
922.8958333333333 -25.61930270469494 -27.107828430660565
923.3958333333334 -25.617325053783627 -27.106793642854036
923.8958333333334 -25.615354342957698 -27.105762192664603
924.3958333333333 -25.613396240731095 -27.10473416852135
924.8958333333334 -25.611420638538483 -27.103711639761134
925.3958333333334 -25.60943236297854 -27.102687232152295
925.8958333333333 -25.6074689388915 -27.10165750856944
926.3958333333334 -25.605489738726767 -27.100638421003616
926.8958333333334 -25.603512914394567 -27.099602175615104
927.3958333333333 -25.601521965747107 -27.098589237089126
927.8958333333334 -25.5995450284747 -27.097565958173465
928.3958333333334 -25.59756471779794 -27.096551350704562
928.8958333333333 -25.595595723502772 -27.095532750795734
929.3958333333334 -25.59362433123517 -27.09451727097791
929.8958333333334 -25.591639297746916 -27.093497912813937
930.3958333333333 -25.589668440068323 -27.092481239577314
930.8958333333334 -25.587690977831308 -27.09147077653587
931.3958333333334 -25.585689575602686 -27.090463699361045
931.8958333333333 -25.583711461356337 -27.089457015820628
932.3958333333334 -25.581725562553615 -27.08844482537423
932.8958333333334 -25.57976408124775 -27.087437706582453
933.3958333333333 -25.577776492177044 -27.086438023215624
933.8958333333334 -25.575815528288864 -27.085427128314343
934.3958333333334 -25.57380902438001 -27.084435682493098
934.8958333333333 -25.571832690278562 -27.083436402771788
935.3958333333334 -25.56985808352772 -27.082441406055416
935.8958333333334 -25.567867460309053 -27.08143617499323
936.3958333333333 -25.565884209234085 -27.080441001061878
936.8958333333334 -25.563910651391154 -27.079445383829196
937.3958333333334 -25.561939036240528 -27.078449409418404
937.8958333333333 -25.559958476225088 -27.07746540139116
938.3958333333334 -25.55794752802804 -27.07648058819943
938.8958333333334 -25.55598027072154 -27.07548911879474
939.3958333333333 -25.553992422200604 -27.074497674151523
939.8958333333334 -25.551996653591175 -27.073509840028727
940.3958333333334 -25.550011129584384 -27.072520215283056
940.8958333333333 -25.54803018775861 -27.071537725647016
941.3958333333334 -25.546050635876895 -27.07055568101373
941.8958333333334 -25.544057157525035 -27.069570860722333
942.3958333333333 -25.542073146816282 -27.068586629333026
942.8958333333334 -25.540090782594834 -27.067613928367496
943.3958333333334 -25.538103071428292 -27.066623510784922
943.8958333333333 -25.53609507868329 -27.06564747288217
944.3958333333334 -25.534118467782847 -27.064676175749916
944.8958333333334 -25.532125420647883 -27.06370164176289
945.3958333333333 -25.530137149879998 -27.06272243871043
945.8958333333334 -25.52815538519974 -27.061749096322302
946.3958333333334 -25.526140135323836 -27.060784262612103
946.8958333333333 -25.524171237276132 -27.059810002048266
947.3958333333334 -25.52216489169284 -27.05883985845274
947.8958333333334 -25.52018703242393 -27.057864103279485
948.3958333333333 -25.518188321841496 -27.05690707289893
948.8958333333334 -25.5162062877627 -27.055935890054037
949.3958333333334 -25.51420009306867 -27.054973370242568
949.8958333333333 -25.51221065096838 -27.054012550669405
950.3958333333334 -25.510210652592598 -27.05306416979783
950.8958333333334 -25.50823628849708 -27.052093970552825
951.3958333333333 -25.50622641604901 -27.051141540637445
951.8958333333334 -25.504249459287994 -27.050179343944222
952.3958333333334 -25.502245114768748 -27.049233204137558
952.8958333333333 -25.500251805567075 -27.04827575327295
953.3958333333334 -25.498253919295525 -27.047312375715432
953.8958333333334 -25.496262869799757 -27.046368895211174
954.3958333333333 -25.494268886333508 -27.045423776071043
954.8958333333334 -25.492275342093144 -27.044474814832785
955.3958333333334 -25.490288421314848 -27.04353149462773
955.8958333333333 -25.488279674462618 -27.042575813694537
956.3958333333334 -25.48629329450008 -27.041640406200106
956.8958333333334 -25.484311109512635 -27.040700940661843
957.3958333333333 -25.48230562927968 -27.03976073094887
957.8958333333334 -25.48030923532115 -27.038820743704257
958.3958333333334 -25.4783162766944 -27.037876882746097
