FastTrWP/PhaseSpace/IAs/snIa_0.4_20_1_0.1.csv
# %ECSV 0.9
# ---
# datatype:
# - {name: time-rel, datatype: float64}
# - {name: g, datatype: float64}
# - {name: i, datatype: float64}
# schema: astropy-2.0
time-rel g i
[from data line 1390]
679.7916666666666 -26.282180890894608 -27.622052973662342
680.2916666666666 -26.280865448215852 -27.621545799992667
680.7916666666666 -26.27958163431095 -27.621031745972022
681.2916666666666 -26.278282266641412 -27.620527606109416
681.7916666666666 -26.276968570633503 -27.6200085591894
682.2916666666666 -26.275656290023875 -27.619485002857004
682.7916666666666 -26.274373555564644 -27.618970077363585
683.2916666666666 -26.273056033430713 -27.61845070371944
683.7916666666666 -26.271731845870217 -27.617928354745366
684.2916666666666 -26.2704310339174 -27.61740635267237
684.7916666666666 -26.26912082650428 -27.61688392926729
685.2916666666666 -26.267815941415968 -27.616359835208307
685.7916666666666 -26.26649320156341 -27.615836138680045
686.2916666666666 -26.265166113062488 -27.6153007913822
686.7916666666666 -26.26385867383924 -27.61477498392338
687.2916666666666 -26.26254659422008 -27.614240419371075
687.7916666666666 -26.261227852816063 -27.61370275119519
688.2916666666666 -26.259915878363678 -27.613174463010868
688.7916666666666 -26.258586141358833 -27.612631217255522
689.2916666666666 -26.257264653273143 -27.61209904789244
689.7916666666666 -26.25595313905972 -27.611555129046597
690.2916666666666 -26.25460383839718 -27.611018540774005
690.7916666666666 -26.25329463952034 -27.610467431130992
691.2916666666666 -26.251949703920726 -27.609924639294054
691.7916666666666 -26.250626183357344 -27.609373784030208
692.2916666666666 -26.24929362782524 -27.608824203346344
692.7916666666666 -26.247954388534747 -27.608281977694936
693.2916666666666 -26.246629114918267 -27.60772603003609
693.7916666666666 -26.24529062987287 -27.607170080781835
694.2916666666666 -26.2439603321582 -27.606614529044396
694.7916666666666 -26.242612045656664 -27.606063963386358
695.2916666666666 -26.241279203384874 -27.605495962651837
695.7916666666666 -26.239942777090267 -27.604939214904178
696.2916666666666 -26.238598608195826 -27.60437978198803
696.7916666666666 -26.23725447918881 -27.603816761196743
697.2916666666666 -26.2359151802797 -27.603254754808546
697.7916666666666 -26.234557637895733 -27.602683051839744
698.2916666666666 -26.233220370996328 -27.602118477650116
698.7916666666666 -26.231872714353393 -27.60154788517753
699.2916666666666 -26.230524282950952 -27.60097761456016
699.7916666666666 -26.229173144852794 -27.6004110325942
700.2916666666666 -26.227810203224614 -27.599836975880706
700.7916666666666 -26.226453156097502 -27.599258961865345
701.2916666666666 -26.225113353350643 -27.598680968864983
701.7916666666666 -26.22374643387098 -27.59810246411814
702.2916666666666 -26.222394869813286 -27.597516525242302
702.7916666666666 -26.221030069669776 -27.59693410268611
703.2916666666666 -26.219667191027586 -27.596340246909303
703.7916666666666 -26.218313941643117 -27.59576200983387
704.2916666666666 -26.216935641417685 -27.59515999031464
704.7916666666666 -26.215565355540953 -27.594574429747908
705.2916666666666 -26.214190159819097 -27.593972914089324
705.7916666666666 -26.212809575640605 -27.59337943519158
706.2916666666666 -26.211448820504057 -27.59277390621621
706.7916666666666 -26.210072833537268 -27.592183546783104
707.2916666666666 -26.20870643492318 -27.591569884603288
707.7916666666666 -26.207305616434322 -27.59096581754504
708.2916666666666 -26.20594326849507 -27.59036369059419
708.7916666666666 -26.20455109193142 -27.589755544507312
709.2916666666666 -26.20317176085587 -27.589140622451293
709.7916666666666 -26.201799314805378 -27.588523489177824
710.2916666666666 -26.200399000161628 -27.587915441007162
710.7916666666666 -26.199025355408093 -27.587299480364894
711.2916666666666 -26.19764284818762 -27.586674192173355
711.7916666666666 -26.1962445569635 -27.58606611459829
712.2916666666666 -26.194847135195566 -27.585437642233018
712.7916666666666 -26.19345815912191 -27.584809238912516
713.2916666666666 -26.192062490511226 -27.584181825811825
713.7916666666666 -26.19066439578921 -27.583566182492454
714.2916666666666 -26.189261528936086 -27.582932067792836
714.7916666666666 -26.18788128019762 -27.582303236186245
715.2916666666666 -26.186478590470742 -27.58167173997791
715.7916666666666 -26.185078659374994 -27.581041813267642
716.2916666666666 -26.18367791005104 -27.580407588213582
716.7916666666666 -26.18227131477008 -27.579772733103063
717.2916666666666 -26.180861601319453 -27.5791342154687
717.7916666666666 -26.17946258551386 -27.57849027606568
718.2916666666666 -26.1780503932486 -27.57785416786405
718.7916666666666 -26.176640867192546 -27.57720977894399
719.2916666666666 -26.1752378198614 -27.5765663711825
719.7916666666666 -26.173826320855618 -27.575920524546223
720.2916666666666 -26.172416733396307 -27.575273714999653
720.7916666666666 -26.17099842800861 -27.574631567085433
721.2916666666666 -26.16958347134453 -27.573984099240356
721.7916666666666 -26.168175556745126 -27.573334549843974
722.2916666666666 -26.166765226394652 -27.572684099785008
722.7916666666666 -26.165325261932423 -27.572032432786656
723.2916666666666 -26.16390790756565 -27.57137923575503
723.7916666666666 -26.16250422468994 -27.57072858567367
724.2916666666666 -26.16107725339718 -27.570065448289434
724.7916666666666 -26.15964982282225 -27.569411422952395
725.2916666666666 -26.158246498492616 -27.568757043067468
725.7916666666666 -26.15681576163677 -27.56809714042342
726.2916666666666 -26.15539001826477 -27.56743717335248
726.7916666666666 -26.153961939200126 -27.566777152152362
727.2916666666666 -26.15253257528333 -27.56612826071176
727.7916666666666 -26.151109660647816 -27.56545242870105
728.2916666666666 -26.14969801259103 -27.564798466604167
728.7916666666666 -26.148259092349022 -27.56413061323237
729.2916666666666 -26.146824015623302 -27.56346761973255
729.7916666666666 -26.145395062361402 -27.56280022683582
730.2916666666666 -26.14396077747777 -27.562136499988704
730.7916666666666 -26.14254849831604 -27.56145818547516
731.2916666666666 -26.14110860172684 -27.56080061403866
731.7916666666666 -26.13967473864479 -27.560125729043456
732.2916666666666 -26.13823724176863 -27.559455677123083
732.7916666666666 -26.136793328050786 -27.55879368461274
733.2916666666666 -26.135357077079195 -27.55811536572174
733.7916666666666 -26.133916535518583 -27.557449115101047
734.2916666666666 -26.132490016730582 -27.556776364372787
734.7916666666666 -26.131048103827347 -27.556098975298447
735.2916666666666 -26.129611664304925 -27.555420030420123
735.7916666666666 -26.12816183222982 -27.554746839031097
736.2916666666666 -26.126735365172333 -27.554063528469023
736.7916666666666 -26.125287226225097 -27.553385456268877
737.2916666666666 -26.123831616051184 -27.55270314426635
737.7916666666666 -26.122397645807148 -27.552019654428012
738.2916666666666 -26.12095048584276 -27.55133718681662
738.7916666666666 -26.119503101722692 -27.550645360800683
739.2916666666666 -26.11804846549154 -27.549967997749945
739.7916666666666 -26.116588249378438 -27.549270615730986
740.2916666666666 -26.115148565298792 -27.548578668857544
740.7916666666666 -26.11368599280003 -27.547888425452484
741.2916666666666 -26.112235859691086 -27.547205429675437
741.7916666666666 -26.110775983348347 -27.546503348247157
742.2916666666666 -26.10932119406327 -27.54581263415176
742.7916666666666 -26.107857306157666 -27.545112116116147
743.2916666666666 -26.10639834412503 -27.544417400021487
743.7916666666666 -26.104950291503556 -27.54371107160404
744.2916666666666 -26.10348397211596 -27.543012643618034
744.7916666666666 -26.102013343506023 -27.542309415692593
745.2916666666666 -26.100556412889077 -27.541606764360004
745.7916666666666 -26.0991019380028 -27.540904636448367
746.2916666666666 -26.09763118953394 -27.540193811373157
746.7916666666666 -26.096156211074405 -27.539485703234075
747.2916666666666 -26.094685272500207 -27.538780023963977
747.7916666666666 -26.093225349539246 -27.53807228193329
748.2916666666666 -26.09175269978713 -27.53735990046721
748.7916666666666 -26.090291359833788 -27.536651267213742
749.2916666666666 -26.088805878164738 -27.53593133730253
749.7916666666666 -26.087328184302073 -27.53521535235341
750.2916666666666 -26.085852973193116 -27.534503996109198
750.7916666666666 -26.08438496399262 -27.53378935801471
751.2916666666666 -26.082905522591066 -27.53306687607644
751.7916666666666 -26.081428324256088 -27.53234226947383
752.2916666666666 -26.079937414397136 -27.531625290763596
752.7916666666666 -26.078456938781756 -27.530912427517666
753.2916666666665 -26.07698566729003 -27.530186146413765
753.7916666666666 -26.075504146296566 -27.52946195546481
754.2916666666666 -26.07402912869048 -27.528739880324192
754.7916666666665 -26.072536744862035 -27.528013517504803
755.2916666666666 -26.071053899548264 -27.5272848686571
755.7916666666666 -26.06957409908453 -27.526562100837527
756.2916666666665 -26.06807394533456 -27.525834117649456
756.7916666666666 -26.066587890868117 -27.525106410123644
757.2916666666666 -26.065112326324073 -27.524372625743325
757.7916666666665 -26.06360029113691 -27.523641461402125
758.2916666666666 -26.062116702737747 -27.522911194184083
758.7916666666666 -26.060633580005003 -27.52218219932733
759.2916666666665 -26.05914282921695 -27.52145334328422
759.7916666666666 -26.05764285100384 -27.520715047868634
760.2916666666666 -26.056162184279927 -27.519978569371432
760.7916666666665 -26.05464227337994 -27.51923541185682
761.2916666666666 -26.05315137008086 -27.518503920744163
761.7916666666666 -26.05165578557851 -27.517768471206715
762.2916666666665 -26.05015676162452 -27.517029795990364
762.7916666666666 -26.04866514124715 -27.516285123342783
763.2916666666666 -26.047162840001373 -27.51554039252335
763.7916666666665 -26.045658732989637 -27.514802872294318
764.2916666666666 -26.04414683975016 -27.51406327078774
764.7916666666666 -26.0426499853879 -27.51331813505636
765.2916666666665 -26.041156026020293 -27.512580630681462
765.7916666666666 -26.039649435557553 -27.511833569866276
766.2916666666666 -26.038143885456307 -27.511092747009215
766.7916666666665 -26.03663838066314 -27.510347967629038
767.2916666666666 -26.03514001053925 -27.509596746772264
767.7916666666666 -26.03363622742489 -27.508849039162826
768.2916666666665 -26.032119271439257 -27.50810340305084
768.7916666666666 -26.030599984276144 -27.50735337369563
769.2916666666666 -26.029100215052864 -27.50660006580137
769.7916666666665 -26.0275855554557 -27.505854623248688
770.2916666666666 -26.026083847775553 -27.505102843478426
770.7916666666666 -26.024572972369814 -27.5043495094068
771.2916666666665 -26.02305729046655 -27.503599094458
771.7916666666666 -26.021529641434697 -27.502848590504797
772.2916666666666 -26.020026851856723 -27.502088466800334
772.7916666666665 -26.018500735408082 -27.50133293164543
773.2916666666666 -26.01698750501837 -27.500574610926428
773.7916666666666 -26.015471515183 -27.499822636478584
774.2916666666665 -26.013958558979617 -27.499062107713335
774.7916666666666 -26.01243686758497 -27.498302425383972
775.2916666666666 -26.010907675051715 -27.497538354646807
775.7916666666665 -26.009389193910728 -27.496772454927864
776.2916666666666 -26.007875406514525 -27.496013927000682
776.7916666666666 -26.00633526458823 -27.495243643906733
777.2916666666665 -26.00481812297295 -27.494479959880547
777.7916666666666 -26.003289409825967 -27.49371789997598
778.2916666666666 -26.00176519624973 -27.492950031699806
778.7916666666665 -26.000246134149304 -27.492175706656028
779.2916666666666 -25.99870842642182 -27.491413834381714
779.7916666666666 -25.997178182253723 -27.4906436184122
780.2916666666665 -25.995651082111515 -27.489870395677865
780.7916666666666 -25.99413631183794 -27.489100349047053
781.2916666666666 -25.992591188356208 -27.488322045246395
781.7916666666665 -25.99106656515337 -27.487545017579933
782.2916666666666 -25.98951978869922 -27.48677060761347
782.7916666666666 -25.98797500463951 -27.485996256238018
783.2916666666665 -25.98645996372297 -27.485214782147438
783.7916666666666 -25.984915339224095 -27.48443521542702
784.2916666666666 -25.983369703510174 -27.483664125293576
784.7916666666665 -25.981833863359487 -27.482880196946727
785.2916666666666 -25.980286591569936 -27.48210076103411
785.7916666666666 -25.978751935403416 -27.48131722939357
786.2916666666665 -25.977198896792856 -27.480531499225517
786.7916666666666 -25.97564452797844 -27.479741697494433
787.2916666666666 -25.974113641069106 -27.478958137399214
787.7916666666665 -25.97254641527801 -27.47817305913535
788.2916666666666 -25.97099964134246 -27.477376175393967
788.7916666666666 -25.9694578758348 -27.476589794596627
789.2916666666665 -25.967902632061875 -27.475798871817744
789.7916666666666 -25.9663500549988 -27.47500538667046
790.2916666666666 -25.9647992501128 -27.47421514349089
790.7916666666665 -25.963242409361364 -27.47342009589085
791.2916666666666 -25.96169310457125 -27.472621905342795
791.7916666666666 -25.960123277287572 -27.471826854839684
792.2916666666665 -25.958581375254663 -27.471023931120232
792.7916666666666 -25.957025606401483 -27.470232571488033
793.2916666666666 -25.955439123882677 -27.46942695682758
793.7916666666665 -25.95389682694662 -27.468625338248124
794.2916666666666 -25.952321699546662 -27.46782306986889
794.7916666666666 -25.950763031616496 -27.467016990728986
795.2916666666665 -25.949183336947776 -27.46621211230597
795.7916666666666 -25.947628658658132 -27.46540590275998
796.2916666666666 -25.946060753553976 -27.464595139610335
796.7916666666665 -25.944474466536285 -27.46378716125959
797.2916666666666 -25.942896890155062 -27.46297393590875
797.7916666666666 -25.941333883834364 -27.46216604210302
798.2916666666665 -25.93975768150643 -27.461354666544434
798.7916666666666 -25.938189679001432 -27.46053759566481
799.2916666666666 -25.936602674080067 -27.459723914255413
799.7916666666665 -25.935013578282792 -27.458901257878313
800.2916666666666 -25.933436258582155 -27.45809136473639
800.7916666666666 -25.93185139612048 -27.457267715868493
801.2916666666665 -25.930256265962047 -27.45644731323216
801.7916666666666 -25.928672295192303 -27.45562332947253
802.2916666666666 -25.927081845624343 -27.454803361555467
802.7916666666665 -25.925506221713178 -27.453975724733315
803.2916666666666 -25.92390846301385 -27.45315777199632
803.7916666666666 -25.922316670844666 -27.45233350592633
804.2916666666665 -25.920725221761476 -27.4515031903908
804.7916666666666 -25.919152372072396 -27.450672642364733
805.2916666666666 -25.917534857801535 -27.449845703080303
805.7916666666665 -25.915938053862423 -27.449012790923888
806.2916666666666 -25.914353364355094 -27.448182238360364
806.7916666666666 -25.91274967631935 -27.447346394857192
807.2916666666665 -25.911152053389625 -27.44651193256754
807.7916666666666 -25.909550502597195 -27.445672837540762
808.2916666666666 -25.907951630226137 -27.444836869273367
808.7916666666665 -25.906338618914013 -27.444004176708994
809.2916666666666 -25.904738908425948 -27.443160282839365
809.7916666666666 -25.903119001011454 -27.442319518413797
810.2916666666665 -25.901526876424214 -27.441474705728815
810.7916666666666 -25.89990854145576 -27.440638851109952
811.2916666666666 -25.898284745122954 -27.439796856032107
811.7916666666665 -25.896683408369483 -27.43895097450165
812.2916666666666 -25.89505849998854 -27.43809750067468
812.7916666666666 -25.893451685690234 -27.437249198353587
813.2916666666665 -25.89183143286921 -27.436400049459934
813.7916666666666 -25.89022279324183 -27.43555133057866
814.2916666666666 -25.88859189331835 -27.434703143699327
814.7916666666665 -25.886991659202174 -27.433854559382716
815.2916666666666 -25.885363161545754 -27.432989054246363
815.7916666666666 -25.883735430736028 -27.432136521362928
816.2916666666665 -25.88212718632475 -27.43127821532315
816.7916666666666 -25.880485446667613 -27.430425849647932
817.2916666666666 -25.878855541397876 -27.429567670007383
817.7916666666665 -25.877224670124317 -27.428699612637168
818.2916666666666 -25.875603928859128 -27.427843118907678
818.7916666666666 -25.87395218785101 -27.426975537991737
