FastTrWP/PhaseSpace/IAs/snIa_0.58_30.00_0.73_0.11.csv
# %ECSV 0.9
# ---
# datatype:
# - {name: time-rel, datatype: float64}
# - {name: g, datatype: float64}
# - {name: i, datatype: float64}
# schema: astropy-2.0
time-rel g i
[from data line 1075]
109.0 24.036929194940917 22.23534604590721
109.5 24.037790230821052 22.23519820386143
110.0 24.038671425107793 22.235052938514066
110.5 24.039555649985566 22.234911570009416
111.0 24.040435741117406 22.234774084905577
111.5 24.0413272679022 22.23462947639678
112.0 24.042204202514444 22.234495166880297
112.5 24.043096473164255 22.23436681327513
113.0 24.044015465670125 22.23422845291108
113.5 24.0449126954381 22.234100053654927
114.0 24.045822921146215 22.233974130165805
114.5 24.04675196470459 22.233852045556294
115.0 24.04767551679576 22.233724441942098
115.5 24.048595288278452 22.233604495330145
116.0 24.0495333334548 22.233488671692815
116.5 24.050486072763732 22.233375573751243
117.0 24.051431378561986 22.233265309069292
117.5 24.05238778548803 22.233145787786963
118.0 24.05333523523923 22.23304451522364
118.5 24.05431036745959 22.23293342603332
119.0 24.055294322105357 22.232830615724165
119.5 24.05627378125189 22.232724727084573
120.0 24.057256883571426 22.232627263473344
120.5 24.058237529203513 22.23253056914711
121.0 24.059239535786922 22.23243896897893
121.5 24.060249423870005 22.232343051658493
122.0 24.06123785158785 22.23224893661409
122.5 24.062263435530568 22.232162486446846
123.0 24.063262504664706 22.232074696837252
123.5 24.064279494712476 22.231992001203107
124.0 24.065318922162984 22.231900998020052
124.5 24.06635394275323 22.231813765785702
125.0 24.06738495859495 22.2317424779878
125.5 24.068437855441587 22.231661749730822
126.0 24.069491286101798 22.231587357645502
126.5 24.07053196894936 22.23151836371823
127.0 24.07158138756352 22.23144501090622
127.5 24.07264240409702 22.231372598897288
128.0 24.073707227995005 22.23130431403877
128.5 24.074784277941944 22.231237682024656
129.0 24.075874964373803 22.2311799746668
129.5 24.076950159003474 22.231108948963257
130.0 24.07802522407298 22.231047976962035
130.5 24.07910754202941 22.230992421649212
131.0 24.080195125433864 22.230935272701
131.5 24.081305316402958 22.230880144669428
132.0 24.082390021498597 22.230828936428672
132.5 24.083501833919073 22.230766780583522
133.0 24.084604261910314 22.23072016694918
133.5 24.085709103435523 22.230669929031144
134.0 24.08682933914438 22.230624939907333
134.5 24.087946586405064 22.230578986051754
135.0 24.089059466074325 22.23053356145666
135.5 24.09019297940803 22.230490597912866
136.0 24.091327195570894 22.230454687646905
136.5 24.092454332184627 22.230408193183738
137.0 24.093590133231082 22.23037675112192
137.5 24.094717570628518 22.230335911608464
138.0 24.09588503900185 22.23030142065589
138.5 24.097019678343244 22.230273326593775
139.0 24.098165094172256 22.23023558138868
139.5 24.09930800505238 22.23020589002764
140.0 24.100472845955025 22.230176752192484
140.5 24.101628965293447 22.230153931948422
141.0 24.102773650691592 22.23012533070291
141.5 24.10395068960479 22.23010333769057
142.0 24.10510662522068 22.230078165350655
142.5 24.106277026649042 22.230057576158536
143.0 24.107433839259443 22.230035266189713
143.5 24.108607403440203 22.23001873387763
144.0 24.109780983476288 22.229999180568317
144.5 24.110967157320022 22.22998412866215
145.0 24.112129709454294 22.22997101285017
145.5 24.11331548939763 22.2299576170783
146.0 24.114493954987015 22.229934954697082
146.5 24.11566878669881 22.229930883995706
147.0 24.11686289458792 22.229916466248405
147.5 24.11804192876852 22.229908471688734
148.0 24.1192151363488 22.22989802859303
148.5 24.120422503241414 22.229891790347793
149.0 24.121608935337356 22.229887885314582
149.5 24.122790596682545 22.229882226009927
150.0 24.123987833865485 22.2298706436689
150.5 24.12517496008636 22.22987286546912
151.0 24.126366638654172 22.229869187883722
151.5 24.127558789784977 22.229871920096254
152.0 24.128765132017907 22.229869631580023
152.5 24.129974435277934 22.229877541919244
153.0 24.131190748691537 22.22987914491007
153.5 24.132387633983733 22.229892811410718
154.0 24.13361968158864 22.229896261401393
154.5 24.13484183035564 22.22991006328936
155.0 24.136080228896162 22.229918915702292
155.5 24.137294075132726 22.229935390314264
156.0 24.138536569585433 22.229950100122046
156.5 24.139771281889097 22.229967393932807
157.0 24.141031545782727 22.229983660759434
157.5 24.142252085011677 22.23000714925426
158.0 24.143545802677227 22.23002935307939
158.5 24.144773788798094 22.23004909651739
159.0 24.146048374602074 22.230080711695123
159.5 24.147318262470883 22.230110991413458
160.0 24.14858807811364 22.230131267997383
160.5 24.149852435922075 22.23016375477915
161.0 24.15112903448884 22.230194271259425
161.5 24.152417743533885 22.230235298707296
162.0 24.15369768513141 22.230266607557976
162.5 24.154992700870753 22.230299838268614
163.0 24.156283191960956 22.230342078894335
163.5 24.157581656193145 22.230381881519538
164.0 24.158873416827905 22.23042625576243
164.5 24.160164875884856 22.230465150500912
165.0 24.16148434657336 22.2305072700612
165.5 24.162790775786398 22.230554128765966
166.0 24.164104191572978 22.230606013294086
166.5 24.165404446158682 22.230651530227515
167.0 24.166732931096387 22.230700594101638
167.5 24.168035192691228 22.230757113005822
168.0 24.169382831632124 22.23080357991979
168.5 24.170700689499753 22.2308509412348
169.0 24.17202640347353 22.230914153504994
169.5 24.173367668336812 22.230971188943535
170.0 24.174696568987258 22.23102391781387
170.5 24.176042073163863 22.23108492960764
171.0 24.17737322600413 22.231141833124155
171.5 24.178700907391214 22.231210339190394
172.0 24.180063157568096 22.231264537544067
172.5 24.181412574731844 22.231335266684606
173.0 24.18275637912518 22.231396142732667
173.5 24.18412218917229 22.23146386509864
174.0 24.18546972960784 22.231536829876678
174.5 24.18680892246975 22.23160495936009
175.0 24.188179044374053 22.231679689960437
175.5 24.18952809596286 22.23174590417556
176.0 24.19089939410091 22.23181653172236
176.5 24.192256919438723 22.231889301439924
177.0 24.193635601582425 22.231968753462603
177.5 24.195003803320795 22.232039692007994
178.0 24.19636546416755 22.232123422254446
178.5 24.197735460052932 22.232189656322447
179.0 24.199093193520476 22.232280658403695
179.5 24.200482957947223 22.232353038886412
180.0 24.201863858918436 22.232436717303166
180.5 24.20322550848254 22.232513951253836
181.0 24.204598024239292 22.232599283035377
181.5 24.205988076142777 22.232689109833778
182.0 24.207378818609826 22.23276698721309
182.5 24.208737129629533 22.23285120060252
183.0 24.2101289441022 22.232943844113496
183.5 24.211511752503302 22.233024690205497
184.0 24.212893168467964 22.233114594787928
184.5 24.214279929927535 22.233199124138423
185.0 24.21566208210279 22.23329442365468
185.5 24.217047873485757 22.23338324334881
186.0 24.218438472091787 22.233479130850323
186.5 24.21982398925687 22.233572351404057
187.0 24.221207329677455 22.23366527974189
187.5 24.222601903569473 22.23375972519058
188.0 24.223986042024528 22.233856191273986
188.5 24.225376520777573 22.23395033396626
189.0 24.226766361505895 22.23404624745122
189.5 24.228145549813455 22.23413627708021
190.0 24.229538669720224 22.234239380379016
190.5 24.23093791634839 22.234339420980127
191.0 24.23231880999175 22.23443962320075
191.5 24.233717302894906 22.234544899908318
192.0 24.235130465222547 22.234644589103368
192.5 24.236520827647396 22.234753168478285
193.0 24.237927828767603 22.234853617485513
193.5 24.2393180349276 22.234967809058407
194.0 24.240738355326698 22.235076958588145
194.5 24.242141498179826 22.23518703774253
195.0 24.243546745952536 22.235296318824833
195.5 24.24495697389765 22.235405589008966
196.0 24.246378555874784 22.23551738178516
196.5 24.247799770308845 22.235633236105453
197.0 24.249226387375145 22.235744523526193
197.5 24.250640480207757 22.235859666951345
198.0 24.252066953363535 22.235979775466618
198.5 24.253489580583786 22.23610059488481
199.0 24.25491339882731 22.23621901179343
199.4999999999999 24.256338395430962 22.236337540668195
200.0 24.257784164477776 22.23645796491133
200.5 24.259227142743562 22.23657877818942
200.9999999999999 24.260657904029873 22.236703282210016
201.5 24.26209522332482 22.23683450104504
202.0 24.263537565590482 22.23695909484913
202.4999999999999 24.26497011537605 22.237085235036144
203.0 24.26640666211671 22.23721145567929
203.5 24.26786482000923 22.23734459364944
203.9999999999999 24.26930952906411 22.237470368782773
204.5 24.270754905614833 22.237603155709653
205.0 24.27221106646051 22.23774006286281
205.4999999999999 24.273656405976173 22.237871308987422
206.0 24.27510812430338 22.238007172065082
206.5 24.276576645925317 22.238141873535675
206.9999999999999 24.278034113850644 22.238284851959214
207.5 24.279491640513623 22.238420743602823
208.0 24.280958049567182 22.23855537850995
208.4999999999999 24.282437198806615 22.238697691983713
209.0 24.2838838612699 22.238840726194095
209.5 24.28535208355789 22.238986233572234
209.9999999999999 24.28683086234753 22.239122081086368
210.5 24.28828673657908 22.2392715284117
211.0 24.289770701316876 22.23942584600408
211.4999999999999 24.291246327639897 22.23956252443051
212.0 24.292720303783323 22.23971329982943
212.5 24.294212992191383 22.239866279086655
212.9999999999999 24.295704343418258 22.24001563510196
213.5 24.297188582384223 22.240160214682653
214.0 24.298666608340348 22.24031849067872
214.4999999999999 24.300173355034612 22.240466248682313
215.0 24.301652091578 22.240626631496056
215.5 24.303130712720183 22.240777532998862
215.9999999999999 24.304627814358742 22.24094502988281
216.5 24.30614160789339 22.241095139979127
217.0 24.307636636492486 22.24125399051578
217.4999999999999 24.30913784324965 22.241409953614372
218.0 24.31063187774758 22.241576243671005
218.5 24.312141043462532 22.241731460105697
218.9999999999999 24.313644026610667 22.241899116100733
219.5 24.31515039538698 22.242061980744356
220.0 24.316652372617217 22.242223608708166
220.4999999999999 24.318172548066947 22.242388931118377
221.0 24.319680029254958 22.24255813320401
221.5 24.321204658293084 22.242725754690934
221.9999999999999 24.32271696666 22.242893485704318
222.5 24.32424410476621 22.243069498784614
223.0 24.32575777383547 22.243230016546946
223.4999999999999 24.327270304693116 22.243408115759028
224.0 24.328811980199188 22.243581650979273
224.5 24.330324059958514 22.24375262299198
224.9999999999999 24.33184146488759 22.24392996281466
225.5 24.333358821878846 22.244102837906823
226.0 24.334910050200115 22.2442780524795
226.4999999999999 24.3364489927217 22.244456651620588
227.0 24.337988038170344 22.244633082414524
227.5 24.33951965514069 22.244817097352122
227.9999999999999 24.34105684837407 22.244993182057268
228.5 24.342590342312533 22.245179124344926
229.0 24.344136126237025 22.245363743698494
229.4999999999999 24.345691636783883 22.245547236666106
230.0 24.3472376562752 22.245734456603653
230.5 24.34879375776964 22.24591750892628
230.9999999999999 24.350329113948256 22.246106123871613
231.5 24.3518822571535 22.246299895633012
232.0 24.35346032448805 22.246488021401866
232.4999999999999 24.35501687785623 22.24667362488227
233.0 24.35658251470883 22.24686635091331
233.5 24.358133468212507 22.247063445830804
233.9999999999999 24.359701032168726 22.24725834544557
234.5 24.361284157827647 22.24745239502159
235.0 24.362840755455917 22.247648748070773
235.4999999999999 24.364433373065587 22.247840694554743
236.0 24.365987098131345 22.248045798466652
236.5 24.367557428053065 22.248244977219773
236.9999999999999 24.369149544034325 22.24844061399571
237.5 24.37072296440256 22.248653274586005
238.0 24.372314584637312 22.248849191452692
238.4999999999999 24.37389968492855 22.24905602505698
239.0 24.375497154209004 22.24926072236508
239.5 24.377087022693708 22.249472366496047
239.9999999999999 24.378680449875084 22.249676516624007
240.5 24.380285180517127 22.249884586500883
241.0 24.381862994322194 22.250094131911737
241.4999999999999 24.383463976617314 22.250309136237423
242.0 24.385070262203126 22.25052102481826
242.5 24.38667192550478 22.250735423913774
242.9999999999999 24.38828182917746 22.250946144215572
243.5 24.38989179441783 22.25116092143674
244.0 24.39150458491698 22.25137848041936
244.4999999999999 24.393116640841374 22.251594497697585
245.0 24.39473572363338 22.251810526674028
245.5 24.396340332749244 22.25203162227433
245.9999999999999 24.397962282746917 22.252253548611822
246.5 24.39957853825267 22.25247331788713
247.0 24.40121438108308 22.252701251341268
247.4999999999999 24.402830597509833 22.252921574925402
248.0 24.404455268448682 22.25313545495947
248.5 24.406094731011873 22.2533738375779
248.9999999999999 24.407727724020674 22.253589091055133
249.5 24.40937314073836 22.25382198855413
250.0 24.4109929708489 22.25405460404206
250.4999999999999 24.412624661269916 22.254278760716705
251.0 24.41426585663436 22.254514244967268
251.5 24.415920122114866 22.254748550338274
251.9999999999999 24.41755736583765 22.254978793550197
252.5 24.419210351617302 22.25521609788482
253.0 24.420859498074936 22.255441838007293
253.4999999999999 24.422510379537048 22.25567751339714
254.0 24.424151107480082 22.255915961289084
254.5 24.425812003509783 22.256151445708007
254.9999999999999 24.427454454159616 22.256394799296753
255.5 24.42911534198099 22.256631649466335
256.0 24.43079009023217 22.256875540017788
256.4999999999999 24.432457156962077 22.257113639855675
257.0 24.434120195070168 22.25735679907853
257.5 24.435779696938074 22.257597241167556
257.9999999999999 24.437436291322435 22.257841101813284
258.5 24.439120995855113 22.258085180644116
259.0 24.4407965277114 22.258331615366814
259.4999999999999 24.44246115715362 22.258579724343633
260.0 24.44412765784818 22.25882846454033
260.5 24.445803769212535 22.25907385722982
260.9999999999999 24.447482019539546 22.25933218008489
261.5 24.44917522939821 22.25957482905159
262.0 24.45083650637439 22.25982783362047
262.4999999999999 24.45254269071292 22.26007537255291
263.0 24.45423436379354 22.26032581318281
263.5 24.455896076097027 22.260582048667956
263.9999999999999 24.45759958246444 22.260834559501596
264.5 24.459299189516344 22.261096356109334
265.0 24.460980232560374 22.2613536047997
265.4999999999999 24.46268608296597 22.26160744300802
266.0 24.464378105167985 22.26186943810072
266.5 24.466083691635472 22.26213034226351
266.9999999999999 24.46778384976308 22.26239298331507
267.5 24.46951394020559 22.26265231754222
268.0 24.47120726209706 22.26291102906081
268.4999999999999 24.47293047881773 22.26317738129954
269.0 24.474657963574373 22.26344496395175
269.5 24.476387196684787 22.26370801183797
269.9999999999999 24.47809690038735 22.26398372588655
270.5 24.479856932549097 22.264250002621893
271.0 24.481567396975205 22.264522221505928
271.4999999999999 24.48331661276017 22.26478791705931
272.0 24.485054236415927 22.265059634218392
272.5 24.486803207646645 22.265326691142345
272.9999999999999 24.488538404113847 22.265605033278884
273.5 24.49031572909435 22.26588328819297
274.0 24.492069181406706 22.266160400812606
274.4999999999999 24.493813204480446 22.26643657815551
275.0 24.495572385718045 22.26671761301535
275.5 24.49731947845592 22.266991736566965
275.9999999999999 24.4990934175732 22.26727094575881
276.5 24.500870460851637 22.267547155613514
277.0 24.502627491311536 22.26783705898406
277.4999999999999 24.504392672694483 22.26811694814546
278.0 24.506178857754644 22.268401179575395
278.5 24.507963566051583 22.26869071671136
278.9999999999999 24.509726888694793 22.2689744994315
279.5 24.511511500215835 22.269262406074184
280.0 24.51330607251475 22.269543381892042
280.4999999999999 24.515090624990687 22.269848262625036
281.0 24.516879112191777 22.270130599208425
281.5 24.518654254394583 22.270426311197692
281.9999999999999 24.52045280930283 22.27071667442236
282.5 24.52224207834446 22.27099759253743
283.0 24.52401832581365 22.271296758061858
283.4999999999999 24.525811893868486 22.27159592428361
284.0 24.527636136099527 22.27189443712892
284.5 24.529433419965972 22.272191288722645
284.9999999999999 24.531231070709335 22.272495729285335
