FastTrWP/PhaseSpace/IAs/snIa_0.6_20_0.0_0.1.csv
# %ECSV 0.9
# ---
# datatype:
# - {name: time-rel, datatype: float64}
# - {name: g, datatype: float64}
# - {name: i, datatype: float64}
# schema: astropy-2.0
time-rel g i
[from data line 1390]
681.2291666666666 -25.010544011257547 -27.656836044368514
681.7291666666666 -25.00864437993922 -27.65630352125841
682.2291666666666 -25.00674538327839 -27.655763975354294
682.7291666666666 -25.004821311528445 -27.655228710743604
683.2291666666666 -25.00290945785813 -27.65468559998783
683.7291666666666 -25.00097517359956 -27.654148459587336
684.2291666666666 -24.999089394128337 -27.653600169495466
684.7291666666666 -24.997166016121334 -27.653061982398164
685.2291666666666 -24.995247289929758 -27.65251912214402
685.7291666666666 -24.993361102134834 -27.65197894968988
686.2291666666666 -24.991423007532415 -27.651433618895393
686.7291666666666 -24.989534677319245 -27.650887802781735
687.2291666666666 -24.98760836305632 -27.65034301346458
687.7291666666666 -24.985696847910216 -27.64979393501809
688.2291666666666 -24.98380158987755 -27.649244572892634
688.7291666666666 -24.98188276704989 -27.648694859010273
689.2291666666666 -24.979981199727344 -27.648146906064156
689.7291666666666 -24.978063923398054 -27.64760089998621
690.2291666666666 -24.976164324849567 -27.64704148594312
690.7291666666666 -24.97427430376394 -27.646494266053526
691.2291666666666 -24.972363519175392 -27.645935354279207
691.7291666666666 -24.970430359747688 -27.645388887826176
692.2291666666666 -24.968540239131386 -27.644831363651818
692.7291666666666 -24.96664482177184 -27.64427117359422
693.2291666666666 -24.96472614558464 -27.643715508244043
693.7291666666666 -24.962837792037014 -27.643164430126696
694.2291666666666 -24.960921606638475 -27.6426020960233
694.7291666666666 -24.959036884784595 -27.64204588683437
695.2291666666666 -24.957124666598066 -27.641475983638493
695.7291666666666 -24.955212043938015 -27.64092499923821
696.2291666666666 -24.95331326688746 -27.64036077170025
696.7291666666666 -24.951412366707938 -27.639797094414845
697.2291666666666 -24.949530838599962 -27.639229223809494
697.7291666666666 -24.94760611802461 -27.638661456671436
698.2291666666666 -24.945718812483044 -27.638098225536996
698.7291666666666 -24.94382059573904 -27.63753074804116
699.2291666666666 -24.941926300105052 -27.636963282635243
699.7291666666666 -24.94003331990049 -27.63639164160654
700.2291666666666 -24.938145806080367 -27.635826581728878
700.7291666666666 -24.936230748576182 -27.635253454169465
701.2291666666666 -24.934363903603625 -27.634679707502396
701.7291666666666 -24.932446416391826 -27.634109697597182
702.2291666666666 -24.930567008849597 -27.63353406553191
702.7291666666666 -24.928685427902373 -27.632961378494766
703.2291666666666 -24.926794486011413 -27.63238731588816
703.7291666666666 -24.92490073958961 -27.63181049331628
704.2291666666666 -24.923029113162528 -27.63123550161111
704.7291666666666 -24.92113423570987 -27.630650464027823
705.2291666666666 -24.919260265744253 -27.63007587190376
705.7291666666666 -24.91735948679633 -27.6294891105818
706.2291666666666 -24.915464682047684 -27.628903836652803
706.7291666666666 -24.91361937579457 -27.628327025436196
707.2291666666666 -24.911738682215173 -27.627743166181162
707.7291666666666 -24.909856885611248 -27.627163109491462
708.2291666666666 -24.907976000737033 -27.626571118451984
708.7291666666666 -24.906110496930726 -27.62599141428128
709.2291666666666 -24.90425163175216 -27.62540015651259
709.7291666666666 -24.90237299509968 -27.624808968177206
710.2291666666666 -24.900488157881952 -27.624228340072257
710.7291666666666 -24.898613521331697 -27.62363473694855
711.2291666666666 -24.89677978063547 -27.623043839590032
711.7291666666666 -24.89487190710834 -27.622454168242896
712.2291666666666 -24.893013844931623 -27.621858803533435
712.7291666666666 -24.891157835246304 -27.6212552791075
713.2291666666666 -24.889275859066245 -27.620666359205867
713.7291666666666 -24.887419213064664 -27.620069772336436
714.2291666666666 -24.88555361764867 -27.61947922181299
714.7291666666666 -24.883674528752614 -27.618873065994197
715.2291666666666 -24.881818960013554 -27.618268593265952
715.7291666666666 -24.879954561927825 -27.617672151297988
716.2291666666666 -24.878111501189032 -27.617075516379433
716.7291666666666 -24.876237200183414 -27.61647324355423
717.2291666666666 -24.874366282941992 -27.615870313795003
717.7291666666666 -24.872525803715135 -27.61526297067911
718.2291666666666 -24.87067925873937 -27.614657501886786
718.7291666666666 -24.868809924784024 -27.614054238934585
719.2291666666666 -24.86694361609496 -27.613442757772457
719.7291666666666 -24.865096429000594 -27.612842059257765
720.2291666666666 -24.863247497103078 -27.612229443040903
720.7291666666666 -24.861392946771762 -27.61161728304601
721.2291666666666 -24.859523093411 -27.61100580838314
721.7291666666666 -24.857712700782415 -27.610396892220578
722.2291666666666 -24.85584514947262 -27.609782557364664
722.7291666666666 -24.85398203847856 -27.609173605500917
723.2291666666666 -24.852131335910386 -27.608556813729017
723.7291666666666 -24.85032861443559 -27.607931832502693
724.2291666666666 -24.84846095579642 -27.607328417717465
724.7291666666666 -24.846612969580846 -27.606706064415484
725.2291666666666 -24.844765804969946 -27.606088037575482
725.7291666666666 -24.84292875946099 -27.605473162817745
726.2291666666666 -24.841071881986842 -27.604845234935755
726.7291666666666 -24.83924226688563 -27.604222543718517
727.2291666666666 -24.837394207461458 -27.603599792651888
727.7291666666666 -24.835547756806577 -27.602981048719705
728.2291666666666 -24.833722450125425 -27.602356933948002
728.7291666666666 -24.831846357874944 -27.601723878358264
729.2291666666666 -24.83003343833493 -27.60110426858658
729.7291666666666 -24.828204690383924 -27.60047758737096
730.2291666666666 -24.826350722923852 -27.59984644943989
730.7291666666666 -24.824509077949685 -27.599223842940997
731.2291666666666 -24.822684277087387 -27.598586592594817
731.7291666666666 -24.820851508884815 -27.597953491445182
732.2291666666666 -24.81897758215727 -27.597322152546965
732.7291666666666 -24.81716404512102 -27.59668697926522
733.2291666666666 -24.815343285913304 -27.59605459115499
733.7291666666666 -24.813507697024374 -27.595419265488733
734.2291666666666 -24.811661808025953 -27.594790701445582
734.7291666666666 -24.809839037318035 -27.59414833073881
735.2291666666666 -24.808017942380665 -27.59350647060749
735.7291666666666 -24.806176779266913 -27.59286753341781
736.2291666666666 -24.804349077610127 -27.592221974281024
736.7291666666666 -24.802541736172394 -27.591587051622767
737.2291666666666 -24.800702037075165 -27.59094279261241
737.7291666666666 -24.798879245936316 -27.590296237844292
738.2291666666666 -24.797039145718767 -27.58965272353924
738.7291666666666 -24.795223547421923 -27.588996899626835
739.2291666666666 -24.793439698492776 -27.58835077021224
739.7291666666666 -24.791624393971148 -27.587710612475597
740.2291666666666 -24.78979704073979 -27.587057867944374
740.7291666666666 -24.787985827402508 -27.586404839980396
741.2291666666666 -24.78617919922212 -27.585752636537386
741.7291666666666 -24.784383564133993 -27.585092415101272
742.2291666666666 -24.782576234087756 -27.58443737806409
742.7291666666666 -24.780787153308307 -27.583789709520236
743.2291666666666 -24.778981092393614 -27.583120589471473
743.7291666666666 -24.777192940886614 -27.58247001368869
744.2291666666666 -24.775399735867442 -27.58180584224485
744.7291666666666 -24.773578138528215 -27.581145834814844
745.2291666666666 -24.771799920941795 -27.58047949531912
745.7291666666666 -24.769980735903154 -27.57981857670365
746.2291666666666 -24.768218760808438 -27.57915638369567
746.7291666666666 -24.76643442276373 -27.57849188456399
747.2291666666666 -24.76466136404992 -27.577822918987913
747.7291666666666 -24.762881293312198 -27.57715108112292
748.2291666666666 -24.761063994412794 -27.57648313975201
748.7291666666666 -24.759328525900102 -27.57581209571155
749.2291666666666 -24.75752451431458 -27.57514026752636
749.7291666666666 -24.755732594474754 -27.574469967845744
750.2291666666666 -24.753961754810835 -27.573802358451527
750.7291666666666 -24.75219519862055 -27.57313215097679
751.2291666666666 -24.750402660429994 -27.5724534332658
751.7291666666666 -24.748614472922107 -27.571766385712625
752.2291666666666 -24.746845433519702 -27.571101456229638
752.7291666666666 -24.745079195922063 -27.570418461281363
753.2291666666666 -24.74331536627455 -27.56973910110755
753.7291666666666 -24.74154989736197 -27.56905686466714
754.2291666666666 -24.739767253726445 -27.568376997133512
754.7291666666665 -24.7380065279468 -27.567694188220628
755.2291666666666 -24.73624732344802 -27.56700841642608
755.7291666666666 -24.734474697063355 -27.566324248650297
756.2291666666665 -24.73272767358621 -27.565643223598975
756.7291666666666 -24.730938317476973 -27.56495042066824
757.2291666666666 -24.729185390737637 -27.564272239053746
757.7291666666665 -24.727418977993693 -27.563582322410802
758.2291666666666 -24.725626458928403 -27.56289853947677
758.7291666666666 -24.72388355217689 -27.562203127336087
759.2291666666665 -24.72211514610639 -27.561518739635936
759.7291666666666 -24.720345578863537 -27.5608224209136
760.2291666666666 -24.71859548188324 -27.560135450748167
760.7291666666665 -24.716828261033825 -27.559439634809642
761.2291666666666 -24.71509838911848 -27.558757131557655
761.7291666666666 -24.71329108308292 -27.558056592705434
762.2291666666665 -24.711543015648726 -27.55735918386851
762.7291666666666 -24.709786742299002 -27.556664618442053
763.2291666666666 -24.708025473515335 -27.555964743991957
763.7291666666665 -24.706265116079855 -27.555271957116616
764.2291666666666 -24.704478034506113 -27.55457416298144
764.7291666666666 -24.702730584610183 -27.55387975964522
765.2291666666665 -24.700983643476306 -27.553176340698442
765.7291666666666 -24.699208083050088 -27.55248014162371
766.2291666666666 -24.697421487815546 -27.55177608474724
766.7291666666665 -24.69569292544638 -27.551075027687425
767.2291666666666 -24.693902721249607 -27.55037863672378
767.7291666666666 -24.69217029467024 -27.549674063844552
768.2291666666665 -24.69038230724847 -27.54897965145552
768.7291666666666 -24.68862732137862 -27.548268485404233
769.2291666666666 -24.686839949303288 -27.547566267549936
769.7291666666665 -24.68507176252188 -27.546858599584546
770.2291666666666 -24.683303346542917 -27.546152307022993
770.7291666666666 -24.681532554151104 -27.5454466786921
771.2291666666665 -24.679780621433682 -27.54474755141636
771.7291666666666 -24.67800441755726 -27.544035798653308
772.2291666666666 -24.676239717872765 -27.543328674872463
772.7291666666665 -24.674450030106602 -27.54261495125807
773.2291666666666 -24.672693599669625 -27.54191898395582
773.7291666666666 -24.67092713350234 -27.541205638684293
774.2291666666665 -24.669154897123313 -27.540494676096966
774.7291666666666 -24.667375023397454 -27.539784117072116
775.2291666666666 -24.66560237211275 -27.539074765365854
775.7291666666665 -24.66382905458193 -27.538355634202087
776.2291666666666 -24.662056311343427 -27.537646305506765
776.7291666666666 -24.66029923769033 -27.53693269369139
777.2291666666665 -24.65855519427989 -27.5362213898781
777.7291666666666 -24.65676087545143 -27.535506364173123
778.2291666666666 -24.65497647154052 -27.53478207334154
778.7291666666665 -24.653235664594867 -27.534070241957863
779.2291666666666 -24.651481392395034 -27.533351985553246
779.7291666666666 -24.649711038072937 -27.532629374926145
780.2291666666665 -24.64797946387696 -27.531906429122287
780.7291666666666 -24.646209267458534 -27.5311879404812
781.2291666666666 -24.644438158903572 -27.530467377237628
781.7291666666665 -24.642674736356135 -27.52973738168015
782.2291666666666 -24.64091100439132 -27.529020040785714
782.7291666666666 -24.63918614462784 -27.528294092431
783.2291666666665 -24.637403595329594 -27.527569309758498
783.7291666666666 -24.63567196867934 -27.526837269533964
784.2291666666666 -24.63389727805295 -27.526113956750468
784.7291666666665 -24.63215647550198 -27.52537626414249
785.2291666666666 -24.63040592855451 -27.524650745398638
785.7291666666666 -24.62861946155766 -27.523915669986994
786.2291666666665 -24.626872049431448 -27.523196223069156
786.7291666666666 -24.62515748156155 -27.522455843706787
787.2291666666666 -24.623362371130785 -27.521725520351733
787.7291666666665 -24.621657689095592 -27.520986142018305
788.2291666666666 -24.61989600132554 -27.52025447413734
788.7291666666666 -24.618165776570255 -27.519526793734848
789.2291666666665 -24.61639540610153 -27.51877967766338
789.7291666666666 -24.61466220946535 -27.518051021579524
790.2291666666666 -24.612880316967967 -27.517315057219083
790.7291666666665 -24.61114178066424 -27.516572067422388
791.2291666666666 -24.60940331400913 -27.5158322921899
791.7291666666666 -24.607658425616115 -27.515092990926586
792.2291666666665 -24.605921564451073 -27.514349376925846
792.7291666666666 -24.60416244223328 -27.513611157974793
793.2291666666666 -24.602431314436632 -27.5128676360669
793.7291666666665 -24.600685435318322 -27.512124136122512
794.2291666666666 -24.598939207577377 -27.51138015031193
794.7291666666666 -24.59717045957263 -27.510629155250687
795.2291666666665 -24.5954112659378 -27.509886913652974
795.7291666666666 -24.59367485611481 -27.509142738055953
796.2291666666666 -24.591928575703026 -27.50839590896891
796.7291666666665 -24.5901657601041 -27.507646657432346
797.2291666666666 -24.588443513878303 -27.50690005101442
797.7291666666666 -24.586686852110233 -27.506154955340932
798.2291666666665 -24.58493723961133 -27.505394666272824
798.7291666666666 -24.583189616406813 -27.504650532781525
799.2291666666666 -24.58142625768957 -27.50389769990629
799.7291666666665 -24.57971024173318 -27.503147981164233
800.2291666666666 -24.57795773856281 -27.50239064519464
800.7291666666666 -24.576211401470932 -27.50163657159815
801.2291666666665 -24.574448444585908 -27.500882806418563
801.7291666666666 -24.57266489789783 -27.500131145213853
802.2291666666666 -24.5709575863558 -27.499372847793545
802.7291666666665 -24.569205353422557 -27.498613991888714
803.2291666666666 -24.567407962891824 -27.497865140639423
803.7291666666666 -24.56566818658343 -27.497104521895256
804.2291666666665 -24.563917346132953 -27.49634333804967
804.7291666666666 -24.562155233667777 -27.495583604354806
805.2291666666666 -24.560413218068184 -27.494829026259275
805.7291666666665 -24.558670273807568 -27.494063812050772
806.2291666666666 -24.556901519676067 -27.493310403230286
806.7291666666666 -24.555148876697707 -27.49254568427572
807.2291666666665 -24.553383357337704 -27.49178451089501
807.7291666666666 -24.551607898130147 -27.491020295675398
808.2291666666666 -24.549867218655304 -27.490255624960156
808.7291666666665 -24.548089492308236 -27.489492269045478
809.2291666666666 -24.546318678241686 -27.48872533995696
809.7291666666666 -24.544580416222438 -27.48795804047985
810.2291666666665 -24.542792090049154 -27.487198361986476
810.7291666666666 -24.541019099493514 -27.486431273559155
811.2291666666666 -24.53924969432636 -27.48566189584945
811.7291666666665 -24.537515090332242 -27.484892913364867
812.2291666666666 -24.535702903186532 -27.484130932978466
812.7291666666666 -24.533950467541715 -27.48335651977062
813.2291666666665 -24.532159882544224 -27.48258736445129
813.7291666666666 -24.530401931267175 -27.481823047052902
814.2291666666666 -24.528630248048625 -27.481051610456795
814.7291666666665 -24.5268408505534 -27.48027948160983
815.2291666666666 -24.525067030651368 -27.479504914171976
815.7291666666666 -24.52328517863061 -27.478733629467875
816.2291666666665 -24.52151893643919 -27.47796115897273
816.7291666666666 -24.519768322949464 -27.47718674409775
817.2291666666666 -24.517963295883654 -27.47641501952392
817.7291666666665 -24.516187799003323 -27.47563023989601
818.2291666666666 -24.514415286456746 -27.474864387563915
818.7291666666666 -24.512659546866207 -27.474090289058847
819.2291666666665 -24.510883530498702 -27.473314369302916
819.7291666666666 -24.50910346529282 -27.472535355292006
820.2291666666666 -24.507336002374874 -27.4717513859905
