FastTrWP/PhaseSpace/IAs/snIa_0.45_30.00_0.92_-0.23.csv
# %ECSV 0.9
# ---
# datatype:
# - {name: time-rel, datatype: float64}
# - {name: g, datatype: float64}
# - {name: i, datatype: float64}
# schema: astropy-2.0
time-rel g i
[from data line 1733]
1018.6458333333334 23.71272913770584 22.8379486190622
1019.1458333333334 23.714494592416738 22.838687872099026
1019.6458333333334 23.71625360760892 22.839421907462054
1020.1458333333334 23.71802605721024 22.840167510531156
1020.6458333333334 23.719782677636548 22.84090167537759
1021.1458333333334 23.72155710811008 22.841647796484615
1021.6458333333334 23.72330396992565 22.84238778833196
1022.1458333333334 23.725073553134514 22.843132735852414
1022.6458333333334 23.726843874148017 22.84388019392113
1023.1458333333334 23.72860442614406 22.844614417645968
1023.6458333333334 23.730372232533696 22.845360330762464
1024.1458333333333 23.732117785701963 22.846115478042055
1024.6458333333333 23.733888756170888 22.846863243776628
1025.1458333333333 23.73565839474942 22.84761253756291
1025.6458333333333 23.73742497767917 22.848360466990925
1026.1458333333333 23.739176385451213 22.84910536449184
1026.6458333333333 23.740950610269262 22.84986323802166
1027.1458333333333 23.742714654836817 22.85061747536109
1027.6458333333333 23.7444761613666 22.851376188916255
1028.1458333333333 23.74624336153902 22.852120731933102
1028.6458333333333 23.748010408332355 22.852872167811583
1029.1458333333333 23.74977448087563 22.85363310256124
1029.6458333333333 23.75153565816636 22.85439074793387
1030.1458333333333 23.75330191375303 22.855148818238252
1030.6458333333333 23.755080002651773 22.855908678004887
1031.1458333333333 23.756859958440245 22.85667464543856
1031.6458333333333 23.758625653548094 22.857433368642198
1032.1458333333333 23.760382509327606 22.8581954045247
1032.6458333333333 23.76214167381828 22.858958513099125
1033.1458333333333 23.76392767855428 22.859720838121383
1033.6458333333333 23.765689446945583 22.860482964068616
1034.1458333333333 23.767453927598726 22.86125666178051
1034.6458333333333 23.769229265270354 22.862021599574764
1035.1458333333333 23.770990262721146 22.862794772877596
1035.6458333333333 23.772768636009847 22.86356676869334
1036.1458333333333 23.77454027283798 22.864324036453276
1036.6458333333333 23.77630642387932 22.865105993812897
1037.1458333333333 23.778099525820036 22.86587661444548
1037.6458333333333 23.77986132573113 22.86664278521368
1038.1458333333333 23.78163429477411 22.867426567709927
1038.6458333333333 23.783414126061814 22.86819664395752
1039.1458333333333 23.785189118793113 22.868982490667584
1039.6458333333333 23.78695396375163 22.869757283408507
1040.1458333333333 23.788734297671816 22.8705314247998
1040.6458333333333 23.790521282697718 22.87131287642174
1041.1458333333333 23.79228488630308 22.872098082082204
1041.6458333333333 23.794070705755384 22.872874040363374
1042.1458333333333 23.795844305181927 22.873659983289926
1042.6458333333333 23.797629597149147 22.874441265829265
1043.1458333333333 23.799398089208136 22.875234054599996
1043.6458333333333 23.801188197834296 22.876027517665534
1044.1458333333333 23.802969392697584 22.876804729781778
1044.6458333333333 23.804765931574025 22.877599163106748
1045.1458333333333 23.806520420236538 22.878390575196732
1045.6458333333333 23.808306505484378 22.879178752227975
1046.1458333333333 23.810091980015482 22.87996817099556
1046.6458333333333 23.811881353185132 22.88076943214265
1047.1458333333333 23.813646873928548 22.881553910256006
1047.6458333333333 23.815440761478417 22.88235488829667
1048.1458333333333 23.817223582350934 22.883155479192745
1048.6458333333333 23.819000652311118 22.883946829959136
1049.1458333333333 23.820776367714792 22.884746819505185
1049.6458333333333 23.82256440755906 22.885540620403155
1050.1458333333333 23.824336661720643 22.886347292951918
1050.6458333333333 23.826139352552566 22.887148512912145
1051.1458333333333 23.827902674425392 22.88795224265502
1051.6458333333333 23.829689799654943 22.888755592026868
1052.1458333333333 23.83147463989706 22.889560020494095
1052.6458333333333 23.833256128762873 22.89035964368277
1053.1458333333333 23.835044251556457 22.891166709306173
1053.6458333333333 23.83682458380563 22.891983726550308
1054.1458333333333 23.838619630479712 22.892792669967147
1054.6458333333333 23.840396779207744 22.893599394446053
1055.1458333333333 23.842181046050023 22.894409206905433
1055.6458333333333 23.843969467839592 22.895221612883546
1056.1458333333333 23.845753741954915 22.896031044414666
1056.6458333333333 23.847532742584654 22.89684692527213
1057.1458333333333 23.849325351587765 22.897659951033873
1057.6458333333333 23.85110828198176 22.898473576385243
1058.1458333333333 23.85289041970576 22.89929799171968
1058.6458333333333 23.854679918593305 22.90011415273845
1059.1458333333333 23.85645939852134 22.90093495650094
1059.6458333333333 23.85825116855723 22.901755557378422
1060.1458333333333 23.860039597404263 22.90258069251947
1060.6458333333333 23.861831241549922 22.903403318440894
1061.1458333333333 23.863611443524057 22.904216865475057
1061.6458333333333 23.865399992404818 22.9050470814034
1062.1458333333333 23.867191070504674 22.905875668017963
1062.6458333333333 23.868976505513086 22.906705573065565
1063.1458333333333 23.8707522443632 22.907538514962624
1063.6458333333333 23.872553627626107 22.908373635159943
1064.1458333333333 23.874347370756304 22.909195476797738
1064.6458333333333 23.876153392022424 22.910027225320153
1065.1458333333333 23.87794151743066 22.91086818727303
1065.6458333333333 23.879731827375284 22.91170211858895
1066.1458333333333 23.881518645016577 22.91254189852689
1066.6458333333333 23.88331196477186 22.913374062508993
1067.1458333333333 23.885092324792787 22.914216203527143
1067.6458333333333 23.88688698297205 22.915053783425805
1068.1458333333333 23.888688773244585 22.915900279463553
1068.6458333333333 23.890484688247966 22.916739942904872
1069.1458333333333 23.892268571273686 22.91758906535525
1069.6458333333333 23.894072996976533 22.91842480207653
1070.1458333333333 23.895871554183206 22.919282940778714
1070.6458333333333 23.8976413731612 22.92012462972716
1071.1458333333333 23.899449345269975 22.9209781898177
1071.6458333333333 23.901242181099235 22.92181851735531
1072.1458333333333 23.90304656227815 22.922682655732622
1072.6458333333333 23.90483849463775 22.92352698925418
1073.1458333333333 23.906637216415984 22.92438638822462
1073.6458333333333 23.908434839297136 22.925242530888408
1074.1458333333333 23.910235207408647 22.926094806286436
1074.6458333333333 23.91203113206298 22.926961559923793
1075.1458333333333 23.913844545659728 22.927822027874015
1075.6458333333333 23.91564385121221 22.92867809306032
1076.1458333333333 23.917437477745867 22.92954571310437
1076.6458333333333 23.91924312947981 22.930415372330067
1077.1458333333333 23.921050784866225 22.931272671135574
1077.6458333333333 23.92284239961465 22.932135129843836
1078.1458333333333 23.92465412284402 22.93300984171848
1078.6458333333333 23.926455933688324 22.933886218702927
1079.1458333333333 23.92826249185758 22.934755694506027
1079.6458333333333 23.930052329030254 22.935627606018816
1080.1458333333333 23.931860576323945 22.93650158873419
1080.6458333333333 23.933667882819623 22.937377170231677
1081.1458333333333 23.93545724514908 22.938247454555786
1081.6458333333333 23.937274967746127 22.939129498123656
1082.1458333333333 23.939069654823687 22.940016915870288
1082.6458333333333 23.940878404615546 22.940900955829896
1083.1458333333333 23.942696911512282 22.941778458299527
1083.6458333333333 23.944490652576505 22.942665366640952
1084.1458333333333 23.946289999519262 22.94354598361869
1084.6458333333333 23.94810429044197 22.944433447443142
1085.1458333333333 23.9498969598585 22.945329475372148
1085.6458333333333 23.951709112222446 22.94621704646893
1086.1458333333333 23.953517822252266 22.947111922206425
1086.6458333333333 23.955330429675932 22.947995903410803
1087.1458333333333 23.95712367072327 22.948895180491633
1087.6458333333333 23.958936728452006 22.949782963400445
1088.1458333333333 23.960749523707104 22.950695750298486
1088.6458333333333 23.962542962926374 22.951586372287988
1089.1458333333333 23.964351235421905 22.95248070548213
1089.6458333333333 23.96616756273147 22.953386376192686
1090.1458333333333 23.967971247346377 22.95428591084836
1090.6458333333333 23.969773481832107 22.955196369905625
1091.1458333333333 23.97157866739727 22.956098479231912
1091.6458333333333 23.973396823691424 22.957006270095857
1092.1458333333333 23.975213798946093 22.957915707620707
1092.6458333333333 23.977027627021887 22.958827538489167
1093.1458333333333 23.978826376765824 22.9597357747775
1093.6458333333333 23.980631871195545 22.96064996279915
1094.1458333333333 23.982454268413136 22.961558608109964
1094.6458333333333 23.984262903342454 22.962469137480124
1095.1458333333333 23.986074832166725 22.963391119163482
1095.6458333333333 23.987880440067897 22.964312513641612
1096.1458333333333 23.98969129569099 22.965230960436024
1096.6458333333333 23.99151253529218 22.96614967464111
1097.1458333333333 23.99330712928453 22.967069225449166
1097.6458333333333 23.995127376936637 22.967993175253817
1098.1458333333333 23.996947196154835 22.968920904949712
1098.6458333333333 23.99874307194246 22.96984914586244
1099.1458333333333 24.00056867579879 22.970768118299798
1099.6458333333333 24.00238287681034 22.97170226538425
1100.1458333333333 24.00420738328108 22.972628558386763
1100.6458333333333 24.00598528320167 22.973560333128123
1101.1458333333333 24.00782380509552 22.974497400709577
1101.6458333333333 24.00962644401229 22.97542854045905
1102.1458333333333 24.011456352328878 22.97635818189994
1102.6458333333333 24.013263277961144 22.97729863831727
1103.1458333333333 24.015082924571367 22.978242529391974
1103.6458333333333 24.01689641052029 22.979182575491784
1104.1458333333333 24.01870283506422 22.98012379817952
1104.6458333333333 24.020542063725486 22.98106428167841
1105.1458333333333 24.0223473793197 22.982005125907424
1105.6458333333333 24.024173083091696 22.982948275170813
1106.1458333333333 24.025995571086554 22.983901663023964
1106.6458333333333 24.027821472621813 22.98483677763606
1107.1458333333333 24.029639627579982 22.98579178081871
1107.6458333333333 24.03145224254613 22.986741933284375
1108.1458333333333 24.03328064546362 22.987684488214043
1108.6458333333333 24.035096613148642 22.988633724834003
1109.1458333333333 24.03693627057023 22.989594434745257
1109.6458333333333 24.03876546508821 22.99053888215905
1110.1458333333333 24.040581136417284 22.99149634327861
1110.6458333333333 24.04240864370663 22.992467601768144
1111.1458333333333 24.04422776948298 22.993407222869333
1111.6458333333333 24.046049678515693 22.99437439917007
1112.1458333333333 24.047859882720395 22.995339116668347
1112.6458333333333 24.049706721399275 22.996295497792467
1113.1458333333333 24.051523874998587 22.997259596947863
1113.6458333333333 24.053355930830005 22.99822671386371
1114.1458333333333 24.055166746027986 22.99919854339597
1114.6458333333333 24.056999540631733 23.00017703591613
1115.1458333333333 24.05882080130619 23.001140142912284
1115.6458333333333 24.060650279452158 23.00212026449349
1116.1458333333333 24.06249038572554 23.003103067487803
1116.6458333333333 24.064304745106533 23.00408103309698
1117.1458333333333 24.06613231415558 23.0050648181737
1117.6458333333333 24.067959807173235 23.006056540142012
1118.1458333333333 24.069789039689482 23.00704088279882
1118.6458333333333 24.071605378766012 23.008037167465023
1119.1458333333333 24.07343048861312 23.009037544628956
1119.6458333333333 24.075239443153855 23.010034543599733
1120.1458333333333 24.07707963411081 23.011029069649002
1120.6458333333333 24.078901511377904 23.012044174219017
1121.1458333333333 24.08072908781705 23.013036886524816
1121.6458333333333 24.082561228064844 23.014046234773517
1122.1458333333333 24.08437971677901 23.01505040304483
1122.6458333333333 24.086200190707387 23.016063190330097
1123.1458333333333 24.088019098155495 23.01706637936613
1123.6458333333333 24.089857877828145 23.01808138080492
1124.1458333333333 24.091684624870734 23.01909903763278
1124.6458333333333 24.093502112474855 23.020113101177714
1125.1458333333333 24.095326947594753 23.02113380417376
1125.6458333333333 24.097167442896744 23.022161802642955
1126.1458333333333 24.09898901814242 23.0231697339378
1126.6458333333333 24.100813345388822 23.02419701671532
1127.1458333333333 24.102640824298966 23.0252168341233
1127.6458333333333 24.104472281401197 23.0262446794749
1128.1458333333333 24.106292044869328 23.02726182543557
1128.6458333333333 24.108125140162034 23.028284502283014
1129.1458333333333 24.109968948163946 23.029322224839554
1129.6458333333333 24.111779490688605 23.030347831857597
1130.1458333333333 24.11359815415335 23.03137631412963
1130.6458333333333 24.11544053768302 23.032412436776873
1131.1458333333333 24.117267473459577 23.033431417392652
1131.6458333333333 24.119097516728925 23.034465326890018
1132.1458333333333 24.120928074613076 23.035504651678625
1132.6458333333333 24.122767474636476 23.036535267729484
1133.1458333333333 24.12459416317467 23.037563468059524
1133.6458333333333 24.12643041383538 23.03857959506004
1134.1458333333333 24.1282743453899 23.039633235997314
1134.6458333333333 24.130099890015885 23.040664202325743
1135.1458333333333 24.13194238336525 23.041685099963587
1135.6458333333333 24.133774152466806 23.04272213521973
1136.1458333333333 24.135621263592636 23.04375238112692
1136.6458333333333 24.137468813322513 23.04477599280101
1137.1458333333333 24.139298409065123 23.04580638090439
1137.6458333333333 24.14113682345959 23.046834236017652
1138.1458333333333 24.14298608279242 23.047868115376016
1138.6458333333333 24.144846015787312 23.048898738963928
1139.1458333333333 24.14667976749623 23.04992814099293
1139.6458333333333 24.14851316924304 23.05094924903866
1140.1458333333333 24.15035616862868 23.051985330981214
1140.6458333333333 24.152211676506855 23.053000803691535
1141.1458333333333 24.154065946840042 23.05402257678448
1141.6458333333333 24.15593141476688 23.055061110266134
1142.1458333333333 24.15777152090088 23.056073152754767
1142.6458333333333 24.159621984030146 23.057099447481924
1143.1458333333333 24.16148872963277 23.058116938197312
1143.6458333333333 24.16334136905101 23.0591442329385
1144.1458333333333 24.165185004926744 23.06015435094306
1144.6458333333333 24.16705225019893 23.061166977831327
1145.1458333333333 24.168916508627248 23.062178397532005
1145.6458333333333 24.170779313688335 23.063187724059535
1146.1458333333333 24.17264816531072 23.06420365090858
1146.6458333333333 24.174518584083593 23.06520850558975
1147.1458333333333 24.176388350971752 23.06621745872574
1147.6458333333333 24.178252770667235 23.067218369496434
1148.1458333333333 24.180120720936998 23.068210305285387
1148.6458333333333 24.18201031847765 23.069223792063646
1149.1458333333333 24.18388692844652 23.07022638749434
1149.6458333333333 24.185755720873185 23.071236353185796
1150.1458333333333 24.187617976036325 23.0722196184719
1150.6458333333333 24.189499073659825 23.073223469053367
1151.1458333333333 24.19136902298293 23.074222326747275
1151.6458333333333 24.19326488054955 23.07523370066921
1152.1458333333333 24.195145555190045 23.07622774599246
1152.6458333333333 24.197027312811233 23.07723387108867
1153.1458333333333 24.19889670406959 23.07822886700384
1153.6458333333333 24.200784128960755 23.07923076230076
1154.1458333333333 24.20267076630477 23.08023250224263
1154.6458333333333 24.204553631581696 23.081229093997372
1155.1458333333333 24.206449967874338 23.082222260199366
1155.6458333333333 24.20831143925215 23.08322417921081
1156.1458333333333 24.210206656641454 23.08423354857753
1156.6458333333333 24.212092875930246 23.08522852387005
1157.1458333333333 24.213986613557545 23.08623371911058
1157.6458333333333 24.215880459143193 23.087222806186368
1158.1458333333333 24.21776355220227 23.088220036042948
1158.6458333333333 24.21965057703612 23.089223972979877
1159.1458333333333 24.221564272787198 23.090218728320902
1159.6458333333333 24.223433876562414 23.091216058595556
1160.1458333333333 24.22533957816956 23.092210863776454
