FastTrWP/PhaseSpace/IAs/snIa_0.59_30.00_-1.16_-0.11.csv
# %ECSV 0.9
# ---
# datatype:
# - {name: time-rel, datatype: float64}
# - {name: g, datatype: float64}
# - {name: i, datatype: float64}
# schema: astropy-2.0
time-rel g i
[from data line 1423]
358.9999999999999 24.45935974338542 22.458386771899733
359.5 24.461991049091367 22.458961954101667
360.0 24.464622222841008 22.459538899779652
360.4999999999999 24.467248370391417 22.46011258683471
361.0 24.469862288270985 22.460692343229024
361.5 24.472436778260565 22.461276570767197
361.9999999999999 24.475066459776595 22.46184889321574
362.5 24.47766016552037 22.46243058476661
363.0 24.480252756610966 22.463011212008386
363.4999999999999 24.482811820426143 22.463592380355774
364.0 24.485399920233604 22.464178940619526
364.5 24.487987609786476 22.464756139400816
364.9999999999999 24.490538460969077 22.465343927535613
365.5 24.493095922811886 22.46593197718689
366.0 24.495646446421233 22.46651861387128
366.4999999999999 24.498180283352497 22.467105751143993
367.0 24.500721214232822 22.467702852146495
367.5 24.503237923117524 22.468291358353923
367.9999999999999 24.50576177730317 22.468880548941087
368.5 24.508305418045566 22.46947222525457
369.0 24.510789660104166 22.470063624251146
369.4999999999999 24.513317094090453 22.47066151768154
370.0 24.51579157597617 22.4712563579617
370.5 24.518292266592493 22.47185235268752
370.9999999999999 24.520780520398702 22.4724395530048
371.5 24.5232726544225 22.473042107212567
372.0 24.525733815720997 22.4736468281931
372.4999999999999 24.528190223690274 22.474245204672002
373.0 24.530662109285068 22.474843366583922
373.5 24.533092598688427 22.47544383808156
373.9999999999999 24.535558740351732 22.476041073034466
374.5 24.537976193487125 22.476654068343187
375.0 24.540400168904945 22.477244739248494
375.4999999999999 24.54282544818584 22.477858107104836
376.0 24.54526024260116 22.47846040284424
376.5 24.547663072171233 22.479073510176065
376.9999999999999 24.550077388136806 22.479679976545146
377.5 24.552473763083732 22.48028843029487
378.0 24.554858494655583 22.480899712116052
378.4999999999999 24.557230221846208 22.481505194839507
379.0 24.559615761504094 22.4821130864238
379.5 24.56201003479275 22.48272999169189
379.9999999999999 24.564359333769808 22.483342599943107
380.5 24.566712848198136 22.483957481571903
381.0 24.569072332396434 22.484570079220948
381.4999999999999 24.571406527428703 22.485189144655678
382.0 24.573745170206855 22.485808831066766
382.5 24.576086658111144 22.486428139419612
382.9999999999999 24.578420763963408 22.487046153680584
383.5 24.580716097390066 22.487661976863595
384.0 24.583044646914022 22.488284330000234
384.4999999999999 24.585335777059882 22.488906239829845
385.0 24.587646874443312 22.489533152405308
385.5 24.58993842848384 22.490145647296135
385.9999999999999 24.592239583592466 22.490774002433696
386.5 24.594491397559075 22.491401322771512
387.0 24.596782373765333 22.492025592341406
387.4999999999999 24.599028701753582 22.492656298948614
388.0 24.60130968406356 22.493286407856967
388.5 24.60356279297809 22.493910650630852
388.9999999999999 24.605801835484908 22.49454343308768
389.5 24.608037958602175 22.495175033912492
390.0 24.610260083238895 22.495798573391255
390.4999999999999 24.61249404921528 22.49642486288481
391.0 24.614711238347716 22.497072090069274
391.5 24.61692569130789 22.49769855437698
391.9999999999999 24.619121440890513 22.498331743909212
392.5 24.621329080576054 22.498966391347576
393.0 24.62352923537626 22.499605327644538
393.4999999999999 24.625699261703318 22.500238386964
394.0 24.627879443526734 22.50088118027756
394.5 24.630043189822523 22.501521051308472
394.9999999999999 24.632202118469678 22.50216090603488
395.5 24.634352470108727 22.502802936613723
396.0 24.636520418760277 22.50345212143297
396.4999999999999 24.638625030543437 22.504092019791344
397.0 24.64075556892675 22.504734181290335
397.5 24.642870959662545 22.505374562108415
397.9999999999999 24.644962766069526 22.506020007716828
398.5 24.647064677968444 22.50667120081545
399.0 24.649143970788607 22.507319619005685
399.4999999999999 24.651224413974177 22.507971819939915
400.0 24.653292872063407 22.50861460881367
400.5 24.655349794400504 22.50926944626748
400.9999999999999 24.657390429998316 22.50991996431662
401.5 24.659423711282713 22.510574741123087
402.0 24.661447447842598 22.511231460173903
402.4999999999999 24.66346281414396 22.511888503393994
403.0 24.665480540136766 22.512542240093598
403.5 24.667488756806787 22.51319283069554
403.9999999999999 24.669481338815945 22.513852030849502
404.5 24.671452273686914 22.514513223276378
405.0 24.673428097793334 22.515176048959145
405.4999999999999 24.67538728095986 22.515837091097577
406.0 24.677338772983298 22.51649987853621
406.5 24.67927932421833 22.517157545770527
406.9999999999999 24.681206056104493 22.517825906055393
407.5 24.683132632076795 22.518485615115942
408.0 24.685056918622852 22.519155123010663
408.4999999999999 24.686975964668044 22.519826182067252
409.0 24.688852638052786 22.520485978157645
409.5 24.690739777679283 22.52114929392119
409.9999999999999 24.692608435102947 22.52182821000548
410.5 24.69449446568666 22.522493028848082
411.0 24.69633700454653 22.523171618932896
411.4999999999999 24.698190192406937 22.523841712770036
412.0 24.700035693484608 22.524519526722603
412.5 24.70185251086532 22.525194710987275
412.9999999999999 24.703639597287392 22.52586265774925
413.5 24.705465369042116 22.52654217366469
414.0 24.707280011652113 22.527217796714325
414.4999999999999 24.709068523917395 22.527905007890553
415.0 24.710839873991375 22.528576517056326
415.5 24.712604823044828 22.529263504033985
415.9999999999999 24.714380377326485 22.5299418670874
416.5 24.716131346985428 22.530625468823303
417.0 24.717876404354534 22.531307377511762
417.4999999999999 24.71960961382415 22.531990356614415
418.0 24.721320700515452 22.53267685801507
418.5 24.723045562740495 22.533359698098213
418.9999999999999 24.724765420330748 22.53405217826723
419.5 24.72643275935575 22.53473519519573
420.0 24.728125405169685 22.535424420157042
420.4999999999999 24.729796340306386 22.53611964439553
421.0 24.731453067198068 22.53680758293308
421.5 24.73312524282835 22.53750302737049
421.9999999999999 24.734763652108043 22.53819483404311
422.5 24.736411015410283 22.538893475308495
423.0 24.738025037323244 22.539589569376123
423.4999999999999 24.73964466243308 22.54028209936041
424.0 24.741276744915496 22.540988535257437
424.5 24.742870765387227 22.541687474221828
424.9999999999999 24.74445256606133 22.54238103965017
425.5 24.746052289036598 22.54307444109053
426.0 24.74759382502537 22.543779759652928
426.4999999999999 24.74916518705413 22.544484128446513
427.0 24.750711156865954 22.545185154391525
427.5 24.75225102306796 22.545892660355314
427.9999999999999 24.75380905056815 22.546597136552347
428.5 24.75532297455604 22.547307071963154
429.0 24.756843249979926 22.548005536686084
429.4999999999999 24.758349711727796 22.54873047197386
430.0 24.759834133287537 22.549434672898755
430.5 24.76133876245219 22.5501504095094
430.9999999999999 24.76281746998417 22.55085314253317
431.5 24.764287497146817 22.551563613362035
432.0 24.765730341932567 22.552281172986195
432.4999999999999 24.7671838238007 22.552995371583062
433.0 24.768598987555357 22.553713946000737
433.5 24.770000279019342 22.554433336703497
433.9999999999999 24.771392319192422 22.5551519437909
434.5 24.77272992458648 22.555869193779024
435.0 24.774072516967642 22.556589199704483
435.4999999999999 24.77539119730198 22.557315695015316
436.0 24.77668408185928 22.55804168496692
436.5 24.777955032015257 22.558760641076606
436.9999999999999 24.779205706948055 22.559490176904788
437.5 24.78046787201475 22.56021506951514
438.0 24.781686159135194 22.56094509559901
438.4999999999999 24.782901011190624 22.56167479375719
439.0 24.78407285953019 22.562410944044927
439.5 24.785258042188897 22.563144907019982
439.9999999999999 24.78642452603577 22.563874530987814
440.5 24.787573701904986 22.564612956792555
441.0 24.788706477901595 22.565342238400014
441.4999999999999 24.789815212301185 22.56608702324545
442.0 24.790925075858965 22.566825984610745
442.5 24.792004552124315 22.567563051400796
442.9999999999999 24.793071232348805 22.568304294895228
443.5 24.794124007987225 22.56903439400142
444.0 24.795177555858203 22.56978232445263
444.4999999999999 24.79620483670468 22.570525971529058
445.0 24.797233922673477 22.571279553622276
445.5 24.798261335572423 22.572024290110647
445.9999999999999 24.799239059223815 22.572772545610775
446.5 24.80022213923291 22.57352197644085
447.0 24.8012140626647 22.57426839110608
447.4999999999999 24.802178322242547 22.575021650183892
448.0 24.803158729746574 22.57577278150019
448.5 24.804075952144675 22.57652090323859
448.9999999999999 24.805019570602912 22.577278691712763
449.5 24.805963176827852 22.578037144252786
450.0 24.806905247312617 22.57878728318773
450.4999999999999 24.807805951748804 22.579556035191718
451.0 24.80871883097908 22.58030620041175
451.5 24.809624743523297 22.581068100525947
451.9999999999999 24.81053030023784 22.581820515915293
452.5 24.811419715810537 22.582584234346065
453.0 24.81230756934215 22.58334195185825
453.4999999999999 24.813195248925254 22.58410535231554
454.0 24.81406316392509 22.584865708702658
454.5 24.814958144269063 22.585631316529398
454.9999999999999 24.81583051877358 22.586400798032244
455.5 24.816684371370027 22.587165867484234
456.0 24.817548258992595 22.587935371466553
456.4999999999999 24.81842523587201 22.58869493295219
457.0 24.819287719651342 22.58945977120229
457.5 24.82014888089765 22.59023703299683
457.9999999999999 24.82101296273253 22.591006252018396
458.5 24.821889535044285 22.591776622845344
459.0 24.82274433179606 22.59254799897013
459.4999999999999 24.823581405301518 22.593310755537274
460.0 24.824473176402826 22.594098228249194
460.5 24.825342587615694 22.59486252533557
460.9999999999999 24.826191115840004 22.595640345652424
461.5 24.82706316381673 22.596410872345732
462.0 24.827959970796492 22.597194871634024
462.4999999999999 24.82882176742283 22.59797269563469
463.0 24.829701090079183 22.59874810582321
463.5 24.830579594575678 22.599518958698
463.9999999999999 24.831467879231916 22.600299336553398
464.5 24.832374184448692 22.60107947794169
465.0 24.833274671380675 22.601860110487067
465.4999999999999 24.834190089182172 22.6026356170372
466.0 24.83512046301968 22.603418169734844
466.5 24.83601999675774 22.60420322486668
466.9999999999999 24.836956297134453 22.60499701716601
467.5 24.837891325545524 22.60577485357159
468.0 24.838829572430562 22.606559867962446
468.4999999999999 24.83981355565396 22.607337991320207
469.0 24.840769162058134 22.60812313019575
469.5 24.841750346448585 22.60890868757834
470.0 24.842718861173573 22.609698572625895
470.5 24.843713677136854 22.610480446573273
471.0 24.844676099765216 22.611277580462694
471.5 24.84564955032994 22.612056088007385
472.0 24.846591333030574 22.612853299478832
472.5 24.847592652571592 22.613631153000586
473.0 24.848515520634944 22.614430016641403
473.5 24.849449285388697 22.61522767366827
474.0 24.85039747813734 22.61601550132704
474.5 24.851300137234883 22.616818142783583
475.0 24.85224025310351 22.617611627914386
475.5 24.85316142227484 22.618400731283348
476.0 24.854070427510585 22.619205899655537
476.5 24.854978325988895 22.620001874864805
477.0 24.8559003368544 22.620806661119136
477.5 24.856778723377083 22.621608500147865
478.0 24.85766947920753 22.622405264065257
478.5 24.8585822408392 22.623208389232495
479.0 24.85948789910018 22.624008111064242
479.5 24.8603541904069 22.62481619136939
480.0 24.861248832055672 22.625618075036478
480.5 24.862104891774717 22.626422448581515
481.0 24.862997421914685 22.627236196533143
481.5 24.86387775949551 22.628038260548475
482.0 24.864762284597685 22.62884541058419
482.5 24.865638179463524 22.629655366063307
483.0 24.866511268076387 22.630462847068323
483.5 24.867362194065493 22.63128785618814
484.0 24.868255811935587 22.632095547977396
484.5 24.869119434535122 22.632911712558254
485.0 24.869992573546945 22.63372141041945
485.5 24.870876861950645 22.634534743720707
486.0 24.871746462041106 22.63535835036485
486.5 24.87261932823008 22.636162978267663
487.0 24.87347668517545 22.63698384064126
487.5 24.874377409788085 22.63780234366243
488.0 24.875254040474722 22.638615626431843
488.5 24.87613294320914 22.63944343388918
489.0 24.87701481933739 22.640261672458042
489.5 24.877902444116824 22.641083954060328
490.0 24.878806155045655 22.641906846215388
490.5 24.879687796251893 22.642726781822823
491.0 24.88057114443908 22.643559589017954
491.5 24.88149021352825 22.644377600172025
492.0 24.882377987863087 22.645209083069883
492.5 24.883303130453555 22.64603345630583
493.0 24.88420612753831 22.646856780075563
493.5 24.885124137663553 22.647685752862927
494.0 24.88606190994931 22.648515265127113
494.5 24.88700750957923 22.6493480356122
495.0 24.88794239559894 22.65018278904753
495.5 24.888880266937832 22.65100730946912
496.0 24.88983422220706 22.651839041876
496.5 24.89078964966321 22.65267237949388
497.0 24.891745338669786 22.6535108968774
497.5 24.89271615151141 22.65434331915687
498.0 24.893693150022898 22.655171764555007
498.5 24.894672237345148 22.656015332312634
499.0 24.895691220157005 22.656845772077496
499.5 24.896705795564486 22.657687592463084
500.0 24.89770041647955 22.658522302777946
500.5 24.898750333540235 22.65936584507471
501.0 24.8997900667163 22.660202476287104
501.5 24.90082961413551 22.661040485216123
502.0 24.901882871746707 22.66188507399676
502.5 24.902945512340416 22.662726782717183
503.0 24.90403206455186 22.663564057055506
503.5 24.905123773794394 22.66441283977838
504.0 24.906211505473323 22.665250683605628
504.5 24.90735065884789 22.666096535122747
505.0 24.908450198577388 22.66694539626552
505.5 24.909623578601668 22.667789764643477
506.0 24.910765130756765 22.668631445166227
506.5 24.911917236254887 22.66947995866165
507.0 24.91308913928758 22.670329220786435
507.5 24.91428790562557 22.671179274220215
508.0 24.915510600212723 22.67202609355978
508.5 24.9167327789152 22.67287264480478
509.0 24.91794966405413 22.67372504620015
509.5 24.91921182758952 22.674571096259367
510.0 24.92045391591885 22.67543010195814
510.5 24.92170102721515 22.676276093702707
511.0 24.92293428642902 22.67713827862197
511.5 24.924214902470908 22.677988383046813
512.0 24.92549790809749 22.67884525897006
512.5 24.926767481493464 22.679702017648495
513.0 24.9280238228065 22.680551419782024
513.5 24.92934273113477 22.68141307384399
514.0 24.930652823797534 22.68226728601291
514.5 24.931961223061016 22.68312600063225
515.0 24.933289269896967 22.683990093305017
515.5 24.934598486516197 22.684842716196584
516.0 24.93591697937809 22.68570685267047
516.5 24.937278941550623 22.686573500893065
517.0 24.938621148218427 22.687433827284487
517.5 24.939970952377074 22.688292776233045
518.0 24.941351202225096 22.68915499843931
518.5 24.9427101004082 22.69002263156716
519.0 24.94410402349864 22.690890759028903
519.5 24.945490240877945 22.69175438807908
520.0 24.946896637326258 22.6926262269242
520.5 24.94829702214674 22.693487130486794
521.0 24.949693462169307 22.6943613953609
521.5 24.95111389880451 22.69522996141824
522.0 24.952520001611088 22.69610098315252
522.5 24.953981061815046 22.696968084996755
523.0 24.955411029230696 22.69783737318827
523.5 24.9568872248281 22.69872062093325
524.0 24.958339470093133 22.699584062038323
524.5 24.959790943077053 22.700458587882547
525.0 24.961267822139757 22.701342118959506
525.5 24.962748798124753 22.70221340690142
526.0 24.964244934974445 22.70309477853493
526.5 24.965745461849448 22.70396803239178
527.0 24.967262438212117 22.704847662534128
527.5 24.96878819290255 22.705729598483554
528.0 24.970307249675603 22.706614391636602
528.5 24.97184992811856 22.707494519849867
529.0 24.973393318365346 22.70837566975057
529.5 24.97492604054559 22.7092538097275
530.0 24.97649936689615 22.710142763824578
530.5 24.97806072519378 22.711029499923665
531.0 24.9796338900344 22.711921935909608
531.5 24.98122449127239 22.712809278254046
532.0 24.982834148747457 22.713698001912867
532.5 24.984419706549463 22.714583129172592
