FastTrWP/PhaseSpace/IAs/snIa_0.40_30.00_-1.03_0.01.csv
# %ECSV 0.9
# ---
# datatype:
# - {name: time-rel, datatype: float64}
# - {name: g, datatype: float64}
# - {name: i, datatype: float64}
# schema: astropy-2.0
time-rel g i
[from data line 1413]
314.0 23.870888789329882 22.587258696092736
314.4999999999999 23.872715906048455 22.58816869425584
315.0 23.87452222029095 22.58909455026384
315.5 23.876347607154763 22.590016522704666
315.9999999999999 23.8781727924001 22.590939767476254
316.5 23.880004467430844 22.59187058422027
317.0 23.881812337364117 22.592809882818514
317.4999999999999 23.883660373177825 22.593744089195678
318.0 23.88548492762737 22.594680690834835
318.5 23.88732685267257 22.595629004738782
318.9999999999999 23.889151480308097 22.59656710125292
319.5 23.890985843105483 22.597520002059245
320.0 23.892828221423198 22.598478819978716
320.4999999999999 23.894664105412122 22.599431831195382
321.0 23.89650322220843 22.600383929882753
321.5 23.898349620216997 22.60134641964333
321.9999999999999 23.900192610498756 22.602303665376397
322.5 23.902038764114767 22.60326482167898
323.0 23.903887103670204 22.60424171463402
323.4999999999999 23.905742899852974 22.605206440512234
324.0 23.90759273437272 22.60618213265716
324.5 23.909436229174812 22.60716117552072
324.9999999999999 23.911288305007243 22.608125918794897
325.5 23.913157887705726 22.60911039083649
326.0 23.91500382984098 22.610092030824354
326.4999999999999 23.91687010861456 22.611072519733554
327.0 23.918739406245642 22.612065238622165
327.5 23.920598404758483 22.613042133014368
327.9999999999999 23.922453620177354 22.61403726202095
328.5 23.924309041687057 22.615023013393667
329.0 23.926190876267462 22.616016172183233
329.4999999999999 23.92804367145103 22.617006982614672
330.0 23.929918630491652 22.617996061236404
330.5 23.931788953591887 22.61899057158706
330.9999999999999 23.933667734018414 22.619985509956287
331.5 23.935545209405372 22.62098883263491
332.0 23.937407938508855 22.621984647894323
332.4999999999999 23.939278712752262 22.62298565910442
333.0 23.941160484266753 22.623991393141356
333.5 23.943029321418944 22.62498249463363
333.9999999999999 23.944906820887553 22.625990902432566
334.5 23.946788933318036 22.626990728763015
335.0 23.948674654148405 22.627990100317945
335.4999999999999 23.950554283518546 22.628994871500844
336.0 23.952431838433025 22.63000294212411
336.5 23.954331474828944 22.631009999392788
336.9999999999999 23.956210871412583 22.632005973048344
337.5 23.95809456182765 22.63301093638217
338.0 23.959986597118924 22.634013021798125
338.4999999999999 23.96188253429903 22.635014151551797
339.0 23.96375874889096 22.63601663016648
339.5 23.96564240605439 22.63702618535217
339.9999999999999 23.967545983502617 22.638025901976555
340.5 23.96943969361853 22.639030907273643
341.0 23.971340405563662 22.64003687024177
341.4999999999999 23.973224675673023 22.641031321402195
342.0 23.975122129400155 22.642030382618227
342.5 23.97701805200741 22.64303931821852
342.9999999999999 23.978912190679015 22.64403722139763
343.5 23.980822218159084 22.645033547492
344.0 23.98269723412295 22.646027924051918
344.4999999999999 23.98461369674818 22.647035867317
345.0 23.986520620715947 22.64803337845874
345.5 23.988428838359475 22.649037148313997
345.9999999999999 23.99031767567525 22.650043000419334
346.5 23.992241438553613 22.65104936489251
347.0 23.994143096503365 22.652058847120692
347.4999999999999 23.996042283892272 22.65306403815028
348.0 23.997965013757625 22.654087646925976
348.5 23.999873409486 22.655100111066353
348.9999999999999 24.001786611513097 22.656110529693603
349.5 24.00369274300563 22.657123351255834
350.0 24.005623483154107 22.658141185911237
350.4999999999999 24.007532421736975 22.659166352922597
351.0 24.00944835399576 22.660188837678106
351.5 24.011371920869244 22.66121061535539
351.9999999999999 24.013293571967075 22.66223548170312
352.5 24.01521719942838 22.663258662128044
353.0 24.017139230757433 22.664287923260492
353.4999999999999 24.01906491187963 22.665317069204214
354.0 24.02100624220615 22.66633759332512
354.5 24.022929776898877 22.66736984904241
354.9999999999999 24.024848517659585 22.668400722622376
355.5 24.026774234320364 22.669429664883516
356.0 24.02871681848648 22.6704674768515
356.4999999999999 24.030641972082645 22.67149485336994
357.0 24.03258704665368 22.67253111600333
357.5 24.03452396220539 22.67355443354052
357.9999999999999 24.036448589828908 22.674601470354393
358.5 24.038388447703895 22.675635724133944
359.0 24.04033742304172 22.676664200196754
359.4999999999999 24.042260632334166 22.677705035825323
360.0 24.044216278469214 22.678754391020796
360.5 24.046148600206937 22.6797787068983
360.9999999999999 24.04810707301632 22.680813501737276
361.5 24.0500523746724 22.681848072136532
362.0 24.051989756462806 22.68288891181303
362.4999999999999 24.05394662637764 22.68393195232333
363.0 24.055881570664724 22.6849698687411
363.5 24.05783715314207 22.686002712656794
363.9999999999999 24.05978127423943 22.687048895065015
364.5 24.061752777439267 22.688090769743418
365.0 24.06368583498024 22.68912832876603
365.4999999999999 24.06565685934963 22.690168872357816
366.0 24.06760068266893 22.691201607916646
366.5 24.069571359301193 22.6922370324797
366.9999999999999 24.071530864514898 22.693275497063325
367.5 24.07347042664555 22.694307816579578
368.0 24.075432328924048 22.695349807845563
368.4999999999999 24.07739944384456 22.696389752436794
369.0 24.07936909840211 22.697424500430742
369.5 24.08133675915556 22.698462757422174
369.9999999999999 24.083295516442597 22.699493692223825
370.5 24.085268186935437 22.700521125695253
371.0 24.08723191117875 22.70155931769025
371.4999999999999 24.089198272663978 22.70258778737738
372.0 24.091158445197824 22.70362657559382
372.5 24.09312800043956 22.704660226823272
372.9999999999999 24.095100882926282 22.705685382523736
373.5 24.097085704253068 22.706715182849457
374.0 24.09905616264068 22.707746255543544
374.4999999999999 24.1010199112478 22.708772045389512
375.0 24.102994928547815 22.709788525686033
375.5 24.104978999442615 22.710820768174106
375.9999999999999 24.106955953260446 22.71184652165129
376.5 24.10892750469156 22.712862027285368
377.0 24.11090942797296 22.71388416426436
377.4999999999999 24.11288509279771 22.714905800347488
378.0 24.11486201355163 22.71592005904234
378.5 24.116857426056654 22.716945838124026
378.9999999999999 24.118823338231657 22.71796061273674
379.5 24.120807023154146 22.718984300243616
380.0 24.122784429112826 22.719988813245283
380.5 24.124782810055837 22.721018014045423
381.0 24.126769491843284 22.722027790929427
381.5 24.128767558429544 22.723047043490862
382.0 24.13073076435981 22.724055320206126
382.5 24.132729248968463 22.72507424693186
383.0 24.134710727575367 22.72609096233068
383.5 24.13668920550006 22.727105119261104
384.0 24.138702536832163 22.728119329903755
384.5 24.1406733307797 22.72913486766339
385.0 24.14268410074274 22.73014627435501
385.5 24.144673257144667 22.731159037208215
386.0 24.14667407234029 22.732170262808722
386.5 24.148668789805132 22.73318804681527
387.0 24.15066560777713 22.734198144582727
387.5 24.152662917676327 22.735205142911564
388.0 24.15466516817746 22.736225693833884
388.5 24.156670299907567 22.73723297767782
389.0 24.158659040822528 22.738243349463268
389.5 24.160665699622538 22.739251779661252
390.0 24.16265584716521 22.740266327971128
390.5 24.16467566382626 22.741276038636116
391.0 24.166683965845053 22.742281102724277
391.5 24.16868302601664 22.743293370538048
392.0 24.17069223560339 22.74428841973744
392.5 24.172696480398113 22.74530077462571
393.0 24.174719456250507 22.7463101566477
393.5 24.176708436433444 22.74731960814357
394.0 24.178736549369834 22.748329446299955
394.5 24.180749086120606 22.749338706934008
395.0 24.18276285249074 22.7503547026516
395.5 24.184779422714463 22.751350501554573
396.0 24.18680585073426 22.752362416479347
396.5 24.188814949604613 22.753365150001752
397.0 24.190842543849 22.75437973008017
397.5 24.192862582112618 22.755372532740026
398.0 24.194894225531357 22.75638252568616
398.5 24.196910417389574 22.75739155567718
399.0 24.19893979230507 22.758397645327403
399.5 24.20096330342192 22.759402902528247
400.0 24.202992998956717 22.760404493810107
400.5 24.205021597093626 22.761410954091545
401.0 24.207060253489274 22.76241566301046
401.5 24.209093593744157 22.763422297356406
402.0 24.211128702971706 22.764423783009484
402.5 24.213151134633762 22.765440124483007
403.0 24.21518768690293 22.76642917765503
403.5 24.21722474023605 22.767432640989263
404.0 24.21927695856897 22.76843105396251
404.5 24.221323481296277 22.76944222473172
405.0 24.223345312464005 22.770449712508693
405.5 24.225416720294824 22.77145692056353
406.0 24.227465220529044 22.7724484010006
406.5 24.22951327227827 22.77345073202134
407.0 24.231542678139437 22.77445616699863
407.5 24.233607952899344 22.775460463709724
408.0 24.235642140782055 22.776458546599283
408.5 24.23771558781631 22.77746292773404
409.0 24.239768480221432 22.778470432089506
409.5 24.241821316243563 22.779471395006997
410.0 24.243894817720076 22.780474289188845
410.5 24.245946939002042 22.781477850263272
411.0 24.248027113940317 22.78248037060612
411.5 24.250070484362418 22.783479335850394
412.0 24.252122639626847 22.78447643902362
412.5 24.25421178987525 22.785484803470215
413.0 24.25629093138424 22.78647885965578
413.5 24.25834516917055 22.787492456870826
414.0 24.260415480100587 22.788484661872754
414.5 24.262474221314534 22.789491412314963
415.0 24.26456890206562 22.79047534435294
415.5 24.266646861973342 22.791482186358564
416.0 24.268710234297124 22.792482731022705
416.5 24.270794569692967 22.793479657568376
417.0 24.272872969835685 22.79447607655948
417.5 24.274943364011513 22.795483801039012
418.0 24.27703583697095 22.796473218803996
418.5 24.279117379394883 22.797472488709587
419.0 24.28119842603252 22.7984684945169
419.5 24.28327134659451 22.799468909109354
420.0 24.285374355642453 22.800460647895076
420.5 24.287454415165573 22.801458002361766
421.0 24.289539276251592 22.802445904028154
421.5 24.291640707487907 22.80345299116337
422.0 24.293735418884957 22.804444139066376
422.5 24.295819638636683 22.80544692891504
423.0 24.29792095780229 22.80642884216825
423.5 24.300018743366103 22.807436633792943
424.0 24.30210369197787 22.80842919145349
424.5 24.304201796541314 22.80942203958045
425.0 24.306319517725594 22.81040843329228
425.5 24.30841854622612 22.81141259147332
426.0 24.310531362977702 22.81240321308298
426.5 24.31264165564385 22.813393334681518
427.0 24.314732472805044 22.814388005471287
427.5 24.31684104174296 22.815383412966707
428.0 24.318944992857254 22.81637189767517
428.5 24.321071132692364 22.81737047186241
429.0 24.323174849573782 22.81835381281072
429.5 24.325291261758192 22.81934999625442
430.0 24.32741841629577 22.82034426048439
430.5 24.329534911826567 22.82133252087425
431.0 24.331650782333192 22.822329313029126
431.5 24.333790240118198 22.823317579341285
432.0 24.335909627774303 22.824311398731037
432.5 24.338026013190298 22.825292946692464
433.0 24.34014555704797 22.826289184192632
433.5 24.342273921525795 22.82728251996317
434.0 24.344399060955485 22.828269791458794
434.5 24.346544027201197 22.82925806850215
435.0 24.348680569329527 22.830246090816345
435.5 24.350823836159936 22.831236094748846
436.0 24.352969049124216 22.832231680895
436.5 24.355096086217163 22.83322086185567
437.0 24.35723656453962 22.834203413229055
437.5 24.359364159481416 22.835195564257486
438.0 24.361527771155767 22.83618873868512
438.5 24.36367354439811 22.837180756650646
439.0 24.365824303245795 22.83816817909774
439.5 24.367969389041143 22.83915757847716
440.0 24.370119409320022 22.84013997862893
440.5 24.372292511608688 22.841131916983493
441.0 24.37444293598709 22.842119767324473
441.5 24.376603956927227 22.843107012466586
442.0 24.378765812450784 22.844103637463565
442.5 24.380928720180755 22.84509393330907
443.0 24.383085808968943 22.846081046107326
443.5 24.385237936377298 22.847064053867634
444.0 24.38742512070018 22.848058227220637
444.5 24.389570819593512 22.849042119888136
445.0 24.39176481614977 22.85002835542068
445.5 24.39395414130503 22.8510194400124
446.0 24.396131154580406 22.852001384431368
446.5 24.398313575173493 22.852993159378563
447.0 24.40048244213407 22.853989784844305
447.5 24.402638354746728 22.854968327109173
448.0 24.404846562681037 22.855955517174923
448.5 24.40703006894764 22.856946034156444
449.0 24.409212689668635 22.857923242587805
449.5 24.41140893088218 22.85891187499708
450.0 24.41359166947106 22.859899518992627
450.5 24.415798946583067 22.86088465997985
451.0 24.417976629518456 22.861855297501414
451.5 24.42016284091972 22.862852846560408
452.0 24.422376665955987 22.86383626584457
452.5 24.424587302681424 22.864821625431503
453.0 24.42678195429732 22.86579752273407
453.5 24.428980780417252 22.86678345799304
454.0 24.43119961168715 22.867775168384362
454.5 24.433395228756467 22.8687552597549
455.0 24.43560397359836 22.869740797363768
455.5 24.437810869555765 22.87072435471294
456.0 24.440041745303425 22.871709577007223
456.5 24.442243407798685 22.87269006569472
457.0 24.444474396510607 22.873677965273046
457.5 24.44667971035949 22.8746557402975
458.0 24.448916468764693 22.875638130538995
458.5 24.451143268317438 22.87661567630192
459.0 24.453356503419116 22.877590501316114
459.5 24.455585837878377 22.87858580099797
460.0 24.45779288847769 22.879573952655818
460.5 24.460038100019638 22.880542845033823
461.0 24.462254912338096 22.881519349279976
461.5 24.46451585327408 22.882509261340513
462.0 24.466736162340922 22.883483824068595
462.5 24.46897555858437 22.88446110767393
463.0 24.471220473565477 22.8854506664336
463.5 24.47345227613304 22.8864242676281
464.0 24.475725022638887 22.887410858639253
464.5 24.477936158190097 22.888379842631235
465.0 24.48018618153435 22.889364290962856
465.5 24.48244616223258 22.890338436280953
466.0 24.484702038272577 22.891317627180875
466.5 24.48695352018121 22.89229772022403
467.0 24.48921719131573 22.89327756517023
467.5 24.491459666424184 22.89426183974588
468.0 24.493730363500433 22.895238209783084
468.5 24.49598955908415 22.89621752312288
469.0 24.49824484347092 22.89718654176021
469.5 24.50051852624922 22.89816715664258
470.0 24.50277857200536 22.899146652266346
470.5 24.50504906508561 22.90012943794949
471.0 24.50732332910627 22.90110402936996
471.5 24.509598758389657 22.902084773768788
472.0 24.51188389155466 22.903059284424778
472.5 24.514130533381486 22.904032057373417
473.0 24.516411694719118 22.90500862398259
473.5 24.518704510186375 22.905986047963516
474.0 24.5209957248802 22.90696254125897
474.5 24.52327398756269 22.90793637349704
475.0 24.525562246777447 22.908914528222528
475.5 24.52784547247708 22.90989541517135
476.0 24.53012045655733 22.910864900212363
476.5 24.532440056699794 22.911838419294664
477.0 24.53473646522324 22.912816808245296
477.5 24.53700403236066 22.913792194526014
478.0 24.539335251345896 22.914767125266167
478.5 24.541636659653623 22.91574374165499
479.0 24.543943009036514 22.916717002704033
479.5 24.546250773587204 22.917691845150504
480.0 24.548557469287818 22.918662607040453
480.5 24.55088172514722 22.91964890346125
481.0 24.553194703195174 22.92061764526844
481.5 24.555527822685086 22.92159454080753
482.0 24.557847458462817 22.922554416000164
482.5 24.560190607548122 22.923541020380377
483.0 24.562496366266945 22.9245104124955
483.5 24.564849141852307 22.925486460171353
484.0 24.567165117769306 22.92645599558476
484.5 24.56948655320623 22.92743095981326
485.0 24.571821862616233 22.928405360034866
485.5 24.57419172854392 22.929385948634923
486.0 24.576527498964005 22.9303622601201
486.5 24.578871650279332 22.931324323088326
487.0 24.581219390806083 22.93229742640548
487.5 24.58356378737806 22.933281718036525
488.0 24.585929261703242 22.93424672207673
488.5 24.58827737334696 22.935216457642316
489.0 24.590641252634363 22.93619236454328
489.5 24.593000277593294 22.937166485204262
490.0 24.595360650143267 22.938136019030303
490.5 24.597729731820532 22.939099394819227
491.0 24.600095479772563 22.94007601032145
491.5 24.602475010526867 22.941049740978166
492.0 24.604827135731675 22.94202004148652
