FastTrWP/PhaseSpace/IAs/snIa_0.58_30.00_0.56_0.04.csv
# %ECSV 0.9
# ---
# datatype:
# - {name: time-rel, datatype: float64}
# - {name: g, datatype: float64}
# - {name: i, datatype: float64}
# schema: astropy-2.0
time-rel g i
[from data line 1010]
622.3125 23.768681837101507 22.292724986213077
622.8125 23.769323699076846 22.29242923667239
623.3125 23.76996637826508 22.29212984846036
623.8125 23.770626075460477 22.291843125948905
624.3125 23.77126176720436 22.291552300975294
624.8125 23.77193634472892 22.291269187493693
625.3125 23.77260571584423 22.29097680741048
625.8125 23.773266308324295 22.290689874927494
626.3125 23.773925140814164 22.290406437015243
626.8125 23.774594663719686 22.2901408570525
627.3125 23.775287096407137 22.28985679921024
627.8125 23.775958347161776 22.289574970457288
628.3125 23.776640613376358 22.289306876091292
628.8125 23.777338055181687 22.289034851433076
629.3125 23.778029733827566 22.288758416091984
629.8125 23.778732847781292 22.28849706755547
630.3125 23.77943264757262 22.288231717302427
630.8125 23.780149040968986 22.2879595707683
631.3125 23.780854451738115 22.28770353742705
631.8125 23.78156521062907 22.287441227870993
632.3125 23.78228465579066 22.287182792964334
632.8125 23.783012081463475 22.286924876056222
633.3125 23.783721946259007 22.28667322578331
633.8125 23.78445502436451 22.286426139728274
634.3125 23.7851999980848 22.28617007032849
634.8125 23.785935650750766 22.285918221711235
635.3125 23.78666759818516 22.285669115130744
635.8125 23.78741836882383 22.28542492876214
636.3125 23.788166038287738 22.285185339708885
636.8125 23.788919586704065 22.284941707248723
637.3125 23.789684388187077 22.284710002438025
637.8125 23.790447529579506 22.284475984562405
638.3125 23.791213532161564 22.284237738293207
638.8125 23.791985749000233 22.284005207411177
639.3125 23.792769556692676 22.283774136190626
639.8125 23.793539004387338 22.28355776686085
640.3125 23.79432214288352 22.28332504275714
640.8125 23.79511472616528 22.283097925696676
641.3125 23.795901146539617 22.282882951224202
641.8125 23.79669730731213 22.282654934329425
642.3125 23.797506371031638 22.28244102434445
642.8125 23.798319181641375 22.28222909021083
643.3125 23.79913042494337 22.282021039745295
643.8125 23.79993114795814 22.281801421177775
644.3125 23.800754976130072 22.281589768325453
644.8125 23.80157405668332 22.28138974448765
645.3125 23.8024052716693 22.281177039080625
645.8125 23.803237416734603 22.280979448395954
646.3125 23.804072263456106 22.28078084571213
646.8125 23.80490892930179 22.280583350207404
647.3125 23.80575092848399 22.28038452834185
647.8125 23.806606684970326 22.280187189466968
648.3125 23.80745274600197 22.28000106984387
648.8125 23.808317826699216 22.27980740572341
649.3125 23.809180904017474 22.27962460706605
649.8125 23.81003872729051 22.279437100482888
650.3125 23.81091392826157 22.2792545692028
650.8125 23.81179567549831 22.279075088395814
651.3125 23.812665573332595 22.27889407260625
651.8125 23.813552101553647 22.278717520933846
652.3125 23.814445757901645 22.278545526667788
652.8125 23.81534189310907 22.278376081911553
653.3125 23.8162421544736 22.278205703205373
653.8125 23.817138666833415 22.27803963727148
654.3125 23.818051968063052 22.27786853540518
654.8125 23.818953557471122 22.277704687018712
655.3125 23.81987652778513 22.277549740148967
655.8125 23.8208097254852 22.277382507530106
656.3125 23.82172818342137 22.27723212415121
656.8125 23.82266614284438 22.27707341454739
657.3125 23.823595810068333 22.276926343922124
657.8125 23.824541441154928 22.276780158766694
658.3125 23.82548845274065 22.27663015461859
658.8125 23.826438587488642 22.27649013365038
659.3125 23.827396698547332 22.2763383249649
659.8125 23.828361900873084 22.276202722912405
660.3125 23.829330619848115 22.27605259816022
660.8125 23.830305182195985 22.27592616805549
661.3125 23.83128442196044 22.275793666912985
661.8125 23.832281752503455 22.275671213365342
662.3125 23.833271632574125 22.275537092557045
662.8125 23.834290010323613 22.275414538560913
663.3125 23.835285406009355 22.275294995683048
663.8125 23.836297554750786 22.275172147750027
664.3125 23.837323877446547 22.27506028470195
664.8125 23.838360300662686 22.274939235256358
665.3125 23.8393874603068 22.274828162191817
665.8125 23.840427719049945 22.27472006503485
666.3125 23.841473034654513 22.27460870019528
666.8125 23.842526168595416 22.274503017190177
667.3125 23.84359357456956 22.274401830786807
667.8125 23.844648033526784 22.27429572743231
668.3125 23.845710650655008 22.27420014671175
668.8125 23.8467909629078 22.27410349993275
669.3125 23.847875515666026 22.274005732694064
669.8125 23.84894915180866 22.273916349437588
670.3125 23.850031820937687 22.27383350967585
670.8125 23.85113117623352 22.27373773783963
671.3125 23.852230568053887 22.273655804647493
671.8125 23.853333112474466 22.27357041243943
672.3125 23.854446166088096 22.273480377879224
672.8125 23.855557235995555 22.273408252945064
673.3125 23.856675015886402 22.273324260521925
673.8125 23.857795961642392 22.273257413246593
674.3125 23.858924219416608 22.27317976640853
674.8125 23.860056202114343 22.273104868342685
675.3125 23.86119274108666 22.273043642996257
675.8125 23.862345452573273 22.27297058901465
676.3125 23.863482711534516 22.272898875854
676.8125 23.864638859774825 22.2728380547995
677.3125 23.865778772098366 22.272775022152942
677.8125 23.866945860739264 22.2727161058097
678.3125 23.86811162988785 22.272654863389747
678.8125 23.869280152054763 22.27260231178532
679.3125 23.870452201349686 22.27254728040449
679.8125 23.871627570995656 22.272485999199056
680.3125 23.872795395051188 22.272440181767514
680.8125 23.87398384240474 22.272384493583104
681.3125 23.875170333504734 22.272338462073925
681.8125 23.876361349976804 22.272290192632525
682.3125 23.877538550307136 22.272249977910292
682.8125 23.878728957845546 22.272199836543876
683.3125 23.879930188333105 22.272163956097963
683.8125 23.881130153714132 22.27212281799069
684.3125 23.882345340363976 22.27208589645287
684.8125 23.883543456123668 22.272048027669058
685.3125 23.884747273851595 22.27200848240593
685.8125 23.885967198039175 22.27197523777508
686.3125 23.887174286112064 22.27194231062727
686.8125 23.888396781372737 22.271909585577298
687.3125 23.88961219628718 22.271882755399957
687.8125 23.890835796858173 22.27186011653947
688.3125 23.892057811051085 22.271829144927082
688.8125 23.893289926293694 22.271801465776623
689.3125 23.89451388830954 22.27178146541977
689.8125 23.895739998076305 22.27175517259329
690.3125 23.896986305877736 22.27173719248892
690.8125 23.898217906118315 22.271715586097404
691.3125 23.899453330397673 22.27169636651649
691.8125 23.900683192088096 22.271678827830712
692.3125 23.901924381148454 22.271664295424557
692.8125 23.903155482205083 22.27164571988834
693.3125 23.904410989462793 22.271632176929323
693.8125 23.905651450486292 22.271623438040752
694.3125 23.906898224796088 22.27161517609566
694.8125 23.90814222143339 22.27160297516763
695.3125 23.909388213556216 22.271590188435123
695.8125 23.910632655539125 22.271583224083116
