FastTrWP/PhaseSpace/IAs/snIa_0.6_25_1_-0.1.csv
# %ECSV 0.9
# ---
# datatype:
# - {name: time-rel, datatype: float64}
# - {name: g, datatype: float64}
# - {name: i, datatype: float64}
# schema: astropy-2.0
time-rel g i
[from data line 2225]
1093.6041666666667 -24.995904997588614 -27.143472932191216
1094.1041666666667 -24.995276442860288 -27.142497699009063
1094.6041666666667 -24.994656977609377 -27.141525841241627
1095.1041666666667 -24.994046975389146 -27.14055142449666
1095.6041666666667 -24.993424440649967 -27.13957693687818
1096.1041666666667 -24.992779521980278 -27.13860876566298
1096.6041666666667 -24.992173887013614 -27.13763089722814
1097.1041666666667 -24.991486517032516 -27.13665776015967
1097.6041666666667 -24.990857064372687 -27.135686099714565
1098.1041666666667 -24.99019123758124 -27.13471723244828
1098.6041666666667 -24.989535017786654 -27.13373967802238
1099.1041666666667 -24.98885221806169 -27.132769944612143
1099.6041666666667 -24.9881624357548 -27.13179652239786
1100.1041666666667 -24.987478635415933 -27.130810288538857
1100.6041666666667 -24.98679745291881 -27.129848680448106
1101.1041666666667 -24.986087726222333 -27.128872268449015
1101.6041666666667 -24.98536919095644 -27.127888538171128
1102.1041666666667 -24.98466302217331 -27.126912746350126
1102.6041666666667 -24.983942989264367 -27.12594862338034
1103.1041666666667 -24.983200314226867 -27.12496581017572
1103.6041666666667 -24.982486440994236 -27.123995004632853
1104.1041666666667 -24.981704725070752 -27.123018822058462
1104.6041666666667 -24.980959612654097 -27.122041133242565
1105.1041666666667 -24.980187242532608 -27.121068399740448
1105.6041666666667 -24.979405214409326 -27.12009934976557
1106.1041666666667 -24.97864112379794 -27.119117978217616
1106.6041666666667 -24.977839645964156 -27.11814684790001
1107.1041666666667 -24.97704464901993 -27.117157654284725
1107.6041666666667 -24.97623614480803 -27.11618945547474
1108.1041666666667 -24.975399685872624 -27.115203830547422
1108.6041666666667 -24.97457598973186 -27.114243354731805
1109.1041666666667 -24.9737283543178 -27.113266350840842
1109.6041666666667 -24.97289020516422 -27.112289552557733
1110.1041666666667 -24.97202448212686 -27.11131184012909
1110.6041666666667 -24.971169696075734 -27.110336853583586
1111.1041666666667 -24.97026878567263 -27.10935286519858
1111.6041666666667 -24.969398617660282 -27.108391557976972
1112.1041666666667 -24.968485575465074 -27.107408442445212
1112.6041666666667 -24.967588798449988 -27.106430448173377
1113.1041666666667 -24.966667073952596 -27.10546298871842
1113.6041666666667 -24.965722468169847 -27.104481702662643
1114.1041666666667 -24.964777445896228 -27.103507048644833
1114.6041666666667 -24.963842179776897 -27.102533650429848
1115.1041666666667 -24.96287399730789 -27.101557649765674
1115.6041666666667 -24.96188694330712 -27.10058870556558
1116.1041666666667 -24.96091914265266 -27.099605969106165
1116.6041666666667 -24.959911147372004 -27.098629224355747
1117.1041666666667 -24.958932805001332 -27.097653722530396
1117.6041666666667 -24.95789646974878 -27.096686775875007
1118.1041666666667 -24.956837339653216 -27.09569896835106
1118.6041666666667 -24.955778141234095 -27.094738587700206
1119.1041666666667 -24.954738454682378 -27.093763578089572
1119.6041666666667 -24.953671748884908 -27.09279056554862
1120.1041666666667 -24.95258427721451 -27.091813896352818
1120.6041666666667 -24.95148877400197 -27.090842537883248
1121.1041666666667 -24.950424307715068 -27.089863756663256
1121.6041666666667 -24.94929998568232 -27.088893459373672
1122.1041666666667 -24.948199055097668 -27.087910322190183
1122.6041666666667 -24.947085499910273 -27.086934396531444
1123.1041666666667 -24.945945974839717 -27.08596983297395
1123.6041666666667 -24.944824004824042 -27.084989521970634
1124.1041666666667 -24.94367091203404 -27.084017491895143
1124.6041666666667 -24.94249577034788 -27.08304467970942
1125.1041666666667 -24.941361722152795 -27.082069533408507
1125.6041666666667 -24.94015998572623 -27.08109665853734
1126.1041666666667 -24.938969848749135 -27.0801235919933
1126.6041666666667 -24.937774548743178 -27.079146450811105
1127.1041666666667 -24.936583458849437 -27.078165612102435
1127.6041666666667 -24.935349911410754 -27.077200391619556
1128.1041666666667 -24.9341460891608 -27.07622051816522
1128.6041666666667 -24.932928501080106 -27.075247093198325
1129.1041666666667 -24.93165435507397 -27.074276544314717
1129.6041666666667 -24.93040562651201 -27.07329819385107
1130.1041666666667 -24.92914482297046 -27.072326364607108
1130.6041666666667 -24.92787298512249 -27.07134238487949
1131.1041666666667 -24.926589919050734 -27.070371597913866
1131.6041666666667 -24.925300934479452 -27.069393563755135
1132.1041666666667 -24.92400144359173 -27.068422013400575
1132.6041666666667 -24.922667416255315 -27.06744310146521
1133.1041666666667 -24.92133902021356 -27.066471551888643
1133.6041666666667 -24.920014145285222 -27.065497500416797
1134.1041666666667 -24.918699392010044 -27.064509356707127
1134.6041666666667 -24.917327768608054 -27.063537973754478
1135.1041666666667 -24.91596429771181 -27.06256757118698
1135.6041666666667 -24.914596559899024 -27.061595311539865
1136.1041666666667 -24.913166336800025 -27.060618380927664
1136.6041666666667 -24.91177715636544 -27.05964956363909
1137.1041666666667 -24.91036518792584 -27.05866632253032
1137.6041666666667 -24.908974257357016 -27.057691901515547
1138.1041666666667 -24.907539538048354 -27.056715102818334
1138.6041666666667 -24.90608550873842 -27.055745261831824
1139.1041666666667 -24.904628527324274 -27.054762961231276
1139.6041666666667 -24.903158171219168 -27.05378943037603
1140.1041666666667 -24.901686715071204 -27.052822049321573
1140.6041666666667 -24.900206591732186 -27.051843019753463
1141.1041666666667 -24.898697803197617 -27.050870861211855
1141.6041666666667 -24.897192044285404 -27.049892670431422
1142.1041666666667 -24.895660654009916 -27.0489212572064
1142.6041666666667 -24.894163379259567 -27.047943294372068
1143.1041666666667 -24.892561254005944 -27.046970463239024
1143.6041666666667 -24.891028465597586 -27.045999124543233
1144.1041666666667 -24.889462743425955 -27.04501925512789
1144.6041666666667 -24.88788771102883 -27.0440381784252
1145.1041666666667 -24.886300796918142 -27.043072129774156
1145.6041666666667 -24.884664708784964 -27.04209791605519
1146.1041666666667 -24.883061506417906 -27.041118583870052
1146.6041666666667 -24.881441986490323 -27.040149835127252
1147.1041666666667 -24.879790575631276 -27.03917904135259
1147.6041666666667 -24.878153750242898 -27.03819674917181
1148.1041666666667 -24.876456540832038 -27.03722217612684
1148.6041666666667 -24.87474521106869 -27.036254113863315
1149.1041666666667 -24.873091359749072 -27.035277984334716
1149.6041666666667 -24.87135246535946 -27.034303940854567
1150.1041666666667 -24.86963532718694 -27.033337915908593
1150.6041666666667 -24.867919596178815 -27.032359258752223
1151.1041666666667 -24.866172966861107 -27.03138173002591
1151.6041666666667 -24.864425506774918 -27.030407225554534
1152.1041666666667 -24.86263377798819 -27.029437689534337
1152.6041666666667 -24.860835677803838 -27.028466137451094
1153.1041666666667 -24.85906433303111 -27.027498282573802
1153.6041666666667 -24.857224141579994 -27.026528733569265
1154.1041666666667 -24.855394096475308 -27.025551349354203
1154.6041666666667 -24.853557800825957 -27.024573115475263
1155.1041666666667 -24.851716280697215 -27.023606587521428
1155.6041666666667 -24.8498515925711 -27.02262761082434
1156.1041666666667 -24.84797350224234 -27.021648504429695
1156.6041666666667 -24.84608424095976 -27.02067951385167
1157.1041666666667 -24.84414213391898 -27.019710731455003
1157.6041666666667 -24.842215638807346 -27.01873454724426
1158.1041666666667 -24.840286753404843 -27.017768985251195
1158.6041666666667 -24.838319948908367 -27.0167874658435
1159.1041666666667 -24.836340315215445 -27.015823027349583
1159.6041666666667 -24.83439151422818 -27.014854580568514
1160.1041666666667 -24.832395456820855 -27.013880090355883
1160.6041666666667 -24.83039858698113 -27.01290313201218
1161.1041666666667 -24.82835303595993 -27.011938823572955
1161.6041666666667 -24.826348943621074 -27.010972060906134
1162.1041666666667 -24.824281976852475 -27.0099896359347
1162.6041666666667 -24.822238368121354 -27.009016697610022
1163.1041666666667 -24.820132049107016 -27.008050414410913
1163.6041666666667 -24.81808183015009 -27.007083086334724
1164.1041666666667 -24.815990530036057 -27.006101398309173
1164.6041666666667 -24.81388450719104 -27.005131133390403
1165.1041666666667 -24.811715868707452 -27.004160204980067
1165.6041666666667 -24.809572945674887 -27.003190577194363
1166.1041666666667 -24.807400303179325 -27.002217643727352
1166.6041666666667 -24.80522791981675 -27.00124929196216
1167.1041666666667 -24.803050731079498 -27.000278537307736
1167.6041666666667 -24.80083584281619 -26.999303118667214
1168.1041666666667 -24.79863791312008 -26.998340360881507
1168.6041666666667 -24.796406416136513 -26.997368815855076
1169.1041666666667 -24.79414874877168 -26.996391216044685
1169.6041666666667 -24.791899965275253 -26.99541621278991
1170.1041666666667 -24.78957927542453 -26.994456434335326
1170.6041666666667 -24.787295674040305 -26.993473930625672
1171.1041666666667 -24.78500019167468 -26.992516660456364
1171.6041666666667 -24.78266918074278 -26.99153486154929
1172.1041666666667 -24.780310146591624 -26.99057751750108
1172.6041666666667 -24.77796359704637 -26.98958798342765
1173.1041666666667 -24.775593361523278 -26.988628042973165
1173.6041666666667 -24.773198715068332 -26.987661866190425
1174.1041666666667 -24.770805012097377 -26.986694257613408
1174.6041666666667 -24.768358598596233 -26.98571583725164
1175.1041666666667 -24.765930070190116 -26.984747271496282
1175.6041666666667 -24.76344775295157 -26.983775970159563
1176.1041666666667 -24.760975479519722 -26.982815234571113
1176.6041666666667 -24.758497705055944 -26.98184522347349
1177.1041666666667 -24.75599028301008 -26.980858219631866
1177.6041666666667 -24.75347733520191 -26.979905807107144
1178.1041666666667 -24.7509376449681 -26.97893377180985
1178.6041666666667 -24.748357860165456 -26.977969315295468
1179.1041666666667 -24.745787767274955 -26.976997197327606
1179.6041666666667 -24.743195162782836 -26.976039987422176
1180.1041666666667 -24.740596810868563 -26.975065739574106
1180.6041666666667 -24.737959740182625 -26.974087641470668
1181.1041666666667 -24.73528375557273 -26.97313336889541
1181.6041666666667 -24.73263337237679 -26.972163465003224
1182.1041666666667 -24.729946876751477 -26.971200552678532
1182.6041666666667 -24.727211836519732 -26.970229820737973
1183.1041666666667 -24.724497412940277 -26.969268507802365
1183.6041666666667 -24.721747777398587 -26.968300078016334
1184.1041666666667 -24.718981878110075 -26.967331188966085
1184.6041666666667 -24.71619503001735 -26.966374024724157
1185.1041666666667 -24.713397876596726 -26.96539845046916
1185.6041666666667 -24.710567665030162 -26.96443397147536
1186.1041666666667 -24.707730643482662 -26.963476390061423
1186.6041666666667 -24.704870206309273 -26.962504874419583
1187.1041666666667 -24.701969741447627 -26.961542928927663
1187.6041666666667 -24.69907372565334 -26.960574802152845
1188.1041666666667 -24.69615632424645 -26.959613561028565
1188.6041666666667 -24.693203316662228 -26.958651054288193
1189.1041666666667 -24.690246057980364 -26.957695200254538
1189.6041666666667 -24.687232970783448 -26.95673299747668
1190.1041666666667 -24.684232809615175 -26.95576896667301
1190.6041666666667 -24.681191878309384 -26.954804312895288
1191.1041666666667 -24.678137864256378 -26.953836304808682
1191.6041666666667 -24.675086866284424 -26.952889067454148
1192.1041666666667 -24.67197967990659 -26.95191787387933
1192.6041666666667 -24.668846104340854 -26.95095488531237
1193.1041666666667 -24.665710131040655 -26.95000376726768
1193.6041666666667 -24.662588290599757 -26.94904530454632
1194.1041666666667 -24.65937483202083 -26.948078630260017
1194.6041666666667 -24.656166740015877 -26.947126299068948
1195.1041666666667 -24.65292655299789 -26.94616403179431
1195.6041666666667 -24.649644909673086 -26.945199489222876
1196.1041666666667 -24.646347740743998 -26.944238364166292
1196.6041666666667 -24.643036248972074 -26.94329510986393
1197.1041666666667 -24.639664461445896 -26.94234355509861
1197.6041666666667 -24.636248989892927 -26.941378003859704
1198.1041666666667 -24.632806899690944 -26.940430350519655
1198.6041666666667 -24.629323913852097 -26.939480183834988
1199.1041666666667 -24.625787416729562 -26.938521159186504
1199.6041666666667 -24.622218374092316 -26.93757481265491
1200.1041666666667 -24.618650345347977 -26.936621888000438
1200.6041666666667 -24.61498444263423 -26.935671942064733
1201.1041666666667 -24.611353634919517 -26.93473250431897
1201.6041666666667 -24.607609310087803 -26.933780366195627
1202.1041666666667 -24.60385509818545 -26.932834501879547
1202.6041666666667 -24.600080780370583 -26.931892942363813
1203.1041666666667 -24.596290471236443 -26.93093451819791
1203.6041666666667 -24.5924456455157 -26.92999553583411
1204.1041666666667 -24.588548923899054 -26.92904711739051
1204.6041666666667 -24.584636736234714 -26.928108355032812
1205.1041666666667 -24.58067617197134 -26.927164839838618
1205.6041666666667 -24.576664034473872 -26.926229485910355
1206.1041666666667 -24.572689196310847 -26.9252877618572
1206.6041666666667 -24.568622107231114 -26.92434432232372
1207.1041666666667 -24.564562119241884 -26.923395459566652
1207.6041666666667 -24.560440946144595 -26.922459519029257
1208.1041666666667 -24.55629732016037 -26.921517365844565
1208.6041666666667 -24.55213881243417 -26.920582657763653
1209.1041666666667 -24.54792593439485 -26.919640846564153
1209.6041666666667 -24.543686524000073 -26.918702215066318
1210.1041666666667 -24.539452722367795 -26.917766005248474
1210.6041666666667 -24.53514425941867 -26.91682791345796
1211.1041666666667 -24.53081244455067 -26.91588776827638
1211.6041666666667 -24.526469894254458 -26.914949042895564
1212.1041666666667 -24.522101067798427 -26.914018312536058
1212.6041666666667 -24.517703349073567 -26.913067214298362
1213.1041666666667 -24.51329497935262 -26.912130385506487
1213.6041666666667 -24.508828483961892 -26.911198536659565
1214.1041666666667 -24.50434412240253 -26.910255284320456
1214.6041666666667 -24.499858315290737 -26.909323190416803
1215.1041666666667 -24.495310413961143 -26.908376682662784
1215.6041666666667 -24.490764165201384 -26.907448455101857
1216.1041666666667 -24.486192897286266 -26.90650484536547
1216.6041666666667 -24.48159372629581 -26.90556098477017
1217.1041666666667 -24.47701434143162 -26.904633340775614
1217.6041666666667 -24.47236671518514 -26.90369380176015
1218.1041666666667 -24.467708977270362 -26.902755580605625
1218.6041666666667 -24.463025153754366 -26.90181180079938
1219.1041666666667 -24.458312795083405 -26.90088197736801
1219.6041666666667 -24.453638530003413 -26.899936652087412
1220.1041666666667 -24.44888384848212 -26.89899675460405
1220.6041666666667 -24.444115528869737 -26.898066238180704
1221.1041666666667 -24.439332058940554 -26.897116483366702
1221.6041666666667 -24.434550353311227 -26.89618413302485
1222.1041666666667 -24.429745222897022 -26.895227557307493
1222.6041666666667 -24.424924445224203 -26.89428433591294
1223.1041666666667 -24.420100781169452 -26.893347052569403
1223.6041666666667 -24.415287900551377 -26.892401216479243
1224.1041666666667 -24.410428072516336 -26.891458882086518
1224.6041666666667 -24.405569172755072 -26.890510255940004
1225.1041666666667 -24.40069695089266 -26.88957339924039
1225.6041666666667 -24.395806711344758 -26.888623127986726
1226.1041666666667 -24.390891411217265 -26.88767757368077
1226.6041666666667 -24.385998396124332 -26.886729530411664
1227.1041666666667 -24.381066877942025 -26.885779635925505
1227.6041666666667 -24.376149067600096 -26.88483071486123
1228.1041666666667 -24.371223064879132 -26.8838842728282
1228.6041666666667 -24.36629081059753 -26.882936109160127
1229.1041666666667 -24.36135595214017 -26.881989468422937
1229.6041666666667 -24.356439793739895 -26.881029025474245
1230.1041666666667 -24.351457411550726 -26.880076664122118
