FastTrWP/PhaseSpace/IAs/snIa_0.37_30.00_-0.40_0.01.csv
# %ECSV 0.9
# ---
# datatype:
# - {name: time-rel, datatype: float64}
# - {name: g, datatype: float64}
# - {name: i, datatype: float64}
# schema: astropy-2.0
time-rel g i
[from data line 1076]
123.49999999999989 23.11461507288223 22.474767497078844
124.0 23.11561412422469 22.474729633611933
124.5 23.116611933835117 22.474706414854758
124.99999999999989 23.11761007037117 22.47467269886321
125.5 23.11860519273717 22.474642788370996
126.0 23.11960856548566 22.474615843677345
126.49999999999989 23.12061676382085 22.474594862511225
127.0 23.121625346162688 22.474580696950373
127.5 23.12263294006921 22.474555451259604
127.99999999999989 23.123646147094462 22.474554227368174
128.5 23.124658532026313 22.474530279253507
129.0 23.125687370382416 22.47452415158163
129.4999999999999 23.12669602307168 22.474523231251236
130.0 23.12771943384106 22.474518266846207
130.5 23.128752981548462 22.47451488148996
130.9999999999999 23.129775941434907 22.474520470735158
131.5 23.130804512385744 22.474523514686176
132.0 23.131853232080285 22.474534263909597
132.4999999999999 23.132880095298063 22.474544493854836
133.0 23.133924993511275 22.47456116585264
133.5 23.134956745665512 22.474574797978978
133.9999999999999 23.13601104188021 22.474594579583602
134.5 23.137055058534898 22.474614183926125
135.0 23.13810026877775 22.474636337234905
135.4999999999999 23.139152246491868 22.474666439254918
136.0 23.140207980542865 22.47469417409526
136.5 23.141260098580787 22.474726730834238
136.9999999999999 23.14232718631923 22.474758369996245
137.5 23.143393018109126 22.47479561004141
138.0 23.144448803069753 22.47482992867386
138.4999999999999 23.145512135943736 22.474870227925535
139.0 23.146582508276556 22.474921681421293
139.5 23.14765904882732 22.47497365855817
139.9999999999999 23.148727079591588 22.475023788109606
140.5 23.149801050547843 22.475068529387347
141.0 23.15088386485067 22.475128608554126
141.4999999999999 23.151963079069972 22.47518774309713
142.0 23.15305833849672 22.475246813571346
142.5 23.154149411946328 22.475312060856204
142.9999999999999 23.15523276021416 22.47537522908138
143.5 23.156322888453403 22.47544818495666
144.0 23.157417639676382 22.475516968502237
144.4999999999999 23.158521535825148 22.475597866011285
145.0 23.15962571150456 22.475673288651542
145.5 23.16073574523902 22.47575271750511
145.9999999999999 23.16184342401896 22.475846163277126
146.5 23.162969027901276 22.47593067473662
147.0 23.164069784424136 22.476012482326652
147.4999999999999 23.165197936188736 22.476113179269547
148.0 23.166315568566933 22.476205307589964
148.5 23.167434225258006 22.4763033884255
148.9999999999999 23.168565688510743 22.476410638615008
149.5 23.169696087905322 22.4765122457547
150.0 23.170834424987525 22.476619646213397
150.4999999999999 23.17196276815759 22.476728421816862
151.0 23.173105104969768 22.476833814432936
151.5 23.174245928758808 22.476957945902328
151.9999999999999 23.175394379278327 22.477073596809696
152.5 23.176547802521764 22.477198531305206
153.0 23.17769210198489 22.477315134079902
153.4999999999999 23.178846251993694 22.477445513590695
154.0 23.180008496656065 22.4775768275966
154.5 23.181159430861875 22.47770791302551
154.9999999999999 23.182325267009954 22.477846308077247
155.5 23.183487798800225 22.477972228012998
156.0 23.184663944693398 22.478115699023917
156.4999999999999 23.185827433389903 22.47826018119383
157.0 23.187001352799914 22.478402245524244
157.5 23.188184354182695 22.478542910525118
157.9999999999999 23.18935826546187 22.478699685721153
158.5 23.190538867446513 22.478852658459076
159.0 23.19172160778489 22.479004599413276
159.4999999999999 23.19291121976316 22.47917046435858
160.0 23.194106388102618 22.47932827425074
160.5 23.195303884451878 22.479490350262893
160.9999999999999 23.196488373547837 22.47965371535077
161.5 23.197694695535446 22.479823169400834
162.0 23.198890020640977 22.480001272763754
162.4999999999999 23.200093708314178 22.48016864616445
163.0 23.20130159179353 22.48033882064021
163.5 23.202511138552552 22.480520704883457
163.9999999999999 23.20371063518571 22.480700460960236
164.5 23.20493553179617 22.480883577158547
165.0 23.206146141889555 22.48106445013912
165.4999999999999 23.207361512803033 22.48126386391551
166.0 23.208576500468652 22.481444267711556
166.5 23.209814585848193 22.48163683840297
166.9999999999999 23.211030547676202 22.48183294945956
167.5 23.212262347635715 22.482028476413944
168.0 23.213498428001454 22.482225517588326
168.4999999999999 23.214723345977816 22.482432276689433
169.0 23.215954925824338 22.482639656208192
169.5 23.217202271872146 22.482850927616475
169.9999999999999 23.218439731396913 22.483046216076005
170.5 23.21969607015465 22.483263396104107
171.0 23.220931890360102 22.4834824308271
171.4999999999999 23.222178199540288 22.483697740889824
172.0 23.223424238113594 22.483920916244404
172.5 23.224690265010576 22.484135597104753
172.9999999999999 23.225939432857018 22.484358855112042
173.5 23.227186938867767 22.48457663123414
174.0 23.228453214954126 22.484816038556133
174.4999999999999 23.229725149733824 22.48503670251157
175.0 23.23098697013132 22.48528192048233
175.5 23.232262771030342 22.48551486668567
175.9999999999999 23.233543629312152 22.48576192217049
176.5 23.23482259870449 22.48599949820504
177.0 23.236114589853262 22.48624449807504
177.4999999999999 23.237409544466487 22.486488513423474
178.0 23.238704713714775 22.48674451761137
178.5 23.24000101113444 22.486997455250513
178.9999999999999 23.24129789065143 22.487254570557266
179.5 23.242617247279483 22.487516116907678
180.0 23.243922173231965 22.487779331620004
180.4999999999999 23.2452412773017 22.488039930584208
181.0 23.246558181228416 22.488306015557882
181.5 23.247870908629057 22.488580066613977
181.9999999999999 23.249195280706914 22.488849460637127
182.5 23.250523862369327 22.489135224444595
183.0 23.251861119800683 22.489406714934148
183.4999999999999 23.253205747661326 22.489689385614774
184.0 23.254528266862344 22.489982076885155
184.5 23.255874867579507 22.490266380310636
184.9999999999999 23.257218793147885 22.490553201072178
185.5 23.258576849936837 22.490843039957088
186.0 23.259921572354227 22.491140457396245
186.4999999999999 23.261272568177315 22.491430536320408
187.0 23.262629837897514 22.49173577934053
187.5 23.263988794439555 22.4920321701402
187.9999999999999 23.265344254298597 22.49233933169382
188.5 23.266706615523105 22.492645020406403
189.0 23.26807392306683 22.492956159891172
189.4999999999999 23.269437878492777 22.49326335709458
190.0 23.270803974092324 22.49357292693212
190.5 23.272185060412525 22.493892950706467
190.9999999999999 23.273550815712156 22.494216388398765
191.5 23.274923558441593 22.494534275625394
192.0 23.276303301639203 22.49485863349048
192.4999999999999 23.27768479755114 22.495183831315867
193.0 23.27906591014567 22.495512615225945
193.5 23.28044906969358 22.49583819842254
193.9999999999999 23.281827528507684 22.496169473411314
194.5 23.28321928773233 22.49650511087541
195.0 23.284595851222182 22.496837856725275
195.4999999999999 23.28598633376569 22.49718137706903
196.0 23.287374921956907 22.497523444608806
196.5 23.28877323896242 22.497857549285676
196.9999999999999 23.29015273177481 22.49821328535097
197.5 23.291549867764672 22.49855682917792
198.0 23.292932966443157 22.498898589592194
198.4999999999999 23.294335023052703 22.499249189857164
199.0 23.29572377417668 22.499606315089927
199.5 23.29712031011492 22.49996415606095
199.9999999999999 23.298524587828027 22.50031273551265
200.5 23.299907556789478 22.500672644110935
201.0 23.301301925640093 22.5010367236907
201.4999999999999 23.302698399231616 22.501404793825728
202.0 23.304087803218906 22.501767305810105
202.5 23.30548753980149 22.502130596049483
202.9999999999999 23.30688764432956 22.50249908953802
203.5 23.308275480992165 22.502870809689593
204.0 23.309674781035213 22.503239016885935
204.4999999999999 23.311064372512682 22.50361411762865
205.0 23.312461393208057 22.503989393668338
205.5 23.31384815443094 22.504358843536508
205.9999999999999 23.31524234070089 22.504744281531707
206.5 23.316623616972166 22.505126900325948
207.0 23.318015900221884 22.505511286580013
207.4999999999999 23.319419233968883 22.50589495144059
208.0 23.320815277931924 22.506287187422508
208.5 23.322205516656673 22.506670951209585
208.9999999999999 23.323605304175405 22.50707177486699
209.5 23.325013130243804 22.507458352810215
210.0 23.326415250624667 22.50785536492441
210.4999999999999 23.32781365285144 22.508261582454562
211.0 23.32923120766516 22.508663198457096
211.5 23.3306135622065 22.50906592295294
211.9999999999999 23.33203819066574 22.50947287771609
212.5 23.333451899607596 22.50988678876162
213.0 23.334859238473946 22.51029107461545
213.4999999999999 23.336256813110676 22.510711355484062
214.0 23.337686849074814 22.511127165945744
214.5 23.339084764362127 22.51154857774266
214.9999999999999 23.34050683705894 22.51196231929903
215.5 23.341922481298152 22.51238579674368
216.0 23.343341481602575 22.512811905175177
216.4999999999999 23.34476594750507 22.513246390187092
217.0 23.346183269429407 22.51367425508967
217.5 23.347604606492478 22.51409378562513
217.9999999999999 23.34902768923992 22.514545267743706
218.5 23.350461388935177 22.514976852303214
219.0 23.3518809275861 22.515412888154607
219.4999999999999 23.35331552072381 22.51585731175487
220.0 23.354743874303665 22.51629760652914
220.5 23.35616416205928 22.51674635727857
220.9999999999999 23.357600185656754 22.517191579797352
221.5 23.359023456323683 22.517644910840676
222.0 23.360458237178918 22.518093051640307
222.4999999999999 23.361898811267462 22.518549911743065
223.0 23.36332677930201 22.519004722421684
223.5 23.36476391675842 22.519462231478926
223.9999999999999 23.366201388244097 22.519925172753517
224.5 23.367634446067203 22.520383319553755
225.0 23.36907731203898 22.520847282164148
225.4999999999999 23.37051536683785 22.521321502395676
226.0 23.371955863531223 22.52179437730988
226.5 23.37338793950289 22.52225896494201
226.9999999999999 23.374843637311685 22.522728731899747
227.5 23.376275157747877 22.52320627793563
228.0 23.37771222466834 22.523685442198797
228.4999999999999 23.379163388957195 22.524158840638783
229.0 23.380609063309244 22.52464746331579
229.5 23.38205153722769 22.525126920268224
229.9999999999999 23.383498491771874 22.525601053639303
230.5 23.384946607730292 22.52609698163927
231.0 23.386389891433105 22.52658515315865
231.4999999999999 23.387833458956027 22.52707616078466
232.0 23.38929517620837 22.527568328897903
232.5 23.390745541213622 22.52806704400353
232.9999999999999 23.392171428409302 22.52855617802294
233.5 23.39364485434883 22.529062465428716
234.0 23.39509812170704 22.52955678835121
234.4999999999999 23.396533371170793 22.53005756400492
235.0 23.39798868085127 22.530563044507744
235.5 23.399451238548487 22.531070429484572
235.9999999999999 23.400893214315012 22.531573310818747
236.5 23.40234640847351 22.532080955446926
237.0 23.40380278559217 22.532598638902602
237.4999999999999 23.40525803388751 22.53310995566273
238.0 23.406707071446732 22.533634173430425
238.5 23.40816728555055 22.534145742636653
238.9999999999999 23.409611241460368 22.534665713825405
239.5 23.411073656831952 22.535178632764612
240.0 23.412529732101998 22.53570563176886
240.4999999999999 23.413980561781056 22.536227442352885
241.0 23.415430918424708 22.536756493159025
241.5 23.416890095803716 22.537279065519456
241.9999999999999 23.418349550605072 22.537813181292158
242.5 23.419808495655094 22.53835307707961
243.0 23.42126219876459 22.538886226193252
243.4999999999999 23.422716270152325 22.539425450267746
244.0 23.42418158110746 22.53996286125745
244.5 23.42565025243033 22.540503717827814
244.9999999999999 23.427109973215 22.541054424528202
245.5 23.42857378027581 22.54159606621669
246.0 23.4300423289626 22.54215078444232
246.4999999999999 23.431497477089486 22.542700188939392
247.0 23.432966080008356 22.54326176937573
247.5 23.434428254802903 22.54380186926558
247.9999999999999 23.435892549944914 22.544366395899864
248.5 23.4373541233216 22.544920780263173
249.0 23.438826774317207 22.545489425630084
249.4999999999999 23.440282157077714 22.546053775057942
250.0 23.44175516350445 22.546616826612393
250.5 23.443228439894778 22.547178528832873
250.9999999999999 23.44470525914216 22.54775627624091
251.5 23.4461701412457 22.54832996163071
252.0 23.44765322659186 22.548905198011674
252.4999999999999 23.449105365772425 22.549481801716645
253.0 23.45058101690855 22.550061186157905
253.5 23.452064231576173 22.550639492697716
253.9999999999999 23.453532450813526 22.55122250219671
254.5 23.455017583942258 22.55180537781023
255.0 23.45649112096082 22.552388821873677
255.4999999999999 23.4579779298285 22.55298497782015
256.0 23.459452653004412 22.55357580736308
256.5 23.460926654062035 22.55415904137562
256.9999999999999 23.462400923068635 22.554756653277288
257.5 23.4638765949944 22.555362420597444
258.0 23.46535888725981 22.555954310638015
258.4999999999999 23.466840837136154 22.55656493734483
259.0 23.46832709300933 22.55716057762413
259.5 23.46979934518323 22.557767587934492
259.9999999999999 23.471290163748467 22.5583770590925
260.5 23.472765015847298 22.558984914971735
261.0 23.474273359089757 22.55960041591485
261.4999999999999 23.475751249212344 22.560207158829897
262.0 23.477244751860912 22.560827098389332
262.5 23.478728625539812 22.561442708313155
262.9999999999999 23.480221132329923 22.562066424326268
263.5 23.481700045309132 22.56268496994104
264.0 23.48319546524631 22.563313751256043
264.4999999999999 23.484690535999132 22.563933650776896
265.0 23.48618558089262 22.56456379617227
265.5 23.487685274165592 22.56519282292591
265.9999999999999 23.489174839783608 22.565825946959485
266.5 23.49067173169468 22.566455749311526
267.0 23.49217373012135 22.567091960968412
267.4999999999999 23.493660914888466 22.567725993411717
268.0 23.495165336325627 22.56836595409912
268.5 23.496669681985747 22.569009028525713
268.9999999999999 23.498180803432412 22.569655786021187
269.5 23.49966651085376 22.570291976215806
270.0 23.501167637760577 22.57094041026448
270.4999999999999 23.50267853121412 22.5715908908899
271.0 23.504180769950516 22.57224057168404
271.5 23.50569516060624 22.57289462070863
271.9999999999999 23.507196467358003 22.573546142007554
272.5 23.508711881461338 22.574205681569733
273.0 23.510220971034176 22.57486939573438
273.4999999999999 23.511721370396685 22.575521428148004
274.0 23.513237703028445 22.576187326369116
274.5 23.51474667779611 22.576850090321273
274.9999999999999 23.516254788240563 22.57752040116088
275.5 23.517773529360205 22.57818773425796
276.0 23.519277105011582 22.578862162183366
276.4999999999999 23.520809075504772 22.5795376842127
277.0 23.522316461460974 22.58021501123733
277.5 23.523830021648497 22.58089922436828
277.9999999999999 23.525348593796235 22.581571223954853
278.5 23.526867367865773 22.582256754876603
279.0 23.528387401030958 22.582941479874826
279.4999999999999 23.5299011682083 22.583618401014537
280.0 23.531429635444397 22.58432115403087
280.5 23.532934323118248 22.585011734732333
280.9999999999999 23.534465396304697 22.585705725891103
281.5 23.535989759926217 22.586400920675796
282.0 23.537511051852963 22.587096884733175
282.4999999999999 23.53904156810225 22.587793914947962
283.0 23.540556432546275 22.588495096382207
283.5 23.542087122831433 22.58919718012619
283.9999999999999 23.54361230756904 22.589911397787226
284.5 23.5451523772102 22.59062023136504
285.0 23.546678214761442 22.59132932610459
285.4999999999999 23.548193950367974 22.5920422313758
286.0 23.549740088369262 22.592758506856082
286.5 23.551267182054755 22.593479951449922
286.9999999999999 23.552806737245856 22.594196100159564
287.5 23.554335386220465 22.59491862460252
288.0 23.555875951253427 22.59563838002117
288.4999999999999 23.557404215868345 22.596373428216307
289.0 23.558938824042205 22.597092501537027
289.5 23.560489977032187 22.597830734554503
289.9999999999999 23.562024888284554 22.59856073995584
290.5 23.563567440317208 22.59929646806234
291.0 23.565109554585014 22.600031590135416
291.4999999999999 23.5666477830013 22.60076923634025
292.0 23.568188453308206 22.601515943410252
