FastTrWP/PhaseSpace/IAs/snIa_0.47_30.00_-0.38_0.08.csv
# %ECSV 0.9
# ---
# datatype:
# - {name: time-rel, datatype: float64}
# - {name: g, datatype: float64}
# - {name: i, datatype: float64}
# schema: astropy-2.0
time-rel g i
[from data line 866]
638.4166666666666 23.439109271084977 22.356302654775135
638.9166666666666 23.43942209371921 22.35588269216812
639.4166666666666 23.439748696450753 22.355461834094676
639.9166666666666 23.44006260694046 22.35503007777885
640.4166666666666 23.44039614235335 22.354621370999116
640.9166666666666 23.440743493468126 22.354203577829797
641.4166666666666 23.441075641769093 22.353795782284433
641.9166666666666 23.44142626266859 22.353383859659623
642.4166666666666 23.441785878643138 22.35297861193277
642.9166666666666 23.442145038369517 22.352568724555578
643.4166666666666 23.442515075811777 22.352174990929363
643.9166666666666 23.442886933482022 22.35177316312885
644.4166666666666 23.44327873121191 22.351375435967753
644.9166666666666 23.44365570123696 22.35097773320711
645.4166666666666 23.44404787060352 22.35058667153053
645.9166666666666 23.444457430900826 22.35019834998451
646.4166666666666 23.444848473269943 22.34981166293139
646.9166666666666 23.44526449621018 22.34942507365037
647.4166666666666 23.445677157097627 22.34903689225348
647.9166666666666 23.446104201553982 22.348663993100907
648.4166666666666 23.44653919353285 22.34828496593879
648.9166666666666 23.446974410967453 22.347906202737992
649.4166666666666 23.447426142267233 22.34753945275213
649.9166666666666 23.447859935381654 22.34717790108984
650.4166666666666 23.448326450288892 22.346799724481524
650.9166666666666 23.448784964081607 22.346439232296778
651.4166666666666 23.449256625750742 22.346073194386975
651.9166666666666 23.44972744748273 22.345718408145984
652.4166666666666 23.450223536324287 22.34536716594213
652.9166666666666 23.450700110116358 22.34501329504678
653.4166666666666 23.451196498457286 22.344662305996117
653.9166666666666 23.45170242603727 22.34431858254026
654.4166666666666 23.452214994914883 22.343966296674026
654.9166666666666 23.452718087436914 22.34362684461765
655.4166666666666 23.4532383705249 22.34327686563328
655.9166666666666 23.453769538653113 22.342947262685804
656.4166666666666 23.454313841210052 22.342602041108375
656.9166666666666 23.454851448433853 22.34227510654696
657.4166666666666 23.455413926069973 22.341946200286852
657.9166666666666 23.45595326069852 22.341623521507586
658.4166666666666 23.456525375766404 22.34129121818014
658.9166666666666 23.457095236519997 22.34097384432122
659.4166666666666 23.457674784194538 22.340653315879806
659.9166666666666 23.45825800808022 22.340336051542987
660.4166666666666 23.458861414504845 22.3400217829756
660.9166666666666 23.459474599369848 22.33971030642229
661.4166666666666 23.460085189412037 22.339402318501627
661.9166666666666 23.46069905010878 22.339098476667157
662.4166666666666 23.461343515080088 22.338795600200825
662.9166666666666 23.461987808715318 22.338494999430733
663.4166666666666 23.4626438796292 22.338194994330077
663.9166666666666 23.463299815799495 22.33790806095072
664.4166666666666 23.463971583351956 22.337609660435255
664.9166666666666 23.464642239797122 22.337314099723734
665.4166666666666 23.46531595562095 22.337024866271165
665.9166666666666 23.46600392049844 22.336740821044273
666.4166666666666 23.466705124943186 22.33646348884488
666.9166666666666 23.46741868237197 22.33617591854333
667.4166666666666 23.468126428967576 22.335898481367842
667.9166666666666 23.468839646407993 22.33562483326992
668.4166666666666 23.46957725976963 22.33535599170882
668.9166666666666 23.470301150543275 22.335080008723914
669.4166666666666 23.471055946307693 22.334812076926305
669.9166666666666 23.47181009903791 22.33454759484669
670.4166666666666 23.472564707438018 22.334283532634945
670.9166666666666 23.47332658590584 22.334021230360808
671.4166666666666 23.47408845450968 22.333768935444315
671.9166666666666 23.47486895155331 22.33351212034303
672.4166666666666 23.475645282920794 22.333252799011817
672.9166666666666 23.47643656490144 22.333003257618923
673.4166666666666 23.477237447309246 22.332751320336804
673.9166666666666 23.47803153897346 22.33250939494954
674.4166666666666 23.478831645078383 22.33226541732115
674.9166666666666 23.479657801210678 22.332021160915723
675.4166666666666 23.480466930605953 22.331781646245474
675.9166666666666 23.481293133856454 22.331541484345443
676.4166666666666 23.482127710025136 22.331309849308617
676.9166666666666 23.482952070306474 22.33107750327589
677.4166666666666 23.483785341972517 22.330846724908717
677.9166666666666 23.484639807772588 22.330622642226608
678.4166666666666 23.485491741685408 22.33039189037989
678.9166666666666 23.486350144365975 22.330170372114
679.4166666666666 23.48720367958778 22.329957745208194
679.9166666666666 23.4880667431389 22.32973528909178
680.4166666666666 23.48893626261529 22.32951511487597
680.9166666666666 23.489813460356572 22.329306008958948
681.4166666666666 23.490676780349943 22.329091224797352
681.9166666666666 23.49156333065908 22.32888208749089
682.4166666666666 23.49244603591827 22.328680326481884
682.9166666666666 23.493349316600796 22.328471438982717
683.4166666666666 23.494236096208386 22.32826756001794
683.9166666666666 23.49512333713657 22.328073375257325
684.4166666666666 23.4960333082811 22.327871077629634
684.9166666666666 23.496944349869345 22.3276756439803
685.4166666666666 23.49785127178896 22.32748243633707
685.9166666666666 23.49875552631967 22.32729089842683
686.4166666666666 23.499672577783457 22.327101666513165
686.9166666666666 23.500588914836342 22.326909747116552
687.4166666666666 23.501502377917692 22.32672416535644
687.9166666666666 23.502434725508788 22.326540764223026
688.4166666666666 23.50334485308665 22.326363099387017
688.9166666666666 23.50428273826454 22.326186251789654
689.4166666666666 23.505210209398232 22.326012271819348
689.9166666666666 23.506147490050257 22.32583390651891
690.4166666666666 23.507085154710524 22.32566352371807
690.9166666666666 23.50802151678838 22.32549370170641
691.4166666666666 23.50895424485612 22.325330451930924
691.9166666666666 23.509892596600057 22.325164519879102
692.4166666666666 23.51083531294357 22.324998971897493
692.9166666666666 23.511777039173968 22.324836837788425
