FastTrWP/PhaseSpace/IAs/snIa_0.33_30.00_0.54_0.11.csv
# %ECSV 0.9
# ---
# datatype:
# - {name: time-rel, datatype: float64}
# - {name: g, datatype: float64}
# - {name: i, datatype: float64}
# schema: astropy-2.0
time-rel g i
[from data line 1155]
760.1041666666666 23.050474628660794 22.36181424755617
760.6041666666666 23.05136585187703 22.361920249862933
761.1041666666665 23.052281090203817 22.362031622738083
761.6041666666666 23.053182076801715 22.362143982100914
762.1041666666666 23.054093768056568 22.362253344546644
762.6041666666665 23.055008323528483 22.36237943434365
763.1041666666666 23.05592046793592 22.362493538955167
763.6041666666666 23.056842673496874 22.36262260987518
764.1041666666665 23.057755536977282 22.362748251932004
764.6041666666666 23.05868046728069 22.362866825144444
765.1041666666666 23.059608817272004 22.36299465760911
765.6041666666665 23.060538371006885 22.363124985193245
766.1041666666666 23.061469796322072 22.363257410203786
766.6041666666666 23.062398205796253 22.3633950061338
767.1041666666665 23.06333087864899 22.36352758237404
767.6041666666666 23.064268749985075 22.363665680906067
768.1041666666666 23.065201328901004 22.363802914132922
768.6041666666665 23.066151615647446 22.36394670080195
769.1041666666666 23.067103367429517 22.364092274607586
769.6041666666666 23.068044556130065 22.364245021145983
770.1041666666665 23.068989273789246 22.364391313868445
770.6041666666666 23.069946049675135 22.364543891989772
771.1041666666666 23.070898969841807 22.364702436563956
771.6041666666665 23.0718512819969 22.364856697082875
772.1041666666666 23.07281774408277 22.365014994607254
772.6041666666666 23.073779042441167 22.36517558160044
773.1041666666665 23.074746631399226 22.36533511136201
773.6041666666666 23.07571844281776 22.365505458188835
774.1041666666666 23.076674417529027 22.365668131456722
774.6041666666665 23.077652298565972 22.36584316666057
775.1041666666666 23.078615698853167 22.366011884138036
775.6041666666666 23.07959766993724 22.36618392543692
776.1041666666665 23.080578016906085 22.366366647236205
776.6041666666666 23.081543287258203 22.366537784331797
777.1041666666666 23.082534404475457 22.36671177400507
777.6041666666665 23.083522456899125 22.366895206248905
778.1041666666666 23.08450846110435 22.367086231343883
778.6041666666666 23.085498355738846 22.36726374305267
779.1041666666665 23.086498990882212 22.36745685031227
779.6041666666666 23.0874880184493 22.36764409226563
780.1041666666666 23.08847407519151 22.367837610542217
780.6041666666665 23.089480579167123 22.36803182564364
781.1041666666666 23.09048332529177 22.368224867770667
781.6041666666666 23.091474631590273 22.36843074272185
782.1041666666665 23.09248208935765 22.368624544079477
782.6041666666666 23.093488772190906 22.368829716938357
783.1041666666666 23.09450145452603 22.369030589111077
783.6041666666665 23.09550563918109 22.369230975092655
784.1041666666666 23.096531909374022 22.36944286515528
784.6041666666666 23.097535146904654 22.369651736831848
785.1041666666665 23.098559202866483 22.369862877635008
785.6041666666666 23.09957232963679 22.37008408185835
786.1041666666666 23.100600912714214 22.37029318125262
786.6041666666665 23.101613943254442 22.37050778187772
787.1041666666666 23.10264630244371 22.37073202048595
787.6041666666666 23.10368022172289 22.370954270212636
788.1041666666665 23.104706771671943 22.371176646839338
788.6041666666666 23.105724625443663 22.371399772555275
789.1041666666666 23.106768609356436 22.37162562169038
789.6041666666665 23.107802188520434 22.37185659188286
790.1041666666666 23.108839264440103 22.372092571510215
790.6041666666666 23.10988178544418 22.37232341241718
791.1041666666665 23.110933054708042 22.372557451045903
791.6041666666666 23.111984436962302 22.37279480848187
792.1041666666666 23.113034163264352 22.373035204760413
792.6041666666665 23.11408839553925 22.373274435436528
793.1041666666666 23.115152225523694 22.373520337194904
793.6041666666666 23.116208595105512 22.37376144760306
794.1041666666665 23.117272517179273 22.37400991544454
794.6041666666666 23.118350227143235 22.37425972637299
795.1041666666666 23.119432010969227 22.37451215370089
795.6041666666665 23.120503247362365 22.374758207945042
796.1041666666666 23.12157523832842 22.37502192932437
796.6041666666666 23.122655107383515 22.37527326511895
797.1041666666665 23.123741984364518 22.3755285955285
797.6041666666666 23.124829384930937 22.375795047687042
798.1041666666666 23.12592166297687 22.376062114913225
798.6041666666665 23.127006145653894 22.37633231079833
799.1041666666666 23.128110746943165 22.376592452573682
799.6041666666666 23.129209006873598 22.376862012529443
800.1041666666665 23.130299597274067 22.377130929365123
800.6041666666666 23.131403089954652 22.377401964627765
801.1041666666666 23.13251463089248 22.377685272819573
801.6041666666665 23.13361625834716 22.37796207100852
802.1041666666666 23.134736726062197 22.378235109855655
802.6041666666666 23.13583622871107 22.378520177513764
803.1041666666665 23.13695082812112 22.378807907940164
803.6041666666666 23.138064063752502 22.379091037788072
804.1041666666666 23.13919236754833 22.37938655244808
804.6041666666665 23.140303041038983 22.379678242908003
805.1041666666666 23.141432000071582 22.37997117651303
805.6041666666666 23.14254828369972 22.380265205178716
806.1041666666665 23.14366733947019 22.380562713829825
806.6041666666666 23.144796609921855 22.38085593118681
807.1041666666666 23.14592620059498 22.381161740806277
807.6041666666665 23.147058147278972 22.38146772078819
808.1041666666666 23.148189825244852 22.381777243837867
808.6041666666666 23.149334039814512 22.38208134935863
809.1041666666665 23.150461991002448 22.38238913753782
809.6041666666666 23.15159957554443 22.38271065241546
810.1041666666666 23.15272988030054 22.383023344649217
810.6041666666665 23.153881575087144 22.38333896529216
811.1041666666666 23.155004653483267 22.383658133864838
811.6041666666666 23.156159291895012 22.383982194714665
812.1041666666665 23.15728575199904 22.384308451064072
812.6041666666666 23.158436615476973 22.384632935551526
813.1041666666666 23.15958067430737 22.384959450185526
813.6041666666665 23.160729074319363 22.385291403952298
814.1041666666666 23.161871921229217 22.385625897227285
814.6041666666666 23.163017568576457 22.385961800514337
815.1041666666665 23.164158093873862 22.386298974058526
815.6041666666666 23.165302859145047 22.386643565717954
816.1041666666666 23.166457171776994 22.38698495037914
816.6041666666665 23.16760189729515 22.387330180437274
817.1041666666666 23.16875077829546 22.38768438732203
817.6041666666666 23.169907291873272 22.388028223447392
818.1041666666665 23.171051132955746 22.38838161105945
818.6041666666666 23.172204728701725 22.38873406907284
819.1041666666666 23.17335459251781 22.38909101251501
819.6041666666665 23.174495231464828 22.389454916447107
820.1041666666666 23.17565489245323 22.38982078512935
820.6041666666666 23.176795708831893 22.39017952472083
821.1041666666665 23.17794369778003 22.390556337208388
821.6041666666666 23.179092536884557 22.39091159260742
822.1041666666666 23.180243824587897 22.391283335364413
822.6041666666665 23.181405226047318 22.391660878096996
823.1041666666666 23.182554607018595 22.39203442617809
823.6041666666666 23.18370543072546 22.39241249070677
824.1041666666665 23.184876285151184 22.39280303606154
824.6041666666666 23.18602590871251 22.39318761447855
825.1041666666666 23.187191331443586 22.39357170848556
825.6041666666665 23.18835260739393 22.393960416811524
826.1041666666666 23.189520899057527 22.394349051122227
826.6041666666666 23.19067844523117 22.394742905759614
827.1041666666665 23.191847038278667 22.3951368421289
827.6041666666666 23.193017098630143 22.395535924777008
828.1041666666666 23.194196312698345 22.395941639351072
828.6041666666665 23.195363346426774 22.396343485556862
829.1041666666666 23.19652969778964 22.396748042822484
829.6041666666666 23.197705966704557 22.397159951925268
830.1041666666665 23.198885472515755 22.397573399497098
830.6041666666666 23.200051191679503 22.397980740101985
831.1041666666666 23.201236957045815 22.39839771801639
831.6041666666665 23.20240547446072 22.39881925718415
832.1041666666666 23.20359741641003 22.399235983779008
832.6041666666666 23.20476521860541 22.399661303123896
833.1041666666665 23.205951475338242 22.400083152752124
833.6041666666666 23.20714165737408 22.400509262961968
834.1041666666666 23.208330789735246 22.40094127895025
834.6041666666665 23.209513849089973 22.40136943895864
835.1041666666666 23.210689850614074 22.401805669590065
835.6041666666666 23.211903259055898 22.402239888710774
836.1041666666665 23.213081311333333 22.40267860742815
836.6041666666666 23.214275256559297 22.40312438052016
837.1041666666666 23.215458570996393 22.403566626876454
837.6041666666665 23.216653495631693 22.404014329289833
838.1041666666666 23.2178565456515 22.40445571993552
838.6041666666666 23.21905506235282 22.404913440150672
839.1041666666665 23.2202449275829 22.405361926916697
839.6041666666666 23.22144546545082 22.405816147356262
840.1041666666666 23.222637900651115 22.40627772750967
840.6041666666665 23.223839349605186 22.406733033487797
841.1041666666666 23.225043447844776 22.407198382381072
841.6041666666666 23.22624326317265 22.40765568383861
842.1041666666665 23.227456009731846 22.408131137174788
842.6041666666666 23.22865670267413 22.408599404600356
843.1041666666666 23.229847859020623 22.4090679972331
843.6041666666665 23.231052794631566 22.409546222981298
844.1041666666666 23.232276393967926 22.410021044854417
844.6041666666666 23.233475156984674 22.41049180499371
845.1041666666665 23.2346856563022 22.410977703896332
845.6041666666666 23.23589986891293 22.411457328918743
846.1041666666666 23.23710333083961 22.411945939580818
846.6041666666665 23.238313183717217 22.412430876357075
847.1041666666666 23.239528006974236 22.412916574225846
847.6041666666666 23.240734745830327 22.41341053619773
848.1041666666665 23.241946580032668 22.413895592847037
848.6041666666666 23.243176166902376 22.414395934910605
849.1041666666666 23.24437723091257 22.414896579478786
849.6041666666665 23.24559685049698 22.415399284706975
850.1041666666666 23.24680882597825 22.415897758810324
850.6041666666666 23.248021966596646 22.416405897516995
851.1041666666665 23.249245882215092 22.416913467348568
851.6041666666666 23.25046456028934 22.41742053141246
852.1041666666666 23.251674387745496 22.417928047954835
852.6041666666665 23.25289194834584 22.41844152470093
853.1041666666666 23.2541115613045 22.418958364846212
853.6041666666666 23.255334007197256 22.419474559842808
854.1041666666665 23.256562834290353 22.420002169358927
854.6041666666666 23.257781259694372 22.420523554451385
855.1041666666666 23.25901152039753 22.421048302585547
855.6041666666665 23.260224320975947 22.421583169312363
856.1041666666666 23.261452606099596 22.422108938611032
856.6041666666666 23.262682251872455 22.422637574554084
857.1041666666665 23.263906163285093 22.42316736447428
857.6041666666666 23.265140448538272 22.42371182679902
858.1041666666666 23.266361476507665 22.42425458255323
858.6041666666665 23.267602878891513 22.42479432069515
859.1041666666666 23.26883687982702 22.425342616849832
859.6041666666666 23.270059656858713 22.425891527512096
860.1041666666665 23.271292272950284 22.42643997890779
860.6041666666666 23.27252858615289 22.42698617170094
861.1041666666666 23.273757201315007 22.427550711393927
861.6041666666665 23.27499317321996 22.428101197279787
862.1041666666666 23.276229588395353 22.428665576685717
862.6041666666666 23.27746812290501 22.42922353865883
863.1041666666665 23.278709695756795 22.42978782583097
863.6041666666666 23.279944504584197 22.430362311387096
864.1041666666666 23.281203027291603 22.430929778431647
864.6041666666665 23.28243454378928 22.431504058838453
865.1041666666666 23.283676616650972 22.43207782066925
865.6041666666666 23.284925965926732 22.43266162599538
866.1041666666665 23.28616905128569 22.43323503211925
866.6041666666666 23.287400801714053 22.433813132033514
867.1041666666666 23.288663923029368 22.434396224217252
867.6041666666665 23.289904563336485 22.434987073656846
868.1041666666666 23.29115964918813 22.43557528812671
868.6041666666666 23.292401862539116 22.436171305577787
869.1041666666665 23.293658142766848 22.43675491363673
869.6041666666666 23.29490785200726 22.437355593814328
870.1041666666666 23.296168404725798 22.437958550892915
870.6041666666665 23.297415885252768 22.438556609138814
871.1041666666666 23.298678129052757 22.43916199064249
871.6041666666666 23.299928209316562 22.439761912682844
872.1041666666665 23.301178227408297 22.44037442088599
872.6041666666666 23.30244780065413 22.440976430535496
873.1041666666666 23.303699158327532 22.441591498580582
873.6041666666665 23.304964689271944 22.44220863766637
874.1041666666666 23.306227890029213 22.442824828247097
874.6041666666666 23.307491910521545 22.443447729846675
875.1041666666665 23.308748821280403 22.444061321309242
875.6041666666666 23.310028088700527 22.444692310847394
876.1041666666666 23.311285400454146 22.445314740587783
876.6041666666665 23.31255770177012 22.44593849490386
877.1041666666666 23.313816902845744 22.446572712077064
877.6041666666666 23.315105893147397 22.447204250061933
878.1041666666665 23.31635824724686 22.44784175133838
878.6041666666666 23.317633770209948 22.448473793650592
879.1041666666666 23.318912169758818 22.449114531817784
879.6041666666665 23.32017079091186 22.449760142429717
880.1041666666666 23.32145853700888 22.45039759549368
880.6041666666666 23.322734307035212 22.451040711076608
881.1041666666665 23.324007197888356 22.4516941061445
881.6041666666666 23.325280631702864 22.452341792853726
882.1041666666666 23.326575709803166 22.452997307712934
882.6041666666665 23.327847061276064 22.45364766512596
883.1041666666666 23.329138263594054 22.454306047979493
883.6041666666666 23.33041828042921 22.45496287893551
884.1041666666665 23.33170059488047 22.455627115987117
884.6041666666666 23.332987797982252 22.456284647817277
885.1041666666666 23.33427265863293 22.456951355380195
885.6041666666665 23.335561580306305 22.457612319180992
886.1041666666666 23.336849662009655 22.458294225422158
886.6041666666666 23.33814456194796 22.458957544826056
887.1041666666665 23.33943424743648 22.459638160176215
887.6041666666666 23.34072695881273 22.460315814218546
888.1041666666666 23.34202415283586 22.46100453503515
888.6041666666665 23.343310371871887 22.461684269054395
889.1041666666666 23.344608051802886 22.46237185754667
889.6041666666666 23.34591175567569 22.46305489004112
890.1041666666665 23.347204880290118 22.46374393931302
890.6041666666666 23.348510239018484 22.464441597011557
891.1041666666666 23.349810364723872 22.465129249214307
891.6041666666665 23.351104717506047 22.46583165891979
892.1041666666666 23.352409692993696 22.466530321215107
892.6041666666666 23.353717873113553 22.46723504049774
893.1041666666665 23.355023634328575 22.46793629621235
893.6041666666666 23.356319129425863 22.46863992943329
894.1041666666666 23.357637048144326 22.46935242972226
894.6041666666665 23.35893614065242 22.470066770870453
895.1041666666666 23.360250173073794 22.470778717673948
895.6041666666666 23.36155534186163 22.47149726270849
896.1041666666665 23.362876918140657 22.472217124737423
896.6041666666666 23.364183818354917 22.472941707337682
897.1041666666666 23.365500754463802 22.473661549235388
897.6041666666665 23.366815618117002 22.474389872739135
898.1041666666666 23.36813084222927 22.475120975892313
898.6041666666666 23.369452227985725 22.475855950704158
899.1041666666665 23.370772864503216 22.47658851261736
899.6041666666666 23.372092883340017 22.477316936419488
900.1041666666666 23.373417132507697 22.478060468391085
900.6041666666665 23.374724894519314 22.478810140913545
901.1041666666666 23.37605583796115 22.479547095666117
901.6041666666666 23.37738104016356 22.480299752406804
902.1041666666665 23.37871471663202 22.481037279540704
902.6041666666666 23.380048675371164 22.481790727836742
903.1041666666666 23.381360637644054 22.48254408748066
903.6041666666665 23.38270574623969 22.483299249713802
