FastTrWP/PhaseSpace/IAs/snIa_0.45_30.00_0.92_-0.23.csv
# %ECSV 0.9
# ---
# datatype:
# - {name: time-rel, datatype: float64}
# - {name: g, datatype: float64}
# - {name: i, datatype: float64}
# schema: astropy-2.0
time-rel g i
[from data line 1444]
874.1458333333333 23.23685207802488 22.664327815535973
874.6458333333334 23.23832421019088 22.66476840132617
875.1458333333334 23.239807053449866 22.665217989194446
875.6458333333333 23.241287718586328 22.66567594984812
876.1458333333334 23.24276545184016 22.666127570110895
876.6458333333334 23.244251094160433 22.666585334665783
877.1458333333333 23.245730456759894 22.667034414535866
877.6458333333334 23.24723273595396 22.667495066705612
878.1458333333334 23.24871343862524 22.667947635644985
878.6458333333333 23.250195877966227 22.66840243892359
879.1458333333334 23.251692809221073 22.66885998446888
879.6458333333334 23.25317368553911 22.66932606283463
880.1458333333333 23.254661856070356 22.669790719277593
880.6458333333334 23.256155939414185 22.670250878553784
881.1458333333334 23.257651812000972 22.670706737327862
881.6458333333333 23.259143302623656 22.671179168702544
882.1458333333334 23.260636251123657 22.671643974395835
882.6458333333334 23.262127744721894 22.672112906612906
883.1458333333333 23.263625518975033 22.67258493037358
883.6458333333334 23.26513170669404 22.673047241075825
884.1458333333334 23.266624834268704 22.67352054820027
884.6458333333333 23.268116790186117 22.673988267403963
885.1458333333334 23.269617221186838 22.67445875339331
885.6458333333334 23.271118955084376 22.67493437302257
886.1458333333333 23.272620814330494 22.675410181766292
886.6458333333334 23.274124909673716 22.67588931070501
887.1458333333334 23.275630990651553 22.676362087276512
887.6458333333333 23.277134833038758 22.676844081715075
888.1458333333334 23.27862591266475 22.677324785520447
888.6458333333334 23.28014257114635 22.67779524005678
889.1458333333333 23.281653459312142 22.67827299417716
889.6458333333334 23.283157250534927 22.678756202717615
890.1458333333334 23.284668723022868 22.679242704842334
890.6458333333333 23.286188734275942 22.679722301193568
891.1458333333334 23.28769351112156 22.680208887596514
891.6458333333334 23.2892151609116 22.680700145227036
892.1458333333333 23.290726154241423 22.681190480683288
892.6458333333334 23.29224358558491 22.681674791748925
893.1458333333334 23.293762843581053 22.68216121156155
893.6458333333333 23.295277511920442 22.682658731676923
894.1458333333334 23.296805473955313 22.68314709319295
894.6458333333334 23.29832017803996 22.683633972489723
895.1458333333333 23.299836636029685 22.684123309484082
895.6458333333334 23.301355641754725 22.684616209218706
896.1458333333334 23.302877517056814 22.685117193302165
896.6458333333333 23.304413996479756 22.685607070655394
897.1458333333334 23.305931465105928 22.68610995056878
897.6458333333334 23.3074543872543 22.686605657494315
898.1458333333333 23.30899301729062 22.687105361176386
898.6458333333334 23.310508628320296 22.6876052689143
899.1458333333334 23.312049564665998 22.68811007160459
899.6458333333333 23.313590120484328 22.68861659655807
900.1458333333334 23.3151248412103 22.689117627758524
900.6458333333334 23.31665538944808 22.689616583819486
901.1458333333333 23.31819103376118 22.690123155996332
901.6458333333334 23.319733486570463 22.69063522816683
902.1458333333334 23.321267011892132 22.69113807352595
902.6458333333333 23.322808977750086 22.691652290889067
903.1458333333334 23.32434076656858 22.69215671526763
903.6458333333334 23.32588129378404 22.692659965202008
904.1458333333333 23.32743722315232 22.69317063343882
904.6458333333334 23.32897783417126 22.693686542635405
905.1458333333334 23.33051832495185 22.694201304593697
905.6458333333333 23.33206524222325 22.694713537191895
906.1458333333334 23.33361461957482 22.69523455962366
906.6458333333334 23.335162162754294 22.695745161474274
907.1458333333333 23.336711660188215 22.69625739347005
907.6458333333334 23.338266725667623 22.696784412419476
908.1458333333334 23.339818315155746 22.697300486613035
908.6458333333333 23.341371543223495 22.69782633023025
909.1458333333334 23.342919108690687 22.698342978452224
909.6458333333334 23.344494286486437 22.69887095119675
910.1458333333333 23.3460393000747 22.699396737003106
910.6458333333334 23.34758884328234 22.69992148990296
911.1458333333334 23.349162137832575 22.700442148965124
911.6458333333333 23.350704903648747 22.70097458723785
912.1458333333334 23.352271486701884 22.7014990103401
912.6458333333334 23.353823598332756 22.702035850520737
913.1458333333333 23.35539459449256 22.702564145771944
913.6458333333334 23.35695697591639 22.70309294896713
914.1458333333334 23.358525912508664 22.70363034501408
914.6458333333333 23.360095721530048 22.704158501051445
915.1458333333334 23.36166468586914 22.70469407400405
915.6458333333334 23.363235084445257 22.705234807465928
916.1458333333333 23.36479714418633 22.70577351157342
916.6458333333334 23.36637095342659 22.706311039359385
917.1458333333334 23.36794271195664 22.706852644769462
917.6458333333333 23.369513761957165 22.707396977789852
918.1458333333334 23.371100379899566 22.7079354533512
918.6458333333334 23.37266422934903 22.70847357522537
919.1458333333333 23.374252166585823 22.709017259406643
919.6458333333334 23.37581580609688 22.70956399468986
920.1458333333334 23.377402296376694 22.710113251496367
920.6458333333333 23.378983766006264 22.710656507029178
921.1458333333334 23.380577770178824 22.711207108913406
921.6458333333334 23.38215075971142 22.711766976127134
922.1458333333333 23.38374056349172 22.71231406158071
922.6458333333334 23.38533431568419 22.712862212629656
923.1458333333334 23.38691322810734 22.713409034125796
923.6458333333333 23.38850141676717 22.713970011248957
924.1458333333334 23.390094718103644 22.714518006896085
924.6458333333334 23.3916952152005 22.715073769446732
925.1458333333333 23.39328053481925 22.715633338580442
925.6458333333334 23.394874945910978 22.716188056341746
926.1458333333334 23.396472151915802 22.716746396849828
926.6458333333333 23.398064844071126 22.71731493652179
927.1458333333334 23.399674334216407 22.71786576503942
927.6458333333334 23.40126356426169 22.71843844945434
928.1458333333333 23.40286267936538 22.71899519638965
928.6458333333334 23.404468634484985 22.71956476143203
929.1458333333334 23.406066078096583 22.720129496738473
929.6458333333333 23.407689458366967 22.72069715030213
930.1458333333334 23.409294437729955 22.721266740884705
930.6458333333334 23.410901024374358 22.72183408612144
931.1458333333333 23.412503360401352 22.722401945747777
931.6458333333334 23.414121752402345 22.722982036731825
932.1458333333334 23.415735570391544 22.72354582881814
932.6458333333333 23.417343695489166 22.724114432581388
933.1458333333334 23.418967696584737 22.724693946974924
933.6458333333334 23.420582496104952 22.725269336419764
934.1458333333333 23.422206050861497 22.725851211758478
934.6458333333334 23.42383409599167 22.726435320951268
935.1458333333334 23.425452171138357 22.727009131756873
935.6458333333333 23.427072517610405 22.727580094776577
936.1458333333334 23.428703660698783 22.728160343104665
936.6458333333334 23.43033715770849 22.728745282614703
937.1458333333333 23.43196559975768 22.7293272968858
937.6458333333334 23.43358538665891 22.7299097430539
938.1458333333334 23.435226469110397 22.730498735425833
938.6458333333333 23.436852010334718 22.731078019195845
939.1458333333334 23.438490616248792 22.731669947141437
939.6458333333334 23.44011837409866 22.732262516860278
940.1458333333333 23.441772789454642 22.73285181861127
940.6458333333334 23.443413569856606 22.733438374498398
941.1458333333334 23.4450563724372 22.73402650890977
941.6458333333333 23.44670216982742 22.734622783178754
942.1458333333334 23.44834248344485 22.73522466756041
942.6458333333334 23.449996396451187 22.73581699445853
943.1458333333333 23.45165874113473 22.736422027215085
943.6458333333334 23.453299077743793 22.737017417687298
944.1458333333334 23.45496377618209 22.737620327210518
944.6458333333333 23.456622340679555 22.7382209317104
945.1458333333334 23.458281974361974 22.73881884691243
945.6458333333334 23.459955744730596 22.73941652435694
946.1458333333333 23.461606503287804 22.74003425823697
946.6458333333334 23.463286286461607 22.740642001288162
947.1458333333334 23.46494563241692 22.74125083636592
947.6458333333333 23.466621654328726 22.741850925886137
948.1458333333334 23.46830105614614 22.742466314817797
948.6458333333334 23.469971307318957 22.743082290583928
949.1458333333333 23.471638629667698 22.743701447643033
949.6458333333334 23.47332372271202 22.744307467587262
950.1458333333334 23.47499757287364 22.74491832224878
950.6458333333333 23.476676709318024 22.74553742131505
951.1458333333334 23.478363719564214 22.746154985058425
951.6458333333334 23.480047976877103 22.746772455819567
952.1458333333333 23.48172714953779 22.747393985742
952.6458333333334 23.48341189800744 22.74802133263064
953.1458333333334 23.48510699995235 22.74863783805831
953.6458333333333 23.48679663407633 22.749263354660737
954.1458333333334 23.48848222899692 22.749886927105806
954.6458333333334 23.490165642976052 22.75050976894824
955.1458333333333 23.491869331739053 22.751145826960183
955.6458333333334 23.49354828621025 22.751765525563755
956.1458333333334 23.49525390087305 22.752399017759508
956.6458333333333 23.49695267581022 22.75302324153433
957.1458333333334 23.49865622727027 22.753664186062895
957.6458333333334 23.50035849122373 22.75428942925945
958.1458333333333 23.50206319301753 22.754921202633128
958.6458333333334 23.50375785531581 22.755555066381284
959.1458333333334 23.505462522792065 22.75618623767745
959.6458333333333 23.507165672406217 22.756826328972046
960.1458333333334 23.50887591999582 22.757463917923676
960.6458333333334 23.510578696114337 22.758099611849232
961.1458333333333 23.512274219096007 22.758736150181235
961.6458333333334 23.514004826754167 22.759382254885946
962.1458333333334 23.515707472477256 22.760010937608186
962.6458333333333 23.517410423096635 22.760655591791693
963.1458333333334 23.519131909920045 22.761304272337142
963.6458333333334 23.520842568579468 22.761942287447006
964.1458333333333 23.52255017976073 22.762601571867474
964.6458333333334 23.524265056733814 22.763232544768165
965.1458333333334 23.52596770041226 22.763876124507117
965.6458333333333 23.52768913315488 22.764531903297623
966.1458333333334 23.52940224221904 22.76516920032327
966.6458333333334 23.531114262734935 22.76581914444369
967.1458333333333 23.53283210389658 22.766467361134776
967.6458333333334 23.534547731239716 22.767117897512264
968.1458333333334 23.536262415500502 22.767774939033192
968.6458333333333 23.53799041426139 22.76841880465102
969.1458333333334 23.539699527248402 22.769076189773877
969.6458333333334 23.541424040316695 22.769724423678568
970.1458333333333 23.543140005926027 22.770380351928786
970.6458333333334 23.544860651950383 22.771034219553865
971.1458333333334 23.54659370935799 22.77168381320663
971.6458333333333 23.54828705094689 22.77233979019968
972.1458333333334 23.55000714243019 22.7729976394718
972.6458333333334 23.551724794658426 22.773655619946382
973.1458333333333 23.553458256609296 22.774306270920487
973.6458333333334 23.555177643515698 22.77497252185388
974.1458333333334 23.556894530980756 22.77562077605525
974.6458333333333 23.558623208496464 22.776287021624903
975.1458333333334 23.56033717369825 22.776945965101817
975.6458333333334 23.562054938299674 22.777611412499343
976.1458333333333 23.563779426492705 22.778270452034413
976.6458333333334 23.565523073467524 22.778941463376174
977.1458333333334 23.567240419291767 22.7796028048104
977.6458333333333 23.568970308640978 22.780270279516564
978.1458333333334 23.570709043664625 22.780938238201124
978.6458333333334 23.572435121039767 22.781595672406965
979.1458333333333 23.574163922876398 22.782271505852712
979.6458333333334 23.575893526507883 22.782939763183634
980.1458333333334 23.57762801173258 22.783609658551743
980.6458333333333 23.579362626719572 22.78428797425616
981.1458333333334 23.58109474830917 22.78495959639034
981.6458333333334 23.58282347306811 22.785629838191902
982.1458333333333 23.58457459823692 22.786305914223895
982.6458333333334 23.586307936506227 22.786987522344017
983.1458333333334 23.58805159355047 22.787652752247418
983.6458333333333 23.589791351702054 22.788345085581284
984.1458333333334 23.59153202989109 22.789012935073547
984.6458333333334 23.593268533812953 22.78969815542385
985.1458333333333 23.59501604247025 22.790373819026172
985.6458333333334 23.59674665542435 22.791060351780995
986.1458333333334 23.598511729947784 22.79174127927215
986.6458333333333 23.600247375268562 22.792421172534493
987.1458333333334 23.60199212617896 22.793112019795725
987.6458333333334 23.60374806787824 22.79380249570751
988.1458333333333 23.605492343545357 22.794480145740778
988.6458333333334 23.607249749425037 22.795166183476706
989.1458333333334 23.608991032897407 22.795859075845755
989.6458333333333 23.610741506356216 22.79654592775994
990.1458333333334 23.61249365173295 22.797240210116087
990.6458333333334 23.614241875544355 22.797931550249707
991.1458333333333 23.615994420371354 22.79862127839739
991.6458333333334 23.617733064263632 22.799315740958463
992.1458333333334 23.61949971562281 22.800008003953355
992.6458333333333 23.621248170654408 22.800706941180046
993.1458333333334 23.622999245675672 22.801396263351194
993.6458333333334 23.624759294156444 22.802091839943305
994.1458333333333 23.62652234035595 22.802793594270003
994.6458333333334 23.6282694370167 22.803488789857113
995.1458333333334 23.630023563954822 22.804194798916125
995.6458333333333 23.631785234114922 22.804885544543115
996.1458333333334 23.633538935136045 22.805591025911582
996.6458333333334 23.635291747453863 22.806295298658785
997.1458333333333 23.637051134737334 22.80699598063103
997.6458333333334 23.63881189452179 22.807692445026674
998.1458333333334 23.64056129500591 22.808401402155198
998.6458333333333 23.64232727716017 22.809117787195078
999.1458333333334 23.644090185715434 22.809809698994354
999.6458333333334 23.645857142593286 22.810521238722895
1000.1458333333334 23.647602700125073 22.811231740711428
1000.6458333333334 23.64937295295445 22.811938489072432
1001.1458333333334 23.651124739493472 22.8126451520064
1001.6458333333334 23.652876452582873 22.813353804846543
1002.1458333333334 23.654656111350405 22.814058162084997
1002.6458333333334 23.656413753282003 22.814777102266888
1003.1458333333334 23.658171437932303 22.815486498830374
1003.6458333333334 23.659935393153994 22.816201561542243
1004.1458333333334 23.661680802316134 22.816917224631847
1004.6458333333334 23.663447332204704 22.817632020054035
1005.1458333333334 23.665213403043527 22.81834641483409
1005.6458333333334 23.666971555574943 22.819059589830132
1006.1458333333334 23.66873234787363 22.81977608057217
1006.6458333333334 23.67048437149359 22.82049945007401
1007.1458333333334 23.672246508968495 22.821204919049624
1007.6458333333334 23.67401113426304 22.8219324319072
1008.1458333333334 23.675769059662105 22.822652030780812
1008.6458333333334 23.67753512329823 22.823370684473858
1009.1458333333334 23.679297759989964 22.824090793282444
1009.6458333333334 23.681055299482914 22.8248136520364
1010.1458333333334 23.682818641394366 22.8255296153494
1010.6458333333334 23.684569872498813 22.826262903990326
1011.1458333333334 23.68633423418278 22.82698367368919
1011.6458333333334 23.688087763593416 22.827708971066297
1012.1458333333334 23.689849579785722 22.828437037523127
1012.6458333333334 23.691608510073028 22.829159393431468
1013.1458333333334 23.693367927279315 22.829892447420978
1013.6458333333334 23.695142749609765 22.830612077653647
1014.1458333333334 23.696899656227433 22.83134308469615
1014.6458333333334 23.698646716901948 22.832071989945074
1015.1458333333334 23.700410304143155 22.832813024138567
1015.6458333333334 23.702163565946144 22.833542817923952
1016.1458333333334 23.703931168768854 22.834274417987857
1016.6458333333334 23.70570580666515 22.835001831020136
1017.1458333333334 23.707453111510517 22.835742503733986
1017.6458333333334 23.70921719563805 22.8364704255122
