FastTrWP/PhaseSpace/IAs/snIa_0.43_30.00_0.45_0.08.csv
# %ECSV 0.9
# ---
# datatype:
# - {name: time-rel, datatype: float64}
# - {name: g, datatype: float64}
# - {name: i, datatype: float64}
# schema: astropy-2.0
time-rel g i
[from data line 668]
511.8125 23.36230749540784 22.51197333557529
512.3125 23.36134172522457 22.51074985607746
512.8125 23.360387755890137 22.509533010526617
513.3125 23.359444697803156 22.50832840442652
513.8125 23.35850294178629 22.507115107931984
514.3125 23.357576632472576 22.50591554978112
514.8125 23.356662109299148 22.504716535943427
515.3125 23.355733523156186 22.503527579547328
515.8125 23.35483080030081 22.502332462324862
516.3125 23.353917376224565 22.501150781938275
516.8125 23.353045193790333 22.499979874744067
517.3125 23.35215438843493 22.498801982848114
517.8125 23.351275983968044 22.497639435999144
518.3125 23.35040640144845 22.49647171732152
518.8125 23.349545484058396 22.495310869280026
519.3125 23.34870106349209 22.494151923180674
519.8125 23.34784507398952 22.493005864942646
520.3125 23.347018656286366 22.491864881569178
520.8125 23.34619842708989 22.49072132499895
521.3125 23.345369971314295 22.489592525799537
521.8125 23.34455714107246 22.488456595413634
522.3125 23.343740352214102 22.487326608780638
522.8125 23.34296144393299 22.486206132508894
523.3125 23.34216444024248 22.485085088440723
523.8125 23.341378651120902 22.48397779916818
524.3125 23.340622089592213 22.482872425208654
524.8125 23.339843187703806 22.48177271400487
525.3125 23.339080760363622 22.480667663815517
525.8125 23.338339494794212 22.479572201045933
526.3125 23.337591267996828 22.47848124328702
526.8125 23.336865300934264 22.477393747056244
527.3125 23.33613684596896 22.47631155521657
527.8125 23.33542087951974 22.47522788945561
528.3125 23.33470062616611 22.47416753530219
528.8125 23.334003349676475 22.473092861290645
529.3125 23.333297522361907 22.47203114681809
529.8125 23.332606233561812 22.470975413487885
530.3125 23.331922457992196 22.46991950477192
530.8125 23.331255004532622 22.468866786861827
531.3125 23.33058637136327 22.467822158447326
531.8125 23.329917887645383 22.46677572187093
532.3125 23.32926569635748 22.46574143247092
532.8125 23.328614634940884 22.46470181100579
533.3125 23.32797938036172 22.463673593583515
533.8125 23.32735487204538 22.462649976501844
534.3125 23.3267136472195 22.461628363356013
534.8125 23.326099484472543 22.460606648369485
535.3125 23.325487714757077 22.459593007001164
535.8125 23.324883992285773 22.458583950605266
536.3125 23.32427328877591 22.457566786537985
536.8125 23.323688435147577 22.456568152977766
537.3125 23.323093782197255 22.455573209151176
537.8125 23.322522040004742 22.454581422102173
538.3125 23.3219507980813 22.45358625597536
538.8125 23.321394405158422 22.452604205148667
539.3125 23.320833608443397 22.451615510957176
539.8125 23.32027688265146 22.45064360548717
540.3125 23.31973631088676 22.449669354918193
540.8125 23.319190596526163 22.44870097847874
541.3125 23.318660456598312 22.447732687014707
541.8125 23.318130918220273 22.446769482728158
542.3125 23.317614743023544 22.445812372661248
542.8125 23.317107982591445 22.44485497281319
543.3125 23.316595551119818 22.443909944238804
543.8125 23.316097558591554 22.442955529768337
544.3125 23.315609799084257 22.442019111947484
544.8125 23.315117165926726 22.441073072118932
545.3125 23.31463320235216 22.440141755510183
545.8125 23.3141594878378 22.439207243156297
546.3125 23.313688250138675 22.438277642933006
546.8125 23.313219228405956 22.43735378370677
547.3125 23.312771841254502 22.436430247056208
547.8125 23.31231824934679 22.435511972904255
548.3125 23.31187119555316 22.43459921977233
548.8125 23.31142798437916 22.43368409244759
549.3125 23.310996992841456 22.432782377186395
549.8125 23.31057893501673 22.4318689584199
550.3125 23.31015358979871 22.430975251707213
550.8125 23.30973821304507 22.430079627351745
551.3125 23.30931521789834 22.429188709043906
551.8125 23.308925540752025 22.428301658195625
552.3125 23.308517940890006 22.427416052779666
552.8125 23.30813573446119 22.426524236206618
553.3125 23.307745119544172 22.425652487223296
553.8125 23.30736217349635 22.424781426617994
554.3125 23.30698791529319 22.423907972874307
554.8125 23.30661123557627 22.42303616095863
555.3125 23.306245162888906 22.422170313751714
555.8125 23.305881829156082 22.421310405684906
556.3125 23.30554031188537 22.420452418778222
556.8125 23.305198029735443 22.419602494956052
557.3125 23.304850485230055 22.41873728990801
557.8125 23.304513039556305 22.417898449614867
558.3125 23.304191913092115 22.417056515900356
558.8125 23.303870024654785 22.416212566230314
559.3125 23.30356262460551 22.41537797653903
559.8125 23.303249763555243 22.414551810212522
560.3125 23.302957878554 22.413719488784764
560.8125 23.302666291303673 22.412896704778944
561.3125 23.302375687927068 22.41208228216619
561.8125 23.302111564513055 22.411260940858554
562.3125 23.301836289313638 22.410458263212327
562.8125 23.301578711706405 22.409644983340968
563.3125 23.301326281110125 22.40884152538978
563.8125 23.30107446820673 22.408041229968
564.3125 23.300833013184004 22.40724016220107
564.8125 23.300601216612385 22.40645139251788
565.3125 23.30037016071283 22.405662338512506
565.8125 23.300153472125857 22.404872760784848
566.3125 23.299931945610748 22.404092707175206
566.8125 23.29972461339313 22.403315932859037
567.3125 23.299517276007297 22.40253414123306
567.8125 23.299319060444894 22.40176466115244
568.3125 23.29912980567417 22.40099782697166
568.8125 23.298938581761767 22.400232744163663
569.3125 23.298764400458793 22.3994709774003
569.8125 23.29859163330007 22.398710297999717
570.3125 23.298423994717233 22.397952446020106
570.8125 23.298251778577367 22.39720367563301
571.3125 23.298086373933078 22.39645411540135
571.8125 23.297954713357534 22.395701125336377
572.3125 23.297798345255657 22.394966769715005
572.8125 23.297662536260123 22.394218505554193
573.3125 23.29752540990423 22.393486081179535
573.8125 23.297383025111763 22.392758620819052
574.3125 23.297260439248326 22.39202261368701
574.8125 23.297152713618242 22.391302251199384
575.3125 23.297033368819775 22.390571766103868
575.8125 23.296915622118334 22.38984600038481
576.3125 23.29680359868921 22.389132035135958
576.8125 23.29671386126656 22.388404544206267
577.3125 23.29662225535357 22.387691740243586
577.8125 23.296531159035766 22.386988747947182
578.3125 23.296439318663214 22.386283190595538
578.8125 23.296360001483563 22.38556901641538
579.3125 23.296274307223946 22.384877334259023
579.8125 23.296202666087797 22.384171336095644
580.3125 23.29612323698109 22.38347033412868
580.8125 23.296061932935956 22.38278014441233
581.3125 23.29600472929766 22.382087855531417
581.8125 23.29593555345941 22.381394586735304
582.3125 23.29588300556952 22.38070705126831
582.8125 23.295840143657873 22.380030361493528
583.3125 23.295791407772747 22.37933936688069
583.8125 23.295738811653525 22.378666836120047
584.3125 23.295708365891095 22.377989620754573
584.8125 23.295673674995626 22.377311622846353
585.3125 23.295635900016233 22.376638725980538
585.8125 23.295602386503536 22.37596874701426
586.3125 23.295578971242563 22.375304504525793
586.8125 23.29555349185737 22.374635323554173
587.3125 23.29553557296663 22.373970619460458
587.8125 23.295515630669897 22.373304712823263
588.3125 23.295505879764 22.372643836675493
588.8125 23.295493768143057 22.371998057730345
589.3125 23.29548613714682 22.371336649942428
589.8125 23.295490310490756 22.37068310598665
590.3125 23.295479951789936 22.37003530408861
590.8125 23.295476491951707 22.36938021001434
591.3125 23.29547936133985 22.36873266324647
591.8125 23.295487845422773 22.36808941340572
592.3125 23.29549287724918 22.36745156516337
592.8125 23.29551041012418 22.366809781168303
593.3125 23.295526189185026 22.366167410254576
593.8125 23.29554199531082 22.365532825478006
594.3125 23.29557409833283 22.364900542479464
594.8125 23.295597912619726 22.364262628233845
595.3125 23.29562782223497 22.363641636181125
595.8125 23.295667100636987 22.363012923262495
596.3125 23.295705934243248 22.36238332602096
596.8125 23.295749344387907 22.361764732235805
597.3125 23.29579862312898 22.36114556603821
597.8125 23.29584905407373 22.36052774718732
598.3125 23.295907930013804 22.359906983086933
598.8125 23.295972216146204 22.35929546696145
599.3125 23.296042846222626 22.358688328091418
599.8125 23.296098941869715 22.358080446981376
600.3125 23.296185706765684 22.357472908977478
600.8125 23.29626583592279 22.356874701908247
601.3125 23.29633494029796 22.356271715367168
601.8125 23.296422225001116 22.3556755030219
602.3125 23.296505830272306 22.35507398372667
602.8125 23.296600397005914 22.354483061829526
603.3125 23.29669892430253 22.353891637709285
603.8125 23.296798410947442 22.353303721265792
604.3125 23.296909873485205 22.352716142127775
604.8125 23.2970260278079 22.352134522412488
605.3125 23.297136667804672 22.35155006615383
605.8125 23.297254253875042 22.35096982709594
606.3125 23.297375747248715 22.350393161922337
606.8125 23.297510778981447 22.349818594017776
607.3125 23.297641747379586 22.3492504944845
607.8125 23.297775599377836 22.348682624586328
608.3125 23.29791551980773 22.348109956929395
608.8125 23.298055289077727 22.347546351429948
609.3125 23.298213366165513 22.346988127328423
609.8125 23.298363673656276 22.346425410430292
610.3125 23.29852118434046 22.345875160900846
610.8125 23.29868448348527 22.345325825037115
611.3125 23.298848982777187 22.34477476221741
611.8125 23.299007552797427 22.344222452618418
612.3125 23.299188970830627 22.343678482809302
612.8125 23.299375484276364 22.343129208353247
613.3125 23.299552780260623 22.342592389208093
613.8125 23.299747085104574 22.342056092782876
614.3125 23.29993947866837 22.341518319283505
614.8125 23.300141383873733 22.34098270474358
615.3125 23.300348395246104 22.340458213905695
615.8125 23.30054777215551 22.339920041305625
616.3125 23.300756016605177 22.339405859910464
616.8125 23.30096960565756 22.33887854071067
617.3125 23.30120081073185 22.338357708025374
617.8125 23.30142309829659 22.337843562418502
618.3125 23.301663206274927 22.337328940693478
618.8125 23.30189184798546 22.336814648729614
619.3125 23.302138238893917 22.336301242235898
619.8125 23.30237819311378 22.335801025356083
620.3125 23.302623275868378 22.335295760000754
620.8125 23.302883826210405 22.334791231230653
621.3125 23.303140193504287 22.33429805006752
621.8125 23.303408968754674 22.333800014306775
622.3125 23.303670094541534 22.333314485919637
622.8125 23.30394508747304 22.3328176446389
623.3125 23.30423725294972 22.33233286058908
623.8125 23.304514335975448 22.331852501729013
624.3125 23.304800655406808 22.33137357543427
624.8125 23.305090709501464 22.33089174139131
625.3125 23.30538279540122 22.33041151623205
625.8125 23.305696056820263 22.329937896631723
626.3125 23.3059931408077 22.329474740601768
626.8125 23.306305626074582 22.328997587283155
627.3125 23.306628554538015 22.328536581941943
627.8125 23.306949587135584 22.328068052169513
628.3125 23.307274350604715 22.327614906233165
628.8125 23.307604516351713 22.327149753113382
629.3125 23.307934846594797 22.326692427416674
629.8125 23.30827243758163 22.32624036230487
630.3125 23.308627227298654 22.325791465883597
630.8125 23.308972500193494 22.32533722376342
631.3125 23.30931888509452 22.324893860568395
631.8125 23.309676796878584 22.324448924126106
632.3125 23.310052588776806 22.324003549378475
632.8125 23.31040659925727 22.323564886158387
633.3125 23.310781164034164 22.323126505146668
633.8125 23.311163124533945 22.322688267419867
634.3125 23.311534618698854 22.32225624634237
634.8125 23.31191360565031 22.321830594554616
635.3125 23.312313778734147 22.32140609534207
635.8125 23.312700144607366 22.320978670594457
636.3125 23.313112028133585 22.32055683556841
636.8125 23.313506788343446 22.32013105645564
637.3125 23.313913830797652 22.31971232081903
637.8125 23.31432964156385 22.31929773756999
638.3125 23.314746944583455 22.31888873984289
638.8125 23.315169495968867 22.318474648726937
639.3125 23.315606929549592 22.318066776261432
639.8125 23.316033142615527 22.31766180600301
640.3125 23.31647256303748 22.31726613159099
640.8125 23.316913435437918 22.316857511533485
641.3125 23.317364220779414 22.316462292501924
641.8125 23.31780930338357 22.316068634707698
642.3125 23.318274849119863 22.31567358055179
642.8125 23.318735851944943 22.315287655560244
643.3125 23.319201270688996 22.314901573188877
643.8125 23.319665543286806 22.31451338941389
644.3125 23.32014379373787 22.31412371004422
644.8125 23.3206209669161 22.313748457551895
645.3125 23.321112457287914 22.3133773790647
645.8125 23.32158965076726 22.3129938781252
646.3125 23.322091756079026 22.312623116755343
646.8125 23.322598161683644 22.31225621026613
647.3125 23.32309863069453 22.31188675238165
647.8125 23.323612574681132 22.311522046584965
648.3125 23.324132630158395 22.311162922403224
648.8125 23.324655295593747 22.31080648590845
649.3125 23.325174534093243 22.310448337649884
649.8125 23.325710525555365 22.310087041858093
650.3125 23.326252521973437 22.309738078311945
650.8125 23.326789306898576 22.309390267411278
651.3125 23.327333946680614 22.30904985417876
651.8125 23.327874144137297 22.30870259699428
652.3125 23.32843777355023 22.308357111609453
652.8125 23.329004427591805 22.30802695263084
653.3125 23.329575043762773 22.30768954491583
653.8125 23.330138755622492 22.30735309181771
654.3125 23.330712879578076 22.307026464088707
654.8125 23.33130580038847 22.30670054608639
655.3125 23.33190273783211 22.306374679602712
655.8125 23.332480469452477 22.306057836398875
656.3125 23.33307636544365 22.305731772008585
656.8125 23.333677432869173 22.305416043197038
657.3125 23.334301643460545 22.305103750941946
657.8125 23.33491502187067 22.304790283356866
658.3125 23.335530832213124 22.304483773079426
658.8125 23.336151823342878 22.304177856842674
659.3125 23.336779037745497 22.303878429981182
659.8125 23.33741224168804 22.30357950373094
660.3125 23.338053680168372 22.303281406325407
660.8125 23.33870634940752 22.302988166673686
661.3125 23.339368196778167 22.302697218110524
661.8125 23.34003911848379 22.302409516784696
662.3125 23.340702487564236 22.302119396025645
662.8125 23.34138514938802 22.301839080137917
663.3125 23.342067444654354 22.301563280670024
663.8125 23.342771903169574 22.30128070856793
664.3125 23.343474980229956 22.30100361616269
664.8125 23.344175853799012 22.300740078131923
665.3125 23.344892156687443 22.30046649640267
665.8125 23.345608965313126 22.30019972514324
666.3125 23.346339564687057 22.299936301935862
666.8125 23.34707908860993 22.299677318348955
667.3125 23.347823591919305 22.299424737169595
667.8125 23.348563166978302 22.299169978836062
668.3125 23.349316178639036 22.298912288256542
668.8125 23.350076681526723 22.29866659555313
669.3125 23.35085403726431 22.298414839521158
669.8125 23.35161818903665 22.29816326933412
670.3125 23.35238895283034 22.297926873358534
670.8125 23.35318137568368 22.297687758949316
671.3125 23.353967323930647 22.29745034707036
671.8125 23.354763248336955 22.29721463103761
672.3125 23.355563332172338 22.29698180238198
672.8125 23.35637451533515 22.296751137280562
673.3125 23.357185745441914 22.29652637289027
673.8125 23.357995766742352 22.296298177424934
674.3125 23.358816134922208 22.29608372466609
674.8125 23.35965057014455 22.29586008426311
675.3125 23.36048382558248 22.29564627314665
675.8125 23.36131673469393 22.295426536898788
676.3125 23.36214942610754 22.29521315640019
676.8125 23.363000247433334 22.295017265097947
677.3125 23.363848912982995 22.294797287546217
677.8125 23.364707590418515 22.29459456460033
678.3125 23.36555388551648 22.294398789577706
678.8125 23.36641541576772 22.29419323847012
679.3125 23.36728612968276 22.293994744627522
679.8125 23.368148000521227 22.29379988162224
680.3125 23.369025579013687 22.29360106299839
680.8125 23.369911665676945 22.29341318004018
681.3125 23.370784069119065 22.293217362222016
681.8125 23.371661360350767 22.29303010675828
682.3125 23.372547974830663 22.292844215684205
682.8125 23.37343523150954 22.29266680021823
683.3125 23.37434094836278 22.292487031559098
683.8125 23.37523473070549 22.292310015106477
