FastTrWP/PhaseSpace/IAs/snIa_0.39_30.00_-0.76_-0.15.csv
# %ECSV 0.9
# ---
# datatype:
# - {name: time-rel, datatype: float64}
# - {name: g, datatype: float64}
# - {name: i, datatype: float64}
# schema: astropy-2.0
time-rel g i
[from data line 1734]
1075.4166666666667 24.155114465717496 23.04405955630163
1075.9166666666667 24.157287177932126 23.04501533406672
1076.4166666666667 24.159467720274574 23.04596955260434
1076.9166666666667 24.161649035809262 23.046920226929053
1077.4166666666667 24.163826181510384 23.047885402256078
1077.9166666666667 24.166011057655396 23.048855208395075
1078.4166666666667 24.168188888444938 23.04980800208422
1078.9166666666667 24.17037379791016 23.05077358871086
1079.4166666666667 24.172561654230268 23.0517284082497
1079.9166666666667 24.174746144650257 23.052686829604045
1080.4166666666667 24.176948043754628 23.053644713752078
1080.9166666666667 24.1791300437264 23.05460353296169
1081.4166666666667 24.181321058439377 23.05556676412358
1081.9166666666667 24.183518281973523 23.056514530479532
1082.4166666666667 24.185733924527526 23.057491173125335
1082.9166666666667 24.1879301373306 23.058440778118225
1083.4166666666667 24.190134972387376 23.059401972767937
1083.9166666666667 24.192347843134737 23.060363243800687
1084.4166666666667 24.194550851696604 23.061320001934963
1084.9166666666667 24.196765297857713 23.06227973481814
1085.4166666666667 24.198953511940662 23.063241388850667
1085.9166666666667 24.20117565161462 23.0642000503711
1086.4166666666667 24.203401223128857 23.065161568853206
1086.9166666666667 24.20560638205117 23.06612727184642
1087.4166666666667 24.20782997499499 23.067080307186593
1087.9166666666667 24.21004669255321 23.06804135524167
1088.4166666666667 24.212272449769827 23.068994223483124
1088.9166666666667 24.214499978232706 23.069962935796724
1089.4166666666667 24.216741625738536 23.07091804100148
1089.9166666666667 24.218981725546975 23.07188568509384
1090.4166666666667 24.221210797104405 23.07284871585381
1090.9166666666667 24.223423309694713 23.073804514517487
1091.4166666666667 24.225670866761988 23.074754192397243
1091.9166666666667 24.227904246762964 23.075726567643684
1092.4166666666667 24.23013914612988 23.076680952418233
1092.9166666666667 24.232391615152533 23.077640008678152
1093.4166666666667 24.234637754796125 23.078608469497766
1093.9166666666667 24.23687947964849 23.079564925505963
1094.4166666666667 24.23913562887426 23.08052685736227
1094.9166666666667 24.24138070475793 23.081493256086347
1095.4166666666667 24.243638419899938 23.08245479247608
1095.9166666666667 24.2459184387041 23.08341563257094
1096.4166666666667 24.248165846180125 23.084380649900503
1096.9166666666667 24.250437509572485 23.085342880147827
1097.4166666666667 24.25271459202344 23.086304544665033
1097.9166666666667 24.254982836055085 23.087264220379694
1098.4166666666667 24.25726978298203 23.088233525491518
1098.9166666666667 24.259529071663376 23.089198606965358
1099.4166666666667 24.261826216317033 23.09017588562712
1099.9166666666667 24.26411142349348 23.09113115802553
1100.4166666666667 24.26639607282926 23.092095277691644
1100.9166666666667 24.26869651891845 23.09305931371653
1101.4166666666667 24.270988163695527 23.094026973782217
1101.9166666666667 24.273282011566167 23.09498612167927
1102.4166666666667 24.275593632905288 23.09595721840635
1102.9166666666667 24.277884318644 23.09692190046718
1103.4166666666667 24.280192155189027 23.097890689750116
1103.9166666666667 24.282500077437355 23.098848280854035
1104.4166666666667 24.28481714289813 23.099819200112837
1104.9166666666667 24.287124054011823 23.10079006175372
1105.4166666666667 24.28944894351098 23.10174788145438
1105.9166666666667 24.291747893903818 23.102713828189394
1106.4166666666667 24.294083842679083 23.10368292380556
1106.9166666666667 24.296384946162924 23.10464414589103
1107.4166666666667 24.298721863712064 23.1056260488216
1107.9166666666667 24.30104259946929 23.106580704405047
1108.4166666666667 24.303352787208933 23.10755405972965
1108.9166666666667 24.305683754912266 23.108518184744792
1109.4166666666667 24.30803848622972 23.109477531913715
1109.9166666666667 24.310365414954575 23.110441515499375
1110.4166666666667 24.312689733380807 23.11140640086592
1110.9166666666667 24.315026266007372 23.112373986244048
1111.4166666666667 24.31734854647725 23.113349386079243
1111.9166666666667 24.319696314237007 23.11431298702754
1112.4166666666667 24.32204631797636 23.115276214667553
1112.9166666666667 24.324385230240484 23.116243026911096
1113.4166666666667 24.326730167670622 23.117203410008642
1113.9166666666667 24.329066991378273 23.118161957035774
1114.4166666666667 24.331412229638396 23.119124682960916
1114.9166666666667 24.33374789568426 23.120088651342844
1115.4166666666667 24.33609640379611 23.121046677071245
1115.9166666666667 24.338448700151982 23.12201517331438
1116.4166666666667 24.340788398739637 23.122973292110217
1116.9166666666667 24.343148871860723 23.12393955010284
1117.4166666666667 24.34548635763131 23.124900281224594
1117.9166666666667 24.34786203571862 23.125864272252525
1118.4166666666667 24.35020113030909 23.126821017911393
1118.9166666666667 24.352561504705466 23.12779139667843
1119.4166666666667 24.354906361289906 23.12873852316986
1119.9166666666667 24.3572560963897 23.129687419721947
1120.4166666666667 24.35963150083136 23.13065207212184
1120.9166666666667 24.361953464049826 23.131610079742803
1121.4166666666667 24.364316237470696 23.13257191319742
1121.9166666666667 24.36666229057331 23.13352112430635
1122.4166666666667 24.36901849516906 23.13448352893914
1122.9166666666667 24.371364943188254 23.13543341744665
1123.4166666666667 24.373721945187874 23.136396368887112
1123.9166666666667 24.376069421565376 23.137346120084278
1124.4166666666667 24.37843023322385 23.138292184113034
1124.9166666666667 24.38079507172878 23.139253105927807
1125.4166666666667 24.383140107283126 23.140204377275047
1125.9166666666667 24.38548318400335 23.141140977568185
1126.4166666666667 24.387832427678443 23.14210004613862
1126.9166666666667 24.390179775016712 23.14305252036788
1127.4166666666667 24.392526853587494 23.143995367755057
1127.9166666666667 24.394880219025016 23.144936649026526
1128.4166666666667 24.397220820178603 23.145895738212698
1128.9166666666667 24.399577654465453 23.146836862855736
1129.4166666666667 24.40193921361376 23.147788301090216
1129.9166666666667 24.404277043060883 23.14873340292674
1130.4166666666667 24.40662178147455 23.149675252463542
1130.9166666666667 24.40899218886001 23.150617350230092
1131.4166666666667 24.411358268223566 23.15156113688355
1131.9166666666667 24.413701785637688 23.152508618643157
1132.4166666666667 24.416066712649666 23.153456305528664
1132.9166666666667 24.41841116685911 23.15439675870991
1133.4166666666667 24.420770875999644 23.155339150392123
1133.9166666666667 24.423140454850927 23.15628851937418
1134.4166666666667 24.425481720666724 23.157240056990762
1134.9166666666667 24.427845058945916 23.158164937580345
1135.4166666666667 24.43019376337348 23.159119058938145
1135.9166666666667 24.432584928906216 23.16004958241363
1136.4166666666667 24.43494334023214 23.16099745942429
1136.9166666666667 24.4372960943574 23.161940889304283
1137.4166666666667 24.43968259337199 23.16288115245676
1137.9166666666667 24.44203524078928 23.163814981495513
1138.4166666666667 24.444386725414052 23.16476043249623
1138.9166666666667 24.44677102208335 23.16569150988633
1139.4166666666667 24.449125841598462 23.16663261089868
1139.9166666666667 24.45147317862864 23.167566904339026
1140.4166666666667 24.453870811789745 23.16850154356102
1140.9166666666667 24.45622724660856 23.16945691820115
1141.4166666666667 24.4586067271345 23.17037518669036
1141.9166666666667 24.46097342896117 23.171307715307677
1142.4166666666667 24.463328179247284 23.172245109817254
1142.9166666666667 24.46569798564653 23.1731873780328
1143.4166666666667 24.468062703898493 23.174114853157114
1143.9166666666667 24.470439367152803 23.175047779145608
1144.4166666666667 24.472804145169853 23.175984488007355
1144.9166666666667 24.475176024675896 23.176912763460308
1145.4166666666667 24.47754998182111 23.17784294149633
1145.9166666666667 24.479901339594605 23.17877851561391
1146.4166666666667 24.48225956605937 23.179704392585556
1146.9166666666667 24.484640081503883 23.18062917892157
1147.4166666666667 24.48700636570041 23.18155896439478
1147.9166666666667 24.48938786246054 23.182495464204518
1148.4166666666667 24.491737111502516 23.18341758697512
1148.9166666666667 24.49411088537449 23.18433899373956
1149.4166666666667 24.496475605682903 23.185271519891003
1149.9166666666667 24.498834115119223 23.18619837872975
1150.4166666666667 24.501217850462528 23.187121339131238
1150.9166666666667 24.5035752156754 23.18805266794619
1151.4166666666667 24.505950489741668 23.188964397261206
1151.9166666666667 24.508320127410027 23.18989471830518
1152.4166666666667 24.51068551605768 23.190805333553406
1152.9166666666667 24.513061676012384 23.191738060136757
1153.4166666666667 24.515413749718938 23.19265932391991
1153.9166666666667 24.51778425340744 23.193577546552937
1154.4166666666667 24.520125959792338 23.19449086253232
1154.9166666666667 24.522508820792737 23.195415907572624
1155.4166666666667 24.52486510169106 23.19633275121111
1155.9166666666667 24.52720927309155 23.19725047276315
1156.4166666666667 24.529594978639615 23.19817407408376
1156.9166666666667 24.53195392173971 23.19908447346633
1157.4166666666667 24.534296025304535 23.200009231179717
1157.9166666666667 24.53664883050331 23.2009117846371
1158.4166666666667 24.539024880523925 23.201824015333834
1158.9166666666667 24.541382123429287 23.20274452545862
1159.4166666666667 24.543733839271695 23.203649518517476
1159.9166666666667 24.54607270347846 23.204562713746228
1160.4166666666667 24.548429119767437 23.205473993348175
1160.9166666666667 24.550797310273733 23.206378104988005
1161.4166666666667 24.55312988727607 23.207287222103208
1161.9166666666667 24.555489538439055 23.208198622065474
1162.4166666666667 24.55783798416089 23.209100080119924
1162.9166666666667 24.560179200269744 23.210017522090148
1163.4166666666667 24.562533036970574 23.210922509246323
1163.9166666666667 24.564883386147102 23.21182089133153
1164.4166666666667 24.567250731309645 23.21272963309326
1164.9166666666667 24.569580780355462 23.21362989069264
1165.4166666666667 24.571933030233716 23.214537633903053
1165.9166666666667 24.57430477039818 23.215440173095338
1166.4166666666667 24.576618117203036 23.21633310608117
1166.9166666666667 24.578984041483096 23.217245416219917
1167.4166666666667 24.581323346577435 23.218151791179746
1167.9166666666667 24.5836573799972 23.219046192989403
1168.4166666666667 24.586010548507208 23.2199387007839
1168.9166666666667 24.58835980921507 23.220846883133014
1169.4166666666667 24.590700167951155 23.221732544858874
1169.9166666666667 24.59305509543738 23.222629439894263
1170.4166666666667 24.59538239828393 23.22352980836453
1170.9166666666667 24.597708836904417 23.224420661181192
1171.4166666666667 24.600078692768736 23.225318559112043
1171.9166666666667 24.60239152537362 23.226210949187344
1172.4166666666667 24.604720852787718 23.22710557245737
1172.9166666666667 24.607074926750695 23.22800309531175
1173.4166666666667 24.60941506138688 23.228885158831392
1173.9166666666667 24.611746577674857 23.22978963829088
1174.4166666666667 24.61407529689729 23.230675563154804
1174.9166666666667 24.616421568857106 23.23155952658411
1175.4166666666667 24.618760745293468 23.23244850275485
1175.9166666666667 24.621084325766045 23.23333773883371
1176.4166666666667 24.623416693903394 23.234219325786285
1176.9166666666667 24.625727851746106 23.23511831802941
1177.4166666666667 24.628062150083952 23.236005035346032
1177.9166666666667 24.630393887448182 23.23688211589468
1178.4166666666667 24.63270628230002 23.237772706379385
1178.9166666666667 24.635037584677445 23.23865251532879
1179.4166666666667 24.637371170863744 23.239531274333302
1179.9166666666667 24.639661481588938 23.240409982601214
1180.4166666666667 24.641992326386294 23.24129753562198
1180.9166666666667 24.644307401744395 23.242170433317003
1181.4166666666667 24.646640242494144 23.24304608284747
1181.9166666666667 24.648931656351646 23.24392776551397
1182.4166666666667 24.65123639814269 23.244794200820703
1182.9166666666667 24.653552098914698 23.24567466757726
1183.4166666666667 24.655857252130062 23.246553110734062
1183.9166666666667 24.65814836651052 23.24742086016261
1184.4166666666667 24.660454190553324 23.248300923934462
1184.9166666666667 24.662771872011074 23.249168927966085
1185.4166666666667 24.665069264862375 23.250037506347244
1185.9166666666667 24.667365417272464 23.250914439332515
1186.4166666666667 24.669660911901833 23.251780871346956
1186.9166666666667 24.671942857450368 23.25265436916333
1187.4166666666667 24.674246729312536 23.253518353114572
1187.9166666666667 24.67652862508678 23.254385287174944
1188.4166666666667 24.678810655752734 23.255237705824847
1188.9166666666667 24.681103131673815 23.256104551726512
1189.4166666666667 24.68337567519844 23.25697085567041
1189.9166666666667 24.68564845814575 23.25782553477179
1190.4166666666667 24.687927432614202 23.258691531305594
1190.9166666666667 24.69021383792278 23.25954812343805
1191.4166666666667 24.692466799580725 23.260412259283605
1191.9166666666667 24.694756729808887 23.26126668725142
1192.4166666666667 24.697025119016583 23.262124404804133
1192.9166666666667 24.699274379265912 23.262984131487052
1193.4166666666667 24.701526619575596 23.26382708314612
1193.9166666666667 24.70379647210202 23.26468520192229
1194.4166666666667 24.706044644304672 23.265539607495363
1194.9166666666667 24.70829609924226 23.266391362751992
1195.4166666666667 24.71054785295637 23.267237225918333
1195.9166666666667 24.712796391939314 23.26808750346371
1196.4166666666667 24.71503906019871 23.268937264892283
1196.9166666666667 24.717290017441055 23.26978058752921
1197.4166666666667 24.71953023460255 23.270627212986938
1197.9166666666667 24.721786343243508 23.271467162998526
1198.4166666666667 24.72402064810144 23.27231945847073
1198.9166666666667 24.726241322031406 23.273161947804134
1199.4166666666667 24.72847628468376 23.274006900716252
1199.9166666666667 24.7307177458747 23.274847992678815
1200.4166666666667 24.73294407440051 23.27568695273884
1200.9166666666667 24.735165640869816 23.276527435581627
1201.4166666666667 24.737375607128467 23.277363071099014
1201.9166666666667 24.73960691075863 23.278201169788197
1202.4166666666667 24.74182623382491 23.279030345085054
1202.9166666666667 24.74404719654991 23.279876733631856
1203.4166666666667 24.746256817498043 23.280723857995017
1203.9166666666667 24.748468054209955 23.28154958977516
1204.4166666666667 24.75066220771914 23.282381188997846
1204.9166666666667 24.75290132371456 23.28321600410107
1205.4166666666667 24.755105420817646 23.284056231835557
1205.9166666666667 24.757303125736826 23.284873827595955
1206.4166666666667 24.759496180719363 23.285717228379696
1206.9166666666667 24.761670284396786 23.286534547831007
1207.4166666666667 24.763866907124807 23.287353817555182
1207.9166666666667 24.766054484324805 23.288189103771497
1208.4166666666667 24.768233066612332 23.289012708404854
1208.9166666666667 24.770418705720715 23.289830905740153
1209.4166666666667 24.772599112805793 23.290656818573193
1209.9166666666667 24.774771841861842 23.291477139122804
1210.4166666666667 24.776950530862628 23.292289613716484
1210.9166666666667 24.779101133071194 23.293106127274182
1211.4166666666667 24.78128661936143 23.293936333688734
1211.9166666666667 24.783435039807493 23.294744417822848
1212.4166666666667 24.785581958991415 23.29556645461201
1212.9166666666667 24.78773584662447 23.296371476910622
1213.4166666666667 24.789880288875956 23.29719620331833
1213.9166666666667 24.792034989009693 23.297996818271507
1214.4166666666667 24.79417520025384 23.298808958766095
1214.9166666666667 24.79631168951086 23.299621929048378
1215.4166666666667 24.79845010710983 23.300427658524427
1215.9166666666667 24.80055648414924 23.30124273860365
1216.4166666666667 24.80267652093397 23.302046406445996
