FastTrWP/PhaseSpace/IAs/snIa_0.36_30.00_1.62_0.04.csv
# %ECSV 0.9
# ---
# datatype:
# - {name: time-rel, datatype: float64}
# - {name: g, datatype: float64}
# - {name: i, datatype: float64}
# schema: astropy-2.0
time-rel g i
[from data line 1769]
459.5 23.65148465347529 22.69956746402641
460.0 23.65295933933735 22.70037471951995
460.5 23.654432528337 22.701190026829142
461.0 23.65592198772621 22.701998007145274
461.5 23.657404186440296 22.702818526497612
462.0 23.658869362207234 22.703630701277817
462.5 23.660376600964263 22.704447384932784
463.0 23.661855429219337 22.70526350092958
463.5 23.663345442280747 22.706090121576075
464.0 23.664838425270926 22.706909285909283
464.5 23.666328001625775 22.707735667659495
465.0 23.667834535462035 22.708557294796634
465.5 23.66933734586699 22.709376533967124
466.0 23.67084347009932 22.710208172448823
466.5 23.672341697223587 22.71102907275263
467.0 23.673858685387277 22.711863800144037
467.5 23.67536613260889 22.712693669199634
468.0 23.67689008110105 22.713527326524115
468.5 23.678400525861107 22.714356810423283
469.0 23.679930282932755 22.71519136673942
469.5 23.681458995915968 22.71603368098542
470.0 23.682964926301185 22.71686843680406
470.5 23.68450236300015 22.717711603214383
471.0 23.686039007864817 22.718556541800652
471.5 23.68756685404965 22.71939092734553
472.0 23.68910521257412 22.720233139265204
472.5 23.690646020975787 22.72107899405933
473.0 23.692188988520677 22.7219343748582
473.5 23.693735362909912 22.722780604112266
474.0 23.695282740376513 22.723629409591123
474.5 23.696832943677556 22.724474134935594
475.0 23.69838572813265 22.725330590410206
475.5 23.69995349405915 22.726192417732097
476.0 23.701523581578744 22.727044337672176
476.5 23.70307475703331 22.727896817537435
477.0 23.70465054624818 22.72876379279677
477.5 23.706220967005333 22.72961974904941
478.0 23.70778892752895 22.730478353628115
478.5 23.709364098140796 22.731345797363126
479.0 23.710943118928345 22.732216594320363
479.5 23.71253846980533 22.733080552333327
480.0 23.714112828124865 22.733956316110437
480.5 23.715688538665518 22.73482151307309
481.0 23.71728443585841 22.735694319347136
481.5 23.718893274511746 22.736562554632663
482.0 23.720480531126483 22.737449963338268
482.5 23.722101765915223 22.73831694182916
483.0 23.723702063417484 22.739188338906494
483.5 23.725302032287466 22.740071639964516
484.0 23.726909467552915 22.740956596848363
484.5 23.7285282581638 22.741838807774776
485.0 23.73013031459135 22.742726415374804
485.5 23.731766170524345 22.743611370987338
486.0 23.7333838844585 22.74449830566165
486.5 23.735003909420623 22.74538149202925
487.0 23.736630635939626 22.74627423790948
487.5 23.73826750139778 22.7471643734851
488.0 23.7399011851309 22.748063315205677
488.5 23.74153922854227 22.748956294372494
489.0 23.743176768527128 22.749847932283934
489.5 23.74482033180683 22.750750362174994
490.0 23.74647851237277 22.75165586262599
490.5 23.748134074678994 22.752558082852698
491.0 23.74977773680868 22.753450825290212
491.5 23.75141822806107 22.754356771149922
492.0 23.75308234429047 22.755265661427543
492.5 23.75475921075825 22.756166521439646
493.0 23.756409719849355 22.757078883215375
493.5 23.75808790652552 22.75798085608693
494.0 23.759758580579863 22.758909239556267
494.5 23.76144194118314 22.75981411528608
495.0 23.763112426777113 22.760730770475284
495.5 23.764790447260793 22.761645152476785
496.0 23.766477728398883 22.76256508177681
496.5 23.768161058755688 22.763480544863526
497.0 23.769852463779102 22.764402270974525
497.5 23.771556125291866 22.76531944006313
498.0 23.77324354680973 22.766243813840013
498.5 23.77495044628118 22.767162362257622
499.0 23.776648606072612 22.76809090784987
499.5 23.778349593182973 22.769019605901168
500.0 23.78005640194011 22.76994786556791
500.5 23.781777300052816 22.770876632749278
501.0 23.78348546300653 22.771803421783126
501.5 23.785207517038877 22.77273681930871
502.0 23.786931305046362 22.773678558848232
502.5 23.788658513401785 22.774597825885103
503.0 23.790384609367816 22.77553988849116
503.5 23.792102628944328 22.7764786389169
504.0 23.793848827321668 22.777418948699022
504.5 23.79559214057896 22.778356959971866
505.0 23.79731940842809 22.779297861382318
505.5 23.79906909685441 22.780243380179005
506.0 23.800825230507105 22.781177319939786
506.5 23.802569847580017 22.782129689558314
507.0 23.80431927211502 22.78307543829923
507.5 23.806071287957074 22.784020568364532
508.0 23.80784032229971 22.78496507212334
508.5 23.809598737363174 22.78591609390556
509.0 23.81135869494516 22.786868491886104
509.5 23.813140476614564 22.787826363279645
510.0 23.8149104417736 22.788789227556414
510.5 23.81670882581265 22.78974174800765
511.0 23.818489743728932 22.790712050195513
511.5 23.82029845836545 22.79167851246564
512.0 23.822091664191266 22.792653036221257
512.5 23.823901773202145 22.793631006810948
513.0 23.82571123020456 22.79460060065203
513.5 23.82752305041951 22.795581857469323
514.0 23.82935259914442 22.796557003096535
514.5 23.831174119510127 22.797557224753113
515.0 23.833013635082736 22.798543310340165
515.5 23.83484055289765 22.799533925416
516.0 23.836678510659716 22.8005283680123
516.5 23.838533290645234 22.8015265614848
517.0 23.840389375136212 22.802519882636943
517.5 23.842232346590784 22.80352131006085
518.0 23.84409638304183 22.80452165318415
518.5 23.84596362683128 22.80552684805853
519.0 23.847830275763013 22.80653025525602
519.5 23.84968981888139 22.807542022376467
520.0 23.851557527516206 22.80855024714601
520.5 23.853449082557283 22.80955639798961
521.0 23.85532271488958 22.81057414427184
521.5 23.857209613014735 22.811580282014127
522.0 23.859097457816922 22.81259266309183
522.5 23.860987437231294 22.813619848248244
523.0 23.86287085442389 22.81463330835589
523.5 23.864781780462614 22.815648780435794
524.0 23.866680033923448 22.816660900546673
524.5 23.86857641720914 22.817680487008385
525.0 23.870486492973072 22.818694302438555
525.5 23.87239552409472 22.819714321132942
526.0 23.874314932093007 22.820736739920665
526.5 23.876208870276436 22.821749945461995
527.0 23.87813095823222 22.822770493214023
527.5 23.880054870199444 22.82379906247137
528.0 23.881962143320617 22.82480903199163
528.5 23.883882676176196 22.825824304010055
529.0 23.88580375197278 22.82685091275407
529.5 23.887713044777765 22.827864047428818
530.0 23.889646530935053 22.82889438025789
530.5 23.891581771462704 22.829899467999546
531.0 23.893498729156395 22.83090781564793
531.5 23.895432258770533 22.831932140995374
532.0 23.89734452682977 22.83294875512345
532.5 23.899276966395618 22.833959491495392
533.0 23.901200995117794 22.83497404654121
533.5 23.903134069535614 22.835982766844836
534.0 23.905067805970162 22.836989272886346
534.5 23.907006801389397 22.837999329964717
535.0 23.90892969301464 22.83900314545233
535.5 23.910852872116735 22.840007145537726
536.0 23.91278285150684 22.841008149682025
536.5 23.914695029005657 22.84200445668574
537.0 23.916635761578 22.84300683610035
537.5 23.918544722474454 22.844003833129026
538.0 23.920478750931593 22.844991422701998
538.5 23.922406369407334 22.845985873182173
539.0 23.92433377458467 22.846973505980003
539.5 23.926263529546866 22.847953711810554
540.0 23.928177966900957 22.848936878471605
540.5 23.93008478721541 22.84991975497592
541.0 23.932007684858696 22.85088864362939
541.5 23.933915735107583 22.851869081241585
542.0 23.935838350647835 22.852836974716944
542.5 23.9377495692601 22.85381202564837
543.0 23.939671423507814 22.854775760129897
543.5 23.94160252552794 22.85574791879331
544.0 23.94352074416391 22.85671966659207
544.5 23.945431978427663 22.85769862214934
545.0 23.947360541078474 22.858663898298207
545.5 23.94928446561881 22.859637940231913
546.0 23.951227659872085 22.860601753779413
546.5 23.95313850764917 22.86156901992851
547.0 23.955068980327916 22.862537047003002
547.5 23.95699912331258 22.863498392682043
548.0 23.95893399739218 22.864467621753278
548.5 23.96086989689756 22.865436371251874
549.0 23.962792394353684 22.86639806808846
549.5 23.964745861213533 22.867363862819857
550.0 23.966676013167692 22.86832736779125
550.5 23.968602840659692 22.869283889891175
551.0 23.97055511471414 22.870254675077103
551.5 23.972479509268673 22.871205366640837
552.0 23.974426234317132 22.8721597408485
552.5 23.976365293594284 22.873124739560318
553.0 23.978304313332256 22.874084713280784
553.5 23.980246639915382 22.875042641830092
554.0 23.982200743514834 22.875999969643054
554.5 23.98414372289539 22.876952999172808
555.0 23.98608581110289 22.877904460509214
555.5 23.98803009922164 22.87885573994512
556.0 23.989983209980114 22.879812537101337
556.5 23.9919289237073 22.880759291738748
557.0 23.993877631459824 22.88170783468017
557.5 23.995839862823573 22.882663475915848
558.0 23.997767784719045 22.883601481789825
558.5 23.999717597635353 22.884547053491925
559.0 24.001680319100927 22.885489580948004
559.5 24.003628992664368 22.886438159770528
560.0 24.005572346885266 22.887370890631406
560.5 24.007523388289446 22.888318479891474
561.0 24.00946380334385 22.88924604230995
561.5 24.011428668364886 22.890185829437534
562.0 24.01338681096064 22.891123366455417
562.5 24.015333261061237 22.892064888110117
563.0 24.017294501263862 22.892998759809686
563.5 24.01922970501841 22.89392588207527
564.0 24.021195883651817 22.894844058843358
564.5 24.02313947166312 22.8957783436636
565.0 24.025100865683058 22.896701084531795
565.5 24.02705204957138 22.89762849416007
566.0 24.028994558002317 22.89854818315598
566.5 24.03095074140076 22.899461857991295
567.0 24.03291075551777 22.900384393775376
567.5 24.034869573463958 22.901302832607907
568.0 24.036806839982606 22.90222668873603
568.5 24.038755267812483 22.90312941427753
569.0 24.040718560885463 22.904046799203627
569.5 24.042665222165454 22.90495535580357
570.0 24.044630640367856 22.905853127721635
570.5 24.046568608804492 22.90676555492543
571.0 24.048519584221452 22.90766172302973
571.5 24.050468860912932 22.90856705137432
572.0 24.052411880281728 22.909459257087626
572.5 24.0543682174018 22.910356926687054
573.0 24.056305530270162 22.91125080318936
573.5 24.058275149782414 22.91214657256417
574.0 24.060205166433466 22.913033458340593
574.5 24.062156816879302 22.913917073742525
575.0 24.06410155702965 22.914809979353528
575.5 24.066042782603688 22.91570013085522
576.0 24.06798309308008 22.916575497399876
576.5 24.069938915049185 22.91745683329711
577.0 24.071889525905835 22.918338561901884
577.5 24.073837038682203 22.9192235617395
578.0 24.075782648892556 22.920088413610085
578.5 24.077716594277646 22.92097303137343
579.0 24.079670316652756 22.92184887578614
579.5 24.08162093221392 22.922719151844554
580.0 24.083557976616458 22.923585452520598
580.5 24.085514537960684 22.9244530226687
581.0 24.087472245321347 22.925328832008542
581.5 24.08942033690117 22.926194598603274
582.0 24.09136549567905 22.927054970057537
582.5 24.093309614936405 22.92790822439553
583.0 24.09525759814839 22.928782554256152
583.5 24.097201765272306 22.929642188858644
584.0 24.09915073433783 22.93049844716965
584.5 24.101084503150467 22.931352415529584
585.0 24.103032544729054 22.93219610903659
585.5 24.104987668263526 22.9330565323745
586.0 24.106925185779176 22.93389862436655
586.5 24.10888283774566 22.934745565906315
587.0 24.110839995427202 22.93559470465972
587.5 24.11276803533007 22.936441708975075
588.0 24.11471656740649 22.937277402890363
588.5 24.116679257478904 22.93811909819972
589.0 24.118609094538513 22.938961103548333
589.5 24.120556026230055 22.939788480435578
590.0 24.122490748941296 22.94063598427678
590.5 24.12445132035416 22.941464572311368
591.0 24.1263876149986 22.942288808291025
591.5 24.128336232503 22.94312327538008
592.0 24.1302770044784 22.94395312586977
592.5 24.13221798161596 22.94477723671788
593.0 24.134162881917703 22.94560129069729
593.5 24.13608865753308 22.946411498133294
594.0 24.13804455709093 22.947233069960102
594.5 24.139984894077497 22.94804571735594
595.0 24.141912518157444 22.948861044549137
595.5 24.143856187993308 22.94967587982796
596.0 24.14579584307652 22.95047884332532
596.5 24.14773969833114 22.951299688353906
597.0 24.149657779373207 22.95210245933708
597.5 24.151607671219395 22.952896016359166
598.0 24.153544004366665 22.953707996256433
598.5 24.155470839216004 22.954504053289032
599.0 24.1574024432631 22.95530271810652
599.5 24.159344982476462 22.95609803499206
600.0 24.16126571867387 22.956889538618086
600.5 24.163205209354818 22.957685232076614
601.0 24.165135899325207 22.958472384646527
601.5 24.167069888964438 22.959261157795368
602.0 24.16898809204868 22.9600373150021
602.5 24.17092031515051 22.960827128580675
603.0 24.172860512655873 22.96160081245485
603.5 24.17478127803343 22.962379610603094
604.0 24.17669198727328 22.96315066404764
604.5 24.17862356669291 22.96392282474736
605.0 24.18054648928134 22.964686772058236
605.5 24.182459847777707 22.96546268285463
606.0 24.184407563831677 22.966226051209688
606.5 24.186316663541824 22.966993469871202
607.0 24.18822555421622 22.967749130918524
607.5 24.19015858168885 22.96850459849875
608.0 24.192082915566175 22.969259465107612
608.5 24.193987762604547 22.97001621301436
609.0 24.195907536281783 22.970768431654495
609.5 24.197830926152896 22.97151995462786
610.0 24.199756184004116 22.97227439524924
610.5 24.201661709072724 22.973018039314617
611.0 24.203567058395997 22.973761722126152
611.5 24.205501871925883 22.974501346166644
612.0 24.207392715557848 22.975230766938797
612.5 24.209331092113388 22.975975445420666
613.0 24.211227824629372 22.97671222188676
613.5 24.2131360790413 22.977444118242904
614.0 24.21506110233871 22.978176642682197
614.5 24.21695359225292 22.978911025379098
615.0 24.218878397658333 22.979642488658083
615.5 24.220776809242786 22.980358341275114
616.0 24.22267342842195 22.981080704847614
616.5 24.224598874179023 22.981798658766337
617.0 24.22649206856566 22.982520516192277
617.5 24.228397057002212 22.983234654412286
618.0 24.23031367237835 22.98393967299188
618.5 24.23220336243596 22.984643915097642
619.0 24.23410346250398 22.985367196871028
619.5 24.23600394390135 22.986071174290288
620.0 24.23789930404052 22.98677894902388
620.5 24.239804612205752 22.987480016139266
621.0 24.24169821784627 22.98817402947654
621.5 24.243599628995977 22.98886098768623
622.0 24.24548983871309 22.989566761799214
622.5 24.247372817813215 22.990250877397557
623.0 24.249257437764964 22.990944455916214
623.5 24.2511638632017 22.991635045746392
624.0 24.25305390118991 22.99230974197622
624.5 24.254940328488527 22.992995653657296
625.0 24.256822615248495 22.993675008905164
625.5 24.258695896987113 22.994348032696724
626.0 24.26059001092037 22.995020499621933
626.5 24.26246845450344 22.995683541280837
627.0 24.264354138334177 22.996358333658414
627.5 24.2662193374116 22.997018770172225
628.0 24.268092855553792 22.99769099224672
628.5 24.26995420078457 22.998343119735438
629.0 24.27183461230556 22.99900337725532
629.5 24.273709597549317 22.99965334760168
630.0 24.275571334175957 23.00031837702354
630.5 24.277431097607213 23.0009592634816
631.0 24.279305670826314 23.001605907449203
631.5 24.281174914918115 23.00224602356871
632.0 24.283029835255565 23.0028917495671
632.5 24.284883513082384 23.003524328062337
633.0 24.286738119505102 23.00416190885337
633.5 24.288584454312286 23.004795706546275
634.0 24.290453231348103 23.005423025539304
634.5 24.292301803835493 23.006052201993224
635.0 24.294131848016484 23.006672101208153
635.5 24.29597465324852 23.00730307786654
636.0 24.29782671045445 23.007908570013207
636.5 24.29965696709255 23.008531394553824
637.0 24.30150124223639 23.009138214336282
637.5 24.303331140971206 23.009746981966014
638.0 24.30517247238847 23.010350611991942
638.5 24.306996439642017 23.010959600552326
639.0 24.308811050926504 23.011553845168564
639.5 24.31065133209621 23.01214232509897
640.0 24.312462713683757 23.012745599358343
640.5 24.31427432853756 23.013317123606875
641.0 24.31609375136825 23.013903416623542
641.5 24.317898829676885 23.01448702324281
642.0 24.3196958548498 23.015053269045985
642.5 24.321505910585095 23.01562342457888
643.0 24.323297448510502 23.01620290582477
643.5 24.32508377532237 23.016751001299482
644.0 24.326873285693406 23.01730250235797
