FastTrWP/PhaseSpace/IAs/snIa_0.55_30.00_-0.21_0.10.csv
# %ECSV 0.9
# ---
# datatype:
# - {name: time-rel, datatype: float64}
# - {name: g, datatype: float64}
# - {name: i, datatype: float64}
# schema: astropy-2.0
time-rel g i
[from data line 1773]
508.5 25.238470729987462 22.57255377657961
509.0 25.24040922490547 22.573252852476145
509.5 25.242363178561426 22.573954351147627
510.0 25.24431353670064 22.57465896859609
510.5 25.246233880736323 22.575364847096886
511.0 25.248189680823113 22.576065291279853
511.5 25.250164276149324 22.57677356457288
512.0 25.252089704661653 22.577483952918463
512.5 25.254062742401086 22.57818940005519
513.0 25.255995319370726 22.578888049339017
513.5 25.257934134009375 22.579607749528222
514.0 25.259890433524994 22.580314300244172
514.5 25.261832087090283 22.581027288879355
515.0 25.26381415179602 22.58173324163064
515.5 25.265772730929932 22.582445632569225
516.0 25.26769191461057 22.583168985926036
516.5 25.269681671987886 22.583883247677328
517.0 25.271634520702307 22.5845960713388
517.5 25.273587107561923 22.58530976109372
518.0 25.27557039893499 22.58602982330977
518.5 25.27752276983445 22.586738570058117
519.0 25.27946001995643 22.587465754832195
519.5 25.28142571464715 22.588181678586462
520.0 25.283398624522945 22.588901733733163
520.5 25.28535239764405 22.589627086839617
521.0 25.287351394518815 22.590343383578144
521.5 25.289310373256463 22.59107051585771
522.0 25.291277479585034 22.591789884296954
522.5 25.293246268840303 22.592519730273402
523.0 25.295225580611334 22.593244408467655
523.5 25.29719141347224 22.59397269699287
524.0 25.2991568742036 22.59470482635713
524.5 25.301128349304648 22.59542902804351
525.0 25.30311077438728 22.596151502019527
525.5 25.305108019142388 22.596883841088196
526.0 25.307069899062974 22.597614620504896
526.5 25.309061086589324 22.598349850796012
527.0 25.311016515625326 22.599081758116103
527.5 25.313008462883822 22.599811601910456
528.0 25.314996050699186 22.60054941315112
528.5 25.316974826977344 22.601288421949278
529.0 25.31894109047737 22.602030419765562
529.5 25.320914534908855 22.602752722424487
530.0 25.322944452995163 22.60349310649453
530.5 25.324903140511573 22.604240143633444
531.0 25.326863760158975 22.604979770540773
531.5 25.32888368055771 22.605712429753197
532.0 25.330865704049526 22.606442767824
532.5 25.33284841183867 22.6071928926357
533.0 25.334840831078868 22.607936966900443
533.5 25.3368190906701 22.608673703261026
534.0 25.338828173480913 22.609424739478634
534.5 25.340815918044544 22.610170093772297
535.0 25.342808573714134 22.610921969963286
535.5 25.34479240334359 22.6116669018488
536.0 25.346785666030257 22.61241113584827
536.5 25.348761949239087 22.613157963813283
537.0 25.350780896750788 22.613899779473602
537.5 25.352776602377066 22.614655880121873
538.0 25.35476422365379 22.615414336444935
538.5 25.35674291949517 22.616164048441803
539.0 25.35877570973239 22.61691985870194
539.5 25.36075783505634 22.617672976430818
540.0 25.362770490914983 22.618425855507425
540.5 25.36478075752357 22.619174850027782
541.0 25.36676016212408 22.619946198898976
541.5 25.36880070114417 22.620698215318285
542.0 25.37079471061673 22.6214562539244
542.5 25.372773109953307 22.622217559576264
543.0 25.374796977054565 22.622976994281345
543.5 25.37681167879132 22.62373485003915
544.0 25.378825178880874 22.62450039382824
544.5 25.380834974673355 22.625270815951758
545.0 25.382847009007776 22.626032400733983
545.5 25.38484877746295 22.626795484663383
546.0 25.386840065583293 22.627561400261882
546.5 25.388880368721747 22.628332981136655
547.0 25.390909924400084 22.629096952462223
547.5 25.392916500818586 22.62987415853262
548.0 25.394940964174175 22.630648678672078
548.5 25.396962946352552 22.631409812259303
549.0 25.398952398947774 22.632189731480405
549.5 25.400966238005722 22.632961986933363
550.0 25.403004969338273 22.633738716753065
550.5 25.405037921093125 22.634514731040323
551.0 25.40706503084856 22.635296384721862
551.5 25.409102911545535 22.636068918802007
552.0 25.411107006419652 22.636844047263615
552.5 25.4131533228488 22.637627040148715
553.0 25.415165850194505 22.638408042590804
553.5 25.41718581636145 22.63918693940476
554.0 25.41922118897962 22.63997510341497
554.5 25.421270550678777 22.640762271171205
555.0 25.423318167184764 22.641544190119774
555.5 25.425318185101172 22.642326213341917
556.0 25.427377879513795 22.643120939459656
556.5 25.42939893294949 22.643909948126772
557.0 25.431457292482854 22.644693161177084
557.5 25.43346995959473 22.64548934538933
558.0 25.435530458318553 22.64628693751904
558.5 25.437555651860876 22.647075944948845
559.0 25.439624140079196 22.647879967964126
559.5 25.44165152694401 22.64866439537016
560.0 25.44370206373841 22.649463899592522
560.5 25.445748034083962 22.65026640327049
561.0 25.44779908080997 22.65106812326739
561.5 25.44985405015328 22.651870088304506
562.0 25.451915884002368 22.652674677873538
562.5 25.453955609618877 22.65347044708994
563.0 25.4559927701029 22.654277864775416
563.5 25.45807740742845 22.655077940397593
564.0 25.46011461469491 22.655885317862328
564.5 25.462178701254583 22.656696117015827
565.0 25.4642386042405 22.65750972027736
565.5 25.466288502604364 22.658310807506904
566.0 25.46835402776095 22.65911893591983
566.5 25.470412459275664 22.65993368590218
567.0 25.472482127203655 22.66074501429095
567.5 25.474554127714036 22.66156775031853
568.0 25.476614147503952 22.662385773338563
568.5 25.478661051691624 22.663190868213142
569.0 25.480734083978774 22.66401283387562
569.5 25.48281066361747 22.664831804496906
570.0 25.48486160381867 22.665652768074132
570.5 25.486937301925288 22.66646866116391
571.0 25.489018980443316 22.667292783179338
571.5 25.491089121141776 22.66811600644884
572.0 25.49317693514451 22.66894442868596
572.5 25.495234201001644 22.669762320859217
573.0 25.497314539856994 22.670582626375122
573.5 25.499404760063523 22.67141403975844
574.0 25.501437766506456 22.672251977989298
574.5 25.503532097170883 22.673075867500692
575.0 25.505630374751437 22.67391302126452
575.5 25.50770555315001 22.67474327131904
576.0 25.509795741338603 22.675573907116796
576.5 25.511858923751042 22.67640575365284
577.0 25.513944218682422 22.67724915804103
577.5 25.516031056101216 22.6780841055688
578.0 25.51810685651472 22.678922386168693
578.5 25.520212479993127 22.679757421018664
579.0 25.522288886733865 22.68059788072116
579.5 25.5243804520776 22.681443835491383
580.0 25.526480762661702 22.6822809155312
580.5 25.528585790508444 22.68312213323311
581.0 25.53064441604843 22.683960714493587
581.5 25.532736088405205 22.684823054257816
582.0 25.534862446968365 22.685661749930617
582.5 25.53693244029736 22.686514380409378
583.0 25.539005230390515 22.687355062419947
583.5 25.541136284159332 22.688208625379428
584.0 25.543231971804627 22.68906369343737
584.5 25.545332505753066 22.689915805879384
585.0 25.54745512140643 22.690764508749393
585.5 25.54953931042383 22.691628272453222
586.0 25.551616577174382 22.69247672708303
586.5 25.553738493904753 22.69334251556248
587.0 25.555844333369322 22.694192432978095
587.5 25.557949433108497 22.695053054888454
588.0 25.56001874886199 22.695915603717033
588.5 25.562144370386086 22.696777147018288
589.0 25.564280802237246 22.69764055779865
589.5 25.566375958401867 22.69850631187722
590.0 25.568498291877418 22.699362461105075
590.5 25.570585098480777 22.700240234370675
591.0 25.57270642443003 22.70110084717112
591.5 25.574833692285168 22.70197600814798
592.0 25.576942660245198 22.702842029720923
592.5 25.57905198946139 22.70371431671868
593.0 25.581165016129287 22.70459019111282
593.5 25.58329615546239 22.70545967157083
594.0 25.58540280708361 22.70633007426962
594.5 25.58755480221827 22.70721120801707
595.0 25.58965990212578 22.708082170050446
595.5 25.59174696017058 22.708969221109456
596.0 25.593885448530553 22.709846315485333
596.5 25.59601602316007 22.710723036372777
597.0 25.59813125755366 22.711609649811617
597.5 25.60025557165543 22.712482433966755
598.0 25.60238596229052 22.713380040447987
598.5 25.604521207119994 22.714260553123133
599.0 25.6066461419698 22.71514295837019
599.5 25.608756209520408 22.71603612037673
600.0 25.61091774012091 22.716931317071545
600.5 25.613029233693506 22.717824956820635
601.0 25.615189108550798 22.71871708530213
601.5 25.617305080780678 22.719619299734376
602.0 25.619462794889767 22.720514988378063
602.5 25.621633618509154 22.721418349036952
603.0 25.623732126903 22.722322322039087
603.5 25.625896242452413 22.723228865994276
604.0 25.62804455982855 22.724141013764516
604.5 25.630192723966513 22.725052044623343
605.0 25.6323612505604 22.72595932385919
605.5 25.634500200533694 22.726865531815864
606.0 25.636663455054762 22.72777476703846
606.5 25.638804957039568 22.728695458704706
607.0 25.640983992177514 22.72960894193148
607.5 25.643135103621084 22.73053193343877
608.0 25.6452878985575 22.731450149344084
608.5 25.64745039098103 22.73236882967185
609.0 25.64963089313869 22.733287332111306
609.5 25.65178277984842 22.734214255246034
610.0 25.653951538596147 22.73514410126318
610.5 25.656107300464477 22.73606849687409
611.0 25.658303327699493 22.736998581682883
611.5 25.66044476734075 22.737922246912227
612.0 25.66260879856258 22.738856520502047
612.5 25.664790471802018 22.73978675989315
613.0 25.666978205600795 22.740720163952602
613.5 25.669135251544105 22.741655246810943
614.0 25.671289007922162 22.742584909199998
614.5 25.673439768838385 22.743522824537273
615.0 25.675629179699335 22.74446024410304
615.5 25.677788431323584 22.74538989986578
616.0 25.67996056385006 22.746333053134546
616.5 25.682151610386583 22.7472689075114
617.0 25.684327225829634 22.748211936027367
617.5 25.686499173538415 22.749158745231984
618.0 25.68865249953707 22.750101199838014
618.5 25.690852246253204 22.751041967475878
619.0 25.69299644519638 22.751987123443126
619.5 25.695238005592763 22.752923392153534
620.0 25.697361963557643 22.753874587390712
620.5 25.699540423647033 22.754815648429773
621.0 25.701702837885485 22.755761504047427
621.5 25.703899070622015 22.756706585830756
622.0 25.7060226066767 22.75765240301717
622.5 25.708241574487918 22.758602826032902
623.0 25.71038240989536 22.759552865249102
623.5 25.71254863702825 22.76049780591471
624.0 25.714718002705922 22.761441337397596
624.5 25.71689616210312 22.762391826574934
625.0 25.719083666969617 22.76334433805101
625.5 25.72124435947284 22.764296175626363
626.0 25.723415567019146 22.765246361219205
626.5 25.725565654874156 22.76619105362473
627.0 25.727730231088678 22.76713949505713
627.5 25.72990327730864 22.768095458335363
628.0 25.732067940927536 22.769044055019233
628.5 25.734230551465586 22.769985646782715
629.0 25.736362740666188 22.7709425044279
629.5 25.73853968923491 22.77189000851193
630.0 25.7407029812223 22.77284339316044
630.5 25.74286634015071 22.77378508947724
631.0 25.745025407136684 22.774734621647774
631.5 25.747200363979434 22.77568561781775
632.0 25.749330653878083 22.776640045159805
632.5 25.751460522659887 22.77757790558376
633.0 25.753603671297345 22.778526835911496
633.5 25.755740897085225 22.779476552024324
634.0 25.757867163061114 22.780429886814378
634.5 25.760032540793304 22.781368948746078
635.0 25.762209902156265 22.7823218811809
635.5 25.76433553869594 22.78325603910703
636.0 25.766451804102143 22.784204606278852
636.5 25.768589478729215 22.785158750516242
637.0 25.77073814383118 22.78610640198835
637.5 25.772876623237913 22.787053583440446
638.0 25.774998067328433 22.78800200187536
638.5 25.777119116790004 22.788950477274792
639.0 25.779282211932106 22.789896774080827
639.5 25.781412030476666 22.79084765499221
640.0 25.783531127719552 22.79179621989531
640.5 25.78565091936236 22.792758892839004
641.0 25.78779660527732 22.79370653402644
641.5 25.78993874246457 22.79465977740633
642.0 25.7920673574976 22.79561288803287
642.5 25.794208164418116 22.796560286031703
643.0 25.796323544677126 22.79751211654407
643.5 25.79846880682588 22.798478078778945
644.0 25.800562699725255 22.799419040245233
644.5 25.802703582392542 22.80037010541632
645.0 25.80483321035373 22.801333505521274
645.5 25.806966160326553 22.802286343661482
646.0 25.809069452888846 22.803246770351784
646.5 25.8111869933524 22.804204266835633
647.0 25.813303139154012 22.805160944912302
647.5 25.8154333580934 22.80611567660098
648.0 25.817549222169124 22.807070529857697
648.5 25.819657498906388 22.80802408410222
649.0 25.82177685800705 22.80898447735339
649.5 25.823881485695956 22.8099533112251
650.0 25.825996079133297 22.810908073980226
650.5 25.8281338067261 22.811869060088394
651.0 25.830237680535063 22.812825313157006
651.5 25.832339363926238 22.81378591118815
652.0 25.834427314917995 22.81475255170655
652.5 25.836553507874612 22.815710626918534
653.0 25.838624864373724 22.816678910518636
653.5 25.840747210909623 22.817631355454505
654.0 25.842863763159233 22.8185952789017
654.5 25.84495319086621 22.819564361942128
655.0 25.847021473482748 22.82052009598944
655.5 25.84914044317051 22.821483185808624
656.0 25.85125601497038 22.822446855333
656.5 25.853301963280238 22.823419317244724
657.0 25.855419210261385 22.824373242887603
657.5 25.85750797676988 22.82533510307278
658.0 25.859617906373785 22.826306314096758
658.5 25.861676743664006 22.82726138849045
659.0 25.86375031745517 22.828233065841342
659.5 25.865818073131457 22.829197843152716
660.0 25.867901043306464 22.830165280628997
660.5 25.86999485339546 22.831130526964394
661.0 25.872087533794698 22.83208978783422
661.5 25.874115909651078 22.83306255920835
662.0 25.87619999036205 22.834021390430436
662.5 25.878257786219322 22.834992515670947
663.0 25.880342665813597 22.83595741078507
663.5 25.88237337322954 22.836925314918517
664.0 25.88444554804837 22.837892418620648
664.5 25.88647275044909 22.838865646026974
665.0 25.888580922637168 22.839835196305657
665.5 25.89062044205714 22.840796179886745
666.0 25.892675045901044 22.84176433550573
666.5 25.894694896893494 22.842738532408596
667.0 25.896757389759966 22.84369928028495
667.5 25.898790386590314 22.84466301609993
668.0 25.90084859135752 22.845636624817747
668.5 25.902855202842566 22.84660420023139
669.0 25.904904922727553 22.8475749175902
669.5 25.90695356645493 22.84854084130589
670.0 25.908926121588923 22.849512952537
670.5 25.91097732732461 22.85047628315606
671.0 25.912984682512807 22.851444470758267
671.5 25.915021392845546 22.85240931256319
672.0 25.917020249583338 22.853381835389772
672.5 25.919027542344676 22.854349426083154
673.0 25.921027519585248 22.85531243052526
673.5 25.92301945065882 22.856287634165056
674.0 25.925009616283035 22.85725177502027
674.5 25.927037203460593 22.85821891512843
675.0 25.92901600581542 22.85920313242139
675.5 25.930994706434536 22.86017547400549
676.0 25.932994690214297 22.8611392418238
676.5 25.935003375460546 22.862101517363087
677.0 25.937003931060545 22.863077455106602
677.5 25.93896879458052 22.86404532194821
678.0 25.940928372775602 22.865016286161627
678.5 25.942945968971856 22.865992117848872
679.0 25.94491147037982 22.86696746045394
679.5 25.94689763536458 22.867932325991383
680.0 25.948837235384335 22.868914951820884
680.5 25.950840800841405 22.86989109184081
681.0 25.9527764739373 22.87085167831684
681.5 25.954731887397035 22.871823694987352
682.0 25.95672436217193 22.87280058402076
682.5 25.95865803445696 22.873777227896635
683.0 25.960607631255428 22.874744521237524
683.5 25.96256800059514 22.875724510287174
684.0 25.964537585959732 22.876691506541327
684.5 25.966440623844566 22.877672549796074
685.0 25.968403721794182 22.878645226487095
685.5 25.97034942050383 22.879612700804884
686.0 25.97226442047502 22.880593591540674
686.5 25.974199464418337 22.881566972172145
687.0 25.976130514015164 22.882537086381536
687.5 25.978066254371228 22.88351807513815
688.0 25.979982310962168 22.884482481610714
688.5 25.98186386771414 22.885470782501525
689.0 25.983792428948416 22.886445802897587
689.5 25.985718164263 22.88742166874659
690.0 25.98761757653007 22.888393974870233
690.5 25.98950362852673 22.88936696652824
691.0 25.991438108067598 22.890351105278466
691.5 25.993300848311804 22.89132486517934
692.0 25.99522346050982 22.89230715516925
692.5 25.997087169931838 22.893279908399492
