FastTrWP/PhaseSpace/IAs/snIa_0.60_30.00_0.67_-0.01.csv
# %ECSV 0.9
# ---
# datatype:
# - {name: time-rel, datatype: float64}
# - {name: g, datatype: float64}
# - {name: i, datatype: float64}
# schema: astropy-2.0
time-rel g i
[from data line 2509]
802.0 26.006716383617672 23.12296069950932
802.5 26.00981846930891 23.124006772589787
803.0 26.012881637325446 23.125031687229654
803.5 26.01594531200888 23.126072836819446
804.0 26.01902130809099 23.127096590039198
804.5 26.022122276331913 23.128129668849866
805.0 26.02522521531529 23.12915973787225
805.5 26.028372729257825 23.130190047795843
806.0 26.031510117513655 23.131219330174826
806.5 26.03468788336667 23.13226123945934
807.0 26.03781217190975 23.133300942650095
807.5 26.041011450472862 23.134332842570615
808.0 26.04416421130282 23.135368372717764
808.5 26.0473780737101 23.13639667276638
809.0 26.050561097940538 23.13743608687539
809.5 26.05376647360186 23.13847758470239
810.0 26.056999471488112 23.139508168071657
810.5 26.060218151545346 23.140544126840197
811.0 26.06342361144374 23.141578252472673
811.5 26.066699178212062 23.142607666533674
812.0 26.069931600716664 23.143653086133362
812.5 26.073167223725775 23.144686547538246
813.0 26.076477844189924 23.145722033489278
813.5 26.07974889127267 23.146754758053902
814.0 26.08298029734935 23.147794852871286
814.5 26.08625495678878 23.148839631570137
815.0 26.089564510142612 23.14987898519992
815.5 26.09289571966746 23.150916844668096
816.0 26.096191054632172 23.15194767513919
816.5 26.099481670369254 23.153005336532463
817.0 26.102801086152418 23.15403375500964
817.5 26.106153059934982 23.155081715337587
818.0 26.10947217866736 23.156122847604497
818.5 26.112805880920085 23.157163831102984
819.0 26.116143090264273 23.15820938491418
819.5 26.11949305142528 23.15924694353713
820.0 26.1228211456351 23.160295386917568
820.5 26.1261579436059 23.161341083775685
821.0 26.129515487449066 23.162379973296396
821.5 26.132876991796444 23.163443187103653
822.0 26.136270238828757 23.16448373025288
822.5 26.13958722081097 23.165521180934338
823.0 26.14297246377768 23.166563456511902
823.5 26.146315537868155 23.167618823924126
824.0 26.149731210170994 23.16866297946738
824.5 26.153073887198968 23.169728838018266
825.0 26.156438694133723 23.170763861099516
825.5 26.15984742605493 23.171821183292675
826.0 26.163195428515458 23.172873637119867
826.5 26.166562599180768 23.173926421248513
827.0 26.16996440136337 23.17498286820269
827.5 26.173363584758906 23.17602544764589
828.0 26.17671894573458 23.177091412414107
828.5 26.180042892241048 23.17815794953794
829.0 26.18344686186512 23.179199908071993
829.5 26.18681177539688 23.180263857183313
830.0 26.19021671443712 23.181320639779813
830.5 26.19354255374692 23.18237660919379
831.0 26.196899924852367 23.183440493686565
831.5 26.200249283159227 23.18450692929296
832.0 26.203592153459674 23.18556391549169
832.5 26.206988934496458 23.186633823777107
833.0 26.2102860016781 23.187697538864093
833.5 26.213646128324463 23.18876329921871
834.0 26.216998313810723 23.18982280846743
834.5 26.22031767809549 23.19089551083676
835.0 26.223651785183932 23.191964184673072
835.5 26.226971468435984 23.19303378011725
836.0 26.23030035632864 23.194113790081143
836.5 26.23359215963543 23.195169683593868
837.0 26.236853288051456 23.19624609547607
837.5 26.240185039960014 23.197323596958398
838.0 26.243488244275994 23.198400902529794
838.5 26.24674244245427 23.199483959577275
839.0 26.250006016306177 23.200547817532534
839.5 26.253278573867544 23.201633867386317
840.0 26.256520316843037 23.20271265038945
840.5 26.259750738979307 23.203792250796006
841.0 26.2630103824061 23.204879101101916
841.5 26.266224038563024 23.205963801218058
842.0 26.26949127653382 23.207048236674733
842.5 26.272715634797965 23.208130315588605
843.0 26.275929323176793 23.209223644758744
843.5 26.27918801208225 23.210310990788233
844.0 26.282393831083823 23.21139569672537
844.5 26.28563259753858 23.212488595251315
845.0 26.28882015009821 23.21358078462305
845.5 26.29209869301896 23.21467014822798
846.0 26.295279802410477 23.21575633423786
846.5 26.29848845070208 23.216860809601783
847.0 26.30173968959792 23.217946981219
847.5 26.304901740089374 23.219049359330008
848.0 26.308148066130496 23.220146972079043
848.5 26.311369092360636 23.221233821281896
849.0 26.314555950451812 23.222345644838928
849.5 26.31775050851127 23.223438322301043
850.0 26.320915847587592 23.224545051223625
850.5 26.324164465673313 23.225651023968275
851.0 26.327349211260945 23.226754781387502
851.5 26.33056525348392 23.227840703982665
852.0 26.3337337742575 23.228957647210994
852.5 26.33690297515598 23.23005332988536
853.0 26.3400517469063 23.23116281604009
853.5 26.343248989519623 23.232265224079363
854.0 26.346422877604468 23.233384035908013
854.5 26.349596937185353 23.234483580030346
855.0 26.352772391978682 23.235607027840373
855.5 26.35596122706005 23.236715330616473
856.0 26.3590486811352 23.23781100764411
856.5 26.362206707640617 23.23894237262042
857.0 26.36540386556369 23.240046710636296
857.5 26.36855013257793 23.24115331013976
858.0 26.371658541983635 23.242270674181
858.5 26.37480297664871 23.243389108887648
859.0 26.377910052091742 23.244504572963542
859.5 26.381043003658466 23.245632256275467
860.0 26.384146734079362 23.24674919242892
860.5 26.387275317658418 23.247864159557032
861.0 26.390386632041665 23.24898584835154
861.5 26.393527268268173 23.25011081987943
862.0 26.396596498307026 23.25122928773559
862.5 26.39974132506537 23.252342755387243
863.0 26.402784975767478 23.253482548329174
863.5 26.405879286643334 23.25459241779956
864.0 26.408964028941448 23.25572607149566
864.5 26.412016108541962 23.25684313890994
865.0 26.415112754865962 23.257978204143757
865.5 26.418127090100114 23.25910700202039
866.0 26.421212422092985 23.260240610735508
866.5 26.424259355093792 23.26135809448228
867.0 26.42730571726409 23.26248460623361
867.5 26.430346429558114 23.263609871605023
868.0 26.43331991750868 23.26475196480718
868.5 26.436352071688397 23.265876841855796
