FastTrWP/PhaseSpace/IAs/snIa_0.6_25_0.0_0.0.csv
# %ECSV 0.9
# ---
# datatype:
# - {name: time-rel, datatype: float64}
# - {name: g, datatype: float64}
# - {name: i, datatype: float64}
# schema: astropy-2.0
time-rel g i
[from data line 1297]
629.8125 -25.949872845960474 -27.726846695912517
630.3125 -25.94825534726215 -27.72670406742712
630.8125 -25.946641867776282 -27.726553460994552
631.3125 -25.945022103395306 -27.726396890223874
631.8125 -25.943408872955057 -27.726251855654183
632.3125 -25.941788202001405 -27.72609150473533
632.8125 -25.94017424181034 -27.72594734811943
633.3125 -25.9385421671853 -27.725791916296565
633.8125 -25.936919039108624 -27.725632500326984
634.3125 -25.93529530603461 -27.72547662872209
634.8125 -25.93364799257508 -27.725313965440243
635.3125 -25.932019888233732 -27.725143055182567
635.8125 -25.930379867583756 -27.72498596344392
636.3125 -25.928757438490972 -27.72482376715415
636.8125 -25.927114458578142 -27.72465846223643
637.3125 -25.925471508133754 -27.724495925721317
637.8125 -25.92380849779414 -27.72432023957684
638.3125 -25.92218820525631 -27.724157629355616
638.8125 -25.920526852118897 -27.723983524764897
639.3125 -25.91888157967282 -27.723808474333744
639.8125 -25.917244059676992 -27.723630296219284
640.3125 -25.915582075528473 -27.7234657961179
640.8125 -25.913918070774265 -27.723281263230568
641.3125 -25.912266297954613 -27.723107952643122
641.8125 -25.91060746289502 -27.722922588076333
642.3125 -25.908939159506055 -27.722740475311806
642.8125 -25.907286602712247 -27.722558552626563
643.3125 -25.90560956402898 -27.722375721356766
643.8125 -25.9039250350301 -27.72218843672171
644.3125 -25.90226508511165 -27.72200278939004
644.8125 -25.900606715526266 -27.721807913045854
645.3125 -25.898926380793842 -27.72162574553539
645.8125 -25.89724727067606 -27.721428342329794
646.3125 -25.89557919696507 -27.721243740361846
646.8125 -25.89387892656982 -27.721045936117775
647.3125 -25.892195923510243 -27.720846292477475
647.8125 -25.890514485792334 -27.720655103097833
648.3125 -25.888834727566355 -27.72045091497416
648.8125 -25.887146801189633 -27.72025312806019
649.3125 -25.885462404262377 -27.72005733791284
649.8125 -25.883758189751834 -27.719857693300906
650.3125 -25.882063065016702 -27.71964706949509
650.8125 -25.880362295504156 -27.719439414279428
651.3125 -25.8786822336544 -27.719243759204485
651.8125 -25.876976419092767 -27.719028714598743
652.3125 -25.8752675649635 -27.718814283810268
652.8125 -25.873561266072894 -27.718608508968362
653.3125 -25.87185921190166 -27.718393437521538
653.8125 -25.87015491056666 -27.718185035058482
654.3125 -25.86845320430122 -27.717967139483946
654.8125 -25.866720759800792 -27.717755029419703
655.3125 -25.865018091543565 -27.717536951076237
655.8125 -25.863290240726027 -27.71731705246715
656.3125 -25.861572897998272 -27.71708856593742
656.8125 -25.859854360155655 -27.7168776183495
657.3125 -25.858144227509257 -27.716652913155613
657.8125 -25.85642332150779 -27.71643278105328
658.3125 -25.854687836348795 -27.716205730752286
658.8125 -25.852965987703122 -27.715983010601448
659.3125 -25.851221809265294 -27.715750619865563
659.8125 -25.849505047981015 -27.715519172983498
660.3125 -25.847754943347688 -27.715287500489506
660.8125 -25.846020148629027 -27.7150595134594
661.3125 -25.844281798341164 -27.714821193328767
661.8125 -25.842540111420718 -27.714582590859468
662.3125 -25.840790803404083 -27.71434993411701
662.8125 -25.839031969283507 -27.714114000890252
663.3125 -25.83729690757449 -27.71386475251418
663.8125 -25.835531376515625 -27.71362723619933
664.3125 -25.83377895527964 -27.713384573401765
664.8125 -25.832019678749248 -27.713142131488354
665.3125 -25.83026474281123 -27.712889919681988
665.8125 -25.82850363941832 -27.71264567784861
666.3125 -25.826746189161213 -27.71239720095197
666.8125 -25.82497203162744 -27.712147568148676
667.3125 -25.823196736324803 -27.71188981792264
667.8125 -25.821420741083685 -27.711636641269287
668.3125 -25.819652676417167 -27.71138495171087
668.8125 -25.817870419160144 -27.711127042563945
669.3125 -25.81610467964884 -27.710862333649224
669.8125 -25.81432626266091 -27.71060990618141
670.3125 -25.8125338602953 -27.710348252496566
670.8125 -25.810729791203716 -27.710082533305002
671.3125 -25.808966121289686 -27.709821459708444
671.8125 -25.80717499430625 -27.70955544372919
672.3125 -25.80537237111215 -27.709286507216056
672.8125 -25.803579743833488 -27.70900819416188
673.3125 -25.80179039348105 -27.70874501580696
673.8125 -25.799989169179792 -27.708473756889035
674.3125 -25.798196216861392 -27.708200293745403
674.8125 -25.796375056644308 -27.70792994167591
675.3125 -25.794571264532568 -27.70765386049731
675.8125 -25.792758143978144 -27.70737719744308
676.3125 -25.790947713784547 -27.707097873606543
676.8125 -25.78912794482232 -27.706816303186002
677.3125 -25.787339110178724 -27.706534068701618
677.8125 -25.785500726668133 -27.706249242496476
678.3125 -25.783676280609154 -27.705969172707775
678.8125 -25.781857462482186 -27.705686260545306
679.3125 -25.780028957056818 -27.705401012324174
679.8125 -25.77818817105918 -27.705114190939383
680.3125 -25.776377243970497 -27.704816700154463
680.8125 -25.77454388263183 -27.70453151141983
681.3125 -25.772709892010397 -27.704236617809237
681.8125 -25.770873625375334 -27.703945172907535
682.3125 -25.769030324684685 -27.703648735681664
682.8125 -25.767195183403246 -27.703356689262208
683.3125 -25.76535376476403 -27.703054381210777
683.8125 -25.763501612591572 -27.702756287584506
684.3125 -25.76165049068542 -27.702457296166422
684.8125 -25.759811422129868 -27.702158081099295
685.3125 -25.757961628985846 -27.701854921035242
685.8125 -25.756110057329522 -27.701557546411138
686.3125 -25.754250893690557 -27.701248353556505
686.8125 -25.752386518041483 -27.700941471490882
687.3125 -25.750553885384583 -27.70063563046845
687.8125 -25.748661092294938 -27.700327721560278
688.3125 -25.746801403672368 -27.700012700917817
688.8125 -25.744949143210945 -27.699710841550676
689.3125 -25.74306369519843 -27.699391933486083
689.8125 -25.74118953705899 -27.69907242201591
690.3125 -25.739320826265242 -27.698760391075474
690.8125 -25.73746034478698 -27.69844457105501
691.3125 -25.735572846488765 -27.698131718287634
691.8125 -25.733702959809207 -27.69781405901203
692.3125 -25.731828558476863 -27.69748938537788
692.8125 -25.729946098303177 -27.697169577265672
693.3125 -25.7280511415317 -27.69685095282298
693.8125 -25.72617348429945 -27.696520672095502
694.3125 -25.724292222128003 -27.69619892765457
694.8125 -25.722386898785068 -27.695871191811822
695.3125 -25.720504359159303 -27.695548747497423
695.8125 -25.718587975386047 -27.695216505740483
696.3125 -25.71670344977545 -27.694886538637427
696.8125 -25.714805160449377 -27.69455913110702
697.3125 -25.712927078057678 -27.694226655406602
697.8125 -25.71099354540339 -27.69389455835785
698.3125 -25.70908484048157 -27.693555696186003
698.8125 -25.70715868610488 -27.69321694506187
699.3125 -25.70523383291639 -27.692883608334725
699.8125 -25.703318500694714 -27.692536025808735
700.3125 -25.70140015435586 -27.69219729297784
700.8125 -25.6994616744934 -27.691852146086333
701.3125 -25.69752912325052 -27.691510981978432
701.8125 -25.695583335489015 -27.69116080557086
702.3125 -25.693661116588366 -27.690816589997247
702.8125 -25.691700547876973 -27.69046276125942
703.3125 -25.68974984311599 -27.69011063127822
703.8125 -25.687799010009535 -27.689760590678702
704.3125 -25.685837679908378 -27.68940335813805
704.8125 -25.68387969203669 -27.6890470222696
705.3125 -25.681925299044646 -27.68869355622787
705.8125 -25.67996666731359 -27.68832540935106
706.3125 -25.677988849728244 -27.68796438125165
706.8125 -25.676026806262946 -27.68760380756794
707.3125 -25.67405574409001 -27.6872428817398
707.8125 -25.672066871854028 -27.68687907484031
708.3125 -25.670091678653254 -27.686515845753732
708.8125 -25.66811665788331 -27.686140186668094
709.3125 -25.666118046598122 -27.68577829779617
709.8125 -25.66412100885156 -27.68540716266511
710.3125 -25.66215604570056 -27.685034719531423
710.8125 -25.660157663106485 -27.68466391425218
711.3125 -25.658151734703345 -27.684293377427757
711.8125 -25.656155967233417 -27.68391238436341
712.3125 -25.65415520494264 -27.68353338664651
712.8125 -25.652164776004348 -27.683156699936067
713.3125 -25.650166101107622 -27.68277832579946
713.8125 -25.648143974861377 -27.682396753718166
714.3125 -25.646125227368866 -27.68201533328999
714.8125 -25.644127662451687 -27.681626381756352
715.3125 -25.642126555893174 -27.681246279611358
715.8125 -25.64009656348737 -27.680858633785995
716.3125 -25.63810337279061 -27.680478854838675
716.8125 -25.63606543134614 -27.680085535755733
717.3125 -25.634069811841268 -27.679700993021527
717.8125 -25.63205136460433 -27.67930511407004
718.3125 -25.630021990492455 -27.67892087630642
718.8125 -25.62800680444893 -27.67851686727598
719.3125 -25.6259803353314 -27.678134225648677
719.8125 -25.623953273416042 -27.677734145665084
720.3125 -25.62192310083937 -27.677335646506776
720.8125 -25.619913374694097 -27.676945920961778
721.3125 -25.617888537193547 -27.67654667896547
721.8125 -25.615855675401285 -27.67614201631002
722.3125 -25.613828335807685 -27.675748550490475
722.8125 -25.611801725627735 -27.675347651114816
723.3125 -25.6097832197263 -27.674943003348908
723.8125 -25.607742977890204 -27.674541626971422
724.3125 -25.60572959246967 -27.674134039410717
724.8125 -25.6037011771371 -27.673736965125435
725.3125 -25.60166953770009 -27.673323074365047
725.8125 -25.59964760258138 -27.672918464031664
726.3125 -25.59760990550952 -27.672511920057403
726.8125 -25.595584033167288 -27.672102050860786
727.3125 -25.593579009154766 -27.67170231897003
727.8125 -25.59152129595428 -27.671280853083218
728.3125 -25.58951529287561 -27.670874153820336
728.8125 -25.58748128124789 -27.670471484948543
729.3125 -25.58546376113008 -27.670053161461485
729.8125 -25.583439643644667 -27.669640114556913
730.3125 -25.581415379733183 -27.669226634411956
730.8125 -25.579393869056922 -27.668805934796048
731.3125 -25.577397794616186 -27.66839474625703
731.8125 -25.575368428963714 -27.66798188588126
732.3125 -25.57334284911828 -27.667560881503732
732.8125 -25.57131992825388 -27.6671449207933
733.3125 -25.56933167817194 -27.666728142389974
733.8125 -25.567309274523215 -27.666305692245636
734.3125 -25.56528676824124 -27.665891949432698
734.8125 -25.56328117047606 -27.665471172270024
735.3125 -25.561283158486088 -27.665051043628036
735.8125 -25.559282713277774 -27.664620808235945
736.3125 -25.557284111123487 -27.664202953029534
736.8125 -25.555263779946337 -27.663777316096187
737.3125 -25.553271387002066 -27.663354443877132
737.8125 -25.551258698424707 -27.66293260158095
738.3125 -25.54924641916992 -27.662501145908603
738.8125 -25.5472392865926 -27.662075554998978
739.3125 -25.5452209574607 -27.661647882046474
739.8125 -25.54320972463161 -27.661202384616438
740.3125 -25.541207643873673 -27.660779751287947
740.8125 -25.539191163158684 -27.66034137853803
741.3125 -25.537184079727176 -27.659906342127776
741.8125 -25.535159595754426 -27.659473928569756
742.3125 -25.533139029908956 -27.65903663977134
742.8125 -25.53113369497913 -27.65859826843
743.3125 -25.529137134823987 -27.658156513344444
743.8125 -25.527115254212454 -27.65771426900247
744.3125 -25.5251127044872 -27.657273572503005
744.8125 -25.52310238594002 -27.656833757937104
745.3125 -25.5210652309946 -27.656391376039174
745.8125 -25.51906133408028 -27.6559401251889
746.3125 -25.517067172884733 -27.655503366031763
746.8125 -25.5150458756087 -27.65505437377591
747.3125 -25.51302417967834 -27.654604487224454
747.8125 -25.51101022515633 -27.65415444861855
748.3125 -25.508990586257706 -27.653707370383653
748.8125 -25.50699080766583 -27.65325830187256
749.3125 -25.504968890725465 -27.65280363440447
749.8124999999999 -25.502948419219372 -27.652344288989937
750.3125 -25.500955620106946 -27.651898568426
750.8125 -25.49893247731606 -27.651441525498598
751.3124999999999 -25.496908138156137 -27.650984244317044
751.8125 -25.494908768081356 -27.650530303207994
752.3125 -25.49289750961579 -27.65006988558456
752.8124999999999 -25.49087429281085 -27.6496112507466
753.3125 -25.48887037349296 -27.649147673132624
753.8125 -25.48685467674386 -27.648690254317874
754.3124999999999 -25.484840796096627 -27.648232491831365
754.8125 -25.482841521314977 -27.647764324046754
755.3125 -25.480800222926554 -27.64730233782876
755.8124999999999 -25.478794616033383 -27.6468280215517
756.3125 -25.47678194974088 -27.646365306659746
756.8125 -25.4747759115932 -27.645901209914037
757.3124999999999 -25.472748250977162 -27.64543483305514
757.8125 -25.47078074538241 -27.644967680703374
758.3125 -25.46873527172275 -27.644490061385618
758.8124999999999 -25.46672664993702 -27.64402223715779
759.3125 -25.464736974578912 -27.643551085365953
759.8125 -25.4627223577584 -27.643077973384656
760.3124999999999 -25.460707052638597 -27.6426029836637
760.8125 -25.458707866422387 -27.6421272927703
761.3125 -25.45669332347945 -27.641652823423
761.8124999999999 -25.45468897274344 -27.641176167807565
762.3125 -25.452683624950033 -27.640700063568918
762.8125 -25.4506626056213 -27.640226801469897
763.3124999999999 -25.44866976947962 -27.63974249397183
763.8125 -25.446667537122277 -27.639264853636128
764.3125 -25.444652110211482 -27.638790809794923
764.8124999999999 -25.442642261212825 -27.638308640716186
765.3125 -25.440656917671944 -27.637821456992167
765.8125 -25.43865706858297 -27.637338729652004
766.3124999999999 -25.436636868512892 -27.63685900623225
766.8125 -25.43464847601696 -27.636370450409743
767.3125 -25.432648023944445 -27.63588755143538
767.8124999999999 -25.430645748394877 -27.635394887930715
768.3125 -25.42866026155768 -27.63491005602127
768.8125 -25.426650345605452 -27.634425816012794
769.3124999999999 -25.424652843902756 -27.63392578123959
769.8125 -25.422662857966767 -27.633444346680385
770.3125 -25.420654545400204 -27.63295738813669
770.8124999999999 -25.418666048049964 -27.63246522286277
771.3125 -25.41669367402582 -27.631969090370625
771.8125 -25.41468990443751 -27.63147972392952
772.3124999999999 -25.412709345594784 -27.630984678130485
772.8125 -25.410706497557925 -27.63048976515303
773.3125 -25.40872514381803 -27.62999779421306
773.8124999999999 -25.406727937864687 -27.62950488669339
774.3125 -25.4047360510219 -27.62900773291102
774.8125 -25.402767613379833 -27.628507236814606
775.3124999999999 -25.400768623066675 -27.62800200796294
775.8125 -25.398794718301833 -27.62751093026499
776.3125 -25.396825693098435 -27.627008874880985
776.8124999999999 -25.394835985841418 -27.626513950638675
777.3125 -25.39285040359603 -27.626003689539814
777.8125 -25.39087509079127 -27.6254991440886
778.3124999999999 -25.388909133114662 -27.62499156100002
778.8125 -25.386933344794592 -27.624484533651078
779.3125 -25.384943501023088 -27.623974862133466
779.8124999999999 -25.382983393815735 -27.62346657292055
780.3125 -25.381027333437856 -27.622960772769517
780.8125 -25.37904471691394 -27.62245935746423
781.3124999999999 -25.377061839869853 -27.621955117490664
781.8125 -25.375103722756922 -27.621431766822315
782.3125 -25.37314948839118 -27.620920988764123
782.8124999999999 -25.371188325851364 -27.620406330180025
783.3125 -25.36920350155863 -27.619891626719596
783.8125 -25.367235042664873 -27.61937555770477
784.3124999999999 -25.365292272527373 -27.61885991349019
784.8125 -25.363306513559913 -27.618348302991706
785.3125 -25.361355688572885 -27.61783180192829
785.8124999999999 -25.359394533973468 -27.61730432781426
786.3125 -25.35744501140435 -27.616784007100215
786.8125 -25.355488741003782 -27.616262689309863
787.3124999999999 -25.353521289993438 -27.615741746899936
787.8125 -25.351565849058208 -27.61521980822696
788.3125 -25.34961276495441 -27.614684767463093
788.8124999999999 -25.347653152315928 -27.61416743021215
789.3125 -25.34571529995541 -27.61364345113808
789.8125 -25.343758161898087 -27.613115104427266
790.3124999999999 -25.341802153877424 -27.612587742849065
790.8125 -25.339874929335583 -27.61205712534322
791.3125 -25.337929704927994 -27.611533368120686
791.8124999999999 -25.33598135859662 -27.610996961294983
792.3125 -25.334032996551752 -27.610466573523922
