FastTrWP/PhaseSpace/IAs/snIa_0.34_30.00_-0.08_0.08.csv
# %ECSV 0.9
# ---
# datatype:
# - {name: time-rel, datatype: float64}
# - {name: g, datatype: float64}
# - {name: i, datatype: float64}
# schema: astropy-2.0
time-rel g i
[from data line 347]
372.87499999999994 23.84127130308177 23.37595278758333
373.375 23.837173125366387 23.372537974395676
373.875 23.833101179654395 23.36909791894231
374.37499999999994 23.829030054745687 23.365666853058585
374.875 23.82496921809252 23.362256050208245
375.375 23.820908466097315 23.358842195249224
375.87499999999994 23.8168694911711 23.355444628321308
376.375 23.812833934466276 23.352052263421733
376.875 23.80880430016749 23.34865814231504
377.37499999999994 23.804795742008874 23.34527170076012
377.875 23.80079084473794 23.34190341608551
378.375 23.796781977298508 23.338535727636284
378.87499999999994 23.792783658640246 23.335172285528174
379.375 23.788801183542944 23.33181936048032
379.875 23.784822183958873 23.328461793006955
380.37499999999994 23.78085403760486 23.32510729898666
380.875 23.776902405255314 23.321780539493396
381.375 23.772947688684987 23.318440405172517
381.87499999999994 23.769001416834328 23.315118795301824
382.375 23.765065077363246 23.311789764181814
382.875 23.761151567555544 23.308475386592104
383.37499999999994 23.75721577972882 23.305170863160825
383.875 23.753310144439368 23.301878138381383
384.375 23.74940918878401 23.298566058029714
384.87499999999994 23.745508986847128 23.295273179451677
385.375 23.741625443803596 23.2919941645841
385.875 23.737743227126824 23.28870979425899
386.37499999999994 23.73387272188824 23.285440014970277
386.875 23.72999508477436 23.282167962635466
387.375 23.726143138307968 23.27888330494368
387.87499999999994 23.722292707466583 23.275637112116314
388.375 23.71844068818688 23.27238543466185
388.875 23.71460506063262 23.269123395736035
389.37499999999994 23.710789711484686 23.26589101438014
389.875 23.706964577967806 23.26265146963813
390.375 23.70313980511701 23.25941512064089
390.87499999999994 23.699334216407614 23.25618911258893
391.375 23.695530515580764 23.252978981394858
391.875 23.69174498519081 23.249748961151276
392.37499999999994 23.68796427497837 23.246541336954326
392.875 23.684164190927103 23.24333190998849
393.375 23.680403854555102 23.24013591567128
393.87499999999994 23.67662190830554 23.236928832608307
394.375 23.672869462906455 23.233753208668496
394.875 23.6691157528473 23.230556545017485
395.37499999999994 23.665358348552505 23.227371901230907
395.875 23.66162410483707 23.224186270528627
396.375 23.65788927331799 23.22101795802918
396.87499999999994 23.654167230181837 23.21784249302806
397.375 23.65043918104794 23.214683148051538
397.875 23.64671878573313 23.21152389122153
398.37499999999994 23.64301676637202 23.208364575731565
398.875 23.639323712925695 23.205214157296975
399.375 23.635608005478414 23.202066131353185
399.87499999999994 23.631931063863284 23.198923866794566
400.375 23.628235344023768 23.195802091025115
400.875 23.624557332911763 23.19265155546052
401.37499999999994 23.620881768826774 23.189524694457788
401.875 23.61722289404168 23.186396901112406
402.375 23.61356592518689 23.183283796504224
402.87499999999994 23.609904603155204 23.180171229721537
403.375 23.606254085203155 23.177057674362032
403.875 23.602623267992364 23.173945343187015
404.37499999999994 23.598980032014577 23.170844669120353
404.875 23.595340542935176 23.16774038490218
405.375 23.591703245514417 23.16464098072446
405.87499999999994 23.58806188958484 23.161532942939846
406.375 23.58440117861186 23.1584316379751
406.875 23.58075572438959 23.15532545462487
407.37499999999994 23.57711086960734 23.152211095592904
407.875 23.57346215124967 23.149106243093346
408.375 23.56981392507981 23.14601059032797
408.87499999999994 23.56615688558307 23.142887235176826
409.375 23.562500940127787 23.139787713164544
409.875 23.55885762197895 23.136690436039977
410.37499999999994 23.55522467097499 23.133581913788355
410.875 23.551576754238383 23.13049044745819
411.375 23.54792305598417 23.12738698361209
411.87499999999994 23.544297942513385 23.124293502845973
412.375 23.54064926502005 23.121199560629755
412.875 23.537022617963004 23.11810716233824
413.37499999999994 23.53339829950153 23.11502472419134
413.875 23.529780182870788 23.111944065200525
414.375 23.526157704214533 23.108870772629167
414.87499999999994 23.522534305288055 23.10579066947227
415.375 23.51893925751738 23.102729744131953
415.875 23.515346209692744 23.0996621039548
416.37499999999994 23.511766273387412 23.096596355023884
416.875 23.508182734720656 23.093553341668716
417.375 23.50459576240588 23.09050383444783
417.87499999999994 23.501030424886217 23.087462806560243
418.375 23.49747255396318 23.084423752345767
418.875 23.493941630701354 23.08139075955038
419.37499999999994 23.490386681380798 23.07838159021572
419.875 23.486859848330596 23.075363715424583
420.375 23.48334173432726 23.072361593300585
420.87499999999994 23.479845791054018 23.06934852563412
421.375 23.476333906264454 23.066348923502016
421.875 23.472857402747277 23.063378901841354
422.37499999999994 23.469366983328644 23.060397233126558
422.875 23.46592280785909 23.05743689993991
423.375 23.462470075255975 23.054461814805634
423.87499999999994 23.459041392200387 23.05151610881113
424.375 23.455618618390567 23.048581264216
424.875 23.452204480987454 23.045640329513787
425.37499999999994 23.448826475158782 23.04272014501274
425.875 23.44543659725648 23.039800929671188
426.375 23.442062472084956 23.036907932837888
426.87499999999994 23.438726260010707 23.03401039490162
427.375 23.43538273152223 23.031128777702907
427.875 23.432066314568416 23.028265636817338
428.37499999999994 23.428767608783495 23.025387069008968
428.875 23.425468447081062 23.022544972893083
429.375 23.42220615136536 23.01971088501788
429.87499999999994 23.418937218733568 23.016874344910995
430.375 23.415715837090453 23.014058100391598
430.875 23.412489779999895 23.011255230556426
431.37499999999994 23.40927359156087 23.008462358459433
431.875 23.40611161196683 23.005679090166126
432.375 23.402940537634077 23.002916006097603
432.87499999999994 23.39978489833866 23.00016000294425
433.375 23.39664507666946 22.997413314715978
433.875 23.393535468771354 22.994683567682344
434.37499999999994 23.39044599472452 22.991971231538095
434.875 23.387373721190443 22.989265183903438
435.375 23.384327410831418 22.98657524436669
435.87499999999994 23.381290579878353 22.98389619606035
436.375 23.378280892496246 22.98123900026669
436.875 23.375282542361514 22.978571540652382
437.37499999999994 23.372283645941057 22.975935211950453
437.875 23.36930692159253 22.973285924133016
438.375 23.366328635677437 22.97065789486071
438.87499999999994 23.36336469856725 22.968018146680535
439.375 23.360395753967612 22.96539471287851
439.875 23.35745938568211 22.962777394726537
440.37499999999994 23.354506920307117 22.9601666523237
440.875 23.351567452017786 22.957563593129233
441.375 23.348643394739735 22.95497009172823
441.87499999999994 23.345732232445123 22.952373124842445
442.375 23.34281809746626 22.94979236601042
442.875 23.33992351013444 22.947198242500406
443.37499999999994 23.33703558163451 22.94463418198245
443.875 23.33416293139105 22.942069118455475
444.375 23.331289886800874 22.939519666032485
444.87499999999994 23.3284256650165 22.936969894142422
445.375 23.325579042613253 22.934419486539504
445.875 23.322754921000914 22.93188542886992
446.37499999999994 23.3199310491215 22.92935185644984
446.875 23.317103050737387 22.926831738748554
447.375 23.314298070945874 22.92431585619284
447.87499999999994 23.31150139611382 22.921811424526936
448.375 23.308717969855056 22.91932063013796
448.875 23.305933033305315 22.916825952804537
449.37499999999994 23.30316903635986 22.914342077412613
449.875 23.30042647042405 22.911866703820696
450.375 23.29768867960443 22.909407718563266
450.87499999999994 23.29495418161779 22.90694409600587
451.375 23.292247460350467 22.904491862980258
451.875 23.28954322096901 22.90205644125544
452.37499999999994 23.286850215826334 22.899623039460096
452.875 23.284162104594827 22.897200444569876
453.375 23.281493739854984 22.894790673911217
453.87499999999994 23.278849217321287 22.892374828136713
454.375 23.276195256775548 22.889982862531646
454.875 23.273568272785674 22.887585578733457
455.37499999999994 23.270955983407514 22.885210476138433
455.875 23.26833787556387 22.882834249218607
456.375 23.265750720814054 22.880487621206996
456.87499999999994 23.26317410062881 22.8781195176332
457.375 23.260612906409584 22.8757832961837
457.875 23.25805370482228 22.87345320051663
458.37499999999994 23.255519010944923 22.871119619865805
458.875 23.252984438173513 22.868801172258053
459.375 23.25047868752932 22.866501142953236
459.87499999999994 23.24797877001155 22.864206855378487
460.375 23.24549144315838 22.861913712966263
460.875 23.243020876789295 22.85964593516986
461.37499999999994 23.240551430960906 22.857376568836898
461.875 23.238123337658966 22.855116494741775
462.375 23.235684922592036 22.852872523642347
462.87499999999994 23.233274022942357 22.85064340676211
463.375 23.23087052163446 22.848411034487025
463.875 23.228497347946192 22.846194162829544
464.37499999999994 23.226125312099878 22.843990926039144
464.875 23.22377796905043 22.841797782746912
465.375 23.221428271182383 22.83960585533557
465.87499999999994 23.219103259381665 22.837435591638453
466.375 23.21678823540192 22.835269768486608
466.875 23.214504789087805 22.83311865769602
467.37499999999994 23.212208123291774 22.830972136085357
467.875 23.209954361271873 22.82884418880782
468.375 23.20770106818734 22.826724317099334
468.87499999999994 23.20546514806483 22.824606361923863
469.375 23.203236543950688 22.822499977117026
469.875 23.201024915593116 22.820411949291483
470.37499999999994 23.19881856848431 22.818322287924417
470.875 23.1966381957759 22.816236332720514
471.375 23.1944515412587 22.814176777130804
471.87499999999994 23.192272858306534 22.81210206009721
472.375 23.19011278900623 22.810045587770787
472.875 23.187970447985045 22.807992679690624
473.37499999999994 23.185830373751458 22.80595656487315
473.875 23.183709502315484 22.8039216182722
474.375 23.181587169019643 22.80189616475631
474.87499999999994 23.179477195934123 22.79987911754917
475.375 23.177392509564854 22.797867206730828
475.875 23.17530382650113 22.795870580465092
476.37499999999994 23.173222440247685 22.793874312289834
476.875 23.171161924621885 22.791885398781897
477.375 23.16911461309882 22.789899027498603
477.87499999999994 23.16706790674711 22.78793027045349
478.375 23.165035196630342 22.78596671653448
478.875 23.163017989747665 22.784007658406654
479.37499999999994 23.160993365766064 22.782059751806678
479.875 23.15900505143776 22.78011566619639
480.375 23.15700018017495 22.778183624752785
480.87499999999994 23.1550348961828 22.776260303976645
481.375 23.153070734080305 22.774335925046106
481.875 23.15110121643938 22.77243051527217
482.37499999999994 23.14916096046521 22.77052588142404
482.875 23.1472179922026 22.768623697975144
483.375 23.14528864140524 22.766737532163887
483.87499999999994 23.143375674184135 22.76484690279726
484.375 23.14145850087857 22.76297965763839
484.875 23.139565988988736 22.761111192102423
485.375 23.137678754343295 22.759247011631828
485.875 23.135795613091883 22.75739819890543
486.375 23.133932551504756 22.75554646684168
486.875 23.132080784621756 22.753709021622278
487.375 23.130226210946322 22.751877540655826
487.875 23.12840120695466 22.750058941994947
488.375 23.12657711629164 22.748245987702784
488.875 23.124751584125356 22.74642966394781
489.375 23.122951628745476 22.74463107172849
489.875 23.121149649186655 22.74284302916941
490.375 23.119365808345258 22.741052266516732
490.875 23.11758862337086 22.739262895988528
491.375 23.11583384554067 22.737493226138294
491.875 23.114068647356714 22.735727648319653
492.375 23.112326323654003 22.733978211674213
492.875 23.110589488442894 22.732218136842345
493.375 23.10886766840076 22.730476840880947
493.875 23.10715309588094 22.728736610996258
494.375 23.105449339887496 22.727004898552657
494.875 23.103759690709957 22.725282348703544
495.375 23.102077620477917 22.723572336568473
495.875 23.100393662026185 22.721858607556534
496.375 23.098732463157397 22.720154549002668
496.875 23.09707623773121 22.718459907368338
497.375 23.095425288909812 22.716773377901024
497.875 23.09378621535771 22.715088014543777
498.375 23.09217370678749 22.71341072708484
498.875 23.090560781155478 22.711746950659727
499.375 23.088954632119037 22.71009151387647
499.875 23.087361832848888 22.708435311076634
500.375 23.085765976186053 22.70679003158299
500.875 23.084194538901606 22.705161402091733
501.375 23.08262370118047 22.703522822353065
501.875 23.081059121433903 22.701895978523456
502.375 23.079507730859255 22.70027212862295
502.875 23.077964883716476 22.698656775592376
503.375 23.076433384165625 22.697050650957472
503.875 23.074903231880416 22.695441798055242
504.375 23.073390523389033 22.6938410165646
504.875 23.071874877809275 22.692249684994096
505.375 23.070370781017612 22.690675773836006
505.875 23.068882790503263 22.689093848893464
506.375 23.067400302716223 22.68751712500032
506.875 23.06592063834732 22.685952580210305
507.375 23.06445167266315 22.684393081884515
507.875 23.062999681597493 22.682838784715305
508.375 23.061548692488483 22.681289842565846
508.875 23.06010834172824 22.67974630446329
509.375 23.058673170088536 22.678209658097103
509.875 23.057246475473594 22.676682195721867
510.375 23.055819993797467 22.675154483279876
510.875 23.05442503450945 22.673634608913762
511.375 23.053020440695704 22.672121766345782
511.875 23.05163229091704 22.67062184698043
512.375 23.050244595670705 22.66911296135968
512.875 23.048874091888294 22.66762194510893
513.375 23.047505040036636 22.666134795021158
513.875 23.046143124880413 22.664660997436133
514.375 23.04479636973504 22.66318134742705
514.875 23.04345990620936 22.661708942890986
515.375 23.042133324420604 22.66024608581017
515.875 23.04080586687146 22.658793618324985
516.375 23.039488646267444 22.65733917420484
516.875 23.03818669903569 22.655896236684544
517.375 23.036888000710796 22.65445385237024
517.875 23.035602890702332 22.65302214968553
518.375 23.034327469329096 22.6515944396552
518.875 23.033044709515423 22.650176734768127
519.375 23.031796974282813 22.64876143585786
519.875 23.03053703111317 22.64735058677001
520.375 23.029288842086842 22.645955829778824
520.875 23.028053520555712 22.644558113601594
521.375 23.02682830283729 22.643168614939487
521.875 23.025603413765534 22.641782801618984
522.375 23.024397838402564 22.64040566832985
522.875 23.023196952960895 22.63903287196107
523.375 23.02200223356853 22.637664012513298
523.875 23.02081876442176 22.636307209615122
524.375 23.019643561861418 22.63495170712809
524.875 23.01847190712373 22.63360484068443
525.375 23.017318365527373 22.632269694715546
525.875 23.016178479778592 22.630925953762464
526.375 23.01503225751132 22.6296145842343
526.875 23.01389543620254 22.62828407401257
527.375 23.012786759495366 22.62697130486724
527.875 23.01166773467078 22.625658247247856
528.375 23.010562007876967 22.62435279530775
528.875 23.009462582996377 22.623057257533453
529.375 23.00837985870768 22.621761245538675
529.875 23.007310518255263 22.62047975849784
530.375 23.00623804144546 22.619199963035477
530.875 23.005181510974676 22.617925965879945
531.375 23.004124699796424 22.61665892892285
531.875 23.003081141897876 22.61539867355878
532.375 23.002049896655148 22.614133857703532
532.875 23.00102498038404 22.61289127141698
533.375 23.000017872936823 22.61165524661891
533.875 22.999008626780103 22.610421265110077
534.375 22.99800037523884 22.609178733654666
534.875 22.99701794579054 22.607958897367745
535.375 22.996035889243927 22.606748404414677
535.875 22.995062640060464 22.605535833655864
536.375 22.9941076764073 22.604331276436632
536.875 22.99314952241783 22.60313163554096
537.375 22.992203800394947 22.6019368832158
537.875 22.99126764424362 22.600742708236126
538.375 22.99034084180439 22.599567592556316
538.875 22.98941507433942 22.598386905124407
539.375 22.988506343554718 22.597215783940293
539.875 22.987597565862497 22.596045196991227
