FastTrWP/PhaseSpace/IAs/snIa_0.36_30.00_1.62_0.04.csv
# %ECSV 0.9
# ---
# datatype:
# - {name: time-rel, datatype: float64}
# - {name: g, datatype: float64}
# - {name: i, datatype: float64}
# schema: astropy-2.0
time-rel g i
[from data line 2017]
1160.4166666666667 24.097207684179544 22.92963840851927
1160.9166666666667 24.09915243121788 22.93049303893026
1161.4166666666667 24.101102197709032 22.931351658458055
1161.9166666666667 24.10304620299245 22.932194394912464
1162.4166666666667 24.105000881404255 22.933050533195726
1162.9166666666667 24.106926365709352 22.933906804166394
1163.4166666666667 24.108882656791167 22.934745396713538
1163.9166666666667 24.110830941175124 22.935590468691455
1164.4166666666667 24.11278009434603 22.936437445215027
1164.9166666666667 24.11471999260039 22.937279061383506
1165.4166666666667 24.11666839483891 22.938123141786914
1165.9166666666667 24.11860205105729 22.93896163445005
1166.4166666666667 24.120548137873694 22.939797541584603
1166.9166666666667 24.122485550407745 22.940633738909778
1167.4166666666667 24.12443765577268 22.94147473141099
1167.9166666666667 24.126390604580635 22.942298531470065
1168.4166666666667 24.12832520058921 22.9431203412869
1168.9166666666667 24.130268129743943 22.943947419880534
1169.4166666666667 24.13221109840006 22.944772080063697
1169.9166666666667 24.134167991613275 22.945605207445354
1170.4166666666667 24.136088387264593 22.946418672240817
1170.9166666666667 24.13803395029676 22.94723474439966
1171.4166666666667 24.139985290757558 22.94805436737386
1171.9166666666667 24.1419301671716 22.948863434181035
1172.4166666666667 24.143851678350813 22.949674799684097
1172.9166666666667 24.145796983707054 22.95048607506589
1173.4166666666667 24.147714189857545 22.951295449601506
1173.9166666666667 24.149677338562817 22.952105155335897
1174.4166666666667 24.15161550850421 22.952897217234064
1174.9166666666667 24.153533636825742 22.953705117633323
1175.4166666666667 24.15547120461722 22.954512965298047
1175.9166666666667 24.15740966850948 22.95529572884385
1176.4166666666667 24.15934289497357 22.95610219604205
1176.9166666666667 24.16127108565221 22.956899292143056
1177.4166666666667 24.163206868010946 22.957684420653845
1177.9166666666667 24.165139239689065 22.958467031390125
1178.4166666666667 24.16706206453144 22.95926061653857
1178.9166666666667 24.16900269839317 22.960045162445137
1179.4166666666667 24.170912043780902 22.960818577548146
1179.9166666666667 24.172856534170965 22.961593699256277
1180.4166666666667 24.174780671732332 22.96237330031399
1180.9166666666667 24.176716456115493 22.96315214891028
1181.4166666666667 24.178630673668135 22.96392993257935
1181.9166666666667 24.18056095317217 22.964703065682297
1182.4166666666667 24.18247142533236 22.965454680255988
1182.9166666666667 24.184399787128573 22.966224536937524
1183.4166666666667 24.18631802996151 22.966993503766382
1183.9166666666667 24.188228875990866 22.96774844860456
1184.4166666666667 24.19016381928865 22.96850544982822
1184.9166666666667 24.192072378792115 22.96926879210939
1185.4166666666667 24.193996421769178 22.970014468330827
1185.9166666666667 24.195912961454184 22.970770026541647
1186.4166666666667 24.197816794933548 22.971528010180965
1186.9166666666667 24.199753815952523 22.972270888047433
1187.4166666666667 24.201647133627453 22.97300944622598
1187.9166666666667 24.20357580036822 22.973756973984578
1188.4166666666667 24.205484588823026 22.97450391850306
1188.9166666666667 24.20739377724138 22.975241400570077
1189.4166666666667 24.20932429384118 22.97597915360267
1189.9166666666667 24.211226409030413 22.976720676030062
1190.4166666666667 24.213136252857403 22.977446661120553
1190.9166666666667 24.215056528699538 22.978183965978314
1191.4166666666667 24.216955478487343 22.978904889840877
1191.9166666666667 24.218883438984786 22.979634648426817
1192.4166666666667 24.220777222268516 22.980362960330783
1192.9166666666667 24.22269295880234 22.981081129653838
1193.4166666666667 24.224587761709916 22.981808956376074
1193.9166666666667 24.226505591516062 22.98251609015901
1194.4166666666667 24.228405873471182 22.98323636393361
1194.9166666666667 24.230311901831953 22.983952178585824
1195.4166666666667 24.232194749583698 22.984655876352605
1195.9166666666667 24.23410927958876 22.985360476344148
1196.4166666666667 24.236011017881754 22.986067099374953
1196.9166666666667 24.23790690032877 22.986769113429887
1197.4166666666667 24.239812917915625 22.98747502577886
1197.9166666666667 24.2416913180695 22.988175785530043
1198.4166666666667 24.243611625646594 22.98887020194843
1198.9166666666667 24.245500095338073 22.989564489911697
1199.4166666666667 24.24738957672025 22.99025266616077
1199.9166666666667 24.249287908991633 22.99093686588574
1200.4166666666667 24.2511632351431 22.99162573028411
1200.9166666666667 24.25305343068522 22.992320546625272
1201.4166666666667 24.25494923787664 22.993000325239837
1201.9166666666667 24.256819106729264 22.993675167822495
1202.4166666666667 24.25868795568978 22.994351457500038
1202.9166666666667 24.260584085139882 22.995016889604578
1203.4166666666667 24.262456509554426 22.995684616812
1203.9166666666667 24.264344321575408 22.996356219575244
1204.4166666666667 24.266221156166047 22.997024547142615
1204.9166666666667 24.268094475307073 22.997688152863915
1205.4166666666667 24.269971508336422 22.998350162470786
1205.9166666666667 24.271831397260122 22.999010232812967
1206.4166666666667 24.27370681253602 22.999661687493685
1206.9166666666667 24.27557815331662 23.00031068682373
1207.4166666666667 24.277439201622798 23.000958420841535
1207.9166666666667 24.279302440224594 23.001606194847042
1208.4166666666667 24.28116339208893 23.002246166510112
1208.9166666666667 24.2830190362086 23.002892948265735
1209.4166666666667 24.28486836098877 23.003533508518586
1209.9166666666667 24.286737125382235 23.004164889385713
1210.4166666666667 24.288579310005428 23.004789245628203
1210.9166666666667 24.29043774141268 23.00541832238839
1211.4166666666667 24.292268779969465 23.00604857389564
1211.9166666666667 24.294119323697206 23.006678803021305
1212.4166666666667 24.295978508185428 23.00729426413546
1212.9166666666667 24.29783641148546 23.00790808109084
1213.4166666666667 24.29967300696251 23.00852847093382
1213.9166666666667 24.301487269527613 23.009131996053487
1214.4166666666667 24.30332935984024 23.009745965595428
1214.9166666666667 24.305183622540962 23.01035325638978
1215.4166666666667 24.306976729350353 23.01094813086245
1215.9166666666667 24.30884210424704 23.011553573168513
1216.4166666666667 24.310613993286996 23.01214024226128
1216.9166666666667 24.312475472216978 23.012734153803205
1217.4166666666667 24.314272184187644 23.013324234461056
1217.9166666666667 24.316092535101205 23.01391292146105
1218.4166666666667 24.31789544189042 23.014476713315915
1218.9166666666667 24.31970291893537 23.015058026164642
1219.4166666666667 24.321486371836084 23.015631889104398
1219.9166666666667 24.323283081578637 23.016195140231698
1220.4166666666667 24.325079611328363 23.016753192923215
1220.9166666666667 24.326857337253283 23.01730863559642
1221.4166666666667 24.328655132788196 23.01786875832682
1221.9166666666667 24.330435652528244 23.018420132848036
1222.4166666666667 24.33220828574949 23.01896833078989
1222.9166666666667 24.333997840128212 23.019503719314752
1223.4166666666667 24.33577187016329 23.020039421541036
1223.9166666666667 24.337519701486325 23.020571797660892
1224.4166666666667 24.33929376785221 23.021120592244753
1224.9166666666667 24.341048022048597 23.021643193177468
1225.4166666666667 24.342799001940673 23.022179713645315
1225.9166666666667 24.344578434565246 23.022694097020405
1226.4166666666667 24.346326780448525 23.023213592490606
1226.9166666666667 24.348090293896462 23.023722242153504
1227.4166666666667 24.349810279648768 23.024244953609887
1227.9166666666667 24.351562849214417 23.024747207242022
1228.4166666666667 24.35331354435611 23.025260129642433
1228.9166666666667 24.35504965015464 23.02576553375947
1229.4166666666667 24.35678660901734 23.026274477794505
1229.9166666666667 24.358531760236858 23.026780477837804
1230.4166666666667 24.360276609053948 23.027272912925618
1230.9166666666667 24.361992598123038 23.02777808167768
1231.4166666666667 24.363728091070136 23.028264695413405
1231.9166666666667 24.36545844344131 23.028756869316297
1232.4166666666667 24.367187132903783 23.02924991984934
1232.9166666666667 24.368908532184147 23.02972867378264
1233.4166666666667 24.37063780900282 23.030218546660876
1233.9166666666667 24.37235554534076 23.03070410995575
1234.4166666666667 24.374084689285528 23.03118180065897
1234.9166666666667 24.375801147393048 23.031660918177014
1235.4166666666667 24.3775340568259 23.032138274894834
1235.9166666666667 24.379245198161765 23.032625755121465
1236.4166666666667 24.38096327333771 23.03309450081654
1236.9166666666667 24.38267958045548 23.03356756245869
1237.4166666666667 24.384398731824387 23.034045173731478
1237.9166666666667 24.386118236926777 23.034519591405513
1238.4166666666667 24.387855818792158 23.03498982614462
1238.9166666666667 24.38954820841259 23.035454684160133
1239.4166666666667 24.39127584712839 23.035930683759865
1239.9166666666667 24.39299183889085 23.03638395832193
1240.4166666666667 24.394696087762494 23.03685486183243
1240.9166666666667 24.396418775081308 23.037320996491015
1241.4166666666667 24.39813355211069 23.03779065208422
1241.9166666666667 24.399862052021618 23.03826141336676
1242.4166666666667 24.40156973225684 23.038718477365805
1242.9166666666667 24.40329016027708 23.039181450248492
1243.4166666666667 24.40501051253763 23.039639640290346
1243.9166666666667 24.40672739073221 23.040112660057805
1244.4166666666667 24.40845630130809 23.040570668853157
1244.9166666666667 24.410161909665234 23.041038379642295
1245.4166666666667 24.41187571670513 23.041496722197788
1245.9166666666667 24.413619009350903 23.041963708793997
1246.4166666666667 24.415327964677513 23.042423655975277
1246.9166666666667 24.417065937727052 23.042894306006197
1247.4166666666667 24.418781959736634 23.043348524144207
1247.9166666666667 24.42050986872181 23.043819283817832
1248.4166666666667 24.422248934556578 23.044280499710933
1248.9166666666667 24.42397441162111 23.044746428669725
1249.4166666666667 24.42570381971978 23.045203159931607
1249.9166666666667 24.427426004941935 23.045664627584536
1250.4166666666667 24.429138831995637 23.046123706050334
1250.9166666666667 24.43087363693973 23.046570438119367
1251.4166666666667 24.432580884404143 23.047035186648543
1251.9166666666667 24.43431181640897 23.047475113849828
1252.4166666666667 24.436027812897837 23.047921399426066
1252.9166666666667 24.437732285449773 23.04836193126121
1253.4166666666667 24.439469717646304 23.048802007714876
1253.9166666666667 24.4411644508546 23.04925240274592
1254.4166666666667 24.442876062353626 23.049687750785544
1254.9166666666667 24.444582645419565 23.050127040328697
1255.4166666666667 24.44628825723334 23.05055853880819
1255.9166666666667 24.447990880011666 23.050997252374955
1256.4166666666667 24.44970782945606 23.05143205054376
1256.9166666666667 24.451404831457268 23.051863733468394
1257.4166666666667 24.4531204034553 23.0522864994633
1257.9166666666667 24.454809211820074 23.05271565646269
1258.4166666666667 24.4565032725059 23.053151924377172
1258.9166666666667 24.45820716010597 23.05357086951836
1259.4166666666667 24.45990787674865 23.05399642784063
1259.9166666666667 24.461617563555752 23.054418517610227
1260.4166666666667 24.463292821823654 23.05483691395803
1260.9166666666667 24.465003125235864 23.05526643157352
1261.4166666666667 24.466705296971774 23.055683656361804
1261.9166666666667 24.468401573095647 23.056098585897754
1262.4166666666667 24.47007986519609 23.056512387335324
1262.9166666666667 24.471785061059084 23.056931161715678
1263.4166666666667 24.473468348546945 23.057350887735467
1263.9166666666667 24.47516078144137 23.057775396072078
1264.4166666666667 24.47685380894582 23.058176416640382
1264.9166666666667 24.478552602997073 23.058593711230042
1265.4166666666667 24.480261028893025 23.05900505533257
1265.9166666666667 24.481941166255346 23.05941614474165
1266.4166666666667 24.48365277744967 23.059828276865503
1266.9166666666667 24.48531436816804 23.060239817448544
1267.4166666666667 24.487016883954183 23.06064769734032
1267.9166666666667 24.488725596846518 23.061055743554117
1268.4166666666667 24.49042379182128 23.061467544042525
1268.9166666666667 24.492113614454205 23.06187308953621
1269.4166666666667 24.493817312835056 23.062277098069984
1269.9166666666667 24.495507320793966 23.06270050629444
1270.4166666666667 24.497183688735795 23.06310076618378
1270.9166666666667 24.49890107637962 23.063517856698603
1271.4166666666667 24.50061297104461 23.06392867535187
1271.9166666666667 24.50229330951473 23.06432380751592
1272.4166666666667 24.503976966682547 23.06473484874768
1272.9166666666667 24.505691385286728 23.065145306237493
1273.4166666666667 24.507412796521507 23.065556676997296
1273.9166666666667 24.509102399985785 23.06596427832932
1274.4166666666667 24.510815428916715 23.066381331072854
1274.9166666666667 24.51251998657067 23.066788909627356
1275.4166666666667 24.51423670868024 23.06719933737574
1275.9166666666667 24.515924210386366 23.067609871333175
1276.4166666666667 24.517660526703644 23.06802434427473
1276.9166666666667 24.519350759670594 23.068427192624185
1277.4166666666667 24.521074361197318 23.068843845000583
1277.9166666666667 24.522806957959205 23.069254673937294
1278.4166666666667 24.52452647327293 23.069675632476432
1278.9166666666667 24.526236422335007 23.070094946824263
1279.4166666666667 24.527963757113476 23.070506648729143
1279.9166666666667 24.529669729573502 23.070924777446745
1280.4166666666667 24.53140396014185 23.071347565109832
1280.9166666666667 24.533139226720063 23.071759221274384
1281.4166666666667 24.534860312052707 23.072178787588072
1281.9166666666667 24.536613771683463 23.072606057093825
1282.4166666666667 24.538325517121685 23.073023337632904
1282.9166666666667 24.540072078183933 23.073444260436638
1283.4166666666667 24.541808548627596 23.073864025540807
1283.9166666666667 24.54354004042831 23.074277216444308
1284.4166666666667 24.545271092494822 23.07470987593782
1284.9166666666667 24.5470273572943 23.07512832602456
1285.4166666666667 24.548744158307038 23.07555054414856
1285.9166666666667 24.55049861838136 23.07596675898011
1286.4166666666667 24.552231300553323 23.076385438295812
1286.9166666666667 24.553980713599422 23.076797660745456
1287.4166666666667 24.555717580571965 23.077223685817074
1287.9166666666667 24.557462784556595 23.07763829200654
1288.4166666666667 24.55920917469062 23.07806138566072
1288.9166666666667 24.560947532788155 23.078478618840276
1289.4166666666667 24.56270601070965 23.078904211442726
1289.9166666666667 24.564449472073072 23.079321942573046
1290.4166666666667 24.566192693161376 23.079741180766753
1290.9166666666667 24.567956783430436 23.08015410395928
1291.4166666666667 24.56969317772407 23.080573610694287
1291.9166666666667 24.571443614719964 23.080993526671023
1292.4166666666667 24.573197792370497 23.081427278067494
1292.9166666666667 24.574953212691444 23.08183890721585
1293.4166666666667 24.57670282593799 23.08224895219859
1293.9166666666667 24.578457146048223 23.082673947916
1294.4166666666667 24.580197328046793 23.083088393767277
1294.9166666666667 24.5819587255893 23.083513309009472
1295.4166666666667 24.583730059512988 23.083931986106705
1295.9166666666667 24.585477016748282 23.084346945885834
1296.4166666666667 24.58723218788075 23.084767990754102
1296.9166666666667 24.58898963529609 23.085181959375657
1297.4166666666667 24.590750762960543 23.085604115289314
1297.9166666666667 24.592519183973785 23.086013771079088
1298.4166666666667 24.59424986884384 23.086423831116104
1298.9166666666667 24.59601271513594 23.086850833067587
1299.4166666666667 24.597775273269633 23.08727631778512
1299.9166666666667 24.59952541439971 23.087681461201402
1300.4166666666667 24.60128533787088 23.088112367545143
1300.9166666666667 24.60304359498149 23.088512380011558
1301.4166666666667 24.604817230578853 23.08893729059487
1301.9166666666667 24.606588131134664 23.08934657749884
