FastTrWP/PhaseSpace/IAs/snIa_0.44_30.00_0.35_-0.04.csv
# %ECSV 0.9
# ---
# datatype:
# - {name: time-rel, datatype: float64}
# - {name: g, datatype: float64}
# - {name: i, datatype: float64}
# schema: astropy-2.0
time-rel g i
[from data line 363]
-235.0 23.901449382450167 23.292782081300494
-234.5 23.897781523511075 23.289914974479604
-234.0 23.894118207486564 23.287035991168924
-233.5 23.89044658397416 23.28417536291483
-233.0 23.886799174732595 23.281318729039235
-232.5 23.883153826741403 23.278466682966613
-232.0 23.879505523167424 23.275606015913954
-231.5 23.87589288364201 23.272763115283382
-231.00000000000006 23.872262201450567 23.269928693048854
-230.5 23.868661184050985 23.267084619837792
-230.0 23.865035860106623 23.264263424411027
-229.50000000000006 23.861449821882164 23.261425940720418
-229.0 23.85785787836754 23.258614831617894
-228.5 23.854268419534318 23.25579324868793
-228.00000000000006 23.85068474787311 23.252985344065795
-227.5 23.847114293702944 23.250176560280934
-227.0 23.84356188940661 23.247373706406908
-226.50000000000006 23.8399998441612 23.2445718997186
-226.0 23.836453754516754 23.24177684638977
-225.5 23.832903883101693 23.23898836565709
-225.00000000000006 23.829373886251084 23.236204135537704
-224.5 23.825849050758727 23.233426747766472
-224.0 23.822323539752578 23.230657067012217
-223.50000000000006 23.81880026719618 23.227877932834527
-223.0 23.815288027380156 23.22511294241735
-222.5 23.811787041723772 23.22235048795225
-222.00000000000006 23.808296996639783 23.21958490215168
-221.5 23.804811283748247 23.216837479588897
-221.0 23.801339088311416 23.214089483537215
-220.50000000000006 23.797863710291146 23.211347295996863
-220.0 23.794386581892397 23.208586748503677
-219.5 23.79093151323857 23.205853402567485
-219.00000000000006 23.787470325160186 23.203124009080117
-218.5 23.784005820106337 23.200394444384173
-218.0 23.780571395006366 23.19766409683858
-217.50000000000006 23.777143411665524 23.19494785769578
-217.0 23.773696958130724 23.19222731770377
-216.5 23.770283872155026 23.18951627027657
-216.00000000000006 23.766848745366694 23.186804901957856
-215.5 23.763434069768593 23.184099248285403
-215.0 23.760031807467886 23.1814024701411
-214.50000000000006 23.75662711319773 23.17869311092597
-214.0 23.753233067664503 23.175993886387086
-213.5 23.749858410368297 23.173307998481217
-213.00000000000006 23.74645505207926 23.170623498812223
-212.5 23.743088380682988 23.167933783409225
-212.0 23.739706852517696 23.165256788048282
-211.50000000000006 23.736332957317615 23.16257664203564
-211.0 23.73297472708492 23.15990954777158
-210.5 23.729626640070883 23.157246510822958
-210.00000000000006 23.72626913606057 23.15457789036586
-209.5 23.722928754068136 23.151917279673924
-209.0 23.71957598681176 23.149257037114644
-208.50000000000006 23.71625735069385 23.146605067796568
-208.0 23.712920834373246 23.143940729603045
-207.5 23.70960259528982 23.14130525803384
-207.00000000000006 23.706293701897728 23.138655779829026
-206.5 23.702967421593698 23.136006625435044
-206.0 23.69965696736926 23.133375286296285
-205.50000000000006 23.696348419845968 23.130738150805175
-205.0 23.693042282305985 23.128098303060334
-204.5 23.68972606027301 23.125451954510574
-204.00000000000006 23.686407496279696 23.122811903631902
-203.5 23.683084502550624 23.120174428572042
-203.0 23.67977050837217 23.11754053696599
-202.50000000000006 23.676454713664448 23.114885479740327
-202.0 23.673126088044146 23.112258552806892
-201.5 23.66981207567847 23.109616462815215
-201.00000000000006 23.66648993452225 23.1069823537168
-200.5 23.663177403677594 23.10434791424598
-200.0 23.65985855036549 23.101712592032662
-199.50000000000006 23.656538034077844 23.099089145047948
-199.0 23.653228434543333 23.09645370600659
-198.5 23.64992407353484 23.093817422729597
-198.00000000000006 23.646619352733044 23.09119983559475
-197.5 23.643310149268597 23.08857310146731
-197.0 23.640013872127255 23.085960943778513
-196.50000000000006 23.636725681837163 23.083332081594907
-196.0 23.63343350464541 23.08072152855019
-195.5 23.63014867415857 23.07811653265777
-195.00000000000006 23.626863176930755 23.07550454220742
-194.5 23.623590736272394 23.072896232947482
-194.0 23.620336658579227 23.07030003027437
-193.50000000000006 23.617066380344195 23.06769983541195
-193.0 23.613820415905607 23.06510997518678
-192.5 23.610564752973993 23.062527929329715
-192.00000000000006 23.60731482873725 23.059946119486266
-191.5 23.604089447649372 23.057366759910277
-191.0 23.60086919680272 23.054795113701193
-190.50000000000006 23.597643756203084 23.05223076663698
-190.0 23.594440219638393 23.049657835475905
-189.5 23.591240511271096 23.047104476744668
-189.00000000000006 23.588067062437716 23.044553369437857
-188.5 23.584873865930078 23.041996260880016
-188.0 23.581705977692526 23.039463093016288
-187.50000000000006 23.578548460090882 23.036927062596536
-187.0 23.575397519239285 23.034390913059177
-186.5 23.572247287568704 23.031875645720383
-186.00000000000006 23.56912802277177 23.029364143459816
-185.5 23.566006829999434 23.02683852393607
-185.0 23.562901858161958 23.024347020951357
-184.50000000000006 23.559817625447902 23.021854924057212
-184.0 23.556734893782334 23.0193568918436
-183.5 23.553649142756083 23.01687395246827
-183.00000000000006 23.550599064507757 23.014405280294564
-182.5 23.547547495692353 23.011935292796203
-182.0 23.544518887174593 23.00947386316124
-181.50000000000006 23.541494064062498 23.007018981275635
-181.0 23.53849748756717 23.004576488567054
-180.5 23.535487508683275 23.002136844119
-180.00000000000006 23.532520021652218 22.999713053744685
-179.5 23.529565325265477 22.99728733315964
-179.0 23.5266035618112 22.99488163006584
-178.50000000000006 23.523669062713775 22.992470258691245
-178.0 23.520754536073575 22.990074659876235
-177.5 23.517840362100642 22.987693647674263
-177.00000000000006 23.51496176709571 22.985306121540113
-176.5 23.51209552258247 22.982942526742573
-176.0 23.509229335943278 22.98058313045647
-175.50000000000006 23.506386724945017 22.978236044564966
-175.0 23.503559529106788 22.97589719705107
-174.5 23.50075802912158 22.973563163095854
-174.00000000000006 23.497953518850153 22.971245420095844
-173.5 23.495171545623784 22.96893086871507
-173.0 23.492427324014287 22.966626536849336
-172.50000000000006 23.48969059478536 22.964329949761687
-172.0 23.486968526010386 22.962046956531825
-171.5 23.484247012597148 22.959784856167392
-171.00000000000006 23.48154589764 22.957510615892893
-170.5 23.478850873051083 22.95524158361255
-170.0 23.47616980811243 22.952984812073495
-169.50000000000006 23.473488666502003 22.950735329035602
-169.0 23.470814301263786 22.948482683664018
-168.5 23.468152529327774 22.94623983389453
-168.00000000000006 23.4654846402141 22.94399657167847
-167.5 23.462833307639542 22.941753380766173
-167.0 23.460192466669962 22.939523236493223
-166.50000000000006 23.457560459715197 22.93729255227539
-166.0 23.454920289255124 22.93507483068897
-165.5 23.452308319730296 22.932857275041126
-165.00000000000006 23.449692499910256 22.93064758000755
-164.5 23.447086096584364 22.928441160418448
-164.0 23.44450338455541 22.926237049017466
-163.50000000000006 23.4419166592425 22.924042086797336
-163.0 23.43933358444714 22.92185439850753
-162.5 23.436764154932497 22.919666352164533
-162.00000000000006 23.43420027983449 22.91748615534697
-161.5 23.43163858435937 22.91531764374048
-161.0 23.42911666674629 22.913148544833266
-160.50000000000006 23.426575923088727 22.91099169863842
-160.0 23.424054797485695 22.908829255447188
-159.5 23.421542178696452 22.906689432576385
-159.00000000000006 23.419027484379427 22.904533569474307
-158.5 23.416536087588046 22.90238920708304
-158.0 23.41404534929223 22.900261054412706
-157.50000000000006 23.411583996567597 22.89814002326083
-157.0 23.409110758519457 22.896022598668647
-156.5 23.40665710374595 22.893897143969454
-156.00000000000006 23.404223202528232 22.891786286116105
-155.5 23.40177815216999 22.889694119199888
-155.0 23.399342107439157 22.887595536345305
-154.50000000000006 23.396943397277475 22.885507879168273
-154.0 23.39454209429683 22.883420772332016
-153.5 23.392134381987326 22.881351278465335
-153.00000000000006 23.389758878998283 22.879271471284977
-152.5 23.387395863578572 22.877213466759272
-152.0 23.38503290319459 22.875160658756585
-151.50000000000006 23.3826791411941 22.87310680438701
-151.0 23.38034849334212 22.871069352652704
-150.5 23.378009659221085 22.869027801219517
-150.00000000000006 23.375701621665115 22.867002982240816
-149.5 23.373404772568193 22.864978620492067
-149.0 23.371116636448434 22.862956104319988
-148.50000000000006 23.36882665897809 22.860954468771556
-148.0 23.36656341022161 22.858955545699704
-147.5 23.364301492650583 22.856963872683554
-147.00000000000006 23.362061275689264 22.85496809390613
-146.5 23.359824689481293 22.85299382458159
-146.0 23.357606825266856 22.851020875935333
-145.50000000000006 23.35538975905122 22.849055796331534
-145.0 23.353204460389225 22.847101162007636
-144.5 23.3510248192959 22.845153999922836
-144.00000000000006 23.348837590285893 22.8432056577747
-143.5 23.3466861466753 22.84127291565868
-143.0 23.344553660591817 22.83934539554263
-142.50000000000006 23.34240595639192 22.837419132459424
-142.0 23.34027683238974 22.835510043661493
-141.5 23.338181685562283 22.83360123405309
-141.00000000000006 23.336091637518784 22.83170290273995
-140.5 23.334013302259066 22.829814954599485
-140.0 23.331937645876913 22.827931870025978
-139.50000000000006 23.329881303950003 22.826059130051533
-139.0 23.327843491952894 22.82419354338019
-138.5 23.32581198697018 22.822336105258056
-138.00000000000006 23.323797578053682 22.82048688011979
-137.5 23.321785237887326 22.818645797427635
-137.0 23.319809471493937 22.816815682237262
-136.50000000000006 23.317830669061518 22.814978857305263
-136.0 23.315861575742417 22.81315711146314
-135.5 23.313905533547032 22.81135040354431
-135.00000000000006 23.31194559590914 22.809542338426052
-134.5 23.310006089409367 22.807732400366664
-134.0 23.308075931047863 22.805931122156792
-133.50000000000006 23.30615827466518 22.804142971222667
-133.0 23.30424546852364 22.80234415583758
-132.5 23.302331283106582 22.80057457792467
-132.00000000000006 23.300453462323226 22.79880165588638
-131.5 23.298561305989818 22.797026597330813
-131.0 23.296689243410277 22.795267726002496
-130.50000000000006 23.294819041795133 22.793514166219325
-130.0 23.292962645617198 22.791758455563812
-129.5 23.29111852660756 22.790017555145887
-129.00000000000006 23.289283861895747 22.788276587859535
-128.5 23.287461031778825 22.78653637227297
-128.0 23.28563305426784 22.784808051263234
-127.50000000000006 23.283829576574444 22.78308456368421
-127.0 23.282021466527397 22.781375767751154
-126.5 23.28023237843174 22.779667301070834
-126.00000000000006 23.2784518762763 22.77795882369325
-125.5 23.276679080095896 22.77625603618995
-125.0 23.274913753497216 22.774565309404004
-124.50000000000006 23.273160855772943 22.772874645897513
-124.0 23.271416945606283 22.771196966890788
-123.5 23.269674829601744 22.769525469583023
-123.00000000000006 23.267954068674555 22.76784631647339
-122.5 23.26624389410643 22.766185277263183
-122.0 23.26453497140119 22.764527357398762
-121.50000000000006 23.26282526513409 22.762867059768542
-121.0 23.26114071097669 22.761219768833392
-120.5 23.259459467166433 22.75957856199622
-120.00000000000006 23.25779116579298 22.757936777700603
-119.5 23.256127030414188 22.75630591234064
-119.0 23.254464972325643 22.754684146992858
-118.50000000000006 23.25282677069872 22.753059731029474
-118.0 23.25119574169524 22.75144948878982
-117.5 23.24956431827694 22.749841148213584
-117.00000000000006 23.2479463972132 22.74824297075849
-116.5 23.246335486636724 22.746633822576353
-116.0 23.244741221901823 22.74505067092115
-115.50000000000006 23.24315189596539 22.743460070877525
-115.0 23.241570953932992 22.74188537595957
-114.5 23.24000132488157 22.740294843901342
-114.00000000000006 23.238432696404175 22.738730092311105
-113.5 23.236876154100482 22.737166758539118
-113.0 23.23532960906942 22.735618466026484
-112.50000000000006 23.233789331960697 22.734062701475644
-112.0 23.23227545477359 22.732508081156965
-111.5 23.230756136585647 22.730965691684037
-111.00000000000006 23.22924144168716 22.729424297927526
-110.5 23.227745555578046 22.72791264653353
-110.0 23.22625050417315 22.72637270855002
-109.50000000000006 23.224759766959224 22.724855734372078
-109.0 23.223290258635444 22.7233359378045
-108.5 23.221830233580036 22.721821003571506
-108.00000000000006 23.220374972344064 22.720318646395796
-107.5 23.2189245194432 22.71882553107497
-107.0 23.217488652888814 22.71732202914621
-106.50000000000006 23.216060393851045 22.71583634655615
-106.0 23.214635421450957 22.714352458977846
-105.5 23.213225904193916 22.71288537943969
-105.00000000000006 23.21182546879083 22.711409066262767
-104.5 23.210424138747634 22.7099372016323
-104.0 23.209046481003565 22.708478097760285
-103.5 23.207667715327275 22.707013989360835
-103.0 23.206303601633216 22.70556519009812
-102.5 23.20494770196495 22.70412759521983
-102.0 23.203588964644553 22.70268090929769
-101.5 23.20225069908366 22.70124521617021
-101.0 23.20091164415245 22.6998124618343
-100.5 23.199588733909028 22.69838443301548
-100.0 23.198258149783406 22.69696084704296
-99.5 23.196957874414966 22.695541699494875
-99.0 23.19563509192639 22.69412622738034
-98.5 23.194355105310358 22.692724337166105
-98.0 23.193053882863566 22.691320108655763
-97.5 23.1917619552829 22.68991449114663
-97.0 23.190482853445683 22.688525504730258
-96.5 23.189222550329838 22.687139440611656
-96.0 23.187955609551935 22.685748058916836
-95.5 23.186708632851456 22.684366884152823
-95.0 23.1854506097223 22.682992396420598
-94.5 23.18421717955482 22.68162692797626
-94.0 23.182997749532444 22.68025463685973
-93.5 23.18175810353491 22.678886682463684
-93.0 23.180555454817974 22.677527734177808
-92.5 23.179342823734874 22.676180799585243
-92.0 23.178133830831776 22.67483489561435
-91.5 23.176945852103916 22.67348903706255
-91.0 23.175761071804253 22.6721501089893
-90.5 23.17457542799548 22.670819445844316
-90.0 23.17340775593084 22.66948894262725
-89.5 23.172250290321198 22.66816967965227
-89.0 23.171097141690602 22.666847315095243
-88.5 23.169957455406063 22.665534496136335
-88.0 23.168811598949127 22.66422386304714
-87.5 23.167669088711385 22.662915667917943
-87.0 23.166560459147266 22.661615022632986
-86.5 23.165441760868447 22.660318071615606
-86.0 23.16433195653218 22.6590219654256
-85.5 23.163230896962315 22.657745638167036
-85.0 23.162145755520154 22.656460585917955
-84.5 23.16104467093496 22.655181218026303
-84.0 23.159968064916775 22.653908258763607
-83.5 23.15889755575499 22.652638702303637
-83.0 23.157835812092692 22.65137880413276
-82.5 23.156781851190726 22.650122554812636
-82.0 23.155740976955933 22.648861266899498
-81.5 23.15469963126737 22.6476157542054
-81.0 23.153673308917288 22.646380436534447
-80.5 23.152656645605244 22.645134285010794
-80.0 23.15163243722392 22.64389583707341
-79.5 23.150631075555562 22.642669573766113
-79.0 23.14962515349089 22.641446876403023
-78.5 23.148645635538024 22.64022678641286
-78.0 23.14765979893231 22.639004662949674
-77.5 23.146688698421144 22.637793420334916
-77.0 23.145725914928015 22.636592847313274
-76.5 23.144769999206126 22.63539181276562
-76.0 23.143811680764692 22.634194389312874
-75.5 23.14287002367874 22.63299726401993
-75.0 23.141937074521266 22.631814778887282
-74.5 23.14101631318104 22.630626994254165
-74.0 23.14009060559669 22.629453429460046
-73.5 23.139181457166384 22.62827871495922
-73.0 23.138274262165936 22.62711114746882
-72.5 23.137391362898242 22.625949755989918
-72.0 23.136503078796927 22.624788072920623
-71.5 23.13562440453669 22.623636567933737
-71.0 23.13475588135303 22.62248846820261
-70.5 23.13389337863306 22.621350285067212
-70.0 23.133044043346118 22.62020488198121
-69.5 23.132199539648354 22.61906924048557
-69.0 23.13136973489843 22.617945342335734
-68.5 23.130529022598992 22.616814697221113
-68.0 23.12971051070796 22.61569273543346
-67.5 23.128897613932033 22.61457385124491
-67.0 23.1280979959596 22.613463772296186
