FastTrWP/PhaseSpace/IAs/snIa_0.42_30.00_0.24_0.06.csv
# %ECSV 0.9
# ---
# datatype:
# - {name: time-rel, datatype: float64}
# - {name: g, datatype: float64}
# - {name: i, datatype: float64}
# schema: astropy-2.0
time-rel g i
[from data line 362]
-231.5 24.042328177054305 23.199405376881334
-231.0 24.038680947095795 23.196454458546825
-230.50000000000006 24.035022685361497 23.1934981417107
-230.0 24.031373965204594 23.190558222759726
-229.5 24.02771364567821 23.187609033047018
-229.00000000000006 24.024079636135035 23.184672895118773
-228.5 24.020458246064223 23.181743388336034
-228.0 24.016859751810806 23.17881472815276
-227.50000000000006 24.01322599651899 23.17588117303846
-227.0 24.00963022197091 23.172967578101755
-226.5 24.006024839333058 23.17005323016124
-226.00000000000006 24.00243551284909 23.167143410129
-225.5 23.99884577362031 23.164245542798398
-225.0 23.995279066874353 23.161339259319966
-224.50000000000006 23.99169830534232 23.158449333613046
-224.0 23.98813922382474 23.155552328235274
-223.5 23.9845871489681 23.15266898006425
-223.00000000000006 23.98102959055414 23.14978033254907
-222.5 23.977486226037005 23.146907076157337
-222.0 23.973957253145677 23.14402516805634
-221.50000000000006 23.970429677234613 23.14115279506282
-221.0 23.966887936165946 23.138295691505533
-220.5 23.96337788818226 23.13543691714348
-220.00000000000006 23.95986123807747 23.13257854056895
-219.5 23.95636638768793 23.129721689253074
-219.0 23.952863173348334 23.126878824940405
-218.50000000000006 23.949374550025375 23.1240246133611
-218.0 23.945882088959586 23.121197616233253
-217.5 23.942406191822037 23.11835989662239
-217.00000000000006 23.938921770422898 23.11553361824113
-216.5 23.935457864350976 23.112696901537543
-216.0 23.931987382204007 23.109869594481616
-215.50000000000006 23.928550049150637 23.107052487528208
-215.0 23.925096016313937 23.104243995719976
-214.5 23.921651586745174 23.101421498919592
-214.00000000000006 23.918214352231566 23.09860919196393
-213.5 23.914782087375713 23.095801785152315
-213.0 23.91135172820771 23.093017067181847
-212.50000000000006 23.907933338571308 23.090210780287794
-212.0 23.904531940910037 23.087424608226875
-211.5 23.901108464664745 23.08462935985782
-211.00000000000006 23.897713384153995 23.081851001951833
-210.5 23.894314283204846 23.079060368393556
-210.0 23.890925772012828 23.07628677668886
-209.50000000000006 23.88753869639099 23.07351031332727
-209.0 23.884167485544538 23.070738398485588
-208.5 23.880768459111298 23.067970296422654
-208.00000000000006 23.877408409186206 23.065207647280545
-207.5 23.87404520379063 23.062436151862528
-207.0 23.870676663728485 23.059685019660286
-206.50000000000006 23.86731813186095 23.056927505135963
-206.0 23.863956174358595 23.05417062915891
-205.5 23.86060090675015 23.051408461698788
-205.00000000000006 23.857213625099163 23.04866104315299
-204.5 23.85384233271523 23.045884515726875
-204.0 23.85047693027616 23.04312810835715
-203.50000000000006 23.847102245712136 23.040365112993385
-203.0 23.843742120572074 23.03761326757607
-202.5 23.840357290202874 23.03485088268883
-202.00000000000006 23.83698281264881 23.032097695141417
-201.5 23.83361434611078 23.02935396782667
-201.0 23.830247318447505 23.026602884820285
-200.50000000000006 23.826868091507677 23.02384366633047
-200.0 23.823522204767578 23.021094608356893
-199.5 23.820156582379745 23.018346786273902
-199.00000000000006 23.816786184907674 23.01560353820752
-198.5 23.81344309328503 23.012864776466824
-198.0 23.81009080838444 23.010129696432664
-197.50000000000006 23.806745891850127 23.00739028292292
-197.0 23.803402544089355 23.004651142948084
-196.5 23.800073064150467 23.00193107153958
-196.00000000000006 23.796748637729706 22.99920584705056
-195.5 23.79341206020173 22.99648535461181
-195.0 23.790093406520153 22.993751806397434
-194.50000000000006 23.786781319862964 22.991043650074495
-194.0 23.783473666188403 22.98834957359996
-193.5 23.78017965723884 22.98563686976324
-193.00000000000006 23.77688051472902 22.982940551006973
-192.5 23.773603518252614 22.980239495269178
-192.0 23.770336195396453 22.97755133660911
-191.50000000000006 23.76705893042972 22.974869250115567
-191.0 23.763810289505024 22.97218245105469
-190.5 23.76055275543015 22.96951446472722
-190.00000000000006 23.75732406720183 22.966844414179516
-189.5 23.754091912521265 22.96418552300095
-189.0 23.750880794916544 22.96152928556738
-188.50000000000006 23.747668410179923 22.95887293965011
-188.0 23.744469579489508 22.956235178530942
-187.5 23.741282570579607 22.95359700951261
-187.00000000000006 23.73810154249577 22.95097227383582
-186.5 23.734928538432285 22.94835466805223
-186.0 23.73177881681791 22.945728418831347
-185.50000000000006 23.728646561133083 22.943124504442096
-185.0 23.725515047609548 22.940516383000677
-184.5 23.722395349865543 22.937935466253396
-184.00000000000006 23.719300089627893 22.935344594019007
-183.5 23.716213368813786 22.932762924586502
-183.0 23.713125333440303 22.930195729166392
-182.50000000000006 23.71007252192687 22.927634611945656
-182.0 23.707026633100657 22.92507908979954
-181.5 23.703972799685296 22.922532843321886
-181.00000000000006 23.7009706959443 22.919995511892253
-180.5 23.69796991591581 22.917476631767517
-180.0 23.69497294817681 22.91496204746984
-179.50000000000006 23.69199771137334 22.912441033185434
-179.0 23.6890291886206 22.90994204774529
-178.5 23.686095766767025 22.90744834319515
-178.00000000000006 23.683158980211452 22.904967328163934
-177.5 23.680253067897183 22.902490210843748
-177.0 23.677347128215697 22.900023407393377
-176.50000000000006 23.674468277194187 22.897572111118436
-176.0 23.671606289862854 22.895137531779355
-175.5 23.668764290369566 22.89269519572409
-175.00000000000006 23.66593136617481 22.890277926093518
-174.5 23.663128248993395 22.887870033307088
-174.0 23.66032973629643 22.885459925397402
-173.50000000000006 23.657555960849063 22.88306654020104
-173.0 23.654792908222557 22.88068231560355
-172.5 23.652042397528724 22.878308276540317
-172.00000000000006 23.649304299988117 22.875941328589878
-171.5 23.646578399671032 22.87357121152224
-171.0 23.643832842441007 22.871202639093717
-170.50000000000006 23.64112597946157 22.868849357092493
-170.0 23.63840243711156 22.866495778687238
-169.5 23.635708171754462 22.86415133377346
-169.00000000000006 23.63301205108579 22.861813805463875
-168.5 23.630313866932383 22.859473779331715
-168.0 23.62764346700608 22.857145686455222
-167.50000000000006 23.624954325980056 22.85481501800403
-167.0 23.622299421263126 22.852494765647528
-166.5 23.619629612478413 22.85017747344146
-166.00000000000006 23.616988424096817 22.847869625857072
-165.5 23.614345180548764 22.845558020075785
-165.0 23.61171667822716 22.843255377667347
-164.50000000000006 23.609098011348365 22.840976050464825
-164.0 23.606475183805472 22.8386817730853
-163.5 23.60385562912608 22.836392509433413
-163.00000000000006 23.60128360695773 22.83411831456076
-162.5 23.59868579094398 22.83185841622356
-162.0 23.59611496019527 22.829587383800085
-161.50000000000006 23.59354630060592 22.827321283068965
-161.0 23.590980723417267 22.82508175787374
-160.5 23.588428220935633 22.822828025026247
-160.00000000000006 23.58590339319562 22.82058222691822
-159.5 23.583367914622862 22.818348936156934
-159.0 23.58084810513524 22.816118994147295
-158.50000000000006 23.578339144519926 22.813908146289865
-158.0 23.57584497706009 22.81168403647023
-157.5 23.573359424827323 22.809480401892746
-157.00000000000006 23.570885628161964 22.8072833064437
-156.5 23.568410851685204 22.8050779930224
-156.0 23.565964742667585 22.80289286561458
-155.50000000000006 23.563518356285048 22.800714896102647
-155.0 23.561087987143008 22.798534100604563
-154.5 23.558659333743172 22.79636837505093
-154.00000000000006 23.556251059841852 22.794205523171478
-153.5 23.55384648904732 22.79205682535153
-153.0 23.551458223291565 22.78991147021774
-152.50000000000006 23.549086603898424 22.78775918844439
-152.0 23.546712153656767 22.7856372296055
-151.5 23.544365073988253 22.783499500273518
-151.00000000000006 23.542016272640232 22.781384927385105
-150.5 23.539685804813146 22.779270043659867
-150.0 23.537374630946466 22.777168001678696
-149.50000000000006 23.535066994725522 22.77507294671493
-149.0 23.532768946741932 22.772982147023264
-148.5 23.530492990742005 22.770899239085555
-148.00000000000006 23.528219230590643 22.76882315348857
-147.5 23.525955704472135 22.766760388101194
-147.0 23.523712580863325 22.76469898535752
-146.50000000000006 23.52148482644391 22.762644218478943
-146.0 23.51925610026521 22.76060474506664
-145.5 23.517059884935886 22.758569459705274
-145.00000000000006 23.51486237551086 22.75654267391477
-144.5 23.51267810505872 22.754518101685072
-144.0 23.510511147519484 22.752510223250194
-143.50000000000006 23.508357196249715 22.750504503390523
-143.0 23.5062182834919 22.748504069731435
-142.5 23.50409524985027 22.746511245399322
-142.00000000000006 23.50196823548336 22.744531733486806
-141.5 23.4998663164685 22.74256091236504
-141.0 23.497772452331155 22.740599917230384
-140.50000000000006 23.495701312555738 22.738642923681493
-140.0 23.493643864642713 22.73669957782755
-139.5 23.491596801434433 22.734759028046312
-139.00000000000006 23.489563654546288 22.732831302612773
-138.5 23.487540545983432 22.730902167321943
-138.0 23.48554117160905 22.72898218527593
-137.50000000000006 23.483532199907117 22.72707184634628
-137.0 23.481529892076335 22.725169290522942
-136.5 23.479545274832518 22.723272249583193
-136.00000000000006 23.47757334312004 22.721372177944836
-135.5 23.47561200799548 22.719494417592472
-135.0 23.47365985668787 22.71761246774186
-134.50000000000006 23.471716876176437 22.715736093965553
-134.0 23.469779797600463 22.713860703137968
-133.5 23.467860500407205 22.712003042524834
-133.00000000000006 23.46594886474014 22.710150511036908
-132.5 23.46403404926638 22.708299453648042
-132.0 23.462144383506587 22.706455994178075
-131.50000000000006 23.46026495060036 22.70461989149226
-131.0 23.45838319053856 22.702789815481452
-130.5 23.45651221664653 22.700959610102647
-130.00000000000006 23.454655175304136 22.69914184539482
-129.5 23.452806952920437 22.69733019275821
-129.0 23.450964930741762 22.695514724063507
-128.50000000000006 23.44915457064467 22.693720044813507
-128.0 23.447320636755112 22.691917737440896
-127.5 23.445505513696098 22.690130486668004
-127.00000000000006 23.443708034548592 22.688353958110635
-126.5 23.441918587698467 22.68657691646107
-126.0 23.440138728994853 22.68479417375593
-125.50000000000006 23.438359432121814 22.68303513772795
-125.0 23.436610576832848 22.681280245352053
-124.5 23.434842436791644 22.679522110499857
-124.00000000000006 23.433096203731438 22.677770509784967
-123.5 23.431353061871427 22.676025167913085
-123.0 23.429648170002153 22.674298856275254
-122.50000000000006 23.427927439480545 22.6725651754556
-122.0 23.426222297293506 22.670833641180476
-121.5 23.424524736497986 22.66911721340901
-121.00000000000006 23.422826044678303 22.667405155968915
-120.5 23.42115025876158 22.665691861201985
-120.0 23.419478888357 22.663994436983135
-119.50000000000006 23.417823499421996 22.66229710111018
-119.0 23.41617157961265 22.66061024199185
-118.5 23.414522073433503 22.658925505279104
-118.00000000000006 23.412894142350062 22.65724777251455
-117.5 23.41126571010893 22.65556615472982
-117.0 23.40965019388109 22.653905994655826
-116.50000000000006 23.408043177662922 22.652247076074236
-116.0 23.406451092886797 22.650583064658207
-115.5 23.40487480025233 22.64893316172155
-115.00000000000006 23.4032907928229 22.647292252008523
-114.5 23.401720370110528 22.6456494476137
-114.0 23.400157118768877 22.64401366152084
-113.50000000000006 23.398604792958267 22.642390747570317
-113.0 23.39706086289908 22.640767605376983
-112.5 23.395533265662664 22.63914998320985
-112.00000000000006 23.394004429780168 22.637537608232297
-111.5 23.39249679076093 22.635933874978626
-111.0 23.390990458258216 22.634332151710595
-110.50000000000006 23.389491475629672 22.632743935949705
-110.0 23.388014390544146 22.631150097339923
-109.5 23.386531690775143 22.62956078512188
-109.00000000000006 23.38506593064999 22.627979866195332
-108.5 23.383595759837302 22.62641616206567
-108.0 23.3821554246228 22.624851537429926
-107.5 23.38070752967908 22.62328955108622
-107.0 23.379285130930626 22.621731721486533
-106.5 23.377852887371617 22.620179417943987
-106.0 23.376442234925605 22.618642671531376
-105.5 23.375036668585295 22.617098536839848
-105.0 23.37363193723981 22.61556942024879
-104.5 23.37224847132525 22.614037479505487
-104.0 23.37086427793701 22.612503370123157
-103.5 23.3694948229971 22.61098772790188
-103.0 23.368117324520444 22.60947269961529
-102.5 23.3667662604525 22.60797092763444
-102.0 23.36540923069148 22.606458514957467
-101.5 23.36407263345103 22.604964582416184
-101.0 23.36274352968441 22.60346434654288
-100.5 23.36140821450533 22.60197401905327
-100.0 23.360086807558037 22.60049522599178
-99.5 23.358786480483428 22.599013120647243
-99.0 23.357475220513777 22.59753591929224
-98.5 23.356183007192605 22.596074743865717
-98.0 23.354883432399824 22.594597637415966
-97.5 23.353613383020082 22.593137882113407
-97.0 23.35233786873075 22.591680263917727
-96.5 23.351071273485534 22.59022462348756
-96.0 23.349804922318103 22.58878187946928
-95.5 23.348559822542718 22.58733725843482
-95.0 23.347321774473254 22.585893242638214
-94.5 23.3460884580561 22.584464754700775
-94.0 23.344862748529177 22.58303568942874
-93.5 23.34363718967157 22.581618988911156
-93.0 23.342427629346773 22.58019826157792
-92.5 23.341211117253877 22.57878321778577
-92.0 23.340025950991805 22.577374138501675
-91.5 23.338836896889582 22.57597678046759
-91.0 23.337660810173233 22.574575852671863
-90.5 23.33648662064492 22.573177429503353
-90.0 23.3353187847286 22.571786450104913
-89.5 23.334165367463136 22.570405572611172
-89.0 23.333011188903807 22.569029826045156
-88.5 23.33186873977016 22.56764842412718
-88.0 23.330744924647803 22.566280214727126
-87.5 23.3296207511407 22.564913593180805
-87.0 23.328501673740778 22.563551361947027
-86.5 23.32738995658811 22.562209965776205
-86.0 23.326287060531005 22.56084563198754
-85.5 23.32519787956344 22.559500001167628
-85.0 23.324120323624918 22.558154206417353
-84.5 23.323032958319025 22.556820546327515
-84.0 23.321966603481417 22.555493119704224
-83.5 23.32091374505162 22.5541612167347
-83.0 23.31984539212508 22.55283866869337
-82.5 23.318806363652453 22.55152552167835
-82.0 23.317773673499612 22.55021809986782
-81.5 23.316731247625754 22.548902985135932
-81.0 23.315724984624907 22.547605125408836
-80.5 23.31470044387597 22.54630952586909
-80.0 23.313700031723627 22.545012123723605
-79.5 23.312693271725816 22.54372365828642
-79.0 23.311714410692307 22.542447602574867
-78.5 23.310738627787345 22.541158627004762
-78.0 23.309768587885415 22.539890906812378
-77.5 23.30881055379414 22.538617920108003
-77.0 23.307845632027213 22.53735757751884
-76.5 23.306895727704525 22.53609744395344
-76.0 23.305962534339933 22.534844552928828
-75.5 23.305032607976635 22.53358820872174
-75.0 23.304099308267926 22.532344752783573
-74.5 23.3032014926994 22.53110525317334
-74.0 23.302280482780905 22.529867018415075
-73.5 23.30138790474181 22.52863605467267
-73.0 23.300499463138287 22.527409489535792
-72.5 23.299621234081627 22.526193004908308
-72.0 23.29874063468573 22.524978466199347
-71.5 23.29787886261824 22.52377050667942
-71.0 23.297016316793574 22.522560386714407
-70.5 23.296178580716102 22.52136077482661
-70.0 23.295331386896297 22.52016499729724
-69.5 23.294503108020784 22.518971707545724
-69.0 23.293668333234535 22.517789228096987
-68.5 23.292863477285664 22.516598738110343
-68.0 23.292058280734835 22.515420747491458
-67.5 23.291255645678053 22.514249015476114
-67.0 23.290474086243233 22.513078833316555
-66.5 23.28968852765021 22.5119115508997
-66.0 23.28891335065659 22.51075243903578
-65.5 23.28813615875338 22.509593023670273
-65.0 23.28738333875693 22.508439005974537
-64.5 23.286623658786624 22.507287394449705
-64.0 23.28588260637449 22.506145144637326
-63.5 23.285158901201036 22.505005071351913
-63.0 23.284428085935787 22.50386875010723
