FastTrWP/PhaseSpace/IAs/snIa_0.70_30.00_-0.14_-0.01.csv
# %ECSV 0.9
# ---
# datatype:
# - {name: time-rel, datatype: float64}
# - {name: g, datatype: float64}
# - {name: i, datatype: float64}
# schema: astropy-2.0
time-rel g i
[from data line 1435]
286.5 24.574033372678837 22.281133073640007
286.9999999999999 24.576006768874482 22.2815546474926
287.5 24.577933053740466 22.281991556362065
288.0 24.57989597203962 22.28241199160839
288.4999999999999 24.58186156225188 22.282844829785592
289.0 24.583836171617737 22.283282171006466
289.5 24.58580309365822 22.283715454417262
289.9999999999999 24.587769704136278 22.284153542241796
290.5 24.58975531028574 22.28459172558429
291.0 24.591725188493896 22.285032973173806
291.4999999999999 24.593699448306637 22.285470749346658
292.0 24.59569078491691 22.28591666591899
292.5 24.597694423663615 22.286355671516112
292.9999999999999 24.59970046993027 22.286804813523492
293.5 24.601678399511645 22.287249946030162
294.0 24.603710127458427 22.28770189503951
294.4999999999999 24.605693138722707 22.288153172373004
295.0 24.607700772121596 22.288597120203207
295.5 24.60970979721266 22.289050889088603
295.9999999999999 24.611746617512903 22.289505092330696
296.5 24.61377853794307 22.289957313405825
297.0 24.615781678014407 22.29041918343876
297.4999999999999 24.617823468473606 22.29087281947992
298.0 24.61984569369623 22.291333425656656
298.5 24.62190096634593 22.291794969599255
298.9999999999999 24.62390904329221 22.292259766079383
299.5 24.625968374057056 22.29272145592826
300.0 24.628011062359427 22.2931909262929
300.4999999999999 24.63008541672986 22.293656698804497
301.0 24.632148879669195 22.29412592827461
301.5 24.634235321246578 22.29459548956971
301.9999999999999 24.636314526651994 22.2950739932365
302.5 24.63840469698357 22.295553971694538
303.0 24.64050920364599 22.296033677723702
303.4999999999999 24.64262420372947 22.29651034415948
304.0 24.644735190952133 22.297000513488715
304.5 24.646844405489624 22.297480117725094
304.9999999999999 24.64899896271701 22.29797378163373
305.5 24.651117819795086 22.298459290408132
306.0 24.65327218486454 22.298944738202174
306.4999999999999 24.65543001411635 22.2994382852439
307.0 24.657600260050046 22.299937636037686
307.5 24.65974093144296 22.30043868047737
307.9999999999999 24.661918558319957 22.300933070565097
308.5 24.664094466394502 22.301441763835452
309.0 24.666292061427217 22.301944882813224
309.4999999999999 24.668473868999307 22.302444301365103
310.0 24.670658568182816 22.302954023935257
310.5 24.672871046812006 22.3034581501015
310.9999999999999 24.675073223692465 22.303972887494115
311.5 24.677270720577962 22.30448154808642
312.0 24.67950217681045 22.304998043382767
312.4999999999999 24.681735731054843 22.305517211565736
313.0 24.68395184334128 22.30602415798286
313.5 24.686200637507298 22.306549657773047
313.9999999999999 24.688428546761607 22.30706834752108
314.5 24.69067551820848 22.30759251250086
315.0 24.692934722678213 22.30811109918816
315.4999999999999 24.695174714023853 22.308636912033837
316.0 24.69744262818103 22.309166399038524
316.5 24.699683580472144 22.309692057369386
316.9999999999999 24.701951697511568 22.310221926504283
317.5 24.70422479003105 22.310756099487282
318.0 24.706493893793304 22.311281785872342
318.4999999999999 24.70876115127226 22.31181473035364
319.0 24.711045356811216 22.312346257017495
319.5 24.713342114182602 22.31289233402812
319.9999999999999 24.715597945383383 22.31342826282843
320.5 24.71787979967784 22.313963888451113
321.0 24.720172966573365 22.31450578506776
321.4999999999999 24.722457034426082 22.3150472777266
322.0 24.724760799824104 22.315588446061334
322.5 24.727065342522163 22.31613460309503
322.9999999999999 24.72934485042571 22.31667861233081
323.5 24.731656965706627 22.317226655882042
324.0 24.733942885425133 22.317778146068754
324.4999999999999 24.736245915152995 22.318319554021897
325.0 24.73854826364122 22.318873683850452
325.5 24.74084734631324 22.31941945216252
325.9999999999999 24.743158285099504 22.319979356310235
326.5 24.745476039864414 22.32053246004792
327.0 24.747785856140084 22.321081529300294
327.4999999999999 24.75007130791326 22.321642829803274
328.0 24.75238185932701 22.322199028558785
328.5 24.754683842519807 22.32275338570592
328.9999999999999 24.756987189806807 22.32331634607334
329.5 24.759297644821316 22.323873187392735
330.0 24.761604465489377 22.324432020737458
330.4999999999999 24.76390484922366 22.32498985635219
331.0 24.766190298925768 22.325551214266284
331.5 24.76849448718486 22.326117919279007
331.9999999999999 24.770792324887445 22.32668573601194
332.5 24.773108216722154 22.32724080381343
333.0 24.775382190286397 22.327807481018162
333.4999999999999 24.777665546387148 22.328377905765816
334.0 24.779957964302717 22.328943265003886
334.5 24.78224463726321 22.329513708202956
334.9999999999999 24.78451475387667 22.330076460504547
335.5 24.78681380646867 22.330640674230075
336.0 24.789088819327496 22.331214042770387
336.4999999999999 24.79137578881691 22.331780595927384
337.0 24.793630667863958 22.332354740427263
337.5 24.795885395474148 22.332921444912763
337.9999999999999 24.79815733255251 22.33348877170866
338.5 24.800426943434218 22.33406014224756
339.0 24.802669248328474 22.334634827516876
339.4999999999999 24.804928481328435 22.335211569308665
340.0 24.807158978280338 22.335778398703635
340.5 24.809421302828977 22.336349865195295
340.9999999999999 24.81164412435763 22.336926586060084
341.5 24.813911290179757 22.33750544849488
342.0 24.816153515515555 22.33808123068584
342.4999999999999 24.818408743466115 22.338663138085636
343.0 24.820657167679954 22.33923116723834
343.5 24.822893935576293 22.339821562152856
343.9999999999999 24.8251570174685 22.340407546246517
344.5 24.82737175234865 22.340985089587868
345.0 24.829644488879453 22.341572443994284
345.4999999999999 24.83187652657977 22.34216343162338
346.0 24.834143299039223 22.342750754230547
346.5 24.836392409595817 22.343336059547934
346.9999999999999 24.83864840546746 22.343925741290647
347.5 24.840899677936036 22.34451828877266
348.0 24.843146152948115 22.345111423052906
348.4999999999999 24.845411096546698 22.345706389755495
349.0 24.847658782371624 22.34630208108868
349.5 24.849922475807404 22.346893207773753
349.9999999999999 24.852169284220025 22.34749061411431
350.5 24.854409098103606 22.34809033488251
351.0 24.85668792658636 22.348684851124148
351.4999999999999 24.858936988338595 22.34929000669379
352.0 24.861153608034453 22.349889635161663
352.5 24.863431443422634 22.350495656056935
352.9999999999999 24.865692241514502 22.351100083030616
353.5 24.867929664572603 22.351706468406864
354.0 24.870204293916732 22.352313910944062
354.4999999999999 24.872441166402012 22.352920425876704
355.0 24.87468945958173 22.353526262116112
355.5 24.876950720509193 22.354137318660662
355.9999999999999 24.8791872438236 22.354745959908872
356.5 24.881443281083847 22.35535683340961
357.0 24.883704835946048 22.355972461257313
357.4999999999999 24.88593923364418 22.356586995731945
358.0 24.888199146817453 22.357203852943396
358.5 24.89045104953877 22.35781742376959
358.9999999999999 24.892670039293563 22.358433733849044
359.5 24.89493838236222 22.359049804986913
360.0 24.897182052795003 22.359669822177608
360.4999999999999 24.899418099785848 22.360289345085846
361.0 24.901678910643795 22.360908190875758
361.5 24.903909032465194 22.36153686632479
361.9999999999999 24.906142732959722 22.362151203479343
362.5 24.908396687587068 22.362780626499244
363.0 24.91061265308374 22.363399534743355
363.4999999999999 24.912876728841113 22.364030781410346
364.0 24.91510537601259 22.36465785161325
364.5 24.917343098856854 22.365284791324562
364.9999999999999 24.91956105062465 22.365914959139413
365.5 24.92179990622528 22.366546225593858
366.0 24.924037926979125 22.36717345784358
366.4999999999999 24.92626964326815 22.367806958479207
367.0 24.92847658463445 22.368437030805456
367.5 24.930715067700792 22.36907013331014
367.9999999999999 24.93295276298828 22.36970221026871
368.5 24.93515722515354 22.370341081394066
369.0 24.937367241740223 22.370977764388943
369.4999999999999 24.939603044580018 22.371616076740175
370.0 24.941807797162504 22.37225214617729
370.5 24.944041849035557 22.37289392348807
370.9999999999999 24.94622937255155 22.37353257634841
371.5 24.948458365873808 22.374168177006574
372.0 24.95066481423278 22.374807715677516
372.4999999999999 24.952868216860868 22.375455592163725
373.0 24.955093533416694 22.376090540633058
373.5 24.957290995109428 22.37674027571767
373.9999999999999 24.95947128853645 22.37738803195179
374.5 24.96165891915624 22.378027626636996
375.0 24.963837806731696 22.378672259449132
375.4999999999999 24.966041392610503 22.379321416860748
376.0 24.968225640442625 22.37996829712573
376.5 24.97041921906132 22.380621124703946
376.9999999999999 24.972577791516535 22.38126989858805
377.5 24.97478627668748 22.38191527467776
378.0 24.97695530894859 22.382563869200208
378.4999999999999 24.97911447754182 22.383214776577496
379.0 24.981303232629596 22.383872746350917
379.5 24.983478751322643 22.384521454384426
379.9999999999999 24.98561669147451 22.385173717476476
380.5 24.987791532298523 22.38583477368611
381.0 24.989943031151192 22.386480607735262
381.4999999999999 24.99208741057538 22.38714289588224
382.0 24.99423981680139 22.38780079450358
382.5 24.996371026502363 22.38846478574738
382.9999999999999 24.998523577823562 22.38911457701201
383.5 25.000668780529534 22.389782314827393
384.0 25.002836430614856 22.39044131750071
384.4999999999999 25.004942096042512 22.391104819404934
385.0 25.007082951179495 22.391764327039226
385.5 25.00922581213593 22.392430040817075
385.9999999999999 25.011347024825405 22.393095630063748
386.5 25.013439329473584 22.393758223711878
387.0 25.015592857876268 22.39442833584768
387.4999999999999 25.017682898409895 22.39509493427295
388.0 25.019804936568264 22.39575968915812
388.5 25.021921454005334 22.3964320615416
388.9999999999999 25.024022640695502 22.397105452494426
389.5 25.02615940702084 22.397771323897622
390.0 25.028228445078014 22.39844257623437
390.4999999999999 25.030340694660413 22.399121645276537
391.0 25.03243739401932 22.399793308157733
391.5 25.034534630652235 22.4004663494774
391.9999999999999 25.036617782778748 22.401149537144697
392.5 25.03870413436641 22.401827411549704
393.0 25.04079271400615 22.402508234261006
393.4999999999999 25.04286939493788 22.40318110280665
394.0 25.044955473515365 22.403871087730995
394.5 25.047024833644457 22.404545658223576
394.9999999999999 25.04907633834403 22.405232442892125
395.5 25.051166282223384 22.40591388499192
396.0 25.053230992238657 22.406593526275913
396.4999999999999 25.05525953243128 22.40728079204874
397.0 25.057340910420653 22.40796927397342
397.5 25.059401775356456 22.40865462522594
397.9999999999999 25.061454778101705 22.40934821497507
398.5 25.063518066394714 22.410034265111
399.0 25.065575315290722 22.41072708615516
399.4999999999999 25.06759329594314 22.41141634828649
400.0 25.069656569019536 22.412113684718527
400.5 25.07169483058901 22.412804916439065
400.9999999999999 25.073728996174744 22.413500679054074
401.5 25.075774587128837 22.414193745945873
402.0 25.077786022347574 22.414894208797396
402.4999999999999 25.07983319254274 22.415595007772644
403.0 25.081835199001887 22.416288271419795
403.5 25.083869754582814 22.416981395128225
403.9999999999999 25.085862066544138 22.417683820342965
404.5 25.087890035394665 22.418386993940018
405.0 25.089915697661695 22.4190890797227
405.4999999999999 25.091906860881338 22.419787406774418
406.0 25.093911325161166 22.420502361580606
406.5 25.09593964391753 22.421206569447698
406.9999999999999 25.09790625907787 22.421911640207078
407.5 25.099913688039834 22.422615304171597
408.0 25.101913163285566 22.423324037598704
408.4999999999999 25.10390713905428 22.424036655805995
409.0 25.105899092183837 22.424747935536843
409.5 25.107889099185567 22.42545439013737
409.9999999999999 25.109850058048096 22.426160148559738
410.5 25.111862830567794 22.4268782113082
411.0 25.113815530061846 22.42759384710422
411.4999999999999 25.115785291101552 22.428310270275922
412.0 25.117778585249482 22.429023208063494
412.5 25.11975680852489 22.429744432794138
412.9999999999999 25.121708260686376 22.430463332893844
413.5 25.12366277339388 22.431178449958878
414.0 25.125616909791514 22.43189448617503
414.4999999999999 25.127587297763355 22.43261851282643
415.0 25.129540590150015 22.433344578797005
415.5 25.131486159903513 22.434067955580012
415.9999999999999 25.133434643816912 22.434787771431644
416.5 25.135388067759315 22.435513513599933
417.0 25.13732095465532 22.436232169619707
417.4999999999999 25.139268052244557 22.43696339246405
418.0 25.14120220796958 22.437690352485507
418.5 25.143136858066285 22.43841463124596
418.9999999999999 25.145081050602588 22.439148177164668
419.5 25.147001841052585 22.439877727171307
420.0 25.148885365803643 22.440606229004906
420.4999999999999 25.150834720026968 22.4413464019758
421.0 25.152785261774994 22.44208081003086
421.5 25.15470827832274 22.44281712236839
421.9999999999999 25.156617116050338 22.44353949292433
422.5 25.158506502367203 22.444281960354424
423.0 25.16041967674355 22.44502064873636
423.4999999999999 25.1623350009826 22.44575683273944
424.0 25.16419972382504 22.446500366894288
424.5 25.166103627455026 22.447234632655903
424.9999999999999 25.16797949857707 22.447972908723173
425.5 25.16989208183617 22.448720979091
426.0 25.171761725720174 22.449464031811168
426.4999999999999 25.173654371481664 22.4502135509565
427.0 25.175528060904035 22.450950751992025
427.5 25.17738566218426 22.451699318365147
427.9999999999999 25.179232281036565 22.452448701729132
428.5 25.181093882670016 22.45319938802997
429.0 25.182915957975766 22.453945157841616
429.4999999999999 25.184799192681506 22.4546997918972
430.0 25.186659081824377 22.455453383473404
430.5 25.188515809962272 22.456204479703498
430.9999999999999 25.19031644718131 22.456954158077234
431.5 25.192149424482846 22.45770897226074
432.0 25.193992662092768 22.458468543622857
432.4999999999999 25.19580426196508 22.45922793297471
433.0 25.197638687887608 22.459989816411937
433.5 25.199445326816935 22.460743993200758
433.9999999999999 25.201283609799574 22.461503668850806
434.5 25.203102448320198 22.462269708418642
435.0 25.204862558989074 22.46302892978691
435.4999999999999 25.206677112699435 22.463803086268822
436.0 25.208464605490136 22.464558810751726
436.5 25.210255838585827 22.465326564547
436.9999999999999 25.21204408891425 22.466088463120432
437.5 25.21384788919567 22.46686017478073
438.0 25.21559571470342 22.46763118142568
438.4999999999999 25.217384542877515 22.468399166491743
439.0 25.219153104954778 22.46917142750919
439.5 25.22091096406116 22.469945716139023
439.9999999999999 25.22267416942039 22.470713567839915
440.5 25.224422259814002 22.471490894722027
441.0 25.22618660398725 22.472267972664092
441.4999999999999 25.227955392449665 22.47304640685946
442.0 25.229689964058753 22.47382376203764
442.5 25.231424518048374 22.47460056877793
442.9999999999999 25.233179338172803 22.47537940460162
443.5 25.234889817711796 22.4761530474606
444.0 25.236606950015453 22.47694071623393
444.4999999999999 25.238328807997664 22.47772814254278
445.0 25.240050989629808 22.478513915026
445.5 25.24176110060847 22.479298541761345
445.9999999999999 25.24349032767898 22.48008038811516
446.5 25.24520690977029 22.480869581952433
447.0 25.246878145751648 22.481658851578437
447.4999999999999 25.248604730017906 22.482441701552208
448.0 25.25026727528084 22.483234663416617
448.5 25.25199656904769 22.484032455193855
448.9999999999999 25.25364617169381 22.484823384511067
449.5 25.255345176718542 22.485621735722383
450.0 25.25701469632313 22.486409100307473
450.4999999999999 25.258692855167993 22.48720802393908
451.0 25.26034790441272 22.4880014597275
451.5 25.262022999812213 22.488795422379305
451.9999999999999 25.2636847607329 22.489597878046137
452.5 25.26534235080076 22.490406652773146
453.0 25.26699608229859 22.491199970972467
453.4999999999999 25.268637748965812 22.492007347636264
454.0 25.270289740499486 22.492808751648198
454.5 25.271925803063645 22.49361926041983
454.9999999999999 25.273580648091016 22.49442272678067
