FastTrWP/PhaseSpace/IAs/snIa_0.33_30.00_0.54_0.11.csv
# %ECSV 0.9
# ---
# datatype:
# - {name: time-rel, datatype: float64}
# - {name: g, datatype: float64}
# - {name: i, datatype: float64}
# schema: astropy-2.0
time-rel g i
[from data line 1076]
102.0 22.98655771475415 22.36033441962627
102.5 22.987285656915365 22.360260384513783
103.0 22.987997996089312 22.360195420854577
103.5 22.988725035844144 22.36013059813191
104.0 22.989462752006148 22.36006092701565
104.5 22.990190744638966 22.36000331496829
105.0 22.99091880519129 22.359940891140475
105.5 22.991653825585875 22.359886633580594
106.0 22.99238579030294 22.359827526137973
106.5 22.993128051240767 22.359782308129134
107.0 22.99385674378811 22.359728074991494
107.5 22.994595813893536 22.35968079694398
108.0 22.995344629469287 22.35963843847482
108.5 22.996086946983098 22.359597165246697
109.0 22.996829354733602 22.3595531037967
109.5 22.99758093418799 22.359521651617985
110.0 22.998335592121787 22.35947950702218
110.5 22.999088746770155 22.359442409002334
111.0 22.9998534930429 22.359421985767653
111.5 23.00060280068387 22.359385320152434
112.0 23.001365702102202 22.359363437667685
112.5 23.002137812399152 22.359332890757106
113.0 23.002902964629577 22.35932561688355
113.5 23.003667290075008 22.35930800153939
114.0 23.004441970885114 22.35928269125557
114.5 23.005206044766688 22.35926900023238
115.0 23.005996633519757 22.35925224910161
115.5 23.006765092238133 22.359248894479947
116.0 23.007554227866883 22.35923592521601
116.5 23.008342315200334 22.359237689432806
117.0 23.00912487249431 22.359234045552206
117.5 23.009909609267858 22.35922804952967
118.0 23.010700869267072 22.359238738739684
118.5 23.011498707289842 22.3592403572372
119.0 23.012291406705007 22.35924805617552
119.5 23.01308467296229 22.359259779440706
120.0 23.01389525779866 22.359265016103155
120.5 23.014695146861392 22.359280253139385
121.0 23.015501946616084 22.359291914651912
121.5 23.016310500243268 22.35931196880015
122.0 23.01711657698187 22.359333696773554
122.5 23.017938552810673 22.359360795968733
122.99999999999989 23.018745364359855 22.359378230004303
123.5 23.019565898634433 22.359411696574327
124.0 23.020379572246547 22.359440016609085
124.49999999999989 23.021205157038523 22.359467628327007
125.0 23.02202711962734 22.359503383100893
125.5 23.02286390417259 22.359533195067755
125.99999999999989 23.02367832133905 22.35957461738954
126.5 23.024514592573162 22.35961343752942
127.0 23.025349297837586 22.35965504896152
127.49999999999989 23.02618553986138 22.35970407063457
128.0 23.02702180800367 22.359752106459375
128.5 23.027857728336745 22.359797155098367
128.9999999999999 23.02870401247563 22.359844157360655
129.5 23.029549878482428 22.35990345314642
130.0 23.03039226351874 22.35995676372445
130.4999999999999 23.031238242716306 22.360008345849963
131.0 23.032085690142324 22.360074526339755
131.5 23.032949846001664 22.360135334585447
131.9999999999999 23.03380717361872 22.360199817075834
132.5 23.0346536689054 22.360258410490292
133.0 23.03551941918886 22.36033189101181
133.4999999999999 23.036371593447775 22.360408714695875
134.0 23.037240586465494 22.360478300867722
134.5 23.038114665829255 22.36054977988463
134.9999999999999 23.038980332825258 22.36063077183608
135.5 23.03984929038682 22.360709813135415
136.0 23.040720756281612 22.36078588805464
136.4999999999999 23.041595403912215 22.3608674516418
137.0 23.042468636003033 22.36095144445024
137.5 23.04335509361279 22.36104368944146
137.9999999999999 23.044228566608073 22.3611332186849
138.5 23.04511586041009 22.36122317735266
139.0 23.045991560666383 22.361317770806693
139.4999999999999 23.046888360536187 22.36140643791723
140.0 23.047775879397015 22.36150521672763
140.5 23.048681035005526 22.361604399486733
140.9999999999999 23.049577323534415 22.361710468538305
141.5 23.050471388070658 22.361818673710992
142.0 23.05138133462559 22.361925671709205
142.4999999999999 23.0522693256791 22.36203399056608
143.0 23.05318502057493 22.36214367102526
143.5 23.054096246259203 22.362261949880867
143.9999999999999 23.055003470815333 22.36237732030895
144.5 23.055917880869448 22.362496870097267
145.0 23.05683502508767 22.362619837133654
145.4999999999999 23.057747246113472 22.362739624974083
146.0 23.058677382168213 22.362872425114485
146.5 23.05960725417598 22.362993779956376
146.9999999999999 23.060533499497158 22.36312898798434
147.5 23.061459264635555 22.363256241731634
148.0 23.06239449322011 22.363391318737232
148.4999999999999 23.063329196905066 22.363526045338435
149.0 23.064269562141536 22.36366841258534
149.5 23.06520893621116 22.36380868452875
149.9999999999999 23.066143936052676 22.363948829285786
150.5 23.06709263859794 22.364097916425692
151.0 23.068046379848997 22.36425013840155
151.4999999999999 23.06898321802228 22.36439197290871
152.0 23.069943769768372 22.364540661467082
152.5 23.07090000123413 22.364696567133553
152.9999999999999 23.07185439281143 22.364856135343082
153.5 23.07281493749695 22.36501710770959
154.0 23.073779639522463 22.365177274262894
154.4999999999999 23.074737952595484 22.365341414633097
155.0 23.075709981910634 22.365499902739025
155.5 23.076672397759683 22.365664535577338
155.9999999999999 23.077652929174754 22.365843369010484
156.5 23.078626973445946 22.366010424289012
157.0 23.07959936365942 22.366184096442336
157.4999999999999 23.080575289774735 22.36636196898536
158.0 23.08156126518748 22.366529897241627
158.5 23.08253628973439 22.366714731500956
158.9999999999999 23.083526070115038 22.366902836517784
159.5 23.084520579550944 22.367080747663955
160.0 23.08550682607512 22.367269468200213
160.4999999999999 23.086487104399676 22.36745079952701
161.0 23.087481562053323 22.367641423881494
161.5 23.08848161152376 22.367840146434503
161.9999999999999 23.089483379072064 22.368027154820396
162.5 23.09047444209346 22.368224087033752
163.0 23.0914833455165 22.36842605619251
163.4999999999999 23.092488810691307 22.36862478139439
164.0 23.093484260530516 22.368823251081427
164.5 23.09449616894902 22.369034093422368
164.9999999999999 23.095507301460643 22.369233953626452
165.5 23.096522686058453 22.36944610052106
166.0 23.097540851511265 22.36965926285494
166.4999999999999 23.098549356869054 22.369866143129563
167.0 23.09956918741443 22.370081526825352
167.5 23.10059266040906 22.370291440422378
167.9999999999999 23.10162091139274 22.37051286851277
168.5 23.102642948854513 22.370734749614208
169.0 23.103672659031137 22.37095430218943
169.4999999999999 23.104704787004778 22.371178934361303
170.0 23.105725825521905 22.371399080431054
170.5 23.106771771397028 22.371626561064936
170.9999999999999 23.10780599228867 22.37186108030889
171.5 23.108843380531003 22.372087179911524
172.0 23.109878639094056 22.372319322672528
172.4999999999999 23.110920149543816 22.37255268467445
173.0 23.11198195861239 22.372790532405105
173.5 23.113032200463316 22.37302775171529
173.9999999999999 23.114086511649514 22.373275199077696
174.5 23.11514399198434 22.37352114562728
175.0 23.116207268936297 22.373761353778477
175.4999999999999 23.1172823235721 22.374010650472766
176.0 23.118350280260465 22.374260097857473
176.5 23.119411272719436 22.374506602309502
176.9999999999999 23.120500167487585 22.374757393123712
177.5 23.121570826434265 22.37502194022367
178.0 23.12265171652259 22.37527819600508
178.4999999999999 23.123731183067783 22.375531323341452
179.0 23.12483150263911 22.375800931215064
179.5 23.125922735835932 22.37605514102267
179.9999999999999 23.127009677651415 22.376324135026245
180.5 23.128108978606626 22.376592093753708
181.0 23.129207343920918 22.376864395425415
181.4999999999999 23.13030006235168 22.37713205697073
182.0 23.1314000885596 22.377406280555455
182.5 23.13250625395699 22.377676455144325
182.9999999999999 23.133624905837394 22.377960202768342
183.5 23.134732082545174 22.378239743899865
184.0 23.135839171229865 22.378533772382884
184.4999999999999 23.136952724628138 22.378804178535262
185.0 23.138065303798648 22.379094173223734
185.5 23.139181733766442 22.379379123654893
185.9999999999999 23.140312015616576 22.379673075177024
186.5 23.141427865520203 22.37996068879621
187.0 23.14254510400899 22.38026489142839
187.4999999999999 23.14367176981159 22.380557194308818
188.0 23.144796065511347 22.380863563937503
188.5 23.145934425862002 22.381159777154032
188.9999999999999 23.147065430328077 22.381467366904552
189.5 23.1481927246092 22.381766731303635
190.0 23.149329208970375 22.382083921874557
190.4999999999999 23.15046433988863 22.38239308279768
191.0 23.15159308581285 22.382707645779906
191.5 23.152737814477216 22.383024723733023
191.9999999999999 23.15388340280397 22.383339341246177
192.5 23.155008206593738 22.383656425823535
193.0 23.156158297205103 22.38398194035009
193.4999999999999 23.15728982895294 22.384305952229706
194.0 23.15843755797282 22.38463702145879
194.5 23.15958246385857 22.384957846276855
194.9999999999999 23.16072990265683 22.385294097207705
195.5 23.161869667831184 22.385623815863408
196.0 23.163015339357102 22.38596610935175
196.4999999999999 23.164160728673853 22.386303172724794
197.0 23.16530773212179 22.38664128997206
197.5 23.166454075390345 22.386986879848045
197.9999999999999 23.167597179237724 22.387332636019124
198.5 23.168753180829356 22.387673654961926
199.0 23.169905770090793 22.38802831048336
199.4999999999999 23.17105120672624 22.388378460745724
200.0 23.172203197409942 22.388736241055955
200.5 23.173346060363805 22.389091380639496
200.9999999999999 23.174497064516686 22.389451163540443
201.5 23.175646222318914 22.38982027229087
202.0 23.176795941404965 22.390180467582013
202.4999999999999 23.17793923585052 22.39054640730358
203.0 23.17909554625733 22.390914145280547
203.5 23.180247249445372 22.391290801600256
203.9999999999999 23.181397193176934 22.3916551402474
204.5 23.182552879509075 22.39203820490499
205.0 23.18370674015356 22.392419489718964
205.4999999999999 23.184865819913632 22.392802962432008
206.0 23.186030187181373 22.393187339444477
206.5 23.187197489960806 22.393573433511428
206.9999999999999 23.188349645197043 22.393959040212543
207.5 23.18952343492213 22.39435286527925
208.0 23.190688201480988 22.39474028826335
208.4999999999999 23.191849113436586 22.39514071862275
209.0 23.193011714336432 22.395535624054585
209.5 23.194172674685888 22.395941167643088
209.9999999999999 23.195355461201537 22.39634590754273
210.5 23.196531904485383 22.396747712372893
211.0 23.197706093103378 22.397164737427392
211.4999999999999 23.19888874605127 22.39756633448525
212.0 23.20005494902643 22.39798732287449
212.5 23.201240862805484 22.398397565211255
212.9999999999999 23.202414799050658 22.398818424994552
213.5 23.203596967525225 22.399235176029393
214.0 23.20478060925876 22.399651794433208
214.4999999999999 23.205960765049667 22.400083778999786
215.0 23.20714644285872 22.400516047714085
215.5 23.208332206540025 22.400943670722043
215.9999999999999 23.20952000576824 22.401370827923706
216.5 23.210697213147967 22.40180791692165
217.0 23.211888362460876 22.40224344530313
217.4999999999999 23.213081892971008 22.402682622717037
218.0 23.214274106658408 22.403118358158473
218.5 23.215467816874025 22.403565511368754
218.9999999999999 23.216655552849154 22.40400791807691
219.5 23.217854453682072 22.404460253601957
220.0 23.21904143206771 22.40491645288739
220.4999999999999 23.220239590907386 22.405366401779595
221.0 23.22144537733591 22.40582172630774
221.5 23.222646009599586 22.406275248869044
221.9999999999999 23.223851160724337 22.406733332244436
222.5 23.225035236193325 22.407195599728375
223.0 23.22624902306184 22.407659831213532
223.4999999999999 23.22745483893668 22.408128768437663
224.0 23.228659985080643 22.40860063951699
224.5 23.229858279605352 22.409068554924417
224.9999999999999 23.231063090042078 22.40954903194764
225.5 23.23227155058714 22.410019247624685
226.0 23.23346998965326 22.410498575137616
226.4999999999999 23.234680344129764 22.4109794477965
227.0 23.235896288187973 22.41145342482725
227.5 23.23709849114738 22.411940868008582
227.9999999999999 23.238313010360862 22.412429720413716
228.5 23.23952416956444 22.412917960373733
229.0 23.24073897426143 22.413408531739528
229.4999999999999 23.241945835086007 22.41390158143966
230.0 23.243164505997704 22.41439533437144
230.5 23.2443778717375 22.414896270785487
230.9999999999999 23.245592221448614 22.415399555143793
231.5 23.24680500212684 22.415896235746384
232.0 23.248023139472135 22.416405437644915
232.4999999999999 23.249240170354785 22.41691626027855
233.0 23.25046328667769 22.417420422281094
233.5 23.2516815151488 22.41792627682596
233.9999999999999 23.252896687181007 22.41843873130548
234.5 23.25412513259879 22.41895780727003
235.0 23.255343109808464 22.41947772699406
235.4999999999999 23.256562558603893 22.41999650363528
236.0 23.25778199679649 22.420518072551907
236.5 23.259008598811384 22.421046377184727
236.9999999999999 23.260227770970417 22.421572975159314
237.5 23.26145630168607 22.42211262479829
238.0 23.262686582592465 22.4226423863602
238.4999999999999 23.263907102586728 22.423168455799626
239.0 23.26513932325945 22.423712107576662
239.5 23.266361001593438 22.42425018944003
239.9999999999999 23.267599795647435 22.424788046030912
240.5 23.26882208687848 22.42533633391372
241.0 23.27005939579749 22.42588928428997
241.4999999999999 23.27129063295406 22.426432968957684
242.0 23.272527211477932 22.426995329827054
242.5 23.273756260055652 22.4275424171178
242.9999999999999 23.275002905801443 22.428099346859973
243.5 23.27624080268498 22.428667654080744
244.0 23.277471280187413 22.4292205211013
244.4999999999999 23.278708985970983 22.42979268250776
245.0 23.279952058713423 22.430359121641338
245.5 23.281197144626002 22.43092577862967
245.9999999999999 23.282430542684477 22.43149655787743
246.5 23.283676519535486 22.432076486510738
247.0 23.284928248079623 22.432651574762
247.4999999999999 23.286170973326406 22.433232807121392
248.0 23.287411173155025 22.43381087627172
248.5 23.288653557810694 22.434398430315735
248.9999999999999 23.289900002962554 22.434982945638776
249.5 23.291156439550036 22.4355744217818
250.0 23.29240617684953 22.436164147380595
250.4999999999999 23.293659540219387 22.436756889983684
251.0 23.294911072555536 22.43735355524563
251.5 23.29616491868519 22.437954453263103
251.9999999999999 23.297413800809757 22.438555712321424
252.5 23.298679562609628 22.43915331231515
253.0 23.299931695117685 22.43977003482129
253.4999999999999 23.30118861366664 22.440372923147418
254.0 23.302447434029084 22.440979458474754
254.5 23.303702915536945 22.441595458153003
254.9999999999999 23.30497206154844 22.442209294039067
255.5 23.30621995204682 22.44282094066197
256.0 23.30748633405465 22.44344301761594
256.4999999999999 23.30875694309264 22.44406416926067
257.0 23.310023734308633 22.444684344956613
257.5 23.31128670074158 22.445311015269006
257.9999999999999 23.31255600322038 22.44593609517694
258.5 23.3138201270593 22.44656705804283
259.0 23.31508855956308 22.447205289076564
259.4999999999999 23.316361221820515 22.447836015291294
260.0 23.317636767134765 22.448477886588734
260.5 23.318904024092163 22.44911407421681
260.9999999999999 23.320191637455242 22.449759141129867
261.5 23.321458869127362 22.45040412353825
262.0 23.32273475651563 22.45103836765292
262.4999999999999 23.32402188506024 22.451690063403937
263.0 23.325296982761813 22.45234215836971
263.5 23.326569958015682 22.452994998862113
263.9999999999999 23.327851063513002 22.45365095659292
264.5 23.329131254057195 22.454306448858862
265.0 23.330418916049315 22.454972732571473
265.4999999999999 23.331699638028667 22.455624094998758
266.0 23.332990609107263 22.456290790838413
266.5 23.334282602859098 22.45695072301372
266.9999999999999 23.33556782634778 22.45762133963385
267.5 23.33684875096315 22.458288181523642
268.0 23.338149726031396 22.458960901420653
268.4999999999999 23.339440783245657 22.459645475277373
269.0 23.340736357406332 22.460309721333374
269.5 23.342019856958608 22.460996798256758
269.9999999999999 23.343313879183533 22.46168283175599
270.5 23.344615699188896 22.462362389053965
271.0 23.34590861450527 22.463054041909526
271.4999999999999 23.347217750318997 22.463747077286243
272.0 23.348507299583563 22.464443592004507
