FastTrWP/PhaseSpace/IAs/snIa_0.40_30.00_-1.03_0.01.csv
# %ECSV 0.9
# ---
# datatype:
# - {name: time-rel, datatype: float64}
# - {name: g, datatype: float64}
# - {name: i, datatype: float64}
# schema: astropy-2.0
time-rel g i
[from data line 1733]
1091.6666666666667 24.52099998224599 22.90695815903923
1092.1666666666667 24.523282916455948 22.907939461117408
1092.6666666666667 24.525564790651355 22.908907706266874
1093.1666666666667 24.527855686592737 22.909895327317265
1093.6666666666667 24.530120463569176 22.910871435755897
1094.1666666666667 24.532422256492424 22.911843879267458
1094.6666666666667 24.53473658504628 22.912821594679784
1095.1666666666667 24.53702462276125 22.913802746998844
1095.6666666666667 24.53933551378214 22.91476048748474
1096.1666666666667 24.54162808137852 22.915745187676105
1096.6666666666667 24.543937189337242 22.916720252064916
1097.1666666666667 24.54623020308331 22.917692483391768
1097.6666666666667 24.548560280367518 22.918665621489946
1098.1666666666667 24.550879932873613 22.919647920393608
1098.6666666666667 24.553188125155234 22.920616558026996
1099.1666666666667 24.555514423504327 22.921589757668357
1099.6666666666667 24.557832373254453 22.922566913892194
1100.1666666666667 24.560165403922134 22.92353983583923
1100.6666666666667 24.56248873377716 22.92451063104071
1101.1666666666667 24.56483759999868 22.92549040849504
1101.6666666666667 24.56715671384964 22.926464347823288
1102.1666666666667 24.56950757892766 22.927433568530123
1102.6666666666667 24.571825359699616 22.928413631149027
1103.1666666666667 24.574174351576534 22.929383967089638
1103.6666666666667 24.576538798372862 22.930353950953545
1104.1666666666667 24.578876873334107 22.931334257846498
1104.6666666666667 24.58121524063593 22.93229734588121
1105.1666666666667 24.583568414918492 22.93327075348706
1105.6666666666667 24.585933266723117 22.93424614298505
1106.1666666666667 24.588275584597067 22.935223731324964
1106.6666666666667 24.59064871364765 22.936190014051874
1107.1666666666667 24.593009510497758 22.937159089152832
1107.6666666666667 24.595359931679816 22.938141274282348
1108.1666666666667 24.597728310017686 22.939106569538144
1108.6666666666667 24.60009597835124 22.940071364050503
1109.1666666666667 24.602476893758443 22.941045981300885
1109.6666666666667 24.604843310542766 22.942011050407885
1110.1666666666667 24.60720902704209 22.94299112678109
1110.6666666666667 24.609585098437023 22.943961665177408
1111.1666666666667 24.611961530541237 22.944925460722764
1111.6666666666667 24.614338671631984 22.945897294501698
1112.1666666666667 24.616704682259332 22.94686166699546
1112.6666666666667 24.61907736426805 22.94783502709445
1113.1666666666667 24.621476990713255 22.948807411378183
1113.6666666666667 24.623841401683496 22.949771694582445
1114.1666666666667 24.626252411171556 22.950735705585213
1114.6666666666667 24.628629483709325 22.951717159262355
1115.1666666666667 24.63099126867565 22.952676798378562
1115.6666666666667 24.633399407880525 22.953638329356597
1116.1666666666667 24.635808872866015 22.954609644179392
1116.6666666666667 24.638197084896888 22.955572155718418
1117.1666666666667 24.640577175820194 22.956534866922468
1117.6666666666667 24.642975072214703 22.957498254932005
1118.1666666666667 24.64537705277518 22.9584616951243
1118.6666666666667 24.64776686714216 22.959425932286727
1119.1666666666667 24.650152417751382 22.960383519710934
1119.6666666666667 24.652552973165424 22.9613425427683
1120.1666666666667 24.65493965753195 22.96231489322249
1120.6666666666667 24.657365592766517 22.963285876475897
1121.1666666666667 24.659746579854087 22.964242571796877
1121.6666666666667 24.662145689263927 22.965202112339718
1122.1666666666667 24.664552642110763 22.96616932385804
1122.6666666666667 24.666959576414627 22.967122766707465
1123.1666666666667 24.66935049940076 22.968084329317087
1123.6666666666667 24.671754579358144 22.969039703131983
1124.1666666666667 24.674161560998485 22.96999944112478
1124.6666666666667 24.676556931035847 22.970953348073188
1125.1666666666667 24.67895522335143 22.97191595864416
1125.6666666666667 24.681351509161324 22.972868702034628
1126.1666666666667 24.683769448648235 22.97381640200493
1126.6666666666667 24.686161155389374 22.974777864182418
1127.1666666666667 24.688561179790476 22.97572336663409
1127.6666666666667 24.69096423738378 22.976688687629263
1128.1666666666667 24.693375124021266 22.97765048674586
1128.6666666666667 24.695756022385645 22.97859172148806
1129.1666666666667 24.698169844717654 22.979540016853285
1129.6666666666667 24.700564670787127 22.980494476701743
1130.1666666666667 24.70297141094712 22.981451402847956
1130.6666666666667 24.705383252362978 22.982396181281285
1131.1666666666667 24.707795749946087 22.98335848503112
1131.6666666666667 24.71019686359486 22.98430193524347
1132.1666666666667 24.712584368897144 22.985252343877647
1132.6666666666667 24.71500160851942 22.986195693488092
1133.1666666666667 24.71740692097629 22.98714632470118
1133.6666666666667 24.71982302611501 22.988098236196144
1134.1666666666667 24.722237171951544 22.989040527027356
1134.6666666666667 24.724652108670423 22.98999155279198
1135.1666666666667 24.727067237848573 22.99093887121937
1135.6666666666667 24.72947775177981 22.991887876891237
1136.1666666666667 24.73189963506639 22.992828334321437
1136.6666666666667 24.73431458879954 22.993778291357923
1137.1666666666667 24.736728575398562 22.994716917485686
1137.6666666666667 24.739138263675397 22.99566453970312
1138.1666666666667 24.74155675938903 22.99660824851844
1138.6666666666667 24.743977329345288 22.9975508453866
1139.1666666666667 24.746401893051978 22.998493484059104
1139.6666666666667 24.748821620078886 22.99943354061261
1140.1666666666667 24.75124932259943 23.000371336158825
1140.6666666666667 24.7536492266833 23.001319487149033
1141.1666666666667 24.75609241610378 23.00225889051677
1141.6666666666667 24.758514997135453 23.003198129271695
1142.1666666666667 24.760940684282993 23.004139775488078
1142.6666666666667 24.763371152425723 23.0050739277874
1143.1666666666667 24.765782458734623 23.006015514328368
1143.6666666666667 24.768209941930643 23.006954511729575
1144.1666666666667 24.77065766993514 23.00789487088137
1144.6666666666667 24.77306606253775 23.008830053233133
1145.1666666666667 24.77549250880012 23.009761119385523
1145.6666666666667 24.777928343766025 23.01071110308916
1146.1666666666667 24.780355255452307 23.011643072459535
1146.6666666666667 24.782773725965455 23.012569106907925
1147.1666666666667 24.785206623833766 23.013511419122807
1147.6666666666667 24.787636059465086 23.01443534981277
1148.1666666666667 24.790057306420156 23.01538075304025
1148.6666666666667 24.79248562116335 23.016302558377944
1149.1666666666667 24.794900813710715 23.01723247647311
1149.6666666666667 24.79736193375699 23.018167686085334
1150.1666666666667 24.799782763498722 23.01909327152288
1150.6666666666667 24.802181466584216 23.020019814823304
1151.1666666666667 24.804622555026015 23.020956904822892
1151.6666666666667 24.807075648554324 23.02188427222466
1152.1666666666667 24.80949031988995 23.022805676629755
1152.6666666666667 24.811914517429287 23.023733137715595
1153.1666666666667 24.814376169608366 23.024670659240588
1153.6666666666667 24.81677752209793 23.025591789683645
1154.1666666666667 24.819216620303234 23.026515313725152
1154.6666666666667 24.821641994831424 23.027439996704743
1155.1666666666667 24.82407418096953 23.028358547124522
1155.6666666666667 24.82649107251895 23.029285113677425
1156.1666666666667 24.82890927605252 23.030206879480275
1156.6666666666667 24.831350754009737 23.031129333559626
1157.1666666666667 24.833773996246137 23.032039277330846
1157.6666666666667 24.83621430103698 23.032966207045718
1158.1666666666667 24.838629813913794 23.033894953644086
1158.6666666666667 24.841064683986595 23.034804679557986
1159.1666666666667 24.84349842411161 23.03572506180081
1159.6666666666667 24.845910828436075 23.036641450116086
1160.1666666666667 24.84832898292861 23.037563559818746
1160.6666666666667 24.850760996969562 23.038474905047867
1161.1666666666667 24.853181610066937 23.039384257370546
1161.6666666666667 24.855601143732557 23.040298598543657
1162.1666666666667 24.85802308613519 23.041218322890373
1162.6666666666667 24.8604407778215 23.042129171807936
1163.1666666666667 24.86286855156646 23.043039941383668
1163.6666666666667 24.865256181967695 23.043947632319316
1164.1666666666667 24.867670206168903 23.04486824767601
1164.6666666666667 24.870123676474165 23.045766566860348
1165.1666666666667 24.87255337149904 23.046678490953102
1165.6666666666667 24.874975538960584 23.047591004314146
1166.1666666666667 24.87737791670467 23.048490131818646
1166.6666666666667 24.879798012752758 23.049407907652206
1167.1666666666667 24.882245878517587 23.05031909337853
1167.6666666666667 24.88462728457513 23.05122284825371
1168.1666666666667 24.88707949845748 23.052125026663347
1168.6666666666667 24.88949484242685 23.053027915670622
1169.1666666666667 24.891917938670332 23.05393475637701
1169.6666666666667 24.8943436156075 23.05483229978526
1170.1666666666667 24.896754552690087 23.055732602357985
1170.6666666666667 24.899167730655446 23.056640856000232
1171.1666666666667 24.901593706548077 23.057538814913876
1171.6666666666667 24.903982201573747 23.05843808821221
1172.1666666666667 24.906413592737657 23.059346082253988
1172.6666666666667 24.908826991345432 23.060237252368836
1173.1666666666667 24.911257469558237 23.06113659289778
1173.6666666666667 24.9136853144452 23.06203954284654
1174.1666666666667 24.916069592178314 23.06293984502435
1174.6666666666667 24.91851151992929 23.06382768690076
1175.1666666666667 24.920894537560322 23.064726219486616
1175.6666666666667 24.923332590488812 23.065621895746503
1176.1666666666667 24.925727758604836 23.06651314953045
1176.6666666666667 24.928163668598078 23.06740926863393
1177.1666666666667 24.930553979923925 23.06829707384752
1177.6666666666667 24.932960894576798 23.069196457043738
1178.1666666666667 24.935377958386237 23.07008224741804
1178.6666666666667 24.937777660864164 23.07097281682001
1179.1666666666667 24.940180056955864 23.07185673391649
1179.6666666666667 24.94258410449525 23.072744265763916
1180.1666666666667 24.944996596633487 23.073638090114077
1180.6666666666667 24.947394871981476 23.074513388801556
1181.1666666666667 24.949784388717262 23.075405273200328
1181.6666666666667 24.952198957035744 23.076285838440846
1182.1666666666667 24.954590476298808 23.077178185026366
1182.6666666666667 24.956990281282522 23.078054497324135
1183.1666666666667 24.959410133255563 23.078946610394198
1183.6666666666667 24.961787174232487 23.079830869552026
1184.1666666666667 24.96417549375682 23.080704987997443
1184.6666666666667 24.966573124461334 23.08158664217839
1185.1666666666667 24.968971108238684 23.08244872877912
1185.6666666666667 24.971352129659188 23.083342521157867
1186.1666666666667 24.973744166930803 23.08421204643942
1186.6666666666667 24.97611197506471 23.085095586697015
1187.1666666666667 24.97849750168055 23.085962613693006
1187.6666666666667 24.980911321075226 23.08683070692707
1188.1666666666667 24.98327595488234 23.087706285578395
1188.6666666666667 24.985655991936135 23.08858765891251
1189.1666666666667 24.988032194902075 23.08945331626809
1189.6666666666667 24.99040562131786 23.09032138347677
1190.1666666666667 24.992781454652594 23.09119694105146
1190.6666666666667 24.995145090522733 23.09205402203727
1191.1666666666667 24.997530083479337 23.092928667551554
1191.6666666666667 24.99988307697919 23.093790048504076
1192.1666666666667 25.00226353679392 23.094655408532514
1192.6666666666667 25.00462589198377 23.095509711036183
1193.1666666666667 25.00697839381244 23.096379199779133
1193.6666666666667 25.00933859844038 23.097236403821036
1194.1666666666667 25.011684930391947 23.09810179037301
1194.6666666666667 25.014047350168806 23.09896393940848
1195.1666666666667 25.01639605739692 23.099822246618913
1195.6666666666667 25.018758211543137 23.10068210383722
1196.1666666666667 25.021080295543427 23.101534264955006
1196.6666666666667 25.02343471384828 23.10239401317539
1197.1666666666667 25.025791916769883 23.103245246640824
1197.6666666666667 25.028130999762894 23.10410116426276
1198.1666666666667 25.030462100197376 23.10494811810684
1198.6666666666667 25.032802762443996 23.105802018782967
1199.1666666666667 25.035131949591843 23.106654234939697
1199.6666666666667 25.03749283675485 23.1074966220159
1200.1666666666667 25.03979832610675 23.108350622609635
1200.6666666666667 25.04213170469946 23.109204100740058
1201.1666666666667 25.044479760588658 23.11005248028384
1201.6666666666667 25.046783289055185 23.110882170341274
1202.1666666666667 25.049109087248457 23.111738621825136
1202.6666666666667 25.051455748503464 23.112585652923414
1203.1666666666667 25.05375451197554 23.11343082106977
1203.6666666666667 25.056072958722563 23.114267691733748
1204.1666666666667 25.05839217015708 23.115113807707168
1204.6666666666667 25.060713252129613 23.115957944654788
1205.1666666666667 25.063022417671913 23.116789617412586
1205.6666666666667 25.065336466150377 23.117630093108502
1206.1666666666667 25.067659580291895 23.118469958857297
1206.6666666666667 25.069949208359382 23.119309710595758
1207.1666666666667 25.07224916325432 23.120140737549455
1207.6666666666667 25.074547766980196 23.12097664514656
1208.1666666666667 25.076842434276386 23.121802988095567
1208.6666666666667 25.079148759697418 23.122646414134106
1209.1666666666667 25.08143744707948 23.123472572317834
1209.6666666666667 25.083741279862345 23.12430144009685
1210.1666666666667 25.086011596228982 23.125131722831153
1210.6666666666667 25.088298853148455 23.12596617655254
1211.1666666666667 25.090570916831 23.126779276054354
1211.6666666666667 25.09285803713751 23.12761342273783
1212.1666666666667 25.095124676644602 23.128431539397294
1212.6666666666667 25.09740000951258 23.129260507163373
1213.1666666666667 25.099651584906898 23.130086523917036
1213.6666666666667 25.10192532681839 23.13090122940303
1214.1666666666667 25.104194660034675 23.131725225341672
1214.6666666666667 25.10644116533006 23.13253968106375
1215.1666666666667 25.10870238170245 23.13335763616451
1215.6666666666667 25.110937988742723 23.134169732189523
1216.1666666666667 25.11318064661392 23.13499586558788
1216.6666666666667 25.1154309387596 23.135805653176412
1217.1666666666667 25.117656541115498 23.1366193189153
1217.6666666666667 25.11992506136567 23.137429494517
1218.1666666666667 25.12213587657793 23.13823595923859
1218.6666666666667 25.124368998110608 23.139046085871424
1219.1666666666667 25.1265781167352 23.139845761321844
1219.6666666666667 25.128812228671737 23.14065338128618
1220.1666666666667 25.131047486771834 23.141459266419968
1220.6666666666667 25.13322933468141 23.142268856928556
1221.1666666666667 25.135436882486086 23.14306011289036
1221.6666666666667 25.13766882643297 23.143875092424867
1222.1666666666667 25.13985188377849 23.14466990644639
1222.6666666666667 25.142034081451577 23.14546494706629
1223.1666666666667 25.144201835617743 23.146276497998613
1223.6666666666667 25.14637794270172 23.1470650070008
1224.1666666666667 25.148601121560507 23.147857218511867
1224.6666666666667 25.15077023253358 23.148648988190175
1225.1666666666667 25.152903096471203 23.14943269195141
1225.6666666666667 25.15506744755333 23.15022966707251
1226.1666666666667 25.157238697108856 23.151011667024864
1226.6666666666667 25.159395270944028 23.151797188279232
1227.1666666666667 25.1615246281566 23.152578296962197
1227.6666666666667 25.163689798848683 23.15336971904353
1228.1666666666667 25.165817467232074 23.154150332029694
1228.6666666666667 25.167955494318285 23.15492297243274
1229.1666666666667 25.17008927922052 23.15571268407472
1229.6666666666667 25.172199600309405 23.156486723987673
1230.1666666666667 25.174303745216942 23.157259182762793
1230.6666666666667 25.176407886242856 23.158035963243183
1231.1666666666667 25.1785092325039 23.158796141702037
1231.6666666666667 25.180584205658256 23.159570188916916
1232.1666666666667 25.182659642942802 23.16032522572002
1232.6666666666667 25.184735577316786 23.161093370647198
