FastTrWP/PhaseSpace/IAs/snIa_0.33_30.00_0.54_0.11.csv
# %ECSV 0.9
# ---
# datatype:
# - {name: time-rel, datatype: float64}
# - {name: g, datatype: float64}
# - {name: i, datatype: float64}
# schema: astropy-2.0
time-rel g i
182.60416666666666 26.999534834770476 25.580182388790185
183.10416666666666 26.978208775923672 25.56891797143725
183.60416666666663 26.956981197077617 25.557602663214585
184.10416666666666 26.935756673231815 25.546327179953675
184.60416666666666 26.91470431164793 25.53502651196492
185.10416666666663 26.89361021102709 25.523768091824994
185.60416666666666 26.87260114748307 25.512490863799417
186.10416666666666 26.851693969991285 25.501260792140414
186.60416666666663 26.83087994486627 25.490030275483818
187.10416666666666 26.810145876636938 25.478817913283645
187.60416666666666 26.789449981463115 25.467613159787362
188.10416666666663 26.76896605268052 25.45644802374415
188.60416666666666 26.748567865755458 25.445294614076246
189.10416666666666 26.728168467936023 25.434164320084463
189.60416666666663 26.707953589094497 25.423045953227273
190.10416666666666 26.687831897069493 25.411981710872805
190.60416666666666 26.667901705858892 25.400918624515253
191.10416666666663 26.648027385555007 25.389873113104034
191.60416666666666 26.62827572861131 25.378916627038567
192.10416666666666 26.60868006251907 25.36792917630189
192.60416666666663 26.58917685655664 25.356978855388235
193.10416666666666 26.569846697545714 25.346091088237444
193.60416666666666 26.550584261252933 25.335214701579254
194.10416666666663 26.531477495685102 25.3243940128746
194.60416666666666 26.512570630057844 25.313583065439534
195.10416666666666 26.49378464640868 25.30283341306919
195.60416666666663 26.47505503151471 25.292098064689363
196.10416666666666 26.456526203530046 25.281413553242654
196.60416666666666 26.438129776931888 25.270771212889002
197.10416666666663 26.41979348358905 25.2601454036986
197.60416666666666 26.401681403209526 25.24958227775069
198.10416666666666 26.383692512360142 25.23905658047679
198.60416666666663 26.365820311626123 25.228569698276857
199.10416666666666 26.348006204041386 25.21814350453092
199.60416666666666 26.33045075607452 25.20774196751836
200.10416666666663 26.31296238760257 25.197367443477717
200.60416666666666 26.295667790397637 25.187039527327922
201.10416666666666 26.278468286889 25.176801090264984
201.60416666666663 26.26141293230047 25.166543543949068
202.10416666666666 26.244523688739175 25.156358759235104
202.60416666666666 26.227763842387752 25.14622910523666
203.10416666666663 26.21106311473508 25.13613372111831
203.60416666666666 26.19457947107516 25.126087511928187
204.10416666666666 26.17819068692186 25.1160866161591
204.60416666666663 26.16196298665787 25.106136995327883
205.10416666666666 26.145779952076204 25.096227780196156
205.60416666666666 26.129816890405376 25.086357776379113
206.10416666666663 26.113946499160278 25.076540562137172
206.60416666666666 26.098167172148333 25.06677597189533
207.10416666666666 26.08258048171536 25.057088046703306
207.60416666666663 26.06710827537195 25.047381595983428
208.10416666666666 26.05175968162936 25.037769534995846
208.60416666666666 26.036537061361997 25.028188842155416
209.10416666666663 26.021432218428245 25.01865977910915
209.60416666666666 26.006432105285757 25.00917235900761
210.10416666666666 25.991596852658112 24.99972206831029
210.60416666666663 25.976843199662902 24.99036309793498
211.10416666666666 25.962278309711053 24.981033986230955
211.60416666666666 25.947760661767695 24.97174284928017
212.10416666666663 25.93335718889939 24.962509876856686
212.60416666666666 25.919119230640252 24.953311814436926
213.10416666666666 25.904980634012006 24.944179923556796
213.60416666666663 25.890949847210916 24.935089245864454
214.10416666666666 25.877047657102203 24.926038707063324
214.60416666666666 25.86317950753636 24.91702680395141
215.10416666666663 25.849421870410175 24.908046210743105
215.60416666666666 25.83572333242379 24.899077765471326
216.10416666666666 25.82210467366926 24.890126943395146
216.60416666666663 25.808541845174425 24.881218939292268
217.10416666666666 25.795061925238436 24.872342976311486
217.60416666666666 25.781617942924484 24.86351468084578
218.10416666666663 25.76828609894274 24.854661281841594
218.60416666666666 25.75498385950944 24.845912855741968
219.10416666666666 25.741801392037324 24.83714512551201
219.60416666666663 25.728682316476146 24.82839789301496
220.10416666666666 25.71559875833733 24.819693214889792
220.60416666666666 25.702623607659557 24.811014733344866
221.10416666666663 25.68971068290866 24.802386734428893
221.60416666666666 25.67690420893957 24.7937635273273
222.10416666666666 25.66411644287381 24.785195821871437
222.60416666666663 25.651443394192373 24.776633218954597
223.10416666666666 25.63882718718595 24.768123375222295
223.60416666666666 25.626222278791634 24.759636975201683
224.10416666666663 25.613747568892734 24.7512187422695
224.60416666666666 25.60135915192872 24.742770932638592
225.10416666666666 25.58904960719338 24.734388453309023
225.60416666666663 25.57677032939703 24.72603895128286
226.10416666666666 25.564589246208996 24.717714180861257
226.60416666666666 25.552473425822075 24.70941196376988
227.10416666666663 25.54043401582435 24.701147302880063
227.60416666666666 25.528478248048778 24.692942756570254
228.10416666666666 25.51658043399523 24.68474956109801
228.60416666666663 25.5047505281278 24.676593258192085
229.10416666666666 25.493010766647977 24.668457209329834
229.60416666666666 25.48130125255956 24.660354961348713
230.10416666666666 25.469715321963477 24.652287769380617
230.60416666666666 25.45815278090045 24.644264404159266
231.10416666666666 25.44669522126003 24.636282926946183
231.60416666666666 25.43524253267215 24.62832517327233
232.10416666666666 25.423955653492875 24.620392792566133
232.60416666666666 25.412686606313727 24.61247934235969
233.10416666666666 25.401498637752212 24.604623900210633
233.60416666666666 25.390367107866435 24.596781331205996
234.10416666666666 25.37930238812503 24.58899416262602
234.60416666666666 25.368337404797558 24.581233132887302
235.10416666666666 25.357406759710436 24.573489858536718
235.60416666666666 25.346563128861387 24.565802950778618
236.10416666666666 25.3357559934093 24.558132559469765
236.60416666666666 25.325031890446557 24.55052236652621
237.10416666666666 25.314403164480925 24.542919356128277
237.60416666666666 25.303823703723346 24.535342423289556
238.10416666666666 25.29328954746309 24.52782656654014
238.60416666666666 25.28282469806055 24.520326506435268
239.10416666666666 25.272406426202863 24.512852156840488
239.60416666666666 25.26209629796176 24.505415534150554
240.10416666666666 25.251869314889106 24.498045713264514
240.60416666666666 25.24165603795133 24.490666891605855
241.10416666666666 25.231563680642033 24.483335043907964
241.60416666666666 25.22145825157654 24.47605874588788
242.10416666666666 25.211432152321823 24.4687876688401
242.60416666666666 25.201520186852274 24.461542760952764
243.10416666666666 25.19163701918111 24.45435663173358
243.60416666666666 25.18179963355997 24.447188430696208
244.10416666666666 25.17206390124506 24.440052521965235
244.60416666666666 25.162341323630674 24.432964023836522
245.10416666666666 25.152697473489813 24.42589452197417
245.60416666666666 25.143134071080887 24.418863980062525
246.10416666666666 25.133625897998368 24.411872261517477
246.60416666666666 25.124145194397258 24.404875216224966
247.10416666666666 25.114702686877756 24.397917736438906
247.60416666666666 25.10530122555305 24.390956236214613
248.10416666666666 25.095910432218336 24.384053473706075
248.60416666666666 25.0865897689078 24.37714153189016
249.10416666666666 25.077294792484757 24.370244699648413
249.60416666666666 25.068032710567266 24.36340487612832
250.10416666666666 25.058842664930978 24.356540981198116
250.60416666666666 25.04962594918662 24.349713654107234
251.10416666666666 25.040475211767973 24.34290351068272
251.60416666666666 25.031376192351154 24.336138007353348
252.10416666666666 25.022316705782693 24.3293891485988
252.60416666666666 25.013302251870595 24.322642273785014
253.10416666666666 25.004296164705593 24.315916067668233
253.60416666666666 24.99536893391173 24.309227610645387
254.10416666666666 24.986421131791687 24.30256413523987
254.60416666666666 24.97757494439105 24.295910639089545
255.10416666666666 24.96874786778646 24.28927020771908
255.60416666666666 24.959962699828093 24.28266869657852
256.1041666666667 24.951213328201234 24.27609807683904
256.6041666666667 24.942521424756738 24.269564058544482
257.1041666666667 24.93383907157776 24.263022374916506
257.6041666666667 24.925232547227452 24.256501044233246
258.1041666666667 24.91664633631277 24.250015330418368
258.6041666666667 24.90811265917083 24.243548554376297
259.1041666666667 24.89960558989591 24.23711210463821
259.6041666666667 24.89116604279512 24.230698983770075
260.1041666666667 24.88275686064754 24.224306055092704
260.6041666666667 24.874374069644183 24.21793725993779
261.1041666666667 24.866046718078984 24.21161569183925
261.6041666666667 24.857759693048767 24.205280435595895
262.1041666666667 24.849528345081453 24.19899201187721
262.6041666666667 24.841316585162602 24.192720339116644
263.1041666666667 24.833151417971525 24.186485769888062
263.6041666666667 24.82503941758381 24.180259233289792
264.1041666666667 24.816961195612155 24.17408013645978
264.6041666666667 24.808938927971383 24.167897446717248
265.1041666666667 24.80094110205784 24.161772641192655
265.6041666666667 24.792979102946866 24.15564719286207
266.1041666666667 24.78508308870591 24.149551912923112
266.6041666666667 24.777213017557767 24.143491221456724
267.1041666666667 24.769396892731805 24.137450277281953
267.6041666666667 24.761614297647306 24.131437573386137
268.1041666666667 24.75386398424068 24.125445527409543
268.6041666666667 24.74616584258897 24.119478821910775
269.1041666666667 24.738540110395345 24.113536058303243
269.6041666666667 24.730916348162403 24.107630523518097
270.1041666666667 24.723357896784847 24.10173568455985
270.6041666666667 24.71580421118204 24.095885015669552
271.1041666666667 24.708323530832264 24.090041754255633
271.6041666666667 24.700886128930645 24.084231961124914
272.1041666666667 24.693513654754312 24.07845020941483
272.6041666666667 24.68612571464344 24.07267820668428
273.1041666666667 24.67880170251246 24.066944750969164
273.6041666666667 24.671527039123777 24.06123963767432
274.1041666666667 24.66429363027538 24.055572703040543
274.6041666666667 24.657104484791272 24.04991814618562
275.1041666666667 24.64995782048429 24.044281879176772
275.6041666666667 24.642844608971966 24.03867755940009
276.1041666666667 24.635778143016317 24.033089624064598
276.6041666666667 24.628768853797595 24.02757389069384
277.1041666666667 24.62176650446839 24.022028968856823
277.6041666666667 24.614822394056482 24.01653730235398
278.1041666666667 24.607916313021803 24.011061973914124
278.6041666666667 24.60103051304642 24.00560947889638
279.1041666666667 24.594178466813506 24.00014188693727
279.6041666666667 24.587358952252604 23.994725312373436
280.1041666666667 24.580528855332716 23.989321651553382
280.6041666666667 24.57375705503306 23.983921831722924
281.1041666666667 24.56700380676411 23.978544598188027
281.6041666666667 24.560265171050304 23.973198882523953
282.1041666666667 24.553536354769385 23.96784897110141
282.6041666666667 24.546870165785162 23.96251917841735
283.1041666666667 24.540218061359987 23.957205395426936
283.6041666666667 24.533586159325186 23.951919619707873
284.1041666666667 24.526988901020943 23.94663964887203
284.6041666666667 24.52039969690409 23.941370872002953
285.1041666666667 24.51385129216166 23.936130706533078
285.6041666666667 24.507334660419108 23.930909162094768
286.1041666666667 24.50082748017182 23.925698399594182
286.6041666666667 24.49437560066066 23.920501001168603
287.1041666666667 24.487908291700997 23.91535086629205
287.6041666666667 24.481491621242142 23.910187251937835
288.1041666666667 24.475109808798305 23.905041574194755
288.6041666666667 24.468738573011567 23.89992539879227
289.1041666666667 24.4623924375893 23.894817835804794
289.6041666666667 24.456092111080437 23.88974244578744
290.1041666666667 24.449816928751208 23.88465598073145
290.6041666666667 24.443555365952527 23.879627027344377
291.1041666666667 24.437308842861462 23.874581880252855
291.6041666666667 24.431108155629143 23.86957392696816
292.1041666666667 24.424932831394134 23.8645873228255
292.6041666666667 24.418778760983727 23.859615958562628
293.1041666666667 24.412668801182082 23.854648198307995
293.6041666666667 24.40656414013619 23.849699736435582
294.1041666666667 24.400496957147872 23.844785661428276
294.6041666666667 24.394457939136494 23.839883959283693
295.1041666666667 24.38843987884316 23.834992732973483
295.6041666666667 24.38245501959353 23.830126265676906
296.1041666666667 24.37651541592032 23.82527889414609
296.6041666666667 24.37057460782421 23.820442794701215
297.1041666666667 24.364651399075665 23.815616599527317
297.6041666666667 24.35879921639334 23.81083732576272
298.1041666666667 24.35293149149136 23.806050809771193
298.6041666666667 24.347120371152627 23.801306682381988
299.1041666666667 24.341327170408533 23.796569494319385
299.6041666666667 24.335573461482962 23.791840606236768
300.1041666666667 24.329815825865705 23.787158927669
300.6041666666667 24.324115118327427 23.782466656249536
301.1041666666667 24.31842734205876 23.77779626556333
301.6041666666667 24.312778110295355 23.773155293498554
302.1041666666667 24.307127466345165 23.768533781724773
302.6041666666667 24.301522508524187 23.76393293144243
303.1041666666667 24.295972683175172 23.75933972535883
303.6041666666667 24.290415583157554 23.754772408875972
304.1041666666667 24.28489436211819 23.750222573109383
304.6041666666667 24.27939874428853 23.7456992415635
305.1041666666667 24.273937349104937 23.741177694721035
305.6041666666667 24.268490466402227 23.73668260500219
306.1041666666667 24.26307894180188 23.732213698751636
306.6041666666667 24.25768903715747 23.72775570507767
307.1041666666667 24.252342569405858 23.72333215228222
307.6041666666667 24.247013202102586 23.71889621641934
308.1041666666667 24.241703755920962 23.71450773978124
308.6041666666667 24.236437433285445 23.710135228052486
309.1041666666667 24.231190184884785 23.705766388557606
309.6041666666667 24.225969849117458 23.701427518323417
310.1041666666667 24.22077429695493 23.6971052011922
310.6041666666667 24.21559418571034 23.692801041631913
311.1041666666667 24.21045720359192 23.688504979480264
311.6041666666667 24.20534157882316 23.684224580929538
312.1041666666667 24.200222864232156 23.679969968732813
312.6041666666667 24.195146413038643 23.675725290264083
313.1041666666667 24.190084913272003 23.67150451801244
313.6041666666667 24.18504959197525 23.667293345424582
314.1041666666667 24.18003516807254 23.66308668578101
314.6041666666667 24.175016421891684 23.658920127498785
315.1041666666667 24.170050039120433 23.654752990350026
315.6041666666667 24.165087770236674 23.6506045542316
316.1041666666667 24.160175737893805 23.646474999032336
316.6041666666667 24.15525688433891 23.642346070760585
317.1041666666667 24.15036318740171 23.638226214773677
317.6041666666667 24.14548068730987 23.63414188359165
318.1041666666667 24.14061797775444 23.630057711364692
318.6041666666667 24.135776424267867 23.625995130807986
319.1041666666667 24.130968454518715 23.62193995956678
319.6041666666667 24.126167063124875 23.617905016651942
320.1041666666667 24.121368188570464 23.613887952043797
320.6041666666667 24.116617442543493 23.609867947207817
321.1041666666667 24.1118808145978 23.605865662107945
321.6041666666667 24.10713389454207 23.60187441612527
322.1041666666667 24.102424501280048 23.597913771426224
322.6041666666667 24.097738418216487 23.59394780462448
323.1041666666667 24.093080944944198 23.59000115702775
323.6041666666667 24.088403550445264 23.586066743277353
324.1041666666667 24.08377010411015 23.582147749974297
324.6041666666667 24.079144895304218 23.578222152592296
325.1041666666667 24.07453089430525 23.574331168938286
325.6041666666667 24.069949133250567 23.570437563416043
