FastTrWP/PhaseSpace/IAs/snIa_0.33_30.00_-0.22_-0.03.csv
# %ECSV 0.9
# ---
# datatype:
# - {name: time-rel, datatype: float64}
# - {name: g, datatype: float64}
# - {name: i, datatype: float64}
# schema: astropy-2.0
time-rel g i
[from data line 1770]
465.0 24.042896623738116 23.03779644022685
465.5 24.045133286800414 23.038629360959952
466.0 24.047376848114524 23.039468205552097
466.5 24.049607414203518 23.040286176925232
467.0 24.051860470803668 23.041123754446158
467.5 24.054095934265263 23.04195064865509
468.0 24.056354872145768 23.042784091785904
468.5 24.058605911542003 23.04360530999068
469.0 24.060843917777323 23.0444256955235
469.5 24.06310327201881 23.045257516036337
470.0 24.06534217113512 23.046073286145674
470.5 24.067606924648274 23.04689603349468
471.0 24.06985737668275 23.04772151377926
471.5 24.072135192056262 23.0485276943598
472.0 24.074366168072665 23.04935718689093
472.5 24.076629011042524 23.050170073439375
473.0 24.07889425593602 23.050989797647006
473.5 24.081149376905234 23.0518043448025
474.0 24.08340968847633 23.052618564706435
474.5 24.08567332934384 23.053431542543233
475.0 24.087940898002472 23.05425291165118
475.5 24.090211411782473 23.05506140651289
476.0 24.09248371320491 23.05586943654025
476.5 24.094733034962708 23.056679152799852
477.0 24.097015216711597 23.05748606955428
477.5 24.09927750187247 23.058286034405437
478.0 24.1015476217233 23.059101325656567
478.5 24.103812122775764 23.059907085402603
479.0 24.106071769177674 23.06070947142336
479.5 24.108334175568288 23.0615184400379
480.0 24.110610043347602 23.06232124042834
480.5 24.11286335406626 23.06312596109899
481.0 24.11514584512192 23.063926020182535
481.5 24.117401058699336 23.064726574457055
482.0 24.119674357237013 23.065530024149172
482.5 24.121939314906328 23.066327018395086
483.0 24.124192985603425 23.06712478740817
483.5 24.126455500296792 23.067925527585352
484.0 24.128721314783185 23.06872057193757
484.5 24.130972736399503 23.06952266175482
485.0 24.133256693127144 23.070307498067635
485.5 24.135498034222366 23.071111553107258
486.0 24.13776761522692 23.071900078897375
486.5 24.14003161579096 23.072698308540787
487.0 24.142280019859502 23.073483856358393
487.5 24.144569929048345 23.074266294631457
488.0 24.14682630828481 23.075062254953696
488.5 24.149113769968196 23.075858439801262
489.0 24.15137903648741 23.076635753225716
489.5 24.153658184361543 23.077429372615544
490.0 24.155911657521827 23.078206215329274
490.5 24.15818837057936 23.078990627749995
491.0 24.16046705186242 23.079775475550527
491.5 24.16274016683157 23.08055770421177
492.0 24.165028038834112 23.08133932170001
492.5 24.16729759328989 23.082114335503565
493.0 24.169581626249848 23.082901631604436
493.5 24.171839633249146 23.083668530531554
494.0 24.1741341284775 23.084443838247935
494.5 24.176413087710618 23.085231036401552
495.0 24.178693844111038 23.08600079911362
495.5 24.180959707365872 23.0867546414841
496.0 24.1832308047753 23.08754829486471
496.5 24.185542890711638 23.088303866451984
497.0 24.187829425627797 23.089077802928205
497.5 24.190108743283574 23.089841869138574
498.0 24.192402681011167 23.090620491744907
498.5 24.194681469949685 23.091394780798446
499.0 24.196941149953464 23.092146634853194
499.5 24.199243784263373 23.09291579285468
500.0 24.201529689927685 23.093671515549584
500.5 24.203803772919862 23.094440395163392
501.0 24.206101823969995 23.095211752242335
501.5 24.208394849547634 23.09595690498937
502.0 24.210685212156584 23.096711764855428
502.5 24.21294720019136 23.097471015159883
503.0 24.215243574364642 23.09822813057258
503.5 24.2175277504034 23.09898052594037
504.0 24.219820333292958 23.099745299512485
504.5 24.222094169626047 23.1004904948912
505.0 24.224399175532657 23.101244802822087
505.5 24.22668577803773 23.101984985596896
506.0 24.22894825604656 23.102732078799804
506.5 24.231238290818695 23.103490651548167
507.0 24.233534417578323 23.1042373325011
507.5 24.23582266871712 23.104988115370872
508.0 24.23809894133491 23.10572640700126
508.5 24.240401130070587 23.10647449626402
509.0 24.24267300698876 23.107207190681006
509.5 24.244962293169436 23.107951577346313
510.0 24.24724045213974 23.10868320009137
510.5 24.249535755560213 23.109428682828618
511.0 24.251807418106637 23.11016647029941
511.5 24.254103354194818 23.110898382237227
512.0 24.256372689393764 23.11163073626028
512.5 24.258675305885788 23.112373090722244
513.0 24.260942621022853 23.11310568758859
513.5 24.26324129526651 23.113828308947802
514.0 24.265508845568146 23.114560510454645
514.5 24.267786690746398 23.115294961525528
515.0 24.270063507231136 23.116024817259778
515.5 24.27232511208439 23.116744187946715
516.0 24.274622618178118 23.117475358434856
516.5 24.276889545611194 23.11819543120887
517.0 24.279175976683703 23.118914697022042
517.5 24.281436770561754 23.119638024547143
518.0 24.283719897896546 23.12036617229499
518.5 24.285997534480074 23.12107928744733
519.0 24.28827864885804 23.12180290061662
519.5 24.290551376410686 23.122517321362537
520.0 24.292818538273558 23.123232506573842
520.5 24.295094702738066 23.12393592846114
521.0 24.297376483591844 23.124662896781764
521.5 24.29965159713548 23.125382892510068
522.0 24.301931852346176 23.126087190460026
522.5 24.304188105965302 23.126802928685684
523.0 24.30647277140324 23.127495661998072
523.5 24.308750293483698 23.128211601551225
524.0 24.311021003229698 23.128917741680844
524.5 24.313301595300697 23.129631856391313
525.0 24.31556831465233 23.13033515451125
525.5 24.317832372531242 23.131031634428766
526.0 24.32011278671794 23.131724225347313
526.5 24.322380898476013 23.132426068376667
527.0 24.324652565074384 23.133135969039866
527.5 24.326921336174536 23.133830912018958
528.0 24.32918166693873 23.13451943054586
528.5 24.331460188561223 23.135221242922096
529.0 24.333738011966325 23.13591388296644
529.5 24.335986922249244 23.13661102561626
530.0 24.3382680298527 23.137293374746175
530.5 24.340529904699636 23.13798991472066
531.0 24.342769466364608 23.138679162450316
531.5 24.345048715084346 23.139354770037947
532.0 24.347311508296897 23.140053474248838
532.5 24.34958043857751 23.140737939007177
533.0 24.351856918054544 23.141410141598197
533.5 24.354088145189856 23.142106343546516
534.0 24.356351297902727 23.14277531498581
534.5 24.35861261610691 23.143459728082377
535.0 24.3608607434917 23.14414084080136
535.5 24.363128036547717 23.144801725663513
536.0 24.365361377197882 23.145485061772785
536.5 24.367619166828533 23.146160075837244
537.0 24.369870304860708 23.146833637116437
537.5 24.37213115638078 23.147504317779696
538.0 24.37439049837812 23.148166797647548
538.5 24.376625962288088 23.148835081926986
539.0 24.378866122813037 23.149503654090083
539.5 24.38109693601813 23.150166580706482
540.0 24.383367136678086 23.150832431900234
540.5 24.385593566063562 23.1514855528403
541.0 24.387854602260983 23.1521508411237
541.5 24.390081404461995 23.15281216202439
542.0 24.392302862086442 23.153462067965908
542.5 24.39455662107833 23.154122137137993
543.0 24.396776935495893 23.154775498031057
543.5 24.398987644794428 23.155428398592548
544.0 24.401210518694292 23.156070939661582
544.5 24.403464422941102 23.156730481368697
545.0 24.40568054693378 23.15737231148299
545.5 24.407913658448837 23.158020622770458
546.0 24.410140238466166 23.15866225739949
546.5 24.412355543821782 23.159298766645293
547.0 24.414585967575917 23.15993978584524
547.5 24.41678950049241 23.16057451323101
548.0 24.41898666817427 23.161225241897654
548.5 24.421183652024258 23.16185366140193
549.0 24.423415859131346 23.162489662837956
549.5 24.425636331876976 23.163115853603223
550.0 24.427839914293962 23.163754889495824
550.5 24.4300544315278 23.16438620961993
551.0 24.43224844663741 23.165009499865057
551.5 24.434444317260926 23.165637626789866
552.0 24.436649729297017 23.166268084957785
552.5 24.438840182683283 23.166896498546492
553.0 24.441043768796117 23.1675172545401
553.5 24.443236991003467 23.168130132315063
554.0 24.445432531972443 23.16875561965896
554.5 24.44763054822323 23.169370558153908
555.0 24.44982313179921 23.169993747202113
555.5 24.45200223007324 23.17060490573265
556.0 24.454215972810125 23.17121982907068
556.5 24.456390390723158 23.171838707094818
557.0 24.45856472851508 23.172452002718025
557.5 24.46073579749829 23.173055150973767
558.0 24.462937697676658 23.173656941449934
558.5 24.46512239525402 23.17427498917166
559.0 24.467279718474515 23.17486651697465
559.5 24.469451866172527 23.175470345190703
560.0 24.47162769282361 23.17607214792148
560.5 24.473790401855588 23.176672425496072
561.0 24.475967598220038 23.17727518840204
561.5 24.478127549841947 23.17787864663884
562.0 24.480285901838904 23.17846677722052
562.5 24.482449203022966 23.179059551585596
563.0 24.484597327922494 23.179652740917835
563.5 24.486751487670283 23.180243943288644
564.0 24.488902930050337 23.180829904436123
564.5 24.49105478931559 23.181418631666215
565.0 24.49319605859383 23.181998834002915
565.5 24.49533089842898 23.18258161789604
566.0 24.497479975493004 23.183167145380086
566.5 24.49963036436649 23.18374307703356
567.0 24.501762250955803 23.184318841798614
567.5 24.50388415671121 23.184896097688412
568.0 24.506009054666524 23.18547477402848
568.5 24.508123074411184 23.186048369360105
569.0 24.510245317003843 23.18661296324107
569.5 24.51236552733799 23.187183640586397
570.0 24.514481779459825 23.187751119946306
570.5 24.516592294574618 23.188317010857034
571.0 24.51869264070655 23.188874087770767
571.5 24.52081229268154 23.18943678161237
572.0 24.52289583780587 23.189999847941152
572.5 24.524987318845742 23.1905580760819
573.0 24.52709769743226 23.19111254409352
573.5 24.52917831275267 23.191667150899722
574.0 24.531269314607968 23.19222646804256
574.5 24.53335186631831 23.192768877053616
575.0 24.535418905155197 23.193309368952907
575.5 24.53749257042062 23.193865624848314
576.0 24.539551611010445 23.1943935719848
576.5 24.541622698254177 23.194944472518188
577.0 24.54369542658469 23.195485720044555
577.5 24.54575697855708 23.196016858892357
578.0 24.547805074566345 23.196561740267583
578.5 24.54983233770276 23.197104668142195
579.0 24.55188574154127 23.19762803126345
579.5 24.553920155013415 23.198156259453864
580.0 24.555955145909696 23.198676452769394
580.5 24.557966227547613 23.199211138521996
581.0 24.559988010218863 23.199724431575856
581.5 24.562014796203346 23.2002420728741
582.0 24.564022564188033 23.200763336949738
582.5 24.56602139946031 23.20128381109346
583.0 24.56801755878232 23.201787208058867
583.5 24.569983527714907 23.202290396827955
584.0 24.571974964318493 23.202791816241568
584.5 24.573957939461508 23.203297447895462
585.0 24.575902994084075 23.20378712483877
585.5 24.577852805593835 23.20428722554377
586.0 24.579812340377355 23.20477283931082
586.5 24.581745028587076 23.205268101920254
587.0 24.583710328335098 23.205751149981246
587.5 24.58561471403489 23.206237531025174
588.0 24.587555236275925 23.20671751463449
588.5 24.58947735897301 23.207204261505666
589.0 24.59138859010553 23.20768019772224
589.5 24.59329430295101 23.208154510029782
590.0 24.59521228992028 23.208613644712596
590.5 24.597114108472073 23.209092576602334
591.0 24.59901625421855 23.209556919746976
591.5 24.600896183652445 23.210018880653838
592.0 24.602780182566253 23.21049738591357
592.5 24.604672980537245 23.2109478711258
593.0 24.606545791225024 23.211415341937617
593.5 24.608410886943233 23.21186954973362
594.0 24.610290020433716 23.212336124227573
594.5 24.61215777303289 23.212782689803653
595.0 24.61401659221938 23.21323979976881
595.5 24.615855982565233 23.213693409143787
596.0 24.61771510981292 23.21415050115045
596.5 24.619579891816375 23.214596329932995
597.0 24.621435484510705 23.215046535648835
597.5 24.623259635260833 23.215502868696515
598.0 24.625124387698733 23.215942289666852
598.5 24.626938440605187 23.216401994602137
599.0 24.628782425666017 23.216828492165938
599.5 24.63063125621852 23.217280884345776
600.0 24.632469364736316 23.21772320900771
600.5 24.63428010364545 23.218164474792257
601.0 24.636110087301933 23.21861413489423
601.5 24.637958566806432 23.21905179119325
602.0 24.639789733804477 23.219483792759682
602.5 24.641591872857674 23.219933889561958
603.0 24.643429624472162 23.220381924774138
603.5 24.645256958027932 23.220814521732972
604.0 24.64709590865665 23.221258029645895
604.5 24.648912606856644 23.221709306187243
605.0 24.650712336159266 23.222139446133884
605.5 24.65253305037951 23.222582002174647
606.0 24.654374077746255 23.223025578834733
606.5 24.65618928385743 23.223462492440103
607.0 24.65801442667638 23.22391098464559
607.5 24.659847373333715 23.224345210712688
608.0 24.661668652624464 23.224790461304888
608.5 24.663478547078892 23.225229177255784
609.0 24.665307094262353 23.225673037031576
609.5 24.667138123326083 23.22610786760267
610.0 24.668991007244077 23.226563102666947
610.5 24.670799957032425 23.227007584512705
611.0 24.672640970455703 23.227454595944877
611.5 24.674481962871152 23.22789681248322
612.0 24.676311396243847 23.228343212785102
612.5 24.678152710283868 23.22879983633326
613.0 24.67998772201751 23.229247521327963
613.5 24.68182721277886 23.229693262981066
614.0 24.683636174646786 23.230133922936464
614.5 24.6854541554711 23.230580264910255
615.0 24.687275533877077 23.23102238307773
615.5 24.689096488335394 23.231467108708443
616.0 24.69090302044865 23.231899487978023
616.5 24.692707847070245 23.232341841619263
617.0 24.694516144050816 23.23277748048106
617.5 24.69633380057917 23.23320958083354
618.0 24.69811673868847 23.233648952817486
618.5 24.699920381135655 23.234086361579834
619.0 24.701709965433878 23.234518683537967
619.5 24.70350638314482 23.23494452347887
620.0 24.70530316752942 23.23537404498633
620.5 24.7070988699517 23.235808294024597
621.0 24.708855274446194 23.236233835768655
621.5 24.710642389135632 23.23667445467018
622.0 24.712423202789125 23.237106241158326
622.5 24.71420773755986 23.237533523021913
623.0 24.7159753794433 23.237954528186403
623.5 24.717743962506287 23.238372588677297
624.0 24.719509927645618 23.238812781808363
624.5 24.72128821983663 23.23923385134244
625.0 24.72304842297801 23.239660442493996
625.5 24.72481564206933 23.240082127373046
626.0 24.726592354572155 23.240519523220943
626.5 24.72833589270907 23.24094477328908
627.0 24.730106234351968 23.241375512053736
627.5 24.7318607634244 23.24178942599427
628.0 24.733622293375596 23.2422181728337
628.5 24.73538848122189 23.242644746527144
629.0 24.73715058425142 23.243068137350456
629.5 24.738916849701134 23.243495214070865
630.0 24.74067568854014 23.24391395171987
630.5 24.74242899733136 23.244351622664702
631.0 24.74418053255985 23.244778141189684
631.5 24.7459503786572 23.245206339353434
632.0 24.747690415793848 23.245629134674992
632.5 24.749469587530456 23.246056304954088
633.0 24.751209097159595 23.246485962054848
633.5 24.75298280076136 23.246902962582677
634.0 24.754757306894327 23.24733200082847
634.5 24.756510755199848 23.247774690338044
635.0 24.758271290364235 23.248206080158983
635.5 24.760028486518525 23.248637229521695
636.0 24.761795016890144 23.249063620919635
636.5 24.763583044053824 23.249502075378853
637.0 24.765346537569584 23.249931129638103
637.5 24.767104276077276 23.25037479593082
638.0 24.76888666447507 23.250812125037132
638.5 24.7706510853916 23.251238045209167
639.0 24.772434975187714 23.251682140433175
639.5 24.774219766808603 23.25212483185869
640.0 24.776006969156388 23.252563505925636
640.5 24.777803203205387 23.253001469219985
641.0 24.779563243154215 23.253448520586325
641.5 24.781362346696806 23.253890745236127
642.0 24.783149845649888 23.254332806632277
642.5 24.784950685132124 23.254782975087647
643.0 24.786727172644184 23.255231519051005
643.5 24.788529558496556 23.255687335749688
644.0 24.79035402407849 23.25613089273201
644.5 24.79217386706699 23.25658643402925
645.0 24.79398392639431 23.257046059938197
645.5 24.795779845303 23.25750338159672
646.0 24.7976022591893 23.257957544896986
646.5 24.79940794075589 23.258408284316843
647.0 24.801232733579546 23.258864954475776
647.5 24.803058756794833 23.259326744868886
648.0 24.80485871975583 23.2597843970998
648.5 24.80668374765633 23.260241262094468
