FastTrWP/PhaseSpace/IAs/snIa_0.4_20_-1_-0.1.csv
# %ECSV 0.9
# ---
# datatype:
# - {name: time-rel, datatype: float64}
# - {name: g, datatype: float64}
# - {name: i, datatype: float64}
# schema: astropy-2.0
time-rel g i
[from data line 986]
476.37499999999994 -26.942931539075275 -27.470241218806276
476.875 -26.94185911260996 -27.47038595702381
477.375 -26.94079470628953 -27.47052186729043
477.87499999999994 -26.939714112067307 -27.470658224044676
478.375 -26.938639556146946 -27.470793554930456
478.875 -26.937565561457827 -27.470928681993318
479.37499999999994 -26.936471966001857 -27.471053869839462
479.875 -26.935377502493655 -27.471182767474275
480.375 -26.934288112382312 -27.471303517457496
480.87499999999994 -26.933193681385333 -27.471424732917416
481.375 -26.932104958009802 -27.471540945212453
481.875 -26.93098838745865 -27.471661246987797
482.37499999999994 -26.92988872516318 -27.471770735175095
482.875 -26.92878396495123 -27.471882069193704
483.375 -26.927666194038366 -27.471987849125835
483.87499999999994 -26.926557150103243 -27.47209624336279
484.375 -26.925438634124305 -27.47220166217403
484.875 -26.924323192377166 -27.47230158955351
485.37499999999994 -26.923199621110896 -27.472397451884845
485.875 -26.92206803902897 -27.472498339144508
486.375 -26.92095547224814 -27.472595082634644
486.87499999999994 -26.919822749226764 -27.472679325441916
487.375 -26.918687848956292 -27.472769461593096
487.875 -26.91755681338467 -27.472858883507165
488.37499999999994 -26.91642275648379 -27.47293579898077
488.875 -26.915283831315207 -27.47301988246338
489.375 -26.91414844683278 -27.473102739393987
489.87499999999994 -26.913006431409062 -27.47318087393166
490.375 -26.911877186542384 -27.47325816205842
490.875 -26.91073098987733 -27.47332906927051
491.37499999999994 -26.90957564933921 -27.473397327857747
491.875 -26.90844134670696 -27.47346627585525
492.375 -26.907295673168147 -27.473528141434862
492.87499999999994 -26.90615651690054 -27.473600035179693
493.375 -26.905014026306443 -27.473660689814366
493.875 -26.903854186241936 -27.473723151592534
494.37499999999994 -26.902710931281007 -27.47378310385205
494.875 -26.901561016187692 -27.473836691665042
495.375 -26.900402129905338 -27.473893900119478
495.875 -26.89926241148736 -27.473941103314054
496.375 -26.89812431318494 -27.473996460791135
496.875 -26.89696739578137 -27.47404361852134
497.375 -26.895811316602728 -27.47408982543201
497.875 -26.894661557764444 -27.474130170427205
498.375 -26.89351210107798 -27.474177174057633
498.875 -26.892356516312272 -27.474213124131563
499.375 -26.89119427991885 -27.474249278488948
499.875 -26.890038883046337 -27.474282653145803
500.375 -26.888867259548825 -27.4743110271524
500.875 -26.887695981550234 -27.474345672555906
501.375 -26.886530171310365 -27.47436891205405
501.875 -26.885354503449506 -27.4743974946777
502.375 -26.884181141881353 -27.47441867582321
502.875 -26.88300522137263 -27.47443480687821
503.375 -26.88181803128918 -27.47445378630729
503.875 -26.880647508389274 -27.474463540181997
504.375 -26.879449362234574 -27.474478751954862
504.875 -26.878262672050003 -27.47448559769714
505.375 -26.877079865226644 -27.47449380682034
505.875 -26.875882881519416 -27.474499593644236
506.375 -26.874694032203323 -27.47450418832045
506.875 -26.873486416468353 -27.474503106354664
507.375 -26.872284369243225 -27.474504288003793
507.875 -26.871087650142314 -27.474495356699652
508.375 -26.86988241187505 -27.47449824151483
508.875 -26.868675928400364 -27.474479419705318
509.375 -26.867459968041317 -27.474470582482752
509.875 -26.866251596943872 -27.474460192125306
510.375 -26.86503415412909 -27.47444003908067
510.875 -26.8638150665469 -27.474426124475574
511.375 -26.862596512420712 -27.474396128278848
511.875 -26.86136926075892 -27.474379917299135
512.375 -26.860146952598797 -27.474354537057266
512.875 -26.85893146937449 -27.4743191169464
513.375 -26.857688985016765 -27.474298094034584
513.875 -26.856455641045063 -27.47425626204268
514.375 -26.855230352557932 -27.474230366693977
514.875 -26.85398467251169 -27.47418389601249
515.375 -26.85273854503597 -27.474146418399783
515.875 -26.851495339523787 -27.474106315449514
516.375 -26.850261919087654 -27.47406713209708
516.875 -26.8490068738952 -27.474015745604554
517.375 -26.847767048680712 -27.473972755140696
517.875 -26.846508342235822 -27.473921579295464
518.375 -26.845254092772866 -27.473857112407334
518.875 -26.843997667806697 -27.473808404938133
519.375 -26.842739095456555 -27.473744804702132
519.875 -26.841476772924647 -27.473690468519713
520.375 -26.840213686451328 -27.473633530230522
520.875 -26.83895720005014 -27.473565201953644
521.375 -26.837683582076906 -27.47349869296823
521.875 -26.836415548059087 -27.473431596732034
522.375 -26.83512943290856 -27.473354944879688
522.875 -26.833853875604156 -27.473284965634036
523.375 -26.832583689624805 -27.473208099607085
523.875 -26.831299021946652 -27.473127649481782
524.375 -26.830026584017812 -27.473052410415303
524.875 -26.828731434055136 -27.47296981555122
525.375 -26.827446170260334 -27.472892861007896
525.875 -26.826160735026022 -27.472796058054897
526.375 -26.824870852615796 -27.47271271003461
526.875 -26.823570563552718 -27.472616333563927
527.375 -26.822278451690803 -27.47253146707569
527.875 -26.82097825439861 -27.47243094197104
528.375 -26.819682275195177 -27.472333751460756
528.875 -26.818373236223426 -27.472243370822703
529.375 -26.817072489702518 -27.4721354702629
529.875 -26.815769043888768 -27.472030642091006
530.375 -26.814453656954615 -27.471926893257546
530.875 -26.813146770954404 -27.47182310221415
531.375 -26.81182945582121 -27.471710978550004
531.875 -26.810509701719965 -27.471601612671943
532.375 -26.809186443549827 -27.47147930837679
532.875 -26.807873105299414 -27.471365934820664
533.375 -26.80654606719014 -27.47124651398734
533.875 -26.805215591405208 -27.471118698501197
534.375 -26.80388098625205 -27.47100066474151
534.875 -26.802551584861956 -27.47086982422067
535.375 -26.801213794560237 -27.47074436667383
535.875 -26.79987399357762 -27.47061982860085
536.375 -26.798530893401345 -27.470483068083084
536.875 -26.797191024069576 -27.470340473776456
537.375 -26.795824761896597 -27.470211492404594
537.875 -26.794485268179052 -27.47006271964657
538.375 -26.79312344268895 -27.469918828548874
538.875 -26.79177749365753 -27.469780489032512
539.375 -26.790415371168375 -27.46962623346381
539.875 -26.78904228539904 -27.46947898763084
540.375 -26.787685583243235 -27.469319641372977
540.875 -26.786304493546126 -27.46916553538863
541.375 -26.784952100331985 -27.469012394139483
541.875 -26.783573815386276 -27.4688495239698
542.375 -26.782196610681467 -27.468694045400525
542.875 -26.78081794049814 -27.46852813838418
543.375 -26.779440225031998 -27.468359919551183
543.875 -26.778060984968644 -27.46818824492667
544.375 -26.776669503468952 -27.468016051313406
544.875 -26.775275663063994 -27.46785040685246
545.375 -26.77389079261515 -27.46767649444199
545.875 -26.77249763923374 -27.46749834140165
546.375 -26.77109373611341 -27.467319236568905
546.875 -26.7696954255825 -27.467134989571793
547.375 -26.768294408584886 -27.46694998120285
547.875 -26.76689786862959 -27.46676661375238
548.375 -26.765481591681922 -27.466582171917004
548.875 -26.764076123103887 -27.4663845147793
549.375 -26.762674178709347 -27.466190199086586
549.875 -26.76125142996288 -27.466005195462564
550.375 -26.75983151826938 -27.465802312660976
550.875 -26.758411733753938 -27.465603519655687
551.375 -26.756987041499002 -27.465399891299494
551.875 -26.75556793487836 -27.465194949847962
552.375 -26.75414063119352 -27.46499001073346
552.875 -26.752714390695136 -27.464787607248464
553.375 -26.751285016645138 -27.46458010488019
553.875 -26.749837204212596 -27.464364735994742
554.375 -26.748404876745283 -27.46415089357719
554.875 -26.746969023423034 -27.463936030456686
555.375 -26.74552509433297 -27.463720874783057
555.875 -26.744085527706783 -27.463502446566814
556.375 -26.742631326192566 -27.463276410530966
556.875 -26.74118535856868 -27.46305251075988
557.375 -26.739728880099136 -27.46282562890272
557.875 -26.7382718884372 -27.462598566526893
558.375 -26.73682341027826 -27.462370692693405
558.875 -26.735361282740968 -27.462137201326517
559.375 -26.7339059263443 -27.461902934339257
559.875 -26.732439793213963 -27.46166273315496
560.375 -26.73097427850239 -27.461432019710085
560.875 -26.72950552024161 -27.46117893779118
561.375 -26.72803507802832 -27.46094044974833
561.875 -26.726557343926792 -27.46070034142903
562.375 -26.725096595532886 -27.46045645568764
562.875 -26.723612004633605 -27.460211235094004
563.375 -26.722134107890263 -27.459955876705365
563.875 -26.720654653430973 -27.459703936484342
564.375 -26.71916956437117 -27.45944627215135
564.875 -26.717689821228795 -27.459191653655108
565.375 -26.716184907664694 -27.458929693590783
565.875 -26.714688083189756 -27.45867492342374
566.375 -26.713201580297252 -27.458408810131637
566.875 -26.711688053126046 -27.458146467798265
567.375 -26.710183244190215 -27.457884808811333
567.875 -26.70867495015841 -27.457605851935615
568.375 -26.70715658375116 -27.457332711457077
568.875 -26.705635592410346 -27.45706146468305
569.375 -26.70411342371194 -27.456793144317878
569.875 -26.702581983159934 -27.456512395603852
570.375 -26.701058930152122 -27.456236261334837
570.875 -26.699519725171832 -27.45594651706261
571.375 -26.697985115385524 -27.4556663983686
571.875 -26.69644007129806 -27.455387680484314
572.375 -26.694902459283213 -27.455090733021713
572.875 -26.693363891536606 -27.45480453224969
573.375 -26.691800954299584 -27.45450874509569
573.875 -26.690252686639482 -27.45421769099259
574.375 -26.68870120765783 -27.45392029634404
574.875 -26.687139322752465 -27.45362125455752
575.375 -26.68557314086492 -27.453312856346518
575.875 -26.684009742668252 -27.453019685517116
576.375 -26.682441500224353 -27.45271516977801
576.875 -26.68087062395439 -27.45240560454278
577.375 -26.67930337506271 -27.452093030109076
577.875 -26.677717731484556 -27.451781180452187
578.375 -26.67614452404138 -27.45147128450796
578.875 -26.67456086652676 -27.451153352478492
579.375 -26.67297453318923 -27.45082667144947
579.875 -26.67139223759218 -27.45051822221042
580.375 -26.669804037204766 -27.45018108158198
580.875 -26.6682192965637 -27.449863911277653
581.375 -26.66663154518968 -27.449533623429055
581.875 -26.66502032679096 -27.44920547217408
582.375 -26.66343521059681 -27.44887268030713
582.875 -26.661836360161782 -27.448536707850234
583.375 -26.660238564055554 -27.44820239945637
583.875 -26.658637295501364 -27.44787135438112
584.375 -26.65703281653053 -27.44751968114738
584.875 -26.655432391675483 -27.447180699954004
585.375 -26.65381835104071 -27.44683399612613
585.875 -26.65221738593738 -27.44648820433005
586.375 -26.650604783114098 -27.446137701913273
586.875 -26.648999291543642 -27.44578296987164
587.375 -26.647380374801873 -27.445435327049033
587.875 -26.645774960574528 -27.44507267373975
588.375 -26.644158614595106 -27.444712540192068
588.875 -26.642540792090145 -27.444355512700497
589.375 -26.6409281904892 -27.443991427776115
589.875 -26.639310148653284 -27.443625401851754
590.375 -26.637694521453383 -27.44326324037981
590.875 -26.636081012055655 -27.442895173670294
591.375 -26.634453400744775 -27.44252234371958
591.875 -26.632836822475547 -27.44214162573842
592.375 -26.631218505083808 -27.44176945120378
592.875 -26.629602922048182 -27.441387025888403
593.375 -26.627979296823618 -27.441014038893975
593.875 -26.626358443909588 -27.44063541043937
594.375 -26.624743629923266 -27.440238862071563
594.875 -26.623124303598537 -27.43986363936694
595.375 -26.621501740055457 -27.439462763809523
595.875 -26.619878108405054 -27.43907236214288
596.375 -26.618257620900557 -27.438678715022483
596.875 -26.61665079960485 -27.438279895155034
597.375 -26.615028815642113 -27.43788212095717
597.875 -26.613417922023537 -27.43748611040088
598.375 -26.61178970252052 -27.437070016650516
598.875 -26.610165340411346 -27.436669943348146
599.375 -26.6085473492372 -27.436261457623452
599.875 -26.606927821642728 -27.435847246966816
600.375 -26.605296157927402 -27.435436865822403
600.875 -26.603659145471276 -27.43502369491012
601.375 -26.602044671742636 -27.434603422487655
601.875 -26.600409559268353 -27.434178614845326
602.375 -26.598782531749485 -27.433760937811197
602.875 -26.597150912078614 -27.433331427935286
603.375 -26.5955171770185 -27.432910254658758
603.875 -26.593867021957745 -27.43247714893613
604.375 -26.59224582153438 -27.432043097172055
604.875 -26.59060967162538 -27.431602851443415
605.375 -26.588963803922905 -27.431166406988595
605.875 -26.587324006203808 -27.43073220605234
606.375 -26.585673905117307 -27.430281259306607
606.875 -26.584031518447937 -27.42984053779687
607.375 -26.582389063115134 -27.42939686926727
607.875 -26.58073499221529 -27.428946955153137
608.375 -26.579097501121524 -27.42849824164324
608.875 -26.577444574958857 -27.428043989598926
609.375 -26.575793433300866 -27.427583498422244
609.875 -26.574145536328288 -27.427123961099692
610.375 -26.572474322919852 -27.426671123367882
610.875 -26.57082767073475 -27.426205468497535
611.375 -26.569168784127847 -27.425732786564794
611.875 -26.56751730973562 -27.425271372740166
612.375 -26.56585919329766 -27.42479856073156
612.875 -26.564189130543543 -27.424326283445236
613.375 -26.562536363387537 -27.42385649940569
613.875 -26.560878929005685 -27.423371848290778
614.375 -26.559207654536365 -27.422889665204345
614.875 -26.557546274041393 -27.422413334985233
615.375 -26.555882170485706 -27.421928481695414
615.875 -26.5542192084326 -27.42144231332143
616.375 -26.552549550376057 -27.420959344448413
616.875 -26.550864449696764 -27.420457994415393
617.375 -26.54920152700795 -27.419974552798937
617.875 -26.547549660344785 -27.419476514035654
618.375 -26.545861237205578 -27.41897303356536
618.875 -26.544195481891922 -27.41847672231504
619.375 -26.542516447463974 -27.417968692512314
619.875 -26.540844076460793 -27.417464746014918
620.375 -26.539181192516843 -27.416960248379358
620.875 -26.537504465435955 -27.41645939060438
621.375 -26.535822828251735 -27.41594492405417
621.875 -26.534151418297323 -27.415429355920033
622.375 -26.532458768107908 -27.414916119794
622.875 -26.530782479580637 -27.41439602975854
623.375 -26.52909995556435 -27.413874743277763
623.875 -26.52741853312679 -27.413348316980176
624.375 -26.525738799241193 -27.412832785507707
624.875 -26.524058613001134 -27.412304776796272
625.375 -26.522372875205697 -27.411773752369545
625.875 -26.520684605465057 -27.411243626949062
626.375 -26.51901667010224 -27.410715731097408
626.875 -26.517317305732938 -27.41018439841735
627.375 -26.51562806978002 -27.409646183602412
627.875 -26.513944572925972 -27.409100319076607
628.375 -26.512258579986714 -27.408560542146823
628.875 -26.510572982277555 -27.408014572190595
629.375 -26.508883492780754 -27.40747733981392
629.875 -26.507198359474238 -27.406928951125767
630.375 -26.50550940869808 -27.406366609573837
630.875 -26.503812344685436 -27.405814736006434
631.375 -26.502116546974502 -27.405267579142148
631.875 -26.50042525520041 -27.40471462805255
632.375 -26.498744528333656 -27.404153273853574
632.875 -26.49704363338042 -27.403584755395176
633.375 -26.49533676669922 -27.403024544052535
633.875 -26.49365283957323 -27.40245682125085
634.375 -26.491968940271974 -27.4018872241361
634.875 -26.490268308189933 -27.40131981538851
635.375 -26.488570219212576 -27.40073796326048
635.875 -26.486875746815436 -27.400163774029508
636.375 -26.48517011273331 -27.399585932303637
636.875 -26.48347323652542 -27.39901013744241
637.375 -26.4817768371268 -27.398419155282436
637.875 -26.48007750126468 -27.397833596681878
638.375 -26.478373628903856 -27.397242001505134
638.875 -26.476676867650898 -27.396658072317873
639.375 -26.47496625836794 -27.396064398244576
639.875 -26.473264684189353 -27.39546450384285
640.375 -26.471559643001463 -27.39486625278262
640.875 -26.46985001851713 -27.39427264816843
641.375 -26.468150567089715 -27.393659002595456
641.875 -26.466439056918375 -27.39306727101054
642.375 -26.464740424950577 -27.39245431703157
642.875 -26.46302688643489 -27.39184796880691
643.375 -26.461315180679353 -27.391231497674163
