FastTrWP/PhaseSpace/IAs/snIa_0.37_30.00_-1.06_0.06.csv
# %ECSV 0.9
# ---
# datatype:
# - {name: time-rel, datatype: float64}
# - {name: g, datatype: float64}
# - {name: i, datatype: float64}
# schema: astropy-2.0
time-rel g i
[from data line 1446]
953.7708333333334 23.885367817972295 22.638369258613686
954.2708333333333 23.88720530044789 22.639362796207184
954.7708333333334 23.88903072220305 22.640347914936456
955.2708333333334 23.890874010431045 22.64133181721173
955.7708333333333 23.89272253110188 22.6423154761734
956.2708333333334 23.89455541317339 22.643302496525205
956.7708333333334 23.896395922554177 22.644286126937647
957.2708333333333 23.898242391936897 22.645274026436063
957.7708333333334 23.900080390167105 22.64626866258341
958.2708333333334 23.901934551172843 22.647250939858964
958.7708333333333 23.903776431717894 22.64823787201542
959.2708333333334 23.905631459786285 22.649234525180447
959.7708333333334 23.907471821672324 22.65022408967145
960.2708333333333 23.90931858905097 22.651220355846192
960.7708333333334 23.911168192155042 22.65222037356516
961.2708333333334 23.913033026213103 22.653219102910963
961.7708333333333 23.914876535621975 22.65421389712603
962.2708333333334 23.9167321446119 22.655218684457473
962.7708333333334 23.918579253530016 22.656221989395164
963.2708333333333 23.92044471986303 22.65722400784313
963.7708333333334 23.92231624153036 22.658222179073668
964.2708333333334 23.924162680441885 22.659225521228983
964.7708333333333 23.926030082383434 22.66024014902401
965.2708333333334 23.927886519253963 22.661249885155314
965.7708333333334 23.929747215944438 22.66224923346018
966.2708333333333 23.931619039536713 22.663258232407053
966.7708333333334 23.933479865978935 22.6642682475724
967.2708333333334 23.93534319898412 22.665279094298718
967.7708333333333 23.937213028202713 22.66628643734883
968.2708333333334 23.939088037114423 22.667306397637876
968.7708333333334 23.94095857672491 22.668321763272345
969.2708333333333 23.942816753246984 22.6693373936717
969.7708333333334 23.944698992435033 22.67034419389203
970.2708333333334 23.946573209874877 22.671353646010026
970.7708333333333 23.948446344221423 22.672384464086818
971.2708333333334 23.95032219283412 22.67338288617426
971.7708333333334 23.952191258576683 22.67440305621531
972.2708333333333 23.954075231231258 22.675411414869416
972.7708333333334 23.955974785516347 22.67643737757576
973.2708333333334 23.95783790972412 22.67744863642113
973.7708333333333 23.959710748732125 22.67846491162228
974.2708333333334 23.961602515000664 22.679480903399597
974.7708333333334 23.96350137232064 22.680501106078506
975.2708333333333 23.965374698027674 22.681511983134474
975.7708333333334 23.967272912191188 22.68253583361052
976.2708333333334 23.96914768793114 22.68353761232603
976.7708333333333 23.971041608937533 22.684571626491064
977.2708333333334 23.972935194973928 22.685581581778912
977.7708333333334 23.97482014349215 22.686599834211094
978.2708333333333 23.976714168843365 22.687605300688347
978.7708333333334 23.97861750329656 22.688626448919944
979.2708333333334 23.980516146673317 22.68963145016867
979.7708333333333 23.98240768148552 22.69065149933267
980.2708333333334 23.984314090729022 22.69165567972702
980.7708333333334 23.986207965924258 22.692679386520467
981.2708333333333 23.988115048368233 22.693685560027646
981.7708333333334 23.990018859960195 22.69469363446042
982.2708333333334 23.991920471710646 22.695701542951873
982.7708333333333 23.993818100735407 22.696713356390063
983.2708333333334 23.995733761782528 22.697723345284572
983.7708333333334 23.997637229233604 22.6987314039076
984.2708333333333 23.999547561576335 22.699730245040573
984.7708333333334 24.001449853047472 22.700731993350324
985.2708333333334 24.003388295635453 22.701745499346025
985.7708333333333 24.005275793934825 22.70274121512289
986.2708333333334 24.00721011191735 22.703735836876483
986.7708333333334 24.009119962673235 22.704738192899296
987.2708333333333 24.011025926355334 22.70573586533199
987.7708333333334 24.012951732864938 22.706738118503576
988.2708333333334 24.014867416417474 22.707731116792978
988.7708333333333 24.016783132932993 22.7087250481275
989.2708333333334 24.018712048402143 22.709711732106882
989.7708333333334 24.02063646183918 22.71070445283856
990.2708333333333 24.0225607026981 22.71170132981819
990.7708333333334 24.024489141482697 22.71268473414741
991.2708333333334 24.02641251376643 22.71367325948884
991.7708333333333 24.028354292024652 22.71466442397331
992.2708333333334 24.030271446865598 22.71564691368136
992.7708333333334 24.03220284021838 22.716633011774494
993.2708333333333 24.034126913421208 22.71762466565168
993.7708333333334 24.036074928241216 22.718599576341468
994.2708333333334 24.037988411075858 22.719582656767514
994.7708333333333 24.039938296391433 22.720575525343385
995.2708333333334 24.041865701381404 22.721549356341338
995.7708333333334 24.043797393673955 22.722546456786272
996.2708333333333 24.045738507184254 22.723521840118835
996.7708333333334 24.04768340398204 22.724500382502974
997.2708333333334 24.049611761014038 22.72547560325
997.7708333333334 24.051555344255334 22.72646274079215
998.2708333333334 24.053510124977528 22.727434563377116
998.7708333333334 24.05544172772285 22.728420793341463
999.2708333333334 24.057385349721287 22.729402107201157
999.7708333333334 24.05932304556824 22.730366310542188
1000.2708333333334 24.06127733181167 22.7313506925301
1000.7708333333334 24.063232178539927 22.73233289494161
1001.2708333333334 24.065188015764978 22.733302097401396
1001.7708333333334 24.067142606681738 22.734273262024544
1002.2708333333334 24.0690803827729 22.735256350611365
1002.7708333333334 24.071042358901884 22.736228980387374
1003.2708333333334 24.072994056327612 22.737197737914734
1003.7708333333334 24.074952238852966 22.738172873489816
1004.2708333333334 24.076903035306138 22.73914687140859
1004.7708333333334 24.078872125434433 22.74011565433247
1005.2708333333334 24.080829570038794 22.741093546616312
1005.7708333333334 24.082792994566944 22.74205938572754
1006.2708333333334 24.084754982648782 22.743033875379357
1006.7708333333334 24.086711153086338 22.744000982858367
1007.2708333333334 24.088687064478307 22.744968065889474
1007.7708333333334 24.090652781950233 22.745935379895773
1008.2708333333334 24.092632988142984 22.746906857115015
1008.7708333333334 24.094595314746687 22.74786902007891
1009.2708333333334 24.09656974400294 22.748836606889302
1009.7708333333334 24.098545570108058 22.74980574220994
1010.2708333333334 24.10051597447064 22.75076644077672
1010.7708333333334 24.102490596501323 22.75173771924753
1011.2708333333334 24.104479072571074 22.752705799847273
1011.7708333333334 24.106449856787652 22.753657392167383
1012.2708333333334 24.108435791848628 22.75462773971371
1012.7708333333334 24.110421180972352 22.755589857190465
1013.2708333333334 24.112411186198685 22.75656012419983
1013.7708333333334 24.114394650063772 22.757519344081807
1014.2708333333334 24.116394235465343 22.7584751095994
1014.7708333333334 24.118373109393097 22.759443943725838
1015.2708333333334 24.120352965929243 22.760409640854554
1015.7708333333334 24.122346656898532 22.761367450559128
1016.2708333333334 24.124356430047747 22.76232722269032
1016.7708333333334 24.126333621535192 22.763283760673616
1017.2708333333334 24.128356965373175 22.764251019457813
1017.7708333333334 24.13033990922618 22.765205992200528
1018.2708333333334 24.13236845323304 22.766168353380106
1018.7708333333334 24.134367745514297 22.76712967644769
1019.2708333333334 24.136357527986874 22.76808474175716
1019.7708333333334 24.138378815273285 22.76903928219764
1020.2708333333334 24.14038783649186 22.769996356232408
1020.7708333333334 24.14241269531052 22.77095964625704
1021.2708333333334 24.144422018845333 22.77191119332324
1021.7708333333334 24.1464422568167 22.772870311000162
1022.2708333333334 24.148449447662973 22.773826504193973
1022.7708333333334 24.15048335836506 22.774783330909973
1023.2708333333334 24.1525149081742 22.77573077129286
1023.7708333333334 24.154525758318044 22.776697854983045
1024.2708333333333 24.156538198213568 22.777648496591855
1024.7708333333333 24.15857721593023 22.778601359781003
1025.2708333333333 24.160604343529176 22.77955423061897
1025.7708333333333 24.16262849080522 22.780502982002517
1026.2708333333333 24.16464770178901 22.781461746925583
1026.7708333333333 24.16670746659806 22.782404027170085
1027.2708333333333 24.168740585474314 22.78335060434303
1027.7708333333333 24.170768938248766 22.784302496519512
1028.2708333333333 24.172796343034847 22.785251721648926
1028.7708333333333 24.17484523302374 22.78620658328307
1029.2708333333333 24.176888284381207 22.787153367411285
1029.7708333333333 24.178909835254654 22.788099485377916
1030.2708333333333 24.18096074923583 22.78904695038573
1030.7708333333333 24.1830129407641 22.789989009806582
1031.2708333333333 24.1850730817921 22.79093402971715
1031.7708333333333 24.187115689259556 22.791874454581162
1032.2708333333333 24.189168551817172 22.792832449418547
1032.7708333333333 24.19122243756243 22.7937711925691
1033.2708333333333 24.193274727651342 22.794715769636518
1033.7708333333333 24.195306750345114 22.79565608286848
1034.2708333333333 24.197397558513856 22.796601922297874
1034.7708333333333 24.199444222945576 22.797536266235873
1035.2708333333333 24.201493915240846 22.7984830590233
1035.7708333333333 24.20357773644165 22.79942490632843
1036.2708333333333 24.20563196749209 22.800354271178218
1036.7708333333333 24.207705529964386 22.801304298715714
1037.2708333333333 24.209770410061864 22.80224332512902
1037.7708333333333 24.211843813359017 22.803177330771263
1038.2708333333333 24.21390486342832 22.804113191136572
1038.7708333333333 24.21598540618202 22.805056381258254
1039.2708333333333 24.21807297625594 22.805990870877192
1039.7708333333333 24.220149634750786 22.80691929981977
1040.2708333333333 24.222215571715697 22.807859497165776
1040.7708333333333 24.224302266109596 22.808808241350942
1041.2708333333333 24.226384683920735 22.80973365301652
1041.7708333333333 24.22847527057781 22.810665997000534
1042.2708333333333 24.230558504963845 22.811598662044567
1042.7708333333333 24.232651515931714 22.81253316672165
1043.2708333333333 24.234742606218397 22.8134628052467
1043.7708333333333 24.236833184881913 22.814406688123725
1044.2708333333333 24.23893529208314 22.815323863067462
1044.7708333333333 24.241022637788564 22.816263246169576
1045.2708333333333 24.243141015650504 22.817192528907178
1045.7708333333333 24.245239943422902 22.818113824269922
1046.2708333333333 24.24732919675116 22.819054789498693
1046.7708333333333 24.249429858811077 22.819983783087654
1047.2708333333333 24.251555078075032 22.820908033907067
1047.7708333333333 24.25366687955087 22.821838176645667
1048.2708333333333 24.255783602090197 22.822771163210945
1048.7708333333333 24.257897015583083 22.82369426743044
1049.2708333333333 24.260011171610625 22.824620726583433
1049.7708333333333 24.26212818166313 22.825545343943375
1050.2708333333333 24.26425475778713 22.826468883198157
1050.7708333333333 24.266376599293096 22.82739140488389
1051.2708333333333 24.26850812950009 22.828326534405452
1051.7708333333333 24.270633447399725 22.829247352419017
1052.2708333333333 24.272768411923863 22.830166591655676
1052.7708333333333 24.27491760069339 22.83109946819755
1053.2708333333333 24.277042900203462 22.832019889166936
1053.7708333333333 24.27918214223494 22.832950143049064
1054.2708333333333 24.28132365725627 22.83387260582542
1054.7708333333333 24.28346782540986 22.834789194972434
1055.2708333333333 24.285615727332125 22.83571599251357
1055.7708333333333 24.28777195727701 22.836631542978793
1056.2708333333333 24.28991138515532 22.837561803044046
1056.7708333333333 24.292058950655377 22.838476625787433
1057.2708333333333 24.294227780777145 22.839404995748236
1057.7708333333333 24.296386162013697 22.840319673929145
1058.2708333333333 24.29855049257579 22.841238056264643
1058.7708333333333 24.3006981693498 22.842157799794464
1059.2708333333333 24.302850246294504 22.843069488153702
1059.7708333333333 24.305038890507305 22.843993851747587
1060.2708333333333 24.30720822320311 22.84491327489754
1060.7708333333333 24.30937025996585 22.845808056404728
1061.2708333333333 24.3115571599423 22.846725919321813
1061.7708333333333 24.313730428833434 22.847648043996593
1062.2708333333333 24.315907435843812 22.84856913903637
1062.7708333333333 24.318084496982166 22.849482587675386
1063.2708333333333 24.32027626557815 22.85038998736035
1063.7708333333333 24.322457466850803 22.85130098537701
1064.2708333333333 24.324650809589716 22.852214389108184
1064.7708333333333 24.326813703387007 22.8531188134647
1065.2708333333333 24.32901729291778 22.854036214118196
1065.7708333333333 24.33121198487826 22.854938883552975
1066.2708333333333 24.33341321609356 22.855855573332672
1066.7708333333333 24.33563231150869 22.85676756672754
1067.2708333333333 24.337824139914556 22.85766765392836
1067.7708333333333 24.340018746851033 22.858578419363617
1068.2708333333333 24.342219941485475 22.859489272905627
1068.7708333333333 24.34443116486964 22.860396306852216
1069.2708333333333 24.34663297678005 22.861297378382332
1069.7708333333333 24.348839214110587 22.862199587791828
1070.2708333333333 24.351066274759653 22.863115640600064
1070.7708333333333 24.353293836483395 22.864013270764815
1071.2708333333333 24.355519889481325 22.864917088084248
1071.7708333333333 24.357746174808547 22.865815783790985
1072.2708333333333 24.359970563344213 22.866724119491142
1072.7708333333333 24.362201922656546 22.867620994669686
1073.2708333333333 24.364411994488385 22.868525883723127
1073.7708333333333 24.36664686383128 22.869433534528163
1074.2708333333333 24.36886072438194 22.870328271938533
1074.7708333333333 24.3711102004313 22.871231746362866
1075.2708333333333 24.373360188076894 22.872123213056206
1075.7708333333333 24.375604596763342 22.873029780955854
1076.2708333333333 24.377856141152833 22.87393153670837
1076.7708333333333 24.380094743662927 22.874824717040475
1077.2708333333333 24.382338505031782 22.875727262785006
1077.7708333333333 24.3845819975434 22.876626148184403
1078.2708333333333 24.386850078309156 22.87751550144161
1078.7708333333333 24.38910646559647 22.878415371934942
1079.2708333333333 24.39135787803255 22.87930603180285
1079.7708333333333 24.39361962222121 22.88020182750522
1080.2708333333333 24.39588839966636 22.8810976826894
1080.7708333333333 24.39815139340544 22.881989018475267
1081.2708333333333 24.40041122611682 22.88287925085786
1081.7708333333333 24.40270391654382 22.88378058937282
1082.2708333333333 24.404976547681414 22.8846784710459
1082.7708333333333 24.407244628809316 22.885564857774924
1083.2708333333333 24.409523265363916 22.886451292099714
1083.7708333333333 24.41180171074815 22.887344809988402
1084.2708333333333 24.414090715912934 22.888239712040267
1084.7708333333333 24.41637076009389 22.889135233163117
1085.2708333333333 24.418662033818382 22.890021213156878
1085.7708333333333 24.420955211897073 22.890918600335787
1086.2708333333333 24.423253374740234 22.891794702159494
1086.7708333333333 24.42555678600182 22.89268828172161
1087.2708333333333 24.427845525355224 22.893579610332587
1087.7708333333333 24.430147111868354 22.8944617324764
1088.2708333333333 24.432450556482763 22.895344646585308
1088.7708333333333 24.434774167613348 22.896242918605946
1089.2708333333333 24.437070700704663 22.89712425041458
1089.7708333333333 24.439392664444878 22.89800908812234
1090.2708333333333 24.441713925957988 22.898888141108426
1090.7708333333333 24.444014374762908 22.8997837278852
1091.2708333333333 24.446351487611736 22.900667833732467
1091.7708333333333 24.448693040603473 22.90154557384816
1092.2708333333333 24.45102559173733 22.9024274965991
1092.7708333333333 24.453368195735283 22.903303777503908
1093.2708333333333 24.455689997403496 22.90419248069759
1093.7708333333333 24.458041555248204 22.90507345677474
1094.2708333333333 24.460386350285027 22.905947564515664
1094.7708333333333 24.462758179310562 22.906830269586198
1095.2708333333333 24.465122133481756 22.907699076130058
1095.7708333333333 24.46746431975011 22.90858401844559
1096.2708333333333 24.46982613620267 22.909462360422825
