FastTrWP/PhaseSpace/IAs/snIa_0.49_30.00_0.54_-0.04.csv
# %ECSV 0.9
# ---
# datatype:
# - {name: time-rel, datatype: float64}
# - {name: g, datatype: float64}
# - {name: i, datatype: float64}
# schema: astropy-2.0
time-rel g i
[from data line 677]
491.875 23.207797512564397 22.65053661152336
492.375 23.206648050916307 22.64936041270152
492.875 23.20551171677205 22.64818664105961
493.375 23.20438512314666 22.647010237089475
493.875 23.203265300276932 22.645846570311058
494.375 23.20215373829165 22.64468544534642
494.875 23.201047201005927 22.64352424277748
495.375 23.199951218803896 22.642377538326844
495.875 23.19884825249151 22.641225395383074
496.375 23.1977710883887 22.640086119483232
496.875 23.196703828219448 22.638949560201716
497.375 23.19562833802189 22.637816396764787
497.875 23.19456063923394 22.63668250993681
498.375 23.19351010231413 22.635555935830975
498.875 23.19247866130407 22.634440896805387
499.375 23.19143584075472 22.633319509382513
499.875 23.190408336927195 22.63221266317713
500.375 23.189375842540457 22.63110790139736
500.875 23.188364055494873 22.630008282770376
501.375 23.187353909238784 22.628906737143527
501.875 23.186358376065176 22.627813494617772
502.375 23.185363974927256 22.626726237597587
502.875 23.184385786498332 22.625638601934263
503.375 23.18340847501029 22.62456028069684
503.875 23.182443077692945 22.623490025447804
504.375 23.181485592252304 22.622415323509788
504.875 23.180520769738 22.621346018083596
505.375 23.179580102529957 22.620286563301217
505.875 23.178647783624108 22.619223621508265
506.375 23.177714835130793 22.618177466260853
506.875 23.17678922504136 22.617130602982623
507.375 23.175884428103686 22.616090230828316
507.875 23.174976099728845 22.61504646926482
508.375 23.174070452705287 22.614011912516677
508.875 23.173184186164633 22.61298161902372
509.375 23.172287975257593 22.611957237629326
509.875 23.171424489960334 22.610940535571807
510.375 23.170564230479588 22.609919287967468
510.875 23.169703505467712 22.60890765576708
511.375 23.168855053909255 22.607904045780707
511.875 23.168010358590557 22.606897388057607
512.375 23.167175722738094 22.60589836855292
512.875 23.166344120892468 22.604908954584563
513.375 23.16553457249554 22.603914900450736
513.875 23.164720795437344 22.602933240221425
514.375 23.163915369646748 22.60196716586473
514.875 23.163122213125853 22.600977682049148
515.375 23.162342999475037 22.600007507718264
515.875 23.161556463048043 22.599046426186938
516.375 23.1607805891214 22.598084694161884
516.875 23.16001766728818 22.59712740274532
517.375 23.15925845277563 22.596172649667118
517.875 23.1585168560412 22.595224626913048
518.375 23.15778074125037 22.594280749858925
518.875 23.157033173262814 22.593345949506478
519.375 23.15632776041506 22.592408387873487
519.875 23.155611393737946 22.591483119339472
520.375 23.15490563775084 22.5905609568146
520.875 23.1542022445055 22.589634236313444
521.375 23.1535108225061 22.588721715014746
521.875 23.15282314322756 22.587806901506596
522.375 23.152152219481042 22.586908424990852
522.875 23.15147849436546 22.586004074047565
523.375 23.150824259224244 22.585101676943523
523.875 23.150163610443826 22.584211301557527
524.375 23.149512543535206 22.583319779399112
524.875 23.148875171217117 22.58243171857472
525.375 23.148239849932423 22.58155061446663
525.875 23.147606724757846 22.580674567150766
526.375 23.146991044070006 22.579806193606558
526.875 23.146386115644564 22.57893440324372
527.375 23.14578435584284 22.578062737039396
527.875 23.145176535800736 22.577205953944713
528.375 23.14459703574777 22.576349894039094
528.875 23.14400794489536 22.575495096114583
529.375 23.143436774095573 22.574639944764673
529.875 23.142861577243107 22.573798542682397
530.375 23.142298317852877 22.572955708517686
530.875 23.14174758773958 22.57211728880785
531.375 23.141197714122058 22.571291040264203
531.875 23.14064684781847 22.5704591965302
532.375 23.14012026476005 22.569636650721176
532.875 23.139580248359202 22.568808765860755
533.375 23.139065443843908 22.56798620319916
533.875 23.13854478934982 22.567173561459427
534.375 23.138046270176712 22.566368942788873
534.875 23.13754025356915 22.56555138557259
535.375 23.137055909310575 22.564748583628035
535.875 23.13655009235342 22.56394941934427
536.375 23.136070564509893 22.563156490997116
536.875 23.13559459033774 22.562355962092635
537.375 23.135125739225323 22.561575709896793
537.875 23.134658708012246 22.560785724274965
538.375 23.134204675757598 22.560011172760547
538.875 23.133751865004047 22.559231785230715
539.375 23.133307677905623 22.558451479724127
539.875 23.13287178990711 22.557675525933917
540.375 23.132427954533036 22.55690682638182
540.875 23.13200558054218 22.556143111540546
541.375 23.131588348391364 22.555373481973895
541.875 23.131174919349895 22.5546265248881
542.375 23.130763559223027 22.553863905018915
542.875 23.130363340818327 22.553118031601684
543.375 23.129960068543657 22.552365007855833
543.875 23.129575474712333 22.55161700351836
544.375 23.12918135280444 22.550879235721016
544.875 23.128803471127682 22.550137380984772
545.375 23.128425805772377 22.549403541215874
545.875 23.128061650747156 22.54866757215993
546.375 23.127700398470104 22.547944484180675
546.875 23.127339938222352 22.547215606904594
547.375 23.126991083828017 22.546490609769346
547.875 23.1266486637198 22.545770421456567
548.375 23.12631933129961 22.545048802524292
548.875 23.125975397517546 22.544335079687762
549.375 23.125648193431086 22.54362250176972
549.875 23.12531817058212 22.542914791459662
550.375 23.125001499834465 22.542208303963683
550.875 23.124692390367137 22.541502351216973
551.375 23.12438514561031 22.54080222163514
551.875 23.124080600314162 22.540112197808373
552.375 23.123785082587794 22.539420149638904
552.875 23.123503533155855 22.538726620636066
553.375 23.123219386551767 22.53804328330525
553.875 23.122955947462348 22.537357262222585
554.375 23.122684478727862 22.53668126123059
554.875 23.122434575237566 22.536010815064763
555.375 23.12217535601269 22.535336361963225
555.875 23.12193251382891 22.534673550006037
556.375 23.12170066430625 22.53401928345184
556.875 23.1214691283422 22.53335234988655
557.375 23.12124756142068 22.532704511872232
557.875 23.12103266487327 22.532060254846726
558.375 23.120833773615004 22.531409823347744
558.875 23.120624628362762 22.53077580421794
559.375 23.120432987615157 22.530128247010452
559.875 23.120248079608707 22.529491454449406
560.375 23.120058831410116 22.528859066665486
560.875 23.119888669070914 22.528231051140644
561.375 23.119717819885174 22.527610700556686
561.875 23.11956002918501 22.526983536111324
562.375 23.119407564876703 22.526370067325857
562.875 23.119247547515926 22.525762396358914
563.375 23.119117027256056 22.52514860798895
563.875 23.118977480555184 22.524532823766922
564.375 23.118839255837756 22.523930287357476
564.875 23.118715784814494 22.523325177617956
565.375 23.118598208247473 22.52272288124546
565.875 23.11848253086771 22.52212947130127
566.375 23.11837391162573 22.521537853822352
566.875 23.11828277596581 22.520953585816645
567.375 23.118176550336266 22.520362098236262
567.875 23.118079407411823 22.519766572079284
568.375 23.117999528823038 22.519193359670936
568.875 23.117911069700355 22.5186067730803
569.375 23.117833698555707 22.5180353240528
569.875 23.117763130261807 22.51746026250502
570.375 23.117693717017712 22.51688926600082
570.875 23.11762928636434 22.516315307592883
571.375 23.117578430351365 22.515750565055065
571.875 23.117525605023722 22.51518405078339
572.375 23.117482242833596 22.514627112936523
572.875 23.11742703428534 22.514063743550167
573.375 23.117389012631527 22.51350260218365
573.875 23.11735482097483 22.51294571792903
574.375 23.117332564589795 22.51239294172941
574.875 23.117299771858942 22.511842805926978
575.375 23.11727220511004 22.511294997586244
575.875 23.117251757683892 22.51074482663367
576.375 23.117235970759896 22.5102088896194
576.875 23.11722894130636 22.50964972072935
577.375 23.117231161374043 22.509112664472628
577.875 23.11722148400539 22.508578588895244
578.375 23.117226373831485 22.50803549707757
578.875 23.117230875784433 22.507497473609305
579.375 23.117235661966866 22.50696525446382
579.875 23.117239544507097 22.506429533751586
580.375 23.11725579953277 22.505894558905204
580.875 23.117274847734986 22.505371896513005
581.375 23.117292312675957 22.50484066191835
581.875 23.117311876577556 22.504307779567142
582.375 23.117347286811338 22.50378156554251
582.875 23.11737453224771 22.503262180439343
583.375 23.11740866133892 22.502735001899026
583.875 23.1174442903915 22.502209881462704
584.375 23.11747915575498 22.50169685423876
584.875 23.11752221647268 22.501172463643616
585.375 23.11756390652526 22.500655919072564
585.875 23.117605021491265 22.50013153981159
586.375 23.117652682766728 22.499615839088484
586.875 23.11770505511714 22.499099210923113
587.375 23.117769361396157 22.498583925047487
587.875 23.11781624697257 22.49807118497378
588.375 23.11786018133909 22.497555069381093
588.875 23.11793232408786 22.497044702799602
589.375 23.117998550610473 22.49653395012341
589.875 23.118062035284332 22.49603121037007
590.375 23.118131121879685 22.49553182318114
590.875 23.1182090657779 22.49501628756256
591.375 23.118291966202655 22.49451959680502
591.875 23.118374103232625 22.49401555010785
592.375 23.118457738039023 22.493517497725065
592.875 23.118551698500035 22.493021592243956
593.375 23.118646656513036 22.492524784953908
593.875 23.11874182166502 22.49203282697951
594.375 23.11884379291035 22.49154068748998
594.875 23.118957578923474 22.491051837678
595.375 23.119064256418778 22.490563711836447
595.875 23.11917595081041 22.490071556105722
596.375 23.119296578226816 22.48959323721152
596.875 23.119411126763513 22.489102973055537
597.375 23.119540553832188 22.488626174467083
597.875 23.11967012577163 22.488154325215458
598.375 23.11981309863112 22.487669580215194
598.875 23.119949248771285 22.48719338997832
599.375 23.120074872598046 22.486719871625493
599.875 23.120234356148444 22.486256587758838
600.375 23.120369825509183 22.485775865189392
600.875 23.120526524643815 22.485315698640676
601.375 23.120690612000267 22.484849454758077
601.875 23.12085693372808 22.484376431310807
602.375 23.1210219826514 22.48392011039488
602.875 23.121185873209072 22.483451301726003
603.375 23.12135206356974 22.483001211343904
603.875 23.12153590792355 22.48253280093487
604.375 23.121710945854122 22.482083365671947
604.875 23.12191446184956 22.48162266251454
605.375 23.12209345885862 22.481179042160928
605.875 23.122285142578463 22.480722666082237
606.375 23.12248599257307 22.48028569958004
606.875 23.12269021364086 22.479834056102682
607.375 23.122895656160075 22.47939062050351
607.875 23.123104623960064 22.478946289318856
608.375 23.1233307687419 22.478506714117096
608.875 23.123545615775992 22.478064329692526
609.375 23.123765418824828 22.477624951845378
609.875 23.123990959121876 22.477202690172806
610.375 23.12423001718883 22.476768917475837
610.875 23.12446534498614 22.476334629815252
611.375 23.124714668746215 22.47591038247871
611.875 23.12494608607497 22.475483525321497
612.375 23.12519853767485 22.47506289168131
612.875 23.12544888255097 22.47463420314702
613.375 23.12571393777742 22.474206520256068
613.875 23.125973588702763 22.473798058432806
614.375 23.12624864730271 22.473381966771584
614.875 23.126516858705664 22.472968822236844
615.375 23.126788364066254 22.472555879378696
615.875 23.12707490923494 22.472142451374953
616.375 23.127352353671714 22.47173791603298
616.875 23.12764820562937 22.471330500517446
617.375 23.127939540210264 22.470925104763108
617.875 23.128240699700598 22.47052156273636
618.375 23.128542466880525 22.47012780310149
618.875 23.128847872212738 22.469729290748177
619.375 23.129170330456063 22.469332460621875
619.875 23.129487689204893 22.46893554384256
620.375 23.129811160219113 22.468546190215505
620.875 23.130129570919525 22.468158718811146
621.375 23.130451265629546 22.46776919734616
621.875 23.130793959780483 22.467381652113076
622.375 23.131133822838898 22.46699578919985
622.875 23.13148741710006 22.46661340494687
623.375 23.131836027048955 22.46623716080157
623.875 23.13218529614263 22.465866143685606
624.375 23.132549682772506 22.46548645987207
624.875 23.132911253594912 22.465111618025993
625.375 23.133271857087138 22.464736938866558
625.875 23.13364874976685 22.464372535789586
626.375 23.134028328814185 22.464003550714004
626.875 23.134397001141803 22.46363410485822
627.375 23.134799648514655 22.463273948258873
627.875 23.13517830304682 22.462901558374778
628.375 23.135577671967965 22.462552528866322
628.875 23.13598341367944 22.462185944265567
629.375 23.136373804340383 22.46183080891926
629.875 23.136780888700223 22.461474122236393
630.375 23.13718442594958 22.461120063871235
630.875 23.137601322960126 22.460764840106574
631.375 23.138018026633876 22.460416205119333
631.875 23.138442682118487 22.460078542649153
632.375 23.138873674891002 22.459724094018057
632.875 23.139314620876746 22.459376555296537
633.375 23.139747768932377 22.459035330011318
633.875 23.14020130557192 22.458702919647827
634.375 23.140635471688693 22.45835711697202
634.875 23.14109671808294 22.45802539783075
635.375 23.14154875688431 22.457681756326345
635.875 23.14201297102605 22.457355616269314
636.375 23.142474324937346 22.457023308898506
636.875 23.142940370581243 22.456696989361838
637.375 23.143410775509242 22.456361648414603
637.875 23.14388725395103 22.456039558082193
638.375 23.14438139267631 22.45571736414719
638.875 23.144859372752343 22.45539304770023
639.375 23.145362042110158 22.45507243568889
639.875 23.145864453011708 22.45475851169281
640.375 23.146356154759047 22.454441510759025
640.875 23.14687054325426 22.454125087278133
641.375 23.14737155197974 22.453815244612223
641.875 23.14789098108824 22.453500648962144
642.375 23.148416031170743 22.45320085623859
642.875 23.148938852304283 22.45289327377467
643.375 23.14946586929451 22.45258137624848
643.875 23.150005174932566 22.452279228593696
644.375 23.1505456356958 22.451981853472333
644.875 23.151097154687065 22.451688958721313
645.375 23.15163793803397 22.451386484941466
645.875 23.152185633199892 22.45109219633175
646.375 23.152759069445423 22.450804275277783
646.875 23.15331367254409 22.450509398726307
647.375 23.153895124161963 22.450220329914092
647.875 23.15445622918685 22.449934899906875
648.375 23.155046631414272 22.4496506073719
648.875 23.15562303354653 22.44937155767378
649.375 23.156204982569 22.449089587499355
649.875 23.15680687520572 22.448810798281194
650.375 23.15740281759215 22.448535208897887
650.875 23.158010059377094 22.44825737611695
651.375 23.158618851104077 22.44798819404917
651.875 23.159237806990646 22.447716579000712
652.375 23.159840713676424 22.44745504748346
652.875 23.160466816344666 22.44718078467099
653.375 23.16109656827846 22.44692640598926
653.875 23.161732484514573 22.44665665824587
654.375 23.162365605802336 22.44640203415824
654.875 23.16301336191623 22.446146667261424
655.375 23.16365924189232 22.445885105108978
655.875 23.16432025613235 22.445633491184257
656.375 23.164968705370583 22.445378483875345
656.875 23.16564038798987 22.445129475431624
657.375 23.166312945682783 22.44488860299456
657.875 23.166983204915553 22.44464514389159
658.375 23.167663194378893 22.444395835800197
658.875 23.168343607706795 22.44415962503126
659.375 23.16905059707612 22.443912757269064
659.875 23.169735885844617 22.44367862276013
660.375 23.170441160892857 22.443444193037998
660.875 23.171141190051372 22.443211278772445
661.375 23.171874744711076 22.442983237416122
661.875 23.172600645769897 22.442758436831248
662.375 23.173338204517954 22.442529886660196
662.875 23.174079633924585 22.442301456124397
663.375 23.174821378446758 22.442083468385764
663.875 23.175572215326603 22.441865099231993
664.375 23.17632798682262 22.441637520177746
664.875 23.1771025754447 22.44142440186904
665.375 23.177870486631655 22.441209947912007
665.875 23.178659649749264 22.44100365433356
666.375 23.17944077276305 22.44079085735875
666.875 23.180241036092212 22.44058452217351
667.375 23.181035210138564 22.44038232171191
