FastTrWP/PhaseSpace/IAs/snIa_0.55_30.00_0.14_0.15.csv
# %ECSV 0.9
# ---
# datatype:
# - {name: time-rel, datatype: float64}
# - {name: g, datatype: float64}
# - {name: i, datatype: float64}
# schema: astropy-2.0
time-rel g i
[from data line 2142]
682.5 25.97869320979025 22.81236643116412
683.0 25.9805714458712 22.81329325826215
683.5 25.982457957380586 22.814220799878363
684.0 25.984368527866664 22.815144267105268
684.5 25.986250276289617 22.81606975337704
685.0 25.988173065044325 22.816993964639995
685.5 25.990079288802974 22.817920985653487
686.0 25.991972532423574 22.818859354226827
686.5 25.99385186909143 22.819777002556684
687.0 25.995739369754524 22.82070642348494
687.5 25.997647014056227 22.82164000648465
688.0 25.999507875075942 22.822572934861483
688.5 26.001389919625893 22.82349416358319
689.0 26.00330464907597 22.82441801039156
689.5 26.005162099073786 22.825341386235817
690.0 26.007073461781363 22.82628029453602
690.5 26.008942822473063 22.827207140018615
691.0 26.01084005874188 22.828138419445576
691.5 26.012727654392958 22.829063235928935
692.0 26.0145357631417 22.829990390939177
692.5 26.01644518815013 22.830921043510077
693.0 26.018334069058735 22.831844890281165
693.5 26.02019563921469 22.8327743632884
694.0 26.022043393981292 22.833707074112297
694.5 26.02390124757145 22.834626331144534
695.0 26.02576233187419 22.835556013314804
695.5 26.027694407260988 22.836490524775765
696.0 26.02952312455121 22.837419244646526
696.5 26.03136082896144 22.838343530137593
697.0 26.03321375532782 22.839283879707374
697.5 26.03510581639975 22.840208157449887
698.0 26.036918090787676 22.841129715602563
698.5 26.038813659230758 22.842061030837502
699.0 26.040637744520758 22.842985440490246
699.5 26.04247013459861 22.84392394743818
700.0 26.044349622359555 22.844842910624624
700.5 26.046148715465975 22.845768235742124
701.0 26.048027255959006 22.84669765744357
701.5 26.049885737211568 22.847629719411234
702.0 26.051664169116698 22.8485541342816
702.5 26.05353096185651 22.84948843180585
703.0 26.055330787289513 22.85041989357702
703.5 26.057194761388793 22.8513373905275
704.0 26.058999390465228 22.852277564177633
704.5 26.06081441429493 22.85320692084637
705.0 26.062659966177037 22.854134196770126
705.5 26.06444708274757 22.855059920981606
706.0 26.066319073904673 22.855990770501393
706.5 26.06812459562579 22.856915602116953
707.0 26.069924130485184 22.857847263408143
707.5 26.07172171389085 22.858779734152527
708.0 26.073534899486326 22.859705064686903
708.5 26.075337633450687 22.86063502600948
709.0 26.07711303777082 22.861564467499882
709.5 26.078929369319642 22.86249294591066
710.0 26.080713312217956 22.86341407553889
710.5 26.082467520196857 22.86434820215846
711.0 26.084286161646105 22.865280878909036
711.5 26.086066692995622 22.866202361175304
712.0 26.087867570123798 22.867136201424408
712.5 26.08968208231975 22.868061762142794
713.0 26.09142693040106 22.868983069738185
713.5 26.093211386176428 22.869920642726107
714.0 26.0949835637968 22.870847616646056
714.5 26.09674355033684 22.8717743213804
715.0 26.09849965134697 22.872706309231553
715.5 26.10029381990982 22.87363259237329
716.0 26.102070608378728 22.87457546898179
716.5 26.10382191734905 22.87549324780814
717.0 26.105598933064314 22.876432137335346
717.5 26.10737632206756 22.87735374206294
718.0 26.109119859569063 22.878284042247138
718.5 26.11081602984627 22.879209935926816
719.0 26.11261769398405 22.88013303528644
719.5 26.114337425444305 22.881062618005842
720.0 26.116172258690817 22.881999335189338
720.5 26.117859144512977 22.882929157798802
721.0 26.119608950232582 22.883859144576185
721.5 26.121311368007476 22.88477831310101
722.0 26.123074013623903 22.88570902179384
722.5 26.124808057177912 22.886644472945616
723.0 26.126529104370405 22.88757327081107
723.5 26.128200833111354 22.888493615364705
724.0 26.12996370145888 22.88942874964452
724.5 26.131664124279848 22.89036440514144
725.0 26.13342200421662 22.8912923587852
725.5 26.135107555715802 22.892217630904213
726.0 26.136855168437855 22.893142851992728
726.5 26.138504170270508 22.89408564183467
727.0 26.140248986116497 22.895013003632112
727.5 26.14194164710932 22.89593293949885
728.0 26.143652603738957 22.89686806673935
728.5 26.145357948261612 22.89779245147104
729.0 26.14703267439717 22.89872693994285
729.5 26.148725033060515 22.89965067837366
730.0 26.150445927119975 22.90057394071963
730.5 26.152069769601226 22.901511365545552
731.0 26.15375976045966 22.902436255814717
731.5 26.15541408882826 22.903360733623902
732.0 26.157075464296042 22.90429210214578
732.5 26.158750832314755 22.90521954418121
733.0 26.160465446195445 22.90614986104506
733.5 26.162096264142043 22.907065579039084
734.0 26.163750749850042 22.908004982152693
734.5 26.165390258714623 22.90893453686127
735.0 26.167018120758133 22.909871645207037
735.5 26.168691151064802 22.91078934390802
736.0 26.170322229597993 22.911718744494017
736.5 26.171968694633417 22.91264768510999
737.0 26.173604008026423 22.913568194040504
737.5 26.17523700284089 22.914493788272893
738.0 26.17684928212528 22.915423115038784
738.5 26.178476869322253 22.91635329936343
739.0 26.180056323918635 22.917281598495336
739.5 26.18165993316495 22.918204734358405
740.0 26.183316226827948 22.91913371602981
740.5 26.184890422797462 22.920057458261436
741.0 26.18643838795165 22.92098296430396
741.5 26.188064123740673 22.921907988061598
742.0 26.189663129567467 22.922834687497385
742.5 26.191227168224685 22.92375825108344
743.0 26.192848967484885 22.924682247565237
743.5 26.194410970601876 22.92561154525154
744.0 26.195969908906903 22.926537372424374
744.5 26.19754103609885 22.927461728831467
745.0 26.199107651154296 22.928375878927735
745.5 26.20064990727395 22.92931201415275
746.0 26.202191225933888 22.93022522801968
746.5 26.203721899716616 22.93115304549259
747.0 26.20533036646698 22.93207122297551
747.5 26.206836653188013 22.9330065053213
748.0 26.20835167945036 22.933931643979726
748.5 26.209888364931423 22.93485146580291
749.0 26.21137091506928 22.935770967421245
749.5 26.21288360903288 22.936681853514752
750.0 26.214436922871634 22.937606835416666
750.5 26.21586630967872 22.938529088584822
751.0 26.217367349857117 22.939452245245437
751.5 26.218837801126227 22.940374840023004
752.0 26.22027109711235 22.94128086134302
752.5 26.221742043572462 22.94220766640089
753.0 26.223230671032653 22.94313107450541
753.5 26.22464107114283 22.94404415902074
754.0 26.226040646381325 22.944961642254004
754.5 26.22748395274588 22.945868166191275
755.0 26.228913266232993 22.94679807718297
755.5 26.23030549928735 22.94770737742581
756.0 26.23169701707024 22.948623496279627
756.5 26.233098570659532 22.949531332387476
757.0 26.23452428383416 22.950443848445676
757.5 26.235857146088254 22.951360447143795
758.0 26.23724414601717 22.952278331221315
758.5 26.238620762119545 22.953194514052427
759.0 26.239958060207922 22.954099733345817
759.5 26.24134561806333 22.955015689154617
760.0 26.242710598293936 22.955929761527404
760.5 26.24402782508911 22.95683367070962
761.0 26.2453823387232 22.957758219274027
761.5 26.24671812039894 22.958661727728785
762.0 26.248070449859785 22.95958217576053
762.5 26.24935998060183 22.960491048251995
763.0 26.250710330817377 22.961407862088826
763.5 26.251994397791275 22.96231406438858
764.0 26.25333337919271 22.96322017324571
764.5 26.25463391402448 22.964135508728614
765.0 26.255956347880712 22.965049709364912
765.5 26.257270840226102 22.9659590108462
766.0 26.258539176400877 22.9668756050142
766.5 26.25983341983247 22.967778377218657
767.0 26.261143332620662 22.96869465882996
767.5 26.262420946360038 22.96961215181634
768.0 26.26371672936785 22.970515593263595
768.5 26.26501947537346 22.97142845378939
769.0 26.26623188570976 22.97234148244195
769.5 26.26760577299497 22.973260848012515
770.0 26.268815186147005 22.97416814219826
770.5 26.270111256112223 22.97508205109937
771.0 26.271421627700356 22.9759855970026
771.5 26.272657052651546 22.97690609560418
772.0 26.273937342178463 22.977810470717777
772.5 26.27519626226793 22.978742219094617
773.0 26.27645846310425 22.979644558689273
773.5 26.277718739314643 22.980556798852206
774.0 26.27904774889128 22.981466774114914
774.5 26.280313480325788 22.982385062694348
775.0 26.281531850261235 22.983292124681793
775.5 26.282833655296972 22.98421415697515
776.0 26.284091498470108 22.985135345630322
776.5 26.28537539903632 22.986048015464586
777.0 26.286616540830117 22.986954113497706
777.5 26.287948743950295 22.9878816873213
778.0 26.289171737968815 22.98880109338658
778.5 26.290473949280226 22.98971615613248
779.0 26.29171495532521 22.99063473196653
779.5 26.29301447099789 22.991550716862275
780.0 26.294282926078857 22.99247828999349
780.5 26.29560083237823 22.993381358676288
781.0 26.29681881339966 22.99431355296802
781.5 26.298117280312905 22.995238570435504
782.0 26.299478303403752 22.996149226214257
782.5 26.300717340900704 22.997078675415096
783.0 26.302026849641376 22.99799612559348
783.5 26.30331019459806 22.99892855100698
784.0 26.304627558227782 22.999844216470326
784.5 26.30595770732836 23.00077416802045
785.0 26.307247358008972 23.001700546738494
785.5 26.30860610777407 23.0026288479362
786.0 26.30987004332934 23.00354456256839
786.5 26.311202323673037 23.00448232494098
787.0 26.312493247282273 23.005412516229345
787.5 26.313789078154667 23.006336974410353
788.0 26.315093638911968 23.007263443712723
788.5 26.316408618843226 23.008193702483894
789.0 26.317688936325922 23.00911586414739
789.5 26.318984439272167 23.010046279635578
790.0 26.320237779935173 23.010968324208907
790.5 26.32156627300031 23.011899253594038
791.0 26.322875962576294 23.012819212697522
791.5 26.324135980288293 23.013753774444456
792.0 26.32539555794291 23.014693033943768
792.5 26.32661635368549 23.015608719979554
793.0 26.327915472134066 23.01653615414628
793.5 26.329204373041264 23.017467191766556
794.0 26.330405835949257 23.01839424359938
794.5 26.331720864973395 23.019325331553535
795.0 26.332995118176893 23.02025863885661
795.5 26.334244608382743 23.02117974141298
796.0 26.335505179030505 23.02211206880651
796.5 26.336781223372032 23.02305131547229
797.0 26.33799069995884 23.02398682319534
797.5 26.33926196879456 23.024901249739152
798.0 26.340548121886332 23.025832365580886
798.5 26.341789911519143 23.026770043650693
799.0 26.34304196840507 23.027688723526673
799.5 26.344303795014152 23.028632673836576
800.0 26.345582378050175 23.02956110279661
800.5 26.346815769431707 23.030496894099727
801.0 26.348079364041674 23.031427998767562
801.5 26.349312755307285 23.032358443961975
802.0 26.350594819084655 23.033293481172134
802.5 26.35181811557007 23.03423210334155
803.0 26.35306750043752 23.035163278785372
803.5 26.35434280059939 23.036096219641117
804.0 26.355580200409193 23.03703688278923
804.5 26.35690454639477 23.037964461760865
805.0 26.35808337440592 23.038894741822283
805.5 26.359377623265495 23.039836192160354
806.0 26.360610554571448 23.04077174906891
806.5 26.361871361663436 23.041712148284347
807.0 26.363173628133893 23.042642009810276
807.5 26.364431138204004 23.04358880210089
808.0 26.365680086612066 23.04453332375454
808.5 26.366934931815976 23.045475657007767
809.0 26.368238163611668 23.046400595847473
809.5 26.369529773722952 23.04735194312648
810.0 26.37078072839528 23.048288203253016
810.5 26.37205002168574 23.0492324348674
811.0 26.373361660047042 23.050178969816045
811.5 26.374613869780617 23.051123230773264
812.0 26.375926215362938 23.05206148652207
812.5 26.377245789485528 23.053002100633936
813.0 26.378545751492382 23.053954150130487
813.5 26.379843863407263 23.054887108451307
814.0 26.381163540196624 23.055843059575253
814.5 26.382433124546765 23.056786970127796
815.0 26.383769922152535 23.05773956155155
815.5 26.38505664555335 23.058691113627823
816.0 26.38639550429474 23.05963563773892
816.5 26.38774325849521 23.060591187022922
817.0 26.389088509149694 23.061537667257582
817.5 26.390401884247034 23.062488845109744
818.0 26.39178091650363 23.063437311794203
818.5 26.393097068851215 23.06439399654559
819.0 26.394474290951116 23.065351003098375
819.5 26.395784328551034 23.066298848019883
820.0 26.397160147006144 23.06726225490591
820.5 26.398545460688613 23.068217897720217
821.0 26.399941434738402 23.06918024587059
821.5 26.40130915261384 23.070132168823285
822.0 26.40272346930219 23.071091027236218
822.5 26.404096091376168 23.07204760030965
823.0 26.40550989498913 23.073004501448832
823.5 26.406939011040706 23.073971464184744
824.0 26.40832708655953 23.07492486877579
824.5 26.40970000355161 23.075899230179992
825.0 26.411144889660655 23.076858709727105
825.5 26.41260046077069 23.07781975032043
826.0 26.413970390963726 23.07878981933582
826.5 26.415382777383833 23.07975037010341
827.0 26.416863492215654 23.0807139409881
827.5 26.418272122992036 23.081686749128444
828.0 26.419724419903844 23.08266453393823
828.5 26.42114737367351 23.083626171174473
829.0 26.422606492759122 23.08459420404771
829.5 26.424063451820796 23.085564279043513
830.0 26.425505386758058 23.086537611237507
830.5 26.42696395852889 23.087508790880854
831.0 26.428385447479506 23.088479109144515
831.5 26.429892781225426 23.089448344329277
832.0 26.43132928448088 23.0904298382545
832.5 26.432819808422412 23.091406014020315
833.0 26.434282022364165 23.092383076922943
833.5 26.43580563860902 23.093353874514207
834.0 26.437249172790537 23.094330295341766
834.5 26.43868639218912 23.095318990390727
835.0 26.440241709481725 23.096293637013034
835.5 26.44171431921958 23.09727516255861
836.0 26.44315976885458 23.098255605154094
836.5 26.44470287982348 23.09923249214623
837.0 26.446196655063634 23.100212685041196
837.5 26.44771882706688 23.10118367279157
838.0 26.449192558444096 23.102178989431273
838.5 26.450713983485002 23.103152933756
839.0 26.452215066572663 23.10413668507579
839.5 26.4537789876429 23.105126509200502
840.0 26.455286895938436 23.106095214196337
840.5 26.45682989164415 23.107091910509435
841.0 26.45830075779125 23.108062465962085
841.5 26.459867458608674 23.10906183794955
842.0 26.461384631329835 23.110039426894083
842.5 26.462950294068946 23.11103199451309
843.0 26.464460390182587 23.112019056667208
843.5 26.466012879689053 23.113003300439342
844.0 26.46760252424584 23.11399673270714
844.5 26.46911427546567 23.114987424382157
845.0 26.470706668398755 23.11598071873611
845.5 26.472226449892187 23.116962743946715
846.0 26.473798082253563 23.117960036594376
846.5 26.47533747239111 23.118954675612827
847.0 26.476950635350697 23.119934559159674
847.5 26.478520187796594 23.120939847003065
848.0 26.480106520172725 23.121929934747957
848.5 26.48169269126204 23.122922542149812
849.0 26.48324572129114 23.123914863891784
849.5 26.484854691122717 23.12491150075801
850.0 26.486456775312867 23.125912048833822
850.5 26.48803405605316 23.12689458407609
851.0 26.489649229988437 23.12789605197937
851.5 26.491256965513024 23.128891064840783
852.0 26.492857062103894 23.129895137899553
852.5 26.4944641460731 23.13088635911583
853.0 26.496061102299052 23.131883225269064
853.5 26.497679976942425 23.132877915168013
854.0 26.499282143325527 23.13388286638429
854.5 26.500935726306203 23.13487082227168
855.0 26.502572754787515 23.135875855717675
855.5 26.50424222689113 23.136876039068127
856.0 26.505837386742364 23.13787749263493
856.5 26.507485826669924 23.138877207451106
857.0 26.509118268536103 23.139872385592746
857.5 26.510767222828818 23.140870778333692
858.0 26.51244771921188 23.141878846206858
858.5 26.514101331362955 23.142874925030206
859.0 26.51576487378228 23.1438817013961
859.5 26.517386688223436 23.144878981279327
860.0 26.51905643347796 23.145890619942627
860.5 26.52075838049837 23.146893250844865
861.0 26.522402727594102 23.147895730863617
861.5 26.524108474640002 23.148892779774265
862.0 26.525809764537836 23.149899471647654
862.5 26.52745326067953 23.1509068851817
863.0 26.529165257890174 23.1519146179135
863.5 26.53081344973235 23.152918817673292
864.0 26.53254922964112 23.1539233063001
864.5 26.534254891927183 23.15493923204526
865.0 26.535975244759076 23.155939938965663
865.5 26.537713433168697 23.156964717612322
866.0 26.539399003753505 23.157967993730328
866.5 26.541109142167386 23.1589790635705
867.0 26.542841993816495 23.159991660449776
