FastTrWP/PhaseSpace/IAs/snIa_0.68_30.00_-0.61_0.13.csv
# %ECSV 0.9
# ---
# datatype:
# - {name: time-rel, datatype: float64}
# - {name: g, datatype: float64}
# - {name: i, datatype: float64}
# schema: astropy-2.0
time-rel g i
[from data line 1156]
738.4791666666666 24.931137121958656 22.213343362975056
738.9791666666666 24.932584075107087 22.21356167853024
739.4791666666666 24.934055661091126 22.213775136187415
739.9791666666666 24.935527488691246 22.21399031772442
740.4791666666666 24.937003512868014 22.21420923516987
740.9791666666666 24.93845796625084 22.214428268167783
741.4791666666666 24.939955613702324 22.214660406330733
741.9791666666666 24.94144829260837 22.214882363361326
742.4791666666666 24.942927485118584 22.2151022493186
742.9791666666666 24.94440707513811 22.215337743969805
743.4791666666666 24.945900520178913 22.21557031271022
743.9791666666666 24.947431739185436 22.215800479175584
744.4791666666666 24.94891556110069 22.21603748729878
744.9791666666666 24.95041379318195 22.21627757044522
745.4791666666665 24.951932051789193 22.216516423209068
745.9791666666666 24.953435607399772 22.216755361469037
746.4791666666666 24.95497517101789 22.216999788467735
746.9791666666665 24.956478650906888 22.217243908427985
747.4791666666666 24.958003072405294 22.217489981659675
747.9791666666666 24.959532883161838 22.21773976707082
748.4791666666665 24.96106447134504 22.217986588325573
748.9791666666666 24.96259374174358 22.218241654182687
749.4791666666666 24.964132681285957 22.21849714875015
749.9791666666665 24.965679118184422 22.218746500494092
750.4791666666666 24.96724348521544 22.219013221130805
750.9791666666666 24.968781060535076 22.21926923224313
751.4791666666665 24.970355497653912 22.219533353232702
751.9791666666666 24.971890832493887 22.219792011639335
752.4791666666666 24.97345620120848 22.22006161413935
752.9791666666665 24.975004524551636 22.22032557795011
753.4791666666666 24.976596754587295 22.22060057038552
753.9791666666666 24.978179367024094 22.220865422533546
754.4791666666665 24.979764701792394 22.221141464320926
754.9791666666666 24.98136074703143 22.221417630143065
755.4791666666666 24.982915657251663 22.221688888047574
755.9791666666665 24.98450340083849 22.221970353867214
756.4791666666666 24.986105203176407 22.222249227770487
756.9791666666666 24.98770102075019 22.222534490670405
757.4791666666665 24.989299334449836 22.222821322283906
757.9791666666666 24.990907397689767 22.223101897647204
758.4791666666666 24.992537365675048 22.223390912928632
758.9791666666665 24.99414393523487 22.223683065692338
759.4791666666666 24.995735586952538 22.223970869472467
759.9791666666666 24.99737058141254 22.224267383763355
760.4791666666665 24.998997293690245 22.224568777953067
760.9791666666666 25.00061305184068 22.224861098279725
761.4791666666666 25.00225598431924 22.225152235182406
761.9791666666665 25.003896183417123 22.22546217625249
762.4791666666666 25.005547961384487 22.225762613450833
762.9791666666666 25.0071951759612 22.226062711126893
763.4791666666665 25.00880040610806 22.22637195857416
763.9791666666666 25.01045794433992 22.226681572728495
764.4791666666666 25.012139357243377 22.226991799655046
764.9791666666665 25.01377483103305 22.227307723430975
765.4791666666666 25.015459187923938 22.227612196666115
765.9791666666666 25.017118484808158 22.227926475000345
766.4791666666665 25.018793183537355 22.228247600609166
766.9791666666666 25.02046320681981 22.228557954388705
767.4791666666666 25.022147166943043 22.22888245931069
767.9791666666665 25.02382786993785 22.22920494516665
768.4791666666666 25.025513065576984 22.22953430697565
768.9791666666666 25.02718936172384 22.22985433472318
769.4791666666665 25.028891749533916 22.230180781317472
769.9791666666666 25.030608227292195 22.230506977013892
770.4791666666666 25.03231855596356 22.230842429774455
770.9791666666665 25.033967898773387 22.231168566235127
771.4791666666666 25.035700411992366 22.231505278069662
771.9791666666666 25.037416010862575 22.23184392423442
772.4791666666665 25.0391533164117 22.232180897189178
772.9791666666666 25.04087350058535 22.232522793099314
773.4791666666666 25.04260166327817 22.232862873012568
773.9791666666665 25.044326030237414 22.23319946383496
774.4791666666666 25.046065725196552 22.233553819732265
774.9791666666666 25.047794987983018 22.23389192523275
775.4791666666665 25.049531134675036 22.23423994817907
775.9791666666666 25.051278537262263 22.234589035037132
776.4791666666666 25.053023303708134 22.23493954969716
776.9791666666665 25.0547754988878 22.235295133796495
777.4791666666666 25.056546119272237 22.235645586843148
777.9791666666666 25.05830471545667 22.235999073880958
778.4791666666665 25.060065849245994 22.236357719412737
778.9791666666666 25.061823834623116 22.236716045930326
779.4791666666666 25.063613009942944 22.237080111340326
779.9791666666665 25.0653846660674 22.237449968106368
780.4791666666666 25.06717353317071 22.23781313857119
780.9791666666666 25.068963859345942 22.238182493683702
781.4791666666665 25.070754331707864 22.238553180659935
781.9791666666666 25.07255568202617 22.238928213415118
782.4791666666666 25.074347491933487 22.239299842867958
782.9791666666665 25.07618530821602 22.23967666084537
783.4791666666666 25.077977830707475 22.24005686366194
783.9791666666666 25.07979940341524 22.24043139429152
784.4791666666665 25.081620459109374 22.240819309317658
784.9791666666666 25.083467618570165 22.241201399884268
785.4791666666666 25.08527312598147 22.241588139742827
785.9791666666665 25.087143597267435 22.24197678199181
786.4791666666666 25.089001510019315 22.242370290015717
786.9791666666666 25.090839671108654 22.242763430273275
787.4791666666665 25.092689600188077 22.24314980236393
787.9791666666666 25.09452598047624 22.243552459908216
788.4791666666666 25.096387391249195 22.243947813891506
788.9791666666665 25.098262114110415 22.244351085424285
789.4791666666666 25.100115578643738 22.24474717349534
789.9791666666666 25.10202602208961 22.2451541154156
790.4791666666665 25.10391630301331 22.245552257250544
790.9791666666666 25.105777143781268 22.24596224593312
791.4791666666666 25.10766399077791 22.246370450644868
791.9791666666665 25.109562172546944 22.24678412826202
792.4791666666666 25.111474368723044 22.247196594606553
792.9791666666666 25.113389935856738 22.247613082740113
793.4791666666665 25.115297200236597 22.24802462581188
793.9791666666666 25.117187506274018 22.24844403695439
794.4791666666666 25.119092737152414 22.24886982564172
794.9791666666665 25.121067044697547 22.249290225843957
795.4791666666666 25.122999063674094 22.249712432886394
795.9791666666666 25.124923384406927 22.250144347125975
796.4791666666665 25.126857117543725 22.25056507512086
796.9791666666666 25.128804132294356 22.25099320394412
797.4791666666666 25.130740149935633 22.25142543202626
797.9791666666665 25.13268166172269 22.25186658309136
798.4791666666666 25.134665449738904 22.252299299555666
798.9791666666666 25.13661112488501 22.252729509127363
799.4791666666665 25.138579351444253 22.253167270340867
799.9791666666666 25.14054362589978 22.253614600775308
800.4791666666666 25.14252158032177 22.25405424563573
800.9791666666665 25.144500654248468 22.254494991550885
801.4791666666666 25.146494911366446 22.25494148398152
801.9791666666666 25.148464702458668 22.25538552576686
802.4791666666665 25.15046718195045 22.255833706220145
802.9791666666666 25.152467852340763 22.256282678240492
803.4791666666666 25.15445724812441 22.256737029483716
803.9791666666665 25.156487716615334 22.25719431805683
804.4791666666666 25.15848302126063 22.257652494656487
804.9791666666666 25.160508334799406 22.25810869894135
805.4791666666665 25.16253506699542 22.25856148298089
805.9791666666666 25.164542449461106 22.25902673877114
806.4791666666666 25.166589322548877 22.25949015153511
806.9791666666665 25.168611942090465 22.259951092006055
807.4791666666666 25.170648676526525 22.26042012727424
807.9791666666666 25.172695457562796 22.26089038988699
808.4791666666665 25.174750646883346 22.261357452108776
808.9791666666666 25.176780162956 22.26182454556676
809.4791666666666 25.178853676376708 22.26229853971359
809.9791666666665 25.18093485671768 22.262766592580256
810.4791666666666 25.182971438890434 22.26325027538387
810.9791666666666 25.185045143386038 22.263718132500774
811.4791666666665 25.187128049508857 22.26420132684625
811.9791666666666 25.189201211822176 22.26468462436328
812.4791666666666 25.191293528216914 22.26516802233782
812.9791666666665 25.193378900143255 22.26564728530928
813.4791666666666 25.19546570514153 22.266127755287386
813.9791666666666 25.197545222398222 22.266619715161525
814.4791666666665 25.199695099201683 22.26710872753622
814.9791666666666 25.20174773656564 22.267602217145313
815.4791666666666 25.203901410058727 22.268080697937933
815.9791666666665 25.205980284549398 22.268584403369314
816.4791666666666 25.208113894424393 22.269073837945808
816.9791666666666 25.210236690743393 22.269570348822377
817.4791666666665 25.212360918534547 22.270060897057803
817.9791666666666 25.214474013042736 22.270569399114603
818.4791666666666 25.21662329651347 22.271068644537458
818.9791666666665 25.218762806255985 22.271570995115958
819.4791666666666 25.220905554088183 22.27207571306134
819.9791666666666 25.22307109867073 22.272585989883677
820.4791666666665 25.225271260484515 22.273088148152173
820.9791666666666 25.22741586717581 22.27360659723328
821.4791666666666 25.229659046973584 22.27411455070714
821.9791666666665 25.231841462545013 22.274641167139386
822.4791666666666 25.234073272920597 22.275158583070642
822.9791666666666 25.236260827372107 22.275680301107165
823.4791666666665 25.238498775743757 22.276211321233085
823.9791666666666 25.240732686416347 22.276732879306017
824.4791666666666 25.24296407417182 22.277265607245
824.9791666666665 25.24525065886506 22.277796810274086
825.4791666666666 25.2475056742179 22.278333016871407
825.9791666666666 25.249772261938386 22.278863616523353
826.4791666666665 25.25203684932071 22.27939185668412
826.9791666666666 25.25432387860093 22.27994220334516
827.4791666666666 25.256636766637406 22.280478127754037
827.9791666666665 25.25892213704168 22.281018344773255
828.4791666666666 25.261228611199854 22.281570048836446
828.9791666666666 25.26354809035958 22.28212019140567
829.4791666666665 25.265856382662207 22.28266242570764
829.9791666666666 25.268196933723296 22.283221034044267
830.4791666666666 25.27050095924926 22.2837693868999
830.9791666666665 25.272853677187396 22.284324514155585
831.4791666666666 25.275202681727396 22.28487855764697
831.9791666666666 25.277571050509945 22.28543349771588
832.4791666666665 25.27994488198729 22.286005980998116
832.9791666666666 25.28228004293208 22.286561641437657
833.4791666666666 25.284635355008213 22.2871284398345
833.9791666666665 25.28700021414553 22.287682559692637
834.4791666666666 25.289416883122264 22.28826104317382
834.9791666666666 25.291787627471216 22.288834258245295
835.4791666666665 25.294193281370006 22.289400782190473
835.9791666666666 25.296583037639717 22.289972541048012
836.4791666666666 25.298975653276795 22.290551012604276
836.9791666666665 25.301376413052814 22.291122975994305
837.4791666666666 25.303781514306177 22.291695700775783
837.9791666666666 25.306178463307717 22.292280153394675
838.4791666666665 25.30860261608654 22.292863055322563
838.9791666666666 25.311024873980866 22.293445965938425
839.4791666666666 25.313410331940425 22.294022468266963
839.9791666666665 25.31583984983319 22.294610608698765
840.4791666666666 25.318266112820503 22.295188854630375
840.9791666666666 25.320687249594084 22.295780601688246
841.4791666666665 25.323121781296578 22.296372148137493
841.9791666666666 25.325569315180942 22.296959086642893
842.4791666666666 25.32798898428997 22.29754763990812
842.9791666666665 25.330410571044723 22.298140821912696
843.4791666666666 25.3328628535721 22.2987312098353
843.9791666666666 25.335312589605007 22.29933125111307
844.4791666666665 25.337749274087052 22.29992353033208
844.9791666666666 25.340176768079935 22.30051749423751
845.4791666666666 25.342618197957115 22.301118478151935
845.9791666666665 25.34505614764198 22.301719704531855
846.4791666666666 25.34750583254003 22.302319284936722
846.9791666666666 25.34996520693675 22.30291950322399
847.4791666666665 25.352384497917328 22.303526641810887
847.9791666666666 25.35483257892585 22.304128272192017
848.4791666666666 25.357276391595093 22.30472623880386
848.9791666666665 25.359716034174173 22.30533570158165
849.4791666666666 25.36218253317788 22.305940921447544
849.9791666666666 25.364608604889423 22.30654523738024
850.4791666666665 25.36704035045417 22.307155798477744
850.9791666666666 25.36945179423739 22.307757476828563
851.4791666666666 25.37188044258013 22.308368422583392
851.9791666666665 25.37430042282198 22.30898030846295
852.4791666666666 25.376745289090277 22.309591396482165
852.9791666666666 25.379187106727258 22.310202610912732
853.4791666666665 25.38159377411805 22.310816150841568
853.9791666666666 25.384018268069433 22.311430468993777
854.4791666666666 25.38641288846875 22.312038730310505
854.9791666666665 25.38882114895635 22.312655864059128
855.4791666666666 25.391262052426896 22.313272435014156
855.9791666666666 25.393654034184628 22.31388171365453
856.4791666666665 25.39604956477423 22.31449424583559
856.9791666666666 25.398432679616253 22.31511852353251
857.4791666666666 25.400829421109204 22.315730827804686
857.9791666666665 25.403232326713656 22.31634783375094
858.4791666666666 25.40560697278154 22.31696921111286
858.9791666666666 25.407987168410845 22.317582086474395
859.4791666666665 25.41034446264273 22.318203216589275
859.9791666666666 25.412710322928845 22.318824505207107
860.4791666666666 25.41511259472301 22.319452107668862
860.9791666666665 25.4174854417321 22.32006698729155
861.4791666666666 25.419863340545312 22.32069781922746
861.9791666666666 25.422293327385425 22.321316269122526
862.4791666666665 25.424654028433807 22.32195112454348
862.9791666666666 25.42702523286784 22.322574960527994
863.4791666666666 25.42941925670886 22.32321280807996
863.9791666666665 25.431816490810306 22.32384398072461
864.4791666666666 25.434198002855986 22.32447799350762
864.9791666666666 25.4366026196727 22.32511177208306
865.4791666666665 25.438974756469257 22.325748018334135
865.9791666666666 25.44138917215283 22.326377698514275
866.4791666666666 25.44376031627493 22.32702290024617
866.9791666666665 25.44616151082981 22.32766571550166
867.4791666666666 25.448543164619366 22.328307618599453
867.9791666666666 25.450947753680207 22.32894504532224
868.4791666666665 25.45336843371798 22.329586980560812
868.9791666666666 25.4557261536211 22.33023201260952
869.4791666666666 25.458144788779293 22.330880427683404
869.9791666666665 25.460516159211796 22.331527892341786
870.4791666666666 25.462916668686916 22.33217992861894
870.9791666666666 25.46529379557564 22.332826945559493
871.4791666666665 25.467704663493002 22.33348194360124
871.9791666666666 25.470108857851706 22.33412412865686
872.4791666666666 25.472479232036726 22.334788262400494
872.9791666666665 25.4748953856199 22.335432463406264
873.4791666666666 25.477288176500977 22.3360892140482
873.9791666666666 25.479653733077356 22.336749457909328
874.4791666666665 25.482059998022223 22.337411565400846
874.9791666666666 25.484466879750848 22.338071054281183
875.4791666666666 25.48688300271163 22.33873132383867
875.9791666666665 25.489264845311595 22.339390085483032
876.4791666666666 25.491649798494787 22.340058443351502
876.9791666666666 25.49403633307438 22.340720676864553
877.4791666666665 25.4964373147692 22.341384635490282
877.9791666666666 25.498811471088466 22.34204590087616
878.4791666666666 25.501194581670077 22.342707714006345
878.9791666666665 25.503586507022664 22.343381328956994
879.4791666666666 25.505970283701707 22.34405430271559
879.9791666666666 25.508382524427123 22.344728858129088
880.4791666666665 25.510763373803776 22.345397759560694
880.9791666666666 25.5131543527497 22.346068581719262
881.4791666666666 25.51552392309314 22.34674020875562
881.9791666666665 25.517918530094065 22.34741978037585
