FastTrWP/PhaseSpace/IAs/snIa_0.50_30.00_2.61_0.14.csv
# %ECSV 0.9
# ---
# datatype:
# - {name: time-rel, datatype: float64}
# - {name: g, datatype: float64}
# - {name: i, datatype: float64}
# schema: astropy-2.0
time-rel g i
[from data line 704]
-71.0 23.490309862848136 22.398335782840615
-70.50000000000006 23.489419812118566 22.39749887046337
-70.0 23.488531946447544 22.396669381628243
-69.5 23.487658722833352 22.395838303993592
-69.00000000000006 23.486789734690888 22.39501181910875
-68.5 23.485930385958515 22.394184828574243
-68.0 23.485058150052293 22.39336978870527
-67.50000000000006 23.48421656033778 22.392554867386355
-67.0 23.483371265503706 22.39174929564745
-66.5 23.48254194715898 22.390931214428655
-66.00000000000006 23.481708194496814 22.39012879623729
-65.5 23.48087834268075 22.389329575387237
-65.0 23.480065697108788 22.388536472100622
-64.50000000000006 23.47925349338002 22.38774298493226
-64.0 23.478453055785394 22.38695530098585
-63.5 23.477645626761692 22.38616658706347
-63.00000000000006 23.47686917711672 22.385388979275504
-62.5 23.47608459806144 22.38461454222068
-62.0 23.475293967730423 22.383834596613127
-61.50000000000006 23.474536813577004 22.38307339934351
-61.0 23.47377346170617 22.382307156632287
-60.5 23.47299889734751 22.381545064061577
-60.00000000000006 23.472254686284547 22.380787764828057
-59.5 23.47151561987274 22.380036570160197
-59.0 23.470785424585813 22.37927961619555
-58.50000000000006 23.47003872667234 22.37853073868846
-58.0 23.469327892715807 22.377790212237652
-57.5 23.468605868999184 22.377058781071288
-57.00000000000006 23.46788057276197 22.37631037898784
-56.5 23.467169912052913 22.375578746766195
-56.0 23.466470643836562 22.37484674572316
-55.50000000000006 23.465771804072343 22.3741190790833
-55.0 23.465076879431834 22.373397283162227
-54.5 23.464394688703578 22.372677301424254
-54.00000000000006 23.46371769488698 22.371958651318824
-53.5 23.463036765482737 22.371246579500728
-53.0 23.462365315435896 22.37053566950589
-52.50000000000006 23.461696811588336 22.369827784446127
-52.0 23.46103292551878 22.36912449713885
-51.5 23.460390531243117 22.36843045837183
-51.0 23.459743075390186 22.367728792122627
-50.5 23.459099307797658 22.367036334943084
-50.0 23.45847423554615 22.366345340572316
-49.5 23.457837350877146 22.365653258484272
-49.0 23.457214915035777 22.364974448014042
-48.5 23.45659642394895 22.364290977159357
-48.0 23.455985679538536 22.36361117025121
-47.5 23.455376891757737 22.362939878159583
-47.0 23.45477690693444 22.362264047792628
-46.5 23.45419007952671 22.36160460640155
-46.0 23.453605329386143 22.360936897800098
-45.5 23.453022990891448 22.360284963878968
-45.0 23.452439942002442 22.35962332125888
-44.5 23.451874713371407 22.358971635077825
-44.0 23.451300015693974 22.358323961557712
-43.5 23.45074912752412 22.357679058949465
-43.0 23.450206440114023 22.357034798031453
-42.5 23.449651950727457 22.356397240145363
-42.0 23.44911849119548 22.3557585364171
-41.5 23.44859117091447 22.355135560489906
-41.0 23.448057862020324 22.354503146330146
-40.5 23.44754053678878 22.353881956250696
-40.0 23.44703216829273 22.353256995504708
-39.5 23.44651055585274 22.352644299452823
-39.0 23.446026572491938 22.35202449947851
-38.5 23.445531870903732 22.351423708963367
-38.0 23.445044904012295 22.3508122143806
-37.5 23.4445453513246 22.350209753243625
-37.0 23.444072938439483 22.349612129165763
-36.5 23.4435931298942 22.349012631701257
-36.0 23.44314436961161 22.34842828569014
-35.5 23.442680961058798 22.34783033811567
-35.0 23.44223800544969 22.34725141669084
-34.5 23.441780531406206 22.346668365143483
-34.0 23.441355671277098 22.346099261029995
-33.5 23.440921733653948 22.345523271351738
-33.0 23.440494546259632 22.34495374426706
-32.5 23.440084760559543 22.34438869096977
-32.0 23.43966536379803 22.343827980283002
-31.5 23.43927505678434 22.343267791671998
-31.0 23.438868661329177 22.342707622867234
-30.5 23.43848518216923 22.342165315423294
-30.0 23.43808075103015 22.341613678728866
-29.5 23.43771098224853 22.341072250947008
-29.0 23.437347108146916 22.340537032280064
-28.5 23.436982358769754 22.33999651743458
-28.0 23.436616005166808 22.339464698759677
-27.5 23.436271201110014 22.3389321077993
-27.0 23.435926507350295 22.33841547435718
-26.5 23.43559374534212 22.33789559414536
-26.0 23.435259483717648 22.337384876983894
-25.5 23.434941913578704 22.33686622571085
-25.0 23.43462799493754 22.336358416770345
-24.5 23.434319954994983 22.335856113646074
-24.0 23.434010059709664 22.335344321537253
-23.5 23.43370831685762 22.334864279478598
-23.0 23.43342948376238 22.33437011606351
-22.5 23.433151214827216 22.333884392100522
-22.0 23.43286748033578 22.3334015368264
-21.5 23.432600807191765 22.332908335010423
-21.0 23.43234754171778 22.332437797133522
-20.5 23.432102022382427 22.331966006743386
-20.0 23.431858317927833 22.33150662101435
-19.5 23.431617734507775 22.331039521445962
-19.0 23.43138505815557 22.330584265620704
-18.5 23.431170756135955 22.330129901098438
-18.0 23.430948527770465 22.32967872706403
-17.5 23.430752179363566 22.329238831440144
-17.0 23.430537687016482 22.328791976894845
-16.5 23.43034034534351 22.328352155365515
-16.0 23.430155520916873 22.32792409185269
-15.5 23.429972999437876 22.327485440947385
-15.0 23.429797900916366 22.327063740641012
-14.5 23.42964130978222 22.326635432089134
-14.0 23.429476826294042 22.326216264880983
-13.5 23.429319660609615 22.32580226710542
-13.0 23.42917917343566 22.325387508817926
-12.5 23.429041346804148 22.32498374643786
-12.0 23.428905398981147 22.324575266620794
-11.5 23.428777063041334 22.32417573522371
-11.0 23.428656494361988 22.323778936913826
-10.5 23.428544312671406 22.32338010924263
-10.0 23.42842880907051 22.322990619239352
-9.5 23.42832084481993 22.322606129484935
-9.0 23.428235123999915 22.322216504424503
-8.5 23.42813571611279 22.321834207549966
-8.0 23.428040952298037 22.321459098821535
-7.5 23.427957538119244 22.321082107899613
-7.0 23.427895881504732 22.32070977422878
-6.5 23.42781873328672 22.320343003854667
-6.0 23.427756338090404 22.31998058197523
-5.5 23.42769823022527 22.319614555726858
-5.0 23.427645214409797 22.31925052071386
-4.5 23.4275991542248 22.31889486784267
-4.0 23.427559204790228 22.31854738873391
-3.5 23.427522998667868 22.318195163329122
-3.0 23.42749173412858 22.317845283299768
-2.5 23.427464180157557 22.317495292431154
-2.0 23.427448712266653 22.31715454493337
-1.5 23.427425880270043 22.316818044974443
-1.0 23.427419143303226 22.31648197819965
-0.5 23.427413223305788 22.316143423959222
0.0 23.42741159069584 22.315811795793657
0.5 23.427416187877142 22.315480448665145
1.0 23.42742013397041 22.31515140205883
1.5 23.427437556381534 22.31483936181984
2.0 23.427454477180504 22.314510333503055
2.5 23.42748383979469 22.314190973576217
3.0 23.427502152109202 22.313868982035366
3.5 23.427531222426083 22.31355068595179
4.0 23.42757498231594 22.31325022297345
4.5 23.427611090584925 22.312930859387258
5.0 23.42765609847257 22.31262876926301
5.5 23.427701772930707 22.31232285887261
6.0 23.427763913891265 22.31201514436944
6.5 23.4278149447294 22.311701686175628
7.0 23.427870959619653 22.31140570723224
7.5 23.427937603890893 22.31111395940711
8.0 23.428026802445643 22.310817358882055
8.5 23.42808836689975 22.31052578089941
9.0 23.428168289857837 22.310225405961216
9.5 23.428244130289624 22.30994281071269
10.0 23.428325634388123 22.30965035483215
10.5 23.428420635131104 22.30936168574983
11.0 23.428510406106597 22.309073386772056
11.5 23.428611675193412 22.30879043801351
12.0 23.428716282876575 22.30851237816036
12.5 23.42881390100907 22.30822662485401
13.0 23.428930777183922 22.307956610376912
13.5 23.42904648920042 22.307684172648514
14.0 23.429165158909893 22.307408356274614
14.5 23.429299164536953 22.307141382784785
15.0 23.429442835463252 22.306879729252
15.5 23.429596235339595 22.306629372558284
16.0 23.429757230333614 22.306374642444467
16.5 23.429907787884503 22.30612382291006
17.0 23.430089132166948 22.305879507564555
17.5 23.43025648478989 22.30564288562352
18.0 23.430428944755324 22.305400001775624
18.5 23.430622622144355 22.30516777796425
19.0 23.430818092983486 22.304932985811462
19.5 23.431017492554112 22.304707431703896
20.0 23.43120792213874 22.304487908303102
20.5 23.431443761749602 22.304261179762335
21.0 23.431661159899555 22.3040450477761
21.5 23.431886594183915 22.30382615018767
22.0 23.43212296923083 22.303613494276654
22.5 23.43235247036337 22.30340548588639
23.0 23.432594796095177 22.303197844834383
23.5 23.43284931527164 22.302990264036357
24.0 23.433083495346327 22.302788286924027
24.5 23.4333581989771 22.30259845085913
25.0 23.43360962871155 22.302395147273618
25.5 23.433881615641084 22.30219996515784
26.0 23.434153778744005 22.302008675928402
26.5 23.434421279751916 22.30181567012782
27.0 23.43471080063182 22.301629474273177
27.5 23.43499514201843 22.30143952718847
28.0 23.435292949761745 22.30126301191683
28.5 23.435577676816315 22.30107633678268
29.0 23.435873875380807 22.300892479364776
29.5 23.43616876262308 22.300719088667215
30.0 23.436470584604116 22.30053887961921
30.5 23.436786995009054 22.30036562473913
31.0 23.43710322680732 22.300188888503985
31.5 23.43740842373654 22.30001361269814
32.0 23.437720720500156 22.299842894045586
32.5 23.438051957804205 22.29967299904991
33.0 23.438368644636817 22.29950396843072
33.5 23.43870050843091 22.29933495578348
34.0 23.439018744426132 22.299167626350346
34.5 23.43936032068286 22.299003438190685
35.0 23.439690130918784 22.298833986235866
35.5 23.44003028763415 22.298669546064083
36.0 23.44036164399665 22.2985111802426
36.5 23.440697318392594 22.29834041146782
37.0 23.441052796748703 22.298178460258065
37.5 23.441380035582018 22.298011425321
38.0 23.441734608553478 22.297846209560998
38.5 23.44208057008916 22.297690663745236
39.0 23.442418784792117 22.29752812880776
39.5 23.442762122447448 22.297367658610106
40.0 23.443111131751195 22.297207475022958
40.5 23.44346660569243 22.297045723740844
41.0 23.4438188314061 22.296881347803634
41.5 23.44415042916793 22.296713473990476
42.0 23.444512837407146 22.29655139600238
42.5 23.444874059801187 22.29639691389759
43.0 23.445214932959505 22.296227086225766
43.5 23.445573437091912 22.296069665916075
44.0 23.44592173852461 22.29589541518733
44.5 23.446271492704724 22.295733737433384
45.0 23.44662023565212 22.295567570974306
45.5 23.446974181362986 22.29540165740751
46.0 23.447330608771367 22.295226184980717
46.5 23.44766904173152 22.295059227503508
47.0 23.448025021724156 22.294892539314226
47.5 23.448363463137568 22.294717730835167
48.0 23.448698736467684 22.294543987456876
48.5 23.449059302677554 22.29436970458027
49.0 23.449404903674242 22.29418904177605
49.5 23.44974882873483 22.294017532958897
50.0 23.45009258711491 22.293843388641083
50.5 23.450450353018873 22.29366984521854
51.0 23.45080891060688 22.293496336555584
51.5 23.45115314224614 22.293329218107946
52.0 23.45150728972974 22.293155179372075
52.5 23.45186648398939 22.292983527131838
53.0 23.452227767198153 22.292811153471455
53.5 23.452583429547715 22.292637001202
54.0 23.452939405639505 22.292477585082352
54.5 23.45331850012808 22.29229530312873
55.0 23.453674069675635 22.29213333700669
55.5 23.454043694737923 22.29196491787238
56.0 23.45442161362901 22.291795923620427
56.5 23.45478123738394 22.291627796308838
57.0 23.45514969952246 22.29145665831738
57.5 23.45552197457112 22.291291346275223
58.0 23.455902754824002 22.291127314959805
58.5 23.456284338245936 22.2909615078504
59.0 23.456669097401516 22.290789664132852
59.5 23.457049358602017 22.290625059494808
60.0 23.457419514164602 22.290459154868287
60.5 23.457817272535706 22.290297022447977
61.0 23.458204438845694 22.290127436551487
61.5 23.458595095100165 22.289970033959804
62.0 23.45897916775978 22.289814640105252
62.5 23.459368763847863 22.289646739324592
63.0 23.459767737166594 22.289490512508866
63.5 23.46016442197117 22.289321378905193
64.0 23.46055886016316 22.28915688314344
64.5 23.460966689493617 22.288991833592938
65.0 23.46136501746382 22.288839363843344
65.5 23.4617748061927 22.288679712554504
66.0 23.462176423322223 22.28852199491245
66.5 23.46258548368755 22.288364261408805
67.0 23.462990248872757 22.28820661183972
67.5 23.463396991747352 22.288049742993582
68.0 23.463818506225547 22.287891756491135
68.5 23.464234982194508 22.2877356550056
69.0 23.46465534617506 22.28757904399255
69.5 23.465069813879555 22.287420430182785
70.0 23.465491228855395 22.287264557521734
70.5 23.465902579281604 22.28710617813395
71.0 23.46634015340685 22.286954307476087
71.5 23.46676285834522 22.286806248602645
72.0 23.46718725109732 22.28664885217117
72.5 23.467615820021347 22.286492636135584
73.0 23.468046114459288 22.286346455400054
73.5 23.4684831324848 22.286196857811493
74.0 23.468922387661717 22.286043539982057
74.5 23.469350204188267 22.285887750247298
75.0 23.469793336133073 22.285744716096488
75.5 23.470239144765653 22.285594319767128
76.0 23.470682147120495 22.28544532318017
76.5 23.471117239317998 22.285294297217067
77.0 23.471580862703476 22.285149229432513
77.5 23.472020546596383 22.28500289311841
78.0 23.472483509211894 22.284849468052016
78.5 23.47292293214109 22.28470543601677
79.0 23.473389405806977 22.284560418957035
79.5 23.473839735334543 22.284411840774414
80.0 23.474298027112766 22.284269904975197
80.5 23.474759368140244 22.28412641788234
81.0 23.475234059332717 22.28398465904305
81.5 23.475697097976656 22.28383804392272
82.0 23.47616037520663 22.283695079583694
82.5 23.47662061461659 22.283558470419578
83.0 23.477098818846642 22.283413377693858
83.5 23.477574415447357 22.283274905674233
84.0 23.478041617956737 22.283128226028023
84.5 23.47853619374024 22.28298274872604
85.0 23.479001886495855 22.282848085901193
85.5 23.479478831031283 22.282710297630565
86.0 23.479963303696138 22.282568660130195
86.5 23.4804422841529 22.282427637251736
87.0 23.480932797589517 22.282295506183694
87.5 23.48143389770557 22.282154383479945
88.0 23.481925585928828 22.282018417706336
88.5 23.48240632911548 22.28187849349353
89.0 23.48290521751204 22.281747555155782
89.5 23.4833972327754 22.281610685948586
90.0 23.48390401449286 22.281477705729984
90.5 23.484389717740104 22.28134211795036
91.0 23.484905205256478 22.281214343359935
91.5 23.48540851606685 22.2810759043707
92.0 23.485909539879177 22.280936054941996
92.5 23.486420810465344 22.280805272836425
93.0 23.486923250576393 22.280675805641277
93.5 23.487447321781087 22.28053913595072
94.0 23.487958257006113 22.28040566321324
94.5 23.48848434931552 22.280281339359394
95.0 23.489000030758447 22.280151725210843
95.5 23.489520282552686 22.280021997669603
96.0 23.49002661918734 22.27988734372035
96.5 23.490567478334548 22.279758787917046
97.0 23.49109672038591 22.279628868959207
97.5 23.49161517745965 22.279508602159495
98.0 23.49214007184143 22.279377601790983
98.5 23.49268097686253 22.279250547686708
99.0 23.49321104165073 22.279120443772598
99.5 23.493757445839837 22.278998452919417
100.0 23.49429302741235 22.278873572072385
100.5 23.49484208301213 22.278738283973738
101.0 23.495372138779388 22.27862157492858
101.5 23.49593789034733 22.278490277385437
102.0 23.496476190707334 22.27837008780464
102.5 23.49701910208008 22.278250922006624
103.0 23.497567025594968 22.27813066267167
103.5 23.498121685418454 22.278006134477724
104.0 23.49868382133171 22.277882499773177
104.5 23.499232168863102 22.27776362405802
105.0 23.499796427667157 22.277645493890574
105.5 23.500360952257875 22.277521483382078
106.0 23.500921394613684 22.277403766798123
106.5 23.50149062957977 22.277281204245565
107.0 23.502062974337548 22.27716369419932
107.5 23.50262100522793 22.277048737424213
108.0 23.503201990601504 22.276930677297983
108.5 23.503774110383404 22.276816841862583
109.0 23.504345775002747 22.27670052910398
109.5 23.504933206002185 22.276585111452842
110.0 23.505511163105357 22.2764665825579
110.5 23.506096814929567 22.276356559172182
111.0 23.50668714070811 22.2762422326781
111.5 23.50726219145484 22.27612891244936
112.0 23.507851145642547 22.276018215554455
112.5 23.508442434998177 22.275899353132623
113.0 23.509038696614844 22.275787816984668
113.5 23.509622228850784 22.275674245171132
114.0 23.5102263641574 22.27557344202807
