FastTrWP/PhaseSpace/IAs/snIa_0.66_30.00_1.05_0.02.csv
# %ECSV 0.9
# ---
# datatype:
# - {name: time-rel, datatype: float64}
# - {name: g, datatype: float64}
# - {name: i, datatype: float64}
# schema: astropy-2.0
time-rel g i
96.83333333333331 26.99520147133006 24.62953712070007
97.33333333333334 26.983523344638893 24.622012757981693
97.83333333333334 26.97203889519571 24.614514562529966
98.33333333333331 26.960577724350156 24.60706461765707
98.83333333333334 26.949117813283777 24.599637878587515
99.33333333333334 26.937801078624034 24.59221891999489
99.83333333333331 26.92651183914425 24.584805924731796
100.33333333333334 26.915199586307182 24.57742581767329
100.83333333333334 26.90399503036317 24.5700551636449
101.33333333333331 26.892788352570456 24.562730664603404
101.83333333333334 26.881640446202827 24.555388687764594
102.33333333333334 26.8706068308172 24.54810208738142
102.83333333333331 26.859578691868133 24.54080424315621
103.33333333333334 26.848622795142948 24.533535130633766
103.83333333333334 26.837652559241413 24.526257152427245
104.33333333333334 26.82679542224689 24.519069959341078
104.83333333333334 26.815974340439652 24.511842959246856
105.33333333333334 26.805148948386922 24.504645862587925
105.83333333333334 26.79440038882252 24.49747814212452
106.33333333333334 26.783770529715866 24.49035698122726
106.83333333333334 26.773139637670145 24.483228293760284
107.33333333333334 26.762554039491306 24.47610136248105
107.83333333333334 26.752059383197686 24.46903919886831
108.33333333333334 26.74154077371119 24.461957448432546
108.83333333333334 26.73112381885796 24.454927172691548
109.33333333333334 26.720706858798373 24.44791164368548
109.83333333333334 26.710341341514127 24.44088359424292
110.33333333333334 26.70014294351937 24.433908243972855
110.83333333333334 26.689859197274686 24.426951648396336
111.33333333333334 26.67968397226995 24.420026117237175
111.83333333333334 26.66951396055906 24.413097738268057
112.33333333333334 26.65944722837488 24.406213903811235
112.83333333333334 26.649467523509696 24.399341965183446
113.33333333333334 26.639420289387306 24.392489081236466
113.83333333333334 26.629532292956213 24.385659763718543
114.33333333333334 26.619642198095615 24.37884693164449
114.83333333333334 26.609761982010927 24.372070385497913
115.33333333333334 26.600003151505117 24.36530505505648
115.83333333333334 26.590246792915263 24.35856055954648
116.33333333333334 26.580542707233548 24.351839289320854
116.83333333333334 26.57083975678123 24.345158668712408
117.33333333333334 26.56129499140497 24.338467477450195
117.83333333333334 26.551763459587047 24.331816872620806
118.33333333333334 26.542207488597906 24.325191104485665
118.83333333333334 26.53278478886319 24.318596973757703
119.33333333333334 26.523352521442916 24.312006881082073
119.83333333333334 26.513968994849357 24.305419405144914
120.33333333333334 26.50466116480125 24.298897977547156
120.83333333333334 26.49545486773175 24.29236360520455
121.33333333333334 26.486236153855298 24.28588372703762
121.83333333333334 26.47702709046733 24.279419643058073
122.33333333333334 26.467910372652625 24.272942210168537
122.83333333333334 26.458810210794255 24.266520148231475
123.33333333333334 26.449791162841734 24.26013250610292
123.83333333333334 26.44081589073366 24.253748327692684
124.33333333333334 26.43185053368779 24.247376381968703
124.83333333333334 26.42291789767331 24.241038458383542
125.33333333333334 26.41410237800148 24.234732048994356
125.83333333333334 26.405269167027686 24.22842595843108
126.33333333333334 26.39650484102787 24.222155356311394
126.83333333333334 26.387822455551767 24.215917669972132
127.33333333333334 26.379095506364255 24.20969106423695
127.83333333333334 26.37048077214558 24.203474326290483
128.33333333333334 26.361913116552902 24.197301643287908
128.83333333333334 26.353360120432626 24.191139199964546
129.33333333333334 26.344814489536613 24.185003605330113
129.83333333333334 26.336385654533252 24.178883345131588
130.33333333333334 26.327990038259355 24.172805674581493
130.83333333333334 26.319637436423392 24.166738398691212
131.33333333333334 26.311299446729247 24.160666797929352
131.83333333333334 26.303022954899173 24.15466283133683
132.33333333333334 26.294728001637232 24.14866562030769
132.83333333333334 26.286565318899626 24.14267837266432
133.33333333333334 26.27841302431608 24.136707930858815
133.83333333333334 26.270292031226305 24.13078032125521
134.33333333333334 26.262214245662598 24.124868766606173
134.83333333333334 26.254199078020974 24.11897130519705
135.33333333333334 26.246194643148826 24.113090958932688
135.83333333333334 26.23821044668432 24.107247667356134
136.33333333333334 26.23029861255757 24.10142041949358
136.83333333333334 26.222443419441195 24.095622336223734
137.33333333333334 26.214628463616812 24.08985180877004
137.83333333333334 26.206821783265525 24.084080364745724
138.33333333333334 26.199083863560308 24.07834216278716
138.83333333333334 26.191381406745823 24.07259782307717
139.33333333333334 26.18365575787927 24.066900200293908
139.83333333333334 26.17597767776648 24.061176905230795
140.33333333333334 26.16838339123653 24.055487826368832
140.83333333333334 26.16069750476268 24.049798684822253
141.33333333333334 26.153082856396765 24.044134981921772
141.83333333333334 26.145521424713433 24.038462927295527
142.33333333333334 26.137981284025543 24.032813333658105
142.83333333333334 26.130451679752518 24.027182809992237
143.33333333333334 26.122960714660337 24.02155455616264
143.83333333333334 26.1154951204982 24.015939673785724
144.33333333333334 26.108021905677425 24.010351632873
144.83333333333334 26.10061873203142 24.004754098292537
145.33333333333334 26.093224602181134 23.99918980083204
145.83333333333334 26.085866782022347 23.99364154847392
146.33333333333334 26.078548884794216 23.988093737892942
146.83333333333334 26.071214795845748 23.98255660915496
147.33333333333334 26.06396319197595 23.977059028513143
147.83333333333334 26.056640678761667 23.971559083232478
148.33333333333334 26.049463813641893 23.966073986588793
148.83333333333334 26.04227352059532 23.96060550866229
149.33333333333334 26.03508450589581 23.955153215228854
149.83333333333334 26.02792469866263 23.94971849691801
150.33333333333334 26.0208366655036 23.94428378422397
150.83333333333334 26.01370681668834 23.938875628177477
151.33333333333334 26.006660722759804 23.93348842197408
151.83333333333334 25.99958264028091 23.92811452213161
152.33333333333334 25.992605334187125 23.92275007110143
152.83333333333334 25.985602523567263 23.917403190713152
153.33333333333334 25.978647534416922 23.912064516704024
153.83333333333334 25.971718063461935 23.906750263814416
154.33333333333334 25.964819470070672 23.90147365206893
154.83333333333334 25.957938626403564 23.896180772023033
155.33333333333334 25.951084649390346 23.890920583470795
155.83333333333334 25.944242442546877 23.885681213195078
156.33333333333334 25.937480845623764 23.880462412628198
156.83333333333334 25.93070467876375 23.875236991382174
157.33333333333334 25.92395215767878 23.870056662613187
157.83333333333334 25.91726918692507 23.86487131058839
158.33333333333334 25.9105595868822 23.85971148878996
158.83333333333334 25.90389391567829 23.85457306597775
159.33333333333334 25.897287601592286 23.849459804451286
159.83333333333334 25.890646809982613 23.844342817482783
160.33333333333334 25.884083099896632 23.839255160743864
160.83333333333334 25.877528075172023 23.834185414379327
161.33333333333334 25.871026417184694 23.8291325035356
161.83333333333334 25.864514064492035 23.824092147606358
162.33333333333334 25.8580367951279 23.819068983100877
162.83333333333334 25.85159809447041 23.814080961795106
163.33333333333334 25.845198171228084 23.809095917106117
163.83333333333334 25.838818484543037 23.8041464200655
164.33333333333334 25.832434504578714 23.799194276704387
164.83333333333334 25.826128591059167 23.79425957648811
165.33333333333334 25.819789150380245 23.78936432508427
165.83333333333334 25.81352651143918 23.784464430228983
166.33333333333334 25.80722973181631 23.77959799006495
166.83333333333334 25.80103183490962 23.774744929284537
167.33333333333334 25.794832379290472 23.769903414965583
167.83333333333334 25.788634772987507 23.765096741934414
168.33333333333331 25.782510464677127 23.7603004655061
168.83333333333334 25.776390451739346 23.755530251555793
169.33333333333334 25.770295757885727 23.75075977328377
169.83333333333331 25.76424790617857 23.74604316213003
170.33333333333334 25.75819096429907 23.741315233707514
170.83333333333334 25.75216930725516 23.736633816231887
171.33333333333331 25.746159662566797 23.731934729399256
171.83333333333334 25.74020687950036 23.72727487853252
172.33333333333334 25.73427026099129 23.72264040226976
172.83333333333331 25.72839566307232 23.718020447155208
173.33333333333334 25.722491274613837 23.71340802726005
173.83333333333334 25.71662336094082 23.708821302856727
174.33333333333331 25.710797486376272 23.70425263547535
174.83333333333334 25.7049853020892 23.699710744889344
175.33333333333334 25.699197702882984 23.695186086287915
175.83333333333331 25.69343780414402 23.690672322989883
176.33333333333334 25.687700156903755 23.68619220007258
176.83333333333334 25.681973552312453 23.681723469301346
177.33333333333331 25.67633995707679 23.677267154659308
177.83333333333334 25.670673029620005 23.672839111656945
178.33333333333334 25.665042155242386 23.668426472220624
178.83333333333331 25.65940054619203 23.664031159812193
179.33333333333334 25.653835329357175 23.65963062223156
179.83333333333334 25.648230809237653 23.65525595770699
180.33333333333331 25.64268139410374 23.65087524386043
180.83333333333334 25.6371118852115 23.646511418884867
181.33333333333334 25.631595653907368 23.642164225371204
181.83333333333331 25.62604516876295 23.63781361458217
182.33333333333334 25.620564539769248 23.633467086076962
182.83333333333334 25.615055808327295 23.629159786397985
183.33333333333331 25.60963011284043 23.624853306145212
183.83333333333334 25.60418840488664 23.620561668534705
184.33333333333334 25.598752779320687 23.616254312082127
184.83333333333331 25.593316017263483 23.61197779194012
185.33333333333334 25.58795104100184 23.6077081609721
185.83333333333334 25.58254728977698 23.603461816291972
186.33333333333331 25.577196147342196 23.599206502494823
186.83333333333334 25.571847650383557 23.594986197521045
187.33333333333334 25.566513990610336 23.59075875872938
187.83333333333331 25.56119818383129 23.586573059103753
188.33333333333334 25.5559292701713 23.58235280122187
188.83333333333334 25.550617401269523 23.578178717165326
189.33333333333331 25.545372308607984 23.57400805467771
189.83333333333334 25.540129941743828 23.569845965781056
190.33333333333334 25.534905768164386 23.565697247926508
190.83333333333331 25.529700343566333 23.561564623619205
191.33333333333334 25.52452252054306 23.557437557302535
191.83333333333334 25.519313466151612 23.553340615741497
192.33333333333331 25.514186915927702 23.549243203564426
192.83333333333334 25.509004777400012 23.54514542422727
193.33333333333334 25.503907497898478 23.541084926962238
193.83333333333331 25.49877116280755 23.537022916682663
194.33333333333334 25.493701142589458 23.532980080618774
194.83333333333334 25.488641938551034 23.5289531151368
195.33333333333331 25.483587912257516 23.524921205121373
195.83333333333334 25.478550457813412 23.5209178375078
196.33333333333334 25.473519730393058 23.516925688800715
196.83333333333331 25.468545678625762 23.512950940841332
197.33333333333334 25.463543468309936 23.508977897863748
197.83333333333334 25.458570498187456 23.505030179474282
198.33333333333331 25.453626759236396 23.50109016642439
198.83333333333334 25.448674120575582 23.49715980712279
199.33333333333334 25.443753932145732 23.493243865648026
199.83333333333331 25.43886093303207 23.48935719075934
200.33333333333334 25.433999283843395 23.485459949314528
200.83333333333334 25.429136510866435 23.481602754888527
201.33333333333331 25.42426559178526 23.477739671196794
201.83333333333334 25.41941685252271 23.473880989978326
202.33333333333334 25.414609534964217 23.470064871146384
202.83333333333331 25.40980992631757 23.466242625640106
203.33333333333334 25.4050240385533 23.46244427558782
203.83333333333334 25.400267928085473 23.458650990736253
204.33333333333331 25.395510438511497 23.454882011668285
204.83333333333334 25.390786228742638 23.45112157168035
205.33333333333334 25.386068433960716 23.447378817587257
205.83333333333331 25.381342647707545 23.443639992130407
206.33333333333334 25.376675669633034 23.439925855116854
206.83333333333334 25.371989785423636 23.436218291666293
207.33333333333331 25.367365937253773 23.432526174141806
207.83333333333334 25.362743904183414 23.4288477336317
208.33333333333334 25.358121056811413 23.425198822034314
208.83333333333331 25.353530508352993 23.4215562069784
209.33333333333334 25.34894278346421 23.417920018878675
209.83333333333334 25.344397133179744 23.41431388720238
210.33333333333331 25.339835539161694 23.41071078333797
210.83333333333334 25.335295578649898 23.40712670447197
211.33333333333334 25.33079596758852 23.403544828054326
211.83333333333331 25.32629827226598 23.39999326511791
212.33333333333334 25.321799289287952 23.39643613096427
212.83333333333334 25.317319726930855 23.39291614400066
213.33333333333331 25.312909353343443 23.38940917619247
213.83333333333334 25.30846645355732 23.385903371095182
214.33333333333334 25.30405722282498 23.38242180552279
214.83333333333331 25.29965843232917 23.378941753033725
215.33333333333334 25.29526832151825 23.3754943917224
215.83333333333334 25.29091257752286 23.372061694697596
216.33333333333331 25.286531161468297 23.36863978995776
216.83333333333334 25.282208502151413 23.365230821398942
217.33333333333334 25.277907611946592 23.36182718539852
217.83333333333331 25.27359614746696 23.3584515376219
218.33333333333334 25.269320837469074 23.35508195188275
218.83333333333334 25.26504245029551 23.351731193523225
219.33333333333331 25.260781557847046 23.348384648921048
219.83333333333334 25.256547865399114 23.345053355720665
220.33333333333334 25.25228475564061 23.341746436092095
220.83333333333331 25.24808433982363 23.338440644922194
221.33333333333334 25.243884989971455 23.335136965396597
221.83333333333334 25.239689750510518 23.33185322099453
222.33333333333331 25.235533999442566 23.328577781016236
222.83333333333334 25.23134151657779 23.325325059884648
223.33333333333334 25.227217164487694 23.32207614350636
223.83333333333331 25.223054874677814 23.318837071548266
224.33333333333334 25.21894382089668 23.315609301686866
224.83333333333334 25.21482837419187 23.312403810889005
225.33333333333331 25.2107426839947 23.309179947526317
225.83333333333334 25.20664599125174 23.305988561865814
226.33333333333334 25.20256201012979 23.30281340716788
226.83333333333331 25.198513035557994 23.299637481132777
227.33333333333334 25.194468965393888 23.296471253211884
227.83333333333334 25.190407242886103 23.29331450711324
228.33333333333331 25.186388188352584 23.290174549267576
228.83333333333334 25.182379434420024 23.28703980809005
229.33333333333334 25.17836670473163 23.283916582461135
229.83333333333331 25.174397600526785 23.280803592215356
230.33333333333334 25.170413901985572 23.27770630561904
230.83333333333334 25.166435123067284 23.2746164011726
231.33333333333331 25.162488182885603 23.271528330664772
231.83333333333334 25.158581482797963 23.268451853781634
232.33333333333334 25.154610329954767 23.26538509580503
232.83333333333334 25.150690463066752 23.262337507271056
233.33333333333334 25.14676269959149 23.259291055745976
233.83333333333334 25.14287516129311 23.256252391906187
234.33333333333334 25.13898013500528 23.2532256135445
234.83333333333334 25.135097208868228 23.250209374546387
235.33333333333334 25.13122856506066 23.247200030471305
235.83333333333334 25.127367508969346 23.24419674055317
236.33333333333334 25.123527372886333 23.241215936972928
236.83333333333334 25.119675964904236 23.238233772264053
237.33333333333334 25.115869768147174 23.2352480597719
237.83333333333334 25.11203711438774 23.232285317545347
238.33333333333334 25.108226412871776 23.22933284739737
