FastTrWP/PhaseSpace/IAs/snIa_0.57_30.00_0.12_-0.05.csv
# %ECSV 0.9
# ---
# datatype:
# - {name: time-rel, datatype: float64}
# - {name: g, datatype: float64}
# - {name: i, datatype: float64}
# schema: astropy-2.0
time-rel g i
[from data line 2302]
1279.4166666666667 25.66785877867855 23.033077176530227
1279.9166666666667 25.66944065794385 23.03408315146166
1280.4166666666667 25.671031926109052 23.035097037910433
1280.9166666666667 25.672601337658367 23.036101842071464
1281.4166666666667 25.674195199746418 23.0371233577294
1281.9166666666667 25.675804724904904 23.038133651128994
1282.4166666666667 25.677322155145227 23.039142515029912
1282.9166666666667 25.678895007477777 23.04015023815593
1283.4166666666667 25.68046547845848 23.04116519321726
1283.9166666666667 25.682033497820985 23.042175356526357
1284.4166666666667 25.68360972515888 23.043186922612584
1284.9166666666667 25.685168709164298 23.044193916383765
1285.4166666666667 25.68669677018855 23.045220841324486
1285.9166666666667 25.68824822329416 23.046228099334733
1286.4166666666667 25.689785476691934 23.047239663471743
1286.9166666666667 25.691359484890555 23.048250768884504
1287.4166666666667 25.69286550444797 23.049261967643375
1287.9166666666667 25.694391129066215 23.050273526671774
1288.4166666666667 25.695953758548434 23.051286169338606
1288.9166666666667 25.697447227535527 23.052314222253237
1289.4166666666667 25.699006268862888 23.053319428000716
1289.9166666666667 25.70050094157485 23.05432911759239
1290.4166666666667 25.702027228603583 23.05534966609423
1290.9166666666667 25.70353497858442 23.056370748327346
1291.4166666666667 25.705053005132648 23.05737968865771
1291.9166666666667 25.706545146396 23.058386473194087
1292.4166666666667 25.708008527981608 23.059404356650163
1292.9166666666667 25.70950030102501 23.060412424064317
1293.4166666666667 25.711019707912776 23.061428982160454
1293.9166666666667 25.712522519387754 23.062437321466923
1294.4166666666667 25.714007203594576 23.06345839019027
1294.9166666666667 25.71546180420654 23.064471632994863
1295.4166666666667 25.71695175684421 23.06547997547078
1295.9166666666667 25.71841820802987 23.06650006398811
1296.4166666666667 25.71990232788673 23.067522313618383
1296.9166666666667 25.72138244537921 23.06852894219872
1297.4166666666667 25.722810848907045 23.069539737180186
1297.9166666666667 25.724250679668327 23.07056024031578
1298.4166666666667 25.72569477735982 23.07156582040674
1298.9166666666667 25.7271482700466 23.072578270488133
1299.4166666666667 25.728602990920276 23.073594274359333
1299.9166666666667 25.730001774929402 23.074612041397494
1300.4166666666667 25.731439925543306 23.07562720428252
1300.9166666666667 25.73285432135176 23.076637099399356
1301.4166666666667 25.73425930686081 23.077641940412047
1301.9166666666667 25.735648527383226 23.078665120128946
1302.4166666666667 25.737018108536983 23.079677537079167
1302.9166666666667 25.738377148320758 23.080683150696444
1303.4166666666667 25.7397794223777 23.081701538811497
1303.9166666666667 25.741142522355567 23.082710735394087
1304.4166666666667 25.7424946782808 23.083735794077164
1304.9166666666667 25.743842505240828 23.084736468727268
1305.4166666666667 25.7451762514535 23.08574850087497
1305.9166666666667 25.746494783207893 23.086774415842637
1306.4166666666667 25.74784601477806 23.087775902201116
1306.9166666666667 25.749183586799425 23.088786245318683
1307.4166666666667 25.750525342178797 23.089797967738455
1307.9166666666667 25.751846084720146 23.09081047659494
1308.4166666666667 25.753117169067554 23.09181705738102
1308.9166666666667 25.75447448228775 23.092835738840883
1309.4166666666667 25.75576463549924 23.093845239874486
1309.9166666666667 25.757057722703884 23.09484688750867
1310.4166666666667 25.758338649561626 23.095865737875663
1310.9166666666667 25.759612508582805 23.09687512977355
1311.4166666666667 25.76090041455656 23.097888616291407
1311.9166666666667 25.762191014740278 23.098897054417684
1312.4166666666667 25.763434017074044 23.099922115988996
1312.9166666666667 25.764697578549107 23.100922280583887
1313.4166666666667 25.76595186772407 23.101935731375818
1313.9166666666667 25.767203158822234 23.10294434527909
1314.4166666666667 25.768461754669087 23.10396364111062
1314.9166666666667 25.7697216798022 23.10496959587843
1315.4166666666667 25.77097351664647 23.105991451934127
1315.9166666666667 25.772188865341978 23.10700275359094
1316.4166666666667 25.77347039377297 23.108015283427417
1316.9166666666667 25.774698120975398 23.10902666732925
1317.4166666666667 25.775948696486356 23.110036539938253
1317.9166666666667 25.777145174326222 23.111053917470574
1318.4166666666667 25.77837797534059 23.11206906613933
1318.9166666666667 25.77962431532182 23.113073605844864
1319.4166666666667 25.780817633106775 23.114090717544627
1319.9166666666667 25.78207599391686 23.115114911230606
1320.4166666666667 25.783302086649627 23.116120791721826
1320.9166666666667 25.784512817233775 23.11714425768603
1321.4166666666667 25.785735335335993 23.11815748281267
1321.9166666666667 25.786951825387014 23.119170682771625
1322.4166666666667 25.788189776025604 23.120183983594732
1322.9166666666667 25.78936086708049 23.121206033231484
1323.4166666666667 25.790575694576493 23.122223669465267
1323.9166666666667 25.791828367078406 23.123243958119218
1324.4166666666667 25.793025893255003 23.12425188138385
1324.9166666666667 25.794216746661583 23.12527430066133
1325.4166666666667 25.79544743006672 23.126289628341944
1325.9166666666667 25.79665384877545 23.127314285087465
1326.4166666666667 25.797884446086833 23.12833310871825
1326.9166666666667 25.799091420146766 23.129353240661516
1327.4166666666667 25.800318641543882 23.130374662857783
1327.9166666666667 25.80153278708229 23.131398660096774
1328.4166666666667 25.80271726208394 23.13241927367606
1328.9166666666667 25.80397623378833 23.13344567640478
1329.4166666666667 25.805193179586055 23.134469231406015
1329.9166666666667 25.80641216169512 23.135486742909052
1330.4166666666667 25.80760551107206 23.136512001588354
1330.9166666666667 25.808856473495823 23.13753314845843
1331.4166666666667 25.810065330825385 23.138563364499724
1331.9166666666667 25.811320103918682 23.139581869294915
1332.4166666666667 25.812542171176105 23.140612673198305
1332.9166666666667 25.81379842230814 23.141631863068085
1333.4166666666667 25.815063043770653 23.142658278667394
1333.9166666666667 25.81626172672191 23.14369333061886
1334.4166666666667 25.817491982033808 23.14471949549481
1334.9166666666667 25.81873214558915 23.145753986075587
1335.4166666666667 25.820023799623467 23.146773450868913
1335.9166666666667 25.82124994403803 23.14781633435766
1336.4166666666667 25.82253548684615 23.148844940164594
1336.9166666666667 25.82379146582933 23.149873102932613
1337.4166666666667 25.825084670967 23.15091102066087
1337.9166666666667 25.82627534693785 23.151934415729283
1338.4166666666667 25.8275513179052 23.152972790676706
1338.9166666666667 25.82880026287125 23.1540080280047
1339.4166666666667 25.830043158492778 23.155038049483494
1339.9166666666667 25.831268842878536 23.156075144785177
1340.4166666666667 25.832463395357124 23.157104086482686
1340.9166666666667 25.833756957268154 23.15814623921716
1341.4166666666667 25.834951911202708 23.159179171275905
1341.9166666666667 25.836191778693603 23.16021675605199
1342.4166666666667 25.837418528623317 23.161248352082787
1342.9166666666667 25.838646535899468 23.162278372534935
1343.4166666666667 25.839864648782545 23.16332251862118
1343.9166666666667 25.84110068519028 23.16435370284892
1344.4166666666667 25.84231753690014 23.165394208576508
1344.9166666666667 25.843569030743325 23.166432519843
1345.4166666666667 25.844735854144112 23.167465160085086
1345.9166666666667 25.845963954710108 23.168499182917284
1346.4166666666667 25.84719666867201 23.169541828350376
1346.9166666666667 25.848388705316513 23.17058314285623
1347.4166666666667 25.84961542627604 23.171615964250684
1347.9166666666667 25.850789573205127 23.172666655635872
1348.4166666666667 25.852049165080736 23.173701371257916
1348.9166666666667 25.853247838234225 23.174731425482417
1349.4166666666667 25.854432465679654 23.175771917193675
1349.9166666666667 25.855690597916755 23.176817917109346
1350.4166666666667 25.85683768401338 23.177866705949146
1350.9166666666667 25.85805544310542 23.178906033397865
1351.4166666666667 25.859285803669493 23.17994270314103
1351.9166666666667 25.86049754396894 23.180977176490508
1352.4166666666667 25.86170222367972 23.182031523124337
1352.9166666666667 25.86289945596763 23.183073489233735
1353.4166666666667 25.86412223513326 23.18411675025425
1353.9166666666667 25.865313499542157 23.18516989178766
1354.4166666666667 25.86654136820371 23.186211117505167
1354.9166666666667 25.867759178270397 23.187254831274522
1355.4166666666667 25.868945119760404 23.188304102210534
1355.9166666666667 25.870177480651577 23.189343394908335
1356.4166666666667 25.871414496573337 23.19040304647639
1356.9166666666667 25.87262881807689 23.191433697563447
1357.4166666666667 25.87385340948538 23.192491567514693
1357.9166666666667 25.875054840072224 23.193543423355433
1358.4166666666667 25.8762630384583 23.19458815484774
1358.9166666666667 25.877511687304455 23.195640275791675
1359.4166666666667 25.87873191551393 23.196687760119097
1359.9166666666667 25.879968960586407 23.197736812549937
1360.4166666666667 25.881225321320635 23.1987828899465
1360.9166666666667 25.88244168277726 23.199848921267566
1361.4166666666667 25.883644532267347 23.200894854174635
1361.9166666666667 25.884881738221228 23.201940994763056
1362.4166666666667 25.88612228820199 23.203004895323367
1362.9166666666667 25.887394522961678 23.20405689277564
1363.4166666666667 25.888619940358776 23.205113033716756
1363.9166666666667 25.889905990141983 23.206166929966333
1364.4166666666667 25.891127761703125 23.207211406119697
1364.9166666666667 25.89238664645498 23.208283837515083
1365.4166666666667 25.893656309107037 23.209334430978707
1365.9166666666667 25.894913618186905 23.21039996854967
1366.4166666666667 25.896230364585744 23.21145087867366
1366.9166666666667 25.89747665993713 23.212512487152196
1367.4166666666667 25.89876726868297 23.2135801241189
1367.9166666666667 25.90003128692562 23.214631268360876
1368.4166666666667 25.901314714542345 23.215692705173105
1368.9166666666667 25.902604894834376 23.216758614771035
1369.4166666666667 25.90389565823948 23.217822955165317
1369.9166666666667 25.905233989935855 23.21889187979966
1370.4166666666667 25.906544111706303 23.21994510659554
1370.9166666666667 25.907854616305826 23.221014161670567
1371.4166666666667 25.909136653628252 23.222080370088165
1371.9166666666667 25.910466789348803 23.223140149584154
1372.4166666666667 25.91182052821367 23.2242205785535
1372.9166666666667 25.91318538851794 23.225289557452662
1373.4166666666667 25.914523489540052 23.226349384335116
1373.9166666666667 25.915848481927615 23.227421076269085
1374.4166666666667 25.917188642698285 23.228481736218868
1374.9166666666667 25.918585057088883 23.229563394903238
1375.4166666666667 25.919909217274224 23.230634694720166
1375.9166666666667 25.921300147293344 23.231705092681082
1376.4166666666667 25.922639487348246 23.232785895789068
1376.9166666666667 25.924053143129726 23.23385153195547
1377.4166666666667 25.92542692092687 23.2349260863014
1377.9166666666667 25.926795937295772 23.23600714801401
1378.4166666666667 25.928193897312752 23.237080930694233
1378.9166666666667 25.92954320292663 23.23815487369653
1379.4166666666667 25.93094517522321 23.239241367682204
1379.9166666666667 25.932344197245882 23.24032025326418
1380.4166666666667 25.933763649616644 23.241394956966914
1380.9166666666667 25.93513307665432 23.24247408566251
1381.4166666666667 25.936546929578945 23.243551418969805
1381.9166666666667 25.937949031359885 23.244642118191262
1382.4166666666667 25.93936436713246 23.245721763623273
1382.9166666666667 25.940737710300034 23.24680726348877
1383.4166666666667 25.942190637144236 23.24788867319485
1383.9166666666667 25.94362606953684 23.248967178246534
1384.4166666666667 25.94500458496156 23.250047485412416
1384.9166666666667 25.94648459377091 23.2511452693905
1385.4166666666667 25.947891726806024 23.252231726702167
1385.9166666666667 25.949313731479762 23.25331833677755
1386.4166666666667 25.95077528169679 23.254416013334634
1386.9166666666667 25.95220876068076 23.255498726125026
1387.4166666666667 25.95359654690104 23.25658798655651
1387.9166666666667 25.95507100928139 23.25767477739089
1388.4166666666667 25.956547002036604 23.25876287166498
1388.9166666666667 25.95796523410361 23.259863554186815
1389.4166666666667 25.95942323362198 23.260947004416824
1389.9166666666667 25.960858503142795 23.262034720865152
1390.4166666666667 25.96237309560545 23.26313411010403
1390.9166666666667 25.96382441050128 23.264218964247696
1391.4166666666667 25.96527726467146 23.265321039009088
1391.9166666666667 25.966781641478264 23.266416946048412
1392.4166666666667 25.96826238603176 23.267508290150126
1392.9166666666667 25.969711632685076 23.26860015137626
1393.4166666666667 25.97121594113963 23.26970272595775
1393.9166666666667 25.97270746610015 23.270807098154812
1394.4166666666667 25.97418883442848 23.271893414032153
1394.9166666666667 25.97569064802037 23.27299600979949
1395.4166666666667 25.977184390486126 23.27408616541028
1395.9166666666667 25.978657291747176 23.27518303787542
1396.4166666666667 25.980162586633817 23.276292383355038
1396.9166666666667 25.98172208442364 23.27739009887356
1397.4166666666667 25.983210138926538 23.278492488422707
1397.9166666666667 25.984703906974982 23.279592374570967
1398.4166666666667 25.98627301190756 23.280685698184435
1398.9166666666667 25.98775539898496 23.281799162527367
1399.4166666666667 25.989277647423755 23.28289486890747
1399.9166666666667 25.99082193740456 23.28399632300901
1400.4166666666667 25.99237218156066 23.285102913448075
1400.9166666666667 25.993896379148083 23.286198554019077
1401.4166666666667 25.995394103294007 23.287307081413577
1401.9166666666667 25.99695038534059 23.2884157972181
1402.4166666666667 25.99849992694722 23.289529529918482
1402.9166666666667 26.00005495459206 23.29061842407401
1403.4166666666667 26.00161682242469 23.291726233614423
1403.9166666666667 26.003196850059854 23.292833407147818
1404.4166666666667 26.00472570613922 23.293948860947786
1404.9166666666667 26.006295604019787 23.29504712057375
1405.4166666666667 26.007845985320902 23.296160626271856
1405.9166666666667 26.009410109029645 23.297264992239338
1406.4166666666667 26.011020762035 23.298365764920142
1406.9166666666667 26.012580635339294 23.299484813089023
1407.4166666666667 26.01412698352808 23.3005838626517
1407.9166666666667 26.01575311041669 23.301693027331613
1408.4166666666667 26.017282266016363 23.302807427886293
1408.9166666666667 26.018910472444567 23.303908500020988
1409.4166666666667 26.020510411595023 23.305021066668786
1409.9166666666667 26.02211463551331 23.306138613755664
1410.4166666666667 26.023704814262775 23.307251645520704
1410.9166666666667 26.025315457476314 23.308347374683645
1411.4166666666667 26.026932499264845 23.309477096601185
1411.9166666666667 26.02853695840526 23.31057171690174
1412.4166666666667 26.030177795422755 23.311677952851714
1412.9166666666667 26.031790875749262 23.31279690008271
1413.4166666666667 26.033384025540478 23.31390679637515
1413.9166666666667 26.035039768654013 23.315024914237128
1414.4166666666667 26.03665826476139 23.316144093963732
1414.9166666666667 26.0383186684003 23.317249996576127
1415.4166666666667 26.04001137126739 23.31837203467461
1415.9166666666667 26.04161393534438 23.319480852804286
