FastTrWP/PhaseSpace/IAs/snIa_0.47_30.00_-0.38_0.08.csv
# %ECSV 0.9
# ---
# datatype:
# - {name: time-rel, datatype: float64}
# - {name: g, datatype: float64}
# - {name: i, datatype: float64}
# schema: astropy-2.0
time-rel g i
[from data line 866]
638.4166666666666 23.439109271084977 22.356302654775135
638.9166666666666 23.43942209371921 22.35588269216812
639.4166666666666 23.439748696450753 22.355461834094676
639.9166666666666 23.44006260694046 22.35503007777885
640.4166666666666 23.44039614235335 22.354621370999116
640.9166666666666 23.440743493468126 22.354203577829797
641.4166666666666 23.441075641769093 22.353795782284433
641.9166666666666 23.44142626266859 22.353383859659623
642.4166666666666 23.441785878643138 22.35297861193277
642.9166666666666 23.442145038369517 22.352568724555578
643.4166666666666 23.442515075811777 22.352174990929363
643.9166666666666 23.442886933482022 22.35177316312885
644.4166666666666 23.44327873121191 22.351375435967753
644.9166666666666 23.44365570123696 22.35097773320711
645.4166666666666 23.44404787060352 22.35058667153053
645.9166666666666 23.444457430900826 22.35019834998451
646.4166666666666 23.444848473269943 22.34981166293139
646.9166666666666 23.44526449621018 22.34942507365037
647.4166666666666 23.445677157097627 22.34903689225348
647.9166666666666 23.446104201553982 22.348663993100907
648.4166666666666 23.44653919353285 22.34828496593879
648.9166666666666 23.446974410967453 22.347906202737992
649.4166666666666 23.447426142267233 22.34753945275213
649.9166666666666 23.447859935381654 22.34717790108984
650.4166666666666 23.448326450288892 22.346799724481524
650.9166666666666 23.448784964081607 22.346439232296778
651.4166666666666 23.449256625750742 22.346073194386975
651.9166666666666 23.44972744748273 22.345718408145984
652.4166666666666 23.450223536324287 22.34536716594213
652.9166666666666 23.450700110116358 22.34501329504678
653.4166666666666 23.451196498457286 22.344662305996117
653.9166666666666 23.45170242603727 22.34431858254026
654.4166666666666 23.452214994914883 22.343966296674026
654.9166666666666 23.452718087436914 22.34362684461765
655.4166666666666 23.4532383705249 22.34327686563328
655.9166666666666 23.453769538653113 22.342947262685804
656.4166666666666 23.454313841210052 22.342602041108375
656.9166666666666 23.454851448433853 22.34227510654696
657.4166666666666 23.455413926069973 22.341946200286852
657.9166666666666 23.45595326069852 22.341623521507586
658.4166666666666 23.456525375766404 22.34129121818014
658.9166666666666 23.457095236519997 22.34097384432122
659.4166666666666 23.457674784194538 22.340653315879806
659.9166666666666 23.45825800808022 22.340336051542987
660.4166666666666 23.458861414504845 22.3400217829756
660.9166666666666 23.459474599369848 22.33971030642229
661.4166666666666 23.460085189412037 22.339402318501627
661.9166666666666 23.46069905010878 22.339098476667157
662.4166666666666 23.461343515080088 22.338795600200825
662.9166666666666 23.461987808715318 22.338494999430733
663.4166666666666 23.4626438796292 22.338194994330077
663.9166666666666 23.463299815799495 22.33790806095072
664.4166666666666 23.463971583351956 22.337609660435255
664.9166666666666 23.464642239797122 22.337314099723734
665.4166666666666 23.46531595562095 22.337024866271165
665.9166666666666 23.46600392049844 22.336740821044273
666.4166666666666 23.466705124943186 22.33646348884488
666.9166666666666 23.46741868237197 22.33617591854333
667.4166666666666 23.468126428967576 22.335898481367842
667.9166666666666 23.468839646407993 22.33562483326992
668.4166666666666 23.46957725976963 22.33535599170882
668.9166666666666 23.470301150543275 22.335080008723914
669.4166666666666 23.471055946307693 22.334812076926305
669.9166666666666 23.47181009903791 22.33454759484669
670.4166666666666 23.472564707438018 22.334283532634945
670.9166666666666 23.47332658590584 22.334021230360808
671.4166666666666 23.47408845450968 22.333768935444315
671.9166666666666 23.47486895155331 22.33351212034303
672.4166666666666 23.475645282920794 22.333252799011817
672.9166666666666 23.47643656490144 22.333003257618923
673.4166666666666 23.477237447309246 22.332751320336804
673.9166666666666 23.47803153897346 22.33250939494954
674.4166666666666 23.478831645078383 22.33226541732115
674.9166666666666 23.479657801210678 22.332021160915723
675.4166666666666 23.480466930605953 22.331781646245474
675.9166666666666 23.481293133856454 22.331541484345443
676.4166666666666 23.482127710025136 22.331309849308617
676.9166666666666 23.482952070306474 22.33107750327589
677.4166666666666 23.483785341972517 22.330846724908717
677.9166666666666 23.484639807772588 22.330622642226608
678.4166666666666 23.485491741685408 22.33039189037989
678.9166666666666 23.486350144365975 22.330170372114
679.4166666666666 23.48720367958778 22.329957745208194
679.9166666666666 23.4880667431389 22.32973528909178
680.4166666666666 23.48893626261529 22.32951511487597
680.9166666666666 23.489813460356572 22.329306008958948
681.4166666666666 23.490676780349943 22.329091224797352
681.9166666666666 23.49156333065908 22.32888208749089
682.4166666666666 23.49244603591827 22.328680326481884
682.9166666666666 23.493349316600796 22.328471438982717
683.4166666666666 23.494236096208386 22.32826756001794
683.9166666666666 23.49512333713657 22.328073375257325
684.4166666666666 23.4960333082811 22.327871077629634
684.9166666666666 23.496944349869345 22.3276756439803
685.4166666666666 23.49785127178896 22.32748243633707
685.9166666666666 23.49875552631967 22.32729089842683
686.4166666666666 23.499672577783457 22.327101666513165
686.9166666666666 23.500588914836342 22.326909747116552
687.4166666666666 23.501502377917692 22.32672416535644
687.9166666666666 23.502434725508788 22.326540764223026
688.4166666666666 23.50334485308665 22.326363099387017
688.9166666666666 23.50428273826454 22.326186251789654
689.4166666666666 23.505210209398232 22.326012271819348
689.9166666666666 23.506147490050257 22.32583390651891
690.4166666666666 23.507085154710524 22.32566352371807
690.9166666666666 23.50802151678838 22.32549370170641
691.4166666666666 23.50895424485612 22.325330451930924
691.9166666666666 23.509892596600057 22.325164519879102
692.4166666666666 23.51083531294357 22.324998971897493
692.9166666666666 23.511777039173968 22.324836837788425
693.4166666666666 23.51272636748087 22.324685298134956
693.9166666666666 23.51367577139989 22.324524793484297
694.4166666666666 23.51462901338808 22.3243666127268
694.9166666666666 23.51558836752307 22.32421334185007
695.4166666666666 23.51656051289309 22.324062420140965
695.9166666666666 23.517534859736962 22.323918337363096
696.4166666666666 23.518521953062827 22.323771919555917
696.9166666666666 23.51950818167944 22.323632743311627
697.4166666666666 23.52050754369415 22.32349658780946
697.9166666666666 23.521503317880416 22.32335286495082
698.4166666666666 23.522502636103624 22.3232180481452
698.9166666666666 23.523526391635375 22.323082124736644
699.4166666666666 23.52454257498497 22.322954043629263
699.9166666666666 23.525558356801355 22.32282178279098
700.4166666666666 23.526580001408824 22.322699839074467
700.9166666666666 23.5276127530784 22.322575171677755
701.4166666666666 23.528644548755384 22.32245612560626
701.9166666666666 23.529694516083435 22.32232937231602
702.4166666666666 23.530749776768886 22.322222943605738
702.9166666666666 23.53180290837532 22.322101112382416
703.4166666666666 23.532871256730562 22.321991449909806
703.9166666666666 23.533930972306116 22.321878510269254
704.4166666666666 23.53500953109392 22.32177012561731
704.9166666666666 23.5360777370307 22.321662522119187
705.4166666666666 23.537162103873605 22.32156062195837
705.9166666666666 23.53823785856767 22.321456213040936
706.4166666666666 23.539333665980067 22.32135959972045
706.9166666666666 23.540416829445245 22.32126413944286
707.4166666666666 23.54151128978035 22.321173020322533
707.9166666666666 23.54261442589953 22.321074435932328
708.4166666666666 23.543720785598765 22.320987967459985
708.9166666666666 23.544830937348927 22.320896411647887
709.4166666666666 23.54595094764474 22.320810230745742
709.9166666666666 23.54706335243048 22.32073039009325
710.4166666666666 23.548177358361315 22.320647983469783
710.9166666666666 23.54930356456483 22.320564643036263
711.4166666666666 23.550437273431836 22.320489611260065
711.9166666666666 23.551572356643238 22.32041417745799
712.4166666666666 23.552702647784834 22.320344969103296
712.9166666666666 23.553845436735074 22.32027007972965
713.4166666666666 23.554985149056282 22.320202245521248
713.9166666666666 23.556131509847123 22.320141152300394
714.4166666666666 23.557292192418448 22.320071894565523
714.9166666666666 23.55843751486788 22.320007418396447
715.4166666666666 23.55958893302189 22.319941510445297
715.9166666666666 23.560746815551497 22.319885216904996
716.4166666666666 23.561899294807368 22.31983257798605
716.9166666666666 23.563068365261852 22.319771456810923
717.4166666666666 23.564240521893932 22.319720541736615
717.9166666666666 23.56539187840184 22.31966439182404
718.4166666666666 23.566556680095545 22.319622661370193
718.9166666666666 23.56773910153266 22.319570116390995
719.4166666666666 23.568911567219857 22.319531505565934
719.9166666666666 23.57008676977559 22.31948916554073
720.4166666666666 23.571267195496972 22.319444484342732
720.9166666666666 23.572445928519233 22.319401813546268
721.4166666666666 23.573629896768374 22.319373245538316
721.9166666666666 23.57481093761997 22.31933032862883
722.4166666666666 23.57598876338041 22.319302226384778
722.9166666666666 23.577173236702155 22.319267922582764
723.4166666666666 23.57837104295044 22.319240633121268
723.9166666666666 23.57955196346761 22.319212121677946
724.4166666666666 23.580739019307565 22.319188943868078
724.9166666666666 23.58193384383624 22.319160178871424
725.4166666666666 23.583115855918987 22.31914505692201
725.9166666666666 23.584318676163356 22.319128913274486
726.4166666666666 23.585503255565264 22.31910478480841
726.9166666666666 23.5867049925273 22.319084408331427
727.4166666666666 23.587903432242637 22.31907193688
727.9166666666666 23.589091482675148 22.31906748648428
728.4166666666666 23.590277152956162 22.319056756353255
728.9166666666666 23.59146990413491 22.319046556689024
729.4166666666666 23.59267521720323 22.3190380923694
729.9166666666666 23.59387254440733 22.319029975185018
730.4166666666666 23.595067560199826 22.31902496512561
730.9166666666666 23.59628221619136 22.319030333716277
731.4166666666666 23.597487574647815 22.319036228977357
731.9166666666666 23.598694999785565 22.319036001375977
732.4166666666666 23.599908859560323 22.319043176684893
732.9166666666666 23.601125786047884 22.319054872864523
733.4166666666666 23.60234619854324 22.319059847512914
733.9166666666666 23.603574375634302 22.319067197805435
734.4166666666666 23.604800176262415 22.319077030316045
734.9166666666666 23.60602029454875 22.319102460706503
735.4166666666666 23.607249142758118 22.319121182178062
735.9166666666666 23.608480902346184 22.31914006963407
736.4166666666666 23.60971584874425 22.319164186974763
736.9166666666666 23.610963876364423 22.31918978734846
737.4166666666666 23.612206023506946 22.319212834798208
737.9166666666666 23.61344145366505 22.31924444475036
738.4166666666666 23.614689084018295 22.31927542495395
738.9166666666666 23.615945188646798 22.319308215704524
739.4166666666666 23.61718928093644 22.319338196116902
739.9166666666666 23.61844874026646 22.319380053718604
740.4166666666666 23.619708068727135 22.319419251373482
740.9166666666666 23.620979321642388 22.319460503392946
741.4166666666666 23.622248540208478 22.319501967979342
741.9166666666665 23.623497421543213 22.31954974091964
742.4166666666666 23.624773883831196 22.31959419418255
742.9166666666666 23.626048156398895 22.319651492770774
743.4166666666665 23.627321089168674 22.31969438539902
743.9166666666666 23.628599233257287 22.31973952567732
744.4166666666666 23.629879917416353 22.319805740847155
744.9166666666665 23.631157690587305 22.3198597539277
745.4166666666666 23.632441318662977 22.319914952104067
745.9166666666666 23.633727994290062 22.319980447023365
746.4166666666665 23.635017046152985 22.320041405868928
746.9166666666666 23.636320766062525 22.320100797795078
747.4166666666666 23.637632144896166 22.320176149041906
747.9166666666665 23.638913409004886 22.32024010853125
748.4166666666666 23.64022064945599 22.320311904754764
748.9166666666666 23.641515050343706 22.320379109162243
749.4166666666665 23.64283294802691 22.320465269188134
749.9166666666666 23.644126791374486 22.320536102240762
750.4166666666666 23.645453314406396 22.32061061751892
750.9166666666665 23.646766716765054 22.320694556616345
751.4166666666666 23.648091741290106 22.320773058031268
751.9166666666666 23.649395834038636 22.320860958434228
752.4166666666665 23.6507232085328 22.32095258600544
752.9166666666666 23.652053675245153 22.321031081864426
753.4166666666666 23.65339184324901 22.321119027804798
753.9166666666665 23.654716833768372 22.321214982239326
754.4166666666666 23.656055677227037 22.321307014770454
754.9166666666666 23.657383089429267 22.321400603672625
755.4166666666665 23.65872071019764 22.321499999274124
755.9166666666666 23.66006281879146 22.321602740507135
756.4166666666666 23.66142006906987 22.3216952484092
756.9166666666665 23.662765031343316 22.321798502750354
757.4166666666666 23.6641038691794 22.321912591248587
757.9166666666666 23.66545916994012 22.322017607555033
758.4166666666665 23.666822644058144 22.322121543920062
758.9166666666666 23.66817604696851 22.32223337719617
759.4166666666666 23.66953392484593 22.322342612307505
759.9166666666665 23.670889433135024 22.322457266127206
760.4166666666666 23.67226118044833 22.3225728430931
760.9166666666666 23.673630343416182 22.322692872362403
761.4166666666665 23.67501214359094 22.322813543107173
761.9166666666666 23.67636320595841 22.322933715099346
762.4166666666666 23.677740467645872 22.323055847623813
762.9166666666665 23.679123035654925 22.323183292537564
763.4166666666666 23.6805100163796 22.32330792672712
763.9166666666666 23.681891962252624 22.323438683840322
764.4166666666665 23.68328402391343 22.3235684188764
764.9166666666666 23.684669201191735 22.323701129778453
765.4166666666666 23.686041712499375 22.32383628864673
765.9166666666665 23.68745885515191 22.323973651459497
766.4166666666666 23.688853406076102 22.32410782332891
766.9166666666666 23.69025454757416 22.324249641775005
767.4166666666665 23.691662261419427 22.32439423492543
767.9166666666666 23.693073801601873 22.324539182582285
768.4166666666666 23.694495692094875 22.3246838333994
768.9166666666665 23.695902253655685 22.324827814390066
769.4166666666666 23.697315303822283 22.32498513857206
769.9166666666666 23.6987382690452 22.325142996730726
770.4166666666665 23.700158738847954 22.325292098759665
770.9166666666666 23.70159509096525 22.325450763286405
771.4166666666666 23.703022383607404 22.3256073095143
771.9166666666665 23.704458237552757 22.325769870592566
772.4166666666666 23.705895243806236 22.32593625925911
772.9166666666666 23.70733379466295 22.32609552023756
773.4166666666665 23.70876970077883 22.326266714508716
773.9166666666666 23.710231430623207 22.326433229993604
774.4166666666666 23.71168178503561 22.326609966910794
774.9166666666665 23.713125490743245 22.326774820264763
775.4166666666666 23.71457541927571 22.32695373386028
775.9166666666666 23.716038863340216 22.327128100917683
776.4166666666665 23.717515217746904 22.327308873957023
776.9166666666666 23.71897186094777 22.327490788328973
777.4166666666666 23.7204418781209 22.32766849631792
777.9166666666665 23.721910423846676 22.327852678240628
778.4166666666666 23.72338008932655 22.328038281818504
778.9166666666666 23.724857761646845 22.328230771465407
779.4166666666665 23.726343431184766 22.32841442777117
779.9166666666666 23.727829588793824 22.328612090498744
780.4166666666666 23.72930974562606 22.32880217244586
780.9166666666665 23.730811630623194 22.3290006379783
781.4166666666666 23.732287905586695 22.32919794769465
781.9166666666666 23.733789045645025 22.32939661564885
782.4166666666665 23.735282517286986 22.329601393112615
