FastTrWP/PhaseSpace/IAs/snIa_0.64_30.00_-0.79_0.19.csv
# %ECSV 0.9
# ---
# datatype:
# - {name: time-rel, datatype: float64}
# - {name: g, datatype: float64}
# - {name: i, datatype: float64}
# schema: astropy-2.0
time-rel g i
202.29166666666666 26.998253257828296 24.143333466034957
202.79166666666666 26.990483556809494 24.138144767355314
203.29166666666663 26.9826915762103 24.1329489502024
203.79166666666666 26.974952259400094 24.127782754630424
204.29166666666666 26.967253582665034 24.12262522432067
204.79166666666663 26.95951186300387 24.117496140426514
205.29166666666666 26.951924574660318 24.112369997824352
205.79166666666666 26.944256467423862 24.10725367707286
206.29166666666663 26.936630015560414 24.102171606701276
206.79166666666666 26.92896208992042 24.097081723387475
207.29166666666666 26.921369237386685 24.092013898615146
207.79166666666663 26.913856056495952 24.086942153790517
208.29166666666666 26.906305959858003 24.081919771298878
208.79166666666666 26.898721121113667 24.0768986135511
209.29166666666663 26.891278752675994 24.071863508773177
209.79166666666666 26.883678246132256 24.066886484582266
210.29166666666666 26.87627840314198 24.061903010352005
210.79166666666663 26.868804647132677 24.05693128861437
211.29166666666666 26.861379221157936 24.051984699640556
211.79166666666666 26.854001797052952 24.047028060516084
212.29166666666663 26.846540955526535 24.04210342941941
212.79166666666666 26.839180850558822 24.03717636323289
213.29166666666666 26.831761088932797 24.032271988830946
213.79166666666663 26.82439325538043 24.027390984163766
214.29166666666666 26.817068544815985 24.0225030095096
214.79166666666666 26.809699952235093 24.017638804163557
215.29166666666663 26.802380052197492 24.01278415374226
215.79166666666666 26.795113102639192 24.00793858804404
216.29166666666666 26.78782640336909 24.003106945703504
216.79166666666663 26.78053721951871 23.99829597230753
217.29166666666666 26.773224623315617 23.99350801459103
217.79166666666666 26.766004752933306 23.988719478350355
218.29166666666663 26.758790449742303 23.983945475248323
218.79166666666666 26.751494846143792 23.97917445721528
219.29166666666666 26.744277066967634 23.974413111646314
219.79166666666663 26.73705815548908 23.969670689981662
220.29166666666666 26.729877452250218 23.96495215190431
220.79166666666666 26.72266502515178 23.960239042941424
221.29166666666663 26.715561099526006 23.95552859527516
221.79166666666666 26.708385099361813 23.95083904554197
222.29166666666666 26.70124821781694 23.94615267397931
222.79166666666663 26.69408125377293 23.941479606221886
223.29166666666666 26.68697681850697 23.93683438319514
223.79166666666666 26.67978051198148 23.932180880760427
224.29166666666663 26.672669462655474 23.92755659037478
224.79166666666666 26.665584828717854 23.922919902659352
225.29166666666666 26.65848395695003 23.918328209474637
225.79166666666663 26.651385027488832 23.913706883614125
226.29166666666666 26.644289587374924 23.90913881716683
226.79166666666666 26.637297320018313 23.904552461698273
227.29166666666663 26.63029185312766 23.900003702549654
227.79166666666666 26.623274556778227 23.895436903127035
228.29166666666666 26.61627412694977 23.89090176881497
228.79166666666663 26.609291414243522 23.88638099874608
229.29166666666666 26.602328537125615 23.8818624410459
229.79166666666666 26.59539460790952 23.87735700269669
230.29166666666663 26.588516973706504 23.872861379245354
230.79166666666666 26.58153465186664 23.868372978756152
231.29166666666666 26.57473447546771 23.863901457423715
231.79166666666663 26.567810798218837 23.859438549455724
232.29166666666666 26.560902980046734 23.854988460455793
232.79166666666666 26.554116831955508 23.850537208358126
233.29166666666666 26.54729185922273 23.846115633764313
233.79166666666666 26.540504632333008 23.841701627378598
234.29166666666666 26.533684204901316 23.837286356413596
234.79166666666666 26.52698203470587 23.832891820597407
235.29166666666666 26.520112022334082 23.828495275984743
235.79166666666666 26.513442734590225 23.82411599037393
236.29166666666666 26.50674004366259 23.81975905221089
236.79166666666666 26.500015283193523 23.815403179914796
237.29166666666666 26.49329034086812 23.811046608752395
237.79166666666666 26.486656302549942 23.80671355150607
238.29166666666666 26.47999699180563 23.802379195742283
238.79166666666666 26.473351407291858 23.798076184735088
239.29166666666666 26.46678065651066 23.793755163274128
239.79166666666666 26.460145293695312 23.789470479800293
240.29166666666666 26.453556741294328 23.78517211795583
240.79166666666666 26.446946445959725 23.78090348515373
241.29166666666666 26.440440512657357 23.776634019271825
241.79166666666666 26.43386286083495 23.7723679047167
242.29166666666666 26.42731379582358 23.768126056755847
242.79166666666666 26.420849206512127 23.763888710385057
243.29166666666666 26.414362606874633 23.7596431456085
243.79166666666666 26.40788203554611 23.75541675112716
244.29166666666666 26.401413555686176 23.75121315927975
244.79166666666666 26.39492952692364 23.74699636842838
245.29166666666666 26.388523152646478 23.742815685523194
245.79166666666666 26.382139068983136 23.738630761427256
246.29166666666666 26.375737231511117 23.734447922171327
246.79166666666666 26.369298289399513 23.730276623174504
247.29166666666666 26.36298221385789 23.726120900942487
247.79166666666666 26.35661518605884 23.7219628302911
248.29166666666666 26.350278678850213 23.71783329659521
248.79166666666666 26.34394884513293 23.713682733725946
249.29166666666666 26.337643270459434 23.709560792089746
249.79166666666666 26.331341175828644 23.705464571507907
250.29166666666666 26.325044505471173 23.701334041299297
250.79166666666666 26.31880388384452 23.697240658367555
251.29166666666666 26.312598691001718 23.693147944554664
251.79166666666666 26.30634488643214 23.68907053145496
252.29166666666666 26.30012060641159 23.68499406176059
252.79166666666666 26.293880893089447 23.680931428201145
253.29166666666666 26.28768679755169 23.676864819943354
253.79166666666666 26.281571717804496 23.672820773003625
254.29166666666666 26.275430495030445 23.668782302668383
254.79166666666666 26.26926013630679 23.66474571455351
255.29166666666666 26.26310556923368 23.660712749891907
255.79166666666666 26.257013892163236 23.656703131238935
256.2916666666667 26.250925167109056 23.65269607736948
256.7916666666667 26.244832233286353 23.64868161990661
257.2916666666667 26.238748552330996 23.644683263669105
257.7916666666667 26.232731027103394 23.640693340939407
258.2916666666667 26.22669023480892 23.636713222981847
258.7916666666667 26.220621842119098 23.632744137972033
259.2916666666667 26.214618615076482 23.62878782478043
259.7916666666667 26.208667274808505 23.62482123891571
260.2916666666667 26.202670587679215 23.62087434414726
260.7916666666667 26.196672649820904 23.616932157305435
261.2916666666667 26.190762848744406 23.61300169057541
261.7916666666667 26.18482896828976 23.609063323119244
262.2916666666667 26.178877366800112 23.605142403889058
262.7916666666667 26.172944891358647 23.601227254477195
263.2916666666667 26.16703268372968 23.597318949532365
263.7916666666667 26.161167411339164 23.59344327530737
264.2916666666667 26.155293860762786 23.589538858827357
264.7916666666667 26.14940719631811 23.585654305425944
265.2916666666667 26.14357435064887 23.581775731810556
265.7916666666667 26.137760528058575 23.57790491521591
266.2916666666667 26.13194107095794 23.57405445437002
266.7916666666667 26.126112390830663 23.570194831658327
267.2916666666667 26.12034711762874 23.566358412179234
267.7916666666667 26.11460257959051 23.562520546155525
268.2916666666667 26.108849567065203 23.55867846902754
268.7916666666667 26.103090197796796 23.554866224905545
269.2916666666667 26.097392360037247 23.55105360470574
269.7916666666667 26.091661467183734 23.54725722576889
270.2916666666667 26.085932666807775 23.543453861975323
270.7916666666667 26.08024773750129 23.53966211659423
271.2916666666667 26.074585577823246 23.535882167461434
271.7916666666667 26.068936740354026 23.53209780046647
272.2916666666667 26.0632843087997 23.52834985680575
272.7916666666667 26.05765906130282 23.524576389462037
273.2916666666667 26.052030896736234 23.52082424074405
273.7916666666667 26.046425582489235 23.517079617220155
274.2916666666667 26.040797044291235 23.513345063298704
274.7916666666667 26.035245064092113 23.509601497174145
275.2916666666667 26.029630148494967 23.505872777438817
275.7916666666667 26.024072438439873 23.502158636340297
276.2916666666667 26.018511787995223 23.498437062768712
276.7916666666667 26.013032167929204 23.494740087190795
277.2916666666667 26.007504773305968 23.491047232150034
277.7916666666667 26.00197452688125 23.487354739057984
278.2916666666667 25.99651528477576 23.483659586858707
278.7916666666667 25.99098471389615 23.47998414092497
279.2916666666667 25.985500857317515 23.476314406614787
279.7916666666667 25.98005575670074 23.472649778779715
280.2916666666667 25.97461176803501 23.46898781741398
280.7916666666667 25.96918191172193 23.4653269780473
281.2916666666667 25.963774948131206 23.461688777350904
281.7916666666667 25.95835841258876 23.458041371014694
282.2916666666667 25.952929553055956 23.45442028808197
282.7916666666667 25.947561116540815 23.450788342218928
283.2916666666667 25.942151056952124 23.447168821133744
283.7916666666667 25.936803508005287 23.443556824926546
284.2916666666667 25.931409070684587 23.43994577510566
284.7916666666667 25.926112680527066 23.43632889490471
285.2916666666667 25.920787831560332 23.432747395495465
285.7916666666667 25.915451451489545 23.429147308154356
286.2916666666667 25.910139200761297 23.425559065633358
286.7916666666667 25.904801265638064 23.42197733428624
287.2916666666667 25.89954778784957 23.41840927753607
287.7916666666667 25.89423530148235 23.41484713201348
288.2916666666667 25.88898054593806 23.41128209279674
288.7916666666667 25.88374094807639 23.40771247171595
289.2916666666667 25.878473309443322 23.40417160667798
289.7916666666667 25.87327048344486 23.400633533246737
290.2916666666667 25.867984228363955 23.397077031402457
290.7916666666667 25.862829616245087 23.393558197592146
291.2916666666667 25.857610631459448 23.390019472458356
291.7916666666667 25.85240690398535 23.386498310468266
292.2916666666667 25.847221239699717 23.382975461014244
292.7916666666667 25.84204621548472 23.379456727623634
293.2916666666667 25.836873287244117 23.375945704713583
293.7916666666667 25.831732985693186 23.372445969741808
294.2916666666667 25.82659441771289 23.368954248946135
294.7916666666667 25.82144826687619 23.365459840954664
295.2916666666667 25.81630199353022 23.361977440521894
295.7916666666667 25.81122096357437 23.358491652938802
296.2916666666667 25.806114523010134 23.355013738567955
296.7916666666667 25.801007610459404 23.35153927257482
297.2916666666667 25.7959507383336 23.348073890742207
297.7916666666667 25.79087867857536 23.344612544453973
298.2916666666667 25.78578641164 23.341156122032505
298.7916666666667 25.780741507186793 23.33771105444392
299.2916666666667 25.775713197284148 23.33425726641867
299.7916666666667 25.77065405594992 23.330801241635694
300.2916666666667 25.765631190908465 23.32737459206381
300.7916666666667 25.760661600754524 23.32394035408491
301.2916666666667 25.75560314603478 23.320512412770917
301.7916666666667 25.75061563551577 23.31709478174629
302.2916666666667 25.74560875782292 23.313666059580637
302.7916666666667 25.740655154059095 23.310259478204177
303.2916666666667 25.7356776215115 23.306848918968473
303.7916666666667 25.730702725388937 23.303435656231912
304.2916666666667 25.72573508623107 23.300035913014693
304.7916666666667 25.720820032108765 23.296648681137057
305.2916666666667 25.715883015298434 23.2932575151414
305.7916666666667 25.71096062121026 23.289884840869842
306.2916666666667 25.706074375097806 23.28650391433338
306.7916666666667 25.701171115366442 23.283129001191362
307.2916666666667 25.696242813158566 23.279767572930314
307.7916666666667 25.691361395037053 23.27639840005788
308.2916666666667 25.68650107924767 23.27305612040689
308.7916666666667 25.68163876511681 23.269690205921158
309.2916666666667 25.676790702016806 23.266352499364427
309.7916666666667 25.67192341769069 23.263017877440376
310.2916666666667 25.66713116500736 23.259661138711962
310.7916666666667 25.662302099320215 23.25634715778945
311.2916666666667 25.65746995187903 23.253012717311382
311.7916666666667 25.65266118660693 23.24970163146942
312.2916666666667 25.64788691573029 23.2463961560454
312.7916666666667 25.643110659602524 23.243078537086358
313.2916666666667 25.638325345723366 23.239779348690064
313.7916666666667 25.63358108853873 23.236477529191042
314.2916666666667 25.628782991051686 23.23318598532272
314.7916666666667 25.624069290335395 23.229900112536082
315.2916666666667 25.619309804063157 23.22660815669194
315.7916666666667 25.614567484347972 23.223330888802607
316.2916666666667 25.609849891686704 23.220051093561715
316.7916666666667 25.605137836481198 23.216782725766425
317.2916666666667 25.60041033579204 23.21351751688356
317.7916666666667 25.59574277016437 23.21025506899035
318.2916666666667 25.59106617873465 23.206992559461703
318.7916666666667 25.586369394979364 23.203744875663965
319.2916666666667 25.581703498862424 23.200499695636402
319.7916666666667 25.57705825419626 23.19726167947371
320.2916666666667 25.572391697685184 23.194020667563734
320.7916666666667 25.567752314934964 23.19077546584488
321.2916666666667 25.563123570782057 23.18756295915521
321.7916666666667 25.55850951141858 23.184337158314463
322.2916666666667 25.553911287019176 23.181103777651458
322.7916666666667 25.549299180859816 23.177896001681958
323.2916666666667 25.54465833795514 23.174679694631756
323.7916666666667 25.54006590884889 23.17147446969132
324.2916666666667 25.535511758210312 23.168278645530435
324.7916666666667 25.530913213155237 23.165076537480104
325.2916666666667 25.526359164463774 23.161883816821742
325.7916666666667 25.521786203571683 23.158691969092576
326.2916666666667 25.517267257310074 23.15550426446042
326.7916666666667 25.512724492831186 23.152322226526195
327.2916666666667 25.508140376140442 23.149141872565924
327.7916666666667 25.50362399946919 23.14597317721421
328.2916666666667 25.499127263734984 23.142808987360866
328.7916666666667 25.494621695460236 23.13963495809203
329.2916666666667 25.49010677308816 23.136487954122913
329.7916666666667 25.485620419765937 23.13331781828022
330.2916666666667 25.4811390967911 23.13015710941429
330.7916666666667 25.476643783081613 23.12702600301612
331.2916666666667 25.472194023390532 23.123874124430245
331.7916666666667 25.467700528142018 23.120733094847527
332.2916666666667 25.46327949225915 23.11759052499145
332.7916666666667 25.458851057152874 23.11446085311125
333.2916666666667 25.454362882709578 23.111328749247196
333.7916666666667 25.44995138511023 23.108200519861015
334.2916666666667 25.445549199923864 23.105078490363656
334.7916666666667 25.441103877384723 23.101965275981748
335.2916666666667 25.436709104669873 23.09884082390343
335.7916666666667 25.43228522979685 23.095737730801513
336.2916666666667 25.4279099907846 23.092627341413767
336.7916666666667 25.423522996164166 23.08952456412267
337.2916666666667 25.419139051806816 23.086425053506648
337.7916666666667 25.414772556768398 23.08332893160192
338.2916666666667 25.410416720883354 23.08024240361471
338.7916666666667 25.406031224445105 23.077146771625877
339.2916666666667 25.401684638604788 23.074058527432513
339.7916666666667 25.397334276219382 23.070981155571744
340.2916666666667 25.393029462713482 23.06790722217315
340.7916666666667 25.38869244218808 23.06483067399119
341.2916666666667 25.384389290773434 23.061756540091128
341.7916666666667 25.38001666625062 23.058704041734458
342.2916666666667 25.37574458003176 23.055623199710503
342.7916666666667 25.371450243115245 23.052572980264937
343.2916666666667 25.367133987527524 23.049505963138284
343.7916666666667 25.36279263584063 23.04644736871245
344.2916666666667 25.35850350527489 23.043374120824854
344.7916666666667 25.3541554855751 23.040313699002127
345.2916666666667 25.34982755826269 23.037241662767286
