FastTrWP/PhaseSpace/IAs/snIa_0.68_30.00_-0.61_0.13.csv
# %ECSV 0.9
# ---
# datatype:
# - {name: time-rel, datatype: float64}
# - {name: g, datatype: float64}
# - {name: i, datatype: float64}
# schema: astropy-2.0
time-rel g i
[from data line 576]
448.4791666666667 24.713736205637005 22.526113493514348
448.97916666666663 24.71235626873076 22.5245681616326
449.4791666666667 24.710962420893708 22.523030082914907
449.9791666666667 24.709549713883927 22.52151135368831
450.47916666666663 24.708172766468955 22.5199926787622
450.9791666666667 24.70680964518867 22.51846613022685
451.4791666666667 24.70544121918501 22.5169549668961
451.97916666666663 24.704083771800693 22.51544663675751
452.4791666666667 24.70273343078273 22.51394981870711
452.9791666666667 24.701412360145003 22.512452971119586
453.47916666666663 24.700093253579453 22.510966907566612
453.9791666666667 24.698778392697058 22.5094741266113
454.4791666666667 24.69749659117256 22.507990089149466
454.97916666666663 24.696179611307638 22.506509064691762
455.4791666666667 24.694906783817498 22.50503342642731
455.9791666666667 24.693646987989766 22.503569584199603
456.47916666666663 24.692373075589845 22.5021131395798
456.9791666666667 24.691109836750424 22.500645867681342
457.4791666666667 24.689879339254837 22.499195238753668
457.97916666666663 24.688640304378392 22.4977471177891
458.4791666666667 24.687406528928733 22.496288916819054
458.9791666666667 24.68618932804583 22.494858210840867
459.47916666666663 24.684981704091456 22.493418117469442
459.9791666666667 24.683785040906315 22.491984383332525
460.4791666666667 24.682595840872438 22.490561683742776
460.97916666666663 24.681405215336518 22.489138796966323
461.4791666666667 24.68023975162925 22.487704394015605
461.9791666666667 24.67904063859922 22.486297950498816
462.47916666666663 24.67790707087611 22.484886009332197
462.9791666666667 24.676747441120426 22.483484104395863
463.4791666666667 24.67561464408299 22.482075068638082
463.97916666666663 24.674483417226064 22.480681711111462
464.4791666666667 24.67336488208257 22.47928642410185
464.9791666666667 24.6722517605744 22.477897385126987
465.47916666666663 24.671147976647102 22.476515922631823
465.9791666666667 24.670035792536645 22.475133605841297
466.4791666666667 24.668948840607708 22.473755099357735
466.97916666666663 24.667849172777437 22.472383371330263
467.4791666666667 24.66681739299697 22.4710181007909
467.9791666666667 24.6657407629568 22.46965414980488
468.47916666666663 24.66468748554002 22.468308019619858
468.9791666666667 24.663669135788126 22.466943365789717
469.4791666666667 24.662616669119682 22.46559482103235
469.97916666666663 24.66159666174542 22.464251591359933
470.4791666666667 24.660563550618157 22.462904780613183
470.9791666666667 24.659561694468618 22.461572567078182
471.47916666666663 24.65856537355386 22.460242903018035
471.9791666666667 24.657561375059466 22.45890913455505
472.4791666666667 24.65658114623597 22.457584947237386
472.97916666666663 24.65561242993534 22.45626539521211
473.4791666666667 24.654638390957032 22.454947466004246
473.9791666666667 24.653698199719784 22.45364014096853
474.47916666666663 24.65276010013024 22.452331054584743
474.9791666666667 24.651817019310972 22.45103261637081
475.4791666666667 24.65089657846295 22.449737962164438
475.97916666666663 24.649965649783418 22.448449162327098
476.4791666666667 24.649069902884765 22.447152693690594
476.9791666666667 24.648158187746063 22.44587017787419
477.47916666666663 24.647275069803488 22.444589560775945
477.9791666666667 24.646397122289272 22.443312132210206
478.4791666666667 24.645524894217278 22.44203812326024
478.97916666666663 24.644661257254587 22.440766566614595
479.4791666666667 24.643813463665975 22.439509911173733
479.9791666666667 24.64295156896279 22.438249391493738
480.47916666666663 24.64213693568243 22.436990708380296
480.9791666666667 24.64130314887644 22.43574678089142
481.4791666666667 24.640481884427015 22.434502839880707
481.97916666666663 24.63966705974507 22.433259097163145
482.4791666666667 24.638890325331356 22.432021402014986
482.9791666666667 24.63807806640814 22.43078547266976
483.47916666666663 24.637319563110456 22.429562859187136
483.9791666666667 24.63652761087143 22.42833353922056
484.4791666666667 24.635781107163325 22.42711373691201
484.97916666666663 24.635034547389253 22.425897137881016
485.4791666666667 24.634279605078284 22.424685964559515
485.9791666666667 24.63355042596703 22.4234816810724
486.47916666666663 24.632812022478415 22.42227802454801
486.9791666666667 24.632100818373218 22.42108205443422
487.4791666666667 24.631423004073678 22.419886187287528
487.97916666666663 24.630722152632558 22.418699122664385
488.4791666666667 24.63003998011687 22.417509384760255
488.9791666666667 24.62934403196379 22.416332271137136
489.4791666666667 24.6286805331884 22.41515474811877
489.9791666666667 24.62802274819576 22.413980715401358
490.4791666666667 24.627374326611676 22.412816197627727
490.9791666666667 24.626757741242255 22.41165132899486
491.4791666666667 24.626115582623072 22.410489228246796
491.9791666666667 24.625478556010894 22.409328434666598
492.4791666666667 24.624887423017626 22.408195044397708
492.9791666666667 24.624294962721088 22.407040063734463
493.4791666666667 24.623699383662803 22.40590012710627
493.9791666666667 24.623120926519277 22.4047636643977
494.4791666666667 24.62257092991729 22.40363044908646
494.9791666666667 24.62199354184716 22.40250339938533
495.4791666666667 24.621444553952557 22.401378663172803
495.9791666666667 24.6208929570304 22.400258845782215
496.4791666666667 24.620373941811273 22.399136955628517
496.9791666666667 24.619857200033096 22.398029230868396
497.4791666666667 24.619338467941674 22.39691531637446
497.9791666666667 24.618828179658898 22.39580983030523
498.4791666666667 24.61833572580546 22.394715753804352
498.9791666666667 24.61787144958852 22.393611404434402
499.4791666666667 24.617405238397065 22.39252056531597
499.9791666666667 24.616953117939783 22.391433670994036
500.4791666666667 24.616489092429074 22.390340859337382
500.9791666666667 24.616066802075874 22.389255582691597
501.4791666666667 24.615642520276474 22.388186320950616
501.9791666666667 24.615201525633243 22.38711028423698
502.4791666666667 24.614812683964114 22.386039613178973
502.9791666666667 24.614410042318458 22.384971712725992
503.4791666666667 24.614029126852827 22.383906717988864
503.9791666666667 24.613637625788265 22.38285010292097
504.4791666666667 24.61325680972074 22.38179315508429
504.9791666666667 24.612902771814397 22.38074458230704
505.4791666666667 24.61252412466926 22.379699764276598
505.9791666666667 24.612194872338726 22.378650990578052
506.4791666666667 24.611856686517477 22.377607227772035
506.9791666666667 24.611537220085932 22.376573639032475
507.4791666666667 24.611230241459275 22.375541448170114
507.9791666666667 24.610920658625638 22.374514107176484
508.4791666666667 24.61059284337322 22.37348738281095
508.9791666666667 24.6103232405452 22.372464765521663
509.4791666666667 24.61002589693928 22.371447279504494
509.9791666666667 24.6097572697673 22.370429588623708
510.4791666666667 24.609490430864387 22.369426484638822
510.9791666666667 24.60923034682545 22.368412880931515
511.4791666666667 24.60898375839112 22.36741870663255
511.9791666666667 24.60874454481583 22.366417019626113
512.4791666666666 24.608503244456003 22.365421146586243
512.9791666666666 24.60829382642569 22.36442634517299
513.4791666666666 24.60805132992467 22.363438965177007
513.9791666666666 24.607844576546434 22.362447912054407
514.4791666666666 24.607634846438053 22.361473568222443
514.9791666666666 24.60744750834365 22.36049721282471
515.4791666666666 24.607259017470806 22.359524585819308
515.9791666666666 24.607096244252666 22.358552297569105
516.4791666666666 24.606918076942733 22.357580350915924
516.9791666666666 24.606741039173716 22.35662806932901
517.4791666666666 24.60658668654975 22.35566512222739
517.9791666666666 24.606452990215836 22.354707210962278
518.4791666666666 24.606290477228395 22.353752468059696
518.9791666666666 24.606173511099236 22.35280778703027
519.4791666666666 24.606035676354587 22.351860886719987
519.9791666666666 24.605896696359867 22.3509228198896
520.4791666666666 24.605794703742532 22.349977849307436
520.9791666666666 24.60569847049235 22.349045634039186
521.4791666666666 24.605587213389427 22.34812224109192
521.9791666666666 24.605481046869514 22.347185573360452
522.4791666666666 24.6053944870906 22.346265099637197
522.9791666666666 24.605310598811517 22.345339988670926
523.4791666666666 24.605247085669024 22.34443284623302
523.9791666666666 24.605174920215454 22.34352047265481
524.4791666666666 24.60511915036514 22.342607220178877
524.9791666666666 24.605053573267668 22.34169403048257
525.4791666666666 24.605008905367956 22.34080167448644
525.9791666666666 24.60496413651128 22.3398943388057
526.4791666666666 24.604926854968948 22.339005601868042
526.9791666666666 24.604894698827295 22.33811041541211
527.4791666666666 24.604858850367954 22.337226756677858
527.9791666666666 24.60485871031262 22.336340530399447
528.4791666666666 24.604827863034508 22.335456518417338
528.9791666666666 24.604816237504995 22.3345754140759
529.4791666666666 24.604813732691607 22.333709080842645
529.9791666666666 24.60482644919248 22.332826979392223
530.4791666666666 24.60482004084259 22.331959220064647
530.9791666666666 24.60482613529082 22.33109927378329
531.4791666666666 24.60486863503241 22.33023448957747
531.9791666666666 24.604876547866574 22.329376931314158
532.4791666666666 24.604906024997145 22.328524192029317
532.9791666666666 24.604942046205927 22.327675974727054
533.4791666666666 24.604984177049317 22.326828870452875
533.9791666666666 24.60503208409831 22.325982325036197
534.4791666666666 24.605072055718068 22.325133211478065
534.9791666666666 24.605127509724753 22.324301142523503
535.4791666666666 24.605187755041534 22.323469296072915
535.9791666666666 24.60525640174531 22.322635875726334
536.4791666666666 24.60533904223506 22.321810274111613
536.9791666666666 24.605407258716152 22.320986942123696
537.4791666666666 24.605490244123104 22.320161433965453
537.9791666666666 24.605608132775828 22.319354943892485
538.4791666666666 24.6057335792357 22.31853274362424
538.9791666666666 24.605854142150513 22.317727642568272
539.4791666666666 24.60597073374446 22.31691714341033
539.9791666666666 24.606123161225607 22.316117539782194
540.4791666666666 24.60629595169399 22.31532194480916
540.9791666666666 24.606470176513287 22.31452075894439
541.4791666666666 24.60662172634428 22.313734048125408
541.9791666666666 24.606811930784104 22.312937248672903
542.4791666666666 24.606999014102247 22.312149093863777
542.9791666666666 24.607191711361054 22.3113696216047
543.4791666666666 24.60740053017296 22.31059647554359
543.9791666666666 24.607615982641633 22.30981710308384
544.4791666666666 24.607851345978272 22.309040933731854
544.9791666666666 24.608077779542473 22.30826749024505
545.4791666666666 24.608318746433664 22.307504728920534
545.9791666666666 24.608559774568953 22.306735548803374
546.4791666666666 24.60881523751642 22.30598019039288
546.9791666666666 24.609099111286508 22.30523073104299
547.4791666666666 24.609365518714327 22.304464180264112
547.9791666666666 24.609634195716716 22.303723919993406
548.4791666666666 24.609920575802427 22.302973786071018
548.9791666666666 24.610237460624603 22.30222767894874
549.4791666666666 24.610505335467373 22.30149264241171
549.9791666666666 24.610833572850147 22.300749822527447
550.4791666666666 24.611128868500334 22.300015462236914
550.9791666666666 24.61146666673325 22.299280938161353
551.4791666666666 24.611785373339412 22.29855644729114
551.9791666666666 24.612099899104102 22.297831393969012
552.4791666666666 24.61244185854831 22.297104358203338
552.9791666666666 24.612778107668216 22.296386035321063
553.4791666666666 24.613125284262573 22.29566796100178
553.9791666666666 24.613484619418998 22.29495775827228
554.4791666666666 24.613832485449073 22.294250950091048
554.9791666666666 24.614217408513625 22.293539462322876
555.4791666666666 24.61456548677667 22.292838266199055
555.9791666666666 24.61495806029268 22.29213727383319
556.4791666666666 24.615324373403773 22.29143510096257
556.9791666666666 24.615686438804595 22.290737368796645
557.4791666666666 24.616093165945195 22.29004296530986
557.9791666666666 24.616475134892603 22.28935256164209
558.4791666666666 24.616876431702252 22.28866909639447
558.9791666666666 24.617271315022002 22.287983623285108
559.4791666666666 24.61765533989784 22.28730762981716
559.9791666666666 24.618074637004298 22.286630369275706
560.4791666666666 24.6184867468739 22.285949743327194
560.9791666666666 24.61887684322377 22.28528310628644
561.4791666666666 24.619283716495815 22.284614561711
561.9791666666666 24.619734637315837 22.28394298892689
562.4791666666666 24.62014492575678 22.283280889424155
562.9791666666666 24.620570526875873 22.282622938129357
563.4791666666666 24.620975026897458 22.281962819818233
563.9791666666666 24.621398795189112 22.28131067100115
564.4791666666666 24.621818473583637 22.280652985027764
564.9791666666666 24.622248990961033 22.280001801985676
565.4791666666666 24.62269311287674 22.279360496715377
565.9791666666666 24.6231373061456 22.278714126734744
566.4791666666666 24.623569757427397 22.27807616240778
566.9791666666666 24.623998660558293 22.277432627130885
567.4791666666666 24.624437806585043 22.276800916527648
567.9791666666666 24.624851156723317 22.27616121205972
568.4791666666666 24.625310711535914 22.275534477896514
568.9791666666666 24.62575818765267 22.274904775604515
569.4791666666666 24.62620242853571 22.274283807545082
569.9791666666666 24.626640767581005 22.27365469776816
570.4791666666666 24.627069863681676 22.273040391990584
570.9791666666666 24.627520052451203 22.27242207775095
571.4791666666666 24.627946541308173 22.271804086957545
571.9791666666666 24.62839549237817 22.27118962950517
572.4791666666666 24.62883572276105 22.27058368571901
572.9791666666666 24.629252814688275 22.2699718970891
573.4791666666666 24.6297064968471 22.269373064929574
573.9791666666666 24.630136112378636 22.268776026966208
574.4791666666666 24.630582972362724 22.268172825840566
574.9791666666666 24.63101193458058 22.267575579052522
575.4791666666666 24.631441445766175 22.26698064717734
575.9791666666666 24.631873124487406 22.266387206228465
576.4791666666666 24.632304896471474 22.26579537194607
576.9791666666666 24.632738465876145 22.26521539693713
577.4791666666666 24.633175006520997 22.26463192237061
577.9791666666666 24.633598891240197 22.264053420641336
578.4791666666666 24.63405356990984 22.26346546224862
578.9791666666666 24.63447517629477 22.262890290773065
579.4791666666666 24.634933304181338 22.26231516009415
579.9791666666666 24.6353686082599 22.26174561326041
580.4791666666666 24.63582947288846 22.261174816236423
580.9791666666666 24.636279763261374 22.26060646206941
581.4791666666666 24.63673642102508 22.260043298281058
581.9791666666666 24.637189338561285 22.259482859451595
582.4791666666666 24.637636287351476 22.25892564454408
582.9791666666666 24.63810409175416 22.258366136251716
583.4791666666666 24.63858477474348 22.25781349530084
583.9791666666666 24.63904401841578 22.25725964390119
584.4791666666666 24.63952572095973 22.256709333598184
584.9791666666666 24.639993294810868 22.256168316861974
585.4791666666666 24.640446272423418 22.255620260501757
585.9791666666666 24.640930374592998 22.255078018445587
586.4791666666666 24.641412152003124 22.254540500549417
586.9791666666666 24.641891258325025 22.253999414118763
587.4791666666666 24.64238909760065 22.25347041153007
587.9791666666666 24.642895424448064 22.25293353414205
588.4791666666666 24.643358592534312 22.252404402065252
588.9791666666666 24.643853781700784 22.251886148744276
589.4791666666666 24.644340893735684 22.251361029065638
589.9791666666666 24.644865636031902 22.250834644065094
590.4791666666666 24.645355607155093 22.25031830040389
590.9791666666666 24.64585117329463 22.24979886073995
591.4791666666666 24.646346656515924 22.249286969527077
591.9791666666666 24.64686516977904 22.24877364902077
592.4791666666666 24.64737772425262 22.248266542840636
