FastTrWP/PhaseSpace/IAs/snIa_0.52_30.00_-1.94_0.15.csv
# %ECSV 0.9
# ---
# datatype:
# - {name: time-rel, datatype: float64}
# - {name: g, datatype: float64}
# - {name: i, datatype: float64}
# schema: astropy-2.0
time-rel g i
[from data line 1158]
861.8541666666665 24.545905178334067 22.344905810812218
862.3541666666666 24.54817504919525 22.345419546484987
862.8541666666666 24.550448962461434 22.34594719970509
863.3541666666665 24.552744683441666 22.3464609709759
863.8541666666666 24.554997935914823 22.34698433742277
864.3541666666666 24.55727012988937 22.34751594641107
864.8541666666665 24.55955272027507 22.34803615764555
865.3541666666666 24.56181824863223 22.3485683584909
865.8541666666666 24.564090604504386 22.349091829936985
866.3541666666665 24.56637461634534 22.349626989236278
866.8541666666666 24.56867151001656 22.35015555984855
867.3541666666666 24.5709465828693 22.35069858557783
867.8541666666665 24.573225406559274 22.351236564801926
868.3541666666666 24.57551146680818 22.351770487361282
868.8541666666666 24.577804042269427 22.35231409224229
869.3541666666665 24.580103111802927 22.35285785550736
869.8541666666666 24.58238208878173 22.353404275086397
870.3541666666666 24.58467708546667 22.353945314512785
870.8541666666665 24.58696428898798 22.35449252242466
871.3541666666666 24.589259405835243 22.35504127418285
871.8541666666666 24.5915373878236 22.35559075939832
872.3541666666665 24.593862593566627 22.35614599594704
872.8541666666666 24.59614482280374 22.356697208670514
873.3541666666666 24.598442848325817 22.357249561486444
873.8541666666665 24.60073757925492 22.35781759280202
874.3541666666666 24.603045850013277 22.358372636547685
874.8541666666666 24.60533529779908 22.35893451449769
875.3541666666665 24.607636499215893 22.359492882656497
875.8541666666666 24.609933772565086 22.360062021304344
876.3541666666666 24.612233127631743 22.360621778117107
876.8541666666665 24.6145617562879 22.36119469861876
877.3541666666666 24.616856520087204 22.361765205836186
877.8541666666666 24.61916085669953 22.362341526091267
878.3541666666665 24.621469514558836 22.362903405511826
878.8541666666666 24.62378145770686 22.36348451304973
879.3541666666666 24.62608296146348 22.364060305341486
879.8541666666665 24.6284087618219 22.364642431571884
880.3541666666666 24.630724927185526 22.365224746665724
880.8541666666666 24.63302501152844 22.36580348433959
881.3541666666665 24.635355900453337 22.366389083162904
881.8541666666666 24.63766201393325 22.366978603234465
882.3541666666666 24.639977913651876 22.36757153027755
882.8541666666665 24.64229812107607 22.36815411106776
883.3541666666666 24.64459987185038 22.36875698747109
883.8541666666666 24.64692326016127 22.36934432733738
884.3541666666665 24.649246331375814 22.369947476748507
884.8541666666666 24.651576500150032 22.370544661829133
885.3541666666666 24.653895636817577 22.371144387878257
885.8541666666665 24.656211659660276 22.37174733735417
886.3541666666666 24.65852196517387 22.372347679645284
886.8541666666666 24.66089377431132 22.372958773051547
887.3541666666665 24.663199997503295 22.373567151766686
887.8541666666666 24.665516486407817 22.37417746627689
888.3541666666666 24.667847974327948 22.37479972071531
888.8541666666665 24.670184774734686 22.37540728942458
889.3541666666666 24.672521748603433 22.37602295250634
889.8541666666666 24.674849522206422 22.376641429280685
890.3541666666665 24.67718863469483 22.37726015391828
890.8541666666666 24.679527130726918 22.37788565789692
891.3541666666666 24.681861673993588 22.37851116254433
891.8541666666665 24.684201259889143 22.37913505681054
892.3541666666666 24.68654736548538 22.379760837643037
892.8541666666666 24.68888629133152 22.38038711030399
893.3541666666665 24.69122735571279 22.38101683949571
893.8541666666666 24.693577090789898 22.381658017136203
894.3541666666666 24.69591478258206 22.382292905339742
894.8541666666665 24.698255655081738 22.38292504515211
895.3541666666666 24.7006178899861 22.383564262476256
895.8541666666666 24.702958257030616 22.384208991581236
896.3541666666665 24.70531632369979 22.384854042043937
896.8541666666666 24.70766785243919 22.385489586831476
897.3541666666666 24.710012839081283 22.386137693578434
897.8541666666665 24.712371409378683 22.386786777678903
898.3541666666666 24.71474220122595 22.38743913860246
898.8541666666666 24.717084354962985 22.388091613938176
899.3541666666665 24.719443826191934 22.388742728412147
899.8541666666666 24.721820105062555 22.389400904785827
900.3541666666666 24.72417128076188 22.39005724431696
900.8541666666665 24.72653404131996 22.390716545119574
901.3541666666666 24.72891323632286 22.391380719642314
901.8541666666666 24.73127300955776 22.392043056900754
902.3541666666665 24.73365695169351 22.39270607303539
902.8541666666666 24.736044521557655 22.39337828165035
903.3541666666666 24.738379183167282 22.394043658772244
903.8541666666665 24.740774094040955 22.394708628723798
904.3541666666666 24.743151557277173 22.39538686514348
904.8541666666666 24.745514084496843 22.396064888909663
905.3541666666665 24.74790114555081 22.396732447325327
905.8541666666666 24.750271799834096 22.397413967195288
906.3541666666666 24.75266560496548 22.398096068933175
906.8541666666665 24.755060375994205 22.39877111981123
907.3541666666666 24.757433281840562 22.399462598695298
907.8541666666666 24.75982950655044 22.40014300440714
908.3541666666665 24.762233879813117 22.400829770648635
908.8541666666666 24.764609779074462 22.401517801307904
909.3541666666666 24.767026978968868 22.402205489829004
909.8541666666665 24.76942159697704 22.402903547434363
910.3541666666666 24.771791383608203 22.403591180147554
910.8541666666666 24.774199969901737 22.404288236539173
911.3541666666665 24.776616872829823 22.404992462985668
911.8541666666666 24.77901541852807 22.40568647365897
912.3541666666666 24.781440973454878 22.40639122669821
912.8541666666665 24.78384866627371 22.407089019131643
913.3541666666666 24.7862447010571 22.407796703937226
913.8541666666666 24.788645002097425 22.408495389959114
914.3541666666665 24.79109281840168 22.409208040959214
914.8541666666666 24.79349882209484 22.409913782413874
915.3541666666666 24.795896826031193 22.41062931690862
915.8541666666665 24.798326375582004 22.411345508843358
916.3541666666666 24.800732368918638 22.412059718586637
916.8541666666666 24.80315209309435 22.41277891354339
917.3541666666665 24.805573840883106 22.413499860116943
917.8541666666666 24.80799551129856 22.41422020363627
918.3541666666666 24.81043347297622 22.414948391242863
918.8541666666665 24.812822870234594 22.41566277705172
919.3541666666666 24.815283171372865 22.416398128767963
919.8541666666666 24.817696951953035 22.417124460926136
920.3541666666665 24.82012734063538 22.417861102608995
920.8541666666666 24.822564258771095 22.418602865386127
921.3541666666666 24.824991720456296 22.419335383695184
921.8541666666665 24.827427816153666 22.4200778149595
922.3541666666666 24.829863755880147 22.42081397912733
922.8541666666666 24.832299485913893 22.421550537595447
923.3541666666665 24.834742197519404 22.42229238856979
923.8541666666666 24.83717064814327 22.42304371955171
924.3541666666666 24.83959539765603 22.42378885213792
924.8541666666665 24.842046190123895 22.424542586803437
925.3541666666666 24.84450405612491 22.42529694975069
925.8541666666666 24.84694380383384 22.42604844817746
926.3541666666665 24.84938703955329 22.426809410663747
926.8541666666666 24.851827068998848 22.427562430657666
927.3541666666666 24.854300995228307 22.428325962672098
927.8541666666665 24.85672388806371 22.429090496511908
928.3541666666666 24.859201615297856 22.429846820024153
928.8541666666666 24.8616501737772 22.430618586465304
929.3541666666665 24.864095290074857 22.431378523745515
929.8541666666666 24.866559219302793 22.432151649511866
930.3541666666666 24.869025689447493 22.432926512365334
930.8541666666665 24.871477537748035 22.43369535857739
931.3541666666666 24.87394519714432 22.434476818160952
931.8541666666666 24.876401533942012 22.43526253945767
932.3541666666665 24.87888787699434 22.436034975805327
932.8541666666666 24.88136824973179 22.436828383961227
933.3541666666666 24.88380240778577 22.43760134919834
933.8541666666665 24.886274698929615 22.438386189197836
934.3541666666666 24.888756973192855 22.439177099499126
934.8541666666666 24.891226518192745 22.439968914433834
935.3541666666665 24.89372069571119 22.440760479635138
935.8541666666666 24.896189353154902 22.4415528171127
936.3541666666666 24.898684796521707 22.442349094191304
936.8541666666665 24.901176062027556 22.443143067121376
937.3541666666666 24.903659724269822 22.443944479061035
937.8541666666666 24.906143406935513 22.444744760490607
938.3541666666665 24.90862528633711 22.445557144460043
938.8541666666666 24.91110542638474 22.44635525979775
939.3541666666666 24.91361719858249 22.447163901595864
939.8541666666665 24.916116588768098 22.447978178819422
940.3541666666666 24.918592368294576 22.44879621695641
940.8541666666666 24.921110345880926 22.449601451979397
941.3541666666665 24.923646392186395 22.450412036979962
941.8541666666666 24.926107498031026 22.451233265149092
942.3541666666666 24.928621793127302 22.452056682586313
942.8541666666665 24.93113548112193 22.452879743577597
943.3541666666666 24.933642189345328 22.453698309180755
943.8541666666666 24.936163211343715 22.454526545714227
944.3541666666665 24.93866702626994 22.455353889735285
944.8541666666666 24.94118296975923 22.45618861016458
945.3541666666666 24.9437069625488 22.45701658935105
945.8541666666665 24.946230506642273 22.45785076078353
946.3541666666666 24.948784988050228 22.458684350276453
946.8541666666666 24.95127046329547 22.459525898538587
947.3541666666665 24.95382727949803 22.46036110499867
947.8541666666666 24.956361484639515 22.461207676974443
948.3541666666666 24.958903827464297 22.462043236013344
948.8541666666665 24.961436779474173 22.462890093581453
949.3541666666666 24.96398938374827 22.46373868398066
949.8541666666666 24.966492078893545 22.46458354077256
950.3541666666665 24.96903636286983 22.465439845258995
950.8541666666666 24.971594303871395 22.466289852828286
951.3541666666666 24.974154887455335 22.467161542002604
951.8541666666665 24.976701656190293 22.468020211238745
952.3541666666666 24.97925833867772 22.46888509607865
952.8541666666666 24.98181569557712 22.46975022872705
953.3541666666665 24.984377302439825 22.47062075576352
953.8541666666666 24.986934113610037 22.4715001303176
954.3541666666666 24.989498114138215 22.472384159799567
954.8541666666665 24.992056843666322 22.473261621996535
955.3541666666666 24.99462724506047 22.474150217335374
955.8541666666666 24.997198625161307 22.475031139007516
956.3541666666665 24.99977159656229 22.475918767855198
956.8541666666666 25.002358339062127 22.476818860291175
957.3541666666666 25.004933961038148 22.477714371900298
957.8541666666665 25.007492619135636 22.478617995189435
958.3541666666666 25.010077464448997 22.47952277989331
958.8541666666666 25.01266420990088 22.48041106220551
959.3541666666665 25.015250158622404 22.481324718008292
959.8541666666666 25.017827514800768 22.48223174597394
960.3541666666666 25.02041997383728 22.483143468734298
960.8541666666665 25.02300219477189 22.484058637181946
961.3541666666666 25.025606871231698 22.484974811032593
961.8541666666666 25.028216527425613 22.485891999303462
962.3541666666665 25.030826923194333 22.486810598496607
962.8541666666666 25.03339468677885 22.487735129311694
963.3541666666666 25.03597941073715 22.48865740648902
963.8541666666665 25.038606328680917 22.489586209734554
964.3541666666666 25.04120793994669 22.490512994493756
964.8541666666666 25.04382613841688 22.49144491911141
965.3541666666665 25.046415527146056 22.49237863618212
965.8541666666666 25.04904920232726 22.493311975290375
966.3541666666666 25.051672160972018 22.49425079716094
966.8541666666665 25.054273729125494 22.49518703218301
967.3541666666666 25.05688804623391 22.496125876276793
967.8541666666666 25.05951623948103 22.49707291245141
968.3541666666665 25.062130381835182 22.498005952972715
968.8541666666666 25.06475274388115 22.498955978849647
969.3541666666666 25.067394870739612 22.499896286376725
969.8541666666665 25.0699992092906 22.500847740916605
970.3541666666666 25.072647822657245 22.50179287905718
970.8541666666666 25.07527470591657 22.502741114608845
971.3541666666665 25.077924667199714 22.503689419067502
971.8541666666666 25.08054266937059 22.50464266794893
972.3541666666666 25.083187624024866 22.505596737339104
972.8541666666665 25.085824004498 22.50655277790765
973.3541666666666 25.08844330828022 22.507500659980636
973.8541666666666 25.09109576358716 22.508459271158475
974.3541666666665 25.093755058760813 22.509409008389486
974.8541666666666 25.09639740536389 22.510373650605572
975.3541666666666 25.099041832874782 22.511332763225838
975.8541666666665 25.101678029546516 22.512280709513913
976.3541666666666 25.104328082291808 22.513243133038195
976.8541666666666 25.106973610098574 22.514205643277702
977.3541666666665 25.10965469085761 22.5151663918453
977.8541666666666 25.112277843780323 22.51612577218752
978.3541666666666 25.11492296847489 22.517083448907012
978.8541666666665 25.117615587891613 22.51804310412264
979.3541666666666 25.120274923907388 22.519006899789083
979.8541666666666 25.12293767449742 22.519964269431796
980.3541666666665 25.125590337533545 22.520927262744827
980.8541666666666 25.12827088347185 22.521889458360217
981.3541666666666 25.130947906763502 22.522845495315668
981.8541666666665 25.13361058812531 22.52380268122995
982.3541666666666 25.136281456160162 22.524766923727224
982.8541666666666 25.138948170322124 22.52573193446345
983.3541666666665 25.141640883684055 22.526683943281945
983.8541666666666 25.144299586049435 22.52765564955791
984.3541666666666 25.146998958264483 22.528608279498734
984.8541666666665 25.149653303918594 22.52956609621699
985.3541666666666 25.152342018022303 22.530525352728787
985.8541666666666 25.155008417479948 22.53147129894447
986.3541666666665 25.15769224701267 22.53243741677078
986.8541666666666 25.16038036821666 22.5334009521062
987.3541666666666 25.163057299434733 22.534355308554304
987.8541666666665 25.165754192788977 22.535321507037654
988.3541666666666 25.168412172023437 22.536280867583965
988.8541666666666 25.17115000792378 22.537246243691726
989.3541666666665 25.173834589278457 22.538226305671532
989.8541666666666 25.17650738452022 22.539185373576025
990.3541666666666 25.179211779053844 22.540155561194393
990.8541666666665 25.181899328058627 22.54112471672256
991.3541666666666 25.184615214715148 22.542102625042546
991.8541666666666 25.187305936166954 22.54306751119058
992.3541666666665 25.19001783192752 22.544045542266595
992.8541666666666 25.192724087571033 22.545019068167747
993.3541666666666 25.19543809796906 22.545994594461742
993.8541666666665 25.198158319299594 22.54697473238911
994.3541666666666 25.200878003774783 22.547961283388716
994.8541666666666 25.203567364468217 22.548932355795074
995.3541666666665 25.20627972586364 22.54991700718396
995.8541666666666 25.208984677417465 22.550909921838908
996.3541666666666 25.211706825803795 22.551890063629454
996.8541666666665 25.214444257099686 22.552872934471438
997.3541666666666 25.21715531168539 22.553861306191795
997.8541666666666 25.219865828431615 22.55484677204918
998.3541666666665 25.22260378197295 22.555836711116317
998.8541666666666 25.225326360207205 22.556824175624676
999.3541666666666 25.228044310287807 22.557811444538615
999.8541666666666 25.230772995445903 22.558799376139504
1000.3541666666666 25.233494568373413 22.559792669632532
1000.8541666666666 25.236229085662607 22.56077661328138
1001.3541666666666 25.238967099392152 22.56177265011129
1001.8541666666666 25.24169264567819 22.56276883034713
1002.3541666666666 25.244454509104337 22.563763971142123
1002.8541666666666 25.247177899843148 22.564762444090157
1003.3541666666666 25.249893270435457 22.56574830222313
1003.8541666666666 25.252634928273615 22.566750072107872
1004.3541666666666 25.255400367540073 22.567741474304746
1004.8541666666666 25.25813427915235 22.568739118209233
1005.3541666666666 25.26086461631032 22.569736734408078
1005.8541666666666 25.26363026891523 22.57072994129193
