FastTrWP/PhaseSpace/IAs/snIa_0.70_30.00_0.88_-0.22.csv
# %ECSV 0.9
# ---
# datatype:
# - {name: time-rel, datatype: float64}
# - {name: g, datatype: float64}
# - {name: i, datatype: float64}
# schema: astropy-2.0
time-rel g i
[from data line 1380]
666.625 23.02532392308699 22.26917442876544
667.125 23.02694169023573 22.269168252566374
667.625 23.02859693653174 22.269160501233877
668.125 23.030234529635884 22.269160645042362
668.625 23.031879358263563 22.269154271971573
669.125 23.033546316420587 22.269156363263335
669.625 23.035220703216204 22.269154284528305
670.125 23.036893681570522 22.26915569362575
670.625 23.038587670891665 22.269165628488604
671.125 23.04028220332971 22.269169308802827
671.625 23.041992845866663 22.269179780613992
672.125 23.043707232752887 22.269190452930975
672.625 23.045421991523042 22.2691994617011
673.125 23.04715079523886 22.26921665448942
673.625 23.048886277801582 22.26923618048048
674.125 23.050626676394646 22.26925548616293
674.625 23.052372681275592 22.26927230131178
675.125 23.054122502404116 22.269296165952966
675.625 23.055891004649798 22.269314419238547
676.125 23.057659641283934 22.269338679610545
676.625 23.059436802275396 22.269370424921945
677.125 23.061215511042658 22.26939423831063
677.625 23.06300590366463 22.269426757526492
678.125 23.064785190947337 22.26945696212317
678.625 23.06658617896712 22.26948743224241
679.125 23.068392140559318 22.26952570645348
679.625 23.07019301563857 22.269562259593588
680.125 23.072011774377295 22.269606712951155
680.625 23.07382379953772 22.269644006865708
681.125 23.07564403851334 22.26968512610219
681.625 23.077470607185468 22.269730060420777
682.125 23.07929196520655 22.269769114381823
682.625 23.08113086524915 22.26981976773729
683.125 23.08295984272306 22.26986274455379
683.625 23.084796536154165 22.26991366332352
684.125 23.086638390349314 22.26996872198551
684.625 23.088477520118417 22.270021371517462
685.125 23.090332816929013 22.27007400591905
685.625 23.092164792339286 22.270129452681182
686.125 23.09401756145786 22.270184863541648
686.625 23.09586596293431 22.27023307625999
687.125 23.09772431691446 22.27029807818003
687.625 23.099579235682622 22.270357469299746
688.125 23.101434537169027 22.27041822712276
688.625 23.10329295083552 22.27047972572855
689.125 23.105142430128474 22.27055060747591
689.625 23.107000356955997 22.270619416215382
690.125 23.10885743200512 22.27068114358908
690.625 23.110711535656417 22.270753261831025
691.125 23.112565070879413 22.270815899738416
691.625 23.114421176892854 22.270893546127873
692.125 23.116273483799105 22.270963386028072
692.625 23.118127551222646 22.271036835240473
693.125 23.119972089323927 22.271114102052433
693.625 23.12181854116396 22.271183968482077
694.125 23.123683320368784 22.271263524117014
694.625 23.12552951784214 22.271345332194585
695.125 23.127364912563564 22.271423680930905
695.625 23.129195772744907 22.27149880105632
696.125 23.131039307129193 22.271585392092234
696.625 23.132879965206897 22.271664444509376
697.125 23.134707896531964 22.271754409149523
697.625 23.136552099404966 22.271839109503624
698.125 23.138399401203785 22.271923283476227
698.625 23.140258260184567 22.27201743331305
699.125 23.142136488702523 22.27210544343412
699.625 23.143999489611137 22.272199152217844
700.125 23.14587561970443 22.27228718715587
700.625 23.1477656056931 22.272389449297833
701.125 23.1496549270058 22.272485274327995
701.625 23.151559809656746 22.27259223721656
702.125 23.153464311917446 22.272696379162568
702.625 23.155368774172317 22.27279359941589
703.125 23.15730267333505 22.272897604209923
703.625 23.159224282949715 22.27300815880383
704.125 23.161144804739973 22.273121287128347
704.625 23.16309360075193 22.273225187101502
705.125 23.16503170283328 22.273343490041736
705.625 23.166974364354317 22.273456037812764
706.125 23.168932728777946 22.273566399134882
706.625 23.170887005004882 22.273680617424482
707.125 23.17285919210727 22.273805049902514
707.625 23.174815225343686 22.273924707525964
708.125 23.17679654635618 22.274051169477644
708.625 23.1787663379977 22.274173677772993
709.125 23.180741154916586 22.274295913329954
709.625 23.182728327897312 22.27441780006416
710.125 23.184715778395514 22.274549051711997
710.625 23.186699694733335 22.274676576065723
711.125 23.188706726364256 22.274812874179997
711.625 23.19068735688272 22.274942863463192
712.125 23.192693978255864 22.275080070455473
712.625 23.19470189752095 22.275214129255957
713.125 23.19670870539992 22.275349586338926
713.625 23.198722970362912 22.275482926535744
714.125 23.200725307022083 22.27562824013214
714.625 23.202746960072997 22.27576665945898
715.125 23.204767724382403 22.275911211521176
715.625 23.206784861629984 22.276046109088945
716.125 23.208804579067554 22.276206005876553
716.625 23.210839574113006 22.27634894871649
717.125 23.212848559418223 22.276501149415203
717.625 23.21486839730271 22.27664661183754
718.125 23.21690667625992 22.276794656398344
718.625 23.21892860498435 22.276948739700615
719.125 23.220954727720127 22.277104768380838
719.625 23.22297701035823 22.27725926953168
720.125 23.225003506244942 22.277412389691598
720.625 23.227032053349813 22.27757759206594
721.125 23.229062175048636 22.27773085802053
721.625 23.231086268146115 22.277887127405137
722.125 23.233109774239797 22.278052162222743
722.625 23.23513447513254 22.278218071455996
723.125 23.237153740026223 22.278374179423515
723.625 23.23918507199298 22.278542086122396
724.125 23.241205640070323 22.278706525775075
724.625 23.243226384855493 22.278875143086783
725.125 23.24524132970283 22.2790440465156
725.625 23.24726480043369 22.279214540096504
726.125 23.249277885288556 22.27938304959615
726.625 23.25128791704404 22.279546529153098
727.125 23.253300039627057 22.279719379591533
727.625 23.255310489957854 22.27989996686672
728.125 23.257313125691642 22.28007625571586
728.625 23.25931309483224 22.280242873680987
729.125 23.261301768333848 22.280431038411766
729.625 23.263294077890393 22.280602990926713
730.125 23.265285287970073 22.28078487836759
730.625 23.267266813863277 22.280963175787143
731.125 23.269250845144715 22.281140710591743
731.625 23.271226312732196 22.281326647848108
732.125 23.27319013562093 22.281505950964267
732.625 23.275154781779705 22.28169732779559
733.125 23.27712150714874 22.281875101773675
733.625 23.27906652462619 22.28205868719646
734.125 23.281028140771912 22.28224837390964
734.625 23.282959161307723 22.282429064154403
735.125 23.284896458553433 22.28261968585312
735.625 23.286822953905535 22.282810181670328
736.125 23.288741881802796 22.283000824995362
736.625 23.290659047509408 22.283198713471933
737.125 23.292572510908425 22.28338185200769
737.625 23.294462850965466 22.283573879324123
738.125 23.29636186360315 22.28377067458993
738.625 23.298263783627764 22.28396036382508
739.125 23.300152221372233 22.28416190465363
739.625 23.30204434872239 22.284350536323792
740.125 23.303922312662205 22.28454944088046
740.625 23.30581133235926 22.28475152587652
741.125 23.30769439433447 22.284960212235305
741.625 23.309576220427132 22.285159267016894
742.125 23.311460846587785 22.28536512145695
742.625 23.31333396525047 22.28557174275863
743.125 23.315207079205248 22.28577334277208
743.625 23.31708202834286 22.285977588403853
744.125 23.318955472728184 22.286187349393277
744.625 23.320825093960966 22.286400740120026
745.1249999999999 23.322682221601923 22.28661226662309
745.625 23.324540410692492 22.286823727649328
746.125 23.326407060989332 22.287034898095467
746.6249999999999 23.32825000792994 22.287244096261084
747.125 23.3301182380635 22.28746352198201
747.625 23.331960541152597 22.28767759298336
748.1249999999999 23.333813399718984 22.2879044347358
748.625 23.335662565716664 22.28811938287562
749.125 23.337504240372287 22.288339617465702
749.6249999999999 23.339349138248075 22.288564565407555
750.125 23.34117343039541 22.28878883948417
750.625 23.343021626694668 22.28900945982663
751.1249999999999 23.34485000415311 22.289234453968465
751.625 23.346679558327278 22.289467340837362
752.125 23.348500776877334 22.28969353935807
752.6249999999999 23.350331610824448 22.289925675416427
753.125 23.35215585796213 22.290153373163832
753.625 23.353986631280414 22.290378318604674
754.1249999999999 23.355790661430433 22.290609854883673
754.625 23.357612408375715 22.290842190431867
755.125 23.359412372394214 22.291087346859726
755.6249999999999 23.36123027135319 22.29132183282582
756.125 23.3630307461936 22.29155481515059
756.625 23.364831993651354 22.29179174718304
757.1249999999999 23.36663458594233 22.29203929833529
757.625 23.36842335056084 22.29227351170048
758.125 23.370226679168265 22.292521537271554
758.6249999999999 23.37202067212921 22.292765695745025
759.125 23.37379879657819 22.29300687082292
759.625 23.37557695420271 22.293253208469686
760.1249999999999 23.37736128927444 22.293499280419653
760.625 23.37914368189115 22.293747905230433
761.125 23.380912607719004 22.293988438876152
761.6249999999999 23.38269146349308 22.294243773186345
762.125 23.384473424011812 22.29449613024563
762.625 23.386236313210738 22.294745069693917
763.1249999999999 23.38800159223365 22.294993977777896
763.625 23.389745771954583 22.29525540416237
764.125 23.39151187446708 22.29550575365861
764.6249999999999 23.39326068868329 22.295771690136696
765.125 23.395019870014373 22.29602233392592
765.625 23.396763681665238 22.29628482330672
766.1249999999999 23.398506229577414 22.296539961367692
766.625 23.40025061801386 22.296808825743412
767.125 23.401986437862355 22.297072863219576
767.6249999999999 23.403715848310483 22.29733251568532
768.125 23.405467677745943 22.297594631326273
768.625 23.407178679295185 22.297857724382286
769.1249999999999 23.408921601462048 22.298125706025004
769.625 23.410624434433597 22.298395707278388
770.125 23.41234778634091 22.298668941135876
770.6249999999999 23.4140570774024 22.298931026682002
771.125 23.415775987063455 22.29921201347465
771.625 23.417477855135704 22.299479184788616
772.1249999999999 23.419182643170984 22.29975026458
772.625 23.420899304041164 22.300029945782764
773.125 23.422582684871944 22.30029982785731
773.6249999999999 23.424281165210825 22.30057776675818
774.125 23.42597761839539 22.30085430715979
774.625 23.427665730030558 22.301131446068474
775.1249999999999 23.429349341652745 22.301414068780936
775.625 23.431023720774867 22.301696548858487
776.125 23.432703273335402 22.30197024029385
776.6249999999999 23.434384614592567 22.30225420964008
777.125 23.43605182996994 22.302541043265883
777.625 23.437715442962805 22.302830063406006
778.1249999999999 23.439382446757246 22.303116035892753
778.625 23.441034102868016 22.303404027904847
779.125 23.44268353707575 22.30368905865768
779.6249999999999 23.44434306496083 22.303978729823626
780.125 23.445987818292203 22.304268645911854
780.625 23.447620589356855 22.304568613101257
781.1249999999999 23.449263144657692 22.304858614510493
781.625 23.450887568996784 22.305146060682493
782.125 23.452510178773952 22.305448913923627
782.6249999999999 23.454141012826906 22.305740809602227
783.125 23.455756283158937 22.306034863746543
783.625 23.45736488387274 22.306341569855675
784.1249999999999 23.458970219669002 22.306646385023434
784.625 23.460588071045546 22.306943570150004
785.125 23.462185777146125 22.30724861222943
785.6249999999999 23.463772975555717 22.307547096865576
786.125 23.465376290429433 22.307852856502322
786.625 23.46695678051033 22.30816839751395
787.1249999999999 23.46854074688338 22.308472502984337
787.625 23.47012922868824 22.308781020360048
788.125 23.471699132737342 22.309088655092175
788.6249999999999 23.473268227006198 22.309399311658588
789.125 23.474825800981346 22.30971261889978
789.625 23.476386965609876 22.31002915335029
790.1249999999999 23.477942212094803 22.31034792747549
790.625 23.47950338303031 22.31066171232104
791.125 23.48104728746422 22.31098370912526
791.6249999999999 23.48258905696791 22.31130078402917
792.125 23.484132683761956 22.311627036217292
792.625 23.485669478320478 22.311939618769998
793.1249999999999 23.487192601129582 22.312266056138895
793.625 23.488729991645183 22.31258719268203
794.125 23.49024236061069 22.312913515197735
794.6249999999999 23.491761504038386 22.31323428135383
795.125 23.493266589914533 22.31356241680297
795.625 23.49477625276085 22.31389387192078
796.1249999999999 23.49628862661463 22.314219905915948
796.625 23.49777868498275 22.314552532555915
797.125 23.49929006892819 22.314883697786104
797.6249999999999 23.5007836268461 22.315217417351384
798.125 23.502267220464127 22.315546430658337
798.625 23.503751074989108 22.315888080853608
799.1249999999999 23.505227001337623 22.31622192314852
799.625 23.506714307032293 22.31656075937223
800.125 23.508176355362217 22.316895181498232
800.6249999999999 23.509639816316295 22.31723629119406
801.125 23.511102559051654 22.317571098835455
801.625 23.51255651885454 22.31791404785978
802.1249999999999 23.514019824842677 22.31826091923134
802.625 23.5154714891681 22.318598571397352
803.125 23.516916302919107 22.318947416029644
803.6249999999999 23.51835360118899 22.319291218176055
804.125 23.519799353332136 22.319648160405812
804.625 23.521227173126384 22.319990929862623
805.1249999999999 23.52266193976149 22.32033918247028
805.625 23.52407954257219 22.32069137890546
806.125 23.525506132279872 22.321036996465125
806.6249999999999 23.526923148120037 22.321390815736976
807.125 23.52834161837057 22.32174365909483
807.625 23.529754500354084 22.322102988241696
808.1249999999999 23.5311666309061 22.322451265845636
808.625 23.532559937089733 22.322815890184966
809.125 23.533964401721555 22.323169168120415
809.6249999999999 23.53535582775647 22.323524305762827
810.125 23.536739846735323 22.32387771536358
810.625 23.5381299307463 22.324242382312956
811.1249999999999 23.539512048665383 22.324604200324583
811.625 23.540895086789043 22.324972859639892
812.125 23.5422735750709 22.325327566613687
812.6249999999999 23.543647828153354 22.325692890130078
813.125 23.54500577087458 22.326065270504387
813.625 23.546374754893225 22.326426151257294
814.1249999999999 23.54771927739982 22.326790997320135
814.625 23.5490874519139 22.327166754064795
815.125 23.550444581930204 22.327527539521803
815.6249999999999 23.551791091459975 22.327905637760878
816.125 23.553133520116095 22.328271723069534
816.625 23.55447766108306 22.32865109531059
817.1249999999999 23.555817489481882 22.329021627968437
817.625 23.557149864126117 22.32939798442557
818.125 23.558481057995103 22.329769586203852
818.6249999999999 23.55980774871999 22.33014575751859
819.125 23.561120796521102 22.330522211283025
819.625 23.562436305197142 22.330910759211765
820.1249999999999 23.563750034598097 22.33128321508492
820.625 23.56504490492722 22.331661552615273
821.125 23.566323657334422 22.332048039134882
821.6249999999999 23.567601678184467 22.332432099542608
822.125 23.568847989316296 22.332815194340768
822.625 23.57010561369343 22.3332036796519
823.1249999999999 23.571353815042567 22.33359064039125
823.625 23.572587962810655 22.333977504467583
824.125 23.57381459330889 22.334366578075926
824.6249999999999 23.57504842683804 22.334758241871846
825.125 23.576251933750093 22.335149075616243
825.625 23.57744446097199 22.335542464538356
826.1249999999999 23.578639834125962 22.335938824934154
826.625 23.579827094972295 22.336335832239087
827.125 23.581003792555514 22.336736630964296
827.6249999999999 23.58217437122432 22.3371282586467
828.125 23.583336086608952 22.337536200326433
828.625 23.58449026831151 22.33793215668616
829.1249999999999 23.58563748895808 22.338330392709448
829.625 23.5867836298492 22.338738862529347
830.125 23.587917533030023 22.339138708698382
830.6249999999999 23.58904317254045 22.339546205711514
831.125 23.590179989399935 22.339955683499753
831.625 23.591300597145928 22.340357843506222
832.1249999999999 23.592400859074274 22.340772182856874
832.625 23.59351239945274 22.341178780375053
833.125 23.594616468497136 22.341583356845053
833.6249999999999 23.595707685300788 22.342001930918972
834.125 23.59679969660104 22.342415323438228
834.625 23.597894164968313 22.342831265996818
835.1249999999999 23.59897346794542 22.343245651215607
835.625 23.60006498648049 22.343664142548917
