FastTrWP/PhaseSpace/IAs/snIa_0.60_30.00_0.67_-0.01.csv
# %ECSV 0.9
# ---
# datatype:
# - {name: time-rel, datatype: float64}
# - {name: g, datatype: float64}
# - {name: i, datatype: float64}
# schema: astropy-2.0
time-rel g i
[from data line 1442]
815.7083333333334 24.17362562815676 22.31266708093251
816.2083333333334 24.17529554386972 22.312966297871696
816.7083333333333 24.176981380249348 22.313267549972494
817.2083333333334 24.178660032848725 22.313583709768203
817.7083333333334 24.180332122287275 22.31389099597663
818.2083333333333 24.182008484035656 22.314200008140283
818.7083333333334 24.183709007518633 22.3145144773455
819.2083333333334 24.185392891751533 22.31482355453243
819.7083333333333 24.187074854445836 22.31513297298776
820.2083333333334 24.188758458697905 22.315449583138694
820.7083333333334 24.190454683389664 22.31576982581003
821.2083333333333 24.192146108084348 22.31608664975324
821.7083333333334 24.193842696313528 22.316404158023616
822.2083333333334 24.195541699243147 22.31672269274579
822.7083333333333 24.19723172701844 22.31704238294111
823.2083333333334 24.19892055929441 22.317366296599044
823.7083333333334 24.200632433648277 22.317689379254965
824.2083333333333 24.202323052191534 22.318017844331667
824.7083333333334 24.204039532222463 22.318341756658405
825.2083333333334 24.205725838546325 22.318665108006037
825.7083333333333 24.207437474045914 22.318993853027184
826.2083333333334 24.209155861313914 22.31932571376721
826.7083333333334 24.210855854022203 22.319651123011855
827.2083333333333 24.21256524297256 22.319986228241206
827.7083333333334 24.214273515094714 22.320320254554428
828.2083333333334 24.215971230023968 22.320652509748736
828.7083333333333 24.217702554743724 22.320985493057304
829.2083333333334 24.219422192956507 22.321320833014173
829.7083333333334 24.22113175414596 22.321659640489315
830.2083333333333 24.2228292476155 22.32199598529676
830.7083333333334 24.224558862107124 22.32233806796717
831.2083333333334 24.22627174051533 22.32267508647166
831.7083333333333 24.22799519545127 22.323011601842072
832.2083333333334 24.229707569336124 22.32336002887708
832.7083333333334 24.231425940587457 22.3237044330142
833.2083333333333 24.23314331677728 22.32404613811884
833.7083333333334 24.23487148716322 22.324388040723832
834.2083333333334 24.236594335194447 22.32474395196504
834.7083333333333 24.2383192990576 22.32508365592412
835.2083333333334 24.240052082048898 22.32543808972111
835.7083333333334 24.241759383726365 22.325782259322914
836.2083333333333 24.24349812557064 22.326135480787293
836.7083333333334 24.24521628658317 22.326486557554553
837.2083333333334 24.246964623174524 22.32683218840954
837.7083333333333 24.24869179177572 22.327183256322908
838.2083333333334 24.250393810144956 22.327540720841668
838.7083333333334 24.252134090973733 22.32789955308973
839.2083333333333 24.25388172843465 22.32825410936995
839.7083333333334 24.25560439427439 22.32861533326254
840.2083333333334 24.257346196205912 22.328960526301806
840.7083333333333 24.259072019671102 22.329327448772712
841.2083333333334 24.26078992942545 22.329683981938967
841.7083333333334 24.262526726444232 22.33004391356602
842.2083333333333 24.264267364311035 22.33040501775212
842.7083333333334 24.26600023691195 22.330774702028762
843.2083333333334 24.26772766529778 22.331135355467275
843.7083333333333 24.269467266061774 22.33149074474256
844.2083333333334 24.27120443027132 22.331866360698843
844.7083333333334 24.272932772374418 22.33222197681826
845.2083333333333 24.274677165662062 22.33258642171855
845.7083333333334 24.276412397580692 22.332958060245588
846.2083333333334 24.278144646223478 22.333311757493355
846.7083333333333 24.279878016573736 22.333692198944057
847.2083333333334 24.281631055403853 22.3340609252385
847.7083333333334 24.283356399088962 22.334433630456274
848.2083333333333 24.285107375958056 22.334796208795936
848.7083333333334 24.286847486914866 22.335170038352295
849.2083333333334 24.288561017259298 22.335555787198558
849.7083333333333 24.290309474740035 22.33591027662007
850.2083333333334 24.29204169329421 22.336287586228956
850.7083333333334 24.293780546543594 22.336665613405845
851.2083333333333 24.295534563465132 22.337039791565587
851.7083333333334 24.29727837776766 22.337412900907438
852.2083333333334 24.299005397223365 22.337787848983915
852.7083333333333 24.30075285896883 22.338175291219233
853.2083333333334 24.302499243823533 22.338551857696885
853.7083333333334 24.304234641228888 22.33892910163494
854.2083333333333 24.305970546159394 22.33931432192395
854.7083333333334 24.307711708298285 22.339696834122023
855.2083333333334 24.309458449494695 22.340079786846744
855.7083333333333 24.311213675797262 22.340469999875854
856.2083333333334 24.31295860924618 22.340856612523673
856.7083333333334 24.314701219796397 22.341243570814015
857.2083333333333 24.316468211863498 22.34163001054462
857.7083333333334 24.31820179246958 22.342016714685716
858.2083333333334 24.31994681991743 22.34240717705201
858.7083333333333 24.3216914696295 22.342799726161108
859.2083333333334 24.323457504314252 22.34319030468956
859.7083333333334 24.32520072474489 22.343589756481514
860.2083333333333 24.32694932870985 22.343980040676858
860.7083333333334 24.328674694391093 22.344378616792135
861.2083333333334 24.33044530275793 22.34477492351725
861.7083333333333 24.332228659596584 22.34517218373117
862.2083333333334 24.333962459663297 22.34555885720099
862.7083333333334 24.335724038974117 22.34596821733419
863.2083333333333 24.337485748070726 22.34636799265715
863.7083333333334 24.339230975537582 22.346770045211713
864.2083333333334 24.34099235990552 22.347168801719132
864.7083333333333 24.342733431408337 22.347576244106047
865.2083333333334 24.344499506754424 22.347973864531813
865.7083333333334 24.346254506600737 22.348376639863503
866.2083333333333 24.348019730210737 22.348792406454088
866.7083333333334 24.349767224742862 22.349199535591783
867.2083333333334 24.351552388148214 22.349603774340366
867.7083333333333 24.353299532480392 22.350015648122614
868.2083333333334 24.35506800404461 22.35041726570627
868.7083333333334 24.35682582560224 22.350843393018604
869.2083333333333 24.358572245034573 22.35124986629769
869.7083333333334 24.360335834389964 22.351664494628093
870.2083333333334 24.362103617415798 22.35207275031022
870.7083333333333 24.36387622640631 22.35248767729406
871.2083333333334 24.365642710891105 22.352904795259082
871.7083333333334 24.367400093324882 22.353319564386567
872.2083333333333 24.369157221192093 22.353742135226348
872.7083333333334 24.37094272243572 22.35415564960279
873.2083333333334 24.37271038168582 22.354574864545885
873.7083333333333 24.374487453455473 22.354994825290234
874.2083333333334 24.376256326604725 22.35541750944104
874.7083333333334 24.378018237641697 22.35583234497961
875.2083333333333 24.37978715159726 22.356252359050966
875.7083333333334 24.381549218387583 22.35667609643643
876.2083333333334 24.383327378521024 22.35710818764593
876.7083333333333 24.385087873944677 22.35752923331907
877.2083333333334 24.38687766146719 22.357961496901858
877.7083333333334 24.388634597155608 22.358383611158104
878.2083333333333 24.390415003034654 22.358813689979286
878.7083333333334 24.392180103999593 22.359237048676356
879.2083333333334 24.393961512239674 22.359673595035552
879.7083333333333 24.395732625244598 22.360104212211755
880.2083333333334 24.397520013988846 22.36053064024389
880.7083333333334 24.399279506103824 22.36096429951209
881.2083333333333 24.40106442669933 22.36139731974353
881.7083333333334 24.40282664815323 22.36182946992118
882.2083333333334 24.40461184342326 22.362261220328385
882.7083333333333 24.406386610578522 22.362698532917364
883.2083333333334 24.40816636296846 22.363131286823123
883.7083333333334 24.409956866140107 22.363576881371614
884.2083333333333 24.41174854854583 22.36401163775032
884.7083333333334 24.413512929244416 22.364454409665214
885.2083333333334 24.41530108896189 22.364893335282563
885.7083333333333 24.41709098071894 22.365329987898598
886.2083333333334 24.418865825048055 22.36577028414456
886.7083333333334 24.420638989820404 22.366213702799524
887.2083333333333 24.422414305062837 22.36665149305418
887.7083333333334 24.42420537247067 22.36709433489668
888.2083333333334 24.425988362944693 22.367539622828183
888.7083333333333 24.42777260594155 22.367990983666605
889.2083333333334 24.429560500097832 22.368433796647565
889.7083333333334 24.431357679280605 22.368880140110043
890.2083333333333 24.433117841449047 22.369327135270872
890.7083333333334 24.434901886620185 22.36976917066075
891.2083333333334 24.436699803253017 22.370220143250535
891.7083333333333 24.43848932523395 22.370673151935108
892.2083333333334 24.440280796842742 22.371125005087563
892.7083333333334 24.442059071784314 22.371578775458172
893.2083333333333 24.443838026246464 22.372038616173676
893.7083333333334 24.4456315272479 22.372485744211545
894.2083333333334 24.44743599312716 22.372943264649372
894.7083333333333 24.44921461379792 22.37339561157143
895.2083333333334 24.451001085878108 22.373855837479443
895.7083333333334 24.45278578930342 22.374312104885234
896.2083333333333 24.454579101211458 22.374774126255108
896.7083333333334 24.456357694552537 22.375236745379553
897.2083333333334 24.458165775589332 22.375694294704793
897.7083333333333 24.459931183932348 22.376158067554492
898.2083333333334 24.461736724788942 22.37661770473419
898.7083333333334 24.46351921506023 22.37708133072385
899.2083333333333 24.465329362289793 22.377553205480606
899.7083333333334 24.467122012594885 22.378011198343746
900.2083333333334 24.46890487297363 22.37847924366033
900.7083333333333 24.470707463334808 22.378941774489114
901.2083333333334 24.47247650100321 22.379412563216672
901.7083333333334 24.4742922448378 22.37987867851905
902.2083333333333 24.476086541560925 22.380356818582538
902.7083333333334 24.477869180990343 22.38082182270776
903.2083333333334 24.479648678499363 22.38130470121403
903.7083333333333 24.4814525432609 22.381760970657375
904.2083333333334 24.483248540918762 22.38224743107058
904.7083333333334 24.485039094464387 22.38271698038364
905.2083333333333 24.486842096435563 22.383193466731477
905.7083333333334 24.48862953282417 22.383672466155243
906.2083333333334 24.490442099848554 22.38414679239764
906.7083333333333 24.492253604219734 22.384631065724253
907.2083333333334 24.494045239609324 22.385106353763963
907.7083333333334 24.495841815049197 22.385588870923378
908.2083333333333 24.4976413552206 22.386064134745265
908.7083333333334 24.499440618836342 22.38654800561712
909.2083333333334 24.501243334548604 22.387031807850928
909.7083333333333 24.50304325804033 22.387514587974554
910.2083333333334 24.50484311120835 22.387998651033264
910.7083333333334 24.506623329843514 22.38848491947161
911.2083333333333 24.50844380726764 22.3889717446228
911.7083333333334 24.51025755997651 22.38945822858128
912.2083333333334 24.51205538254442 22.389949473474037
912.7083333333333 24.513877083374833 22.390435172587196
913.2083333333334 24.515668048745553 22.39093063531651
913.7083333333334 24.51746698397967 22.391421194156806
914.2083333333333 24.519294819173357 22.391912770576997
914.7083333333334 24.52109250158439 22.392399074574804
915.2083333333334 24.522896911833804 22.39290359724933
915.7083333333333 24.524693359035233 22.393393318598438
916.2083333333334 24.526503279985956 22.39388245326814
916.7083333333334 24.52831839862057 22.394381126890863
917.2083333333333 24.53014234215679 22.394881511489316
917.7083333333334 24.53195065744682 22.39537208503718
918.2083333333334 24.53377288537733 22.395878573291853
918.7083333333333 24.535591395928485 22.396376268184643
919.2083333333334 24.53739788211701 22.396876042350303
919.7083333333334 24.53921238029073 22.39737140113039
920.2083333333333 24.541021914882197 22.397877017981497
920.7083333333334 24.542823560790154 22.398375482316837
921.2083333333334 24.544641997878248 22.39889200087202
921.7083333333333 24.546472719029314 22.399386167828993
922.2083333333334 24.54827665097033 22.399899092196982
922.7083333333334 24.550128910417335 22.400399914051935
923.2083333333333 24.551939094828974 22.400911127455952
923.7083333333334 24.55376407451842 22.40141517923273
924.2083333333334 24.555578698409324 22.401929946043403
924.7083333333333 24.55740568236606 22.40243353467879
925.2083333333334 24.55921531684997 22.40294468842019
925.7083333333334 24.5610544236369 22.403459141432727
926.2083333333333 24.56286659237293 22.403965368540963
926.7083333333334 24.564703441424687 22.404483957340545
927.2083333333334 24.566535211680215 22.405000943073947
927.7083333333333 24.56835806277564 22.40551924294479
928.2083333333334 24.57017640900996 22.40602612611784
928.7083333333334 24.57202088403941 22.406547098836057
929.2083333333333 24.57384180556515 22.407066326082777
929.7083333333334 24.5756699657827 22.407578634704834
930.2083333333334 24.577492874377494 22.408103965559775
930.7083333333333 24.579331717083555 22.408620685769435
931.2083333333334 24.581158714078963 22.40913819415796
931.7083333333334 24.582998139759972 22.40966789972836
932.2083333333333 24.58480905255886 22.410189648468737
932.7083333333334 24.58664654430381 22.410716898036952
933.2083333333334 24.588484392084986 22.411244525372723
933.7083333333333 24.590325606783757 22.41176748648783
934.2083333333334 24.59215384908953 22.412294876990828
934.7083333333334 24.593984383772497 22.412827171624045
935.2083333333333 24.595822979994338 22.413358612932598
935.7083333333334 24.597657404051006 22.413887329286048
936.2083333333334 24.599482941620217 22.414418459169624
936.7083333333333 24.601317717345722 22.41494351478031
937.2083333333334 24.60316134219869 22.41548371103363
937.7083333333334 24.60498219150415 22.416015269731083
938.2083333333333 24.606831746993013 22.416545985383898
938.7083333333334 24.60867730977521 22.417087997114365
939.2083333333334 24.610501175954553 22.417622135867997
939.7083333333333 24.612336833516313 22.41816349765037
940.2083333333334 24.614177230827128 22.41870350525716
940.7083333333334 24.61602205278721 22.419238367501563
941.2083333333333 24.617855950800553 22.419781409058395
941.7083333333334 24.619694306184204 22.420324683039485
942.2083333333334 24.621538035387186 22.420862752563295
942.7083333333333 24.623406177642 22.421408759374156
943.2083333333334 24.62522116606258 22.421952818616493
943.7083333333334 24.62704985100276 22.422497421344396
944.2083333333333 24.628911107943946 22.42303475144181
944.7083333333334 24.63076105589016 22.42358417628328
945.2083333333334 24.632609678999053 22.424138400462823
945.7083333333333 24.634452562990518 22.42468134995057
946.2083333333334 24.63630788244226 22.425236707936143
946.7083333333334 24.63814887770027 22.425788123084747
947.2083333333333 24.63998858273009 22.42633760768635
947.7083333333334 24.641824926031823 22.42688992289843
948.2083333333334 24.643679824220417 22.427444293710103
948.7083333333333 24.645539006738957 22.42799409237859
949.2083333333334 24.647405600714944 22.428552228611657
949.7083333333334 24.64923263999026 22.429109688867417
950.2083333333333 24.65108295110436 22.429665800457844
950.7083333333334 24.652941909283363 22.430223348604073
951.2083333333334 24.654795378613173 22.430786727674395
951.7083333333333 24.65664417877322 22.43134749378285
952.2083333333334 24.658506324837216 22.43190691917266
952.7083333333334 24.66035035709162 22.43247099103946
953.2083333333333 24.662216732277695 22.433028672905305
953.7083333333334 24.664079407401935 22.433597052507142
954.2083333333334 24.66593913230538 22.434160222755896
954.7083333333333 24.667806935886745 22.43471511774645
955.2083333333334 24.669650421444686 22.43529702275555
955.7083333333334 24.67152112389632 22.435858720668683
956.2083333333333 24.673378862237154 22.43642948789544
956.7083333333334 24.675235563985943 22.43699837284677
957.2083333333334 24.67709246365174 22.43757298471856
957.7083333333333 24.678966320833965 22.438142575154778
958.2083333333334 24.680839881305246 22.438714178649573
958.7083333333334 24.68269168009181 22.43928851910086
959.2083333333333 24.684573171835268 22.43986311062038
959.7083333333334 24.68641417391309 22.440435166902027
