FastTrWP/PhaseSpace/IAs/snIa_0.36_30.00_0.57_0.12.csv
# %ECSV 0.9
# ---
# datatype:
# - {name: time-rel, datatype: float64}
# - {name: g, datatype: float64}
# - {name: i, datatype: float64}
# schema: astropy-2.0
time-rel g i
[from data line 2018]
1189.1041666666667 24.485042738277055 22.928635822594256
1189.6041666666667 24.48707402957711 22.929356209436023
1190.1041666666667 24.489093678322227 22.93006421666061
1190.6041666666667 24.491107803918393 22.93077906856801
1191.1041666666667 24.493169718726516 22.93148971582348
1191.6041666666667 24.495168548915064 22.932200558223986
1192.1041666666667 24.497193393445237 22.9329155196208
1192.6041666666667 24.499222012528442 22.93362231366028
1193.1041666666667 24.501246092117412 22.934317161228467
1193.6041666666667 24.503273324860665 22.935024200651156
1194.1041666666667 24.50529337792057 22.935727109882478
1194.6041666666667 24.507308040153077 22.93642657855331
1195.1041666666667 24.509332490892714 22.937127875066025
1195.6041666666667 24.51135158698413 22.937819703215567
1196.1041666666667 24.513344700562453 22.93850880955954
1196.6041666666667 24.51536356159513 22.93919931588575
1197.1041666666667 24.51736919214792 22.93989207408295
1197.6041666666667 24.51937652543694 22.940582584655825
1198.1041666666667 24.521400795165 22.941264663134234
1198.6041666666667 24.523418616285365 22.94194768837077
1199.1041666666667 24.525401085135673 22.942636784918385
1199.6041666666667 24.527395875793 22.94331034175969
1200.1041666666667 24.529399797958312 22.94399359518235
1200.6041666666667 24.531419411038083 22.9446711040148
1201.1041666666667 24.533402140178122 22.94533747820782
1201.6041666666667 24.53537883672826 22.946015753678594
1202.1041666666667 24.53738037126453 22.946691576177862
1202.6041666666667 24.53937666092814 22.94735808976452
1203.1041666666667 24.54135477670895 22.948024500973155
1203.6041666666667 24.54335742484431 22.94869374415281
1204.1041666666667 24.54533020049944 22.949348107937663
1204.6041666666667 24.547326939766748 22.95001596661136
1205.1041666666667 24.54931181091171 22.95066801329805
1205.6041666666667 24.551256982232758 22.95133065425834
1206.1041666666667 24.553255911705044 22.9519686402029
1206.6041666666667 24.555226202739725 22.952627246094575
1207.1041666666667 24.557200153718462 22.953275054755338
1207.6041666666667 24.55916580565009 22.953932884008626
1208.1041666666667 24.561119051982025 22.954577765286146
1208.6041666666667 24.563075474705713 22.955222890884336
1209.1041666666667 24.565048914928646 22.95585327045467
1209.6041666666667 24.566987368734566 22.956502933826147
1210.1041666666667 24.56895408436838 22.957133533414392
1210.6041666666667 24.570903407919506 22.957771650472566
1211.1041666666667 24.57284747313735 22.958406295695198
1211.6041666666667 24.574815384901328 22.959035218104976
1212.1041666666667 24.57674379245838 22.959654872628686
1212.6041666666667 24.57867655688859 22.960286062299215
1213.1041666666667 24.58062790843841 22.96090861252791
1213.6041666666667 24.58255051281582 22.961534869870054
1214.1041666666667 24.58448253079473 22.962158449847156
1214.6041666666667 24.58640595357879 22.96276338151693
1215.1041666666667 24.588316387185152 22.96338528195269
1215.6041666666667 24.590263813272454 22.963991634276187
1216.1041666666667 24.59214651349709 22.964596075919506
1216.6041666666667 24.59405702284338 22.965200249648007
1217.1041666666667 24.595988166146626 22.96580059547347
1217.6041666666667 24.597863604043102 22.966390598915535
1218.1041666666667 24.599750276580107 22.966988168349644
1218.6041666666667 24.60165111815759 22.967584487156508
1219.1041666666667 24.60352604843178 22.968161515284766
1219.6041666666667 24.605423638258696 22.96874490302382
1220.1041666666667 24.60727932308648 22.969329745769322
1220.6041666666667 24.60915807484848 22.969905656346924
1221.1041666666667 24.611029651531744 22.97047760908125
1221.6041666666667 24.612884245364206 22.97104750714634
1222.1041666666667 24.614751928586482 22.97162286250478
1222.6041666666667 24.616613435206446 22.972186793979702
1223.1041666666667 24.61844923427419 22.972751045468822
1223.6041666666667 24.620308375934368 22.973314201315105
1224.1041666666667 24.622157482549994 22.973870476404127
1224.6041666666667 24.623996156643983 22.9744181605005
1225.1041666666667 24.625847879723825 22.974972676998515
1225.6041666666667 24.62767230761415 22.9755349537348
1226.1041666666667 24.62951078114873 22.976086855776792
1226.6041666666667 24.63131375195417 22.976640933295407
1227.1041666666667 24.63314080183032 22.97717363678533
1227.6041666666667 24.634991434472315 22.977716641936148
1228.1041666666667 24.636813933865305 22.978260106806864
1228.6041666666667 24.63861469753395 22.97881176085832
1229.1041666666667 24.640442143664934 22.97932999428429
1229.6041666666667 24.642251074245692 22.9798735276227
1230.1041666666667 24.644049297926397 22.980414764295
1230.6041666666667 24.645861429627725 22.980948813507354
1231.1041666666667 24.647677492806274 22.981476643382862
1231.6041666666667 24.64948707572663 22.982007604228794
1232.1041666666667 24.651285856944078 22.982535377053864
1232.6041666666667 24.65309117351461 22.9830699432215
1233.1041666666667 24.65489082387404 22.983592580450612
1233.6041666666667 24.656700895988045 22.984118391401708
1234.1041666666667 24.65847985529318 22.984654024637624
1234.6041666666667 24.660293098976133 22.985169121565455
1235.1041666666667 24.662078808813224 22.98568594410957
1235.6041666666667 24.66387717640719 22.986213269814332
1236.1041666666667 24.66565556171775 22.98673580545588
1236.6041666666667 24.667467733201512 22.987254672344314
1237.1041666666667 24.669240764625748 22.987773769664873
1237.6041666666667 24.671048904640948 22.988295695234026
1238.1041666666667 24.67282879329272 22.988813062574216
1238.6041666666667 24.67462712504315 22.989326896149834
1239.1041666666667 24.676427743441657 22.989843840103514
1239.6041666666667 24.67821298210286 22.990359301156094
1240.1041666666667 24.680006925065385 22.99088591323839
1240.6041666666667 24.68178976549043 22.99139069710939
1241.1041666666667 24.683586767592228 22.991925262766195
1241.6041666666667 24.685357931833295 22.992433897867123
1242.1041666666667 24.687171784534804 22.992954967812395
1242.6041666666667 24.688939153696463 22.993461100722712
1243.1041666666667 24.690759173781203 22.99397284790996
1243.6041666666667 24.692547280399996 22.99450590382547
1244.1041666666667 24.694333327981045 22.995016423254626
1244.6041666666667 24.696137862319766 22.99553513147118
1245.1041666666667 24.697935693251942 22.996050464565492
1245.6041666666667 24.699735469340602 22.996566244890854
1246.1041666666667 24.701531553818377 22.99708981454865
1246.6041666666667 24.703349733182748 22.997613487351153
1247.1041666666667 24.705153573093057 22.99813525782753
1247.6041666666667 24.706970310537386 22.998651621914256
1248.1041666666667 24.708747449199528 22.999179549705325
1248.6041666666667 24.71053740490114 22.999687217474417
1249.1041666666667 24.712362575028134 23.000216546177615
1249.6041666666667 24.714145901515604 23.000717525870932
1250.1041666666667 24.715929041832897 23.001224494418203
1250.6041666666667 24.717708203908586 23.001732968225536
1251.1041666666667 24.71950542820813 23.002247879828097
1251.6041666666667 24.72128282709088 23.002757624471787
1252.1041666666667 24.72305668029226 23.003262571114483
1252.6041666666667 24.72483669970718 23.003765388493512
1253.1041666666667 24.726610971781362 23.004273195059465
1253.6041666666667 24.728388916483336 23.004765179448658
1254.1041666666667 24.730179284948903 23.005277299677466
1254.6041666666667 24.73194042470125 23.005766339624202
1255.1041666666667 24.733724927894162 23.006271834620428
1255.6041666666667 24.735467071113252 23.0067623370126
1256.1041666666667 24.7372513331964 23.007262217721134
1256.6041666666667 24.7390014229725 23.00775811690999
1257.1041666666667 24.74077902423695 23.00824574022932
1257.6041666666667 24.74254425339085 23.008737193929647
1258.1041666666667 24.744321861493276 23.009245602712134
1258.6041666666667 24.74607596215064 23.00972184370665
1259.1041666666667 24.7478264591976 23.010228017280244
1259.6041666666667 24.74959105339625 23.010719385735293
1260.1041666666667 24.75135782656517 23.011200910094864
1260.6041666666667 24.75310266677521 23.01170048238393
1261.1041666666667 24.75486382872266 23.01218902554909
1261.6041666666667 24.756633416233345 23.012667987998313
1262.1041666666667 24.758373926735384 23.013157242907567
1262.6041666666667 24.76011973620583 23.01364429147233
1263.1041666666667 24.761875266908685 23.01413460514989
1263.6041666666667 24.76363869181081 23.01463068064402
1264.1041666666667 24.7653840074411 23.015122609962226
1264.6041666666667 24.767153162958234 23.015598150105983
1265.1041666666667 24.76889297712698 23.016089171734677
1265.6041666666667 24.77064632342147 23.01657781382335
1266.1041666666667 24.772399275100465 23.017060090669364
1266.6041666666667 24.77416137414149 23.017542655543398
1267.1041666666667 24.775914318337882 23.01802565971768
1267.6041666666667 24.777675802650275 23.018514056438036
1268.1041666666667 24.779418995209358 23.019006549625317
1268.6041666666667 24.781198595050228 23.019496826154327
1269.1041666666667 24.782942539096787 23.019991507519624
1269.6041666666667 24.784690452959058 23.020470105675997
1270.1041666666667 24.78647131243057 23.02096624767654
1270.6041666666667 24.788211602196647 23.021452439539864
1271.1041666666667 24.789949572814546 23.021939908727905
1271.6041666666667 24.79173254213446 23.022426230877517
1272.1041666666667 24.793490917966906 23.022911771050932
1272.6041666666667 24.795249748689216 23.023407283211448
1273.1041666666667 24.797014561802516 23.023897218649
1273.6041666666667 24.798782607063128 23.02439915973895
1274.1041666666667 24.800554431256977 23.0248838865435
1274.6041666666667 24.802313991113248 23.025377676228626
1275.1041666666667 24.804096751879957 23.025877417552852
1275.6041666666667 24.80587019226606 23.026363321563288
1276.1041666666667 24.807640774300687 23.0268607276537
1276.6041666666667 24.809423903404735 23.02735485992787
1277.1041666666667 24.811201965953625 23.027860940952184
1277.6041666666667 24.812981992401014 23.028355310370646
1278.1041666666667 24.81473895105839 23.028855648090207
1278.6041666666667 24.816531006967118 23.02936858775383
1279.1041666666667 24.81830737901083 23.029864524946916
1279.6041666666667 24.820117200250984 23.030366387584497
1280.1041666666667 24.821914037460694 23.03087323871695
1280.6041666666667 24.823695986254588 23.03138158727908
1281.1041666666667 24.825503777297847 23.03189076111525
1281.6041666666667 24.82727291550696 23.032394421735507
1282.1041666666667 24.829051522814204 23.03290434597642
1282.6041666666667 24.830861630024593 23.033405994637377
1283.1041666666667 24.832681997724208 23.033912095702902
1283.6041666666667 24.834489094080567 23.03442451370929
1284.1041666666667 24.836263451882136 23.034926365043916
1284.6041666666667 24.838065436972926 23.035432986835428
1285.1041666666667 24.839878810216028 23.035946637513362
1285.6041666666667 24.841678071465928 23.036453247818052
1286.1041666666667 24.843481664924848 23.03696094471581
1286.6041666666667 24.845270874050946 23.03747462974481
1287.1041666666667 24.847083326750074 23.037979985826944
1287.6041666666667 24.848885849769417 23.038496222082372
1288.1041666666667 24.850698002489402 23.039005182477375
1288.6041666666667 24.852509454835882 23.03951776384272
1289.1041666666667 24.854316170825133 23.040014502454852
1289.6041666666667 24.856107641335047 23.04053508152311
1290.1041666666667 24.85793326032132 23.041045594449333
1290.6041666666667 24.859725702170824 23.041558087077384
1291.1041666666667 24.861515234768806 23.04206220575688
1291.6041666666667 24.863344083854088 23.042584451385373
1292.1041666666667 24.86513435735715 23.043090163117373
1292.6041666666667 24.866956304933737 23.04361117162912
1293.1041666666667 24.868786229718687 23.044122270441825
1293.6041666666667 24.870590880005903 23.044631763263173
1294.1041666666667 24.87240834216898 23.045142512845235
1294.6041666666667 24.874209832760265 23.045656520379598
1295.1041666666667 24.876008140549825 23.04616795367114
1295.6041666666667 24.87783355117122 23.046687805293192
1296.1041666666667 24.879641709092397 23.047203163697763
1296.6041666666667 24.881463575902266 23.04772116142395
1297.1041666666667 24.88327323223464 23.048232412007856
1297.6041666666667 24.885084799329388 23.04874798346399
1298.1041666666667 24.88689915436356 23.049257711550016
1298.6041666666667 24.888709227959982 23.04977187645661
1299.1041666666667 24.8905321892707 23.05028834103424
1299.6041666666667 24.892356869094257 23.050807565449567
1300.1041666666667 24.894164297188254 23.051335882903416
1300.6041666666667 24.895982171826915 23.051837039810458
1301.1041666666667 24.897787569733516 23.052353631512773
1301.6041666666667 24.899594516262464 23.05287563942855
1302.1041666666667 24.901419225963938 23.053393775898037
1302.6041666666667 24.903217935239667 23.053903592093658
1303.1041666666667 24.905036623027254 23.054425085263244
1303.6041666666667 24.90686814021618 23.054940196832668
1304.1041666666667 24.908690856005773 23.055452492566253
1304.6041666666667 24.910486694132796 23.055978067662668
1305.1041666666667 24.91232269007336 23.056488942858838
1305.6041666666667 24.914124613471348 23.05700946908502
1306.1041666666667 24.91596881622019 23.057535694525306
1306.6041666666667 24.91777429019088 23.058046803708084
1307.1041666666667 24.919568534213834 23.05857593658868
1307.6041666666667 24.92138345977584 23.0590879919519
1308.1041666666667 24.923195359200587 23.059602566401587
1308.6041666666667 24.92501936401547 23.060124461907563
1309.1041666666667 24.9268102761518 23.06064131017869
1309.6041666666667 24.928661746326256 23.06115933643062
1310.1041666666667 24.93045833389327 23.06167947763743
1310.6041666666667 24.932273610763755 23.062196894909995
1311.1041666666667 24.934091982694394 23.062715511163056
1311.6041666666667 24.935889216098662 23.06324138862538
1312.1041666666667 24.93772085335049 23.063756123930613
1312.6041666666667 24.939536734926318 23.06427482486878
1313.1041666666667 24.941333459506026 23.064790083312623
1313.6041666666667 24.943139821566792 23.065308007872808
1314.1041666666667 24.944954167279867 23.06583482745119
1314.6041666666667 24.946769024742068 23.066352669614723
1315.1041666666667 24.948596424989894 23.066875561532626
1315.6041666666667 24.95040150204221 23.067393712768926
1316.1041666666667 24.9522034440783 23.06791658640231
1316.6041666666667 24.954011640651608 23.06844253430393
1317.1041666666667 24.95581921144927 23.068966948767986
1317.6041666666667 24.957647567680148 23.06948483616061
1318.1041666666667 24.95945439095909 23.070005717989922
1318.6041666666667 24.96127829242045 23.070531540602985
1319.1041666666667 24.96310833984964 23.071054555084523
1319.6041666666667 24.964921214955737 23.071582062860223
1320.1041666666667 24.966737075779555 23.07210029665729
1320.6041666666667 24.968535591702278 23.072623613129004
1321.1041666666667 24.970342779193544 23.073150740344882
1321.6041666666667 24.972169496544684 23.073677056363827
1322.1041666666667 24.97398655430065 23.074199043175444
1322.6041666666667 24.975779450768098 23.074727548257144
1323.1041666666667 24.97759983199581 23.075243929294377
1323.6041666666667 24.97941579430297 23.075775189599746
1324.1041666666667 24.981220706011555 23.07629309143831
1324.6041666666667 24.98301931182574 23.07681960899762
1325.1041666666667 24.984838974700452 23.077346957766768
1325.6041666666667 24.986664316838876 23.077863300416084
1326.1041666666667 24.988474048806623 23.078399458712404
1326.6041666666667 24.990268891551864 23.07892112088738
1327.1041666666667 24.9920897843851 23.079449426768438
1327.6041666666667 24.99387341391587 23.07997507743284
1328.1041666666667 24.995721382531407 23.080501877215642
1328.6041666666667 24.997530454751526 23.08102711737035
1329.1041666666667 24.99933908336946 23.081554009460955
1329.6041666666667 25.001157664265293 23.082075221199005
1330.1041666666667 25.002955235621464 23.082602158595034
1330.6041666666667 25.004770801377934 23.0831348374827
