FastTrWP/PhaseSpace/IAs/snIa_0.49_30.00_0.54_-0.04.csv
# %ECSV 0.9
# ---
# datatype:
# - {name: time-rel, datatype: float64}
# - {name: g, datatype: float64}
# - {name: i, datatype: float64}
# schema: astropy-2.0
time-rel g i
[from data line 1030]
668.375 23.182654551129893 22.439973201297413
668.875 23.183467544611776 22.439769178109042
669.375 23.184280066690008 22.439569698743675
669.875 23.185114876743896 22.43937447186451
670.375 23.18595764885904 22.43918050041045
670.875 23.186797462262515 22.438994684632235
671.375 23.18764043157987 22.438796031448135
671.875 23.188487528683343 22.438613395263395
672.375 23.189342956798328 22.438429271325724
672.875 23.190199850465262 22.43823697411816
673.375 23.191070639309096 22.43805919135079
673.875 23.191940314385818 22.43787937457426
674.375 23.192815685168068 22.43769586061898
674.875 23.19369327274019 22.437520265096282
675.375 23.194578349177633 22.437343700273754
675.875 23.195461802894748 22.43717592270032
676.375 23.196365904212563 22.43700617535395
676.875 23.197261664121278 22.436833947551857
677.375 23.19815797850196 22.43666113309514
677.875 23.199070049854534 22.436488947016212
678.375 23.1999854067878 22.436341101693507
678.875 23.20089906748685 22.436176365614948
679.375 23.201814883817498 22.43601085540718
679.875 23.202738335599882 22.435862739125323
680.375 23.203656524515054 22.435706812375567
680.875 23.20459009538862 22.435543740311836
681.375 23.20552577732906 22.435401514737347
681.875 23.20645816802804 22.435246522690218
682.375 23.20740295683196 22.435100132731762
682.875 23.208338978754327 22.434952441960057
683.375 23.209288055079142 22.434805858928875
683.875 23.2102333386283 22.43466097766749
684.375 23.211183317919893 22.434514884878645
684.875 23.212150479091118 22.434384225166557
685.375 23.213103243674897 22.434240065354082
685.875 23.21406343504014 22.434109293674705
686.375 23.215034658716615 22.433973558848756
686.875 23.215988808892007 22.433842088147657
687.375 23.216961185834304 22.43371431132932
687.875 23.217924127395655 22.43358183390713
688.375 23.21890477283668 22.433457343538308
688.875 23.219872821045247 22.43333478805544
689.375 23.220861697502734 22.43320557746019
689.875 23.22182466486843 22.43308888836557
690.375 23.222807135273392 22.432966473044402
690.875 23.223790916948502 22.432849429592025
691.375 23.224782342645515 22.43273837040889
691.875 23.225760358765484 22.432620640671253
692.375 23.22673885247511 22.432509879471326
692.875 23.227716750889872 22.432395125528007
693.375 23.22871729154331 22.43228920609452
693.875 23.229705515547522 22.43218686844877
694.375 23.23068988059063 22.432075518638392
694.875 23.231681751099774 22.4319777900671
695.375 23.232677491979707 22.431873187821225
695.875 23.23366727836988 22.431769581790867
696.375 23.234674307902097 22.431670383600157
696.875 23.23567449155144 22.431582604610746
697.375 23.236703469101695 22.431489467072694
697.875 23.237717145578507 22.43139377287603
698.375 23.23874121868935 22.431303839050788
698.875 23.23976070033275 22.431218185967268
699.375 23.24079933829494 22.431135488573396
699.875 23.241839770976732 22.431049420758686
700.375 23.24287657751091 22.430966349156915
700.875 23.243927524047155 22.430884726967687
701.375 23.24498618160245 22.43080666670505
701.875 23.246027174173083 22.43072802338485
702.375 23.247087443330866 22.430657358591933
702.875 23.24814961780243 22.4305877122209
703.375 23.24920596513563 22.430515894090632
703.875 23.250282973013185 22.430439474100417
704.375 23.25135981351279 22.430379419646048
704.875 23.25243131078599 22.430310866739948
705.375 23.253516986443998 22.4302508200735
705.875 23.254601302147506 22.430181767072987
706.375 23.25569364972347 22.430125968278496
706.875 23.256793956585348 22.430077116418353
707.375 23.25788148185724 22.430011862810943
707.875 23.258993898225647 22.429957639462884
708.375 23.260089491955323 22.42990549137832
708.875 23.26119321799237 22.429850582287337
709.375 23.26230926373651 22.429806905396017
709.875 23.263420163540577 22.429757468354
710.375 23.264533198428357 22.42971522136593
710.875 23.26565321981736 22.4296651044212
711.375 23.266768774078834 22.429625769542906
711.875 23.267897780279018 22.429584983169306
712.375 23.269018709920367 22.429550903290032
712.875 23.270147638289277 22.429512000194315
713.375 23.271285631232743 22.429484147718817
713.875 23.27242214409769 22.429448188777286
714.375 23.273558999882106 22.42940999927383
714.875 23.274692246789744 22.429387639822266
715.375 23.27583678302386 22.429357774581323
715.875 23.27698380462692 22.429334989299715
716.375 23.27811848207006 22.429310749979386
716.875 23.279281299253512 22.429286351785844
717.375 23.280415623811322 22.42926721620384
717.875 23.28157092098656 22.42924585937764
718.375 23.28272591313375 22.42922685296239
718.875 23.28388407093879 22.429208760060718
719.375 23.28504642633728 22.42919779450562
719.875 23.286197350633913 22.429186424723305
720.375 23.287355509504266 22.429169414526847
720.875 23.288524274996437 22.429158905623208
721.375 23.289675189796633 22.429156184561787
721.875 23.290835134437657 22.42915116790973
722.375 23.29200865593063 22.429149522035093
722.875 23.293176796171355 22.429144630122572
723.375 23.294327441614264 22.42914830509821
723.875 23.29550138681114 22.42914491337811
724.375 23.296676356118844 22.429159918851198
724.875 23.297848027237666 22.429151544204426
725.375 23.299011251678348 22.42915744502383
725.875 23.30017783168461 22.429166131511632
726.375 23.30135201166142 22.429181643876007
726.875 23.30251408342879 22.42918437292485
727.375 23.30368826424898 22.429197557395067
727.875 23.304862603689863 22.42921666702031
728.375 23.306026403715553 22.4292216976886
728.875 23.307196964488828 22.42924230894731
729.375 23.30836766490458 22.429259209443885
729.875 23.309538068882976 22.429283655657215
730.375 23.310710697149013 22.429301264120678
730.875 23.311872487222608 22.429329832497565
731.375 23.313049423849886 22.429355841882117
731.875 23.314218366495034 22.42938115645838
732.375 23.315402808136447 22.429413864216393
732.875 23.31656747490394 22.429439472009136
733.375 23.317755741753704 22.429470752149857
733.875 23.318934226257568 22.42950690254269
734.375 23.320108258454916 22.42953772614662
734.875 23.321298292652422 22.42958261674426
735.375 23.322478554416442 22.42961922723579
735.875 23.323674848096342 22.429665627513245
736.375 23.32486813570245 22.429700037511306
736.875 23.32604497430973 22.42974417755061
737.375 23.327242815432697 22.42978906459409
737.875 23.328440223432494 22.429845177282655
738.375 23.329644273989807 22.429890106435483
738.875 23.330831134363166 22.429944534110348
739.375 23.332030740170016 22.430000077002937
739.875 23.333228694775997 22.430054424546285
740.375 23.33444466398496 22.43010451913692
740.875 23.335637670757755 22.430168936247227
741.375 23.336860353384413 22.430226543975063
741.875 23.338059246922846 22.430286071004907
742.375 23.339274277057434 22.43035287681475
742.875 23.340486345222562 22.43041739403435
743.3749999999999 23.341696387538228 22.43048793691404
743.875 23.342913203200784 22.430551855501868
744.375 23.34413103258942 22.43061904022758
744.8749999999999 23.345354733121994 22.43069588189328
745.375 23.34657290819495 22.430768797450202
745.875 23.34779916465589 22.430843751523884
746.3749999999999 23.349023080094472 22.430919969913315
746.875 23.350246051759726 22.430995419497727
747.375 23.351478972169744 22.43107668208054
747.8749999999999 23.35270525817343 22.431165987459188
748.375 23.353937780355945 22.431250945006823
748.875 23.355164033245586 22.431326954146712
749.3749999999999 23.35641292364455 22.431418090121543
749.875 23.35763673658017 22.431508038384358
750.375 23.358876225171493 22.43159631446106
750.8749999999999 23.36010676057746 22.431688597833773
751.375 23.36135687036545 22.431782541839425
751.875 23.362603010499015 22.431873736852115
752.3749999999999 23.363848766768797 22.431974966344953
752.875 23.36508819000524 22.43206725837535
753.375 23.366342008066997 22.4321732206554
753.8749999999999 23.367584995741502 22.432274139610115
754.375 23.368855106864533 22.43237261203553
754.875 23.37008757639142 22.432476798146105
755.3749999999999 23.371346585340838 22.432591017778552
755.875 23.372604123599054 22.43269972590181
756.375 23.373853627349757 22.432798569045378
756.8749999999999 23.375120493215476 22.43291517626914
757.375 23.37638578292093 22.433027532025697
757.875 23.37764805892902 22.433142611399155
758.3749999999999 23.37890985301423 22.433258531497838
758.875 23.3801786336566 22.433375817696493
759.375 23.381435204195146 22.43349319405526
759.8749999999999 23.382704895211056 22.433619417415272
760.375 23.383979842789003 22.433745113455565
760.875 23.38525908554309 22.433861428419974
761.3749999999999 23.386529555025408 22.433986432613445
761.875 23.387802119187494 22.434113737651288
762.375 23.38908246703596 22.434241754379105
762.8749999999999 23.390356516812602 22.43436875904591
763.375 23.391634848917175 22.4345027805119
763.875 23.392913636017898 22.434634026988014
764.3749999999999 23.394205353522143 22.434773247776555
764.875 23.395478424567546 22.434908152541112
765.375 23.396766730281545 22.435039338958337
765.8749999999999 23.398052929689324 22.435184212852263
766.375 23.399341186142898 22.43532614886478
766.875 23.400643557650017 22.435465204703718
767.3749999999999 23.40192500741809 22.435607016693815
767.875 23.4032254480188 22.435754494608375
768.375 23.40451278304243 22.435906618665577
768.8749999999999 23.40581957471518 22.43604822460416
769.375 23.407112278036447 22.436202298582565
769.875 23.408410917874306 22.43635189303769
770.3749999999999 23.409721034258915 22.43650603658213
770.875 23.411027516473133 22.436673107128875
771.375 23.41233738793683 22.43681781475541
771.8749999999999 23.41365066500557 22.436983483723196
772.375 23.414949644518174 22.43714466850127
772.875 23.416271043413538 22.437309329479408
773.3749999999999 23.417594675699878 22.43746811123031
773.875 23.418907199203254 22.43763357405481
774.375 23.420219211839765 22.43780339995499
774.8749999999999 23.421543425365734 22.437981208108134
775.375 23.422866224699934 22.438144824465564
775.875 23.424188740098227 22.43832222392651
776.3749999999999 23.425520550315294 22.438493985162747
776.875 23.426849613522542 22.4386690371475
777.375 23.428176545120465 22.43884713917638
777.8749999999999 23.429508558520453 22.439021919675234
778.375 23.430841720352504 22.439210215947163
778.875 23.432182366510872 22.43939172834123
779.3749999999999 23.43352359923184 22.43957135161185
779.875 23.434852732436653 22.439760834827077
780.375 23.436194000582617 22.43995121927619
780.8749999999999 23.43754446879952 22.440137718390247
781.375 23.43889614410947 22.440333914890502
781.875 23.44023648885619 22.44052330419025
782.3749999999999 23.44158463076727 22.440718900048708
782.875 23.442933437374933 22.440913612328707
783.375 23.444289695127097 22.44111283839683
783.8749999999999 23.44563879038661 22.44130104596431
784.375 23.446990736185622 22.441507222325715
784.875 23.448363076735834 22.441712680939666
785.3749999999999 23.44971248015507 22.441911315015158
785.875 23.451061433052786 22.442120443055554
786.375 23.45242612552753 22.442326419617665
786.8749999999999 23.453804829653187 22.442536561773757
787.375 23.45515712763572 22.44274074386704
787.875 23.45653230858089 22.442954830349585
788.3749999999999 23.457889478600755 22.443167894250355
788.875 23.45927298018987 22.443382536993887
789.375 23.460647157959347 22.443598084353003
789.8749999999999 23.46202166466503 22.443820418846315
790.375 23.463394765403276 22.444030478083207
790.875 23.464767034693477 22.44425388877645
791.3749999999999 23.466153485570103 22.444470319690822
791.875 23.46753657727532 22.44470068809017
792.375 23.468916851603474 22.444928249034977
792.8749999999999 23.470296530793107 22.44514938007715
793.375 23.471695248065103 22.445380296254793
793.875 23.473068087328322 22.445603333115137
794.3749999999999 23.474463397867193 22.445833285703593
794.875 23.475856656573576 22.4460649966639
795.375 23.47724420408 22.446298984618124
795.8749999999999 23.478652534145013 22.4465418549007
796.375 23.480031474266745 22.44677322755374
796.875 23.481442704240855 22.447013847711634
797.3749999999999 23.482830815864396 22.44724657647122
797.875 23.484230078796273 22.447496423020127
798.375 23.485634512740464 22.447734235962365
798.8749999999999 23.487035781158863 22.447972102726105
799.375 23.488446205705742 22.44821941359477
799.875 23.489844555251143 22.44846471377494
800.3749999999999 23.491258769457566 22.44871456412531
800.875 23.492671252062294 22.448962314600756
801.375 23.494075502894045 22.449207368085556
801.8749999999999 23.49548423613655 22.449460891830164
802.375 23.49690435169358 22.44971114147008
802.875 23.498323256385575 22.449968477151078
803.3749999999999 23.499750976533353 22.45022684512446
803.875 23.50116677487659 22.450489309075884
804.375 23.502584364226713 22.450740625041842
804.8749999999999 23.504028233692292 22.451002640338096
805.375 23.505442774258583 22.45127324415902
805.875 23.506869542044573 22.451539562571668
806.3749999999999 23.508320927768263 22.45180012957944
806.875 23.50974185872741 22.452064938488512
807.375 23.51119330005591 22.452337124059383
807.8749999999999 23.512641414590234 22.452603849678702
808.375 23.514075986890877 22.45288239781724
808.875 23.51552914068418 22.453152235053153
809.3749999999999 23.51696903928395 22.453427983099008
809.875 23.518415701734455 22.453706157426403
810.375 23.51987501714866 22.453989896523666
810.8749999999999 23.521325629329336 22.45427252402643
811.375 23.52278466512534 22.454555612839044
811.875 23.52424637202725 22.45483596896049
812.3749999999999 23.525708592966986 22.455124328116945
812.875 23.527168541599252 22.45541075968321
813.375 23.528633384559118 22.45570420629015
813.8749999999999 23.53011362535009 22.455988422023488
814.375 23.53158367823868 22.456280783822077
814.875 23.533053047805062 22.456576632079024
815.3749999999999 23.534522023159102 22.456869328208708
815.875 23.536000109493926 22.457165827605525
816.375 23.537483756786717 22.45746152645902
816.8749999999999 23.538958736262007 22.457761490731496
817.375 23.54042140273243 22.458070918689145
817.875 23.541920699304168 22.458365368839267
818.3749999999999 23.54339833781948 22.458674950886447
818.875 23.544881601904653 22.45897870028162
819.375 23.5463720189653 22.459282865413115
819.8749999999999 23.547849590461155 22.459592805541693
820.375 23.549354975186073 22.45990323461831
820.875 23.550849001565407 22.46020954674965
821.3749999999999 23.552339859429658 22.460520130251385
821.875 23.553820417027488 22.460837287088783
822.375 23.555331392369865 22.461154999136575
822.8749999999999 23.556820777863994 22.461474408588057
823.375 23.558318446151958 22.461796342225494
823.875 23.559824382980548 22.46211000532363
824.3749999999999 23.561319954620345 22.462432960965746
824.875 23.562813484610285 22.462757073328433
825.375 23.564317869306343 22.46308561234529
825.8749999999999 23.56581501629163 22.463402020195254
826.375 23.567333560858998 22.463730293946856
826.875 23.56882833622513 22.464062731310563
827.3749999999999 23.570335912752864 22.4643848685275
827.875 23.57184267714819 22.464721546097287
828.375 23.57335604730956 22.46505155719994
828.8749999999999 23.574860918874933 22.46538444787347
829.375 23.5763677765132 22.465719172620275
829.875 23.577877477822735 22.46605305487362
830.3749999999999 23.579390462476493 22.466391414121432
830.875 23.58091157908091 22.466725327924294
831.375 23.582416450668553 22.46707067528468
831.8749999999999 23.583923488394465 22.467412473625462
832.375 23.585435803498935 22.467756045939392
832.875 23.586951021205138 22.46809185607939
833.3749999999999 23.58847435775468 22.468444409377003
833.875 23.58997408011922 22.468785997516388
834.375 23.591494956851573 22.46913484196222
834.8749999999999 23.593003653336588 22.46948178673688
835.375 23.59452436582997 22.469835068015875
835.875 23.596033943215325 22.470189235087577
836.3749999999999 23.59754234305754 22.47053306528176
836.875 23.59905984544104 22.47089385764062
837.375 23.600582004595225 22.471249808225874
