FastTrWP/PhaseSpace/IAs/snIa_0.70_30.00_-0.14_-0.01.csv
# %ECSV 0.9
# ---
# datatype:
# - {name: time-rel, datatype: float64}
# - {name: g, datatype: float64}
# - {name: i, datatype: float64}
# schema: astropy-2.0
time-rel g i
[from data line 1029]
603.875 24.06398940032462 22.259337421499108
604.375 24.064623307225016 22.25894636453939
604.875 24.06524984261373 22.25855833323148
605.375 24.065872495345605 22.258179186139397
605.875 24.06649511418998 22.257789311679687
606.375 24.067147757255476 22.257420135655384
606.875 24.067771202480582 22.257039530735906
607.375 24.06841093043536 22.256664461403318
607.875 24.069059226528683 22.25629257573535
608.375 24.06971405764424 22.255926612544343
608.875 24.070357688094006 22.25556462378546
609.375 24.07101818706277 22.25519812386341
609.875 24.07167202736381 22.254834762380607
610.375 24.072335443207656 22.254479436008584
610.875 24.07299176491961 22.25411971389398
611.375 24.073656469646867 22.253773495448637
611.875 24.07432590925502 22.253417446918043
612.375 24.074985843825804 22.253067813900564
612.875 24.07566150458013 22.252727426923528
613.375 24.076339893411568 22.25238134772121
613.875 24.077019218358878 22.252040748924458
614.375 24.07769211499 22.251699217739294
614.875 24.078377815525908 22.251366604404122
615.375 24.079064774675302 22.251032993211815
615.875 24.079757006562676 22.25070011873338
616.375 24.08043852843433 22.25037513441876
616.875 24.08112879774739 22.25004533799053
617.375 24.081830591074432 22.249723718422203
617.875 24.082527998598863 22.24940027200145
618.375 24.083238946364173 22.249081595738545
618.875 24.083935116204085 22.248769680621606
619.375 24.08464016344379 22.248444123207904
619.875 24.085353230005467 22.24813677525858
620.375 24.08605748491771 22.247829846032417
620.875 24.08678485548431 22.247514783269587
621.375 24.087519188834655 22.247205432865577
621.875 24.088236488331493 22.246911363273924
622.375 24.088954809091803 22.246607238359623
622.875 24.089679695179985 22.246304335317618
623.375 24.09041337968209 22.246005257020542
623.875 24.09114354432653 22.245713307152947
624.375 24.091886944023017 22.245411982185455
624.875 24.092615417186263 22.2451264907305
625.375 24.093370213626493 22.244837691767913
625.875 24.094107279052352 22.244549953301764
626.375 24.0948594225613 22.24426774764694
626.875 24.095600629550948 22.243987522587197
627.375 24.096358239033332 22.24370423031531
627.875 24.097109107930784 22.243432256593753
628.375 24.097880887358116 22.243150244819788
628.875 24.09862122175359 22.242882455464496
629.375 24.09939853357899 22.242612767611266
629.875 24.10016374578323 22.24234418545656
630.375 24.100915228536806 22.242076598415203
630.875 24.101702828965436 22.24181609689248
631.375 24.102487606931817 22.241558457755865
631.875 24.103254622098337 22.241294910087802
632.375 24.104046629863518 22.24103890481373
632.875 24.104831880100647 22.240788840001528
633.375 24.105629386205123 22.24053238833106
633.875 24.106413669229344 22.24028487517983
634.375 24.1072127018167 22.240035588340554
634.875 24.107998021076583 22.239788628110535
635.375 24.108805197030946 22.239555568919606
635.875 24.10958980942986 22.23931101256141
636.375 24.1104070877719 22.239071400908358
636.875 24.111211275610145 22.238837459887538
637.375 24.112039387647776 22.23860427908923
637.875 24.11285255193127 22.23837296201886
638.375 24.113674330571907 22.238147744330256
638.875 24.11448063421286 22.23791447884554
639.375 24.115294735854725 22.237696494032072
639.875 24.116136968881253 22.237476677521
640.375 24.116962042258855 22.237261873575992
640.875 24.117792369942677 22.237035262496796
641.375 24.11864158905197 22.236826251160284
641.875 24.119480748367504 22.236615940198657
642.375 24.120320978334988 22.236407361697164
642.875 24.12115795738552 22.23619713864673
643.375 24.122008511007785 22.235995690196404
643.875 24.122846777178157 22.23579393288197
644.375 24.123721982351274 22.235592300593886
644.875 24.12456874790437 22.235393654837484
645.375 24.125424799847707 22.235200265516426
645.875 24.12628856034559 22.23501294445545
646.375 24.127162519437285 22.234822118074064
646.875 24.12802766192353 22.234634226613146
647.375 24.128900488023945 22.23444976555033
647.875 24.12978097474811 22.234273892909382
648.375 24.130657310590315 22.23408923576128
648.875 24.131550456969144 22.23391378198178
649.375 24.132426418239564 22.233733963238866
649.875 24.13332102904168 22.2335644434205
650.375 24.13420833375348 22.233386894032453
650.875 24.135112232297153 22.233228284420914
651.375 24.13600043899395 22.233061630815918
651.875 24.13690993026595 22.232905049408576
652.375 24.137814664277023 22.23274250708501
652.875 24.138725451317168 22.23258727526555
653.375 24.139634745527594 22.232424649506672
653.875 24.140556003454044 22.232278093149915
654.375 24.141460799618653 22.232125569994757
654.875 24.142384718948783 22.231977096031045
655.375 24.143317289033774 22.231835330083666
655.875 24.14423846761162 22.23170005467201
656.375 24.145178268563146 22.231555486529228
656.875 24.14610382810183 22.231417689718093
657.375 24.14703593204692 22.231279638155282
657.875 24.14799483746638 22.23115344475194
658.375 24.148935681704813 22.231017633983775
658.875 24.149870786137395 22.23089599967561
659.375 24.150830966261747 22.23077159560551
659.875 24.151797659297518 22.23065325278455
660.375 24.15275725765077 22.230532588448
660.875 24.15371423135622 22.230420374433923
661.375 24.154698805139404 22.230310125901905
661.875 24.155674563244283 22.230197449458167
662.375 24.156644718051442 22.230091769333498
662.875 24.157629904446814 22.22998718610734
663.375 24.158624453964777 22.229879970766536
663.875 24.1596203073058 22.22978717204991
664.375 24.160613100569886 22.22968600139598
664.875 24.161593031297453 22.229594261483392
665.375 24.162584971882225 22.22949927350564
665.875 24.163614103039972 22.229403366162742
666.375 24.164617012727724 22.229322085634248
666.875 24.165623889479704 22.229236729985796
667.375 24.166650720573877 22.229161422517635
667.875 24.167656546963467 22.229078250293945
668.375 24.16868281415347 22.22899862366711
668.875 24.16971270091363 22.228922833010635
669.375 24.170749724048243 22.228852246358855
669.875 24.17178482462716 22.228782253411584
670.375 24.17281361992024 22.228712525031114
670.875 24.173851168117103 22.228650152976215
671.375 24.174920697360346 22.228587790493005
671.875 24.17595340413112 22.228527350996295
672.375 24.177004199182374 22.228467539277077
672.875 24.178073838634973 22.22841155943886
673.375 24.179112694752053 22.22836159485197
673.875 24.180179828050296 22.228311791149462
674.375 24.181246407384055 22.228264704684552
674.875 24.182321573066673 22.2282203021944
675.375 24.18338685137651 22.228172362393316
675.875 24.184456942186088 22.228128714878686
676.375 24.18553576393943 22.22808741699898
676.875 24.18662123015091 22.228046975541265
677.375 24.187707466312006 22.228011894963107
677.875 24.188804636978467 22.227975147885644
678.375 24.18988487053412 22.227950305868134
678.875 24.19097718985896 22.227923016344665
679.375 24.192088268683953 22.22789580305045
679.875 24.19317471582866 22.22786575313205
680.375 24.19427900655123 22.22784308016742
680.875 24.195395013829426 22.227829467931308
681.375 24.196501618309835 22.22780411187425
681.875 24.197612650042526 22.227794081358823
682.375 24.198725392110447 22.22777882227106
682.875 24.199843426315013 22.227766270459814
683.375 24.200981232779434 22.227754448137752
683.875 24.20207931030232 22.227746342215816
684.375 24.20322669309165 22.227740535196
684.875 24.204338237548587 22.227733014219865
685.375 24.205483552231712 22.227725391022716
685.875 24.206637456191345 22.227732182314682
686.375 24.20777678944362 22.227732160305628
686.875 24.208897256013454 22.227740289135276
687.375 24.210061375846298 22.227747364871334
687.875 24.211194516428822 22.227745274844914
688.375 24.21235729415812 22.22775665954929
688.875 24.213499333559206 22.22776621965903
689.375 24.21465772082104 22.22778051922047
689.875 24.215812393475055 22.227793545202008
690.375 24.216969936597014 22.22781613283267
690.875 24.21813378746667 22.227828033852145
691.375 24.219308386291072 22.22785606732466
691.875 24.220480150601173 22.227874180334037
692.375 24.221657048293892 22.227896412933575
692.875 24.222814159277675 22.227925276870664
693.375 24.224007142737666 22.22794677704976
693.875 24.22516725132216 22.227979387824163
694.375 24.226353878484232 22.228012276247277
694.875 24.227537287880896 22.228044876049196
695.375 24.228729213840182 22.228076316793214
695.875 24.229908071456705 22.228114015162422
696.375 24.23111251842799 22.228156572446274
696.875 24.232295638299952 22.228198744816893
