FastTrWP/PhaseSpace/IAs/snIa_0.56_30.00_-0.58_0.24.csv
# %ECSV 0.9
# ---
# datatype:
# - {name: time-rel, datatype: float64}
# - {name: g, datatype: float64}
# - {name: i, datatype: float64}
# schema: astropy-2.0
time-rel g i
[from data line 1446]
923.2916666666665 25.20006782233289 22.321870095884407
923.7916666666666 25.202030473864067 22.322404914389576
924.2916666666666 25.203993594167216 22.32292804029893
924.7916666666665 25.205939515197528 22.323450972505054
925.2916666666666 25.2079132977609 22.32398019366269
925.7916666666666 25.20983399524105 22.324507458899685
926.2916666666665 25.211801422929465 22.325039055409427
926.7916666666666 25.21375676468714 22.32557099456765
927.2916666666666 25.215710951083636 22.326098469391383
927.7916666666665 25.2176628096175 22.32662969641284
928.2916666666666 25.21959968293579 22.327160394747438
928.7916666666666 25.221580415118098 22.32769762142672
929.2916666666665 25.22351237610828 22.32822973110286
929.7916666666666 25.22548910858289 22.328763157100127
930.2916666666666 25.22742960099556 22.329295826097418
930.7916666666665 25.22939771780509 22.329831655862137
931.2916666666666 25.23132537977146 22.330376501687393
931.7916666666666 25.23329097410267 22.330912796248768
932.2916666666665 25.235260391580802 22.331447682388443
932.7916666666666 25.237183507261083 22.3319854709244
933.2916666666666 25.239131230647885 22.332526557467748
933.7916666666665 25.241107184296855 22.333064232915
934.2916666666666 25.243048271078408 22.33360906137627
934.7916666666666 25.244998078402936 22.334152447523437
935.2916666666665 25.246961155312423 22.334697994256917
935.7916666666666 25.248903433206667 22.335238232044944
936.2916666666666 25.250878978324014 22.33578362469586
936.7916666666665 25.25282026721792 22.33633112085363
937.2916666666666 25.25475703844733 22.336875364598846
937.7916666666666 25.25671137098051 22.337421582238925
938.2916666666665 25.25865558857266 22.337971780219725
938.7916666666666 25.260610685904993 22.338518122430123
939.2916666666666 25.26257923251991 22.33906811921988
939.7916666666665 25.26453289654913 22.339615897512687
940.2916666666666 25.26648454207765 22.34016643174754
940.7916666666666 25.268448755805966 22.34072071739495
941.2916666666665 25.2703790218023 22.341270329074284
941.7916666666666 25.27232903403216 22.341821747322292
942.2916666666666 25.27430642924297 22.342377528832678
942.7916666666665 25.276271484292522 22.342930231680814
943.2916666666666 25.278204770834574 22.343491802466737
943.7916666666666 25.280183429932293 22.344050410223435
944.2916666666665 25.282141206903606 22.344601371951587
944.7916666666666 25.284068711088892 22.34515918133345
945.2916666666666 25.286013399407928 22.345715802084705
945.7916666666665 25.287986046814872 22.34627611787085
946.2916666666666 25.28993824592967 22.34683932261568
946.7916666666666 25.2918772537747 22.347396030389515
947.2916666666665 25.293851728972285 22.347961981050588
947.7916666666666 25.29578564845807 22.348518605922692
948.2916666666666 25.29775876538574 22.349090062019282
948.7916666666665 25.299727470909644 22.349650927986442
949.2916666666666 25.301690729153286 22.350221696614373
949.7916666666666 25.30362588209 22.350778998414185
950.2916666666665 25.305566155128467 22.35134300579424
950.7916666666666 25.307557664698116 22.351912190574076
951.2916666666666 25.30949382015383 22.352485614894633
951.7916666666665 25.31145610724176 22.353054381957076
952.2916666666666 25.313417570605825 22.353620135121297
952.7916666666666 25.31539148953805 22.354190778612704
953.2916666666665 25.31734763569245 22.35476925395147
953.7916666666666 25.31930130544015 22.355334470804937
954.2916666666666 25.321266397597533 22.355915030296735
954.7916666666665 25.323235349599557 22.356481888438296
955.2916666666666 25.325205862567234 22.357058285661363
955.7916666666666 25.327162483143304 22.357633848319676
956.2916666666665 25.32910941556043 22.358204739433706
956.7916666666666 25.331087216873946 22.35878466955436
957.2916666666666 25.33305406730317 22.35936415942013
957.7916666666665 25.335022828865444 22.359934553029213
958.2916666666666 25.33698691622305 22.36051860885859
958.7916666666666 25.338926569118428 22.361092572503757
959.2916666666665 25.34090812039271 22.361678098004187
959.7916666666666 25.342895852601757 22.362257107413402
960.2916666666666 25.344826652692877 22.362839504780226
960.7916666666665 25.34680958377402 22.363425506925037
961.2916666666666 25.348757785576716 22.364012358380215
961.7916666666666 25.350704827053345 22.36459489339529
962.2916666666665 25.35270511707416 22.365176987389283
962.7916666666666 25.354643389325545 22.365766528671923
963.2916666666666 25.356599496202445 22.366358802815324
963.7916666666665 25.35858425692025 22.36694459839926
964.2916666666666 25.36055170975404 22.367536387749297
964.7916666666666 25.36248023356187 22.368130572835806
965.2916666666665 25.364446329875477 22.36871515097784
965.7916666666666 25.36639876335827 22.369308238712165
966.2916666666666 25.368368061377808 22.369907375897377
966.7916666666665 25.37032517535698 22.370498109069462
967.2916666666666 25.37228430826953 22.37109039519572
967.7916666666666 25.37424045607219 22.37168683821716
968.2916666666665 25.376216193316758 22.3722832387054
968.7916666666666 25.37815676244872 22.372887169027152
969.2916666666666 25.380104233796757 22.37348154970369
969.7916666666665 25.38206238968382 22.37408374071906
970.2916666666666 25.38404413988191 22.374680362329585
970.7916666666666 25.386002829390403 22.375285904967562
971.2916666666665 25.38797160540511 22.37589011007308
971.7916666666666 25.38991112209542 22.37649193148084
972.2916666666666 25.39186973474758 22.377090373382753
972.7916666666665 25.393788457082664 22.377696951045884
973.2916666666666 25.395784243313308 22.378303125963036
973.7916666666666 25.397736269277253 22.37890996407538
974.2916666666665 25.399688625319033 22.379513018595745
974.7916666666666 25.401641142941948 22.38012710145498
975.2916666666666 25.40361173300419 22.380729468678506
975.7916666666665 25.405588361603108 22.381338735408697
976.2916666666666 25.407535149633812 22.38194762162501
976.7916666666666 25.40950872569704 22.3825612152851
977.2916666666665 25.411456685899235 22.383173898859337
977.7916666666666 25.41341085112819 22.383788584881597
978.2916666666666 25.415374503451787 22.384402853234864
978.7916666666665 25.417314444966074 22.38501710618184
979.2916666666666 25.41930004558809 22.38562658870017
979.7916666666666 25.421246355149503 22.386247901275894
980.2916666666665 25.42322573886811 22.3868571509651
980.7916666666666 25.42516799835881 22.387472761731765
981.2916666666666 25.427147063864556 22.388092094263694
981.7916666666665 25.429108889945336 22.388709008365364
982.2916666666666 25.431065646783058 22.38933156295502
982.7916666666666 25.433041013352504 22.389955493036805
983.2916666666665 25.434988314058845 22.390574257297622
983.7916666666666 25.436961231533278 22.391196542664872
984.2916666666666 25.43892495762276 22.391817192627848
984.7916666666665 25.440876091727304 22.392443682176403
985.2916666666666 25.44285242278424 22.39305582377671
985.7916666666666 25.4448217739176 22.39368777606511
986.2916666666665 25.44678988670388 22.394310443339634
986.7916666666666 25.44876625919137 22.394938502297023
987.2916666666666 25.45073234978068 22.39555776012699
987.7916666666665 25.45267663473235 22.39619091639256
988.2916666666666 25.454671807883354 22.396818403267545
988.7916666666666 25.456625854893765 22.397443644084596
989.2916666666665 25.458622036738387 22.39807427081677
989.7916666666666 25.46062251825162 22.398697711374695
990.2916666666666 25.462561518565305 22.399328838570373
990.7916666666665 25.464560252583055 22.39996012411982
991.2916666666666 25.46651509321732 22.40059266271176
991.7916666666666 25.468510403493816 22.401222544370466
992.2916666666665 25.47047612691888 22.40185790473126
992.7916666666666 25.47244986325344 22.40248612242151
993.2916666666666 25.474424260369233 22.40312221038539
993.7916666666665 25.47643855069261 22.403755486150395
994.2916666666666 25.47841576083777 22.404382980739584
994.7916666666666 25.480411235982345 22.405031292912195
995.2916666666665 25.48239031467475 22.405663169337352
995.7916666666666 25.484357759873735 22.406297271891123
996.2916666666666 25.48634796455704 22.406936011188883
996.7916666666665 25.48833590718281 22.407569264942268
997.2916666666666 25.49035185204381 22.408208854034406
997.7916666666666 25.492334602985945 22.40884477297832
998.2916666666665 25.49432528783428 22.409483788520106
998.7916666666666 25.496306782585414 22.41013205975151
999.2916666666666 25.498294154417685 22.410771611133036
999.7916666666665 25.500279063323553 22.411408458876565
1000.2916666666666 25.502258426736788 22.412055706961457
1000.7916666666666 25.50425793713886 22.412703190157526
1001.2916666666666 25.506238636668925 22.413344974267332
1001.7916666666666 25.50821381764505 22.413993104686107
1002.2916666666666 25.51022121023976 22.414633289020255
1002.7916666666666 25.51219603157901 22.41528701498912
1003.2916666666666 25.514193437614935 22.415937401617526
1003.7916666666666 25.516212249752726 22.4165789929287
1004.2916666666666 25.51819521700347 22.417230441899243
1004.7916666666666 25.520168952468033 22.417883311325582
1005.2916666666666 25.522156998983423 22.418530509743672
1005.7916666666666 25.52413409119872 22.419181480393284
1006.2916666666666 25.526166554350404 22.41983984962523
1006.7916666666666 25.528134941069737 22.42048894311093
1007.2916666666666 25.53013059656542 22.421146541075334
1007.7916666666666 25.53210329517217 22.4217944781213
1008.2916666666666 25.534087728123485 22.42244962453863
1008.7916666666666 25.536102724291823 22.42310696080624
1009.2916666666666 25.53809841733075 22.4237667874319
1009.7916666666666 25.54009371893659 22.424420133089875
1010.2916666666666 25.542077144582702 22.425082028835046
1010.7916666666666 25.544074377380504 22.42574353631369
1011.2916666666666 25.54606625755541 22.426402297157352
1011.7916666666666 25.548072688169196 22.42706519814353
1012.2916666666666 25.550047629940313 22.42771954144181
1012.7916666666666 25.552055139410648 22.42838320477933
1013.2916666666666 25.554058226748502 22.42904165735304
1013.7916666666666 25.556071666789563 22.42971135099985
1014.2916666666666 25.5580609277197 22.43037116184599
1014.7916666666666 25.560059572835133 22.43103144854796
1015.2916666666666 25.562037226634686 22.431703293906445
1015.7916666666666 25.564034789537207 22.432374282620735
1016.2916666666666 25.566038891065812 22.433041487554707
1016.7916666666666 25.56809041562699 22.433711559780395
1017.2916666666666 25.570064790549498 22.43437974242579
1017.7916666666666 25.572075102894097 22.435047952598218
1018.2916666666666 25.574077743881162 22.43571839536514
1018.7916666666666 25.5760725080074 22.436385673979583
1019.2916666666666 25.57807255266189 22.43705869510473
1019.7916666666666 25.58008135347603 22.437736956016817
1020.2916666666666 25.582110854168008 22.438396851307864
1020.7916666666666 25.58409964142214 22.439081826528433
1021.2916666666666 25.58610524254435 22.439762070601436
1021.7916666666666 25.588128955968415 22.440431201957225
1022.2916666666666 25.590122577695933 22.441102851696037
1022.7916666666666 25.592139747044968 22.441785686801484
1023.2916666666666 25.59417104106958 22.442454407456243
1023.7916666666666 25.59616449449354 22.44314052038318
1024.2916666666667 25.59819138216477 22.443816166636374
1024.7916666666667 25.600205797587957 22.444499405250298
1025.2916666666667 25.602226024229125 22.445176209394646
1025.7916666666667 25.604256933440993 22.445855427501556
1026.2916666666667 25.606281506049037 22.446525566289573
1026.7916666666667 25.60831136064366 22.44722448300745
1027.2916666666667 25.610320232893468 22.447898491377693
1027.7916666666667 25.61236252440796 22.448581945726332
1028.2916666666667 25.61437523343566 22.449267906183145
1028.7916666666667 25.61640213527788 22.44995326897632
1029.2916666666667 25.618427877867695 22.45063893026775
1029.7916666666667 25.6204548572925 22.451324212387952
1030.2916666666667 25.622492572581017 22.452011478348762
1030.7916666666667 25.62450475506143 22.452695432281157
1031.2916666666667 25.62657130619279 22.453389247164047
1031.7916666666667 25.628603740792805 22.45407835879151
1032.2916666666667 25.630604116832444 22.454766630039252
1032.7916666666667 25.632678678309343 22.455454185739946
1033.2916666666667 25.634720777615215 22.456149492764546
1033.7916666666667 25.636746558837785 22.456837230912132
1034.2916666666667 25.638759025690852 22.457531725394237
1034.7916666666667 25.640855293546995 22.458228864316773
1035.2916666666667 25.642863525144506 22.458915660889488
1035.7916666666667 25.644930593150477 22.459611316997986
1036.2916666666667 25.64696422278654 22.46030432800073
1036.7916666666667 25.649003294591516 22.461002427227342
1037.2916666666667 25.65104829048853 22.461699187617757
1037.7916666666667 25.653102276179265 22.462398748661325
1038.2916666666667 25.655142430555564 22.46310151567355
1038.7916666666667 25.657213893135236 22.46379079442564
1039.2916666666667 25.65924606697081 22.464499691124523
1039.7916666666667 25.661297148993796 22.465197016290954
1040.2916666666667 25.66333188472929 22.465895445452272
1040.7916666666667 25.665378130356743 22.466597323429394
1041.2916666666667 25.667460893117237 22.46730260165661
1041.7916666666667 25.669465056211006 22.467998829539248
1042.2916666666667 25.671559075245685 22.46870337335649
1042.7916666666667 25.67363565074714 22.46940671363695
1043.2916666666667 25.675630567317693 22.47011244901082
1043.7916666666667 25.67773095539559 22.470821322665067
1044.2916666666667 25.67978336296056 22.471524532757257
1044.7916666666667 25.681838215083822 22.47223054483859
1045.2916666666667 25.68390018545194 22.472937730710992
1045.7916666666667 25.685926642055357 22.47364924404895
1046.2916666666667 25.688000212800837 22.474356307733792
1046.7916666666667 25.690054189333917 22.475063715521493
1047.2916666666667 25.692122785006376 22.47577923743995
1047.7916666666667 25.694202087654695 22.476490270058317
1048.2916666666667 25.69627382070067 22.477199704162167
1048.7916666666667 25.698306001420033 22.4779200945953
1049.2916666666667 25.70040366068985 22.478630896779887
1049.7916666666667 25.702453510008347 22.479344007216284
1050.2916666666667 25.70451853168294 22.480064779014022
1050.7916666666667 25.70657496502164 22.480778087652176
1051.2916666666667 25.708660678769423 22.481491619927137
1051.7916666666667 25.71073657869439 22.482209220106306
1052.2916666666667 25.712809968335016 22.482935043994242
1052.7916666666667 25.714870545458837 22.483655855766056
1053.2916666666667 25.71691963226443 22.48437748022325
1053.7916666666667 25.71898998188535 22.485101470925635
1054.2916666666667 25.721103311152305 22.48581786285917
1054.7916666666667 25.72317804755398 22.486541411671247
1055.2916666666667 25.725247126874553 22.48726448537798
1055.7916666666667 25.727304633363804 22.487987896032546
1056.2916666666667 25.7294252783944 22.488714185549878
1056.7916666666667 25.731482919077354 22.489443322748333
1057.2916666666667 25.73358657736818 22.490167745929508
1057.7916666666667 25.735669539365684 22.49089751582867
1058.2916666666667 25.737735460025068 22.491621118343804
1058.7916666666667 25.73982624633281 22.492354283298887
1059.2916666666667 25.741914352442073 22.493089380992387
1059.7916666666667 25.744014440526147 22.493825443824676
1060.2916666666667 25.746094356791232 22.494552468096334
1060.7916666666667 25.748183566227908 22.495286110153817
1061.2916666666667 25.75025441376662 22.496022363203107
1061.7916666666667 25.75235173578855 22.496759334746038
1062.2916666666667 25.75446995015261 22.497494547232456
1062.7916666666667 25.756559115657957 22.49823550203281
1063.2916666666667 25.758653251569463 22.49896686552763
1063.7916666666667 25.76073866019554 22.4997122583312
1064.2916666666667 25.762827055134387 22.500446285579958
1064.7916666666667 25.76493505268353 22.501189961218056
1065.2916666666667 25.76705988729842 22.501933567968095
1065.7916666666667 25.769157887185244 22.50266840921428
1066.2916666666667 25.771256681508888 22.5034159628716
