FastTrWP/PhaseSpace/IAs/snIa_0.4_20_1_0.1.csv
# %ECSV 0.9
# ---
# datatype:
# - {name: time-rel, datatype: float64}
# - {name: g, datatype: float64}
# - {name: i, datatype: float64}
# schema: astropy-2.0
time-rel g i
[from data line 2226]
1097.7916666666667 -24.82277287657642 -26.95150271344194
1098.2916666666667 -24.82086747153387 -26.950886288036177
1098.7916666666667 -24.81898649646822 -26.950277193469127
1099.2916666666667 -24.81709341648864 -26.94966085027803
1099.7916666666667 -24.815168644680075 -26.9490454586947
1100.2916666666667 -24.813309670468776 -26.94843516134686
1100.7916666666667 -24.81136117332952 -26.94782511219411
1101.2916666666667 -24.80947099166496 -26.947216770052187
1101.7916666666667 -24.807572136006478 -26.946606756666608
1102.2916666666667 -24.805670448176073 -26.945989707451066
1102.7916666666667 -24.803749276813946 -26.94538863336171
1103.2916666666667 -24.801860545237744 -26.944768141795635
1103.7916666666667 -24.79997500969784 -26.944163734215497
1104.2916666666667 -24.798058259141868 -26.943554315409017
1104.7916666666667 -24.796170525732467 -26.942952565678343
1105.2916666666667 -24.794285402277012 -26.94233673689385
1105.7916666666667 -24.792385079897016 -26.941719164605328
1106.2916666666667 -24.790476256734358 -26.941117680448006
1106.7916666666667 -24.78857097295165 -26.940498119435404
1107.2916666666667 -24.78668702511671 -26.939887625652233
1107.7916666666667 -24.784764963790437 -26.939283151737197
1108.2916666666667 -24.782871740063477 -26.93867554883387
1108.7916666666667 -24.78100867236648 -26.938069257336934
1109.2916666666667 -24.77906501414102 -26.9374573460686
1109.7916666666667 -24.77716362095075 -26.936853202111767
1110.2916666666667 -24.775288660208822 -26.936240858923306
1110.7916666666667 -24.7733929830289 -26.935628848593453
1111.2916666666667 -24.77150078660593 -26.935026439242673
1111.7916666666667 -24.769590525815815 -26.934412808126474
1112.2916666666667 -24.767686024432454 -26.93380121640297
1112.7916666666667 -24.76576652586108 -26.93319667426487
1113.2916666666667 -24.763869536172294 -26.932590445052117
1113.7916666666667 -24.76199746279567 -26.93197439796507
1114.2916666666667 -24.76009601207242 -26.93136999526474
1114.7916666666667 -24.758186418714395 -26.930759530785778
1115.2916666666667 -24.756277636568637 -26.93015208675401
1115.7916666666667 -24.754395928937782 -26.929546588279823
1116.2916666666667 -24.75247772673299 -26.928935560376207
1116.7916666666667 -24.750590655441272 -26.92832724335493
1117.2916666666667 -24.74869699173308 -26.927726719336444
1117.7916666666667 -24.746804947902138 -26.92711200556948
1118.2916666666667 -24.744904220811566 -26.92651010618992
1118.7916666666667 -24.742995032650153 -26.92590471479759
1119.2916666666667 -24.741106788812917 -26.925291509368993
1119.7916666666667 -24.739223413845096 -26.924678602779842
1120.2916666666667 -24.737324481731275 -26.924076422431536
1120.7916666666667 -24.73542040615243 -26.923469430046346
1121.2916666666667 -24.733544894022003 -26.92287753597374
1121.7916666666667 -24.731627718305692 -26.922263470483397
1122.2916666666667 -24.72973812844878 -26.921664486888822
1122.7916666666667 -24.727855280344873 -26.921059592829145
1123.2916666666667 -24.72593973128732 -26.920442061469842
1123.7916666666667 -24.72407283180218 -26.9198502235805
1124.2916666666667 -24.722179982583942 -26.919236963604668
1124.7916666666667 -24.720305891194396 -26.918636055269673
1125.2916666666667 -24.718393107920203 -26.91803430128031
1125.7916666666667 -24.71651363575889 -26.917433605605275
1126.2916666666667 -24.71462638826773 -26.916832152262376
1126.7916666666667 -24.712750629884056 -26.916227897457222
1127.2916666666667 -24.710839266892812 -26.91562613939382
1127.7916666666667 -24.70898393009978 -26.91502697528604
1128.2916666666667 -24.70706210135502 -26.914420905358526
1128.7916666666667 -24.70519971797327 -26.913815296386492
1129.2916666666667 -24.70333917790598 -26.913219196494094
1129.7916666666667 -24.70143804281266 -26.91261943235679
1130.2916666666667 -24.69957096881523 -26.912009903014614
1130.7916666666667 -24.697651974239875 -26.911415061743487
1131.2916666666667 -24.695783566001722 -26.910817100277995
1131.7916666666667 -24.693900558661284 -26.9102189466389
1132.2916666666667 -24.692054035812244 -26.909609578756015
1132.7916666666667 -24.690136043495265 -26.90901741722843
1133.2916666666667 -24.688266449176798 -26.90841602693778
1133.7916666666667 -24.68638975447376 -26.907820939706546
1134.2916666666667 -24.68456349660148 -26.907219938978795
1134.7916666666667 -24.68265743747439 -26.90662794915397
1135.2916666666667 -24.680786190664207 -26.90602865834556
1135.7916666666667 -24.678930095397135 -26.905430552557448
1136.2916666666667 -24.67707323719995 -26.904830234866928
1136.7916666666667 -24.67518527331312 -26.9042400703665
1137.2916666666667 -24.673338584379803 -26.90363966328309
1137.7916666666667 -24.67148639379142 -26.903053242709486
1138.2916666666667 -24.66961611824569 -26.902461018503224
1138.7916666666667 -24.66777127501357 -26.9018590615501
1139.2916666666667 -24.665931581055347 -26.901264510581285
1139.7916666666667 -24.66405687523465 -26.90067398282683
1140.2916666666667 -24.662204458097495 -26.90008345323949
1140.7916666666667 -24.660334608729393 -26.89948595981569
1141.2916666666667 -24.658469052955624 -26.898902644296847
1141.7916666666667 -24.656658263758864 -26.898311980891595
1142.2916666666667 -24.654811594622483 -26.897721782239266
1142.7916666666667 -24.652948281466543 -26.89712731517801
1143.2916666666667 -24.651104566197468 -26.89653735036831
1143.7916666666667 -24.649255687791758 -26.895944880451523
1144.2916666666667 -24.647414662897482 -26.895360927251573
1144.7916666666667 -24.645588681248952 -26.894762969450937
1145.2916666666667 -24.643763709104164 -26.89417421303959
1145.7916666666667 -24.641914314368943 -26.89359192210331
1146.2916666666667 -24.64007363815484 -26.89299585166903
1146.7916666666667 -24.638238627189008 -26.892410304348804
1147.2916666666667 -24.636421070140877 -26.89182782070711
1147.7916666666667 -24.634578738214632 -26.891240742736088
1148.2916666666667 -24.632757024305846 -26.89065383846962
1148.7916666666667 -24.630906857529347 -26.89007011091682
1149.2916666666667 -24.62908919960027 -26.889487954911985
1149.7916666666667 -24.627257209948375 -26.888894814436398
1150.2916666666667 -24.625458688174575 -26.888310946269147
1150.7916666666667 -24.623618509835666 -26.88771802002599
1151.2916666666667 -24.621788809684737 -26.88714392530107
1151.7916666666667 -24.61995230424812 -26.886555177422387
1152.2916666666667 -24.61811232966045 -26.88596757751105
1152.7916666666667 -24.61632073700107 -26.88537641959215
1153.2916666666667 -24.61451397014955 -26.884797699518312
1153.7916666666667 -24.612707209019888 -26.884220620822386
1154.2916666666667 -24.61088916643517 -26.883626578629926
1154.7916666666667 -24.609018843633383 -26.883044375735796
1155.2916666666667 -24.60722984573328 -26.882458616353624
1155.7916666666667 -24.605425046785005 -26.881882134900373
1156.2916666666667 -24.60359787174127 -26.881300242429482
1156.7916666666667 -24.601788930308686 -26.8807113886474
1157.2916666666667 -24.599983775105436 -26.880138672547233
1157.7916666666667 -24.598172702271206 -26.879552836804173
1158.2916666666667 -24.596343814178315 -26.878971884935883
1158.7916666666667 -24.594546647438765 -26.878389939206055
1159.2916666666667 -24.592764753743023 -26.87780707941291
1159.7916666666667 -24.590939067640633 -26.87723094156621
1160.2916666666667 -24.589147474619594 -26.876653692639824
1160.7916666666667 -24.58732836283628 -26.87605781759167
1161.2916666666667 -24.585526763761663 -26.8754919320893
1161.7916666666667 -24.58372671098298 -26.87490201591101
1162.2916666666667 -24.581914840708553 -26.874315079231195
1162.7916666666667 -24.580123821121497 -26.87372988874867
1163.2916666666667 -24.57831163218814 -26.873165820025925
1163.7916666666667 -24.57652564843214 -26.87257996299301
1164.2916666666667 -24.574714005423136 -26.8719931820561
1164.7916666666667 -24.572921773581825 -26.871420951046794
1165.2916666666667 -24.571104871451055 -26.8708359750011
1165.7916666666667 -24.56928520764609 -26.87026873933824
1166.2916666666667 -24.567503508055843 -26.869677112497044
1166.7916666666667 -24.56569773978259 -26.869102922376197
1167.2916666666667 -24.56391894957893 -26.868515824152013
1167.7916666666667 -24.56210417947844 -26.86794093708308
1168.2916666666667 -24.560306215801194 -26.86736265893591
1168.7916666666667 -24.558502975814246 -26.866789111673373
1169.2916666666667 -24.5567306878614 -26.866202681925614
1169.7916666666667 -24.554915114585185 -26.865619516125882
1170.2916666666667 -24.553145655678005 -26.86504737580645
1170.7916666666667 -24.551350777900794 -26.864455333673526
1171.2916666666667 -24.549532871570324 -26.86387888943927
1171.7916666666667 -24.54774979209661 -26.863310002343084
1172.2916666666667 -24.54593673063612 -26.86273149286007
1172.7916666666667 -24.544151438763212 -26.862141937562715
1173.2916666666667 -24.54237495548235 -26.86157163511873
1173.7916666666667 -24.54057072914746 -26.86099737334157
1174.2916666666667 -24.53879413641967 -26.86041779695153
1174.7916666666667 -24.537012498792624 -26.859840259683207
1175.2916666666667 -24.535218507782805 -26.85925245729266
1175.7916666666667 -24.533434257728942 -26.858677134606225
1176.2916666666667 -24.531676547901053 -26.858103285726955
1176.7916666666667 -24.529885433139288 -26.857529319990977
1177.2916666666667 -24.52809197807007 -26.85695017832451
1177.7916666666667 -24.526303709539082 -26.85637399179037
1178.2916666666667 -24.52454755657001 -26.855800364646957
1178.7916666666667 -24.5227816432312 -26.85522834001242
1179.2916666666667 -24.521006535681742 -26.854649193137487
1179.7916666666667 -24.519233008925767 -26.854075580887198
1180.2916666666667 -24.517459590046172 -26.85349981829161
1180.7916666666667 -24.515676465429152 -26.852929351519002
1181.2916666666667 -24.513929480594463 -26.852346655851072
1181.7916666666667 -24.51216005263934 -26.851777132015542
1182.2916666666667 -24.51038448752341 -26.851193215253616
1182.7916666666667 -24.508632666940443 -26.850628762010984
1183.2916666666667 -24.50687128732944 -26.85006063680181
1183.7916666666667 -24.505104556037068 -26.849484647314213
1184.2916666666667 -24.5033092880275 -26.848895942032204
1184.7916666666667 -24.501603754013914 -26.848324447563378
1185.2916666666667 -24.499838529717195 -26.84775598865677
1185.7916666666667 -24.498061405044318 -26.847188030018252
1186.2916666666667 -24.49631866235988 -26.84661247040495
1186.7916666666667 -24.49457877478398 -26.846033341439778
1187.2916666666667 -24.49278693909215 -26.845463376279017
1187.7916666666667 -24.491026137465898 -26.844889882630035
1188.2916666666667 -24.48926033810517 -26.84431487828544
1188.7916666666667 -24.487548214613074 -26.843749138071786
1189.2916666666667 -24.485815887230196 -26.84316874422146
1189.7916666666667 -24.48402263460178 -26.84261328622111
1190.2916666666667 -24.48227379183421 -26.842030257912256
1190.7916666666667 -24.4805409378547 -26.84146322847431
1191.2916666666667 -24.478809530632887 -26.840888757596932
1191.7916666666667 -24.477037075522002 -26.840316183176345
1192.2916666666667 -24.475286402570987 -26.839752776911464
1192.7916666666667 -24.473569598641703 -26.839175391979207
1193.2916666666667 -24.471816395405025 -26.83860647695355
1193.7916666666667 -24.470071032052214 -26.83803314016175
1194.2916666666667 -24.46833690177444 -26.837454195319964
1194.7916666666667 -24.466578631449302 -26.836890915205167
1195.2916666666667 -24.464845796606657 -26.836319182710852
1195.7916666666667 -24.463101192140975 -26.835748513714954
1196.2916666666667 -24.461382972223582 -26.835175060212507
1196.7916666666667 -24.459655674478057 -26.834611090244728
1197.2916666666667 -24.45790618022479 -26.834047724192388
1197.7916666666667 -24.45614605620368 -26.833472050427932
1198.2916666666667 -24.454427976709145 -26.832910995321765
1198.7916666666667 -24.452713753449004 -26.832331563958274
1199.2916666666667 -24.450983490684198 -26.831762359331005
1199.7916666666667 -24.44922141836995 -26.831190320395
1200.2916666666667 -24.44748864111142 -26.830625279822122
1200.7916666666667 -24.445768992280907 -26.830049553082272
1201.2916666666667 -24.444013868374732 -26.829486191374713
1201.7916666666667 -24.442299392313434 -26.82891330111104
1202.2916666666667 -24.44056387046107 -26.828348520360464
1202.7916666666667 -24.438836600217442 -26.827777395785017
1203.2916666666667 -24.437114812530673 -26.82720071532597
1203.7916666666667 -24.435365226643576 -26.826637838185906
1204.2916666666667 -24.43365744208599 -26.826073852031257
1204.7916666666667 -24.43192896587059 -26.825499372318195
1205.2916666666667 -24.430184482022455 -26.824921753893083
1205.7916666666667 -24.428452537660927 -26.824369693959014
1206.2916666666667 -24.42676089457305 -26.823796818383578
1206.7916666666667 -24.425011731781577 -26.823232044285646
1207.2916666666667 -24.42331842224316 -26.82265239509933
1207.7916666666667 -24.421579294634462 -26.8220982403854
1208.2916666666667 -24.419834372973448 -26.82152727276449
1208.7916666666667 -24.418132876897268 -26.820958041792252
1209.2916666666667 -24.416419953133783 -26.820383191070793
1209.7916666666667 -24.41472017751501 -26.819817883177407
1210.2916666666667 -24.413024102421737 -26.819259828462748
1210.7916666666667 -24.41129507195607 -26.81868414275316
1211.2916666666667 -24.409542597665187 -26.81811604579412
1211.7916666666667 -24.407846942764643 -26.81753473656901
1212.2916666666667 -24.406145774024864 -26.81697572765706
1212.7916666666667 -24.404466731828286 -26.816411525161502
1213.2916666666667 -24.402712127453093 -26.815844401529752
1213.7916666666667 -24.401036095064967 -26.815279744074903
1214.2916666666667 -24.399312375550437 -26.814708575772016
1214.7916666666667 -24.39760535016768 -26.814145581447146
1215.2916666666667 -24.39593004336266 -26.813588171698868
1215.7916666666667 -24.39422143319376 -26.81301610431214
1216.2916666666667 -24.392513688974038 -26.812440178487304
1216.7916666666667 -24.39081833295041 -26.811883589835777
1217.2916666666667 -24.389115572889295 -26.811326371506745
1217.7916666666667 -24.38745113925901 -26.810745192038535
1218.2916666666667 -24.385738717545415 -26.810183453199862
1218.7916666666667 -24.384027914082562 -26.809620469342782
1219.2916666666667 -24.382327316056404 -26.809056664419032
1219.7916666666667 -24.380654585971428 -26.80849280679981
1220.2916666666667 -24.378966040475266 -26.807917449110864
1220.7916666666667 -24.377275547911367 -26.80735900810779
1221.2916666666667 -24.37557464162113 -26.806793880606214
1221.7916666666667 -24.373912810632838 -26.806231067869234
1222.2916666666667 -24.372246032723666 -26.80566854541273
1222.7916666666667 -24.370524608188195 -26.80511223983578
1223.2916666666667 -24.368848201250355 -26.80454551434048
1223.7916666666667 -24.367187169070593 -26.803976682866928
1224.2916666666667 -24.36550100982617 -26.803421959081824
1224.7916666666667 -24.36381949178859 -26.802844433921113
1225.2916666666667 -24.36216669819098 -26.80228784177642
1225.7916666666667 -24.360468695690432 -26.801722996755654
1226.2916666666667 -24.358785881250697 -26.80116550384337
1226.7916666666667 -24.35713980334205 -26.800604717614913
1227.2916666666667 -24.355433512127608 -26.80004314831583
1227.7916666666667 -24.353777070339326 -26.799477966719934
1228.2916666666667 -24.352120452013402 -26.79892438601771
1228.7916666666667 -24.350460174901542 -26.798364284636698
1229.2916666666667 -24.348782769677445 -26.79779679053556
1229.7916666666667 -24.347133781099117 -26.797244893212955
1230.2916666666667 -24.345455840167133 -26.796673250573253
1230.7916666666667 -24.343811285970055 -26.79610728149259
1231.2916666666667 -24.342137485477906 -26.795545292548862
1231.7916666666667 -24.340472990350857 -26.794991638354514
1232.2916666666667 -24.33884168982432 -26.794433469963455
1232.7916666666667 -24.33716472719582 -26.793880652773574
1233.2916666666667 -24.335524547275554 -26.79331118879019
1233.7916666666667 -24.33384776401493 -26.79275301171298
1234.2916666666667 -24.33220456848508 -26.792201945812426
