FastTrWP/PhaseSpace/IAs/snIa_0.45_30.00_0.05_0.09.csv
# %ECSV 0.9
# ---
# datatype:
# - {name: time-rel, datatype: float64}
# - {name: g, datatype: float64}
# - {name: i, datatype: float64}
# schema: astropy-2.0
time-rel g i
[from data line 1769]
468.5 24.63787531720707 22.66932653304221
469.0 24.639774387313537 22.670235377005312
469.5 24.641684200149005 22.67115551464927
470.0 24.643592496016215 22.672073079333778
470.5 24.645487958840413 22.672984830179793
471.0 24.647411427439025 22.673906613866137
471.5 24.649321332052182 22.674824371864602
472.0 24.651228111668836 22.675743269263986
472.5 24.6531532232666 22.676660744104446
473.0 24.655087809934614 22.67758276206077
473.5 24.65698325968397 22.67851652594836
474.0 24.658931036143024 22.679431921558027
474.5 24.660830634116977 22.68035628585097
475.0 24.662743219533784 22.681279853405986
475.5 24.664678425133108 22.68220368190277
476.0 24.666608254676532 22.683135498576892
476.5 24.668533991334026 22.684058858051177
477.0 24.670477609049122 22.684987061335853
477.5 24.67240124130889 22.685911631504375
478.0 24.674334388506303 22.686840676976257
478.5 24.676244206349658 22.687779871330488
479.0 24.678198892175157 22.688705980440695
479.5 24.680119357499294 22.689635882315194
480.0 24.68206420080582 22.69056970972668
480.5 24.684005034171626 22.691503725527184
481.0 24.685935045519823 22.692436124982613
481.5 24.687889175942395 22.693369357961085
482.0 24.689823514481432 22.694298996665758
482.5 24.69176578935883 22.695239852908657
483.0 24.69373165642135 22.696174291543123
483.5 24.69565461103428 22.69710902100774
484.0 24.69759311439323 22.69806052382719
484.5 24.69956056347121 22.69899063440387
485.0 24.701512410275008 22.699934144540318
485.5 24.70345212175434 22.700874109658976
486.0 24.70542847211181 22.701816558395702
486.5 24.707375768681512 22.702754894405782
487.0 24.70933034058184 22.703690886287685
487.5 24.711269943320666 22.704636166757197
488.0 24.71325218326884 22.705584262857666
488.5 24.715187910486428 22.706527403824794
489.0 24.717169781117086 22.70747079273142
489.5 24.719116685006664 22.708413090632334
490.0 24.721087356992022 22.709362399740527
490.5 24.723051222846543 22.710312989790758
491.0 24.724998987590684 22.711267832801568
491.5 24.72698904168109 22.7122074348714
492.0 24.728950702961757 22.713155120121343
492.5 24.730938730157852 22.71411278696212
493.0 24.7329009757739 22.715065451442257
493.5 24.734887896045137 22.716014631360505
494.0 24.73686610225441 22.71696274036668
494.5 24.73883215401318 22.717911321894952
495.0 24.740815341431382 22.718868876200943
495.5 24.74277262031913 22.719824850567626
496.0 24.74476659901562 22.72078074429111
496.5 24.74677213883423 22.72173733632249
497.0 24.74873357796383 22.722695073664518
497.5 24.7507253449754 22.723654625648724
498.0 24.752707318799843 22.724601689756522
498.5 24.754707053395244 22.72557331352328
499.0 24.75669565141669 22.726530050270675
499.5 24.758678392953207 22.7274851957149
500.0 24.760688623165915 22.728455799913018
500.5 24.76267880122638 22.729408172751167
501.0 24.764675561000168 22.73037522931729
501.5 24.76665959310058 22.731332793142045
502.0 24.76866552012881 22.732294339645076
502.5 24.77066076704377 22.733265548638144
503.0 24.77267440906228 22.734231890372612
503.5 24.774679029858262 22.735192363533784
504.0 24.776679812288137 22.736153328014524
504.5 24.77869017793136 22.737130754332618
505.0 24.78069722181115 22.738096071293086
505.5 24.78270996272236 22.73906497916206
506.0 24.784727504794184 22.740032023337132
506.5 24.7867321257946 22.74100516626784
507.0 24.788766106839816 22.741966593943197
507.5 24.79075836663613 22.74294823981063
508.0 24.79279862957441 22.743910983939614
508.5 24.794803419469428 22.74488924252715
509.0 24.796851778222443 22.74587238249831
509.5 24.798853606415634 22.746845024688884
510.0 24.800886730966937 22.747822363247824
510.5 24.802925028642143 22.748814086260765
511.0 24.80495504192268 22.749791421771782
511.5 24.80698947439455 22.75077491261229
512.0 24.809030714969996 22.751769262896552
512.5 24.811049750870495 22.752755231067027
513.0 24.813124493512785 22.75374160406646
513.5 24.815156242316498 22.754733097294796
514.0 24.81716993148673 22.75572299439647
514.5 24.819225156936252 22.756718902997047
515.0 24.821283917716205 22.757708091765533
515.5 24.823322809845124 22.75870680587659
516.0 24.82539560144932 22.759704153481508
516.5 24.82743234924562 22.760698672268227
517.0 24.829510316900535 22.761696436289846
517.5 24.8315544521887 22.762699848819192
518.0 24.833614303079756 22.76369732497188
518.5 24.835675552322563 22.764698955861636
519.0 24.83774107076645 22.765694883236446
519.5 24.839817605770946 22.766697376400845
520.0 24.841878214081994 22.767698903982968
520.5 24.843934830363516 22.768707791341374
521.0 24.84601896319902 22.769707724291347
521.5 24.848068679265694 22.770715522985245
522.0 24.850159458327667 22.771721119559626
522.5 24.85222439822071 22.772726327506064
523.0 24.854303393792815 22.77373132904122
523.5 24.856383539708794 22.774735209286384
524.0 24.858451746732335 22.775747544723476
524.5 24.860513379953545 22.776743895158273
525.0 24.86258500710081 22.77775484498097
525.5 24.864685990222775 22.778767500037098
526.0 24.86675459182858 22.779775101978608
526.5 24.868821433669712 22.780787432612048
527.0 24.8709242345602 22.781786565514306
527.5 24.873018978834015 22.78278751254749
528.0 24.87507618069118 22.78379853805753
528.5 24.87716953814136 22.784809374210518
529.0 24.87926004815391 22.785812243214156
529.5 24.88133900093558 22.78682596870305
530.0 24.883426077302268 22.78782466325155
530.5 24.885516943550204 22.788835424370117
531.0 24.8876036441213 22.789836721759748
531.5 24.88970154428578 22.790848912069848
532.0 24.891801363074173 22.791846116421432
532.5 24.893873637085257 22.79285761864555
533.0 24.895983149336253 22.793854701924765
533.5 24.898049709767058 22.79486129824548
534.0 24.900141810883287 22.79586849140798
534.5 24.90223920372136 22.796865977170047
535.0 24.9043430819404 22.797862582849042
535.5 24.906430241391266 22.798867592308852
536.0 24.908529554807266 22.799865562493107
536.5 24.910625492194107 22.80086003915994
537.0 24.91270373808686 22.80186474152655
537.5 24.914805061271505 22.802861572309993
538.0 24.916890533005333 22.803852800644904
538.5 24.918987781841395 22.804849331019433
539.0 24.921068232109516 22.80583460080242
539.5 24.923181662082726 22.806820993471927
540.0 24.925242501375905 22.807809817181216
540.5 24.9273557987608 22.808807734761785
541.0 24.92944725841568 22.80978827159169
541.5 24.9315310111697 22.810776044747424
542.0 24.93362825994317 22.811763763740466
542.5 24.935714034465327 22.812742670024917
543.0 24.937825262317016 22.81372599916494
543.5 24.939895383466073 22.81470689856999
544.0 24.942012498600544 22.815699842457242
544.5 24.944087356574215 22.8166801054423
545.0 24.946180700642188 22.81765699082441
545.5 24.94829308903171 22.818637887538248
546.0 24.95038991846863 22.81962794347663
546.5 24.952476295450982 22.820607134762675
547.0 24.954579824928594 22.821594490595626
547.5 24.956690839715 22.822563992655915
548.0 24.95878070437336 22.8235471940153
548.5 24.960887510330156 22.824534397078313
549.0 24.963001017335994 22.825521565589547
549.5 24.96509680899404 22.82649597347691
550.0 24.96718162822942 22.82747566197555
550.5 24.969301166201447 22.8284564830574
551.0 24.971402236307778 22.82943309134264
551.5 24.97350930335947 22.830415623377057
552.0 24.9756007026349 22.831388980743498
552.5 24.977705198778423 22.832370734408222
553.0 24.979816435960572 22.833348497089844
553.5 24.98192205131232 22.834323066048032
554.0 24.984018975151578 22.83529925848306
554.5 24.98613447442658 22.836271533813353
555.0 24.98825450946792 22.837258464227375
555.5 24.99034081045474 22.838230987485183
556.0 24.992465394361734 22.839210011414693
556.5 24.994577116322986 22.84017746643415
557.0 24.996686944181814 22.841155684836174
557.5 24.998797442784443 22.84212109900407
558.0 25.00089424746819 22.843094046066422
558.5 25.002983103694856 22.844072170125735
559.0 25.00511616511251 22.845040768362725
559.5 25.007233818939298 22.846012781705372
560.0 25.009312107059145 22.846977223714042
560.5 25.01145340679649 22.847946410079313
561.0 25.013528850475723 22.84891807454986
561.5 25.015657418899227 22.8498848612276
562.0 25.01776890670614 22.850855027879877
562.5 25.0198776603797 22.85182384193119
563.0 25.021986876150436 22.85278804289401
563.5 25.024091186422535 22.853747960573255
564.0 25.026202888965837 22.854722528182073
564.5 25.028313872919874 22.855681345704827
565.0 25.03040766254046 22.85664054229446
565.5 25.032539012638537 22.857599847138736
566.0 25.03465346907667 22.858571969740375
566.5 25.036770910532773 22.85952868080198
567.0 25.0388705937624 22.860486659006348
567.5 25.04098949404975 22.861442613936916
568.0 25.04309274737468 22.862404108668642
568.5 25.045190949173982 22.86335962927593
569.0 25.047299032988537 22.864312908304566
569.5 25.049398912636885 22.865267008178098
570.0 25.051523384204764 22.866214834647167
570.5 25.053613350045755 22.86717553819877
571.0 25.0557484098109 22.86812634352148
571.5 25.05784492477624 22.869083588548623
572.0 25.059964306012155 22.870028867759387
572.5 25.06207282400922 22.870981887232684
573.0 25.064186122840443 22.871934527169742
573.5 25.06625917495755 22.872877046219045
574.0 25.068386413900612 22.873825663152353
574.5 25.070478674613316 22.87476784319512
575.0 25.072592034253557 22.87571309525168
575.5 25.074672557928412 22.876664294969167
576.0 25.076799977561176 22.87760425320149
576.5 25.078887441139273 22.87854788096011
577.0 25.080975811555245 22.87947935147805
577.5 25.083099020967353 22.88042932420774
578.0 25.0852017123919 22.881357975728577
578.5 25.087311065788 22.882299662206407
579.0 25.089383071184756 22.883231242958793
579.5 25.091518334941135 22.884169114887975
580.0 25.09361798952835 22.88510412558538
580.5 25.095722209700547 22.886038379651357
581.0 25.097825197624392 22.88697151001402
581.5 25.09992716680546 22.887908448219406
582.0 25.10200938590803 22.888836616929673
582.5 25.10412623725392 22.889768721289872
583.0 25.10620972138357 22.890702551580134
583.5 25.108299756815068 22.89162858979939
584.0 25.110422215552276 22.892561567016045
584.5 25.112514474778685 22.893490332660605
585.0 25.114639283545415 22.894410043299548
585.5 25.11671895996291 22.89534340091999
586.0 25.118816639311596 22.896268464927743
586.5 25.12090368996343 22.8971907113106
587.0 25.123021800997364 22.89811697434252
587.5 25.125113166968305 22.89903402008313
588.0 25.127232684389643 22.899968907017797
588.5 25.12930818824456 22.90088650181657
589.0 25.13139821506504 22.901795644021497
589.5 25.13351342760916 22.902719572615705
590.0 25.135597614430445 22.903636203179104
590.5 25.137682678323635 22.904550221662284
591.0 25.13977057004087 22.905477132969708
591.5 25.141862386625142 22.906395088089603
592.0 25.143970516922973 22.907291663676737
592.5 25.146056951199263 22.908210857029307
593.0 25.148157427851807 22.909117986799373
593.5 25.150247356471528 22.910040085798432
594.0 25.15233463821247 22.91094613148932
594.5 25.154437049633906 22.911856742623534
595.0 25.156515818172487 22.912761204803548
595.5 25.1585899397182 22.91366603993851
596.0 25.160701286625628 22.914563496393367
596.5 25.162772366222125 22.915480092824716
597.0 25.164835781505595 22.9163814559746
597.5 25.166935784300083 22.917285796142075
598.0 25.16903690197573 22.918182546015498
598.5 25.171097661692844 22.919087253361003
599.0 25.173189570411253 22.919983906325022
599.5 25.175266379213795 22.92088824878305
600.0 25.177348339639106 22.92178404472649
600.5 25.179404345951596 22.92266922512465
601.0 25.181490329023827 22.923575438627466
601.5 25.183567916305677 22.92446455843222
602.0 25.185628320809293 22.92535535395169
602.5 25.187711720387185 22.926258439739943
603.0 25.189773776362145 22.927146164242522
603.5 25.191844418611243 22.928030406521323
604.0 25.193900255953512 22.92892551604764
604.5 25.195992970008007 22.929802131369335
605.0 25.198045984265384 22.930694656250058
605.5 25.200091059395213 22.931574215705147
606.0 25.20217731255133 22.932463183485293
606.5 25.20424566634575 22.93334294644631
607.0 25.206274817087795 22.934220033114308
607.5 25.208336791204676 22.935103187429576
608.0 25.210395514737808 22.935973957747727
608.5 25.21244489688085 22.936853528053174
609.0 25.21452148831976 22.937728854966927
609.5 25.216563857665093 22.938610390582582
610.0 25.218607865965605 22.93947906555658
610.5 25.22065169247405 22.940341456834794
611.0 25.222681062417358 22.94122317669285
611.5 25.224755428691243 22.942089546428438
612.0 25.226769880069426 22.942955530924927
612.5 25.228833147232965 22.94381500019986
613.0 25.23088030956394 22.94469252010401
613.5 25.23291723959341 22.945554504634455
614.0 25.234932290221643 22.946417021128156
614.5 25.23696506491255 22.947274038184847
615.0 25.23900921625762 22.948134259555864
615.5 25.241031071162464 22.94899837149602
616.0 25.24306129865701 22.949854249397962
616.5 25.245112617103356 22.950718786631814
617.0 25.247124567804335 22.951571848922534
617.5 25.249187107928872 22.95242678321458
618.0 25.251186720093788 22.953283899189145
618.5 25.253190047012545 22.954139269762027
619.0 25.25524535924174 22.954992002672547
619.5 25.257298042819272 22.95584593148222
620.0 25.259280948749577 22.95668585747621
620.5 25.261302175342255 22.957542652333608
621.0 25.26333202740984 22.95838312579059
621.5 25.265357482878592 22.95923778069596
622.0 25.26736029176798 22.960081867234017
622.5 25.269359869183887 22.960922504451226
623.0 25.271367240950163 22.961769308447018
623.5 25.273369658038725 22.96261008173536
624.0 25.275388335717125 22.963445991091223
624.5 25.27737133631298 22.964284804593852
625.0 25.279392697481498 22.965117798168354
625.5 25.281412413435696 22.965959693408745
626.0 25.283404682251426 22.966791176289156
626.5 25.285413792190653 22.967623487015366
627.0 25.287386897448386 22.968458402811365
627.5 25.28937149726854 22.969290023189778
628.0 25.291374034804793 22.970109150140367
628.5 25.293347915544192 22.970945218158462
629.0 25.29534889384578 22.971775490749884
629.5 25.297348838491228 22.972588722795997
630.0 25.29932383266854 22.97342079168367
630.5 25.301285940474642 22.974239207494023
631.0 25.303228238604333 22.97506025814904
631.5 25.305212358213865 22.975874784610344
632.0 25.30720586850236 22.976691084807026
632.5 25.30918150618413 22.97751246516225
633.0 25.31112628770263 22.978324951545062
633.5 25.313071034512703 22.979136080417582
634.0 25.31504199540845 22.979950520157452
634.5 25.317006191415917 22.98075929316251
635.0 25.318962823355193 22.98156782788128
635.5 25.32091636556023 22.98238299009773
636.0 25.322876994267972 22.98317668647767
636.5 25.324794103113923 22.983984994313523
637.0 25.32674711079034 22.984787944964822
637.5 25.32867795477641 22.98558305433323
638.0 25.33062682998921 22.986383337303042
638.5 25.332549165143522 22.98716961882185
639.0 25.334476519789927 22.98797695686444
639.5 25.336402930848582 22.988765294193566
640.0 25.338340556284216 22.989557378646243
640.5 25.34026157430962 22.990349902831497
641.0 25.342168298363585 22.99113880724726
641.5 25.34408901263962 22.99192236525894
642.0 25.34597488470443 22.99271427130636
642.5 25.34790241543808 22.993492516482878
643.0 25.349786037408208 22.994274801829278
643.5 25.35170370054251 22.99505946960498
644.0 25.35357063644455 22.995836347946423
644.5 25.35548409797283 22.99660292774924
645.0 25.35736550872782 22.997387950991968
645.5 25.359252954715895 22.998159895247575
646.0 25.361113897168032 22.99892080326352
646.5 25.362977992292674 22.999698090281925
647.0 25.364839466071786 23.00046044030878
647.5 25.36671503215683 23.001220645644867
648.0 25.368551151781382 23.001988146833455
648.5 25.370404153405076 23.002745271202375
649.0 25.372268073539935 23.003502356506335
649.5 25.374119265087586 23.00425943184078
650.0 25.375924384297676 23.004998453213513
650.5 25.377745948266124 23.005749126335864
651.0 25.379567449041357 23.0064847763764
651.5 25.381372182666794 23.007227985012236
652.0 25.383190962927177 23.007975368220666
652.5 25.385011201569917 23.008700436247377
