FastTrWP/PhaseSpace/IAs/snIa_0.35_30.00_0.78_-0.10.csv
# %ECSV 0.9
# ---
# datatype:
# - {name: time-rel, datatype: float64}
# - {name: g, datatype: float64}
# - {name: i, datatype: float64}
# schema: astropy-2.0
time-rel g i
[from data line 345]
343.375 23.64167024057112 23.632780312532443
343.875 23.637808500485423 23.62948701497059
344.375 23.633940009432862 23.626189606945598
344.875 23.63008737710441 23.622906065253808
345.375 23.62624968270003 23.619618862449734
345.875 23.622419600792313 23.6163737154074
346.375 23.61860656779357 23.613112248350273
346.875 23.614811213135294 23.609859208186773
347.375 23.611008215318567 23.606623152423257
347.875 23.607224212134614 23.60340021882078
348.375 23.603456792518585 23.60016658829688
348.875 23.599706396241096 23.59694120049824
349.375 23.595953169270185 23.59374432782865
349.875 23.59220112234612 23.590543356092045
350.375 23.588484646714857 23.587362646946094
350.875 23.58477008814264 23.584174430832782
351.375 23.581061082369192 23.580995932699985
351.875 23.577369251964235 23.577828544260335
352.375 23.573673576751645 23.574660957795167
352.875 23.570005891863254 23.5715130183633
353.375 23.566340581548335 23.568378013026837
353.875 23.562674996509894 23.565234737422376
354.375 23.55903516636325 23.562107441534074
354.875 23.555399144908908 23.55898358488284
355.375 23.551779335118987 23.555866793323705
355.875 23.548157296144645 23.55275505212545
356.375 23.54453738692807 23.549654646538322
356.875 23.54094853443979 23.546558963681665
357.375 23.537350238029507 23.54346234058655
357.875 23.53377872089519 23.540396010925964
358.375 23.530206996054872 23.537325477186478
358.87499999999994 23.526647205623345 23.53424561423381
359.375 23.523088211712118 23.531194431388514
359.875 23.519537519449724 23.52813176095584
360.37499999999994 23.515997065217643 23.52509642239862
360.875 23.512473853110944 23.522036416920944
361.375 23.508961257487687 23.51900256151815
361.87499999999994 23.505443630508136 23.5159829321926
362.375 23.501946573647313 23.512960188416624
362.875 23.49845019333573 23.509945104310233
363.37499999999994 23.49497094546566 23.506927610255815
363.875 23.491484358347066 23.50393552453518
364.375 23.488022659249673 23.50093603931873
364.87499999999994 23.48456487893654 23.49793961567734
365.375 23.481107336911236 23.494953998291393
365.875 23.47766198846933 23.491980065994223
366.37499999999994 23.474197571562758 23.48900248571566
366.875 23.47078197941081 23.4860281782211
367.375 23.467358987986806 23.483064729301933
367.87499999999994 23.463934726964855 23.480112326881958
368.375 23.460526886334026 23.47716443954553
368.875 23.457118529017336 23.474204949642306
369.37499999999994 23.453731364502133 23.471266848984452
369.875 23.450338558529907 23.468336226045757
370.375 23.446953430979704 23.46541256854198
370.87499999999994 23.443591072506223 23.46247721435766
371.375 23.440227676666968 23.45956592231218
371.875 23.436870276686367 23.456655733365555
372.37499999999994 23.433512282186815 23.453738459076977
372.875 23.430174348231887 23.450844779603823
373.375 23.426842339805066 23.447953843846076
373.87499999999994 23.423508801740955 23.445054639665024
374.375 23.420196246790546 23.4421808547776
374.875 23.416882299777843 23.439298503397122
375.37499999999994 23.413574086316213 23.43642651066302
375.875 23.410283678830467 23.433572983100973
376.375 23.406995827585312 23.43070181207255
376.87499999999994 23.403714048808585 23.42785971685123
377.375 23.40044008572957 23.42500042434073
377.875 23.397173744657692 23.422168871084622
378.37499999999994 23.393921159218486 23.4193257744217
378.875 23.390668750729404 23.41650145482246
379.375 23.387429337350348 23.413688707496373
379.87499999999994 23.384193676739695 23.41086548151146
380.375 23.380960863558748 23.408041177911052
380.875 23.37773598887928 23.405240341576782
381.37499999999994 23.374529902745806 23.402437679068235
381.875 23.371306632260186 23.399644612837065
382.375 23.368121054375294 23.39684905583498
382.87499999999994 23.364922412570998 23.39404923444047
383.375 23.361738945484134 23.391274051733802
383.875 23.3585491611666 23.388507672002042
384.37499999999994 23.355377621262132 23.385729253620035
384.875 23.3522130607866 23.38295796265804
385.375 23.34905260396885 23.380216313217723
385.87499999999994 23.345894720612755 23.37745675534341
386.375 23.342750190244864 23.374704533209467
386.875 23.339613823598242 23.37196803351489
387.37499999999994 23.3364806281051 23.36920918046992
387.875 23.33334566815275 23.366482958084372
388.375 23.33021500913179 23.36375255447866
388.87499999999994 23.327105790582834 23.36101954151252
389.375 23.323994924184955 23.358297081835122
389.875 23.320883082152232 23.355595720394696
390.37499999999994 23.31779855851481 23.35287318388549
390.875 23.31470134262665 23.350170348627284
391.375 23.311618700184408 23.34746285083304
391.87499999999994 23.308539648942133 23.344759998060983
392.375 23.305474757108108 23.342067001466994
392.875 23.3023963232432 23.339392417273363
393.37499999999994 23.299335992578598 23.336694673838338
393.875 23.296283940123335 23.334011179924623
394.375 23.29322863646141 23.331344643284275
394.87499999999994 23.29018833591478 23.328661382528296
395.375 23.287144194501607 23.326000991947527
395.875 23.284103070428266 23.323343281279236
396.37499999999994 23.2810762685811 23.320688628782204
396.875 23.278066735545625 23.318021100531404
397.375 23.27504724127383 23.315374873893763
397.87499999999994 23.272035927461822 23.31273433102239
398.375 23.269022015654652 23.310084668828672
398.875 23.266026945864336 23.307453954714124
399.37499999999994 23.263024535234496 23.30481189952163
399.875 23.260045928445614 23.302179662475684
400.375 23.257061314261232 23.299564098343897
400.87499999999994 23.25406453358291 23.296940125258807
401.375 23.251102534837802 23.294323441591438
401.875 23.248130485413245 23.291707810776728
402.37499999999994 23.245164477412587 23.28910842681384
402.875 23.242202813346495 23.28649080967239
403.375 23.239261138157904 23.28388182690425
403.87499999999994 23.2362979306842 23.281284514188926
404.375 23.233346153674415 23.278678263904645
404.875 23.230382185336822 23.276083735925464
405.37499999999994 23.227418414633824 23.273480011267797
405.875 23.22447179696528 23.270881043365446
406.375 23.221499906753102 23.268279441831584
406.87499999999994 23.218550753030392 23.26567877508409
407.375 23.21559367011229 23.26307666900277
407.875 23.21263272925375 23.260479462023646
408.37499999999994 23.209678353148135 23.25789123762845
408.875 23.20672203183235 23.25528611945666
409.375 23.203766541242597 23.252688474999363
409.87499999999994 23.200824507035442 23.250105384766798
410.375 23.19786800794072 23.247522064387848
410.875 23.194930656004786 23.244929565222186
411.37499999999994 23.19199492903561 23.24235795018668
411.875 23.189059879384676 23.239774384520963
412.375 23.18612775709847 23.237192925380622
412.87499999999994 23.18319532624931 23.234630381469902
413.375 23.180269010353726 23.232059420232343
413.875 23.177357942453977 23.229489920322944
414.37499999999994 23.174437034895483 23.226938141117156
414.875 23.17152269712934 23.224389310047698
415.375 23.168630224137097 23.221827402401264
415.87499999999994 23.165729391478823 23.219276791532366
416.375 23.16283537021365 23.21674409145958
416.875 23.159968394738826 23.21420087828812
417.37499999999994 23.1570823881086 23.211665383925112
417.875 23.154221052352135 23.209142862906724
418.375 23.15136173757584 23.206622768465426
418.87499999999994 23.148504651643993 23.204107413463703
419.375 23.14566778753301 23.201590788266376
419.875 23.142836938660484 23.199084590294813
420.37499999999994 23.139998162936312 23.196603362101037
420.875 23.13717342664621 23.194105716615905
421.375 23.134372081864573 23.191615634223485
421.87499999999994 23.1315623700562 23.18914178583974
422.375 23.128780336663993 23.186669828218424
422.875 23.12600261469892 23.184198119243206
423.37499999999994 23.123234343140673 23.18175054014609
423.875 23.120471068892037 23.179299187867763
424.375 23.11773321032184 23.17686222173947
424.87499999999994 23.11497291374576 23.174432714590626
425.375 23.112265130265946 23.171995312479098
425.875 23.109546514686507 23.169583416715763
426.37499999999994 23.106836477114125 23.16716402253508
426.875 23.104148828870596 23.16477162140151
427.375 23.10147103384822 23.162372622386624
427.87499999999994 23.09880222810081 23.15998712217575
428.375 23.096151403035815 23.157610863687164
428.875 23.093508319656323 23.155245577242162
429.37499999999994 23.090878933585582 23.152889625419824
429.875 23.08826623809648 23.150535434502878
430.375 23.085663754244887 23.148193652161066
430.87499999999994 23.083078735234928 23.14586888191124
431.375 23.080504743131858 23.143543157949047
431.875 23.077943696884873 23.141230930349842
432.37499999999994 23.075396895975725 23.13893249552884
432.875 23.072865071206753 23.136637017385606
433.375 23.070352615031364 23.134349900947782
433.87499999999994 23.067851406637235 23.13208108536285
434.375 23.06536662328178 23.129829984249902
434.875 23.062889786845822 23.127567859934956
435.37499999999994 23.06044164443845 23.125332323393653
435.875 23.05799607875427 23.12310311541848
436.375 23.055560075271543 23.120873846039203
436.87499999999994 23.05313746578826 23.118657503458692
437.375 23.050708881535048 23.11643387178785
437.875 23.048294307314315 23.114225220843476
438.37499999999994 23.045874244173056 23.112012810347714
438.875 23.043479595509563 23.109822703922003
439.375 23.041081360504776 23.10761561418795
439.87499999999994 23.038696210357248 23.10542773023908
440.375 23.036318759046193 23.10323599765079
440.875 23.0339341238218 23.101062384809122
441.37499999999994 23.031577048166582 23.098885737712116
441.875 23.029207657262756 23.096717267698676
442.375 23.026862239940158 23.094554890311294
442.87499999999994 23.024516643960276 23.09239341653512
443.375 23.02218423907503 23.090236916853915
443.875 23.01986227931826 23.088092766499607
444.37499999999994 23.017539601513135 23.085947133730613
444.875 23.015225486889502 23.083816699474383
445.375 23.012924963951544 23.081687605857688
445.87499999999994 23.010624767217195 23.07956484140115
446.375 23.008337732402172 23.077452739555877
446.875 23.006068371228313 23.075339484878068
447.37499999999994 23.00379312495966 23.07322477039086
447.875 23.001524618116164 23.071139052867093
448.375 22.999285076922963 23.069056722256814
448.87499999999994 22.997036548638814 23.066954512669298
449.375 22.99480409216561 23.0648858351813
449.875 22.992590541698977 23.062812034258275
450.37499999999994 22.990370896584675 23.060748787909304
450.875 22.98815516942048 23.05868853756163
451.375 22.985966897402058 23.05663278584719
451.87499999999994 22.983784654426263 23.054586634164448
452.375 22.98160943888761 23.05256019234001
452.875 22.97944531801159 23.050529204104578
453.37499999999994 22.977294720284213 23.048507536344513
453.875 22.97514117380612 23.046487513269334
454.375 22.973009093708654 23.04447317072066
454.87499999999994 22.97088741804966 23.042478880277347
455.375 22.968778586266193 23.040480655725595
455.875 22.966662481692932 23.03849510186759
456.37499999999994 22.9645847283301 23.03650698821208
456.875 22.962500802709748 23.034547249143586
457.375 22.96042195914986 23.03258344131625
457.87499999999994 22.958359726483177 23.03061622041306
458.375 22.956305826735353 23.02867598318917
458.875 22.95427468563114 23.02672887580571
459.37499999999994 22.95224086588144 23.02479945833126
459.875 22.950231539852908 23.02287420847992
460.375 22.94821557677251 23.020944672567893
460.87499999999994 22.946233080575485 23.01903688339803
461.375 22.94423926807443 23.01713129725776
461.875 22.94227777027946 23.015241762209047
462.37499999999994 22.940313453540835 23.013360147934087
462.875 22.938372732732297 23.011486171753383
463.375 22.936432281811626 23.009608655885355
463.87499999999994 22.934505654536913 23.007752472210612
464.375 22.932602817160284 23.00589888210933
464.875 22.930709790328333 23.004054872237504
465.37499999999994 22.928818332518198 23.002218805033404
465.875 22.926939980486914 23.000387183585712
466.375 22.92507586994841 22.9985696783612
466.87499999999994 22.923223997980465 22.99676004947447
467.375 22.921399491691254 22.994952233219436
467.875 22.919564047756648 22.993164063658963
468.37499999999994 22.917754019756764 22.99136494138765
468.875 22.915937548343024 22.989596514756975
469.375 22.914152634201677 22.987814418026467
469.87499999999994 22.91236329782068 22.986048883873693
470.375 22.91058769241763 22.984295067487487
470.875 22.908812403668122 22.982541921823735
471.37499999999994 22.90705649437411 22.98079127639001
471.875 22.905308322556643 22.979046996320804
472.375 22.90356081613629 22.97732070206688
472.87499999999994 22.901820829009118 22.975588666378783
473.375 22.900104610227338 22.973870966735852
473.875 22.898386624321716 22.972149249817548
474.37499999999994 22.896683666953624 22.970441788064203
474.875 22.894977234916894 22.968733004443088
475.375 22.893285117961252 22.967038494260564
475.87499999999994 22.891601739790918 22.965344450200142
476.375 22.889928692669315 22.963668247671244
476.875 22.888269455187007 22.961987803313143
477.37499999999994 22.88661436209288 22.960308904533974
477.875 22.884974940070872 22.95865414638836
478.375 22.883334256821005 22.95699125605054
478.87499999999994 22.88171334851915 22.95534022340615
479.375 22.88009194884864 22.953690715121773
479.875 22.87847687230913 22.952056202304266
480.37499999999994 22.8768771727287 22.95041253354497
480.875 22.87528030795825 22.948785003851956
481.375 22.87369907006907 22.947159122268115
481.87499999999994 22.872120789094573 22.945544041862917
482.375 22.87055479461424 22.94393502539146
482.875 22.86899546148242 22.94233799431008
483.37499999999994 22.86744323441055 22.94073829316032
483.875 22.865911111517686 22.939139047737687
484.375 22.864381888651945 22.937567916499656
484.87499999999994 22.862862845467475 22.935985148848044
485.375 22.861343820650994 22.934410886201345
485.875 22.8598396228967 22.932841435966715
486.375 22.858335433067303 22.93128494969966
486.875 22.8568577403974 22.92973787532788
487.375 22.855364696344882 22.92818266810084
487.875 22.853906803365636 22.92664195577863
488.375 22.85244030357996 22.92511409805702
488.875 22.85098529200242 22.923570821247154
489.375 22.84954259427218 22.92205119947066
489.875 22.848101047424393 22.920524263693878
490.375 22.846679048307838 22.91902428322212
490.875 22.845264984502368 22.91751872706817
491.375 22.84385962734021 22.916011368239488
491.875 22.84245678844153 22.91452567715035
492.375 22.84106200069571 22.913035566510914
492.875 22.83967604313443 22.911560314381838
493.375 22.838309212397668 22.910074953317903
493.875 22.83694185086459 22.908600416519494
494.375 22.8355844195122 22.90715114950546
494.875 22.83423071277719 22.905680725348326
495.375 22.832900445606377 22.904238637885427
495.875 22.831561700229045 22.902790404881316
496.375 22.83024415323932 22.901353068834062
496.875 22.8289331807755 22.8999169040363
497.375 22.827624263611984 22.898493598591685
497.875 22.826336638562278 22.897068519802254
498.375 22.82503945516801 22.895656641476997
498.875 22.823761712561655 22.894250476524867
499.375 22.82249385089301 22.892839484734964
499.875 22.82122761385667 22.891444938642014
500.375 22.81998012903877 22.890052927334597
500.875 22.818731289860217 22.888669010868252
501.375 22.817494961367206 22.887290942293575
501.875 22.81626340589011 22.88590994399769
502.375 22.815042250359273 22.884543130090226
502.875 22.81382488512439 22.883176315520508
503.375 22.812619724372723 22.881809508060886
503.875 22.811418412300366 22.88045773223251
504.375 22.810215290634446 22.87910820966093
504.875 22.80903050356226 22.87776787170245
505.375 22.807855859251653 22.876416818000788
505.875 22.806688403153696 22.87508183878005
506.375 22.805511290132262 22.873751806117887
506.875 22.804360107897658 22.8724379805614
507.375 22.80320165046268 22.871106655898366
507.875 22.802061511269617 22.869796146055034
508.375 22.800931940902622 22.868487558902423
508.875 22.799801562768995 22.867191858800908
