FastTrWP/PhaseSpace/IAs/snIa_0.52_30.00_-0.51_0.06.csv
# %ECSV 0.9
# ---
# datatype:
# - {name: time-rel, datatype: float64}
# - {name: g, datatype: float64}
# - {name: i, datatype: float64}
# schema: astropy-2.0
time-rel g i
[from data line 1421]
336.5 24.321396484039095 22.44046821842755
337.0 24.32333565407649 22.441007132681207
337.4999999999999 24.325274283556794 22.441545203193982
338.0 24.327230666083153 22.442075503715323
338.5 24.32917645111973 22.442617356178424
338.9999999999999 24.331123046739428 22.44314820082832
339.5 24.333056568115367 22.443692164556094
340.0 24.335006287992375 22.444236317336443
340.4999999999999 24.336954064306063 22.4447763507319
341.0 24.33890504943288 22.44532351658505
341.5 24.340845618665853 22.44586553225515
341.9999999999999 24.342806310365074 22.446416051896843
342.5 24.344741592940657 22.44695671343955
343.0 24.346674350233947 22.447505958082555
343.4999999999999 24.34864297261584 22.44806063125708
344.0 24.350590403731637 22.448608764621238
344.5 24.35253411582273 22.449162230249723
344.9999999999999 24.35450292426982 22.449714792786175
345.5 24.35643411442486 22.450268714704805
346.0 24.358377347439827 22.45081774513497
346.4999999999999 24.360338256050795 22.451384731609124
347.0 24.36228711676482 22.451939095937426
347.5 24.364260936629115 22.452497900160672
347.9999999999999 24.366196059318426 22.453060283521108
348.5 24.3681466661941 22.453618440198465
349.0 24.37010659527985 22.454184089931182
349.4999999999999 24.37206202499476 22.454744525263102
350.0 24.374018579792992 22.45531269365347
350.5 24.375968629022275 22.45588427759173
350.9999999999999 24.377914244725577 22.456446637466627
351.5 24.379901566380347 22.457012413866757
352.0 24.38183731645259 22.457576542379314
352.4999999999999 24.383808379162044 22.45815095306267
353.0 24.385755674363303 22.458726293683785
353.5 24.387712969076162 22.459297624284922
353.9999999999999 24.389674272970492 22.4598723644614
354.5 24.391634157526575 22.460447095461813
355.0 24.39359665626749 22.4610245757314
355.4999999999999 24.395561893316984 22.461599180849966
356.0 24.397520029723037 22.462185600950868
356.5 24.399494915236744 22.46276336946807
356.9999999999999 24.40145022362051 22.463341953160423
357.5 24.40341743297906 22.463925846809296
358.0 24.40537584284172 22.464509557162067
358.4999999999999 24.40735834528704 22.46509004354818
359.0 24.409319042830532 22.465679249170535
359.5 24.411285679034357 22.46626669944126
359.9999999999999 24.413237595112744 22.46685429296559
360.5 24.415200691246408 22.46744530419614
361.0 24.417175800396933 22.468034956799613
361.4999999999999 24.41915604967852 22.468631501713023
362.0 24.421094892461596 22.46922943686797
362.5 24.42308065567957 22.469818337929013
362.9999999999999 24.425038930564448 22.47041962111988
363.5 24.42701179966299 22.47101287066498
364.0 24.428961870478837 22.471606667910088
364.4999999999999 24.430922056946574 22.47221629126823
365.0 24.4329038786396 22.47281450853692
365.5 24.434869844285373 22.47341978120669
365.9999999999999 24.43685276252581 22.474021042254467
366.5 24.43880544481968 22.47463293732305
367.0 24.440772425304296 22.475239013079538
367.4999999999999 24.442728768488248 22.475838204243658
368.0 24.444704510361724 22.476456175923502
368.5 24.446684309637547 22.47706221687141
368.9999999999999 24.448636787102064 22.477679789885165
369.5 24.450603484578668 22.47828210010015
370.0 24.452576678166913 22.478902092198826
370.4999999999999 24.45454936086724 22.479513577659482
371.0 24.456515305698325 22.480132203875563
371.5 24.458496957955095 22.480759460968812
371.9999999999999 24.46045126298187 22.48137461075079
372.5 24.462409844957733 22.4819919321714
373.0 24.464386321216303 22.482616842359935
373.4999999999999 24.46638017340331 22.483240539098436
374.0 24.468331959185655 22.483864774247735
374.5 24.470326275771043 22.484491138113935
374.9999999999999 24.472272515070138 22.4851138555981
375.5 24.474259055119788 22.485744036495152
376.0 24.476218390727066 22.4863726263742
376.4999999999999 24.478195293384143 22.487007860733094
377.0 24.480173891032415 22.48764014840574
377.5 24.482153727868585 22.488270845310826
377.9999999999999 24.48411785249924 22.488903498840983
378.5 24.48609813546372 22.48954514532751
379.0 24.48806341221563 22.49017524446712
379.4999999999999 24.490054165437442 22.490814936532615
380.0 24.492034679268244 22.49145349182517
380.5 24.49401585722679 22.492095010536673
380.9999999999999 24.49598199382564 22.49274506862941
381.5 24.497963874912845 22.493387067070138
382.0 24.49994152822153 22.49403086193857
382.4999999999999 24.501921807595362 22.494679947358648
383.0 24.503917738698313 22.495322780729428
383.5 24.50586935909284 22.495973698673716
383.9999999999999 24.507873644141497 22.496625119764914
384.5 24.50984411135599 22.497275989134188
385.0 24.511826240023286 22.49792708575804
385.4999999999999 24.513803815325087 22.498577640811984
386.0 24.515803035475443 22.499234901946647
386.5 24.51778239207739 22.499890553468727
386.9999999999999 24.519760809712622 22.500553153874662
387.5 24.52175251411858 22.501205058164167
388.0 24.523731252370492 22.50187273626455
388.4999999999999 24.525734590608472 22.50252946602755
389.0 24.527721811174832 22.503195839206143
389.5 24.52971226678808 22.50385164679692
389.9999999999999 24.531690789239697 22.504520082718557
390.5 24.5336993141143 22.505188253015103
391.0 24.53569996716062 22.505853657976314
391.4999999999999 24.537670672558775 22.506525046107505
392.0 24.53968019617761 22.50719554306613
392.5 24.54167019816234 22.507866476660578
392.9999999999999 24.543663502471972 22.508537796402038
393.5 24.54564420175383 22.509212006015524
394.0 24.547646353588117 22.509891473848253
394.4999999999999 24.549662367309537 22.51056534601725
395.0 24.551654668874686 22.511241684178543
395.5 24.553636859389304 22.5119218727891
395.9999999999999 24.555625737109278 22.51261123795665
396.5 24.557622159883884 22.51329913548063
397.0 24.559627037031518 22.513975508297484
397.4999999999999 24.561630357949554 22.514671814491347
398.0 24.563619896877835 22.515360472195795
398.5 24.56560679170603 22.516059025171913
398.9999999999999 24.567631269358344 22.51675285606721
399.5 24.569621773889708 22.517443711977588
400.0 24.571621527457648 22.518140987478603
400.4999999999999 24.573632642844313 22.518838472962038
401.0 24.575625546227474 22.519538211538034
401.5 24.577622451070525 22.520243368318965
401.9999999999999 24.579620964271047 22.52095302075563
402.5 24.58160455532088 22.521655912494467
403.0 24.58361038868318 22.522358724520295
403.4999999999999 24.58561466885086 22.523074206329493
404.0 24.587621596358407 22.523785598736197
404.5 24.589634135137977 22.52449084041565
404.9999999999999 24.591626076622465 22.525198424584275
405.5 24.593605386257575 22.52591728702415
406.0 24.595619202608574 22.526633374802955
406.4999999999999 24.597623427458124 22.52734360899566
407.0 24.599616394446684 22.528064834461738
407.5 24.601642687172834 22.528791918748354
407.9999999999999 24.603639722286953 22.529512817505797
408.5 24.605615442499197 22.53023394635261
409.0 24.607654666578085 22.53095215764403
409.4999999999999 24.60965248237288 22.531679874367917
410.0 24.61165921532966 22.532399488569762
410.5 24.613659544626024 22.533130157713742
410.9999999999999 24.615665116856636 22.5338679397769
411.5 24.61766770081891 22.534592368821844
412.0 24.61968049938903 22.535312596443365
412.4999999999999 24.621695536931803 22.536053005131926
413.0 24.623699749562626 22.536779040135485
413.5 24.625704686027344 22.537512092743807
413.9999999999999 24.627726673718023 22.53824955153256
414.5 24.629731460552296 22.538979705355313
415.0 24.631757238055695 22.53971875791909
415.4999999999999 24.633739448311896 22.540455285325155
416.0 24.635758313095874 22.541185981950544
416.5 24.637776779778203 22.541930328411386
416.9999999999999 24.63979159737214 22.542666988491934
417.5 24.641787175177203 22.543409098487437
418.0 24.643826507766175 22.544148982037232
418.4999999999999 24.645842986213307 22.544896069646363
419.0 24.64785312912762 22.545635908366698
419.5 24.64986561532275 22.546376127155533
419.9999999999999 24.65187164382059 22.547120203684045
420.5 24.65390601118959 22.547860016517944
421.0 24.65592821180627 22.548608071999613
421.4999999999999 24.65795848104442 22.549354218759152
422.0 24.659976783310945 22.550094444201324
422.5 24.661990788372812 22.55084004876184
422.9999999999999 24.664008083380537 22.5515935225151
423.5 24.666038555405304 22.552340237150005
424.0 24.668068911135634 22.553080647395966
424.4999999999999 24.67009093451395 22.553835495378646
425.0 24.672104390802097 22.55457906397611
425.5 24.67413905268556 22.555337838441048
425.9999999999999 24.676160716206393 22.556075686472326
426.5 24.678209995995243 22.556827691848454
427.0 24.680230378272114 22.55757757845403
427.4999999999999 24.682264577979005 22.558330520478776
428.0 24.684289376594787 22.559074810620736
428.5 24.686340835914788 22.55982197602174
428.9999999999999 24.688365121093394 22.560578339063248
429.5 24.690393809981387 22.56132212146758
430.0 24.69244968575385 22.562067730547298
430.4999999999999 24.694474967698483 22.562830456351037
431.0 24.696513192654717 22.56357925074625
431.5 24.698539611278537 22.5643343696251
431.9999999999999 24.700583340115116 22.565085224982063
432.5 24.70260296759284 22.5658385870436
433.0 24.704645568669896 22.566606265104333
433.4999999999999 24.70668785129851 22.567366079797736
434.0 24.70871886964315 22.568114858246396
434.5 24.71077546648633 22.56886753045498
434.9999999999999 24.71279176201561 22.5696446862551
435.5 24.714856126514636 22.570398143781784
436.0 24.716895468524353 22.571160900423052
436.4999999999999 24.71891190302941 22.571922386509954
437.0 24.720960503469055 22.572685518845176
437.5 24.723003755815995 22.573452420282763
437.9999999999999 24.725063746123762 22.574222541638683
438.5 24.72710108223561 22.574995937749982
439.0 24.729134483325073 22.575759406307732
439.4999999999999 24.731174487975615 22.57652668831797
440.0 24.733235252019274 22.577296828894497
440.5 24.735252799998232 22.578070472910134
440.9999999999999 24.737311331939882 22.578842978557088
441.5 24.739363910359803 22.57961425381861
442.0 24.741394070602727 22.580387051419798
442.5 24.743459472687974 22.581161665982982
443.0 24.745491100036144 22.58192938544582
443.5 24.747536474240533 22.582706348747333
444.0 24.74959611288451 22.583485696052733
444.5 24.751638895986005 22.584261373614925
445.0 24.75370254524389 22.585045387575576
445.5 24.75572666769265 22.58582007555769
446.0 24.75778071555966 22.586603893646398
446.5 24.75983017856828 22.587379939436964
447.0 24.76189293714218 22.588163706482312
447.5 24.76393006008802 22.58894923196504
448.0 24.766000598587198 22.589720144850446
448.5 24.768061939060885 22.59051250608089
449.0 24.77009753206844 22.591297057483565
449.5 24.772163436628297 22.592076355215205
450.0 24.774197879354674 22.59285941558179
450.5 24.776275607194922 22.593648963170097
451.0 24.778310251641212 22.59442350641812
451.5 24.780388745159627 22.59521974597706
452.0 24.782434363154962 22.596003869142372
452.5 24.784490465408112 22.596789433620913
453.0 24.786567520248184 22.597577006330138
453.5 24.78862384677651 22.59836410784118
454.0 24.790676844564477 22.599158951439655
454.5 24.792740014611987 22.599947552246547
455.0 24.79479391598476 22.600731694932634
455.5 24.796864213362177 22.60151934426804
456.0 24.798940792563823 22.6023074005819
456.5 24.801000343171534 22.603099341645834
457.0 24.803072150586814 22.603889021386365
457.5 24.80513553320936 22.604679099615996
458.0 24.807224619280234 22.605476522756188
458.5 24.809291104352962 22.606267594322148
459.0 24.811359334861848 22.607048441305608
459.5 24.813431513620937 22.607855797261458
460.0 24.815503842739645 22.60863547766331
460.5 24.817553951075535 22.60942857941648
461.0 24.819643531064845 22.610217491201958
461.5 24.821724949196124 22.611014191291673
462.0 24.82380250614005 22.611817778670137
462.5 24.82588017189058 22.612603861115126
463.0 24.827958568905522 22.61339362254305
463.5 24.830024726456315 22.614194402441704
464.0 24.832112708976254 22.61498675205818
464.5 24.83420065022505 22.615777439756307
465.0 24.836275459530917 22.616568821240413
465.5 24.83836646541949 22.617359705919643
466.0 24.840436563477507 22.61815949795065
466.5 24.84253125360222 22.618951061764587
467.0 24.844622232650728 22.619750775012726
467.5 24.846698772589253 22.620544441076458
468.0 24.84879770099014 22.621338398608493
468.5 24.850893891981354 22.622136508405877
469.0 24.852969311897873 22.622929584170407
469.5 24.8550631515022 22.623726350010656
470.0 24.857175274875516 22.624522587910683
470.5 24.859256062819068 22.62531228683144
471.0 24.86134873796667 22.626116895542786
471.5 24.863430438095723 22.62691119378326
472.0 24.86551491380542 22.627711198563535
472.5 24.86761209167006 22.628515652516434
473.0 24.869692521517088 22.6293084756239
473.5 24.87181246851702 22.630107416820056
474.0 24.873898029953743 22.63091277462705
474.5 24.87601801541784 22.63171094372636
475.0 24.8781070764071 22.632500883422423
475.5 24.880179255254443 22.633312991070884
476.0 24.88228332578438 22.634115726613473
476.5 24.88439503440016 22.634907910658843
477.0 24.886507293800456 22.635709477131293
477.5 24.888575837202353 22.63651244987285
478.0 24.89067764972184 22.637318933423806
478.5 24.892771327163285 22.638122132657156
479.0 24.89488497151335 22.638926210334315
479.5 24.897009727470206 22.639726085201083
480.0 24.899085448846805 22.64053469290698
480.5 24.901200397902272 22.641339719768048
481.0 24.90332574333233 22.642143448202454
481.5 24.9054181607396 22.64294200534544
482.0 24.907507445673197 22.643757511092563
482.5 24.90962455300378 22.64455808077116
483.0 24.911712827864072 22.645365406162693
483.5 24.91383020209279 22.646172870374848
484.0 24.915943433696505 22.64698294272501
484.5 24.9180478492341 22.647794281839797
485.0 24.920154570722687 22.648604650329535
485.5 24.92225389081648 22.6494117148807
486.0 24.924388121515904 22.65022515539062
486.5 24.92650853898442 22.65102852368286
487.0 24.928622730436125 22.651850175059764
487.5 24.930720577010955 22.652657320664456
488.0 24.932832863555127 22.653475164971276
488.5 24.93496057467261 22.65428343806611
489.0 24.937069287632877 22.655096899410037
489.5 24.939187782297395 22.655906959854462
490.0 24.94130246601605 22.656723278142934
490.5 24.943431676746393 22.65753836659691
491.0 24.945543071864115 22.658354006679197
491.5 24.94766515516644 22.65916745025435
492.0 24.949796748091178 22.659986421108634
492.5 24.951897103247084 22.66080323820894
493.0 24.95403817075184 22.66162022822375
493.5 24.95619172343155 22.662438938727316
494.0 24.958305536449423 22.6632564760374
494.5 24.960420881042957 22.664079115012456
495.0 24.96254567078829 22.66489659346087
495.5 24.964696895935994 22.665718755250527
496.0 24.966819924706517 22.666541239246424
496.5 24.968956349582374 22.66736129342444
497.0 24.971076410227262 22.66818953582392
497.5 24.973229752904803 22.66900751959412
498.0 24.975340496077383 22.66983442357418
498.5 24.977485578346577 22.670651544204105
499.0 24.979629080934828 22.671484534338717
499.5 24.9817734432909 22.672312506658315
500.0 24.983910418702205 22.67313304030425
500.5 24.986043271835623 22.673964640197973
501.0 24.988183276012364 22.674788693815152
501.5 24.990331276159385 22.675619761872497
502.0 24.992473741177786 22.676441563030707
502.5 24.9946292167467 22.67727357128259
503.0 24.996783450216483 22.678110731430014
503.5 24.998934768721096 22.67893655720914
504.0 25.001058241502086 22.67976613241111
504.5 25.003213342595064 22.680597400188365
505.0 25.005355150356824 22.68142747398542
505.5 25.00751311183112 22.682265084146145
506.0 25.00966604324368 22.6831026125897
506.5 25.011822365466415 22.683931633707303
507.0 25.01396906994257 22.684764120632884
507.5 25.016153079590588 22.685595897922376
508.0 25.01827680221947 22.686432589040084
508.5 25.020429971925665 22.687270593187034
509.0 25.022595219164238 22.688112922902924
509.5 25.024751294833987 22.68894180576393
510.0 25.026886429408957 22.68977609728801
510.5 25.029074304694014 22.690619617056967
511.0 25.031214692343976 22.69145477368032
