FastTrWP/PhaseSpace/IAs/snIa_0.54_30.00_0.53_-0.02.csv
# %ECSV 0.9
# ---
# datatype:
# - {name: time-rel, datatype: float64}
# - {name: g, datatype: float64}
# - {name: i, datatype: float64}
# schema: astropy-2.0
time-rel g i
[from data line 362]
-240.5 24.3559213140608 23.27984073743524
-240.0 24.351947778236763 23.27701940731243
-239.5 24.34799551775294 23.274235548274056
-239.0 24.34403257037285 23.27143474160801
-238.5 24.34008355223296 23.26864181519295
-238.0 24.336147615458184 23.26586127181551
-237.5 24.332213621830864 23.263088716320496
-237.0 24.32828375042043 23.26030647109974
-236.5 24.324367158953706 23.257541875392718
-236.0 24.320444358141163 23.254781825827585
-235.5 24.31654832555193 23.252024758795216
-235.0 24.31265540445118 23.24927217146997
-234.5 24.308745956383095 23.2465305148413
-234.0 24.304869334571684 23.243788460695395
-233.5 24.300987183028333 23.24105707999633
-233.0 24.29711908631414 23.238328091211645
-232.5 24.29324536857202 23.235613134157532
-232.0 24.289384630390018 23.232887140932412
-231.5 24.28552675034433 23.23017414927582
-231.0 24.28168342060352 23.227476604575603
-230.5 24.277842825316192 23.22476139494285
-230.0 24.273995858062037 23.222069759756984
-229.5 24.27018058548528 23.21937187095983
-229.0 24.266348932140843 23.216691064448483
-228.5 24.26252468745517 23.213999987962076
-228.0 24.258715048573777 23.21132787809271
-227.5 24.254896451368104 23.208644675679313
-227.0 24.251100342084825 23.205975884174457
-226.5 24.24732324347474 23.203321755130332
-226.0 24.243517722754152 23.20065876072967
-225.5 24.23972974418628 23.19801766471496
-225.0 24.2359530896967 23.195359650914273
-224.5 24.23218564441091 23.192708535194587
-224.0 24.228406247011264 23.190072516031414
-223.5 24.224654816665613 23.18742963922627
-223.0 24.220889762782893 23.184802317347444
-222.5 24.21713126462763 23.18217231086114
-222.0 24.21338969633431 23.179545695648685
-221.5 24.20965630211867 23.17693358417919
-221.0 24.20591434877748 23.174315358811157
-220.5 24.202191233423452 23.171706741680396
-220.0 24.198465505731708 23.169096087897074
-219.5 24.194755652259666 23.166509492677005
-219.0 24.191046558479172 23.163922101981353
-218.5 24.187341437525163 23.161325581968704
-218.0 24.18364975040644 23.15873473528342
-217.5 24.17995986491875 23.156161310848557
-217.0 24.176258402958513 23.15359833177128
-216.5 24.17259707179278 23.151020260720514
-216.0 24.168921750801186 23.14846001696172
-215.5 24.165263768213915 23.145902671848123
-215.0 24.16158515965438 23.143340494532595
-214.5 24.157946098813152 23.140802823786824
-214.0 24.154297227025054 23.138255106532576
-213.5 24.150652534607453 23.135712870587597
-213.0 24.147014464475554 23.13318272585073
-212.5 24.14338375718497 23.130650197921256
-212.0 24.139757260756326 23.128128093131224
-211.5 24.136143170776656 23.125594946845975
-211.0 24.132534593957445 23.12308399616669
-210.5 24.12892643877294 23.12056708698327
-210.0 24.125315017617886 23.118063579412052
-209.5 24.121721979348493 23.115567084695204
-209.0 24.118130799081726 23.113064628618332
-208.5 24.114552495454532 23.11057536269969
-208.0 24.11095744208302 23.1080802132306
-207.5 24.10738460926278 23.10558449135559
-207.0 24.10383537179131 23.10310990373154
-206.5 24.100254431932456 23.100630650575333
-206.0 24.096696119536375 23.098158765066525
-205.5 24.09314751781402 23.095684349118805
-205.0 24.089611573213723 23.093224120018256
-204.5 24.08604755603053 23.090769671333206
-204.0 24.08251430105902 23.088301040955198
-203.5 24.078983384480278 23.085860067779223
-203.0 24.075466905334174 23.08340841293091
-202.5 24.071928263446615 23.08096279562442
-202.0 24.06842074580556 23.07851876074695
-201.5 24.06491737736921 23.076082332440283
-201.0 24.06139997131057 23.073650704214156
-200.5 24.057894175590675 23.071223210455702
-200.0 24.05441431098768 23.06879616131472
-199.5 24.050905650088993 23.06638219346029
-199.0 24.047415932510155 23.063966759793374
-198.5 24.04395264628784 23.061551374303953
-198.0 24.040465952559735 23.059131084618553
-197.5 24.037005278362365 23.05673333913677
-197.0 24.033532220949713 23.054326561255504
-196.5 24.030075074840195 23.051929926004384
-196.0 24.026610344447732 23.049536431255447
-195.5 24.023159068517327 23.047148595776534
-195.0 24.019714299609017 23.044766398300936
-194.5 24.0162801602524 23.042373817957543
-194.0 24.012835748513854 23.039987425179138
-193.5 24.009405315564784 23.03761344384782
-193.0 24.00597704894279 23.03524268882367
-192.5 24.00254816271515 23.032864754476215
-192.0 23.999136605321283 23.030512025511285
-191.5 23.995705605352427 23.028134923107928
-191.0 23.9922976126052 23.025780525468274
-190.5 23.988894829844227 23.023428135305046
-190.0 23.985503407111977 23.021070473131026
-189.5 23.982098827519952 23.01872157710267
-189.0 23.97871414506298 23.016380292274363
-188.5 23.975323434698012 23.01403128927262
-188.0 23.971957040595996 23.011689568562403
-187.5 23.968576678870757 23.009352078909792
-187.0 23.965179119878826 23.00703657864238
-186.50000000000006 23.961822066598106 23.004696374976625
-186.0 23.958463852520314 23.002362440232567
-185.5 23.955091617944284 23.000045176356263
-185.00000000000006 23.951737893577768 22.9977220139035
-184.5 23.94837890667322 22.99540005666794
-184.0 23.94502129052598 22.99309147968372
-183.50000000000006 23.941663862816235 22.990760880521037
-183.0 23.938278499619727 22.98845737744471
-182.5 23.934918662696735 22.98614542298855
-182.00000000000006 23.9315419415788 22.983821595682407
-181.5 23.928153478812554 22.981503561818926
-181.0 23.92477403495057 22.97918915916458
-180.50000000000006 23.921384661065836 22.976874409899484
-180.0 23.918010228734158 22.974560094017242
-179.5 23.914613170303085 22.97224006483738
-179.00000000000006 23.911235595268057 22.969940753288633
-178.5 23.90783881343691 22.96764113907554
-178.0 23.904435288569843 22.965320208238925
-177.50000000000006 23.901055333542995 22.963016838061762
-177.0 23.89765645004264 22.960708236913725
-176.5 23.894265656556758 22.95841205529415
-176.00000000000006 23.89089252453583 22.95610322929867
-175.5 23.88749126017663 22.953807568921945
-175.0 23.884094305063748 22.951522996581275
-174.50000000000006 23.88073780889453 22.949216025774938
-174.0 23.87736357892625 22.946933238986524
-173.5 23.87398741451007 22.94465146244766
-173.00000000000006 23.87062885475579 22.94236686463777
-172.5 23.86725029887095 22.94008581690975
-172.0 23.863895693484302 22.937811882271145
-171.50000000000006 23.860540316468235 22.93553172806979
-171.0 23.8571891683676 22.933265883261733
-170.5 23.853853346762772 22.930993436162716
-170.00000000000006 23.85051679774273 22.92872894653733
-169.5 23.847201666386365 22.92647699603215
-169.0 23.84387047954545 22.924225787431855
-168.50000000000006 23.84054942436405 22.921965355231922
-168.0 23.837249951292815 22.91972032336101
-167.5 23.833953671151352 22.91749087351812
-167.00000000000006 23.830673960497816 22.9152484498063
-166.5 23.827389294899852 22.913018821492198
-166.0 23.824130853572065 22.910784392364025
-165.50000000000006 23.82086452376729 22.90855509710401
-165.0 23.817622268965803 22.906345301735897
-164.5 23.81437245273608 22.904125743828068
-164.00000000000006 23.81114441768089 22.901923804248785
-163.5 23.807915998283804 22.89972335345471
-163.0 23.80470287521667 22.897524575960773
-162.50000000000006 23.801537715583887 22.895333785069944
-162.0 23.798331087608126 22.893147322543395
-161.5 23.795165631642973 22.890975624337226
-161.00000000000006 23.79201261692632 22.888795725536397
-160.5 23.788862494197296 22.886631606694102
-160.0 23.785750296932335 22.884475634952647
-159.50000000000006 23.782614044504747 22.882315089821788
-159.0 23.77952831638014 22.880160504883044
-158.5 23.776443071370753 22.87801930929525
-158.00000000000006 23.773357359802215 22.87588703163169
-157.5 23.770299983662678 22.87375454661594
-157.0 23.76725547166307 22.871635488866815
-156.50000000000006 23.76421433918199 22.869523597387847
-156.0 23.761207642426513 22.86741988320109
-155.5 23.758207974164982 22.865314553973842
-155.00000000000006 23.75522339474901 22.863219544891503
-154.5 23.7522485078147 22.8611259680024
-154.0 23.749306176800417 22.859059616562472
-153.50000000000006 23.746369255674466 22.85698435047403
-153.0 23.743455451076883 22.85491728904556
-152.5 23.740543962032206 22.852860578813523
-152.00000000000006 23.737677855599788 22.85081791442027
-151.5 23.734804299612424 22.848767319015586
-151.0 23.731961504609373 22.846725873890957
-150.50000000000006 23.72913816540506 22.844709642875518
-150.0 23.726308683287797 22.84269523367616
-149.5 23.723538198621654 22.84068923135733
-149.00000000000006 23.720761150939808 22.838687986740833
-148.5 23.71800684634867 22.83669283056696
-148.0 23.715290585333754 22.83470661607683
-147.50000000000006 23.71255975838679 22.832733425040477
-147.0 23.709858657592985 22.830762518005425
-146.5 23.70715592142414 22.82879929361465
-146.00000000000006 23.704474405149575 22.826844516020813
-145.5 23.70176866861013 22.824871650291154
-145.0 23.699101907510688 22.822921999680222
-144.50000000000006 23.696428912221833 22.82097508511805
-144.0 23.693769299183856 22.81903216895965
-143.5 23.69110232795707 22.81707590541494
-143.00000000000006 23.68844979638191 22.815142978738375
-142.5 23.685805804528922 22.813211677274392
-142.0 23.683179887839508 22.811279911800973
-141.50000000000006 23.680548020555253 22.80934639509823
-141.0 23.677928637118633 22.807418726155568
-140.5 23.67532609397081 22.805511323803145
-140.00000000000006 23.672716973163176 22.80358989509474
-139.5 23.670119607003134 22.801693018245686
-139.0 23.66753609858367 22.799791313889216
-138.50000000000006 23.66495417057507 22.797884387039264
-138.0 23.66238769334787 22.795994766800707
-137.5 23.6598196350192 22.794102498995095
-137.00000000000006 23.65729583967998 22.79222463075634
-136.5 23.654757656195258 22.790349390112556
-136.0 23.652218253694436 22.78847609074583
-135.50000000000006 23.649694163678042 22.78660509526968
-135.0 23.647191741816084 22.78474229587085
-134.5 23.644667401982694 22.7828729224715
-134.00000000000006 23.64219617687229 22.7810270763592
-133.5 23.63972750839288 22.779176034117498
-133.0 23.63723637541905 22.777333145248683
-132.50000000000006 23.634783104962764 22.77548479539361
-132.0 23.632316245408656 22.773656653542105
-131.5 23.62989083481823 22.771824966415657
-131.00000000000006 23.627454523534894 22.770002721037322
-130.5 23.625052194973883 22.76818014855025
-130.0 23.622638461618074 22.76637082008447
-129.50000000000006 23.620242305894976 22.764568180046535
-129.0 23.61784845930808 22.762760881572156
-128.5 23.61549677542579 22.760966884100814
-128.00000000000006 23.61311797687387 22.759182174478614
-127.5 23.610776424070483 22.757393163491706
-127.0 23.6084408729579 22.75560880938795
-126.50000000000006 23.606108306983362 22.753839386773347
-126.0 23.603793497019147 22.752077079410352
-125.5 23.601490806385577 22.750311112104214
-125.00000000000006 23.59920266833818 22.74855073592462
-124.5 23.596914816349074 22.746813001726878
-124.0 23.594660388922964 22.745073548189048
-123.50000000000006 23.59238929322572 22.74332093217255
-123.0 23.590162774269473 22.741589795987945
-122.5 23.587930293462016 22.739860074575148
-122.00000000000006 23.58571319603133 22.738149365285317
-121.5 23.58350613136194 22.736437277991687
-121.0 23.58132478968473 22.734730050884153
-120.50000000000006 23.579141377330487 22.73303050783523
-120.0 23.576988320205245 22.731327743084854
-119.5 23.574829480464143 22.729648071813642
-119.00000000000006 23.572691605121506 22.727957528193304
-118.5 23.570573882950548 22.726283277045177
-118.0 23.56845684132513 22.724615918337694
-117.50000000000006 23.56635998729063 22.722964121970932
-117.0 23.564278216237273 22.721302874999324
-116.5 23.5622070077578 22.71964607281226
-116.00000000000006 23.5601515024809 22.71800388075121
-115.5 23.558118529669603 22.716358316894883
-115.0 23.55608171790742 22.714730206157544
-114.50000000000006 23.554068413834642 22.713112127434872
-114.0 23.552068139892988 22.71149373516767
-113.5 23.550071872309335 22.70988237836207
-113.00000000000006 23.548119466508947 22.70828184349579
-112.5 23.54615396436224 22.706682004748497
-112.0 23.54422539609061 22.705094460845686
-111.50000000000006 23.542294364426976 22.703510636358057
-111.0 23.540385172127024 22.701937009244133
-110.5 23.538492811082293 22.70036146905604
-110.00000000000006 23.536600513255934 22.698803756369692
-109.5 23.534724914804478 22.69724775261292
-109.0 23.5328657981305 22.695691971615737
-108.50000000000006 23.531004790085216 22.69414627482889
-108.0 23.52915236386794 22.692602245028578
-107.5 23.52732463540084 22.691063386151733
-107.00000000000006 23.525501984930926 22.689526097046162
-106.5 23.523690414324495 22.688006824632318
-106.0 23.521884456865322 22.686475072160384
-105.50000000000006 23.520078775615257 22.684966567943757
-105.0 23.518302991122262 22.683447515244826
-104.5 23.51652551095118 22.681939476895078
-104.00000000000006 23.51476649554923 22.680438947922145
-103.5 23.513001821216292 22.67894831939039
-103.0 23.51126859442826 22.677449182857167
-102.50000000000006 23.509534021796064 22.675956774581397
-102.0 23.507807734295557 22.674483608981507
-101.5 23.506083298436113 22.673001437141135
-101.00000000000006 23.504379630676624 22.671532370801977
-100.5 23.502688535209295 22.670068796691055
-100.0 23.50101430000004 22.66860930743187
-99.50000000000006 23.499329074183155 22.66714969294823
-99.0 23.497649740507253 22.66569254851252
-98.5 23.496009283517377 22.66424577890524
-98.00000000000006 23.494359258100967 22.662809995358476
-97.5 23.4927204039982 22.66137902219182
-97.0 23.491101427824095 22.65994200597099
-96.50000000000006 23.489482500397024 22.65850863641515
-96.0 23.48787396415438 22.657095325421096
-95.5 23.48628146721974 22.65567504313387
-95.00000000000006 23.48467908049876 22.654260620410312
-94.5 23.48310316027634 22.652848159933797
-94.0 23.481544857630333 22.651444373272028
-93.50000000000006 23.479985340604305 22.650053263520963
-93.0 23.478430486916256 22.64865878213437
-92.5 23.476893736200598 22.64726747895436
-92.00000000000006 23.47537333139379 22.645888332100157
-91.5 23.473858051217285 22.64451190400048
-91.0 23.472341152092216 22.643140104237883
-90.50000000000006 23.47083837328032 22.641772371869365
-90.0 23.469354664840587 22.64041048252247
-89.5 23.46787939276307 22.639051204550704
-89.00000000000006 23.466391888434334 22.637694745322467
-88.5 23.464944278655683 22.636345705283713
-88.0 23.46348915199842 22.635011121202766
-87.50000000000006 23.46204704597735 22.63366921359667
-87.0 23.46062040632114 22.632338121809322
-86.5 23.45919813180388 22.631009428310577
-86.00000000000006 23.457791377666638 22.62968357360091
-85.5 23.456380605062673 22.628365126314996
-85.0 23.454989776771637 22.627053932512236
-84.50000000000006 23.453599289618307 22.62575128825178
-84.0 23.452230837226686 22.624443194241465
-83.5 23.450852350011388 22.623140146867975
-83.00000000000006 23.449504417681887 22.62184558265897
-82.5 23.448177277820065 22.620556681890925
-82.0 23.446839173124836 22.6192711694234
-81.50000000000006 23.44551079904563 22.617997149334567
-81.0 23.44419392798752 22.616714397553256
-80.5 23.4428793363846 22.615450836478157
-80.00000000000006 23.44160176825988 22.614179750787997
-79.5 23.440300907997642 22.612920013565546
-79.0 23.4390298063817 22.611671582485997
-78.50000000000006 23.437756969797867 22.61041778114766
-78.0 23.436500596324837 22.609168063246017
-77.5 23.435244593479368 22.607924555267385
-77.00000000000006 23.43401412911473 22.606690159502584
-76.5 23.43278710904093 22.60545715356072
-76.0 23.43155597715775 22.60422936538547
-75.50000000000006 23.43034887775174 22.60300997548037
-75.0 23.429147692035496 22.60179037346143
-74.5 23.427955159041886 22.60058032338787
-74.00000000000006 23.42677760081903 22.599369812729154
-73.5 23.42560750392204 22.598170035170682
-73.0 23.424447295023114 22.596967713906267
-72.50000000000006 23.423288067782316 22.595774963820258
-72.0 23.422142118079876 22.59459038355553
-71.5 23.42099940242357 22.593399282731887
