FastTrWP/PhaseSpace/IAs/snIa_0.69_30.00_-0.15_0.05.csv
# %ECSV 0.9
# ---
# datatype:
# - {name: time-rel, datatype: float64}
# - {name: g, datatype: float64}
# - {name: i, datatype: float64}
# schema: astropy-2.0
time-rel g i
[from data line 2018]
1120.0416666666667 25.934530346192485 22.7574800835023
1120.5416666666667 25.936183443926772 22.758493544021757
1121.0416666666667 25.937829932432052 22.7595197671587
1121.5416666666667 25.939431013549594 22.76054699358763
1122.0416666666667 25.941073686843154 22.761568748383965
1122.5416666666667 25.942757374254214 22.762603987436748
1123.0416666666667 25.94436918769546 22.763625613559118
1123.5416666666667 25.94599987336541 22.764655470759337
1124.0416666666667 25.947634762792564 22.76568126321477
1124.5416666666667 25.949331800472322 22.766717579924656
1125.0416666666667 25.950959764813494 22.767739867089336
1125.5416666666667 25.952619226715722 22.768781943602356
1126.0416666666667 25.954275180528107 22.76980098075419
1126.5416666666667 25.95594950830821 22.77083801533911
1127.0416666666667 25.957608650718107 22.7718730378852
1127.5416666666667 25.959255363983335 22.772905115826994
1128.0416666666667 25.960946956971213 22.773947920936045
1128.5416666666667 25.962606538931176 22.774969589130805
1129.0416666666667 25.964233814892328 22.776008799399765
1129.5416666666667 25.965940111305386 22.77705243759985
1130.0416666666667 25.967635173185386 22.778083490810314
1130.5416666666667 25.96926127285723 22.7791308153218
1131.0416666666667 25.970961987596066 22.780169933678987
1131.5416666666667 25.972604569198744 22.78120981577684
1132.0416666666667 25.97431668350729 22.782252871611238
1132.5416666666667 25.976001461713047 22.783285726025188
1133.0416666666667 25.97764389353015 22.784332303023753
1133.5416666666667 25.979345590300575 22.785386646567346
1134.0416666666667 25.98104124650853 22.786420803565267
1134.5416666666667 25.9827210421756 22.787473596808514
1135.0416666666667 25.984436887433336 22.788523478882112
1135.5416666666667 25.986133293969004 22.789572741614098
1136.0416666666667 25.98781107013756 22.790621587487546
1136.5416666666667 25.98951424504406 22.791669244588213
1137.0416666666667 25.99121780568627 22.79271798906069
1137.5416666666667 25.992916507452275 22.79376395397999
1138.0416666666667 25.99462298675943 22.794819155393462
1138.5416666666667 25.996306478969213 22.79587422461798
1139.0416666666667 25.998017618276602 22.79691928834191
1139.5416666666667 25.999752803002888 22.797985314417915
1140.0416666666667 26.001447476565897 22.79903514996624
1140.5416666666667 26.00318070671055 22.80010086629747
1141.0416666666667 26.00490227593408 22.801154241806568
1141.5416666666667 26.006598185403536 22.802213889858876
1142.0416666666667 26.008337352188416 22.803272834692972
1142.5416666666667 26.01007309243343 22.804332220870943
1143.0416666666667 26.01177852159722 22.805398874590914
1143.5416666666667 26.01352101620764 22.80646116912667
1144.0416666666667 26.015234251443104 22.807523798370134
1144.5416666666667 26.016976277788025 22.808584567634412
1145.0416666666667 26.018694045553655 22.809659966385087
1145.5416666666667 26.020449697968683 22.81072279866843
1146.0416666666667 26.022207067371383 22.811788197732618
1146.5416666666667 26.023947549648447 22.812860169393716
1147.0416666666667 26.0256735440053 22.813926466710726
1147.5416666666667 26.027410602725617 22.814994911975838
1148.0416666666667 26.029184938671275 22.81606764896802
1148.5416666666667 26.03095350834414 22.817140073163927
1149.0416666666667 26.032704031044997 22.818214282731887
1149.5416666666667 26.03444994895164 22.819286577502748
1150.0416666666667 26.03622554701271 22.820364731982174
1150.5416666666667 26.03799289229187 22.821434880186317
1151.0416666666667 26.039723078364045 22.822515739636987
1151.5416666666667 26.041508342606964 22.82358972098292
1152.0416666666667 26.04328203975499 22.824675080056828
1152.5416666666667 26.045067525439165 22.825749609252984
1153.0416666666667 26.04683142881703 22.82682716394032
1153.5416666666667 26.0486056308512 22.827920778001378
1154.0416666666667 26.050391826350797 22.82899941491703
1154.5416666666667 26.052164872696597 22.8300794851451
1155.0416666666667 26.053954940014385 22.831164778671308
1155.5416666666667 26.05577325275712 22.832248916802058
1156.0416666666667 26.05755621856875 22.83333892366924
1156.5416666666667 26.05933316233947 22.834424350917814
1157.0416666666667 26.061136520495868 22.83551441427859
1157.5416666666667 26.062929950661776 22.83660347519424
1158.0416666666667 26.064708607500975 22.837687284090528
1158.5416666666667 26.066513048270675 22.838777258262965
1159.0416666666667 26.068319222679214 22.839868061550245
1159.5416666666667 26.07016610208349 22.840961645802352
1160.0416666666667 26.07193049728933 22.842060307091586
1160.5416666666667 26.07375158871665 22.843148365683483
1161.0416666666667 26.075558311792012 22.84424026002908
1161.5416666666667 26.077350312331053 22.845346644863373
1162.0416666666667 26.07920785559326 22.846441700666027
1162.5416666666667 26.081033829740402 22.847538961800346
1163.0416666666667 26.082862712605078 22.848637302322285
1163.5416666666667 26.084644142185304 22.84973597017335
1164.0416666666667 26.08650100225757 22.85084063814701
1164.5416666666667 26.088280667683065 22.851935518509073
1165.0416666666667 26.090160338989033 22.853040363236744
1165.5416666666667 26.091984751488248 22.8541413784968
1166.0416666666667 26.09378247875691 22.855256398428256
1166.5416666666667 26.0956428987285 22.85635965555001
1167.0416666666667 26.09745830671953 22.85747293773079
1167.5416666666667 26.099334088540473 22.858570428452666
1168.0416666666667 26.1011843812263 22.859680180606333
1168.5416666666667 26.102991908389335 22.86079438059705
1169.0416666666667 26.104847348116387 22.86189799091771
1169.5416666666667 26.106681629139146 22.863013325651256
1170.0416666666667 26.1085540770573 22.86412236360732
1170.5416666666667 26.110372884497572 22.86523413691906
1171.0416666666667 26.112247396618255 22.86634996674001
1171.5416666666667 26.114121004041113 22.86747318757929
1172.0416666666667 26.11598169150819 22.868581690577766
1172.5416666666667 26.117807151126815 22.869707337069897
1173.0416666666667 26.119671210636277 22.87082373059689
1173.5416666666667 26.12153371852046 22.87194011327685
1174.0416666666667 26.12339059250164 22.873060558568703
1174.5416666666667 26.125290565024713 22.874181092070284
1175.0416666666667 26.12716605215698 22.87530049471833
1175.5416666666667 26.129009828324257 22.8764182895274
1176.0416666666667 26.13089953063288 22.877550808311046
1176.5416666666667 26.132773561354 22.878677115912296
1177.0416666666667 26.134643448521125 22.879799166166407
1177.5416666666667 26.13649224145041 22.880930007941505
1178.0416666666667 26.1383672786703 22.882061328081097
1178.5416666666667 26.14025429180774 22.88318377066996
1179.0416666666667 26.1421511555541 22.88430679788074
1179.5416666666667 26.144029646376495 22.885450893355635
1180.0416666666667 26.145897636176887 22.886579427553183
1180.5416666666667 26.147809187941043 22.887707665835237
1181.0416666666667 26.149694177921752 22.888842456869114
1181.5416666666667 26.151566594769037 22.88997648499363
1182.0416666666667 26.15347175293286 22.891109162494292
1182.5416666666667 26.155367631543733 22.892251009031078
1183.0416666666667 26.157282597660515 22.893384336013206
1183.5416666666667 26.159151731655932 22.89453448040436
1184.0416666666667 26.161064755551028 22.8956724333486
1184.5416666666667 26.16292929822867 22.89681525145535
1185.0416666666667 26.164857036134098 22.897958265204945
1185.5416666666667 26.166798714642916 22.899098041668925
1186.0416666666667 26.16871326469944 22.900241944150423
1186.5416666666667 26.170624698269226 22.901388740948153
1187.0416666666667 26.172562721577467 22.902540574367723
1187.5416666666667 26.174520465554703 22.903697210437453
1188.0416666666667 26.17646770776979 22.904851335722554
1188.5416666666667 26.178434758264466 22.906002961284223
1189.0416666666667 26.18035797415346 22.907165009441734
1189.5416666666667 26.18235841556654 22.908319178321435
1190.0416666666667 26.18429711666756 22.909484482505956
1190.5416666666667 26.18628347655196 22.910634426312466
1191.0416666666667 26.188259265561168 22.91180059408076
1191.5416666666667 26.190248333404554 22.912968885893974
1192.0416666666667 26.19224768072279 22.914133470892853
1192.5416666666667 26.19422238219609 22.915300528501593
1193.0416666666667 26.196198879004463 22.916475988389372
1193.5416666666667 26.19823658087329 22.917642320971158
1194.0416666666667 26.20023752656031 22.91881678333715
1194.5416666666667 26.20223572731473 22.91998457108972
1195.0416666666667 26.204254801914644 22.92116189164497
1195.5416666666667 26.20625845149725 22.92232995174969
1196.0416666666667 26.208288000971862 22.92350608573994
1196.5416666666667 26.210297389884623 22.924689498125865
1197.0416666666667 26.212312458528988 22.925857376276845
1197.5416666666667 26.214357162839743 22.92705031543531
1198.0416666666667 26.216385080078553 22.928222825437608
1198.5416666666667 26.21843036153759 22.92940492366368
1199.0416666666667 26.22046001654544 22.930585499480802
1199.5416666666667 26.222472239658217 22.931773607898776
1200.0416666666667 26.224513614928714 22.932957750927024
1200.5416666666667 26.22653842772962 22.93413452504868
1201.0416666666667 26.228601343755322 22.93533211875296
1201.5416666666667 26.230621503399497 22.936523160127294
1202.0416666666667 26.23270729076952 22.937700578321596
1202.5416666666667 26.234726980941524 22.93888752996303
1203.0416666666667 26.236706199145527 22.94007877808337
1203.5416666666667 26.23881515062868 22.941274793879565
1204.0416666666667 26.240806736173987 22.942465118501858
1204.5416666666667 26.242869658507843 22.94365864194194
1205.0416666666667 26.244880515873295 22.94484161534005
1205.5416666666667 26.246968123813396 22.9460442037464
1206.0416666666667 26.248989710190106 22.94723054713883
1206.5416666666667 26.2510486955326 22.94842542437095
1207.0416666666667 26.253041432696094 22.949623722050674
1207.5416666666667 26.255067826384124 22.9508268310777
1208.0416666666667 26.257126793911475 22.952010788396045
1208.5416666666667 26.259154860025085 22.95321022297104
1209.0416666666667 26.261181366764536 22.954409326154092
1209.5416666666667 26.26316603232589 22.955609870208022
1210.0416666666667 26.265249062739443 22.95680183283588
1210.5416666666667 26.26726150519895 22.95800232248308
1211.0416666666667 26.269303448768152 22.95919600620905
1211.5416666666667 26.27133663774297 22.96039256950749
1212.0416666666667 26.27329277598626 22.961601984408162
1212.5416666666667 26.275278385473925 22.96278888288837
1213.0416666666667 26.277326130099233 22.963990677203657
1213.5416666666667 26.279319760169844 22.965189125791326
1214.0416666666667 26.281277384720852 22.966396384181994
1214.5416666666667 26.28330853255136 22.967586219400054
1215.0416666666667 26.285273360002837 22.96877875635381
1215.5416666666667 26.28722794170637 22.969978058576707
1216.0416666666667 26.289240458525676 22.971177635497074
1216.5416666666667 26.291167094960493 22.972384747165258
1217.0416666666667 26.293132383208007 22.973579797786755
1217.5416666666667 26.295131448782104 22.97477677828276
1218.0416666666667 26.29706210787871 22.975985623832024
1218.5416666666667 26.29902288732073 22.977176763037743
1219.0416666666667 26.30093860158393 22.978372058211853
1219.5416666666667 26.302870081865322 22.979573813016096
1220.0416666666667 26.304732348226956 22.980768084204403
1220.5416666666667 26.306667192382566 22.981965078571612
1221.0416666666667 26.308587308670113 22.983159402068047
1221.5416666666667 26.310475983132477 22.984351777125468
1222.0416666666667 26.312386226085728 22.98555688738004
1222.5416666666667 26.314257637230494 22.986739028740267
1223.0416666666667 26.316107240842975 22.987943018715697
1223.5416666666667 26.317992987203947 22.989143050508595
1224.0416666666667 26.319833087660804 22.99032586207721
1224.5416666666667 26.321660560942863 22.991526506754663
1225.0416666666667 26.32350855971351 22.992712768436192
1225.5416666666667 26.325343394400853 22.993907518184265
1226.0416666666667 26.32717005578986 22.99509922328209
1226.5416666666667 26.329005054242103 22.99628623998848
1227.0416666666667 26.330820887870416 22.99749886330342
1227.5416666666667 26.332677957652546 22.998687049427204
1228.0416666666667 26.33445580331405 22.999881835199236
1228.5416666666667 26.336337279257034 23.00107332861554
1229.0416666666667 26.338121415167542 23.0022790101647
1229.5416666666667 26.339930702277993 23.003471594071154
1230.0416666666667 26.341692931000352 23.004665679596844
1230.5416666666667 26.34354154653405 23.005866501895294
1231.0416666666667 26.345342782900474 23.0070611290611
1231.5416666666667 26.347118581970726 23.00825155375633
1232.0416666666667 26.348902340715 23.009456006928154
1232.5416666666667 26.350714049201823 23.010658880371572
1233.0416666666667 26.35246895308166 23.011852144929996
1233.5416666666667 26.35425819727951 23.013053011682473
1234.0416666666667 26.356022512379678 23.014253288755107
1234.5416666666667 26.357824044576603 23.01544581734619
1235.0416666666667 26.359551281314893 23.01665761970026
1235.5416666666667 26.361363200025984 23.01785232050424
1236.0416666666667 26.3630850612676 23.01904943623706
1236.5416666666667 26.3648787058799 23.020257138439018
1237.0416666666667 26.36659802228937 23.02145438598913
1237.5416666666667 26.36836181505945 23.02265455338749
1238.0416666666667 26.370106228287625 23.023853572322423
1238.5416666666667 26.371823139749445 23.02506308530967
1239.0416666666667 26.373545260639876 23.026253924972366
1239.5416666666667 26.375292959445424 23.02746260141324
1240.0416666666667 26.377045833586404 23.02866986144204
1240.5416666666667 26.37871844896334 23.029864906323745
1241.0416666666667 26.38040556162438 23.03106771699561
1241.5416666666667 26.382162354156662 23.032263760453922
1242.0416666666667 26.383803532713245 23.033475280705144
1242.5416666666667 26.385513230814716 23.03467426032098
1243.0416666666667 26.387143534051653 23.035881729023355
1243.5416666666667 26.388859907038427 23.037087079147543
1244.0416666666667 26.390583184075723 23.038285582255007
1244.5416666666667 26.39224876863807 23.03948409529868
1245.0416666666667 26.393903254386316 23.040684640012064
1245.5416666666667 26.395551160445407 23.0419003327277
1246.0416666666667 26.397186488755967 23.04309626076688
1246.5416666666667 26.398869529877224 23.04430009701905
1247.0416666666667 26.400499225499313 23.04550160603089
1247.5416666666667 26.40209853034313 23.046709739591094
1248.0416666666667 26.403720960172173 23.04791444122198
1248.5416666666667 26.40537059579409 23.049114205910218
1249.0416666666667 26.407006034499304 23.05032219933178
1249.5416666666667 26.408591741814465 23.05152950252998
1250.0416666666667 26.410159508639154 23.052725494427758
1250.5416666666667 26.411785389756375 23.05393495241534
1251.0416666666667 26.413330348430378 23.055136072443226
1251.5416666666667 26.414876051308326 23.056335588872972
1252.0416666666667 26.41647017780693 23.05754005682788
1252.5416666666667 26.418028189567828 23.058745560712282
1253.0416666666667 26.419585090816735 23.059948562951966
1253.5416666666667 26.421146170769312 23.061145005178307
1254.0416666666667 26.422652938549138 23.062359470351343
1254.5416666666667 26.424188775359863 23.063556452794067
1255.0416666666667 26.425736708455926 23.06476230543027
1255.5416666666667 26.4272174307077 23.06596766443661
1256.0416666666667 26.42874204180458 23.067177777368112
1256.5416666666667 26.430236368073373 23.06837646252137
1257.0416666666667 26.43173421904836 23.069573152425768
1257.5416666666667 26.433163739860678 23.07077240377689
1258.0416666666667 26.434683450475656 23.071986492081
1258.5416666666667 26.436119973499995 23.07318411970742
1259.0416666666667 26.43757454411391 23.074371021201863
1259.5416666666667 26.4389976570475 23.07558542559415
1260.0416666666667 26.440475554029852 23.07678831665911
1260.5416666666667 26.44189066264538 23.07799894828137
1261.0416666666667 26.44326799952279 23.079197745613158
1261.5416666666667 26.44468831481706 23.08039573877018
