FastTrWP/PhaseSpace/IAs/snIa_0.41_30.00_0.72_0.12.csv
# %ECSV 0.9
# ---
# datatype:
# - {name: time-rel, datatype: float64}
# - {name: g, datatype: float64}
# - {name: i, datatype: float64}
# schema: astropy-2.0
time-rel g i
[from data line 1421]
303.0 23.786280658355548 22.328886484228356
303.5 23.78761995058987 22.329353705481235
303.9999999999999 23.788956891278296 22.329839941379483
304.5 23.790298544926394 22.330308856873323
305.0 23.791627324169152 22.330786057528826
305.4999999999999 23.792969257969578 22.33126457325926
306.0 23.79431941014539 22.331749874478014
306.5 23.79566286705768 22.33222923893337
306.9999999999999 23.797005725614486 22.332712851043546
307.5 23.79835294302974 22.33319472436735
308.0 23.799692346745548 22.333678275597215
308.4999999999999 23.80103093297731 22.334168648508772
309.0 23.802384206394798 22.334655515456284
309.5 23.803741209595337 22.335146946499208
309.9999999999999 23.805094631590332 22.335637932412457
310.5 23.806444544703332 22.336129688713584
311.0 23.807805344588978 22.336624506058634
311.4999999999999 23.809171271605475 22.337121693231353
312.0 23.810510192460377 22.337619167393154
312.5 23.811881476581355 22.338124216203532
312.9999999999999 23.81322257799893 22.33862559077872
313.5 23.81457868639513 22.339124032118328
314.0 23.815951062429225 22.33962506042269
314.4999999999999 23.81730415553781 22.340128534015292
315.0 23.818674144392805 22.340638630014617
315.5 23.820029375748216 22.34114035221036
315.9999999999999 23.821394144818242 22.341656969657464
316.5 23.822761911644868 22.342164182533324
317.0 23.824139017260258 22.342679989849636
317.4999999999999 23.825505868553385 22.34319288045441
318.0 23.826864736044072 22.34370754274746
318.5 23.82823830043918 22.344221296230742
318.9999999999999 23.82961135110942 22.344746364500114
319.5 23.830979199510477 22.345263702365997
320.0 23.832370178302796 22.34578630408302
320.4999999999999 23.833730098786848 22.34630581078306
321.0 23.83511953242511 22.34684026640144
321.5 23.83649631686948 22.34736274805293
321.9999999999999 23.83787304860705 22.347892366217856
322.5 23.839253852544765 22.348424903932056
323.0 23.840636999295782 22.348955448811484
323.4999999999999 23.842012523136617 22.349484677839083
324.0 23.84337929092462 22.35002140286514
324.5 23.844791538343735 22.350555876790928
324.9999999999999 23.846155297607385 22.351097055806086
325.5 23.84755812756969 22.351636663061612
326.0 23.84893625179689 22.35218018282349
326.4999999999999 23.850337402328236 22.35272441760822
327.0 23.851727375709654 22.353264011996842
327.5 23.853106150573996 22.353808901549396
327.9999999999999 23.854518023494855 22.354360384490477
328.5 23.85589541089885 22.354907465530673
329.0 23.85729982978169 22.355456560945377
329.4999999999999 23.858694744043333 22.356015098139117
330.0 23.860091498418473 22.35656738233125
330.5 23.861488479278883 22.357118795437025
330.9999999999999 23.862890411985028 22.3576757386913
331.5 23.864289807642706 22.35823544762269
332.0 23.865694906832967 22.358794127109043
332.4999999999999 23.867108980133168 22.359358934351796
333.0 23.86849923924442 22.359918455187007
333.5 23.86988942199725 22.360486252469
333.9999999999999 23.871316792989457 22.361053694238407
334.5 23.87273060174499 22.36162055091576
335.0 23.87413760627249 22.36218735264049
335.4999999999999 23.875551901851324 22.362758186377473
336.0 23.876967964453762 22.363339435955805
336.5 23.878386228751005 22.363910602192444
336.9999999999999 23.8797859881358 22.36448231292837
337.5 23.88120965821234 22.365055058457145
338.0 23.882640514799295 22.36564355778574
338.4999999999999 23.884049433598868 22.366215119851166
339.0 23.88548153968927 22.366802241804088
339.5 23.886893571937357 22.367382508706317
339.9999999999999 23.888328088481853 22.367968800541096
340.5 23.889759728259392 22.3685540969917
341.0 23.8911801348253 22.369142749858085
341.4999999999999 23.892615343308158 22.369736000902755
342.0 23.894043011846342 22.37032297308471
342.5 23.89547736244033 22.37091493452678
342.9999999999999 23.896899499217437 22.371501903161963
343.5 23.89834263394051 22.372105101776064
344.0 23.899767795576725 22.372702467605027
344.4999999999999 23.901212624882596 22.373298023810023
345.0 23.902645950050125 22.373897304313623
345.5 23.904089206491456 22.37450098084043
345.9999999999999 23.90553403253387 22.37510498306897
346.5 23.906978246102078 22.375701923847934
347.0 23.908418986849213 22.37630893791803
347.4999999999999 23.909871181868198 22.376923496795712
348.0 23.91132026515962 22.37753625834611
348.5 23.912775302746105 22.37814248451148
348.9999999999999 23.914226692362092 22.37875548218905
349.5 23.91566763654317 22.379365487303232
350.0 23.91713611533929 22.379980545475405
350.4999999999999 23.918592620423567 22.380596865116893
351.0 23.920058193714965 22.381220994049507
351.5 23.921507028390504 22.381845774521935
351.9999999999999 23.92298030765656 22.38247295099373
352.5 23.92444290041276 22.383095853881372
353.0 23.925913110720035 22.383727016455378
353.4999999999999 23.92739016736361 22.384359427810978
354.0 23.928853669682624 22.384992449142782
354.5 23.930334808688137 22.38563220283643
354.9999999999999 23.93179477328927 22.386268124976123
355.5 23.933282618229356 22.386905684462825
356.0 23.93475709019976 22.38754548572034
356.4999999999999 23.936240816370955 22.388179886792088
357.0 23.937715446449467 22.388833296328446
357.5 23.939198766700866 22.389474657677788
357.9999999999999 23.940673635437705 22.390124493821336
358.5 23.94217231352451 22.390770909835787
359.0 23.943659395818912 22.391420563059704
359.4999999999999 23.94514929799529 22.39208473684108
360.0 23.94663924563446 22.392738024444213
360.5 23.948135462342854 22.393388877408217
360.9999999999999 23.949622307132692 22.394040512488562
361.5 23.951121513005184 22.394702688519608
362.0 23.952606144976937 22.395363686214935
362.4999999999999 23.954112919896904 22.396029736148297
363.0 23.955625101698004 22.39669200533416
363.5 23.95712502596833 22.397354265222468
363.9999999999999 23.95861323760817 22.39802613108742
364.5 23.960135494613336 22.398692389474697
365.0 23.96162230402703 22.399366578099823
365.4999999999999 23.963126481097103 22.400034398608003
366.0 23.96463779334072 22.40070459102252
366.5 23.966136762857086 22.40138095695912
366.9999999999999 23.96765947033139 22.402051343039865
367.5 23.96917560471017 22.402733083448744
368.0 23.970684793316636 22.403407919202593
368.4999999999999 23.97219903787358 22.404087998588793
369.0 23.97371485003646 22.404771842655794
369.5 23.975223826805312 22.40545195795729
369.9999999999999 23.97674814335515 22.40613272621715
370.5 23.978268253473942 22.406815362425604
371.0 23.97979648228374 22.4075027580717
371.4999999999999 23.981313406496007 22.408188377534536
372.0 23.982819891965093 22.408872466738877
372.5 23.984348432743538 22.409574004827135
372.9999999999999 23.985869571990094 22.410246351057694
373.5 23.987393741857286 22.410940887699095
374.0 23.98894508302263 22.411632863746377
374.4999999999999 23.990460169941905 22.412324682697182
375.0 23.991977154131877 22.413016944772966
375.5 23.993510751678286 22.413709876171602
375.9999999999999 23.995042045836193 22.41440478775736
376.5 23.996571421735077 22.41510126976558
377.0 23.998108608094547 22.415795905587412
377.4999999999999 23.99964091548786 22.41649313397444
378.0 24.001164322844648 22.417182009989475
378.5 24.00271785059634 22.41789135512221
378.9999999999999 24.004237080970846 22.418585651768424
379.5 24.005768661185595 22.419278243882736
380.0 24.007323734117247 22.41998345768216
380.4999999999999 24.008824807469324 22.420687924499557
381.0 24.010382159346214 22.421383207779808
381.5 24.011907713098118 22.422091006829966
381.9999999999999 24.0134538795876 22.422793959079236
382.5 24.014984770788143 22.423491829573607
383.0 24.016527443693988 22.424199210042104
383.4999999999999 24.018081296118666 22.42490828502252
384.0 24.019609065254045 22.42561256252197
384.5 24.021167853052138 22.426318185454
384.9999999999999 24.022700936103103 22.427029522978753
385.5 24.024239771636438 22.427741225883047
386.0 24.025800337993314 22.428456637232603
386.4999999999999 24.027334831194942 22.429170127415574
387.0 24.02889778727367 22.429881170823837
387.5 24.030438086098947 22.430606419949306
387.9999999999999 24.031998615530284 22.431313418480503
388.5 24.03355768686233 22.43204363075895
389.0 24.03511145105203 22.43275749610848
389.4999999999999 24.03666610121345 22.43347879816463
390.0 24.038213777530586 22.43420140466927
390.5 24.039779741311037 22.43492909175801
390.9999999999999 24.04132728684274 22.43565620393359
391.5 24.042897618637475 22.436385256042485
392.0 24.044447853612184 22.437109474074287
392.4999999999999 24.046027627699974 22.43784102777678
393.0 24.04758239443254 22.438567375617936
393.5 24.04916166572334 22.439303140907988
393.9999999999999 24.050729921915202 22.440035448983586
394.5 24.052283914869598 22.440767478323473
395.0 24.05385884671031 22.44150136191637
395.4999999999999 24.055437716624695 22.442237943371246
396.0 24.056990217305618 22.44297740342571
396.5 24.0585770641069 22.443714220158423
396.9999999999999 24.06013216875774 22.444457716869884
397.5 24.06171009297584 22.445194370455695
398.0 24.06329074122487 22.44593238863914
398.4999999999999 24.06487753071955 22.44667855497533
399.0 24.066444993059157 22.447422903457
399.5 24.068031915271526 22.44816407883446
399.9999999999999 24.069606538704168 22.448912593931848
400.5 24.07118393113175 22.449659699912967
401.0 24.072754699451806 22.45040522165395
401.4999999999999 24.074336503277202 22.45115291351897
402.0 24.075923586755117 22.451908325945485
402.5 24.077510810947004 22.452656036435734
402.9999999999999 24.07908574864528 22.453411579178795
403.5 24.08067281544012 22.454153062530974
404.0 24.082260915569908 22.454913109606444
404.4999999999999 24.08384454874553 22.455662394781058
405.0 24.085442472475314 22.456429215245
405.5 24.087038392476778 22.45717658016848
405.9999999999999 24.088606943070005 22.4579285762589
406.5 24.090213762253093 22.45868779088994
407.0 24.091808161694406 22.45944928377282
407.4999999999999 24.09339536788563 22.460204734770173
408.0 24.095002162934655 22.46096866169623
408.5 24.096592183601146 22.46173151680928
408.9999999999999 24.098172746292974 22.462490239760896
409.5 24.099781981627103 22.463256894929906
410.0 24.101369726058607 22.464009702195995
410.4999999999999 24.102981162091957 22.46477547912276
411.0 24.10456748752624 22.465544490242554
411.5 24.106169240031754 22.466307993949197
411.9999999999999 24.107768151146132 22.467070617861108
412.5 24.109378670249576 22.46784017254531
413.0 24.110981115190853 22.46861138772894
413.4999999999999 24.112564131389618 22.46936779931838
414.0 24.114162447578337 22.470145094135443
414.5 24.115760438154574 22.4709016999805
414.9999999999999 24.11737776657331 22.47168211105575
415.5 24.118972170256754 22.47244201672235
416.0 24.1205754077999 22.473218313799066
416.5 24.12218776327144 22.473989038455397
417.0 24.123794441249174 22.474758640292603
417.5 24.125397164466484 22.47553073713602
418.0 24.127017372909304 22.47630125380125
418.5 24.128616236841015 22.477076109317878
419.0 24.130212636231725 22.477844556867787
419.5 24.131833258354337 22.478628680696517
420.0 24.13344073573654 22.479404671737598
420.5 24.135055612500032 22.480180299049714
421.0 24.136674423510787 22.480953641754652
421.5 24.138288582850485 22.481735713701614
422.0 24.13988856868228 22.48252180680835
422.5 24.141505177674375 22.483299686358798
423.0 24.143116432103696 22.484078963125373
423.5 24.144727115782914 22.484861664978446
424.0 24.146338894335273 22.485638840196955
424.5 24.14796207004439 22.486422752931997
425.0 24.149576702199308 22.487210675821157
425.5 24.151196453060372 22.487995907446667
426.0 24.152807437637374 22.48877845297589
426.5 24.154439288966213 22.489570848672358
427.0 24.156055702450992 22.490363210482197
427.5 24.157672661565762 22.491145947404085
428.0 24.15930020858807 22.49193561572806
428.5 24.160927285512965 22.492727849904426
429.0 24.16255407587591 22.493524279794222
429.5 24.164167865550308 22.4943122164768
430.0 24.16580045776399 22.495100828721636
430.5 24.167417341401354 22.49590298506964
431.0 24.169048502605467 22.496698208209267
431.5 24.17066365499927 22.497491613668945
432.0 24.172301281569517 22.498289400098606
432.5 24.1739317091273 22.499088993792764
433.0 24.17555770597925 22.49988742977689
433.5 24.17719061048675 22.500686807892755
434.0 24.178833709659017 22.501488906234787
434.5 24.180467339631136 22.50229318080015
435.0 24.182109732411586 22.503099948489556
435.5 24.183732972302828 22.503897150810484
436.0 24.18537865124463 22.50470483708709
436.5 24.187001684543404 22.505510878084692
437.0 24.188655556118977 22.506316902540075
437.5 24.19027429995495 22.507124925074375
438.0 24.191928826592566 22.50794016639204
438.5 24.19357701116518 22.50874805708532
439.0 24.195234922427424 22.509558216539368
439.5 24.196864328621885 22.51036901756131
440.0 24.198505990115947 22.511180437154472
440.5 24.200175034991016 22.51200127427595
441.0 24.20182461736143 22.51281286790459
441.5 24.20346402894158 22.51362890741222
442.0 24.205114993400436 22.51445453021949
442.5 24.206768778404854 22.51526528443909
443.0 24.208424222215122 22.51609081819098
443.5 24.210067290113546 22.51690516942368
444.0 24.211726948692895 22.5177326558646
444.5 24.21338823781939 22.518552644551846
445.0 24.215032106861475 22.519376218171505
445.5 24.21670598525545 22.52020588151374
446.0 24.218370681416623 22.52102864295328
446.5 24.22002654392883 22.521861710636824
447.0 24.221683842457736 22.522692696791427
447.5 24.223360750015214 22.523509468605805
448.0 24.225024874055716 22.524353887012104
448.5 24.22670400986446 22.52517946804549
449.0 24.2283568002324 22.526011849079502
449.5 24.230029922885098 22.526843891528866
450.0 24.231698959333126 22.527681493291766
450.5 24.233376586272964 22.528513000959872
451.0 24.235035630343997 22.52935743348675
451.5 24.23672971498323 22.530196468352223
452.0 24.23838720296686 22.53103293167038
452.5 24.24008521313339 22.531873025611915
453.0 24.241755868094362 22.532717712245006
453.5 24.243440872190366 22.533555399258276
454.0 24.245116075955067 22.53440470038312
454.5 24.24679944322472 22.53524939196184
455.0 24.248488268321516 22.536093076495423
455.5 24.25016456919929 22.53693905012076
456.0 24.251856058311652 22.537790683094702
456.5 24.25352616529222 22.538637539447176
457.0 24.255211461880513 22.53948121382092
457.5 24.256892830818412 22.540338935289764
458.0 24.258585973064108 22.54118231812953
458.5 24.260294702474123 22.54204457117432
459.0 24.26198169464098 22.542891408539152
459.5 24.263657563221777 22.543751283356066
460.0 24.2653614881527 22.54460311555711
460.5 24.2670553970559 22.54546481363122
461.0 24.268749277727025 22.54632715299145
461.5 24.270458344835617 22.547179892828666
462.0 24.272152380774333 22.548045558400585
462.5 24.273852441799036 22.548908398967292
463.0 24.27553617967138 22.549772681246868
463.5 24.277243635662455 22.550632872798595
464.0 24.278969706359543 22.55149151621942
464.5 24.280656336066816 22.55236732894255
465.0 24.28235880714236 22.553231411929502
465.5 24.284078127782518 22.55409710331119
466.0 24.28578239272452 22.5549738240733
466.5 24.28747295982223 22.55585054561746
467.0 24.28919578609346 22.556709617593537
467.5 24.290912932374155 22.557595195905762
468.0 24.292624858322178 22.55846123369157
468.5 24.294322612649083 22.559344446514903
469.0 24.29604488045319 22.560219405448095
469.5 24.297772114133032 22.561093054243496
470.0 24.299493515604503 22.56197396030915
470.5 24.301207403858523 22.562855258088245
471.0 24.302934210743086 22.563739431258732
471.5 24.304653540892996 22.564625852453037
472.0 24.30635929673226 22.565510153779687
472.5 24.308098593261285 22.56639233223423
473.0 24.309839237086596 22.567284761405197
473.5 24.311568399521228 22.568174000983248
474.0 24.3132789669008 22.56906107117494
474.5 24.3150195458289 22.569956318735574
475.0 24.316746875715054 22.570842791552405
475.5 24.31848587168045 22.571737396594248
476.0 24.3202267909539 22.572642070040022
476.5 24.321946676002998 22.573530791146172
