FastTrWP/PhaseSpace/IAs/snIa_0.61_30.00_0.68_-0.08.csv
# %ECSV 0.9
# ---
# datatype:
# - {name: time-rel, datatype: float64}
# - {name: g, datatype: float64}
# - {name: i, datatype: float64}
# schema: astropy-2.0
time-rel g i
[from data line 2139]
599.0 25.098038859575105 22.75366395493013
599.5 25.098981624921937 22.754600642564785
600.0 25.09994190305553 22.75553251066924
600.5 25.1009059570274 22.756462986389284
601.0 25.10188638825646 22.757396551175134
601.5 25.102816723842007 22.758330701309674
602.0 25.103764977752533 22.75927810565511
602.5 25.10470385986403 22.760206576694436
603.0 25.10562962693853 22.761157408520205
603.5 25.106587965746847 22.76210190379875
604.0 25.107488069938093 22.76303238343148
604.5 25.1084353231023 22.763982887066497
605.0 25.109328374660556 22.764920627713217
605.5 25.110258864904345 22.765876120884524
606.0 25.11118086247595 22.76682575842401
606.5 25.112065583072138 22.767764110999735
607.0 25.11295209641728 22.768709303451978
607.5 25.11385690738068 22.769674346413822
608.0 25.114763356547336 22.770618766649434
608.5 25.11565228161347 22.7715752896601
609.0 25.116517306159892 22.772534513388443
609.5 25.117397790897016 22.773476662524935
610.0 25.118262726124335 22.774444351236937
610.5 25.11912288245684 22.77540190914005
611.0 25.12000220405872 22.77635673672114
611.5 25.120895896374975 22.777316288127906
612.0 25.12173018061029 22.77827248567096
612.5 25.1225751806875 22.779237231245748
613.0 25.123427404944103 22.780212375320602
613.5 25.12421956729616 22.781173397551676
614.0 25.12503908732477 22.78214566412678
614.5 25.125833030987344 22.783120902612282
615.0 25.12661597544121 22.784095912376003
615.5 25.127393210516004 22.785068011727137
616.0 25.128158886149407 22.786048020889016
616.5 25.128873188594408 22.787013933816116
617.0 25.129636806850563 22.788004765809553
617.5 25.13034721007549 22.788994080023887
618.0 25.13106372171567 22.78997595084683
618.5 25.131759544000488 22.790965794549432
619.0 25.13247016925431 22.791955918863373
619.5 25.13313777836194 22.79294532386715
620.0 25.133821164674256 22.793932680904113
620.5 25.134481619765637 22.79492833145264
621.0 25.135150830633396 22.795929776577633
621.5 25.1357875169493 22.796921090855644
622.0 25.13645717718637 22.797921271914774
622.5 25.1370348386057 22.79891791716537
623.0 25.137709220342085 22.799918755571543
623.5 25.138308489206416 22.800932665687604
624.0 25.138942318531022 22.80193359134294
624.5 25.13954098759744 22.80294135460373
625.0 25.140150875674205 22.80394068706751
625.5 25.140760006960857 22.804952409062086
626.0 25.141364093540336 22.805958030769098
626.5 25.14194997880102 22.806981631943604
627.0 25.142505336815375 22.807992789717737
627.5 25.143109576847085 22.808990798375103
628.0 25.143680665115813 22.80999894198814
628.5 25.144250039131126 22.811020961478995
629.0 25.14482107197148 22.812043560914944
629.5 25.145386332345694 22.813057830653364
630.0 25.145945519468228 22.814088241898247
630.5 25.14652172582742 22.815103685358974
631.0 25.147062545561063 22.816122708506512
631.5 25.147647618936816 22.81714737555323
632.0 25.148198710243083 22.818164972617225
632.5 25.148766287308348 22.81918266947073
633.0 25.149316913515637 22.820210702905626
633.5 25.149865885151122 22.82123322075545
634.0 25.15044654777196 22.822263613270728
634.5 25.15100584652277 22.823290571910793
635.0 25.15156161379036 22.824314043107844
635.5 25.15212515085324 22.82533603544522
636.0 25.15265993561357 22.826367331986035
636.5 25.153248572811474 22.82738855883228
637.0 25.15381007718333 22.828417220512986
637.5 25.154390526389008 22.829450679545147
638.0 25.154957584460796 22.83047664298783
638.5 25.155527058610918 22.83149787966616
639.0 25.156126064117984 22.832540050359384
639.5 25.156692999267804 22.833563154480633
640.0 25.15729012071503 22.834599771590476
640.5 25.15787066300789 22.835639015679238
641.0 25.15849510660211 22.83665622591311
641.5 25.159093571041584 22.837687484892033
642.0 25.15971095573347 22.838718353278882
642.5 25.160327915498026 22.839748956947645
643.0 25.160940330699084 22.84077819260238
643.5 25.16155564071674 22.841813368508447
644.0 25.16222763925416 22.842833643304278
644.5 25.16287072369505 22.843867086632258
645.0 25.163527920776456 22.844899466959827
645.5 25.164201887904344 22.845926217691353
646.0 25.164875148405763 22.84695842071598
646.5 25.165527651596598 22.847986950915935
647.0 25.1662376273396 22.84901490668414
647.5 25.16697481088114 22.8500412396445
648.0 25.167676440947332 22.851080137508823
648.5 25.16838167436099 22.852091009277725
649.0 25.169124566362363 22.853129415444986
649.5 25.169868299339853 22.854142979700633
650.0 25.170626297210354 22.85518243841064
650.5 25.171405719223415 22.85619602056565
651.0 25.172174566830083 22.857233954715724
651.5 25.172966619787488 22.858247239459175
652.0 25.17372791921356 22.85927724176225
652.5 25.17450539637638 22.860300510280528
653.0 25.175288962027537 22.86132622144475
653.5 25.176076956070958 22.862359087294514
654.0 25.17687329641275 22.86338399385899
654.5 25.17763474227978 22.864407229694265
655.0 25.178440006308197 22.86544671622614
655.5 25.17925209226775 22.86646259110107
656.0 25.180033550109467 22.867500149483643
656.5 25.18083962245591 22.868528124174233
657.0 25.18166505735955 22.869549974426803
657.5 25.182442906451747 22.870592911184637
658.0 25.183243569100753 22.871617475671265
658.5 25.18407154440375 22.872651852035876
659.0 25.18486646329283 22.873690447512796
659.5 25.185669916858025 22.87471565504593
660.0 25.18649146512692 22.87575690634338
660.5 25.18732345194448 22.876782596778064
661.0 25.188153647832152 22.877825729726176
661.5 25.18897938344233 22.8788494556418
662.0 25.189784549352172 22.8798882158633
662.5 25.19065240430349 22.88092239282598
663.0 25.191466850394818 22.881956725821766
663.5 25.19231262648734 22.88298858352132
664.0 25.19317064573917 22.88402837853322
664.5 25.194003464767604 22.885058065837512
665.0 25.19486149425102 22.886099232283797
665.5 25.19572356249985 22.88714013482982
666.0 25.196584941131928 22.88817201953954
666.5 25.197446720945162 22.889206048495844
667.0 25.198332254278057 22.890246256372482
667.5 25.19917161948529 22.891284216041036
668.0 25.200084014891768 22.892324095590478
668.5 25.200962263642456 22.89336480946725
669.0 25.20182987745396 22.8943929382686
669.5 25.20272130889445 22.895442662797905
670.0 25.203603314220857 22.89647659683638
670.5 25.20453854594099 22.897513672366582
671.0 25.205413521833893 22.89856070786481
671.5 25.20634362669838 22.899600569403013
672.0 25.207243282727948 22.90063549412741
672.5 25.20816590788734 22.901681852263316
673.0 25.20909488312715 22.90271850341181
673.5 25.210043532766463 22.903752101041807
674.0 25.210984071266424 22.90480115846767
674.5 25.21191296264883 22.905834327623367
675.0 25.212859752491244 22.906884102327258
675.5 25.213836696894095 22.90792029403059
676.0 25.214805636259953 22.90895931015365
676.5 25.21575230967452 22.910004840010707
677.0 25.216719375324054 22.91104168534835
677.5 25.217697561968585 22.912084573869404
678.0 25.21871036852921 22.9131130457087
678.5 25.219711794408582 22.914171981556052
679.0 25.22072211308622 22.9152139025242
679.5 25.221701490567128 22.91625044845519
680.0 25.22271435010362 22.91729710866975
680.5 25.22372011997968 22.918339986688522
681.0 25.224753973785667 22.919377023921154
681.5 25.22579882530106 22.920421719232568
682.0 25.22682858033107 22.9214561905177
682.5 25.227887385889 22.922504604712163
683.0 25.22896914837103 22.923556802626912
683.5 25.23000828524976 22.92459058247292
684.0 25.23107853800569 22.9256365301695
684.5 25.232140492948748 22.9266707041712
685.0 25.23325522684802 22.927713004572755
685.5 25.23434930103126 22.928747249747982
686.0 25.23545043620051 22.929790220992597
686.5 25.236558101336783 22.930840984060712
687.0 25.237688720499037 22.93187753654733
687.5 25.23879030377008 22.932917700856162
688.0 25.23993717588852 22.93395799613208
688.5 25.241075609588002 22.935000610330512
689.0 25.242228679677755 22.93604553500179
689.5 25.2434189113691 22.937077467353664
690.0 25.244563572466397 22.93813048807222
690.5 25.245747321899724 22.93916632127209
691.0 25.24691689393171 22.940220273680705
691.5 25.248111112064674 22.941253199039284
692.0 25.249299714281314 22.942284003541815
692.5 25.250506973236853 22.943341817925912
693.0 25.251718825766424 22.944378270339435
693.5 25.25290005658651 22.945420859935197
694.0 25.254138936322775 22.946456187323786
694.5 25.255346543296334 22.947504722858902
695.0 25.256587140749822 22.94853939937873
695.5 25.257807422895407 22.949587422118345
696.0 25.25906826850207 22.950635676447554
696.5 25.260319450376212 22.95167538278068
697.0 25.261584100325678 22.95272702144708
697.5 25.262837939104138 22.95376670702749
698.0 25.264113292946092 22.954804370945823
698.5 25.2653804576632 22.955856830345937
699.0 25.266668564621636 22.956895464271632
699.5 25.267954986899355 22.95792922902326
700.0 25.26925913428203 22.958981728124513
700.5 25.270566116567537 22.96002405938046
701.0 25.27189517201931 22.961072279047585
701.5 25.27317470343725 22.962112929774747
702.0 25.27452737292699 22.963156378109137
702.5 25.275847900282642 22.96420251607584
703.0 25.277195556117434 22.965246042481194
703.5 25.27856386940629 22.96628351768178
704.0 25.279895735496613 22.967329035002862
704.5 25.2812690257861 22.96838096644908
705.0 25.282639504475494 22.96941995625907
705.5 25.28400979378649 22.970466438041733
706.0 25.28537722891358 22.971516005810336
706.5 25.28676587898555 22.972557663114777
707.0 25.288195452102038 22.97360586686995
707.5 25.289589471939877 22.974645674164673
708.0 25.29100459263664 22.975693338458022
708.5 25.29243427773619 22.976738270167864
709.0 25.29388108234629 22.9777844532137
709.5 25.295302909660982 22.978834126565282
710.0 25.296756231459348 22.979868360193713
710.5 25.29820380160936 22.98091676900553
711.0 25.29966467402623 22.981963091431382
711.5 25.30114033398201 22.98300759029075
712.0 25.302611586491118 22.984050283700856
712.5 25.304097271001254 22.985100806347752
713.0 25.305599842809713 22.986137215765538
713.5 25.307107923793062 22.98718525208889
714.0 25.30862938015708 22.98823014165987
714.5 25.31013196386597 22.989267809895427
715.0 25.311660046995197 22.990312135930697
715.5 25.31321328028859 22.99136703889284
716.0 25.31473164454543 22.992409811944043
716.5 25.31629794413267 22.993453181014445
717.0 25.317856328922975 22.994499611888934
717.5 25.319439883179932 22.995553650341385
718.0 25.321008281977093 22.9965865533387
718.5 25.32260110564885 22.997628027101236
719.0 25.324221480189422 22.998682563820413
719.5 25.325799388835758 22.9997332883111
720.0 25.327443964323475 23.00077344455742
720.5 25.32905098501805 23.001809649646248
721.0 25.330684412185093 23.002858512162113
721.5 25.33233503447582 23.00390858033773
722.0 25.33397871986876 23.00494698245711
722.5 25.33566426202394 23.00599001430813
723.0 25.337303352164344 23.00703420275859
723.5 25.339019185286364 23.008076783050665
724.0 25.340674824800193 23.009125942155954
724.5 25.34236926077795 23.010173402887773
725.0 25.344087350359633 23.01120775160195
725.5 25.345807488998524 23.01226084974669
726.0 25.347551501809807 23.01330663144791
726.5 25.349263483654628 23.01434447057482
727.0 25.351041815890106 23.015388382137793
727.5 25.352798729280078 23.016443447975348
728.0 25.35451241399798 23.01748186013917
728.5 25.356329231716312 23.018523476509092
729.0 25.358107933566846 23.019563413432095
729.5 25.359897769363585 23.020617793684586
730.0 25.3617202856439 23.021656174854925
730.5 25.363511280021704 23.02270136204983
731.0 25.365345322450143 23.023745411081997
731.5 25.367208988903155 23.02479331844859
732.0 25.369008547170246 23.025831130088147
732.5 25.370863801810373 23.026886094071777
733.0 25.372694871826642 23.027928404221182
733.5 25.37459820374473 23.028967000882098
734.0 25.37647695493545 23.030015190805486
734.5 25.37835127230383 23.031050740825147
735.0 25.38025022463211 23.032107146071592
735.5 25.382158352097623 23.033146326258
736.0 25.384084377603063 23.034194839174397
736.5 25.38600725967544 23.035241338462406
737.0 25.387929982937898 23.036285826506273
737.5 25.389881614726875 23.037334692743414
738.0 25.391863049721174 23.038369709969174
738.5 25.39382524915535 23.03941111018204
739.0 25.395805288126954 23.04046567838637
739.5 25.397802920303395 23.041504256863618
740.0 25.399792238814484 23.042554703665964
740.5 25.401788628938633 23.04358649023196
741.0 25.40379129619034 23.04463908323552
741.5 25.405841972608204 23.045685032258902
742.0 25.4079125206361 23.046724988305538
742.5 25.409937820678458 23.04777594550805
743.0 25.411993365722005 23.04881978680843
743.5 25.41408078084973 23.049856924439723
744.0 25.4161712012101 23.050903868416786
744.5 25.41827617189151 23.051940519059805
745.0 25.42034034502275 23.052987850937434
745.5 25.422520695394674 23.05402975004195
746.0 25.42462582337041 23.055075621897004
746.5 25.426760187052878 23.056124990248065
747.0 25.428883113998193 23.05716443360688
747.5 25.431093256840732 23.05821601207091
748.0 25.433255557901596 23.059254996244604
748.5 25.435448486977926 23.060298432518316
749.0 25.437644860067014 23.061341685884386
749.5 25.439851873914563 23.062382066159437
750.0 25.44209588122907 23.06342244142843
750.5 25.444288676161193 23.064453723649518
751.0 25.446567833136207 23.065507244562006
751.5 25.448826171754956 23.066539343408664
752.0 25.451080678453106 23.067582138555977
752.5 25.45337727982448 23.06862323621257
753.0 25.455669090515826 23.06966883666764
753.5 25.45796313748653 23.070713322858282
754.0 25.460310880940447 23.07175209405618
754.5 25.462649637227997 23.072796928132124
755.0 25.46498081484991 23.07383356020415
755.5 25.467307735566123 23.074871774351116
756.0 25.469704648940606 23.07592072103386
756.5 25.472086320986644 23.076956727168234
757.0 25.474491136471833 23.077990251765147
757.5 25.476897487949874 23.07902884460941
758.0 25.479350203209957 23.080084004752948
758.5 25.481779109762858 23.08111418359267
759.0 25.484220195427003 23.082151851790794
759.5 25.486675576369613 23.08318268577681
760.0 25.48917090695856 23.08422426024522
760.5 25.491678487912402 23.08525746067408
761.0 25.494175021984056 23.086296341302344
761.5 25.496698289204303 23.087335975516964
762.0 25.49920116909241 23.08836999492272
762.5 25.50179041640279 23.089416016083078
763.0 25.504319202283213 23.09044618229708
763.5 25.506936492977786 23.09148391044589
764.0 25.50953770883013 23.09252053286492
764.5 25.51216041472875 23.09355590661065
765.0 25.514765905937402 23.094592275959673
765.5 25.517376116701 23.095621460678714
766.0 25.520065917465914 23.096651777783674
766.5 25.522712326461615 23.097685165324243
767.0 25.52542658952662 23.098725654488085
767.5 25.528139019827325 23.099761003743694
768.0 25.530906807062458 23.100786173140705
768.5 25.533693902653525 23.101820948484626
769.0 25.536479626579744 23.10284269738697
769.5 25.539291137078962 23.10387502959985
770.0 25.542141237580292 23.104913379620776
770.5 25.545002144910583 23.10593109076776
771.0 25.547889838898485 23.106951880321
771.5 25.55078913797958 23.10797253095055
772.0 25.553756652481287 23.10899812262557
772.5 25.556705042153965 23.110033305063624
773.0 25.559674675181295 23.111053739378328
773.5 25.562686964250734 23.112073011215454
774.0 25.56572416842034 23.1131046482769
774.5 25.568766920656305 23.114113713539034
775.0 25.57184832924419 23.115143016198832
775.5 25.574952829631833 23.11616822367666
776.0 25.578041816995558 23.117188827262126
776.5 25.581172449409785 23.118198588742892
777.0 25.584317278190646 23.119229594181515
777.5 25.587499917283026 23.120240850958368
778.0 25.59069919407267 23.12126111034166
778.5 25.59389536565454 23.122278066636035
779.0 25.59711245673408 23.12329084711544
779.5 25.60036408285417 23.124316015768823
780.0 25.60361489699229 23.12532776941868
780.5 25.606915532658636 23.126345416548105
781.0 25.610192019319907 23.127367078762234
781.5 25.613521908622626 23.128377676576882
782.0 25.616867316312018 23.129403503665845
782.5 25.620186939253465 23.130420437006745
783.0 25.623602220475114 23.131430273146968
783.5 25.626951777381244 23.132451917657253
