FastTrWP/PhaseSpace/IAs/snIa_0.61_30.00_-0.15_0.03.csv
# %ECSV 0.9
# ---
# datatype:
# - {name: time-rel, datatype: float64}
# - {name: g, datatype: float64}
# - {name: i, datatype: float64}
# schema: astropy-2.0
time-rel g i
[from data line 2019]
1147.8333333333333 25.71877103272272 22.762657516867478
1148.3333333333333 25.72074328003614 22.763701573344427
1148.8333333333333 25.72269294994929 22.764750652331976
1149.3333333333333 25.724696612700725 22.765795876798126
1149.8333333333333 25.726719702060944 22.766845495128827
1150.3333333333333 25.728675276634313 22.76788684121179
1150.8333333333333 25.730700246769604 22.76894685524389
1151.3333333333333 25.732689048672523 22.769994331685
1151.8333333333333 25.734661867202067 22.771045089578962
1152.3333333333333 25.73666332770195 22.772101047696825
1152.8333333333333 25.73863611953332 22.773157701642948
1153.3333333333333 25.74064482848714 22.77420990627612
1153.8333333333333 25.742672384441917 22.77527427318603
1154.3333333333333 25.744690652253436 22.77633136014969
1154.8333333333333 25.7466852235863 22.777395367726033
1155.3333333333333 25.7486614845447 22.778459402419777
1155.8333333333333 25.75066486623855 22.779515882746438
1156.3333333333333 25.752665539384417 22.780581191380215
1156.8333333333333 25.754686568602075 22.781641785254834
1157.3333333333333 25.75670464993049 22.782711398333014
1157.8333333333333 25.758693608324855 22.783787584139983
1158.3333333333333 25.760719292754878 22.784847869092513
1158.8333333333333 25.76275171049694 22.785919289125218
1159.3333333333333 25.764772449855066 22.786986991923936
1159.8333333333333 25.76679234255434 22.7880666959256
1160.3333333333333 25.76877222762013 22.78914117734415
1160.8333333333333 25.770809066978636 22.790216593001183
1161.3333333333333 25.772841895005556 22.79129537163598
1161.8333333333333 25.774868034687202 22.792373821292806
1162.3333333333333 25.776878563035318 22.79344446669416
1162.8333333333333 25.77891527198095 22.79453645919795
1163.3333333333333 25.780927215504526 22.795626899739474
1163.8333333333333 25.782992243306886 22.796699729934815
1164.3333333333333 25.785037613086462 22.797794844085967
1164.8333333333333 25.78711168142529 22.798888980220568
1165.3333333333333 25.78916296315561 22.799982995092964
1165.8333333333333 25.79122502461344 22.80108291194123
1166.3333333333333 25.793275268107774 22.802176747634274
1166.8333333333333 25.79534688267266 22.803270858754047
1167.3333333333333 25.797425364959132 22.804371974007687
1167.8333333333333 25.799504138868098 22.805479277999886
1168.3333333333333 25.80158614951425 22.806576833345744
1168.8333333333333 25.80362224715713 22.80768809502158
1169.3333333333333 25.80569936081419 22.80879452045368
1169.8333333333333 25.8078085160521 22.80990935768468
1170.3333333333333 25.80990555387001 22.81101789750509
1170.8333333333333 25.811967952204014 22.812130282962876
1171.3333333333333 25.814084208669694 22.81324088138831
1171.8333333333333 25.816150086077293 22.814355758968894
1172.3333333333333 25.818272936790535 22.815480685399436
1172.8333333333333 25.820374162734936 22.81659262747418
1173.3333333333333 25.822479298728247 22.8177110700409
1173.8333333333333 25.824562481715795 22.818841950026982
1174.3333333333333 25.826666780837698 22.81996218887428
1174.8333333333333 25.828772657484215 22.82108514420827
1175.3333333333333 25.83090481689362 22.822221589233322
1175.8333333333333 25.83300824737117 22.823338729923208
1176.3333333333333 25.83509340341823 22.824468700558214
1176.8333333333333 25.837231424889048 22.825599858555435
1177.3333333333333 25.839335014980207 22.82673404729312
1177.8333333333333 25.84142584726235 22.827873869202442
1178.3333333333333 25.84359502302812 22.828997936116245
1178.8333333333333 25.845694520986754 22.830142255124972
1179.3333333333333 25.847824087974036 22.83126854998701
1179.8333333333333 25.8499227989717 22.83240672905687
1180.3333333333333 25.85206754438735 22.833542475883565
1180.8333333333333 25.85418442493282 22.834686360657184
1181.3333333333333 25.856307926802057 22.83582248059384
1181.8333333333333 25.85839809114639 22.83696615459972
1182.3333333333333 25.86052471143992 22.838108310611837
1182.8333333333333 25.862649488752737 22.839246471093126
1183.3333333333333 25.864762400500098 22.84039984663146
1183.8333333333333 25.866894007161477 22.84154022341935
1184.3333333333333 25.868991448000706 22.842692559619685
1184.8333333333333 25.87111681572605 22.84383644961437
1185.3333333333333 25.873260788086974 22.844980045358405
1185.8333333333333 25.87535201801144 22.846128782887945
1186.3333333333333 25.877458765202007 22.84727754985458
1186.8333333333333 25.87960912236849 22.848429764304722
1187.3333333333333 25.881688220937114 22.84957559623757
1187.8333333333333 25.883790729673557 22.850723617745277
1188.3333333333333 25.88593292156166 22.851879633926266
1188.8333333333333 25.88804654835393 22.853032648816523
1189.3333333333333 25.890115044201934 22.85418476830891
1189.8333333333333 25.892264974798273 22.855327968862042
1190.3333333333333 25.894322441946606 22.856484957218235
1190.8333333333333 25.896449223329206 22.85763538171411
1191.3333333333333 25.898537057557853 22.85878701460261
1191.8333333333333 25.90065101099182 22.859933765747332
1192.3333333333333 25.902757592559805 22.861099355580198
1192.8333333333333 25.904825026673137 22.86225090807094
1193.3333333333333 25.906926299184537 22.8634007779062
1193.8333333333333 25.90897542160399 22.864561662669676
1194.3333333333333 25.91108967261135 22.865712341493094
1194.8333333333333 25.91314556894044 22.866865772192284
1195.3333333333333 25.915227166870977 22.868007681359224
1195.8333333333333 25.91728793015962 22.869168781296743
1196.3333333333333 25.919357919571407 22.870324281721498
1196.8333333333333 25.921393469941883 22.871480062207155
1197.3333333333333 25.92344020396593 22.872640284633768
1197.8333333333333 25.925522083515247 22.87378715183856
1198.3333333333333 25.927575730815867 22.87493808336756
1198.8333333333333 25.929638922912336 22.87609543048484
1199.3333333333333 25.93160389558686 22.87724313652963
1199.8333333333333 25.933702123248107 22.878402281154727
1200.3333333333333 25.93570850058047 22.87955190716091
1200.8333333333333 25.937730009263447 22.880704835349338
1201.3333333333333 25.93977476926165 22.881858692902583
1201.8333333333333 25.941791731219862 22.883010711769725
1202.3333333333333 25.943803802914893 22.88416232723426
1202.8333333333333 25.945821891899875 22.885328700013755
1203.3333333333333 25.947844936060164 22.88648438763034
1203.8333333333333 25.949856589616473 22.88764208642092
1204.3333333333333 25.95192777397388 22.888793256341614
1204.8333333333333 25.95392977106977 22.88995469949453
1205.3333333333333 25.955972374056007 22.89111392038202
1205.8333333333333 25.957981472838064 22.89226876560886
1206.3333333333333 25.959938480711877 22.89344244313206
1206.8333333333333 25.96197191222128 22.894594941293462
1207.3333333333333 25.963966749436103 22.89575190993789
1207.8333333333333 25.96597559948464 22.896920788701266
1208.3333333333333 25.967994220405636 22.89808824845238
1208.8333333333333 25.969966146876487 22.899247865326593
1209.3333333333333 25.971959101031906 22.900413158762404
1209.8333333333333 25.973970957559764 22.901584700521727
1210.3333333333333 25.975989661486558 22.902749060812813
1210.8333333333333 25.977987446567383 22.90391354234969
1211.3333333333333 25.979929148650122 22.90507857327622
1211.8333333333333 25.98195150799242 22.906249306086988
1212.3333333333333 25.983957149749536 22.907415436409956
1212.8333333333333 25.98592499801702 22.90858898783451
1213.3333333333333 25.9878947846116 22.909756322225764
1213.8333333333333 25.989915859316316 22.910923948689792
1214.3333333333333 25.991904694859095 22.912094738522917
1214.8333333333333 25.993836873765524 22.913264312860484
1215.3333333333333 25.995829478110668 22.91444678080491
1215.8333333333333 25.997772752504588 22.915608950987156
1216.3333333333333 25.999741690565163 22.916788781284705
1216.8333333333333 26.00168912640184 22.91796023037561
1217.3333333333333 26.003708559090207 22.919136740730643
1217.8333333333333 26.00563982297944 22.920298831360345
1218.3333333333333 26.007608026664712 22.92147933746023
1218.8333333333333 26.009547431328798 22.922649420150094
1219.3333333333333 26.011539955706212 22.923828398482208
1219.8333333333333 26.013468919858852 22.925002706443813
1220.3333333333333 26.01536882459467 22.926179478279245
1220.8333333333333 26.01731475157331 22.927361563577374
1221.3333333333333 26.019283860352477 22.928539909959568
1221.8333333333333 26.021187924089485 22.929728008439515
1222.3333333333333 26.0230991135696 22.930898423680418
1222.8333333333333 26.025050955624817 22.93207112957443
1223.3333333333333 26.026959870352975 22.933254667153918
1223.8333333333333 26.0288909801315 22.934429987193457
1224.3333333333333 26.030763869927306 22.93561597680008
1224.8333333333333 26.03273687035648 22.936802952610442
1225.3333333333333 26.034609612697977 22.937973599754415
1225.8333333333333 26.036538029831263 22.939160622977795
1226.3333333333333 26.038399904991568 22.94034159545033
1226.8333333333333 26.040316584676514 22.941527379330573
1227.3333333333333 26.042203749499674 22.942702722998195
1227.8333333333333 26.044091717140052 22.943891276368838
1228.3333333333333 26.045960392325824 22.94508756898511
1228.8333333333333 26.047836531712573 22.94625595921344
1229.3333333333333 26.049716564654254 22.947448802531696
1229.8333333333333 26.051615821756613 22.948626594689358
1230.3333333333333 26.053437282838267 22.949817418981716
1230.8333333333333 26.055312683709545 22.950995165586576
1231.3333333333333 26.057156420200872 22.952178755866996
1231.8333333333333 26.059010733919273 22.953370837328386
1232.3333333333333 26.060871881009295 22.954553490225408
1232.8333333333333 26.06269492189916 22.955743319354916
1233.3333333333333 26.064520410490736 22.95693024481411
1233.8333333333333 26.066366559497123 22.958118058507413
1234.3333333333333 26.068180153268806 22.959307360871367
1234.8333333333333 26.07000723277637 22.960488866221414
1235.3333333333333 26.071842697846076 22.961680984452357
1235.8333333333333 26.07366199067167 22.962869876412547
1236.3333333333333 26.07545316680468 22.9640667645244
1236.8333333333333 26.077212719651165 22.965248109590313
1237.3333333333333 26.079017765220787 22.966440012855966
1237.8333333333333 26.08080970400252 22.967626661651487
1238.3333333333333 26.08260395420471 22.9688157345351
1238.8333333333333 26.084370215653752 22.970002705622715
1239.3333333333333 26.086127854469446 22.971187328937205
1239.8333333333333 26.087927856672202 22.972385846183915
1240.3333333333333 26.089626342890014 22.973578219020485
1240.8333333333333 26.091442342211266 22.974775866801668
1241.3333333333333 26.093144009082035 22.97595154785968
1241.8333333333333 26.094938298075117 22.97715034351937
1242.3333333333333 26.096702965173062 22.97834860919421
1242.8333333333333 26.098402194024164 22.97953920011992
1243.3333333333333 26.10014188171505 22.980727659954468
1243.8333333333333 26.10186678093623 22.98192562567324
1244.3333333333333 26.1035821116263 22.983115790696136
1244.8333333333333 26.105286748654205 22.984317234935272
1245.3333333333333 26.10703626579086 22.98550876781559
1245.8333333333333 26.10872751061701 22.986703710398437
1246.3333333333333 26.11045951386587 22.987903980918936
1246.8333333333333 26.11215804835866 22.989091566655798
1247.3333333333333 26.113837612404577 22.99030118028158
1247.8333333333333 26.115509288391902 22.991487782449354
1248.3333333333333 26.117200631656683 22.99269681732756
1248.8333333333333 26.118893308955393 22.99388587899951
1249.3333333333333 26.120571342155912 22.995085228237294
1249.8333333333333 26.122254829366142 22.9962816925819
1250.3333333333333 26.123929966912016 22.997486955307718
1250.8333333333333 26.125599906628093 22.998697821466074
1251.3333333333333 26.127236900035705 22.999885958080505
1251.8333333333333 26.128859640972102 23.001084332298824
1252.3333333333333 26.130521690764574 23.002279203533394
1252.8333333333333 26.132150655911964 23.003479174961576
1253.3333333333333 26.13375854725357 23.00467891869488
1253.8333333333333 26.135416912185782 23.005886316885093
1254.3333333333333 26.137024150996446 23.007089417199538
1254.8333333333333 26.138634338389338 23.008303963244032
1255.3333333333333 26.140230254441647 23.00949701417006
1255.8333333333333 26.141825850964665 23.01070528226792
1256.3333333333333 26.143434841506398 23.011900443216785
1256.8333333333333 26.14503250844173 23.013108073521813
1257.3333333333333 26.146604432273563 23.01431027245148
1257.8333333333333 26.14822237549971 23.015517696020673
1258.3333333333333 26.149789652382502 23.01672602618263
1258.8333333333333 26.151316902442353 23.01792500776443
1259.3333333333333 26.152889303091055 23.019133911366776
1259.8333333333333 26.15446065753644 23.020346966148473
1260.3333333333333 26.155980809053926 23.021553819587403
1260.8333333333333 26.15751162048914 23.02275577216271
1261.3333333333333 26.159033392409157 23.023952986053153
1261.8333333333333 26.160562354775184 23.02518101569174
1262.3333333333333 26.162090996897604 23.026377250828393
1262.8333333333333 26.16360103316762 23.027588738380693
1263.3333333333333 26.165116809733007 23.028800332278013
1263.8333333333333 26.16660823645859 23.03000210524077
1264.3333333333333 26.168113519658277 23.031212632829895
1264.8333333333333 26.16960919395426 23.032423793270386
1265.3333333333333 26.171038476004753 23.03363822048412
1265.8333333333333 26.172549599135735 23.034840359317514
1266.3333333333333 26.17401839577933 23.036058728679755
1266.8333333333333 26.17545536767867 23.037265812028096
1267.3333333333333 26.17687810902101 23.038479109553627
1267.8333333333333 26.178320617003806 23.039692802286943
1268.3333333333333 26.17980580033889 23.04090941687338
1268.8333333333333 26.181213132680853 23.04212253968235
1269.3333333333333 26.182631941200345 23.043334110650193
1269.8333333333333 26.184070481946044 23.044539765501995
1270.3333333333333 26.185442773471706 23.04575978592861
1270.8333333333333 26.18683543050445 23.046970254560787
1271.3333333333333 26.18822563646698 23.048184010015692
1271.8333333333333 26.189594389859423 23.049396356272972
1272.3333333333333 26.190986257196506 23.05061317678578
1272.8333333333333 26.192322387364037 23.051828474887117
1273.3333333333333 26.193710487234917 23.05303730678384
1273.8333333333333 26.195071417490688 23.05424939292123
1274.3333333333333 26.19640184043969 23.055476895633227
1274.8333333333333 26.19776728311548 23.056690648489003
1275.3333333333333 26.1990265348808 23.057896064482083
1275.8333333333333 26.200362732618533 23.05912539425083
1276.3333333333333 26.201650660951902 23.060344262792505
1276.8333333333333 26.203027040773293 23.061562538275968
1277.3333333333333 26.204270698120663 23.06276767916511
1277.8333333333333 26.20554436411326 23.063987684285557
1278.3333333333333 26.206817695831404 23.065212740157214
1278.8333333333333 26.208084052040725 23.066419163828158
1279.3333333333333 26.20937699950677 23.067646829045554
1279.8333333333333 26.210642611050815 23.068871382012365
1280.3333333333333 26.211850465125156 23.070077007762375
1280.8333333333333 26.21309205418532 23.07130771455742
1281.3333333333333 26.214344661956574 23.072530396306597
1281.8333333333333 26.2155800716164 23.07374517058504
1282.3333333333333 26.216753787772987 23.07496816271668
1282.8333333333333 26.218009158413068 23.076187185873938
1283.3333333333333 26.219173318820207 23.077409017271897
1283.8333333333333 26.22037601455416 23.078634859096706
1284.3333333333333 26.22157463001972 23.079854284926874
1284.8333333333333 26.222787661470885 23.08108688365948
1285.3333333333333 26.223911613376615 23.08230200989271
1285.8333333333333 26.22510701770608 23.08352107917651
1286.3333333333333 26.226251834815123 23.08475434883851
1286.8333333333333 26.227403553992975 23.08598128109061
1287.3333333333333 26.228513989355413 23.08720178637874
1287.8333333333333 26.229683890409273 23.08842380653728
1288.3333333333333 26.230801540412845 23.089650564579543
1288.8333333333333 26.231863493201473 23.090880634413892
