FastTrWP/PhaseSpace/IAs/snIa_0.39_30.00_-0.48_-0.25.csv
# %ECSV 0.9
# ---
# datatype:
# - {name: time-rel, datatype: float64}
# - {name: g, datatype: float64}
# - {name: i, datatype: float64}
# schema: astropy-2.0
time-rel g i
[from data line 866]
627.7083333333334 22.634976215754445 22.80229337166375
628.2083333333334 22.635212726157754 22.801664474799985
628.7083333333334 22.63544919383197 22.80104257860167
629.2083333333334 22.63569557385397 22.80042905289887
629.7083333333334 22.635950368235655 22.799809070592563
630.2083333333334 22.636209518586735 22.799202148493404
630.7083333333334 22.636467555421426 22.79858213400219
631.2083333333334 22.636726839023005 22.797981545633306
631.7083333333334 22.63700540814094 22.797375032791855
632.2083333333334 22.637274298250656 22.79677020393293
632.7083333333334 22.63755194296252 22.796171074320686
633.2083333333334 22.63783925651449 22.795573984041194
633.7083333333334 22.63813369561309 22.794978692397862
634.2083333333334 22.638431307092137 22.794392917204483
634.7083333333334 22.638732730362822 22.793792255296506
635.2083333333334 22.639028851769794 22.79320469850643
635.7083333333334 22.63934611620701 22.79262539563735
636.2083333333334 22.639656313601474 22.792041582787732
636.7083333333334 22.639985514277527 22.791466558986624
637.2083333333334 22.640302344519153 22.790879871292034
637.7083333333334 22.64063588610414 22.790309773472565
638.2083333333334 22.640976635588466 22.789739396630083
638.7083333333334 22.641312908898115 22.78916869689619
639.2083333333334 22.641663444488366 22.78859924040514
639.7083333333334 22.642014706376802 22.78803884925103
640.2083333333334 22.642373378882947 22.787478516628767
640.7083333333334 22.642737830280858 22.786921633551064
641.2083333333334 22.64310353224042 22.78636974836081
641.7083333333334 22.643473298397986 22.7858126774281
642.2083333333334 22.643853006891064 22.785254265914507
642.7083333333334 22.6442412332462 22.784716935251716
643.2083333333334 22.644623722172874 22.784161647594807
643.7083333333334 22.645018302006918 22.78362505614998
644.2083333333334 22.645419817911527 22.783091664850716
644.7083333333334 22.645823214829186 22.782552202385133
645.2083333333334 22.646237664251196 22.78201221918369
645.7083333333334 22.64664724064304 22.781480977316804
646.2083333333334 22.647075730806012 22.78096069891902
646.7083333333334 22.647504064323748 22.780431020633834
647.2083333333334 22.647932462249724 22.77990371786015
647.7083333333334 22.648362044156713 22.779391507801968
648.2083333333334 22.64880129163351 22.778876420968956
648.7083333333334 22.649254656436383 22.778352404359772
649.2083333333334 22.649713228047823 22.777843364564596
649.7083333333334 22.650164967561008 22.777337166806348
650.2083333333334 22.65063077877372 22.776830964006717
650.7083333333334 22.65110414386494 22.7763315124537
651.2083333333334 22.651582162568996 22.775830235121
651.7083333333334 22.652061791184273 22.775330806474297
652.2083333333334 22.65255170440916 22.774833902147055
652.7083333333334 22.65304028316009 22.77434801043105
653.2083333333334 22.653537624253957 22.773851605370936
653.7083333333334 22.654043665450633 22.77337416950295
654.2083333333334 22.654558662881644 22.77289062626258
654.7083333333334 22.65507313151889 22.772407246003596
655.2083333333334 22.65559016252297 22.771930021772416
655.7083333333334 22.656124858575616 22.771454129776853
656.2083333333334 22.656645033529593 22.770979599472607
656.7083333333334 22.65719164525302 22.77051296216678
657.2083333333334 22.657733895515094 22.770057287758817
657.7083333333334 22.658284756917872 22.769583199011866
658.2083333333334 22.65883345013485 22.769122328705723
658.7083333333334 22.659394718583286 22.768666695562835
659.2083333333334 22.65995991152351 22.768209500436676
659.7083333333334 22.660538809719604 22.767767500288034
660.2083333333334 22.66111818213141 22.767318896766927
660.7083333333334 22.661705683400587 22.76687165422858
661.2083333333334 22.6623016298391 22.766429411804374
661.7083333333334 22.66289712459473 22.765986762123525
662.2083333333334 22.66351196500147 22.765558488639826
662.7083333333334 22.664124963636297 22.765120357301647
663.2083333333334 22.664751032945524 22.764684504727928
663.7083333333334 22.665386162595254 22.764257494648803
664.2083333333334 22.666020233332908 22.76382497682926
664.7083333333334 22.6666733501473 22.76340151002378
665.2083333333334 22.66732871098549 22.762982661461688
665.7083333333334 22.667993498645927 22.7625647042754
666.2083333333334 22.668663551570386 22.76215399478736
666.7083333333334 22.669334306636927 22.761739835037773
667.2083333333334 22.670020315648124 22.761328473381873
667.7083333333334 22.670714081689933 22.76091401078002
668.2083333333334 22.671411097812854 22.760524549337326
668.7083333333334 22.672114608977626 22.760113833174405
669.2083333333334 22.67282296375287 22.75971543817046
669.7083333333334 22.673546437664616 22.75931098414292
670.2083333333334 22.674256943662556 22.758922245669776
670.7083333333334 22.674990379582148 22.758526229613032
671.2083333333334 22.675731261874578 22.758138833066532
671.7083333333334 22.676464214513267 22.75775368135954
672.2083333333334 22.67720997160497 22.757368673903592
672.7083333333334 22.677963250489185 22.756985515848864
673.2083333333334 22.678718977166348 22.756607496253732
673.7083333333334 22.679481883419 22.756233609005427
674.2083333333334 22.680258587290368 22.75586015629382
674.7083333333334 22.68103522352249 22.755478653858177
675.2083333333334 22.681815366958027 22.7551215419436
675.7083333333334 22.68259630644481 22.754753931617692
676.2083333333334 22.683394702010723 22.754388313893223
676.7083333333334 22.68418705330746 22.754038606020693
677.2083333333334 22.68498155838829 22.75366833422106
677.7083333333334 22.685786416816136 22.75332317529045
678.2083333333334 22.68660520645121 22.75296940589574
678.7083333333334 22.687427405156807 22.75262532397601
679.2083333333334 22.688236193413438 22.75227672288289
679.7083333333334 22.68906213106845 22.75193239884581
680.2083333333334 22.689891831768506 22.75159261905353
680.7083333333334 22.690726011957665 22.75125511956556
681.2083333333334 22.69156424912655 22.750914958619827
681.7083333333334 22.69240102630613 22.750576317965
682.2083333333334 22.69324196417935 22.750253157930832
682.7083333333334 22.694096837898464 22.74992645455817
683.2083333333334 22.694945985020254 22.749593336100848
683.7083333333334 22.695801586334117 22.74928045030738
684.2083333333334 22.696654016768907 22.748958867246657
684.7083333333334 22.69752032069737 22.748645753561604
685.2083333333334 22.698390122670517 22.748330303249453
685.7083333333334 22.699250160262793 22.7480148100182
686.2083333333334 22.700127059610104 22.747705717013638
686.7083333333334 22.7010045039704 22.74739554798564
687.2083333333334 22.701877201098164 22.747090815172463
687.7083333333334 22.702755445260735 22.746796861380098
688.2083333333334 22.70364882313734 22.746500538016964
688.7083333333334 22.704535673123246 22.74620031840382
689.2083333333334 22.705413669116112 22.745916283670233
689.7083333333334 22.70629868032929 22.74562132783942
690.2083333333334 22.70719573567993 22.7453351412274
690.7083333333334 22.708088076689826 22.74504600648127
691.2083333333334 22.708988845555027 22.744772856365408
691.7083333333334 22.709895388896292 22.744486533911918
692.2083333333334 22.710775286145758 22.74421750441535
692.7083333333334 22.711682247311238 22.743948216611948
693.2083333333334 22.712591549259823 22.743671719358694
693.7083333333334 22.713489683292146 22.74340922559439
694.2083333333334 22.714392810873647 22.74314366142015
694.7083333333334 22.71531073694211 22.742873417453886
695.2083333333334 22.716233421971506 22.74261515758846
695.7083333333334 22.71714927020578 22.742361540439564
696.2083333333334 22.718077910862135 22.742103925733474
696.7083333333334 22.719019868861796 22.741860690178136
697.2083333333334 22.719958814067247 22.741606318536903
697.7083333333334 22.72090835458128 22.741361674917137
698.2083333333334 22.721856658793573 22.74111762341564
698.7083333333334 22.7228208041322 22.74087785902264
699.2083333333334 22.72377703841765 22.740638039516725
699.7083333333334 22.72473919412505 22.740399389059117
700.2083333333334 22.725712787998035 22.740171866056457
700.7083333333334 22.726686018789536 22.739942898339784
701.2083333333334 22.72767169179575 22.73971248901375
701.7083333333334 22.728658619220834 22.73948418730862
702.2083333333334 22.729648355708726 22.739261799930937
702.7083333333334 22.73064728740461 22.739050203357174
703.2083333333334 22.73163660967682 22.73882400872654
703.7083333333334 22.73264489068158 22.738608049462403
704.2083333333334 22.733654177593067 22.738400933729736
704.7083333333334 22.734658893143205 22.738192024518558
705.2083333333334 22.735679545332452 22.737978930718402
705.7083333333334 22.736698866619435 22.737779837799582
706.2083333333334 22.737723525061057 22.73758137835631
706.7083333333334 22.73874433901465 22.7373779798127
707.2083333333334 22.739782355911764 22.737186509510764
707.7083333333334 22.740817639574665 22.736986655413347
708.2083333333334 22.74184760691329 22.736798188367842
708.7083333333334 22.742899298144216 22.73660804717956
709.2083333333334 22.743941636979006 22.73642047017625
709.7083333333334 22.74499261366585 22.73623291427389
710.2083333333334 22.746044788803857 22.736061643660342
710.7083333333334 22.74710562273935 22.73588568604897
711.2083333333334 22.74815796864384 22.735709754778522
711.7083333333334 22.749221497644307 22.735532323728865
712.2083333333334 22.75028824023923 22.735363472263487
712.7083333333334 22.751355418532388 22.735197023955514
713.2083333333334 22.752429768252913 22.735031798389933
713.7083333333334 22.75349889107893 22.734870703500842
714.2083333333334 22.754580157360763 22.734705548566147
714.7083333333334 22.755654639055468 22.73455116242168
715.2083333333334 22.75673179372717 22.734388453495118
715.7083333333334 22.7578207150488 22.734249762870537
716.2083333333334 22.75890084818473 22.734091291999757
716.7083333333334 22.759995410163576 22.73395007063765
717.2083333333334 22.761076704160995 22.733798174164495
717.7083333333334 22.762166854596366 22.733655876350962
718.2083333333334 22.763262725239922 22.733518248673793
718.7083333333334 22.764364302635826 22.733386141317176
719.2083333333334 22.765461088013275 22.73325355437271
719.7083333333334 22.766553517549877 22.73310900901993
720.2083333333334 22.767650971807146 22.732981762308512
720.7083333333334 22.76876696628961 22.73286052675413
721.2083333333334 22.769860079419534 22.73273046831899
721.7083333333334 22.770960232784137 22.732620976843485
722.2083333333334 22.772065811653963 22.732492749379315
722.7083333333334 22.773176189698074 22.732379054197132
723.2083333333334 22.774276170968562 22.73226356033101
723.7083333333334 22.77539036511474 22.732155240110966
724.2083333333334 22.77649555783556 22.732051095550737
724.7083333333334 22.777609598113827 22.731935206599672
725.2083333333334 22.77872252001389 22.731827551233703
725.7083333333334 22.77982770361158 22.731725360286944
726.2083333333334 22.780944184818452 22.731629044278556
726.7083333333334 22.78204915707894 22.7315398493413
727.2083333333334 22.783165573995543 22.731441062894937
727.7083333333334 22.784278273837153 22.73134287504792
728.2083333333334 22.78539011178909 22.73125982955579
728.7083333333334 22.786518207501913 22.731168975928973
729.2083333333334 22.78763262929139 22.73108977739815
729.7083333333334 22.788761162738616 22.73100329363733
730.2083333333334 22.789886282167487 22.730931855872626
730.7083333333334 22.791016123033927 22.730855445082575
731.2083333333334 22.792143363638566 22.73077729357052
731.7083333333334 22.793281057473386 22.730708892025888
732.2083333333334 22.794415719830447 22.730641531732235
732.7083333333334 22.795563273325897 22.73057637764961
733.2083333333334 22.79670142762474 22.730519869830815
733.7083333333334 22.797843305011007 22.730451449887312
734.2083333333334 22.79899354531366 22.730398527467486
734.7083333333334 22.800144035151956 22.73034432145145
735.2083333333334 22.801300399102264 22.730294058299904
735.7083333333334 22.802442895099404 22.730236411402576
736.2083333333334 22.803609410315918 22.730187171201976
736.7083333333334 22.804766033677343 22.730144178510354
737.2083333333334 22.805922033368603 22.730098282623604
737.7083333333334 22.807088346871097 22.73005564462101
738.2083333333334 22.80825695456484 22.73002905637791
738.7083333333334 22.809420594887797 22.729995309020133
739.2083333333334 22.810591270272198 22.729962423257703
739.7083333333334 22.81177726270558 22.729929253454518
740.2083333333334 22.812946634272784 22.729892800431735
740.7083333333334 22.814125761860055 22.729877696747888
741.2083333333334 22.815307469225594 22.72985994198869
741.7083333333334 22.816491163148452 22.729831837152666
742.2083333333333 22.817678692065904 22.729819080340143
742.7083333333334 22.818862628788686 22.72979997117945
743.2083333333334 22.8200551761182 22.729788233166932
743.7083333333333 22.82124583229022 22.729787435595025
744.2083333333334 22.822447080938815 22.729775089993712
744.7083333333334 22.823644274972594 22.729772453163992
745.2083333333333 22.824844132862726 22.72976363658726
745.7083333333334 22.82604309859893 22.729765892628
746.2083333333334 22.827255186111394 22.72976709397788
746.7083333333333 22.828460463484518 22.729774736872194
747.2083333333334 22.829661969562153 22.72978311946929
747.7083333333334 22.83087680242168 22.72978369534418
748.2083333333333 22.832089908976364 22.729801592876107
748.7083333333334 22.833305430747707 22.729812602800582
749.2083333333334 22.83452336207494 22.729836464777563
749.7083333333333 22.83574733405386 22.72985773464866
750.2083333333334 22.83697439464925 22.72987550217224
750.7083333333334 22.838195625823342 22.72990159794994
751.2083333333333 22.83942709967239 22.729918718969962
751.7083333333334 22.84065812645391 22.729951312811547
752.2083333333334 22.841883564870233 22.729977367949008
752.7083333333333 22.843125492535144 22.73001181589359
753.2083333333334 22.8443559831709 22.73005445849597
753.7083333333334 22.845599993350486 22.73009622097891
754.2083333333333 22.846841838572168 22.73013158444595
754.7083333333334 22.848081392204985 22.730177952162236
755.2083333333334 22.849331027742622 22.73021940922471
755.7083333333333 22.850575443111317 22.730266232774625
756.2083333333334 22.851822121188793 22.730318799395718
756.7083333333334 22.853085403229883 22.730371292190465
757.2083333333333 22.854338750306248 22.73042040763304
757.7083333333334 22.855588492454363 22.730487085167823
758.2083333333334 22.856851308207325 22.730541694044636
758.7083333333333 22.858116943741447 22.73060241007323
759.2083333333334 22.85937153125257 22.730665310343895
759.7083333333334 22.860642750447088 22.730727168851725
760.2083333333333 22.861915563255522 22.730798551902996
760.7083333333334 22.863183320040562 22.730877101071286
761.2083333333334 22.864452135325386 22.730942575393573
761.7083333333333 22.865731910589385 22.731012102962545
762.2083333333334 22.867005102490232 22.731090411286857
762.7083333333334 22.868293623097294 22.731172199815155
763.2083333333333 22.869576632286417 22.731249653716368
763.7083333333334 22.870860048534205 22.731345738947738
764.2083333333334 22.87214862304684 22.731435318350492
764.7083333333333 22.873439319985458 22.731528144237103
765.2083333333334 22.874742843575998 22.731614670129304
765.7083333333334 22.87603423362656 22.731717062976866
766.2083333333333 22.877336829982717 22.731812953255584
766.7083333333334 22.87864099206707 22.73191550320552
767.2083333333334 22.87994927203949 22.73201005126022
767.7083333333333 22.88125573098331 22.732117424020878
768.2083333333334 22.88257269801082 22.73223279291245
768.7083333333334 22.88388029561032 22.732346383478554
769.2083333333333 22.8852006775599 22.73245025300216
769.7083333333334 22.886513648389805 22.732568988014044
770.2083333333334 22.88784100784398 22.732691246346718
770.7083333333333 22.889166135861032 22.732806803491332
771.2083333333334 22.890488853180134 22.732935544926313
