FastTrWP/PhaseSpace/IAs/snIa_0.69_30.00_-1.13_0.02.csv
# %ECSV 0.9
# ---
# datatype:
# - {name: time-rel, datatype: float64}
# - {name: g, datatype: float64}
# - {name: i, datatype: float64}
# schema: astropy-2.0
time-rel g i
[from data line 1378]
798.8749999999999 24.800377313288013 22.284170648119034
799.375 24.80271391294383 22.28463498990746
799.875 24.80507002278332 22.28509256319728
800.3749999999999 24.807424988116455 22.28555899287386
800.875 24.80978302780338 22.286029568818787
801.375 24.812176588650367 22.286501717852683
801.8749999999999 24.814567128831943 22.28697410115181
802.375 24.81696289414366 22.287443325821407
802.875 24.819372617280038 22.287925482420185
803.3749999999999 24.82179978436742 22.288401526795433
803.875 24.824205064732304 22.288879407911175
804.375 24.826670871551165 22.289359805448203
804.8749999999999 24.82907906605874 22.289851507249633
805.375 24.8315489978203 22.29033458244109
805.875 24.83401135163925 22.290821425754732
806.3749999999999 24.83647257485074 22.29131113890732
806.875 24.83897099839144 22.29180485055886
807.375 24.84146153654436 22.292297009143557
807.8749999999999 24.843987030769892 22.29279322906038
808.375 24.84648661313652 22.293291881812458
808.875 24.84899374260785 22.293789069546897
809.3749999999999 24.8515323227861 22.294293501637753
809.875 24.854084140983122 22.294793580426607
810.375 24.85663488522386 22.295295505594872
810.8749999999999 24.859205784997105 22.295804035124075
811.375 24.86175401546631 22.296310963656968
811.875 24.86435233954588 22.296821488259408
812.3749999999999 24.866930616345478 22.29733482223608
812.875 24.869526547094665 22.29784750513224
813.375 24.872144969374453 22.29836580116132
813.8749999999999 24.874753323706415 22.29888230428662
814.375 24.877398103807124 22.299401257209425
814.875 24.88001584906892 22.2999133965858
815.3749999999999 24.882646317185856 22.300447838358014
815.875 24.885316070861005 22.300973678878652
816.375 24.887955971156607 22.30149131746858
816.8749999999999 24.890645360707452 22.302018887897145
817.375 24.893337267524295 22.302546613355382
817.875 24.896034552018968 22.303078849132973
818.3749999999999 24.898726800178153 22.303615269227276
818.875 24.90144124200489 22.304151431025844
819.375 24.904167429487604 22.304681924914448
819.8749999999999 24.90687711824606 22.30522444590353
820.375 24.909664432554276 22.30576370359319
820.875 24.91244409364304 22.306306240787652
821.3749999999999 24.91524432790962 22.30685839660307
821.875 24.918066004865498 22.307407618165858
822.375 24.920915981454215 22.307952998920296
822.8749999999999 24.92378666438535 22.308519350198242
823.375 24.926669392036104 22.309069378468646
823.875 24.929573997596716 22.309631043538687
824.3749999999999 24.932515983180497 22.310192435048656
824.875 24.93544759871422 22.310762207143636
825.375 24.938415730313398 22.311325645190788
825.8749999999999 24.941399574111355 22.311898987388066
826.375 24.944387397281844 22.31247515258741
826.875 24.94743743109556 22.313050355724485
827.3749999999999 24.950466759573636 22.31362821357429
827.875 24.953542628089153 22.314206178518425
828.375 24.956622915959503 22.31478733787894
828.8749999999999 24.959709539295773 22.31537539095408
829.375 24.962789661531207 22.31597074248085
829.875 24.965940002399087 22.316552800106866
830.3749999999999 24.969077145431136 22.317140485891883
830.875 24.972245684737473 22.31774294903733
831.375 24.975416845039604 22.3183310403857
831.8749999999999 24.97862121153315 22.318932418566288
832.375 24.981826539614058 22.319536616630344
832.875 24.985019923861927 22.320133062883812
833.3749999999999 24.9882546414279 22.320738831248374
833.875 24.991506313408557 22.3213502654161
834.375 24.99477002729609 22.32196057778493
834.8749999999999 24.998048119604128 22.322568785156047
835.375 25.001331761474766 22.323181149214225
835.875 25.004629303400904 22.323792178674218
836.3749999999999 25.007924080594623 22.32441373003784
836.875 25.011263904080216 22.325034939316218
837.375 25.014576863512936 22.325650460579865
837.8749999999999 25.01792060216504 22.326275639997093
838.375 25.021280137285476 22.32690103882012
838.875 25.024625543960035 22.327524584951366
839.3749999999999 25.028015868375597 22.328149456729985
839.875 25.031376148009898 22.328776664441165
840.375 25.034780089520513 22.329408264443064
840.8749999999999 25.038197562691774 22.330042818369854
841.375 25.04158506172809 22.330673128132208
841.875 25.045004448724267 22.331310496734137
842.3749999999999 25.048394436256388 22.331941372398504
842.875 25.051834154367192 22.332582501977253
843.375 25.055256275602254 22.333223867356743
843.8749999999999 25.058711203394544 22.333864433696643
844.375 25.062133630237202 22.334503354710687
844.875 25.065587547741977 22.335146948963718
845.3749999999999 25.069023608751348 22.335793946208344
845.875 25.07248161026714 22.33643707858931
846.375 25.07593986490165 22.337079250694956
846.8749999999999 25.079372490363113 22.33772637688428
847.375 25.08283221312089 22.338381213520798
847.875 25.086290335353063 22.339031108627626
848.3749999999999 25.089753558958638 22.339683024314763
848.875 25.09319625089696 22.340332794216444
849.375 25.09667717791652 22.340987099883254
849.8749999999999 25.1001370676943 22.341645308778286
850.375 25.10360812046948 22.342303079743154
850.875 25.107057098810674 22.34295919638045
851.3749999999999 25.11050477731048 22.34361098419326
851.875 25.113937375942772 22.3442688206967
852.375 25.11738203702673 22.344931166823866
852.8749999999999 25.12083938345558 22.34558988677709
853.375 25.124273460690553 22.346244270850917
853.875 25.12769506992906 22.34690908470931
854.3749999999999 25.131117701455494 22.347574560006393
854.875 25.13453553996449 22.34822812974606
855.375 25.13793587983589 22.348900278374696
855.8749999999999 25.14136319293055 22.34955935814329
856.375 25.144728783861346 22.35023104851212
856.875 25.148132767883745 22.350884789259652
857.3749999999999 25.151501661385485 22.35155533115794
857.875 25.15485209355692 22.352216289993056
858.375 25.15819367767871 22.3528804458927
858.8749999999999 25.161542684937007 22.35354932542901
859.375 25.164866031351178 22.354216046974777
859.875 25.168169297912787 22.354887858914697
860.3749999999999 25.171489289391822 22.355549510127982
860.875 25.174790570101976 22.35622723519986
861.375 25.178126319888232 22.356887307827282
861.8749999999999 25.181414540449563 22.357566088344747
862.375 25.18476085212797 22.358233511427482
862.875 25.188099416204576 22.358916403607594
863.3749999999999 25.19141995890726 22.35959567691107
863.875 25.194753095322348 22.360273789211853
864.375 25.198079967576767 22.36095447737412
864.8749999999999 25.2014166165683 22.361625959489206
865.375 25.20477261255781 22.36231361608287
865.875 25.20809789438351 22.362997374437683
866.3749999999999 25.21144714251325 22.36368112893148
866.875 25.214815153224876 22.364370783795692
867.375 25.218150400908293 22.36505996767631
867.8749999999999 25.221501084077623 22.365748406766535
868.375 25.22485483248196 22.366440468703853
868.875 25.228201447337618 22.367132049160297
869.3749999999999 25.231582480072454 22.367826453738097
869.875 25.234934133830166 22.368524682608882
870.375 25.238279155067747 22.369220093223653
870.8749999999999 25.241648713515286 22.369913881687033
871.375 25.244997683323472 22.37061304495252
871.875 25.248354021819356 22.37131727073807
872.3749999999999 25.251723208852912 22.37201589160982
872.875 25.255104674355877 22.372719064938916
873.375 25.25845286572291 22.373425959621684
873.8749999999999 25.261806927295236 22.374128120925107
874.375 25.265188060563023 22.374836546883433
874.875 25.268542102434676 22.375547048756417
875.3749999999999 25.271892378146156 22.37626038973399
875.875 25.275244560001127 22.37696214148191
876.375 25.278603892358944 22.37767461162911
876.8749999999999 25.28196296893952 22.37838747192013
877.375 25.285338070104295 22.37910236749032
877.875 25.2886845186474 22.37982377793785
878.3749999999999 25.292057186321898 22.38054045859018
878.875 25.295406518057074 22.381254971248037
879.375 25.298756518623605 22.381975153554915
879.8749999999999 25.30211944696246 22.382694210651927
880.375 25.305467148444585 22.3834209427516
880.875 25.3088091785662 22.38413823848559
881.3749999999999 25.312171424218537 22.384863025918698
881.875 25.315504663234464 22.385594619186904
882.375 25.31884326441248 22.386306418986113
882.8749999999999 25.322178819898514 22.387043354711157
883.375 25.325510629782638 22.38776884678329
883.875 25.328849459972943 22.38850562595916
884.3749999999999 25.332170827597146 22.389225814665394
884.875 25.33550330549736 22.38996351582643
885.375 25.338833883441648 22.39068929152357
885.8749999999999 25.342145179019447 22.391431810643667
886.375 25.345446302997022 22.392164947946256
886.875 25.348763609319533 22.392895288003665
887.3749999999999 25.35209944837545 22.393633254326232
887.875 25.35537555575764 22.39437269736741
888.375 25.358648674926272 22.395106282896794
888.8749999999999 25.36194032216235 22.395848013794442
889.375 25.365240059413207 22.396583849161054
889.875 25.368486740260884 22.397329967361387
890.3749999999999 25.37176892812728 22.398080538063965
890.875 25.37505894989945 22.398813535123956
891.375 25.37831878655038 22.399560932953584
891.8749999999999 25.3815790220804 22.400311085232385
892.375 25.384799730294844 22.401048919643184
892.875 25.38805370547067 22.401798059489245
893.3749999999999 25.39127693736677 22.402540798953254
893.875 25.394507317283967 22.403294135063128
894.375 25.397711462135497 22.40404158266125
894.8749999999999 25.400917196352726 22.404791610107107
895.375 25.404125769838004 22.40555550077147
895.875 25.407333159761837 22.40629909686239
896.3749999999999 25.410492555342362 22.40704865651802
896.875 25.413683302024236 22.40780971203007
897.375 25.416846267700187 22.40855958337609
897.8749999999999 25.419981478220972 22.409314626546486
898.375 25.423160027103467 22.41006797356066
898.875 25.426311121848066 22.41082388555445
899.3749999999999 25.429449327939082 22.411584209713936
899.875 25.43257073411648 22.412342276110305
900.375 25.43566659652197 22.41310137143374
900.8749999999999 25.438740718710488 22.413858205879194
901.375 25.4418433640865 22.414627413459137
901.875 25.444948221503566 22.415387685515178
902.3749999999999 25.44799891598588 22.416151220638643
902.875 25.451049127257033 22.416913055867568
903.375 25.454112381365604 22.417678491195005
903.8749999999999 25.45717284007647 22.418447684691433
904.375 25.46020834484971 22.419213712931576
904.875 25.46324870759015 22.41997985255854
905.3749999999999 25.466258627078776 22.420749500865682
905.875 25.469283993247412 22.42152554429273
906.375 25.47227682042825 22.422296448691554
906.8749999999999 25.475268279720517 22.423069194967194
907.375 25.478241930882717 22.423842895954017
907.875 25.481219616992938 22.424615754019083
908.3749999999999 25.484200828365054 22.42539198917718
908.875 25.487148277277512 22.42616875500875
909.375 25.490095227638875 22.42694940474781
909.8749999999999 25.493042166843484 22.42773058176864
910.375 25.495990915973138 22.428508587130885
910.875 25.49889963540859 22.42929435615323
911.3749999999999 25.50180216552007 22.43007644940907
911.875 25.50471164563516 22.430861298486278
912.375 25.507595152764964 22.43164673058526
912.8749999999999 25.51048924216275 22.432433959055047
913.375 25.513363114421324 22.43322180233896
913.875 25.516220629271473 22.43401311284879
914.3749999999999 25.519046290633852 22.434803497650183
914.875 25.52192382338564 22.43559133470854
915.375 25.524753201579436 22.43638884671515
915.8749999999999 25.527598120096116 22.43717408130697
916.375 25.53040654448524 22.437976410303495
916.875 25.533226452534766 22.438764146824894
917.3749999999999 25.536025487407407 22.439562862486973
917.875 25.538809736064536 22.44035522126048
918.375 25.54156596965772 22.441163911039027
918.8749999999999 25.544354508008166 22.441956749383056
919.375 25.54711314562229 22.44275654526813
919.875 25.54983124873207 22.44355594473984
920.3749999999999 25.552552210796883 22.44436805811736
920.875 25.555333760638824 22.445174903278907
921.375 25.558023116285526 22.445976142628542
921.8749999999999 25.5607435083127 22.44678312240413
922.375 25.563434723982578 22.447584565246753
922.875 25.566127947991927 22.448391071795367
923.3749999999999 25.568803060529603 22.449203863036136
923.875 25.571483404918077 22.450018611633045
924.375 25.574134184144164 22.450823453522947
924.8749999999999 25.57678606060483 22.451643040266035
925.375 25.579424100611984 22.45245656297328
925.875 25.582064412149705 22.45326916467876
926.3749999999999 25.58469949222498 22.454087227911927
926.875 25.58731010378453 22.454908585240915
927.375 25.58988011104863 22.455720348533905
927.8749999999999 25.59248602648188 22.45654258769391
928.375 25.595036022913984 22.45736833980402
928.875 25.59763522432356 22.458189394926723
929.3749999999999 25.60016123372637 22.459006983876897
929.875 25.602742976868935 22.459830291271015
930.375 25.605258818285556 22.46066190790706
930.8749999999999 25.607795574460507 22.46148452223946
931.375 25.61031481043013 22.46231709802887
931.875 25.612830304315498 22.463144541072015
932.3749999999999 25.61530195852612 22.463972465721255
932.875 25.617824301968387 22.464806736469075
933.375 25.620311896261335 22.465632847152403
933.8749999999999 25.622756304937738 22.466473930745412
934.375 25.625210336571552 22.467301753920005
934.875 25.62766710237245 22.468139832754453
935.3749999999999 25.630088943380926 22.468970881993183
935.875 25.632531966465 22.46981563608484
936.375 25.634929192584085 22.470653963673332
936.8749999999999 25.637333580675378 22.471492277501074
937.375 25.639730585626484 22.47232651265961
937.875 25.642163553465362 22.473172483994542
938.3749999999999 25.644510800780267 22.474019762203103
938.875 25.646834271932274 22.47486015622689
939.375 25.64921467354051 22.475703758080755
939.8749999999999 25.651545785882593 22.476548435202062
940.375 25.653878246106622 22.477399147220115
940.875 25.65621323185979 22.478246113056283
941.3749999999999 25.658504125719542 22.479100471903735
941.875 25.66080574642784 22.47994785363867
942.375 25.663088081188093 22.480800478366213
942.8749999999999 25.665314755217665 22.481654331528066
943.375 25.667578640224797 22.482507153856922
943.875 25.669851360683246 22.483359059656543
944.3749999999999 25.6720538253972 22.484222004856065
944.875 25.674266215499266 22.48508015422116
945.375 25.676439394374704 22.485935447925666
945.8749999999999 25.678634421883423 22.486799707261905
946.375 25.680780262899205 22.487658800815836
946.875 25.682959090527877 22.488524729260142
947.3749999999999 25.685087168147042 22.48939511649706
947.875 25.687222097129382 22.49025109529038
948.375 25.689312275031853 22.49112557717259
948.8749999999999 25.691385275114396 22.49198871325966
949.375 25.693467660684426 22.49286212971297
949.875 25.6955449363587 22.493729219728383
950.3749999999999 25.697570074702053 22.49459540313528
950.875 25.699605737572966 22.495474228359235
951.375 25.701652403360242 22.49634451087068
951.8749999999999 25.703635936369402 22.497213020599332
952.375 25.705605646709763 22.49809045308801
952.875 25.707603337488784 22.498980171542897
953.3749999999999 25.70953867482192 22.499854466251648
953.875 25.71150151038435 22.50073236508833
954.375 25.713436575322454 22.501611460302943
954.8749999999999 25.715321953753616 22.50249089068533
955.375 25.717223407462704 22.503381878211698
955.875 25.719108006322664 22.50426535171777
956.3749999999999 25.720987891457803 22.505148898197476
956.875 25.722821892508673 22.506036052606273
957.375 25.724695844712784 22.506922348860652
957.8749999999999 25.726489162408125 22.507815804183338
958.375 25.72831539109331 22.50870903225396
958.875 25.73010654375455 22.50959828301727
959.3749999999999 25.73187698430841 22.510496671026985
959.875 25.73365789453885 22.511383291651903
960.375 25.73536285849039 22.512284348032235
960.8749999999999 25.737137389506522 22.51317769995389
961.375 25.738844679584098 22.51407268629859
961.875 25.740567191569106 22.5149809117525
962.3749999999999 25.742237946060264 22.51587960576493
962.875 25.743904446806567 22.516781520408227
