FastTrWP/PhaseSpace/IAs/snIa_0.69_30.00_-1.12_-0.25.csv
# %ECSV 0.9
# ---
# datatype:
# - {name: time-rel, datatype: float64}
# - {name: g, datatype: float64}
# - {name: i, datatype: float64}
# schema: astropy-2.0
time-rel g i
[from data line 2018]
1099.6458333333333 24.526345209610795 22.86775868521975
1100.1458333333333 24.526696762124555 22.868905265760688
1100.6458333333333 24.527090006319785 22.870052412561197
1101.1458333333333 24.52750522654355 22.871201905168995
1101.6458333333333 24.527950542084245 22.87235288647539
1102.1458333333333 24.528407169570748 22.87350246386864
1102.6458333333333 24.528915351538494 22.87465402565163
1103.1458333333333 24.529427355529997 22.87580103628837
1103.6458333333333 24.52997842439613 22.876959044166796
1104.1458333333333 24.530536817792683 22.87810800011829
1104.6458333333333 24.531161958980775 22.879266127405945
1105.1458333333333 24.5317780703483 22.88042271536365
1105.6458333333333 24.53242462849684 22.881572185032027
1106.1458333333333 24.53310713197596 22.88273235113827
1106.6458333333333 24.53380221875152 22.883876217929068
1107.1458333333333 24.53453658239529 22.8850398399618
1107.6458333333333 24.53527932593369 22.886197526765667
1108.1458333333333 24.536076354836617 22.887364161341832
1108.6458333333333 24.536883677671753 22.888522385193184
1109.1458333333333 24.53772006508167 22.889679636556078
1109.6458333333333 24.538590061891988 22.890843032373414
1110.1458333333333 24.539480242345594 22.89200692788576
1110.6458333333333 24.540392532781215 22.89316936517572
1111.1458333333333 24.541340067537455 22.894329636671287
1111.6458333333333 24.542311377130815 22.895488547228787
1112.1458333333333 24.543324740382705 22.896657202906464
1112.6458333333333 24.544349720977333 22.897822857223264
1113.1458333333333 24.545400268193642 22.898991281081873
1113.6458333333333 24.5464993013545 22.900153190049068
1114.1458333333333 24.547614991398568 22.901328077990506
1114.6458333333333 24.548738198478425 22.902481737252973
1115.1458333333333 24.549914608307184 22.903659440475742
1115.6458333333333 24.551108607956404 22.904829830775167
1116.1458333333333 24.55234091704551 22.90599397695731
1116.6458333333333 24.553599142274592 22.907165390448185
1117.1458333333333 24.55486843265927 22.908340392314216
1117.6458333333333 24.556170290811842 22.909506304030845
1118.1458333333333 24.557529680010553 22.91067914221522
1118.6458333333333 24.558889830685654 22.911860289946766
1119.1458333333333 24.560293855669656 22.913029194185075
1119.6458333333333 24.561710841140684 22.91421869173485
1120.1458333333333 24.56316762780323 22.91539002076074
1120.6458333333333 24.564658298224515 22.91656307674936
1121.1458333333333 24.566173955750106 22.9177403717959
1121.6458333333333 24.56770393252926 22.918919364493092
1122.1458333333333 24.569275590326562 22.920100788543458
1122.6458333333333 24.57089326527637 22.921272008537215
1123.1458333333333 24.57252594471429 22.922456160402707
1123.6458333333333 24.57418569241563 22.923637882128478
1124.1458333333333 24.575886081193925 22.92482187245038
1124.6458333333333 24.5776068813146 22.925999211048254
1125.1458333333333 24.57934923513013 22.92718739942329
1125.6458333333333 24.58113984629493 22.928373312388306
1126.1458333333333 24.5829480466368 22.92956495596154
1126.6458333333333 24.584806049108856 22.93074490638024
1127.1458333333333 24.58670166453608 22.931932181992313
1127.6458333333333 24.58860310309912 22.93311008791946
1128.1458333333333 24.59053041753823 22.93430339190725
1128.6458333333333 24.592513626907852 22.93549488886937
1129.1458333333333 24.594510074802525 22.936688140490283
1129.6458333333333 24.59652595268217 22.937873361451587
1130.1458333333333 24.598618991989014 22.939066478943523
1130.6458333333333 24.600717595476667 22.940265307177125
1131.1458333333333 24.60283259564593 22.94145382186192
1131.6458333333333 24.60501053771406 22.942644406558976
1132.1458333333333 24.607198248445904 22.943842296516404
1132.6458333333333 24.609444862021796 22.945045256007774
1133.1458333333333 24.611716227335208 22.946243979993515
1133.6458333333333 24.613987381260408 22.94743811155559
1134.1458333333333 24.61633335595519 22.948639671991117
1134.6458333333333 24.618692740073396 22.949835720623796
1135.1458333333333 24.621113872921683 22.951047024871126
1135.6458333333333 24.62354310434842 22.952240284138764
1136.1458333333333 24.62601030562558 22.953453558127528
1136.6458333333333 24.62851002255337 22.95464878402319
1137.1458333333333 24.631057445974427 22.95585080378338
1137.6458333333333 24.63361806609353 22.9570664853997
1138.1458333333333 24.63623446209681 22.958266186272418
1138.6458333333333 24.638866206805588 22.959476232928697
1139.1458333333333 24.641561499228033 22.960678312954663
1139.6458333333333 24.64429051061461 22.961894633760803
1140.1458333333333 24.64702140542734 22.96310934892093
1140.6458333333333 24.649825738112018 22.964317432812816
1141.1458333333333 24.652654161900962 22.96553395056523
1141.6458333333333 24.65552876100211 22.966749755243523
1142.1458333333333 24.658430512790844 22.967957748153495
1142.6458333333333 24.661350914449983 22.969184219427035
1143.1458333333333 24.664359912674087 22.970392250306976
1143.6458333333333 24.66736757679055 22.97161105674492
1144.1458333333333 24.670421516037827 22.972835874132052
1144.6458333333333 24.67349945386584 22.97405644847375
1145.1458333333333 24.676657350169396 22.97527929579065
1145.6458333333333 24.679846013761203 22.976504072504817
1146.1458333333333 24.683047693009126 22.977719219952665
1146.6458333333333 24.686285773442837 22.978937842119763
1147.1458333333333 24.68959433122724 22.98017454709873
1147.6458333333333 24.69293095745487 22.981405960026812
1148.1458333333333 24.69633961060554 22.982629740858602
1148.6458333333333 24.699773986064308 22.98385941221153
1149.1458333333333 24.70324614781672 22.985088239603627
1149.6458333333333 24.706792268944486 22.98631935185768
1150.1458333333333 24.71038028684915 22.987552494325264
1150.6458333333333 24.71402703801037 22.988785074721317
1151.1458333333333 24.717689545995558 22.990017314239157
1151.6458333333333 24.721433100161594 22.991251567102715
1152.1458333333333 24.72523726222384 22.992492391092366
1152.6458333333333 24.729064580736342 22.993728145939237
1153.1458333333333 24.732952753374256 22.99496871389313
1153.6458333333333 24.736880253583017 22.996212675032915
1154.1458333333333 24.740850749670365 22.997439030164454
1154.6458333333333 24.744912505951852 22.998683516457277
1155.1458333333333 24.74896287164153 22.999919292381396
1155.6458333333333 24.753115879575425 23.001161766198166
1156.1458333333333 24.757326957007724 23.00241647923389
1156.6458333333333 24.761547457165328 23.003655874776396
1157.1458333333333 24.76587402499806 23.004899270733308
1157.6458333333333 24.77020748437009 23.006147409972378
1158.1458333333333 24.774594763945643 23.00740216277721
1158.6458333333333 24.779047036417587 23.008647859495895
1159.1458333333333 24.783537546150086 23.009898600584428
1159.6458333333333 24.788135251916444 23.011152188232217
1160.1458333333333 24.79273367778861 23.012404225225414
1160.6458333333333 24.797392670075826 23.01365137383794
1161.1458333333333 24.80210316699999 23.014900974071125
1161.6458333333333 24.806877639634145 23.016165138116804
1162.1458333333333 24.811715560127134 23.01742140400012
1162.6458333333333 24.816615300326603 23.018679851428082
1163.1458333333333 24.82155037232935 23.019929646347094
1163.6458333333333 24.826536677919098 23.021197005305552
1164.1458333333333 24.83159652134097 23.022460714671524
1164.6458333333333 24.836710525283596 23.023716431984052
1165.1458333333333 24.84188229851098 23.02497554525212
1165.6458333333333 24.847131284187554 23.02623509731029
1166.1458333333333 24.852414670655417 23.027504245214505
1166.6458333333333 24.857736549634453 23.02877595441454
1167.1458333333333 24.86314266451896 23.030049633318534
1167.6458333333333 24.86860962126046 23.03130649531498
1168.1458333333333 24.874113287098428 23.03258198564816
1168.6458333333333 24.87968312612384 23.033849607760963
1169.1458333333333 24.88532008147879 23.035117168795853
1169.6458333333333 24.891039077285953 23.03638929018895
1170.1458333333333 24.896816612694867 23.037661976776537
1170.6458333333333 24.90261846079237 23.038934297713407
1171.1458333333333 24.908487569125363 23.040215118926728
1171.6458333333333 24.914455600137497 23.041492637936468
1172.1458333333333 24.920469660242368 23.042767619624918
1172.6458333333333 24.9265506557416 23.044040671685316
1173.1458333333333 24.932679946141015 23.045321302307798
1173.6458333333333 24.93888473005191 23.04661287172495
1174.1458333333333 24.94515173589402 23.04788681202989
1174.6458333333333 24.951495738685637 23.049170033500268
1175.1458333333333 24.957903921024347 23.05045462862261
1175.6458333333333 24.964368963014593 23.051733034424217
1176.1458333333333 24.97091831862889 23.053022711266863
1176.6458333333333 24.977531915600558 23.054305029590054
1177.1458333333333 24.984214839818563 23.05560505297369
1177.6458333333333 24.99095970611746 23.056882833755633
1178.1458333333333 24.997799469439475 23.058177331455454
1178.6458333333333 25.00466973847777 23.059457290535413
1179.1458333333333 25.01161626668165 23.060758897395004
1179.6458333333333 25.01866718379943 23.062055299424213
1180.1458333333333 25.025764905037317 23.063356608149306
1180.6458333333333 25.03294419741831 23.064644896395524
1181.1458333333333 25.040234725391738 23.065946527178696
1181.6458333333333 25.047564807319826 23.067239805919332
1182.1458333333333 25.05499190585236 23.0685377917677
1182.6458333333333 25.0624730144176 23.069842394171975
1183.1458333333333 25.07003758706267 23.0711509228049
1183.6458333333333 25.07768609037765 23.072446726010213
1184.1458333333333 25.085425508866276 23.073744563039305
1184.6458333333333 25.093212791280067 23.07505863501072
1185.1458333333333 25.101120014288327 23.076364673270806
1185.6458333333333 25.109090711028692 23.077667037598268
1186.1458333333333 25.117164200227787 23.078978813121193
1186.6458333333333 25.125282699355846 23.080291395380534
1187.1458333333333 25.133526788264007 23.081591975033998
1187.6458333333333 25.141856815358224 23.082907982652628
1188.1458333333333 25.15034279252663 23.084220404600867
1188.6458333333333 25.15897414851933 23.085531459668253
1189.1458333333333 25.167801309863943 23.086852786173342
1189.6458333333333 25.176831956066795 23.088172449267002
1190.1458333333333 25.186048789621456 23.089491117232207
1190.6458333333333 25.195444085793312 23.090815987612523
1191.1458333333333 25.205056390275317 23.092147693739594
1191.6458333333333 25.214841150258703 23.09346127078282
1192.1458333333333 25.224836068709365 23.094790856412114
1192.6458333333333 25.235022773105538 23.09612244738279
1193.1458333333333 25.245394791410014 23.097459389113123
1193.6458333333333 25.255974907293805 23.09878461541322
1194.1458333333333 25.266733375188316 23.10012399185289
1194.6458333333333 25.277728981683577 23.10146122019694
1195.1458333333333 25.28890752399557 23.10279493657017
1195.6458333333333 25.3002671226003 23.104136832405597
1196.1458333333333 25.311847497594627 23.10547086861223
1196.6458333333333 25.323629960609757 23.10681876446879
1197.1458333333333 25.335612899969526 23.108155943587878
1197.6458333333333 25.347797731855195 23.109506497924762
1198.1458333333333 25.36021119685667 23.11085248375681
1198.6458333333333 25.372836460202585 23.112203522804627
1199.1458333333333 25.385659941021856 23.113550224279532
1199.6458333333333 25.39870481731502 23.114900302803626
1200.1458333333333 25.41197903670828 23.116252338525797
1200.6458333333333 25.4254518964976 23.117602349882986
1201.1458333333333 25.439143861297854 23.118958839761113
1201.6458333333333 25.45308394471441 23.12030962895587
1202.1458333333333 25.467202449165445 23.121668181711676
1202.6458333333333 25.481584237094133 23.123031174132542
1203.1458333333333 25.496189764096645 23.124379866368933
1203.6458333333333 25.51103597202504 23.12574360464562
1204.1458333333333 25.526075356663384 23.127109377164533
1204.6458333333333 25.541407756664558 23.128471400985283
1205.1458333333333 25.556966487424837 23.12983846173712
1205.6458333333333 25.5727135484835 23.13119697919261
1206.1458333333333 25.58873689786416 23.13256099462016
1206.6458333333333 25.605041188072434 23.13393346615159
1207.1458333333333 25.621531032040604 23.135302557106815
1207.6458333333333 25.63828203362796 23.13666479063408
1208.1458333333333 25.655299299814995 23.138034689068363
1208.6458333333333 25.67260719561777 23.139392769381782
1209.1458333333333 25.690119455777204 23.140768618257855
1209.6458333333333 25.70790171021844 23.142144075867744
1210.1458333333333 25.725993097553847 23.14351376026692
1210.6458333333333 25.744305748924667 23.144891475962908
1211.1458333333333 25.76288790073949 23.146274643753955
1211.6458333333333 25.781713671593558 23.147636550387265
1212.1458333333333 25.800868879627522 23.149008854164276
1212.6458333333333 25.820303683420743 23.150389052026
1213.1458333333333 25.83999378292605 23.1517695253121
1213.6458333333333 25.859964859702412 23.15314599713206
1214.1458333333333 25.88023348114223 23.154521525071523
1214.6458333333333 25.900777166877894 23.155894720286916
1215.1458333333333 25.92164538810642 23.157286049444025
1215.6458333333333 25.94275177701381 23.158646853464862
1216.1458333333333 25.964213597150824 23.16002713931589
1216.6458333333333 25.98592551578286 23.161412603234787
1217.1458333333333 26.007956436371344 23.162783203107324
1217.6458333333333 26.03030208235459 23.164175986950617
1218.1458333333333 26.052913933335443 23.165560691212423
1218.6458333333333 26.075823904008395 23.166930792257126
1219.1458333333333 26.099118663052568 23.16830932662555
1219.6458333333333 26.122676079346338 23.169687417350396
1220.1458333333333 26.146591784028082 23.171076298617557
1220.6458333333333 26.170699634770127 23.172460425736197
1221.1458333333333 26.19522761787649 23.17383981834142
1221.6458333333333 26.220048573985153 23.175219871164533
1222.1458333333333 26.24515571277717 23.176594559395603
1222.6458333333333 26.27058317893182 23.177978161362624
1223.1458333333333 26.296368967481996 23.17936876938618
1223.6458333333333 26.322407821869284 23.18073756714835
1224.1458333333333 26.348795185871076 23.182124787595587
1224.6458333333333 26.37544151128339 23.183501406759504
1225.1458333333333 26.402444218819852 23.18488459666428
1225.6458333333333 26.429736987443743 23.186266063148608
1226.1458333333333 26.457255143203582 23.1876419925706
1226.6458333333333 26.4851215064469 23.189031156593142
1227.1458333333333 26.51325769429441 23.19040024963384
1227.6458333333333 26.541632266870327 23.191788932925064
1228.1458333333333 26.570319802709967 23.193169797508702
1228.6458333333333 26.599381262461574 23.194540669946466
1229.1458333333333 26.62914984373125 23.19592180533931
1229.6458333333333 26.65959754512849 23.197300356263597
1230.1458333333333 26.69087756157158 23.19868056449628
1230.6458333333333 26.722781565882094 23.200055682768088
1231.1458333333333 26.755645251212385 23.20145154706934
1231.6458333333333 26.78931567294836 23.202835063291797
1232.1458333333333 26.823929349529525 23.204201072466645
1232.6458333333333 26.85940741667617 23.205599679667692
1233.1458333333333 26.896000202299813 23.20696536807825
1233.6458333333333 26.93357057297762 23.20835514007607
1234.1458333333333 26.972326402853245 23.209739406528964
1339.6458333333333 26.96783009138414 23.504386107282134
1340.1458333333333 26.924297659085717 23.50576628526223
1340.6458333333333 26.882060373288752 23.507142934833702
1341.1458333333333 26.840946950917974 23.50851449926668
1341.6458333333333 26.800898746759124 23.509894237153105
1342.1458333333333 26.76194307211845 23.511265422772055
1342.6458333333333 26.723982245656863 23.512624471905337
1343.1458333333333 26.68689254465267 23.5140107687493
1343.6458333333333 26.650696567843685 23.515378542763877
1344.1458333333333 26.615366621250438 23.516736285794092
1344.6458333333333 26.580714497990137 23.51810167765703
1345.1458333333333 26.546879338454655 23.51946813217775
1345.6458333333333 26.513820935823794 23.52083643008127
