FastTrWP/PhaseSpace/IAs/snIa_0.39_30.00_-0.48_-0.25.csv
# %ECSV 0.9
# ---
# datatype:
# - {name: time-rel, datatype: float64}
# - {name: g, datatype: float64}
# - {name: i, datatype: float64}
# schema: astropy-2.0
time-rel g i
[from data line 1076]
128.0 22.795561681448 22.73057440599736
128.5 22.79669713860603 22.730512175062344
129.0 22.7978493134419 22.73045473640269
129.5 22.798992351930117 22.730390581809917
130.0 22.800142666933574 22.730334903575343
130.5 22.801307007143244 22.730293301713385
131.0 22.80245059719674 22.73023749079508
131.5 22.803604064302636 22.73019489889547
132.0 22.804759834608383 22.730144479944943
132.5 22.805920452419123 22.73009880395955
133.0 22.807086029401553 22.730060538012246
133.5 22.808255221099447 22.73002771369581
134.0 22.809431915468053 22.729988798437386
134.5 22.810595372899837 22.729959459942762
135.0 22.81178427219379 22.729935671882274
135.5 22.812941425188114 22.72990078927501
136.0 22.81412832625024 22.729877824303063
136.5 22.815305977707794 22.729860209171218
137.0 22.816488853647748 22.72983697198044
137.4999999999999 22.817672476564045 22.72981983911094
138.0 22.818856652629282 22.729802317486786
138.5 22.820050372367568 22.729794719020525
138.9999999999999 22.821248939230166 22.7297807571992
139.5 22.822444628495933 22.72977128798917
140.0 22.823647669577333 22.729764024362254
140.4999999999999 22.824842577265365 22.729763476628435
141.0 22.82604600960731 22.72977590872394
141.5 22.827252795704098 22.729758327079775
141.9999999999999 22.828457117310407 22.729771463985635
142.5 22.829669030786405 22.729778461850152
143.0 22.830872486700763 22.729787657376676
143.4999999999999 22.832091858986658 22.729803152780512
144.0 22.83331137263491 22.72981545819912
144.5 22.83452845779407 22.729838825871198
144.9999999999999 22.835746031196603 22.72985610466314
145.5 22.836978635109713 22.729867126883473
146.0 22.838194114851834 22.729898837886054
146.4999999999999 22.839424599450602 22.729919705182855
147.0 22.840651243474923 22.72994663464605
147.5 22.84189292212779 22.72998107696796
147.9999999999999 22.843126582918178 22.730014423377707
148.5 22.84436415980327 22.73005262854018
149.0 22.84559552914199 22.730086504292053
149.4999999999999 22.846839351251 22.730130602294764
150.0 22.84808259920605 22.73017330144414
150.5 22.8493227498079 22.73021962541644
150.9999999999999 22.850578137853827 22.730264766661058
151.5 22.851825972046814 22.730324534786188
152.0 22.853082005226323 22.73037562525651
152.4999999999999 22.854332729673438 22.730422180041096
153.0 22.855596729641817 22.730474608011523
153.5 22.856850749031086 22.730533592987516
153.9999999999999 22.858108123013736 22.730600545322112
154.5 22.859384072949105 22.73066365791067
155.0 22.860652171162027 22.730724098746123
155.4999999999999 22.861903775818128 22.73079773422519
156.0 22.86317931343452 22.73087016729287
156.5 22.864460608548548 22.73093756988419
156.9999999999999 22.865724807893997 22.731016072831064
157.5 22.867013185632867 22.7310928670533
158.0 22.86829059349982 22.731173570704918
158.4999999999999 22.869572733965725 22.731253078780682
159.0 22.870856940817383 22.731339658051798
159.5 22.872154105419416 22.73143430000413
159.9999999999999 22.87344297327656 22.731525548207397
160.5 22.874747259210267 22.73161976689891
161.0 22.876029393889574 22.731712281194657
161.4999999999999 22.87734499075052 22.73181021470183
162.0 22.878643231514488 22.731911655862646
162.5 22.879952514959328 22.732018335136974
162.9999999999999 22.881257862350395 22.732120852165686
163.5 22.88256726883677 22.732232691134406
164.0 22.883887060527293 22.732341297937076
164.4999999999999 22.885196945007177 22.732454686779768
165.0 22.886516745339232 22.732568942545775
165.5 22.887842319990117 22.732698698953588
165.9999999999999 22.88916834411808 22.732814629004068
166.5 22.890483279256205 22.732930776224837
167.0 22.89182292337071 22.733062825702753
167.4999999999999 22.8931537537252 22.73318639116289
168.0 22.89448909332506 22.73331832885598
168.5 22.89582358838045 22.733448096260666
168.9999999999999 22.89716890326172 22.73358983073434
169.5 22.898514898283068 22.73371942515586
170.0 22.89985627558768 22.73386681720403
170.4999999999999 22.901206346468072 22.73400517493816
171.0 22.90255410461058 22.734152526325445
171.5 22.903910787168105 22.73429324910952
171.9999999999999 22.905261865942403 22.734438625264815
172.5 22.906625635073183 22.734605855628168
173.0 22.90798313228081 22.734751882730034
173.4999999999999 22.90934311211781 22.734901939420162
174.0 22.910716015754993 22.735065261139017
174.5 22.912079264815436 22.735223538044483
174.9999999999999 22.913453006578592 22.735386379136017
175.5 22.914822042724303 22.735558238933272
176.0 22.916202101107743 22.735718449832977
176.4999999999999 22.91757752838442 22.735892075167122
177.0 22.918951458444397 22.736058141837066
177.5 22.920341910462252 22.73624712449172
177.9999999999999 22.921722310918643 22.736411785962844
178.5 22.923111644856576 22.73659358291805
179.0 22.924502972606074 22.73677211147902
179.4999999999999 22.925900338277057 22.736953272383072
180.0 22.92729284011941 22.73713800111798
180.5 22.928682207012926 22.737335632892655
180.9999999999999 22.930083982065298 22.73751868463652
181.5 22.93148358394746 22.737703195609186
182.0 22.932886415882127 22.7379050582728
182.4999999999999 22.934298034253494 22.738096684394
183.0 22.93569249236156 22.738292492853972
183.5 22.937106638971226 22.738498501870183
183.9999999999999 22.93852331675458 22.738694517789586
184.5 22.939933932700953 22.738895267544443
185.0 22.94134896852904 22.739113322461236
185.4999999999999 22.94277267989324 22.7393171173733
186.0 22.94419544589443 22.739529749978807
186.5 22.9456247148579 22.73974134275604
186.9999999999999 22.947038977814547 22.73995873402771
187.5 22.94846424601549 22.740168761040337
188.0 22.949902480786623 22.740392792078367
188.4999999999999 22.951324791728762 22.740610768263103
189.0 22.952764212257666 22.740846633001773
189.5 22.954200924805768 22.74105759250606
189.9999999999999 22.955639720414986 22.741288439286652
190.5 22.957101187895027 22.741516019701592
191.0 22.95853999176871 22.741747755178395
191.4999999999999 22.95999742028279 22.741986954466768
192.0 22.96145854013304 22.742226501863367
192.5 22.962918110538084 22.742465673934575
192.9999999999999 22.964379030717556 22.742709591428625
193.5 22.96584216904474 22.742946362328908
194.0 22.96731607043993 22.74320015321138
194.4999999999999 22.96879087114533 22.743444197979322
195.0 22.97028229545311 22.743701500670422
195.5 22.971760824458862 22.743960450023305
195.9999999999999 22.973247686892403 22.74420467161226
196.5 22.974731983966194 22.744463805702114
197.0 22.976224064539082 22.74473597254942
197.4999999999999 22.977715636736377 22.744985253654086
198.0 22.979227646743574 22.745266205264535
198.5 22.980725662439806 22.745533524898768
198.9999999999999 22.98223695826851 22.745802938260983
199.5 22.983740597319184 22.746076897721732
200.0 22.985255442216275 22.74635554955114
200.4999999999999 22.98676917770095 22.746625869149163
201.0 22.98827547302091 22.746907426160906
201.5 22.989810717401014 22.747187919776437
201.9999999999999 22.991318165968305 22.747475811289284
202.5 22.992841810468217 22.747761993392274
203.0 22.994373266039023 22.74804806509681
203.4999999999999 22.995903571540524 22.748338848751878
204.0 22.99742521400562 22.748633718058116
204.5 22.998968265508204 22.74892704677507
204.9999999999999 23.000497592087715 22.74922581688386
205.5 23.002035381537777 22.749524919987174
206.0 23.00357510448398 22.74983029240623
206.4999999999999 23.005110985304555 22.750130339672666
207.0 23.00665237678495 22.750438046574757
207.5 23.008201575876463 22.750752182647776
207.9999999999999 23.009740165589466 22.751065317502462
208.5 23.01128934443222 22.751364300304434
209.0 23.01284477004134 22.751684467803507
209.4999999999999 23.0143886679976 22.752003357581692
210.0 23.0159389686837 22.75231731742919
210.5 23.017488840483775 22.752650725233647
210.9999999999999 23.01904394017096 22.752960836051518
211.5 23.02060581447723 22.75329151446985
212.0 23.02217114231607 22.75361645852408
212.4999999999999 23.023717385378497 22.75394045953123
213.0 23.025272806198576 22.754273223463034
213.5 23.026826059515816 22.7546077776567
213.9999999999999 23.0283857789988 22.754942637949117
214.5 23.02995236141147 22.75528921879178
215.0 23.03151783448516 22.75562620022486
215.4999999999999 23.03307064300669 22.755967104520366
216.0 23.03464245224445 22.75630559068845
216.5 23.036192428963403 22.756651742291957
216.9999999999999 23.037756079473407 22.756997642305357
217.5 23.039315300688376 22.75735441438943
218.0 23.040880883675825 22.757706958116128
218.4999999999999 23.04243555714359 22.758054490555132
219.0 23.044007937516596 22.758411375309574
219.5 23.04556283555593 22.758771223833307
219.9999999999999 23.047120936953878 22.75913068304294
220.5 23.048681451740165 22.75948448139659
221.0 23.050236318124348 22.75984225312808
221.4999999999999 23.051788201319265 22.76020275513904
222.0 23.053354130713064 22.76057980674128
222.5 23.054904738012972 22.760942359969356
222.9999999999999 23.056474473845704 22.761315648055458
223.5 23.058025718711125 22.761685977064264
224.0 23.059595308467692 22.762056912079824
224.4999999999999 23.061160363301745 22.762432221309723
225.0 23.062713956793523 22.76281560601408
225.5 23.06428703614165 22.763201835807592
225.9999999999999 23.0658565221179 22.763578609576946
226.5 23.067416938237987 22.763971442613737
227.0 23.06899012805005 22.764362925364843
227.4999999999999 23.07056811966242 22.764751165429622
228.0 23.072131650068826 22.765142595517034
228.5 23.073708786904923 22.765536899425424
228.9999999999999 23.075280783633332 22.765935980138707
229.5 23.07685556702942 22.76633894414203
230.0 23.07844005758564 22.766734714342945
230.4999999999999 23.080015392506933 22.767139903879865
231.0 23.081587323738457 22.76754980117634
231.5 23.083176434971797 22.767955467994575
231.9999999999999 23.084756263040703 22.768361142741004
232.5 23.086339948081836 22.768776513047563
233.0 23.08791618204781 22.769201829588766
233.4999999999999 23.089506078356372 22.769608774160467
234.0 23.09108429700141 22.770032888071153
234.5 23.092671027547468 22.770448285106347
234.9999999999999 23.09426018659117 22.770873991485292
235.5 23.095845413606266 22.771305735270175
236.0 23.097444042677164 22.771728857846078
236.4999999999999 23.09903139139358 22.772164859044462
237.0 23.100625024359708 22.772585014939175
237.5 23.10222020672346 22.773018135878132
237.9999999999999 23.103820278474288 22.773463433103736
238.5 23.105412780574888 22.773898851104434
239.0 23.106997478726875 22.774338816915815
239.4999999999999 23.10859865230443 22.77478390042967
240.0 23.110194923662263 22.77522083344995
240.5 23.11178776546146 22.775674871634173
240.9999999999999 23.11339156990436 22.776117755784135
241.5 23.11498965070288 22.776569362821334
242.0 23.11659085276723 22.777021180608827
242.4999999999999 23.118193386833937 22.77747398396648
243.0 23.119796750958503 22.777939362285586
243.5 23.121406771391154 22.77839285517399
243.9999999999999 23.123001852260735 22.778855242892774
244.5 23.124607192482202 22.77931320807984
245.0 23.12620499460222 22.77978032809978
245.4999999999999 23.12781177080614 22.78024333875336
246.0 23.12941880823569 22.78070873086099
246.5 23.13102833012769 22.7811916809982
246.9999999999999 23.132626757136677 22.781658255056403
247.5 23.134238886996332 22.78212816165793
248.0 23.13584806224783 22.782609576986808
248.4999999999999 23.13744701980767 22.783085661996022
249.0 23.13907024271132 22.783561967028668
249.5 23.14067998161963 22.784044073578734
249.9999999999999 23.142287391941878 22.78453016104272
250.5 23.143890893066374 22.785010376476833
251.0 23.145503059183405 22.785498550416715
251.4999999999999 23.147112902516547 22.78599816612524
252.0 23.148730316863478 22.786474353048185
252.5 23.150342171990907 22.78697141776214
252.9999999999999 23.151951615339364 22.78746986925578
253.5 23.15356499394668 22.78796601179033
254.0 23.155174513052717 22.788468572053695
254.4999999999999 23.156795920862443 22.788964483804335
255.0 23.158398440192993 22.789464843037198
255.5 23.160027705696216 22.7899631735308
255.9999999999999 23.161619981814837 22.790481737560278
256.5 23.16324435980949 22.79098294454836
257.0 23.16486020141363 22.791496513174174
257.4999999999999 23.166476294053062 22.792006876488635
258.0 23.168092072494648 22.79251952286202
258.5 23.169700100312156 22.793036185617957
258.9999999999999 23.171321903355278 22.793562339376194
259.5 23.172944974290807 22.794081816515572
260.0 23.174558632558426 22.794593365145804
260.4999999999999 23.17617027270012 22.795123304365514
261.0 23.177800415170687 22.795660237238895
261.5 23.179407450941415 22.796188774029225
261.9999999999999 23.181023857445254 22.796714104554546
262.5 23.18265252722214 22.797248591597643
263.0 23.184265905218794 22.79779461163352
263.4999999999999 23.185899146381153 22.798323644314685
264.0 23.18751254544507 22.798872746491433
264.5 23.189131846338256 22.799403963346645
264.9999999999999 23.190758089200788 22.799949430349432
265.5 23.192379098334676 22.80048901692244
266.0 23.19399886428815 22.801045296686663
266.4999999999999 23.195634471966923 22.8015936620092
267.0 23.19725594496658 22.80214763905466
267.5 23.19887713827443 22.802705778190013
267.9999999999999 23.200510535300573 22.80326272366807
268.5 23.202133912348746 22.803819235550815
269.0 23.203762002233354 22.804386997254873
269.4999999999999 23.205398326394754 22.804938410864686
270.0 23.20702028026998 22.805509121362398
270.5 23.208638658429944 22.806078816939362
270.9999999999999 23.210279295946037 22.8066464891257
271.5 23.21191945496294 22.80721810243083
272.0 23.213544453479376 22.807792925441547
272.4999999999999 23.21517997969316 22.808366522821913
273.0 23.21680259432568 22.80894646382749
273.5 23.218451807014425 22.809520081361395
273.9999999999999 23.220072492421345 22.810112505738942
274.5 23.22171278090549 22.810690996366347
275.0 23.223348655230115 22.8112740834951
275.4999999999999 23.224979909004993 22.81185814715636
276.0 23.226612614062088 22.81244902712123
276.5 23.22825929352448 22.81305112819348
276.9999999999999 23.229897644201763 22.813641274926873
277.5 23.231531892027327 22.8142290245825
278.0 23.23317130583479 22.814830363399963
278.4999999999999 23.23481679242777 22.81542803835479
279.0 23.236457866312243 22.81603558893673
279.5 23.23809920376567 22.81663932937452
279.9999999999999 23.239751313583564 22.8172374092236
280.5 23.241384941247052 22.817850269588792
281.0 23.2430306450344 22.81845209065864
281.4999999999999 23.24467652455075 22.819058514476062
282.0 23.246327946651434 22.819683654376778
282.5 23.247979351075667 22.82029726915028
282.9999999999999 23.249626084942495 22.820916415205062
283.5 23.251267358937483 22.821533793819345
284.0 23.252927273934226 22.822145921151037
284.4999999999999 23.25458291765155 22.82277631479126
285.0 23.25622381096209 22.823406383106803
285.5 23.25788372239446 22.82402907050382
285.9999999999999 23.25953629720093 22.82465908190046
286.5 23.26119004281065 22.825283034699062
287.0 23.262854180558122 22.825918609093335
287.4999999999999 23.26450007653664 22.826555005804284
288.0 23.26615669871362 22.827192492963544
288.5 23.26781354994079 22.82782790274029
288.9999999999999 23.26946714779451 22.828466480474763
289.5 23.2711326969186 22.82910584375045
290.0 23.27279874847623 22.829756135292214
290.4999999999999 23.274455371538995 22.83040092740511
291.0 23.276117895034176 22.831045438702077
291.5 23.2777916198298 22.8316967406234
291.9999999999999 23.279445514663657 22.832349635440885
292.5 23.28111048632728 22.83300444905875
293.0 23.282772610466655 22.83366424018765
293.4999999999999 23.28444627108485 22.8343210785814
294.0 23.286107533520376 22.83498542745887
294.5 23.287775633706982 22.835647386323682
294.9999999999999 23.289439158471403 22.836309569624
295.5 23.291110757363654 22.836974922736562
296.0 23.292769473887628 22.837644777950665
296.4999999999999 23.29445305893504 22.838324117953974
297.0 23.296114672681476 22.838997638862203
297.5 23.297785896976034 22.839665308375267
