FastTrWP/PhaseSpace/IAs/snIa_0.43_30.00_0.45_0.08.csv
# %ECSV 0.9
# ---
# datatype:
# - {name: time-rel, datatype: float64}
# - {name: g, datatype: float64}
# - {name: i, datatype: float64}
# schema: astropy-2.0
time-rel g i
[from data line 1420]
297.0 23.882846682130186 22.368323320786487
297.4999999999999 23.884328172595954 22.368836066756714
298.0 23.88577676416613 22.369363211894296
298.5 23.887255579002208 22.36988273527434
298.9999999999999 23.888718527702157 22.370405072069296
299.5 23.89018740705875 22.37093098373282
300.0 23.891658513754408 22.371448477627716
300.4999999999999 23.893128732998473 22.371971683233834
301.0 23.894614047369934 22.372499838811073
301.5 23.896076582033107 22.373034280329698
301.9999999999999 23.897550944420047 22.373561421294383
302.5 23.899020272433926 22.37409650046076
303.0 23.90051504733639 22.37463141454498
303.4999999999999 23.901980560902793 22.375161902613932
304.0 23.903466468293196 22.37570428129425
304.5 23.904955924274866 22.376239056588464
304.9999999999999 23.906416817355915 22.376783636581674
305.5 23.907902241232108 22.377316825713006
306.0 23.909390996630098 22.377864620005013
306.4999999999999 23.91086410121141 22.378411727313917
307.0 23.912365744343823 22.378953061824145
307.5 23.913847247164565 22.37949773186347
307.9999999999999 23.91532854850801 22.380046309549464
308.5 23.916813770249156 22.380593930452587
309.0 23.918311905817227 22.381147709946315
309.4999999999999 23.91980345815466 22.381702672247798
310.0 23.9212866610214 22.38225031545072
310.5 23.92278951924881 22.38280854302667
310.9999999999999 23.924284728992316 22.383371201148435
311.5 23.925776442683464 22.383930246844702
312.0 23.927270895120202 22.38448770485668
312.4999999999999 23.92876302724879 22.385047804731947
313.0 23.93026623381047 22.385606993213848
313.5 23.93176560123689 22.386179328921024
313.9999999999999 23.933256816392003 22.38674438507722
314.5 23.93474956621214 22.387310082390645
315.0 23.93624896790234 22.387886625253874
315.4999999999999 23.93776567422813 22.3884552483484
316.0 23.939264842074635 22.389033997215005
316.5 23.94076925573886 22.389605773913622
316.9999999999999 23.94228088607816 22.390186031261187
317.5 23.943784360924365 22.390762888571082
318.0 23.94527602067641 22.391341911981208
318.4999999999999 23.946788564508203 22.391920904959214
319.0 23.94828926692319 22.392503426622564
319.5 23.949805786759107 22.39308593752533
319.9999999999999 23.951315406026925 22.393675119613125
320.5 23.952837560287765 22.3942589125865
321.0 23.954326021892356 22.39485872796108
321.4999999999999 23.955847252185233 22.395447130045582
322.0 23.95735424940503 22.396039378673784
322.5 23.95887296403046 22.396631794461527
322.9999999999999 23.96039517964825 22.397235877884796
323.5 23.961904871505343 22.397828884667078
324.0 23.96342890177584 22.398432313495196
324.4999999999999 23.964935105075433 22.399031680592373
325.0 23.96645591173984 22.399637914797065
325.5 23.967996371512715 22.40023837119361
325.9999999999999 23.969511842597633 22.400844392439563
326.5 23.971031407352434 22.401451813649658
327.0 23.972557049692984 22.40206236536652
327.4999999999999 23.97409026512173 22.402666890749792
328.0 23.97559354139036 22.403282582682703
328.5 23.977135822307027 22.403901270057084
328.9999999999999 23.97864734004688 22.404507564885368
329.5 23.980191041073063 22.40512805095215
330.0 23.98172046870443 22.40575381245902
330.4999999999999 23.98325523183373 22.40636884664216
331.0 23.98477221460275 22.406989945758824
331.5 23.98631605167793 22.407617363785217
331.9999999999999 23.987861891905776 22.408238409312183
332.5 23.989392731027355 22.40886673697122
333.0 23.990929413214104 22.40949716467147
333.4999999999999 23.992470878054508 22.410121146075515
334.0 23.99400763059845 22.41075480369467
334.5 23.99555021611947 22.41139080743473
334.9999999999999 23.99708035468784 22.41202225069065
335.5 23.99863551440951 22.41265922186806
336.0 24.000186326599046 22.41329537807414
336.4999999999999 24.00174191502259 22.41393359068208
337.0 24.003277365642717 22.414575421129808
337.5 24.00482126422925 22.415218821804473
337.9999999999999 24.00637694916007 22.415857843236026
338.5 24.00792390374706 22.416504089784528
339.0 24.009490518069462 22.417150528129728
339.4999999999999 24.011022504896673 22.417802242103306
340.0 24.012584069018597 22.418451097273223
340.5 24.014142042470716 22.419105620730445
340.9999999999999 24.01570380232792 22.419757778459033
341.5 24.01726779996665 22.42041312704955
342.0 24.018842455598566 22.421063370036475
342.4999999999999 24.020384260655003 22.421725171186353
343.0 24.021951986535434 22.422386676826275
343.5 24.02351616238974 22.423042866480955
343.9999999999999 24.02507856731074 22.423712264319285
344.5 24.02666100431158 22.424373112892845
345.0 24.028218784189992 22.425035817810706
345.4999999999999 24.02979994414855 22.425701402218266
346.0 24.0313671111913 22.42638092451354
346.5 24.032944389548916 22.427049645853234
346.9999999999999 24.034515438599282 22.42772546454958
347.5 24.036084813598258 22.42840154786126
348.0 24.0376747878957 22.429089892797997
348.4999999999999 24.03925701204185 22.42977784668056
349.0 24.040839677101268 22.430455750912373
349.5 24.042417588139493 22.431141495824264
349.9999999999999 24.044010100386632 22.431829182064508
350.5 24.04557869728237 22.43252501391276
351.0 24.047174108818382 22.433220147455252
351.4999999999999 24.048770616357512 22.433909681490913
352.0 24.050372651005866 22.434612607331985
352.5 24.05196907173888 22.435311830953456
352.9999999999999 24.0535569518695 22.43600829388634
353.5 24.055145342336253 22.436706913207725
354.0 24.056744511910573 22.43741764850125
354.4999999999999 24.058343631703814 22.438118361592213
355.0 24.059944104981966 22.438826470813996
355.5 24.06154200837817 22.439538559331012
355.9999999999999 24.06315310153234 22.4402509985712
356.5 24.06475125157541 22.44096502067055
357.0 24.0663505420857 22.441679803640838
357.4999999999999 24.06796274017502 22.44239640868056
358.0 24.069573707494257 22.44311195260162
358.5 24.071165532039874 22.443834053494687
358.9999999999999 24.072788758966315 22.44455258516882
359.5 24.074394727307258 22.445271631632178
360.0 24.076002870101014 22.445998787136116
360.4999999999999 24.077629670986347 22.44672346824298
361.0 24.07922776622317 22.447448875140466
361.5 24.080852975750645 22.44818159795532
361.9999999999999 24.082463123583135 22.44889734073231
362.5 24.08409035810451 22.449634659029506
363.0 24.08570455310779 22.450374633253016
363.4999999999999 24.087349933914 22.451105604041693
364.0 24.08896586160762 22.451840689631865
364.5 24.09056304690263 22.45256817941497
364.9999999999999 24.092196476392424 22.453315314701314
365.5 24.09381612372083 22.454050945667948
366.0 24.095426203189017 22.45478659256778
366.4999999999999 24.09706845033217 22.45552392877549
367.0 24.09870146778818 22.45626530764693
367.5 24.100316777862307 22.457007826417307
367.9999999999999 24.10194996982765 22.457744363083904
368.5 24.10357226167219 22.458492710647
369.0 24.105194331694648 22.459235444134514
369.4999999999999 24.106850971200075 22.459981697939632
370.0 24.108463080472585 22.460728623122872
370.5 24.110123558101655 22.46147237591643
370.9999999999999 24.111749364585048 22.4622196660664
371.5 24.113386358366263 22.462973441124095
372.0 24.115014970875887 22.463718137387197
372.4999999999999 24.116648453421192 22.464468184324243
373.0 24.11828692748431 22.465218966002183
373.5 24.1199338361341 22.465972660279302
373.9999999999999 24.121567849664313 22.466713468551678
374.5 24.123204740903248 22.467465850225636
375.0 24.12485240296673 22.46822360626231
375.4999999999999 24.126475136919794 22.468974959336702
376.0 24.128139057799856 22.469723569069732
376.5 24.1297849219158 22.470483668377806
376.9999999999999 24.131422353461417 22.471232517549396
377.5 24.13305835363907 22.471982826848013
378.0 24.134703919420772 22.472742502486764
378.4999999999999 24.136361676175998 22.473487444305217
379.0 24.138006484980473 22.474243074644427
379.5 24.139625628472828 22.475005548379713
379.9999999999999 24.141292576605167 22.47576644131611
380.5 24.142935047908715 22.476517037038334
381.0 24.14457727771707 22.477279520146244
381.4999999999999 24.146257628394267 22.47804247842567
382.0 24.147883816089024 22.478806523672922
382.5 24.14953551817819 22.479576992113415
382.9999999999999 24.15119920015642 22.480332336338545
383.5 24.15286814765194 22.481100901202108
384.0 24.154519570178152 22.48186339447564
384.4999999999999 24.156170112853317 22.482639601188104
385.0 24.15782931472993 22.483408170232714
385.5 24.159488717731264 22.484179651115785
385.9999999999999 24.161136587877646 22.484960349637483
386.5 24.16281802442714 22.485731391806492
387.0 24.164477264004987 22.48650659893821
387.4999999999999 24.16612968814427 22.48727991079887
388.0 24.167799147643795 22.488057029540798
388.5 24.169475602012056 22.488840368330173
388.9999999999999 24.1711433431742 22.489619904248666
389.5 24.17281769590169 22.490395534183037
390.0 24.174479117420574 22.491181772150348
390.4999999999999 24.176147228031684 22.491967266385224
391.0 24.177814009380043 22.492748363629183
391.5 24.179491050835743 22.493537990789992
391.9999999999999 24.181149424362562 22.494318503064083
392.5 24.182813785429897 22.49511020739422
393.0 24.184485636553305 22.49589247915123
393.4999999999999 24.186184547247443 22.496680837366124
394.0 24.18784246213743 22.497475892417317
394.5 24.18951989591033 22.498269083428866
394.9999999999999 24.191203519858032 22.49905116495843
395.5 24.192889822416895 22.49985007641167
396.0 24.194574490880893 22.500640099346803
396.4999999999999 24.19624935201982 22.501432228413314
397.0 24.197931193349568 22.502227360782932
397.5 24.199609976263446 22.50301948622188
397.9999999999999 24.2012963297991 22.50382333117425
398.5 24.202978229767517 22.50461345044617
399.0 24.204667212488648 22.505414200883376
399.4999999999999 24.20634654205505 22.506208653629137
400.0 24.208032325881348 22.507010853994597
400.5 24.209728420473716 22.507814376352826
400.9999999999999 24.211408859575293 22.508611229207514
401.5 24.21311051996083 22.509409511905183
402.0 24.21478805886158 22.510204964561332
402.4999999999999 24.216475723940643 22.511011990948443
403.0 24.21816682930542 22.51181587351885
403.5 24.219862557118024 22.512609645673646
403.9999999999999 24.221569811682883 22.513427735210986
404.5 24.223256990716035 22.514227351047886
405.0 24.22495108514446 22.515027433490246
405.4999999999999 24.22664437479891 22.51583385389012
406.0 24.228335170220472 22.51663800314926
406.5 24.230052316727466 22.517440863453047
406.9999999999999 24.231743537929358 22.518245980808583
407.5 24.233417672949518 22.519054652242065
408.0 24.235143817392878 22.51985987991407
408.5 24.23683687280079 22.520669369435943
409.0 24.23853981829433 22.521470258433553
409.5 24.24024104146274 22.52228402742853
410.0 24.24193028237041 22.523091011087573
410.5 24.243631438396168 22.523893533090238
411.0 24.24531991972952 22.524705338033634
411.5 24.2470320429763 22.52551714816528
412.0 24.24875471486443 22.52632409770404
412.5 24.25044979949545 22.52712856526454
413.0 24.252163215309427 22.52794240002112
413.5 24.253865502323542 22.528752188417446
414.0 24.25556635063486 22.529558401480358
414.5 24.257272733464006 22.53036899687705
415.0 24.25898037500008 22.531178708538153
415.5 24.260697692394587 22.53198963932511
416.0 24.262407577663545 22.53279950172006
416.5 24.26411917013084 22.53361833291736
417.0 24.265828139098822 22.534433246194073
417.5 24.2675361224943 22.535247878004753
418.0 24.269253860868364 22.536056881404583
418.5 24.270939572517683 22.536867687320385
419.0 24.272667368951957 22.53768879640983
419.5 24.274377719733522 22.538505548157033
420.0 24.276080686608115 22.5393167231979
420.5 24.277798425550152 22.540138213603772
421.0 24.27953238924402 22.54095362392591
421.5 24.281247235312758 22.541772022734282
422.0 24.28294932031369 22.542593376622314
422.5 24.28467748244627 22.5434086071904
423.0 24.286376956000257 22.54423966059704
423.5 24.288121146730024 22.545052300292745
424.0 24.28982329262916 22.54587293061128
424.5 24.291537574891088 22.54668895551509
425.0 24.293271473015704 22.547506672327632
425.5 24.29499109042154 22.548337456291073
426.0 24.2967118135077 22.549155875468074
426.5 24.29842374571426 22.549990226435973
427.0 24.300164574261935 22.55082046973076
427.5 24.301895073248666 22.5516412746951
428.0 24.30361758125185 22.55246898802512
428.5 24.30532154390476 22.553292184553264
429.0 24.307084359827172 22.554124404767922
429.5 24.308797259576245 22.554951728207335
430.0 24.310527310772 22.555768448607537
430.5 24.31225043733263 22.556608368439388
431.0 24.313971043608504 22.557440453189287
431.5 24.31573149132596 22.558270925008202
432.0 24.317458931791492 22.559100475744103
432.5 24.31918443115527 22.55993960517845
433.0 24.320928490322757 22.560764338616334
433.5 24.32264735735865 22.56160141864793
434.0 24.324403507703277 22.562437722836176
434.5 24.32610689655783 22.56326669714138
435.0 24.327865893345116 22.564110661392842
435.5 24.32961424869404 22.564947586920102
436.0 24.331351870388616 22.56578223648782
436.5 24.333104596667706 22.566621845675783
437.0 24.33482339593352 22.56745815415971
437.5 24.33658132125021 22.568305867273374
438.0 24.338334645118692 22.569138545572905
438.5 24.340061732957103 22.56998323237938
439.0 24.341819777897808 22.57082723325684
439.5 24.34355764367669 22.571671993298775
440.0 24.34532066702485 22.57251290973884
440.5 24.34706782990156 22.573353153277637
441.0 24.348823814429576 22.574204963382133
441.5 24.350569617161906 22.575047361347885
442.0 24.352316900504004 22.57589396149939
442.5 24.35409425852775 22.576742408775445
443.0 24.355847056961302 22.577592732063604
443.5 24.35760169139591 22.57844248362641
444.0 24.35935374601019 22.5792886366645
444.5 24.36111434612141 22.580140979764035
445.0 24.36287010117129 22.581001821372215
445.5 24.36461879271446 22.581849823004237
446.0 24.36640092648338 22.58270266778045
446.5 24.368179559410564 22.583562228815396
447.0 24.369942623040266 22.584413295339793
447.5 24.371705905122365 22.585273059902526
448.0 24.37347247301288 22.586133019914993
448.5 24.375245220680736 22.586991995704825
449.0 24.37701753275124 22.5878450263021
449.5 24.378785731708014 22.588692232160383
450.0 24.380563767123455 22.589566504156462
450.5 24.382336235401404 22.590423076176293
451.0 24.38409226494695 22.591288760063687
451.5 24.385862569469698 22.592148187730015
452.0 24.387657495306456 22.593009258461713
452.5 24.389438864348612 22.59387519889133
453.0 24.391204943503787 22.59473574917933
453.5 24.392998924895398 22.595602275175743
454.0 24.39477688046631 22.596470189120524
454.5 24.396552745324215 22.597338076520174
455.0 24.39833957118143 22.598200147386883
455.5 24.400120724883237 22.599068343765673
456.0 24.401891961325752 22.599939161469603
456.5 24.403673131673784 22.600811149775794
457.0 24.405465520523144 22.601678316426277
457.5 24.407250306905137 22.60255260719372
458.0 24.409043193650824 22.60342584955923
458.5 24.410818403943544 22.604299759028514
459.0 24.41260404470011 22.60516806286683
459.5 24.4144150070641 22.606042853106985
460.0 24.416201986592718 22.606920611440433
460.5 24.417978700392826 22.607801807723828
461.0 24.419788103609946 22.60867444675368
461.5 24.42155779704171 22.609549983412943
462.0 24.42337990654891 22.61043541706645
462.5 24.425190651483028 22.611302619437573
463.0 24.42697395874142 22.612185711386978
463.5 24.42874915098175 22.613066955156707
464.0 24.43057050421663 22.613948007472786
464.5 24.432377100334158 22.614838499455313
465.0 24.43417494657272 22.615713675317707
465.5 24.435987427510398 22.61660116942826
466.0 24.4377883491984 22.617485320865846
466.5 24.43960532905981 22.61836852697232
467.0 24.44140687738308 22.619259685643964
467.5 24.443203371656605 22.620154285677
468.0 24.44500728310208 22.62104149263503
468.5 24.446836402526138 22.62192996852103
469.0 24.448643990021772 22.62282033225641
469.5 24.450455959193953 22.62370977560867
470.0 24.452258936070578 22.624603887037008
470.5 24.45407999743162 22.625499490657095
471.0 24.45589761832434 22.626391641496397
