FastTrWP/PhaseSpace/IAs/snIa_0.52_30.00_-0.51_0.06.csv
# %ECSV 0.9
# ---
# datatype:
# - {name: time-rel, datatype: float64}
# - {name: g, datatype: float64}
# - {name: i, datatype: float64}
# schema: astropy-2.0
time-rel g i
[from data line 1772]
512.0 25.035560435336887 22.693134682876025
512.5 25.03769755018662 22.693979172910264
513.0 25.039831543446077 22.694812509650223
513.5 25.042015143409127 22.6956566957631
514.0 25.0441811591651 22.696495004697212
514.5 25.046361743090483 22.697343330599423
515.0 25.048502024180692 22.69818589712109
515.5 25.050673524254194 22.699026393188394
516.0 25.052844484243263 22.69987186640673
516.5 25.054996331684556 22.700718175549728
517.0 25.0571763499564 22.701552806286895
517.5 25.059332617974892 22.70241149832416
518.0 25.061506045682435 22.70325983606803
518.5 25.06368673405821 22.704097729274466
519.0 25.065873987657948 22.70495103137994
519.5 25.06804207164107 22.70579666863241
520.0 25.070193557465217 22.70664919316915
520.5 25.072384057693384 22.707499147761588
521.0 25.074542719353104 22.708346081221983
521.5 25.076712699654053 22.709204505040702
522.0 25.07891507756149 22.71004780496
522.5 25.081089288158612 22.71090509784713
523.0 25.083263079547592 22.71175883790596
523.5 25.08544912084803 22.712606419849614
524.0 25.08760347327172 22.71347067950027
524.5 25.089797577727964 22.71432315981144
525.0 25.091979016395378 22.715175108291994
525.5 25.094163593557354 22.71603905670922
526.0 25.096341807257826 22.716892576400376
526.5 25.098537367519334 22.71774968118812
527.0 25.10072090248743 22.718611376627003
527.5 25.10289492741454 22.719466740848876
528.0 25.10507875573363 22.7203273320683
528.5 25.107256950914305 22.721184995633692
529.0 25.109476443807885 22.722053022183797
529.5 25.11165152934469 22.72290812263417
530.0 25.113846541347662 22.723770435739773
530.5 25.116020662533774 22.724637127200676
531.0 25.118229276402207 22.725504654369082
531.5 25.120433741164167 22.726369810799973
532.0 25.122618319360633 22.72723898738687
532.5 25.124810320157714 22.72809526702145
533.0 25.127036233802748 22.728955305925773
533.5 25.129192296100314 22.729841634434447
534.0 25.13141072778355 22.73070712398951
534.5 25.133605863439573 22.73157311316558
535.0 25.13578294542624 22.732440352119188
535.5 25.13801085879832 22.73332481092314
536.0 25.140238613821534 22.734187848177037
536.5 25.142439029418433 22.735066091926775
537.0 25.14463194088995 22.73593964598141
537.5 25.146836392824106 22.736812901603237
538.0 25.149066029123507 22.737694393611907
538.5 25.151276836810116 22.73856860199971
539.0 25.1534767154348 22.739440232463075
539.5 25.1556813800965 22.740319783629126
540.0 25.157913305405604 22.741199307955476
540.5 25.160120854414355 22.742086891622222
541.0 25.162314727764805 22.742960597554806
541.5 25.164537946769826 22.743848284857208
542.0 25.166765830511547 22.744730690321894
542.5 25.168994531967922 22.7456111913408
543.0 25.171212419193377 22.74649776917409
543.5 25.173401591051906 22.74737592559163
544.0 25.17564746625244 22.748265734394046
544.5 25.177867273556945 22.749152670568552
545.0 25.180094931782403 22.750034416844404
545.5 25.182305757035223 22.75092457128205
546.0 25.18453182468717 22.751812106666655
546.5 25.186741080584532 22.752700065218555
547.0 25.188979310648314 22.753589585643375
547.5 25.19118112715975 22.75448023880815
548.0 25.193446081630654 22.755380659625757
548.5 25.195655063630365 22.756267521441753
549.0 25.19788538481491 22.757156726321742
549.5 25.20011126107893 22.75805677460617
550.0 25.20234440535343 22.758942586503558
550.5 25.204587004559393 22.75984566597657
551.0 25.20681475172872 22.760744609633058
551.5 25.20906135076306 22.76164035389321
552.0 25.211298876206392 22.762535469073914
552.5 25.213534581558893 22.763433449773505
553.0 25.215774426007886 22.764339765878763
553.5 25.217988592866007 22.76523047183563
554.0 25.22023822075546 22.766135297449672
554.5 25.222461576830465 22.76703788478207
555.0 25.2247180754977 22.76793784506836
555.5 25.22692200681614 22.768841232724057
556.0 25.22916001734581 22.769741836907045
556.5 25.231424102521117 22.770648137490106
557.0 25.233637681943144 22.77155496237009
557.5 25.23589310945281 22.772465564362765
558.0 25.23813947301731 22.773375552691192
558.5 25.240375434191513 22.774274880596835
559.0 25.242609023330026 22.775189816765312
559.5 25.2448854584739 22.776095646651378
560.0 25.247136029284402 22.777003381629164
560.5 25.249358711644618 22.777914586741943
561.0 25.25162930748277 22.778824964310786
561.5 25.253873257677434 22.779745849008126
562.0 25.256121116586883 22.780665450453576
562.5 25.25838478374812 22.78156762821506
563.0 25.260630461030704 22.782490147086992
563.5 25.262891100352356 22.78340759204863
564.0 25.26513201583128 22.784319030195917
564.5 25.267377999972172 22.78523386676921
565.0 25.269621816455917 22.786149859193507
565.5 25.27187489537058 22.787082548247646
566.0 25.274134934199758 22.788004873380004
566.5 25.27640801226863 22.788915559015727
567.0 25.278645181104654 22.789846135666064
567.5 25.28090162520439 22.790757167594577
568.0 25.283155199863856 22.791679014317406
568.5 25.285410730504196 22.792603672592044
569.0 25.28770519166659 22.793531934189957
569.5 25.289945533524133 22.794455433908926
570.0 25.292233928869756 22.795383389858173
570.5 25.29446540419479 22.796317877211063
571.0 25.29672217381922 22.797247983101116
571.5 25.298986776656843 22.79816963166795
572.0 25.30125832984077 22.799102619544556
572.5 25.30353414011056 22.800028305055974
573.0 25.30579128417143 22.800959435842252
573.5 25.30806322679659 22.801888816030345
574.0 25.310328483338065 22.80282849568122
574.5 25.312622021033782 22.80376069407557
575.0 25.3148655815125 22.804695808856074
575.5 25.317151450757144 22.805631841172783
576.0 25.319415932400258 22.806567498889866
576.5 25.321678726947795 22.80750402549716
577.0 25.32397031600057 22.808448926927277
577.5 25.32619184046281 22.809383900202718
578.0 25.328516004604175 22.81033296823682
578.5 25.330760748903806 22.81126188968669
579.0 25.33304301772281 22.812212882792004
579.5 25.335324133118668 22.81316155819093
580.0 25.33760119816128 22.81411300943379
580.5 25.339899775939685 22.81506468810123
581.0 25.342188279724184 22.816010765529164
581.5 25.344424002564253 22.81696283207887
582.0 25.34672961989933 22.81792144190955
582.5 25.34905078469775 22.818867534268144
583.0 25.351304417680154 22.8198331727355
583.5 25.353594375370854 22.82078307633183
584.0 25.355874104878243 22.82174215092255
584.5 25.358163522125984 22.822706334626428
585.0 25.36047189427555 22.82366548566405
585.5 25.362766293150855 22.824629233545572
586.0 25.36504660077885 22.82558243262877
586.5 25.36733148276682 22.826549877644403
587.0 25.36963462263312 22.82751655431848
587.5 25.371904893004956 22.82847404164317
588.0 25.374223971954166 22.82945209732305
588.5 25.376509205336735 22.830418388125718
589.0 25.37880038965318 22.831381652232952
589.5 25.381100493605693 22.832354254461134
590.0 25.383398737821 22.833328290198423
590.5 25.385678294075127 22.834293616168353
591.0 25.387988468046167 22.835271068537647
591.5 25.390254111507335 22.83623671026806
592.0 25.39257884389575 22.837217504155948
592.5 25.39484970244154 22.838182635494327
593.0 25.397162344820543 22.839157639032678
593.5 25.399466514957343 22.84013150963085
594.0 25.40176409877055 22.841111822879455
594.5 25.40406318888834 22.842081420746744
595.0 25.406358586670695 22.843059954305346
595.5 25.408642932874542 22.84403306567553
596.0 25.41094498148659 22.845014479988933
596.5 25.413223033335925 22.8459886565729
597.0 25.41554106026027 22.846968942554938
597.5 25.41784933466273 22.847943501931898
598.0 25.420130523580422 22.848926523242458
598.5 25.42243998869803 22.84989974525907
599.0 25.42471287267928 22.85087618670794
599.5 25.42703208702627 22.851856958392936
600.0 25.42931282398584 22.8528380858423
600.5 25.43156958463459 22.85380918597427
601.0 25.433889556116558 22.854797797827523
601.5 25.436192454288133 22.855780879125124
602.0 25.438457635110314 22.85675319047547
602.5 25.440769709504668 22.857734589660677
603.0 25.4430587718764 22.858717142899714
603.5 25.44535018019053 22.859696100158878
604.0 25.447629682952247 22.86067373521847
604.5 25.449917456427436 22.86164413448772
605.0 25.452220679360792 22.862620008749282
605.5 25.454491393419396 22.863601577082612
606.0 25.456776880158586 22.864573892300886
606.5 25.45905426471984 22.865563469506043
607.0 25.46132934233364 22.866534774699304
607.5 25.46362568253782 22.867504781172592
608.0 25.46591549507831 22.86848264902916
608.5 25.468171439956997 22.869469456780173
609.0 25.470478359470473 22.870440501211853
609.5 25.472746981572932 22.87142100846406
610.0 25.47500515315697 22.872390515561708
610.5 25.47727424343519 22.87335994150141
611.0 25.479531091775158 22.87433195057412
611.5 25.481809783220505 22.875304738194032
612.0 25.48406694431361 22.876278140369944
612.5 25.486326300908246 22.877244600709435
613.0 25.48861465230974 22.878217177242423
613.5 25.490861748510653 22.87919445750719
614.0 25.493150615175573 22.88015749448149
614.5 25.49541177531171 22.881133393930384
615.0 25.49764233576314 22.882102886263166
615.5 25.499904009045093 22.883072518540857
616.0 25.502172911128586 22.88404912783488
616.5 25.504444931837785 22.885019298860584
617.0 25.506687233272388 22.88599466628333
617.5 25.508957486990646 22.88696343351863
618.0 25.511191925473014 22.887940296757048
618.5 25.513443264581106 22.8889084493937
619.0 25.515695715995843 22.889881032412358
619.5 25.517994967042288 22.890852512930195
620.0 25.52019272581513 22.89183071356605
620.5 25.522453516377112 22.892802996589303
621.0 25.52473182622618 22.893771651399707
621.5 25.52696371492751 22.894743181095457
622.0 25.529209261046372 22.895715749931465
622.5 25.531465206237556 22.896694076424268
623.0 25.533708058188775 22.897673806234362
623.5 25.535948741945475 22.898640608407707
624.0 25.538182746367436 22.899614155913504
624.5 25.54046198348875 22.900582968569715
625.0 25.542686130580144 22.90156419089868
625.5 25.54491323008836 22.902536865267358
626.0 25.547165911306134 22.90351291008629
626.5 25.549406969164025 22.904477276715273
627.0 25.551645033015575 22.90546416608222
627.5 25.55388427379141 22.906436772048767
628.0 25.556092596507078 22.907412436890674
628.5 25.558327163193066 22.908378096127574
629.0 25.560550792829872 22.90935038755589
629.5 25.562787020862793 22.910329464703377
630.0 25.564994259812096 22.911307473762477
630.5 25.567233777343002 22.912274140704376
631.0 25.569451639952142 22.913255482112234
631.5 25.571687858552046 22.91422173374263
632.0 25.57387174705369 22.915200503977
632.5 25.576102823432567 22.91617274989459
633.0 25.578309179099715 22.917151058451527
633.5 25.580554379628033 22.918114561818804
634.0 25.582735410736458 22.919092532802136
634.5 25.584955744458796 22.92006026034866
635.0 25.587151795528264 22.921038853126117
635.5 25.589364334308712 22.922008723561085
636.0 25.591540422185176 22.92298827301055
636.5 25.593785258948706 22.923959201930685
637.0 25.59593912401372 22.924941048240278
637.5 25.598129108877828 22.92590580077162
638.0 25.60032058024391 22.926877659100498
638.5 25.602509617067952 22.92784626544893
639.0 25.6047038613252 22.928814708742678
639.5 25.606928268295263 22.929792151130357
640.0 25.609070091395438 22.930766187269587
640.5 25.61126229876391 22.931730626231097
641.0 25.61343462868009 22.932707080348592
641.5 25.6156043405211 22.933671108436236
642.0 25.617788597652517 22.934644137063948
642.5 25.619970155912398 22.935616475687542
643.0 25.622129983503473 22.936587631361895
643.5 25.624263324443923 22.937545245066907
644.0 25.62643873448544 22.938523309366424
644.5 25.628616633304905 22.939501465096747
645.0 25.63075032208608 22.940465888500647
645.5 25.632896128822253 22.941436729270606
646.0 25.635031404609293 22.942399392908378
646.5 25.637188337724 22.943367149093813
647.0 25.639329559626574 22.944337587431338
647.5 25.64148099376867 22.945308655247715
648.0 25.643589579664557 22.946274657247734
648.5 25.64572799405432 22.9472395986391
649.0 25.647869858483343 22.948204599167322
649.5 25.649971212507356 22.949169921542726
650.0 25.6521070782992 22.950146884942978
650.5 25.654241399514905 22.951103773919193
651.0 25.65635533346709 22.952061011797092
651.5 25.65843625164513 22.953036842911693
652.0 25.660587389578694 22.954009386751338
652.5 25.662669909693562 22.954958556131288
653.0 25.664768162433475 22.955932126923884
653.5 25.666908817654324 22.95689106554277
654.0 25.669002514162194 22.957849425301685
654.5 25.671111238037607 22.958830054060027
655.0 25.673207709134395 22.959789674493734
655.5 25.675275329157486 22.960749471580865
656.0 25.677385839040937 22.961714785574046
656.5 25.67945295586845 22.9626802720178
657.0 25.68151379604146 22.96364248816674
657.5 25.683625503954076 22.96461244951592
658.0 25.68570682194343 22.96557202810982
658.5 25.687743433744046 22.96653865451253
659.0 25.689848411122252 22.967499624068136
659.5 25.691910841623816 22.96846153589859
660.0 25.693953440845792 22.969414152939393
660.5 25.696049960877502 22.9703807599642
661.0 25.698084908917018 22.97135115640209
661.5 25.70012588336807 22.972308602175794
662.0 25.702194199017192 22.973270722366355
662.5 25.70423078623072 22.974231197722904
663.0 25.706282481984143 22.975199251001897
663.5 25.708306754055595 22.97615256068609
664.0 25.710343845108262 22.977112157925312
664.5 25.71237895795941 22.978076934141104
665.0 25.714402779998377 22.97903890296911
665.5 25.716428680039286 22.980005802171178
666.0 25.718479658435225 22.98095781643375
666.5 25.720458646785346 22.98192141617224
667.0 25.72246487995777 22.982870504384834
667.5 25.724455467829475 22.98383384687451
668.0 25.72650992576827 22.98479848515376
668.5 25.728472848941703 22.985756524736168
669.0 25.730447527477786 22.986705851780727
669.5 25.732458818744533 22.987675523186383
670.0 25.734456102734427 22.988633710387603
670.5 25.736433807151926 22.989582972415576
671.0 25.73841110474855 22.99054782396089
671.5 25.740354450071475 22.991493976324975
672.0 25.742334726985604 22.99245580457667
672.5 25.744291727060023 22.993407087500636
673.0 25.74626082241314 22.994362841523127
673.5 25.748194389420643 22.99531955215972
674.0 25.750152090291124 22.996279637925674
674.5 25.75210279530699 22.99722590060589
675.0 25.754021017453592 22.99818561183781
675.5 25.755944394528306 22.999136522502113
676.0 25.757884371995893 23.000093230256233
676.5 25.759810204588508 23.00104933271615
677.0 25.761725718761298 23.00199992936009
677.5 25.763632810788835 23.00294890667736
678.0 25.76553954925073 23.0039108696818
678.5 25.767440757938495 23.004856766965332
679.0 25.769345862416234 23.00580716918678
679.5 25.77122593603284 23.00676225310258
680.0 25.773087035530274 23.007709318768544
680.5 25.774971544502154 23.00866032946612
681.0 25.77686092330645 23.00961649855791
681.5 25.77870159849525 23.01055333264362
682.0 25.780564709192365 23.011512720165026
682.5 25.782423940885995 23.01245498402235
683.0 25.784262263723726 23.01339051476759
683.5 25.786112622304636 23.01435577137044
684.0 25.787953475232204 23.01529884209229
684.5 25.78978032167232 23.016251745193514
685.0 25.79160179147508 23.017195093240122
685.5 25.793412587316993 23.01814548676788
686.0 25.795190273985412 23.019088762238088
686.5 25.797035147675903 23.020035090787157
687.0 25.79882681614157 23.020976543326505
687.5 25.800592742485055 23.021931069628398
688.0 25.80243520193447 23.022866299344624
688.5 25.804184417323857 23.023819156327136
689.0 25.805971133521233 23.024759972005437
689.5 25.807760333778518 23.025699905744187
690.0 25.809522040825293 23.026645498485045
690.5 25.811275621567482 23.02759141749994
691.0 25.813021607163954 23.028541421835016
691.5 25.814774746615914 23.029473219379458
692.0 25.81652201284796 23.030424763715335
692.5 25.818268198736938 23.031364710703983
693.0 25.81998525666531 23.03231058244265
693.5 25.821720466406536 23.0332475060751
694.0 25.82345497028498 23.034187034683484
694.5 25.825163293464783 23.035135006804627
695.0 25.8268654130104 23.03606537834365
695.5 25.82857405385961 23.03700626358049
696.0 25.83024466790246 23.037957561086234
