FastTrWP/PhaseSpace/IAs/snIa_0.6_30_1_-0.1.csv
# %ECSV 0.9
# ---
# datatype:
# - {name: time-rel, datatype: float64}
# - {name: g, datatype: float64}
# - {name: i, datatype: float64}
# schema: astropy-2.0
time-rel g i
[from data line 1322]
637.125 -26.642744405273913 -27.673407967337692
637.625 -26.641950659548094 -27.673589308602402
638.125 -26.641169389750715 -27.673774706259163
638.625 -26.640375023608463 -27.673949090280196
639.125 -26.639571756759235 -27.674128011252364
639.625 -26.638783994938645 -27.67429940205878
640.125 -26.63795986175412 -27.674475528239192
640.625 -26.637152976440575 -27.67464586253582
641.125 -26.636334205067094 -27.674817704906122
641.625 -26.635511847697156 -27.674979892268095
642.125 -26.63468075007853 -27.675145744495854
642.625 -26.633849444457958 -27.675313333207296
643.125 -26.633011638066076 -27.675476258483293
643.625 -26.632172609889228 -27.675637798595606
644.125 -26.631316510085803 -27.67580167991352
644.625 -26.630459402434006 -27.675955519955714
645.125 -26.629597869776976 -27.676115306844377
645.625 -26.628741847884292 -27.676267534111993
646.125 -26.62786383764486 -27.67641880585197
646.625 -26.626987544033437 -27.676568772218427
647.125 -26.62610866274623 -27.676712777710307
647.625 -26.625223816898465 -27.67686353115827
648.125 -26.624324722715297 -27.677014055976144
648.625 -26.623444309255447 -27.677157027976573
649.125 -26.622520269232346 -27.677293507066786
649.625 -26.621615039662906 -27.677437251856944
650.125 -26.62070130183695 -27.677578296501544
650.625 -26.619788183320992 -27.677723592163108
651.125 -26.61885179739365 -27.677853432062626
651.625 -26.617920577745924 -27.6779876977287
652.125 -26.616992733260002 -27.67812245551186
652.625 -26.616039898317233 -27.67824934668193
653.125 -26.615104155115375 -27.678376482843724
653.625 -26.61414692928829 -27.678504332631185
654.125 -26.613184678289524 -27.67862980700273
654.625 -26.61222178001914 -27.678760475341768
655.125 -26.61125930417503 -27.678875042934138
655.625 -26.610279494434046 -27.678998629070776
656.125 -26.60929722754419 -27.679115703152387
656.625 -26.60830492452078 -27.67923105378586
657.125 -26.607305747104455 -27.679348429181356
657.625 -26.606327059347763 -27.67946349783061
658.125 -26.605313370028256 -27.67957467728104
658.625 -26.604288726248456 -27.67967965790814
659.125 -26.603268280715806 -27.679787872144708
659.625 -26.60224675387262 -27.67989740651647
660.125 -26.60119488353839 -27.67999879048459
660.625 -26.600151589784705 -27.68010157561158
661.125 -26.59908868518704 -27.680198999435422
661.625 -26.59801871866626 -27.680295040770687
662.125 -26.59694289511091 -27.680392116661288
662.625 -26.595868552542864 -27.680487552278382
663.125 -26.594779287736046 -27.68057969302586
663.625 -26.593678767924867 -27.680680169293428
664.125 -26.592565589377916 -27.68076399054351
664.625 -26.591456451748876 -27.680850669730095
665.125 -26.590324074101833 -27.680933268331952
665.625 -26.589200746569873 -27.681015904648273
666.125 -26.588052333337757 -27.681099240297364
666.625 -26.58691808707043 -27.681179175111026
667.125 -26.585765556537115 -27.68125721154306
667.625 -26.584604857501493 -27.68133701214777
668.125 -26.583448430564026 -27.68140494864733
668.625 -26.58227754633312 -27.681480899213696
669.125 -26.58108406348035 -27.681554259593245
669.625 -26.57990083889766 -27.681619770874235
670.125 -26.57871490571256 -27.68169338436467
670.625 -26.57752439172501 -27.681755045452014
671.125 -26.57630872561792 -27.68182651228894
671.625 -26.575090786565788 -27.681890631283835
672.125 -26.573876091229273 -27.681952964200104
672.625 -26.572669216337967 -27.682011544600186
673.125 -26.571436597735225 -27.682078916127505
673.625 -26.57019424758863 -27.682123584893898
674.125 -26.568959186303104 -27.68217576986779
674.625 -26.567712920292806 -27.682233067484713
675.125 -26.566475547075548 -27.682289939697483
675.625 -26.56520885301021 -27.682340343969344
676.125 -26.56395155707478 -27.68238661422956
676.625 -26.562693468322802 -27.68243790994213
677.125 -26.56141928738878 -27.682479257305403
677.625 -26.560141681254716 -27.682529102252175
678.125 -26.558860478559083 -27.68257245731548
678.625 -26.557580934676718 -27.682610003730815
679.125 -26.556303028888742 -27.682647848358364
679.625 -26.55501350931803 -27.682687934625125
680.125 -26.553714495302565 -27.682725679666788
680.625 -26.55241863687676 -27.68276494310212
681.125 -26.551119979162948 -27.682793929304307
681.625 -26.549810162317833 -27.682831730440732
682.125 -26.548503180232665 -27.682861166445434
682.625 -26.54718700757444 -27.682893554288484
683.125 -26.54587603562419 -27.682916206968237
683.625 -26.54454958277435 -27.682942004372627
684.125 -26.54324211902519 -27.68296989726325
684.625 -26.541911648175137 -27.68299878324929
685.125 -26.540587650913263 -27.68301781855739
685.625 -26.539256548362413 -27.683042002587417
686.125 -26.53793266412483 -27.683055305289194
686.625 -26.53659633367529 -27.683081522779446
687.125 -26.53525916959273 -27.683098366421678
687.625 -26.53392815309718 -27.683109404467583
688.125 -26.532582465002825 -27.6831319837267
688.625 -26.531234352698377 -27.68314535455081
689.125 -26.529902800703226 -27.683155725300953
689.625 -26.52856776410774 -27.683167653362972
690.125 -26.527206498567395 -27.683177265509503
690.625 -26.525865873310117 -27.683188363038074
691.125 -26.5245356768099 -27.683187701823737
691.625 -26.523184414176583 -27.68319622194539
692.125 -26.521829902217316 -27.683200092621828
692.625 -26.520479092272446 -27.68320805429971
693.125 -26.519135808982746 -27.683206680917287
693.625 -26.517789796802177 -27.683209477021755
694.125 -26.51644380587956 -27.68321228170812
694.625 -26.515097023160095 -27.68321131919283
695.125 -26.513747780610537 -27.68320506190827
695.625 -26.512400967205778 -27.683203059601947
696.125 -26.511062597267173 -27.68319298380699
696.625 -26.509706951961782 -27.683189371230984
697.125 -26.50835084360216 -27.683184741197042
697.625 -26.506990567429547 -27.683179161320126
698.125 -26.50563072187648 -27.683166685848338
698.625 -26.50426097162135 -27.683150215789546
699.125 -26.502883083418197 -27.683134694003453
699.625 -26.50149870711115 -27.68312327192222
700.125 -26.50011324960395 -27.683098812296056
700.625 -26.49871239103154 -27.68308789141041
701.125 -26.497329508776694 -27.683066608769348
701.625 -26.495923867275973 -27.683044118898938
702.125 -26.494527054312528 -27.68302150211483
702.625 -26.49311294853666 -27.68299510318421
703.125 -26.491690751148337 -27.682965081854995
703.625 -26.49027531881018 -27.68293620470644
704.125 -26.488850463350037 -27.682908690446666
704.625 -26.487427341442057 -27.682880796623543
705.125 -26.485989108090084 -27.68284531524497
705.625 -26.48454888661886 -27.68280578817967
706.125 -26.48311144294295 -27.682780008321835
706.625 -26.481662633540147 -27.682733220896196
707.125 -26.48022071234424 -27.682697891181313
707.625 -26.478760324028364 -27.682663793506567
708.125 -26.47731083394227 -27.682618899620437
708.625 -26.47583847671648 -27.682575571589982
709.125 -26.474382672247696 -27.682532510058635
709.625 -26.47291321675346 -27.68248795193623
710.125 -26.47143188537497 -27.68243822079218
710.625 -26.46997750437005 -27.682391278471336
711.125 -26.4684984038869 -27.682340247971705
711.625 -26.467013822637448 -27.6822877231378
712.125 -26.46553584258121 -27.682236109933456
712.625 -26.464053869884324 -27.68219031008405
713.125 -26.46256714869213 -27.68213624175926
713.625 -26.46107386753879 -27.682074902175707
714.125 -26.459583012663828 -27.682017902064764
714.625 -26.458084765686248 -27.681954681109715
715.125 -26.456593198666166 -27.681902304574244
715.625 -26.455102864184926 -27.681838353684405
716.125 -26.45359634088375 -27.681771934798356
716.625 -26.452085689670813 -27.681715576270363
717.125 -26.450593728710917 -27.681644364488594
717.625 -26.449083289301946 -27.681573319590388
718.125 -26.44757665090204 -27.681510344671093
718.625 -26.44607396027896 -27.68144143697354
719.125 -26.444548324722362 -27.681371607044664
719.625 -26.443044569433937 -27.681299890167374
720.125 -26.441536060693828 -27.68122366715675
720.625 -26.44000469853722 -27.681148972656935
721.125 -26.438509732402412 -27.681076029319385
721.625 -26.437002883073415 -27.681007653671482
722.125 -26.435463248570894 -27.68092787454682
722.625 -26.43396321378413 -27.680845029578336
723.125 -26.432456801428962 -27.680764978478667
723.625 -26.430926957294417 -27.68068244862605
724.125 -26.42941073311833 -27.68060457345312
724.625 -26.427897182462488 -27.68052173640576
725.125 -26.42637722014606 -27.680438754547477
725.625 -26.424868340841662 -27.68034915909521
726.125 -26.423355757316497 -27.680259572775228
726.625 -26.42183620068089 -27.680171957068755
727.125 -26.420319665444314 -27.680089358584077
727.625 -26.418807262598744 -27.679991056532902
728.125 -26.41728922030516 -27.679906717970738
728.625 -26.415786058800226 -27.67981450741415
729.125 -26.414280365811567 -27.6797265632911
729.625 -26.412766740823386 -27.67963208580929
730.125 -26.411257133456758 -27.679536281539754
730.625 -26.40975671889336 -27.679439138007716
731.125 -26.40825556873316 -27.679340018021897
731.625 -26.406749351236872 -27.679240669021464
732.125 -26.40524974864598 -27.679139508506445
732.625 -26.403738451927154 -27.679043267229343
733.125 -26.40225186896144 -27.678942682270357
733.625 -26.4007610273309 -27.67883834594292
734.125 -26.399266367626133 -27.67873833751746
734.625 -26.3977766384765 -27.678626848071673
735.125 -26.396286180020535 -27.67853916248223
735.625 -26.394798770651633 -27.678419988010493
736.125 -26.39331441257552 -27.678319421691057
736.625 -26.3918155762395 -27.67820597726303
737.125 -26.390320802198246 -27.678101508342024
737.625 -26.38883462964481 -27.6779831075373
738.125 -26.387350212182024 -27.67787108980293
738.625 -26.385872235629826 -27.677761727046473
739.125 -26.384354736528973 -27.677644504766295
739.625 -26.3828674584262 -27.677526606621935
740.125 -26.38137897969483 -27.67740974496136
740.625 -26.379873967847864 -27.677291344500144
741.125 -26.378391907451842 -27.677173242626587
741.625 -26.376891581300864 -27.67704491438231
742.125 -26.37539777429824 -27.67692553076499
742.625 -26.37389421478548 -27.676801305715962
743.125 -26.372400463290546 -27.676678803176173
743.625 -26.370906221053062 -27.676558006612197
744.125 -26.36940209584251 -27.676426161821887
744.6249999999999 -26.367916992678587 -27.676293393704647
745.125 -26.366407322703346 -27.67616899405141
745.625 -26.364919823698955 -27.6760388201544
746.1249999999999 -26.36341756253738 -27.675906910115504
746.625 -26.36190930009419 -27.675777325352406
747.125 -26.36042050907676 -27.675640084492525
747.6249999999999 -26.358911066206055 -27.675504332261408
748.125 -26.357408450864458 -27.67536705589763
748.625 -26.355907298398535 -27.67523141117092
749.1249999999999 -26.35442633953742 -27.675092957058403
749.625 -26.35290913437238 -27.674950674695044
750.125 -26.351411426395913 -27.674808392418498
750.6249999999999 -26.349900621912724 -27.6746654671036
751.125 -26.34840672053396 -27.67452169400688
751.625 -26.346889215632494 -27.67438048618896
752.1249999999999 -26.345396333330203 -27.674230568171872
752.625 -26.34387963346549 -27.67408322620664
753.125 -26.342383279389537 -27.67393870532289
753.6249999999999 -26.340885260824628 -27.673786367098078
754.125 -26.339375884752908 -27.673629866926714
754.625 -26.337870930198335 -27.673485189088673
755.1249999999999 -26.33637567000473 -27.673326210788495
755.625 -26.334861682407528 -27.673176388840037
756.125 -26.333349557823375 -27.673019112645797
756.6249999999999 -26.3318423057577 -27.672865090970063
757.125 -26.330333426374033 -27.672703792311744
757.625 -26.328831804675907 -27.672550095452856
758.1249999999999 -26.327336250535346 -27.67238736994145
758.625 -26.325817353304046 -27.67222584009992
759.125 -26.324314136396776 -27.67206856631479
759.6249999999999 -26.322810161867473 -27.671904517660497
760.125 -26.321301344686006 -27.67174153853499
760.625 -26.319788028335765 -27.67157388817672
761.1249999999999 -26.31829374545747 -27.671403837996742
761.625 -26.316778014456656 -27.671235687114223
762.125 -26.315261279113304 -27.671069699897323
762.6249999999999 -26.31375909363306 -27.670898391994196
763.125 -26.31224200441714 -27.670734586939197
763.625 -26.310741825011526 -27.67056315311062
764.1249999999999 -26.309220869076754 -27.670379083689053
764.625 -26.307723084947217 -27.6702061237925
765.125 -26.30620542798661 -27.670036812199346
765.6249999999999 -26.304686185256223 -27.66986034701923
766.125 -26.303181187604494 -27.66968006119795
766.625 -26.301679027491957 -27.66950486653045
767.1249999999999 -26.30016956666917 -27.669319488567993
767.625 -26.298667854394555 -27.669138880803203
768.125 -26.297136838165407 -27.66895843503041
768.6249999999999 -26.295636753220165 -27.668779280560585
769.125 -26.29412171054107 -27.66859580636693
769.625 -26.292608666974296 -27.66840623522142
770.1249999999999 -26.29110556537742 -27.668215988318842
770.625 -26.289594661502996 -27.66803916271439
771.125 -26.288084630954323 -27.667845840982817
771.6249999999999 -26.286571515525807 -27.66766223604587
772.125 -26.285064745580968 -27.667472452568713
772.625 -26.28355580430491 -27.6672753601385
773.1249999999999 -26.28204181734882 -27.66708834528113
773.625 -26.28051645818431 -27.666890128829177
774.125 -26.279020731720948 -27.66669260601703
774.6249999999999 -26.277509005670705 -27.666497157743866
775.125 -26.276001813850776 -27.666304329132334
775.625 -26.274471172158194 -27.666103724723364
776.1249999999999 -26.272976833586537 -27.66590550480199
776.625 -26.27145563996301 -27.66570185162843
777.125 -26.269952931620857 -27.66550451376372
777.6249999999999 -26.26843800638195 -27.6653001833726
778.125 -26.266928896366345 -27.66509656508253
778.625 -26.265420051038678 -27.66489005312067
779.1249999999999 -26.26391173361195 -27.66468484353104
779.625 -26.262397589929577 -27.6644773094888
780.125 -26.260875564143625 -27.6642628481782
780.6249999999999 -26.25935271070645 -27.664052082072885
781.125 -26.25785425911681 -27.663838420755262
781.625 -26.25633807813096 -27.663629677996816
782.1249999999999 -26.254824866206622 -27.663412115121524
782.625 -26.25331279365295 -27.663206361583008
783.125 -26.251810715533978 -27.662981812962148
783.6249999999999 -26.250305527233365 -27.66276523784146
784.125 -26.248778526527378 -27.66255065367272
784.625 -26.247265174668748 -27.662321363677567
785.1249999999999 -26.245745890624697 -27.66211071536729
785.625 -26.244229627288668 -27.661886556438574
786.125 -26.242731500721376 -27.661665231740674
786.6249999999999 -26.241208375430602 -27.661431250913395
787.125 -26.23970019237399 -27.66120698451435
787.625 -26.238189823018537 -27.660978511392166
788.1249999999999 -26.23667643296955 -27.660753577930475
788.625 -26.235150256507104 -27.660525456987774
789.125 -26.233653059834353 -27.660293804090728
789.6249999999999 -26.23212848479615 -27.66006899939213
790.125 -26.230612536156844 -27.65983071777513
790.625 -26.229101275513642 -27.65959906717258
791.1249999999999 -26.22759943221091 -27.65936180685435
791.625 -26.226073656356572 -27.65913069467628
792.125 -26.224565720521113 -27.658888918867586
792.6249999999999 -26.223045127763484 -27.658660051186978
793.125 -26.22154719519136 -27.65841841305319
793.625 -26.220022651992387 -27.658172115696495
794.1249999999999 -26.218504467508534 -27.65793000364414
794.625 -26.21697975984388 -27.657695681727283
795.125 -26.215474278660288 -27.657445177133624
795.6249999999999 -26.213961168731196 -27.657203637265635
796.125 -26.212444626093465 -27.656959914400197
796.625 -26.210937572546435 -27.6567088687153
797.1249999999999 -26.209417302706818 -27.65646517021905
797.625 -26.207894387747935 -27.65621476752228
798.125 -26.20638712686999 -27.65597014757502
798.6249999999999 -26.204863461959285 -27.6557161421692
799.125 -26.20335378889452 -27.655461487067402
799.625 -26.201829572376887 -27.65521614399237
800.1249999999999 -26.200335165233657 -27.65496210291831
800.625 -26.198815696322736 -27.6547025492885
801.125 -26.197296116014407 -27.6544453638626
