FastTrWP/PhaseSpace/IAs/snIa_0.56_30.00_-0.58_0.24.csv
# %ECSV 0.9
# ---
# datatype:
# - {name: time-rel, datatype: float64}
# - {name: g, datatype: float64}
# - {name: i, datatype: float64}
# schema: astropy-2.0
time-rel g i
[from data line 359]
-165.5 24.712000963828167 22.923823422385144
-165.0 24.70794032967268 22.920949380768775
-164.50000000000006 24.703875576087746 22.91807806216701
-164.0 24.699825839630897 22.915222189528457
-163.5 24.69579563382679 22.912362525242095
-163.00000000000006 24.691761037722152 22.90951314067327
-162.5 24.687812129053203 22.906674359484363
-162.0 24.68382949185171 22.903847387679885
-161.50000000000006 24.679873701972475 22.901018846329364
-161.0 24.675944448259088 22.898206761548906
-160.5 24.672011731938607 22.895399804618197
-160.00000000000006 24.668117155992185 22.892601234330243
-159.5 24.66423735303281 22.889816678477462
-159.0 24.66039215984329 22.887027808235267
-158.50000000000006 24.65653028108692 22.88426778908953
-158.0 24.652720204348036 22.881490259374612
-157.5 24.64893597693184 22.878739463679345
-157.00000000000006 24.645167162898677 22.875995248909597
-156.5 24.64140439518573 22.8732603926014
-156.0 24.637680273649107 22.870532311135058
-155.50000000000006 24.633972377257727 22.86782591054927
-155.0 24.630294455274345 22.865124611856782
-154.5 24.626647200609373 22.86241641032052
-154.00000000000006 24.622999871302753 22.859742674308677
-153.5 24.619389988691857 22.85706373276778
-153.0 24.61577330480314 22.85439917551574
-152.50000000000006 24.61223232402204 22.851745774924787
-152.0 24.608683080639743 22.84910196782517
-151.5 24.605149001321326 22.846475607752453
-151.00000000000006 24.601670592582828 22.843852126685814
-150.5 24.59819506761525 22.8412367650025
-150.0 24.5947616739083 22.83864379701695
-149.50000000000006 24.591342995293545 22.836051965108986
-149.0 24.587964829520644 22.83348722203449
-148.5 24.584587767417506 22.830920447020944
-148.00000000000006 24.581252145454926 22.828374898624624
-147.5 24.57792564521693 22.825820582803175
-147.0 24.574600652443 22.823277090583147
-146.50000000000006 24.57129742525641 22.82073894323483
-146.0 24.567989292893444 22.818204770148878
-145.5 24.56469113123668 22.81567727344036
-145.00000000000006 24.561440576502335 22.813156665657463
-144.5 24.558146441310114 22.810635284121936
-144.0 24.554871442997317 22.808126759496034
-143.50000000000006 24.551632232997402 22.80561509572253
-143.0 24.548399453769974 22.803115575022616
-142.5 24.545161048217654 22.80061516714997
-142.00000000000006 24.541948505583466 22.798126005865157
-141.5 24.53872785080732 22.7956362962366
-141.0 24.535544845334595 22.79316225832614
-140.50000000000006 24.53233932742576 22.790685481083877
-140.0 24.529185799549143 22.788216779925836
-139.5 24.526010715274214 22.785755972576744
-139.00000000000006 24.52286395789151 22.783300150860462
-138.5 24.51970717814173 22.78084737624349
-138.0 24.516586812823135 22.778406763379042
-137.50000000000006 24.513477144861817 22.775966740071226
-137.0 24.51036831650209 22.773533510007272
-136.5 24.507296453796794 22.771108915825742
-136.00000000000006 24.504210607134386 22.76868663787468
-135.5 24.50115487909983 22.76627736661668
-135.0 24.4980899536567 22.763868080870814
-134.50000000000006 24.495057245671546 22.76146532504077
-134.0 24.492042518277124 22.75906746438347
-133.5 24.48903628926149 22.756690022430565
-133.00000000000006 24.486027894791896 22.75431284804394
-132.5 24.48306593165336 22.751927697975734
-132.0 24.480091505460905 22.749569531548538
-131.50000000000006 24.477129496319176 22.74720745651811
-131.0 24.47421521722154 22.74485710174369
-130.5 24.47127386143655 22.74251219628171
-130.00000000000006 24.46836416060541 22.74017209977693
-129.5 24.465466458562037 22.737834993257174
-129.0 24.462574597935266 22.735515935275306
-128.50000000000006 24.459702716270442 22.733199066560186
-128.0 24.456869866605974 22.730885879044827
-127.5 24.454037963584582 22.728587987640335
-127.00000000000006 24.451205917375344 22.726296177704533
-126.5 24.448409953791472 22.724003778977917
-126.0 24.445620187735237 22.721721974092603
-125.50000000000006 24.44284154994324 22.719447126305802
-125.0 24.4400876089258 22.717182751835566
-124.5 24.437338027008618 22.714914619526713
-124.00000000000006 24.43462687947762 22.71267613196858
-123.5 24.431894600751857 22.71043182682973
-123.0 24.429222787974943 22.70819965542321
-122.50000000000006 24.42654169144799 22.705965934995756
-122.0 24.42387202059672 22.70374995996681
-121.5 24.421223720256037 22.701539989051717
-121.00000000000006 24.41860299769427 22.699343225866066
-120.5 24.416008261611676 22.697143473096816
-120.0 24.413378844306468 22.694958510111295
-119.50000000000006 24.41081704958163 22.692778772908213
-119.0 24.408263392241288 22.690608318907415
-118.5 24.40570779993266 22.688436616154544
-118.00000000000006 24.403184351601276 22.686294782579573
-117.5 24.40067847841249 22.68414446713252
-117.0 24.39818368300573 22.682005308288986
-116.50000000000006 24.395733277626558 22.679878684874048
-116.0 24.393268123245623 22.677759742224403
-115.5 24.390838264771606 22.675643575114876
-115.00000000000006 24.38841549684006 22.673542254876097
-114.5 24.386011735766083 22.671445422545496
-114.0 24.383637122303806 22.669363880434364
-113.50000000000006 24.381267669038643 22.66728739703309
-113.0 24.378921872745217 22.665212257794558
-112.5 24.37660327047743 22.66315731527297
-112.00000000000006 24.374291414682943 22.661103014142302
-111.5 24.37198635016124 22.659053649794473
-111.0 24.36972538491495 22.657028272448247
-110.50000000000006 24.36748193241946 22.654998035719252
-110.0 24.365237358642233 22.652974064559373
-109.5 24.36301835237311 22.65097140528254
-109.00000000000006 24.36078382384965 22.648956558899066
-108.5 24.358580527805703 22.64695846484426
-108.0 24.35639395364438 22.644973655669226
-107.50000000000006 24.354214850242307 22.642981533461473
-107.0 24.352058792796164 22.640999665617624
-106.5 24.349890746104496 22.639022487104647
-106.00000000000006 24.34777257925921 22.637055615205476
-105.5 24.34562925488744 22.635099883904086
-105.0 24.343533283371222 22.633140663908055
-104.50000000000006 24.341436562308168 22.631198003367405
-104.0 24.33932978961611 22.629251010113226
-103.5 24.33725020505133 22.627316287346495
-103.00000000000006 24.335186497854497 22.62538450694834
-102.5 24.33313818263589 22.623450876252626
-102.0 24.33108988782277 22.621559133017453
-101.50000000000006 24.329070102590663 22.61963504515968
-101.0 24.327059605706527 22.617732851072358
-100.5 24.325055023419235 22.615826647196116
-100.00000000000006 24.323055856661288 22.61394450945655
-99.5 24.321095413422405 22.612053595923744
-99.0 24.31910011180563 22.610173098905875
-98.50000000000006 24.31715901511545 22.608298213750967
-98.0 24.315222872242742 22.60643229835578
-97.5 24.313294261593885 22.604573572169624
-97.00000000000006 24.311372212125633 22.60271062078276
-96.5 24.309463887279023 22.600864257565473
-96.0 24.307566957391344 22.599023139747775
-95.50000000000006 24.305695106781005 22.59718676968436
-95.0 24.303813245189666 22.595348444320397
-94.5 24.301966730012737 22.59352903095754
-94.00000000000006 24.30010881896161 22.591709162670632
-93.5 24.29828667156588 22.58989258113617
-93.0 24.296457511807272 22.588088379762212
-92.50000000000006 24.29464913130955 22.586287060366345
-92.0 24.292856506357406 22.58449133563923
-91.5 24.29106929984988 22.58270083701762
-91.00000000000006 24.289281374147514 22.580920483435044
-90.5 24.28752652269838 22.579137603577387
-90.0 24.285782911019677 22.57737388825553
-89.50000000000006 24.28404545166803 22.57560577318575
-89.0 24.28230950044806 22.57384041394044
-88.5 24.280592302372206 22.572090649463817
-88.00000000000006 24.27888966357194 22.570344852275458
-87.5 24.27720510142438 22.568601538194528
-87.0 24.275517514054417 22.56686007174054
-86.50000000000006 24.273845108351217 22.56512977463476
-86.0 24.27218754856227 22.56341460310864
-85.5 24.270551539419944 22.56167906729464
-85.00000000000006 24.268922013905755 22.55997334469088
-84.5 24.267291630521683 22.558262408966343
-84.0 24.26569247216768 22.55655772972411
-83.50000000000006 24.264085295875336 22.554864189359442
-83.0 24.26250071583644 22.553172698601163
-82.5 24.260923877039005 22.551489541574266
-82.00000000000006 24.25935588598825 22.5498059220396
-81.5 24.25780588957342 22.54814174804071
-81.0 24.256265195655864 22.546470308366313
-80.50000000000006 24.254740080872715 22.544805284186296
-80.0 24.253222856223378 22.5431492991347
-79.5 24.251709186589203 22.541497415000315
-79.00000000000006 24.25020280632319 22.539846253975455
-78.5 24.248737061144933 22.538203772898324
-78.0 24.24725117645467 22.536580780513372
-77.50000000000006 24.245803266280696 22.534946810016155
-77.0 24.244346314523717 22.533332255011757
-76.5 24.242906233678664 22.531711298251473
-76.00000000000006 24.24148141951732 22.530087664719698
-75.5 24.2400622036007 22.528488441333913
-75.0 24.238685961982128 22.526888297428314
-74.50000000000006 24.237286084732006 22.525296178171423
-74.0 24.235910289768157 22.5237014498584
-73.5 24.234533152527785 22.5221165577302
-73.00000000000006 24.23318499920604 22.520541895224973
-72.5 24.23182721691507 22.518954506856595
-72.0 24.23048398835764 22.517386140505153
-71.50000000000006 24.22914388655421 22.515826319567857
-71.0 24.22784510248267 22.514263833058262
-70.5 24.22652186602209 22.512711141108245
-70.00000000000006 24.22521634140772 22.51115788251922
-69.5 24.223932202583857 22.509617361788425
-69.0 24.222652966538888 22.508065083059158
-68.50000000000006 24.22137133272516 22.50653641210995
-68.0 24.22011916049492 22.50500206381944
-67.5 24.21886087900781 22.503472514510847
-67.00000000000006 24.217610923080926 22.501952051183647
-66.5 24.216395101280682 22.500445452373125
-66.0 24.215167143773762 22.49893045550788
-65.50000000000006 24.213938775719228 22.497420544042612
-65.0 24.212732150560914 22.495920328121034
-64.5 24.211536370432498 22.494419496319438
-64.00000000000006 24.210356889134957 22.4929211135428
-63.5 24.209169545572756 22.491439486000978
-63.0 24.208019655449114 22.489957277404674
-62.50000000000006 24.206856236587868 22.488470857106964
-62.0 24.205701103003086 22.486996710028176
-61.5 24.204563630873515 22.485531545506674
-61.00000000000006 24.203426075880493 22.484061074101543
-60.5 24.202318898250248 22.48260984523823
-60.0 24.20122371757507 22.481161425686036
-59.50000000000006 24.200120034862206 22.479705077269116
-59.0 24.199024812402783 22.47826073693602
-58.5 24.19793882036874 22.47681946365016
-58.00000000000006 24.196872173312165 22.47538610307757
-57.5 24.19579937477772 22.47395313677577
-57.0 24.194767876518757 22.47252503103922
-56.5 24.19371637008726 22.47111088295857
-56.0 24.192681150193298 22.469685975129828
-55.5 24.19166949823061 22.4682802591756
-55.0 24.19065799360069 22.466872341584832
-54.5 24.189661070557275 22.46546948977688
-54.0 24.188680707109995 22.464063898983902
-53.5 24.18769778446631 22.462678126416463
-53.0 24.186718907756457 22.461288713502434
-52.5 24.18574616101329 22.459910952881323
-52.0 24.184820903605406 22.458526505626033
-51.5 24.183864220442818 22.45715890630862
-51.0 24.18294405295756 22.45578818925596
-50.5 24.18204022725403 22.454424671994442
-50.0 24.181122821064744 22.453073071890493
-49.5 24.180213368678224 22.451705154359768
-49.0 24.17932155610717 22.450360258549075
-48.5 24.178438731202547 22.449009922265233
-48.0 24.177587561757807 22.447671251072983
-47.5 24.17670414926581 22.446336109455164
-47.0 24.175865692965136 22.445002432951064
-46.5 24.17504591857802 22.4436781897346
-46.0 24.17419772800084 22.442357654067344
-45.5 24.173386775057008 22.441042635363004
-45.0 24.172569248367147 22.43973176258731
-44.5 24.17177869541777 22.438420964014327
-44.0 24.17099943183802 22.437116052737927
-43.5 24.170222570491124 22.43582261672604
-43.0 24.16944751188752 22.43453390043865
-42.5 24.168700250919635 22.433245951711413
-42.0 24.167959189877234 22.431961391188757
-41.5 24.167210703298096 22.430680869559637
-41.0 24.166487265448026 22.42940191290174
-40.5 24.165782690968673 22.428143005812366
-40.0 24.165089657501465 22.426874689594477
-39.5 24.16437781958818 22.425612226799334
-39.0 24.16371560738463 22.424356158079235
-38.5 24.163035086742628 22.423105289027006
-38.0 24.16236772485832 22.421861349087724
-37.5 24.161712683589297 22.420613323185915
-37.0 24.161089192753003 22.419384765202043
-36.5 24.160453483404215 22.418153003272707
-36.0 24.15983339405222 22.4169264933261
-35.5 24.159217846630817 22.415701713265868
-35.0 24.158621272660472 22.414483255245266
-34.5 24.15803935843929 22.413270411918113
-34.0 24.15745852477596 22.41206547442686
-33.5 24.156899568712156 22.41085452714312
-33.0 24.156362534523627 22.409658074926817
-32.5 24.155815215136155 22.408459693790796
-32.0 24.155275709928453 22.407267619899862
-31.5 24.154751960130195 22.40607460909603
-31.0 24.15423284266861 22.404895159467827
-30.5 24.15374663384629 22.403718975244544
-30.0 24.15327033091439 22.402539311001156
-29.5 24.152780394238572 22.401370904568893
-29.0 24.152316025683696 22.400206343844197
-28.5 24.151852988619208 22.3990406114062
-28.0 24.151400368016684 22.39788462965258
-27.5 24.150964794746066 22.396733399359267
-27.0 24.15054096006238 22.395571393861687
-26.5 24.150118753210187 22.39443138581466
-26.0 24.14971515036937 22.393293640515996
-25.5 24.14932796984067 22.39215185833651
-25.0 24.148921616384285 22.39102397844215
-24.5 24.148547257317112 22.389886534910403
-24.0 24.14817182983346 22.38876525429546
-23.5 24.14782845492576 22.38764645342044
-23.0 24.14746876397308 22.386524985545
-22.5 24.14713973756239 22.38541861043304
-22.0 24.146785844803723 22.384302102292068
-21.5 24.146463123756906 22.383195766468297
-21.0 24.146156715557968 22.38209836963515
-20.5 24.14584841355242 22.380999013587125
-20.0 24.145547070398983 22.37990364605836
-19.5 24.14527477416984 22.378815399363454
-19.0 24.14498877050559 22.37773735320023
-18.5 24.144720925530187 22.376649510557304
-18.0 24.144453053620715 22.3755720394076
-17.5 24.14421062696693 22.374506231318826
-17.0 24.143952400264634 22.37343064855663
-16.5 24.14371687292642 22.37236942236924
-16.0 24.14349671852593 22.3713045903586
-15.5 24.14327391399292 22.370250499659452
-15.0 24.143059289662183 22.369192848838203
-14.5 24.142851327807588 22.368144587387597
-14.0 24.14265752426307 22.367098897821727
-13.5 24.142466770476027 22.366059344438426
-13.0 24.14229703013215 22.36502710192714
-12.5 24.142130064492147 22.363986868899012
-12.0 24.141969294559615 22.36295459125701
-11.5 24.141784580550606 22.36193560006418
-11.0 24.141635571642645 22.36090340131872
-10.5 24.14151528471254 22.359884431667755
-10.0 24.141360871555193 22.35887411688175
-9.5 24.141262922104545 22.357864424200066
-9.0 24.141115128269494 22.356853915832918
-8.5 24.141028536151474 22.355849243952314
-8.0 24.14090583372465 22.354852733162943
-7.5 24.14081418735796 22.35385869833083
-7.0 24.1407199461152 22.352866255571335
-6.5 24.14063524777516 22.351880640948607
-6.0 24.140550475194473 22.350891682155982
-5.5 24.14048182615188 22.349911007302655
-5.0 24.140420559734636 22.348933555381404
-4.5 24.140362320359916 22.34795483946369
-4.0 24.140319351037544 22.346987284984717
-3.5 24.14026322109806 22.346021636556817
-3.0 24.14022825950664 22.3450591623764
-2.5 24.140207649083912 22.344099980443346
-2.0 24.140184401622093 22.34314417248468
-1.5 24.140147981695478 22.34219649680382
-1.0 24.14015814482716 22.34124402443595
-0.5 24.140149428879113 22.34030444861977
0.0 24.140139007091314 22.339359287659168
0.5 24.140147388452647 22.338428718307938
1.0 24.140155917925796 22.337492342770414
1.5 24.14018599871616 22.336564381938082
2.0 24.140215735143812 22.335645005072475
2.5 24.14025742226251 22.33471467532043
3.0 24.140302243153265 22.333802590696937
3.5 24.140358445688793 22.332874686773142
4.0 24.140429316552847 22.33196728439072
4.5 24.140519165487824 22.331071357334107
5.0 24.140611282152797 22.33016512219602
5.5 24.14070748258097 22.32926858134467
6.0 24.14082605396014 22.328366197664625
6.5 24.14094953462433 22.327469702709223
7.0 24.14108697345248 22.326591521697953
