FastTrWP/PhaseSpace/IAs/snIa_0.60_30.00_0.67_-0.01.csv
# %ECSV 0.9
# ---
# datatype:
# - {name: time-rel, datatype: float64}
# - {name: g, datatype: float64}
# - {name: i, datatype: float64}
# schema: astropy-2.0
time-rel g i
[from data line 1433]
264.0 24.15861441320949 22.30997660679869
264.5 24.160262165274503 22.310271409199935
264.9999999999999 24.161947288565973 22.31056887728815
265.5 24.163596987118027 22.310858615084598
266.0 24.16526069141308 22.311154788643684
266.4999999999999 24.16694219854863 22.311456586145425
267.0 24.168592160002305 22.311752996472872
267.5 24.170267874422308 22.31205880591753
267.9999999999999 24.17193557179268 22.312360922163972
268.5 24.173609985954734 22.312658848031038
269.0 24.175296053505335 22.31296981839627
269.4999999999999 24.17697846017152 22.313277017291234
270.0 24.17865810238282 22.313579685012694
270.5 24.180340168882893 22.31388595548014
270.9999999999999 24.182012375996884 22.31420360113297
271.5 24.183706512777185 22.314507830354678
272.0 24.18538882582615 22.314825117795557
272.4999999999999 24.18708472144186 22.315135310099482
273.0 24.18876504406162 22.315451531626746
273.5 24.19046336522657 22.315764139929037
273.9999999999999 24.192144482704524 22.3160831586863
274.5 24.193846538288426 22.31640580821301
275.0 24.195553051648094 22.31671976165661
275.4999999999999 24.19723770563845 22.317050173817563
276.0 24.19893394685993 22.31736357584754
276.5 24.200645925081222 22.31768900490262
276.9999999999999 24.202332765222415 22.318018845821825
277.5 24.204029187142275 22.318332986468267
278.0 24.205742233392463 22.31866379884028
278.4999999999999 24.20744374887974 22.31899356484119
279.0 24.2091507681197 22.319323259999457
279.5 24.210864316564404 22.319651776879645
279.9999999999999 24.212572348056174 22.319989616916587
280.5 24.21427657481064 22.320318935647876
281.0 24.21598029396405 22.320651905136742
281.4999999999999 24.217714150947973 22.32098871254106
282.0 24.219410667839888 22.32131973783677
282.5 24.221130091888202 22.321660696643843
282.9999999999999 24.222834504417577 22.321997452305297
283.5 24.2245432579659 22.322340905469176
284.0 24.226273648026776 22.322677841307453
284.4999999999999 24.227992414966447 22.32301142867904
285.0 24.229709490141857 22.32335798594633
285.5 24.23141837839986 22.32370172376772
285.9999999999999 24.233148171542666 22.324045283480245
286.5 24.234874920282188 22.324389406133818
287.0 24.23659071131608 22.324738303226216
287.4999999999999 24.238317024404235 22.325086359129642
288.0 24.240052333789667 22.32543450147084
288.5 24.241783008231053 22.325779646475404
288.9999999999999 24.24348934618163 22.326132777317458
289.5 24.24522784160986 22.326475634382135
290.0 24.246948831747943 22.326836966150594
290.4999999999999 24.248678824925626 22.327186638628675
291.0 24.25040820883001 22.327546927308592
291.5 24.2521551594197 22.327889937767566
291.9999999999999 24.253859363229637 22.328252555987635
292.5 24.2555973038683 22.328613842947984
293.0 24.25732455095275 22.32897204801609
293.4999999999999 24.259060807179942 22.32932265717664
294.0 24.260805977215128 22.32968811886324
294.5 24.262535620300973 22.3300516091983
294.9999999999999 24.264262183438284 22.330404226557285
295.5 24.266010858428785 22.33076436762031
296.0 24.26773301836482 22.331130648901315
296.4999999999999 24.269468239673735 22.331494682629533
297.0 24.27119529565219 22.331856420368155
297.5 24.27293053245223 22.33222478782443
297.9999999999999 24.27467585683679 22.33259087457002
298.5 24.27641482101248 22.332955646036133
299.0 24.278143318377747 22.33331750110386
299.4999999999999 24.279892759210348 22.333692129888615
300.0 24.28162290071134 22.334059548802124
300.5 24.28335992279877 22.33442921866072
300.9999999999999 24.285109860362763 22.33480143446318
301.5 24.286830781356997 22.335169784613207
302.0 24.28858496417682 22.33554254038197
302.4999999999999 24.29032031829584 22.33591349246411
303.0 24.29205231833191 22.336286687186178
303.5 24.29379501766958 22.336664505407917
303.9999999999999 24.295528126547016 22.337037202367675
304.5 24.297266946130584 22.337417007234706
305.0 24.299011218900446 22.33779321287785
305.4999999999999 24.300742453224267 22.338169791177226
306.0 24.302481533643984 22.33854955291679
306.5 24.30423324292307 22.338939123855873
306.9999999999999 24.305982294427814 22.339319840437085
307.5 24.307715095964927 22.339701435154954
308.0 24.309470979430987 22.340079395338066
308.4999999999999 24.31121163207174 22.34046529257288
309.0 24.312960832922617 22.340848309292358
309.5 24.314702415625213 22.341234879969853
309.9999999999999 24.316448196860456 22.341632055698632
310.5 24.318206861064983 22.34201236520211
311.0 24.319963315879537 22.342409915399276
311.4999999999999 24.321712784334263 22.342802074824345
312.0 24.3234523417486 22.343197839211765
312.5 24.325206582604398 22.343582737752623
312.9999999999999 24.326950462321136 22.34397830441715
313.5 24.32871263418967 22.344377311260423
314.0 24.33046955597517 22.3447682842982
314.4999999999999 24.332211491570433 22.34517294487724
315.0 24.333967372341256 22.34556867057784
315.5 24.335715118128025 22.345966564931793
315.9999999999999 24.337483944168305 22.346368408644594
316.5 24.33923805695516 22.34676797337727
317.0 24.34098010200046 22.347166599002833
317.4999999999999 24.342744350620613 22.347574017028897
318.0 24.34448976710735 22.347976425703706
318.5 24.346256781131128 22.3483826789017
318.9999999999999 24.347998569400477 22.3487844492525
319.5 24.349769196139377 22.349194591537895
320.0 24.351528622150962 22.349600779632603
320.4999999999999 24.35329327970951 22.35001657842954
321.0 24.355055318186825 22.350428644438843
321.5 24.35682439745623 22.350833694148704
321.9999999999999 24.358584551840657 22.351246110755856
322.5 24.360344408469285 22.35165787548425
323.0 24.36211714406713 22.352075601118266
323.4999999999999 24.36386322993676 22.352488728779278
324.0 24.365643674360598 22.352905172129006
324.5 24.367420595002667 22.35331746407215
324.9999999999999 24.36918509878677 22.353737072029688
325.5 24.37094394138238 22.354154295325166
326.0 24.37270513627851 22.35457092944051
326.4999999999999 24.3744698757766 22.354998173695357
327.0 24.376244264784773 22.355416614882408
327.5 24.378015815506107 22.355833805741966
327.9999999999999 24.37979404178948 22.356262845083663
328.5 24.38155951190002 22.356687010793625
329.0 24.383322661598456 22.357110313734058
329.4999999999999 24.385093418631 22.357534907184444
330.0 24.386862090025705 22.357961990793243
330.5 24.388643197244715 22.3583797352211
330.9999999999999 24.390428446892123 22.35881539853559
331.5 24.392194496264796 22.359241255322893
332.0 24.39395493028043 22.3596738853109
332.4999999999999 24.395733427126842 22.360111420879242
333.0 24.397511823209193 22.36053732713347
333.5 24.399301493906606 22.360964919795407
333.9999999999999 24.40106528742238 22.36139291771569
334.5 24.402840603365128 22.361828830420247
335.0 24.404612836028043 22.36226906681864
335.4999999999999 24.406391201477497 22.36270005313736
336.0 24.408180200277325 22.36313535408541
336.5 24.409963376664724 22.36356932262585
336.9999999999999 24.411709756547975 22.364015637175587
337.5 24.413516839369084 22.364455529883017
338.0 24.41528605053144 22.364890440654747
338.4999999999999 24.41709033330247 22.36533653508772
339.0 24.418849972866106 22.365769324085868
339.5 24.420640252865553 22.36621447348012
339.9999999999999 24.42242300215551 22.366651738505183
340.5 24.42420730649145 22.36709357261727
341.0 24.425997420934063 22.367540478075103
341.4999999999999 24.427773880660677 22.36798082194244
342.0 24.42955955137808 22.36843711523456
342.5 24.431330424035366 22.368876993563397
342.9999999999999 24.433126886847518 22.369325377306765
343.5 24.434921933474204 22.36977404009679
344.0 24.436703283102254 22.370219674831823
344.4999999999999 24.43848650058238 22.370671888873783
345.0 24.440269130108383 22.371124378959813
345.5 24.442052843141067 22.37158321355006
345.9999999999999 24.443846151007058 22.37203089193247
346.5 24.44563628549271 22.37248625713184
347.0 24.44742109672035 22.37293872940509
347.4999999999999 24.44919746863283 22.373396829728694
348.0 24.45100468296595 22.37385670318924
348.5 24.452772111711628 22.374312897812565
348.9999999999999 24.454571689771242 22.374766541925034
349.5 24.45636286682905 22.375231233679166
350.0 24.458136854306215 22.37568850442289
350.4999999999999 24.45994948724256 22.37616427084442
351.0 24.461729511303574 22.376615371011532
351.5 24.46353454291781 22.377078704983823
351.9999999999999 24.46530303184122 22.37754453244238
352.5 24.46709877319983 22.378016124036762
353.0 24.46888882987439 22.378474653219396
353.4999999999999 24.470676886867203 22.378947246800692
354.0 24.472484140446397 22.379412003892135
354.5 24.474283536700977 22.37988496624081
354.9999999999999 24.47607028227193 22.380350668369616
355.5 24.477868199303906 22.38082057038495
356.0 24.479655011319053 22.38129736262122
356.4999999999999 24.48146050927589 22.381774179264163
357.0 24.483236598691825 22.382246758048183
357.5 24.485045358920825 22.382714517688278
357.9999999999999 24.486845137229295 22.38319633936317
358.5 24.48866473595016 22.383668781966154
359.0 24.490442780257666 22.38414541910454
359.4999999999999 24.49224051638844 22.38463176901124
360.0 24.49403228196195 22.385110598889536
360.5 24.495842619804314 22.385585539199383
360.9999999999999 24.497628652144776 22.386063258191623
361.5 24.499451869696717 22.3865488739574
362.0 24.501226306753047 22.387030859991377
362.4999999999999 24.5030464994965 22.387516729318712
363.0 24.504855115878055 22.388004850146018
363.5 24.50666582795479 22.38848687394951
363.9999999999999 24.508453311139597 22.38897873983991
364.5 24.510252301950533 22.389460835490716
365.0 24.512068001548073 22.389946062899398
365.4999999999999 24.513869343189928 22.390436973892882
366.0 24.515668332001155 22.39092260331652
366.5 24.517469364372722 22.391418916831114
366.9999999999999 24.519280805305694 22.391910819600284
367.5 24.521096558131845 22.392399290724747
368.0 24.52290951740411 22.392887170540433
368.4999999999999 24.5246995877742 22.393393001156415
369.0 24.52650760281097 22.393884682283748
369.5 24.52832978218483 22.394386447283857
369.9999999999999 24.530122278323695 22.394880095337015
370.5 24.53193930512585 22.395382073256975
371.0 24.53375291829261 22.395879820893242
371.4999999999999 24.535574341388354 22.39638070104848
372.0 24.537396707345568 22.39687413718968
372.5 24.539200989948927 22.397379879735496
372.9999999999999 24.54101072718384 22.397879174377252
373.5 24.542846391493946 22.39838271783912
374.0 24.544660169163173 22.398885641382694
374.4999999999999 24.546475393590317 22.39939819916846
375.0 24.54829222523807 22.399896981924975
375.5 24.550122634987197 22.400403052180565
375.9999999999999 24.551922540310226 22.400912801586593
376.5 24.553749173525606 22.401417462625332
377.0 24.555578990980386 22.401930719438838
377.4999999999999 24.557392533087455 22.402435355426388
378.0 24.55922071211511 22.40295110805856
378.5 24.56105476889498 22.403465282111323
378.9999999999999 24.56287797724255 22.403975175549135
379.5 24.56469976001838 22.40448546348846
380.0 24.566525255441473 22.40499763864075
380.4999999999999 24.56834475479338 22.405516473307582
381.0 24.57018962543161 22.406032116075224
381.5 24.57201276152452 22.406544835831777
381.9999999999999 24.573845955736587 22.40706618929044
382.5 24.575679429691306 22.4075891503324
383.0 24.577503266431513 22.408100971118774
383.4999999999999 24.579330446404555 22.40862247379028
384.0 24.58117743232979 22.409145100538712
384.5 24.582999150415255 22.409662511619857
384.9999999999999 24.584829014406353 22.410199086700203
385.5 24.58664712066281 22.41071354580809
386.0 24.588487249319776 22.41123747479832
386.4999999999999 24.590328426848167 22.41176372168292
387.0 24.59215209473985 22.412292027195292
387.5 24.593984193639944 22.412823645054672
387.9999999999999 24.59580688278404 22.41335600396704
388.5 24.5976462002468 22.41388245543225
389.0 24.59948606922812 22.414417934860257
389.4999999999999 24.601303801073684 22.41494771183912
390.0 24.603155925007588 22.415478618717923
390.5 24.604989935671092 22.416011985901957
390.9999999999999 24.60682366685697 22.416546355070608
391.5 24.60867117819383 22.41708433166272
392.0 24.610516482784544 22.41762345582503
392.4999999999999 24.612355289034134 22.418159998899164
393.0 24.61416459574472 22.41869635736146
393.5 24.61601810457455 22.41923630831846
393.9999999999999 24.617866110174724 22.419778150015514
394.5 24.619699651762886 22.420320654086442
395.0 24.621548563182614 22.420867017948506
395.4999999999999 24.623391195762366 22.421406643628224
396.0 24.625220128693787 22.421950127004727
396.5 24.627062687072886 22.422497152871145
396.9999999999999 24.628920668693386 22.42304198797818
397.5 24.630747722528994 22.42359263940111
398.0 24.632614720472116 22.424136269401647
398.4999999999999 24.634447478199984 22.424684652067075
399.0 24.636297593446045 22.425228341215842
399.5 24.63813790172783 22.425783399058435
399.9999999999999 24.639992598819834 22.426339169196986
400.5 24.641835888355974 22.426890893043367
401.0 24.643687847635086 22.427447225577737
401.4999999999999 24.645540273826327 22.428001480742537
402.0 24.647387284525205 22.42855455791711
402.5 24.64924940497367 22.429110315506495
402.9999999999999 24.651081861604005 22.429668012852957
403.5 24.652957212791247 22.43022499793877
404.0 24.6547940777523 22.4307921921641
404.4999999999999 24.65665620981044 22.431344911079698
405.0 24.65850388540247 22.431905136138106
405.5 24.660345276317635 22.43246661318598
405.9999999999999 24.662219090059793 22.43303022522766
406.5 24.66407335410613 22.43359069268863
407.0 24.66593287773627 22.434161683320156
407.4999999999999 24.66780892698798 22.434728764991668
408.0 24.669654237514873 22.435286919783742
408.5 24.671497254997536 22.43586135739784
408.9999999999999 24.67337634324793 22.436426686757628
409.5 24.675240282508753 22.436998918694133
410.0 24.677109950528497 22.43756886424191
410.4999999999999 24.678969575934097 22.43814291579183
411.0 24.680838534547878 22.438709512227355
411.5 24.68269365310907 22.439287368668168
411.9999999999999 24.68457763523407 22.43985565529606
412.5 24.686422066385994 22.44043074203845
413.0 24.68831249738454 22.441010761934702
413.4999999999999 24.69016202799051 22.441585093466333
414.0 24.69204912319883 22.442163680328946
414.5 24.693920695629615 22.442747448569715
414.9999999999999 24.695791768115143 22.44332016554115
415.5 24.697656387169555 22.44390558821653
416.0 24.699539356144854 22.444490279744365
416.4999999999999 24.70141724347327 22.44506661251902
417.0 24.70328859239267 22.445647467208477
417.5 24.705172808255284 22.446234617933023
417.9999999999999 24.707064766524045 22.44682324358368
418.5 24.708929453561367 22.447407887532954
419.0 24.710816741063113 22.447991831101643
419.4999999999999 24.712692612815705 22.44858295723094
420.0 24.714600953358442 22.449175675800955
420.5 24.716494391859772 22.44977160659239
420.9999999999999 24.718362958609447 22.450359229878025
421.5 24.720250267755905 22.45095075603642
422.0 24.722150087902016 22.45154410903659
422.4999999999999 24.724036238519457 22.452142529069413
423.0 24.725920125660586 22.45274140536607
423.5 24.72784577443594 22.45333523807419
423.9999999999999 24.729757219270837 22.45393736512805
424.5 24.73162802071605 22.454541703404626
425.0 24.733527186913467 22.455137717652313
425.4999999999999 24.735421403768303 22.455745975077676
426.0 24.73734030611144 22.456350124585978
426.5 24.739221596504947 22.456952068225583
426.9999999999999 24.741139706599018 22.457560993041753
427.5 24.743045178220505 22.45816781084364
428.0 24.744939111152405 22.458768084839793
428.4999999999999 24.746858557542005 22.45938654725731
429.0 24.748747320931777 22.459986753015862
429.5 24.75065597457008 22.460609100315565
429.9999999999999 24.75257547786972 22.46121809789607
430.5 24.75447834761292 22.46183178538716
431.0 24.75638925285277 22.462444802537135
431.4999999999999 24.758306478853143 22.46306255438971
432.0 24.760218449453838 22.463671991983777
432.5 24.762153186444277 22.4642953172037
