FastTrWP/PhaseSpace/IAs/snIa_0.66_30.00_1.05_0.02.csv
# %ECSV 0.9
# ---
# datatype:
# - {name: time-rel, datatype: float64}
# - {name: g, datatype: float64}
# - {name: i, datatype: float64}
# schema: astropy-2.0
time-rel g i
[from data line 864]
528.8333333333334 23.938860238469083 22.29250089609627
529.3333333333334 23.938605148458258 22.29199091903379
529.8333333333334 23.93832718703445 22.2914811636357
530.3333333333334 23.93807532149822 22.29097360813515
530.8333333333334 23.937817858509582 22.29047224649222
531.3333333333334 23.93756555237614 22.289965112919198
531.8333333333334 23.93732598613562 22.28946399388246
532.3333333333334 23.937079387268824 22.288963596667365
532.8333333333334 23.93683810170168 22.28847053037317
533.3333333333334 23.936607943857307 22.287977428067936
533.8333333333334 23.936397226079016 22.287477702972616
534.3333333333334 23.93618355968581 22.28699745002106
534.8333333333334 23.935960990401973 22.28650734714495
535.3333333333334 23.93575827693273 22.286024781799796
535.8333333333334 23.935553448286385 22.285540074618346
536.3333333333334 23.935351176283618 22.28506448612706
536.8333333333334 23.935173374510512 22.284582403098554
537.3333333333334 23.934980783218535 22.28411355718149
537.8333333333334 23.934797524947072 22.28364290633087
538.3333333333334 23.93460770928825 22.283170767282783
538.8333333333334 23.93445140056562 22.282701982110908
539.3333333333334 23.9342849344974 22.282251069638008
539.8333333333334 23.93413975354501 22.281795945443072
540.3333333333334 23.933999199761633 22.28133820204967
540.8333333333334 23.933824343132486 22.280888317991238
541.3333333333334 23.933689715278277 22.28044742063571
541.8333333333334 23.93354903080708 22.27999650566998
542.3333333333334 23.933423268584026 22.279558457618307
542.8333333333334 23.933287512046718 22.279121345092246
543.3333333333334 23.933167132211448 22.278685942328234
543.8333333333334 23.93306076823032 22.278257862793577
544.3333333333334 23.93295502196394 22.27782701185097
544.8333333333334 23.932838727445894 22.277407042489234
545.3333333333334 23.932739834929247 22.276981352971198
545.8333333333334 23.93264394255173 22.27656130282091
546.3333333333334 23.932554962369604 22.276148854156297
546.8333333333334 23.932475217852513 22.27573397261644
547.3333333333334 23.932397805532887 22.275323375138726
547.8333333333334 23.93231054919768 22.274914777914642
548.3333333333334 23.932252838839293 22.274517254667693
548.8333333333334 23.932178878843303 22.274110500884625
549.3333333333334 23.932131706042462 22.27370573915849
549.8333333333334 23.932071886385017 22.273312747725612
550.3333333333334 23.932022419793952 22.27291345584693
550.8333333333334 23.931991188662668 22.272526373680623
551.3333333333334 23.93194747886447 22.27213767784186
551.8333333333334 23.931898753393885 22.271745027451608
552.3333333333334 23.931872226075413 22.271361962329422
552.8333333333334 23.931871463656982 22.2709764140377
553.3333333333334 23.93184281217181 22.270595213169923
553.8333333333334 23.931840275590414 22.27021655342341
554.3333333333334 23.93181848757386 22.269845005380464
554.8333333333334 23.93182511199488 22.26946492748088
555.3333333333334 23.931818704312438 22.2690969998083
555.8333333333334 23.931809331907917 22.268730122360587
556.3333333333334 23.93183662657488 22.268362150613413
556.8333333333334 23.931852348970054 22.267994299682236
557.3333333333334 23.9318658610662 22.267629236738728
557.8333333333334 23.931882902473802 22.267264750547376
558.3333333333334 23.931920569693034 22.26690677686499
558.8333333333334 23.93195353441113 22.26654968132103
559.3333333333334 23.93201205484779 22.266187132853908
559.8333333333334 23.932040279310563 22.265837148080365
560.3333333333334 23.932092041462504 22.26548926626448
560.8333333333334 23.932150473621157 22.26513596989519
561.3333333333334 23.932191274876228 22.264779522266164
561.8333333333334 23.932265846672497 22.26443680690448
562.3333333333334 23.93233307115665 22.264087187426128
562.8333333333334 23.9324005554767 22.263745265197233
563.3333333333334 23.932468425509256 22.263402347452477
563.8333333333334 23.932547770831864 22.263055211508433
564.3333333333334 23.93265270151901 22.262713060765
564.8333333333334 23.93273949326759 22.26238208997888
565.3333333333334 23.93282913612994 22.262042875159178
565.8333333333334 23.93293483464881 22.261700744534586
566.3333333333334 23.933040899874058 22.26137039064927
566.8333333333334 23.933161800364395 22.261038563007894
567.3333333333334 23.933254886266994 22.26070523585389
567.8333333333334 23.93337247996375 22.26036924538407
568.3333333333334 23.933488018679213 22.260040256452474
568.8333333333334 23.93363512253098 22.259703670567987
569.3333333333334 23.93375416470272 22.259377993655146
569.8333333333334 23.93389589411818 22.25906028681486
570.3333333333334 23.93401269056483 22.25872665158918
570.8333333333334 23.934172026364283 22.258400052473412
571.3333333333334 23.93431833591972 22.258077880915693
571.8333333333334 23.93446797814454 22.25775085622626
572.3333333333334 23.93462074901941 22.257428918756062
572.8333333333334 23.934787888873096 22.257104084886095
573.3333333333334 23.934935508553984 22.256784539041888
573.8333333333334 23.93512838955425 22.256459293584072
574.3333333333334 23.935289606697367 22.256143623884114
574.8333333333334 23.935483767774226 22.25582211283278
575.3333333333334 23.935653007887403 22.255499452136448
575.8333333333334 23.935836698261465 22.255180188784824
576.3333333333334 23.936026649927875 22.25486789829894
576.8333333333334 23.936219093392992 22.254541338098413
577.3333333333334 23.936426427160107 22.254222358436287
577.8333333333334 23.936632781868493 22.253915998688115
578.3333333333334 23.936825573278874 22.25359675493074
578.8333333333334 23.9370452896849 22.253296656912973
579.3333333333334 23.937256635236057 22.252975117157035
579.8333333333334 23.937478697246814 22.25266593369581
580.3333333333334 23.937707559743036 22.25236043310616
580.8333333333334 23.93794285610651 22.2520489694465
581.3333333333334 23.93817161592998 22.25174175025345
581.8333333333334 23.93840907432502 22.251448689933856
582.3333333333334 23.938657835098365 22.251135287531888
582.8333333333334 23.938908840690143 22.25083744573473
583.3333333333334 23.93914484654646 22.250536258226013
583.8333333333334 23.939400337452312 22.250233619832706
584.3333333333334 23.939655478981578 22.249940245817342
584.8333333333334 23.93993397630474 22.249644072299084
585.3333333333334 23.94019344381586 22.249344796545344
585.8333333333334 23.94047812915803 22.249054377321805
586.3333333333334 23.940745046642895 22.248764171228984
586.8333333333334 23.941033948597102 22.2484726199956
587.3333333333334 23.94131179066433 22.248180592136958
587.8333333333334 23.941613213425015 22.24789144110257
588.3333333333334 23.941909148985737 22.24760533792409
588.8333333333334 23.942211042203052 22.24732846845844
589.3333333333334 23.942518540657844 22.247033756762665
589.8333333333334 23.9428333689209 22.24676115001657
590.3333333333334 23.943145856547638 22.246473252305115
590.8333333333334 23.943471959038703 22.246193559053662
591.3333333333334 23.94379936516486 22.24592245000615
591.8333333333334 23.944120224188204 22.2456349594907
592.3333333333334 23.944463196910213 22.24536406736748
592.8333333333334 23.94478588210719 22.245097532989632
593.3333333333334 23.945146022653713 22.244824617461695
593.8333333333334 23.945504770277704 22.244542600076976
594.3333333333334 23.94585562692553 22.244279952508865
594.8333333333334 23.946205679114723 22.24400466519365
595.3333333333334 23.946577435283224 22.243745550419796
595.8333333333334 23.946942299355086 22.243481975139893
596.3333333333334 23.947322565003763 22.243215265464613
596.8333333333334 23.94768753323081 22.242952575563905
597.3333333333334 23.94807997525112 22.24268850012813
597.8333333333334 23.948466341036465 22.242430776748016
598.3333333333334 23.948851087109713 22.24217425109053
598.8333333333334 23.94926016055073 22.241919895421734
599.3333333333334 23.949672666808084 22.241665787840756
599.8333333333334 23.950065996192727 22.241413062796816
600.3333333333334 23.950490432050522 22.241159769216942
600.8333333333334 23.950915283807124 22.240910555574406
601.3333333333334 23.9513354037758 22.24066039255661
601.8333333333334 23.951762303315803 22.240408093368448
602.3333333333334 23.952192720713114 22.24016038901204
602.8333333333334 23.952633267175738 22.239916485470506
603.3333333333334 23.95308598023403 22.239681445218885
603.8333333333334 23.95353420340932 22.23943940206926
604.3333333333334 23.953981304145536 22.239198367146486
604.8333333333334 23.954442665493254 22.23896207886487
605.3333333333334 23.954912092236093 22.238724108568135
605.8333333333334 23.955380290412684 22.23849152916234
606.3333333333334 23.9558685651906 22.238253577554893
606.8333333333334 23.956355715317443 22.23802448787481
607.3333333333334 23.956819535216212 22.23779209832207
607.8333333333334 23.95733626737986 22.237563241966633
608.3333333333334 23.957828647227757 22.23733858787518
608.8333333333334 23.95833355661525 22.23711467295913
609.3333333333334 23.958835998658472 22.236886718916548
609.8333333333334 23.959361025420712 22.236668790957314
610.3333333333334 23.95987891301886 22.23644203027527
610.8333333333334 23.960391769468234 22.236218272111493
611.3333333333334 23.960930807714085 22.236001995417595
611.8333333333334 23.961466231286682 22.23579289023485
612.3333333333334 23.962023359118557 22.235571030511956
612.8333333333334 23.962563420529726 22.23536177735289
613.3333333333334 23.963125248644204 22.235153922813478
613.8333333333334 23.96367576347856 22.234942220466863
614.3333333333334 23.964248736670122 22.23473254747666
614.8333333333334 23.96481129361362 22.23452639400297
615.3333333333334 23.96538045794358 22.234318359294765
615.8333333333334 23.96597150970759 22.234114930990366
616.3333333333334 23.966555364198776 22.23391548110305
616.8333333333334 23.967144641041305 22.233715867390124
617.3333333333334 23.967759829206273 22.23352398916093
617.8333333333334 23.96836764268309 22.23332315985308
618.3333333333334 23.96897314812176 22.233126548558218
618.8333333333334 23.969589880105758 22.232930886827273
619.3333333333334 23.9702068238738 22.232739618345203
619.8333333333334 23.970826453620408 22.23254657805959
620.3333333333334 23.97146314034281 22.23235312677179
620.8333333333334 23.972105339919562 22.232164045454276
621.3333333333334 23.97274688710725 22.23197626395536
621.8333333333334 23.973371252776165 22.231792000352982
622.3333333333334 23.97404716608809 22.231613906632166
622.8333333333334 23.974707163098323 22.23141859158192
623.3333333333334 23.975367004008746 22.231241349206748
623.8333333333334 23.976038210451655 22.231066067505466
624.3333333333334 23.976711422082918 22.23088592821362
624.8333333333334 23.977392114159866 22.230704489004825
625.3333333333334 23.978083218190285 22.230531235711357
625.8333333333334 23.978770414645023 22.230355143802498
626.3333333333334 23.979472903943826 22.23018538794857
626.8333333333334 23.980172955120317 22.23000793550847
627.3333333333334 23.980885218969604 22.229839349713068
627.8333333333334 23.981593382273264 22.22967231100406
628.3333333333334 23.9823098094346 22.229508878696254
628.8333333333334 23.983035755069814 22.22933673629795
629.3333333333334 23.983774794055428 22.229170699135466
629.8333333333334 23.984497435891804 22.229011746826444
630.3333333333334 23.985250028652164 22.228849733439468
630.8333333333334 23.985992165674467 22.228692868864208
631.3333333333334 23.98675646743026 22.228529600265645
631.8333333333334 23.987516144566996 22.228376155802877
632.3333333333334 23.988283178486096 22.228221120005763
632.8333333333334 23.989056916608966 22.22806386638037
633.3333333333334 23.989820065946077 22.22791746422246
633.8333333333334 23.99060580242083 22.227762606280102
634.3333333333334 23.99139594943015 22.22761598515758
634.8333333333334 23.992190550931795 22.22746550631127
635.3333333333334 23.9929864768262 22.227319569216064
635.8333333333334 23.993799970231656 22.22717647619188
636.3333333333334 23.994604029006524 22.227031643580165
636.8333333333334 23.99543031774247 22.226895423385603
637.3333333333334 23.996243357902323 22.22675035253137
637.8333333333334 23.997093602246814 22.226613610365394
638.3333333333334 23.997924356002606 22.226474031759867
638.8333333333334 23.998757964238628 22.22634301076582
639.3333333333334 23.999607016874226 22.226205150584306
639.8333333333334 24.000470131244185 22.226074874271767
640.3333333333334 24.001313875944405 22.225945860290132
640.8333333333334 24.00220540963555 22.22581438651263
641.3333333333334 24.003067848282292 22.225684568866132
641.8333333333334 24.003936956012684 22.22555701329248
642.3333333333334 24.004826253144586 22.22543334584906
642.8333333333334 24.0057181739948 22.22531305236574
643.3333333333334 24.006623329374648 22.225192726908986
643.8333333333334 24.007521057940977 22.225074335087974
644.3333333333334 24.00842434833318 22.224952492539344
644.8333333333334 24.009346553484498 22.224839234977246
645.3333333333334 24.010256989532095 22.224723857768364
645.8333333333334 24.011206767639123 22.224609007561508
646.3333333333334 24.01213566204859 22.224496240031925
646.8333333333334 24.01305924275778 22.224387651006275
647.3333333333334 24.01403017859305 22.224284673850327
647.8333333333334 24.01495169694929 22.224165838779243
648.3333333333334 24.01592933242344 22.224059156874475
648.8333333333334 24.01688995925258 22.223967350979656
649.3333333333334 24.01787120633915 22.223859461833484
649.8333333333334 24.018849715877298 22.22375988212589
650.3333333333334 24.0198391689023 22.223664480401414
650.8333333333334 24.020830381594376 22.223566139375333
651.3333333333334 24.02183462871083 22.223470047878674
651.8333333333334 24.022841489991478 22.223375394362325
652.3333333333334 24.02385765070833 22.223282773124712
652.8333333333334 24.024878269479565 22.22319062260557
653.3333333333334 24.02590432805402 22.223094169245496
653.8333333333334 24.02692011118459 22.223013362737795
654.3333333333334 24.027972074381935 22.2229247972397
654.8333333333334 24.029018338558927 22.22283988800789
655.3333333333334 24.030065046490794 22.222762525544614
655.8333333333334 24.031131260137244 22.22267799384813
656.3333333333334 24.032200542018614 22.222604382496414
656.8333333333334 24.033267622343395 22.22252377853652
657.3333333333334 24.03436354732058 22.22244188446899
657.8333333333334 24.035458685233245 22.22237915317999
658.3333333333334 24.036568534850986 22.222303506549853
658.8333333333334 24.037697416693213 22.222232081626103
659.3333333333334 24.03882840946705 22.22215991461775
659.8333333333334 24.039970073986908 22.222089471824404
660.3333333333334 24.04112317978912 22.222024160456904
660.8333333333334 24.042286658327015 22.22195797716153
661.3333333333334 24.043467093894254 22.2218970567782
661.8333333333334 24.044646922810486 22.221836030078997
662.3333333333334 24.04582624095316 22.221775295318203
662.8333333333334 24.047033994558692 22.221714181002696
663.3333333333334 24.04824954157597 22.22166143041011
663.8333333333334 24.049466677701645 22.221600075802726
664.3333333333334 24.050691623396578 22.22154151291301
664.8333333333334 24.05193800334836 22.221491033370494
665.3333333333334 24.05317786898037 22.221438564237804
665.8333333333334 24.05443720994535 22.22139291568283
666.3333333333334 24.055704987438244 22.221351475646603
666.8333333333334 24.056978786751856 22.22129564911336
667.3333333333334 24.058255141128527 22.221253340669072
667.8333333333334 24.0595576365776 22.221212649926485
668.3333333333334 24.06084169667901 22.22116610574599
668.8333333333334 24.062156488086934 22.221131886871746
669.3333333333334 24.063473110050015 22.221087408302587
669.8333333333334 24.06479097677828 22.221052226331764
670.3333333333334 24.066106812185026 22.221012042969754
670.8333333333334 24.067428225424926 22.220977586544066
671.3333333333334 24.068777510575234 22.220951022468014
671.8333333333334 24.070120419429827 22.220922759927056
672.3333333333334 24.07148683733906 22.220891422329274
672.8333333333334 24.072842237354703 22.220855309060017
