FastTrWP/PhaseSpace/IAs/snIa_0.69_30.00_-0.15_0.05.csv
# %ECSV 0.9
# ---
# datatype:
# - {name: time-rel, datatype: float64}
# - {name: g, datatype: float64}
# - {name: i, datatype: float64}
# schema: astropy-2.0
time-rel g i
[from data line 2511]
838.5 26.500104623975112 23.325516362953984
839.0 26.498956197398456 23.326600055989665
839.5 26.49786122784118 23.327704266091235
840.0 26.496749917434613 23.328793035013486
840.5 26.495632783696756 23.32988328848011
841.0 26.494528663311723 23.330978071945346
841.5 26.493374104508632 23.33206514435435
842.0 26.492312734580224 23.33314963970556
842.5 26.49119406155592 23.334248923833588
843.0 26.49004845658724 23.335337751185318
843.5 26.48897668898548 23.336426284254443
844.0 26.48785522763768 23.33752792626251
844.5 26.486764550159005 23.338610875217114
845.0 26.485666887180187 23.33969574976273
845.5 26.484582300285297 23.340786773654717
846.0 26.483452650574677 23.341876757666633
846.5 26.48236852861356 23.342976922249097
847.0 26.48129966668597 23.344057568752614
847.5 26.480205157270255 23.34514981645392
848.0 26.47913373490169 23.346245985769755
848.5 26.478075113437217 23.34733360833065
849.0 26.477029467712097 23.34842963074407
849.5 26.475981407490018 23.349508577214824
850.0 26.47493461343515 23.350606820833185
850.5 26.47387738761912 23.351690610777325
851.0 26.472895843141337 23.35278574666036
851.5 26.4718393813758 23.35388717171096
852.0 26.47083005599216 23.354971088779234
852.5 26.46982564798455 23.35608177884726
853.0 26.46888326567275 23.357167536749486
853.5 26.467894181072353 23.35826195073372
854.0 26.466907870952113 23.35935157153294
854.5 26.46600770115253 23.360451486290437
855.0 26.46504262130504 23.361539847381167
855.5 26.464118472751448 23.362651127776985
856.0 26.463227154362396 23.363739868271466
856.5 26.462335448770375 23.364848451945875
857.0 26.461466543348337 23.3659530805968
857.5 26.460652029463457 23.367056056427856
858.0 26.459756835855927 23.368151304776287
858.5 26.458918112109604 23.36925202012489
859.0 26.458091128540808 23.370359348565025
859.5 26.457258517382026 23.37145245774724
860.0 26.456451338952817 23.372554840990233
860.5 26.455570685517827 23.373654541127415
861.0 26.45472705827952 23.374757638204926
861.5 26.453887420169725 23.375851310653424
862.0 26.45298946559889 23.376955337391433
862.5 26.452164653944905 23.37805300115506
863.0 26.451316064963013 23.37915409339647
863.5 26.45044341116099 23.380252902540892
864.0 26.449584666343718 23.381348297972412
864.5 26.448721264156593 23.38244640906373
865.0 26.447858848582868 23.383541326838326
865.5 26.44696415763724 23.38462887833228
866.0 26.44608521940703 23.3857292608373
866.5 26.445173487700707 23.38683275865335
867.0 26.444299741387752 23.387920526842514
867.5 26.443404266713372 23.389020834629743
868.0 26.44251464972751 23.390114341379096
868.5 26.44161979437929 23.391215837375704
869.0 26.44076847733128 23.392304039738583
869.5 26.439865313204145 23.393400064245892
870.0 26.439004327036493 23.39448999719362
870.5 26.438125592012234 23.39559020362205
871.0 26.437170292529334 23.39668510765116
871.5 26.436362073970308 23.397765951795783
872.0 26.435494106088573 23.39886438603227
872.5 26.43458997630992 23.399964919114467
873.0 26.43373171241649 23.401058445210428
873.5 26.432923547288016 23.402139590818855
874.0 26.432018474047783 23.403249531475794
874.5 26.431173712691805 23.40433446701306
875.0 26.430296117500554 23.405428930013265
875.5 26.429498506492763 23.406523378970633
876.0 26.428643021303714 23.407612091960583
876.5 26.42778589119008 23.40871694146111
877.0 26.426982258617944 23.409792833234732
877.5 26.426130513495593 23.41089479305577
878.0 26.425335086037283 23.411992121349936
878.5 26.42453974454999 23.413089961809806
879.0 26.42372518889056 23.41416768610142
879.5 26.422937148233476 23.415275757668827
880.0 26.4221426965037 23.41637199334235
880.5 26.421399143377116 23.417469484345993
881.0 26.420612062249845 23.418563737339667
881.5 26.419838886974528 23.419656529422582
882.0 26.419113434666855 23.42075009192613
882.5 26.41836320482316 23.421851291578296
883.0 26.417665472392102 23.42294994586746
883.5 26.416903107095337 23.42403979755103
884.0 26.416233242602075 23.425140863817177
884.5 26.415490545415942 23.42623576899924
885.0 26.414841423571403 23.427323495430606
885.5 26.414138015639388 23.428449452806607
886.0 26.413530756773433 23.42953408142837
886.5 26.412843139762945 23.43062877702501
887.0 26.412270419109255 23.431750209730666
887.5 26.411565923478232 23.432843396531375
888.0 26.410954532337602 23.433954378652192
888.5 26.410337515501574 23.43505005640378
