FastTrWP/PhaseSpace/IAs/snIa_0.59_30.00_-1.16_-0.11.csv
# %ECSV 0.9
# ---
# datatype:
# - {name: time-rel, datatype: float64}
# - {name: g, datatype: float64}
# - {name: i, datatype: float64}
# schema: astropy-2.0
time-rel g i
[from data line 866]
612.3958333333334 23.385603312830845 22.391439494640476
612.8958333333334 23.38635320181548 22.390813662123907
613.3958333333334 23.387104222217566 22.39019469394156
613.8958333333334 23.387873204157273 22.389583777483754
614.3958333333334 23.388633896744395 22.388966845756535
614.8958333333334 23.389406322795416 22.38836061415836
615.3958333333334 23.390177162599333 22.38776148292093
615.8958333333334 23.390942477824783 22.38715897860247
616.3958333333334 23.39171875187128 22.386567135886498
616.8958333333334 23.39250352699935 22.385974010606486
617.3958333333334 23.39328296208822 22.385390398703507
617.8958333333334 23.394074389022062 22.384805755995906
618.3958333333334 23.394862397475514 22.384223836767617
618.8958333333334 23.395649477460026 22.38364516027078
619.3958333333334 23.396456992057505 22.383082584869996
619.8958333333334 23.397255796762693 22.382510700995883
620.3958333333334 23.39806181362401 22.381948675054595
620.8958333333334 23.39885958470432 22.38138769527422
621.3958333333334 23.3996695819407 22.380825873583582
621.8958333333334 23.40049237725644 22.38027793601374
622.3958333333334 23.401308791229045 22.37973504090824
622.8958333333334 23.402124598513293 22.37917620487954
623.3958333333334 23.402948215890298 22.37864231415204
623.8958333333334 23.403770421536578 22.378107840258004
624.3958333333334 23.40460246073811 22.377560613165844
624.8958333333334 23.405439441395593 22.377032801984512
625.3958333333334 23.406283259763466 22.37650197574014
625.8958333333334 23.40712173120911 22.37597301978937
626.3958333333334 23.407956751418084 22.375461663002746
626.8958333333334 23.408800328473696 22.374938220997095
627.3958333333334 23.409655811519823 22.374417131676744
627.8958333333334 23.4105173951202 22.37391061646308
628.3958333333334 23.41136914931453 22.373398171084666
628.8958333333334 23.412237138067592 22.37289446496616
629.3958333333334 23.413088840741278 22.372390512261187
629.8958333333334 23.413954055530297 22.37188813518798
630.3958333333334 23.414829055983635 22.371391957362814
630.8958333333334 23.415705447172183 22.37090508280804
631.3958333333334 23.41657236749594 22.370415860322836
631.8958333333334 23.417462483343982 22.36992886331731
632.3958333333334 23.41834570981319 22.369446675715963
632.8958333333334 23.419242950668032 22.36896773795415
633.3958333333334 23.42013079275375 22.36849548895613
633.8958333333334 23.421025568469727 22.368021230713175
634.3958333333334 23.421925845877446 22.367556561699224
634.8958333333334 23.422827027060862 22.36709207934279
635.3958333333334 23.423723700914163 22.36663271507298
635.8958333333334 23.424645070778386 22.36617845255899
636.3958333333334 23.42556104561264 22.365719295904768
636.8958333333334 23.426472562134578 22.36526646234627
637.3958333333334 23.427391997781868 22.364823692460348
637.8958333333334 23.428309904849186 22.364383400896216
638.3958333333334 23.429244603539907 22.36393981520554
638.8958333333334 23.43017271698573 22.363504231620283
639.3958333333334 23.4310971753943 22.36307261593883
639.8958333333334 23.432049067500536 22.36264089708402
640.3958333333334 23.43299057636465 22.362218810904075
640.8958333333334 23.43393587759636 22.36179233226872
641.3958333333334 23.434895059850515 22.36137299116793
641.8958333333334 23.435846403282504 22.360957873004104
642.3958333333334 23.43679683138236 22.360554035593722
642.8958333333334 23.437763967687154 22.36014305040392
643.3958333333334 23.43871396008041 22.359734660162335
643.8958333333334 23.43968486832641 22.359338845560202
644.3958333333334 23.440649631125382 22.358941659918425
644.8958333333334 23.441628578798543 22.35854968462291
645.3958333333334 23.442615804534327 22.35816021485878
645.8958333333334 23.443597213516778 22.357764082063202
646.3958333333334 23.444592621881476 22.357388998278562
646.8958333333334 23.44557684467205 22.357011810877783
647.3958333333334 23.44655939812054 22.356637392195534
647.8958333333334 23.44755486699397 22.356270552720034
648.3958333333334 23.448563268492695 22.355895820742195
648.8958333333334 23.44956385065283 22.35553374486576
649.3958333333334 23.450581402729437 22.355167792144016
649.8958333333334 23.451593337050674 22.354812506127008
650.3958333333334 23.45260841501887 22.354463735445854
650.8958333333334 23.45362328459174 22.354115819521407
651.3958333333334 23.454645747211195 22.353764647982977
651.8958333333334 23.455687888867924 22.35342870151001
652.3958333333334 23.45671866161732 22.35309178179744
652.8958333333334 23.45775179331227 22.35274954326841
653.3958333333334 23.458781170925374 22.352424136874
653.8958333333334 23.4598324092377 22.352094490527005
654.3958333333334 23.460875674631634 22.351766193018655
654.8958333333334 23.461925587525112 22.351451197905288
655.3958333333334 23.462988318749343 22.351137157070177
655.8958333333334 23.46403570165656 22.350818710584285
656.3958333333334 23.465109281570253 22.35051312592098
656.8958333333334 23.46617405437285 22.350212301753874
657.3958333333334 23.467247455695436 22.349914197130115
657.8958333333334 23.46831980395647 22.34961243288121
658.3958333333334 23.469397395609978 22.349321875519486
658.8958333333334 23.470481676093883 22.349033511389234
659.3958333333334 23.471563290166124 22.348752564713706
659.8958333333334 23.472664924503853 22.34846659724761
660.3958333333334 23.47376061931046 22.348193530871193
660.8958333333334 23.474859537421615 22.347921977426633
661.3958333333334 23.475970582797277 22.34764439557845
661.8958333333334 23.477071562375073 22.347392913398288
662.3958333333334 23.47819485629848 22.34712791086431
662.8958333333334 23.47932545763067 22.346869450963098
663.3958333333334 23.480441928414773 22.34662091706077
663.8958333333334 23.481576724168075 22.346376143833886
664.3958333333334 23.48271316191878 22.346133399679765
664.8958333333334 23.483847837515498 22.345888875994465
665.3958333333334 23.484984509118473 22.345654608417426
665.8958333333334 23.48615149748217 22.345424373910497
666.3958333333334 23.487288605597 22.345201826704976
666.8958333333334 23.488448772836804 22.34497811954561
667.3958333333334 23.489615338429864 22.344755228482093
667.8958333333334 23.490784964531034 22.344539602059545
668.3958333333334 23.491948071319392 22.3443253664529
668.8958333333334 23.493132405357443 22.34412144210108
669.3958333333334 23.494308601755627 22.343910767117173
669.8958333333334 23.495487698572997 22.34371334147503
670.3958333333334 23.496685324356555 22.343512032358216
670.8958333333334 23.49787814096657 22.34331618941614
671.3958333333334 23.499067715256338 22.34313364915204
671.8958333333334 23.50026608894677 22.342945082445556
672.3958333333334 23.50148471906346 22.34276503848313
672.8958333333334 23.50268532418401 22.342579679771227
673.3958333333334 23.50389299624014 22.34240414064984
673.8958333333334 23.50511664735413 22.342225867173283
674.3958333333334 23.506343649744522 22.342060761974096
674.8958333333334 23.507565790799397 22.341891005032707
675.3958333333334 23.50880546400902 22.341730014480127
675.8958333333334 23.510033000992316 22.341572273907527
676.3958333333334 23.51126837019958 22.341410285959896
676.8958333333334 23.512533260060522 22.3412657775077
677.3958333333334 23.51375991372361 22.34110635648817
677.8958333333334 23.515009480414616 22.340964785299224
678.3958333333334 23.516260095356433 22.340818610335948
678.8958333333334 23.517538338329448 22.340679736770003
679.3958333333334 23.51878891073175 22.34054264921604
679.8958333333334 23.52007828058877 22.340405103477114
680.3958333333334 23.52134058463673 22.340272728680542
680.8958333333334 23.52262474509415 22.340143536958514
681.3958333333334 23.523898906102385 22.340016053548425
681.8958333333334 23.525176694073448 22.33988657741037
682.3958333333334 23.526472230589146 22.339766590610928
682.8958333333334 23.52777657615072 22.339645980181515
683.3958333333334 23.529058785981448 22.339534284848888
683.8958333333334 23.53034633562291 22.339411807720786
684.3958333333334 23.531661847543262 22.339309563832654
684.8958333333334 23.532968141931725 22.339193434190907
685.3958333333334 23.534274401839962 22.339090788421757
685.8958333333334 23.53560464446221 22.338985189582882
686.3958333333334 23.53691469478882 22.33888939112646
686.8958333333334 23.53823877653841 22.3387840967072
687.3958333333334 23.539556841071303 22.338694324266836
687.8958333333334 23.540890443509312 22.338589634491935
688.3958333333334 23.542222630098376 22.338511187550388
688.8958333333334 23.543553288747855 22.33841965118947
689.3958333333334 23.54489239934734 22.338326995841513
689.8958333333334 23.546245724815698 22.338242318821955
690.3958333333334 23.54758719938284 22.338162678888477
690.8958333333334 23.54894110336717 22.338087274034095
691.3958333333334 23.550293020967707 22.33800323189001
691.8958333333334 23.551657698762227 22.337928972839332
692.3958333333334 23.553021364797708 22.337859440565538
692.8958333333334 23.55438738228338 22.337782298395098
693.3958333333334 23.555749001043978 22.33771365930678
693.8958333333334 23.55711854582921 22.337652250411
694.3958333333334 23.558495618871397 22.337575864196076
694.8958333333334 23.559869800393997 22.337514608033548
695.3958333333334 23.56125392306938 22.337449297446238
695.8958333333334 23.562650146576697 22.33738351526675
696.3958333333334 23.564026420782827 22.337332127784837
