FastTrWP/PhaseSpace/IAs/snIa_0.50_30.00_-2.54_0.01.csv
# %ECSV 0.9
# ---
# datatype:
# - {name: time-rel, datatype: float64}
# - {name: g, datatype: float64}
# - {name: i, datatype: float64}
# schema: astropy-2.0
time-rel g i
[from data line 1706]
1174.125 26.136024669391432 23.075562030900997
1174.625 26.13896208898034 23.076503407515546
1175.125 26.141942417391682 23.07745231620624
1175.625 26.144844737333308 23.078404031206748
1176.125 26.147804853990166 23.079338417893467
1176.625 26.150703249210192 23.080287718673652
1177.125 26.153661998502315 23.081236490789117
1177.625 26.156546642028502 23.08217495997498
1178.125 26.159439344890604 23.083135795205912
1178.625 26.162360354411625 23.084075924307463
1179.125 26.165236445271944 23.085033775856537
1179.625 26.168088128154338 23.08597922635505
1180.125 26.17102823426525 23.08693042938389
1180.625 26.173853569851822 23.087869771384455
1181.125 26.176738160352265 23.088827389625045
1181.625 26.17960100728572 23.089774423141996
1182.125 26.18243646386905 23.09071972530858
1182.625 26.185295392110955 23.091676413262732
1183.125 26.188104974728283 23.092628017262836
1183.625 26.19094169032015 23.093583887704654
1184.125 26.193756644059324 23.094547081327512
1184.625 26.196555660369892 23.095497047447324
1185.125 26.199358282699826 23.096448425254124
1185.625 26.20211914889694 23.097409123100725
1186.125 26.2049453881217 23.09836436090096
1186.625 26.207707848033426 23.099314073664825
1187.125 26.21046270894798 23.10029325709065
1187.625 26.213225795062147 23.101238655580897
1188.125 26.2159848921379 23.102202380817104
1188.625 26.218737003392853 23.103163737012533
1189.125 26.221438285821428 23.104124538034256
1189.625 26.2241945340308 23.105082099656666
1190.125 26.22687709146144 23.106041063095937
1190.625 26.229559882653657 23.107010596164113
1191.125 26.232283704408125 23.107973315205793
1191.625 26.234959004459636 23.108940948882648
1192.125 26.23759461294828 23.10991008896636
1192.625 26.240306958432637 23.11087466969877
1193.125 26.242916879090306 23.111847561366268
1193.625 26.245548184980972 23.112812121811412
1194.125 26.24820689516049 23.11378257179784
1194.625 26.250819878766443 23.114765692613467
1195.125 26.25342148564269 23.115727059459175
1195.625 26.256002182316177 23.11669685344104
1196.125 26.258563827452704 23.117668358221806
1196.625 26.26119648702152 23.118647582503158
1197.125 26.263740114652524 23.11962357662482
1197.625 26.26625418551679 23.120606824365314
1198.125 26.26880684596818 23.121580104568928
1198.625 26.271338812271097 23.122563777064254
1199.125 26.27382410268752 23.12353877032523
1199.625 26.276371280968544 23.124522145249635
1200.125 26.27887025934878 23.125504064568418
1200.625 26.281352659893255 23.12648471933327
1201.125 26.283806196517297 23.127470990959228
1201.625 26.28630085293959 23.1284574734591
1202.125 26.288732928565295 23.129441912218155
1202.625 26.29116553204898 23.130422531544358
1203.125 26.29358413040577 23.131408480832455
1203.625 26.29606776880706 23.132397442562407
1204.125 26.298478388425508 23.13338506632991
1204.625 26.300868360185735 23.134365333377872
1205.125 26.303265681685488 23.13536364326754
1205.625 26.305626276410315 23.136353158633206
1206.125 26.308027522709097 23.137337490684075
1206.625 26.31037223787839 23.138331289484103
1207.125 26.312741072323632 23.139320586929845
1207.625 26.315060952758017 23.140324232758825
1208.125 26.317345709979968 23.1413067573392
1208.625 26.31969195285208 23.142303770366134
1209.125 26.321954967614953 23.143299639554176
1209.625 26.324230602326967 23.144300319843275
1210.125 26.32651930872396 23.14529008631203
1210.625 26.328746117035756 23.146292724414135
1211.125 26.330991142008543 23.147302620520385
1211.625 26.333252493700186 23.14828830195903
1212.125 26.33545518613929 23.14928339722117
1212.625 26.337634456127745 23.150289520882144
1213.125 26.33985161712214 23.15128953497556
1213.625 26.341994759975357 23.152299498596847
1214.125 26.344161521446672 23.15329559109268
1214.625 26.34630630104635 23.15430869697576
1215.125 26.348466697543913 23.155309103755776
1215.625 26.350573044197084 23.156319650751044
1216.125 26.352656500444187 23.157325494427955
1216.625 26.354761972109088 23.15831498000298
1217.125 26.356810714615836 23.159333704666945
1217.625 26.35887994320585 23.16034139719557
1218.125 26.360904002023247 23.161357492268117
1218.625 26.36297577172432 23.16237110663264
1219.125 26.36495588030258 23.16337616297488
1219.625 26.366952171883664 23.164383311407292
1220.125 26.368953413637644 23.165401808270396
1220.625 26.37087354416584 23.1664173656176
1221.125 26.372853188995457 23.16742626495119
1221.625 26.374763816514562 23.168444913966702
1222.125 26.376691378821874 23.169455608448786
1222.625 26.3786132197298 23.17048298007787
1223.125 26.3804757805182 23.171495380237573
1223.625 26.382353623063857 23.172508644652652
1224.125 26.38419387592529 23.173536526092413
1224.625 26.385987850684344 23.17454955515672
1225.125 26.387805052076637 23.175582984417858
1225.625 26.389578279151916 23.17660637236788
1226.125 26.391375412364553 23.17762634504614
1226.625 26.393110465763847 23.178641875954483
1227.125 26.394851292873977 23.1796847129987
1227.625 26.39654178498478 23.18070205352313
1228.125 26.398285471219737 23.18172548766544
1228.625 26.399977858092754 23.182749296713045
1229.125 26.401659366329223 23.183790295492322
1229.625 26.403260358697153 23.184807349302577
1230.125 26.404886911804972 23.18585494048702
1230.625 26.40650274764109 23.18687224437484
1231.125 26.408061073916272 23.18790345011656
1231.625 26.409644992788873 23.188934858351253
1232.125 26.411152903393656 23.18997245304754
1232.625 26.412700995868956 23.19100890090018
1233.125 26.414215264237875 23.192038488199827
1233.625 26.415759822327875 23.19308168882013
1234.125 26.41719369414515 23.194124479425486
1234.625 26.418609059599405 23.195156158357317
1235.125 26.42007491999578 23.1961901796171
1235.625 26.42147873431766 23.197231169783848
1236.125 26.422858786150023 23.198271116562672
1236.625 26.424239382379163 23.199322947830257
1237.125 26.425596300786847 23.200365669194476
1237.625 26.426949437997514 23.201404812812072
1238.125 26.428291286870564 23.202452436604617
1238.625 26.429568346188887 23.203497618378044
1239.125 26.430830339560192 23.204530680155756
1239.625 26.432111178884675 23.20557579593271
1240.125 26.433342584210365 23.206629081068147
1240.625 26.43459619661009 23.207691529262647
1241.125 26.435751024829813 23.20873002914833
1241.625 26.436971404550896 23.209783022402767
1242.125 26.43817736334254 23.21083640333022
1242.625 26.43927091256195 23.211880995860593
1243.125 26.440454583611128 23.21293865475297
1243.625 26.441521120329522 23.214000280724008
1244.125 26.442670557477598 23.215052942791697
1244.625 26.44372505462865 23.21610729398096
1245.125 26.444810199800706 23.217162821122184
1245.625 26.44580834369944 23.218218950229478
1246.125 26.44680154209729 23.2192844189277
1246.625 26.447788687647545 23.22033661680027
1247.125 26.448783755418837 23.221396066508923
1247.625 26.449691276583348 23.222466993448712
1248.125 26.450639201228647 23.223524572159707
1248.625 26.451567920674087 23.224590798907418
1249.125 26.452469871221012 23.225654519648682
1249.625 26.453283531338585 23.22672229680089
1250.125 26.454165484330538 23.22779324326248
1250.625 26.454978358432225 23.228856588588627
1251.125 26.455743819237995 23.229925292624948
1251.625 26.4565422696654 23.230997763346494
1252.125 26.4573143080682 23.23206625776411
1252.625 26.458001890452223 23.233145268137896
1253.125 26.458719190769546 23.234207652988232
1253.625 26.45942737265839 23.23528091566057
1254.125 26.46006399279912 23.236350879682757
1254.625 26.460718602919222 23.23742469271962
1255.125 26.46133272892156 23.23850435144329
1255.625 26.461951014822912 23.23957678283414
1256.125 26.462520313738203 23.24065486292899
1256.625 26.463082158994084 23.241735444730626
1257.125 26.46359151281824 23.24281142102693
1257.625 26.46411747355895 23.243892356269885
1258.125 26.464555100598037 23.244972720048743
1258.625 26.465043045777122 23.24605880539195
1259.125 26.465488465343476 23.2471416882249
1259.625 26.465878153596464 23.24823030472668
1260.125 26.466276964697556 23.24931228177074
1260.625 26.466670848323 23.250396895002666
1261.125 26.46699024145733 23.25148516341673
1261.625 26.46732621899619 23.252579100221563
1262.125 26.46762254025092 23.25366170695483
1262.625 26.467885953192194 23.254746967954055
1263.125 26.468150130896774 23.25584265107469
1263.625 26.46833042582541 23.25693307026767
1264.125 26.468478025684625 23.25802497969432
1264.625 26.4687119191218 23.259121289161712
1265.125 26.4688725708994 23.260217286233342
1265.625 26.46897150851914 23.261303567608522
1266.125 26.4690535395711 23.262404998473116
1266.625 26.46915579057337 23.26350132518649
1267.125 26.469140440180006 23.264591136678877
1267.625 26.469209103709535 23.265706583711246
1268.125 26.469195889748498 23.266797079026375
1268.625 26.469141038055554 23.267894871586677
1269.125 26.469165720088867 23.268999994743208
1269.625 26.469023361121266 23.270097281777687
1270.125 26.468933693030856 23.27120106258876
1270.625 26.468784755218735 23.27229696493237
1271.125 26.468607896128393 23.273404631817407
1271.625 26.468328781529777 23.27451498096853
1272.125 26.46805257503223 23.275624552002757
1272.625 26.46773299461559 23.276732761435373
1273.125 26.4673560762934 23.27785466220473
1273.625 26.46696120046264 23.27895972490303
1274.125 26.4664937262862 23.28007369654868
1274.625 26.465973710379952 23.28118902630715
1275.125 26.46541724220627 23.28231150007236
1275.625 26.464887113957886 23.283426611392308
1276.125 26.464213477753287 23.28454849462069
1276.625 26.463624078819148 23.285666460832225
1277.125 26.462917633100382 23.286790031773098
1277.625 26.462237851581616 23.28791595327865
1278.125 26.461450223926445 23.289043455298643
1278.625 26.460709015562962 23.290169909701355
1279.125 26.45987829843934 23.291285074778322
1279.625 26.45904541396304 23.292423309267996
1280.125 26.458166174194528 23.293542555208546
1280.625 26.45731855787167 23.294685532163776
1281.125 26.456397139423164 23.295810455173743
1281.625 26.455462048831922 23.2969444357931
1282.125 26.45451747525755 23.298074489351954
1282.625 26.45350244107178 23.299206746778253
1283.125 26.45251247804631 23.300350431325768
1283.625 26.45143613782863 23.30148174602313
1284.125 26.45045626482169 23.302612519555378
1284.625 26.449332630242637 23.30376386576078
1285.125 26.448309990790015 23.30489325855284
1285.625 26.447241282636227 23.306047463390158
1286.125 26.446083454847326 23.307170675259044
1286.625 26.444984439850803 23.30831565594552
1287.125 26.443865491187086 23.309466493539546
1287.625 26.44269423297366 23.310613951665204
1288.125 26.441520263697797 23.311745173466676
1288.625 26.440374458704646 23.312888786748857
1289.125 26.439198397843043 23.314031037403588
1289.625 26.438011667270604 23.315185380196638
1290.125 26.436863207781272 23.31633685075945
1290.625 26.43566761979774 23.317481148909764
1291.125 26.434445753746346 23.318627640654654
1291.625 26.433248206197234 23.319767529262407
1292.125 26.432063198593198 23.32093219152477
1292.625 26.430870377331605 23.322063524178343
1293.125 26.429625502864784 23.323225133197127
1293.625 26.42843721990808 23.32437978677187
1294.125 26.4272697645102 23.325520834439395
1294.625 26.42608788899497 23.326681410441836
1295.125 26.424862283146908 23.327831033137265
1295.625 26.4236542868573 23.32898062062467
1296.125 26.422491173856773 23.330129457329374
1296.625 26.42133865313753 23.331286381925796
1297.125 26.42014074943141 23.332440913635374
1297.625 26.419002096110013 23.333601856228885
1298.125 26.417849443007952 23.33475287471222
1298.625 26.416689571402134 23.335907076512477
1299.125 26.41553217866923 23.337052207271952
1299.625 26.414443679812706 23.338212775686525
1300.125 26.413344900141837 23.33937189525763
1300.625 26.412268496820136 23.340527888970207
1301.125 26.41118484693603 23.341661035251104
1301.625 26.410114786070828 23.34283855254348
1302.125 26.409084255868173 23.343995565695145
1302.625 26.408060494382735 23.34513799133354
1303.125 26.407112019602476 23.34630631142961
1303.625 26.406105134822987 23.347455658486812
1304.125 26.40511377465129 23.348609653191975
1304.625 26.404172601047136 23.349770566522338
1305.125 26.403286434537737 23.350917663421313
1305.625 26.40236351962527 23.35207624268131
1306.125 26.401545824256992 23.353233758860753
1306.625 26.40059697071389 23.35439778323667
1307.125 26.399772265964025 23.355544598838677
1307.625 26.39888746732681 23.356703836374137
1308.125 26.397995433635607 23.35786381734202
1308.625 26.397033031139863 23.35901687433082
1309.125 26.396085350040646 23.360185515630064
1309.625 26.3951496760862 23.361343864037277
1310.125 26.394187566112283 23.362497771419953
1310.625 26.393224650474913 23.363669775966216
1311.125 26.392272627048396 23.364833995574305
1311.625 26.391294871937202 23.365982037926273
1312.125 26.39030935691931 23.367162267756072
1312.625 26.389311078252135 23.368325389311178
1313.125 26.388328316358923 23.36948827684123
1313.625 26.38728164450386 23.370671764581292
1314.125 26.386303414177522 23.37183177787694
1314.625 26.385275396416134 23.372998806853783
1315.125 26.38429090071485 23.374160481821917
1315.625 26.38329087899535 23.375336280763534
1316.125 26.382276680981384 23.376502592929974
1316.625 26.381197687473993 23.37768431923465
1317.125 26.380250663625112 23.378835803191272
1317.625 26.379223399890765 23.38002516132246
1318.125 26.378174244407777 23.38118490288139
1318.625 26.37717985743494 23.382363239551573
1319.125 26.37623721509808 23.38353406456652
1319.625 26.37525078058832 23.384711548493428
1320.125 26.37421208597186 23.385875542751506
1320.625 26.373211011378046 23.387058113935424
1321.125 26.372249070702583 23.388226081069888
1321.625 26.371268495288756 23.38940488295201
1322.125 26.370249609454763 23.39057841620336
1322.625 26.36933603005927 23.3917579321974
1323.125 26.368356075036044 23.392935191410405
1323.625 26.367440224353228 23.394105861682153
1324.125 26.366480063660852 23.39527658638891
1324.625 26.365530704424174 23.396452178527646
1325.125 26.36460100584138 23.397631425600007
1325.625 26.36372996073718 23.398812774188738
1326.125 26.36280428679745 23.399991499423393
1326.625 26.361942576126097 23.401169946156074
1327.125 26.36109019302406 23.40233937779375
1327.625 26.36023201007131 23.40352928793843
1328.125 26.35937906796965 23.40469119957619
1328.625 26.358558548724936 23.405880338450764
1329.125 26.35775069973179 23.407053727252404
1329.625 26.356949118416097 23.408231755793803
1330.125 26.35617153871783 23.40939659293349
1330.625 26.35544530510145 23.410579581212424
1331.125 26.354677397865146 23.411748279561017
1331.625 26.353975630665506 23.412923324626036
1332.125 26.353289580781567 23.414102540726354
1332.625 26.35257525294117 23.41528870657182
1333.125 26.351882036837225 23.41646676752621
1333.625 26.351273925512192 23.41764620537669
1334.125 26.3506435214719 23.41882268350872
1334.625 26.350054985059135 23.41998267218036
1335.125 26.349499558858742 23.421170174191758
1335.625 26.348962570153084 23.422338605997908
1336.125 26.348442452664955 23.423515658212875
1336.625 26.34793911279637 23.424686088469876
1337.125 26.347456224983958 23.425857611596953
1337.625 26.34700381149857 23.42702736948956
1338.125 26.34659047334074 23.428202828407365
1338.625 26.346188554469702 23.429372614624562
1339.125 26.345799905967326 23.430537804806416
1339.625 26.345467534583605 23.431705883682184
1340.125 26.345156644804465 23.43287440430197
1340.625 26.34486852194857 23.434049615978395
1341.125 26.344633613634922 23.43521773360903
1341.625 26.34445406399564 23.436390455338717
1342.125 26.344277543461907 23.43755494315129
1342.625 26.344098467744892 23.43872148231412
1343.125 26.34394932769622 23.43989163296257
1343.625 26.3438434009206 23.44104996512032
1344.125 26.34370561714741 23.442229850063974
1344.625 26.343587041811958 23.44339068476851
1345.125 26.343474968227998 23.4445590740942
1345.625 26.343435084492143 23.44572806523471
1346.125 26.343407278651412 23.446885174581972
