FastTrWP/PhaseSpace/IAs/snIa_0.59_30.00_-1.16_-0.11.csv
# %ECSV 0.9
# ---
# datatype:
# - {name: time-rel, datatype: float64}
# - {name: g, datatype: float64}
# - {name: i, datatype: float64}
# schema: astropy-2.0
time-rel g i
[from data line 2019]
1188.8958333333333 25.840844140471006 22.974244429955085
1189.3958333333333 25.84648223006043 22.975449826688973
1189.8958333333333 25.85202670523597 22.976661607134865
1190.3958333333333 25.85754859642784 22.9778836922792
1190.8958333333333 25.863029296077833 22.9790846147909
1191.3958333333333 25.86848918442055 22.980296701911648
1191.8958333333333 25.873916656993764 22.98151186917041
1192.3958333333333 25.879315284367767 22.98273134319141
1192.8958333333333 25.884682169757017 22.98394083666262
1193.3958333333333 25.890036534797428 22.985149998633688
1193.8958333333333 25.895411492935203 22.9863674576401
1194.3958333333333 25.900817817698695 22.987586243130202
1194.8958333333333 25.90621289692319 22.988803724870618
1195.3958333333333 25.91160664812672 22.990032970293836
1195.8958333333333 25.917007039758914 22.991246727969706
1196.3958333333333 25.92245728437533 22.992474994140245
1196.8958333333333 25.927835920286544 22.99369174485316
1197.3958333333333 25.933242584565953 22.99491693220594
1197.8958333333333 25.938633533627566 22.996142431878525
1198.3958333333333 25.944091727254573 22.99736943554136
1198.8958333333333 25.949509975894927 22.998590441551748
1199.3958333333333 25.95490484460654 22.999822790028546
1199.8958333333333 25.96030919258833 23.001054230487846
1200.3958333333333 25.965742346620594 23.002283942750662
1200.8958333333333 25.971173030081953 23.00351517347151
1201.3958333333333 25.976541953262277 23.00475323295965
1201.8958333333333 25.981946413968828 23.005979335946254
1202.3958333333333 25.98739362240229 23.00722045267243
1202.8958333333333 25.992777194961683 23.008453294698626
1203.3958333333333 25.998183549583803 23.00968340074773
1203.8958333333333 26.003558866120528 23.010926746873803
1204.3958333333333 26.00895454736369 23.01217078660769
1204.8958333333333 26.01431072729811 23.01340411534222
1205.3958333333333 26.019739927787022 23.01464847831939
1205.8958333333333 26.025086990473906 23.01589309395125
1206.3958333333333 26.03049173592488 23.017137572519122
1206.8958333333333 26.035825223345668 23.01837618392541
1207.3958333333333 26.041124552617095 23.019625237948485
1207.8958333333333 26.046460427307355 23.020875510020737
1208.3958333333333 26.05179076401669 23.022119377310833
1208.8958333333333 26.057072997817766 23.023368871329133
1209.3958333333333 26.06239066452023 23.02461977564919
1209.8958333333333 26.067701871855682 23.025867786651403
1210.3958333333333 26.072987925155577 23.027115629385083
1210.8958333333333 26.078218172022908 23.0283779810646
1211.3958333333333 26.0834747851862 23.02962816835102
1211.8958333333333 26.088659173291408 23.03087671365876
1212.3958333333333 26.09382960414614 23.032133660363638
1212.8958333333333 26.099024772393523 23.033387460977686
1213.3958333333333 26.10422064606974 23.034655777344582
1213.8958333333333 26.109380763826636 23.03591261687052
1214.3958333333333 26.11451627598509 23.037166986475107
1214.8958333333333 26.119575929152838 23.03842302219443
1215.3958333333333 26.124678682872432 23.03968761162604
1215.8958333333333 26.129739519958513 23.040958278585943
1216.3958333333333 26.134801340436557 23.042221000756648
1216.8958333333333 26.1398022055456 23.04348195280094
1217.3958333333333 26.144782808022754 23.044746783210115
1217.8958333333333 26.149701504438934 23.046011747876403
1218.3958333333333 26.154645838359436 23.047278358592518
1218.8958333333333 26.159562097245246 23.04855349290179
1219.3958333333333 26.16445045029041 23.049816065880368
1219.8958333333333 26.1692403124318 23.051087635561736
1220.3958333333333 26.174047650194005 23.052367344461878
1220.8958333333333 26.178834784491688 23.053629856471062
1221.3958333333333 26.18360598086181 23.05490034682834
1221.8958333333333 26.1882735464869 23.05618308501725
1222.3958333333333 26.192934033507036 23.05745295678758
1222.8958333333333 26.197574696922928 23.058735349074638
1223.3958333333333 26.20219323655247 23.06000556364193
1223.8958333333333 26.2067429699503 23.061286779232802
1224.3958333333333 26.21126751064352 23.06257102389526
1224.8958333333333 26.215717071153712 23.063848876783503
1225.3958333333333 26.22014049888007 23.065123171692274
1225.8958333333333 26.22452650074784 23.066409226171768
1226.3958333333333 26.228918627216466 23.067698845647463
1226.8958333333333 26.23319734536019 23.068971543697746
1227.3958333333333 26.237442365734225 23.070255996048115
1227.8958333333333 26.241646160236385 23.071544538657065
1228.3958333333333 26.245767746579546 23.072832053386122
1228.8958333333333 26.249843552959845 23.074107058095073
1229.3958333333333 26.253910447829043 23.075406189385394
1229.8958333333333 26.257938904787625 23.07669329191392
1230.3958333333333 26.261865701284695 23.077989112900568
1230.8958333333333 26.2657829162376 23.079276466966355
1231.3958333333333 26.26959914177732 23.080570784675828
1231.8958333333333 26.273434978783943 23.081864795956637
1232.3958333333333 26.277222673663772 23.083159541938425
1232.8958333333333 26.280940407351423 23.08444544577378
1233.3958333333333 26.28463649795638 23.085746654816045
1233.8958333333333 26.288292556270857 23.08704933146929
1234.3958333333333 26.291968890397932 23.088343955976885
1234.8958333333333 26.29547416204545 23.089641750575364
1235.3958333333333 26.299044952558983 23.09094007649728
1235.8958333333333 26.30257811586901 23.092241242290868
1236.3958333333333 26.30600871905667 23.09354732415899
1236.8958333333333 26.309437692511022 23.0948495977959
1237.3958333333333 26.312733715449127 23.096157234059746
1237.8958333333333 26.316038901664633 23.097447973003966
1238.3958333333333 26.319321789904176 23.098774141759005
1238.8958333333333 26.322526327138508 23.100070066267577
1239.3958333333333 26.32571373532481 23.101381057782095
1239.8958333333333 26.328820841224246 23.102690673187126
1240.3958333333333 26.331901823597384 23.10400270504846
1240.8958333333333 26.334914791380854 23.105314942094207
1241.3958333333333 26.337885818590742 23.106615945602048
1241.8958333333333 26.340772039611608 23.107943600374
1242.3958333333333 26.343665450483527 23.109254978686394
1242.8958333333333 26.346495073308695 23.11056611883364
1243.3958333333333 26.349284061430154 23.111886698974274
1243.8958333333333 26.351957531974087 23.11320574330812
1244.3958333333333 26.354636424553497 23.11451204287811
1244.8958333333333 26.35722196792384 23.115844829859494
1245.3958333333333 26.35977080793903 23.117171788727397
1245.8958333333333 26.362237223088854 23.11848685377995
1246.3958333333333 26.364700872615497 23.119820506731156
1246.8958333333333 26.367078045018665 23.121134149034525
1247.3958333333333 26.36943365672337 23.122464323189714
1247.8958333333333 26.37166588409179 23.123787091394675
1248.3958333333333 26.373860026492824 23.125124399295775
1248.8958333333333 26.376002378489805 23.126450961438554
1249.3958333333333 26.37806173656882 23.127785475783405
1249.8958333333333 26.38010463375872 23.1291014744118
1250.3958333333333 26.382079561963742 23.13043249245565
1250.8958333333333 26.383922530796816 23.131773753355752
1251.3958333333333 26.385748237426014 23.133112126973817
1251.8958333333333 26.3875180990407 23.13443890641082
1252.3958333333333 26.38921640202603 23.135779103265275
1252.8958333333333 26.390882908923217 23.137114817625253
1253.3958333333333 26.392446465102836 23.1384496618497
1253.8958333333333 26.393923062855038 23.139785950554376
1254.3958333333333 26.395422796722976 23.1411215559806
1254.8958333333333 26.39676836496257 23.14247459844377
1255.3958333333333 26.398097701415825 23.143820771480282
1255.8958333333333 26.399373738977474 23.145159775092246
1256.3958333333333 26.40049726398725 23.146508211925003
1256.8958333333333 26.401646163742264 23.14785006166025
1257.3958333333333 26.402670689877606 23.149211279943618
1257.8958333333333 26.403673421541285 23.150547746080655
1258.3958333333333 26.404533056100913 23.151898618835446
1258.8958333333333 26.405392096720334 23.153244933936943
1259.3958333333333 26.406155038493733 23.154605443730908
1259.8958333333333 26.406817017255314 23.155962790369816
1260.3958333333333 26.40749003777303 23.157305367435775
1260.8958333333333 26.40801801335202 23.158663376965237
1261.3958333333333 26.408470026710912 23.16002553611525
1261.8958333333333 26.408873177254456 23.161377119072686
1262.3958333333333 26.40925686355523 23.162730078956404
1262.8958333333333 26.409457306869758 23.164097643330905
1263.3958333333333 26.409668668329775 23.165456161919657
1263.8958333333333 26.409836464444073 23.166821668596196
1264.3958333333333 26.40982277137934 23.16818321495849
1264.8958333333333 26.40987306305118 23.169552796282606
1265.3958333333333 26.409737097681703 23.17091403786868
1265.8958333333333 26.409524259423026 23.17227613745341
1266.3958333333333 26.409316916694877 23.173650176040667
1266.8958333333333 26.408991346286555 23.175009446430728
1267.3958333333333 26.40855809665552 23.176388321097892
1267.8958333333333 26.408103423439975 23.177743286557092
1268.3958333333333 26.40755211651445 23.179125320753634
1268.8958333333333 26.406947479012857 23.180495260849124
1269.3958333333333 26.40626542802775 23.181868000894017
1269.8958333333333 26.405489912813756 23.1832444010712
1270.3958333333333 26.40470157117894 23.184628724871384
1270.8958333333333 26.40386327979148 23.18600518323114
1271.3958333333333 26.40294090515443 23.18738817597395
1271.8958333333333 26.401867878281674 23.188767547796623
1272.3958333333333 26.400854649974953 23.19015543653691
1272.8958333333333 26.39972113778441 23.191523963558097
1273.3958333333333 26.398525705565472 23.19291487155305
1273.8958333333333 26.39723033174899 23.19430417545975
1274.3958333333333 26.3959697427046 23.195681681027832
1274.8958333333333 26.394543188942805 23.197072098240184
1275.3958333333333 26.39305215335028 23.19846423742177
1275.8958333333333 26.391578573389907 23.199858050127297
1276.3958333333333 26.38998133456726 23.201245982001094
1276.8958333333333 26.388354067681263 23.202633860154087
1277.3958333333333 26.386695740249394 23.204030324516268
1277.8958333333333 26.384889685527746 23.205433784107278
1278.3958333333333 26.383078266059478 23.206821896496244
1278.8958333333333 26.381149256836444 23.208223838971684
1279.3958333333333 26.379198476556247 23.20961552884748
1279.8958333333333 26.377149261548265 23.211027418074003
1280.3958333333333 26.375056214322 23.212415994740702
1280.8958333333333 26.37293696421842 23.213828524567642
1281.3958333333333 26.370728859483027 23.215239205887496
1281.8958333333333 26.36845967329007 23.216637847087497
1282.3958333333333 26.366122362452245 23.21803626568157
1282.8958333333333 26.36369943883306 23.219446050477536
1283.3958333333333 26.361223394509864 23.220847572366253
1283.8958333333333 26.358715144618525 23.222266115012467
1284.3958333333333 26.356149056166664 23.223679761794376
1284.8958333333333 26.35348349195027 23.225095459982988
1285.3958333333333 26.35081713652678 23.226514851876022
1285.8958333333333 26.348036049270117 23.22792004485315
1286.3958333333333 26.345191052179636 23.229343093106113
1286.8958333333333 26.342362795819287 23.23076195643587
1287.3958333333333 26.33937066277467 23.232172737147625
1287.8958333333333 26.336378540561178 23.233598075123368
1288.3958333333333 26.33328050097989 23.23501638491077
1288.8958333333333 26.330160263198902 23.236440725619666
1289.3958333333333 26.326985690531796 23.237857527691446
1289.8958333333333 26.32374797877437 23.239289012177174
1290.3958333333333 26.32045315567272 23.24071680613241
1290.8958333333333 26.317120091081257 23.242144944257802
1291.3958333333333 26.313650470904285 23.243565409025926
1291.8958333333333 26.31022400785508 23.24499105243367
1292.3958333333333 26.306662394222332 23.24642197220411
1292.8958333333333 26.30313635222434 23.24785110699593
1293.3958333333333 26.29949460339442 23.249291105386988
1293.8958333333333 26.295777213373018 23.25072297787685
1294.3958333333333 26.292004515252746 23.252157818393844
1294.8958333333333 26.288219454808086 23.25359615430475
1295.3958333333333 26.284358233433608 23.255028116252813
1295.8958333333333 26.280497197422243 23.256466787614873
1296.3958333333333 26.27648951962382 23.257917186935014
1296.8958333333333 26.27247140021639 23.259349232678346
1297.3958333333333 26.268386635309273 23.26079387019224
1297.8958333333333 26.264267751005438 23.262239528264146
1298.3958333333333 26.260121993613552 23.263677320435974
1298.8958333333333 26.255884064837936 23.265124368734288
1299.3958333333333 26.25166044045642 23.26657980287759
1299.8958333333333 26.24731412127862 23.268026528491905
1300.3958333333333 26.24296777101689 23.269469268400176
1300.8958333333333 26.238528737628357 23.27092014993163
1301.3958333333333 26.234080304543053 23.27237380940247
1301.8958333333333 26.229518785572992 23.273819981642554
1302.3958333333333 26.225001920497334 23.275281828577743
1302.8958333333333 26.22037644642708 23.27673485765372
1303.3958333333333 26.215733908420265 23.27819593477848
1303.8958333333333 26.211013936734744 23.279646802734884
1304.3958333333333 26.20629717575504 23.28111009735698
1304.8958333333333 26.20148729119173 23.282563810317388
1305.3958333333333 26.196670686929508 23.28402298139206
1305.8958333333333 26.191781828928015 23.285476362441045
1306.3958333333333 26.18683598417558 23.286945631185752
1306.8958333333333 26.181872244683024 23.288421595880862
1307.3958333333333 26.17680733467363 23.2898811598809
1307.8958333333333 26.171618984442496 23.29134116638329
1308.3958333333333 26.166330697215198 23.292824401457416
1308.8958333333333 26.160993318105486 23.294295864859514
1309.3958333333333 26.15549211622398 23.295765742699274
1309.8958333333333 26.14995833482514 23.297233055484426
1310.3958333333333 26.144324703152503 23.2987176186325
1310.8958333333333 26.13862108720461 23.300195316549022
1311.3958333333333 26.13285360068456 23.30166967895021
1311.8958333333333 26.127029905919777 23.303155208197914
1312.3958333333333 26.121147544340637 23.304648139759102
1312.8958333333333 26.115156913099042 23.306130589838197
1313.3958333333333 26.109128360006256 23.307619973939495
1313.8958333333333 26.1030443894526 23.30911165218494
1314.3958333333333 26.096908965717915 23.310601015489
1314.8958333333333 26.09077055926162 23.31208346750159
1315.3958333333333 26.084531366356632 23.31357960703539
1315.8958333333333 26.078239269541164 23.315078238295154
1316.3958333333333 26.07194570920155 23.31656572502242
1316.8958333333333 26.065644027027247 23.31808276619224
1317.3958333333333 26.05927331936288 23.319567246578785
1317.8958333333333 26.05289229678644 23.32108525284706
1318.3958333333333 26.046486133736195 23.32258300958444
1318.8958333333333 26.04009955024334 23.32408879579622
1319.3958333333333 26.0336169987836 23.325588771226194
1319.8958333333333 26.027166689980575 23.327102677031526
1320.3958333333333 26.02071378722181 23.328614926158984
1320.8958333333333 26.014251187193302 23.33010958502902
1321.3958333333333 26.007761946135197 23.3316277220999
1321.8958333333333 26.00129063766004 23.333144987556235
1322.3958333333333 25.994795419235803 23.334642661757723
1322.8958333333333 25.988330712934065 23.336162747097738
1323.3958333333333 25.981876759803768 23.33768705373714
1323.8958333333333 25.975386062126134 23.339198532231208
1324.3958333333333 25.968933138241805 23.340710499123368
1324.8958333333333 25.962447046638314 23.34223359579417
1325.3958333333333 25.95606312820349 23.34375154009965
1325.8958333333333 25.949621088401372 23.345273110215654
1326.3958333333333 25.94322550037618 23.34679834479384
1326.8958333333333 25.936838794356795 23.348316120076255
1327.3958333333333 25.930489887844367 23.34983545954699
1327.8958333333333 25.9241405798723 23.351363156468352
1328.3958333333333 25.917837990721623 23.35288757866436
1328.8958333333333 25.911561793214076 23.354417519882634
1329.3958333333333 25.90530432427024 23.355939831435528
1329.8958333333333 25.899108001344473 23.357468784460945
1330.3958333333333 25.892921628151125 23.3589985412466
