FastTrWP/PhaseSpace/IAs/snIa_0.50_30.00_2.61_0.14.csv
# %ECSV 0.9
# ---
# datatype:
# - {name: time-rel, datatype: float64}
# - {name: g, datatype: float64}
# - {name: i, datatype: float64}
# schema: astropy-2.0
time-rel g i
[from data line 363]
-241.5 24.16494463965484 22.919228969600812
-241.0 24.161816818974113 22.916850309550753
-240.5 24.158708300521447 22.914479867893508
-240.0 24.155606190509616 22.912132911398505
-239.5 24.152510296294896 22.90978545848695
-239.0 24.149430583262014 22.90744659883304
-238.5 24.146367833493223 22.905104862532216
-238.0 24.143278648825145 22.902775922658655
-237.5 24.1402529853293 22.900457251883207
-237.0 24.13719214853732 22.89815110420594
-236.5 24.134191375503676 22.895844915147702
-236.0 24.131166524849608 22.893551096426048
-235.5 24.128162632725303 22.89126445005557
-235.0 24.12516099873806 22.888989979597962
-234.5 24.12217093722503 22.88670972254467
-234.0 24.1192071959768 22.884445237806204
-233.5 24.11623869620035 22.882194231878476
-233.0 24.11326655074577 22.87993849434749
-232.5 24.11033317667483 22.877700423195485
-232.0 24.107404216938463 22.87546770766605
-231.5 24.104481884904633 22.87324707877948
-231.0 24.101558931455983 22.87102228610259
-230.5 24.098655127385825 22.868811859007746
-230.0 24.095738540466158 22.86661156445584
-229.5 24.092855255693873 22.86440604225814
-229.0 24.089986625968393 22.862210287870703
-228.5 24.08711170783318 22.860030905515046
-228.0 24.08425746990627 22.857853020389683
-227.5 24.081409717340666 22.855686819418253
-227.0 24.078572704391643 22.853521369136203
-226.5 24.07573498074436 22.851368416554784
-226.0 24.072909459024785 22.849211995377253
-225.5 24.070092937603267 22.847070742635736
-225.0 24.067297491539378 22.844933431169075
-224.5 24.064489907707227 22.842798125689864
-224.0 24.06169250250043 22.84068129821292
-223.5 24.058917685902106 22.83856165792722
-223.0 24.056148083752543 22.8364466309219
-222.5 24.053366427887994 22.83435182243108
-222.0 24.050637701897482 22.83223699486129
-221.5 24.04786497228912 22.830154013616536
-221.0 24.04514067213428 22.828064804363414
-220.5 24.04239859175966 22.82598448518683
-220.0 24.039683095690954 22.823911244472765
-219.5 24.036960139909212 22.821858615980112
-219.0 24.034247434781303 22.819781366245913
-218.5 24.031554314503666 22.81772754818215
-218.0 24.028857344941716 22.815680717686373
-217.5 24.026175033721458 22.813631132245803
-217.0 24.023495777647938 22.811594117813385
-216.5 24.020832592509738 22.809562165332803
-216.0 24.018172001968004 22.807540385701486
-215.5 24.015499615914543 22.805511707781076
-215.0 24.01285909203031 22.80350226563456
-214.5 24.010203214449938 22.80149577146309
-214.0 24.007575810443377 22.79949142364503
-213.5 24.004966636241537 22.797480053224373
-213.0 24.00234565944625 22.795498404624027
-212.5 23.999719029670313 22.793499904922307
-212.0 23.99712137642919 22.79152311324577
-211.5 23.994523880294892 22.789546398514204
-211.0 23.991919345265863 22.787563396667736
-210.5 23.989334721129644 22.78560132588327
-210.0 23.986757656002865 22.78363388481724
-209.5 23.98419903994656 22.78168053584502
-209.0 23.981625759637982 22.779723012910797
-208.5 23.979061472802496 22.777777320779172
-208.0 23.976510984403024 22.77583190186335
-207.5 23.973962098622266 22.773900630130637
-207.0 23.97141899445583 22.77196848305426
-206.5 23.968878440229105 22.770038140234313
-206.0 23.9663684215026 22.768114351011796
-205.5 23.963829693704604 22.76619387562997
-205.0 23.96131961059385 22.76428000690383
-204.5 23.958798570364674 22.762373512869733
-204.0 23.956312983317602 22.760473638461065
-203.5 23.95381479998477 22.75857435879965
-203.0 23.951312900821588 22.756675963950066
-202.5 23.948823027944748 22.754790617623723
-202.0 23.946354231699026 22.75290509797683
-201.5 23.94388410848473 22.75102687359663
-201.0 23.941412319387048 22.749161158478394
-200.5 23.938952589492857 22.747281931336207
-200.0 23.93650881814255 22.745408615173236
-199.5 23.934048735497953 22.743558861196142
-199.0 23.93161802301911 22.74170148412153
-198.5 23.929189988403657 22.739862759874832
-198.0 23.926751973846883 22.738019040494024
-197.5 23.924325656247163 22.736171579080576
-197.0 23.92192802271889 22.73434577769425
-196.5 23.919515917204567 22.732516110841306
-196.0 23.917118014262545 22.730688306599752
-195.5 23.914723564141 22.728867262244847
-195.0 23.912335865695994 22.727056233049616
-194.5 23.90995157594987 22.72525006305142
-194.0 23.90757743574978 22.723447920169903
-193.5 23.90519896816052 22.721641625956288
-193.0 23.902824041607037 22.719852729081246
-192.5 23.900467827555754 22.718054763291903
-192.0 23.89812781565018 22.71627073620391
-191.5 23.89576418549103 22.714490365840547
-191.0 23.893425558388476 22.712714690357025
-190.5 23.89109228091995 22.710943022723235
-190.0 23.888756634253486 22.709182306798688
-189.5 23.886433846141465 22.707415817902245
-189.0 23.88410822043629 22.705655664169853
-188.5 23.88180860999027 22.703899552205996
-188.0 23.879492812364592 22.702153026520104
-187.5 23.877193014086743 22.700405989349104
-187.0 23.874893064883217 22.698665780672197
-186.5 23.872606382690968 22.696931759141453
-186.0 23.87032316118789 22.69520028752381
-185.5 23.868028615654655 22.693475451809213
-185.0 23.865754226768615 22.691752104234077
-184.5 23.863478875494447 22.690037593132594
-184.0 23.86121689939071 22.688314326570634
-183.5 23.858959496117528 22.686606808840985
-183.0 23.856721796956855 22.68490154354791
-182.5 23.85445480068963 22.683190997617334
-182.0 23.852204703862206 22.68150716966481
-181.5 23.849971123419834 22.679799269771426
-181.0 23.847731809108446 22.67811261381112
-180.5 23.845504416265243 22.676431649877745
-180.0 23.843289113533462 22.67474400841668
-179.5 23.84105371375556 22.673063404739437
-179.0 23.838839531240744 22.671393996037054
-178.50000000000006 23.836636761197468 22.669718991742442
-178.0 23.834431633409757 22.668057589868912
-177.5 23.832229581393065 22.66638854237287
-177.00000000000006 23.830045609111814 22.664737668179274
-176.5 23.82784027836587 22.663079208023127
-176.0 23.825649830593605 22.661427630530383
-175.50000000000006 23.823492952344946 22.659784416094816
-175.0 23.821295705884395 22.658139771172227
-174.5 23.819136409620327 22.656502082325588
-174.00000000000006 23.816976502301337 22.65486150302868
-173.5 23.814795091358803 22.6532309683564
-173.0 23.812647327516704 22.651608095278316
-172.50000000000006 23.810497707721105 22.64998092379578
-172.0 23.80834726665196 22.648366991877648
-171.5 23.806208834165457 22.646744816274207
-171.00000000000006 23.804057489956524 22.645137466947563
-170.5 23.801925198382172 22.643525335676475
-170.0 23.799803976057525 22.641920442927756
-169.50000000000006 23.797672851149724 22.640315928445297
-169.0 23.79553944142333 22.638721120043243
-168.5 23.79343724842755 22.63711697510566
-168.00000000000006 23.791319412882757 22.63553071778453
-167.5 23.78921257291808 22.63393913550647
-167.0 23.787109343431688 22.632352959710033
-166.50000000000006 23.785001191676272 22.630771484290115
-166.0 23.782891314917944 22.62918904598783
-165.5 23.780786317838803 22.6276095306013
-165.00000000000006 23.778691726831003 22.626035090678414
-164.5 23.77658532577088 22.624467101677823
-164.0 23.77448431787967 22.622884019777914
-163.50000000000006 23.772383511420717 22.621324894784287
-163.0 23.770282531103796 22.619755578232287
-162.5 23.768182751801156 22.618202461412334
-162.00000000000006 23.766105035468378 22.616634887712586
-161.5 23.76400075341312 22.615078816573067
-161.0 23.761915269598926 22.613525460602425
-160.50000000000006 23.759834052819258 22.61197854432418
-160.0 23.757741711559923 22.610419244205325
-159.5 23.75567062750005 22.608880242303947
-159.00000000000006 23.753585566746928 22.607335581148007
-158.5 23.75150214278511 22.605798442488172
-158.0 23.749442984697477 22.60426022496723
-157.50000000000006 23.747382976790824 22.602728566663405
-157.0 23.745310128880416 22.601192496229928
-156.5 23.743258982436373 22.599668484236034
-156.00000000000006 23.741196323275368 22.59815086012072
-155.5 23.73913987671836 22.59662784568839
-155.0 23.737109821532133 22.595110255513493
-154.50000000000006 23.735052572972094 22.593607502866426
-154.0 23.733012292319806 22.59209985482588
-153.5 23.73097983575958 22.590588727947587
-153.00000000000006 23.728936530841274 22.589087981531314
-152.5 23.7269216585186 22.587585244925336
-152.0 23.724908931153745 22.58609556237499
-151.50000000000006 23.722890614908092 22.584600544286843
-151.0 23.7208785105162 22.583109431264976
-150.5 23.718888732932953 22.581630863661747
-150.00000000000006 23.716889469338625 22.58014279061143
-149.5 23.714889880086396 22.578675234578995
-149.0 23.712902786207138 22.577199661101595
-148.50000000000006 23.710924991087367 22.575741983842423
-148.0 23.70895327095848 22.574270611096637
-147.5 23.70697589112098 22.572819151169945
-147.00000000000006 23.705021458939935 22.571357792796093
-146.5 23.703064149998955 22.569908953160933
-146.0 23.701121935568324 22.56846157910531
-145.50000000000006 23.69917476183909 22.567018227250575
-145.0 23.697250402269766 22.56557620638022
-144.5 23.695318422709207 22.564139103533776
-144.00000000000006 23.69340064720058 22.562711716913523
-143.5 23.691482903676416 22.561285772162098
-143.0 23.689582012176103 22.559856068630978
-142.50000000000006 23.68768749044083 22.558447803169138
-142.0 23.685799863533248 22.55703627620081
-141.5 23.683918224492974 22.555623157309952
-141.00000000000006 23.68204315062829 22.55422165418562
-140.5 23.6801841958453 22.55282305095838
-140.0 23.67831857091013 22.551425094569773
-139.50000000000006 23.676489154018743 22.550035767982905
-139.0 23.674635091424882 22.548654248090102
-138.5 23.672810146326345 22.54727020017125
-138.00000000000006 23.67098937578276 22.54589455039965
-137.5 23.669176278673678 22.544522555320313
-137.0 23.66735422112295 22.54315528366414
-136.50000000000006 23.665559211094145 22.54179734622717
-136.0 23.663779899940423 22.540447386666422
-135.5 23.662016600772205 22.53909069755388
-135.00000000000006 23.66023831758617 22.537740237589134
-134.5 23.6584872116487 22.536401852553286
-134.0 23.65673778687775 22.53507673610124
-133.50000000000006 23.65499204285777 22.533733234137443
-133.0 23.653261798203307 22.532406038778532
-132.5 23.651540534527527 22.531089014316382
-132.00000000000006 23.649836125456297 22.529776986140703
-131.5 23.648131882355642 22.52846113376698
-131.0 23.646447533854985 22.527157311709715
-130.50000000000006 23.644755013029595 22.52584930754415
-130.0 23.64306859623207 22.52454927002022
-129.5 23.641394391222683 22.52325423399364
-129.00000000000006 23.63972066342797 22.521959585757322
-128.5 23.638053100415362 22.520673385258114
-128.0 23.636391672866868 22.519385315649014
-127.50000000000006 23.634745890911198 22.51809748954016
-127.0 23.633082618484117 22.51681880374211
-126.5 23.631438051596593 22.515548060684367
-126.00000000000006 23.629780894293066 22.514268720929707
-125.5 23.62814089837083 22.51299797850319
-125.0 23.62651750739518 22.51173648900236
-124.50000000000006 23.624907245375685 22.510470155609035
-124.0 23.62326572874419 22.509215453157694
-123.5 23.621655190035828 22.507965986072666
-123.00000000000006 23.620052070941043 22.50671058149027
-122.5 23.618439680408866 22.505456998812058
-122.0 23.616838145625092 22.504214151945433
-121.50000000000006 23.615244843877484 22.50298174353038
-121.0 23.613656353065622 22.501744369793578
-120.5 23.612084338101916 22.50050545779117
-120.00000000000006 23.61051182396779 22.499282781136625
-119.5 23.608933052646268 22.49805008963684
-119.0 23.607366602207676 22.496831540858715
-118.50000000000006 23.60581899497696 22.495611190411367
-118.0 23.6042606212133 22.494400551597717
-117.5 23.60271398099563 22.493191984724696
-117.00000000000006 23.601178714839865 22.491973723468742
-116.5 23.599650926085204 22.490771701488587
-116.0 23.598129442625297 22.489583173195392
-115.50000000000006 23.596614522672695 22.48838538817603
-115.0 23.595091467830258 22.487183751726313
-114.5 23.593573180103057 22.4860006999212
-114.00000000000006 23.5920846000313 22.484825726928403
-113.5 23.590584891359253 22.483640062164937
-113.0 23.589109054923973 22.482469330196896
-112.50000000000006 23.587627811969444 22.48129534276162
-112.0 23.586163059703313 22.480131447412354
-111.5 23.584699324377752 22.478970768327628
-111.00000000000006 23.583229571125123 22.477811886283604
-110.5 23.58179308828573 22.476649221276197
-110.0 23.58034870897662 22.47550033599444
-109.50000000000006 23.57891152659751 22.474347629958803
-109.0 23.577478045430887 22.473205236203036
-108.5 23.576051506781745 22.47206943096834
-108.00000000000006 23.574646334283052 22.470940172031817
-107.5 23.57323447814277 22.46980545445952
-107.0 23.5718449705565 22.468681734820358
-106.50000000000006 23.57046251010943 22.467553964199034
-106.0 23.56906039371008 22.46644455388362
-105.5 23.56768867589661 22.46531877453873
-105.00000000000006 23.566308778176918 22.46421700816235
-104.5 23.56495549020833 22.463110260923564
-104.0 23.563602487601756 22.46201874344076
-103.50000000000006 23.56225785581788 22.460915980906012
-103.0 23.56091936537979 22.459831045263105
-102.5 23.55958593889976 22.458738905828906
-102.00000000000006 23.558267186735343 22.457655491934624
-101.5 23.556954880046128 22.456579773651825
-101.0 23.55564713536991 22.455499848374902
-100.50000000000006 23.554349649667845 22.45443217511522
-100.0 23.55306127609865 22.453365629474366
-99.5 23.551787501747068 22.452302964606965
-99.00000000000006 23.55051035458684 22.451251872393343
-98.5 23.54924494822835 22.45019671115926
-98.0 23.547995593543458 22.4491520978632
-97.50000000000006 23.546746442979117 22.448109478314823
-97.0 23.545505033226505 22.447073937976842
-96.5 23.544270640078388 22.446038537989523
-96.00000000000006 23.543066246370053 22.445003078169897
-95.5 23.541837184245736 22.443983403515027
-95.0 23.540632568837214 22.442963252481402
-94.50000000000006 23.539451449322787 22.441947918353073
-94.0 23.538252349015856 22.440936250562146
-93.5 23.53706768652756 22.439931431179467
-93.00000000000006 23.535888742809576 22.438923259460722
-92.5 23.534719206071998 22.437917432764642
-92.0 23.53354706472849 22.436929098972087
-91.50000000000006 23.532389642399174 22.4359261609416
-91.0 23.531240500359498 22.434933048709645
-90.5 23.530091871741053 22.433951679419618
-90.00000000000006 23.528933428531428 22.432960858276708
-89.5 23.527802814335246 22.43198310326724
-89.0 23.526684474464446 22.43100944241011
-88.50000000000006 23.525556755760807 22.430038861568132
-88.0 23.524430509172554 22.4290749351131
-87.5 23.52333579403779 22.428102505649893
-87.00000000000006 23.52222810849742 22.42714262333176
-86.5 23.521133276754295 22.42618412710057
-86.0 23.520036501496556 22.425229018997328
-85.50000000000006 23.518957073072343 22.42428157337049
-85.0 23.517882593239833 22.42333294002121
-84.5 23.516803852226932 22.422390436291828
-84.00000000000006 23.51573581326678 22.421449741764686
-83.5 23.514677013205393 22.420517191094426
-83.0 23.513620743078732 22.41958118667016
-82.50000000000006 23.51257681049832 22.418660452434406
-82.0 23.511532539254944 22.417727983956134
-81.5 23.510503624590417 22.41680874407523
-81.00000000000006 23.509487210644547 22.415896215857984
-80.5 23.50846227888626 22.414972268376555
-80.0 23.507448991754206 22.41406714997998
-79.50000000000006 23.506449810277495 22.413161874030813
-79.0 23.50544095704131 22.412263045314702
-78.5 23.504447793254457 22.411357947558518
-78.00000000000006 23.503453802964565 22.410465650396816
-77.5 23.502469321633246 22.409581885121792
-77.0 23.501489585484073 22.408690511581376
-76.50000000000006 23.500534398381028 22.407807906552645
-76.0 23.499567575023104 22.406932230823262
-75.5 23.498612598738312 22.406049647142787
-75.00000000000006 23.497668613398183 22.405181198950018
-74.5 23.496713438897878 22.404312790758677
-74.0 23.495789106291525 22.403449318140535
-73.50000000000006 23.49485485971808 22.402586177793857
-73.0 23.493937725821045 22.40172952719236
-72.5 23.493023481077955 22.400875948842113
-72.00000000000006 23.492104795235925 22.400026994412435
