FastTrWP/PhaseSpace/IAs/snIa_0.56_30.00_-1.12_-0.12.csv
# %ECSV 0.9
# ---
# datatype:
# - {name: time-rel, datatype: float64}
# - {name: g, datatype: float64}
# - {name: i, datatype: float64}
# schema: astropy-2.0
time-rel g i
[from data line 866]
622.7083333333334 23.25412026390062 22.467683913629134
623.2083333333334 23.25494791691837 22.46712253395765
623.7083333333334 23.255802408885597 22.466570832416835
624.2083333333334 23.25663482976926 22.466017385305737
624.7083333333334 23.257479173300077 22.46546030939951
625.2083333333334 23.258329659581648 22.4649133293539
625.7083333333334 23.259163606226203 22.46437068806739
626.2083333333334 23.260033998819537 22.46382731689372
626.7083333333334 23.260886287074392 22.463285023460653
627.2083333333334 23.26174977614729 22.462763250764446
627.7083333333334 23.262611974711163 22.462228534928418
628.2083333333334 23.263481765271187 22.461696505698605
628.7083333333334 23.264348940782703 22.461169563666182
629.2083333333334 23.265231577749688 22.460646433043202
629.7083333333334 23.266108898395128 22.46013163215784
630.2083333333334 23.26700057948856 22.459615211051208
630.7083333333334 23.267886605628686 22.459102068818385
631.2083333333334 23.268768698161296 22.45859035132638
631.7083333333334 23.26966371485017 22.45808186112832
632.2083333333334 23.270565276611972 22.457585379136454
632.7083333333334 23.271468578868777 22.45708119011202
633.2083333333334 23.272375864457864 22.456585923929417
633.7083333333334 23.27328034681984 22.456092404159662
634.2083333333334 23.274198580709037 22.45559968106878
634.7083333333334 23.275107109645692 22.455116894578463
635.2083333333334 23.27603625729054 22.45463436593548
635.7083333333334 23.276944405651484 22.454153085457918
636.2083333333334 23.27789050569042 22.45367349106295
636.7083333333334 23.278813788721227 22.453199895591357
637.2083333333334 23.27974847283351 22.452731592342083
637.7083333333334 23.280681426350114 22.452266134812724
638.2083333333334 23.281630755165878 22.451801786837482
638.7083333333334 23.282585380442967 22.451342039636394
639.2083333333334 23.28354548648146 22.450880574662758
639.7083333333334 23.28448688472509 22.450424026381164
640.2083333333334 23.28544929624067 22.449975761178685
640.7083333333334 23.28641251690843 22.449527592171737
641.2083333333334 23.287373912117744 22.449086294585552
641.7083333333334 23.288349094259043 22.44864823949731
642.2083333333334 23.289311886831783 22.44821192107455
642.7083333333334 23.290301263531006 22.447776012200748
643.2083333333334 23.291277903280015 22.447348256832086
643.7083333333334 23.292258880326994 22.44691551014605
644.2083333333334 23.293253617707368 22.446492509996027
644.7083333333334 23.294249758835743 22.44607210796367
645.2083333333334 23.295248782138888 22.44565537913752
645.7083333333334 23.296249064916175 22.4452356746742
646.2083333333334 23.297246962399978 22.444832736740125
646.7083333333334 23.29826406919917 22.44443028370222
647.2083333333334 23.299275675529696 22.444023943678193
647.7083333333334 23.30029317956488 22.4436179363121
648.2083333333334 23.3013233736467 22.44322083923813
648.7083333333334 23.302337366018854 22.44282935900423
649.2083333333334 23.303375601333755 22.44243931576477
649.7083333333334 23.304416257735568 22.442056957649893
650.2083333333334 23.30543834780522 22.4416709579228
650.7083333333334 23.30648371696278 22.44129515927409
651.2083333333334 23.307539016914568 22.440909219137005
651.7083333333334 23.308583627082406 22.44054456043351
652.2083333333334 23.309639546397104 22.44017794862276
652.7083333333334 23.310697046371267 22.43980893278941
653.2083333333334 23.31177205311554 22.439447016696356
653.7083333333334 23.312829880978736 22.43908639290855
654.2083333333334 23.313905720277276 22.438735838591185
654.7083333333334 23.314976133728763 22.438383793396067
655.2083333333334 23.31604933999989 22.43802563126969
655.7083333333334 23.317141327348082 22.437681423044392
656.2083333333334 23.318231990930656 22.437344294082816
656.7083333333334 23.31932938468857 22.437013773746678
657.2083333333334 23.32041196225269 22.436670326966556
657.7083333333334 23.321518878860836 22.43634532330966
658.2083333333334 23.322619332679263 22.43602491620625
658.7083333333334 23.32372312749349 22.435696373597853
659.2083333333334 23.32484763988598 22.43537836768279
659.7083333333334 23.325961805864868 22.435059283116633
660.2083333333334 23.327084769765708 22.43474564929469
660.7083333333334 23.328214798419744 22.434439792977557
661.2083333333334 23.32935030689655 22.43412809227877
661.7083333333334 23.330492819202963 22.433835856494003
662.2083333333334 23.331638802886985 22.43353429483296
662.7083333333334 23.332796609228378 22.433242389505637
663.2083333333334 23.33394171413259 22.432954901937173
663.7083333333334 23.335106931108154 22.43267070638357
664.2083333333334 23.33627612332901 22.43238896484621
664.7083333333334 23.33744547391436 22.432112651276775
665.2083333333334 23.33862845921815 22.431832413083125
665.7083333333334 23.33980799688572 22.431565276048108
666.2083333333334 23.340996392836498 22.431296821259643
666.7083333333334 23.342190993101294 22.431032393538345
667.2083333333334 23.343395669488572 22.430774302594646
667.7083333333334 23.34459098889207 22.430523927637452
668.2083333333334 23.345808365911196 22.430265986061197
668.7083333333334 23.347019468513793 22.430014998902127
669.2083333333334 23.348243077602216 22.42977448404909
669.7083333333334 23.349465137147387 22.429523649523745
670.2083333333334 23.35068946496706 22.429290476665322
670.7083333333334 23.351918429478268 22.42904897550824
671.2083333333334 23.353164281637156 22.42882244675767
671.7083333333334 23.354400337894337 22.4285922307037
672.2083333333334 23.355641308784634 22.428363534712872
672.7083333333334 23.356905219507244 22.42814355014513
673.2083333333334 23.35815339948363 22.427915398982403
673.7083333333334 23.359424365335364 22.427707739586854
674.2083333333334 23.36068779913972 22.42749157264225
674.7083333333334 23.36195979514535 22.427283249992982
675.2083333333334 23.363218339121865 22.427075421544863
675.7083333333334 23.364510690165005 22.42686743123409
676.2083333333334 23.365792668261204 22.42667133490351
676.7083333333334 23.367081134859482 22.426469323237743
677.2083333333334 23.368375212995108 22.426281432868297
677.7083333333334 23.369661808154856 22.42608660484775
678.2083333333334 23.370963255080376 22.425899932738155
678.7083333333334 23.37226934997979 22.425703446855685
679.2083333333334 23.373581386594473 22.42552756095011
679.7083333333334 23.37490153524742 22.42534998208653
680.2083333333334 23.376207832431124 22.425167042905475
680.7083333333334 23.37751853513725 22.425000824912452
681.2083333333334 23.378853238831194 22.424824303516804
681.7083333333334 23.380174988139505 22.424655900115276
682.2083333333334 23.38150586161329 22.424485801470443
682.7083333333334 23.382837654186165 22.424323250846705
683.2083333333334 23.384172089464602 22.424167140241302
683.7083333333334 23.38553407660603 22.424001122389477
684.2083333333334 23.386864338449517 22.42383906534834
684.7083333333334 23.388219570730392 22.42369509352304
685.2083333333334 23.38957727570145 22.42354224097944
685.7083333333334 23.390922894023266 22.42339404360373
686.2083333333334 23.392287547085196 22.42325359451572
686.7083333333334 23.393655692757896 22.42310929271625
687.2083333333334 23.395017008869207 22.422960564669655
687.7083333333334 23.396383043556902 22.422826379016026
688.2083333333334 23.397766425535423 22.422685598973608
688.7083333333334 23.399138876434588 22.422559146500607
689.2083333333334 23.40051449733251 22.422422490322344
689.7083333333334 23.40190586801951 22.42229831161429
690.2083333333334 23.403278094373178 22.422167036013825
690.7083333333334 23.40466712203056 22.422039563517387
691.2083333333334 23.406055218104648 22.421926086436393
691.7083333333334 23.40745510247739 22.42180784644736
692.2083333333334 23.408846030959904 22.421678634419337
692.7083333333334 23.410236760683347 22.4215693729828
693.2083333333334 23.411647692920248 22.421459045776388
693.7083333333334 23.413049440274246 22.42134029364989
694.2083333333334 23.41445391672775 22.421231195439326
694.7083333333334 23.415863393394076 22.42113118590179
695.2083333333334 23.41728599348911 22.42102569421382
695.7083333333334 23.418694290525064 22.420918041574712
696.2083333333334 23.420107374582642 22.4208171937854
