FastTrWP/PhaseSpace/IAs/snIa_0.51_30.00_0.49_0.03.csv
# %ECSV 0.9
# ---
# datatype:
# - {name: time-rel, datatype: float64}
# - {name: g, datatype: float64}
# - {name: i, datatype: float64}
# schema: astropy-2.0
time-rel g i
[from data line 286]
290.7083333333333 24.58735716806393 23.43389224285032
291.2083333333333 24.582812888187817 23.43069383845875
291.7083333333333 24.578258628663292 23.42748871438683
292.2083333333333 24.57371625250298 23.42430035804827
292.7083333333333 24.569168742258327 23.421116145224605
293.2083333333333 24.56467483467929 23.417940261768628
293.7083333333333 24.560131080363533 23.414777714193868
294.2083333333333 24.555649153896727 23.41162930403451
294.7083333333333 24.55116105600279 23.408463475800577
295.2083333333333 24.54668736392305 23.405320399294574
295.7083333333333 24.542201719040833 23.402183478768187
296.2083333333333 24.537740559485286 23.399046772778608
296.7083333333333 24.533314008324744 23.395923169180048
297.2083333333333 24.52884361949551 23.392803280154368
297.7083333333333 24.524419233931525 23.389705935867042
298.2083333333333 24.520020815528266 23.386601320146113
298.7083333333333 24.515626110854484 23.38350988332101
299.2083333333333 24.511208999205767 23.380426381900428
299.7083333333333 24.50682945740818 23.377350082599143
300.2083333333333 24.502460950565098 23.374279244562622
300.7083333333333 24.49808404887683 23.37122008945863
301.2083333333333 24.49373441396242 23.368168958593305
301.7083333333333 24.48936635607746 23.365127084799738
302.2083333333333 24.485052684838728 23.362090786782197
302.7083333333333 24.480731664802672 23.35905856109267
303.2083333333333 24.476442310391562 23.356036667080854
303.7083333333333 24.47212754852936 23.35302164402723
304.2083333333333 24.46783170099352 23.350016741139275
304.7083333333333 24.46355776857984 23.34701257963105
305.2083333333333 24.459268248571185 23.3440164757086
305.7083333333333 24.455011271432756 23.341023611911833
306.2083333333333 24.450750951525592 23.33805433953994
306.7083333333333 24.44650996017939 23.335089844040656
307.2083333333333 24.442284181201728 23.3321184559805
307.7083333333333 24.438045846150715 23.32916006197182
308.2083333333333 24.433825543796885 23.326194127284307
308.7083333333333 24.429624630990205 23.32325813532602
309.2083333333333 24.425441114145492 23.32031683843025
309.7083333333333 24.421240560422035 23.31737841709762
310.2083333333333 24.417051974538143 23.314455398154355
310.7083333333333 24.412882795264245 23.311534972567443
311.2083333333333 24.4087108400567 23.308628559504218
311.7083333333333 24.40456729248527 23.305721686344448
312.2083333333333 24.400393597402754 23.30282215188738
312.7083333333333 24.396277116444402 23.299926123628296
313.2083333333333 24.39215799129796 23.297043744996824
313.7083333333333 24.388036816800337 23.294167846651735
314.2083333333333 24.383913315041315 23.291278780224122
314.7083333333333 24.379807589672268 23.288409426183847
315.2083333333333 24.37571180944665 23.285549930775584
315.7083333333333 24.371626950093535 23.28268461219573
316.2083333333333 24.367547387012138 23.279841661647424
316.7083333333333 24.36348259502724 23.27699387213192
317.2083333333333 24.359408829718436 23.274154758121778
317.7083333333333 24.35536720022111 23.271325042229712
318.2083333333333 24.351312655124385 23.26848931915796
318.7083333333333 24.347266391785443 23.265664417243833
319.2083333333333 24.343236571877007 23.262841638989606
319.7083333333333 24.33920695895411 23.260035190431147
320.2083333333333 24.335180372047695 23.257224680490474
320.7083333333333 24.33117074766813 23.254429328340528
321.2083333333333 24.327180576869996 23.251632415680504
321.7083333333333 24.323175403377427 23.248834180992933
322.2083333333333 24.31919603227672 23.2460531960643
322.7083333333333 24.31521480836922 23.24327408099525
323.2083333333333 24.311231945943828 23.240493393113223
323.7083333333333 24.307262714877318 23.23772602693805
324.2083333333333 24.303305655884124 23.23496624434209
324.7083333333333 24.299349014366193 23.2321934473357
325.2083333333333 24.29540950206067 23.229440233387088
325.7083333333333 24.291461852743808 23.226701895246574
326.2083333333333 24.287523064993213 23.223943232519208
326.7083333333333 24.283611970515064 23.22120150906511
327.2083333333333 24.279689796035292 23.218468440771908
327.7083333333333 24.275793644501086 23.215742363832522
328.2083333333333 24.271877238322126 23.213015439918685
328.7083333333333 24.267984892894514 23.210294255226486
329.2083333333333 24.264089708840444 23.207570333272976
329.7083333333333 24.260202288083825 23.204870317061296
330.2083333333333 24.25631792717066 23.20216091075917
330.7083333333333 24.2524465415321 23.199450621867502
331.2083333333333 24.24858045900669 23.196762343185604
331.7083333333333 24.244719946202224 23.194065960342062
332.2083333333333 24.24086234319017 23.191374130431978
332.7083333333333 24.237017452672376 23.18869041444012
333.2083333333333 24.23316193661069 23.185993569627556
333.7083333333333 24.229354519935455 23.18333220709259
334.2083333333333 24.225517583679597 23.180655687740867
334.7083333333333 24.221697178264556 23.177998856487907
335.2083333333333 24.21787434612301 23.17531586998733
335.7083333333333 24.21408111122618 23.172678786470833
336.2083333333333 24.210276128064802 23.170028222497166
336.7083333333333 24.206481956161788 23.1673863351332
337.2083333333333 24.20271236386782 23.164744971982486
337.7083333333333 24.198928335785375 23.162109910300433
338.2083333333333 24.195174667009532 23.15946883885333
338.7083333333333 24.19138182565073 23.156843951206284
339.2083333333333 24.187647089940757 23.154229559883298
339.7083333333333 24.183877158960307 23.151620558459655
340.2083333333333 24.180142370965857 23.149005544168503
340.7083333333333 24.17640018616772 23.14639446843048
341.2083333333333 24.17267762732227 23.143791600982723
341.7083333333333 24.16895847995505 23.141195880150725
342.2083333333333 24.16524311412209 23.13860542294531
342.7083333333333 24.161527197731143 23.136013118923305
343.2083333333333 24.15781033055236 23.13343387798708
343.7083333333333 24.154125575055552 23.13085723177567
344.2083333333333 24.150428446315956 23.128280084543967
344.7083333333333 24.14673622994547 23.125717702162657
345.2083333333333 24.14306684116289 23.123148132492876
345.7083333333333 24.139381072977724 23.120583809781827
346.2083333333333 24.1357328639496 23.118034323297444
346.7083333333333 24.13207258826465 23.115467498260948
347.2083333333333 24.12840488862002 23.112931556080394
347.7083333333333 24.124763297248876 23.110385970033676
348.2083333333333 24.12112615363292 23.10784750324896
348.7083333333333 24.11749971589943 23.10531084128153
349.2083333333333 24.11385367169222 23.10277610434717
349.7083333333333 24.110227135875174 23.100251787065655
350.2083333333333 24.106601945478253 23.097732155300392
350.7083333333333 24.103000157807784 23.095196208494254
351.2083333333333 24.099380744729398 23.092691437910492
351.7083333333333 24.09580301769688 23.090184485509514
352.2083333333333 24.092209483504664 23.08768679404435
352.7083333333333 24.08860922941451 23.085173353646283
353.2083333333333 24.08503235240522 23.082678678138905
353.7083333333333 24.081455946791518 23.080176517121966
354.2083333333333 24.077870250339473 23.077690753936935
354.7083333333333 24.074304519676897 23.075201455600308
355.2083333333333 24.070745268112837 23.072727974050203
355.7083333333333 24.067205208075038 23.07023800083348
356.2083333333333 24.06364921371969 23.067773450364406
356.7083333333333 24.060115762441 23.065295249238822
357.2083333333333 24.056555907774815 23.062826986192327
357.7083333333333 24.05301326530197 23.0603636507037
358.2083333333333 24.049507261153032 23.057902258762248
358.7083333333333 24.045971040358772 23.05543988421805
359.2083333333333 24.0424514710242 23.05299072725283
359.7083333333333 24.038942315438312 23.050534159418103
360.2083333333333 24.035452747281614 23.04808816062447
360.70833333333326 24.031942750990417 23.045652410241637
361.2083333333333 24.028438685227997 23.043209272915526
361.7083333333333 24.02495568446379 23.040776177221485
362.20833333333326 24.021461326778656 23.038327921814222
362.7083333333333 24.017977368179135 23.035913531645566
363.2083333333333 24.01450362851115 23.033496413404464
363.70833333333326 24.011026213119443 23.031074767080625
364.2083333333333 24.00756654243253 23.02864472402307
364.7083333333333 24.004100538891304 23.0262330039615
365.20833333333326 24.000659562586716 23.02381419621841
365.7083333333333 23.997193948078845 23.021406252865106
366.2083333333333 23.99374799980276 23.019008325585574
366.70833333333326 23.99029736343037 23.016609221340897
367.2083333333333 23.986875397834414 23.01420596482086
367.7083333333333 23.98344849373708 23.01181599245968
368.20833333333326 23.980014894355776 23.00940962949428
368.7083333333333 23.97658160838001 23.007028009269852
369.2083333333333 23.97317381185215 23.004636374546887
369.70833333333326 23.96973260630725 23.00225472656596
370.2083333333333 23.966315083321557 22.999867791406466
370.7083333333333 23.962880062516984 22.997475495546404
371.20833333333326 23.959447373051923 22.995079146888
371.7083333333333 23.956007015067243 22.992693020162168
372.2083333333333 23.952558803443054 22.99030661955968
372.70833333333326 23.949118226803773 22.987922790488433
373.2083333333333 23.94566513320867 22.98554054523985
373.7083333333333 23.94221446191072 22.98314725606311
374.20833333333326 23.938780852075592 22.98077313628033
374.7083333333333 23.93532996696348 22.978388436913143
375.2083333333333 23.93187777824902 22.976009235581195
375.70833333333326 23.92842538095039 22.973629438388393
376.2083333333333 23.924971777689798 22.971250850352284
376.7083333333333 23.921537659340867 22.96887112222916
377.20833333333326 23.918095959828264 22.966495238001727
377.7083333333333 23.914640841059537 22.964128371920726
378.2083333333333 23.911204143373386 22.961768004544
378.70833333333326 23.907775109901483 22.95939582092878
379.2083333333333 23.90433972478813 22.95703666793826
379.7083333333333 23.9009192314129 22.954673618235656
380.20833333333326 23.897492962751254 22.952317886860417
380.7083333333333 23.894073596890326 22.94995562953622
381.2083333333333 23.890657522176383 22.94761620552901
381.70833333333326 23.88725326800573 22.945270047416276
382.2083333333333 23.883866844665746 22.942918723090298
382.7083333333333 23.880452902078872 22.940578737116773
383.20833333333326 23.877066115316858 22.938234395462484
383.7083333333333 23.873690323801767 22.9359095056167
384.2083333333333 23.870311034396092 22.933576748467807
384.70833333333326 23.866949709323993 22.931259841621703
385.2083333333333 23.86359088756042 22.928932957240747
385.7083333333333 23.860253063591554 22.92662777286443
386.20833333333326 23.85690188700046 22.924321000910354
386.7083333333333 23.85357161731352 22.922000032769184
387.2083333333333 23.850252967007762 22.91971129124662
387.70833333333326 23.84693452186771 22.917412133633658
388.2083333333333 23.843637699795988 22.915121408863254
388.7083333333333 23.840362058079712 22.91283495529357
389.20833333333326 23.837075187295753 22.91055343901413
389.7083333333333 23.833814589138747 22.908283881733702
390.2083333333333 23.830554940463138 22.90601121844812
390.70833333333326 23.827311067834287 22.903749223884063
391.2083333333333 23.824070179616168 22.901501712445892
391.7083333333333 23.820862816226544 22.899241104197042
392.20833333333326 23.817651397645264 22.897002528394083
392.7083333333333 23.814456710670644 22.894769348769014
393.2083333333333 23.811288370085396 22.89253978179419
393.70833333333326 23.808115077542556 22.890307694764182
394.2083333333333 23.80495621815048 22.888094187026322
394.7083333333333 23.801809593687256 22.885875810262473
395.20833333333326 23.79870402431237 22.88367656646591
395.7083333333333 23.79558931458866 22.881472861098715
396.2083333333333 23.792489332097738 22.879292258383657
396.70833333333326 23.78940520956438 22.87710990476553
397.2083333333333 23.786358887482614 22.874931234033188
397.7083333333333 23.783307342314618 22.87276190002295
398.20833333333326 23.780290027501408 22.87060730254664
398.7083333333333 23.777252726926754 22.86844976790149
399.2083333333333 23.774256626696374 22.866304474841755
399.70833333333326 23.771268623252176 22.864165852791174
400.2083333333333 23.768313617717048 22.86203826095378
400.7083333333333 23.765359745960446 22.859915746033785
401.20833333333326 23.762442073727122 22.857802296357278
401.7083333333333 23.75952204863918 22.855703810337168
402.2083333333333 23.756628937438936 22.853605042076314
402.70833333333326 23.75375988037706 22.851526549321612
403.2083333333333 23.75089582000861 22.849434710052595
403.7083333333333 23.74806335181812 22.847365506640863
404.20833333333326 23.74524812941182 22.84531033757441
404.7083333333333 23.742452617918417 22.843262808965083
405.2083333333333 23.73965933325703 22.84121066745865
405.70833333333326 23.73690152635404 22.83917602357676
406.2083333333333 23.734136643243666 22.837144587166645
406.7083333333333 23.73138444133621 22.83510853233728
407.20833333333326 23.72864118491915 22.833089615497236
407.7083333333333 23.72590313398854 22.831065820251567
408.2083333333333 23.723164591407915 22.82904166247458
408.70833333333326 23.720428302816675 22.827033147219495
409.2083333333333 23.71770659010702 22.825020081408034
409.7083333333333 23.715013047197257 22.82301306009423
410.20833333333326 23.712301696340667 22.821018513389554
410.7083333333333 23.709606122160242 22.819026506478764
411.2083333333333 23.706917965523022 22.817040127219855
411.70833333333326 23.70423120852513 22.815045095184242
412.2083333333333 23.701571942073162 22.813072540991747
412.7083333333333 23.698916552448246 22.811090058187922
413.20833333333326 23.69626185260417 22.809117330777493
413.7083333333333 23.693618311931356 22.80714950640368
414.2083333333333 23.69097153850761 22.805187566385037
414.70833333333326 23.688359402817273 22.80322547413793
415.2083333333333 23.6857372644678 22.801275788913145
415.7083333333333 23.683131954579434 22.799327553447828
416.20833333333326 23.680532152523273 22.797384133424462
416.7083333333333 23.67793622727699 22.795441704831866
417.2083333333333 23.67536985504747 22.79351460285323
417.70833333333326 23.672795215138066 22.79157914428801
418.2083333333333 23.670235820812984 22.789661261318535
418.7083333333333 23.667683251841733 22.78773894206526
419.20833333333326 23.665142775375628 22.78582582783576
419.7083333333333 23.662615377923988 22.7839241653757
420.2083333333333 23.660097495364397 22.782023239097203
420.70833333333326 23.657596428724293 22.78013287839563
421.2083333333333 23.655108483045808 22.778242845071155
421.7083333333333 23.652605046900188 22.77634997535337
422.20833333333326 23.650134742139134 22.774479686421248
422.7083333333333 23.647679067161672 22.772603537067898
423.2083333333333 23.645224489831804 22.770738406873274
423.70833333333326 23.642775750081853 22.768885165139054
424.2083333333333 23.640342375681747 22.76701816312192
424.7083333333333 23.637932055981203 22.7651761219801
425.20833333333326 23.635522186857333 22.763327322269067
425.7083333333333 23.63312494828113 22.761488522830284
426.2083333333333 23.630747149351087 22.759664530339375
426.70833333333326 23.62837354817339 22.757834321204374
427.2083333333333 23.626016109400155 22.756010147245046
427.7083333333333 23.623667427455835 22.754203657511987
428.20833333333326 23.621332436418975 22.75239380002415
428.7083333333333 23.619007448669173 22.750592422314504
429.2083333333333 23.61669110489169 22.748798015454867
429.70833333333326 23.61440444220473 22.747012093987834
430.2083333333333 23.612114824081097 22.745223819178563
430.7083333333333 23.60984856185846 22.743447419363765
431.20833333333326 23.60759484629628 22.741680387535048
431.7083333333333 23.605329552746884 22.739911057717652
432.2083333333333 23.60310412130365 22.73815956757039
432.70833333333326 23.600889766266647 22.73641115530678
433.2083333333333 23.59867444299396 22.734672010060354
433.7083333333333 23.59648761795862 22.73292380262437
434.20833333333326 23.59430683315462 22.731201301691655
