FastTrWP/PhaseSpace/IAs/snIa_0.49_30.00_-1.01_0.08.csv
# %ECSV 0.9
# ---
# datatype:
# - {name: time-rel, datatype: float64}
# - {name: g, datatype: float64}
# - {name: i, datatype: float64}
# schema: astropy-2.0
time-rel g i
[from data line 2142]
697.0 25.970944885736174 23.167371153075308
697.5 25.972113796223944 23.168236858938307
698.0 25.97329712534782 23.169082140884637
698.5 25.97445812476139 23.169943465301408
699.0 25.975603373017712 23.17079300378271
699.5 25.97676653388468 23.17165372133232
700.0 25.97791935476406 23.172498359920468
700.5 25.97908565347227 23.17336491077565
701.0 25.980200305666543 23.174226420106187
701.5 25.98134283507803 23.17507169966976
702.0 25.98248657561338 23.175932172464634
702.5 25.983566389086437 23.17678837020774
703.0 25.984708649141133 23.177625445848612
703.5 25.98582065277743 23.178491482629482
704.0 25.986949602086153 23.179334629494615
704.5 25.988052674623322 23.180185769720318
705.0 25.98916229850512 23.181051315753876
705.5 25.990256602642646 23.181895070051098
706.0 25.991343134050133 23.182746248374606
706.5 25.99245980328812 23.183594997434646
707.0 25.99356331906077 23.18446307359007
707.5 25.99465968529044 23.1853127735329
708.0 25.995736354194904 23.186161069679407
708.5 25.99687239740875 23.186998135830045
709.0 25.997944547400735 23.1878655763066
709.5 25.99898656951224 23.18871793689341
710.0 26.000117622819253 23.189562353369748
710.5 26.001232816170937 23.19041533845315
711.0 26.00232579984364 23.19125581115874
711.5 26.003372694945025 23.192116778328604
712.0 26.004458643026986 23.19295996303801
712.5 26.005548172346735 23.193810431824726
713.0 26.00660798003737 23.19466832432441
713.5 26.00771165228845 23.195519030701767
714.0 26.00879247539577 23.19637007996495
714.5 26.009887674557927 23.197221975080836
715.0 26.010979355738048 23.1980650361698
715.5 26.01206585656972 23.19892063623639
716.0 26.013197643842396 23.199769820166203
716.5 26.014268366424275 23.200618177023618
717.0 26.015363105902452 23.201475604532313
717.5 26.016463688163594 23.20233287622465
718.0 26.01757666254421 23.203179159166396
718.5 26.018662889215545 23.20403037098377
719.0 26.019782236906703 23.20487436758834
719.5 26.020875453576892 23.205729824898164
720.0 26.022005149820142 23.206581917239845
720.5 26.023114853285666 23.207430461669315
721.0 26.024235746836798 23.208283974614993
721.5 26.025365905666348 23.20914228908272
722.0 26.026483012225746 23.209991867273956
722.5 26.027608969277743 23.210845875574435
723.0 26.028749393522148 23.21169908838133
723.5 26.029922012828365 23.21254857549553
724.0 26.031067963064437 23.213407015655964
724.5 26.03219665305644 23.21425697770922
725.0 26.03336501346641 23.215109861062455
725.5 26.034536538443703 23.215968041873744
726.0 26.035690273640416 23.216813961121705
726.5 26.03690032798366 23.217670956085342
727.0 26.038100556449834 23.218528348496335
727.5 26.039296726828294 23.219384107956657
728.0 26.04044845038164 23.220242707502827
728.5 26.041680794427013 23.221094924197452
729.0 26.04292143922479 23.221961491180192
729.5 26.044123027597266 23.222809791261767
730.0 26.045355098076996 23.223673857850308
730.5 26.0465782772275 23.22452793349266
731.0 26.047797533228035 23.225399374331055
731.5 26.04908696555547 23.226252774213073
732.0 26.050364443167236 23.22710047132332
732.5 26.051616250752044 23.22796855818883
733.0 26.052907003050162 23.228836735863556
733.5 26.054202387162437 23.229694773922716
734.0 26.055490440144453 23.230562087705323
734.5 26.05677328407126 23.23141032579152
735.0 26.05806980235397 23.232270679283427
735.5 26.05936898920146 23.233138760205435
736.0 26.060719014286992 23.23399495831177
736.5 26.06200174415786 23.234865551829866
737.0 26.063331057017464 23.235732436998088
737.5 26.064649910718 23.236586581700674
738.0 26.065942569488957 23.2374550211442
738.5 26.067297548389572 23.23832099117814
739.0 26.068627271255522 23.239182498245544
739.5 26.069967747067622 23.240054769060126
740.0 26.071324521682982 23.240922883835644
740.5 26.07265943638918 23.24178280489066
741.0 26.074001994575138 23.242646349845316
741.5 26.07534567520462 23.243513630960415
742.0 26.076702001117088 23.2443840869127
742.5 26.078065323047376 23.245251362927547
743.0 26.079415342265932 23.24610328172884
743.5 26.08081449578973 23.246985583771227
744.0 26.082191153411472 23.247833695306063
744.5 26.08356577821961 23.24871387867791
745.0 26.08495619864996 23.249587481345046
745.5 26.086348987511023 23.25044701777525
746.0 26.087769551394437 23.251313021108327
746.5 26.089122741347943 23.252181568398935
747.0 26.090566558768103 23.253051948076507
747.5 26.09196234279294 23.253925356622425
748.0 26.093384037638966 23.25479491279583
748.5 26.09479158293049 23.255662346203607
749.0 26.096218502739678 23.256526946524936
749.5 26.097629459890115 23.257401901864206
750.0 26.09905871422405 23.258260756201974
750.5 26.100532300476672 23.259141735303444
751.0 26.101956457033467 23.260010191161804
751.5 26.103381467440574 23.26087401646894
752.0 26.10485928594567 23.261746111930997
752.5 26.106334944657213 23.262611162167683
753.0 26.1077662103499 23.26347927278361
753.5 26.10923185363067 23.26434469954492
754.0 26.110705126009492 23.265216880744614
754.5 26.112178237793966 23.266094003571208
755.0 26.113641309941894 23.266958226339504
755.5 26.115142410865474 23.267821009304388
756.0 26.116645491173088 23.268693715126147
756.5 26.118162290152284 23.269565072922504
757.0 26.11963711630786 23.270436929413254
757.5 26.121128451792664 23.271298923987867
758.0 26.122644944402925 23.272172864545297
758.5 26.12415892602712 23.27304105852258
759.0 26.125635260505454 23.273915013693948
759.5 26.12721100979757 23.274785396239356
760.0 26.12870158392003 23.275649558056383
760.5 26.130217900481064 23.27652969170994
761.0 26.131787828787026 23.277391485723165
761.5 26.133339850547067 23.27826482682911
762.0 26.134846523755865 23.279126571600763
762.5 26.136404562261063 23.279996160303277
763.0 26.137968087272505 23.28087452713078
763.5 26.13953474346775 23.28174753469854
764.0 26.141061133395723 23.282604653836234
764.5 26.14267685941279 23.283487044361202
765.0 26.144256467588377 23.28434696395924
765.5 26.14584144203247 23.285216415650577
766.0 26.147423237694447 23.286085670443512
766.5 26.14900688506856 23.28694428410211
767.0 26.150587315609087 23.287817787678176
767.5 26.15215398215401 23.288692010857662
768.0 26.15379170845141 23.28956069837664
768.5 26.155382660719702 23.290424728146874
769.0 26.15700644440257 23.29128325062477
769.5 26.158622836587767 23.292155680402914
770.0 26.160255351451845 23.293027205077408
770.5 26.161907659242214 23.293903283702278
771.0 26.16356961059886 23.29476519827339
771.5 26.16517164852862 23.295633736135567
772.0 26.166815108426373 23.296509505876777
772.5 26.168493952866058 23.297371580316018
773.0 26.170194406767298 23.298239019256442
773.5 26.17179882160094 23.29911406128321
774.0 26.173480648037465 23.299979508440522
774.5 26.175152296689163 23.300849285676858
775.0 26.17685330090903 23.301710204310456
775.5 26.178561343962137 23.302584766728035
776.0 26.18021680000775 23.303461472076048
776.5 26.18191623335456 23.304326791119905
777.0 26.18361438158951 23.305202372418215
777.5 26.185365008259858 23.30607009272888
778.0 26.187100848906564 23.306943172373444
778.5 26.188811727501218 23.307805009979855
779.0 26.190515863927804 23.308670418787443
779.5 26.19228943521868 23.30953520966097
780.0 26.194016254610297 23.310414067517875
780.5 26.195742867742698 23.31128383241154
781.0 26.197508710182728 23.312157458405487
781.5 26.19921221641381 23.313015603125756
782.0 26.20099336684511 23.313890549062933
782.5 26.202763173274505 23.31475735639042
783.0 26.20454701611298 23.315624620869468
783.5 26.20635046334126 23.316500568431856
784.0 26.208129313646253 23.317369694888264
784.5 26.20992873481809 23.31824100326211
785.0 26.211700720233793 23.31910187336255
785.5 26.21348963958083 23.319983324227156
786.0 26.215328149740298 23.320842300609854
786.5 26.21715614317778 23.321717829413213
787.0 26.21893622278954 23.322577315024002
787.5 26.22081057383439 23.323447573853663
788.0 26.22263968242525 23.324317812089586
788.5 26.224443968973045 23.325194370938057
789.0 26.226271050968904 23.326051938128582
789.5 26.22816454913448 23.32691960871771
790.0 26.229981779806533 23.327798437054014
790.5 26.231838927088432 23.328662116405106
791.0 26.233745314896787 23.329527235095654
791.5 26.235600673935213 23.330394172316204
792.0 26.237439540716395 23.331267029045357
792.5 26.239382700232234 23.33212939912564
793.0 26.24122511810321 23.33299459501696
793.5 26.24313895115831 23.333869303717577
794.0 26.24505260219392 23.334730145813328
794.5 26.24696454134876 23.335596606487425
795.0 26.24885186832099 23.336464425433093
795.5 26.250774658999582 23.3373316121481
796.0 26.25272338052182 23.338204990446037
796.5 26.25464329864205 23.339063743208275
797.0 26.25657310676512 23.33992201017066
797.5 26.258501758435607 23.340803645591436
798.0 26.260469172393464 23.34165556210333
798.5 26.262422164506685 23.342521219638485
799.0 26.264376643823546 23.343374305882932
799.5 26.266359898377118 23.344248215400857
800.0 26.268325031107224 23.345116323566927
800.5 26.27029709799828 23.34597522623064
801.0 26.272271364394104 23.34684288484324
801.5 26.274250499129966 23.347704047708135
802.0 26.2762632551569 23.348567011013238
802.5 26.278241279468308 23.349421065824522
803.0 26.28025994616258 23.350291439811983
803.5 26.28227002175557 23.351141532575124
804.0 26.28424578812528 23.352016924330048
804.5 26.286314435824757 23.352861796934544
805.0 26.288349064770998 23.353727602642394
805.5 26.290422822847788 23.354587962122977
806.0 26.292447264083293 23.355440692166724
806.5 26.29455430537053 23.35629776699255
