FastTrWP/PhaseSpace/IAs/snIa_0.40_30.00_-1.03_0.01.csv
# %ECSV 0.9
# ---
# datatype:
# - {name: time-rel, datatype: float64}
# - {name: g, datatype: float64}
# - {name: i, datatype: float64}
# schema: astropy-2.0
time-rel g i
[from data line 2141]
678.0 25.41844955890233 23.251738970287235
678.5 25.420278858151477 23.252477602494967
679.0 25.422114436607796 23.253202392468033
679.5 25.42394805121521 23.253942813697286
680.0 25.42578915512606 23.25468115748111
680.5 25.42761702396248 23.255414446746585
681.0 25.429441779072548 23.256151586023517
681.5 25.431293259531692 23.256888147746846
682.0 25.433123640014067 23.257627650092275
682.5 25.434963859413724 23.258367108086027
683.0 25.436804966676974 23.259107107725864
683.5 25.438652761643155 23.25985094448203
684.0 25.44046507347653 23.26059901652622
684.5 25.442329657148946 23.261350052506693
685.0 25.444186988955092 23.262082119696448
685.5 25.446010218232086 23.262829980654885
686.0 25.447872514170204 23.26357459459978
686.5 25.449715908212877 23.264326784556737
687.0 25.451551673070686 23.265067401092576
687.5 25.453420194150546 23.265817411587495
688.0 25.455269736138057 23.266563837289183
688.5 25.457113287371183 23.267302672504204
689.0 25.458964008219404 23.268057315208154
689.5 25.46083940199206 23.268804310371102
690.0 25.46268646022904 23.26956492144364
690.5 25.4645332751363 23.270308756570607
691.0 25.466401310223624 23.271058638092093
691.5 25.468254107739465 23.271812536904942
692.0 25.47011153510594 23.272565366680844
692.5 25.47199112295702 23.273326121904702
693.0 25.473841971706644 23.27407177193871
693.5 25.47567623335295 23.274828052668575
694.0 25.477541632945005 23.27558106266137
694.5 25.479438381192224 23.276343893999673
695.0 25.481255016917043 23.277097256943897
695.5 25.48313806119856 23.277846914818575
696.0 25.485009646497208 23.278611736679057
696.5 25.486867295360277 23.279375076017548
697.0 25.48871255910074 23.280132357850846
697.5 25.490581065196587 23.280892577133024
698.0 25.49244626377904 23.281652935008527
698.5 25.494318363624405 23.282403623220702
699.0 25.496192899062248 23.283167886918037
699.5 25.49807091819069 23.283938263791683
700.0 25.499921598506077 23.284693157135905
700.5 25.501783714311344 23.285461890578198
701.0 25.503672819750328 23.286226437668578
701.5 25.505524539335713 23.28698187560001
702.0 25.50741417325236 23.287741922284585
702.5 25.509273234350275 23.28851645280785
703.0 25.511165447490075 23.289282734357933
703.5 25.513013747857556 23.290050847768825
704.0 25.514879457219863 23.290818954583624
704.5 25.516775940804536 23.291584060494106
705.0 25.51859579402275 23.292349101894384
705.5 25.520526268423133 23.29311928241744
706.0 25.52236751460243 23.293887282293806
706.5 25.524226368682996 23.294656396400903
707.0 25.52610529204687 23.29542592394969
707.5 25.527982058310727 23.29620035761947
708.0 25.52984740231298 23.29696570886522
708.5 25.531727029460956 23.297739592439545
709.0 25.533634537232253 23.298508862486564
709.5 25.535493645095514 23.299284442849242
710.0 25.53734730060404 23.30005153257073
710.5 25.539232201917414 23.300830038019882
711.0 25.541103995427633 23.301598704292992
711.5 25.54297461395311 23.302368452144947
712.0 25.54486348308589 23.30315334646383
712.5 25.546714646773083 23.30392353291564
713.0 25.548611479232413 23.30469778434152
713.5 25.550471696439114 23.3054788652783
714.0 25.552354896674395 23.30625788402207
714.5 25.55417724721495 23.30702922620905
715.0 25.556117214399503 23.307802806083547
715.5 25.557947326262266 23.30858266166116
716.0 25.55981072318822 23.30936617422635
716.5 25.561748850384983 23.3101433649432
717.0 25.563614669380424 23.310923059681855
717.5 25.565432964296004 23.311701354665257
718.0 25.567352548483843 23.312481538020418
718.5 25.56920951039625 23.313262592344685
719.0 25.57110580568994 23.314053549930023
719.5 25.57299190201459 23.314839376754236
720.0 25.57487522778785 23.315625355905595
720.5 25.576746203904417 23.316401503355195
721.0 25.578607658595676 23.31719632268229
721.5 25.580529461974084 23.317986904224956
722.0 25.582343624237872 23.318769215681236
722.5 25.58426450452967 23.319551015421098
723.0 25.58614190050602 23.320338103112807
723.5 25.588024502977433 23.3211253106394
724.0 25.589895296951916 23.321914937560248
724.5 25.59178641297777 23.32270793417449
725.0 25.593680606198113 23.323496953947608
725.5 25.595534229900263 23.324291256157224
726.0 25.597431308614436 23.325092558399078
726.5 25.599345240153625 23.325882701050094
727.0 25.60120489231636 23.32667385224476
727.5 25.60312213488631 23.32745664710291
728.0 25.604950419078477 23.32824705715354
728.5 25.60684246326477 23.329043433733844
729.0 25.60870442536899 23.329843983015493
729.5 25.610606143548278 23.33063719511111
730.0 25.6125045396836 23.33142826480518
730.5 25.614375878977143 23.33222513825861
731.0 25.6162602961929 23.333022121660164
731.5 25.618175387694478 23.333814661999387
732.0 25.620038915514023 23.334621963811987
732.5 25.62193645457028 23.335424880605107
733.0 25.623793685192634 23.33622133227776
733.5 25.625687712839188 23.33701435160836
734.0 25.627536884008244 23.337807763532354
734.5 25.62944617633711 23.33861844641419
735.0 25.63131442060227 23.33940770582723
735.5 25.633211278021353 23.340213955550865
736.0 25.63507504533728 23.34101479403248
736.5 25.636963145177543 23.341807932992893
737.0 25.638829336013433 23.342613020091992
737.5 25.640734882959812 23.343423038529227
738.0 25.64261586867569 23.344218822238307
738.5 25.644491675927483 23.345019527169065
739.0 25.64636627064994 23.34583413197415
739.5 25.648236323466875 23.34662320742591
740.0 25.650120782475334 23.34743691920672
740.5 25.652007696894152 23.34825075160385
741.0 25.653873653173594 23.349050617904993
741.5 25.655726575474198 23.34984406229242
742.0 25.657609186075256 23.350656621457816
742.5 25.659473191921357 23.351463404381757
743.0 25.661327002296744 23.35226782567464
743.5 25.663253502174502 23.353074963284932
744.0 25.665098733230995 23.35386982164731
744.5 25.666966823286927 23.354678548326362
745.0 25.668828875595487 23.355491729208865
745.5 25.67070285264574 23.35629641781141
746.0 25.672603203171075 23.357110809248432
746.5 25.67444368834497 23.35790977769519
747.0 25.676294764141563 23.3587167594102
747.5 25.67817181334615 23.35953820653951
748.0 25.680032946729 23.360339600402895
748.5 25.681920055478727 23.361157475612977
749.0 25.683751738687953 23.361958678376524
749.5 25.685609843911234 23.362776530912868
750.0 25.687512562477014 23.36358246332079
750.5 25.689374890672198 23.364387807148876
751.0 25.69123059903418 23.365203057957814
751.5 25.69307984801619 23.366013347106005
752.0 25.694946848844292 23.366816171531504
752.5 25.69680198884699 23.367640738342104
753.0 25.69870566431641 23.36845631733177
753.5 25.70052997112458 23.369265388891122
754.0 25.702381189414364 23.37008059042834
754.5 25.704274091697748 23.370890574175487
755.0 25.70611211708063 23.371704469630863
755.5 25.70799902971181 23.372521416754104
756.0 25.709834218679163 23.37333819418895
756.5 25.71170432620466 23.374152322195435
757.0 25.71352021222214 23.37497469304912
757.5 25.715393158870757 23.3757878306962
758.0 25.71726960062939 23.37660456677988
758.5 25.719122457262728 23.37742408755927
759.0 25.72097577286151 23.37824157202414
759.5 25.72279163863422 23.37906293127932
760.0 25.724662166000684 23.379886509975183
760.5 25.726513295951378 23.38070898640096
761.0 25.728356802323532 23.381511592077445
761.5 25.73020564809498 23.382346858658316
762.0 25.732068155600743 23.383163686388876
762.5 25.73390633896306 23.383979059862753
763.0 25.73574586085163 23.384795780953112
763.5 25.73760162106735 23.38563074112247
764.0 25.73946056877139 23.3864405649188
764.5 25.741274326789686 23.38727503948608
765.0 25.74311246799742 23.388103964202806
765.5 25.744975029207943 23.38892117186903
766.0 25.746805684740828 23.38974596314699
766.5 25.748661195251916 23.39057677124135
767.0 25.75048475488348 23.391395523630738
767.5 25.752332166705465 23.39222507182757
768.0 25.754187424183087 23.39304504434176
768.5 25.756045631295265 23.393874172620034
769.0 25.757866460822697 23.394708306473326
769.5 25.75969401720026 23.39553236801899
770.0 25.761534992155994 23.39636622406649
770.5 25.763365074495624 23.39719388394697
771.0 25.7651742899117 23.398031844242873
771.5 25.767044586475222 23.398854634915196
772.0 25.76883748516022 23.399681849437478
772.5 25.770660936888312 23.400511534267405
773.0 25.772504903484744 23.401343095799398
773.5 25.774317189565693 23.402180926103753
774.0 25.776156418725872 23.40301870790975
774.5 25.777993077690947 23.403839735397657
775.0 25.779818029997163 23.404675486118222
775.5 25.781656502941402 23.405514339266837
776.0 25.78346208832879 23.40634534194936
776.5 25.78531303896961 23.40717418144678
777.0 25.787104698076032 23.408010048657104
777.5 25.788939481758693 23.408852168414512
778.0 25.790719624897317 23.409680648551884
778.5 25.792550034357433 23.41053099606844
779.0 25.794362088487635 23.41136282385291
779.5 25.796140473202986 23.41219342017149
780.0 25.797961959638762 23.41304604305258
780.5 25.79981401509874 23.413887825748596
781.0 25.801577783116475 23.41471251082048
781.5 25.803391972847095 23.415564240685978
782.0 25.805221321915962 23.416395832428677
782.5 25.807032136133007 23.417242047418775
783.0 25.808820153149608 23.418085546377675
783.5 25.81061571653022 23.41891926039889
784.0 25.812420141910874 23.41977803923477
784.5 25.814238986361005 23.420613099687632
785.0 25.81602413938836 23.42146305530833
785.5 25.817816026144243 23.422310901430205
786.0 25.819618002720922 23.42315526836916
786.5 25.82140208766021 23.424004037681904
787.0 25.823157892864593 23.424851025512744
787.5 25.825022298671747 23.425698334648626
788.0 25.826788632856008 23.42653850635781
788.5 25.82856686809773 23.427397216827966
789.0 25.830349249357653 23.428235812249078
789.5 25.832117460599576 23.429081713850085
790.0 25.8339146529173 23.429924824115158
790.5 25.835705950268213 23.43079167669461
791.0 25.83752461928038 23.43163899045659
791.5 25.839287150114572 23.43247755858368
792.0 25.841055037026322 23.43333087193706
792.5 25.842867863057496 23.43420890652753
793.0 25.84460266214881 23.435052587290855
793.5 25.84636283361621 23.435901367581128
794.0 25.848149718429116 23.436749067393578
794.5 25.849902197946037 23.43760654108422
795.0 25.851653258178814 23.438455310501492
